date,1. open,2. high,3. low,4. close,5. volume,Ticker
2023-05-05 17:42:00,172.7,172.7,172.7,172.7,100.0,AZPN
2023-05-05 16:01:00,172.57,172.57,172.57,172.57,1986.0,AZPN
2023-05-05 16:00:00,172.69,172.88,172.51,172.82,6709.0,AZPN
2023-05-05 15:59:00,172.7,172.71,172.69,172.71,1638.0,AZPN
2023-05-05 15:58:00,172.91,172.92,172.69,172.69,4169.0,AZPN
2023-05-05 15:57:00,172.83,172.845,172.61,172.625,3058.0,AZPN
2023-05-05 15:56:00,172.83,172.83,172.83,172.83,951.0,AZPN
2023-05-05 15:55:00,173.165,173.165,172.98,172.995,1193.0,AZPN
2023-05-05 15:54:00,172.99,172.99,172.99,172.99,365.0,AZPN
2023-05-05 15:53:00,173.17,173.21,173.145,173.145,1336.0,AZPN
2023-05-05 15:49:00,173.32,173.59,173.17,173.17,1615.0,AZPN
2023-05-05 15:48:00,173.34,173.34,173.0,173.18,3196.0,AZPN
2023-05-05 15:46:00,173.34,173.4865,173.34,173.4865,491.0,AZPN
2023-05-05 15:45:00,173.49,173.49,173.49,173.49,275.0,AZPN
2023-05-05 15:43:00,173.75,173.75,173.56,173.56,2012.0,AZPN
2023-05-05 15:42:00,173.62,173.62,173.62,173.62,454.0,AZPN
2023-05-05 15:41:00,173.627,173.627,173.627,173.627,245.0,AZPN
2023-05-05 15:40:00,173.805,173.805,173.805,173.805,205.0,AZPN
2023-05-05 15:35:00,174.22,174.22,173.91,173.91,2612.0,AZPN
2023-05-05 15:34:00,173.7,174.11,173.66,174.055,5972.0,AZPN
2023-05-05 15:33:00,173.93,173.93,173.93,173.93,570.0,AZPN
2023-05-05 15:30:00,173.85,173.85,173.85,173.85,273.0,AZPN
2023-05-05 15:28:00,173.85,173.85,173.85,173.85,401.0,AZPN
2023-05-05 15:21:00,173.825,173.97,173.825,173.96,776.0,AZPN
2023-05-05 15:19:00,173.785,173.9938,173.785,173.9938,254.0,AZPN
2023-05-05 15:16:00,173.78,173.78,173.78,173.78,303.0,AZPN
2023-05-05 15:15:00,174.05,174.05,174.01,174.01,2014.0,AZPN
2023-05-05 15:06:00,174.16,174.16,173.84,173.84,1209.0,AZPN
2023-05-05 15:03:00,174.13,174.13,174.13,174.13,467.0,AZPN
2023-05-05 15:01:00,174.31,174.31,174.24,174.24,1398.0,AZPN
2023-05-05 14:59:00,174.45,174.45,174.45,174.45,271.0,AZPN
2023-05-05 14:58:00,174.63,174.63,174.63,174.63,928.0,AZPN
2023-05-05 14:56:00,174.36,174.36,174.36,174.36,801.0,AZPN
2023-05-05 14:52:00,174.21,174.21,174.21,174.21,233.0,AZPN
2023-05-05 14:50:00,174.2,174.2,174.2,174.2,235.0,AZPN
2023-05-05 14:47:00,174.2299,174.3225,174.2299,174.3225,1301.0,AZPN
2023-05-05 14:46:00,173.785,173.785,173.785,173.785,188.0,AZPN
2023-05-05 14:40:00,173.95,173.95,173.9,173.9,3378.0,AZPN
2023-05-05 14:39:00,174.085,174.085,174.085,174.085,557.0,AZPN
2023-05-05 14:28:00,173.42,173.59,173.295,173.495,1878.0,AZPN
2023-05-05 14:27:00,172.9744,172.9744,172.9744,172.9744,425.0,AZPN
2023-05-05 14:26:00,173.19,173.23,173.19,173.23,352.0,AZPN
2023-05-05 14:14:00,173.17,173.17,173.17,173.17,178.0,AZPN
2023-05-05 14:11:00,173.0,173.275,172.99,172.99,4252.0,AZPN
2023-05-05 14:08:00,171.84,172.16,171.8,172.14,3197.0,AZPN
2023-05-05 14:07:00,171.76,171.76,171.76,171.76,267.0,AZPN
2023-05-05 14:03:00,171.75,171.75,171.57,171.64,1699.0,AZPN
2023-05-05 14:00:00,171.495,171.495,171.495,171.495,170.0,AZPN
2023-05-05 13:58:00,171.29,171.29,171.29,171.29,268.0,AZPN
2023-05-05 13:57:00,171.66,171.66,171.66,171.66,350.0,AZPN
2023-05-05 13:56:00,171.32,171.32,171.32,171.32,157.0,AZPN
2023-05-05 13:54:00,171.24,171.24,171.24,171.24,119.0,AZPN
2023-05-05 13:52:00,171.3,171.3,171.3,171.3,162.0,AZPN
2023-05-05 13:46:00,171.6,171.6,171.6,171.6,723.0,AZPN
2023-05-05 13:45:00,171.26,171.26,171.26,171.26,545.0,AZPN
2023-05-05 13:43:00,171.36,171.36,171.13,171.13,1496.0,AZPN
2023-05-05 13:39:00,171.545,171.545,171.545,171.545,373.0,AZPN
2023-05-05 13:38:00,171.49,171.49,171.49,171.49,233.0,AZPN
2023-05-05 13:35:00,171.43,171.51,171.43,171.51,1392.0,AZPN
2023-05-05 13:34:00,171.24,171.3832,171.24,171.3832,1038.0,AZPN
2023-05-05 13:33:00,171.2999,171.3,171.155,171.25,1604.0,AZPN
2023-05-05 13:32:00,171.2999,171.2999,171.2999,171.2999,381.0,AZPN
2023-05-05 13:31:00,171.04,171.155,171.01,171.155,605.0,AZPN
2023-05-05 13:30:00,171.155,171.155,171.155,171.155,296.0,AZPN
2023-05-05 13:28:00,170.945,170.945,170.945,170.945,425.0,AZPN
2023-05-05 13:24:00,171.0221,171.0221,170.91,170.91,2102.0,AZPN
2023-05-05 13:20:00,171.24,171.24,171.24,171.24,119.0,AZPN
2023-05-05 13:14:00,171.4259,171.4259,171.4259,171.4259,169.0,AZPN
2023-05-05 13:09:00,171.24,171.24,171.24,171.24,291.0,AZPN
2023-05-05 13:04:00,171.24,171.24,170.95,170.95,1839.0,AZPN
2023-05-05 13:01:00,171.41,171.41,171.41,171.41,267.0,AZPN
2023-05-05 13:00:00,171.41,171.41,171.41,171.41,468.0,AZPN
2023-05-05 12:57:00,171.36,171.36,171.36,171.36,297.0,AZPN
2023-05-05 12:54:00,171.56,171.56,171.56,171.56,841.0,AZPN
2023-05-05 12:49:00,171.62,171.62,170.95,170.95,1286.0,AZPN
2023-05-05 12:47:00,171.97,172.04,171.97,172.04,1011.0,AZPN
2023-05-05 12:45:00,171.75,171.75,171.53,171.53,648.0,AZPN
2023-05-05 12:41:00,172.49,172.5,172.23,172.23,2788.0,AZPN
2023-05-05 12:32:00,172.769,172.769,172.769,172.769,246.0,AZPN
2023-05-05 12:28:00,172.54,172.54,172.53,172.53,1602.0,AZPN
2023-05-05 12:27:00,172.81,172.81,172.81,172.81,266.0,AZPN
2023-05-05 12:26:00,172.94,172.94,172.825,172.825,797.0,AZPN
2023-05-05 12:17:00,172.6,172.6,172.52,172.52,733.0,AZPN
2023-05-05 12:02:00,172.335,172.45,172.29,172.45,1635.0,AZPN
2023-05-05 11:49:00,172.625,172.6568,172.4,172.6568,399.0,AZPN
2023-05-05 11:42:00,172.71,172.9,172.67,172.89,1487.0,AZPN
2023-05-05 11:29:00,172.67,173.04,172.54,172.54,2124.0,AZPN
2023-05-05 11:28:00,172.56,172.56,172.56,172.56,153.0,AZPN
2023-05-05 11:27:00,173.09,173.11,172.71,172.71,3834.0,AZPN
2023-05-05 11:23:00,173.5221,173.5221,173.5221,173.5221,147.0,AZPN
2023-05-05 11:17:00,173.57,173.57,173.57,173.57,261.0,AZPN
2023-05-05 11:15:00,173.5,173.5,173.5,173.5,361.0,AZPN
2023-05-05 11:12:00,173.165,173.165,173.165,173.165,276.0,AZPN
2023-05-05 11:10:00,173.33,173.33,172.76,172.76,1209.0,AZPN
2023-05-05 11:07:00,174.41,174.41,173.69,173.69,2594.0,AZPN
2023-05-05 11:02:00,174.5,174.6,174.235,174.53,2315.0,AZPN
2023-05-05 10:59:00,174.22,174.22,174.22,174.22,268.0,AZPN
2023-05-05 10:55:00,174.52,174.52,174.52,174.52,215.0,AZPN
2023-05-05 10:49:00,173.75,174.11,173.75,174.02,2505.0,AZPN
2023-05-05 10:48:00,174.96,174.96,173.7,173.7,4346.0,AZPN
2023-05-05 10:44:00,175.07,175.07,174.74,174.74,648.0,AZPN
2023-05-05 10:40:00,173.9,174.43,173.9,174.43,790.0,AZPN
2023-05-05 10:37:00,173.75,173.9,173.75,173.9,1313.0,AZPN
2023-05-05 10:35:00,173.34,173.34,173.29,173.33,350.0,AZPN
2023-05-05 10:32:00,172.4,172.68,172.275,172.68,537.0,AZPN
2023-05-05 10:31:00,171.72,172.12,171.72,171.96,2082.0,AZPN
2023-05-05 10:30:00,171.01,171.68,170.65,171.68,2259.0,AZPN
2023-05-05 10:29:00,172.03,172.03,170.69,170.69,2772.0,AZPN
2023-05-05 10:28:00,172.04,172.04,172.04,172.04,100.0,AZPN
2023-05-05 10:27:00,172.415,172.45,172.415,172.45,328.0,AZPN
2023-05-05 10:26:00,172.345,172.395,171.94,172.395,498.0,AZPN
2023-05-05 10:25:00,173.12,173.12,172.0,172.0,2469.0,AZPN
2023-05-05 10:24:00,173.295,173.3,173.295,173.3,476.0,AZPN
2023-05-05 10:22:00,173.75,173.75,173.68,173.68,860.0,AZPN
2023-05-05 10:21:00,174.04,174.04,173.67,173.67,8042.0,AZPN
2023-05-05 10:18:00,174.3345,174.3345,174.3345,174.3345,249.0,AZPN
2023-05-05 10:17:00,174.9325,174.9325,174.18,174.18,3844.0,AZPN
2023-05-05 10:16:00,174.75,174.9325,174.75,174.9325,398.0,AZPN
2023-05-05 10:14:00,174.7628,174.7628,174.55,174.55,859.0,AZPN
2023-05-05 10:11:00,174.545,175.37,174.36,174.625,5338.0,AZPN
2023-05-05 10:05:00,174.59,174.59,173.81,173.86,1859.0,AZPN
2023-05-05 09:57:00,174.5077,174.5077,174.5077,174.5077,203.0,AZPN
2023-05-05 09:55:00,175.36,175.36,175.36,175.36,271.0,AZPN
2023-05-05 09:54:00,175.5,176.145,175.5,175.54,2991.0,AZPN
2023-05-05 09:53:00,176.49,177.22,175.49,175.49,1929.0,AZPN
2023-05-05 09:52:00,177.075,177.101,177.07,177.07,1273.0,AZPN
2023-05-05 09:51:00,176.51,177.48,176.51,177.48,1256.0,AZPN
2023-05-05 09:50:00,176.41,176.41,176.25,176.25,1093.0,AZPN
2023-05-05 09:49:00,175.97,176.36,175.97,176.36,534.0,AZPN
2023-05-05 09:48:00,176.17,176.22,176.17,176.22,637.0,AZPN
2023-05-05 09:47:00,175.31,175.77,175.31,175.535,2490.0,AZPN
2023-05-05 09:46:00,174.56,174.56,174.56,174.56,131.0,AZPN
2023-05-05 09:44:00,174.38,174.74,173.73,174.74,1770.0,AZPN
2023-05-05 09:42:00,173.81,173.95,173.75,173.75,590.0,AZPN
2023-05-05 09:41:00,173.34,173.34,173.34,173.34,312.0,AZPN
2023-05-05 09:40:00,173.32,173.32,173.32,173.32,486.0,AZPN
2023-05-05 09:39:00,173.09,173.685,173.04,173.2,861.0,AZPN
2023-05-05 09:37:00,174.29,174.29,174.29,174.29,233.0,AZPN
2023-05-05 09:35:00,173.4627,173.4627,173.4627,173.4627,278.0,AZPN
2023-05-05 09:34:00,175.23,175.23,175.23,175.23,261.0,AZPN
2023-05-05 09:33:00,173.0,175.19,173.0,175.0,1986.0,AZPN
2023-05-05 09:32:00,172.99,172.99,172.98,172.98,402.0,AZPN
2023-05-05 09:31:00,169.5,172.22,169.5,171.3572,8389.0,AZPN
2023-05-05 07:31:00,165.99,165.99,165.99,165.99,428.0,AZPN
2023-05-04 16:01:00,164.06,164.06,164.06,164.06,2081.0,AZPN
2023-05-04 16:00:00,164.09,164.29,164.04,164.14,8207.0,AZPN
2023-05-04 15:59:00,164.2,164.33,164.11,164.17,4607.0,AZPN
2023-05-04 15:58:00,163.935,164.07,163.935,164.07,3312.0,AZPN
2023-05-04 15:57:00,163.915,163.935,163.915,163.935,1619.0,AZPN
2023-05-04 15:56:00,163.795,164.0,163.78,163.92,3331.0,AZPN
2023-05-04 15:55:00,163.835,163.835,163.805,163.805,1286.0,AZPN
2023-05-04 15:54:00,163.905,164.08,163.81,163.84,2277.0,AZPN
2023-05-04 15:53:00,163.74,163.96,163.57,163.905,3206.0,AZPN
2023-05-04 15:52:00,163.48,163.65,163.48,163.56,1484.0,AZPN
2023-05-04 15:51:00,163.84,163.84,163.57,163.57,917.0,AZPN
2023-05-04 15:50:00,164.085,164.09,163.905,163.91,1309.0,AZPN
2023-05-04 15:49:00,164.21,164.21,164.05,164.05,662.0,AZPN
2023-05-04 15:48:00,164.14,164.17,164.13,164.17,1176.0,AZPN
2023-05-04 15:47:00,163.805,164.19,163.805,164.12,2438.0,AZPN
2023-05-04 15:46:00,163.89,163.91,163.835,163.835,948.0,AZPN
2023-05-04 15:45:00,164.185,164.185,164.185,164.185,317.0,AZPN
2023-05-04 15:44:00,164.475,164.475,164.16,164.165,975.0,AZPN
2023-05-04 15:43:00,164.38,164.4,164.38,164.39,1130.0,AZPN
2023-05-04 15:40:00,164.585,164.585,164.575,164.575,359.0,AZPN
2023-05-04 15:39:00,164.455,164.485,164.45,164.485,614.0,AZPN
2023-05-04 15:38:00,164.29,164.53,164.29,164.5,1192.0,AZPN
2023-05-04 15:36:00,163.74,164.3,163.74,164.22,2206.0,AZPN
2023-05-04 15:35:00,163.72,163.72,163.475,163.695,985.0,AZPN
2023-05-04 15:34:00,163.74,163.74,163.6,163.725,1404.0,AZPN
2023-05-04 15:31:00,164.05,164.05,164.03,164.03,1567.0,AZPN
2023-05-04 15:29:00,164.105,164.2,164.065,164.2,777.0,AZPN
2023-05-04 15:28:00,164.035,164.18,164.03,164.17,686.0,AZPN
2023-05-04 15:27:00,163.515,164.04,163.515,164.04,1393.0,AZPN
2023-05-04 15:26:00,162.885,163.405,162.885,163.405,1658.0,AZPN
2023-05-04 15:25:00,162.645,162.665,162.645,162.665,573.0,AZPN
2023-05-04 15:24:00,162.2,162.67,162.2,162.67,1512.0,AZPN
2023-05-04 15:23:00,162.515,162.515,162.165,162.165,1997.0,AZPN
2023-05-04 15:22:00,162.505,162.505,162.505,162.505,262.0,AZPN
2023-05-04 15:21:00,162.67,162.67,162.67,162.67,123.0,AZPN
2023-05-04 15:19:00,162.37,162.64,162.37,162.575,1877.0,AZPN
2023-05-04 15:17:00,162.4,162.4,162.4,162.4,230.0,AZPN
2023-05-04 15:16:00,162.43,162.43,162.43,162.43,352.0,AZPN
2023-05-04 15:15:00,162.45,162.45,162.45,162.45,140.0,AZPN
2023-05-04 15:14:00,162.44,162.44,162.22,162.22,432.0,AZPN
2023-05-04 15:13:00,162.7,162.7,162.7,162.7,380.0,AZPN
2023-05-04 15:11:00,162.72,162.72,162.72,162.72,116.0,AZPN
2023-05-04 15:10:00,162.805,162.805,162.65,162.69,869.0,AZPN
2023-05-04 15:09:00,162.795,162.795,162.795,162.795,117.0,AZPN
2023-05-04 15:08:00,162.97,162.97,162.835,162.835,960.0,AZPN
2023-05-04 15:06:00,162.825,162.83,162.825,162.83,300.0,AZPN
2023-05-04 15:03:00,162.78,162.78,162.78,162.78,317.0,AZPN
2023-05-04 15:02:00,162.79,162.79,162.76,162.76,451.0,AZPN
2023-05-04 15:00:00,162.975,162.975,162.97,162.97,254.0,AZPN
2023-05-04 14:59:00,162.905,163.07,162.84,162.84,399.0,AZPN
2023-05-04 14:58:00,162.94,162.985,162.94,162.985,367.0,AZPN
2023-05-04 14:57:00,162.69,162.79,162.69,162.79,914.0,AZPN
2023-05-04 14:56:00,162.47,162.645,162.405,162.615,2216.0,AZPN
2023-05-04 14:55:00,162.52,162.52,162.39,162.39,738.0,AZPN
2023-05-04 14:54:00,162.035,162.65,162.035,162.65,2374.0,AZPN
2023-05-04 14:53:00,162.47,162.47,162.02,162.085,2784.0,AZPN
2023-05-04 14:52:00,162.675,162.675,162.675,162.675,610.0,AZPN
2023-05-04 14:51:00,162.47,162.84,162.47,162.66,1910.0,AZPN
2023-05-04 14:50:00,162.61,162.61,162.49,162.49,807.0,AZPN
2023-05-04 14:48:00,163.06,163.06,163.06,163.06,487.0,AZPN
2023-05-04 14:47:00,162.66,162.69,162.66,162.69,266.0,AZPN
2023-05-04 14:46:00,162.97,162.97,162.9,162.9,1693.0,AZPN
2023-05-04 14:45:00,163.01,163.01,163.01,163.01,457.0,AZPN
2023-05-04 14:42:00,163.27,163.485,163.27,163.485,364.0,AZPN
2023-05-04 14:39:00,163.84,163.84,163.66,163.66,1159.0,AZPN
2023-05-04 14:36:00,163.96,164.02,163.945,163.955,944.0,AZPN
2023-05-04 14:35:00,163.94,163.94,163.81,163.81,330.0,AZPN
2023-05-04 14:34:00,163.82,163.82,163.82,163.82,251.0,AZPN
2023-05-04 14:33:00,163.8657,164.05,163.8657,164.05,1056.0,AZPN
2023-05-04 14:32:00,163.85,164.02,163.73,163.94,2488.0,AZPN
2023-05-04 14:31:00,163.975,163.975,163.63,163.865,2049.0,AZPN
2023-05-04 14:30:00,164.26,164.29,163.98,163.98,662.0,AZPN
2023-05-04 14:29:00,164.275,164.275,164.185,164.185,429.0,AZPN
2023-05-04 14:28:00,164.26,164.45,164.09,164.09,910.0,AZPN
2023-05-04 14:26:00,164.6501,164.6501,164.6501,164.6501,712.0,AZPN
2023-05-04 14:25:00,164.76,164.76,164.76,164.76,477.0,AZPN
2023-05-04 14:23:00,164.93,164.93,164.84,164.84,691.0,AZPN
2023-05-04 14:21:00,165.09,165.09,165.09,165.09,584.0,AZPN
2023-05-04 14:20:00,165.23,165.23,165.23,165.23,411.0,AZPN
2023-05-04 14:19:00,165.05,165.275,165.05,165.275,1100.0,AZPN
2023-05-04 14:17:00,165.12,165.34,165.06,165.06,569.0,AZPN
2023-05-04 14:16:00,165.105,165.105,165.105,165.105,200.0,AZPN
2023-05-04 14:14:00,165.06,165.095,164.94,165.095,3326.0,AZPN
2023-05-04 14:10:00,165.23,165.52,165.23,165.435,1841.0,AZPN
2023-05-04 14:09:00,165.015,165.015,165.015,165.015,464.0,AZPN
2023-05-04 14:07:00,164.81,164.81,164.81,164.81,338.0,AZPN
2023-05-04 14:05:00,165.33,165.33,165.22,165.225,707.0,AZPN
2023-05-04 14:03:00,165.585,165.585,165.58,165.58,483.0,AZPN
2023-05-04 14:01:00,165.71,165.71,165.625,165.625,440.0,AZPN
2023-05-04 14:00:00,165.48,165.555,165.47,165.47,1028.0,AZPN
2023-05-04 13:58:00,165.57,165.58,165.57,165.58,367.0,AZPN
2023-05-04 13:57:00,165.895,165.895,165.73,165.73,311.0,AZPN
2023-05-04 13:56:00,165.8243,165.8243,165.8243,165.8243,210.0,AZPN
2023-05-04 13:54:00,166.13,166.17,165.97,166.0,852.0,AZPN
2023-05-04 13:50:00,166.05,166.05,166.05,166.05,177.0,AZPN
2023-05-04 13:49:00,166.08,166.15,166.08,166.15,858.0,AZPN
2023-05-04 13:44:00,166.285,166.285,166.285,166.285,206.0,AZPN
2023-05-04 13:41:00,166.63,166.63,166.6,166.6,809.0,AZPN
2023-05-04 13:40:00,166.86,166.86,166.86,166.86,200.0,AZPN
2023-05-04 13:39:00,166.865,166.865,166.865,166.865,117.0,AZPN
2023-05-04 13:38:00,166.87,166.87,166.87,166.87,301.0,AZPN
2023-05-04 13:36:00,166.96,166.96,166.96,166.96,104.0,AZPN
2023-05-04 13:35:00,166.91,166.91,166.91,166.91,188.0,AZPN
2023-05-04 13:34:00,167.1,167.1,167.1,167.1,201.0,AZPN
2023-05-04 13:33:00,166.955,166.955,166.95,166.955,544.0,AZPN
2023-05-04 13:31:00,166.915,166.915,166.915,166.915,286.0,AZPN
2023-05-04 13:29:00,166.82,167.03,166.77,167.01,1695.0,AZPN
2023-05-04 13:23:00,166.755,166.935,166.74,166.935,1056.0,AZPN
2023-05-04 13:22:00,166.93,167.0299,166.56,167.0299,1288.0,AZPN
2023-05-04 13:21:00,166.99,166.99,166.99,166.99,703.0,AZPN
2023-05-04 13:19:00,166.99,166.99,166.99,166.99,274.0,AZPN
2023-05-04 13:18:00,166.695,166.92,166.695,166.88,1079.0,AZPN
2023-05-04 13:16:00,166.54,166.55,166.54,166.55,506.0,AZPN
2023-05-04 13:12:00,166.86,166.86,166.85,166.85,321.0,AZPN
2023-05-04 13:10:00,166.92,166.92,166.92,166.92,147.0,AZPN
2023-05-04 13:09:00,166.875,166.875,166.875,166.875,136.0,AZPN
2023-05-04 13:07:00,166.5,166.95,166.5,166.95,1821.0,AZPN
2023-05-04 13:06:00,166.6172,166.6172,166.6172,166.6172,601.0,AZPN
2023-05-04 13:02:00,166.66,166.66,166.34,166.34,763.0,AZPN
2023-05-04 12:58:00,167.035,167.035,166.85,166.85,1207.0,AZPN
2023-05-04 12:56:00,166.98,166.985,166.98,166.985,333.0,AZPN
2023-05-04 12:55:00,166.985,166.985,166.985,166.985,103.0,AZPN
2023-05-04 12:54:00,166.4,166.89,166.34,166.89,1661.0,AZPN
2023-05-04 12:52:00,166.27,166.27,166.27,166.27,107.0,AZPN
2023-05-04 12:48:00,166.05,166.055,166.05,166.055,357.0,AZPN
2023-05-04 12:47:00,165.945,166.24,165.945,165.99,1695.0,AZPN
2023-05-04 12:45:00,165.86,165.86,165.82,165.82,216.0,AZPN
2023-05-04 12:44:00,165.86,165.86,165.86,165.86,215.0,AZPN
2023-05-04 12:43:00,165.83,165.83,165.83,165.83,254.0,AZPN
2023-05-04 12:39:00,166.74,166.74,166.135,166.135,5543.0,AZPN
2023-05-04 12:38:00,166.73,166.94,166.73,166.9,315.0,AZPN
2023-05-04 12:37:00,166.89,166.905,166.89,166.905,241.0,AZPN
2023-05-04 12:36:00,166.8,166.8,166.8,166.8,100.0,AZPN
2023-05-04 12:33:00,167.35,167.35,167.35,167.35,141.0,AZPN
2023-05-04 12:31:00,167.13,167.13,167.12,167.12,354.0,AZPN
2023-05-04 12:30:00,166.565,166.87,166.565,166.87,1974.0,AZPN
2023-05-04 12:29:00,166.35,166.35,166.33,166.33,362.0,AZPN
2023-05-04 12:28:00,166.67,166.67,166.67,166.67,519.0,AZPN
2023-05-04 12:27:00,166.645,166.645,166.59,166.59,246.0,AZPN
2023-05-04 12:26:00,166.96,166.96,166.635,166.92,1215.0,AZPN
2023-05-04 12:25:00,167.335,167.335,167.335,167.335,326.0,AZPN
2023-05-04 12:24:00,167.4061,167.4061,167.4061,167.4061,297.0,AZPN
2023-05-04 12:23:00,167.69,167.69,167.67,167.68,679.0,AZPN
2023-05-04 12:22:00,167.54,167.54,167.54,167.54,150.0,AZPN
2023-05-04 12:21:00,167.7858,167.7858,167.7858,167.7858,269.0,AZPN
2023-05-04 12:20:00,167.96,167.96,167.74,167.825,462.0,AZPN
2023-05-04 12:19:00,167.76,167.76,167.76,167.76,222.0,AZPN
2023-05-04 12:18:00,167.63,167.63,167.63,167.63,362.0,AZPN
2023-05-04 12:16:00,167.96,167.96,167.96,167.96,284.0,AZPN
2023-05-04 12:15:00,167.4,167.4,167.4,167.4,215.0,AZPN
2023-05-04 12:14:00,167.59,167.59,167.59,167.59,208.0,AZPN
2023-05-04 12:12:00,168.01,168.01,168.01,168.01,108.0,AZPN
2023-05-04 12:11:00,168.055,168.055,168.055,168.055,130.0,AZPN
2023-05-04 12:09:00,167.65,167.65,167.65,167.65,137.0,AZPN
2023-05-04 12:08:00,167.9,167.925,167.9,167.925,373.0,AZPN
2023-05-04 12:05:00,167.94,167.94,167.94,167.94,287.0,AZPN
2023-05-04 12:03:00,168.39,168.39,168.14,168.2903,689.0,AZPN
2023-05-04 12:02:00,168.305,168.305,168.305,168.305,569.0,AZPN
2023-05-04 12:01:00,168.31,168.31,168.31,168.31,223.0,AZPN
2023-05-04 11:59:00,168.6,168.63,168.6,168.63,737.0,AZPN
2023-05-04 11:58:00,168.18,168.62,168.09,168.43,1221.0,AZPN
2023-05-04 11:57:00,168.5,168.7739,168.19,168.7739,1126.0,AZPN
2023-05-04 11:55:00,168.77,168.77,168.77,168.77,137.0,AZPN
2023-05-04 11:54:00,168.58,168.58,168.58,168.58,100.0,AZPN
2023-05-04 11:50:00,168.69,168.86,168.69,168.86,256.0,AZPN
2023-05-04 11:47:00,168.915,168.915,168.915,168.915,134.0,AZPN
2023-05-04 11:46:00,168.98,168.98,168.97,168.97,340.0,AZPN
2023-05-04 11:45:00,168.97,168.98,168.915,168.97,1052.0,AZPN
2023-05-04 11:41:00,169.25,169.25,169.25,169.25,103.0,AZPN
2023-05-04 11:40:00,169.17,169.54,169.17,169.54,726.0,AZPN
2023-05-04 11:39:00,168.85,169.22,168.785,168.99,2195.0,AZPN
2023-05-04 11:36:00,169.1,169.1202,169.0721,169.0721,456.0,AZPN
2023-05-04 11:33:00,169.36,169.47,169.21,169.25,854.0,AZPN
2023-05-04 11:32:00,169.67,169.67,169.67,169.67,225.0,AZPN
2023-05-04 11:30:00,169.855,170.02,169.68,170.02,1212.0,AZPN
2023-05-04 11:28:00,170.2701,170.35,170.16,170.16,1876.0,AZPN
2023-05-04 11:22:00,170.24,170.35,170.24,170.35,432.0,AZPN
2023-05-04 11:20:00,170.68,170.68,170.68,170.68,100.0,AZPN
2023-05-04 11:19:00,170.46,170.46,170.32,170.35,1573.0,AZPN
2023-05-04 11:18:00,170.74,170.74,170.39,170.39,438.0,AZPN
2023-05-04 11:17:00,170.35,170.53,170.325,170.53,756.0,AZPN
2023-05-04 11:16:00,170.3,170.36,170.285,170.285,580.0,AZPN
2023-05-04 11:15:00,170.195,170.195,170.195,170.195,310.0,AZPN
2023-05-04 11:13:00,170.17,170.17,170.17,170.17,166.0,AZPN
2023-05-04 11:12:00,170.38,170.38,170.38,170.38,216.0,AZPN
2023-05-04 11:11:00,170.61,170.61,170.61,170.61,399.0,AZPN
2023-05-04 11:10:00,170.8775,170.8775,170.69,170.69,416.0,AZPN
2023-05-04 11:09:00,170.0,170.8,170.0,170.56,2412.0,AZPN
2023-05-04 11:06:00,170.11,170.11,170.06,170.06,919.0,AZPN
2023-05-04 11:01:00,170.56,170.56,170.41,170.41,800.0,AZPN
2023-05-04 11:00:00,170.4101,170.4101,170.4101,170.4101,131.0,AZPN
2023-05-04 10:56:00,171.12,171.43,170.725,170.83,1552.0,AZPN
2023-05-04 10:53:00,170.37,170.43,170.18,170.43,489.0,AZPN
2023-05-04 10:51:00,170.67,170.67,170.67,170.67,237.0,AZPN
2023-05-04 10:50:00,171.2589,171.2589,171.2589,171.2589,152.0,AZPN
2023-05-04 10:48:00,171.56,171.58,171.56,171.58,947.0,AZPN
2023-05-04 10:47:00,171.25,171.47,171.01,171.3875,2520.0,AZPN
2023-05-04 10:43:00,171.26,171.26,171.18,171.18,420.0,AZPN
2023-05-04 10:42:00,171.65,171.65,171.65,171.65,743.0,AZPN
2023-05-04 10:40:00,171.73,171.73,171.69,171.69,886.0,AZPN
2023-05-04 10:38:00,172.21,172.21,171.985,171.985,1150.0,AZPN
2023-05-04 10:37:00,172.32,172.32,172.32,172.32,120.0,AZPN
2023-05-04 10:36:00,172.24,172.24,172.24,172.24,410.0,AZPN
2023-05-04 10:35:00,172.21,172.21,172.21,172.21,198.0,AZPN
2023-05-04 10:25:00,172.61,172.61,172.33,172.33,453.0,AZPN
2023-05-04 10:24:00,172.68,172.68,172.5771,172.5771,831.0,AZPN
2023-05-04 10:23:00,173.24,173.27,173.24,173.26,559.0,AZPN
2023-05-04 10:20:00,173.59,173.59,173.59,173.59,168.0,AZPN
2023-05-04 10:19:00,173.33,173.33,173.33,173.33,133.0,AZPN
2023-05-04 10:18:00,173.33,173.33,173.33,173.33,140.0,AZPN
2023-05-04 10:17:00,173.765,173.765,173.765,173.765,157.0,AZPN
2023-05-04 10:13:00,174.4,174.9,174.4,174.9,358.0,AZPN
2023-05-04 10:11:00,174.57,174.57,174.57,174.57,207.0,AZPN
2023-05-04 10:10:00,175.79,175.79,175.575,175.575,595.0,AZPN
2023-05-04 10:09:00,175.75,175.835,175.32,175.835,1284.0,AZPN
2023-05-04 10:07:00,175.99,175.99,175.99,175.99,103.0,AZPN
2023-05-04 10:04:00,176.48,176.48,176.48,176.48,311.0,AZPN
2023-05-04 10:01:00,175.64,175.64,175.64,175.64,102.0,AZPN
2023-05-04 09:59:00,177.35,177.35,177.35,177.35,2087.0,AZPN
2023-05-04 09:58:00,176.5385,177.25,176.08,176.08,2618.0,AZPN
2023-05-04 09:57:00,177.052,177.052,177.052,177.052,230.0,AZPN
2023-05-04 09:56:00,176.7,176.7,176.7,176.7,255.0,AZPN
2023-05-04 09:55:00,175.41,177.46,175.38,177.46,3313.0,AZPN
2023-05-04 09:54:00,174.4,174.4,174.4,174.4,1205.0,AZPN
2023-05-04 09:49:00,176.04,176.04,176.04,176.04,283.0,AZPN
2023-05-04 09:48:00,176.0,176.0,176.0,176.0,490.0,AZPN
2023-05-04 09:46:00,177.045,177.045,176.77,176.77,1416.0,AZPN
2023-05-04 09:44:00,177.32,177.42,177.32,177.42,924.0,AZPN
2023-05-04 09:43:00,176.07,177.205,176.07,177.17,2200.0,AZPN
2023-05-04 09:42:00,177.285,177.285,177.285,177.285,201.0,AZPN
2023-05-04 09:41:00,177.29,177.29,177.29,177.29,629.0,AZPN
2023-05-04 09:40:00,177.39,177.39,177.39,177.39,132.0,AZPN
2023-05-04 09:39:00,176.85,177.24,176.05,177.155,1803.0,AZPN
2023-05-04 09:38:00,177.18,177.275,177.18,177.18,2745.0,AZPN
2023-05-04 09:36:00,176.795,176.795,176.795,176.795,368.0,AZPN
2023-05-04 09:35:00,176.1445,176.1445,176.1445,176.1445,124.0,AZPN
2023-05-04 09:33:00,177.345,177.345,177.345,177.345,223.0,AZPN
2023-05-04 09:32:00,177.36,177.36,177.36,177.36,2567.0,AZPN
2023-05-04 09:31:00,173.05,178.22,173.05,178.22,1312.0,AZPN
2023-05-03 16:01:00,179.28,179.28,179.28,179.28,3243.0,AZPN
2023-05-03 16:00:00,179.61,179.61,179.06,179.28,6130.0,AZPN
2023-05-03 15:59:00,179.855,179.855,179.655,179.78,5285.0,AZPN
2023-05-03 15:58:00,179.735,179.9,179.735,179.875,3173.0,AZPN
2023-05-03 15:57:00,179.77,179.77,179.77,179.77,996.0,AZPN
2023-05-03 15:56:00,179.815,179.86,179.55,179.77,6970.0,AZPN
2023-05-03 15:55:00,179.815,179.825,179.815,179.825,748.0,AZPN
2023-05-03 15:54:00,179.635,179.79,179.6025,179.75,4048.0,AZPN
2023-05-03 15:53:00,179.77,179.77,179.53,179.53,2125.0,AZPN
2023-05-03 15:52:00,180.05,180.115,179.7,179.77,3070.0,AZPN
2023-05-03 15:51:00,179.72,180.215,179.62,180.05,6193.0,AZPN
2023-05-03 15:50:00,179.35,179.76,179.35,179.76,6762.0,AZPN
2023-05-03 15:49:00,179.215,179.35,179.165,179.35,1388.0,AZPN
2023-05-03 15:47:00,179.29,179.37,179.06,179.06,1329.0,AZPN
2023-05-03 15:46:00,179.405,179.56,179.405,179.56,834.0,AZPN
2023-05-03 15:45:00,179.27,179.4,179.27,179.4,551.0,AZPN
2023-05-03 15:44:00,179.44,179.57,179.27,179.56,2802.0,AZPN
2023-05-03 15:43:00,179.31,179.31,179.31,179.31,167.0,AZPN
2023-05-03 15:42:00,179.15,179.32,179.15,179.315,1329.0,AZPN
2023-05-03 15:41:00,179.24,179.24,179.01,179.08,2130.0,AZPN
2023-05-03 15:40:00,179.325,179.325,179.17,179.27,2123.0,AZPN
2023-05-03 15:39:00,179.3373,179.47,179.275,179.44,1665.0,AZPN
2023-05-03 15:38:00,179.27,179.4799,179.27,179.28,822.0,AZPN
2023-05-03 15:37:00,179.285,179.285,179.285,179.285,281.0,AZPN
2023-05-03 15:36:00,179.335,179.335,179.325,179.33,867.0,AZPN
2023-05-03 15:35:00,179.25,179.33,179.25,179.33,782.0,AZPN
2023-05-03 15:34:00,179.22,179.27,179.22,179.27,1503.0,AZPN
2023-05-03 15:33:00,179.1,179.1,179.1,179.1,364.0,AZPN
2023-05-03 15:32:00,179.1,179.1,179.01,179.1,1133.0,AZPN
2023-05-03 15:30:00,179.27,179.27,178.74,178.75,2703.0,AZPN
2023-05-03 15:29:00,178.99,178.99,178.99,178.99,540.0,AZPN
2023-05-03 15:28:00,179.1325,179.1325,179.1325,179.1325,369.0,AZPN
2023-05-03 15:27:00,179.15,179.16,179.15,179.16,506.0,AZPN
2023-05-03 15:26:00,179.0,179.045,179.0,179.045,835.0,AZPN
2023-05-03 15:25:00,178.96,178.96,178.96,178.96,356.0,AZPN
2023-05-03 15:24:00,178.59,179.01,178.59,179.01,1409.0,AZPN
2023-05-03 15:22:00,178.285,178.285,178.165,178.165,566.0,AZPN
2023-05-03 15:20:00,178.6,178.86,178.52,178.52,1339.0,AZPN
2023-05-03 15:18:00,178.66,178.87,178.66,178.72,1482.0,AZPN
2023-05-03 15:17:00,178.74,178.74,178.74,178.74,137.0,AZPN
2023-05-03 15:16:00,177.96,178.38,177.96,178.365,1078.0,AZPN
2023-05-03 15:15:00,178.39,178.39,178.39,178.39,360.0,AZPN
2023-05-03 15:14:00,178.11,178.52,178.085,178.52,1761.0,AZPN
2023-05-03 15:12:00,178.165,178.29,178.165,178.29,1423.0,AZPN
2023-05-03 15:11:00,178.69,178.69,178.44,178.44,456.0,AZPN
2023-05-03 15:08:00,179.33,179.33,179.32,179.32,580.0,AZPN
2023-05-03 15:07:00,179.86,179.86,179.86,179.86,423.0,AZPN
2023-05-03 15:06:00,180.255,180.255,180.09,180.09,1935.0,AZPN
2023-05-03 15:05:00,179.84,179.84,179.84,179.84,118.0,AZPN
2023-05-03 15:04:00,179.9,179.9,179.67,179.88,918.0,AZPN
2023-05-03 15:03:00,180.33,180.33,179.91,179.91,2286.0,AZPN
2023-05-03 15:02:00,180.49,180.49,180.49,180.49,818.0,AZPN
2023-05-03 15:01:00,180.47,180.61,180.455,180.455,918.0,AZPN
2023-05-03 15:00:00,180.23,180.23,180.23,180.23,550.0,AZPN
2023-05-03 14:59:00,180.025,180.14,180.025,180.14,682.0,AZPN
2023-05-03 14:58:00,180.185,180.185,179.8,179.99,1198.0,AZPN
2023-05-03 14:57:00,179.685,179.99,179.685,179.99,1243.0,AZPN
2023-05-03 14:55:00,179.95,179.95,179.7,179.7,607.0,AZPN
2023-05-03 14:54:00,179.32,179.705,179.32,179.705,2757.0,AZPN
2023-05-03 14:53:00,178.98,178.98,178.64,178.98,1410.0,AZPN
2023-05-03 14:51:00,179.075,179.075,178.94,178.94,366.0,AZPN
2023-05-03 14:50:00,179.36,179.37,179.22,179.22,1257.0,AZPN
2023-05-03 14:49:00,179.69,179.69,179.69,179.69,455.0,AZPN
2023-05-03 14:48:00,179.72,179.72,179.72,179.72,211.0,AZPN
2023-05-03 14:46:00,179.15,179.43,179.12,179.43,1381.0,AZPN
2023-05-03 14:44:00,178.77,178.855,178.62,178.855,1701.0,AZPN
2023-05-03 14:43:00,179.3,179.3,178.91,178.91,744.0,AZPN
2023-05-03 14:42:00,179.53,179.53,179.48,179.5,407.0,AZPN
2023-05-03 14:41:00,179.12,179.22,179.12,179.22,545.0,AZPN
2023-05-03 14:40:00,178.965,178.965,178.965,178.965,650.0,AZPN
2023-05-03 14:38:00,177.78,178.06,177.78,178.06,1500.0,AZPN
2023-05-03 14:37:00,177.78,177.78,177.78,177.78,325.0,AZPN
2023-05-03 14:36:00,177.7,177.91,177.7,177.74,1452.0,AZPN
2023-05-03 14:35:00,178.19,178.19,178.19,178.19,269.0,AZPN
2023-05-03 14:34:00,178.55,178.67,178.55,178.67,880.0,AZPN
2023-05-03 14:32:00,179.09,179.09,178.56,178.56,1713.0,AZPN
2023-05-03 14:29:00,179.44,179.47,179.245,179.47,2006.0,AZPN
2023-05-03 14:28:00,179.35,179.46,179.35,179.46,560.0,AZPN
2023-05-03 14:27:00,179.08,179.08,179.08,179.08,574.0,AZPN
2023-05-03 14:26:00,178.7,178.7,178.7,178.7,281.0,AZPN
2023-05-03 14:25:00,178.96,179.105,178.96,179.105,475.0,AZPN
2023-05-03 14:23:00,178.72,178.925,178.72,178.925,651.0,AZPN
2023-05-03 14:21:00,178.71,178.71,178.61,178.61,420.0,AZPN
2023-05-03 14:19:00,178.4,178.4,178.4,178.4,755.0,AZPN
2023-05-03 14:18:00,178.2075,178.269,178.2075,178.269,449.0,AZPN
2023-05-03 14:17:00,178.26,178.33,178.185,178.33,783.0,AZPN
2023-05-03 14:16:00,178.115,178.24,178.115,178.24,679.0,AZPN
2023-05-03 14:15:00,178.11,178.15,178.11,178.15,484.0,AZPN
2023-05-03 14:13:00,177.67,177.67,177.67,177.67,391.0,AZPN
2023-05-03 14:10:00,177.935,177.935,177.935,177.935,126.0,AZPN
2023-05-03 14:09:00,177.87,177.94,177.87,177.94,982.0,AZPN
2023-05-03 14:08:00,177.98,177.98,177.98,177.98,193.0,AZPN
2023-05-03 14:05:00,177.355,177.88,177.355,177.88,515.0,AZPN
2023-05-03 14:04:00,177.46,177.565,177.3,177.34,1374.0,AZPN
2023-05-03 14:02:00,177.49,177.49,177.4,177.4,1352.0,AZPN
2023-05-03 14:01:00,177.01,178.47,177.01,178.47,2934.0,AZPN
2023-05-03 13:59:00,177.02,177.02,176.98,176.98,380.0,AZPN
2023-05-03 13:58:00,176.59,177.15,176.59,177.02,2115.0,AZPN
2023-05-03 13:54:00,176.55,176.57,176.47,176.57,1492.0,AZPN
2023-05-03 13:48:00,176.17,176.17,176.17,176.17,106.0,AZPN
2023-05-03 13:45:00,176.41,176.41,176.41,176.41,760.0,AZPN
2023-05-03 13:41:00,176.17,176.17,176.17,176.17,241.0,AZPN
2023-05-03 13:38:00,176.2,176.2,176.2,176.2,285.0,AZPN
2023-05-03 13:36:00,176.3,176.32,176.18,176.32,416.0,AZPN
2023-05-03 13:33:00,176.28,176.28,176.17,176.17,963.0,AZPN
2023-05-03 13:31:00,176.1,176.1,176.1,176.1,188.0,AZPN
2023-05-03 13:28:00,176.19,176.19,176.19,176.19,490.0,AZPN
2023-05-03 13:26:00,176.03,176.03,176.03,176.03,387.0,AZPN
2023-05-03 13:19:00,176.13,176.13,175.98,175.98,758.0,AZPN
2023-05-03 12:59:00,175.78,175.78,175.78,175.78,695.0,AZPN
2023-05-03 12:55:00,176.095,176.095,176.095,176.095,391.0,AZPN
2023-05-03 12:53:00,176.36,176.36,176.36,176.36,390.0,AZPN
2023-05-03 12:52:00,176.14,176.14,176.14,176.14,374.0,AZPN
2023-05-03 12:42:00,176.27,176.32,176.27,176.32,1550.0,AZPN
2023-05-03 12:36:00,176.0,176.08,176.0,176.045,2217.0,AZPN
2023-05-03 12:31:00,176.2,176.21,176.2,176.21,810.0,AZPN
2023-05-03 12:30:00,175.81,175.81,175.81,175.81,127.0,AZPN
2023-05-03 12:25:00,176.19,176.19,176.19,176.19,314.0,AZPN
2023-05-03 12:23:00,175.91,175.91,175.91,175.91,124.0,AZPN
2023-05-03 12:21:00,176.0,176.0,175.57,176.0,1191.0,AZPN
2023-05-03 12:18:00,176.07,176.07,176.07,176.07,557.0,AZPN
2023-05-03 12:11:00,176.11,176.11,175.97,175.97,708.0,AZPN
2023-05-03 12:05:00,176.3,176.39,176.22,176.22,1145.0,AZPN
2023-05-03 12:03:00,176.3,176.34,176.18,176.18,875.0,AZPN
2023-05-03 11:52:00,176.24,176.24,176.24,176.24,689.0,AZPN
2023-05-03 11:51:00,176.5,176.5,176.14,176.14,1105.0,AZPN
2023-05-03 11:49:00,176.6599,176.6599,176.6599,176.6599,319.0,AZPN
2023-05-03 11:48:00,176.58,176.58,176.58,176.58,1177.0,AZPN
2023-05-03 11:45:00,176.38,176.5,176.295,176.295,683.0,AZPN
2023-05-03 11:44:00,176.5,176.5,176.5,176.5,102.0,AZPN
2023-05-03 11:41:00,176.45,176.45,176.45,176.45,897.0,AZPN
2023-05-03 11:39:00,176.58,176.58,176.58,176.58,481.0,AZPN
2023-05-03 11:38:00,176.78,176.78,176.75,176.75,524.0,AZPN
2023-05-03 11:34:00,176.77,177.01,176.75,176.77,657.0,AZPN
2023-05-03 11:30:00,176.97,177.85,176.97,177.28,2131.0,AZPN
2023-05-03 11:29:00,176.675,176.675,176.675,176.675,461.0,AZPN
2023-05-03 11:27:00,176.2783,176.55,176.2783,176.42,948.0,AZPN
2023-05-03 11:23:00,176.3749,176.3749,176.3749,176.3749,260.0,AZPN
2023-05-03 11:22:00,176.3,176.3,176.3,176.3,539.0,AZPN
2023-05-03 11:21:00,175.81,175.81,175.795,175.795,1483.0,AZPN
2023-05-03 11:20:00,176.045,176.045,176.045,176.045,201.0,AZPN
2023-05-03 11:19:00,176.01,176.01,176.01,176.01,1358.0,AZPN
2023-05-03 11:18:00,175.36,175.535,175.25,175.535,1490.0,AZPN
2023-05-03 11:12:00,175.095,175.095,175.095,175.095,232.0,AZPN
2023-05-03 11:08:00,174.59,174.99,174.59,174.99,1932.0,AZPN
2023-05-03 11:05:00,174.9,174.9,174.725,174.725,1012.0,AZPN
2023-05-03 11:04:00,174.61,174.61,174.61,174.61,114.0,AZPN
2023-05-03 11:03:00,174.77,174.77,174.77,174.77,194.0,AZPN
2023-05-03 10:59:00,174.85,174.85,174.85,174.85,107.0,AZPN
2023-05-03 10:54:00,175.56,175.56,175.56,175.56,371.0,AZPN
2023-05-03 10:52:00,175.37,175.37,175.37,175.37,101.0,AZPN
2023-05-03 10:49:00,175.16,175.29,175.16,175.29,556.0,AZPN
2023-05-03 10:48:00,175.16,175.16,175.16,175.16,286.0,AZPN
2023-05-03 10:47:00,176.15,176.15,175.945,175.945,1266.0,AZPN
2023-05-03 10:46:00,176.15,176.15,176.15,176.15,140.0,AZPN
2023-05-03 10:43:00,176.225,176.225,176.225,176.225,556.0,AZPN
2023-05-03 10:40:00,176.415,176.415,176.415,176.415,121.0,AZPN
2023-05-03 10:39:00,176.4,176.415,176.4,176.415,285.0,AZPN
2023-05-03 10:38:00,176.36,176.36,176.36,176.36,108.0,AZPN
2023-05-03 10:32:00,176.4,176.4,176.32,176.32,587.0,AZPN
2023-05-03 10:30:00,176.335,176.335,176.335,176.335,256.0,AZPN
2023-05-03 10:29:00,177.12,177.14,176.5,176.5,1414.0,AZPN
2023-05-03 10:27:00,177.51,177.51,177.51,177.51,675.0,AZPN
2023-05-03 10:26:00,177.74,177.81,177.405,177.45,2287.0,AZPN
2023-05-03 10:25:00,177.64,177.64,177.38,177.585,2142.0,AZPN
2023-05-03 10:24:00,177.795,177.795,177.795,177.795,242.0,AZPN
2023-05-03 10:21:00,177.6419,177.8,177.6419,177.8,226.0,AZPN
2023-05-03 10:14:00,177.5223,177.78,177.5223,177.78,1223.0,AZPN
2023-05-03 10:11:00,177.71,177.71,177.5,177.64,717.0,AZPN
2023-05-03 10:10:00,177.3,177.51,177.04,177.255,2371.0,AZPN
2023-05-03 10:07:00,177.4,177.4,177.35,177.35,419.0,AZPN
2023-05-03 10:06:00,177.39,177.39,177.39,177.39,692.0,AZPN
2023-05-03 10:05:00,177.42,177.42,177.306,177.3815,908.0,AZPN
2023-05-03 10:04:00,177.225,177.225,177.05,177.17,1340.0,AZPN
2023-05-03 10:03:00,177.165,177.52,177.165,177.34,3030.0,AZPN
2023-05-03 10:02:00,177.51,177.51,177.055,177.055,612.0,AZPN
2023-05-03 10:01:00,176.91,177.3,176.165,177.17,3849.0,AZPN
2023-05-03 10:00:00,177.43,177.43,177.43,177.43,749.0,AZPN
2023-05-03 09:58:00,177.9,177.9,177.9,177.9,203.0,AZPN
2023-05-03 09:57:00,177.9,177.9,177.9,177.9,250.0,AZPN
2023-05-03 09:56:00,177.0,177.76,177.0,177.28,1749.0,AZPN
2023-05-03 09:55:00,176.26,176.26,176.26,176.26,200.0,AZPN
2023-05-03 09:53:00,176.37,176.495,176.14,176.375,2263.0,AZPN
2023-05-03 09:52:00,175.69,175.69,174.95,174.95,608.0,AZPN
2023-05-03 09:51:00,175.43,175.73,175.43,175.73,472.0,AZPN
2023-05-03 09:50:00,174.99,174.99,174.99,174.99,472.0,AZPN
2023-05-03 09:46:00,174.99,175.315,174.99,175.295,1416.0,AZPN
2023-05-03 09:44:00,174.415,174.415,174.415,174.415,455.0,AZPN
2023-05-03 09:43:00,174.3288,174.415,174.3288,174.415,499.0,AZPN
2023-05-03 09:42:00,174.51,174.51,174.51,174.51,186.0,AZPN
2023-05-03 09:41:00,174.25,174.25,174.25,174.25,388.0,AZPN
2023-05-03 09:38:00,174.04,174.04,174.04,174.04,507.0,AZPN
2023-05-03 09:37:00,174.24,174.24,174.13,174.13,1310.0,AZPN
2023-05-03 09:36:00,174.23,174.23,174.17,174.17,1021.0,AZPN
2023-05-03 09:35:00,172.83,172.835,172.83,172.8325,1710.0,AZPN
2023-05-03 09:32:00,173.27,173.27,173.27,173.27,135.0,AZPN
2023-05-03 09:31:00,173.13,173.26,173.13,173.26,1075.0,AZPN
2023-05-02 16:01:00,172.88,172.88,172.88,172.88,8817.0,AZPN
2023-05-02 16:00:00,172.81,173.04,172.75,172.75,13044.0,AZPN
2023-05-02 15:59:00,172.66,172.68,172.66,172.68,1472.0,AZPN
2023-05-02 15:58:00,172.62,172.68,172.59,172.64,2150.0,AZPN
2023-05-02 15:57:00,172.2,172.61,172.2,172.61,8543.0,AZPN
2023-05-02 15:56:00,172.41,172.41,172.22,172.275,2054.0,AZPN
2023-05-02 15:55:00,172.35,172.43,172.35,172.43,1972.0,AZPN
2023-05-02 15:54:00,172.29,172.29,172.29,172.29,622.0,AZPN
2023-05-02 15:53:00,172.34,172.34,172.225,172.29,910.0,AZPN
2023-05-02 15:52:00,172.34,172.35,172.255,172.335,2801.0,AZPN
2023-05-02 15:51:00,172.34,172.44,172.34,172.44,752.0,AZPN
2023-05-02 15:50:00,172.07,172.27,171.96,172.27,4114.0,AZPN
2023-05-02 15:48:00,172.16,172.16,171.925,171.985,1265.0,AZPN
2023-05-02 15:47:00,172.06,172.07,172.06,172.07,809.0,AZPN
2023-05-02 15:46:00,172.055,172.06,171.91,172.0,2376.0,AZPN
2023-05-02 15:44:00,172.11,172.11,171.902,171.902,811.0,AZPN
2023-05-02 15:43:00,172.0,172.0,171.91,171.91,781.0,AZPN
2023-05-02 15:42:00,172.14,172.14,172.14,172.14,207.0,AZPN
2023-05-02 15:41:00,172.16,172.16,172.16,172.16,532.0,AZPN
2023-05-02 15:40:00,172.07,172.07,172.07,172.07,320.0,AZPN
2023-05-02 15:39:00,172.35,172.35,172.28,172.28,886.0,AZPN
2023-05-02 15:38:00,172.31,172.31,172.285,172.285,949.0,AZPN
2023-05-02 15:37:00,172.52,172.52,172.52,172.52,207.0,AZPN
2023-05-02 15:33:00,172.52,172.71,172.52,172.71,1450.0,AZPN
2023-05-02 15:31:00,172.55,172.55,172.46,172.46,1511.0,AZPN
2023-05-02 15:30:00,172.44,172.46,172.345,172.345,3127.0,AZPN
2023-05-02 15:29:00,172.68,172.68,172.45,172.45,1071.0,AZPN
2023-05-02 15:25:00,172.12,172.15,172.12,172.15,558.0,AZPN
2023-05-02 15:24:00,172.09,172.09,172.09,172.09,355.0,AZPN
2023-05-02 15:23:00,171.93,171.95,171.93,171.95,501.0,AZPN
2023-05-02 15:21:00,171.79,171.87,171.79,171.87,1865.0,AZPN
2023-05-02 15:19:00,171.55,171.55,171.55,171.55,100.0,AZPN
2023-05-02 15:18:00,171.5,171.525,171.5,171.525,859.0,AZPN
2023-05-02 15:16:00,171.6,171.6,171.55,171.55,1121.0,AZPN
2023-05-02 15:14:00,171.81,171.81,171.81,171.81,114.0,AZPN
2023-05-02 15:13:00,171.775,171.775,171.775,171.775,288.0,AZPN
2023-05-02 15:12:00,171.67,171.67,171.63,171.66,748.0,AZPN
2023-05-02 15:11:00,171.5,171.63,171.5,171.5,9112.0,AZPN
2023-05-02 15:10:00,171.57,171.57,171.28,171.4,3106.0,AZPN
2023-05-02 15:09:00,171.5,171.5,171.5,171.5,909.0,AZPN
2023-05-02 15:07:00,171.5,171.5,171.5,171.5,269.0,AZPN
2023-05-02 15:05:00,171.455,171.455,171.455,171.455,194.0,AZPN
2023-05-02 15:03:00,171.43,171.43,171.43,171.43,333.0,AZPN
2023-05-02 15:02:00,171.5,171.505,171.28,171.39,3574.0,AZPN
2023-05-02 15:01:00,171.335,171.57,171.14,171.525,5019.0,AZPN
2023-05-02 14:59:00,171.335,171.335,171.335,171.335,337.0,AZPN
2023-05-02 14:58:00,171.5,171.5,171.33,171.33,334.0,AZPN
2023-05-02 14:57:00,171.14,171.53,171.14,171.5,475.0,AZPN
2023-05-02 14:53:00,171.49,171.49,171.49,171.49,336.0,AZPN
2023-05-02 14:52:00,171.5299,171.5299,171.5299,171.5299,123.0,AZPN
2023-05-02 14:50:00,171.38,171.38,171.315,171.315,648.0,AZPN
2023-05-02 14:45:00,171.13,171.23,171.13,171.23,1396.0,AZPN
2023-05-02 14:43:00,171.115,171.115,171.115,171.115,180.0,AZPN
2023-05-02 14:42:00,171.0,171.0,170.995,171.0,645.0,AZPN
2023-05-02 14:41:00,170.98,171.245,170.98,171.245,505.0,AZPN
2023-05-02 14:39:00,171.37,171.37,171.105,171.105,310.0,AZPN
2023-05-02 14:38:00,171.3628,171.3628,171.145,171.145,2044.0,AZPN
2023-05-02 14:37:00,171.28,171.39,171.28,171.37,1220.0,AZPN
2023-05-02 14:34:00,171.37,171.37,171.37,171.37,249.0,AZPN
2023-05-02 14:31:00,171.1,171.14,171.1,171.13,2911.0,AZPN
2023-05-02 14:28:00,170.875,170.875,170.875,170.875,141.0,AZPN
2023-05-02 14:27:00,170.92,170.93,170.54,170.875,2160.0,AZPN
2023-05-02 14:24:00,170.9,170.9,170.9,170.9,133.0,AZPN
2023-05-02 14:23:00,171.03,171.09,171.03,171.09,728.0,AZPN
2023-05-02 14:15:00,170.98,170.98,170.94,170.94,1135.0,AZPN
2023-05-02 14:13:00,171.16,171.16,171.16,171.16,149.0,AZPN
2023-05-02 14:11:00,171.09,171.36,171.02,171.15,2711.0,AZPN
2023-05-02 14:10:00,171.055,171.055,171.055,171.055,100.0,AZPN
2023-05-02 14:09:00,170.92,170.92,170.92,170.92,4337.0,AZPN
2023-05-02 14:04:00,170.97,170.97,170.97,170.97,114.0,AZPN
2023-05-02 14:03:00,170.96,170.96,170.96,170.96,251.0,AZPN
2023-05-02 14:02:00,171.05,171.05,170.83,170.83,1243.0,AZPN
2023-05-02 13:57:00,171.21,171.37,171.2,171.37,684.0,AZPN
2023-05-02 13:56:00,171.64,171.64,171.245,171.365,1909.0,AZPN
2023-05-02 13:55:00,171.46,171.46,171.46,171.46,306.0,AZPN
2023-05-02 13:53:00,171.0,171.13,170.98,171.13,2599.0,AZPN
2023-05-02 13:51:00,171.1,171.1,170.9293,170.9293,549.0,AZPN
2023-05-02 13:48:00,171.04,171.04,171.04,171.04,523.0,AZPN
2023-05-02 13:47:00,170.96,170.97,170.94,170.97,1124.0,AZPN
2023-05-02 13:43:00,171.405,171.405,171.405,171.405,113.0,AZPN
2023-05-02 13:37:00,170.57,170.83,170.57,170.83,2666.0,AZPN
2023-05-02 13:36:00,170.815,170.815,170.59,170.76,1244.0,AZPN
2023-05-02 13:35:00,171.015,171.015,171.015,171.015,123.0,AZPN
2023-05-02 13:31:00,171.04,171.04,170.92,170.955,934.0,AZPN
2023-05-02 13:30:00,171.05,171.05,171.05,171.05,411.0,AZPN
2023-05-02 13:25:00,171.05,171.05,171.05,171.05,115.0,AZPN
2023-05-02 13:22:00,171.18,171.18,171.18,171.18,619.0,AZPN
2023-05-02 13:18:00,171.51,171.51,171.275,171.405,1282.0,AZPN
2023-05-02 13:16:00,171.575,171.62,171.49,171.62,2400.0,AZPN
2023-05-02 13:15:00,171.52,171.685,171.52,171.685,1112.0,AZPN
2023-05-02 13:14:00,171.93,171.93,171.81,171.85,1896.0,AZPN
2023-05-02 13:13:00,171.79,171.88,171.79,171.88,1301.0,AZPN
2023-05-02 13:12:00,172.03,172.03,171.88,171.885,858.0,AZPN
2023-05-02 13:10:00,172.24,172.25,172.175,172.175,1681.0,AZPN
2023-05-02 13:06:00,172.28,172.28,172.28,172.28,203.0,AZPN
2023-05-02 12:58:00,172.09,172.09,172.09,172.09,991.0,AZPN
2023-05-02 12:56:00,172.28,172.28,172.28,172.28,227.0,AZPN
2023-05-02 12:54:00,172.275,172.275,172.275,172.275,103.0,AZPN
2023-05-02 12:53:00,172.33,172.33,172.33,172.33,244.0,AZPN
2023-05-02 12:52:00,172.36,172.36,172.3,172.3,1452.0,AZPN
2023-05-02 12:49:00,172.47,172.47,172.41,172.41,357.0,AZPN
2023-05-02 12:48:00,172.33,172.33,172.33,172.33,133.0,AZPN
2023-05-02 12:47:00,172.35,172.35,172.35,172.35,409.0,AZPN
2023-05-02 12:45:00,172.2128,172.3,172.2128,172.3,538.0,AZPN
2023-05-02 12:43:00,171.88,172.15,171.88,172.045,1943.0,AZPN
2023-05-02 12:41:00,171.605,171.605,171.605,171.605,309.0,AZPN
2023-05-02 12:40:00,171.65,171.8,171.615,171.69,6163.0,AZPN
2023-05-02 12:39:00,171.75,171.75,171.75,171.75,223.0,AZPN
2023-05-02 12:38:00,171.9,171.9,171.9,171.9,124.0,AZPN
2023-05-02 12:37:00,172.01,172.01,171.84,171.86,2090.0,AZPN
2023-05-02 12:35:00,171.89,171.89,171.89,171.89,110.0,AZPN
2023-05-02 12:34:00,171.89,171.89,171.89,171.89,222.0,AZPN
2023-05-02 12:32:00,171.88,171.88,171.88,171.88,106.0,AZPN
2023-05-02 12:29:00,171.8277,171.895,171.8277,171.895,407.0,AZPN
2023-05-02 12:26:00,171.9,171.9,171.9,171.9,1040.0,AZPN
2023-05-02 12:24:00,171.61,171.83,171.61,171.83,1837.0,AZPN
2023-05-02 12:23:00,171.2,171.315,171.125,171.315,1539.0,AZPN
2023-05-02 12:22:00,171.56,171.56,171.405,171.405,236.0,AZPN
2023-05-02 12:18:00,171.35,171.35,171.1,171.1,591.0,AZPN
2023-05-02 12:17:00,171.35,171.35,171.35,171.35,132.0,AZPN
2023-05-02 12:14:00,171.54,171.54,171.54,171.54,110.0,AZPN
2023-05-02 12:12:00,171.6,171.6,171.6,171.6,203.0,AZPN
2023-05-02 12:10:00,170.89,171.53,170.89,171.3051,5665.0,AZPN
2023-05-02 12:08:00,170.88,170.89,170.88,170.88,1556.0,AZPN
2023-05-02 12:05:00,170.755,170.755,170.755,170.755,168.0,AZPN
2023-05-02 12:04:00,170.7194,170.7194,170.7194,170.7194,1125.0,AZPN
2023-05-02 12:01:00,170.935,170.94,170.935,170.94,213.0,AZPN
2023-05-02 11:58:00,171.0765,171.0765,171.0765,171.0765,610.0,AZPN
2023-05-02 11:56:00,171.0,171.26,170.7501,171.0,4565.0,AZPN
2023-05-02 11:55:00,171.2,171.2,171.0,171.0,315.0,AZPN
2023-05-02 11:40:00,171.2,171.2,171.2,171.2,127.0,AZPN
2023-05-02 11:39:00,170.99,171.2,170.99,171.11,1035.0,AZPN
2023-05-02 11:38:00,170.86,170.98,170.86,170.95,2608.0,AZPN
2023-05-02 11:37:00,170.7,170.7,170.7,170.7,112.0,AZPN
2023-05-02 11:36:00,170.74,170.83,170.74,170.83,1524.0,AZPN
2023-05-02 11:35:00,170.71,170.71,170.71,170.71,210.0,AZPN
2023-05-02 11:34:00,171.27,171.365,170.06,170.06,1923.0,AZPN
2023-05-02 11:33:00,171.29,171.29,171.29,171.29,320.0,AZPN
2023-05-02 11:32:00,171.54,171.54,171.54,171.54,129.0,AZPN
2023-05-02 11:27:00,171.35,171.35,171.35,171.35,128.0,AZPN
2023-05-02 11:25:00,171.81,171.81,171.81,171.81,212.0,AZPN
2023-05-02 11:23:00,171.96,171.96,171.96,171.96,492.0,AZPN
2023-05-02 11:21:00,172.205,172.205,172.205,172.205,306.0,AZPN
2023-05-02 11:19:00,172.24,172.24,171.99,171.99,3873.0,AZPN
2023-05-02 11:16:00,172.31,172.31,172.31,172.31,334.0,AZPN
2023-05-02 11:15:00,172.33,172.33,172.33,172.33,345.0,AZPN
2023-05-02 11:13:00,172.34,172.34,172.33,172.33,460.0,AZPN
2023-05-02 11:12:00,172.47,172.49,172.465,172.49,1272.0,AZPN
2023-05-02 11:11:00,173.24,173.25,172.42,172.42,6251.0,AZPN
2023-05-02 11:09:00,172.875,172.875,172.875,172.875,117.0,AZPN
2023-05-02 11:07:00,172.77,172.77,172.77,172.77,104.0,AZPN
2023-05-02 11:05:00,172.765,172.765,172.765,172.765,135.0,AZPN
2023-05-02 11:04:00,173.24,173.24,173.14,173.19,973.0,AZPN
2023-05-02 11:03:00,172.69,173.22,172.69,173.22,1103.0,AZPN
2023-05-02 11:01:00,172.8725,172.8725,172.8725,172.8725,247.0,AZPN
2023-05-02 10:59:00,172.87,172.87,172.87,172.87,155.0,AZPN
2023-05-02 10:56:00,172.93,173.25,172.93,173.165,2721.0,AZPN
2023-05-02 10:55:00,172.825,172.825,172.825,172.825,258.0,AZPN
2023-05-02 10:54:00,173.115,173.115,173.11,173.11,787.0,AZPN
2023-05-02 10:53:00,172.752,172.752,172.752,172.752,211.0,AZPN
2023-05-02 10:52:00,173.24,173.24,173.02,173.02,346.0,AZPN
2023-05-02 10:50:00,173.39,173.39,173.39,173.39,116.0,AZPN
2023-05-02 10:49:00,173.13,173.135,173.13,173.135,210.0,AZPN
2023-05-02 10:47:00,173.135,173.135,173.135,173.135,254.0,AZPN
2023-05-02 10:45:00,173.08,173.08,173.08,173.08,353.0,AZPN
2023-05-02 10:41:00,173.25,173.25,173.25,173.25,139.0,AZPN
2023-05-02 10:40:00,173.2,173.2,173.2,173.2,178.0,AZPN
2023-05-02 10:37:00,174.03,174.03,173.93,173.93,608.0,AZPN
2023-05-02 10:36:00,174.14,174.14,173.82,174.03,2226.0,AZPN
2023-05-02 10:35:00,174.365,174.365,174.31,174.36,856.0,AZPN
2023-05-02 10:34:00,174.3,174.35,174.3,174.35,833.0,AZPN
2023-05-02 10:33:00,174.3,174.675,174.3,174.485,3302.0,AZPN
2023-05-02 10:31:00,174.63,174.64,174.63,174.64,349.0,AZPN
2023-05-02 10:27:00,174.6347,174.6347,174.6347,174.6347,412.0,AZPN
2023-05-02 10:25:00,174.64,174.64,174.64,174.64,414.0,AZPN
2023-05-02 10:22:00,174.94,174.94,174.94,174.94,507.0,AZPN
2023-05-02 10:20:00,175.2,175.2,175.2,175.2,405.0,AZPN
2023-05-02 10:19:00,175.41,175.57,175.11,175.11,1596.0,AZPN
2023-05-02 10:17:00,175.66,175.66,175.625,175.625,955.0,AZPN
2023-05-02 10:15:00,175.4028,175.4028,175.4028,175.4028,465.0,AZPN
2023-05-02 10:14:00,175.4,175.4,175.4,175.4,218.0,AZPN
2023-05-02 10:13:00,175.47,175.48,175.47,175.48,1179.0,AZPN
2023-05-02 10:10:00,175.07,175.07,175.07,175.07,519.0,AZPN
2023-05-02 10:08:00,175.17,175.295,175.17,175.295,753.0,AZPN
2023-05-02 10:06:00,175.64,175.64,175.64,175.64,810.0,AZPN
2023-05-02 10:04:00,175.67,175.98,175.67,175.98,410.0,AZPN
2023-05-02 10:03:00,176.21,176.28,176.21,176.28,385.0,AZPN
2023-05-02 10:02:00,175.955,176.285,175.955,176.285,267.0,AZPN
2023-05-02 09:58:00,175.71,175.71,175.71,175.71,777.0,AZPN
2023-05-02 09:57:00,175.54,175.875,175.54,175.54,1128.0,AZPN
2023-05-02 09:56:00,175.28,175.4794,175.28,175.4794,1419.0,AZPN
2023-05-02 09:53:00,174.93,174.93,174.93,174.93,685.0,AZPN
2023-05-02 09:52:00,174.92,175.345,174.69,175.345,4924.0,AZPN
2023-05-02 09:49:00,175.26,175.26,174.72,174.865,3416.0,AZPN
2023-05-02 09:48:00,174.66,175.27,174.66,175.27,2559.0,AZPN
2023-05-02 09:41:00,174.7,174.7,174.47,174.47,535.0,AZPN
2023-05-02 09:37:00,173.74,174.15,173.73,174.15,1079.0,AZPN
2023-05-02 09:35:00,174.53,174.53,174.1239,174.1239,254.0,AZPN
2023-05-02 09:34:00,175.22,175.22,174.59,174.59,471.0,AZPN
2023-05-02 09:31:00,175.51,175.51,175.51,175.51,1288.0,AZPN
2023-05-01 16:01:00,176.48,176.48,176.48,176.48,749.0,AZPN
2023-05-01 16:00:00,176.68,176.76,176.43,176.43,6894.0,AZPN
2023-05-01 15:59:00,176.89,176.89,176.615,176.75,6995.0,AZPN
2023-05-01 15:58:00,176.795,176.89,176.71,176.88,1904.0,AZPN
2023-05-01 15:57:00,176.82,176.825,176.805,176.815,1651.0,AZPN
2023-05-01 15:56:00,176.85,177.08,176.85,176.97,3718.0,AZPN
2023-05-01 15:55:00,177.11,177.11,176.67,176.74,3769.0,AZPN
2023-05-01 15:54:00,177.0,177.0,177.0,177.0,350.0,AZPN
2023-05-01 15:53:00,176.79,177.1,176.79,177.0,3076.0,AZPN
2023-05-01 15:52:00,176.68,176.81,176.605,176.81,888.0,AZPN
2023-05-01 15:51:00,176.46,176.685,176.425,176.685,2373.0,AZPN
2023-05-01 15:49:00,176.68,176.73,176.55,176.55,1341.0,AZPN
2023-05-01 15:48:00,176.795,176.795,176.795,176.795,181.0,AZPN
2023-05-01 15:46:00,176.715,176.84,176.625,176.64,1324.0,AZPN
2023-05-01 15:45:00,176.715,176.715,176.621,176.715,669.0,AZPN
2023-05-01 15:44:00,176.85,176.865,176.67,176.67,1631.0,AZPN
2023-05-01 15:41:00,176.93,176.93,176.93,176.93,261.0,AZPN
2023-05-01 15:40:00,176.95,176.955,176.95,176.955,902.0,AZPN
2023-05-01 15:39:00,176.745,176.88,176.715,176.88,616.0,AZPN
2023-05-01 15:38:00,176.695,176.745,176.568,176.568,992.0,AZPN
2023-05-01 15:37:00,177.035,177.035,176.985,176.985,332.0,AZPN
2023-05-01 15:36:00,177.275,177.3,176.98,176.98,1725.0,AZPN
2023-05-01 15:35:00,177.3284,177.3284,177.3284,177.3284,711.0,AZPN
2023-05-01 15:34:00,177.28,177.28,177.28,177.28,242.0,AZPN
2023-05-01 15:33:00,177.28,177.28,177.28,177.28,309.0,AZPN
2023-05-01 15:32:00,177.33,177.33,177.33,177.33,412.0,AZPN
2023-05-01 15:31:00,177.335,177.335,177.335,177.335,159.0,AZPN
2023-05-01 15:30:00,177.3593,177.42,177.3593,177.42,1094.0,AZPN
2023-05-01 15:27:00,177.21,177.64,177.21,177.44,3717.0,AZPN
2023-05-01 15:25:00,177.25,177.25,177.25,177.25,456.0,AZPN
2023-05-01 15:24:00,177.25,177.25,177.25,177.25,245.0,AZPN
2023-05-01 15:23:00,177.27,177.27,177.08,177.08,735.0,AZPN
2023-05-01 15:22:00,177.37,177.37,177.37,177.37,124.0,AZPN
2023-05-01 15:16:00,177.395,177.395,177.395,177.395,345.0,AZPN
2023-05-01 15:14:00,177.45,177.45,177.33,177.39,788.0,AZPN
2023-05-01 15:12:00,177.1753,177.1753,177.1753,177.1753,272.0,AZPN
2023-05-01 15:09:00,177.36,177.5,177.36,177.5,1739.0,AZPN
2023-05-01 15:08:00,177.82,177.82,177.805,177.805,223.0,AZPN
2023-05-01 15:06:00,177.45,177.695,177.44,177.695,2988.0,AZPN
2023-05-01 15:05:00,177.25,177.25,177.25,177.25,390.0,AZPN
2023-05-01 15:04:00,177.325,177.325,177.325,177.325,215.0,AZPN
2023-05-01 15:03:00,177.225,177.225,177.225,177.225,214.0,AZPN
2023-05-01 15:02:00,177.205,177.3,177.155,177.155,653.0,AZPN
2023-05-01 15:01:00,177.06,177.06,177.06,177.06,481.0,AZPN
2023-05-01 14:59:00,176.9,177.11,176.9,177.03,1190.0,AZPN
2023-05-01 14:57:00,177.155,177.155,177.155,177.155,124.0,AZPN
2023-05-01 14:56:00,177.3,177.355,177.13,177.24,1046.0,AZPN
2023-05-01 14:55:00,177.64,177.64,177.64,177.64,379.0,AZPN
2023-05-01 14:54:00,177.68,177.68,177.68,177.68,446.0,AZPN
2023-05-01 14:51:00,178.18,178.2,178.18,178.2,229.0,AZPN
2023-05-01 14:50:00,177.93,177.99,177.7725,177.99,1574.0,AZPN
2023-05-01 14:49:00,177.73,177.94,177.73,177.89,1595.0,AZPN
2023-05-01 14:48:00,178.32,178.32,177.66,177.66,1185.0,AZPN
2023-05-01 14:46:00,178.64,178.64,178.64,178.64,158.0,AZPN
2023-05-01 14:38:00,178.75,178.75,178.75,178.75,179.0,AZPN
2023-05-01 14:37:00,178.63,178.71,178.63,178.71,1123.0,AZPN
2023-05-01 14:36:00,178.44,178.55,178.28,178.55,3870.0,AZPN
2023-05-01 14:35:00,178.31,178.31,178.28,178.28,590.0,AZPN
2023-05-01 14:34:00,178.295,178.295,178.295,178.295,185.0,AZPN
2023-05-01 14:33:00,178.25,178.26,178.25,178.26,952.0,AZPN
2023-05-01 14:32:00,178.17,178.175,178.17,178.175,661.0,AZPN
2023-05-01 14:30:00,178.1,178.1,178.1,178.1,126.0,AZPN
2023-05-01 14:29:00,177.66,177.85,177.66,177.85,1210.0,AZPN
2023-05-01 14:23:00,177.395,177.5854,177.395,177.5854,1511.0,AZPN
2023-05-01 14:20:00,177.31,177.31,177.09,177.115,1197.0,AZPN
2023-05-01 14:18:00,176.65,177.095,176.65,177.095,1800.0,AZPN
2023-05-01 14:17:00,176.83,176.83,176.83,176.83,486.0,AZPN
2023-05-01 14:11:00,176.86,176.86,176.86,176.86,206.0,AZPN
2023-05-01 14:10:00,176.885,177.04,176.885,177.04,2298.0,AZPN
2023-05-01 14:09:00,176.8,176.8,176.8,176.8,145.0,AZPN
2023-05-01 14:08:00,176.715,176.715,176.715,176.715,222.0,AZPN
2023-05-01 14:06:00,177.04,177.04,176.94,176.94,1636.0,AZPN
2023-05-01 14:05:00,177.225,177.225,177.12,177.14,880.0,AZPN
2023-05-01 14:04:00,177.175,177.32,177.175,177.32,1027.0,AZPN
2023-05-01 14:03:00,177.17,177.17,177.17,177.17,106.0,AZPN
2023-05-01 14:01:00,177.145,177.145,177.145,177.145,500.0,AZPN
2023-05-01 13:58:00,177.135,177.135,177.135,177.135,128.0,AZPN
2023-05-01 13:56:00,177.14,177.14,177.14,177.14,1055.0,AZPN
2023-05-01 13:55:00,177.14,177.14,177.14,177.14,178.0,AZPN
2023-05-01 13:54:00,177.14,177.14,177.14,177.14,146.0,AZPN
2023-05-01 13:53:00,177.125,177.125,177.1125,177.1125,283.0,AZPN
2023-05-01 13:49:00,177.25,177.32,177.25,177.25,543.0,AZPN
2023-05-01 13:48:00,177.165,177.165,177.165,177.165,675.0,AZPN
2023-05-01 13:47:00,177.03,177.07,176.95,177.07,349.0,AZPN
2023-05-01 13:46:00,176.95,176.95,176.95,176.95,189.0,AZPN
2023-05-01 13:45:00,177.11,177.11,177.1,177.1,268.0,AZPN
2023-05-01 13:43:00,177.35,177.35,177.29,177.29,541.0,AZPN
2023-05-01 13:42:00,177.425,177.425,177.425,177.425,361.0,AZPN
2023-05-01 13:41:00,177.55,177.55,177.55,177.55,148.0,AZPN
2023-05-01 13:34:00,177.37,177.53,177.37,177.53,331.0,AZPN
2023-05-01 13:31:00,177.435,177.435,177.13,177.37,2074.0,AZPN
2023-05-01 13:30:00,177.465,177.465,177.44,177.44,820.0,AZPN
2023-05-01 13:27:00,177.595,177.595,177.4601,177.4601,323.0,AZPN
2023-05-01 13:25:00,177.82,177.87,177.6,177.6,1437.0,AZPN
2023-05-01 13:24:00,177.87,177.87,177.585,177.585,515.0,AZPN
2023-05-01 13:23:00,177.77,177.92,177.595,177.595,1206.0,AZPN
2023-05-01 13:22:00,177.8,177.8,177.79,177.79,601.0,AZPN
2023-05-01 13:20:00,177.915,177.915,177.91,177.91,531.0,AZPN
2023-05-01 13:17:00,178.0,178.0,178.0,178.0,422.0,AZPN
2023-05-01 13:14:00,177.9238,177.945,177.78,177.945,916.0,AZPN
2023-05-01 13:05:00,177.83,177.84,177.83,177.84,847.0,AZPN
2023-05-01 13:04:00,177.78,177.78,177.78,177.78,251.0,AZPN
2023-05-01 13:02:00,177.76,177.76,177.76,177.76,262.0,AZPN
2023-05-01 13:01:00,177.63,177.63,177.63,177.63,542.0,AZPN
2023-05-01 12:55:00,177.63,177.63,177.63,177.63,196.0,AZPN
2023-05-01 12:54:00,177.595,177.595,177.595,177.595,264.0,AZPN
2023-05-01 12:53:00,177.5,177.5,177.5,177.5,434.0,AZPN
2023-05-01 12:51:00,177.77,177.775,177.77,177.775,1124.0,AZPN
2023-05-01 12:50:00,177.7,177.76,177.7,177.76,1418.0,AZPN
2023-05-01 12:49:00,177.6,177.6,177.6,177.6,108.0,AZPN
2023-05-01 12:48:00,177.5,177.61,177.5,177.53,1375.0,AZPN
2023-05-01 12:45:00,177.6,177.6,177.6,177.6,102.0,AZPN
2023-05-01 12:44:00,177.61,177.61,177.41,177.5,1301.0,AZPN
2023-05-01 12:41:00,177.635,177.635,177.635,177.635,265.0,AZPN
2023-05-01 12:38:00,177.5,177.5,177.442,177.5,2124.0,AZPN
2023-05-01 12:37:00,177.55,177.55,177.55,177.55,160.0,AZPN
2023-05-01 12:31:00,177.34,177.5,177.34,177.5,1021.0,AZPN
2023-05-01 12:28:00,177.2,177.2,177.2,177.2,375.0,AZPN
2023-05-01 12:27:00,177.035,177.17,177.035,177.13,2469.0,AZPN
2023-05-01 12:26:00,177.05,177.05,176.95,176.95,672.0,AZPN
2023-05-01 12:22:00,176.6801,176.945,176.6801,176.945,359.0,AZPN
2023-05-01 12:21:00,176.82,176.82,176.82,176.82,120.0,AZPN
2023-05-01 12:19:00,177.1,177.1,177.1,177.1,148.0,AZPN
2023-05-01 12:17:00,177.09,177.09,176.95,177.09,4808.0,AZPN
2023-05-01 12:16:00,177.015,177.07,177.015,177.07,801.0,AZPN
2023-05-01 12:15:00,176.92,176.98,176.92,176.98,529.0,AZPN
2023-05-01 12:14:00,176.89,176.955,176.89,176.955,300.0,AZPN
2023-05-01 12:13:00,176.845,176.845,176.845,176.845,451.0,AZPN
2023-05-01 12:12:00,176.82,176.82,176.811,176.811,787.0,AZPN
2023-05-01 12:06:00,176.84,176.91,176.83,176.85,741.0,AZPN
2023-05-01 12:04:00,177.02,177.07,176.98,177.0166,2330.0,AZPN
2023-05-01 12:03:00,176.945,177.06,176.945,177.06,775.0,AZPN
2023-05-01 12:02:00,177.03,177.03,176.95,176.95,1259.0,AZPN
2023-05-01 12:00:00,177.0,177.0,176.81,176.81,1169.0,AZPN
2023-05-01 11:59:00,177.06,177.06,176.9381,177.06,922.0,AZPN
2023-05-01 11:58:00,177.065,177.07,177.065,177.07,446.0,AZPN
2023-05-01 11:57:00,176.95,176.95,176.95,176.95,353.0,AZPN
2023-05-01 11:56:00,177.07,177.07,176.91,176.91,1171.0,AZPN
2023-05-01 11:55:00,177.0,177.03,177.0,177.03,802.0,AZPN
2023-05-01 11:54:00,177.0,177.0,177.0,177.0,778.0,AZPN
2023-05-01 11:52:00,176.875,176.875,176.875,176.875,159.0,AZPN
2023-05-01 11:51:00,176.8,176.99,176.76,176.88,2193.0,AZPN
2023-05-01 11:50:00,176.94,176.95,176.73,176.83,1004.0,AZPN
2023-05-01 11:49:00,177.0,177.1692,177.0,177.0,757.0,AZPN
2023-05-01 11:48:00,177.01,177.01,176.97,176.97,428.0,AZPN
2023-05-01 11:47:00,177.0,177.0,177.0,177.0,1248.0,AZPN
2023-05-01 11:46:00,177.0,177.22,176.95,177.0,2886.0,AZPN
2023-05-01 11:44:00,177.02,177.02,177.0,177.0,1200.0,AZPN
2023-05-01 11:42:00,177.2856,177.2856,177.02,177.055,1064.0,AZPN
2023-05-01 11:41:00,177.22,177.22,177.22,177.22,310.0,AZPN
2023-05-01 11:37:00,177.295,177.295,177.295,177.295,105.0,AZPN
2023-05-01 11:36:00,177.19,177.28,177.02,177.28,1195.0,AZPN
2023-05-01 11:35:00,177.02,177.145,176.93,177.13,1564.0,AZPN
2023-05-01 11:34:00,177.22,177.22,177.22,177.22,101.0,AZPN
2023-05-01 11:31:00,177.26,177.26,177.26,177.26,199.0,AZPN
2023-05-01 11:29:00,177.155,177.155,177.155,177.155,532.0,AZPN
2023-05-01 11:25:00,177.16,177.16,177.02,177.02,844.0,AZPN
2023-05-01 11:24:00,177.39,177.39,177.39,177.39,152.0,AZPN
2023-05-01 11:23:00,177.425,177.425,177.425,177.425,356.0,AZPN
2023-05-01 11:22:00,177.44,177.44,177.44,177.44,110.0,AZPN
2023-05-01 11:18:00,177.32,177.32,177.01,177.01,865.0,AZPN
2023-05-01 11:17:00,177.0,177.13,177.0,177.125,1085.0,AZPN
2023-05-01 11:16:00,177.13,177.13,177.13,177.13,217.0,AZPN
2023-05-01 11:13:00,177.67,177.67,177.67,177.67,200.0,AZPN
2023-05-01 11:12:00,177.79,177.79,177.69,177.69,349.0,AZPN
2023-05-01 11:11:00,177.4,177.73,177.4,177.73,1163.0,AZPN
2023-05-01 11:09:00,177.2,177.38,177.2,177.38,456.0,AZPN
2023-05-01 11:05:00,177.46,177.46,177.46,177.46,238.0,AZPN
2023-05-01 11:04:00,177.73,177.73,177.46,177.46,616.0,AZPN
2023-05-01 11:03:00,178.2334,178.25,177.81,177.8601,2666.0,AZPN
2023-05-01 11:01:00,178.14,178.3,178.14,178.3,648.0,AZPN
2023-05-01 10:59:00,178.08,178.08,178.08,178.08,234.0,AZPN
2023-05-01 10:56:00,177.745,178.08,177.745,178.08,1359.0,AZPN
2023-05-01 10:55:00,177.75,177.75,177.73,177.73,368.0,AZPN
2023-05-01 10:54:00,178.03,178.03,178.0,178.0,648.0,AZPN
2023-05-01 10:52:00,178.18,178.18,178.13,178.13,651.0,AZPN
2023-05-01 10:51:00,178.075,178.075,178.075,178.075,568.0,AZPN
2023-05-01 10:50:00,178.37,178.53,178.16,178.53,1458.0,AZPN
2023-05-01 10:49:00,178.58,178.58,178.58,178.58,164.0,AZPN
2023-05-01 10:48:00,178.235,178.47,178.235,178.47,1361.0,AZPN
2023-05-01 10:44:00,177.63,178.31,177.63,178.23,3546.0,AZPN
2023-05-01 10:43:00,178.0218,178.39,177.72,177.78,4385.0,AZPN
2023-05-01 10:42:00,178.08,178.08,178.08,178.08,226.0,AZPN
2023-05-01 10:40:00,178.26,178.38,177.95,178.33,2639.0,AZPN
2023-05-01 10:39:00,178.055,178.055,178.055,178.055,153.0,AZPN
2023-05-01 10:30:00,178.9,178.98,177.86,177.86,2279.0,AZPN
2023-05-01 10:29:00,179.415,179.415,179.415,179.415,374.0,AZPN
2023-05-01 10:28:00,179.6809,179.6809,179.6809,179.6809,185.0,AZPN
2023-05-01 10:25:00,179.335,179.335,179.335,179.335,239.0,AZPN
2023-05-01 10:22:00,180.0,180.0,179.72,179.995,1174.0,AZPN
2023-05-01 10:17:00,180.13,180.295,180.13,180.295,687.0,AZPN
2023-05-01 10:16:00,180.005,180.21,179.81,179.81,975.0,AZPN
2023-05-01 10:14:00,180.39,180.39,180.0101,180.14,1389.0,AZPN
2023-05-01 10:12:00,180.385,180.385,180.385,180.385,370.0,AZPN
2023-05-01 10:11:00,180.395,180.395,180.395,180.395,307.0,AZPN
2023-05-01 10:10:00,180.43,180.43,180.43,180.43,106.0,AZPN
2023-05-01 10:08:00,180.84,180.84,180.84,180.84,118.0,AZPN
2023-05-01 10:05:00,181.575,181.895,181.21,181.895,1328.0,AZPN
2023-05-01 10:04:00,181.25,181.25,181.25,181.25,134.0,AZPN
2023-05-01 10:03:00,181.32,181.34,181.32,181.34,248.0,AZPN
2023-05-01 10:02:00,181.285,181.285,181.285,181.285,209.0,AZPN
2023-05-01 10:01:00,181.78,181.85,181.78,181.85,1573.0,AZPN
2023-05-01 10:00:00,180.98,180.98,180.98,180.98,829.0,AZPN
2023-05-01 09:57:00,179.95,180.13,179.95,180.0,3069.0,AZPN
2023-05-01 09:56:00,179.65,179.65,179.65,179.65,693.0,AZPN
2023-05-01 09:55:00,179.35,179.511,179.35,179.511,429.0,AZPN
2023-05-01 09:53:00,179.5246,179.5246,179.5246,179.5246,863.0,AZPN
2023-05-01 09:49:00,178.665,178.665,178.665,178.665,250.0,AZPN
2023-05-01 09:48:00,178.76,178.76,178.76,178.76,235.0,AZPN
2023-05-01 09:47:00,178.7,178.7,178.7,178.7,193.0,AZPN
2023-05-01 09:46:00,178.38,179.2,178.06,178.87,2025.0,AZPN
2023-05-01 09:43:00,178.33,178.33,178.33,178.33,714.0,AZPN
2023-05-01 09:39:00,177.5,177.5,177.5,177.5,385.0,AZPN
2023-05-01 09:35:00,177.0,177.0,177.0,177.0,703.0,AZPN
2023-05-01 09:34:00,176.92,176.92,176.92,176.92,348.0,AZPN
2023-05-01 09:33:00,176.04,176.04,176.04,176.04,219.0,AZPN
2023-05-01 09:31:00,176.72,176.72,176.2,176.2,2442.0,AZPN
2023-04-28 16:09:00,177.0,177.0,177.0,177.0,169.0,AZPN
2023-04-28 16:01:00,177.0,177.0,177.0,177.0,714.0,AZPN
2023-04-28 16:00:00,177.12,177.3,176.98,177.15,22230.0,AZPN
2023-04-28 15:59:00,177.25,177.3,177.07,177.12,6823.0,AZPN
2023-04-28 15:58:00,177.43,177.555,177.265,177.265,13996.0,AZPN
2023-04-28 15:57:00,177.31,177.585,177.31,177.56,2786.0,AZPN
2023-04-28 15:56:00,177.06,177.3,176.9,177.3,4273.0,AZPN
2023-04-28 15:55:00,177.16,177.525,176.72,177.27,17233.0,AZPN
2023-04-28 15:54:00,177.275,177.3544,177.26,177.3544,1193.0,AZPN
2023-04-28 15:53:00,177.28,177.28,177.28,177.28,371.0,AZPN
2023-04-28 15:52:00,177.23,177.285,177.155,177.285,3764.0,AZPN
2023-04-28 15:51:00,177.35,177.415,177.155,177.155,7108.0,AZPN
2023-04-28 15:50:00,177.195,177.2,177.15,177.16,888.0,AZPN
2023-04-28 15:49:00,177.05,177.31,177.05,177.31,5213.0,AZPN
2023-04-28 15:48:00,177.03,177.03,176.905,176.905,4088.0,AZPN
2023-04-28 15:45:00,177.14,177.145,177.14,177.145,575.0,AZPN
2023-04-28 15:44:00,176.98,177.15,176.98,177.15,483.0,AZPN
2023-04-28 15:43:00,177.17,177.17,177.16,177.16,2090.0,AZPN
2023-04-28 15:42:00,177.1,177.2,177.04,177.185,2352.0,AZPN
2023-04-28 15:41:00,176.88,177.44,176.88,177.44,2591.0,AZPN
2023-04-28 15:40:00,176.725,176.735,176.725,176.735,811.0,AZPN
2023-04-28 15:39:00,176.72,176.725,176.72,176.725,438.0,AZPN
2023-04-28 15:38:00,177.17,177.17,176.72,176.72,6716.0,AZPN
2023-04-28 15:37:00,177.17,177.17,177.17,177.17,569.0,AZPN
2023-04-28 15:34:00,177.175,177.175,177.175,177.175,333.0,AZPN
2023-04-28 15:33:00,177.185,177.1854,177.185,177.185,2833.0,AZPN
2023-04-28 15:32:00,177.22,177.395,177.17,177.185,1795.0,AZPN
2023-04-28 15:31:00,177.32,177.4,177.31,177.4,1934.0,AZPN
2023-04-28 15:30:00,177.2,177.335,177.2,177.3,3303.0,AZPN
2023-04-28 15:29:00,177.365,177.52,177.365,177.5,2994.0,AZPN
2023-04-28 15:27:00,177.31,177.33,177.21,177.33,1996.0,AZPN
2023-04-28 15:25:00,176.91,177.115,176.91,177.115,2747.0,AZPN
2023-04-28 15:24:00,176.85,176.85,176.85,176.85,499.0,AZPN
2023-04-28 15:21:00,176.97,177.095,176.88,177.095,1811.0,AZPN
2023-04-28 15:19:00,177.1,177.1,177.1,177.1,282.0,AZPN
2023-04-28 15:18:00,177.5,177.505,177.32,177.32,4707.0,AZPN
2023-04-28 15:16:00,177.51,177.51,177.51,177.51,2469.0,AZPN
2023-04-28 15:15:00,177.51,177.71,177.51,177.71,1342.0,AZPN
2023-04-28 15:13:00,177.44,177.44,177.44,177.44,379.0,AZPN
2023-04-28 15:12:00,177.825,177.83,177.55,177.69,1932.0,AZPN
2023-04-28 15:10:00,177.875,177.875,177.875,177.875,1210.0,AZPN
2023-04-28 15:08:00,177.91,177.91,177.91,177.91,201.0,AZPN
2023-04-28 15:06:00,177.8,177.86,177.8,177.86,3440.0,AZPN
2023-04-28 15:05:00,177.82,177.825,177.82,177.825,1695.0,AZPN
2023-04-28 15:04:00,177.98,177.98,177.82,177.82,1344.0,AZPN
2023-04-28 15:03:00,178.07,178.14,178.0,178.0,3290.0,AZPN
2023-04-28 15:02:00,177.985,177.985,177.985,177.985,269.0,AZPN
2023-04-28 15:00:00,177.98,177.98,177.98,177.98,358.0,AZPN
2023-04-28 14:59:00,178.0,178.0,178.0,178.0,591.0,AZPN
2023-04-28 14:57:00,177.98,177.98,177.98,177.98,343.0,AZPN
2023-04-28 14:56:00,177.985,177.985,177.985,177.985,275.0,AZPN
2023-04-28 14:55:00,178.0,178.0,177.925,177.98,1230.0,AZPN
2023-04-28 14:54:00,177.98,178.045,177.98,178.045,2315.0,AZPN
2023-04-28 14:53:00,178.0,178.025,177.95,178.025,1155.0,AZPN
2023-04-28 14:52:00,177.94,177.95,177.94,177.95,569.0,AZPN
2023-04-28 14:51:00,178.17,178.17,177.95,177.95,7345.0,AZPN
2023-04-28 14:49:00,178.52,178.52,178.22,178.32,1310.0,AZPN
2023-04-28 14:48:00,178.515,178.515,178.515,178.515,285.0,AZPN
2023-04-28 14:47:00,178.5,178.5,178.5,178.5,307.0,AZPN
2023-04-28 14:46:00,178.15,178.505,178.15,178.505,2482.0,AZPN
2023-04-28 14:41:00,178.045,178.28,178.045,178.28,305.0,AZPN
2023-04-28 14:40:00,177.875,178.24,177.875,178.115,2395.0,AZPN
2023-04-28 14:36:00,177.74,178.0,177.74,177.85,1696.0,AZPN
2023-04-28 14:30:00,177.91,177.91,177.875,177.875,765.0,AZPN
2023-04-28 14:27:00,177.98,177.98,177.96,177.96,1445.0,AZPN
2023-04-28 14:25:00,177.8,177.8,177.8,177.8,132.0,AZPN
2023-04-28 14:24:00,177.875,177.875,177.875,177.875,477.0,AZPN
2023-04-28 14:20:00,178.17,178.17,178.025,178.025,898.0,AZPN
2023-04-28 14:19:00,178.34,178.66,178.28,178.5,1932.0,AZPN
2023-04-28 14:18:00,178.29,178.29,178.29,178.29,404.0,AZPN
2023-04-28 14:17:00,178.03,178.25,178.03,178.08,1626.0,AZPN
2023-04-28 14:16:00,178.02,178.02,178.02,178.02,301.0,AZPN
2023-04-28 14:15:00,177.93,177.98,177.835,177.835,1753.0,AZPN
2023-04-28 14:14:00,177.725,177.93,177.72,177.93,1015.0,AZPN
2023-04-28 14:12:00,177.59,177.59,177.59,177.59,307.0,AZPN
2023-04-28 14:11:00,177.775,177.775,177.6875,177.71,662.0,AZPN
2023-04-28 14:09:00,177.71,177.95,177.67,177.67,2799.0,AZPN
2023-04-28 14:06:00,177.87,177.87,177.87,177.87,142.0,AZPN
2023-04-28 14:04:00,177.825,177.825,177.825,177.825,185.0,AZPN
2023-04-28 14:02:00,178.03,178.03,178.03,178.03,116.0,AZPN
2023-04-28 14:01:00,178.04,178.04,178.04,178.04,668.0,AZPN
2023-04-28 14:00:00,177.85,178.0,177.82,177.82,2328.0,AZPN
2023-04-28 13:55:00,178.16,178.16,178.16,178.16,171.0,AZPN
2023-04-28 13:52:00,178.06,178.06,178.06,178.06,5178.0,AZPN
2023-04-28 13:50:00,178.27,178.27,178.27,178.27,255.0,AZPN
2023-04-28 13:45:00,177.84,177.84,177.84,177.84,756.0,AZPN
2023-04-28 13:41:00,177.73,177.84,177.72,177.72,1152.0,AZPN
2023-04-28 13:40:00,177.84,177.84,177.84,177.84,413.0,AZPN
2023-04-28 13:39:00,177.05,177.84,177.05,177.84,2433.0,AZPN
2023-04-28 13:38:00,177.0,177.0,177.0,177.0,524.0,AZPN
2023-04-28 13:37:00,177.29,177.29,177.29,177.29,100.0,AZPN
2023-04-28 13:36:00,177.175,177.175,177.175,177.175,339.0,AZPN
2023-04-28 13:31:00,178.12,178.15,177.84,177.84,2408.0,AZPN
2023-04-28 13:24:00,178.5,178.5,177.85,177.86,2962.0,AZPN
2023-04-28 13:23:00,178.55,178.55,178.44,178.44,330.0,AZPN
2023-04-28 13:22:00,178.12,178.34,178.12,178.34,1230.0,AZPN
2023-04-28 13:19:00,178.135,178.135,178.135,178.135,333.0,AZPN
2023-04-28 13:18:00,178.35,178.38,178.32,178.32,848.0,AZPN
2023-04-28 13:16:00,177.85,177.85,177.85,177.85,144.0,AZPN
2023-04-28 13:15:00,177.84,177.84,177.84,177.84,1005.0,AZPN
2023-04-28 13:11:00,177.3,177.42,177.3,177.415,982.0,AZPN
2023-04-28 13:10:00,176.88,177.11,176.835,177.11,3841.0,AZPN
2023-04-28 13:09:00,176.99,176.99,176.87,176.87,525.0,AZPN
2023-04-28 13:08:00,176.8601,176.8601,176.8601,176.8601,645.0,AZPN
2023-04-28 13:04:00,176.88,176.88,176.88,176.88,229.0,AZPN
2023-04-28 13:03:00,177.0,177.0,176.86,176.86,667.0,AZPN
2023-04-28 13:02:00,176.985,176.985,176.985,176.985,226.0,AZPN
2023-04-28 13:01:00,177.14,177.14,177.14,177.14,299.0,AZPN
2023-04-28 12:59:00,177.88,177.88,177.36,177.615,3787.0,AZPN
2023-04-28 12:58:00,178.055,178.06,178.055,178.06,5617.0,AZPN
2023-04-28 12:56:00,178.055,178.055,178.055,178.055,107.0,AZPN
2023-04-28 12:51:00,177.9766,178.155,177.96,178.145,1774.0,AZPN
2023-04-28 12:47:00,178.22,178.22,178.22,178.22,170.0,AZPN
2023-04-28 12:45:00,178.5,178.5,178.5,178.5,1590.0,AZPN
2023-04-28 12:44:00,178.74,178.74,178.74,178.74,216.0,AZPN
2023-04-28 12:43:00,178.98,178.98,178.95,178.95,303.0,AZPN
2023-04-28 12:42:00,178.94,178.94,178.94,178.94,115.0,AZPN
2023-04-28 12:41:00,178.49,178.52,178.47,178.52,964.0,AZPN
2023-04-28 12:40:00,178.85,178.85,178.85,178.85,238.0,AZPN
2023-04-28 12:37:00,178.81,178.81,178.81,178.81,229.0,AZPN
2023-04-28 12:36:00,178.5,178.71,178.5,178.635,1574.0,AZPN
2023-04-28 12:34:00,178.455,178.455,178.45,178.45,380.0,AZPN
2023-04-28 12:33:00,178.8,178.9336,178.05,178.51,3236.0,AZPN
2023-04-28 12:32:00,178.755,178.85,178.68,178.68,490.0,AZPN
2023-04-28 12:31:00,178.505,178.93,178.505,178.795,3665.0,AZPN
2023-04-28 12:28:00,178.545,178.545,178.545,178.545,532.0,AZPN
2023-04-28 12:27:00,179.0,179.17,178.58,178.58,5241.0,AZPN
2023-04-28 12:26:00,178.95,179.0,178.765,178.77,1048.0,AZPN
2023-04-28 12:25:00,178.42,178.97,178.395,178.8619,2717.0,AZPN
2023-04-28 12:23:00,178.22,178.39,178.22,178.39,421.0,AZPN
2023-04-28 12:22:00,177.84,177.84,177.84,177.84,315.0,AZPN
2023-04-28 12:21:00,177.845,177.845,177.845,177.845,826.0,AZPN
2023-04-28 12:20:00,177.365,177.365,177.365,177.365,659.0,AZPN
2023-04-28 12:19:00,177.34,177.34,177.34,177.34,573.0,AZPN
2023-04-28 12:18:00,178.36,178.36,178.36,178.36,107.0,AZPN
2023-04-28 12:17:00,178.105,178.105,178.105,178.105,294.0,AZPN
2023-04-28 12:16:00,178.255,178.4487,178.135,178.135,388.0,AZPN
2023-04-28 12:15:00,177.76,178.27,177.76,178.26,1427.0,AZPN
2023-04-28 12:11:00,177.565,177.565,177.46,177.46,259.0,AZPN
2023-04-28 12:10:00,177.59,177.59,177.59,177.59,527.0,AZPN
2023-04-28 12:09:00,177.77,177.78,177.77,177.78,1549.0,AZPN
2023-04-28 12:08:00,177.645,178.05,177.645,177.79,1247.0,AZPN
2023-04-28 12:07:00,177.33,177.86,177.33,177.535,1193.0,AZPN
2023-04-28 12:06:00,176.975,177.315,176.78,177.315,3696.0,AZPN
2023-04-28 12:05:00,176.86,177.09,176.72,176.795,1605.0,AZPN
2023-04-28 12:04:00,176.35,176.935,176.35,176.88,1197.0,AZPN
2023-04-28 12:02:00,175.38,175.88,175.38,175.88,3696.0,AZPN
2023-04-28 11:58:00,175.37,175.37,175.37,175.37,120.0,AZPN
2023-04-28 11:55:00,175.4,175.4,175.4,175.4,118.0,AZPN
2023-04-28 11:54:00,175.4,175.4,175.4,175.4,181.0,AZPN
2023-04-28 11:53:00,174.95,175.49,174.95,175.49,1936.0,AZPN
2023-04-28 11:52:00,175.0,175.0,174.97,174.97,1330.0,AZPN
2023-04-28 11:51:00,175.165,175.165,175.165,175.165,257.0,AZPN
2023-04-28 11:48:00,175.035,175.3,175.035,175.08,1136.0,AZPN
2023-04-28 11:46:00,174.99,174.99,174.99,174.99,167.0,AZPN
2023-04-28 11:40:00,175.45,175.45,175.25,175.25,1305.0,AZPN
2023-04-28 11:38:00,175.61,175.61,175.61,175.61,237.0,AZPN
2023-04-28 11:35:00,175.71,175.89,175.69,175.72,1573.0,AZPN
2023-04-28 11:32:00,175.9,175.9,175.9,175.9,604.0,AZPN
2023-04-28 11:30:00,175.47,175.69,175.32,175.32,2468.0,AZPN
2023-04-28 11:26:00,175.62,175.65,175.08,175.08,1962.0,AZPN
2023-04-28 11:24:00,175.1115,175.63,175.1115,175.43,413.0,AZPN
2023-04-28 11:23:00,175.56,175.56,175.24,175.35,2169.0,AZPN
2023-04-28 11:21:00,175.7928,175.7928,175.7928,175.7928,441.0,AZPN
2023-04-28 11:20:00,175.4,175.43,175.4,175.4,1083.0,AZPN
2023-04-28 11:18:00,174.8377,174.8377,174.8377,174.8377,262.0,AZPN
2023-04-28 11:17:00,174.76,175.075,174.72,175.06,6398.0,AZPN
2023-04-28 11:15:00,174.34,174.52,174.15,174.52,4294.0,AZPN
2023-04-28 11:13:00,174.635,174.7,174.635,174.68,498.0,AZPN
2023-04-28 11:12:00,174.6,174.98,174.6,174.98,389.0,AZPN
2023-04-28 11:11:00,174.14,174.14,174.14,174.14,298.0,AZPN
2023-04-28 11:09:00,173.43,173.47,173.43,173.46,788.0,AZPN
2023-04-28 11:08:00,173.46,173.46,173.19,173.19,225.0,AZPN
2023-04-28 11:07:00,173.01,173.21,172.77,173.21,984.0,AZPN
2023-04-28 11:06:00,172.52,172.715,172.5,172.715,1455.0,AZPN
2023-04-28 11:05:00,172.47,172.47,172.47,172.47,493.0,AZPN
2023-04-28 11:04:00,172.225,172.245,172.225,172.245,419.0,AZPN
2023-04-28 11:03:00,172.46,172.5,172.215,172.215,1206.0,AZPN
2023-04-28 11:02:00,172.28,172.28,172.16,172.16,447.0,AZPN
2023-04-28 11:01:00,172.36,172.36,172.11,172.11,1059.0,AZPN
2023-04-28 10:59:00,172.62,172.69,172.3339,172.5996,1957.0,AZPN
2023-04-28 10:58:00,172.99,172.99,172.76,172.76,730.0,AZPN
2023-04-28 10:56:00,173.005,173.005,172.995,172.995,309.0,AZPN
2023-04-28 10:54:00,173.21,173.21,173.005,173.005,329.0,AZPN
2023-04-28 10:53:00,172.37,173.26,172.37,172.98,3483.0,AZPN
2023-04-28 10:52:00,172.59,172.59,172.59,172.59,633.0,AZPN
2023-04-28 10:51:00,172.92,172.92,172.92,172.92,144.0,AZPN
2023-04-28 10:50:00,173.09,173.12,172.8,172.8,2473.0,AZPN
2023-04-28 10:49:00,172.955,172.955,172.955,172.955,203.0,AZPN
2023-04-28 10:48:00,172.95,173.09,172.9,173.09,1593.0,AZPN
2023-04-28 10:47:00,172.565,172.565,172.565,172.565,1176.0,AZPN
2023-04-28 10:46:00,173.344,173.344,173.344,173.344,170.0,AZPN
2023-04-28 10:44:00,173.41,173.41,173.41,173.41,172.0,AZPN
2023-04-28 10:43:00,173.41,173.41,173.39,173.39,767.0,AZPN
2023-04-28 10:41:00,173.41,174.11,173.41,173.87,2702.0,AZPN
2023-04-28 10:39:00,173.79,173.79,173.79,173.79,493.0,AZPN
2023-04-28 10:37:00,174.755,174.755,174.755,174.755,575.0,AZPN
2023-04-28 10:35:00,175.035,175.035,175.035,175.035,390.0,AZPN
2023-04-28 10:34:00,175.35,175.35,175.26,175.27,1141.0,AZPN
2023-04-28 10:32:00,175.54,175.54,175.41,175.5,2179.0,AZPN
2023-04-28 10:30:00,175.6,175.6,175.5795,175.5795,744.0,AZPN
2023-04-28 10:29:00,175.78,175.78,175.58,175.58,955.0,AZPN
2023-04-28 10:28:00,176.03,176.03,176.03,176.03,182.0,AZPN
2023-04-28 10:26:00,175.685,175.685,175.685,175.685,629.0,AZPN
2023-04-28 10:25:00,175.33,175.72,175.33,175.72,381.0,AZPN
2023-04-28 10:24:00,175.765,175.765,175.765,175.765,5177.0,AZPN
2023-04-28 10:23:00,176.275,176.275,175.61,175.61,6257.0,AZPN
2023-04-28 10:22:00,176.25,176.25,176.055,176.055,499.0,AZPN
2023-04-28 10:21:00,176.285,176.29,176.285,176.29,409.0,AZPN
2023-04-28 10:20:00,176.17,176.48,176.17,176.43,2047.0,AZPN
2023-04-28 10:19:00,175.65,175.65,174.9101,174.9101,604.0,AZPN
2023-04-28 10:18:00,176.06,176.85,175.63,176.03,1451.0,AZPN
2023-04-28 10:17:00,176.92,176.93,176.475,176.475,1227.0,AZPN
2023-04-28 10:16:00,176.47,176.47,176.47,176.47,231.0,AZPN
2023-04-28 10:15:00,176.5755,176.5755,176.5755,176.5755,378.0,AZPN
2023-04-28 10:14:00,177.0,177.415,176.47,176.85,4032.0,AZPN
2023-04-28 10:13:00,175.91,176.93,175.9,176.93,1893.0,AZPN
2023-04-28 10:12:00,175.475,175.5637,175.475,175.5637,380.0,AZPN
2023-04-28 10:10:00,175.1558,175.1558,175.1558,175.1558,341.0,AZPN
2023-04-28 10:09:00,173.93,175.07,173.93,175.07,694.0,AZPN
2023-04-28 10:08:00,173.8084,173.8084,173.8084,173.8084,150.0,AZPN
2023-04-28 10:07:00,173.67,173.67,173.67,173.67,130.0,AZPN
2023-04-28 10:06:00,172.735,172.79,172.735,172.79,265.0,AZPN
2023-04-28 10:05:00,171.93,172.465,171.93,172.465,1257.0,AZPN
2023-04-28 10:04:00,170.31,171.17,170.31,171.13,2429.0,AZPN
2023-04-28 10:01:00,169.5791,169.5791,169.5791,169.5791,318.0,AZPN
2023-04-28 09:59:00,170.02,170.02,169.58,169.58,387.0,AZPN
2023-04-28 09:58:00,170.025,170.025,170.025,170.025,209.0,AZPN
2023-04-28 09:56:00,170.0007,170.0007,170.0007,170.0007,289.0,AZPN
2023-04-28 09:52:00,170.78,170.78,170.44,170.665,2676.0,AZPN
2023-04-28 09:51:00,171.33,171.33,171.33,171.33,447.0,AZPN
2023-04-28 09:49:00,170.59,171.32,170.59,171.32,1084.0,AZPN
2023-04-28 09:48:00,169.95,170.51,169.95,170.48,926.0,AZPN
2023-04-28 09:47:00,168.925,169.84,168.925,169.84,1985.0,AZPN
2023-04-28 09:46:00,168.925,168.925,168.925,168.925,544.0,AZPN
2023-04-28 09:44:00,168.915,168.915,168.672,168.672,518.0,AZPN
2023-04-28 09:43:00,168.99,169.33,168.915,168.915,3986.0,AZPN
2023-04-28 09:40:00,170.54,170.54,169.7,169.7,984.0,AZPN
2023-04-28 09:37:00,170.5525,170.5525,170.5525,170.5525,1023.0,AZPN
2023-04-28 09:36:00,171.8657,171.8657,171.8657,171.8657,285.0,AZPN
2023-04-28 09:34:00,172.68,172.68,172.68,172.68,169.0,AZPN
2023-04-28 09:31:00,174.25,174.25,173.21,173.21,5232.0,AZPN
2023-04-28 09:00:00,176.1,176.1,176.1,176.1,215.0,AZPN
2023-04-28 08:53:00,175.06,175.06,175.06,175.06,259.0,AZPN
2023-04-28 08:51:00,177.005,177.005,177.0,177.0,1072.0,AZPN
2023-04-28 08:01:00,174.9,174.9,174.9,174.9,126.0,AZPN
2023-04-27 16:00:00,174.76,174.9,174.74,174.9,9509.0,AZPN
2023-04-27 15:59:00,174.905,174.91,174.77,174.79,11311.0,AZPN
2023-04-27 15:58:00,174.98,175.12,174.9,174.9,15893.0,AZPN
2023-04-27 15:57:00,174.83,174.97,174.82,174.97,4054.0,AZPN
2023-04-27 15:56:00,174.84,174.85,174.725,174.85,6288.0,AZPN
2023-04-27 15:55:00,174.61,174.86,174.61,174.86,7869.0,AZPN
2023-04-27 15:54:00,174.87,174.9899,174.64,174.64,6380.0,AZPN
2023-04-27 15:53:00,174.53,174.99,174.53,174.97,5113.0,AZPN
2023-04-27 15:52:00,174.74,174.88,174.5,174.67,7915.0,AZPN
2023-04-27 15:51:00,175.0,175.13,174.745,174.745,11310.0,AZPN
2023-04-27 15:50:00,174.965,175.015,174.89,174.89,6027.0,AZPN
2023-04-27 15:49:00,175.0,175.07,174.8175,174.965,8771.0,AZPN
2023-04-27 15:48:00,174.985,175.06,174.89,175.05,13023.0,AZPN
2023-04-27 15:47:00,175.0,175.08,174.995,175.0,2775.0,AZPN
2023-04-27 15:46:00,174.97,175.08,174.97,175.0,1659.0,AZPN
2023-04-27 15:45:00,175.0,175.075,174.97,174.97,5205.0,AZPN
2023-04-27 15:44:00,174.84,175.0,174.84,174.865,561.0,AZPN
2023-04-27 15:43:00,175.0,175.0,174.84,174.85,2330.0,AZPN
2023-04-27 15:42:00,175.0,175.07,174.81,175.0,9508.0,AZPN
2023-04-27 15:41:00,174.82,175.0,174.7879,175.0,3188.0,AZPN
2023-04-27 15:40:00,174.655,174.7,174.655,174.7,1176.0,AZPN
2023-04-27 15:39:00,174.91,174.955,174.67,174.675,5947.0,AZPN
2023-04-27 15:38:00,174.95,175.0,174.905,174.955,3530.0,AZPN
2023-04-27 15:37:00,175.0434,175.0735,174.94,174.96,8498.0,AZPN
2023-04-27 15:36:00,174.72,175.08,174.72,175.0,4703.0,AZPN
2023-04-27 15:35:00,174.62,174.66,174.585,174.585,2086.0,AZPN
2023-04-27 15:34:00,174.73,174.84,174.73,174.735,804.0,AZPN
2023-04-27 15:32:00,174.38,174.6,174.38,174.6,3294.0,AZPN
2023-04-27 15:31:00,174.395,174.395,174.2925,174.37,3781.0,AZPN
2023-04-27 15:30:00,174.5792,174.59,174.47,174.47,4816.0,AZPN
2023-04-27 15:29:00,174.8101,174.8101,174.5,174.595,2357.0,AZPN
2023-04-27 15:28:00,174.87,175.08,174.85,175.08,1112.0,AZPN
2023-04-27 15:27:00,174.56,174.79,174.56,174.79,2813.0,AZPN
2023-04-27 15:26:00,174.62,174.62,174.5,174.56,2058.0,AZPN
2023-04-27 15:24:00,174.62,174.62,174.61,174.61,934.0,AZPN
2023-04-27 15:23:00,174.63,174.63,174.63,174.63,751.0,AZPN
2023-04-27 15:22:00,174.65,174.72,174.5,174.63,4609.0,AZPN
2023-04-27 15:21:00,174.8,174.8,174.69,174.79,1592.0,AZPN
2023-04-27 15:20:00,174.8001,175.1,174.8,175.0,4704.0,AZPN
2023-04-27 15:19:00,174.92,175.0,174.8,174.895,6311.0,AZPN
2023-04-27 15:18:00,175.0,175.04,174.8,175.03,6024.0,AZPN
2023-04-27 15:17:00,174.925,174.925,174.92,174.92,841.0,AZPN
2023-04-27 15:16:00,175.0,175.0,174.925,175.0,609.0,AZPN
2023-04-27 15:15:00,175.0,175.0,175.0,175.0,391.0,AZPN
2023-04-27 15:14:00,174.86,175.01,174.86,174.925,5825.0,AZPN
2023-04-27 15:13:00,175.0,175.0,174.8,174.9,5040.0,AZPN
2023-04-27 15:11:00,174.985,175.12,174.78,175.01,3920.0,AZPN
2023-04-27 15:10:00,174.99,174.99,174.99,174.99,194.0,AZPN
2023-04-27 15:09:00,174.87,174.87,174.8,174.87,1339.0,AZPN
2023-04-27 15:08:00,175.23,175.23,174.801,174.84,6842.0,AZPN
2023-04-27 15:07:00,175.48,175.48,175.235,175.235,317.0,AZPN
2023-04-27 15:04:00,175.195,175.195,175.195,175.195,211.0,AZPN
2023-04-27 15:03:00,174.935,175.36,174.925,175.36,1571.0,AZPN
2023-04-27 15:02:00,175.39,175.42,175.29,175.29,2076.0,AZPN
2023-04-27 15:01:00,175.25,175.25,175.25,175.25,523.0,AZPN
2023-04-27 15:00:00,175.14,175.43,175.14,175.43,1621.0,AZPN
2023-04-27 14:58:00,175.68,175.68,175.11,175.23,4951.0,AZPN
2023-04-27 14:57:00,175.72,176.06,175.72,176.06,1006.0,AZPN
2023-04-27 14:56:00,175.68,175.68,175.67,175.67,704.0,AZPN
2023-04-27 14:54:00,175.52,175.52,175.5,175.5,318.0,AZPN
2023-04-27 14:53:00,174.995,175.67,174.995,175.67,2340.0,AZPN
2023-04-27 14:52:00,175.0118,175.0118,174.995,174.995,455.0,AZPN
2023-04-27 14:50:00,175.085,175.085,175.085,175.085,501.0,AZPN
2023-04-27 14:47:00,175.06,175.42,175.06,175.42,1795.0,AZPN
2023-04-27 14:46:00,174.7,174.8,174.7,174.8,759.0,AZPN
2023-04-27 14:44:00,174.83,174.83,174.83,174.83,496.0,AZPN
2023-04-27 14:43:00,175.83,175.88,175.0,175.08,3884.0,AZPN
2023-04-27 14:42:00,175.5,175.79,175.5,175.78,1365.0,AZPN
2023-04-27 14:39:00,175.01,175.165,175.01,175.165,464.0,AZPN
2023-04-27 14:38:00,176.44,176.44,174.92,174.92,2760.0,AZPN
2023-04-27 14:37:00,176.68,176.68,176.68,176.68,141.0,AZPN
2023-04-27 14:36:00,176.71,176.85,176.41,176.66,1993.0,AZPN
2023-04-27 14:34:00,176.495,176.495,176.495,176.495,506.0,AZPN
2023-04-27 14:33:00,176.3175,176.69,176.3175,176.61,3085.0,AZPN
2023-04-27 14:32:00,177.72,177.72,176.745,176.745,6650.0,AZPN
2023-04-27 14:31:00,177.91,177.91,177.91,177.91,316.0,AZPN
2023-04-27 14:29:00,177.69,177.84,177.69,177.6901,1657.0,AZPN
2023-04-27 14:27:00,177.9667,177.9667,177.9667,177.9667,229.0,AZPN
2023-04-27 14:26:00,178.145,178.3844,177.85,178.12,2851.0,AZPN
2023-04-27 14:25:00,178.16,178.34,177.9111,178.145,1399.0,AZPN
2023-04-27 14:24:00,177.92,178.16,177.92,178.16,1320.0,AZPN
2023-04-27 14:23:00,177.515,177.83,177.515,177.83,1261.0,AZPN
2023-04-27 14:22:00,177.83,177.83,177.63,177.63,334.0,AZPN
2023-04-27 14:21:00,177.505,178.2,177.4271,178.03,8843.0,AZPN
2023-04-27 14:20:00,177.66,177.66,177.435,177.435,642.0,AZPN
2023-04-27 14:19:00,177.53,177.53,177.53,177.53,458.0,AZPN
2023-04-27 14:18:00,177.88,177.885,177.87,177.885,892.0,AZPN
2023-04-27 14:17:00,178.04,178.53,177.99,178.08,6407.0,AZPN
2023-04-27 14:15:00,176.93,177.615,176.93,177.615,2459.0,AZPN
2023-04-27 14:13:00,176.52,176.92,176.52,176.89,1654.0,AZPN
2023-04-27 14:12:00,176.235,176.235,176.235,176.235,253.0,AZPN
2023-04-27 14:11:00,176.2,176.27,176.2,176.27,355.0,AZPN
2023-04-27 14:10:00,176.0952,176.0952,176.0952,176.0952,301.0,AZPN
2023-04-27 14:09:00,177.25,177.25,175.8,175.8,48890.0,AZPN
2023-04-27 14:08:00,176.56,177.09,176.55,177.09,33603.0,AZPN
2023-04-27 14:06:00,177.03,177.03,176.19,176.19,3466.0,AZPN
2023-04-27 14:05:00,176.55,177.2,176.55,176.92,1543.0,AZPN
2023-04-27 14:04:00,176.12,176.655,176.12,176.535,4683.0,AZPN
2023-04-27 14:03:00,175.48,175.78,175.41,175.74,2851.0,AZPN
2023-04-27 14:02:00,174.95,175.415,174.95,175.4,6377.0,AZPN
2023-04-27 14:01:00,174.965,174.965,174.85,174.915,1069.0,AZPN
2023-04-27 14:00:00,174.98,174.98,174.98,174.98,1266.0,AZPN
2023-04-27 13:59:00,174.975,174.98,174.975,174.98,398.0,AZPN
2023-04-27 13:58:00,174.975,174.975,174.9,174.9,296.0,AZPN
2023-04-27 13:57:00,174.975,174.975,174.975,174.975,137.0,AZPN
2023-04-27 13:56:00,174.975,174.975,174.975,174.975,239.0,AZPN
2023-04-27 13:55:00,174.98,174.98,174.86,174.86,846.0,AZPN
2023-04-27 13:54:00,174.83,174.98,174.83,174.98,414.0,AZPN
2023-04-27 13:53:00,174.86,174.995,174.84,174.995,3479.0,AZPN
2023-04-27 13:52:00,175.03,175.03,175.03,175.03,406.0,AZPN
2023-04-27 13:51:00,175.03,175.03,175.03,175.03,217.0,AZPN
2023-04-27 13:50:00,175.035,175.035,175.03,175.03,362.0,AZPN
2023-04-27 13:49:00,174.91,175.2,174.91,175.015,2560.0,AZPN
2023-04-27 13:48:00,175.0408,175.07,174.9,174.975,1140.0,AZPN
2023-04-27 13:47:00,175.01,175.03,175.0,175.03,620.0,AZPN
2023-04-27 13:46:00,174.77,175.0,174.57,174.98,4872.0,AZPN
2023-04-27 13:45:00,174.97,174.97,174.77,174.77,343.0,AZPN
2023-04-27 13:43:00,174.75,174.96,174.74,174.74,619.0,AZPN
2023-04-27 13:41:00,174.715,174.715,174.715,174.715,178.0,AZPN
2023-04-27 13:40:00,174.715,174.715,174.715,174.715,340.0,AZPN
2023-04-27 13:37:00,174.59,174.66,174.11,174.635,5355.0,AZPN
2023-04-27 13:36:00,174.7,174.7148,174.56,174.56,1501.0,AZPN
2023-04-27 13:35:00,175.02,175.02,174.63,174.75,3218.0,AZPN
2023-04-27 13:34:00,175.525,175.525,174.77,174.8375,2983.0,AZPN
2023-04-27 13:33:00,175.535,175.535,175.535,175.535,291.0,AZPN
2023-04-27 13:32:00,175.57,175.71,175.3601,175.71,3596.0,AZPN
2023-04-27 13:31:00,175.75,175.75,175.7435,175.7435,2019.0,AZPN
2023-04-27 13:29:00,175.3601,175.9395,175.3601,175.9395,1569.0,AZPN
2023-04-27 13:28:00,175.82,175.87,175.645,175.645,404.0,AZPN
2023-04-27 13:27:00,174.92,175.9975,174.915,175.877,4897.0,AZPN
2023-04-27 13:26:00,174.9,174.9,174.9,174.9,565.0,AZPN
2023-04-27 13:25:00,175.98,175.98,174.5118,174.8559,8412.0,AZPN
2023-04-27 13:23:00,175.72,175.72,175.72,175.72,973.0,AZPN
2023-04-27 13:21:00,175.5,175.7117,175.5,175.695,2104.0,AZPN
2023-04-27 13:20:00,175.255,175.265,175.2494,175.2494,906.0,AZPN
2023-04-27 13:19:00,175.305,175.43,175.24,175.25,2084.0,AZPN
2023-04-27 13:18:00,174.93,175.39,174.93,175.3,11087.0,AZPN
2023-04-27 13:17:00,174.9314,174.9314,174.92,174.925,353.0,AZPN
2023-04-27 13:16:00,174.92,174.92,174.92,174.92,247.0,AZPN
2023-04-27 13:15:00,174.99,175.075,174.7,174.7,4330.0,AZPN
2023-04-27 13:14:00,175.01,175.01,175.01,175.01,281.0,AZPN
2023-04-27 13:12:00,175.215,175.2507,175.2094,175.2507,745.0,AZPN
2023-04-27 13:11:00,175.16,175.38,174.96,175.215,3855.0,AZPN
2023-04-27 13:09:00,175.37,175.3718,175.37,175.3718,309.0,AZPN
2023-04-27 13:08:00,175.3723,175.58,175.37,175.37,1246.0,AZPN
2023-04-27 13:07:00,174.79,175.7,174.79,175.1701,7043.0,AZPN
2023-04-27 13:06:00,174.55,174.55,174.55,174.55,129.0,AZPN
2023-04-27 13:05:00,174.575,174.575,174.575,174.575,403.0,AZPN
2023-04-27 13:04:00,174.335,174.66,174.335,174.66,1869.0,AZPN
2023-04-27 13:02:00,174.85,174.85,173.94,174.335,4515.0,AZPN
2023-04-27 13:01:00,174.67,174.67,174.495,174.495,1371.0,AZPN
2023-04-27 12:59:00,174.64,174.64,174.335,174.335,368.0,AZPN
2023-04-27 12:58:00,174.2,174.55,174.06,174.55,1582.0,AZPN
2023-04-27 12:57:00,173.73,173.73,173.67,173.67,590.0,AZPN
2023-04-27 12:56:00,172.605,173.22,172.605,173.2,2495.0,AZPN
2023-04-27 12:55:00,172.74,172.74,172.605,172.605,569.0,AZPN
2023-04-27 12:54:00,172.49,172.7,172.49,172.7,351.0,AZPN
2023-04-27 12:53:00,172.445,172.485,172.445,172.485,263.0,AZPN
2023-04-27 12:52:00,172.445,172.445,172.445,172.445,135.0,AZPN
2023-04-27 12:51:00,172.445,172.445,172.445,172.445,217.0,AZPN
2023-04-27 12:50:00,172.42,172.59,172.42,172.59,1325.0,AZPN
2023-04-27 12:49:00,172.075,172.2,172.075,172.2,1033.0,AZPN
2023-04-27 12:47:00,172.1886,172.535,172.07,172.27,7862.0,AZPN
2023-04-27 12:46:00,171.935,172.185,171.935,172.175,1995.0,AZPN
2023-04-27 12:45:00,171.88,172.1,171.735,172.0,5027.0,AZPN
2023-04-27 12:44:00,171.685,171.75,171.6,171.75,1059.0,AZPN
2023-04-27 12:43:00,171.665,171.675,171.665,171.675,626.0,AZPN
2023-04-27 12:42:00,171.3901,171.665,171.3901,171.665,637.0,AZPN
2023-04-27 12:41:00,171.53,172.01,171.53,171.68,587.0,AZPN
2023-04-27 12:40:00,171.7,171.87,171.53,171.53,1966.0,AZPN
2023-04-27 12:39:00,171.96,172.0,171.705,171.885,4008.0,AZPN
2023-04-27 12:38:00,172.15,172.15,172.15,172.15,429.0,AZPN
2023-04-27 12:37:00,173.01,173.01,172.08,172.08,4303.0,AZPN
2023-04-27 12:36:00,173.01,173.01,173.01,173.01,887.0,AZPN
2023-04-27 12:35:00,172.41,172.935,172.31,172.905,11146.0,AZPN
2023-04-27 12:34:00,172.31,172.315,172.31,172.315,583.0,AZPN
2023-04-27 12:33:00,172.31,172.31,172.31,172.31,342.0,AZPN
2023-04-27 12:32:00,172.31,172.31,172.31,172.31,318.0,AZPN
2023-04-27 12:31:00,172.27,172.405,172.25,172.31,2226.0,AZPN
2023-04-27 12:30:00,172.5,172.65,172.465,172.465,2703.0,AZPN
2023-04-27 12:29:00,172.37,172.56,172.3149,172.56,3652.0,AZPN
2023-04-27 12:28:00,172.34,172.34,172.105,172.105,226.0,AZPN
2023-04-27 12:27:00,172.35,172.35,172.08,172.085,10574.0,AZPN
2023-04-27 12:26:00,172.035,172.36,172.035,172.35,641.0,AZPN
2023-04-27 12:25:00,172.29,172.29,172.29,172.29,236.0,AZPN
2023-04-27 12:24:00,172.06,172.34,172.02,172.34,1099.0,AZPN
2023-04-27 12:23:00,171.8,171.83,171.485,171.695,3412.0,AZPN
2023-04-27 12:22:00,171.76,171.82,170.9301,171.18,3581.0,AZPN
2023-04-27 12:21:00,171.36,171.365,171.36,171.365,7447.0,AZPN
2023-04-27 12:20:00,171.16,171.46,171.16,171.37,1747.0,AZPN
2023-04-27 12:19:00,171.0,171.0,171.0,171.0,491.0,AZPN
2023-04-27 12:18:00,171.0,171.0,171.0,171.0,152.0,AZPN
2023-04-27 12:17:00,171.2,171.2,170.765,171.0,3615.0,AZPN
2023-04-27 12:16:00,171.26,171.26,171.19,171.19,295.0,AZPN
2023-04-27 12:15:00,171.17,171.39,171.1042,171.39,2081.0,AZPN
2023-04-27 12:14:00,171.03,171.035,171.03,171.035,374.0,AZPN
2023-04-27 12:13:00,171.0,171.06,170.99,171.025,1238.0,AZPN
2023-04-27 12:12:00,171.24,171.25,171.06,171.22,2726.0,AZPN
2023-04-27 12:11:00,170.89,171.355,170.665,171.245,2928.0,AZPN
2023-04-27 12:10:00,171.18,171.18,171.18,171.18,282.0,AZPN
2023-04-27 12:09:00,170.785,170.92,170.785,170.92,1312.0,AZPN
2023-04-27 12:08:00,170.655,170.655,170.655,170.655,206.0,AZPN
2023-04-27 12:07:00,171.655,171.655,170.54,170.54,13338.0,AZPN
2023-04-27 12:06:00,171.74,171.9,171.56,171.71,3308.0,AZPN
2023-04-27 12:05:00,171.76,171.78,171.43,171.43,3134.0,AZPN
2023-04-27 12:04:00,171.975,172.0,171.8,171.8,379.0,AZPN
2023-04-27 12:02:00,172.055,172.055,171.69,171.69,1319.0,AZPN
2023-04-27 12:01:00,172.1,172.5,172.1,172.16,1470.0,AZPN
2023-04-27 12:00:00,172.79,172.79,172.57,172.57,1879.0,AZPN
2023-04-27 11:59:00,173.315,173.67,173.315,173.67,3855.0,AZPN
2023-04-27 11:58:00,173.08,173.34,172.5,173.31,2914.0,AZPN
2023-04-27 11:57:00,172.705,172.71,172.705,172.71,322.0,AZPN
2023-04-27 11:56:00,172.7,173.09,172.7,173.09,278.0,AZPN
2023-04-27 11:55:00,172.695,172.695,172.695,172.695,235.0,AZPN
2023-04-27 11:52:00,172.415,172.895,172.35,172.71,3252.0,AZPN
2023-04-27 11:51:00,172.915,172.915,172.23,172.425,3319.0,AZPN
2023-04-27 11:50:00,173.4,173.4,172.78,172.975,4582.0,AZPN
2023-04-27 11:49:00,172.81,173.375,172.81,173.375,3274.0,AZPN
2023-04-27 11:48:00,172.16,172.82,172.16,172.82,2580.0,AZPN
2023-04-27 11:47:00,172.46,172.79,172.26,172.375,3389.0,AZPN
2023-04-27 11:46:00,172.92,173.075,172.325,172.515,4300.0,AZPN
2023-04-27 11:45:00,173.06,173.27,172.785,172.925,4144.0,AZPN
2023-04-27 11:44:00,174.23,174.23,173.395,173.395,4652.0,AZPN
2023-04-27 11:43:00,174.075,174.56,174.07,174.45,1517.0,AZPN
2023-04-27 11:42:00,174.07,174.07,174.07,174.07,160.0,AZPN
2023-04-27 11:41:00,174.45,174.45,174.45,174.45,393.0,AZPN
2023-04-27 11:40:00,173.8414,174.05,173.8414,174.05,782.0,AZPN
2023-04-27 11:39:00,174.025,174.34,173.825,173.825,670.0,AZPN
2023-04-27 11:38:00,174.02,174.1,173.85,174.1,1119.0,AZPN
2023-04-27 11:37:00,174.155,174.155,174.155,174.155,394.0,AZPN
2023-04-27 11:36:00,173.44,173.99,173.35,173.978,4026.0,AZPN
2023-04-27 11:35:00,173.4897,173.4897,173.43,173.44,403.0,AZPN
2023-04-27 11:33:00,173.395,173.395,173.395,173.395,411.0,AZPN
2023-04-27 11:32:00,173.51,173.5975,173.395,173.395,723.0,AZPN
2023-04-27 11:31:00,174.61,174.61,173.585,173.815,3551.0,AZPN
2023-04-27 11:30:00,174.73,174.73,174.73,174.73,159.0,AZPN
2023-04-27 11:29:00,173.405,173.92,173.405,173.92,1186.0,AZPN
2023-04-27 11:28:00,173.435,173.435,173.39,173.39,418.0,AZPN
2023-04-27 11:27:00,173.64,173.84,173.64,173.84,652.0,AZPN
2023-04-27 11:26:00,172.47,173.64,172.47,173.64,3295.0,AZPN
2023-04-27 11:24:00,172.35,172.415,172.265,172.415,1312.0,AZPN
2023-04-27 11:23:00,171.92,172.59,171.92,172.165,1740.0,AZPN
2023-04-27 11:22:00,171.7,172.05,171.63,171.795,681.0,AZPN
2023-04-27 11:20:00,172.0,172.0,171.7,171.7,407.0,AZPN
2023-04-27 11:19:00,172.07,172.08,171.8,171.8,16989.0,AZPN
2023-04-27 11:18:00,172.02,172.11,171.855,171.855,1637.0,AZPN
2023-04-27 11:17:00,171.595,171.89,171.315,171.6,3559.0,AZPN
2023-04-27 11:16:00,172.95,172.95,171.73,171.73,3626.0,AZPN
2023-04-27 11:15:00,172.611,172.78,172.6101,172.78,782.0,AZPN
2023-04-27 11:14:00,172.8,172.86,172.78,172.78,1344.0,AZPN
2023-04-27 11:13:00,172.8,172.8,172.8,172.8,296.0,AZPN
2023-04-27 11:12:00,172.74,173.005,172.54,173.005,810.0,AZPN
2023-04-27 11:11:00,172.655,173.145,172.655,173.145,2272.0,AZPN
2023-04-27 11:10:00,172.485,172.655,172.485,172.655,1064.0,AZPN
2023-04-27 11:09:00,172.5,172.82,172.2,172.77,3572.0,AZPN
2023-04-27 11:08:00,173.61,173.61,172.655,172.655,2474.0,AZPN
2023-04-27 11:07:00,173.49,173.95,173.38,173.75,4504.0,AZPN
2023-04-27 11:06:00,173.575,173.575,173.295,173.4,2059.0,AZPN
2023-04-27 11:05:00,174.37,174.37,174.01,174.09,1906.0,AZPN
2023-04-27 11:04:00,174.385,174.74,174.37,174.37,2832.0,AZPN
2023-04-27 11:03:00,174.74,174.74,174.385,174.385,1479.0,AZPN
2023-04-27 11:02:00,174.75,174.75,174.4,174.4,324.0,AZPN
2023-04-27 11:01:00,174.405,174.405,174.405,174.405,1198.0,AZPN
2023-04-27 11:00:00,174.74,174.79,174.305,174.79,1341.0,AZPN
2023-04-27 10:59:00,174.3,174.3,174.295,174.295,948.0,AZPN
2023-04-27 10:58:00,173.78,174.29,173.78,174.29,1017.0,AZPN
2023-04-27 10:57:00,173.65,173.8,173.57,173.8,2047.0,AZPN
2023-04-27 10:56:00,173.62,173.75,173.62,173.705,1138.0,AZPN
2023-04-27 10:55:00,173.475,173.62,173.475,173.62,668.0,AZPN
2023-04-27 10:54:00,174.5,174.5,173.78,173.85,2655.0,AZPN
2023-04-27 10:53:00,174.205,174.71,174.205,174.71,797.0,AZPN
2023-04-27 10:52:00,173.755,174.39,173.755,174.24,3579.0,AZPN
2023-04-27 10:51:00,173.67,174.01,173.67,173.8548,2331.0,AZPN
2023-04-27 10:50:00,173.93,174.42,173.93,174.34,1855.0,AZPN
2023-04-27 10:49:00,174.42,174.42,173.6701,174.045,1473.0,AZPN
2023-04-27 10:48:00,173.755,174.41,173.745,174.41,6785.0,AZPN
2023-04-27 10:47:00,172.985,173.775,172.985,173.745,2778.0,AZPN
2023-04-27 10:46:00,173.37,173.37,172.73,172.8752,3938.0,AZPN
2023-04-27 10:45:00,174.04,174.15,173.365,173.365,1044.0,AZPN
2023-04-27 10:44:00,173.28,174.53,173.11,173.91,4767.0,AZPN
2023-04-27 10:43:00,174.21,174.21,172.895,172.895,9012.0,AZPN
2023-04-27 10:42:00,174.55,174.55,174.2,174.55,885.0,AZPN
2023-04-27 10:41:00,174.41,174.78,174.2,174.21,20790.0,AZPN
2023-04-27 10:40:00,174.505,174.6,174.505,174.505,762.0,AZPN
2023-04-27 10:39:00,176.07,176.07,174.87,174.94,5962.0,AZPN
2023-04-27 10:38:00,176.3598,176.3598,176.03,176.03,603.0,AZPN
2023-04-27 10:37:00,176.25,176.58,176.25,176.27,1780.0,AZPN
2023-04-27 10:36:00,176.0,176.26,175.9646,176.1987,2502.0,AZPN
2023-04-27 10:35:00,175.7675,175.7675,175.7675,175.7675,305.0,AZPN
2023-04-27 10:34:00,175.9,176.34,175.5495,176.0,26476.0,AZPN
2023-04-27 10:33:00,176.2248,176.2248,175.78,175.9775,4097.0,AZPN
2023-04-27 10:32:00,176.37,176.69,175.895,176.69,4362.0,AZPN
2023-04-27 10:31:00,175.165,175.78,174.9964,175.78,2611.0,AZPN
2023-04-27 10:30:00,174.88,174.89,174.88,174.89,1254.0,AZPN
2023-04-27 10:29:00,174.5674,174.5674,174.5674,174.5674,620.0,AZPN
2023-04-27 10:28:00,174.89,174.89,174.4266,174.89,1723.0,AZPN
2023-04-27 10:27:00,174.67,174.97,174.4867,174.92,4074.0,AZPN
2023-04-27 10:26:00,173.0284,174.695,173.0067,174.01,3836.0,AZPN
2023-04-27 10:25:00,173.0,173.06,173.0,173.01,1578.0,AZPN
2023-04-27 10:24:00,171.58,173.18,171.58,172.495,9679.0,AZPN
2023-04-27 10:23:00,171.85,171.85,171.6,171.7,653.0,AZPN
2023-04-27 10:21:00,172.835,173.65,172.235,172.95,2687.0,AZPN
2023-04-27 10:20:00,173.09,173.38,172.745,172.745,1649.0,AZPN
2023-04-27 10:19:00,173.09,173.09,173.085,173.085,1832.0,AZPN
2023-04-27 10:18:00,174.1,174.425,172.83,173.09,7350.0,AZPN
2023-04-27 10:17:00,176.5,176.5,173.4801,174.425,8855.0,AZPN
2023-04-27 10:16:00,175.915,176.17,175.715,176.17,1348.0,AZPN
2023-04-27 10:15:00,176.185,176.68,175.7,176.17,14357.0,AZPN
2023-04-27 10:14:00,177.03,177.03,175.3801,176.185,3096.0,AZPN
2023-04-27 10:13:00,174.87,177.04,174.5,177.04,6959.0,AZPN
2023-04-27 10:12:00,173.92,175.1894,173.92,174.62,3750.0,AZPN
2023-04-27 10:11:00,173.59,173.615,173.0501,173.615,1048.0,AZPN
2023-04-27 10:10:00,174.17,174.17,173.48,173.48,509.0,AZPN
2023-04-27 10:09:00,172.53,175.65,172.5,174.63,11953.0,AZPN
2023-04-27 10:08:00,172.9999,172.9999,172.1527,172.535,4004.0,AZPN
2023-04-27 10:07:00,172.7,172.99,172.3725,172.545,2197.0,AZPN
2023-04-27 10:06:00,172.99,173.0,172.045,172.045,4763.0,AZPN
2023-04-27 10:05:00,172.0398,173.0,171.88,172.98,4179.0,AZPN
2023-04-27 10:04:00,170.655,172.0264,170.655,172.0264,1903.0,AZPN
2023-04-27 10:03:00,170.79,171.55,170.5,171.25,2752.0,AZPN
2023-04-27 10:02:00,170.07,171.2,170.04,170.99,1639.0,AZPN
2023-04-27 10:01:00,170.57,171.5,168.99,169.895,6625.0,AZPN
2023-04-27 10:00:00,170.225,170.225,170.225,170.225,1505.0,AZPN
2023-04-27 09:59:00,169.78,170.7,169.77,170.25,13679.0,AZPN
2023-04-27 09:58:00,170.01,170.66,169.77,170.0577,4900.0,AZPN
2023-04-27 09:57:00,169.0,170.755,168.8,170.385,4234.0,AZPN
2023-04-27 09:56:00,168.04,168.67,167.359,167.359,4194.0,AZPN
2023-04-27 09:55:00,166.75,168.04,166.75,167.99,1410.0,AZPN
2023-04-27 09:54:00,164.375,166.7171,164.145,165.9066,7823.0,AZPN
2023-04-27 09:53:00,162.15,165.28,162.15,165.28,1788.0,AZPN
2023-04-27 09:52:00,165.9464,165.9464,164.0001,165.29,2523.0,AZPN
2023-04-27 09:51:00,161.795,164.21,161.61,164.21,8196.0,AZPN
2023-04-27 09:50:00,162.32,162.82,161.4,161.425,3550.0,AZPN
2023-04-27 09:49:00,163.75,163.75,161.805,161.805,1403.0,AZPN
2023-04-27 09:48:00,165.31,165.31,164.215,165.14,1012.0,AZPN
2023-04-27 09:47:00,170.01,170.01,165.73,166.5,4609.0,AZPN
2023-04-27 09:46:00,170.86,171.65,170.29,171.65,1379.0,AZPN
2023-04-27 09:45:00,170.865,170.865,170.01,170.07,774.0,AZPN
2023-04-27 09:44:00,170.29,171.7,170.29,171.7,1892.0,AZPN
2023-04-27 09:43:00,170.07,170.33,169.6,169.6,2929.0,AZPN
2023-04-27 09:42:00,170.62,170.8,170.02,170.6961,1878.0,AZPN
2023-04-27 09:41:00,170.95,172.94,170.37,171.0,9517.0,AZPN
2023-04-27 09:40:00,174.0,174.01,170.905,171.82,5339.0,AZPN
2023-04-27 09:39:00,175.0501,175.99,175.0501,175.375,4043.0,AZPN
2023-04-27 09:38:00,176.06,176.97,175.53,176.97,1363.0,AZPN
2023-04-27 09:37:00,173.8,177.07,173.75,175.985,8534.0,AZPN
2023-04-27 09:36:00,174.0,175.42,173.785,174.58,5224.0,AZPN
2023-04-27 09:35:00,173.23,175.1,173.23,175.1,384.0,AZPN
2023-04-27 09:34:00,174.35,175.0,169.09,172.805,9018.0,AZPN
2023-04-27 09:33:00,175.05,176.13,173.0,173.405,2896.0,AZPN
2023-04-27 09:32:00,178.12,183.03,175.62,178.24,18332.0,AZPN
2023-04-27 09:31:00,173.94,178.115,173.94,178.115,7974.0,AZPN
2023-04-27 09:29:00,182.41,182.41,182.4,182.4,460.0,AZPN
2023-04-26 16:06:00,220.78,220.78,220.78,220.78,106.0,AZPN
2023-04-26 16:01:00,231.79,231.79,231.79,231.79,4682.0,AZPN
2023-04-26 16:00:00,231.75,231.99,231.38,231.38,5441.0,AZPN
2023-04-26 15:59:00,231.66,231.86,231.66,231.66,3703.0,AZPN
2023-04-26 15:58:00,231.63,231.65,231.63,231.65,913.0,AZPN
2023-04-26 15:57:00,231.29,231.79,231.29,231.79,2886.0,AZPN
2023-04-26 15:56:00,231.03,231.24,230.96,231.22,3117.0,AZPN
2023-04-26 15:55:00,230.55,231.0,230.55,231.0,2139.0,AZPN
2023-04-26 15:54:00,230.49,230.58,230.44,230.44,1460.0,AZPN
2023-04-26 15:53:00,230.52,230.59,230.52,230.59,1050.0,AZPN
2023-04-26 15:52:00,230.58,230.58,230.5,230.5,1134.0,AZPN
2023-04-26 15:51:00,230.93,230.93,230.765,230.89,1871.0,AZPN
2023-04-26 15:50:00,231.085,231.085,231.02,231.02,955.0,AZPN
2023-04-26 15:49:00,231.02,231.02,231.02,231.02,136.0,AZPN
2023-04-26 15:48:00,231.13,231.13,231.13,231.13,836.0,AZPN
2023-04-26 15:47:00,231.08,231.08,231.08,231.08,796.0,AZPN
2023-04-26 15:44:00,230.96,231.08,230.96,231.08,1506.0,AZPN
2023-04-26 15:43:00,230.98,230.98,230.98,230.98,369.0,AZPN
2023-04-26 15:42:00,231.05,231.05,230.93,231.01,786.0,AZPN
2023-04-26 15:41:00,231.28,231.29,231.17,231.185,1608.0,AZPN
2023-04-26 15:40:00,231.21,231.21,231.21,231.21,331.0,AZPN
2023-04-26 15:38:00,231.32,231.38,231.3,231.38,902.0,AZPN
2023-04-26 15:37:00,231.29,231.29,231.29,231.29,422.0,AZPN
2023-04-26 15:35:00,231.22,231.37,231.22,231.37,1188.0,AZPN
2023-04-26 15:34:00,231.11,231.11,231.04,231.04,835.0,AZPN
2023-04-26 15:33:00,231.165,231.165,231.165,231.165,529.0,AZPN
2023-04-26 15:32:00,231.38,231.41,231.38,231.41,938.0,AZPN
2023-04-26 15:31:00,231.2515,231.285,231.2515,231.285,707.0,AZPN
2023-04-26 15:30:00,231.15,231.24,231.145,231.24,1336.0,AZPN
2023-04-26 15:27:00,231.44,231.44,231.409,231.409,1066.0,AZPN
2023-04-26 15:25:00,231.31,231.39,231.31,231.39,716.0,AZPN
2023-04-26 15:24:00,231.37,231.37,231.37,231.37,442.0,AZPN
2023-04-26 15:23:00,231.15,231.375,231.15,231.375,344.0,AZPN
2023-04-26 15:21:00,231.2,231.2,231.2,231.2,485.0,AZPN
2023-04-26 15:17:00,231.175,231.175,231.175,231.175,240.0,AZPN
2023-04-26 15:16:00,231.025,231.28,231.005,231.15,903.0,AZPN
2023-04-26 15:15:00,231.07,231.07,231.07,231.07,367.0,AZPN
2023-04-26 15:13:00,231.22,231.22,231.22,231.22,266.0,AZPN
2023-04-26 15:12:00,231.305,231.305,231.305,231.305,369.0,AZPN
2023-04-26 15:09:00,231.24,231.24,230.9762,231.23,1381.0,AZPN
2023-04-26 15:08:00,231.45,231.45,231.45,231.45,712.0,AZPN
2023-04-26 15:06:00,231.71,231.71,231.71,231.71,341.0,AZPN
2023-04-26 15:05:00,231.7,231.7,231.7,231.7,358.0,AZPN
2023-04-26 15:04:00,231.9,231.92,231.9,231.92,390.0,AZPN
2023-04-26 14:58:00,232.19,232.19,232.09,232.09,499.0,AZPN
2023-04-26 14:57:00,232.05,232.05,232.05,232.05,419.0,AZPN
2023-04-26 14:55:00,232.155,232.155,232.155,232.155,617.0,AZPN
2023-04-26 14:53:00,231.855,231.855,231.855,231.855,348.0,AZPN
2023-04-26 14:51:00,232.12,232.12,232.12,232.12,232.0,AZPN
2023-04-26 14:50:00,231.99,231.99,231.98,231.98,466.0,AZPN
2023-04-26 14:49:00,231.84,231.94,231.84,231.94,695.0,AZPN
2023-04-26 14:48:00,231.71,231.71,231.71,231.71,147.0,AZPN
2023-04-26 14:47:00,231.685,231.82,231.685,231.82,604.0,AZPN
2023-04-26 14:44:00,231.87,231.87,231.87,231.87,262.0,AZPN
2023-04-26 14:36:00,232.14,232.23,231.96,232.09,2203.0,AZPN
2023-04-26 14:33:00,232.29,232.31,232.29,232.31,365.0,AZPN
2023-04-26 14:32:00,232.29,232.29,232.29,232.29,510.0,AZPN
2023-04-26 14:28:00,232.39,232.39,232.39,232.39,133.0,AZPN
2023-04-26 14:27:00,232.4,232.4,232.4,232.4,733.0,AZPN
2023-04-26 14:25:00,232.16,232.16,232.16,232.16,477.0,AZPN
2023-04-26 14:20:00,232.28,232.28,232.28,232.28,161.0,AZPN
2023-04-26 14:16:00,232.44,232.44,232.44,232.44,448.0,AZPN
2023-04-26 14:13:00,232.415,232.65,232.415,232.65,451.0,AZPN
2023-04-26 14:11:00,232.52,232.52,232.52,232.52,314.0,AZPN
2023-04-26 14:09:00,232.57,232.57,232.57,232.57,253.0,AZPN
2023-04-26 14:04:00,232.59,232.59,232.59,232.59,101.0,AZPN
2023-04-26 14:03:00,232.65,232.65,232.65,232.65,259.0,AZPN
2023-04-26 14:02:00,232.68,232.68,232.67,232.67,566.0,AZPN
2023-04-26 13:57:00,233.11,233.14,233.07,233.07,616.0,AZPN
2023-04-26 13:56:00,232.825,232.93,232.825,232.93,436.0,AZPN
2023-04-26 13:53:00,232.94,232.94,232.94,232.94,200.0,AZPN
2023-04-26 13:49:00,233.135,233.135,233.135,233.135,430.0,AZPN
2023-04-26 13:47:00,233.18,233.33,233.17,233.33,762.0,AZPN
2023-04-26 13:40:00,233.36,233.36,233.36,233.36,125.0,AZPN
2023-04-26 13:37:00,233.41,233.41,233.41,233.41,426.0,AZPN
2023-04-26 13:34:00,233.31,233.36,233.31,233.36,485.0,AZPN
2023-04-26 13:32:00,232.99,233.135,232.99,233.135,1146.0,AZPN
2023-04-26 13:30:00,233.29,233.29,233.15,233.15,445.0,AZPN
2023-04-26 13:28:00,233.145,233.145,233.145,233.145,144.0,AZPN
2023-04-26 13:26:00,233.1532,233.1532,233.1532,233.1532,271.0,AZPN
2023-04-26 13:25:00,233.09,233.09,233.09,233.09,118.0,AZPN
2023-04-26 13:24:00,233.19,233.19,233.19,233.19,262.0,AZPN
2023-04-26 13:23:00,233.03,233.03,233.03,233.03,135.0,AZPN
2023-04-26 13:17:00,233.03,233.22,233.03,233.22,791.0,AZPN
2023-04-26 13:11:00,233.27,233.365,233.27,233.365,633.0,AZPN
2023-04-26 13:10:00,233.26,233.26,233.26,233.26,872.0,AZPN
2023-04-26 13:01:00,233.31,233.43,233.31,233.43,497.0,AZPN
2023-04-26 13:00:00,233.21,233.21,233.21,233.21,1562.0,AZPN
2023-04-26 12:51:00,233.42,233.42,233.42,233.42,251.0,AZPN
2023-04-26 12:37:00,234.03,234.03,234.03,234.03,237.0,AZPN
2023-04-26 12:36:00,233.56,234.03,233.56,234.03,1477.0,AZPN
2023-04-26 12:34:00,233.415,233.415,233.415,233.415,226.0,AZPN
2023-04-26 12:33:00,233.39,233.39,233.39,233.39,174.0,AZPN
2023-04-26 12:21:00,233.57,233.58,233.54,233.54,907.0,AZPN
2023-04-26 12:10:00,234.21,234.24,234.21,234.24,622.0,AZPN
2023-04-26 12:09:00,234.23,234.23,234.22,234.22,335.0,AZPN
2023-04-26 12:07:00,233.72,234.01,233.72,233.74,781.0,AZPN
2023-04-26 12:06:00,233.685,233.685,233.685,233.685,163.0,AZPN
2023-04-26 12:03:00,233.56,233.56,233.56,233.56,410.0,AZPN
2023-04-26 12:02:00,233.31,233.59,233.31,233.59,1103.0,AZPN
2023-04-26 12:00:00,233.115,233.16,233.09,233.16,800.0,AZPN
2023-04-26 11:59:00,233.06,233.06,233.06,233.06,100.0,AZPN
2023-04-26 11:54:00,232.65,232.775,232.65,232.775,602.0,AZPN
2023-04-26 11:53:00,232.65,232.65,232.65,232.65,244.0,AZPN
2023-04-26 11:52:00,232.46,232.46,232.46,232.46,271.0,AZPN
2023-04-26 11:51:00,232.1848,232.1848,232.1848,232.1848,302.0,AZPN
2023-04-26 11:48:00,232.5225,232.5225,232.5225,232.5225,753.0,AZPN
2023-04-26 11:43:00,232.98,232.98,232.98,232.98,567.0,AZPN
2023-04-26 11:42:00,232.84,232.84,232.84,232.84,261.0,AZPN
2023-04-26 11:41:00,232.72,232.72,232.55,232.55,1448.0,AZPN
2023-04-26 11:38:00,232.15,232.33,232.15,232.33,611.0,AZPN
2023-04-26 11:30:00,232.185,232.185,232.185,232.185,107.0,AZPN
2023-04-26 11:29:00,231.86,231.86,231.86,231.86,721.0,AZPN
2023-04-26 11:23:00,232.22,232.22,232.22,232.22,188.0,AZPN
2023-04-26 11:17:00,231.955,231.955,231.955,231.955,212.0,AZPN
2023-04-26 11:13:00,232.085,232.085,232.0223,232.0223,442.0,AZPN
2023-04-26 11:12:00,232.14,232.14,231.89,231.89,1106.0,AZPN
2023-04-26 11:03:00,232.23,232.23,232.1,232.1,416.0,AZPN
2023-04-26 10:53:00,231.75,231.75,231.75,231.75,1256.0,AZPN
2023-04-26 10:51:00,231.43,231.43,231.43,231.43,966.0,AZPN
2023-04-26 10:50:00,231.55,231.64,231.55,231.64,939.0,AZPN
2023-04-26 10:48:00,231.445,231.445,231.445,231.445,145.0,AZPN
2023-04-26 10:45:00,231.36,231.36,231.36,231.36,225.0,AZPN
2023-04-26 10:44:00,231.62,231.62,231.36,231.36,732.0,AZPN
2023-04-26 10:43:00,231.635,231.635,231.63,231.63,363.0,AZPN
2023-04-26 10:38:00,231.53,231.66,231.53,231.66,836.0,AZPN
2023-04-26 10:37:00,231.76,231.76,231.76,231.76,118.0,AZPN
2023-04-26 10:36:00,231.68,231.68,231.68,231.68,521.0,AZPN
2023-04-26 10:31:00,231.73,231.73,231.73,231.73,424.0,AZPN
2023-04-26 10:30:00,230.86,231.205,230.86,231.205,962.0,AZPN
2023-04-26 10:29:00,230.785,230.785,230.785,230.785,284.0,AZPN
2023-04-26 10:24:00,230.97,230.97,230.9,230.9,492.0,AZPN
2023-04-26 10:22:00,231.455,231.455,231.455,231.455,315.0,AZPN
2023-04-26 10:18:00,232.32,232.32,232.32,232.32,787.0,AZPN
2023-04-26 10:16:00,232.8,232.8,232.56,232.56,1976.0,AZPN
2023-04-26 10:15:00,233.17,233.17,233.17,233.17,161.0,AZPN
2023-04-26 10:14:00,233.55,233.55,233.55,233.55,125.0,AZPN
2023-04-26 10:12:00,232.8341,232.8341,232.8341,232.8341,117.0,AZPN
2023-04-26 10:11:00,233.125,233.125,233.125,233.125,393.0,AZPN
2023-04-26 10:08:00,232.93,232.93,232.93,232.93,244.0,AZPN
2023-04-26 10:07:00,232.8,232.8,232.8,232.8,307.0,AZPN
2023-04-26 10:03:00,232.725,232.725,232.725,232.725,190.0,AZPN
2023-04-26 10:02:00,232.825,232.85,232.825,232.85,523.0,AZPN
2023-04-26 10:00:00,232.695,232.695,232.695,232.695,121.0,AZPN
2023-04-26 09:59:00,232.31,232.32,232.14,232.14,795.0,AZPN
2023-04-26 09:56:00,231.605,231.605,231.605,231.605,442.0,AZPN
2023-04-26 09:52:00,232.21,232.21,232.21,232.21,225.0,AZPN
2023-04-26 09:47:00,231.82,231.82,231.35,231.35,940.0,AZPN
2023-04-26 09:39:00,230.52,230.52,230.12,230.12,459.0,AZPN
2023-04-26 09:33:00,229.67,230.19,229.67,230.19,298.0,AZPN
2023-04-26 09:32:00,231.875,231.875,231.875,231.875,125.0,AZPN
2023-04-26 09:31:00,230.3,230.86,230.3,230.86,1333.0,AZPN
2023-04-25 16:01:00,232.33,232.33,232.33,232.33,1931.0,AZPN
2023-04-25 16:00:00,232.24,232.3875,232.24,232.34,4465.0,AZPN
2023-04-25 15:59:00,232.43,232.44,232.34,232.34,1786.0,AZPN
2023-04-25 15:58:00,232.58,232.695,232.485,232.485,2420.0,AZPN
2023-04-25 15:57:00,232.6,232.6,232.53,232.53,981.0,AZPN
2023-04-25 15:56:00,232.53,232.68,232.53,232.68,1019.0,AZPN
2023-04-25 15:55:00,232.685,232.685,232.52,232.52,1647.0,AZPN
2023-04-25 15:54:00,232.64,232.64,232.57,232.57,1174.0,AZPN
2023-04-25 15:53:00,232.78,232.78,232.71,232.71,902.0,AZPN
2023-04-25 15:52:00,232.72,232.84,232.72,232.84,1391.0,AZPN
2023-04-25 15:51:00,232.615,232.64,232.615,232.64,897.0,AZPN
2023-04-25 15:50:00,232.88,232.88,232.68,232.68,1140.0,AZPN
2023-04-25 15:49:00,232.94,232.94,232.89,232.94,1137.0,AZPN
2023-04-25 15:48:00,232.94,232.94,232.94,232.94,266.0,AZPN
2023-04-25 15:47:00,232.93,232.94,232.93,232.94,690.0,AZPN
2023-04-25 15:46:00,233.035,233.035,232.96,232.96,951.0,AZPN
2023-04-25 15:45:00,233.34,233.34,233.08,233.11,895.0,AZPN
2023-04-25 15:44:00,233.05,233.24,233.05,233.24,731.0,AZPN
2023-04-25 15:43:00,233.08,233.08,232.86,232.885,2487.0,AZPN
2023-04-25 15:41:00,233.315,233.315,233.215,233.215,1323.0,AZPN
2023-04-25 15:40:00,233.26,233.29,233.26,233.29,792.0,AZPN
2023-04-25 15:38:00,233.01,233.21,233.01,233.14,1459.0,AZPN
2023-04-25 15:36:00,232.98,233.0,232.93,233.0,1284.0,AZPN
2023-04-25 15:33:00,233.19,233.19,233.19,233.19,656.0,AZPN
2023-04-25 15:32:00,232.97,233.1,232.97,233.1,447.0,AZPN
2023-04-25 15:25:00,233.01,233.01,233.01,233.01,328.0,AZPN
2023-04-25 15:21:00,232.95,232.95,232.95,232.95,308.0,AZPN
2023-04-25 15:14:00,233.14,233.14,232.97,232.97,239.0,AZPN
2023-04-25 15:13:00,233.03,233.03,233.03,233.03,212.0,AZPN
2023-04-25 15:10:00,233.075,233.075,233.075,233.075,147.0,AZPN
2023-04-25 15:08:00,233.045,233.045,233.045,233.045,202.0,AZPN
2023-04-25 15:00:00,232.87,232.95,232.8,232.95,1015.0,AZPN
2023-04-25 14:56:00,233.08,233.08,233.08,233.08,370.0,AZPN
2023-04-25 14:55:00,233.13,233.13,233.13,233.13,665.0,AZPN
2023-04-25 14:52:00,232.96,232.96,232.87,232.95,525.0,AZPN
2023-04-25 14:50:00,232.89,232.89,232.89,232.89,246.0,AZPN
2023-04-25 14:49:00,232.81,232.81,232.81,232.81,400.0,AZPN
2023-04-25 14:45:00,232.6986,232.6986,232.6986,232.6986,891.0,AZPN
2023-04-25 14:43:00,232.79,232.79,232.72,232.72,420.0,AZPN
2023-04-25 14:34:00,232.92,233.15,232.87,233.15,1486.0,AZPN
2023-04-25 14:26:00,232.855,232.86,232.855,232.86,615.0,AZPN
2023-04-25 14:23:00,232.685,232.685,232.685,232.685,272.0,AZPN
2023-04-25 14:17:00,233.0,233.0,233.0,233.0,540.0,AZPN
2023-04-25 14:16:00,232.95,232.95,232.95,232.95,111.0,AZPN
2023-04-25 14:15:00,232.82,232.82,232.82,232.82,126.0,AZPN
2023-04-25 14:14:00,232.81,232.82,232.81,232.82,679.0,AZPN
2023-04-25 14:13:00,232.965,232.965,232.965,232.965,291.0,AZPN
2023-04-25 13:58:00,233.265,233.265,233.265,233.265,328.0,AZPN
2023-04-25 13:56:00,233.29,233.29,233.29,233.29,593.0,AZPN
2023-04-25 13:54:00,233.445,233.51,233.34,233.51,732.0,AZPN
2023-04-25 13:49:00,233.86,233.86,233.86,233.86,167.0,AZPN
2023-04-25 13:48:00,233.84,233.84,233.84,233.84,305.0,AZPN
2023-04-25 13:41:00,233.93,234.045,233.93,234.045,330.0,AZPN
2023-04-25 13:36:00,234.25,234.28,234.17,234.22,1504.0,AZPN
2023-04-25 13:34:00,234.29,234.29,234.29,234.29,115.0,AZPN
2023-04-25 13:33:00,234.25,234.315,234.25,234.315,756.0,AZPN
2023-04-25 13:26:00,233.92,233.92,233.92,233.92,126.0,AZPN
2023-04-25 13:23:00,234.27,234.27,233.87,233.87,1226.0,AZPN
2023-04-25 13:21:00,234.5,234.5,234.5,234.5,127.0,AZPN
2023-04-25 13:20:00,234.37,234.37,234.37,234.37,409.0,AZPN
2023-04-25 13:19:00,234.24,234.24,234.24,234.24,435.0,AZPN
2023-04-25 13:17:00,234.18,234.275,234.18,234.275,550.0,AZPN
2023-04-25 13:16:00,234.575,234.575,234.4,234.48,862.0,AZPN
2023-04-25 13:15:00,234.51,234.51,234.51,234.51,441.0,AZPN
2023-04-25 13:08:00,235.24,235.24,234.83,234.83,1425.0,AZPN
2023-04-25 13:07:00,235.0,235.0,235.0,235.0,131.0,AZPN
2023-04-25 13:05:00,234.68,235.01,234.68,235.01,430.0,AZPN
2023-04-25 13:02:00,234.605,234.605,234.605,234.605,232.0,AZPN
2023-04-25 13:01:00,234.6,234.6,234.47,234.48,426.0,AZPN
2023-04-25 12:55:00,234.5,234.5,234.5,234.5,404.0,AZPN
2023-04-25 12:54:00,234.83,234.83,234.83,234.83,625.0,AZPN
2023-04-25 12:48:00,235.01,235.01,234.63,234.66,2059.0,AZPN
2023-04-25 12:47:00,235.005,235.005,235.005,235.005,118.0,AZPN
2023-04-25 12:46:00,235.005,235.005,235.005,235.005,102.0,AZPN
2023-04-25 12:45:00,234.855,235.005,234.855,235.005,302.0,AZPN
2023-04-25 12:44:00,235.0,235.0,235.0,235.0,216.0,AZPN
2023-04-25 12:43:00,235.085,235.085,235.085,235.085,262.0,AZPN
2023-04-25 12:42:00,234.8,234.8,234.8,234.8,144.0,AZPN
2023-04-25 12:40:00,234.965,234.965,234.965,234.965,328.0,AZPN
2023-04-25 12:39:00,234.965,234.965,234.91,234.91,324.0,AZPN
2023-04-25 12:38:00,234.72,234.82,234.72,234.82,667.0,AZPN
2023-04-25 12:37:00,234.51,234.51,234.51,234.51,648.0,AZPN
2023-04-25 12:35:00,234.4958,234.52,234.4958,234.52,250.0,AZPN
2023-04-25 12:34:00,234.515,234.515,234.515,234.515,305.0,AZPN
2023-04-25 12:33:00,234.6,234.6,234.6,234.6,301.0,AZPN
2023-04-25 12:28:00,234.66,234.66,234.66,234.66,258.0,AZPN
2023-04-25 12:26:00,234.58,234.58,234.465,234.465,623.0,AZPN
2023-04-25 12:24:00,234.94,234.94,234.76,234.76,575.0,AZPN
2023-04-25 12:22:00,234.95,234.95,234.95,234.95,305.0,AZPN
2023-04-25 12:21:00,234.945,234.945,234.945,234.945,140.0,AZPN
2023-04-25 12:19:00,235.05,235.05,235.05,235.05,122.0,AZPN
2023-04-25 12:16:00,234.59,235.07,234.59,235.07,722.0,AZPN
2023-04-25 12:15:00,234.79,234.79,234.69,234.69,346.0,AZPN
2023-04-25 12:14:00,234.65,234.65,234.65,234.65,244.0,AZPN
2023-04-25 12:12:00,234.95,234.95,234.95,234.95,157.0,AZPN
2023-04-25 12:11:00,234.91,235.2,234.91,235.03,825.0,AZPN
2023-04-25 12:08:00,234.59,234.59,234.59,234.59,459.0,AZPN
2023-04-25 12:06:00,234.6,234.6,234.6,234.6,197.0,AZPN
2023-04-25 12:03:00,234.71,234.71,234.52,234.52,325.0,AZPN
2023-04-25 12:02:00,234.6775,234.6775,234.6775,234.6775,690.0,AZPN
2023-04-25 12:01:00,234.9,234.9,234.9,234.9,106.0,AZPN
2023-04-25 12:00:00,234.56,234.685,234.56,234.685,329.0,AZPN
2023-04-25 11:58:00,234.89,234.89,234.89,234.89,367.0,AZPN
2023-04-25 11:57:00,234.69,234.69,234.69,234.69,129.0,AZPN
2023-04-25 11:55:00,234.695,234.695,234.695,234.695,105.0,AZPN
2023-04-25 11:54:00,234.995,234.995,234.995,234.995,223.0,AZPN
2023-04-25 11:53:00,234.81,234.81,234.81,234.81,255.0,AZPN
2023-04-25 11:52:00,234.46,234.68,234.46,234.68,639.0,AZPN
2023-04-25 11:51:00,234.43,234.43,234.43,234.43,296.0,AZPN
2023-04-25 11:46:00,234.11,234.25,234.01,234.01,655.0,AZPN
2023-04-25 11:45:00,234.24,234.24,234.24,234.24,136.0,AZPN
2023-04-25 11:44:00,234.3472,234.3472,234.04,234.245,1322.0,AZPN
2023-04-25 11:42:00,234.095,234.095,234.095,234.095,193.0,AZPN
2023-04-25 11:41:00,234.685,234.685,234.38,234.38,1010.0,AZPN
2023-04-25 11:39:00,234.695,234.695,234.695,234.695,515.0,AZPN
2023-04-25 11:38:00,234.63,234.665,234.58,234.58,495.0,AZPN
2023-04-25 11:36:00,234.81,234.9675,234.65,234.65,1430.0,AZPN
2023-04-25 11:35:00,234.81,234.98,234.81,234.98,699.0,AZPN
2023-04-25 11:30:00,234.95,234.965,234.875,234.875,1428.0,AZPN
2023-04-25 11:29:00,235.195,235.195,235.195,235.195,224.0,AZPN
2023-04-25 11:28:00,235.195,235.195,235.195,235.195,124.0,AZPN
2023-04-25 11:26:00,235.45,235.45,235.3,235.3,249.0,AZPN
2023-04-25 11:23:00,235.4,235.4,235.4,235.4,112.0,AZPN
2023-04-25 11:22:00,234.99,235.4,234.99,235.4,905.0,AZPN
2023-04-25 11:21:00,234.83,234.83,234.83,234.83,168.0,AZPN
2023-04-25 11:20:00,234.96,234.96,234.96,234.96,230.0,AZPN
2023-04-25 11:16:00,235.0925,235.0925,234.8,234.8,1582.0,AZPN
2023-04-25 11:14:00,235.28,235.28,235.28,235.28,369.0,AZPN
2023-04-25 11:13:00,235.31,235.31,235.08,235.08,547.0,AZPN
2023-04-25 11:12:00,235.27,235.27,235.27,235.27,421.0,AZPN
2023-04-25 11:08:00,234.59,234.59,234.445,234.445,769.0,AZPN
2023-04-25 11:07:00,234.82,234.82,234.815,234.815,365.0,AZPN
2023-04-25 11:06:00,234.76,234.92,234.76,234.92,875.0,AZPN
2023-04-25 11:05:00,234.6,234.6,234.6,234.6,126.0,AZPN
2023-04-25 11:03:00,234.62,234.62,234.36,234.36,1495.0,AZPN
2023-04-25 11:02:00,234.95,234.95,234.815,234.815,643.0,AZPN
2023-04-25 11:00:00,234.97,234.97,234.97,234.97,173.0,AZPN
2023-04-25 10:59:00,235.085,235.085,235.085,235.085,151.0,AZPN
2023-04-25 10:58:00,234.92,234.92,234.81,234.81,493.0,AZPN
2023-04-25 10:57:00,234.92,234.92,234.92,234.92,239.0,AZPN
2023-04-25 10:53:00,234.49,234.5,234.49,234.5,709.0,AZPN
2023-04-25 10:51:00,233.76,234.375,233.76,233.875,1750.0,AZPN
2023-04-25 10:49:00,233.86,233.86,233.65,233.71,419.0,AZPN
2023-04-25 10:48:00,233.4,233.85,233.4,233.71,1622.0,AZPN
2023-04-25 10:45:00,233.23,233.23,233.23,233.23,132.0,AZPN
2023-04-25 10:43:00,232.96,232.96,232.96,232.96,307.0,AZPN
2023-04-25 10:42:00,232.86,232.86,232.86,232.86,269.0,AZPN
2023-04-25 10:41:00,232.8,232.96,232.8,232.96,263.0,AZPN
2023-04-25 10:40:00,232.23,232.23,232.23,232.23,318.0,AZPN
2023-04-25 10:38:00,231.35,231.35,231.35,231.35,232.0,AZPN
2023-04-25 10:35:00,231.23,231.23,231.23,231.23,241.0,AZPN
2023-04-25 10:34:00,230.94,232.1199,230.93,232.1199,2171.0,AZPN
2023-04-25 10:33:00,231.6,231.6,231.27,231.27,239.0,AZPN
2023-04-25 10:32:00,231.34,231.34,231.34,231.34,250.0,AZPN
2023-04-25 10:31:00,230.56,230.7325,230.32,230.7325,649.0,AZPN
2023-04-25 10:28:00,229.37,229.37,229.37,229.37,123.0,AZPN
2023-04-25 10:27:00,228.62,228.62,228.62,228.62,112.0,AZPN
2023-04-25 10:13:00,229.16,229.16,229.16,229.16,426.0,AZPN
2023-04-25 10:10:00,229.83,229.83,229.67,229.67,341.0,AZPN
2023-04-25 09:59:00,229.57,229.57,229.57,229.57,307.0,AZPN
2023-04-25 09:56:00,229.56,229.56,228.74,228.74,678.0,AZPN
2023-04-25 09:55:00,228.5,228.56,228.5,228.53,849.0,AZPN
2023-04-25 09:53:00,227.71,227.71,227.71,227.71,785.0,AZPN
2023-04-25 09:34:00,228.93,229.97,228.93,229.97,333.0,AZPN
2023-04-25 09:31:00,230.36,230.36,228.15,228.15,917.0,AZPN
2023-04-24 16:00:00,233.09,233.16,232.74,232.78,5666.0,AZPN
2023-04-24 15:59:00,233.17,233.17,233.03,233.09,4095.0,AZPN
2023-04-24 15:58:00,233.12,233.12,233.12,233.12,871.0,AZPN
2023-04-24 15:57:00,232.87,232.87,232.87,232.87,2074.0,AZPN
2023-04-24 15:56:00,233.26,233.26,232.93,232.94,3214.0,AZPN
2023-04-24 15:55:00,233.26,233.285,233.26,233.26,426.0,AZPN
2023-04-24 15:54:00,233.26,233.26,233.23,233.26,1001.0,AZPN
2023-04-24 15:53:00,233.39,233.39,233.29,233.29,924.0,AZPN
2023-04-24 15:51:00,233.3,233.56,233.3,233.4,1330.0,AZPN
2023-04-24 15:50:00,233.34,233.39,233.34,233.39,476.0,AZPN
2023-04-24 15:49:00,233.31,233.5,233.23,233.27,1918.0,AZPN
2023-04-24 15:47:00,233.44,233.44,233.32,233.32,708.0,AZPN
2023-04-24 15:46:00,233.54,233.65,233.4,233.4,4001.0,AZPN
2023-04-24 15:44:00,233.505,233.57,233.505,233.57,717.0,AZPN
2023-04-24 15:43:00,233.44,233.44,233.44,233.44,482.0,AZPN
2023-04-24 15:41:00,233.41,233.41,233.41,233.41,470.0,AZPN
2023-04-24 15:40:00,233.81,233.81,233.8,233.8,605.0,AZPN
2023-04-24 15:39:00,233.59,233.59,233.59,233.59,205.0,AZPN
2023-04-24 15:36:00,233.805,233.82,233.805,233.82,344.0,AZPN
2023-04-24 15:29:00,233.57,233.57,233.53,233.53,790.0,AZPN
2023-04-24 15:26:00,233.56,233.56,233.56,233.56,540.0,AZPN
2023-04-24 15:25:00,233.31,233.38,233.31,233.38,512.0,AZPN
2023-04-24 15:24:00,233.59,233.59,233.33,233.33,1084.0,AZPN
2023-04-24 15:20:00,233.7,233.7,233.7,233.7,453.0,AZPN
2023-04-24 15:19:00,233.72,233.72,233.72,233.72,162.0,AZPN
2023-04-24 15:14:00,233.68,233.68,233.68,233.68,372.0,AZPN
2023-04-24 15:13:00,233.79,233.79,233.79,233.79,172.0,AZPN
2023-04-24 15:07:00,233.57,233.57,233.57,233.57,309.0,AZPN
2023-04-24 15:06:00,233.54,233.54,233.54,233.54,165.0,AZPN
2023-04-24 15:00:00,233.785,233.785,233.785,233.785,118.0,AZPN
2023-04-24 14:55:00,233.44,233.44,233.37,233.37,482.0,AZPN
2023-04-24 14:54:00,233.45,233.45,233.45,233.45,568.0,AZPN
2023-04-24 14:53:00,233.91,233.97,233.91,233.97,234.0,AZPN
2023-04-24 14:50:00,233.61,233.61,233.61,233.61,412.0,AZPN
2023-04-24 14:48:00,233.61,233.61,233.61,233.61,202.0,AZPN
2023-04-24 14:45:00,233.58,233.58,233.58,233.58,242.0,AZPN
2023-04-24 14:32:00,233.65,233.65,233.12,233.12,1561.0,AZPN
2023-04-24 14:31:00,233.68,233.68,233.68,233.68,548.0,AZPN
2023-04-24 14:27:00,233.57,233.57,233.57,233.57,200.0,AZPN
2023-04-24 14:22:00,233.805,233.805,233.805,233.805,238.0,AZPN
2023-04-24 14:18:00,233.35,233.35,233.35,233.35,154.0,AZPN
2023-04-24 14:11:00,233.43,233.43,233.43,233.43,326.0,AZPN
2023-04-24 14:09:00,233.1,233.18,232.97,233.18,988.0,AZPN
2023-04-24 14:03:00,233.785,233.785,233.785,233.785,194.0,AZPN
2023-04-24 13:58:00,233.37,233.37,233.37,233.37,538.0,AZPN
2023-04-24 13:56:00,233.58,233.58,233.58,233.58,105.0,AZPN
2023-04-24 13:55:00,233.4,233.4,233.4,233.4,380.0,AZPN
2023-04-24 13:50:00,233.58,233.58,233.58,233.58,133.0,AZPN
2023-04-24 13:42:00,233.79,233.79,233.79,233.79,107.0,AZPN
2023-04-24 13:41:00,233.78,233.78,233.78,233.78,114.0,AZPN
2023-04-24 13:35:00,233.1993,233.355,233.1993,233.355,249.0,AZPN
2023-04-24 13:29:00,233.335,233.335,233.335,233.335,210.0,AZPN
2023-04-24 13:28:00,232.71,232.96,232.71,232.96,354.0,AZPN
2023-04-24 13:25:00,232.51,232.51,232.51,232.51,231.0,AZPN
2023-04-24 13:24:00,232.475,232.5,232.475,232.5,936.0,AZPN
2023-04-24 13:22:00,232.04,232.17,232.01,232.17,1311.0,AZPN
2023-04-24 13:18:00,231.95,231.95,231.95,231.95,138.0,AZPN
2023-04-24 13:17:00,232.03,232.03,232.03,232.03,559.0,AZPN
2023-04-24 13:16:00,232.0,232.0,232.0,232.0,307.0,AZPN
2023-04-24 13:15:00,232.03,232.03,232.02,232.02,450.0,AZPN
2023-04-24 13:14:00,232.1058,232.1058,232.1058,232.1058,358.0,AZPN
2023-04-24 13:13:00,232.05,232.05,232.015,232.015,572.0,AZPN
2023-04-24 13:12:00,231.94,231.94,231.94,231.94,100.0,AZPN
2023-04-24 13:11:00,232.03,232.03,232.03,232.03,101.0,AZPN
2023-04-24 13:09:00,231.975,231.975,231.975,231.975,201.0,AZPN
2023-04-24 13:08:00,232.01,232.01,232.01,232.01,221.0,AZPN
2023-04-24 13:07:00,232.1,232.1,232.1,232.1,104.0,AZPN
2023-04-24 13:05:00,232.1,232.1,231.88,231.88,408.0,AZPN
2023-04-24 13:03:00,231.975,231.975,231.975,231.975,269.0,AZPN
2023-04-24 13:00:00,232.01,232.11,232.01,232.11,447.0,AZPN
2023-04-24 12:59:00,232.16,232.16,231.83,232.12,1859.0,AZPN
2023-04-24 12:58:00,231.95,232.09,231.95,232.09,1213.0,AZPN
2023-04-24 12:57:00,231.88,232.29,231.88,232.29,288.0,AZPN
2023-04-24 12:56:00,231.734,231.84,231.734,231.84,200.0,AZPN
2023-04-24 12:50:00,231.75,231.75,231.74,231.74,200.0,AZPN
2023-04-24 12:47:00,232.025,232.025,231.85,231.85,620.0,AZPN
2023-04-24 12:43:00,232.23,232.23,232.23,232.23,155.0,AZPN
2023-04-24 12:42:00,232.215,232.215,232.215,232.215,219.0,AZPN
2023-04-24 12:39:00,232.19,232.19,232.19,232.19,173.0,AZPN
2023-04-24 12:25:00,231.54,231.57,231.54,231.57,660.0,AZPN
2023-04-24 12:21:00,231.42,231.42,231.42,231.42,489.0,AZPN
2023-04-24 12:17:00,231.18,231.18,230.67,230.67,945.0,AZPN
2023-04-24 12:16:00,231.555,231.555,231.555,231.555,133.0,AZPN
2023-04-24 12:15:00,231.33,231.33,231.33,231.33,560.0,AZPN
2023-04-24 12:09:00,231.58,231.79,231.42,231.42,975.0,AZPN
2023-04-24 12:04:00,231.985,231.985,231.985,231.985,305.0,AZPN
2023-04-24 12:00:00,231.75,231.75,231.36,231.36,625.0,AZPN
2023-04-24 11:56:00,231.81,231.81,231.81,231.81,109.0,AZPN
2023-04-24 11:44:00,231.2997,231.2997,231.2997,231.2997,201.0,AZPN
2023-04-24 11:43:00,231.26,231.26,231.26,231.26,634.0,AZPN
2023-04-24 11:35:00,232.065,232.065,232.065,232.065,326.0,AZPN
2023-04-24 11:34:00,232.06,232.06,232.06,232.06,207.0,AZPN
2023-04-24 11:33:00,231.93,231.93,231.93,231.93,511.0,AZPN
2023-04-24 11:29:00,231.93,232.17,231.93,232.17,347.0,AZPN
2023-04-24 11:19:00,232.32,232.32,232.21,232.21,732.0,AZPN
2023-04-24 11:18:00,232.07,232.07,231.95,231.98,1146.0,AZPN
2023-04-24 11:15:00,232.25,232.25,232.25,232.25,216.0,AZPN
2023-04-24 11:09:00,232.325,232.325,232.325,232.325,146.0,AZPN
2023-04-24 11:02:00,232.39,232.39,232.075,232.075,229.0,AZPN
2023-04-24 10:48:00,232.275,232.275,232.275,232.275,101.0,AZPN
2023-04-24 10:45:00,232.43,232.43,232.43,232.43,409.0,AZPN
2023-04-24 10:43:00,232.54,232.54,232.54,232.54,647.0,AZPN
2023-04-24 10:38:00,232.71,232.82,232.71,232.82,415.0,AZPN
2023-04-24 10:37:00,233.14,233.14,233.12,233.12,552.0,AZPN
2023-04-24 10:34:00,233.46,233.46,233.46,233.46,246.0,AZPN
2023-04-24 10:30:00,233.78,233.78,233.66,233.66,865.0,AZPN
2023-04-24 10:29:00,234.355,234.355,234.355,234.355,672.0,AZPN
2023-04-24 10:22:00,234.14,234.14,234.14,234.14,201.0,AZPN
2023-04-24 10:18:00,233.66,233.66,233.66,233.66,111.0,AZPN
2023-04-24 10:03:00,233.1,233.1,233.1,233.1,452.0,AZPN
2023-04-24 09:57:00,233.71,234.1295,233.64,234.1295,703.0,AZPN
2023-04-24 09:52:00,234.36,234.36,233.705,233.705,1437.0,AZPN
2023-04-24 09:51:00,234.36,234.36,234.36,234.36,183.0,AZPN
2023-04-24 09:48:00,234.36,234.36,234.36,234.36,192.0,AZPN
2023-04-24 09:47:00,234.67,234.805,234.51,234.805,957.0,AZPN
2023-04-24 09:45:00,234.77,234.77,234.77,234.77,100.0,AZPN
2023-04-24 09:43:00,234.93,234.93,234.93,234.93,130.0,AZPN
2023-04-24 09:41:00,234.56,234.56,234.56,234.56,102.0,AZPN
2023-04-24 09:38:00,235.39,235.39,235.17,235.19,2096.0,AZPN
2023-04-24 09:37:00,234.86,234.86,234.86,234.86,1488.0,AZPN
2023-04-24 09:34:00,234.01,234.545,234.01,234.545,617.0,AZPN
2023-04-24 09:33:00,233.535,233.535,233.535,233.535,101.0,AZPN
2023-04-24 09:32:00,234.11,234.11,234.11,234.11,200.0,AZPN
2023-04-24 09:31:00,233.41,233.41,233.41,233.41,894.0,AZPN
