date,1. open,2. high,3. low,4. close,5. volume,Ticker
2023-04-06 16:00:00,33.865,33.91,33.865,33.9,5251.0,BIP
2023-04-06 15:59:00,33.89,33.89,33.865,33.865,2527.0,BIP
2023-04-06 15:58:00,33.91,33.93,33.9,33.91,4135.0,BIP
2023-04-06 15:57:00,33.89,33.895,33.87,33.895,3131.0,BIP
2023-04-06 15:56:00,33.86,33.9,33.84,33.895,9789.0,BIP
2023-04-06 15:55:00,33.83,33.865,33.83,33.865,3034.0,BIP
2023-04-06 15:54:00,33.83,33.84,33.83,33.84,776.0,BIP
2023-04-06 15:53:00,33.87,33.87,33.84,33.84,924.0,BIP
2023-04-06 15:52:00,33.87,33.87,33.87,33.87,1091.0,BIP
2023-04-06 15:51:00,33.81,33.88,33.81,33.87,1521.0,BIP
2023-04-06 15:49:00,33.79,33.79,33.79,33.79,835.0,BIP
2023-04-06 15:48:00,33.78,33.81,33.78,33.79,1669.0,BIP
2023-04-06 15:47:00,33.81,33.81,33.78,33.78,2365.0,BIP
2023-04-06 15:46:00,33.81,33.81,33.81,33.81,104.0,BIP
2023-04-06 15:45:00,33.8,33.8,33.8,33.8,200.0,BIP
2023-04-06 15:44:00,33.82,33.82,33.81,33.81,1702.0,BIP
2023-04-06 15:43:00,33.76,33.8,33.76,33.8,6545.0,BIP
2023-04-06 15:41:00,33.76,33.76,33.76,33.76,103.0,BIP
2023-04-06 15:40:00,33.75,33.75,33.74,33.75,2000.0,BIP
2023-04-06 15:39:00,33.74,33.75,33.74,33.75,201.0,BIP
2023-04-06 15:38:00,33.75,33.75,33.72,33.72,881.0,BIP
2023-04-06 15:37:00,33.75,33.75,33.75,33.75,100.0,BIP
2023-04-06 15:36:00,33.75,33.76,33.75,33.75,770.0,BIP
2023-04-06 15:35:00,33.75,33.75,33.75,33.75,3744.0,BIP
2023-04-06 15:32:00,33.76,33.76,33.76,33.76,101.0,BIP
2023-04-06 15:31:00,33.74,33.74,33.74,33.74,286.0,BIP
2023-04-06 15:29:00,33.74,33.74,33.7,33.7105,2465.0,BIP
2023-04-06 15:26:00,33.69,33.72,33.69,33.71,3220.0,BIP
2023-04-06 15:25:00,33.66,33.68,33.66,33.68,2812.0,BIP
2023-04-06 15:24:00,33.68,33.68,33.65,33.65,500.0,BIP
2023-04-06 15:23:00,33.71,33.71,33.71,33.71,150.0,BIP
2023-04-06 15:22:00,33.73,33.73,33.73,33.73,651.0,BIP
2023-04-06 15:21:00,33.71,33.71,33.71,33.71,675.0,BIP
2023-04-06 15:20:00,33.72,33.72,33.72,33.72,326.0,BIP
2023-04-06 15:19:00,33.73,33.73,33.73,33.73,331.0,BIP
2023-04-06 15:18:00,33.73,33.73,33.71,33.71,1103.0,BIP
2023-04-06 15:17:00,33.77,33.78,33.73,33.74,1416.0,BIP
2023-04-06 15:16:00,33.81,33.81,33.77,33.77,424.0,BIP
2023-04-06 15:15:00,33.81,33.81,33.81,33.81,105.0,BIP
2023-04-06 15:14:00,33.82,33.83,33.8,33.83,1209.0,BIP
2023-04-06 15:13:00,33.84,33.85,33.84,33.85,641.0,BIP
2023-04-06 15:12:00,33.9,33.9,33.84,33.86,2810.0,BIP
2023-04-06 15:11:00,33.91,33.91,33.905,33.905,289.0,BIP
2023-04-06 15:10:00,33.9,33.9047,33.9,33.9047,318.0,BIP
2023-04-06 15:09:00,33.9,33.9,33.9,33.9,279.0,BIP
2023-04-06 15:08:00,33.895,33.895,33.895,33.895,375.0,BIP
2023-04-06 15:07:00,33.9,33.9,33.9,33.9,301.0,BIP
2023-04-06 15:06:00,33.91,33.91,33.91,33.91,269.0,BIP
2023-04-06 14:59:00,33.86,33.86,33.85,33.86,547.0,BIP
2023-04-06 14:58:00,33.86,33.88,33.86,33.865,1945.0,BIP
2023-04-06 14:57:00,33.86,33.86,33.86,33.86,100.0,BIP
2023-04-06 14:55:00,33.87,33.87,33.87,33.87,130.0,BIP
2023-04-06 14:54:00,33.87,33.87,33.87,33.87,1368.0,BIP
2023-04-06 14:53:00,33.865,33.87,33.86,33.86,834.0,BIP
2023-04-06 14:52:00,33.88,33.88,33.87,33.87,1379.0,BIP
2023-04-06 14:51:00,33.88,33.89,33.88,33.8812,4218.0,BIP
2023-04-06 14:50:00,33.89,33.89,33.88,33.88,360.0,BIP
2023-04-06 14:45:00,33.92,33.92,33.905,33.905,2465.0,BIP
2023-04-06 14:44:00,33.93,33.93,33.93,33.93,100.0,BIP
2023-04-06 14:43:00,33.92,33.92,33.92,33.92,100.0,BIP
2023-04-06 14:41:00,33.92,33.93,33.92,33.93,202.0,BIP
2023-04-06 14:38:00,33.915,33.93,33.915,33.93,300.0,BIP
2023-04-06 14:37:00,33.93,33.93,33.93,33.93,100.0,BIP
2023-04-06 14:36:00,33.845,33.92,33.845,33.92,3060.0,BIP
2023-04-06 14:35:00,33.86,33.86,33.86,33.86,187.0,BIP
2023-04-06 14:33:00,33.835,33.835,33.835,33.835,202.0,BIP
2023-04-06 14:29:00,33.86,33.86,33.8,33.82,2378.0,BIP
2023-04-06 14:26:00,33.82,33.84,33.82,33.84,887.0,BIP
2023-04-06 14:24:00,33.85,33.85,33.85,33.85,186.0,BIP
2023-04-06 14:23:00,33.85,33.86,33.85,33.86,227.0,BIP
2023-04-06 14:22:00,33.86,33.86,33.86,33.86,216.0,BIP
2023-04-06 14:21:00,33.8881,33.8881,33.8881,33.8881,100.0,BIP
2023-04-06 14:19:00,33.87,33.87,33.86,33.86,259.0,BIP
2023-04-06 14:18:00,33.89,33.89,33.89,33.89,102.0,BIP
2023-04-06 14:17:00,33.95,33.95,33.8981,33.8981,2936.0,BIP
2023-04-06 14:16:00,33.96,33.96,33.96,33.96,134.0,BIP
2023-04-06 14:15:00,33.94,33.95,33.94,33.95,253.0,BIP
2023-04-06 14:11:00,33.95,33.97,33.95,33.95,3801.0,BIP
2023-04-06 14:09:00,33.932,33.932,33.932,33.932,430.0,BIP
2023-04-06 14:08:00,33.92,33.93,33.92,33.93,339.0,BIP
2023-04-06 14:07:00,33.92,33.92,33.92,33.92,100.0,BIP
2023-04-06 14:06:00,33.92,33.92,33.92,33.92,100.0,BIP
2023-04-06 14:05:00,33.94,33.94,33.93,33.93,411.0,BIP
2023-04-06 14:03:00,33.95,33.95,33.95,33.95,140.0,BIP
2023-04-06 14:02:00,33.95,33.95,33.935,33.95,937.0,BIP
2023-04-06 14:01:00,33.9685,33.9685,33.9685,33.9685,250.0,BIP
2023-04-06 14:00:00,33.97,33.97,33.97,33.97,128.0,BIP
2023-04-06 13:59:00,33.98,33.98,33.98,33.98,295.0,BIP
2023-04-06 13:58:00,33.99,33.99,33.99,33.99,110.0,BIP
2023-04-06 13:57:00,34.0,34.0,34.0,34.0,105.0,BIP
2023-04-06 13:55:00,34.01,34.01,34.01,34.01,207.0,BIP
2023-04-06 13:54:00,34.0,34.01,34.0,34.0,300.0,BIP
2023-04-06 13:53:00,34.0,34.0,34.0,34.0,498.0,BIP
2023-04-06 13:51:00,33.99,33.99,33.97,33.97,936.0,BIP
2023-04-06 13:50:00,33.995,33.995,33.9855,33.9855,310.0,BIP
2023-04-06 13:48:00,34.02,34.02,34.0,34.0,431.0,BIP
2023-04-06 13:42:00,34.03,34.03,34.03,34.03,420.0,BIP
2023-04-06 13:41:00,34.05,34.05,34.05,34.05,100.0,BIP
2023-04-06 13:39:00,34.04,34.04,34.04,34.04,195.0,BIP
2023-04-06 13:38:00,34.05,34.05,34.05,34.05,207.0,BIP
2023-04-06 13:37:00,34.03,34.05,34.03,34.05,476.0,BIP
2023-04-06 13:36:00,34.0358,34.0358,34.0358,34.0358,190.0,BIP
2023-04-06 13:35:00,33.98,34.0,33.98,34.0,1550.0,BIP
2023-04-06 13:34:00,34.01,34.01,34.01,34.01,604.0,BIP
2023-04-06 13:32:00,34.0187,34.02,34.0122,34.0122,741.0,BIP
2023-04-06 13:31:00,34.025,34.025,34.01,34.01,301.0,BIP
2023-04-06 13:29:00,34.0299,34.03,34.0299,34.03,2824.0,BIP
2023-04-06 13:23:00,34.0154,34.02,34.0154,34.02,303.0,BIP
2023-04-06 13:21:00,34.0,34.0,34.0,34.0,100.0,BIP
2023-04-06 13:20:00,33.98,33.99,33.98,33.99,600.0,BIP
2023-04-06 13:19:00,34.02,34.02,34.01,34.01,493.0,BIP
2023-04-06 13:18:00,34.02,34.04,34.02,34.04,626.0,BIP
2023-04-06 13:17:00,34.01,34.01,34.01,34.01,100.0,BIP
2023-04-06 13:13:00,34.02,34.02,34.02,34.02,300.0,BIP
2023-04-06 13:12:00,34.02,34.0285,34.02,34.02,1413.0,BIP
2023-04-06 13:11:00,34.04,34.04,34.04,34.04,100.0,BIP
2023-04-06 13:10:00,34.04,34.04,34.03,34.03,589.0,BIP
2023-04-06 13:09:00,34.015,34.07,34.015,34.07,914.0,BIP
2023-04-06 13:06:00,34.01,34.01,34.01,34.01,115.0,BIP
2023-04-06 13:05:00,34.01,34.01,34.01,34.01,121.0,BIP
2023-04-06 13:04:00,34.02,34.03,34.02,34.03,331.0,BIP
2023-04-06 13:01:00,34.02,34.02,34.02,34.02,165.0,BIP
2023-04-06 13:00:00,34.01,34.01,34.01,34.01,586.0,BIP
2023-04-06 12:59:00,34.025,34.025,34.025,34.025,360.0,BIP
2023-04-06 12:58:00,34.0631,34.0631,34.03,34.03,1276.0,BIP
2023-04-06 12:57:00,34.09,34.09,34.09,34.09,151.0,BIP
2023-04-06 12:56:00,34.07,34.075,34.07,34.075,203.0,BIP
2023-04-06 12:55:00,34.08,34.08,34.08,34.08,240.0,BIP
2023-04-06 12:53:00,34.09,34.09,34.09,34.09,102.0,BIP
2023-04-06 12:50:00,34.07,34.07,34.06,34.06,489.0,BIP
2023-04-06 12:49:00,34.08,34.08,34.08,34.08,197.0,BIP
2023-04-06 12:48:00,34.06,34.07,34.06,34.07,1495.0,BIP
2023-04-06 12:47:00,34.105,34.105,34.05,34.05,3713.0,BIP
2023-04-06 12:46:00,34.09,34.1193,34.09,34.11,706.0,BIP
2023-04-06 12:45:00,34.11,34.11,34.1,34.1,222.0,BIP
2023-04-06 12:40:00,34.11,34.11,34.11,34.11,100.0,BIP
2023-04-06 12:34:00,34.12,34.13,34.1,34.1,716.0,BIP
2023-04-06 12:32:00,34.03,34.03,34.03,34.03,265.0,BIP
2023-04-06 12:31:00,34.01,34.02,34.01,34.02,471.0,BIP
2023-04-06 12:28:00,34.0,34.0,34.0,34.0,556.0,BIP
2023-04-06 12:27:00,33.99,33.9989,33.985,33.9989,660.0,BIP
2023-04-06 12:23:00,34.02,34.02,34.02,34.02,120.0,BIP
2023-04-06 12:22:00,34.03,34.03,34.0253,34.0253,351.0,BIP
2023-04-06 12:21:00,34.0616,34.0616,34.0616,34.0616,301.0,BIP
2023-04-06 12:20:00,34.07,34.07,34.07,34.07,106.0,BIP
2023-04-06 12:19:00,34.0659,34.09,34.0659,34.09,400.0,BIP
2023-04-06 12:16:00,34.14,34.14,34.09,34.09,905.0,BIP
2023-04-06 12:15:00,34.14,34.14,34.14,34.14,112.0,BIP
2023-04-06 12:14:00,34.1291,34.15,34.1291,34.15,664.0,BIP
2023-04-06 12:13:00,34.11,34.12,34.11,34.12,358.0,BIP
2023-04-06 12:11:00,34.13,34.1475,34.11,34.11,2282.0,BIP
2023-04-06 12:10:00,34.11,34.11,34.11,34.11,334.0,BIP
2023-04-06 12:09:00,34.095,34.1,34.095,34.1,401.0,BIP
2023-04-06 12:08:00,34.09,34.09,34.09,34.09,121.0,BIP
2023-04-06 12:06:00,34.11,34.11,34.09,34.0978,1141.0,BIP
2023-04-06 12:05:00,34.11,34.11,34.09,34.1,1134.0,BIP
2023-04-06 12:04:00,34.09,34.1,34.09,34.1,649.0,BIP
2023-04-06 12:02:00,34.11,34.11,34.11,34.11,231.0,BIP
2023-04-06 12:01:00,34.08,34.1,34.08,34.085,657.0,BIP
2023-04-06 12:00:00,34.07,34.07,34.07,34.07,200.0,BIP
2023-04-06 11:56:00,34.07,34.07,34.07,34.07,100.0,BIP
2023-04-06 11:52:00,34.03,34.06,34.03,34.05,669.0,BIP
2023-04-06 11:51:00,34.03,34.03,34.03,34.03,100.0,BIP
2023-04-06 11:50:00,34.03,34.03,33.98,34.02,1245.0,BIP
2023-04-06 11:49:00,34.04,34.04,34.04,34.04,160.0,BIP
2023-04-06 11:48:00,34.04,34.05,34.04,34.05,350.0,BIP
2023-04-06 11:43:00,34.05,34.05,34.05,34.05,195.0,BIP
2023-04-06 11:41:00,33.97,33.99,33.97,33.99,737.0,BIP
2023-04-06 11:39:00,34.0199,34.0199,33.96,33.97,915.0,BIP
2023-04-06 11:38:00,34.01,34.01,34.01,34.01,410.0,BIP
2023-04-06 11:37:00,34.02,34.02,34.02,34.02,150.0,BIP
2023-04-06 11:36:00,34.05,34.05,34.05,34.05,116.0,BIP
2023-04-06 11:34:00,34.0192,34.03,34.0192,34.03,446.0,BIP
2023-04-06 11:33:00,33.99,34.0,33.99,34.0,340.0,BIP
2023-04-06 11:32:00,33.97,33.97,33.97,33.97,295.0,BIP
2023-04-06 11:31:00,33.9409,33.96,33.9409,33.96,555.0,BIP
2023-04-06 11:29:00,33.95,33.95,33.95,33.95,225.0,BIP
2023-04-06 11:26:00,33.925,33.925,33.925,33.925,100.0,BIP
2023-04-06 11:24:00,33.94,33.94,33.92,33.92,403.0,BIP
2023-04-06 11:23:00,33.95,33.955,33.95,33.955,349.0,BIP
2023-04-06 11:22:00,33.96,33.98,33.96,33.98,200.0,BIP
2023-04-06 11:21:00,33.9782,33.9782,33.935,33.935,663.0,BIP
2023-04-06 11:19:00,33.97,33.97,33.97,33.97,106.0,BIP
2023-04-06 11:17:00,33.94,33.94,33.94,33.94,126.0,BIP
2023-04-06 11:16:00,33.92,33.92,33.92,33.92,342.0,BIP
2023-04-06 11:15:00,33.92,33.92,33.89,33.89,456.0,BIP
2023-04-06 11:14:00,33.93,33.93,33.93,33.93,320.0,BIP
2023-04-06 11:13:00,33.915,33.93,33.915,33.93,400.0,BIP
2023-04-06 11:12:00,33.91,33.91,33.91,33.91,275.0,BIP
2023-04-06 11:10:00,33.97,33.97,33.94,33.94,1309.0,BIP
2023-04-06 11:09:00,33.95,33.97,33.95,33.97,1089.0,BIP
2023-04-06 11:07:00,33.95,33.95,33.95,33.95,393.0,BIP
2023-04-06 11:06:00,33.95,33.95,33.93,33.93,931.0,BIP
2023-04-06 11:04:00,33.95,33.95,33.95,33.95,100.0,BIP
2023-04-06 11:03:00,33.94,33.94,33.94,33.94,194.0,BIP
2023-04-06 11:02:00,33.94,33.95,33.94,33.95,200.0,BIP
2023-04-06 11:01:00,33.94,33.95,33.94,33.95,318.0,BIP
2023-04-06 11:00:00,33.93,33.95,33.93,33.95,537.0,BIP
2023-04-06 10:59:00,33.85,33.9,33.85,33.9,1124.0,BIP
2023-04-06 10:58:00,33.86,33.86,33.85,33.86,330.0,BIP
2023-04-06 10:57:00,33.86,33.86,33.82,33.82,3150.0,BIP
2023-04-06 10:56:00,33.8561,33.8561,33.85,33.85,446.0,BIP
2023-04-06 10:55:00,33.9,33.9,33.89,33.89,537.0,BIP
2023-04-06 10:54:00,33.91,33.91,33.91,33.91,100.0,BIP
2023-04-06 10:53:00,33.91,33.92,33.9,33.92,2147.0,BIP
2023-04-06 10:51:00,33.89,33.9,33.89,33.9,225.0,BIP
2023-04-06 10:50:00,33.89,33.905,33.89,33.89,845.0,BIP
2023-04-06 10:47:00,33.9,33.9,33.9,33.9,147.0,BIP
2023-04-06 10:46:00,33.8878,33.9,33.8878,33.9,271.0,BIP
2023-04-06 10:44:00,33.89,33.89,33.87,33.87,205.0,BIP
2023-04-06 10:43:00,33.9069,33.9069,33.89,33.89,592.0,BIP
2023-04-06 10:42:00,33.885,33.91,33.885,33.91,548.0,BIP
2023-04-06 10:41:00,33.9,33.9,33.89,33.89,577.0,BIP
2023-04-06 10:38:00,33.905,33.905,33.89,33.89,1642.0,BIP
2023-04-06 10:37:00,33.91,33.91,33.91,33.91,533.0,BIP
2023-04-06 10:36:00,33.93,33.95,33.92,33.95,1533.0,BIP
2023-04-06 10:34:00,33.93,33.93,33.93,33.93,509.0,BIP
2023-04-06 10:33:00,33.91,33.91,33.91,33.91,453.0,BIP
2023-04-06 10:31:00,33.88,33.88,33.88,33.88,154.0,BIP
2023-04-06 10:30:00,33.865,33.88,33.865,33.88,200.0,BIP
2023-04-06 10:29:00,33.95,33.95,33.92,33.92,1132.0,BIP
2023-04-06 10:28:00,33.95,33.95,33.95,33.95,100.0,BIP
2023-04-06 10:26:00,33.92,33.92,33.92,33.92,242.0,BIP
2023-04-06 10:24:00,33.91,33.91,33.91,33.91,873.0,BIP
2023-04-06 10:22:00,33.92,33.92,33.9,33.9,1010.0,BIP
2023-04-06 10:19:00,33.93,33.93,33.92,33.92,658.0,BIP
2023-04-06 10:16:00,33.95,33.95,33.94,33.94,961.0,BIP
2023-04-06 10:15:00,33.96,33.96,33.935,33.935,448.0,BIP
2023-04-06 10:14:00,33.96,33.96,33.96,33.96,603.0,BIP
2023-04-06 10:12:00,33.92,33.92,33.92,33.92,100.0,BIP
2023-04-06 10:11:00,33.88,33.88,33.88,33.88,306.0,BIP
2023-04-06 10:10:00,33.84,33.87,33.84,33.87,551.0,BIP
2023-04-06 10:09:00,33.81,33.85,33.81,33.85,1209.0,BIP
2023-04-06 10:08:00,33.77,33.79,33.77,33.79,644.0,BIP
2023-04-06 10:07:00,33.8001,33.82,33.78,33.79,1853.0,BIP
2023-04-06 10:06:00,33.81,33.82,33.81,33.82,462.0,BIP
2023-04-06 10:05:00,33.8,33.81,33.78,33.81,1357.0,BIP
2023-04-06 10:04:00,33.74,33.78,33.74,33.78,1285.0,BIP
2023-04-06 10:03:00,33.7543,33.7543,33.7543,33.7543,435.0,BIP
2023-04-06 10:02:00,33.7862,33.7862,33.77,33.7817,3656.0,BIP
2023-04-06 10:01:00,33.74,33.74,33.74,33.74,105.0,BIP
2023-04-06 10:00:00,33.73,33.75,33.73,33.75,666.0,BIP
2023-04-06 09:58:00,33.7,33.71,33.7,33.71,1249.0,BIP
2023-04-06 09:57:00,33.7,33.7,33.66,33.66,416.0,BIP
2023-04-06 09:56:00,33.77,33.77,33.72,33.72,1781.0,BIP
2023-04-06 09:55:00,33.86,33.86,33.78,33.78,1208.0,BIP
2023-04-06 09:54:00,33.85,33.85,33.85,33.85,102.0,BIP
2023-04-06 09:53:00,33.87,33.87,33.87,33.87,300.0,BIP
2023-04-06 09:51:00,33.98,33.98,33.9277,33.9277,2703.0,BIP
2023-04-06 09:50:00,33.96,33.97,33.92,33.95,958.0,BIP
2023-04-06 09:49:00,33.95,33.95,33.93,33.93,200.0,BIP
2023-04-06 09:48:00,33.95,33.95,33.92,33.95,500.0,BIP
2023-04-06 09:47:00,33.96,33.96,33.925,33.925,500.0,BIP
2023-04-06 09:46:00,33.96,33.96,33.95,33.96,415.0,BIP
2023-04-06 09:45:00,33.925,33.97,33.925,33.95,523.0,BIP
2023-04-06 09:44:00,33.85,33.925,33.85,33.925,500.0,BIP
2023-04-06 09:43:00,33.8,33.86,33.8,33.86,719.0,BIP
2023-04-06 09:42:00,33.8,33.8,33.8,33.8,200.0,BIP
2023-04-06 09:41:00,33.68,33.7,33.68,33.7,901.0,BIP
2023-04-06 09:40:00,33.65,33.68,33.6386,33.6386,864.0,BIP
2023-04-06 09:39:00,33.6,33.6395,33.6,33.6395,252.0,BIP
2023-04-06 09:38:00,33.61,33.65,33.61,33.61,1337.0,BIP
2023-04-06 09:37:00,33.7,33.7,33.61,33.61,1957.0,BIP
2023-04-06 09:36:00,33.61,33.69,33.61,33.65,1887.0,BIP
2023-04-06 09:33:00,33.6,33.61,33.6,33.61,1215.0,BIP
2023-04-06 09:31:00,33.68,33.68,33.68,33.68,1768.0,BIP
2023-04-06 09:30:00,33.51,33.51,33.51,33.51,1000.0,BIP
2023-04-06 09:25:00,33.6,33.6,33.6,33.6,634.0,BIP
2023-04-06 09:20:00,33.6,33.6,33.6,33.6,600.0,BIP
2023-04-05 16:00:00,33.61,33.63,33.59,33.59,5923.0,BIP
2023-04-05 15:59:00,33.62,33.63,33.61,33.61,2249.0,BIP
2023-04-05 15:58:00,33.61,33.63,33.61,33.63,1525.0,BIP
2023-04-05 15:57:00,33.56,33.6,33.55,33.6,6092.0,BIP
2023-04-05 15:56:00,33.57,33.57,33.55,33.565,4416.0,BIP
2023-04-05 15:55:00,33.57,33.58,33.57,33.58,658.0,BIP
2023-04-05 15:54:00,33.57,33.57,33.56,33.56,1301.0,BIP
2023-04-05 15:53:00,33.57,33.57,33.57,33.57,202.0,BIP
2023-04-05 15:52:00,33.59,33.6,33.58,33.58,1163.0,BIP
2023-04-05 15:51:00,33.55,33.63,33.55,33.61,4991.0,BIP
2023-04-05 15:50:00,33.57,33.57,33.55,33.55,1227.0,BIP
2023-04-05 15:49:00,33.58,33.585,33.58,33.58,1259.0,BIP
2023-04-05 15:48:00,33.58,33.59,33.58,33.59,897.0,BIP
2023-04-05 15:44:00,33.59,33.593,33.59,33.59,1736.0,BIP
2023-04-05 15:43:00,33.59,33.59,33.59,33.59,117.0,BIP
2023-04-05 15:41:00,33.58,33.59,33.58,33.59,486.0,BIP
2023-04-05 15:40:00,33.59,33.59,33.58,33.58,1064.0,BIP
2023-04-05 15:39:00,33.6,33.6,33.58,33.58,550.0,BIP
2023-04-05 15:38:00,33.59,33.59,33.59,33.59,194.0,BIP
2023-04-05 15:37:00,33.59,33.59,33.59,33.59,156.0,BIP
2023-04-05 15:36:00,33.61,33.61,33.59,33.59,1236.0,BIP
2023-04-05 15:34:00,33.6191,33.6191,33.6149,33.6149,565.0,BIP
2023-04-05 15:33:00,33.615,33.62,33.61,33.62,2504.0,BIP
2023-04-05 15:32:00,33.62,33.62,33.62,33.62,117.0,BIP
2023-04-05 15:31:00,33.61,33.62,33.61,33.615,645.0,BIP
2023-04-05 15:29:00,33.625,33.625,33.625,33.625,386.0,BIP
2023-04-05 15:27:00,33.63,33.63,33.625,33.63,1907.0,BIP
2023-04-05 15:26:00,33.62,33.625,33.62,33.625,424.0,BIP
2023-04-05 15:24:00,33.6,33.61,33.6,33.61,935.0,BIP
2023-04-05 15:23:00,33.6,33.6,33.594,33.596,500.0,BIP
2023-04-05 15:21:00,33.59,33.59,33.59,33.59,1288.0,BIP
2023-04-05 15:19:00,33.6,33.6,33.6,33.6,238.0,BIP
2023-04-05 15:15:00,33.64,33.65,33.62,33.63,1024.0,BIP
2023-04-05 15:14:00,33.63,33.63,33.63,33.63,264.0,BIP
2023-04-05 15:11:00,33.61,33.61,33.61,33.61,208.0,BIP
2023-04-05 15:10:00,33.59,33.61,33.58,33.61,2335.0,BIP
2023-04-05 15:09:00,33.595,33.595,33.59,33.59,347.0,BIP
2023-04-05 15:08:00,33.595,33.595,33.595,33.595,267.0,BIP
2023-04-05 15:07:00,33.6,33.6,33.6,33.6,264.0,BIP
2023-04-05 15:06:00,33.62,33.62,33.611,33.62,1912.0,BIP
2023-04-05 15:04:00,33.61,33.61,33.61,33.61,165.0,BIP
2023-04-05 15:03:00,33.63,33.63,33.63,33.63,352.0,BIP
2023-04-05 15:02:00,33.64,33.64,33.62,33.62,555.0,BIP
2023-04-05 15:01:00,33.64,33.65,33.635,33.64,3959.0,BIP
2023-04-05 14:59:00,33.64,33.64,33.64,33.64,307.0,BIP
2023-04-05 14:58:00,33.64,33.64,33.64,33.64,187.0,BIP
2023-04-05 14:53:00,33.67,33.67,33.64,33.66,751.0,BIP
2023-04-05 14:49:00,33.6609,33.6609,33.65,33.6609,833.0,BIP
2023-04-05 14:48:00,33.64,33.64,33.62,33.62,3106.0,BIP
2023-04-05 14:46:00,33.598,33.598,33.598,33.598,116.0,BIP
2023-04-05 14:43:00,33.59,33.59,33.59,33.59,201.0,BIP
2023-04-05 14:41:00,33.595,33.595,33.595,33.595,150.0,BIP
2023-04-05 14:40:00,33.62,33.62,33.61,33.62,859.0,BIP
2023-04-05 14:39:00,33.6473,33.65,33.6473,33.65,851.0,BIP
2023-04-05 14:38:00,33.6,33.65,33.6,33.65,1088.0,BIP
2023-04-05 14:36:00,33.56,33.58,33.56,33.58,536.0,BIP
2023-04-05 14:34:00,33.54,33.54,33.54,33.54,101.0,BIP
2023-04-05 14:33:00,33.54,33.54,33.5201,33.5201,1800.0,BIP
2023-04-05 14:31:00,33.55,33.55,33.55,33.55,132.0,BIP
2023-04-05 14:30:00,33.54,33.54,33.54,33.54,100.0,BIP
2023-04-05 14:29:00,33.5341,33.54,33.53,33.54,458.0,BIP
2023-04-05 14:27:00,33.54,33.55,33.54,33.55,1538.0,BIP
2023-04-05 14:25:00,33.54,33.54,33.54,33.54,130.0,BIP
2023-04-05 14:24:00,33.5533,33.5533,33.5204,33.5204,779.0,BIP
2023-04-05 14:22:00,33.59,33.59,33.56,33.56,923.0,BIP
2023-04-05 14:20:00,33.59,33.59,33.59,33.59,102.0,BIP
2023-04-05 14:16:00,33.59,33.59,33.59,33.59,560.0,BIP
2023-04-05 14:13:00,33.66,33.66,33.66,33.66,256.0,BIP
2023-04-05 14:11:00,33.61,33.63,33.6,33.63,1783.0,BIP
2023-04-05 14:08:00,33.62,33.62,33.62,33.62,100.0,BIP
2023-04-05 14:06:00,33.605,33.605,33.605,33.605,162.0,BIP
2023-04-05 14:05:00,33.59,33.59,33.59,33.59,132.0,BIP
2023-04-05 14:03:00,33.61,33.6169,33.585,33.585,2966.0,BIP
2023-04-05 14:02:00,33.61,33.63,33.61,33.62,1522.0,BIP
2023-04-05 14:01:00,33.62,33.62,33.62,33.62,236.0,BIP
2023-04-05 13:58:00,33.56,33.57,33.56,33.57,300.0,BIP
2023-04-05 13:56:00,33.57,33.57,33.54,33.54,227.0,BIP
2023-04-05 13:55:00,33.58,33.59,33.56,33.57,2940.0,BIP
2023-04-05 13:51:00,33.55,33.56,33.55,33.56,810.0,BIP
2023-04-05 13:49:00,33.6,33.6,33.53,33.53,2136.0,BIP
2023-04-05 13:47:00,33.62,33.63,33.61,33.63,2312.0,BIP
2023-04-05 13:44:00,33.621,33.621,33.621,33.621,177.0,BIP
2023-04-05 13:40:00,33.5772,33.62,33.5772,33.62,581.0,BIP
2023-04-05 13:37:00,33.59,33.59,33.59,33.59,125.0,BIP
2023-04-05 13:36:00,33.58,33.59,33.58,33.58,584.0,BIP
2023-04-05 13:31:00,33.56,33.56,33.56,33.56,100.0,BIP
2023-04-05 13:28:00,33.5187,33.54,33.5187,33.54,489.0,BIP
2023-04-05 13:27:00,33.52,33.52,33.52,33.52,200.0,BIP
2023-04-05 13:25:00,33.52,33.52,33.51,33.5101,824.0,BIP
2023-04-05 13:24:00,33.51,33.51,33.51,33.51,300.0,BIP
2023-04-05 13:20:00,33.51,33.52,33.51,33.52,563.0,BIP
2023-04-05 13:18:00,33.5,33.5,33.49,33.49,418.0,BIP
2023-04-05 13:16:00,33.485,33.52,33.485,33.52,864.0,BIP
2023-04-05 13:15:00,33.49,33.49,33.485,33.485,521.0,BIP
2023-04-05 13:14:00,33.52,33.52,33.485,33.485,1381.0,BIP
2023-04-05 13:13:00,33.51,33.51,33.51,33.51,224.0,BIP
2023-04-05 13:12:00,33.5017,33.51,33.495,33.51,1284.0,BIP
2023-04-05 13:11:00,33.5,33.5,33.49,33.49,707.0,BIP
2023-04-05 13:09:00,33.515,33.53,33.5,33.53,3103.0,BIP
2023-04-05 13:06:00,33.465,33.465,33.465,33.465,113.0,BIP
2023-04-05 13:05:00,33.45,33.45,33.45,33.45,100.0,BIP
2023-04-05 13:03:00,33.47,33.47,33.47,33.47,232.0,BIP
2023-04-05 13:01:00,33.46,33.4727,33.46,33.46,888.0,BIP
2023-04-05 12:58:00,33.47,33.47,33.4618,33.4618,300.0,BIP
2023-04-05 12:56:00,33.4422,33.46,33.4422,33.46,372.0,BIP
2023-04-05 12:55:00,33.46,33.46,33.46,33.46,100.0,BIP
2023-04-05 12:54:00,33.45,33.45,33.45,33.45,750.0,BIP
2023-04-05 12:53:00,33.45,33.45,33.45,33.45,233.0,BIP
2023-04-05 12:52:00,33.435,33.435,33.4264,33.4264,291.0,BIP
2023-04-05 12:46:00,33.525,33.525,33.525,33.525,101.0,BIP
2023-04-05 12:45:00,33.47,33.5,33.47,33.5,264.0,BIP
2023-04-05 12:44:00,33.475,33.475,33.46,33.46,401.0,BIP
2023-04-05 12:43:00,33.4645,33.476,33.4645,33.476,883.0,BIP
2023-04-05 12:42:00,33.47,33.49,33.47,33.49,3607.0,BIP
2023-04-05 12:35:00,33.425,33.425,33.41,33.41,1806.0,BIP
2023-04-05 12:34:00,33.4176,33.42,33.4176,33.42,402.0,BIP
2023-04-05 12:32:00,33.42,33.42,33.42,33.42,302.0,BIP
2023-04-05 12:23:00,33.47,33.47,33.47,33.47,207.0,BIP
2023-04-05 12:21:00,33.51,33.51,33.51,33.51,160.0,BIP
2023-04-05 12:18:00,33.53,33.53,33.53,33.53,147.0,BIP
2023-04-05 12:17:00,33.54,33.54,33.54,33.54,407.0,BIP
2023-04-05 12:16:00,33.55,33.55,33.54,33.5401,591.0,BIP
2023-04-05 12:14:00,33.5531,33.5531,33.5531,33.5531,452.0,BIP
2023-04-05 12:11:00,33.54,33.54,33.54,33.54,288.0,BIP
2023-04-05 12:08:00,33.51,33.51,33.51,33.51,200.0,BIP
2023-04-05 12:07:00,33.51,33.51,33.51,33.51,140.0,BIP
2023-04-05 12:06:00,33.53,33.53,33.53,33.53,154.0,BIP
2023-04-05 12:04:00,33.5375,33.5375,33.5375,33.5375,849.0,BIP
2023-04-05 12:03:00,33.55,33.55,33.55,33.55,132.0,BIP
2023-04-05 12:02:00,33.51,33.51,33.51,33.51,431.0,BIP
2023-04-05 11:58:00,33.52,33.52,33.52,33.52,100.0,BIP
2023-04-05 11:57:00,33.49,33.5,33.49,33.5,996.0,BIP
2023-04-05 11:55:00,33.49,33.49,33.49,33.49,123.0,BIP
2023-04-05 11:54:00,33.53,33.53,33.51,33.51,1029.0,BIP
2023-04-05 11:52:00,33.5339,33.5339,33.5339,33.5339,556.0,BIP
2023-04-05 11:50:00,33.53,33.53,33.53,33.53,201.0,BIP
2023-04-05 11:49:00,33.525,33.525,33.525,33.525,202.0,BIP
2023-04-05 11:48:00,33.52,33.52,33.52,33.52,190.0,BIP
2023-04-05 11:47:00,33.555,33.555,33.555,33.555,102.0,BIP
2023-04-05 11:46:00,33.545,33.545,33.54,33.54,640.0,BIP
2023-04-05 11:44:00,33.585,33.585,33.585,33.585,246.0,BIP
2023-04-05 11:42:00,33.63,33.64,33.59,33.63,4722.0,BIP
2023-04-05 11:38:00,33.59,33.59,33.59,33.59,229.0,BIP
2023-04-05 11:36:00,33.58,33.6,33.58,33.6,232.0,BIP
2023-04-05 11:32:00,33.56,33.56,33.56,33.56,1540.0,BIP
2023-04-05 11:31:00,33.46,33.47,33.46,33.47,230.0,BIP
2023-04-05 11:30:00,33.42,33.42,33.42,33.42,125.0,BIP
2023-04-05 11:27:00,33.46,33.46,33.46,33.46,414.0,BIP
2023-04-05 11:26:00,33.48,33.48,33.48,33.48,482.0,BIP
2023-04-05 11:25:00,33.5,33.5,33.49,33.49,396.0,BIP
2023-04-05 11:24:00,33.49,33.49,33.49,33.49,100.0,BIP
2023-04-05 11:21:00,33.5,33.5,33.5,33.5,248.0,BIP
2023-04-05 11:19:00,33.52,33.52,33.52,33.52,245.0,BIP
2023-04-05 11:17:00,33.4651,33.49,33.4651,33.49,1027.0,BIP
2023-04-05 11:16:00,33.4568,33.4568,33.4568,33.4568,198.0,BIP
2023-04-05 11:15:00,33.46,33.46,33.46,33.46,100.0,BIP
2023-04-05 11:14:00,33.4279,33.4482,33.4273,33.4482,1020.0,BIP
2023-04-05 11:12:00,33.41,33.41,33.41,33.41,250.0,BIP
2023-04-05 11:10:00,33.4,33.4,33.4,33.4,221.0,BIP
2023-04-05 11:07:00,33.41,33.4124,33.41,33.4124,3587.0,BIP
2023-04-05 11:04:00,33.4191,33.4191,33.4191,33.4191,300.0,BIP
2023-04-05 11:03:00,33.427,33.427,33.427,33.427,204.0,BIP
2023-04-05 11:02:00,33.4,33.4,33.4,33.4,100.0,BIP
2023-04-05 11:00:00,33.4,33.4,33.37,33.38,2028.0,BIP
2023-04-05 10:59:00,33.355,33.385,33.355,33.385,1678.0,BIP
2023-04-05 10:58:00,33.35,33.353,33.34,33.35,954.0,BIP
2023-04-05 10:57:00,33.37,33.37,33.34,33.34,1519.0,BIP
2023-04-05 10:56:00,33.415,33.415,33.38,33.39,1381.0,BIP
2023-04-05 10:55:00,33.415,33.415,33.415,33.415,230.0,BIP
2023-04-05 10:54:00,33.42,33.42,33.4,33.4,587.0,BIP
2023-04-05 10:53:00,33.4389,33.4389,33.4389,33.4389,249.0,BIP
2023-04-05 10:52:00,33.48,33.48,33.45,33.45,1063.0,BIP
2023-04-05 10:51:00,33.48,33.48,33.43,33.43,4451.0,BIP
2023-04-05 10:50:00,33.48,33.48,33.48,33.48,444.0,BIP
2023-04-05 10:47:00,33.54,33.55,33.54,33.54,1470.0,BIP
2023-04-05 10:46:00,33.51,33.51,33.505,33.505,1255.0,BIP
2023-04-05 10:45:00,33.51,33.52,33.5,33.5,3252.0,BIP
2023-04-05 10:44:00,33.5137,33.5137,33.5137,33.5137,256.0,BIP
2023-04-05 10:43:00,33.51,33.51,33.51,33.51,471.0,BIP
2023-04-05 10:42:00,33.54,33.545,33.52,33.545,495.0,BIP
2023-04-05 10:41:00,33.575,33.575,33.545,33.545,200.0,BIP
2023-04-05 10:38:00,33.55,33.55,33.55,33.55,321.0,BIP
2023-04-05 10:35:00,33.59,33.59,33.53,33.56,3448.0,BIP
2023-04-05 10:32:00,33.62,33.62,33.5701,33.62,348.0,BIP
2023-04-05 10:31:00,33.55,33.6,33.55,33.6,718.0,BIP
2023-04-05 10:30:00,33.54,33.54,33.49,33.5,1117.0,BIP
2023-04-05 10:28:00,33.59,33.59,33.59,33.59,271.0,BIP
2023-04-05 10:27:00,33.59,33.59,33.59,33.59,102.0,BIP
2023-04-05 10:26:00,33.5401,33.5401,33.5401,33.5401,100.0,BIP
2023-04-05 10:25:00,33.56,33.56,33.56,33.56,330.0,BIP
2023-04-05 10:24:00,33.5101,33.5101,33.5101,33.5101,135.0,BIP
2023-04-05 10:19:00,33.4811,33.4811,33.4811,33.4811,107.0,BIP
2023-04-05 10:15:00,33.46,33.47,33.46,33.47,299.0,BIP
2023-04-05 10:14:00,33.3645,33.4273,33.3645,33.425,2022.0,BIP
2023-04-05 10:11:00,33.5,33.5,33.42,33.44,1558.0,BIP
2023-04-05 10:10:00,33.51,33.51,33.4834,33.4834,270.0,BIP
2023-04-05 10:09:00,33.51,33.51,33.51,33.51,169.0,BIP
2023-04-05 10:08:00,33.42,33.43,33.42,33.43,690.0,BIP
2023-04-05 10:07:00,33.5137,33.5137,33.44,33.47,1801.0,BIP
2023-04-05 10:06:00,33.505,33.505,33.505,33.505,127.0,BIP
2023-04-05 10:01:00,33.46,33.46,33.42,33.42,296.0,BIP
2023-04-05 09:56:00,33.46,33.46,33.46,33.46,662.0,BIP
2023-04-05 09:51:00,33.53,33.53,33.53,33.53,568.0,BIP
2023-04-05 09:49:00,33.52,33.52,33.52,33.52,355.0,BIP
2023-04-05 09:48:00,33.51,33.51,33.45,33.45,2067.0,BIP
2023-04-05 09:47:00,33.56,33.56,33.56,33.56,1731.0,BIP
2023-04-05 09:46:00,33.6,33.6,33.57,33.57,239.0,BIP
2023-04-05 09:44:00,33.57,33.57,33.57,33.57,169.0,BIP
2023-04-05 09:43:00,33.64,33.64,33.64,33.64,111.0,BIP
2023-04-05 09:42:00,33.59,33.59,33.59,33.59,200.0,BIP
2023-04-05 09:41:00,33.56,33.59,33.56,33.59,461.0,BIP
2023-04-05 09:40:00,33.49,33.49,33.49,33.49,166.0,BIP
2023-04-05 09:39:00,33.43,33.46,33.43,33.46,649.0,BIP
2023-04-05 09:36:00,33.42,33.42,33.42,33.42,323.0,BIP
2023-04-05 09:34:00,33.51,33.51,33.46,33.46,200.0,BIP
2023-04-05 09:32:00,33.44,33.57,33.44,33.57,1864.0,BIP
2023-04-05 09:31:00,33.42,33.42,33.42,33.42,8697.0,BIP
2023-04-04 16:00:00,33.455,33.48,33.45,33.48,7274.0,BIP
2023-04-04 15:59:00,33.45,33.455,33.44,33.455,4549.0,BIP
2023-04-04 15:58:00,33.45,33.45,33.445,33.45,1581.0,BIP
2023-04-04 15:57:00,33.44,33.45,33.44,33.445,2620.0,BIP
2023-04-04 15:56:00,33.43,33.44,33.43,33.44,2466.0,BIP
2023-04-04 15:55:00,33.435,33.44,33.415,33.415,3157.0,BIP
2023-04-04 15:54:00,33.415,33.43,33.415,33.43,2372.0,BIP
2023-04-04 15:53:00,33.425,33.425,33.41,33.42,658.0,BIP
2023-04-04 15:52:00,33.4,33.42,33.395,33.41,2110.0,BIP
2023-04-04 15:51:00,33.37,33.41,33.37,33.41,1250.0,BIP
2023-04-04 15:50:00,33.365,33.37,33.355,33.3601,3260.0,BIP
2023-04-04 15:49:00,33.36,33.37,33.36,33.365,757.0,BIP
2023-04-04 15:48:00,33.37,33.37,33.355,33.37,1439.0,BIP
2023-04-04 15:47:00,33.37,33.38,33.365,33.3744,1443.0,BIP
2023-04-04 15:46:00,33.36,33.37,33.36,33.37,1589.0,BIP
2023-04-04 15:45:00,33.365,33.37,33.36,33.37,501.0,BIP
2023-04-04 15:44:00,33.375,33.38,33.365,33.365,700.0,BIP
2023-04-04 15:43:00,33.4,33.4,33.395,33.4,1405.0,BIP
2023-04-04 15:42:00,33.37,33.4,33.37,33.4,1840.0,BIP
2023-04-04 15:41:00,33.36,33.37,33.355,33.36,913.0,BIP
2023-04-04 15:40:00,33.34,33.36,33.34,33.36,619.0,BIP
2023-04-04 15:39:00,33.35,33.35,33.335,33.335,1281.0,BIP
2023-04-04 15:38:00,33.36,33.37,33.355,33.355,588.0,BIP
2023-04-04 15:37:00,33.34,33.35,33.34,33.35,965.0,BIP
2023-04-04 15:36:00,33.33,33.34,33.33,33.34,700.0,BIP
2023-04-04 15:35:00,33.34,33.34,33.33,33.33,305.0,BIP
2023-04-04 15:34:00,33.35,33.35,33.35,33.35,220.0,BIP
2023-04-04 15:33:00,33.3119,33.35,33.3119,33.35,1197.0,BIP
2023-04-04 15:32:00,33.33,33.33,33.32,33.32,630.0,BIP
2023-04-04 15:31:00,33.34,33.34,33.3,33.32,1401.0,BIP
2023-04-04 15:30:00,33.34,33.34,33.33,33.33,1472.0,BIP
2023-04-04 15:28:00,33.36,33.36,33.35,33.35,910.0,BIP
2023-04-04 15:26:00,33.31,33.33,33.31,33.33,839.0,BIP
2023-04-04 15:24:00,33.31,33.31,33.31,33.31,1288.0,BIP
2023-04-04 15:23:00,33.331,33.34,33.2901,33.31,1121.0,BIP
2023-04-04 15:22:00,33.34,33.3649,33.34,33.3649,268.0,BIP
2023-04-04 15:21:00,33.32,33.34,33.32,33.34,1459.0,BIP
2023-04-04 15:20:00,33.3,33.31,33.3,33.31,604.0,BIP
2023-04-04 15:19:00,33.29,33.31,33.29,33.31,324.0,BIP
2023-04-04 15:18:00,33.285,33.29,33.27,33.29,1832.0,BIP
2023-04-04 15:17:00,33.3,33.31,33.3,33.31,374.0,BIP
2023-04-04 15:16:00,33.29,33.29,33.28,33.28,310.0,BIP
2023-04-04 15:15:00,33.28,33.29,33.28,33.29,1096.0,BIP
2023-04-04 15:14:00,33.28,33.28,33.28,33.28,169.0,BIP
2023-04-04 15:13:00,33.28,33.28,33.28,33.28,354.0,BIP
2023-04-04 15:12:00,33.25,33.27,33.25,33.27,692.0,BIP
2023-04-04 15:11:00,33.28,33.28,33.26,33.28,1000.0,BIP
2023-04-04 15:10:00,33.28,33.28,33.28,33.28,350.0,BIP
2023-04-04 15:09:00,33.3,33.3,33.27,33.27,545.0,BIP
2023-04-04 15:08:00,33.33,33.33,33.32,33.32,758.0,BIP
2023-04-04 15:07:00,33.36,33.37,33.35,33.35,1452.0,BIP
2023-04-04 15:06:00,33.37,33.37,33.37,33.37,119.0,BIP
2023-04-04 15:05:00,33.38,33.38,33.38,33.38,393.0,BIP
2023-04-04 15:04:00,33.365,33.365,33.365,33.365,201.0,BIP
2023-04-04 15:03:00,33.3,33.32,33.3,33.32,301.0,BIP
2023-04-04 15:02:00,33.275,33.29,33.27,33.29,2375.0,BIP
2023-04-04 15:01:00,33.29,33.29,33.29,33.29,318.0,BIP
2023-04-04 15:00:00,33.34,33.34,33.31,33.31,6843.0,BIP
2023-04-04 14:58:00,33.34,33.35,33.34,33.35,9826.0,BIP
2023-04-04 14:57:00,33.38,33.38,33.34,33.34,4354.0,BIP
2023-04-04 14:56:00,33.37,33.38,33.37,33.38,1400.0,BIP
2023-04-04 14:53:00,33.36,33.37,33.36,33.37,1299.0,BIP
2023-04-04 14:52:00,33.33,33.36,33.33,33.36,4508.0,BIP
2023-04-04 14:51:00,33.33,33.33,33.325,33.325,722.0,BIP
2023-04-04 14:49:00,33.34,33.34,33.33,33.33,2328.0,BIP
2023-04-04 14:48:00,33.36,33.36,33.35,33.35,6021.0,BIP
2023-04-04 14:47:00,33.37,33.37,33.355,33.355,5550.0,BIP
2023-04-04 14:46:00,33.355,33.36,33.34,33.36,2316.0,BIP
2023-04-04 14:45:00,33.36,33.36,33.355,33.355,354.0,BIP
2023-04-04 14:44:00,33.38,33.38,33.36,33.36,674.0,BIP
2023-04-04 14:43:00,33.4,33.4,33.38,33.38,715.0,BIP
2023-04-04 14:42:00,33.385,33.39,33.37,33.39,393.0,BIP
2023-04-04 14:41:00,33.4,33.4,33.4,33.4,500.0,BIP
2023-04-04 14:40:00,33.43,33.43,33.38,33.4,3374.0,BIP
2023-04-04 14:39:00,33.41,33.43,33.41,33.43,639.0,BIP
2023-04-04 14:38:00,33.39,33.4,33.39,33.39,960.0,BIP
2023-04-04 14:36:00,33.37,33.4,33.37,33.4,1449.0,BIP
2023-04-04 14:35:00,33.38,33.38,33.38,33.38,294.0,BIP
2023-04-04 14:34:00,33.37,33.37,33.37,33.37,152.0,BIP
2023-04-04 14:33:00,33.388,33.388,33.388,33.388,230.0,BIP
2023-04-04 14:32:00,33.38,33.38,33.38,33.38,374.0,BIP
2023-04-04 14:31:00,33.38,33.38,33.38,33.38,150.0,BIP
2023-04-04 14:30:00,33.3711,33.38,33.3711,33.38,1500.0,BIP
2023-04-04 14:28:00,33.38,33.38,33.38,33.38,1304.0,BIP
2023-04-04 14:27:00,33.42,33.42,33.41,33.41,340.0,BIP
2023-04-04 14:26:00,33.36,33.39,33.36,33.39,559.0,BIP
2023-04-04 14:25:00,33.36,33.36,33.36,33.36,234.0,BIP
2023-04-04 14:24:00,33.35,33.36,33.34,33.35,2507.0,BIP
2023-04-04 14:23:00,33.35,33.36,33.35,33.36,300.0,BIP
2023-04-04 14:22:00,33.365,33.365,33.365,33.365,400.0,BIP
2023-04-04 14:21:00,33.38,33.385,33.38,33.38,942.0,BIP
2023-04-04 14:20:00,33.3677,33.38,33.3677,33.38,1677.0,BIP
2023-04-04 14:19:00,33.37,33.37,33.37,33.37,231.0,BIP
2023-04-04 14:18:00,33.37,33.38,33.37,33.37,1470.0,BIP
2023-04-04 14:15:00,33.4,33.4,33.36,33.38,1388.0,BIP
2023-04-04 14:14:00,33.41,33.41,33.4,33.41,1015.0,BIP
2023-04-04 14:12:00,33.41,33.41,33.41,33.41,129.0,BIP
2023-04-04 14:10:00,33.43,33.43,33.43,33.43,783.0,BIP
2023-04-04 14:09:00,33.4,33.4,33.4,33.4,111.0,BIP
2023-04-04 14:08:00,33.43,33.43,33.4,33.41,432.0,BIP
2023-04-04 14:07:00,33.455,33.455,33.44,33.44,1282.0,BIP
2023-04-04 14:05:00,33.46,33.46,33.44,33.46,2827.0,BIP
2023-04-04 14:03:00,33.44,33.46,33.44,33.45,1118.0,BIP
2023-04-04 14:02:00,33.47,33.47,33.47,33.47,238.0,BIP
2023-04-04 14:01:00,33.45,33.45,33.45,33.45,284.0,BIP
2023-04-04 14:00:00,33.45,33.45,33.45,33.45,103.0,BIP
2023-04-04 13:59:00,33.45,33.46,33.45,33.46,1500.0,BIP
2023-04-04 13:58:00,33.455,33.46,33.44,33.44,509.0,BIP
2023-04-04 13:57:00,33.44,33.44,33.44,33.44,105.0,BIP
2023-04-04 13:55:00,33.46,33.46,33.46,33.46,480.0,BIP
2023-04-04 13:52:00,33.46,33.46,33.44,33.46,1860.0,BIP
2023-04-04 13:50:00,33.42,33.44,33.42,33.44,738.0,BIP
2023-04-04 13:49:00,33.405,33.405,33.405,33.405,180.0,BIP
2023-04-04 13:48:00,33.4,33.4,33.4,33.4,300.0,BIP
2023-04-04 13:47:00,33.39,33.39,33.38,33.38,1273.0,BIP
2023-04-04 13:46:00,33.4,33.4,33.4,33.4,125.0,BIP
2023-04-04 13:44:00,33.42,33.42,33.4,33.4,703.0,BIP
2023-04-04 13:41:00,33.43,33.45,33.43,33.45,1502.0,BIP
2023-04-04 13:40:00,33.41,33.41,33.41,33.41,308.0,BIP
2023-04-04 13:39:00,33.39,33.4,33.39,33.4,588.0,BIP
2023-04-04 13:38:00,33.38,33.38,33.38,33.38,656.0,BIP
2023-04-04 13:37:00,33.39,33.39,33.37,33.37,920.0,BIP
2023-04-04 13:36:00,33.37,33.37,33.37,33.37,279.0,BIP
2023-04-04 13:35:00,33.39,33.4,33.37,33.37,1078.0,BIP
2023-04-04 13:33:00,33.44,33.44,33.42,33.42,999.0,BIP
2023-04-04 13:31:00,33.45,33.45,33.44,33.44,882.0,BIP
2023-04-04 13:30:00,33.455,33.46,33.45,33.46,730.0,BIP
2023-04-04 13:29:00,33.46,33.46,33.45,33.46,526.0,BIP
2023-04-04 13:27:00,33.45,33.46,33.44,33.45,2229.0,BIP
2023-04-04 13:26:00,33.45,33.45,33.44,33.44,399.0,BIP
2023-04-04 13:25:00,33.47,33.47,33.45,33.46,2013.0,BIP
2023-04-04 13:22:00,33.455,33.455,33.455,33.455,201.0,BIP
2023-04-04 13:20:00,33.42,33.44,33.42,33.44,913.0,BIP
2023-04-04 13:19:00,33.4,33.41,33.4,33.41,355.0,BIP
2023-04-04 13:17:00,33.41,33.41,33.375,33.39,2635.0,BIP
2023-04-04 13:16:00,33.391,33.4,33.39,33.39,5504.0,BIP
2023-04-04 13:15:00,33.38,33.39,33.38,33.39,623.0,BIP
2023-04-04 13:14:00,33.37,33.37,33.37,33.37,453.0,BIP
2023-04-04 13:13:00,33.36,33.36,33.35,33.35,386.0,BIP
2023-04-04 13:11:00,33.37,33.37,33.3494,33.37,1352.0,BIP
2023-04-04 13:10:00,33.37,33.37,33.365,33.37,737.0,BIP
2023-04-04 13:09:00,33.37,33.38,33.37,33.38,1114.0,BIP
2023-04-04 13:08:00,33.36,33.36,33.36,33.36,425.0,BIP
2023-04-04 13:07:00,33.36,33.37,33.36,33.37,589.0,BIP
2023-04-04 13:06:00,33.37,33.3775,33.35,33.35,6817.0,BIP
2023-04-04 13:05:00,33.375,33.39,33.375,33.39,1106.0,BIP
2023-04-04 13:04:00,33.34,33.36,33.34,33.36,1159.0,BIP
2023-04-04 13:01:00,33.32,33.335,33.32,33.335,313.0,BIP
2023-04-04 13:00:00,33.305,33.33,33.305,33.305,917.0,BIP
2023-04-04 12:59:00,33.27,33.28,33.27,33.28,341.0,BIP
2023-04-04 12:56:00,33.27,33.27,33.235,33.24,2040.0,BIP
2023-04-04 12:55:00,33.29,33.29,33.26,33.26,1870.0,BIP
2023-04-04 12:54:00,33.3364,33.3364,33.29,33.29,1625.0,BIP
2023-04-04 12:53:00,33.32,33.33,33.32,33.33,285.0,BIP
2023-04-04 12:52:00,33.33,33.33,33.33,33.33,100.0,BIP
2023-04-04 12:51:00,33.315,33.34,33.315,33.3252,1770.0,BIP
2023-04-04 12:50:00,33.33,33.33,33.32,33.32,632.0,BIP
2023-04-04 12:49:00,33.35,33.35,33.33,33.34,1711.0,BIP
2023-04-04 12:48:00,33.39,33.39,33.3558,33.3558,1999.0,BIP
2023-04-04 12:47:00,33.39,33.39,33.39,33.39,569.0,BIP
2023-04-04 12:46:00,33.39,33.4,33.39,33.4,797.0,BIP
2023-04-04 12:45:00,33.39,33.39,33.39,33.39,308.0,BIP
2023-04-04 12:44:00,33.39,33.39,33.39,33.39,206.0,BIP
2023-04-04 12:43:00,33.38,33.385,33.37,33.38,1679.0,BIP
2023-04-04 12:42:00,33.4,33.4,33.38,33.38,484.0,BIP
2023-04-04 12:41:00,33.36,33.41,33.36,33.4,1872.0,BIP
2023-04-04 12:40:00,33.36,33.36,33.36,33.36,436.0,BIP
2023-04-04 12:39:00,33.36,33.36,33.36,33.36,258.0,BIP
2023-04-04 12:38:00,33.37,33.37,33.37,33.37,124.0,BIP
2023-04-04 12:37:00,33.37,33.39,33.36,33.37,4225.0,BIP
2023-04-04 12:36:00,33.36,33.365,33.36,33.36,715.0,BIP
2023-04-04 12:35:00,33.35,33.36,33.35,33.36,1102.0,BIP
2023-04-04 12:34:00,33.36,33.36,33.35,33.35,481.0,BIP
2023-04-04 12:33:00,33.39,33.39,33.37,33.37,3167.0,BIP
2023-04-04 12:32:00,33.38,33.39,33.37,33.38,3662.0,BIP
2023-04-04 12:31:00,33.3799,33.38,33.3799,33.38,471.0,BIP
2023-04-04 12:30:00,33.405,33.405,33.38,33.38,1014.0,BIP
2023-04-04 12:29:00,33.42,33.42,33.405,33.405,1237.0,BIP
2023-04-04 12:28:00,33.44,33.45,33.43,33.43,599.0,BIP
2023-04-04 12:27:00,33.455,33.455,33.44,33.44,1075.0,BIP
2023-04-04 12:26:00,33.45,33.45,33.45,33.45,503.0,BIP
2023-04-04 12:24:00,33.45,33.45,33.45,33.45,937.0,BIP
2023-04-04 12:23:00,33.46,33.47,33.46,33.46,400.0,BIP
2023-04-04 12:21:00,33.43,33.43,33.43,33.43,1129.0,BIP
2023-04-04 12:20:00,33.4137,33.4137,33.4137,33.4137,222.0,BIP
2023-04-04 12:19:00,33.44,33.45,33.44,33.44,1344.0,BIP
2023-04-04 12:18:00,33.42,33.42,33.42,33.42,102.0,BIP
2023-04-04 12:17:00,33.44,33.44,33.43,33.43,815.0,BIP
2023-04-04 12:16:00,33.42,33.43,33.41,33.43,434.0,BIP
2023-04-04 12:15:00,33.43,33.43,33.43,33.43,100.0,BIP
2023-04-04 12:14:00,33.43,33.44,33.42,33.43,800.0,BIP
2023-04-04 12:13:00,33.42,33.42,33.42,33.42,100.0,BIP
2023-04-04 12:12:00,33.45,33.46,33.44,33.44,1247.0,BIP
2023-04-04 12:11:00,33.46,33.46,33.46,33.46,429.0,BIP
2023-04-04 12:10:00,33.44,33.45,33.44,33.45,972.0,BIP
2023-04-04 12:09:00,33.46,33.46,33.46,33.46,651.0,BIP
2023-04-04 12:08:00,33.48,33.48,33.47,33.47,344.0,BIP
2023-04-04 12:07:00,33.48,33.49,33.48,33.48,1456.0,BIP
2023-04-04 12:05:00,33.49,33.49,33.49,33.49,545.0,BIP
2023-04-04 12:04:00,33.479,33.48,33.479,33.48,768.0,BIP
2023-04-04 12:03:00,33.4825,33.4825,33.4825,33.4825,1319.0,BIP
2023-04-04 12:02:00,33.494,33.4978,33.494,33.4978,408.0,BIP
2023-04-04 12:01:00,33.5,33.51,33.5,33.51,908.0,BIP
2023-04-04 12:00:00,33.52,33.52,33.52,33.52,102.0,BIP
2023-04-04 11:59:00,33.53,33.53,33.53,33.53,1267.0,BIP
2023-04-04 11:58:00,33.56,33.5607,33.55,33.55,1379.0,BIP
2023-04-04 11:57:00,33.56,33.56,33.56,33.56,167.0,BIP
2023-04-04 11:56:00,33.56,33.56,33.56,33.56,769.0,BIP
2023-04-04 11:54:00,33.56,33.57,33.56,33.57,550.0,BIP
2023-04-04 11:53:00,33.58,33.58,33.55,33.55,661.0,BIP
2023-04-04 11:51:00,33.62,33.62,33.58,33.58,727.0,BIP
2023-04-04 11:50:00,33.62,33.63,33.62,33.62,813.0,BIP
2023-04-04 11:49:00,33.6,33.63,33.6,33.63,1376.0,BIP
2023-04-04 11:48:00,33.6,33.62,33.6,33.615,1277.0,BIP
2023-04-04 11:47:00,33.61,33.61,33.61,33.61,100.0,BIP
2023-04-04 11:46:00,33.615,33.62,33.59,33.59,1632.0,BIP
2023-04-04 11:45:00,33.65,33.65,33.61,33.62,1466.0,BIP
2023-04-04 11:44:00,33.64,33.65,33.6287,33.635,1626.0,BIP
2023-04-04 11:43:00,33.67,33.67,33.66,33.66,548.0,BIP
2023-04-04 11:42:00,33.67,33.685,33.67,33.67,1020.0,BIP
2023-04-04 11:40:00,33.7,33.7,33.64,33.66,2202.0,BIP
2023-04-04 11:39:00,33.67,33.7,33.67,33.68,1446.0,BIP
2023-04-04 11:37:00,33.6,33.65,33.6,33.65,1914.0,BIP
2023-04-04 11:36:00,33.5839,33.5839,33.5839,33.5839,750.0,BIP
2023-04-04 11:35:00,33.59,33.59,33.59,33.59,125.0,BIP
2023-04-04 11:34:00,33.59,33.59,33.58,33.5893,555.0,BIP
2023-04-04 11:33:00,33.58,33.58,33.58,33.58,740.0,BIP
2023-04-04 11:32:00,33.6,33.6,33.59,33.59,994.0,BIP
2023-04-04 11:31:00,33.61,33.61,33.61,33.61,601.0,BIP
2023-04-04 11:30:00,33.5947,33.61,33.5947,33.61,519.0,BIP
2023-04-04 11:29:00,33.605,33.61,33.6,33.605,1363.0,BIP
2023-04-04 11:28:00,33.64,33.65,33.61,33.61,5052.0,BIP
2023-04-04 11:27:00,33.6,33.63,33.6,33.62,1962.0,BIP
2023-04-04 11:26:00,33.59,33.59,33.59,33.59,335.0,BIP
2023-04-04 11:25:00,33.5701,33.61,33.57,33.57,1757.0,BIP
2023-04-04 11:23:00,33.58,33.58,33.58,33.58,310.0,BIP
2023-04-04 11:21:00,33.57,33.57,33.57,33.57,300.0,BIP
2023-04-04 11:20:00,33.52,33.54,33.52,33.54,2043.0,BIP
2023-04-04 11:19:00,33.52,33.54,33.5,33.52,903.0,BIP
2023-04-04 11:18:00,33.56,33.56,33.55,33.55,2338.0,BIP
2023-04-04 11:17:00,33.59,33.59,33.56,33.56,489.0,BIP
2023-04-04 11:15:00,33.64,33.65,33.635,33.635,346.0,BIP
2023-04-04 11:14:00,33.63,33.65,33.63,33.63,2709.0,BIP
2023-04-04 11:13:00,33.58,33.615,33.58,33.615,319.0,BIP
2023-04-04 11:12:00,33.57,33.57,33.57,33.57,303.0,BIP
2023-04-04 11:10:00,33.6,33.6,33.58,33.59,2036.0,BIP
2023-04-04 11:09:00,33.61,33.61,33.61,33.61,135.0,BIP
2023-04-04 11:07:00,33.61,33.61,33.61,33.61,600.0,BIP
2023-04-04 11:06:00,33.625,33.625,33.625,33.625,100.0,BIP
2023-04-04 11:05:00,33.645,33.645,33.62,33.62,853.0,BIP
2023-04-04 11:04:00,33.63,33.64,33.63,33.64,1524.0,BIP
2023-04-04 11:03:00,33.655,33.655,33.64,33.64,412.0,BIP
2023-04-04 11:02:00,33.6557,33.6557,33.6557,33.6557,3021.0,BIP
2023-04-04 11:01:00,33.66,33.66,33.66,33.66,870.0,BIP
2023-04-04 11:00:00,33.68,33.68,33.68,33.68,103.0,BIP
2023-04-04 10:59:00,33.68,33.68,33.63,33.67,1935.0,BIP
2023-04-04 10:56:00,33.69,33.69,33.69,33.69,965.0,BIP
2023-04-04 10:55:00,33.68,33.69,33.68,33.69,246.0,BIP
2023-04-04 10:53:00,33.66,33.67,33.66,33.67,1817.0,BIP
2023-04-04 10:52:00,33.66,33.66,33.64,33.64,839.0,BIP
2023-04-04 10:51:00,33.67,33.67,33.67,33.67,147.0,BIP
2023-04-04 10:50:00,33.66,33.66,33.66,33.66,311.0,BIP
2023-04-04 10:49:00,33.63,33.645,33.63,33.645,1567.0,BIP
2023-04-04 10:48:00,33.61,33.635,33.61,33.63,943.0,BIP
2023-04-04 10:47:00,33.575,33.58,33.56,33.58,2669.0,BIP
2023-04-04 10:46:00,33.58,33.6,33.57,33.575,1100.0,BIP
2023-04-04 10:44:00,33.565,33.565,33.565,33.565,670.0,BIP
2023-04-04 10:43:00,33.585,33.585,33.56,33.57,2068.0,BIP
2023-04-04 10:42:00,33.5549,33.58,33.5549,33.58,2329.0,BIP
2023-04-04 10:41:00,33.625,33.625,33.55,33.55,1776.0,BIP
2023-04-04 10:39:00,33.63,33.63,33.63,33.63,146.0,BIP
2023-04-04 10:38:00,33.6607,33.68,33.63,33.63,3207.0,BIP
2023-04-04 10:37:00,33.64,33.67,33.64,33.6527,2335.0,BIP
2023-04-04 10:35:00,33.66,33.66,33.61,33.63,1370.0,BIP
2023-04-04 10:34:00,33.6968,33.6968,33.6968,33.6968,300.0,BIP
2023-04-04 10:33:00,33.67,33.71,33.67,33.68,902.0,BIP
2023-04-04 10:32:00,33.65,33.66,33.65,33.66,312.0,BIP
2023-04-04 10:30:00,33.64,33.67,33.64,33.67,903.0,BIP
2023-04-04 10:28:00,33.63,33.63,33.63,33.63,100.0,BIP
2023-04-04 10:26:00,33.65,33.65,33.65,33.65,101.0,BIP
2023-04-04 10:25:00,33.65,33.65,33.65,33.65,204.0,BIP
2023-04-04 10:24:00,33.66,33.66,33.66,33.66,128.0,BIP
2023-04-04 10:23:00,33.68,33.68,33.68,33.68,354.0,BIP
2023-04-04 10:22:00,33.69,33.69,33.69,33.69,642.0,BIP
2023-04-04 10:21:00,33.71,33.72,33.71,33.72,413.0,BIP
2023-04-04 10:20:00,33.755,33.755,33.74,33.74,281.0,BIP
2023-04-04 10:17:00,33.79,33.79,33.78,33.78,796.0,BIP
2023-04-04 10:16:00,33.8299,33.8299,33.815,33.815,273.0,BIP
2023-04-04 10:15:00,33.78,33.78,33.77,33.77,962.0,BIP
2023-04-04 10:12:00,33.8,33.805,33.8,33.805,660.0,BIP
2023-04-04 10:09:00,33.8,33.8,33.8,33.8,341.0,BIP
2023-04-04 10:08:00,33.8299,33.8299,33.79,33.79,252.0,BIP
2023-04-04 10:07:00,33.8187,33.8187,33.8187,33.8187,501.0,BIP
2023-04-04 10:06:00,33.82,33.82,33.82,33.82,105.0,BIP
2023-04-04 10:05:00,33.76,33.83,33.7358,33.83,444.0,BIP
2023-04-04 10:04:00,33.8,33.8,33.77,33.77,1125.0,BIP
2023-04-04 10:02:00,33.95,33.95,33.86,33.86,1607.0,BIP
2023-04-04 10:01:00,33.82,33.91,33.82,33.91,1625.0,BIP
2023-04-04 09:58:00,33.77,33.77,33.77,33.77,187.0,BIP
2023-04-04 09:57:00,33.74,33.76,33.74,33.76,790.0,BIP
2023-04-04 09:56:00,33.71,33.71,33.71,33.71,214.0,BIP
2023-04-04 09:55:00,33.83,33.83,33.75,33.75,1409.0,BIP
2023-04-04 09:52:00,33.89,33.89,33.89,33.89,143.0,BIP
2023-04-04 09:51:00,33.85,33.85,33.85,33.85,137.0,BIP
2023-04-04 09:50:00,33.9,33.92,33.86,33.87,1503.0,BIP
2023-04-04 09:49:00,33.87,33.87,33.87,33.87,620.0,BIP
2023-04-04 09:48:00,33.86,33.88,33.86,33.88,351.0,BIP
2023-04-04 09:47:00,33.845,33.845,33.845,33.845,103.0,BIP
2023-04-04 09:45:00,33.8407,33.8407,33.8407,33.8407,150.0,BIP
2023-04-04 09:44:00,33.85,33.85,33.85,33.85,157.0,BIP
2023-04-04 09:43:00,33.84,33.9,33.83,33.86,2278.0,BIP
2023-04-04 09:42:00,33.89,33.89,33.86,33.865,632.0,BIP
2023-04-04 09:41:00,33.96,33.96,33.91,33.91,818.0,BIP
2023-04-04 09:40:00,34.0,34.0,34.0,34.0,100.0,BIP
2023-04-04 09:39:00,34.06,34.06,34.04,34.055,943.0,BIP
2023-04-04 09:37:00,34.03,34.15,34.025,34.11,5358.0,BIP
2023-04-04 09:36:00,34.02,34.04,33.94,34.01,2219.0,BIP
2023-04-04 09:35:00,34.02,34.02,33.96,34.005,724.0,BIP
2023-04-04 09:33:00,34.03,34.03,34.03,34.03,294.0,BIP
2023-04-04 09:32:00,34.06,34.1171,34.055,34.1171,602.0,BIP
2023-04-04 09:31:00,34.07,34.1,34.025,34.03,5626.0,BIP
2023-04-04 09:01:00,34.0,34.0,34.0,34.0,100.0,BIP
2023-04-03 16:00:00,33.95,33.98,33.94,33.94,3999.0,BIP
2023-04-03 15:59:00,33.96,33.96,33.95,33.955,771.0,BIP
2023-04-03 15:58:00,33.955,33.96,33.951,33.96,1224.0,BIP
2023-04-03 15:57:00,33.97,33.97,33.95,33.96,1821.0,BIP
2023-04-03 15:56:00,33.98,33.99,33.97,33.975,1031.0,BIP
2023-04-03 15:55:00,33.95,33.985,33.95,33.98,1049.0,BIP
2023-04-03 15:54:00,33.96,33.96,33.96,33.96,1041.0,BIP
2023-04-03 15:53:00,33.98,33.98,33.96,33.97,564.0,BIP
2023-04-03 15:52:00,33.97,33.98,33.97,33.98,554.0,BIP
2023-04-03 15:51:00,33.96,33.96,33.94,33.96,1016.0,BIP
2023-04-03 15:50:00,33.985,33.985,33.985,33.985,106.0,BIP
2023-04-03 15:49:00,33.98,33.98,33.97,33.97,254.0,BIP
2023-04-03 15:48:00,33.99,33.99,33.99,33.99,470.0,BIP
2023-04-03 15:47:00,33.985,33.985,33.985,33.985,135.0,BIP
2023-04-03 15:44:00,33.98,33.98,33.98,33.98,300.0,BIP
2023-04-03 15:42:00,33.95,33.95,33.95,33.95,328.0,BIP
2023-04-03 15:41:00,33.99,33.99,33.97,33.97,503.0,BIP
2023-04-03 15:39:00,33.98,33.98,33.98,33.98,110.0,BIP
2023-04-03 15:38:00,34.0,34.0,34.0,34.0,605.0,BIP
2023-04-03 15:37:00,33.98,33.99,33.98,33.99,801.0,BIP
2023-04-03 15:35:00,33.955,33.955,33.955,33.955,215.0,BIP
2023-04-03 15:34:00,33.99,33.99,33.96,33.96,2912.0,BIP
2023-04-03 15:33:00,33.97,33.97,33.97,33.97,343.0,BIP
2023-04-03 15:30:00,33.9401,33.9401,33.9401,33.9401,927.0,BIP
2023-04-03 15:27:00,33.97,33.97,33.93,33.95,3460.0,BIP
2023-04-03 15:25:00,33.97,33.97,33.97,33.97,132.0,BIP
2023-04-03 15:24:00,33.955,33.96,33.955,33.96,200.0,BIP
2023-04-03 15:22:00,33.93,33.9331,33.93,33.9331,200.0,BIP
2023-04-03 15:21:00,33.915,33.915,33.915,33.915,112.0,BIP
2023-04-03 15:20:00,33.95,33.95,33.94,33.94,789.0,BIP
2023-04-03 15:19:00,33.97,33.97,33.95,33.95,210.0,BIP
2023-04-03 15:18:00,33.95,33.95,33.95,33.95,101.0,BIP
2023-04-03 15:15:00,33.97,33.985,33.97,33.985,1096.0,BIP
2023-04-03 15:14:00,33.96,33.96,33.96,33.96,200.0,BIP
2023-04-03 15:13:00,33.96,33.96,33.96,33.96,100.0,BIP
2023-04-03 15:12:00,33.955,33.955,33.955,33.955,346.0,BIP
2023-04-03 15:11:00,33.95,33.95,33.95,33.95,200.0,BIP
2023-04-03 15:10:00,33.93,33.9493,33.93,33.9493,400.0,BIP
2023-04-03 15:07:00,33.98,33.98,33.98,33.98,210.0,BIP
2023-04-03 15:06:00,34.02,34.02,34.01,34.01,2041.0,BIP
2023-04-03 15:05:00,34.015,34.015,34.015,34.015,107.0,BIP
2023-04-03 15:04:00,34.03,34.03,34.025,34.025,556.0,BIP
2023-04-03 15:03:00,34.075,34.075,34.0608,34.0608,657.0,BIP
2023-04-03 15:02:00,34.03,34.06,34.03,34.06,3815.0,BIP
2023-04-03 15:01:00,34.03,34.0325,34.03,34.0325,805.0,BIP
2023-04-03 15:00:00,34.01,34.03,34.0,34.03,1035.0,BIP
2023-04-03 14:59:00,34.03,34.03,34.03,34.03,150.0,BIP
2023-04-03 14:57:00,34.0,34.03,34.0,34.03,800.0,BIP
2023-04-03 14:56:00,33.985,33.99,33.985,33.99,200.0,BIP
2023-04-03 14:55:00,33.985,33.985,33.98,33.98,342.0,BIP
2023-04-03 14:54:00,33.985,33.985,33.98,33.98,236.0,BIP
2023-04-03 14:53:00,33.995,33.995,33.995,33.995,220.0,BIP
2023-04-03 14:51:00,33.985,33.985,33.985,33.985,105.0,BIP
2023-04-03 14:49:00,34.02,34.02,33.99,33.99,530.0,BIP
2023-04-03 14:48:00,34.02,34.02,34.02,34.02,543.0,BIP
2023-04-03 14:47:00,34.01,34.02,34.01,34.02,230.0,BIP
2023-04-03 14:46:00,34.0,34.0,34.0,34.0,2584.0,BIP
2023-04-03 14:45:00,33.94,34.0,33.94,34.0,1541.0,BIP
2023-04-03 14:44:00,33.93,33.94,33.93,33.94,766.0,BIP
2023-04-03 14:43:00,33.92,33.93,33.92,33.93,314.0,BIP
2023-04-03 14:42:00,33.92,33.93,33.9,33.93,1273.0,BIP
2023-04-03 14:41:00,33.93,33.94,33.93,33.93,310.0,BIP
2023-04-03 14:37:00,33.93,33.93,33.93,33.93,200.0,BIP
2023-04-03 14:35:00,33.94,33.94,33.94,33.94,100.0,BIP
2023-04-03 14:34:00,33.89,33.92,33.89,33.92,535.0,BIP
2023-04-03 14:33:00,33.905,33.905,33.905,33.905,100.0,BIP
2023-04-03 14:32:00,33.895,33.895,33.895,33.895,471.0,BIP
2023-04-03 14:31:00,33.91,33.91,33.9,33.9,1001.0,BIP
2023-04-03 14:30:00,33.93,33.93,33.93,33.93,400.0,BIP
2023-04-03 14:28:00,33.97,33.97,33.95,33.95,304.0,BIP
2023-04-03 14:26:00,33.96,33.96,33.95,33.955,983.0,BIP
2023-04-03 14:25:00,33.96,33.96,33.96,33.96,400.0,BIP
2023-04-03 14:23:00,33.94,33.9655,33.94,33.9655,659.0,BIP
2023-04-03 14:22:00,33.94,33.94,33.935,33.935,689.0,BIP
2023-04-03 14:19:00,33.92,33.93,33.92,33.93,1532.0,BIP
2023-04-03 14:18:00,33.9237,33.9237,33.9237,33.9237,221.0,BIP
2023-04-03 14:17:00,33.9327,33.9327,33.9327,33.9327,433.0,BIP
2023-04-03 14:16:00,33.94,33.94,33.94,33.94,310.0,BIP
2023-04-03 14:15:00,33.95,33.95,33.95,33.95,649.0,BIP
2023-04-03 14:12:00,33.95,33.95,33.95,33.95,219.0,BIP
2023-04-03 14:11:00,33.93,33.93,33.93,33.93,438.0,BIP
2023-04-03 14:09:00,33.9378,33.9499,33.9378,33.94,1336.0,BIP
2023-04-03 14:08:00,33.94,33.945,33.93,33.93,1219.0,BIP
2023-04-03 14:07:00,33.92,33.9299,33.92,33.9299,600.0,BIP
2023-04-03 14:06:00,33.92,33.92,33.91,33.92,1364.0,BIP
2023-04-03 14:04:00,33.93,33.935,33.93,33.935,392.0,BIP
2023-04-03 14:03:00,33.92,33.94,33.92,33.94,222.0,BIP
2023-04-03 14:02:00,33.94,33.94,33.93,33.93,645.0,BIP
2023-04-03 14:01:00,33.915,33.915,33.915,33.915,150.0,BIP
2023-04-03 14:00:00,33.89,33.89,33.89,33.89,124.0,BIP
2023-04-03 13:59:00,33.8601,33.8601,33.8601,33.8601,3469.0,BIP
2023-04-03 13:56:00,33.87,33.87,33.87,33.87,340.0,BIP
2023-04-03 13:55:00,33.88,33.88,33.88,33.88,205.0,BIP
2023-04-03 13:54:00,33.88,33.88,33.88,33.88,100.0,BIP
2023-04-03 13:53:00,33.88,33.88,33.88,33.88,294.0,BIP
2023-04-03 13:51:00,33.9,33.9,33.9,33.9,258.0,BIP
2023-04-03 13:49:00,33.915,33.915,33.9,33.9,429.0,BIP
2023-04-03 13:48:00,33.9,33.9,33.9,33.9,253.0,BIP
2023-04-03 13:47:00,33.89,33.89,33.89,33.89,201.0,BIP
2023-04-03 13:46:00,33.91,33.91,33.89,33.9,1403.0,BIP
2023-04-03 13:45:00,33.9,33.91,33.9,33.91,4606.0,BIP
2023-04-03 13:44:00,33.89,33.9,33.89,33.9,2163.0,BIP
2023-04-03 13:43:00,33.88,33.9,33.88,33.9,1528.0,BIP
2023-04-03 13:42:00,33.89,33.9,33.89,33.9,1758.0,BIP
2023-04-03 13:41:00,33.9,33.9,33.9,33.9,328.0,BIP
2023-04-03 13:40:00,33.89,33.89,33.89,33.89,150.0,BIP
2023-04-03 13:39:00,33.9,33.9,33.88,33.9,2102.0,BIP
2023-04-03 13:37:00,33.94,33.94,33.94,33.94,600.0,BIP
2023-04-03 13:36:00,33.94,33.94,33.94,33.94,100.0,BIP
2023-04-03 13:35:00,33.95,33.95,33.95,33.95,229.0,BIP
2023-04-03 13:33:00,33.9431,33.9431,33.9431,33.9431,219.0,BIP
2023-04-03 13:32:00,33.97,33.97,33.97,33.97,266.0,BIP
2023-04-03 13:31:00,33.97,33.97,33.96,33.97,368.0,BIP
2023-04-03 13:30:00,33.985,33.985,33.985,33.985,189.0,BIP
2023-04-03 13:28:00,34.01,34.01,34.01,34.01,303.0,BIP
2023-04-03 13:26:00,34.04,34.04,34.04,34.04,113.0,BIP
2023-04-03 13:25:00,34.05,34.05,34.05,34.05,200.0,BIP
2023-04-03 13:23:00,34.07,34.07,34.07,34.07,105.0,BIP
2023-04-03 13:22:00,34.065,34.065,34.06,34.06,500.0,BIP
2023-04-03 13:21:00,34.075,34.075,34.075,34.075,389.0,BIP
2023-04-03 13:20:00,34.04,34.055,34.04,34.055,996.0,BIP
2023-04-03 13:18:00,34.02,34.03,34.02,34.03,746.0,BIP
2023-04-03 13:17:00,34.03,34.03,34.02,34.02,583.0,BIP
2023-04-03 13:15:00,34.025,34.025,34.025,34.025,245.0,BIP
2023-04-03 13:11:00,33.99,33.995,33.98,33.995,4209.0,BIP
2023-04-03 13:09:00,33.96,33.965,33.95,33.965,900.0,BIP
2023-04-03 13:08:00,33.9972,33.9972,33.9972,33.9972,1109.0,BIP
2023-04-03 13:05:00,33.98,33.99,33.98,33.99,200.0,BIP
2023-04-03 13:02:00,34.03,34.03,34.03,34.03,111.0,BIP
2023-04-03 13:00:00,34.02,34.035,34.015,34.015,418.0,BIP
2023-04-03 12:57:00,34.0,34.0,34.0,34.0,612.0,BIP
2023-04-03 12:56:00,33.99,33.99,33.9899,33.99,3018.0,BIP
2023-04-03 12:55:00,33.98,33.98,33.97,33.97,221.0,BIP
2023-04-03 12:54:00,33.97,33.97,33.97,33.97,308.0,BIP
2023-04-03 12:53:00,33.995,33.995,33.98,33.985,739.0,BIP
2023-04-03 12:52:00,34.01,34.01,33.995,33.995,601.0,BIP
2023-04-03 12:51:00,33.995,34.0,33.995,34.0,408.0,BIP
2023-04-03 12:50:00,34.065,34.065,34.03,34.03,899.0,BIP
2023-04-03 12:49:00,34.075,34.075,34.075,34.075,568.0,BIP
2023-04-03 12:48:00,34.06,34.06,34.06,34.06,200.0,BIP
2023-04-03 12:47:00,34.03,34.04,34.03,34.04,300.0,BIP
2023-04-03 12:46:00,34.04,34.04,34.04,34.04,335.0,BIP
2023-04-03 12:45:00,34.03,34.03,34.0065,34.01,1076.0,BIP
2023-04-03 12:43:00,34.0438,34.0438,34.035,34.035,534.0,BIP
2023-04-03 12:42:00,34.0444,34.0444,34.0444,34.0444,100.0,BIP
2023-04-03 12:37:00,34.01,34.04,34.01,34.04,6315.0,BIP
2023-04-03 12:36:00,34.02,34.02,34.02,34.02,101.0,BIP
2023-04-03 12:35:00,34.06,34.06,34.06,34.06,200.0,BIP
2023-04-03 12:34:00,34.06,34.06,34.06,34.06,242.0,BIP
2023-04-03 12:33:00,34.1,34.1,34.0701,34.0701,424.0,BIP
2023-04-03 12:32:00,34.12,34.12,34.11,34.11,1100.0,BIP
2023-04-03 12:31:00,34.13,34.13,34.12,34.12,434.0,BIP
2023-04-03 12:28:00,34.15,34.15,34.15,34.15,100.0,BIP
2023-04-03 12:27:00,34.1457,34.17,34.1457,34.17,214.0,BIP
2023-04-03 12:25:00,34.12,34.12,34.12,34.12,201.0,BIP
2023-04-03 12:24:00,34.09,34.09,34.09,34.09,105.0,BIP
2023-04-03 12:23:00,34.08,34.08,34.08,34.08,2200.0,BIP
2023-04-03 12:22:00,34.085,34.085,34.085,34.085,139.0,BIP
2023-04-03 12:19:00,34.085,34.085,34.0674,34.07,1738.0,BIP
2023-04-03 12:16:00,34.1,34.1,34.09,34.09,630.0,BIP
2023-04-03 12:13:00,34.07,34.07,34.07,34.07,513.0,BIP
2023-04-03 12:11:00,34.0666,34.0666,34.0666,34.0666,179.0,BIP
2023-04-03 12:09:00,34.05,34.05,34.04,34.04,400.0,BIP
2023-04-03 12:08:00,34.03,34.04,34.03,34.04,255.0,BIP
2023-04-03 12:07:00,34.04,34.04,34.01,34.03,969.0,BIP
2023-04-03 12:05:00,34.02,34.02,34.02,34.02,932.0,BIP
2023-04-03 12:04:00,34.04,34.04,34.04,34.04,100.0,BIP
2023-04-03 12:02:00,34.03,34.03,34.0287,34.03,776.0,BIP
2023-04-03 12:01:00,34.04,34.06,34.04,34.06,2527.0,BIP
2023-04-03 12:00:00,34.04,34.04,34.04,34.04,100.0,BIP
2023-04-03 11:59:00,34.02,34.02,34.02,34.02,625.0,BIP
2023-04-03 11:57:00,34.0026,34.0026,34.0026,34.0026,305.0,BIP
2023-04-03 11:56:00,33.99,33.99,33.99,33.99,1265.0,BIP
2023-04-03 11:55:00,34.0028,34.01,33.98,33.98,477.0,BIP
2023-04-03 11:54:00,33.985,33.985,33.985,33.985,211.0,BIP
2023-04-03 11:52:00,33.96,33.96,33.96,33.96,203.0,BIP
2023-04-03 11:51:00,33.985,33.985,33.985,33.985,208.0,BIP
2023-04-03 11:50:00,33.91,33.94,33.91,33.94,979.0,BIP
2023-04-03 11:49:00,33.91,33.91,33.9086,33.91,504.0,BIP
2023-04-03 11:48:00,33.88,33.9189,33.88,33.89,3943.0,BIP
2023-04-03 11:46:00,33.88,33.88,33.88,33.88,201.0,BIP
2023-04-03 11:45:00,33.89,33.89,33.889,33.889,258.0,BIP
2023-04-03 11:44:00,33.9,33.9,33.88,33.885,3546.0,BIP
2023-04-03 11:43:00,33.92,33.925,33.92,33.92,1205.0,BIP
2023-04-03 11:40:00,33.93,33.93,33.93,33.93,135.0,BIP
2023-04-03 11:39:00,33.92,33.92,33.92,33.92,1593.0,BIP
2023-04-03 11:38:00,33.92,33.92,33.91,33.91,302.0,BIP
2023-04-03 11:37:00,33.93,33.945,33.93,33.93,470.0,BIP
2023-04-03 11:35:00,33.98,33.98,33.98,33.98,300.0,BIP
2023-04-03 11:34:00,33.97,33.97,33.97,33.97,181.0,BIP
2023-04-03 11:32:00,33.88,33.93,33.88,33.93,485.0,BIP
2023-04-03 11:30:00,33.845,33.86,33.845,33.86,400.0,BIP
2023-04-03 11:29:00,33.85,33.85,33.85,33.85,729.0,BIP
2023-04-03 11:28:00,33.8653,33.8653,33.84,33.84,561.0,BIP
2023-04-03 11:25:00,33.86,33.86,33.86,33.86,608.0,BIP
2023-04-03 11:24:00,33.88,33.88,33.865,33.865,318.0,BIP
2023-04-03 11:23:00,33.87,33.87,33.87,33.87,425.0,BIP
2023-04-03 11:21:00,33.89,33.89,33.88,33.88,2361.0,BIP
2023-04-03 11:20:00,33.88,33.88,33.86,33.88,2456.0,BIP
2023-04-03 11:19:00,33.85,33.865,33.85,33.85,1409.0,BIP
2023-04-03 11:18:00,33.8626,33.8765,33.8512,33.8765,1961.0,BIP
2023-04-03 11:16:00,33.85,33.88,33.85,33.88,714.0,BIP
2023-04-03 11:15:00,33.865,33.865,33.865,33.865,145.0,BIP
2023-04-03 11:13:00,33.84,33.8797,33.84,33.8797,710.0,BIP
2023-04-03 11:10:00,33.8001,33.8001,33.8001,33.8001,100.0,BIP
2023-04-03 11:09:00,33.78,33.78,33.78,33.78,307.0,BIP
2023-04-03 11:08:00,33.77,33.77,33.7501,33.77,1967.0,BIP
2023-04-03 11:07:00,33.81,33.81,33.79,33.79,669.0,BIP
2023-04-03 11:06:00,33.815,33.815,33.815,33.815,150.0,BIP
2023-04-03 11:05:00,33.83,33.83,33.83,33.83,100.0,BIP
2023-04-03 11:04:00,33.85,33.85,33.83,33.83,1013.0,BIP
2023-04-03 11:03:00,33.865,33.865,33.865,33.865,200.0,BIP
2023-04-03 11:01:00,33.82,33.83,33.82,33.83,810.0,BIP
2023-04-03 10:59:00,33.82,33.82,33.8,33.8,310.0,BIP
2023-04-03 10:58:00,33.82,33.82,33.82,33.82,600.0,BIP
2023-04-03 10:56:00,33.8,33.8,33.8,33.8,388.0,BIP
2023-04-03 10:55:00,33.78,33.78,33.78,33.78,815.0,BIP
2023-04-03 10:54:00,33.79,33.795,33.78,33.78,330.0,BIP
2023-04-03 10:53:00,33.8,33.805,33.8,33.805,700.0,BIP
2023-04-03 10:52:00,33.79,33.79,33.79,33.79,312.0,BIP
2023-04-03 10:51:00,33.85,33.85,33.82,33.84,1169.0,BIP
2023-04-03 10:50:00,33.85,33.85,33.85,33.85,433.0,BIP
2023-04-03 10:49:00,33.86,33.86,33.83,33.83,634.0,BIP
2023-04-03 10:48:00,33.88,33.88,33.88,33.88,312.0,BIP
2023-04-03 10:47:00,33.9,33.9,33.89,33.89,369.0,BIP
2023-04-03 10:46:00,33.94,33.94,33.91,33.9199,1014.0,BIP
2023-04-03 10:45:00,33.97,33.97,33.97,33.97,194.0,BIP
2023-04-03 10:44:00,33.98,33.9862,33.98,33.98,647.0,BIP
2023-04-03 10:43:00,33.91,33.95,33.91,33.95,1259.0,BIP
2023-04-03 10:42:00,33.94,33.94,33.91,33.91,3662.0,BIP
2023-04-03 10:41:00,33.9,33.9,33.9,33.9,209.0,BIP
2023-04-03 10:40:00,33.93,33.93,33.92,33.92,905.0,BIP
2023-04-03 10:39:00,33.98,33.98,33.95,33.95,529.0,BIP
2023-04-03 10:38:00,34.0,34.0,33.98,33.98,460.0,BIP
2023-04-03 10:37:00,33.99,33.99,33.98,33.98,812.0,BIP
2023-04-03 10:36:00,33.9955,33.9955,33.9955,33.9955,926.0,BIP
2023-04-03 10:35:00,33.975,33.975,33.975,33.975,120.0,BIP
2023-04-03 10:34:00,33.94,33.98,33.94,33.96,835.0,BIP
2023-04-03 10:31:00,33.97,33.975,33.95,33.95,1108.0,BIP
2023-04-03 10:30:00,33.95,33.95,33.95,33.95,333.0,BIP
2023-04-03 10:29:00,33.95,33.95,33.95,33.95,681.0,BIP
2023-04-03 10:28:00,33.96,33.96,33.96,33.96,748.0,BIP
2023-04-03 10:26:00,34.01,34.01,34.0,34.0,2068.0,BIP
2023-04-03 10:25:00,33.96,34.06,33.95,33.97,9537.0,BIP
2023-04-03 10:24:00,33.97,33.97,33.95,33.95,533.0,BIP
2023-04-03 10:23:00,33.95,33.95,33.95,33.95,400.0,BIP
2023-04-03 10:22:00,33.96,33.98,33.94,33.95,7390.0,BIP
2023-04-03 10:20:00,33.95,33.95,33.95,33.95,100.0,BIP
2023-04-03 10:18:00,33.955,33.955,33.955,33.955,204.0,BIP
2023-04-03 10:16:00,33.99,33.99,33.98,33.98,940.0,BIP
2023-04-03 10:15:00,33.96,33.96,33.96,33.96,165.0,BIP
2023-04-03 10:13:00,33.88,33.89,33.88,33.89,1406.0,BIP
2023-04-03 10:12:00,33.86,33.86,33.86,33.86,1352.0,BIP
2023-04-03 10:11:00,33.9234,33.9234,33.88,33.88,1128.0,BIP
2023-04-03 10:10:00,33.89,33.96,33.89,33.915,5052.0,BIP
2023-04-03 10:08:00,33.87,33.88,33.87,33.87,985.0,BIP
2023-04-03 10:07:00,33.85,33.855,33.85,33.855,666.0,BIP
2023-04-03 10:04:00,33.86,33.86,33.85,33.85,402.0,BIP
2023-04-03 10:03:00,33.84,33.87,33.84,33.87,1036.0,BIP
2023-04-03 10:02:00,33.826,33.826,33.826,33.826,300.0,BIP
2023-04-03 10:01:00,33.75,33.8,33.75,33.8,926.0,BIP
2023-04-03 09:59:00,33.705,33.705,33.705,33.705,454.0,BIP
2023-04-03 09:58:00,33.7,33.7,33.66,33.69,5201.0,BIP
2023-04-03 09:57:00,33.7365,33.7365,33.7365,33.7365,213.0,BIP
2023-04-03 09:56:00,33.77,33.77,33.71,33.71,1891.0,BIP
2023-04-03 09:53:00,33.79,33.79,33.77,33.77,637.0,BIP
2023-04-03 09:52:00,33.81,33.81,33.77,33.77,1945.0,BIP
2023-04-03 09:51:00,33.78,33.7862,33.78,33.7862,1129.0,BIP
2023-04-03 09:50:00,33.75,33.8,33.74,33.78,8921.0,BIP
2023-04-03 09:48:00,33.68,33.74,33.675,33.74,6942.0,BIP
2023-04-03 09:46:00,33.6438,33.6438,33.6438,33.6438,866.0,BIP
2023-04-03 09:44:00,33.65,33.65,33.65,33.65,641.0,BIP
2023-04-03 09:43:00,33.62,33.62,33.62,33.62,101.0,BIP
2023-04-03 09:42:00,33.67,33.67,33.62,33.645,1109.0,BIP
2023-04-03 09:40:00,33.75,33.78,33.71,33.71,1025.0,BIP
2023-04-03 09:39:00,33.81,33.81,33.81,33.81,184.0,BIP
2023-04-03 09:38:00,33.81,33.81,33.81,33.81,148.0,BIP
2023-04-03 09:37:00,33.75,33.81,33.75,33.81,617.0,BIP
2023-04-03 09:36:00,33.76,33.84,33.76,33.84,2222.0,BIP
2023-04-03 09:35:00,33.7,33.75,33.69,33.75,859.0,BIP
2023-04-03 09:34:00,33.65,33.7511,33.65,33.7511,536.0,BIP
2023-04-03 09:32:00,33.66,33.6965,33.66,33.6965,856.0,BIP
2023-04-03 09:31:00,33.75,33.75,33.75,33.75,5922.0,BIP
2023-04-03 09:30:00,33.76,33.76,33.76,33.76,288.0,BIP
2023-03-31 16:00:00,33.75,33.79,33.75,33.75,6186.0,BIP
2023-03-31 15:59:00,33.73,33.76,33.73,33.74,4791.0,BIP
2023-03-31 15:58:00,33.74,33.75,33.72,33.75,2301.0,BIP
2023-03-31 15:57:00,33.75,33.75,33.73,33.74,3349.0,BIP
2023-03-31 15:56:00,33.7,33.77,33.69,33.77,15835.0,BIP
2023-03-31 15:55:00,33.69,33.7,33.68,33.7,1368.0,BIP
2023-03-31 15:54:00,33.67,33.675,33.65,33.675,883.0,BIP
2023-03-31 15:53:00,33.67,33.69,33.67,33.69,3094.0,BIP
2023-03-31 15:52:00,33.66,33.68,33.66,33.68,520.0,BIP
2023-03-31 15:51:00,33.67,33.68,33.66,33.67,1054.0,BIP
2023-03-31 15:50:00,33.64,33.67,33.64,33.67,1002.0,BIP
2023-03-31 15:49:00,33.64,33.64,33.6327,33.6327,1856.0,BIP
2023-03-31 15:48:00,33.62,33.65,33.61,33.63,4228.0,BIP
2023-03-31 15:47:00,33.6099,33.61,33.6,33.61,2176.0,BIP
2023-03-31 15:46:00,33.58,33.59,33.58,33.59,1065.0,BIP
2023-03-31 15:45:00,33.57,33.57,33.57,33.57,602.0,BIP
2023-03-31 15:42:00,33.585,33.585,33.58,33.58,543.0,BIP
2023-03-31 15:41:00,33.6,33.6,33.58,33.58,1423.0,BIP
2023-03-31 15:40:00,33.58,33.58,33.58,33.58,303.0,BIP
2023-03-31 15:39:00,33.56,33.57,33.56,33.57,267.0,BIP
2023-03-31 15:38:00,33.58,33.58,33.57,33.57,519.0,BIP
2023-03-31 15:37:00,33.62,33.62,33.6,33.6,962.0,BIP
2023-03-31 15:36:00,33.63,33.63,33.61,33.61,474.0,BIP
2023-03-31 15:35:00,33.6321,33.6321,33.6321,33.6321,135.0,BIP
2023-03-31 15:34:00,33.62,33.62,33.61,33.6105,1022.0,BIP
2023-03-31 15:33:00,33.62,33.63,33.62,33.63,238.0,BIP
2023-03-31 15:32:00,33.7,33.7,33.64,33.64,3913.0,BIP
2023-03-31 15:31:00,33.68,33.7,33.68,33.7,801.0,BIP
2023-03-31 15:30:00,33.6761,33.6761,33.665,33.665,2202.0,BIP
2023-03-31 15:29:00,33.66,33.68,33.66,33.68,2763.0,BIP
2023-03-31 15:28:00,33.69,33.705,33.665,33.665,5230.0,BIP
2023-03-31 15:27:00,33.68,33.69,33.68,33.69,251.0,BIP
2023-03-31 15:26:00,33.67,33.68,33.67,33.68,518.0,BIP
2023-03-31 15:25:00,33.68,33.68,33.68,33.68,594.0,BIP
2023-03-31 15:24:00,33.69,33.69,33.67,33.67,1034.0,BIP
2023-03-31 15:23:00,33.66,33.68,33.65,33.68,816.0,BIP
2023-03-31 15:22:00,33.68,33.68,33.67,33.67,525.0,BIP
2023-03-31 15:21:00,33.665,33.665,33.665,33.665,336.0,BIP
2023-03-31 15:20:00,33.63,33.65,33.62,33.65,308.0,BIP
2023-03-31 15:19:00,33.66,33.67,33.66,33.67,840.0,BIP
2023-03-31 15:18:00,33.63,33.65,33.63,33.64,806.0,BIP
2023-03-31 15:17:00,33.6,33.64,33.6,33.64,13353.0,BIP
2023-03-31 15:16:00,33.6,33.6,33.58,33.58,816.0,BIP
2023-03-31 15:15:00,33.6,33.6,33.6,33.6,338.0,BIP
2023-03-31 15:14:00,33.5501,33.6,33.5501,33.6,485.0,BIP
2023-03-31 15:13:00,33.55,33.57,33.55,33.57,768.0,BIP
2023-03-31 15:12:00,33.635,33.635,33.58,33.58,2000.0,BIP
2023-03-31 15:11:00,33.6,33.65,33.6,33.6432,696.0,BIP
2023-03-31 15:09:00,33.57,33.61,33.57,33.61,372.0,BIP
2023-03-31 15:08:00,33.6,33.6,33.57,33.57,1650.0,BIP
2023-03-31 15:07:00,33.63,33.63,33.63,33.63,105.0,BIP
2023-03-31 15:06:00,33.63,33.64,33.615,33.615,515.0,BIP
2023-03-31 15:05:00,33.6,33.6,33.5959,33.6,991.0,BIP
2023-03-31 15:04:00,33.6,33.6,33.585,33.585,414.0,BIP
2023-03-31 15:03:00,33.53,33.6175,33.53,33.6175,1296.0,BIP
2023-03-31 15:02:00,33.48,33.52,33.48,33.515,1140.0,BIP
2023-03-31 15:01:00,33.44,33.47,33.44,33.47,624.0,BIP
2023-03-31 15:00:00,33.47,33.47,33.46,33.46,210.0,BIP
2023-03-31 14:59:00,33.51,33.51,33.48,33.48,2219.0,BIP
2023-03-31 14:57:00,33.5,33.5,33.5,33.5,558.0,BIP
2023-03-31 14:56:00,33.57,33.57,33.5,33.5,2251.0,BIP
2023-03-31 14:55:00,33.575,33.575,33.57,33.575,350.0,BIP
2023-03-31 14:54:00,33.585,33.585,33.58,33.58,201.0,BIP
2023-03-31 14:53:00,33.61,33.61,33.6013,33.6013,330.0,BIP
2023-03-31 14:52:00,33.58,33.61,33.58,33.61,1051.0,BIP
2023-03-31 14:51:00,33.63,33.63,33.63,33.63,229.0,BIP
2023-03-31 14:50:00,33.69,33.69,33.66,33.66,1744.0,BIP
2023-03-31 14:49:00,33.7,33.7094,33.69,33.69,2295.0,BIP
2023-03-31 14:48:00,33.695,33.72,33.695,33.7,3667.0,BIP
2023-03-31 14:47:00,33.7,33.7,33.7,33.7,602.0,BIP
2023-03-31 14:46:00,33.7,33.7,33.7,33.7,517.0,BIP
2023-03-31 14:45:00,33.7,33.7,33.68,33.69,1017.0,BIP
2023-03-31 14:44:00,33.69,33.7,33.69,33.7,1004.0,BIP
2023-03-31 14:43:00,33.7,33.7,33.7,33.7,205.0,BIP
2023-03-31 14:42:00,33.7,33.7,33.7,33.7,301.0,BIP
2023-03-31 14:41:00,33.72,33.72,33.7,33.7,263.0,BIP
2023-03-31 14:40:00,33.7,33.7,33.7,33.7,206.0,BIP
2023-03-31 14:39:00,33.72,33.72,33.7,33.7,1088.0,BIP
2023-03-31 14:38:00,33.705,33.705,33.705,33.705,407.0,BIP
2023-03-31 14:37:00,33.7,33.705,33.7,33.705,610.0,BIP
2023-03-31 14:36:00,33.7,33.71,33.7,33.705,2024.0,BIP
2023-03-31 14:35:00,33.72,33.72,33.7,33.705,3788.0,BIP
2023-03-31 14:34:00,33.705,33.72,33.705,33.705,1306.0,BIP
2023-03-31 14:33:00,33.69,33.71,33.682,33.71,2565.0,BIP
2023-03-31 14:32:00,33.685,33.685,33.685,33.685,114.0,BIP
2023-03-31 14:31:00,33.69,33.69,33.69,33.69,328.0,BIP
2023-03-31 14:30:00,33.705,33.71,33.7,33.705,4837.0,BIP
2023-03-31 14:29:00,33.705,33.71,33.695,33.7,1071.0,BIP
2023-03-31 14:28:00,33.71,33.71,33.7,33.7,2508.0,BIP
2023-03-31 14:27:00,33.68,33.7,33.68,33.7,1183.0,BIP
2023-03-31 14:26:00,33.69,33.6999,33.69,33.6999,1163.0,BIP
2023-03-31 14:25:00,33.6907,33.6907,33.6907,33.6907,250.0,BIP
2023-03-31 14:24:00,33.655,33.678,33.655,33.678,1224.0,BIP
2023-03-31 14:23:00,33.685,33.685,33.6635,33.665,913.0,BIP
2023-03-31 14:22:00,33.7129,33.72,33.7,33.7,1471.0,BIP
2023-03-31 14:21:00,33.72,33.72,33.7,33.7,1732.0,BIP
2023-03-31 14:20:00,33.7,33.71,33.7,33.71,702.0,BIP
2023-03-31 14:19:00,33.67,33.7,33.67,33.7,957.0,BIP
2023-03-31 14:18:00,33.66,33.67,33.66,33.67,402.0,BIP
2023-03-31 14:17:00,33.66,33.66,33.66,33.66,198.0,BIP
2023-03-31 14:16:00,33.655,33.658,33.65,33.65,601.0,BIP
2023-03-31 14:15:00,33.69,33.69,33.65,33.6516,2027.0,BIP
2023-03-31 14:14:00,33.69,33.7,33.69,33.69,405.0,BIP
2023-03-31 14:13:00,33.69,33.69,33.66,33.69,2011.0,BIP
2023-03-31 14:12:00,33.705,33.705,33.67,33.68,2827.0,BIP
2023-03-31 14:11:00,33.7,33.71,33.7,33.71,781.0,BIP
2023-03-31 14:10:00,33.7,33.72,33.69,33.69,1616.0,BIP
2023-03-31 14:09:00,33.68,33.71,33.68,33.7,1241.0,BIP
2023-03-31 14:08:00,33.68,33.68,33.68,33.68,342.0,BIP
2023-03-31 14:07:00,33.68,33.68,33.68,33.68,102.0,BIP
2023-03-31 14:06:00,33.7,33.7,33.6638,33.6638,2526.0,BIP
2023-03-31 14:05:00,33.69,33.71,33.6804,33.71,1638.0,BIP
2023-03-31 14:04:00,33.675,33.675,33.675,33.675,365.0,BIP
2023-03-31 14:03:00,33.69,33.69,33.69,33.69,122.0,BIP
2023-03-31 14:02:00,33.69,33.69,33.69,33.69,100.0,BIP
2023-03-31 14:00:00,33.68,33.7,33.68,33.7,2777.0,BIP
2023-03-31 13:59:00,33.68,33.68,33.67,33.67,414.0,BIP
2023-03-31 13:58:00,33.63,33.63,33.63,33.63,319.0,BIP
2023-03-31 13:55:00,33.57,33.58,33.56,33.58,783.0,BIP
2023-03-31 13:54:00,33.56,33.56,33.56,33.56,100.0,BIP
2023-03-31 13:52:00,33.5899,33.5899,33.5899,33.5899,251.0,BIP
2023-03-31 13:50:00,33.61,33.61,33.59,33.59,505.0,BIP
2023-03-31 13:49:00,33.625,33.625,33.625,33.625,134.0,BIP
2023-03-31 13:48:00,33.64,33.65,33.64,33.64,694.0,BIP
2023-03-31 13:47:00,33.64,33.65,33.64,33.65,1232.0,BIP
2023-03-31 13:46:00,33.65,33.65,33.645,33.645,302.0,BIP
2023-03-31 13:45:00,33.645,33.645,33.645,33.645,176.0,BIP
2023-03-31 13:41:00,33.65,33.65,33.65,33.65,548.0,BIP
2023-03-31 13:40:00,33.69,33.69,33.655,33.655,3168.0,BIP
2023-03-31 13:39:00,33.6773,33.69,33.6773,33.69,278.0,BIP
2023-03-31 13:38:00,33.67,33.67,33.67,33.67,251.0,BIP
2023-03-31 13:37:00,33.69,33.69,33.69,33.69,201.0,BIP
2023-03-31 13:36:00,33.665,33.665,33.665,33.665,172.0,BIP
2023-03-31 13:35:00,33.69,33.69,33.69,33.69,100.0,BIP
2023-03-31 13:34:00,33.67,33.67,33.65,33.67,434.0,BIP
2023-03-31 13:33:00,33.65,33.66,33.65,33.66,741.0,BIP
2023-03-31 13:32:00,33.64,33.65,33.64,33.65,1548.0,BIP
2023-03-31 13:30:00,33.65,33.65,33.65,33.65,201.0,BIP
2023-03-31 13:29:00,33.65,33.65,33.65,33.65,102.0,BIP
2023-03-31 13:28:00,33.66,33.66,33.64,33.64,740.0,BIP
2023-03-31 13:26:00,33.67,33.67,33.67,33.67,2000.0,BIP
2023-03-31 13:25:00,33.665,33.665,33.665,33.665,125.0,BIP
2023-03-31 13:23:00,33.63,33.681,33.63,33.681,1268.0,BIP
2023-03-31 13:22:00,33.64,33.64,33.64,33.64,408.0,BIP
2023-03-31 13:21:00,33.66,33.66,33.66,33.66,300.0,BIP
2023-03-31 13:19:00,33.67,33.67,33.67,33.67,240.0,BIP
2023-03-31 13:18:00,33.7,33.7,33.68,33.68,849.0,BIP
2023-03-31 13:17:00,33.69,33.69,33.6822,33.6822,282.0,BIP
2023-03-31 13:16:00,33.69,33.69,33.69,33.69,100.0,BIP
2023-03-31 13:15:00,33.69,33.69,33.69,33.69,100.0,BIP
2023-03-31 13:13:00,33.67,33.68,33.67,33.68,291.0,BIP
2023-03-31 13:12:00,33.68,33.685,33.68,33.685,593.0,BIP
2023-03-31 13:11:00,33.6825,33.685,33.6816,33.6816,598.0,BIP
2023-03-31 13:10:00,33.72,33.72,33.69,33.69,4033.0,BIP
2023-03-31 13:09:00,33.7,33.71,33.7,33.71,962.0,BIP
2023-03-31 13:08:00,33.69,33.7,33.69,33.7,737.0,BIP
2023-03-31 13:06:00,33.69,33.7,33.69,33.7,1319.0,BIP
2023-03-31 13:03:00,33.68,33.68,33.6702,33.6702,634.0,BIP
2023-03-31 13:02:00,33.7,33.7,33.7,33.7,400.0,BIP
2023-03-31 13:01:00,33.69,33.69,33.685,33.685,619.0,BIP
2023-03-31 13:00:00,33.69,33.7,33.69,33.7,1642.0,BIP
2023-03-31 12:59:00,33.6998,33.6998,33.6998,33.6998,128.0,BIP
2023-03-31 12:58:00,33.67,33.71,33.67,33.7,1146.0,BIP
2023-03-31 12:57:00,33.65,33.67,33.65,33.67,423.0,BIP
2023-03-31 12:56:00,33.62,33.62,33.62,33.62,203.0,BIP
2023-03-31 12:55:00,33.62,33.62,33.62,33.62,115.0,BIP
2023-03-31 12:54:00,33.61,33.61,33.6,33.6,573.0,BIP
2023-03-31 12:52:00,33.63,33.63,33.63,33.63,282.0,BIP
2023-03-31 12:51:00,33.58,33.59,33.57,33.59,1564.0,BIP
2023-03-31 12:49:00,33.5934,33.595,33.5934,33.595,371.0,BIP
2023-03-31 12:46:00,33.65,33.65,33.6,33.6,1327.0,BIP
2023-03-31 12:45:00,33.65,33.65,33.65,33.65,107.0,BIP
2023-03-31 12:43:00,33.6389,33.6389,33.6389,33.6389,228.0,BIP
2023-03-31 12:42:00,33.64,33.64,33.64,33.64,193.0,BIP
2023-03-31 12:41:00,33.63,33.63,33.63,33.63,102.0,BIP
2023-03-31 12:40:00,33.6,33.605,33.6,33.605,568.0,BIP
2023-03-31 12:38:00,33.59,33.6,33.59,33.59,1189.0,BIP
2023-03-31 12:37:00,33.56,33.58,33.56,33.58,326.0,BIP
2023-03-31 12:36:00,33.55,33.55,33.55,33.55,152.0,BIP
2023-03-31 12:35:00,33.54,33.54,33.5396,33.54,3479.0,BIP
2023-03-31 12:34:00,33.54,33.54,33.54,33.54,500.0,BIP
2023-03-31 12:32:00,33.56,33.56,33.56,33.56,100.0,BIP
2023-03-31 12:31:00,33.56,33.56,33.54,33.54,308.0,BIP
2023-03-31 12:30:00,33.54,33.56,33.54,33.56,1263.0,BIP
2023-03-31 12:29:00,33.535,33.535,33.5302,33.5302,308.0,BIP
2023-03-31 12:28:00,33.56,33.56,33.535,33.535,897.0,BIP
2023-03-31 12:26:00,33.56,33.57,33.54,33.56,6143.0,BIP
2023-03-31 12:25:00,33.5424,33.5424,33.5424,33.5424,333.0,BIP
2023-03-31 12:24:00,33.55,33.55,33.55,33.55,413.0,BIP
2023-03-31 12:23:00,33.5552,33.5552,33.5552,33.5552,908.0,BIP
2023-03-31 12:22:00,33.57,33.57,33.57,33.57,111.0,BIP
2023-03-31 12:21:00,33.55,33.57,33.55,33.57,884.0,BIP
2023-03-31 12:20:00,33.55,33.55,33.55,33.55,310.0,BIP
2023-03-31 12:19:00,33.58,33.58,33.53,33.53,946.0,BIP
2023-03-31 12:16:00,33.565,33.565,33.565,33.565,178.0,BIP
2023-03-31 12:15:00,33.59,33.59,33.57,33.57,609.0,BIP
2023-03-31 12:14:00,33.62,33.62,33.59,33.605,574.0,BIP
2023-03-31 12:12:00,33.6844,33.6844,33.675,33.675,956.0,BIP
2023-03-31 12:11:00,33.63,33.67,33.63,33.67,1946.0,BIP
2023-03-31 12:10:00,33.6299,33.63,33.59,33.6,7534.0,BIP
2023-03-31 12:09:00,33.62,33.62,33.61,33.61,2274.0,BIP
2023-03-31 12:08:00,33.62,33.62,33.62,33.62,200.0,BIP
2023-03-31 12:07:00,33.61,33.61,33.61,33.61,100.0,BIP
2023-03-31 12:03:00,33.59,33.59,33.59,33.59,358.0,BIP
2023-03-31 12:02:00,33.565,33.565,33.565,33.565,131.0,BIP
2023-03-31 12:00:00,33.54,33.54,33.54,33.54,100.0,BIP
2023-03-31 11:58:00,33.5251,33.5251,33.5251,33.5251,937.0,BIP
2023-03-31 11:56:00,33.56,33.56,33.55,33.55,1035.0,BIP
2023-03-31 11:55:00,33.57,33.57,33.54,33.54,1811.0,BIP
2023-03-31 11:54:00,33.57,33.57,33.57,33.57,820.0,BIP
2023-03-31 11:51:00,33.55,33.55,33.545,33.545,331.0,BIP
2023-03-31 11:48:00,33.58,33.58,33.58,33.58,511.0,BIP
2023-03-31 11:47:00,33.59,33.59,33.59,33.59,127.0,BIP
2023-03-31 11:43:00,33.56,33.56,33.56,33.56,285.0,BIP
2023-03-31 11:42:00,33.5899,33.59,33.58,33.58,1520.0,BIP
2023-03-31 11:41:00,33.58,33.58,33.58,33.58,289.0,BIP
2023-03-31 11:37:00,33.55,33.5642,33.55,33.5642,304.0,BIP
2023-03-31 11:36:00,33.62,33.62,33.565,33.565,622.0,BIP
2023-03-31 11:34:00,33.65,33.66,33.64,33.64,874.0,BIP
2023-03-31 11:33:00,33.64,33.65,33.64,33.65,310.0,BIP
2023-03-31 11:32:00,33.64,33.64,33.64,33.64,100.0,BIP
2023-03-31 11:31:00,33.63,33.63,33.61,33.63,1983.0,BIP
2023-03-31 11:29:00,33.67,33.67,33.65,33.66,2598.0,BIP
2023-03-31 11:28:00,33.6531,33.66,33.6531,33.66,981.0,BIP
2023-03-31 11:27:00,33.6381,33.67,33.6381,33.67,581.0,BIP
2023-03-31 11:26:00,33.5953,33.64,33.5953,33.64,858.0,BIP
2023-03-31 11:25:00,33.66,33.66,33.59,33.59,2718.0,BIP
2023-03-31 11:24:00,33.68,33.68,33.66,33.66,520.0,BIP
2023-03-31 11:23:00,33.67,33.67,33.67,33.67,404.0,BIP
2023-03-31 11:22:00,33.67,33.67,33.66,33.66,231.0,BIP
2023-03-31 11:21:00,33.67,33.67,33.66,33.66,205.0,BIP
2023-03-31 11:20:00,33.68,33.68,33.6734,33.6734,464.0,BIP
2023-03-31 11:19:00,33.68,33.7135,33.68,33.7135,1758.0,BIP
2023-03-31 11:18:00,33.66,33.67,33.66,33.67,284.0,BIP
2023-03-31 11:17:00,33.67,33.67,33.67,33.67,227.0,BIP
2023-03-31 11:16:00,33.66,33.6633,33.65,33.66,790.0,BIP
2023-03-31 11:15:00,33.66,33.66,33.66,33.66,215.0,BIP
2023-03-31 11:14:00,33.65,33.65,33.65,33.65,308.0,BIP
2023-03-31 11:13:00,33.66,33.68,33.66,33.67,1660.0,BIP
2023-03-31 11:12:00,33.66,33.66,33.66,33.66,223.0,BIP
2023-03-31 11:10:00,33.63,33.63,33.63,33.63,323.0,BIP
2023-03-31 11:09:00,33.6561,33.6561,33.63,33.63,661.0,BIP
2023-03-31 11:08:00,33.6278,33.6278,33.6278,33.6278,100.0,BIP
2023-03-31 11:07:00,33.65,33.65,33.65,33.65,138.0,BIP
2023-03-31 11:06:00,33.65,33.65,33.65,33.65,203.0,BIP
2023-03-31 11:05:00,33.65,33.65,33.65,33.65,272.0,BIP
2023-03-31 11:04:00,33.66,33.67,33.65,33.65,2801.0,BIP
2023-03-31 11:03:00,33.62,33.64,33.62,33.64,580.0,BIP
2023-03-31 11:02:00,33.62,33.62,33.62,33.62,210.0,BIP
2023-03-31 11:01:00,33.6,33.61,33.6,33.61,328.0,BIP
2023-03-31 11:00:00,33.6,33.6,33.6,33.6,386.0,BIP
2023-03-31 10:59:00,33.63,33.63,33.57,33.59,3868.0,BIP
2023-03-31 10:58:00,33.66,33.66,33.62,33.62,520.0,BIP
2023-03-31 10:57:00,33.64,33.64,33.64,33.64,809.0,BIP
2023-03-31 10:56:00,33.6,33.62,33.6,33.62,666.0,BIP
2023-03-31 10:55:00,33.6,33.6,33.6,33.6,302.0,BIP
2023-03-31 10:54:00,33.5792,33.58,33.5792,33.58,302.0,BIP
2023-03-31 10:53:00,33.56,33.57,33.56,33.56,416.0,BIP
2023-03-31 10:52:00,33.58,33.58,33.58,33.58,237.0,BIP
2023-03-31 10:51:00,33.61,33.61,33.61,33.61,101.0,BIP
2023-03-31 10:50:00,33.6,33.61,33.6,33.61,201.0,BIP
2023-03-31 10:49:00,33.57,33.6,33.57,33.6,503.0,BIP
2023-03-31 10:48:00,33.57,33.57,33.57,33.57,210.0,BIP
2023-03-31 10:47:00,33.6,33.6,33.58,33.58,754.0,BIP
2023-03-31 10:46:00,33.61,33.61,33.6,33.61,1285.0,BIP
2023-03-31 10:45:00,33.62,33.64,33.61,33.64,2377.0,BIP
2023-03-31 10:44:00,33.61,33.62,33.61,33.62,301.0,BIP
2023-03-31 10:43:00,33.6,33.6,33.6,33.6,466.0,BIP
2023-03-31 10:42:00,33.58,33.6,33.58,33.59,469.0,BIP
2023-03-31 10:41:00,33.58,33.58,33.58,33.58,438.0,BIP
2023-03-31 10:40:00,33.56,33.56,33.56,33.56,361.0,BIP
2023-03-31 10:39:00,33.56,33.56,33.56,33.56,209.0,BIP
2023-03-31 10:37:00,33.59,33.6,33.57,33.57,408.0,BIP
2023-03-31 10:36:00,33.57,33.6,33.57,33.6,402.0,BIP
2023-03-31 10:35:00,33.58,33.58,33.565,33.58,975.0,BIP
2023-03-31 10:34:00,33.57,33.57,33.55,33.56,615.0,BIP
2023-03-31 10:32:00,33.55,33.6,33.55,33.6,501.0,BIP
2023-03-31 10:31:00,33.53,33.53,33.53,33.53,135.0,BIP
2023-03-31 10:30:00,33.51,33.51,33.5,33.5,904.0,BIP
2023-03-31 10:29:00,33.56,33.5769,33.53,33.53,1386.0,BIP
2023-03-31 10:28:00,33.52,33.56,33.52,33.56,309.0,BIP
2023-03-31 10:27:00,33.5396,33.5396,33.5,33.505,1513.0,BIP
2023-03-31 10:25:00,33.5632,33.5632,33.52,33.52,2700.0,BIP
2023-03-31 10:24:00,33.5874,33.5874,33.57,33.57,822.0,BIP
2023-03-31 10:23:00,33.59,33.615,33.59,33.615,257.0,BIP
2023-03-31 10:22:00,33.68,33.68,33.64,33.64,548.0,BIP
2023-03-31 10:20:00,33.6799,33.6799,33.6799,33.6799,231.0,BIP
2023-03-31 10:19:00,33.6687,33.6687,33.6687,33.6687,310.0,BIP
2023-03-31 10:18:00,33.67,33.67,33.67,33.67,107.0,BIP
2023-03-31 10:17:00,33.59,33.7,33.59,33.7,1194.0,BIP
2023-03-31 10:16:00,33.5664,33.59,33.5664,33.59,537.0,BIP
2023-03-31 10:11:00,33.63,33.63,33.61,33.62,1101.0,BIP
2023-03-31 10:10:00,33.65,33.66,33.64,33.66,771.0,BIP
2023-03-31 10:08:00,33.66,33.66,33.66,33.66,311.0,BIP
2023-03-31 10:07:00,33.62,33.64,33.62,33.64,705.0,BIP
2023-03-31 10:06:00,33.62,33.62,33.62,33.62,303.0,BIP
2023-03-31 10:05:00,33.6058,33.6058,33.6058,33.6058,227.0,BIP
2023-03-31 10:03:00,33.58,33.63,33.58,33.61,910.0,BIP
2023-03-31 10:02:00,33.56,33.56,33.56,33.56,101.0,BIP
2023-03-31 10:01:00,33.545,33.56,33.545,33.56,265.0,BIP
2023-03-31 10:00:00,33.5,33.54,33.48,33.54,763.0,BIP
2023-03-31 09:59:00,33.52,33.52,33.52,33.52,207.0,BIP
2023-03-31 09:58:00,33.56,33.56,33.52,33.52,2070.0,BIP
2023-03-31 09:56:00,33.6,33.6,33.575,33.575,253.0,BIP
2023-03-31 09:53:00,33.5,33.54,33.5,33.54,675.0,BIP
2023-03-31 09:52:00,33.42,33.45,33.42,33.45,1599.0,BIP
2023-03-31 09:48:00,33.4789,33.4789,33.4789,33.4789,100.0,BIP
2023-03-31 09:46:00,33.52,33.52,33.4774,33.4774,287.0,BIP
2023-03-31 09:45:00,33.6,33.6,33.54,33.56,800.0,BIP
2023-03-31 09:43:00,33.58,33.58,33.58,33.58,200.0,BIP
2023-03-31 09:41:00,33.49,33.4913,33.475,33.4913,2527.0,BIP
2023-03-31 09:36:00,33.2699,33.34,33.2699,33.34,903.0,BIP
2023-03-31 09:34:00,33.34,33.34,33.34,33.34,100.0,BIP
2023-03-31 09:32:00,33.16,33.16,33.16,33.16,121.0,BIP
2023-03-31 09:31:00,33.2,33.2,33.2,33.2,7187.0,BIP
2023-03-31 07:08:00,33.0,33.0,33.0,33.0,200.0,BIP
2023-03-30 16:00:00,33.175,33.2,33.17,33.18,6785.0,BIP
2023-03-30 15:59:00,33.16,33.17,33.16,33.17,1729.0,BIP
2023-03-30 15:58:00,33.16,33.17,33.14,33.17,3260.0,BIP
2023-03-30 15:57:00,33.165,33.17,33.14,33.14,4958.0,BIP
2023-03-30 15:56:00,33.16,33.17,33.16,33.17,1862.0,BIP
2023-03-30 15:55:00,33.18,33.18,33.16,33.1601,1888.0,BIP
2023-03-30 15:54:00,33.14,33.18,33.14,33.18,4371.0,BIP
2023-03-30 15:53:00,33.17,33.17,33.15,33.15,707.0,BIP
2023-03-30 15:52:00,33.18,33.19,33.18,33.19,1862.0,BIP
2023-03-30 15:51:00,33.14,33.18,33.14,33.18,6224.0,BIP
2023-03-30 15:50:00,33.13,33.15,33.13,33.13,1247.0,BIP
2023-03-30 15:49:00,33.14,33.14,33.13,33.14,1082.0,BIP
2023-03-30 15:48:00,33.15,33.15,33.14,33.14,2306.0,BIP
2023-03-30 15:47:00,33.172,33.18,33.14,33.14,7140.0,BIP
2023-03-30 15:46:00,33.21,33.22,33.19,33.19,773.0,BIP
2023-03-30 15:43:00,33.2421,33.245,33.23,33.23,1182.0,BIP
2023-03-30 15:42:00,33.25,33.25,33.25,33.25,561.0,BIP
2023-03-30 15:39:00,33.26,33.26,33.26,33.26,267.0,BIP
2023-03-30 15:37:00,33.26,33.26,33.26,33.26,672.0,BIP
2023-03-30 15:36:00,33.24,33.24,33.24,33.24,253.0,BIP
2023-03-30 15:35:00,33.245,33.245,33.245,33.245,200.0,BIP
2023-03-30 15:34:00,33.24,33.245,33.24,33.245,746.0,BIP
2023-03-30 15:33:00,33.24,33.26,33.24,33.26,358.0,BIP
2023-03-30 15:32:00,33.24,33.24,33.24,33.24,125.0,BIP
2023-03-30 15:31:00,33.23,33.23,33.22,33.22,514.0,BIP
2023-03-30 15:30:00,33.25,33.26,33.235,33.235,2604.0,BIP
2023-03-30 15:27:00,33.24,33.24,33.24,33.24,127.0,BIP
2023-03-30 15:26:00,33.24,33.24,33.24,33.24,200.0,BIP
2023-03-30 15:23:00,33.21,33.215,33.21,33.215,1115.0,BIP
2023-03-30 15:22:00,33.2,33.2,33.16,33.2,4890.0,BIP
2023-03-30 15:21:00,33.21,33.21,33.21,33.21,100.0,BIP
2023-03-30 15:20:00,33.192,33.192,33.192,33.192,195.0,BIP
2023-03-30 15:19:00,33.23,33.23,33.23,33.23,300.0,BIP
2023-03-30 15:18:00,33.2048,33.2048,33.2048,33.2048,931.0,BIP
2023-03-30 15:17:00,33.21,33.21,33.21,33.21,300.0,BIP
2023-03-30 15:16:00,33.23,33.24,33.23,33.24,300.0,BIP
2023-03-30 15:14:00,33.2,33.2,33.2,33.2,113.0,BIP
2023-03-30 15:13:00,33.19,33.19,33.19,33.19,279.0,BIP
2023-03-30 15:12:00,33.16,33.18,33.16,33.18,981.0,BIP
2023-03-30 15:10:00,33.13,33.15,33.11,33.14,2224.0,BIP
2023-03-30 15:09:00,33.145,33.15,33.09,33.13,16424.0,BIP
2023-03-30 15:08:00,33.17,33.17,33.15,33.16,1717.0,BIP
2023-03-30 15:07:00,33.2,33.2,33.19,33.2,440.0,BIP
2023-03-30 15:06:00,33.23,33.23,33.2,33.215,1601.0,BIP
2023-03-30 15:05:00,33.23,33.23,33.23,33.23,544.0,BIP
2023-03-30 15:02:00,33.24,33.24,33.23,33.23,328.0,BIP
2023-03-30 15:01:00,33.26,33.26,33.25,33.25,266.0,BIP
2023-03-30 14:58:00,33.27,33.27,33.27,33.27,148.0,BIP
2023-03-30 14:55:00,33.23,33.25,33.23,33.25,726.0,BIP
2023-03-30 14:54:00,33.23,33.23,33.23,33.23,120.0,BIP
2023-03-30 14:52:00,33.29,33.2901,33.28,33.2901,944.0,BIP
2023-03-30 14:51:00,33.3,33.3,33.3,33.3,144.0,BIP
2023-03-30 14:50:00,33.29,33.29,33.29,33.29,119.0,BIP
2023-03-30 14:49:00,33.29,33.29,33.29,33.29,235.0,BIP
2023-03-30 14:45:00,33.27,33.27,33.26,33.26,414.0,BIP
2023-03-30 14:42:00,33.275,33.275,33.25,33.27,1032.0,BIP
2023-03-30 14:41:00,33.3,33.3,33.2907,33.2907,562.0,BIP
2023-03-30 14:40:00,33.3,33.3,33.3,33.3,100.0,BIP
2023-03-30 14:39:00,33.325,33.325,33.3175,33.3175,409.0,BIP
2023-03-30 14:38:00,33.36,33.36,33.36,33.36,100.0,BIP
2023-03-30 14:35:00,33.37,33.39,33.37,33.37,2104.0,BIP
2023-03-30 14:34:00,33.42,33.43,33.42,33.43,310.0,BIP
2023-03-30 14:33:00,33.42,33.45,33.42,33.45,659.0,BIP
2023-03-30 14:32:00,33.42,33.42,33.42,33.42,150.0,BIP
2023-03-30 14:31:00,33.39,33.4,33.39,33.4,252.0,BIP
2023-03-30 14:30:00,33.39,33.39,33.39,33.39,315.0,BIP
2023-03-30 14:29:00,33.39,33.4,33.39,33.4,335.0,BIP
2023-03-30 14:28:00,33.4,33.4,33.39,33.39,603.0,BIP
2023-03-30 14:26:00,33.39,33.4,33.39,33.4,201.0,BIP
2023-03-30 14:25:00,33.37,33.37,33.37,33.37,100.0,BIP
2023-03-30 14:24:00,33.3712,33.3712,33.3712,33.3712,150.0,BIP
2023-03-30 14:21:00,33.39,33.39,33.39,33.39,239.0,BIP
2023-03-30 14:20:00,33.4,33.4,33.39,33.39,202.0,BIP
2023-03-30 14:16:00,33.35,33.35,33.33,33.33,701.0,BIP
2023-03-30 14:15:00,33.35,33.35,33.35,33.35,328.0,BIP
2023-03-30 14:13:00,33.34,33.34,33.32,33.33,2023.0,BIP
2023-03-30 14:10:00,33.31,33.33,33.31,33.33,500.0,BIP
2023-03-30 14:09:00,33.3,33.3,33.29,33.29,1933.0,BIP
2023-03-30 14:07:00,33.31,33.3301,33.31,33.3301,574.0,BIP
2023-03-30 14:06:00,33.33,33.33,33.31,33.31,1189.0,BIP
2023-03-30 14:05:00,33.29,33.31,33.29,33.31,260.0,BIP
2023-03-30 14:04:00,33.24,33.27,33.24,33.26,8359.0,BIP
2023-03-30 14:02:00,33.242,33.242,33.242,33.242,706.0,BIP
2023-03-30 13:59:00,33.24,33.25,33.24,33.25,1000.0,BIP
2023-03-30 13:57:00,33.25,33.25,33.25,33.25,726.0,BIP
2023-03-30 13:56:00,33.24,33.25,33.24,33.25,300.0,BIP
2023-03-30 13:54:00,33.23,33.23,33.23,33.23,103.0,BIP
2023-03-30 13:52:00,33.25,33.25,33.235,33.235,878.0,BIP
2023-03-30 13:49:00,33.2485,33.25,33.24,33.2484,1998.0,BIP
2023-03-30 13:48:00,33.25,33.25,33.25,33.25,200.0,BIP
2023-03-30 13:47:00,33.24,33.25,33.24,33.25,612.0,BIP
2023-03-30 13:46:00,33.25,33.25,33.25,33.25,100.0,BIP
2023-03-30 13:44:00,33.2,33.21,33.2,33.21,570.0,BIP
2023-03-30 13:42:00,33.19,33.19,33.19,33.19,118.0,BIP
2023-03-30 13:41:00,33.19,33.19,33.18,33.18,703.0,BIP
2023-03-30 13:40:00,33.21,33.22,33.19,33.2,1107.0,BIP
2023-03-30 13:38:00,33.22,33.23,33.22,33.23,375.0,BIP
2023-03-30 13:37:00,33.23,33.23,33.23,33.23,118.0,BIP
2023-03-30 13:36:00,33.25,33.25,33.25,33.25,200.0,BIP
2023-03-30 13:35:00,33.24,33.2429,33.24,33.2429,705.0,BIP
2023-03-30 13:34:00,33.25,33.25,33.25,33.25,260.0,BIP
2023-03-30 13:33:00,33.24,33.24,33.24,33.24,169.0,BIP
2023-03-30 13:32:00,33.24,33.24,33.24,33.24,151.0,BIP
2023-03-30 13:31:00,33.24,33.24,33.24,33.24,218.0,BIP
2023-03-30 13:30:00,33.24,33.24,33.24,33.24,100.0,BIP
2023-03-30 13:29:00,33.25,33.25,33.2301,33.2301,1010.0,BIP
2023-03-30 13:28:00,33.25,33.25,33.25,33.25,800.0,BIP
2023-03-30 13:27:00,33.25,33.25,33.25,33.25,345.0,BIP
2023-03-30 13:26:00,33.25,33.25,33.25,33.25,100.0,BIP
2023-03-30 13:25:00,33.24,33.24,33.23,33.23,474.0,BIP
2023-03-30 13:24:00,33.25,33.25,33.25,33.25,1972.0,BIP
2023-03-30 13:23:00,33.25,33.25,33.25,33.25,100.0,BIP
2023-03-30 13:22:00,33.23,33.23,33.23,33.23,492.0,BIP
2023-03-30 13:21:00,33.21,33.23,33.21,33.23,325.0,BIP
2023-03-30 13:19:00,33.19,33.21,33.19,33.21,1218.0,BIP
2023-03-30 13:16:00,33.22,33.22,33.2,33.2,838.0,BIP
2023-03-30 13:15:00,33.2,33.2,33.2,33.2,269.0,BIP
2023-03-30 13:13:00,33.1801,33.1801,33.1801,33.1801,428.0,BIP
2023-03-30 13:12:00,33.17,33.17,33.17,33.17,210.0,BIP
2023-03-30 13:10:00,33.16,33.16,33.16,33.16,100.0,BIP
2023-03-30 13:09:00,33.15,33.15,33.15,33.15,1795.0,BIP
2023-03-30 13:08:00,33.19,33.205,33.18,33.18,1066.0,BIP
2023-03-30 13:06:00,33.225,33.225,33.225,33.225,200.0,BIP
2023-03-30 13:04:00,33.21,33.21,33.21,33.21,100.0,BIP
2023-03-30 13:03:00,33.15,33.18,33.15,33.18,750.0,BIP
2023-03-30 13:01:00,33.19,33.19,33.15,33.16,1096.0,BIP
2023-03-30 13:00:00,33.24,33.24,33.23,33.24,618.0,BIP
2023-03-30 12:59:00,33.23,33.25,33.22,33.25,428.0,BIP
2023-03-30 12:58:00,33.24,33.25,33.24,33.25,471.0,BIP
2023-03-30 12:56:00,33.24,33.25,33.24,33.25,1300.0,BIP
2023-03-30 12:54:00,33.23,33.23,33.23,33.23,101.0,BIP
2023-03-30 12:53:00,33.23,33.23,33.23,33.23,130.0,BIP
2023-03-30 12:52:00,33.25,33.25,33.25,33.25,361.0,BIP
2023-03-30 12:48:00,33.23,33.25,33.22,33.25,501.0,BIP
2023-03-30 12:45:00,33.2,33.21,33.2,33.2,938.0,BIP
2023-03-30 12:44:00,33.22,33.22,33.21,33.21,653.0,BIP
2023-03-30 12:42:00,33.19,33.19,33.19,33.19,200.0,BIP
2023-03-30 12:40:00,33.18,33.18,33.18,33.18,100.0,BIP
2023-03-30 12:39:00,33.15,33.18,33.15,33.18,225.0,BIP
2023-03-30 12:37:00,33.13,33.14,33.13,33.14,300.0,BIP
2023-03-30 12:36:00,33.1113,33.1113,33.1113,33.1113,237.0,BIP
2023-03-30 12:34:00,33.16,33.16,33.16,33.16,772.0,BIP
2023-03-30 12:33:00,33.16,33.16,33.155,33.155,406.0,BIP
2023-03-30 12:32:00,33.205,33.205,33.205,33.205,206.0,BIP
2023-03-30 12:31:00,33.2165,33.2165,33.2165,33.2165,473.0,BIP
2023-03-30 12:30:00,33.24,33.24,33.23,33.24,595.0,BIP
2023-03-30 12:29:00,33.25,33.25,33.25,33.25,500.0,BIP
2023-03-30 12:28:00,33.25,33.25,33.25,33.25,100.0,BIP
2023-03-30 12:26:00,33.23,33.23,33.23,33.23,100.0,BIP
2023-03-30 12:25:00,33.25,33.25,33.23,33.24,1008.0,BIP
2023-03-30 12:24:00,33.24,33.24,33.24,33.24,350.0,BIP
2023-03-30 12:22:00,33.235,33.25,33.225,33.225,982.0,BIP
2023-03-30 12:21:00,33.25,33.25,33.24,33.2443,778.0,BIP
2023-03-30 12:20:00,33.23,33.23,33.23,33.23,206.0,BIP
2023-03-30 12:18:00,33.22,33.22,33.22,33.22,230.0,BIP
2023-03-30 12:17:00,33.2032,33.2032,33.2032,33.2032,320.0,BIP
2023-03-30 12:16:00,33.25,33.25,33.22,33.235,2064.0,BIP
2023-03-30 12:15:00,33.235,33.235,33.235,33.235,115.0,BIP
2023-03-30 12:14:00,33.25,33.25,33.24,33.24,1269.0,BIP
2023-03-30 12:13:00,33.23,33.25,33.23,33.25,746.0,BIP
2023-03-30 12:11:00,33.23,33.23,33.22,33.22,625.0,BIP
2023-03-30 12:10:00,33.25,33.25,33.25,33.25,7664.0,BIP
2023-03-30 12:09:00,33.24,33.25,33.24,33.24,6907.0,BIP
2023-03-30 12:07:00,33.2,33.21,33.2,33.21,672.0,BIP
2023-03-30 12:00:00,33.22,33.22,33.21,33.21,556.0,BIP
2023-03-30 11:58:00,33.225,33.225,33.21,33.21,302.0,BIP
2023-03-30 11:56:00,33.24,33.25,33.23,33.23,3651.0,BIP
2023-03-30 11:54:00,33.27,33.29,33.2253,33.2253,7752.0,BIP
2023-03-30 11:53:00,33.29,33.295,33.29,33.295,518.0,BIP
2023-03-30 11:52:00,33.2999,33.2999,33.2999,33.2999,251.0,BIP
2023-03-30 11:50:00,33.27,33.27,33.27,33.27,466.0,BIP
2023-03-30 11:48:00,33.31,33.31,33.305,33.305,485.0,BIP
2023-03-30 11:47:00,33.32,33.33,33.32,33.33,300.0,BIP
2023-03-30 11:46:00,33.32,33.33,33.32,33.33,300.0,BIP
2023-03-30 11:45:00,33.315,33.3193,33.3,33.3193,1325.0,BIP
2023-03-30 11:44:00,33.3,33.3,33.29,33.3,2804.0,BIP
2023-03-30 11:43:00,33.37,33.37,33.3,33.3,1683.0,BIP
2023-03-30 11:41:00,33.36,33.365,33.36,33.365,432.0,BIP
2023-03-30 11:40:00,33.41,33.42,33.3898,33.3898,738.0,BIP
2023-03-30 11:39:00,33.41,33.41,33.41,33.41,493.0,BIP
2023-03-30 11:38:00,33.41,33.41,33.395,33.395,200.0,BIP
2023-03-30 11:37:00,33.4037,33.4037,33.4037,33.4037,528.0,BIP
2023-03-30 11:34:00,33.395,33.395,33.395,33.395,354.0,BIP
2023-03-30 11:33:00,33.395,33.395,33.395,33.395,100.0,BIP
2023-03-30 11:31:00,33.42,33.42,33.42,33.42,259.0,BIP
2023-03-30 11:30:00,33.42,33.44,33.42,33.43,825.0,BIP
2023-03-30 11:29:00,33.42,33.42,33.42,33.42,200.0,BIP
2023-03-30 11:28:00,33.4,33.43,33.4,33.43,359.0,BIP
2023-03-30 11:27:00,33.4,33.4,33.4,33.4,100.0,BIP
2023-03-30 11:26:00,33.4,33.4,33.4,33.4,100.0,BIP
2023-03-30 11:25:00,33.39,33.39,33.3701,33.38,574.0,BIP
2023-03-30 11:24:00,33.374,33.39,33.374,33.39,350.0,BIP
2023-03-30 11:23:00,33.37,33.37,33.37,33.37,695.0,BIP
2023-03-30 11:20:00,33.365,33.38,33.365,33.38,477.0,BIP
2023-03-30 11:19:00,33.355,33.37,33.355,33.37,401.0,BIP
2023-03-30 11:16:00,33.36,33.36,33.36,33.36,200.0,BIP
2023-03-30 11:15:00,33.38,33.38,33.35,33.35,700.0,BIP
2023-03-30 11:14:00,33.405,33.405,33.405,33.405,200.0,BIP
2023-03-30 11:13:00,33.46,33.46,33.4,33.42,821.0,BIP
2023-03-30 11:12:00,33.5,33.5,33.46,33.46,745.0,BIP
2023-03-30 11:11:00,33.49,33.51,33.46,33.51,4202.0,BIP
2023-03-30 11:10:00,33.49,33.49,33.49,33.49,509.0,BIP
2023-03-30 11:09:00,33.47,33.47,33.47,33.47,160.0,BIP
2023-03-30 11:08:00,33.45,33.47,33.45,33.47,324.0,BIP
2023-03-30 11:07:00,33.42,33.44,33.42,33.44,788.0,BIP
2023-03-30 11:06:00,33.42,33.42,33.42,33.42,100.0,BIP
2023-03-30 11:05:00,33.42,33.42,33.42,33.42,125.0,BIP
2023-03-30 11:03:00,33.41,33.41,33.4,33.4,368.0,BIP
2023-03-30 11:02:00,33.405,33.405,33.405,33.405,357.0,BIP
2023-03-30 11:00:00,33.44,33.44,33.41,33.42,1450.0,BIP
2023-03-30 10:59:00,33.46,33.48,33.45,33.45,975.0,BIP
2023-03-30 10:56:00,33.52,33.52,33.47,33.51,1724.0,BIP
2023-03-30 10:52:00,33.505,33.53,33.505,33.52,419.0,BIP
2023-03-30 10:51:00,33.485,33.49,33.48,33.48,500.0,BIP
2023-03-30 10:50:00,33.485,33.485,33.485,33.485,300.0,BIP
2023-03-30 10:49:00,33.49,33.5,33.48,33.485,925.0,BIP
2023-03-30 10:48:00,33.46,33.49,33.46,33.49,300.0,BIP
2023-03-30 10:47:00,33.47,33.47,33.47,33.47,310.0,BIP
2023-03-30 10:46:00,33.47,33.47,33.47,33.47,242.0,BIP
2023-03-30 10:45:00,33.49,33.5,33.49,33.495,356.0,BIP
2023-03-30 10:42:00,33.49,33.5,33.49,33.49,573.0,BIP
2023-03-30 10:40:00,33.4887,33.4887,33.4887,33.4887,490.0,BIP
2023-03-30 10:39:00,33.44,33.465,33.44,33.45,878.0,BIP
2023-03-30 10:37:00,33.445,33.445,33.445,33.445,250.0,BIP
2023-03-30 10:36:00,33.45,33.46,33.45,33.46,810.0,BIP
2023-03-30 10:35:00,33.47,33.47,33.465,33.465,262.0,BIP
2023-03-30 10:33:00,33.49,33.49,33.48,33.485,503.0,BIP
2023-03-30 10:31:00,33.5,33.5,33.47,33.49,854.0,BIP
2023-03-30 10:30:00,33.47,33.49,33.47,33.49,429.0,BIP
2023-03-30 10:27:00,33.45,33.45,33.45,33.45,153.0,BIP
2023-03-30 10:26:00,33.41,33.42,33.41,33.41,538.0,BIP
2023-03-30 10:25:00,33.415,33.46,33.4,33.43,2800.0,BIP
2023-03-30 10:24:00,33.46,33.46,33.46,33.46,138.0,BIP
2023-03-30 10:23:00,33.47,33.47,33.44,33.44,400.0,BIP
2023-03-30 10:22:00,33.44,33.44,33.44,33.44,200.0,BIP
2023-03-30 10:20:00,33.39,33.435,33.38,33.415,10469.0,BIP
2023-03-30 10:17:00,33.41,33.41,33.39,33.4,678.0,BIP
2023-03-30 10:16:00,33.41,33.45,33.41,33.45,1773.0,BIP
2023-03-30 10:14:00,33.4,33.4,33.4,33.4,225.0,BIP
2023-03-30 10:13:00,33.42,33.42,33.38,33.4,849.0,BIP
2023-03-30 10:10:00,33.3801,33.3801,33.3801,33.3801,400.0,BIP
2023-03-30 10:09:00,33.39,33.41,33.38,33.41,1402.0,BIP
2023-03-30 10:08:00,33.35,33.39,33.35,33.39,531.0,BIP
2023-03-30 10:07:00,33.38,33.39,33.38,33.39,300.0,BIP
2023-03-30 10:06:00,33.35,33.35,33.35,33.35,157.0,BIP
2023-03-30 10:05:00,33.39,33.42,33.36,33.36,822.0,BIP
2023-03-30 10:04:00,33.43,33.43,33.43,33.43,100.0,BIP
2023-03-30 10:03:00,33.4,33.47,33.39,33.39,4485.0,BIP
2023-03-30 10:02:00,33.42,33.4208,33.39,33.4208,954.0,BIP
2023-03-30 10:01:00,33.385,33.41,33.385,33.41,302.0,BIP
2023-03-30 10:00:00,33.38,33.38,33.38,33.38,120.0,BIP
2023-03-30 09:59:00,33.375,33.4,33.35,33.39,800.0,BIP
2023-03-30 09:58:00,33.375,33.375,33.375,33.375,114.0,BIP
2023-03-30 09:57:00,33.34,33.375,33.34,33.35,400.0,BIP
2023-03-30 09:56:00,33.36,33.37,33.34,33.37,1000.0,BIP
2023-03-30 09:55:00,33.35,33.4,33.33,33.4,1644.0,BIP
2023-03-30 09:54:00,33.425,33.425,33.39,33.39,931.0,BIP
2023-03-30 09:53:00,33.45,33.45,33.41,33.41,1805.0,BIP
2023-03-30 09:52:00,33.49,33.49,33.45,33.45,2200.0,BIP
2023-03-30 09:51:00,33.51,33.56,33.485,33.54,6613.0,BIP
2023-03-30 09:50:00,33.51,33.51,33.465,33.485,1092.0,BIP
2023-03-30 09:49:00,33.49,33.51,33.48,33.485,1300.0,BIP
2023-03-30 09:48:00,33.45,33.5,33.44,33.5,10839.0,BIP
2023-03-30 09:47:00,33.45,33.45,33.45,33.45,251.0,BIP
2023-03-30 09:44:00,33.375,33.4,33.375,33.4,900.0,BIP
2023-03-30 09:43:00,33.35,33.37,33.3,33.37,4637.0,BIP
2023-03-30 09:41:00,33.36,33.37,33.31,33.31,838.0,BIP
2023-03-30 09:39:00,33.38,33.43,33.38,33.43,3249.0,BIP
2023-03-30 09:35:00,33.4,33.4,33.33,33.33,873.0,BIP
2023-03-30 09:33:00,33.27,33.38,33.27,33.38,1520.0,BIP
2023-03-30 09:31:00,33.08,33.26,32.99,33.26,6626.0,BIP
2023-03-29 16:00:00,32.89,32.895,32.87,32.87,8741.0,BIP
2023-03-29 15:59:00,32.89,32.91,32.88,32.89,9086.0,BIP
2023-03-29 15:58:00,32.96,32.965,32.9,32.9,7156.0,BIP
2023-03-29 15:57:00,32.985,33.0,32.96,32.96,4755.0,BIP
2023-03-29 15:56:00,33.005,33.005,32.96,32.98,4142.0,BIP
2023-03-29 15:55:00,33.01,33.025,33.005,33.01,1795.0,BIP
2023-03-29 15:54:00,33.03,33.03,33.01,33.01,1921.0,BIP
2023-03-29 15:53:00,33.01,33.03,33.0,33.03,1418.0,BIP
2023-03-29 15:52:00,33.01,33.01,33.0,33.0,743.0,BIP
2023-03-29 15:51:00,32.95,33.01,32.94,33.0005,2627.0,BIP
2023-03-29 15:50:00,32.92,32.94,32.92,32.935,816.0,BIP
2023-03-29 15:49:00,32.93,32.93,32.92,32.92,909.0,BIP
2023-03-29 15:48:00,32.93,32.93,32.925,32.925,455.0,BIP
2023-03-29 15:47:00,32.89,32.93,32.89,32.93,7427.0,BIP
2023-03-29 15:46:00,32.885,32.9,32.885,32.9,658.0,BIP
2023-03-29 15:45:00,32.88,32.9,32.88,32.88,790.0,BIP
2023-03-29 15:44:00,32.889,32.89,32.88,32.89,467.0,BIP
2023-03-29 15:43:00,32.88,32.89,32.88,32.89,356.0,BIP
2023-03-29 15:42:00,32.86,32.86,32.86,32.86,100.0,BIP
2023-03-29 15:41:00,32.87,32.87,32.87,32.87,137.0,BIP
2023-03-29 15:40:00,32.87,32.87,32.87,32.87,320.0,BIP
2023-03-29 15:38:00,32.83,32.85,32.83,32.85,729.0,BIP
2023-03-29 15:37:00,32.81,32.81,32.81,32.81,702.0,BIP
2023-03-29 15:36:00,32.8,32.8,32.785,32.785,464.0,BIP
2023-03-29 15:34:00,32.83,32.83,32.82,32.82,609.0,BIP
2023-03-29 15:33:00,32.84,32.84,32.82,32.82,873.0,BIP
2023-03-29 15:32:00,32.84,32.84,32.84,32.84,147.0,BIP
2023-03-29 15:31:00,32.82,32.82,32.82,32.82,180.0,BIP
2023-03-29 15:29:00,32.84,32.84,32.83,32.83,568.0,BIP
2023-03-29 15:28:00,32.83,32.83,32.825,32.83,501.0,BIP
2023-03-29 15:27:00,32.85,32.85,32.85,32.85,233.0,BIP
2023-03-29 15:26:00,32.92,32.92,32.87,32.87,1527.0,BIP
2023-03-29 15:25:00,32.94,32.95,32.93,32.93,644.0,BIP
2023-03-29 15:24:00,32.95,32.95,32.95,32.95,500.0,BIP
2023-03-29 15:23:00,32.9,32.94,32.9,32.935,825.0,BIP
2023-03-29 15:22:00,32.885,32.9,32.885,32.9,360.0,BIP
2023-03-29 15:21:00,32.89,32.9,32.89,32.9,202.0,BIP
2023-03-29 15:20:00,32.89,32.9,32.89,32.9,649.0,BIP
2023-03-29 15:19:00,32.885,32.89,32.885,32.89,302.0,BIP
2023-03-29 15:18:00,32.87,32.88,32.87,32.88,900.0,BIP
2023-03-29 15:17:00,32.87,32.88,32.87,32.88,1241.0,BIP
2023-03-29 15:16:00,32.87,32.87,32.87,32.87,200.0,BIP
2023-03-29 15:15:00,32.87,32.9,32.87,32.88,1438.0,BIP
2023-03-29 15:14:00,32.85,32.86,32.85,32.855,600.0,BIP
2023-03-29 15:13:00,32.87,32.87,32.855,32.86,501.0,BIP
2023-03-29 15:12:00,32.84,32.855,32.84,32.855,734.0,BIP
2023-03-29 15:11:00,32.83,32.83,32.83,32.83,849.0,BIP
2023-03-29 15:10:00,32.85,32.8532,32.85,32.8532,701.0,BIP
2023-03-29 15:09:00,32.87,32.87,32.85,32.85,2573.0,BIP
2023-03-29 15:08:00,32.871,32.871,32.871,32.871,254.0,BIP
2023-03-29 15:07:00,32.9,32.9,32.88,32.88,878.0,BIP
2023-03-29 15:05:00,32.9142,32.9142,32.9142,32.9142,3380.0,BIP
2023-03-29 15:04:00,32.955,32.955,32.935,32.95,405.0,BIP
2023-03-29 15:03:00,33.0,33.01,32.955,32.955,1217.0,BIP
2023-03-29 15:02:00,33.02,33.02,32.96,33.01,5073.0,BIP
2023-03-29 15:01:00,33.02,33.02,33.01,33.01,300.0,BIP
2023-03-29 15:00:00,33.02,33.02,33.015,33.02,770.0,BIP
2023-03-29 14:59:00,33.0123,33.0179,33.0123,33.0179,219.0,BIP
2023-03-29 14:58:00,33.01,33.03,33.01,33.03,854.0,BIP
2023-03-29 14:57:00,33.0,33.02,33.0,33.01,1216.0,BIP
2023-03-29 14:56:00,33.075,33.09,33.015,33.015,6038.0,BIP
2023-03-29 14:55:00,33.07,33.08,33.055,33.08,490.0,BIP
2023-03-29 14:53:00,33.04,33.05,33.04,33.05,1037.0,BIP
2023-03-29 14:52:00,33.01,33.02,33.0,33.01,3373.0,BIP
2023-03-29 14:51:00,33.02,33.02,33.01,33.02,704.0,BIP
2023-03-29 14:50:00,33.01,33.01,32.99,33.01,1500.0,BIP
2023-03-29 14:49:00,33.015,33.015,33.01,33.01,300.0,BIP
2023-03-29 14:48:00,33.04,33.04,33.04,33.04,312.0,BIP
2023-03-29 14:47:00,33.02,33.06,33.02,33.06,640.0,BIP
2023-03-29 14:46:00,33.005,33.02,32.97,33.01,2568.0,BIP
2023-03-29 14:45:00,32.99,33.01,32.99,33.0,4359.0,BIP
2023-03-29 14:43:00,32.96,33.0,32.96,33.0,1121.0,BIP
2023-03-29 14:42:00,32.99,33.0,32.96,32.98,2925.0,BIP
2023-03-29 14:41:00,33.0,33.0,32.98,33.0,418.0,BIP
2023-03-29 14:38:00,33.0,33.0,32.98,33.0,887.0,BIP
2023-03-29 14:37:00,32.97,32.98,32.97,32.97,401.0,BIP
2023-03-29 14:36:00,32.97,32.97,32.97,32.97,218.0,BIP
2023-03-29 14:35:00,32.96,32.98,32.95,32.97,1923.0,BIP
2023-03-29 14:34:00,32.92,32.95,32.92,32.95,622.0,BIP
2023-03-29 14:33:00,32.9,32.91,32.9,32.91,546.0,BIP
2023-03-29 14:32:00,32.91,32.91,32.845,32.89,2179.0,BIP
2023-03-29 14:31:00,32.9,32.9,32.9,32.9,216.0,BIP
2023-03-29 14:30:00,32.88,32.91,32.88,32.91,229.0,BIP
2023-03-29 14:29:00,32.92,32.92,32.88,32.88,1350.0,BIP
2023-03-29 14:28:00,32.92,32.92,32.91,32.92,806.0,BIP
2023-03-29 14:27:00,32.88,32.91,32.87,32.9,2019.0,BIP
2023-03-29 14:26:00,32.87,32.87,32.87,32.87,200.0,BIP
2023-03-29 14:25:00,32.86,32.86,32.86,32.86,100.0,BIP
2023-03-29 14:23:00,32.8,32.83,32.8,32.83,426.0,BIP
2023-03-29 14:22:00,32.8,32.83,32.8,32.83,615.0,BIP
2023-03-29 14:21:00,32.78,32.78,32.78,32.78,100.0,BIP
2023-03-29 14:19:00,32.79,32.79,32.74,32.77,2722.0,BIP
2023-03-29 14:18:00,32.7787,32.79,32.7747,32.79,1295.0,BIP
2023-03-29 14:17:00,32.77,32.77,32.77,32.77,350.0,BIP
2023-03-29 14:15:00,32.8,32.8,32.77,32.78,624.0,BIP
2023-03-29 14:14:00,32.8,32.8,32.8,32.8,100.0,BIP
2023-03-29 14:13:00,32.82,32.82,32.82,32.82,203.0,BIP
2023-03-29 14:11:00,32.81,32.81,32.81,32.81,100.0,BIP
2023-03-29 14:09:00,32.7901,32.8,32.7901,32.8,581.0,BIP
2023-03-29 14:08:00,32.78,32.78,32.77,32.7701,927.0,BIP
2023-03-29 14:07:00,32.73,32.76,32.73,32.75,1220.0,BIP
2023-03-29 14:06:00,32.73,32.73,32.73,32.73,218.0,BIP
2023-03-29 14:05:00,32.71,32.71,32.71,32.71,323.0,BIP
2023-03-29 14:03:00,32.72,32.72,32.71,32.71,200.0,BIP
2023-03-29 14:02:00,32.73,32.73,32.72,32.72,1497.0,BIP
2023-03-29 14:01:00,32.73,32.73,32.71,32.71,236.0,BIP
2023-03-29 13:59:00,32.74,32.74,32.74,32.74,100.0,BIP
2023-03-29 13:57:00,32.7564,32.7564,32.74,32.75,910.0,BIP
2023-03-29 13:56:00,32.8599,32.8599,32.76,32.76,1627.0,BIP
2023-03-29 13:55:00,32.86,32.86,32.855,32.855,376.0,BIP
2023-03-29 13:54:00,32.86,32.88,32.855,32.855,1078.0,BIP
2023-03-29 13:52:00,32.84,32.84,32.84,32.84,190.0,BIP
2023-03-29 13:51:00,32.84,32.84,32.84,32.84,725.0,BIP
2023-03-29 13:50:00,32.85,32.86,32.84,32.84,3401.0,BIP
2023-03-29 13:48:00,32.87,32.87,32.85,32.85,258.0,BIP
2023-03-29 13:46:00,32.88,32.9,32.88,32.9,764.0,BIP
2023-03-29 13:45:00,32.88,32.88,32.88,32.88,150.0,BIP
2023-03-29 13:44:00,32.85,32.87,32.85,32.87,724.0,BIP
2023-03-29 13:43:00,32.85,32.87,32.85,32.87,650.0,BIP
2023-03-29 13:40:00,32.85,32.8699,32.82,32.82,1823.0,BIP
2023-03-29 13:39:00,32.83,32.83,32.83,32.83,346.0,BIP
2023-03-29 13:38:00,32.83,32.83,32.83,32.83,100.0,BIP
2023-03-29 13:36:00,32.8,32.82,32.8,32.82,857.0,BIP
2023-03-29 13:35:00,32.86,32.875,32.86,32.86,1425.0,BIP
2023-03-29 13:34:00,32.86,32.89,32.86,32.88,1477.0,BIP
2023-03-29 13:33:00,32.86,32.88,32.83,32.86,1618.0,BIP
2023-03-29 13:32:00,32.83,32.84,32.83,32.84,600.0,BIP
2023-03-29 13:31:00,32.8248,32.8248,32.8248,32.8248,158.0,BIP
2023-03-29 13:30:00,32.84,32.84,32.84,32.84,202.0,BIP
2023-03-29 13:29:00,32.81,32.81,32.81,32.81,208.0,BIP
2023-03-29 13:28:00,32.8,32.8,32.8,32.8,300.0,BIP
2023-03-29 13:27:00,32.71,32.76,32.71,32.75,1172.0,BIP
2023-03-29 13:25:00,32.76,32.76,32.68,32.68,2413.0,BIP
2023-03-29 13:22:00,32.8,32.8,32.78,32.78,254.0,BIP
2023-03-29 13:20:00,32.7988,32.7988,32.7988,32.7988,350.0,BIP
2023-03-29 13:19:00,32.81,32.81,32.81,32.81,400.0,BIP
2023-03-29 13:16:00,32.81,32.81,32.81,32.81,100.0,BIP
2023-03-29 13:15:00,32.82,32.82,32.79,32.79,235.0,BIP
2023-03-29 13:14:00,32.82,32.82,32.82,32.82,100.0,BIP
2023-03-29 13:12:00,32.8,32.8,32.8,32.8,339.0,BIP
2023-03-29 13:10:00,32.79,32.79,32.79,32.79,104.0,BIP
2023-03-29 13:09:00,32.81,32.81,32.81,32.81,176.0,BIP
2023-03-29 13:07:00,32.77,32.8,32.77,32.78,462.0,BIP
2023-03-29 13:06:00,32.77,32.77,32.77,32.77,144.0,BIP
2023-03-29 13:05:00,32.74,32.75,32.74,32.75,645.0,BIP
2023-03-29 13:02:00,32.65,32.65,32.65,32.65,221.0,BIP
2023-03-29 13:01:00,32.63,32.65,32.63,32.65,1210.0,BIP
2023-03-29 13:00:00,32.67,32.67,32.64,32.64,300.0,BIP
2023-03-29 12:59:00,32.66,32.66,32.66,32.66,236.0,BIP
2023-03-29 12:55:00,32.69,32.6915,32.66,32.66,873.0,BIP
2023-03-29 12:54:00,32.71,32.71,32.69,32.69,200.0,BIP
2023-03-29 12:53:00,32.72,32.72,32.72,32.72,333.0,BIP
2023-03-29 12:52:00,32.73,32.73,32.73,32.73,1635.0,BIP
2023-03-29 12:51:00,32.74,32.74,32.74,32.74,300.0,BIP
2023-03-29 12:50:00,32.72,32.72,32.72,32.72,100.0,BIP
2023-03-29 12:49:00,32.7442,32.7442,32.72,32.73,1346.0,BIP
2023-03-29 12:48:00,32.75,32.75,32.75,32.75,200.0,BIP
2023-03-29 12:46:00,32.75,32.75,32.75,32.75,100.0,BIP
2023-03-29 12:44:00,32.72,32.74,32.72,32.74,512.0,BIP
2023-03-29 12:43:00,32.73,32.73,32.73,32.73,404.0,BIP
2023-03-29 12:42:00,32.76,32.76,32.74,32.74,2042.0,BIP
2023-03-29 12:40:00,32.7676,32.7676,32.7676,32.7676,101.0,BIP
2023-03-29 12:39:00,32.76,32.8,32.76,32.79,4353.0,BIP
2023-03-29 12:38:00,32.76,32.7699,32.76,32.7699,485.0,BIP
2023-03-29 12:37:00,32.77,32.79,32.77,32.77,1227.0,BIP
2023-03-29 12:36:00,32.76,32.76,32.76,32.76,100.0,BIP
2023-03-29 12:33:00,32.77,32.77,32.77,32.77,112.0,BIP
2023-03-29 12:31:00,32.78,32.79,32.78,32.78,540.0,BIP
2023-03-29 12:29:00,32.77,32.77,32.77,32.77,127.0,BIP
2023-03-29 12:27:00,32.78,32.79,32.76,32.78,1663.0,BIP
2023-03-29 12:26:00,32.77,32.77,32.77,32.77,200.0,BIP
2023-03-29 12:25:00,32.75,32.77,32.75,32.77,732.0,BIP
2023-03-29 12:23:00,32.7,32.76,32.7,32.755,13946.0,BIP
2023-03-29 12:20:00,32.7,32.7,32.69,32.7,1600.0,BIP
2023-03-29 12:19:00,32.6999,32.73,32.6999,32.72,2211.0,BIP
2023-03-29 12:17:00,32.66,32.68,32.66,32.67,501.0,BIP
2023-03-29 12:15:00,32.7,32.7,32.66,32.66,2766.0,BIP
2023-03-29 12:14:00,32.71,32.71,32.71,32.71,100.0,BIP
2023-03-29 12:12:00,32.705,32.7172,32.705,32.7172,1038.0,BIP
2023-03-29 12:10:00,32.72,32.72,32.68,32.68,2203.0,BIP
2023-03-29 12:09:00,32.7,32.72,32.7,32.7,1003.0,BIP
2023-03-29 12:08:00,32.67,32.67,32.67,32.67,369.0,BIP
2023-03-29 12:07:00,32.66,32.66,32.66,32.66,616.0,BIP
2023-03-29 12:05:00,32.68,32.68,32.67,32.675,700.0,BIP
2023-03-29 12:04:00,32.7,32.7,32.7,32.7,151.0,BIP
2023-03-29 12:03:00,32.68,32.68,32.68,32.68,411.0,BIP
2023-03-29 12:02:00,32.7,32.735,32.68,32.6875,13039.0,BIP
2023-03-29 12:01:00,32.72,32.74,32.7,32.7,1748.0,BIP
2023-03-29 11:59:00,32.67,32.67,32.67,32.67,110.0,BIP
2023-03-29 11:58:00,32.72,32.72,32.68,32.68,3039.0,BIP
2023-03-29 11:57:00,32.68,32.69,32.68,32.69,649.0,BIP
2023-03-29 11:56:00,32.69,32.69,32.66,32.67,2230.0,BIP
2023-03-29 11:55:00,32.74,32.75,32.72,32.72,3338.0,BIP
2023-03-29 11:54:00,32.68,32.72,32.68,32.7,2966.0,BIP
2023-03-29 11:53:00,32.705,32.72,32.67,32.67,3477.0,BIP
2023-03-29 11:52:00,32.73,32.73,32.68,32.7,4372.0,BIP
2023-03-29 11:51:00,32.71,32.74,32.7,32.7,3206.0,BIP
2023-03-29 11:50:00,32.73,32.73,32.72,32.72,707.0,BIP
2023-03-29 11:49:00,32.79,32.79,32.75,32.75,1617.0,BIP
2023-03-29 11:48:00,32.69,32.8,32.69,32.79,4675.0,BIP
2023-03-29 11:47:00,32.675,32.675,32.675,32.675,401.0,BIP
2023-03-29 11:46:00,32.66,32.67,32.66,32.67,337.0,BIP
2023-03-29 11:45:00,32.69,32.69,32.68,32.68,1816.0,BIP
2023-03-29 11:44:00,32.66,32.72,32.66,32.72,2048.0,BIP
2023-03-29 11:42:00,32.63,32.67,32.6,32.67,1481.0,BIP
2023-03-29 11:41:00,32.62,32.62,32.601,32.62,1100.0,BIP
2023-03-29 11:40:00,32.62,32.63,32.62,32.63,288.0,BIP
2023-03-29 11:39:00,32.63,32.6301,32.62,32.62,1494.0,BIP
2023-03-29 11:36:00,32.63,32.63,32.63,32.63,200.0,BIP
2023-03-29 11:35:00,32.61,32.61,32.57,32.57,638.0,BIP
2023-03-29 11:34:00,32.62,32.6226,32.62,32.6226,715.0,BIP
2023-03-29 11:32:00,32.62,32.63,32.62,32.63,400.0,BIP
2023-03-29 11:30:00,32.64,32.66,32.64,32.64,502.0,BIP
2023-03-29 11:29:00,32.61,32.61,32.61,32.61,100.0,BIP
2023-03-29 11:28:00,32.53,32.59,32.53,32.59,1489.0,BIP
2023-03-29 11:26:00,32.48,32.49,32.48,32.49,232.0,BIP
2023-03-29 11:25:00,32.51,32.51,32.51,32.51,101.0,BIP
2023-03-29 11:24:00,32.53,32.53,32.53,32.53,219.0,BIP
2023-03-29 11:23:00,32.54,32.54,32.54,32.54,100.0,BIP
2023-03-29 11:20:00,32.51,32.51,32.51,32.51,583.0,BIP
2023-03-29 11:19:00,32.54,32.54,32.53,32.53,864.0,BIP
2023-03-29 11:18:00,32.54,32.545,32.54,32.54,1056.0,BIP
2023-03-29 11:16:00,32.5236,32.5236,32.51,32.51,1236.0,BIP
2023-03-29 11:15:00,32.5,32.5001,32.5,32.5001,2980.0,BIP
2023-03-29 11:14:00,32.53,32.54,32.53,32.53,1090.0,BIP
2023-03-29 11:13:00,32.5455,32.5455,32.52,32.54,2167.0,BIP
2023-03-29 11:12:00,32.54,32.54,32.52,32.52,626.0,BIP
2023-03-29 11:11:00,32.53,32.53,32.53,32.53,103.0,BIP
2023-03-29 11:10:00,32.52,32.5409,32.5,32.5409,1382.0,BIP
2023-03-29 11:05:00,32.58,32.58,32.57,32.57,701.0,BIP
2023-03-29 11:04:00,32.5999,32.5999,32.57,32.57,1086.0,BIP
2023-03-29 11:03:00,32.58,32.58,32.58,32.58,200.0,BIP
2023-03-29 11:01:00,32.58,32.58,32.58,32.58,200.0,BIP
2023-03-29 11:00:00,32.51,32.51,32.5,32.51,1191.0,BIP
2023-03-29 10:59:00,32.52,32.52,32.52,32.52,212.0,BIP
2023-03-29 10:58:00,32.58,32.58,32.52,32.525,3350.0,BIP
2023-03-29 10:57:00,32.6449,32.6449,32.63,32.63,400.0,BIP
2023-03-29 10:55:00,32.74,32.74,32.68,32.687,737.0,BIP
2023-03-29 10:54:00,32.75,32.76,32.745,32.76,541.0,BIP
2023-03-29 10:53:00,32.75,32.75,32.75,32.75,112.0,BIP
2023-03-29 10:52:00,32.74,32.74,32.74,32.74,101.0,BIP
2023-03-29 10:51:00,32.66,32.67,32.64,32.67,1327.0,BIP
2023-03-29 10:50:00,32.675,32.675,32.675,32.675,144.0,BIP
2023-03-29 10:48:00,32.675,32.675,32.675,32.675,245.0,BIP
2023-03-29 10:47:00,32.73,32.73,32.72,32.72,200.0,BIP
2023-03-29 10:46:00,32.72,32.75,32.72,32.73,1462.0,BIP
2023-03-29 10:44:00,32.68,32.7,32.68,32.7,1083.0,BIP
2023-03-29 10:41:00,32.605,32.605,32.605,32.605,101.0,BIP
2023-03-29 10:40:00,32.6,32.6,32.6,32.6,176.0,BIP
2023-03-29 10:39:00,32.62,32.62,32.59,32.59,807.0,BIP
2023-03-29 10:37:00,32.66,32.66,32.63,32.63,608.0,BIP
2023-03-29 10:36:00,32.62,32.64,32.62,32.64,402.0,BIP
2023-03-29 10:35:00,32.59,32.59,32.59,32.59,166.0,BIP
2023-03-29 10:34:00,32.61,32.61,32.59,32.59,1012.0,BIP
2023-03-29 10:33:00,32.58,32.6009,32.58,32.6,902.0,BIP
2023-03-29 10:30:00,32.54,32.54,32.54,32.54,447.0,BIP
2023-03-29 10:29:00,32.5456,32.57,32.5456,32.57,1956.0,BIP
2023-03-29 10:28:00,32.53,32.53,32.53,32.53,101.0,BIP
2023-03-29 10:27:00,32.51,32.51,32.51,32.51,284.0,BIP
2023-03-29 10:26:00,32.51,32.51,32.51,32.51,184.0,BIP
2023-03-29 10:25:00,32.49,32.49,32.49,32.49,218.0,BIP
2023-03-29 10:24:00,32.5399,32.55,32.5,32.5,2287.0,BIP
2023-03-29 10:21:00,32.49,32.49,32.49,32.49,353.0,BIP
2023-03-29 10:19:00,32.49,32.49,32.47,32.47,203.0,BIP
2023-03-29 10:16:00,32.4772,32.4772,32.47,32.47,637.0,BIP
2023-03-29 10:15:00,32.44,32.47,32.44,32.47,1136.0,BIP
2023-03-29 10:14:00,32.43,32.47,32.43,32.47,1584.0,BIP
2023-03-29 10:12:00,32.42,32.42,32.42,32.42,211.0,BIP
2023-03-29 10:10:00,32.44,32.44,32.44,32.44,589.0,BIP
2023-03-29 10:09:00,32.46,32.46,32.46,32.46,100.0,BIP
2023-03-29 10:07:00,32.49,32.49,32.421,32.421,735.0,BIP
2023-03-29 10:05:00,32.545,32.545,32.53,32.53,659.0,BIP
2023-03-29 10:04:00,32.5362,32.5362,32.5362,32.5362,196.0,BIP
2023-03-29 10:03:00,32.5,32.5,32.5,32.5,516.0,BIP
2023-03-29 10:01:00,32.41,32.485,32.4,32.4,1573.0,BIP
2023-03-29 09:59:00,32.3819,32.3819,32.3819,32.3819,600.0,BIP
2023-03-29 09:57:00,32.38,32.38,32.36,32.36,991.0,BIP
2023-03-29 09:55:00,32.41,32.42,32.36,32.36,3449.0,BIP
2023-03-29 09:54:00,32.43,32.43,32.401,32.401,981.0,BIP
2023-03-29 09:53:00,32.46,32.46,32.46,32.46,502.0,BIP
2023-03-29 09:51:00,32.47,32.47,32.47,32.47,394.0,BIP
2023-03-29 09:50:00,32.51,32.51,32.51,32.51,263.0,BIP
2023-03-29 09:48:00,32.54,32.54,32.54,32.54,129.0,BIP
2023-03-29 09:47:00,32.49,32.49,32.49,32.49,100.0,BIP
2023-03-29 09:46:00,32.5,32.5,32.4878,32.4878,920.0,BIP
2023-03-29 09:44:00,32.48,32.49,32.48,32.49,410.0,BIP
2023-03-29 09:42:00,32.46,32.46,32.45,32.46,451.0,BIP
2023-03-29 09:41:00,32.45,32.45,32.45,32.45,100.0,BIP
2023-03-29 09:39:00,32.4244,32.4244,32.4244,32.4244,530.0,BIP
2023-03-29 09:38:00,32.47,32.47,32.46,32.46,400.0,BIP
2023-03-29 09:37:00,32.42,32.46,32.4,32.46,760.0,BIP
2023-03-29 09:36:00,32.4,32.4,32.36,32.36,895.0,BIP
2023-03-29 09:35:00,32.54,32.54,32.54,32.54,105.0,BIP
2023-03-29 09:34:00,32.48,32.48,32.48,32.48,160.0,BIP
2023-03-29 09:33:00,32.435,32.435,32.43,32.43,1150.0,BIP
2023-03-29 09:32:00,32.395,32.46,32.39,32.435,691.0,BIP
2023-03-29 09:31:00,32.29,32.61,32.28,32.41,4599.0,BIP
2023-03-29 09:30:00,32.7,32.7,32.65,32.7,1000.0,BIP
2023-03-28 16:00:00,32.24,32.26,32.23,32.24,1659.0,BIP
2023-03-28 15:59:00,32.22,32.25,32.22,32.24,4021.0,BIP
2023-03-28 15:58:00,32.25,32.26,32.22,32.22,3307.0,BIP
2023-03-28 15:57:00,32.2485,32.25,32.24,32.25,2093.0,BIP
2023-03-28 15:56:00,32.24,32.25,32.23,32.24,3184.0,BIP
2023-03-28 15:55:00,32.23,32.25,32.22,32.24,5269.0,BIP
2023-03-28 15:54:00,32.24,32.25,32.23,32.23,1673.0,BIP
2023-03-28 15:53:00,32.23,32.24,32.22,32.235,5543.0,BIP
2023-03-28 15:52:00,32.22,32.225,32.22,32.225,757.0,BIP
2023-03-28 15:51:00,32.185,32.23,32.185,32.23,5381.0,BIP
2023-03-28 15:50:00,32.17,32.18,32.17,32.18,2058.0,BIP
2023-03-28 15:49:00,32.16,32.19,32.16,32.17,3600.0,BIP
2023-03-28 15:48:00,32.16,32.16,32.15,32.15,1435.0,BIP
2023-03-28 15:47:00,32.15,32.15,32.13,32.15,1881.0,BIP
2023-03-28 15:46:00,32.14,32.16,32.14,32.16,717.0,BIP
2023-03-28 15:45:00,32.14,32.15,32.1345,32.15,1344.0,BIP
2023-03-28 15:44:00,32.14,32.14,32.135,32.135,1164.0,BIP
2023-03-28 15:43:00,32.15,32.15,32.14,32.14,1057.0,BIP
2023-03-28 15:42:00,32.16,32.16,32.16,32.16,102.0,BIP
2023-03-28 15:41:00,32.16,32.19,32.16,32.165,1451.0,BIP
2023-03-28 15:40:00,32.14,32.16,32.14,32.14,2265.0,BIP
2023-03-28 15:38:00,32.12,32.12,32.11,32.12,1526.0,BIP
2023-03-28 15:37:00,32.155,32.1595,32.12,32.12,3301.0,BIP
2023-03-28 15:36:00,32.14,32.15,32.14,32.15,713.0,BIP
2023-03-28 15:35:00,32.13,32.13,32.13,32.13,120.0,BIP
2023-03-28 15:33:00,32.1437,32.1437,32.1,32.12,1799.0,BIP
2023-03-28 15:32:00,32.15,32.15,32.15,32.15,100.0,BIP
2023-03-28 15:31:00,32.155,32.155,32.155,32.155,182.0,BIP
2023-03-28 15:30:00,32.18,32.18,32.17,32.17,934.0,BIP
2023-03-28 15:29:00,32.14,32.17,32.14,32.17,641.0,BIP
2023-03-28 15:28:00,32.11,32.13,32.1038,32.12,1190.0,BIP
2023-03-28 15:27:00,32.18,32.18,32.16,32.16,1437.0,BIP
2023-03-28 15:26:00,32.21,32.21,32.21,32.21,422.0,BIP
2023-03-28 15:25:00,32.19,32.21,32.19,32.2,1264.0,BIP
2023-03-28 15:24:00,32.195,32.195,32.19,32.19,922.0,BIP
2023-03-28 15:23:00,32.2,32.2,32.2,32.2,400.0,BIP
2023-03-28 15:22:00,32.2,32.21,32.2,32.2,496.0,BIP
2023-03-28 15:21:00,32.17,32.19,32.17,32.18,1288.0,BIP
2023-03-28 15:20:00,32.17,32.17,32.17,32.17,100.0,BIP
2023-03-28 15:19:00,32.16,32.18,32.15,32.17,1088.0,BIP
2023-03-28 15:17:00,32.21,32.22,32.17,32.17,1687.0,BIP
2023-03-28 15:16:00,32.195,32.195,32.195,32.195,100.0,BIP
2023-03-28 15:15:00,32.19,32.19,32.19,32.19,200.0,BIP
2023-03-28 15:14:00,32.1951,32.1951,32.1951,32.1951,195.0,BIP
2023-03-28 15:12:00,32.16,32.19,32.16,32.19,832.0,BIP
2023-03-28 15:11:00,32.18,32.2,32.15,32.16,1617.0,BIP
2023-03-28 15:10:00,32.17,32.18,32.17,32.18,400.0,BIP
2023-03-28 15:09:00,32.15,32.17,32.15,32.17,1002.0,BIP
2023-03-28 15:08:00,32.16,32.16,32.15,32.15,226.0,BIP
2023-03-28 15:07:00,32.13,32.15,32.13,32.14,1407.0,BIP
2023-03-28 15:06:00,32.12,32.12,32.12,32.12,102.0,BIP
2023-03-28 15:05:00,32.13,32.13,32.13,32.13,200.0,BIP
2023-03-28 15:04:00,32.16,32.16,32.14,32.14,910.0,BIP
2023-03-28 15:03:00,32.14,32.16,32.14,32.15,1595.0,BIP
2023-03-28 15:01:00,32.12,32.12,32.12,32.12,456.0,BIP
2023-03-28 15:00:00,32.1,32.11,32.1,32.11,733.0,BIP
2023-03-28 14:59:00,32.14,32.14,32.105,32.105,676.0,BIP
2023-03-28 14:57:00,32.11,32.13,32.11,32.11,744.0,BIP
2023-03-28 14:56:00,32.1,32.11,32.1,32.11,831.0,BIP
2023-03-28 14:55:00,32.08,32.08,32.08,32.08,100.0,BIP
2023-03-28 14:54:00,32.0653,32.0653,32.0653,32.0653,100.0,BIP
2023-03-28 14:53:00,32.07,32.09,32.07,32.09,200.0,BIP
2023-03-28 14:52:00,32.05,32.08,32.05,32.065,745.0,BIP
2023-03-28 14:51:00,32.0469,32.0469,32.0469,32.0469,507.0,BIP
2023-03-28 14:50:00,32.04,32.05,32.04,32.04,1082.0,BIP
2023-03-28 14:49:00,32.03,32.045,32.03,32.045,300.0,BIP
2023-03-28 14:48:00,32.09,32.09,32.08,32.08,571.0,BIP
2023-03-28 14:47:00,32.1,32.12,32.1,32.1,1794.0,BIP
2023-03-28 14:45:00,32.07,32.085,32.07,32.085,664.0,BIP
2023-03-28 14:44:00,32.07,32.07,32.06,32.06,689.0,BIP
2023-03-28 14:42:00,32.06,32.06,32.06,32.06,100.0,BIP
2023-03-28 14:41:00,32.06,32.0601,32.05,32.055,1077.0,BIP
2023-03-28 14:40:00,32.07,32.08,32.07,32.07,831.0,BIP
2023-03-28 14:39:00,32.06,32.06,32.06,32.06,106.0,BIP
2023-03-28 14:37:00,32.03,32.04,32.03,32.04,743.0,BIP
2023-03-28 14:36:00,32.03,32.03,32.03,32.03,100.0,BIP
2023-03-28 14:33:00,32.05,32.05,32.04,32.04,835.0,BIP
2023-03-28 14:32:00,32.065,32.065,32.065,32.065,300.0,BIP
2023-03-28 14:31:00,32.08,32.08,32.08,32.08,100.0,BIP
2023-03-28 14:30:00,32.04,32.04,32.04,32.04,236.0,BIP
2023-03-28 14:29:00,32.02,32.03,32.01,32.03,656.0,BIP
2023-03-28 14:26:00,31.99,31.99,31.99,31.99,122.0,BIP
2023-03-28 14:25:00,32.01,32.01,32.01,32.01,100.0,BIP
2023-03-28 14:22:00,31.98,31.98,31.98,31.98,471.0,BIP
2023-03-28 14:21:00,31.965,31.98,31.965,31.98,788.0,BIP
2023-03-28 14:20:00,31.97,31.97,31.97,31.97,125.0,BIP
2023-03-28 14:19:00,31.975,31.975,31.975,31.975,100.0,BIP
2023-03-28 14:17:00,31.99,31.99,31.96,31.985,6104.0,BIP
2023-03-28 14:15:00,31.98,32.0,31.98,32.0,1685.0,BIP
2023-03-28 14:14:00,31.98,31.98,31.98,31.98,853.0,BIP
2023-03-28 14:13:00,31.965,31.965,31.965,31.965,103.0,BIP
2023-03-28 14:12:00,31.99,31.99,31.97,31.97,601.0,BIP
2023-03-28 14:11:00,32.0,32.0,32.0,32.0,401.0,BIP
2023-03-28 14:10:00,32.0118,32.0118,32.0118,32.0118,106.0,BIP
2023-03-28 14:09:00,32.01,32.02,32.01,32.02,726.0,BIP
2023-03-28 14:08:00,32.0,32.0,32.0,32.0,260.0,BIP
2023-03-28 14:07:00,32.0,32.01,32.0,32.0,865.0,BIP
2023-03-28 14:06:00,32.03,32.03,32.01,32.01,433.0,BIP
2023-03-28 14:04:00,32.02,32.025,32.02,32.025,217.0,BIP
2023-03-28 14:03:00,32.0222,32.0222,32.0222,32.0222,100.0,BIP
2023-03-28 14:01:00,32.0,32.025,32.0,32.025,551.0,BIP
2023-03-28 14:00:00,32.0,32.0,32.0,32.0,271.0,BIP
2023-03-28 13:58:00,31.97,31.99,31.97,31.99,736.0,BIP
2023-03-28 13:57:00,31.97,31.98,31.96,31.96,611.0,BIP
2023-03-28 13:55:00,31.97,31.97,31.97,31.97,605.0,BIP
2023-03-28 13:54:00,31.96,31.96,31.96,31.96,118.0,BIP
2023-03-28 13:53:00,31.96,31.96,31.96,31.96,100.0,BIP
2023-03-28 13:50:00,31.96,31.98,31.96,31.98,762.0,BIP
2023-03-28 13:48:00,31.9554,31.9554,31.9,31.945,8190.0,BIP
2023-03-28 13:47:00,31.955,31.955,31.955,31.955,100.0,BIP
2023-03-28 13:46:00,31.9609,31.9609,31.945,31.945,261.0,BIP
2023-03-28 13:44:00,31.95,31.95,31.95,31.95,100.0,BIP
2023-03-28 13:43:00,31.95,31.95,31.945,31.945,200.0,BIP
2023-03-28 13:42:00,31.95,31.95,31.94,31.94,326.0,BIP
2023-03-28 13:41:00,31.97,31.97,31.97,31.97,180.0,BIP
2023-03-28 13:40:00,31.98,31.98,31.98,31.98,100.0,BIP
2023-03-28 13:37:00,31.94,31.97,31.94,31.97,915.0,BIP
2023-03-28 13:36:00,31.945,31.945,31.945,31.945,266.0,BIP
2023-03-28 13:35:00,31.94,31.94,31.94,31.94,344.0,BIP
2023-03-28 13:34:00,32.0,32.0,31.97,31.97,850.0,BIP
2023-03-28 13:31:00,32.03,32.03,32.03,32.03,106.0,BIP
2023-03-28 13:30:00,32.04,32.04,32.04,32.04,155.0,BIP
2023-03-28 13:29:00,32.03,32.05,32.03,32.05,1278.0,BIP
2023-03-28 13:26:00,32.03,32.035,32.03,32.03,436.0,BIP
2023-03-28 13:24:00,32.045,32.045,32.045,32.045,100.0,BIP
2023-03-28 13:22:00,32.06,32.06,32.06,32.06,100.0,BIP
2023-03-28 13:20:00,32.02,32.06,32.02,32.06,235.0,BIP
2023-03-28 13:19:00,31.97,31.97,31.965,31.965,689.0,BIP
2023-03-28 13:18:00,31.97,31.97,31.96,31.96,824.0,BIP
2023-03-28 13:17:00,32.0,32.0,31.985,31.985,300.0,BIP
2023-03-28 13:16:00,31.985,31.985,31.985,31.985,203.0,BIP
2023-03-28 13:15:00,31.985,31.985,31.985,31.985,100.0,BIP
2023-03-28 13:14:00,31.98,31.98,31.98,31.98,546.0,BIP
2023-03-28 13:12:00,31.97,31.97,31.97,31.97,481.0,BIP
2023-03-28 13:11:00,31.95,31.95,31.95,31.95,100.0,BIP
2023-03-28 13:10:00,31.95,31.95,31.95,31.95,100.0,BIP
2023-03-28 13:09:00,31.95,31.96,31.95,31.96,500.0,BIP
2023-03-28 13:06:00,31.92,31.945,31.915,31.945,946.0,BIP
2023-03-28 13:05:00,31.92,31.92,31.92,31.92,305.0,BIP
2023-03-28 13:04:00,31.91,31.92,31.9,31.91,765.0,BIP
2023-03-28 13:03:00,31.93,31.93,31.92,31.92,430.0,BIP
2023-03-28 13:01:00,31.95,31.95,31.93,31.93,1046.0,BIP
2023-03-28 13:00:00,31.95,31.95,31.92,31.92,860.0,BIP
2023-03-28 12:58:00,31.97,31.97,31.96,31.96,411.0,BIP
2023-03-28 12:57:00,31.985,31.985,31.97,31.97,206.0,BIP
2023-03-28 12:56:00,31.99,31.99,31.98,31.985,1235.0,BIP
2023-03-28 12:54:00,32.0,32.0,31.97,31.97,1046.0,BIP
2023-03-28 12:53:00,32.01,32.01,32.0,32.0,331.0,BIP
2023-03-28 12:51:00,32.015,32.015,32.015,32.015,102.0,BIP
2023-03-28 12:50:00,31.99,31.99,31.98,31.98,376.0,BIP
2023-03-28 12:49:00,32.0,32.0188,32.0,32.0188,353.0,BIP
2023-03-28 12:48:00,32.01,32.01,31.99,32.0,2328.0,BIP
2023-03-28 12:47:00,32.0,32.0,32.0,32.0,201.0,BIP
2023-03-28 12:46:00,32.05,32.05,32.02,32.02,1545.0,BIP
2023-03-28 12:45:00,32.08,32.08,32.07,32.07,1016.0,BIP
2023-03-28 12:44:00,32.0713,32.0713,32.0713,32.0713,308.0,BIP
2023-03-28 12:42:00,32.07,32.08,32.07,32.08,539.0,BIP
2023-03-28 12:36:00,32.06,32.06,32.06,32.06,751.0,BIP
2023-03-28 12:34:00,32.08,32.08,32.07,32.07,726.0,BIP
2023-03-28 12:33:00,32.04,32.06,32.04,32.04,1311.0,BIP
2023-03-28 12:32:00,32.03,32.03,32.025,32.025,688.0,BIP
2023-03-28 12:31:00,32.06,32.06,32.05,32.05,361.0,BIP
2023-03-28 12:27:00,32.11,32.11,32.07,32.07,817.0,BIP
2023-03-28 12:25:00,32.11,32.11,32.11,32.11,300.0,BIP
2023-03-28 12:24:00,32.13,32.14,32.12,32.12,951.0,BIP
2023-03-28 12:23:00,32.14,32.18,32.14,32.16,1279.0,BIP
2023-03-28 12:22:00,32.13,32.13,32.13,32.13,142.0,BIP
2023-03-28 12:21:00,32.13,32.13,32.13,32.13,159.0,BIP
2023-03-28 12:20:00,32.14,32.14,32.13,32.13,665.0,BIP
2023-03-28 12:15:00,32.155,32.155,32.155,32.155,321.0,BIP
2023-03-28 12:13:00,32.19,32.19,32.17,32.17,351.0,BIP
2023-03-28 12:12:00,32.19,32.19,32.19,32.19,675.0,BIP
2023-03-28 12:11:00,32.19,32.19,32.19,32.19,155.0,BIP
2023-03-28 12:10:00,32.2,32.2,32.2,32.2,136.0,BIP
2023-03-28 12:09:00,32.21,32.21,32.21,32.21,121.0,BIP
2023-03-28 12:08:00,32.22,32.22,32.19,32.19,2044.0,BIP
2023-03-28 12:07:00,32.2259,32.2259,32.2259,32.2259,225.0,BIP
2023-03-28 12:06:00,32.23,32.23,32.23,32.23,117.0,BIP
2023-03-28 12:05:00,32.251,32.251,32.2,32.23,2810.0,BIP
2023-03-28 12:03:00,32.2622,32.27,32.2501,32.27,2890.0,BIP
2023-03-28 12:02:00,32.26,32.26,32.26,32.26,100.0,BIP
2023-03-28 12:01:00,32.26,32.26,32.26,32.26,100.0,BIP
2023-03-28 11:58:00,32.25,32.26,32.25,32.26,350.0,BIP
2023-03-28 11:57:00,32.255,32.255,32.255,32.255,100.0,BIP
2023-03-28 11:53:00,32.29,32.29,32.25,32.26,1035.0,BIP
2023-03-28 11:52:00,32.28,32.28,32.28,32.28,785.0,BIP
2023-03-28 11:48:00,32.2335,32.2335,32.2335,32.2335,761.0,BIP
2023-03-28 11:47:00,32.24,32.25,32.24,32.242,837.0,BIP
2023-03-28 11:46:00,32.225,32.225,32.225,32.225,367.0,BIP
2023-03-28 11:44:00,32.24,32.24,32.24,32.24,100.0,BIP
2023-03-28 11:43:00,32.2578,32.2578,32.24,32.24,10043.0,BIP
2023-03-28 11:42:00,32.28,32.28,32.26,32.26,2429.0,BIP
2023-03-28 11:41:00,32.28,32.28,32.28,32.28,431.0,BIP
2023-03-28 11:34:00,32.26,32.26,32.26,32.26,444.0,BIP
2023-03-28 11:33:00,32.25,32.25,32.25,32.25,569.0,BIP
2023-03-28 11:32:00,32.24,32.24,32.23,32.24,420.0,BIP
2023-03-28 11:29:00,32.24,32.24,32.23,32.24,667.0,BIP
2023-03-28 11:27:00,32.26,32.26,32.23,32.23,575.0,BIP
2023-03-28 11:26:00,32.26,32.27,32.26,32.27,544.0,BIP
2023-03-28 11:25:00,32.28,32.28,32.28,32.28,272.0,BIP
2023-03-28 11:24:00,32.25,32.255,32.25,32.255,482.0,BIP
2023-03-28 11:23:00,32.225,32.225,32.225,32.225,274.0,BIP
2023-03-28 11:21:00,32.25,32.26,32.22,32.22,1852.0,BIP
2023-03-28 11:19:00,32.255,32.27,32.255,32.263,737.0,BIP
2023-03-28 11:17:00,32.25,32.25,32.2394,32.2394,567.0,BIP
2023-03-28 11:16:00,32.24,32.24,32.24,32.24,190.0,BIP
2023-03-28 11:13:00,32.2,32.21,32.2,32.21,844.0,BIP
2023-03-28 11:12:00,32.21,32.21,32.21,32.21,190.0,BIP
2023-03-28 11:11:00,32.2,32.2,32.2,32.2,111.0,BIP
2023-03-28 11:10:00,32.2,32.2,32.2,32.2,100.0,BIP
2023-03-28 11:09:00,32.19,32.19,32.19,32.19,226.0,BIP
2023-03-28 11:08:00,32.2,32.2,32.18,32.18,844.0,BIP
2023-03-28 11:07:00,32.14,32.22,32.14,32.22,2300.0,BIP
2023-03-28 11:06:00,32.12,32.16,32.11,32.13,5304.0,BIP
2023-03-28 11:05:00,32.095,32.105,32.095,32.105,1073.0,BIP
2023-03-28 11:04:00,32.0972,32.0972,32.0972,32.0972,430.0,BIP
2023-03-28 11:03:00,32.09,32.09,32.09,32.09,172.0,BIP
2023-03-28 11:02:00,32.08,32.085,32.08,32.085,300.0,BIP
2023-03-28 11:01:00,32.09,32.09,32.08,32.085,1827.0,BIP
2023-03-28 10:57:00,32.09,32.1,32.09,32.1,200.0,BIP
2023-03-28 10:56:00,32.1,32.1,32.09,32.09,676.0,BIP
2023-03-28 10:54:00,32.125,32.125,32.1,32.12,5510.0,BIP
2023-03-28 10:51:00,32.12,32.12,32.12,32.12,440.0,BIP
2023-03-28 10:50:00,32.09,32.09,32.09,32.09,101.0,BIP
2023-03-28 10:49:00,32.11,32.11,32.11,32.11,100.0,BIP
2023-03-28 10:48:00,32.11,32.11,32.11,32.11,151.0,BIP
2023-03-28 10:47:00,32.11,32.11,32.07,32.07,803.0,BIP
2023-03-28 10:46:00,32.07,32.09,32.07,32.09,722.0,BIP
2023-03-28 10:45:00,32.065,32.065,32.035,32.05,2817.0,BIP
2023-03-28 10:42:00,32.07,32.07,32.065,32.065,323.0,BIP
2023-03-28 10:41:00,32.07,32.07,32.07,32.07,1110.0,BIP
2023-03-28 10:40:00,32.0563,32.0563,32.0563,32.0563,227.0,BIP
2023-03-28 10:38:00,32.05,32.05,32.05,32.05,630.0,BIP
2023-03-28 10:37:00,32.0046,32.02,32.0046,32.02,772.0,BIP
2023-03-28 10:36:00,32.02,32.04,32.02,32.02,734.0,BIP
2023-03-28 10:35:00,32.01,32.015,32.01,32.015,508.0,BIP
2023-03-28 10:34:00,32.045,32.045,32.045,32.045,103.0,BIP
2023-03-28 10:33:00,32.07,32.07,32.07,32.07,170.0,BIP
2023-03-28 10:32:00,32.105,32.105,32.09,32.098,1216.0,BIP
2023-03-28 10:31:00,32.125,32.125,32.1,32.1,559.0,BIP
2023-03-28 10:30:00,32.12,32.12,32.12,32.12,257.0,BIP
2023-03-28 10:29:00,32.11,32.11,32.11,32.11,136.0,BIP
2023-03-28 10:28:00,32.07,32.1139,32.07,32.1139,1200.0,BIP
2023-03-28 10:27:00,32.07,32.07,32.055,32.055,327.0,BIP
2023-03-28 10:26:00,32.0341,32.0341,32.0341,32.0341,525.0,BIP
2023-03-28 10:24:00,32.05,32.05,32.05,32.05,194.0,BIP
2023-03-28 10:23:00,32.05,32.05,32.03,32.03,1057.0,BIP
2023-03-28 10:22:00,32.08,32.08,32.08,32.08,356.0,BIP
2023-03-28 10:21:00,32.095,32.095,32.095,32.095,100.0,BIP
2023-03-28 10:20:00,32.095,32.095,32.095,32.095,100.0,BIP
2023-03-28 10:19:00,32.1,32.1,32.1,32.1,108.0,BIP
2023-03-28 10:18:00,32.11,32.11,32.1,32.105,578.0,BIP
2023-03-28 10:17:00,32.145,32.145,32.131,32.131,430.0,BIP
2023-03-28 10:16:00,32.15,32.155,32.15,32.155,400.0,BIP
2023-03-28 10:15:00,32.16,32.16,32.14,32.14,2819.0,BIP
2023-03-28 10:13:00,32.18,32.18,32.18,32.18,301.0,BIP
2023-03-28 10:11:00,32.18,32.18,32.18,32.18,337.0,BIP
2023-03-28 10:10:00,32.165,32.165,32.165,32.165,100.0,BIP
2023-03-28 10:09:00,32.1675,32.1675,32.1675,32.1675,238.0,BIP
2023-03-28 10:08:00,32.16,32.16,32.14,32.15,2022.0,BIP
2023-03-28 10:07:00,32.17,32.17,32.17,32.17,200.0,BIP
2023-03-28 10:06:00,32.165,32.165,32.165,32.165,110.0,BIP
2023-03-28 10:05:00,32.165,32.17,32.165,32.17,257.0,BIP
2023-03-28 10:04:00,32.17,32.17,32.17,32.17,204.0,BIP
2023-03-28 10:03:00,32.18,32.18,32.1433,32.1433,401.0,BIP
2023-03-28 10:02:00,32.14,32.14,32.14,32.14,166.0,BIP
2023-03-28 10:01:00,32.135,32.135,32.135,32.135,138.0,BIP
2023-03-28 09:58:00,32.1188,32.1188,32.1188,32.1188,100.0,BIP
2023-03-28 09:57:00,32.14,32.14,32.1004,32.1004,803.0,BIP
2023-03-28 09:56:00,32.1455,32.1455,32.1455,32.1455,198.0,BIP
2023-03-28 09:54:00,32.09,32.115,32.09,32.115,360.0,BIP
2023-03-28 09:53:00,32.063,32.09,32.063,32.09,222.0,BIP
2023-03-28 09:50:00,32.09,32.09,32.09,32.09,101.0,BIP
2023-03-28 09:49:00,32.11,32.11,32.04,32.04,709.0,BIP
2023-03-28 09:46:00,32.19,32.19,32.155,32.17,489.0,BIP
2023-03-28 09:41:00,32.12,32.1899,32.12,32.1899,545.0,BIP
2023-03-28 09:37:00,32.12,32.12,32.11,32.11,340.0,BIP
2023-03-28 09:35:00,32.13,32.15,32.13,32.15,402.0,BIP
2023-03-28 09:32:00,32.02,32.02,32.02,32.02,270.0,BIP
2023-03-28 09:31:00,31.84,31.84,31.84,31.84,4758.0,BIP
2023-03-28 09:30:00,31.9,31.9,31.9,31.9,105.0,BIP
2023-03-27 16:00:00,32.1,32.14,32.09,32.14,17337.0,BIP
2023-03-27 15:59:00,32.09,32.12,32.0724,32.11,8976.0,BIP
2023-03-27 15:58:00,32.065,32.09,32.06,32.09,5776.0,BIP
2023-03-27 15:57:00,32.08,32.08,32.04,32.07,8766.0,BIP
2023-03-27 15:56:00,32.005,32.07,32.0,32.07,5463.0,BIP
2023-03-27 15:55:00,32.0,32.015,32.0,32.0,2410.0,BIP
2023-03-27 15:54:00,32.01,32.01,31.99,32.0,1330.0,BIP
2023-03-27 15:53:00,32.01,32.01,32.0,32.0,2240.0,BIP
2023-03-27 15:52:00,32.0,32.0,32.0,32.0,504.0,BIP
2023-03-27 15:51:00,32.0,32.0,31.98,31.98,1036.0,BIP
2023-03-27 15:49:00,32.0,32.0,32.0,32.0,332.0,BIP
2023-03-27 15:48:00,31.99,32.0,31.99,32.0,766.0,BIP
2023-03-27 15:47:00,31.99,31.99,31.985,31.985,300.0,BIP
2023-03-27 15:46:00,32.01,32.02,31.98,31.98,2474.0,BIP
2023-03-27 15:45:00,32.01,32.01,32.01,32.01,600.0,BIP
2023-03-27 15:42:00,31.99,32.005,31.99,32.005,1000.0,BIP
2023-03-27 15:41:00,31.995,32.0,31.995,32.0,665.0,BIP
2023-03-27 15:40:00,31.96,32.0,31.96,32.0,2518.0,BIP
2023-03-27 15:39:00,31.945,31.945,31.945,31.945,101.0,BIP
2023-03-27 15:38:00,31.91,31.91,31.895,31.91,902.0,BIP
2023-03-27 15:37:00,31.91,31.915,31.9,31.915,728.0,BIP
2023-03-27 15:36:00,31.93,31.93,31.915,31.915,321.0,BIP
2023-03-27 15:35:00,31.95,31.95,31.93,31.93,237.0,BIP
2023-03-27 15:34:00,31.925,31.98,31.925,31.95,1570.0,BIP
2023-03-27 15:33:00,31.925,31.925,31.91,31.915,1000.0,BIP
2023-03-27 15:32:00,31.93,31.93,31.93,31.93,240.0,BIP
2023-03-27 15:31:00,31.94,31.94,31.92,31.92,2426.0,BIP
2023-03-27 15:30:00,31.94,31.94,31.93,31.93,1211.0,BIP
2023-03-27 15:29:00,31.93,31.94,31.93,31.94,213.0,BIP
2023-03-27 15:28:00,31.93,31.93,31.92,31.92,1007.0,BIP
2023-03-27 15:27:00,31.94,31.94,31.93,31.93,2504.0,BIP
2023-03-27 15:25:00,31.94,31.94,31.94,31.94,300.0,BIP
2023-03-27 15:24:00,31.93,31.93,31.92,31.93,530.0,BIP
2023-03-27 15:23:00,31.89,31.93,31.89,31.92,1027.0,BIP
2023-03-27 15:22:00,31.885,31.9,31.885,31.89,2480.0,BIP
2023-03-27 15:21:00,31.89,31.89,31.89,31.89,300.0,BIP
2023-03-27 15:20:00,31.9,31.9,31.9,31.9,687.0,BIP
2023-03-27 15:19:00,31.91,31.93,31.91,31.91,544.0,BIP
2023-03-27 15:18:00,31.89,31.89,31.88,31.88,200.0,BIP
2023-03-27 15:17:00,31.89,31.89,31.88,31.88,500.0,BIP
2023-03-27 15:16:00,31.92,31.92,31.9,31.9,943.0,BIP
2023-03-27 15:15:00,31.97,31.97,31.92,31.93,3847.0,BIP
2023-03-27 15:14:00,31.94,31.96,31.94,31.96,1385.0,BIP
2023-03-27 15:13:00,31.9,31.94,31.9,31.94,2335.0,BIP
2023-03-27 15:12:00,31.89,31.89,31.89,31.89,100.0,BIP
2023-03-27 15:11:00,31.89,31.9,31.85,31.8906,9849.0,BIP
2023-03-27 15:10:00,31.875,31.8899,31.875,31.8899,1000.0,BIP
2023-03-27 15:09:00,31.85,31.88,31.85,31.88,1649.0,BIP
2023-03-27 15:07:00,31.885,31.89,31.87,31.87,446.0,BIP
2023-03-27 15:06:00,31.9002,31.905,31.88,31.88,2443.0,BIP
2023-03-27 15:05:00,31.95,31.95,31.91,31.91,1383.0,BIP
2023-03-27 15:04:00,31.94,31.94,31.94,31.94,100.0,BIP
2023-03-27 15:02:00,31.91,31.94,31.91,31.94,565.0,BIP
2023-03-27 15:00:00,31.91,31.91,31.91,31.91,102.0,BIP
2023-03-27 14:59:00,31.92,31.93,31.92,31.93,649.0,BIP
2023-03-27 14:58:00,31.93,31.93,31.92,31.92,600.0,BIP
2023-03-27 14:57:00,31.92,31.92,31.92,31.92,209.0,BIP
2023-03-27 14:55:00,31.94,31.94,31.92,31.94,623.0,BIP
2023-03-27 14:54:00,31.95,31.95,31.95,31.95,100.0,BIP
2023-03-27 14:52:00,31.98,31.98,31.98,31.98,160.0,BIP
2023-03-27 14:51:00,31.98,31.98,31.965,31.965,608.0,BIP
2023-03-27 14:50:00,31.97,31.97,31.97,31.97,270.0,BIP
2023-03-27 14:47:00,31.96,31.96,31.96,31.96,201.0,BIP
2023-03-27 14:46:00,31.95,31.95,31.94,31.95,303.0,BIP
2023-03-27 14:45:00,31.95,31.95,31.95,31.95,100.0,BIP
2023-03-27 14:44:00,31.93,31.95,31.93,31.95,700.0,BIP
2023-03-27 14:43:00,31.97,31.97,31.91,31.91,802.0,BIP
2023-03-27 14:42:00,31.96,31.96,31.96,31.96,100.0,BIP
2023-03-27 14:41:00,31.97,31.97,31.97,31.97,103.0,BIP
2023-03-27 14:40:00,31.98,31.98,31.975,31.975,242.0,BIP
2023-03-27 14:39:00,32.03,32.03,31.99,31.99,960.0,BIP
2023-03-27 14:38:00,32.04,32.04,32.04,32.04,100.0,BIP
2023-03-27 14:37:00,32.04,32.04,32.04,32.04,240.0,BIP
2023-03-27 14:36:00,32.03,32.04,32.0,32.04,1906.0,BIP
2023-03-27 14:35:00,32.035,32.05,32.03,32.04,1425.0,BIP
2023-03-27 14:34:00,32.03,32.03,32.03,32.03,211.0,BIP
2023-03-27 14:33:00,31.99,31.99,31.99,31.99,101.0,BIP
2023-03-27 14:32:00,31.975,31.99,31.975,31.99,402.0,BIP
2023-03-27 14:29:00,31.98,31.98,31.98,31.98,600.0,BIP
2023-03-27 14:28:00,32.01,32.01,32.0,32.0,3832.0,BIP
2023-03-27 14:27:00,32.03,32.04,32.01,32.01,1017.0,BIP
2023-03-27 14:25:00,32.02,32.04,32.02,32.03,439.0,BIP
2023-03-27 14:24:00,32.055,32.055,32.01,32.03,2025.0,BIP
2023-03-27 14:23:00,32.03,32.04,32.03,32.04,1021.0,BIP
2023-03-27 14:22:00,32.03,32.03,32.02,32.02,700.0,BIP
2023-03-27 14:21:00,32.03,32.035,32.03,32.035,1100.0,BIP
2023-03-27 14:20:00,32.0316,32.0316,32.0316,32.0316,496.0,BIP
2023-03-27 14:18:00,32.075,32.075,32.05,32.05,2776.0,BIP
2023-03-27 14:16:00,32.07,32.07,32.06,32.06,327.0,BIP
2023-03-27 14:15:00,32.06,32.07,32.06,32.07,200.0,BIP
2023-03-27 14:14:00,32.05,32.05,32.05,32.05,200.0,BIP
2023-03-27 14:12:00,32.04,32.04,32.04,32.04,202.0,BIP
2023-03-27 14:11:00,32.0348,32.0348,32.03,32.03,230.0,BIP
2023-03-27 14:10:00,32.03,32.03,32.03,32.03,101.0,BIP
2023-03-27 14:08:00,32.04,32.04,32.04,32.04,137.0,BIP
2023-03-27 14:07:00,32.06,32.06,32.04,32.05,474.0,BIP
2023-03-27 14:06:00,32.06,32.07,32.05,32.07,706.0,BIP
2023-03-27 14:04:00,32.08,32.08,32.08,32.08,100.0,BIP
2023-03-27 14:03:00,32.08,32.08,32.08,32.08,100.0,BIP
2023-03-27 14:02:00,32.06,32.08,32.06,32.08,322.0,BIP
2023-03-27 14:01:00,32.06,32.06,32.055,32.055,312.0,BIP
2023-03-27 14:00:00,32.07,32.07,32.07,32.07,125.0,BIP
2023-03-27 13:58:00,32.0738,32.0738,32.0738,32.0738,304.0,BIP
2023-03-27 13:57:00,32.07,32.075,32.07,32.075,200.0,BIP
2023-03-27 13:56:00,32.06,32.06,32.055,32.055,200.0,BIP
2023-03-27 13:54:00,32.0901,32.0967,32.09,32.0967,796.0,BIP
2023-03-27 13:52:00,32.1,32.11,32.1,32.11,504.0,BIP
2023-03-27 13:51:00,32.08,32.1,32.08,32.1,498.0,BIP
2023-03-27 13:50:00,32.08,32.08,32.08,32.08,101.0,BIP
2023-03-27 13:49:00,32.07,32.07,32.07,32.07,200.0,BIP
2023-03-27 13:47:00,32.1,32.1,32.08,32.08,624.0,BIP
2023-03-27 13:46:00,32.11,32.11,32.1,32.1,465.0,BIP
2023-03-27 13:45:00,32.12,32.13,32.11,32.12,1178.0,BIP
2023-03-27 13:42:00,32.11,32.11,32.11,32.11,237.0,BIP
2023-03-27 13:41:00,32.1,32.1,32.08,32.09,1354.0,BIP
2023-03-27 13:40:00,32.06,32.09,32.06,32.09,1065.0,BIP
2023-03-27 13:39:00,32.06,32.0696,32.04,32.045,2120.0,BIP
2023-03-27 13:38:00,32.06,32.06,32.06,32.06,245.0,BIP
2023-03-27 13:37:00,32.06,32.065,32.05,32.05,518.0,BIP
2023-03-27 13:36:00,32.06,32.06,32.06,32.06,222.0,BIP
2023-03-27 13:35:00,32.03,32.1,32.03,32.08,2019.0,BIP
2023-03-27 13:32:00,32.06,32.06,32.01,32.045,4070.0,BIP
2023-03-27 13:31:00,32.09,32.09,32.09,32.09,1211.0,BIP
2023-03-27 13:30:00,32.09,32.09,32.07,32.07,500.0,BIP
2023-03-27 13:29:00,32.09,32.09,32.09,32.09,205.0,BIP
2023-03-27 13:28:00,32.115,32.12,32.11,32.11,4994.0,BIP
2023-03-27 13:27:00,32.12,32.12,32.11,32.11,331.0,BIP
2023-03-27 13:26:00,32.135,32.135,32.125,32.125,357.0,BIP
2023-03-27 13:25:00,32.14,32.14,32.13,32.13,304.0,BIP
2023-03-27 13:24:00,32.14,32.14,32.14,32.14,100.0,BIP
2023-03-27 13:23:00,32.1415,32.17,32.1415,32.17,1032.0,BIP
2023-03-27 13:22:00,32.1295,32.13,32.1295,32.13,611.0,BIP
2023-03-27 13:21:00,32.05,32.095,32.05,32.095,524.0,BIP
2023-03-27 13:20:00,32.02,32.04,32.02,32.04,511.0,BIP
2023-03-27 13:18:00,32.025,32.025,32.025,32.025,125.0,BIP
2023-03-27 13:17:00,32.02,32.03,32.02,32.03,471.0,BIP
2023-03-27 13:16:00,32.03,32.04,32.03,32.04,200.0,BIP
2023-03-27 13:15:00,32.0301,32.0301,32.0301,32.0301,201.0,BIP
2023-03-27 13:14:00,32.06,32.06,32.03,32.03,401.0,BIP
2023-03-27 13:13:00,32.065,32.09,32.065,32.08,711.0,BIP
2023-03-27 13:12:00,32.11,32.11,32.08,32.08,219.0,BIP
2023-03-27 13:11:00,32.14,32.15,32.13,32.13,1663.0,BIP
2023-03-27 13:10:00,32.14,32.145,32.14,32.145,237.0,BIP
2023-03-27 13:09:00,32.185,32.185,32.185,32.185,101.0,BIP
2023-03-27 13:08:00,32.16,32.17,32.16,32.17,200.0,BIP
2023-03-27 13:07:00,32.16,32.17,32.16,32.16,500.0,BIP
2023-03-27 13:06:00,32.17,32.17,32.16,32.16,400.0,BIP
2023-03-27 13:04:00,32.18,32.18,32.18,32.18,304.0,BIP
2023-03-27 13:03:00,32.17,32.17,32.16,32.16,708.0,BIP
2023-03-27 13:01:00,32.175,32.175,32.175,32.175,191.0,BIP
2023-03-27 13:00:00,32.18,32.2,32.18,32.2,1325.0,BIP
2023-03-27 12:59:00,32.18,32.18,32.18,32.18,310.0,BIP
2023-03-27 12:55:00,32.2,32.2,32.2,32.2,397.0,BIP
2023-03-27 12:54:00,32.19,32.19,32.12,32.18,3282.0,BIP
2023-03-27 12:53:00,32.2,32.205,32.2,32.205,200.0,BIP
2023-03-27 12:51:00,32.16,32.16,32.16,32.16,201.0,BIP
2023-03-27 12:50:00,32.145,32.15,32.145,32.15,200.0,BIP
2023-03-27 12:49:00,32.11,32.11,32.11,32.11,405.0,BIP
2023-03-27 12:48:00,32.11,32.11,32.1,32.1,200.0,BIP
2023-03-27 12:46:00,32.175,32.18,32.13,32.13,3403.0,BIP
2023-03-27 12:44:00,32.2,32.2,32.15,32.15,900.0,BIP
2023-03-27 12:43:00,32.185,32.185,32.185,32.185,100.0,BIP
2023-03-27 12:42:00,32.17,32.17,32.17,32.17,100.0,BIP
2023-03-27 12:41:00,32.215,32.225,32.215,32.225,212.0,BIP
2023-03-27 12:39:00,32.21,32.215,32.2,32.2,636.0,BIP
2023-03-27 12:38:00,32.24,32.24,32.2,32.205,1664.0,BIP
2023-03-27 12:37:00,32.22,32.22,32.171,32.192,4876.0,BIP
2023-03-27 12:33:00,32.28,32.28,32.28,32.28,127.0,BIP
2023-03-27 12:31:00,32.2938,32.2938,32.2938,32.2938,1600.0,BIP
2023-03-27 12:29:00,32.28,32.28,32.28,32.28,117.0,BIP
2023-03-27 12:27:00,32.28,32.28,32.24,32.26,1193.0,BIP
2023-03-27 12:26:00,32.295,32.295,32.295,32.295,101.0,BIP
2023-03-27 12:24:00,32.23,32.31,32.23,32.3,2848.0,BIP
2023-03-27 12:23:00,32.22,32.22,32.22,32.22,100.0,BIP
2023-03-27 12:22:00,32.22,32.22,32.22,32.22,110.0,BIP
2023-03-27 12:21:00,32.2,32.205,32.19,32.205,5615.0,BIP
2023-03-27 12:20:00,32.2,32.2,32.2,32.2,251.0,BIP
2023-03-27 12:19:00,32.18,32.18,32.18,32.18,100.0,BIP
2023-03-27 12:18:00,32.15,32.165,32.15,32.165,550.0,BIP
2023-03-27 12:17:00,32.1338,32.1338,32.1338,32.1338,1205.0,BIP
2023-03-27 12:13:00,32.06,32.06,32.06,32.06,207.0,BIP
2023-03-27 12:10:00,32.06,32.06,32.06,32.06,124.0,BIP
2023-03-27 12:09:00,32.0797,32.0797,32.0797,32.0797,213.0,BIP
2023-03-27 12:06:00,32.12,32.12,32.06,32.0933,1403.0,BIP
2023-03-27 12:05:00,32.11,32.14,32.11,32.14,449.0,BIP
2023-03-27 12:04:00,32.1007,32.11,32.1007,32.11,887.0,BIP
2023-03-27 12:02:00,32.12,32.12,32.12,32.12,204.0,BIP
2023-03-27 12:01:00,32.1,32.1,32.1,32.1,200.0,BIP
2023-03-27 12:00:00,32.1,32.1001,32.08,32.08,1460.0,BIP
2023-03-27 11:59:00,32.115,32.115,32.115,32.115,301.0,BIP
2023-03-27 11:58:00,32.08,32.12,32.08,32.12,569.0,BIP
2023-03-27 11:57:00,32.075,32.075,32.0616,32.0616,1169.0,BIP
2023-03-27 11:54:00,32.13,32.13,32.13,32.13,206.0,BIP
2023-03-27 11:53:00,32.15,32.15,32.14,32.14,252.0,BIP
2023-03-27 11:52:00,32.14,32.14,32.14,32.14,365.0,BIP
2023-03-27 11:51:00,32.14,32.14,32.14,32.14,100.0,BIP
2023-03-27 11:50:00,32.13,32.1411,32.13,32.1411,200.0,BIP
2023-03-27 11:49:00,32.1,32.1,32.1,32.1,149.0,BIP
2023-03-27 11:48:00,32.09,32.09,32.09,32.09,107.0,BIP
2023-03-27 11:47:00,32.1,32.1,32.1,32.1,127.0,BIP
2023-03-27 11:45:00,32.1,32.11,32.1,32.11,304.0,BIP
2023-03-27 11:43:00,32.125,32.125,32.095,32.095,571.0,BIP
2023-03-27 11:42:00,32.14,32.14,32.14,32.14,214.0,BIP
2023-03-27 11:40:00,32.12,32.12,32.12,32.12,100.0,BIP
2023-03-27 11:39:00,32.13,32.13,32.12,32.12,400.0,BIP
2023-03-27 11:38:00,32.13,32.13,32.13,32.13,100.0,BIP
2023-03-27 11:36:00,32.14,32.14,32.14,32.14,104.0,BIP
2023-03-27 11:34:00,32.09,32.11,32.09,32.11,200.0,BIP
2023-03-27 11:33:00,32.1,32.11,32.1,32.11,263.0,BIP
2023-03-27 11:32:00,32.12,32.12,32.12,32.12,100.0,BIP
2023-03-27 11:31:00,32.12,32.12,32.12,32.12,100.0,BIP
2023-03-27 11:30:00,32.09,32.09,32.09,32.09,304.0,BIP
2023-03-27 11:28:00,32.06,32.06,32.06,32.06,103.0,BIP
2023-03-27 11:27:00,32.04,32.04,32.04,32.04,321.0,BIP
2023-03-27 11:26:00,31.99,32.04,31.99,32.04,806.0,BIP
2023-03-27 11:25:00,31.975,31.975,31.975,31.975,144.0,BIP
2023-03-27 11:24:00,32.0,32.0,32.0,32.0,129.0,BIP
2023-03-27 11:23:00,31.99,31.99,31.99,31.99,114.0,BIP
2023-03-27 11:22:00,32.01,32.02,32.0,32.02,660.0,BIP
2023-03-27 11:21:00,31.98,31.98,31.98,31.98,400.0,BIP
2023-03-27 11:19:00,32.0,32.0,32.0,32.0,133.0,BIP
2023-03-27 11:17:00,32.06,32.06,32.06,32.06,100.0,BIP
2023-03-27 11:16:00,32.11,32.11,32.08,32.08,206.0,BIP
2023-03-27 11:15:00,32.16,32.18,32.15,32.16,924.0,BIP
2023-03-27 11:14:00,32.1,32.16,32.1,32.16,1164.0,BIP
2023-03-27 11:13:00,32.07,32.07,32.07,32.07,201.0,BIP
2023-03-27 11:12:00,32.04,32.06,32.04,32.06,444.0,BIP
2023-03-27 11:11:00,32.01,32.04,32.01,32.04,1701.0,BIP
2023-03-27 11:10:00,32.03,32.03,32.03,32.03,327.0,BIP
2023-03-27 11:09:00,32.05,32.05,32.05,32.05,200.0,BIP
2023-03-27 11:08:00,32.0,32.09,32.0,32.05,7471.0,BIP
2023-03-27 11:07:00,32.02,32.04,32.015,32.015,878.0,BIP
2023-03-27 11:06:00,32.045,32.07,32.01,32.06,2091.0,BIP
2023-03-27 11:05:00,32.027,32.05,32.027,32.05,869.0,BIP
2023-03-27 11:04:00,32.0,32.04,31.96,32.04,2031.0,BIP
2023-03-27 11:03:00,32.0013,32.0013,32.0,32.0,400.0,BIP
2023-03-27 11:02:00,32.01,32.01,32.01,32.01,158.0,BIP
2023-03-27 11:00:00,31.99,32.01,31.99,32.01,400.0,BIP
2023-03-27 10:59:00,32.02,32.02,31.99,31.99,809.0,BIP
2023-03-27 10:57:00,32.07,32.07,32.06,32.06,203.0,BIP
2023-03-27 10:56:00,32.035,32.035,32.035,32.035,100.0,BIP
2023-03-27 10:55:00,32.04,32.04,32.04,32.04,100.0,BIP
2023-03-27 10:54:00,32.0301,32.045,32.026,32.03,953.0,BIP
2023-03-27 10:52:00,32.02,32.035,32.02,32.035,324.0,BIP
2023-03-27 10:51:00,32.01,32.02,32.01,32.02,405.0,BIP
2023-03-27 10:50:00,32.02,32.03,32.015,32.015,300.0,BIP
2023-03-27 10:49:00,32.025,32.025,32.025,32.025,237.0,BIP
2023-03-27 10:48:00,32.0664,32.0675,32.0664,32.0675,361.0,BIP
2023-03-27 10:47:00,32.025,32.07,32.025,32.06,1830.0,BIP
2023-03-27 10:46:00,32.01,32.01,32.0,32.005,2248.0,BIP
2023-03-27 10:45:00,32.0346,32.0346,32.0346,32.0346,650.0,BIP
2023-03-27 10:41:00,32.06,32.06,32.04,32.04,504.0,BIP
2023-03-27 10:39:00,32.05,32.05,32.05,32.05,343.0,BIP
2023-03-27 10:38:00,32.05,32.05,32.05,32.05,124.0,BIP
2023-03-27 10:37:00,32.02,32.06,32.02,32.06,300.0,BIP
2023-03-27 10:36:00,32.01,32.01,32.0,32.01,1174.0,BIP
2023-03-27 10:34:00,32.05,32.07,32.05,32.07,403.0,BIP
2023-03-27 10:33:00,32.03,32.06,32.03,32.06,598.0,BIP
2023-03-27 10:31:00,32.02,32.03,32.02,32.02,1879.0,BIP
2023-03-27 10:22:00,32.02,32.02,32.02,32.02,298.0,BIP
2023-03-27 10:18:00,32.03,32.03,32.01,32.02,533.0,BIP
2023-03-27 10:17:00,32.1,32.1,32.1,32.1,101.0,BIP
2023-03-27 10:15:00,31.9923,31.9923,31.9923,31.9923,100.0,BIP
2023-03-27 10:13:00,32.0013,32.005,32.0013,32.005,226.0,BIP
2023-03-27 10:11:00,32.06,32.06,32.06,32.06,122.0,BIP
2023-03-27 10:09:00,32.045,32.045,32.045,32.045,104.0,BIP
2023-03-27 10:08:00,31.995,31.995,31.995,31.995,230.0,BIP
2023-03-27 10:07:00,31.92,31.96,31.915,31.96,3751.0,BIP
2023-03-27 10:06:00,31.96,31.96,31.96,31.96,215.0,BIP
2023-03-27 10:05:00,32.01,32.02,32.0,32.0,742.0,BIP
2023-03-27 10:04:00,32.01,32.03,32.01,32.01,700.0,BIP
2023-03-27 10:03:00,32.012,32.015,32.0,32.015,2518.0,BIP
2023-03-27 10:02:00,32.01,32.02,32.01,32.02,1003.0,BIP
2023-03-27 10:01:00,32.035,32.035,32.035,32.035,121.0,BIP
2023-03-27 10:00:00,32.04,32.05,32.002,32.0356,2805.0,BIP
2023-03-27 09:59:00,32.005,32.03,31.99,32.03,1211.0,BIP
2023-03-27 09:57:00,31.98,32.03,31.98,31.99,962.0,BIP
2023-03-27 09:55:00,31.99,31.99,31.96,31.96,2166.0,BIP
2023-03-27 09:54:00,31.93,31.99,31.93,31.99,2437.0,BIP
2023-03-27 09:53:00,31.942,31.96,31.942,31.95,2330.0,BIP
2023-03-27 09:49:00,31.94,31.94,31.91,31.935,1087.0,BIP
2023-03-27 09:46:00,31.956,31.9614,31.956,31.9614,1486.0,BIP
2023-03-27 09:44:00,32.0,32.02,32.0,32.0,2089.0,BIP
2023-03-27 09:43:00,32.04,32.04,32.04,32.04,314.0,BIP
2023-03-27 09:42:00,31.98,32.01,31.98,31.99,887.0,BIP
2023-03-27 09:41:00,31.86,31.97,31.86,31.97,551.0,BIP
2023-03-27 09:40:00,31.86,31.86,31.855,31.855,1436.0,BIP
2023-03-27 09:39:00,31.795,31.85,31.795,31.85,630.0,BIP
2023-03-27 09:37:00,31.8977,31.8977,31.8977,31.8977,1057.0,BIP
2023-03-27 09:36:00,31.95,32.0,31.95,31.99,1504.0,BIP
2023-03-27 09:33:00,31.8101,31.8101,31.81,31.81,2977.0,BIP
2023-03-27 09:31:00,31.76,31.76,31.76,31.76,3490.0,BIP
2023-03-27 09:30:00,31.76,31.76,31.76,31.76,152.0,BIP
