date,1. open,2. high,3. low,4. close,5. volume,Ticker
2023-08-21 19:00:00,27.28,27.28,27.28,27.28,185.0,BTO
2023-08-21 18:30:00,27.28,27.28,27.28,27.28,185.0,BTO
2023-08-21 17:42:00,27.8,27.8,27.8,27.8,20.0,BTO
2023-08-21 16:10:00,27.28,27.28,27.28,27.28,185.0,BTO
2023-08-21 16:00:00,27.22,27.28,27.22,27.28,549.0,BTO
2023-08-21 15:59:00,27.29,27.3,27.22,27.22,758.0,BTO
2023-08-21 15:58:00,27.29,27.29,27.29,27.29,260.0,BTO
2023-08-21 15:53:00,27.31,27.31,27.31,27.31,400.0,BTO
2023-08-21 15:52:00,27.26,27.3,27.26,27.3,2923.0,BTO
2023-08-21 15:51:00,27.242,27.242,27.242,27.242,390.0,BTO
2023-08-21 15:49:00,27.316,27.316,27.316,27.316,241.0,BTO
2023-08-21 15:43:00,27.27,27.27,27.26,27.26,500.0,BTO
2023-08-21 15:42:00,27.3,27.3,27.3,27.3,300.0,BTO
2023-08-21 15:39:00,27.245,27.245,27.245,27.245,492.0,BTO
2023-08-21 15:38:00,27.209,27.209,27.209,27.209,300.0,BTO
2023-08-21 15:37:00,27.21,27.28,27.21,27.28,587.0,BTO
2023-08-21 15:27:00,27.3,27.31,27.277,27.277,1284.0,BTO
2023-08-21 15:23:00,27.25,27.25,27.25,27.25,100.0,BTO
2023-08-21 15:07:00,27.277,27.277,27.277,27.277,1870.0,BTO
2023-08-21 15:06:00,27.282,27.282,27.282,27.282,240.0,BTO
2023-08-21 15:00:00,27.291,27.291,27.291,27.291,100.0,BTO
2023-08-21 14:56:00,27.3,27.3,27.3,27.3,178.0,BTO
2023-08-21 14:54:00,27.25,27.29,27.231,27.29,600.0,BTO
2023-08-21 14:38:00,27.16,27.16,27.15,27.15,502.0,BTO
2023-08-21 14:31:00,27.175,27.24,27.175,27.175,2441.0,BTO
2023-08-21 14:27:00,27.157,27.157,27.157,27.157,500.0,BTO
2023-08-21 14:25:00,27.18,27.232,27.18,27.232,2000.0,BTO
2023-08-21 14:24:00,27.12,27.12,27.12,27.12,236.0,BTO
2023-08-21 14:23:00,27.14,27.14,27.14,27.14,240.0,BTO
2023-08-21 14:22:00,27.14,27.14,27.14,27.14,100.0,BTO
2023-08-21 14:17:00,27.19,27.19,27.19,27.19,740.0,BTO
2023-08-21 14:09:00,27.14,27.14,27.14,27.14,360.0,BTO
2023-08-21 14:08:00,27.17,27.17,27.15,27.15,735.0,BTO
2023-08-21 13:54:00,27.19,27.19,27.19,27.19,100.0,BTO
2023-08-21 13:48:00,27.184,27.184,27.184,27.184,100.0,BTO
2023-08-21 13:41:00,27.15,27.19,27.15,27.19,510.0,BTO
2023-08-21 13:40:00,27.17,27.17,27.17,27.17,100.0,BTO
2023-08-21 13:38:00,27.12,27.12,27.12,27.12,200.0,BTO
2023-08-21 13:36:00,27.213,27.213,27.213,27.213,100.0,BTO
2023-08-21 13:35:00,27.165,27.165,27.165,27.165,135.0,BTO
2023-08-21 13:29:00,27.14,27.14,27.14,27.14,203.0,BTO
2023-08-21 13:28:00,27.165,27.165,27.165,27.165,200.0,BTO
2023-08-21 13:23:00,27.219,27.219,27.219,27.219,100.0,BTO
2023-08-21 13:22:00,27.16,27.16,27.16,27.16,100.0,BTO
2023-08-21 13:21:00,27.178,27.178,27.178,27.178,205.0,BTO
2023-08-21 13:12:00,27.13,27.13,27.13,27.13,143.0,BTO
2023-08-21 13:09:00,27.099,27.099,27.099,27.099,300.0,BTO
2023-08-21 13:07:00,27.19,27.19,27.18,27.18,736.0,BTO
2023-08-21 12:59:00,27.13,27.15,27.13,27.15,500.0,BTO
2023-08-21 12:57:00,27.11,27.11,27.11,27.11,100.0,BTO
2023-08-21 12:54:00,27.139,27.139,27.139,27.139,200.0,BTO
2023-08-21 12:50:00,27.06,27.06,27.06,27.06,100.0,BTO
2023-08-21 12:49:00,27.09,27.15,27.09,27.15,350.0,BTO
2023-08-21 12:47:00,27.084,27.084,27.084,27.084,800.0,BTO
2023-08-21 12:45:00,27.06,27.06,27.04,27.04,516.0,BTO
2023-08-21 12:42:00,27.1,27.1,27.1,27.1,500.0,BTO
2023-08-21 12:39:00,27.06,27.06,27.04,27.05,1095.0,BTO
2023-08-21 12:38:00,27.116,27.116,27.116,27.116,310.0,BTO
2023-08-21 12:34:00,27.108,27.108,27.108,27.108,300.0,BTO
2023-08-21 12:30:00,27.169,27.169,27.169,27.169,150.0,BTO
2023-08-21 12:28:00,27.15,27.15,27.15,27.15,368.0,BTO
2023-08-21 12:27:00,27.21,27.21,27.21,27.21,370.0,BTO
2023-08-21 12:25:00,27.2,27.2,27.2,27.2,200.0,BTO
2023-08-21 12:23:00,27.16,27.16,27.16,27.16,100.0,BTO
2023-08-21 12:16:00,27.128,27.128,27.128,27.128,235.0,BTO
2023-08-21 12:13:00,27.115,27.115,27.115,27.115,218.0,BTO
2023-08-21 12:11:00,27.17,27.17,27.17,27.17,100.0,BTO
2023-08-21 12:10:00,27.12,27.12,27.12,27.12,100.0,BTO
2023-08-21 12:07:00,27.165,27.165,27.164,27.165,100.0,BTO
2023-08-21 12:06:00,27.115,27.115,27.115,27.115,240.0,BTO
2023-08-21 12:01:00,27.1,27.1,27.1,27.1,100.0,BTO
2023-08-21 11:44:00,27.09,27.09,27.09,27.09,200.0,BTO
2023-08-21 11:37:00,27.095,27.16,27.072,27.072,605.0,BTO
2023-08-21 11:36:00,27.16,27.16,27.16,27.16,100.0,BTO
2023-08-21 11:35:00,27.12,27.12,27.0,27.116,3368.0,BTO
2023-08-21 11:34:00,27.05,27.052,27.04,27.052,1332.0,BTO
2023-08-21 11:27:00,27.15,27.15,27.15,27.15,1822.0,BTO
2023-08-21 11:23:00,27.16,27.16,27.16,27.16,100.0,BTO
2023-08-21 11:15:00,27.16,27.16,27.16,27.16,148.0,BTO
2023-08-21 11:10:00,27.23,27.237,27.23,27.237,419.0,BTO
2023-08-21 11:08:00,27.22,27.22,27.22,27.22,100.0,BTO
2023-08-21 11:07:00,27.225,27.225,27.225,27.225,100.0,BTO
2023-08-21 11:06:00,27.225,27.225,27.225,27.225,200.0,BTO
2023-08-21 10:54:00,27.23,27.27,27.225,27.225,1011.0,BTO
2023-08-21 10:47:00,27.235,27.235,27.235,27.235,100.0,BTO
2023-08-21 10:42:00,27.235,27.235,27.235,27.235,498.0,BTO
2023-08-21 10:41:00,27.261,27.261,27.261,27.261,100.0,BTO
2023-08-21 10:40:00,27.235,27.235,27.235,27.235,100.0,BTO
2023-08-21 10:37:00,27.25,27.25,27.25,27.25,200.0,BTO
2023-08-21 10:36:00,27.21,27.21,27.21,27.21,100.0,BTO
2023-08-21 10:35:00,27.25,27.25,27.25,27.25,421.0,BTO
2023-08-21 10:25:00,27.37,27.39,27.37,27.39,1267.0,BTO
2023-08-21 10:21:00,27.42,27.42,27.42,27.42,115.0,BTO
2023-08-21 10:11:00,27.4,27.4,27.4,27.4,1359.0,BTO
2023-08-21 10:07:00,27.42,27.42,27.42,27.42,100.0,BTO
2023-08-21 10:01:00,27.44,27.44,27.401,27.401,833.0,BTO
2023-08-21 10:00:00,27.5,27.5,27.47,27.47,767.0,BTO
2023-08-21 09:59:00,27.54,27.55,27.54,27.55,265.0,BTO
2023-08-21 09:58:00,27.53,27.53,27.44,27.5,1245.0,BTO
2023-08-21 09:57:00,27.555,27.555,27.53,27.53,400.0,BTO
2023-08-21 09:56:00,27.555,27.755,27.53,27.755,611.0,BTO
2023-08-21 09:55:00,27.56,27.56,27.555,27.555,600.0,BTO
2023-08-21 09:52:00,27.93,28.103,27.93,28.103,287.0,BTO
2023-08-21 09:48:00,27.531,27.531,27.531,27.531,200.0,BTO
2023-08-21 09:47:00,27.54,27.806,27.53,27.805,1600.0,BTO
2023-08-21 09:46:00,27.57,27.587,27.56,27.56,769.0,BTO
2023-08-21 09:45:00,27.94,28.0,27.94,28.0,3400.0,BTO
2023-08-21 09:44:00,27.97,27.97,27.97,27.97,1049.0,BTO
2023-08-21 09:39:00,27.823,27.823,27.823,27.823,514.0,BTO
2023-08-21 09:35:00,28.0,28.0,28.0,28.0,683.0,BTO
2023-08-21 09:32:00,27.86,27.86,27.86,27.86,1608.0,BTO
2023-08-21 09:30:00,27.59,27.59,27.59,27.59,858.0,BTO
2023-08-21 08:00:00,27.25,27.25,27.25,27.25,52.0,BTO
2023-08-18 19:00:00,27.37,27.37,27.37,27.37,280.0,BTO
2023-08-18 18:30:00,27.37,27.37,27.37,27.37,280.0,BTO
2023-08-18 16:10:00,27.37,27.37,27.32,27.32,281.0,BTO
2023-08-18 16:00:00,27.38,27.38,27.32,27.37,698.0,BTO
2023-08-18 15:59:00,27.36,27.38,27.31,27.38,1571.0,BTO
2023-08-18 15:47:00,27.439,27.439,27.439,27.439,897.0,BTO
2023-08-18 15:46:00,27.425,27.425,27.425,27.425,100.0,BTO
2023-08-18 15:45:00,27.43,27.43,27.43,27.43,300.0,BTO
2023-08-18 15:42:00,27.49,27.49,27.49,27.49,112.0,BTO
2023-08-18 15:41:00,27.41,27.41,27.41,27.41,272.0,BTO
2023-08-18 15:32:00,27.389,27.389,27.389,27.389,170.0,BTO
2023-08-18 15:31:00,27.39,27.39,27.39,27.39,100.0,BTO
2023-08-18 15:29:00,27.351,27.351,27.351,27.351,656.0,BTO
2023-08-18 15:24:00,27.405,27.405,27.405,27.405,1027.0,BTO
2023-08-18 15:22:00,27.37,27.37,27.37,27.37,100.0,BTO
2023-08-18 15:20:00,27.4,27.4,27.39,27.39,601.0,BTO
2023-08-18 15:17:00,27.405,27.405,27.405,27.405,126.0,BTO
2023-08-18 15:11:00,27.4,27.4,27.4,27.4,300.0,BTO
2023-08-18 15:08:00,27.49,27.51,27.49,27.49,500.0,BTO
2023-08-18 15:05:00,27.4,27.4,27.4,27.4,170.0,BTO
2023-08-18 14:55:00,27.477,27.477,27.477,27.477,494.0,BTO
2023-08-18 14:53:00,27.565,27.565,27.565,27.565,100.0,BTO
2023-08-18 14:51:00,27.64,27.67,27.6,27.66,6101.0,BTO
2023-08-18 14:33:00,27.416,27.66,27.416,27.66,2351.0,BTO
2023-08-18 14:22:00,27.46,27.46,27.46,27.46,272.0,BTO
2023-08-18 14:01:00,27.49,27.49,27.49,27.49,200.0,BTO
2023-08-18 13:58:00,27.48,27.48,27.36,27.36,600.0,BTO
2023-08-18 13:56:00,27.511,27.511,27.511,27.511,200.0,BTO
2023-08-18 13:52:00,27.696,27.7,27.66,27.7,3760.0,BTO
2023-08-18 13:51:00,27.35,27.45,27.35,27.45,1135.0,BTO
2023-08-18 13:25:00,27.27,27.27,27.24,27.24,440.0,BTO
2023-08-18 13:14:00,27.39,27.39,27.39,27.39,581.0,BTO
2023-08-18 12:55:00,27.41,27.41,27.41,27.41,100.0,BTO
2023-08-18 12:52:00,27.35,27.35,27.35,27.35,100.0,BTO
2023-08-18 12:42:00,27.401,27.401,27.401,27.401,300.0,BTO
2023-08-18 12:37:00,27.34,27.34,27.34,27.34,100.0,BTO
2023-08-18 12:36:00,27.348,27.348,27.348,27.348,1094.0,BTO
2023-08-18 12:31:00,27.377,27.377,27.377,27.377,510.0,BTO
2023-08-18 12:21:00,27.24,27.24,27.24,27.24,100.0,BTO
2023-08-18 12:17:00,27.262,27.262,27.262,27.262,139.0,BTO
2023-08-18 12:16:00,27.28,27.28,27.25,27.25,683.0,BTO
2023-08-18 12:07:00,27.3,27.3,27.3,27.3,200.0,BTO
2023-08-18 11:57:00,27.376,27.376,27.376,27.376,100.0,BTO
2023-08-18 11:48:00,27.395,27.395,27.395,27.395,300.0,BTO
2023-08-18 11:47:00,27.471,27.471,27.471,27.471,175.0,BTO
2023-08-18 11:39:00,27.4,27.48,27.38,27.48,883.0,BTO
2023-08-18 11:33:00,27.45,27.45,27.4,27.43,900.0,BTO
2023-08-18 11:30:00,27.432,27.432,27.432,27.432,183.0,BTO
2023-08-18 11:17:00,27.45,27.45,27.45,27.45,300.0,BTO
2023-08-18 11:01:00,27.395,27.46,27.39,27.46,623.0,BTO
2023-08-18 10:43:00,27.208,27.208,27.208,27.208,138.0,BTO
2023-08-18 10:29:00,27.218,27.218,27.218,27.218,238.0,BTO
2023-08-18 10:23:00,27.255,27.255,27.19,27.19,300.0,BTO
2023-08-18 10:18:00,27.215,27.238,27.215,27.238,300.0,BTO
2023-08-18 10:12:00,27.32,27.32,27.32,27.32,196.0,BTO
2023-08-18 09:52:00,27.282,27.282,27.282,27.282,1355.0,BTO
2023-08-18 09:43:00,27.49,27.49,27.49,27.49,145.0,BTO
2023-08-18 09:31:00,27.21,27.24,27.21,27.21,471.0,BTO
2023-08-18 09:30:00,27.21,27.21,27.21,27.21,800.0,BTO
2023-08-18 08:02:00,27.23,27.23,27.23,27.23,1.0,BTO
2023-08-17 19:00:00,27.23,27.23,27.23,27.23,274.0,BTO
2023-08-17 18:30:00,27.23,27.23,27.23,27.23,274.0,BTO
2023-08-17 16:10:00,27.23,27.23,27.23,27.23,274.0,BTO
2023-08-17 16:00:00,27.16,27.24,27.16,27.24,651.0,BTO
2023-08-17 15:59:00,27.16,27.16,27.16,27.16,574.0,BTO
2023-08-17 15:56:00,27.24,27.24,27.2,27.2,739.0,BTO
2023-08-17 15:53:00,27.24,27.24,27.24,27.24,932.0,BTO
2023-08-17 15:51:00,27.22,27.22,27.16,27.16,568.0,BTO
2023-08-17 15:44:00,27.22,27.233,27.19,27.233,519.0,BTO
2023-08-17 15:33:00,27.24,27.24,27.24,27.24,269.0,BTO
2023-08-17 15:32:00,27.228,27.25,27.228,27.25,496.0,BTO
2023-08-17 15:17:00,27.167,27.167,27.167,27.167,157.0,BTO
2023-08-17 14:53:00,27.09,27.128,27.09,27.128,260.0,BTO
2023-08-17 14:51:00,27.1,27.139,27.1,27.139,457.0,BTO
2023-08-17 14:49:00,27.12,27.12,27.11,27.11,624.0,BTO
2023-08-17 14:48:00,27.15,27.16,27.05,27.15,2754.0,BTO
2023-08-17 14:46:00,27.209,27.209,27.209,27.209,647.0,BTO
2023-08-17 14:45:00,27.215,27.215,27.215,27.215,631.0,BTO
2023-08-17 14:44:00,27.24,27.24,27.24,27.24,204.0,BTO
2023-08-17 14:42:00,27.32,27.32,27.32,27.32,285.0,BTO
2023-08-17 14:26:00,27.31,27.31,27.31,27.31,121.0,BTO
2023-08-17 14:06:00,27.15,27.15,27.15,27.15,100.0,BTO
2023-08-17 14:04:00,27.302,27.302,27.18,27.18,400.0,BTO
2023-08-17 14:00:00,27.21,27.22,27.2,27.2,501.0,BTO
2023-08-17 13:57:00,27.3,27.3,27.3,27.3,185.0,BTO
2023-08-17 13:56:00,27.288,27.288,27.288,27.288,350.0,BTO
2023-08-17 13:51:00,27.26,27.26,27.26,27.26,573.0,BTO
2023-08-17 13:34:00,27.2,27.2,27.18,27.18,350.0,BTO
2023-08-17 13:31:00,27.26,27.26,27.2,27.2,351.0,BTO
2023-08-17 13:28:00,27.28,27.28,27.26,27.26,520.0,BTO
2023-08-17 13:27:00,27.28,27.28,27.28,27.28,500.0,BTO
2023-08-17 13:06:00,27.377,27.377,27.377,27.377,2150.0,BTO
2023-08-17 12:40:00,27.355,27.355,27.355,27.355,150.0,BTO
2023-08-17 12:38:00,27.449,27.449,27.449,27.449,355.0,BTO
2023-08-17 12:35:00,27.39,27.39,27.39,27.39,400.0,BTO
2023-08-17 12:28:00,27.421,27.421,27.421,27.421,500.0,BTO
2023-08-17 12:25:00,27.33,27.44,27.33,27.427,808.0,BTO
2023-08-17 12:14:00,27.33,27.33,27.33,27.33,110.0,BTO
2023-08-17 12:11:00,27.25,27.262,27.25,27.262,589.0,BTO
2023-08-17 11:56:00,27.255,27.255,27.255,27.255,804.0,BTO
2023-08-17 11:55:00,27.25,27.304,27.25,27.304,250.0,BTO
2023-08-17 11:50:00,27.19,27.251,27.19,27.191,3800.0,BTO
2023-08-17 11:48:00,27.368,27.368,27.368,27.368,400.0,BTO
2023-08-17 11:45:00,27.43,27.43,27.43,27.43,116.0,BTO
2023-08-17 11:41:00,27.35,27.35,27.35,27.35,734.0,BTO
2023-08-17 11:38:00,27.4,27.43,27.38,27.43,707.0,BTO
2023-08-17 11:36:00,27.394,27.394,27.394,27.394,343.0,BTO
2023-08-17 11:25:00,27.49,27.49,27.49,27.49,168.0,BTO
2023-08-17 11:17:00,27.477,27.477,27.477,27.477,573.0,BTO
2023-08-17 10:59:00,27.52,27.52,27.35,27.35,1250.0,BTO
2023-08-17 10:57:00,27.445,27.445,27.445,27.445,515.0,BTO
2023-08-17 10:55:00,27.445,27.445,27.445,27.445,300.0,BTO
2023-08-17 10:50:00,27.52,27.52,27.52,27.52,260.0,BTO
2023-08-17 10:42:00,27.53,27.53,27.53,27.53,120.0,BTO
2023-08-17 10:40:00,27.53,27.53,27.53,27.53,913.0,BTO
2023-08-17 10:36:00,27.5,27.5,27.5,27.5,1000.0,BTO
2023-08-17 10:34:00,27.56,27.56,27.56,27.56,100.0,BTO
2023-08-17 10:33:00,27.575,27.575,27.575,27.575,325.0,BTO
2023-08-17 10:30:00,27.52,27.52,27.41,27.41,720.0,BTO
2023-08-17 10:28:00,27.51,27.51,27.51,27.51,100.0,BTO
2023-08-17 10:24:00,27.62,27.62,27.62,27.62,218.0,BTO
2023-08-17 10:18:00,27.625,27.625,27.625,27.625,100.0,BTO
2023-08-17 10:14:00,27.55,27.57,27.55,27.57,750.0,BTO
2023-08-17 10:12:00,27.465,27.465,27.465,27.465,200.0,BTO
2023-08-17 10:05:00,27.381,27.382,27.381,27.381,200.0,BTO
2023-08-17 10:03:00,27.47,27.47,27.47,27.47,378.0,BTO
2023-08-17 10:00:00,27.468,27.468,27.468,27.468,269.0,BTO
2023-08-17 09:57:00,27.48,27.48,27.48,27.48,200.0,BTO
2023-08-17 09:53:00,27.476,27.476,27.476,27.476,703.0,BTO
2023-08-17 09:51:00,27.45,27.45,27.45,27.45,406.0,BTO
2023-08-17 09:43:00,27.5,27.5,27.5,27.5,278.0,BTO
2023-08-17 09:36:00,27.55,27.55,27.55,27.55,126.0,BTO
2023-08-17 09:34:00,27.57,27.57,27.57,27.57,200.0,BTO
2023-08-17 09:30:00,27.45,27.45,27.45,27.45,290.0,BTO
2023-08-17 09:11:00,27.7,27.7,27.7,27.7,8.0,BTO
2023-08-16 19:20:00,27.82,27.82,27.82,27.82,1.0,BTO
2023-08-16 19:00:00,27.27,27.27,27.27,27.27,125.0,BTO
2023-08-16 18:30:00,27.27,27.27,27.27,27.27,125.0,BTO
2023-08-16 16:10:00,27.27,27.27,27.27,27.27,125.0,BTO
2023-08-16 16:00:00,27.16,27.27,27.16,27.27,550.0,BTO
2023-08-16 15:59:00,27.17,27.215,27.15,27.16,3781.0,BTO
2023-08-16 15:58:00,27.17,27.18,27.16,27.16,2634.0,BTO
2023-08-16 15:57:00,27.21,27.21,27.21,27.21,755.0,BTO
2023-08-16 15:56:00,27.19,27.19,27.19,27.19,424.0,BTO
2023-08-16 15:55:00,27.21,27.23,27.16,27.19,3032.0,BTO
2023-08-16 15:53:00,27.32,27.32,27.18,27.18,1960.0,BTO
2023-08-16 15:52:00,27.31,27.31,27.31,27.31,100.0,BTO
2023-08-16 15:48:00,27.34,27.34,27.34,27.34,105.0,BTO
2023-08-16 15:47:00,27.31,27.31,27.31,27.31,605.0,BTO
2023-08-16 15:46:00,27.35,27.407,27.31,27.33,2859.0,BTO
2023-08-16 15:45:00,27.38,27.39,27.35,27.39,1008.0,BTO
2023-08-16 15:41:00,27.39,27.39,27.36,27.36,1200.0,BTO
2023-08-16 15:39:00,27.455,27.455,27.455,27.455,146.0,BTO
2023-08-16 15:38:00,27.48,27.48,27.48,27.48,145.0,BTO
2023-08-16 15:37:00,27.466,27.466,27.466,27.466,250.0,BTO
2023-08-16 15:36:00,27.38,27.39,27.38,27.38,701.0,BTO
2023-08-16 15:33:00,27.38,27.38,27.38,27.38,150.0,BTO
2023-08-16 15:32:00,27.45,27.45,27.43,27.43,1100.0,BTO
2023-08-16 15:30:00,27.49,27.49,27.47,27.48,1002.0,BTO
2023-08-16 15:23:00,27.52,27.52,27.52,27.52,300.0,BTO
2023-08-16 15:12:00,27.57,27.57,27.57,27.57,117.0,BTO
2023-08-16 15:11:00,27.6,27.62,27.6,27.62,609.0,BTO
2023-08-16 15:08:00,27.659,27.659,27.659,27.659,156.0,BTO
2023-08-16 15:07:00,27.645,27.645,27.645,27.645,509.0,BTO
2023-08-16 15:06:00,27.615,27.69,27.615,27.69,800.0,BTO
2023-08-16 15:05:00,27.67,27.69,27.67,27.69,249.0,BTO
2023-08-16 15:04:00,27.7,27.7,27.7,27.7,100.0,BTO
2023-08-16 15:02:00,27.68,27.68,27.68,27.68,100.0,BTO
2023-08-16 15:01:00,27.67,27.67,27.67,27.67,103.0,BTO
2023-08-16 15:00:00,27.69,27.69,27.69,27.69,100.0,BTO
2023-08-16 14:58:00,27.67,27.67,27.67,27.67,103.0,BTO
2023-08-16 14:57:00,27.67,27.67,27.67,27.67,100.0,BTO
2023-08-16 14:55:00,27.67,27.67,27.67,27.67,100.0,BTO
2023-08-16 14:54:00,27.67,27.67,27.67,27.67,100.0,BTO
2023-08-16 14:52:00,27.67,27.67,27.67,27.67,350.0,BTO
2023-08-16 14:51:00,27.67,27.67,27.67,27.67,100.0,BTO
2023-08-16 14:50:00,27.71,27.71,27.71,27.71,100.0,BTO
2023-08-16 14:48:00,27.72,27.72,27.72,27.72,100.0,BTO
2023-08-16 14:47:00,27.72,27.72,27.72,27.72,100.0,BTO
2023-08-16 14:45:00,27.72,27.72,27.72,27.72,100.0,BTO
2023-08-16 14:44:00,27.71,27.71,27.71,27.71,100.0,BTO
2023-08-16 14:41:00,27.71,27.71,27.71,27.71,150.0,BTO
2023-08-16 14:40:00,27.7,27.7,27.7,27.7,100.0,BTO
2023-08-16 14:38:00,27.7,27.7,27.7,27.7,100.0,BTO
2023-08-16 14:37:00,27.69,27.69,27.69,27.69,141.0,BTO
2023-08-16 14:35:00,27.68,27.68,27.68,27.68,200.0,BTO
2023-08-16 14:34:00,27.68,27.68,27.68,27.68,100.0,BTO
2023-08-16 14:30:00,27.64,27.64,27.64,27.64,512.0,BTO
2023-08-16 14:29:00,27.64,27.64,27.64,27.64,136.0,BTO
2023-08-16 14:28:00,27.64,27.64,27.64,27.64,118.0,BTO
2023-08-16 14:25:00,27.66,27.66,27.64,27.64,345.0,BTO
2023-08-16 14:23:00,27.66,27.66,27.66,27.66,145.0,BTO
2023-08-16 14:22:00,27.68,27.68,27.6,27.645,1754.0,BTO
2023-08-16 14:21:00,27.66,27.66,27.61,27.61,712.0,BTO
2023-08-16 14:20:00,27.72,27.72,27.72,27.72,100.0,BTO
2023-08-16 14:19:00,27.7,27.7,27.7,27.7,100.0,BTO
2023-08-16 14:18:00,27.68,27.68,27.68,27.68,100.0,BTO
2023-08-16 14:16:00,27.69,27.69,27.69,27.69,100.0,BTO
2023-08-16 14:15:00,27.68,27.68,27.68,27.68,100.0,BTO
2023-08-16 14:13:00,27.68,27.68,27.68,27.68,100.0,BTO
2023-08-16 14:11:00,27.62,27.67,27.62,27.67,438.0,BTO
2023-08-16 14:10:00,27.7,27.7,27.7,27.7,100.0,BTO
2023-08-16 14:08:00,27.72,27.72,27.72,27.72,100.0,BTO
2023-08-16 14:07:00,27.7,27.7,27.7,27.7,159.0,BTO
2023-08-16 14:04:00,27.7,27.7,27.7,27.7,200.0,BTO
2023-08-16 14:02:00,27.7,27.7,27.7,27.7,200.0,BTO
2023-08-16 13:59:00,27.73,27.73,27.73,27.73,247.0,BTO
2023-08-16 13:57:00,27.72,27.73,27.72,27.73,600.0,BTO
2023-08-16 13:56:00,27.72,27.72,27.72,27.72,100.0,BTO
2023-08-16 13:53:00,27.69,27.69,27.69,27.69,200.0,BTO
2023-08-16 13:52:00,27.69,27.69,27.69,27.69,299.0,BTO
2023-08-16 13:51:00,27.7,27.7,27.7,27.7,200.0,BTO
2023-08-16 13:49:00,27.635,27.635,27.635,27.635,275.0,BTO
2023-08-16 13:48:00,27.64,27.71,27.64,27.71,789.0,BTO
2023-08-16 13:45:00,27.67,27.67,27.64,27.64,400.0,BTO
2023-08-16 13:42:00,27.66,27.67,27.66,27.67,200.0,BTO
2023-08-16 13:41:00,27.67,27.67,27.67,27.67,220.0,BTO
2023-08-16 13:40:00,27.67,27.67,27.67,27.67,200.0,BTO
2023-08-16 13:39:00,27.66,27.66,27.66,27.66,362.0,BTO
2023-08-16 13:37:00,27.66,27.66,27.66,27.66,210.0,BTO
2023-08-16 13:35:00,27.63,27.66,27.63,27.66,877.0,BTO
2023-08-16 13:31:00,27.64,27.64,27.64,27.64,300.0,BTO
2023-08-16 13:30:00,27.58,27.58,27.58,27.58,249.0,BTO
2023-08-16 13:28:00,27.65,27.65,27.65,27.65,204.0,BTO
2023-08-16 13:27:00,27.65,27.67,27.65,27.66,700.0,BTO
2023-08-16 13:25:00,27.59,27.6,27.59,27.59,600.0,BTO
2023-08-16 13:18:00,27.62,27.63,27.62,27.628,1107.0,BTO
2023-08-16 13:15:00,27.64,27.64,27.64,27.64,100.0,BTO
2023-08-16 13:07:00,27.5,27.56,27.48,27.56,1500.0,BTO
2023-08-16 13:01:00,27.57,27.57,27.52,27.52,367.0,BTO
2023-08-16 12:59:00,27.495,27.51,27.495,27.51,207.0,BTO
2023-08-16 12:57:00,27.49,27.5,27.49,27.5,202.0,BTO
2023-08-16 12:52:00,27.485,27.56,27.485,27.56,1035.0,BTO
2023-08-16 12:51:00,27.55,27.55,27.55,27.55,290.0,BTO
2023-08-16 12:49:00,27.49,27.49,27.49,27.49,125.0,BTO
2023-08-16 12:47:00,27.535,27.535,27.535,27.535,100.0,BTO
2023-08-16 12:46:00,27.51,27.52,27.43,27.51,5291.0,BTO
2023-08-16 12:43:00,27.432,27.432,27.432,27.432,484.0,BTO
2023-08-16 12:42:00,27.4,27.438,27.4,27.438,894.0,BTO
2023-08-16 12:36:00,27.42,27.44,27.42,27.44,1007.0,BTO
2023-08-16 12:33:00,27.41,27.41,27.4,27.4,200.0,BTO
2023-08-16 12:27:00,27.42,27.42,27.42,27.42,193.0,BTO
2023-08-16 12:23:00,27.42,27.42,27.42,27.42,376.0,BTO
2023-08-16 12:21:00,27.438,27.438,27.438,27.438,324.0,BTO
2023-08-16 11:58:00,27.4,27.4,27.4,27.4,360.0,BTO
2023-08-16 11:56:00,27.4,27.4,27.4,27.4,381.0,BTO
2023-08-16 11:44:00,27.42,27.42,27.42,27.42,100.0,BTO
2023-08-16 11:35:00,27.5,27.5,27.46,27.46,1584.0,BTO
2023-08-16 11:30:00,27.45,27.48,27.4,27.4,3000.0,BTO
2023-08-16 11:28:00,27.43,27.43,27.41,27.41,800.0,BTO
2023-08-16 11:20:00,27.48,27.48,27.48,27.48,475.0,BTO
2023-08-16 11:19:00,27.476,27.476,27.476,27.476,543.0,BTO
2023-08-16 11:14:00,27.482,27.482,27.482,27.482,100.0,BTO
2023-08-16 11:01:00,27.44,27.44,27.44,27.44,157.0,BTO
2023-08-16 11:00:00,27.44,27.44,27.44,27.44,300.0,BTO
2023-08-16 10:59:00,27.44,27.45,27.44,27.45,732.0,BTO
2023-08-16 10:57:00,27.438,27.438,27.438,27.438,100.0,BTO
2023-08-16 10:48:00,27.32,27.32,27.32,27.32,1922.0,BTO
2023-08-16 10:47:00,27.35,27.35,27.321,27.321,366.0,BTO
2023-08-16 10:38:00,27.452,27.452,27.452,27.452,190.0,BTO
2023-08-16 10:37:00,27.38,27.38,27.34,27.34,551.0,BTO
2023-08-16 10:31:00,27.38,27.428,27.38,27.428,700.0,BTO
2023-08-16 10:30:00,27.43,27.459,27.43,27.459,300.0,BTO
2023-08-16 10:26:00,27.37,27.49,27.37,27.43,690.0,BTO
2023-08-16 10:23:00,27.38,27.455,27.38,27.455,202.0,BTO
2023-08-16 10:20:00,27.4,27.4,27.4,27.4,635.0,BTO
2023-08-16 10:14:00,27.43,27.49,27.42,27.42,1260.0,BTO
2023-08-16 10:13:00,27.514,27.514,27.514,27.514,315.0,BTO
2023-08-16 10:07:00,27.52,27.52,27.5,27.52,1771.0,BTO
2023-08-16 10:02:00,27.589,27.615,27.589,27.615,226.0,BTO
2023-08-16 10:00:00,27.6,27.6,27.6,27.6,125.0,BTO
2023-08-16 09:57:00,27.646,27.646,27.646,27.646,400.0,BTO
2023-08-16 09:56:00,27.63,27.63,27.63,27.63,700.0,BTO
2023-08-16 09:48:00,27.61,27.61,27.61,27.61,203.0,BTO
2023-08-16 09:46:00,27.59,27.675,27.59,27.675,1500.0,BTO
2023-08-16 09:44:00,27.671,27.671,27.671,27.671,150.0,BTO
2023-08-16 09:30:00,27.52,27.52,27.52,27.52,910.0,BTO
2023-08-15 19:00:00,27.75,27.75,27.75,27.75,565.0,BTO
2023-08-15 18:30:00,27.75,27.75,27.75,27.75,565.0,BTO
2023-08-15 16:10:00,27.75,27.75,27.75,27.75,565.0,BTO
2023-08-15 16:00:00,27.72,27.76,27.72,27.75,1289.0,BTO
2023-08-15 15:59:00,27.73,27.73,27.71,27.72,534.0,BTO
2023-08-15 15:58:00,27.756,27.756,27.74,27.74,435.0,BTO
2023-08-15 15:57:00,27.72,27.72,27.72,27.72,500.0,BTO
2023-08-15 15:53:00,27.72,27.72,27.72,27.72,100.0,BTO
2023-08-15 15:52:00,27.73,27.74,27.72,27.72,371.0,BTO
2023-08-15 15:50:00,27.74,27.755,27.73,27.755,1028.0,BTO
2023-08-15 15:48:00,27.765,27.765,27.765,27.765,100.0,BTO
2023-08-15 15:47:00,27.74,27.74,27.73,27.74,1026.0,BTO
2023-08-15 15:46:00,27.75,27.75,27.73,27.73,534.0,BTO
2023-08-15 15:45:00,27.73,27.73,27.71,27.71,976.0,BTO
2023-08-15 15:44:00,27.763,27.763,27.763,27.763,1075.0,BTO
2023-08-15 15:43:00,27.745,27.745,27.745,27.745,645.0,BTO
2023-08-15 15:37:00,27.74,27.76,27.7,27.745,2151.0,BTO
2023-08-15 15:35:00,27.74,27.74,27.74,27.74,115.0,BTO
2023-08-15 15:33:00,27.77,27.77,27.735,27.77,1965.0,BTO
2023-08-15 15:32:00,27.76,27.76,27.76,27.76,177.0,BTO
2023-08-15 15:31:00,27.77,27.788,27.77,27.788,290.0,BTO
2023-08-15 15:27:00,27.74,27.743,27.73,27.73,1000.0,BTO
2023-08-15 15:26:00,27.8,27.8,27.8,27.8,125.0,BTO
2023-08-15 15:24:00,27.87,27.87,27.83,27.83,1359.0,BTO
2023-08-15 15:21:00,27.894,27.894,27.894,27.894,500.0,BTO
2023-08-15 15:17:00,27.938,27.938,27.938,27.938,150.0,BTO
2023-08-15 15:16:00,27.93,27.93,27.88,27.88,540.0,BTO
2023-08-15 15:14:00,27.904,27.904,27.904,27.904,294.0,BTO
2023-08-15 15:11:00,27.871,27.871,27.871,27.871,3239.0,BTO
2023-08-15 15:08:00,27.86,27.86,27.86,27.86,105.0,BTO
2023-08-15 14:58:00,27.899,27.899,27.899,27.899,300.0,BTO
2023-08-15 14:56:00,27.98,27.98,27.98,27.98,189.0,BTO
2023-08-15 14:53:00,27.917,27.917,27.917,27.917,156.0,BTO
2023-08-15 14:38:00,27.92,27.92,27.92,27.92,490.0,BTO
2023-08-15 14:34:00,27.825,27.84,27.825,27.84,701.0,BTO
2023-08-15 14:33:00,27.825,27.825,27.825,27.825,190.0,BTO
2023-08-15 14:32:00,27.8,27.8,27.8,27.8,112.0,BTO
2023-08-15 14:30:00,27.82,27.82,27.82,27.82,163.0,BTO
2023-08-15 14:27:00,27.847,27.847,27.847,27.847,900.0,BTO
2023-08-15 14:25:00,27.84,27.84,27.81,27.81,515.0,BTO
2023-08-15 14:17:00,27.81,27.81,27.81,27.81,241.0,BTO
2023-08-15 14:11:00,27.85,27.85,27.85,27.85,300.0,BTO
2023-08-15 14:07:00,27.82,27.82,27.82,27.82,177.0,BTO
2023-08-15 14:03:00,27.833,27.833,27.81,27.81,4245.0,BTO
2023-08-15 14:01:00,27.85,27.85,27.82,27.82,400.0,BTO
2023-08-15 13:56:00,27.98,27.98,27.821,27.821,500.0,BTO
2023-08-15 13:52:00,27.92,27.92,27.92,27.92,260.0,BTO
2023-08-15 13:50:00,27.81,27.867,27.8,27.8,846.0,BTO
2023-08-15 13:49:00,27.82,27.87,27.8,27.87,933.0,BTO
2023-08-15 13:44:00,27.8,27.875,27.8,27.875,276.0,BTO
2023-08-15 13:40:00,27.82,27.82,27.82,27.82,525.0,BTO
2023-08-15 13:30:00,27.9,27.935,27.85,27.85,1408.0,BTO
2023-08-15 13:19:00,27.93,27.93,27.91,27.91,916.0,BTO
2023-08-15 13:16:00,27.98,27.98,27.98,27.98,100.0,BTO
2023-08-15 13:08:00,27.988,27.988,27.93,27.93,725.0,BTO
2023-08-15 13:04:00,28.105,28.105,27.89,27.91,1597.0,BTO
2023-08-15 12:57:00,28.02,28.02,28.02,28.02,200.0,BTO
2023-08-15 12:50:00,28.125,28.125,28.125,28.125,398.0,BTO
2023-08-15 12:44:00,28.041,28.041,28.041,28.041,350.0,BTO
2023-08-15 12:36:00,28.15,28.15,28.15,28.15,350.0,BTO
2023-08-15 12:29:00,28.02,28.02,28.02,28.02,100.0,BTO
2023-08-15 12:11:00,28.04,28.04,28.04,28.04,343.0,BTO
2023-08-15 12:09:00,28.07,28.07,28.06,28.06,462.0,BTO
2023-08-15 12:07:00,28.12,28.12,28.12,28.12,260.0,BTO
2023-08-15 12:06:00,28.209,28.209,28.209,28.209,427.0,BTO
2023-08-15 12:03:00,28.19,28.19,28.19,28.19,813.0,BTO
2023-08-15 11:50:00,28.19,28.19,28.19,28.19,1000.0,BTO
2023-08-15 11:31:00,28.191,28.191,28.191,28.191,692.0,BTO
2023-08-15 11:30:00,28.03,28.03,28.03,28.03,500.0,BTO
2023-08-15 11:29:00,28.235,28.235,28.03,28.19,2715.0,BTO
2023-08-15 11:28:00,28.143,28.235,28.08,28.234,3020.0,BTO
2023-08-15 11:27:00,28.241,28.241,28.17,28.18,1435.0,BTO
2023-08-15 11:26:00,28.305,28.305,28.305,28.305,984.0,BTO
2023-08-15 11:24:00,28.3,28.32,28.29,28.32,982.0,BTO
2023-08-15 11:14:00,28.386,28.386,28.386,28.386,150.0,BTO
2023-08-15 11:12:00,28.533,28.533,28.533,28.533,104.0,BTO
2023-08-15 11:11:00,28.28,28.38,28.28,28.38,857.0,BTO
2023-08-15 10:57:00,28.29,28.29,28.12,28.12,303.0,BTO
2023-08-15 10:56:00,28.12,28.161,28.12,28.12,700.0,BTO
2023-08-15 10:55:00,28.15,28.15,28.11,28.11,1525.0,BTO
2023-08-15 10:54:00,28.151,28.151,28.15,28.15,921.0,BTO
2023-08-15 10:47:00,28.3,28.3,28.2,28.2,383.0,BTO
2023-08-15 10:45:00,28.2,28.2,28.2,28.2,101.0,BTO
2023-08-15 10:44:00,28.275,28.275,28.275,28.275,213.0,BTO
2023-08-15 10:40:00,28.14,28.245,28.14,28.245,251.0,BTO
2023-08-15 10:33:00,28.23,28.23,28.23,28.23,200.0,BTO
2023-08-15 10:30:00,28.17,28.17,28.1,28.1,303.0,BTO
2023-08-15 10:27:00,28.33,28.4,28.09,28.09,14147.0,BTO
2023-08-15 10:25:00,28.38,28.38,28.38,28.38,1260.0,BTO
2023-08-15 10:22:00,28.44,28.44,28.34,28.34,213.0,BTO
2023-08-15 10:17:00,28.455,28.455,28.34,28.38,625.0,BTO
2023-08-15 10:13:00,28.36,28.36,28.36,28.36,690.0,BTO
2023-08-15 10:09:00,28.4,28.4,28.39,28.39,652.0,BTO
2023-08-15 10:03:00,28.429,28.429,28.429,28.429,240.0,BTO
2023-08-15 09:57:00,28.49,28.49,28.49,28.49,3216.0,BTO
2023-08-15 09:56:00,28.48,28.49,28.48,28.49,630.0,BTO
2023-08-15 09:53:00,28.55,28.55,28.496,28.496,400.0,BTO
2023-08-15 09:52:00,28.49,28.56,28.49,28.56,816.0,BTO
2023-08-15 09:47:00,28.41,28.425,28.41,28.425,1100.0,BTO
2023-08-15 09:45:00,28.605,28.62,28.5,28.5,3100.0,BTO
2023-08-15 09:44:00,28.655,28.7,28.605,28.605,1895.0,BTO
2023-08-15 09:40:00,28.81,28.81,28.81,28.81,101.0,BTO
2023-08-15 09:30:00,28.77,28.77,28.77,28.77,2766.0,BTO
2023-08-14 19:53:00,29.39,29.39,29.39,29.39,1.0,BTO
2023-08-14 19:00:00,28.81,28.81,28.81,28.81,520.0,BTO
2023-08-14 18:30:00,28.81,28.81,28.81,28.81,520.0,BTO
2023-08-14 17:35:00,28.97,28.97,28.97,28.97,100.0,BTO
2023-08-14 17:34:00,28.96,28.96,28.96,28.96,76.0,BTO
2023-08-14 17:09:00,28.9,28.9,28.9,28.9,24.0,BTO
2023-08-14 16:26:00,29.17,29.17,29.17,29.17,1.0,BTO
2023-08-14 16:10:00,28.81,28.81,28.81,28.81,520.0,BTO
2023-08-14 16:00:00,28.78,28.83,28.78,28.81,1226.0,BTO
2023-08-14 15:59:00,28.81,28.81,28.78,28.78,1103.0,BTO
2023-08-14 15:56:00,28.852,28.852,28.83,28.83,406.0,BTO
2023-08-14 15:45:00,28.839,28.839,28.839,28.839,200.0,BTO
2023-08-14 15:38:00,28.848,28.849,28.848,28.848,167.0,BTO
2023-08-14 15:31:00,28.75,28.75,28.75,28.75,420.0,BTO
2023-08-14 15:29:00,28.88,28.88,28.88,28.88,230.0,BTO
2023-08-14 15:25:00,28.885,28.885,28.885,28.885,1000.0,BTO
2023-08-14 15:16:00,28.887,28.9,28.875,28.875,4325.0,BTO
2023-08-14 15:15:00,28.9,28.9,28.86,28.89,613.0,BTO
2023-08-14 15:13:00,28.79,28.79,28.75,28.75,1271.0,BTO
2023-08-14 15:12:00,28.865,28.865,28.865,28.865,120.0,BTO
2023-08-14 15:09:00,28.84,28.875,28.8,28.8,2902.0,BTO
2023-08-14 15:07:00,28.917,28.917,28.917,28.917,200.0,BTO
2023-08-14 14:54:00,28.877,28.877,28.877,28.877,800.0,BTO
2023-08-14 14:53:00,28.9,28.9,28.9,28.9,169.0,BTO
2023-08-14 14:34:00,28.91,28.91,28.9,28.9,293.0,BTO
2023-08-14 14:32:00,28.95,28.95,28.95,28.95,226.0,BTO
2023-08-14 14:06:00,28.96,28.96,28.91,28.91,281.0,BTO
2023-08-14 14:03:00,28.91,28.91,28.89,28.89,419.0,BTO
2023-08-14 13:54:00,28.96,28.96,28.96,28.96,183.0,BTO
2023-08-14 13:53:00,28.935,28.935,28.935,28.935,141.0,BTO
2023-08-14 13:47:00,28.896,28.897,28.896,28.896,1500.0,BTO
2023-08-14 13:34:00,28.92,28.99,28.81,28.99,4166.0,BTO
2023-08-14 13:32:00,28.965,28.965,28.965,28.965,235.0,BTO
2023-08-14 13:28:00,28.94,28.94,28.94,28.94,387.0,BTO
2023-08-14 13:27:00,28.92,28.92,28.92,28.92,176.0,BTO
2023-08-14 13:22:00,28.95,28.95,28.94,28.94,884.0,BTO
2023-08-14 13:18:00,28.947,28.947,28.947,28.947,150.0,BTO
2023-08-14 13:13:00,28.941,28.941,28.941,28.941,300.0,BTO
2023-08-14 13:08:00,29.06,29.06,29.06,29.06,181.0,BTO
2023-08-14 13:06:00,29.01,29.01,29.01,29.01,100.0,BTO
2023-08-14 12:58:00,28.995,29.0,28.995,29.0,353.0,BTO
2023-08-14 12:57:00,28.94,29.06,28.94,29.06,812.0,BTO
2023-08-14 12:45:00,28.938,28.938,28.93,28.93,300.0,BTO
2023-08-14 12:41:00,29.062,29.062,28.99,28.99,535.0,BTO
2023-08-14 12:40:00,28.93,28.93,28.93,28.93,475.0,BTO
2023-08-14 12:37:00,28.96,28.96,28.96,28.96,272.0,BTO
2023-08-14 12:34:00,28.938,28.938,28.93,28.93,817.0,BTO
2023-08-14 12:32:00,29.01,29.01,28.92,28.92,450.0,BTO
2023-08-14 12:14:00,29.06,29.06,29.03,29.03,582.0,BTO
2023-08-14 11:59:00,29.139,29.141,29.139,29.141,1410.0,BTO
2023-08-14 11:47:00,29.055,29.06,29.055,29.06,300.0,BTO
2023-08-14 11:44:00,28.97,28.97,28.97,28.97,425.0,BTO
2023-08-14 11:40:00,28.969,28.995,28.969,28.995,871.0,BTO
2023-08-14 11:07:00,28.98,28.98,28.98,28.98,382.0,BTO
2023-08-14 11:01:00,29.09,29.09,29.09,29.09,300.0,BTO
2023-08-14 10:50:00,28.95,28.95,28.95,28.95,100.0,BTO
2023-08-14 10:49:00,29.0,29.0,29.0,29.0,200.0,BTO
2023-08-14 10:48:00,29.06,29.06,29.06,29.06,268.0,BTO
2023-08-14 10:45:00,29.0,29.0,29.0,29.0,200.0,BTO
2023-08-14 10:42:00,29.0,29.0,29.0,29.0,135.0,BTO
2023-08-14 10:41:00,29.0,29.0,29.0,29.0,190.0,BTO
2023-08-14 10:17:00,29.0,29.0,29.0,29.0,2000.0,BTO
2023-08-14 10:15:00,29.0,29.0,29.0,29.0,2000.0,BTO
2023-08-14 10:13:00,29.09,29.09,29.06,29.06,300.0,BTO
2023-08-14 10:02:00,29.02,29.02,29.02,29.02,115.0,BTO
2023-08-14 09:57:00,28.976,28.976,28.976,28.976,200.0,BTO
2023-08-14 09:51:00,28.905,29.0,28.905,29.0,807.0,BTO
2023-08-14 09:48:00,29.0,29.0,29.0,29.0,118.0,BTO
2023-08-14 09:47:00,29.03,29.03,29.0,29.0,3069.0,BTO
2023-08-14 09:46:00,29.0,29.0,29.0,29.0,113.0,BTO
2023-08-14 09:41:00,29.16,29.16,29.16,29.16,139.0,BTO
2023-08-14 09:35:00,29.165,29.165,29.165,29.165,167.0,BTO
2023-08-14 09:32:00,29.07,29.07,29.07,29.07,564.0,BTO
2023-08-14 09:30:00,29.11,29.11,29.11,29.11,2046.0,BTO
2023-08-14 08:02:00,29.38,29.38,29.38,29.38,1.0,BTO
2023-08-11 19:00:00,29.38,29.38,29.38,29.38,306.0,BTO
2023-08-11 18:30:00,29.38,29.38,29.38,29.38,306.0,BTO
2023-08-11 16:10:00,29.38,29.38,29.38,29.38,306.0,BTO
2023-08-11 16:00:00,29.4,29.4,29.38,29.38,812.0,BTO
2023-08-11 15:59:00,29.4,29.4,29.4,29.4,129.0,BTO
2023-08-11 15:58:00,29.345,29.38,29.345,29.38,368.0,BTO
2023-08-11 15:53:00,29.405,29.405,29.405,29.405,175.0,BTO
2023-08-11 15:52:00,29.399,29.45,29.39,29.45,990.0,BTO
2023-08-11 15:51:00,29.4,29.4,29.35,29.35,903.0,BTO
2023-08-11 15:48:00,29.345,29.345,29.29,29.31,454.0,BTO
2023-08-11 15:38:00,29.3,29.4,29.29,29.4,800.0,BTO
2023-08-11 15:37:00,29.39,29.39,29.32,29.32,801.0,BTO
2023-08-11 15:34:00,29.4,29.4,29.4,29.4,546.0,BTO
2023-08-11 15:29:00,29.42,29.42,29.42,29.42,300.0,BTO
2023-08-11 15:25:00,29.41,29.41,29.41,29.41,259.0,BTO
2023-08-11 15:07:00,29.422,29.422,29.422,29.422,376.0,BTO
2023-08-11 14:51:00,29.54,29.54,29.54,29.54,338.0,BTO
2023-08-11 14:42:00,29.55,29.55,29.55,29.55,200.0,BTO
2023-08-11 14:41:00,29.5,29.5,29.49,29.49,561.0,BTO
2023-08-11 14:26:00,29.54,29.55,29.499,29.499,935.0,BTO
2023-08-11 14:20:00,29.42,29.42,29.42,29.42,102.0,BTO
2023-08-11 14:17:00,29.47,29.47,29.47,29.47,250.0,BTO
2023-08-11 14:09:00,29.53,29.53,29.53,29.53,170.0,BTO
2023-08-11 14:05:00,29.466,29.466,29.466,29.466,125.0,BTO
2023-08-11 13:57:00,29.45,29.47,29.45,29.47,564.0,BTO
2023-08-11 13:56:00,29.44,29.44,29.44,29.44,441.0,BTO
2023-08-11 13:55:00,29.43,29.43,29.43,29.43,254.0,BTO
2023-08-11 13:49:00,29.48,29.48,29.48,29.48,181.0,BTO
2023-08-11 13:47:00,29.47,29.47,29.47,29.47,144.0,BTO
2023-08-11 13:38:00,29.464,29.464,29.464,29.464,563.0,BTO
2023-08-11 13:20:00,29.472,29.472,29.471,29.471,130.0,BTO
2023-08-11 13:15:00,29.43,29.43,29.43,29.43,101.0,BTO
2023-08-11 13:05:00,29.53,29.53,29.53,29.53,200.0,BTO
2023-08-11 12:58:00,29.43,29.43,29.43,29.43,100.0,BTO
2023-08-11 12:56:00,29.545,29.545,29.545,29.545,500.0,BTO
2023-08-11 12:43:00,29.474,29.474,29.474,29.474,400.0,BTO
2023-08-11 12:40:00,29.495,29.495,29.495,29.495,350.0,BTO
2023-08-11 12:17:00,29.536,29.536,29.536,29.536,720.0,BTO
2023-08-11 12:03:00,29.496,29.496,29.496,29.496,272.0,BTO
2023-08-11 11:45:00,29.55,29.55,29.55,29.55,350.0,BTO
2023-08-11 11:28:00,29.52,29.55,29.52,29.55,429.0,BTO
2023-08-11 11:26:00,29.52,29.52,29.52,29.52,109.0,BTO
2023-08-11 11:23:00,29.51,29.51,29.51,29.51,177.0,BTO
2023-08-11 11:13:00,29.514,29.514,29.514,29.514,166.0,BTO
2023-08-11 11:02:00,29.4,29.52,29.4,29.52,425.0,BTO
2023-08-11 11:00:00,29.475,29.475,29.475,29.475,219.0,BTO
2023-08-11 10:31:00,29.434,29.434,29.434,29.434,100.0,BTO
2023-08-11 10:23:00,29.5,29.5,29.5,29.5,600.0,BTO
2023-08-11 10:22:00,29.53,29.53,29.53,29.53,785.0,BTO
2023-08-11 10:20:00,29.6,29.6,29.6,29.6,510.0,BTO
2023-08-11 10:13:00,29.52,29.52,29.52,29.52,510.0,BTO
2023-08-11 10:10:00,29.463,29.463,29.462,29.462,1603.0,BTO
2023-08-11 10:07:00,29.545,29.545,29.545,29.545,3002.0,BTO
2023-08-11 10:03:00,29.55,29.55,29.55,29.55,487.0,BTO
2023-08-11 10:00:00,29.63,29.646,29.63,29.646,695.0,BTO
2023-08-11 09:59:00,29.63,29.64,29.63,29.64,201.0,BTO
2023-08-11 09:51:00,29.575,29.73,29.575,29.73,600.0,BTO
2023-08-11 09:47:00,29.67,29.67,29.67,29.67,151.0,BTO
2023-08-11 09:45:00,29.78,29.79,29.78,29.79,442.0,BTO
2023-08-11 09:43:00,29.79,29.79,29.77,29.78,759.0,BTO
2023-08-11 09:42:00,29.77,29.79,29.77,29.79,800.0,BTO
2023-08-11 09:40:00,29.805,29.805,29.805,29.805,134.0,BTO
2023-08-11 09:36:00,29.98,29.98,29.95,29.95,562.0,BTO
2023-08-11 09:34:00,29.59,29.59,29.59,29.59,102.0,BTO
2023-08-11 09:30:00,29.54,29.57,29.54,29.57,1504.0,BTO
2023-08-10 19:00:00,29.41,29.41,29.41,29.41,523.0,BTO
2023-08-10 18:30:00,29.41,29.41,29.41,29.41,523.0,BTO
2023-08-10 16:10:00,29.41,29.41,29.41,29.41,523.0,BTO
2023-08-10 16:00:00,29.41,29.41,29.41,29.41,1255.0,BTO
2023-08-10 15:59:00,29.335,29.41,29.33,29.41,1263.0,BTO
2023-08-10 15:56:00,29.436,29.436,29.436,29.436,100.0,BTO
2023-08-10 15:52:00,29.45,29.45,29.45,29.45,500.0,BTO
2023-08-10 15:33:00,29.46,29.58,29.46,29.58,600.0,BTO
2023-08-10 15:26:00,29.699,29.699,29.699,29.699,300.0,BTO
2023-08-10 15:23:00,29.332,29.332,29.332,29.332,400.0,BTO
2023-08-10 15:22:00,29.4,29.4,29.4,29.4,900.0,BTO
2023-08-10 15:13:00,29.495,29.495,29.495,29.495,156.0,BTO
2023-08-10 14:58:00,29.65,29.65,29.65,29.65,650.0,BTO
2023-08-10 14:56:00,29.64,29.64,29.47,29.47,2662.0,BTO
2023-08-10 14:42:00,29.35,29.35,29.35,29.35,200.0,BTO
2023-08-10 14:41:00,29.47,29.47,29.37,29.37,637.0,BTO
2023-08-10 14:39:00,29.494,29.494,29.494,29.494,100.0,BTO
2023-08-10 14:38:00,29.435,29.435,29.36,29.36,2016.0,BTO
2023-08-10 14:31:00,29.36,29.36,29.36,29.36,250.0,BTO
2023-08-10 14:30:00,29.425,29.53,29.425,29.53,405.0,BTO
2023-08-10 14:21:00,29.35,29.35,29.35,29.35,230.0,BTO
2023-08-10 14:10:00,29.301,29.301,29.301,29.301,250.0,BTO
2023-08-10 14:08:00,29.4,29.4,29.4,29.4,835.0,BTO
2023-08-10 14:02:00,29.3,29.373,29.3,29.373,466.0,BTO
2023-08-10 13:58:00,29.406,29.406,29.406,29.406,150.0,BTO
2023-08-10 13:55:00,29.3,29.35,29.3,29.35,950.0,BTO
2023-08-10 13:54:00,29.422,29.422,29.422,29.422,385.0,BTO
2023-08-10 13:52:00,29.28,29.365,29.27,29.31,1939.0,BTO
2023-08-10 13:48:00,29.4,29.4,29.4,29.4,355.0,BTO
2023-08-10 13:46:00,29.44,29.44,29.44,29.44,300.0,BTO
2023-08-10 13:45:00,29.415,29.415,29.415,29.415,198.0,BTO
2023-08-10 13:41:00,29.261,29.261,29.261,29.261,310.0,BTO
2023-08-10 13:38:00,29.37,29.405,29.37,29.405,200.0,BTO
2023-08-10 13:37:00,29.48,29.48,29.48,29.48,300.0,BTO
2023-08-10 13:36:00,29.286,29.286,29.286,29.286,210.0,BTO
2023-08-10 13:34:00,29.5,29.5,29.38,29.38,403.0,BTO
2023-08-10 13:33:00,29.385,29.385,29.385,29.385,100.0,BTO
2023-08-10 13:31:00,29.385,29.385,29.385,29.385,100.0,BTO
2023-08-10 13:30:00,29.46,29.46,29.46,29.46,100.0,BTO
2023-08-10 13:27:00,29.49,29.49,29.49,29.49,175.0,BTO
2023-08-10 13:22:00,29.494,29.494,29.494,29.494,680.0,BTO
2023-08-10 13:18:00,29.385,29.385,29.385,29.385,100.0,BTO
2023-08-10 13:15:00,29.51,29.51,29.5,29.5,400.0,BTO
2023-08-10 13:14:00,29.512,29.512,29.512,29.512,220.0,BTO
2023-08-10 13:13:00,29.52,29.52,29.52,29.52,400.0,BTO
2023-08-10 13:07:00,29.53,29.53,29.53,29.53,100.0,BTO
2023-08-10 13:06:00,29.563,29.563,29.563,29.563,945.0,BTO
2023-08-10 13:04:00,29.52,29.52,29.52,29.52,595.0,BTO
2023-08-10 13:00:00,29.53,29.53,29.53,29.53,100.0,BTO
2023-08-10 12:58:00,29.535,29.535,29.535,29.535,390.0,BTO
2023-08-10 12:53:00,29.59,29.59,29.57,29.57,1660.0,BTO
2023-08-10 12:48:00,29.68,29.69,29.68,29.69,590.0,BTO
2023-08-10 12:34:00,29.678,29.678,29.677,29.677,250.0,BTO
2023-08-10 12:31:00,29.61,29.61,29.61,29.61,299.0,BTO
2023-08-10 12:21:00,29.62,29.62,29.61,29.61,204.0,BTO
2023-08-10 12:17:00,29.73,29.73,29.73,29.73,175.0,BTO
2023-08-10 12:00:00,29.73,29.73,29.73,29.73,100.0,BTO
2023-08-10 11:59:00,29.695,29.695,29.655,29.655,411.0,BTO
2023-08-10 11:44:00,29.7,29.7,29.7,29.7,206.0,BTO
2023-08-10 11:40:00,29.81,29.81,29.81,29.81,454.0,BTO
2023-08-10 11:37:00,29.731,29.731,29.731,29.731,2000.0,BTO
2023-08-10 10:55:00,29.8,29.81,29.8,29.81,400.0,BTO
2023-08-10 10:49:00,29.651,29.651,29.651,29.651,100.0,BTO
2023-08-10 10:47:00,29.735,29.75,29.735,29.75,1450.0,BTO
2023-08-10 10:46:00,29.66,29.66,29.66,29.66,400.0,BTO
2023-08-10 10:32:00,30.0,30.12,30.0,30.12,833.0,BTO
2023-08-10 10:30:00,30.132,30.132,30.132,30.132,499.0,BTO
2023-08-10 10:27:00,29.993,29.993,29.993,29.993,168.0,BTO
2023-08-10 10:25:00,29.974,29.974,29.974,29.974,150.0,BTO
2023-08-10 10:18:00,29.99,29.99,29.99,29.99,200.0,BTO
2023-08-10 10:17:00,30.04,30.04,30.04,30.04,165.0,BTO
2023-08-10 10:06:00,30.18,30.18,30.18,30.18,176.0,BTO
2023-08-10 10:04:00,30.036,30.036,29.99,29.99,955.0,BTO
2023-08-10 10:02:00,30.075,30.075,30.075,30.075,200.0,BTO
2023-08-10 09:55:00,30.072,30.072,30.058,30.058,518.0,BTO
2023-08-10 09:50:00,29.978,29.978,29.978,29.978,550.0,BTO
2023-08-10 09:48:00,30.17,30.17,30.17,30.17,175.0,BTO
2023-08-10 09:46:00,30.025,30.025,30.025,30.025,270.0,BTO
2023-08-10 09:41:00,30.02,30.02,30.02,30.02,128.0,BTO
2023-08-10 09:40:00,30.17,30.17,30.17,30.17,152.0,BTO
2023-08-10 09:35:00,29.99,29.99,29.99,29.99,277.0,BTO
2023-08-10 09:34:00,30.03,30.06,30.03,30.06,600.0,BTO
2023-08-10 09:33:00,30.055,30.055,30.055,30.055,225.0,BTO
2023-08-10 09:30:00,29.57,29.57,29.57,29.57,3675.0,BTO
2023-08-10 08:00:00,29.57,29.57,29.57,29.57,1.0,BTO
2023-08-09 19:00:00,29.57,29.57,29.57,29.57,550.0,BTO
2023-08-09 18:30:00,29.57,29.57,29.57,29.57,550.0,BTO
2023-08-09 16:10:00,29.57,29.57,29.57,29.57,550.0,BTO
2023-08-09 16:00:00,29.57,29.57,29.57,29.57,1300.0,BTO
2023-08-09 15:59:00,29.58,29.58,29.53,29.57,3059.0,BTO
2023-08-09 15:57:00,29.57,29.58,29.54,29.54,845.0,BTO
2023-08-09 15:56:00,29.47,29.54,29.47,29.54,789.0,BTO
2023-08-09 15:53:00,29.44,29.44,29.44,29.44,100.0,BTO
2023-08-09 15:51:00,29.529,29.529,29.529,29.529,845.0,BTO
2023-08-09 15:49:00,29.58,29.58,29.5,29.51,975.0,BTO
2023-08-09 15:46:00,29.65,29.65,29.64,29.64,2435.0,BTO
2023-08-09 15:45:00,29.66,29.66,29.66,29.66,221.0,BTO
2023-08-09 15:40:00,29.724,29.724,29.724,29.724,592.0,BTO
2023-08-09 15:39:00,29.725,29.725,29.725,29.725,520.0,BTO
2023-08-09 15:26:00,29.842,29.842,29.842,29.842,608.0,BTO
2023-08-09 15:22:00,29.75,29.75,29.75,29.75,100.0,BTO
2023-08-09 15:20:00,29.85,29.85,29.85,29.85,200.0,BTO
2023-08-09 15:08:00,29.63,29.86,29.63,29.83,901.0,BTO
2023-08-09 15:07:00,29.58,29.59,29.58,29.59,400.0,BTO
2023-08-09 15:06:00,29.515,29.52,29.5,29.5,838.0,BTO
2023-08-09 15:05:00,29.71,29.82,29.53,29.82,2069.0,BTO
2023-08-09 14:55:00,29.848,29.848,29.847,29.847,100.0,BTO
2023-08-09 14:51:00,29.75,29.75,29.75,29.75,2579.0,BTO
2023-08-09 14:38:00,29.75,29.75,29.75,29.75,400.0,BTO
2023-08-09 14:34:00,29.81,29.903,29.81,29.903,1150.0,BTO
2023-08-09 14:30:00,29.855,29.855,29.855,29.855,150.0,BTO
2023-08-09 14:26:00,29.865,29.87,29.85,29.85,590.0,BTO
2023-08-09 14:23:00,29.99,29.99,29.99,29.99,200.0,BTO
2023-08-09 14:21:00,29.871,29.93,29.871,29.93,204.0,BTO
2023-08-09 14:18:00,29.92,29.92,29.92,29.92,100.0,BTO
2023-08-09 14:17:00,29.91,29.92,29.91,29.92,3487.0,BTO
2023-08-09 14:16:00,29.89,29.91,29.84,29.91,900.0,BTO
2023-08-09 14:14:00,29.91,29.91,29.835,29.91,1800.0,BTO
2023-08-09 14:11:00,29.83,29.91,29.77,29.91,500.0,BTO
2023-08-09 14:09:00,29.82,29.82,29.76,29.76,700.0,BTO
2023-08-09 14:08:00,29.785,29.785,29.785,29.785,100.0,BTO
2023-08-09 14:07:00,29.76,29.822,29.76,29.785,2165.0,BTO
2023-08-09 14:05:00,29.76,29.78,29.76,29.763,758.0,BTO
2023-08-09 13:59:00,29.842,29.842,29.842,29.842,850.0,BTO
2023-08-09 13:55:00,29.83,29.83,29.77,29.77,906.0,BTO
2023-08-09 13:54:00,29.82,29.82,29.82,29.82,100.0,BTO
2023-08-09 13:43:00,29.79,29.83,29.75,29.75,1218.0,BTO
2023-08-09 13:39:00,29.82,29.86,29.82,29.86,417.0,BTO
2023-08-09 13:26:00,29.838,29.838,29.838,29.838,134.0,BTO
2023-08-09 13:21:00,29.823,29.823,29.823,29.823,100.0,BTO
2023-08-09 13:16:00,29.858,29.858,29.858,29.858,134.0,BTO
2023-08-09 13:06:00,29.83,29.83,29.83,29.83,100.0,BTO
2023-08-09 13:03:00,29.78,29.78,29.78,29.78,300.0,BTO
2023-08-09 12:55:00,29.868,29.868,29.868,29.868,100.0,BTO
2023-08-09 12:52:00,29.87,29.87,29.87,29.87,119.0,BTO
2023-08-09 12:36:00,29.79,29.79,29.77,29.773,460.0,BTO
2023-08-09 12:31:00,29.76,29.76,29.76,29.76,421.0,BTO
2023-08-09 12:29:00,29.69,29.747,29.69,29.747,350.0,BTO
2023-08-09 12:28:00,29.78,29.78,29.78,29.78,419.0,BTO
2023-08-09 12:25:00,29.869,29.869,29.76,29.76,900.0,BTO
2023-08-09 12:22:00,29.775,29.775,29.775,29.775,400.0,BTO
2023-08-09 12:20:00,29.77,29.77,29.77,29.77,133.0,BTO
2023-08-09 12:19:00,29.79,29.79,29.79,29.79,175.0,BTO
2023-08-09 12:17:00,29.85,29.85,29.8,29.8,614.0,BTO
2023-08-09 12:15:00,30.0,30.0,30.0,30.0,140.0,BTO
2023-08-09 12:14:00,29.86,29.86,29.86,29.86,300.0,BTO
2023-08-09 12:04:00,29.827,29.827,29.827,29.827,2030.0,BTO
2023-08-09 11:56:00,29.85,29.85,29.85,29.85,370.0,BTO
2023-08-09 11:54:00,30.1,30.1,30.1,30.1,350.0,BTO
2023-08-09 11:47:00,30.1,30.1,30.1,30.1,332.0,BTO
2023-08-09 11:34:00,29.93,29.93,29.86,29.93,379.0,BTO
2023-08-09 11:28:00,29.95,29.97,29.95,29.95,1929.0,BTO
2023-08-09 11:21:00,30.024,30.024,30.024,30.024,300.0,BTO
2023-08-09 11:19:00,29.943,30.07,29.943,30.07,1642.0,BTO
2023-08-09 11:07:00,30.11,30.11,30.1,30.1,428.0,BTO
2023-08-09 10:57:00,30.205,30.205,30.205,30.205,827.0,BTO
2023-08-09 10:56:00,30.125,30.125,30.125,30.125,400.0,BTO
2023-08-09 10:52:00,30.14,30.14,30.13,30.13,250.0,BTO
2023-08-09 10:26:00,30.37,30.37,30.37,30.37,206.0,BTO
2023-08-09 10:24:00,30.102,30.102,30.102,30.102,252.0,BTO
2023-08-09 10:21:00,30.35,30.35,30.35,30.35,258.0,BTO
2023-08-09 10:18:00,30.38,30.38,30.38,30.38,163.0,BTO
2023-08-09 10:17:00,30.248,30.248,30.248,30.248,150.0,BTO
2023-08-09 10:10:00,30.225,30.225,30.225,30.225,210.0,BTO
2023-08-09 10:04:00,30.225,30.225,30.225,30.225,150.0,BTO
2023-08-09 10:03:00,30.39,30.39,30.39,30.39,100.0,BTO
2023-08-09 09:56:00,30.3,30.3,30.3,30.3,100.0,BTO
2023-08-09 09:46:00,30.2,30.2,30.2,30.2,103.0,BTO
2023-08-09 09:45:00,30.1,30.31,30.1,30.31,410.0,BTO
2023-08-09 09:42:00,30.015,30.015,30.015,30.015,300.0,BTO
2023-08-09 09:37:00,30.38,30.38,30.38,30.38,100.0,BTO
2023-08-09 09:35:00,30.395,30.395,30.395,30.395,101.0,BTO
2023-08-09 09:30:00,30.15,30.15,30.0,30.0,1946.0,BTO
2023-08-08 19:00:00,30.23,30.23,30.23,30.23,121.0,BTO
2023-08-08 18:30:00,30.23,30.23,30.23,30.23,121.0,BTO
2023-08-08 16:10:00,30.23,30.23,30.23,30.23,121.0,BTO
2023-08-08 16:00:00,30.17,30.23,30.17,30.23,442.0,BTO
2023-08-08 15:59:00,30.23,30.24,30.17,30.17,1203.0,BTO
2023-08-08 15:57:00,30.2,30.21,30.2,30.2,465.0,BTO
2023-08-08 15:52:00,30.2,30.26,30.2,30.26,379.0,BTO
2023-08-08 15:49:00,30.244,30.244,30.23,30.23,1092.0,BTO
2023-08-08 15:47:00,30.255,30.255,30.25,30.25,616.0,BTO
2023-08-08 15:44:00,30.23,30.23,30.23,30.23,112.0,BTO
2023-08-08 15:42:00,30.25,30.32,30.25,30.32,295.0,BTO
2023-08-08 15:41:00,30.25,30.25,30.25,30.25,206.0,BTO
2023-08-08 15:36:00,30.19,30.19,30.19,30.19,300.0,BTO
2023-08-08 15:33:00,30.255,30.255,30.255,30.255,100.0,BTO
2023-08-08 15:32:00,30.207,30.208,30.207,30.207,2059.0,BTO
2023-08-08 15:18:00,30.21,30.21,30.21,30.21,150.0,BTO
2023-08-08 15:01:00,30.214,30.214,30.214,30.214,100.0,BTO
2023-08-08 14:59:00,30.13,30.13,30.13,30.13,150.0,BTO
2023-08-08 14:56:00,30.142,30.142,30.142,30.142,255.0,BTO
2023-08-08 14:49:00,30.13,30.13,30.13,30.13,500.0,BTO
2023-08-08 14:48:00,30.24,30.24,30.03,30.03,886.0,BTO
2023-08-08 14:42:00,30.12,30.12,30.12,30.12,300.0,BTO
2023-08-08 14:41:00,30.12,30.12,30.12,30.12,400.0,BTO
2023-08-08 14:38:00,30.135,30.135,30.135,30.135,1100.0,BTO
2023-08-08 14:27:00,30.18,30.18,30.17,30.18,573.0,BTO
2023-08-08 14:26:00,30.215,30.248,30.215,30.248,1650.0,BTO
2023-08-08 14:19:00,30.245,30.245,30.245,30.245,222.0,BTO
2023-08-08 14:14:00,30.255,30.255,30.255,30.255,395.0,BTO
2023-08-08 14:06:00,30.28,30.28,30.28,30.28,166.0,BTO
2023-08-08 14:02:00,30.16,30.245,30.16,30.245,433.0,BTO
2023-08-08 14:01:00,30.16,30.16,30.16,30.16,166.0,BTO
2023-08-08 13:54:00,30.226,30.226,30.226,30.226,117.0,BTO
2023-08-08 13:42:00,30.33,30.33,30.33,30.33,344.0,BTO
2023-08-08 13:36:00,30.34,30.34,30.34,30.34,150.0,BTO
2023-08-08 13:34:00,30.33,30.33,30.198,30.198,730.0,BTO
2023-08-08 13:31:00,30.33,30.33,30.209,30.209,1150.0,BTO
2023-08-08 13:28:00,30.205,30.205,30.205,30.205,1100.0,BTO
2023-08-08 13:26:00,30.34,30.34,30.34,30.34,100.0,BTO
2023-08-08 13:20:00,30.34,30.34,30.34,30.34,100.0,BTO
2023-08-08 13:17:00,30.2,30.2,30.2,30.2,703.0,BTO
2023-08-08 13:13:00,30.19,30.19,30.19,30.19,100.0,BTO
2023-08-08 13:05:00,30.19,30.19,30.115,30.115,200.0,BTO
2023-08-08 12:58:00,30.25,30.25,30.25,30.25,100.0,BTO
2023-08-08 12:57:00,30.1,30.11,30.1,30.11,200.0,BTO
2023-08-08 12:54:00,30.1,30.1,30.1,30.1,452.0,BTO
2023-08-08 12:48:00,30.1,30.1,30.1,30.1,100.0,BTO
2023-08-08 12:40:00,30.12,30.12,30.12,30.12,100.0,BTO
2023-08-08 12:37:00,29.992,30.02,29.992,30.02,400.0,BTO
2023-08-08 12:31:00,30.02,30.02,29.95,29.95,400.0,BTO
2023-08-08 12:04:00,29.82,29.82,29.82,29.82,124.0,BTO
2023-08-08 11:53:00,29.96,29.96,29.91,29.91,502.0,BTO
2023-08-08 11:38:00,29.89,29.89,29.89,29.89,250.0,BTO
2023-08-08 11:32:00,29.89,29.89,29.89,29.89,500.0,BTO
2023-08-08 11:10:00,29.75,29.75,29.75,29.75,150.0,BTO
2023-08-08 11:09:00,29.81,30.0,29.75,30.0,500.0,BTO
2023-08-08 11:01:00,29.9,29.9,29.9,29.9,305.0,BTO
2023-08-08 10:53:00,29.865,29.865,29.865,29.865,1400.0,BTO
2023-08-08 10:19:00,29.95,29.95,29.95,29.95,632.0,BTO
2023-08-08 10:18:00,29.73,29.73,29.71,29.717,2160.0,BTO
2023-08-08 10:13:00,30.0,30.0,30.0,30.0,434.0,BTO
2023-08-08 10:10:00,30.1,30.1,30.1,30.1,875.0,BTO
2023-08-08 10:06:00,30.081,30.081,30.081,30.081,250.0,BTO
2023-08-08 10:05:00,30.0,30.01,30.0,30.01,1300.0,BTO
2023-08-08 10:02:00,29.863,29.863,29.863,29.863,100.0,BTO
2023-08-08 10:01:00,29.8,29.8,29.799,29.799,1000.0,BTO
2023-08-08 09:57:00,29.88,29.88,29.88,29.88,300.0,BTO
2023-08-08 09:56:00,29.85,29.865,29.85,29.86,423.0,BTO
2023-08-08 09:54:00,29.675,29.675,29.675,29.675,585.0,BTO
2023-08-08 09:53:00,29.75,29.75,29.72,29.72,500.0,BTO
2023-08-08 09:50:00,29.71,29.71,29.71,29.71,110.0,BTO
2023-08-08 09:47:00,29.72,29.72,29.72,29.72,277.0,BTO
2023-08-08 09:43:00,29.88,29.9,29.88,29.9,421.0,BTO
2023-08-08 09:41:00,29.95,29.95,29.76,29.76,650.0,BTO
2023-08-08 09:38:00,30.02,30.02,30.02,30.02,1000.0,BTO
2023-08-08 09:36:00,30.0,30.111,29.97,29.97,2636.0,BTO
2023-08-08 09:33:00,30.183,30.335,30.183,30.335,3050.0,BTO
2023-08-08 09:32:00,30.285,30.318,30.285,30.318,425.0,BTO
2023-08-08 09:31:00,30.17,30.17,30.17,30.17,221.0,BTO
2023-08-08 09:30:00,30.19,30.19,30.19,30.19,2479.0,BTO
2023-08-07 19:00:00,30.74,30.74,30.74,30.74,532.0,BTO
2023-08-07 18:30:00,30.74,30.74,30.74,30.74,532.0,BTO
2023-08-07 16:10:00,30.74,30.74,30.74,30.74,532.0,BTO
2023-08-07 16:00:00,30.74,30.74,30.7,30.74,1200.0,BTO
2023-08-07 15:59:00,30.72,30.74,30.72,30.74,1001.0,BTO
2023-08-07 15:58:00,30.67,30.67,30.67,30.67,1222.0,BTO
2023-08-07 15:57:00,30.69,30.69,30.69,30.69,305.0,BTO
2023-08-07 15:55:00,30.685,30.685,30.685,30.685,417.0,BTO
2023-08-07 15:54:00,30.71,30.71,30.68,30.68,632.0,BTO
2023-08-07 15:52:00,30.616,30.616,30.616,30.616,231.0,BTO
2023-08-07 15:47:00,30.67,30.68,30.644,30.644,1100.0,BTO
2023-08-07 15:37:00,30.585,30.585,30.585,30.585,500.0,BTO
2023-08-07 15:33:00,30.58,30.655,30.56,30.59,2254.0,BTO
2023-08-07 15:07:00,30.67,30.67,30.67,30.67,100.0,BTO
2023-08-07 15:05:00,30.655,30.655,30.655,30.655,101.0,BTO
2023-08-07 15:02:00,30.61,30.61,30.61,30.61,138.0,BTO
2023-08-07 14:53:00,30.56,30.56,30.56,30.56,121.0,BTO
2023-08-07 14:52:00,30.5,30.5,30.5,30.5,372.0,BTO
2023-08-07 14:43:00,30.419,30.419,30.419,30.419,150.0,BTO
2023-08-07 14:40:00,30.5,30.5,30.5,30.5,100.0,BTO
2023-08-07 14:39:00,30.46,30.46,30.46,30.46,100.0,BTO
2023-08-07 14:33:00,30.63,30.63,30.63,30.63,320.0,BTO
2023-08-07 14:26:00,30.62,30.62,30.615,30.615,500.0,BTO
2023-08-07 14:17:00,30.549,30.549,30.549,30.549,200.0,BTO
2023-08-07 13:52:00,30.62,30.655,30.42,30.655,2630.0,BTO
2023-08-07 13:48:00,30.624,30.624,30.624,30.624,100.0,BTO
2023-08-07 13:34:00,30.623,30.623,30.623,30.623,180.0,BTO
2023-08-07 13:26:00,30.719,30.719,30.719,30.719,733.0,BTO
2023-08-07 13:23:00,30.682,30.682,30.682,30.682,100.0,BTO
2023-08-07 13:15:00,30.691,30.691,30.691,30.691,250.0,BTO
2023-08-07 13:06:00,30.687,30.687,30.687,30.687,150.0,BTO
2023-08-07 12:53:00,30.62,30.62,30.62,30.62,102.0,BTO
2023-08-07 12:51:00,30.715,30.715,30.715,30.715,500.0,BTO
2023-08-07 12:49:00,30.61,30.61,30.61,30.61,247.0,BTO
2023-08-07 12:35:00,30.647,30.647,30.647,30.647,250.0,BTO
2023-08-07 12:31:00,30.73,30.74,30.73,30.74,400.0,BTO
2023-08-07 12:21:00,30.6,30.6,30.6,30.6,100.0,BTO
2023-08-07 12:14:00,30.63,30.63,30.62,30.62,200.0,BTO
2023-08-07 12:11:00,30.732,30.732,30.732,30.732,400.0,BTO
2023-08-07 12:10:00,30.72,30.72,30.72,30.72,228.0,BTO
2023-08-07 11:47:00,30.635,30.635,30.635,30.635,225.0,BTO
2023-08-07 11:46:00,30.654,30.654,30.654,30.654,213.0,BTO
2023-08-07 11:38:00,30.7,30.7,30.7,30.7,311.0,BTO
2023-08-07 11:34:00,30.598,30.598,30.598,30.598,200.0,BTO
2023-08-07 11:30:00,30.74,30.74,30.74,30.74,162.0,BTO
2023-08-07 11:26:00,30.72,30.74,30.72,30.74,501.0,BTO
2023-08-07 11:17:00,30.625,30.625,30.625,30.625,290.0,BTO
2023-08-07 11:12:00,30.61,30.61,30.61,30.61,110.0,BTO
2023-08-07 11:06:00,30.7,30.7,30.67,30.67,780.0,BTO
2023-08-07 11:00:00,30.74,30.74,30.74,30.74,460.0,BTO
2023-08-07 10:45:00,30.626,30.626,30.626,30.626,250.0,BTO
2023-08-07 10:37:00,30.605,30.605,30.605,30.605,250.0,BTO
2023-08-07 10:30:00,30.61,30.65,30.56,30.56,2450.0,BTO
2023-08-07 10:28:00,30.46,30.46,30.46,30.46,100.0,BTO
2023-08-07 10:23:00,30.528,30.528,30.528,30.528,665.0,BTO
2023-08-07 10:19:00,30.472,30.472,30.472,30.472,100.0,BTO
2023-08-07 10:15:00,30.465,30.465,30.465,30.465,271.0,BTO
2023-08-07 10:14:00,30.555,30.555,30.555,30.555,252.0,BTO
2023-08-07 10:05:00,30.52,30.52,30.52,30.52,300.0,BTO
2023-08-07 10:02:00,30.64,30.64,30.64,30.64,358.0,BTO
2023-08-07 10:00:00,30.56,30.62,30.55,30.62,682.0,BTO
2023-08-07 09:59:00,30.765,30.765,30.57,30.57,1727.0,BTO
2023-08-07 09:57:00,30.8,30.8,30.8,30.8,595.0,BTO
2023-08-07 09:41:00,31.101,31.101,30.805,30.805,2614.0,BTO
2023-08-07 09:40:00,31.28,31.28,30.81,30.81,3162.0,BTO
2023-08-07 09:39:00,30.96,31.21,30.96,31.21,1147.0,BTO
2023-08-07 09:38:00,30.87,30.98,30.87,30.98,537.0,BTO
2023-08-07 09:37:00,30.685,30.685,30.685,30.685,817.0,BTO
2023-08-07 09:36:00,30.685,30.685,30.685,30.685,816.0,BTO
2023-08-07 09:34:00,30.71,30.99,30.71,30.87,2715.0,BTO
2023-08-07 09:32:00,30.5,30.615,30.41,30.615,2701.0,BTO
2023-08-07 09:30:00,30.47,30.47,30.47,30.47,858.0,BTO
2023-08-04 19:34:00,30.09,30.09,30.01,30.01,17.0,BTO
2023-08-04 19:00:00,30.23,30.23,30.23,30.23,349.0,BTO
2023-08-04 18:30:00,30.23,30.23,30.23,30.23,349.0,BTO
2023-08-04 16:10:00,30.23,30.23,30.23,30.23,349.0,BTO
2023-08-04 16:00:00,30.11,30.23,30.11,30.23,903.0,BTO
2023-08-04 15:59:00,30.11,30.11,30.11,30.11,178.0,BTO
2023-08-04 15:53:00,30.17,30.24,30.17,30.24,2003.0,BTO
2023-08-04 15:47:00,30.19,30.19,30.18,30.18,620.0,BTO
2023-08-04 15:40:00,30.207,30.207,30.207,30.207,507.0,BTO
2023-08-04 15:36:00,30.24,30.24,30.24,30.24,260.0,BTO
2023-08-04 15:30:00,30.08,30.08,30.08,30.08,500.0,BTO
2023-08-04 15:22:00,30.161,30.161,30.161,30.161,145.0,BTO
2023-08-04 15:17:00,30.187,30.187,30.187,30.187,400.0,BTO
2023-08-04 15:05:00,30.21,30.23,30.13,30.23,497.0,BTO
2023-08-04 14:31:00,30.11,30.11,30.11,30.11,200.0,BTO
2023-08-04 14:25:00,30.3,30.3,30.145,30.145,501.0,BTO
2023-08-04 14:24:00,30.11,30.215,30.1,30.215,1040.0,BTO
2023-08-04 14:06:00,30.264,30.264,30.264,30.264,400.0,BTO
2023-08-04 14:05:00,30.264,30.264,30.264,30.264,400.0,BTO
2023-08-04 14:04:00,30.22,30.22,30.18,30.18,1660.0,BTO
2023-08-04 13:58:00,30.25,30.25,30.25,30.25,381.0,BTO
2023-08-04 13:52:00,30.33,30.33,30.28,30.28,1166.0,BTO
2023-08-04 13:36:00,30.424,30.424,30.424,30.424,300.0,BTO
2023-08-04 13:22:00,30.367,30.367,30.367,30.367,366.0,BTO
2023-08-04 13:18:00,30.29,30.361,30.25,30.335,900.0,BTO
2023-08-04 13:10:00,30.41,30.49,30.32,30.49,725.0,BTO
2023-08-04 12:59:00,30.41,30.41,30.41,30.41,300.0,BTO
2023-08-04 12:20:00,30.489,30.489,30.489,30.489,175.0,BTO
2023-08-04 12:17:00,30.49,30.49,30.49,30.49,500.0,BTO
2023-08-04 12:01:00,30.41,30.41,30.41,30.41,100.0,BTO
2023-08-04 12:00:00,30.53,30.53,30.53,30.53,510.0,BTO
2023-08-04 11:58:00,30.25,30.443,30.25,30.443,317.0,BTO
2023-08-04 11:53:00,30.51,30.51,30.51,30.51,993.0,BTO
2023-08-04 11:51:00,30.502,30.502,30.502,30.502,150.0,BTO
2023-08-04 11:49:00,30.54,30.54,30.54,30.54,192.0,BTO
2023-08-04 11:46:00,30.424,30.424,30.424,30.424,212.0,BTO
2023-08-04 11:35:00,30.454,30.454,30.454,30.454,316.0,BTO
2023-08-04 11:01:00,30.415,30.415,30.415,30.415,270.0,BTO
2023-08-04 10:59:00,30.57,30.57,30.57,30.57,107.0,BTO
2023-08-04 10:54:00,30.51,30.6,30.48,30.6,600.0,BTO
2023-08-04 10:53:00,30.56,30.56,30.56,30.56,100.0,BTO
2023-08-04 10:47:00,30.6,30.6,30.6,30.6,510.0,BTO
2023-08-04 10:45:00,30.56,30.56,30.45,30.52,720.0,BTO
2023-08-04 10:42:00,30.677,30.677,30.677,30.677,271.0,BTO
2023-08-04 10:41:00,30.672,30.672,30.671,30.672,525.0,BTO
2023-08-04 10:33:00,30.72,30.72,30.72,30.72,107.0,BTO
2023-08-04 10:31:00,30.6,30.6,30.6,30.6,200.0,BTO
2023-08-04 10:30:00,30.62,30.62,30.62,30.62,135.0,BTO
2023-08-04 10:18:00,30.41,30.515,30.41,30.515,671.0,BTO
2023-08-04 10:16:00,30.368,30.368,30.368,30.368,200.0,BTO
2023-08-04 10:09:00,30.28,30.409,30.28,30.409,1828.0,BTO
2023-08-04 10:08:00,30.43,30.43,30.43,30.43,100.0,BTO
2023-08-04 10:05:00,30.209,30.209,30.209,30.209,500.0,BTO
2023-08-04 09:58:00,30.404,30.404,30.404,30.404,200.0,BTO
2023-08-04 09:57:00,30.42,30.42,30.42,30.42,100.0,BTO
2023-08-04 09:47:00,30.42,30.42,30.42,30.42,100.0,BTO
2023-08-04 09:41:00,30.0,30.0,30.0,30.0,1897.0,BTO
2023-08-04 09:40:00,30.0,30.0,30.0,30.0,1806.0,BTO
2023-08-04 09:38:00,30.18,30.18,30.15,30.15,1252.0,BTO
2023-08-04 09:36:00,30.18,30.27,30.18,30.27,812.0,BTO
2023-08-04 09:35:00,30.15,30.15,30.15,30.15,167.0,BTO
2023-08-04 09:34:00,30.4,30.4,30.4,30.4,1000.0,BTO
2023-08-04 09:33:00,30.25,30.25,30.25,30.25,1650.0,BTO
2023-08-04 09:32:00,30.4,30.4,30.4,30.4,302.0,BTO
2023-08-04 09:30:00,30.69,30.69,30.5,30.5,2516.0,BTO
2023-08-04 08:02:00,30.1,30.1,30.1,30.1,1.0,BTO
2023-08-03 19:00:00,30.1,30.1,30.1,30.1,248.0,BTO
2023-08-03 18:30:00,30.1,30.1,30.1,30.1,248.0,BTO
2023-08-03 17:48:00,30.05,30.05,30.05,30.05,1.0,BTO
2023-08-03 17:17:00,30.7,30.7,30.7,30.7,200.0,BTO
2023-08-03 16:10:00,30.1,30.1,30.1,30.1,248.0,BTO
2023-08-03 16:00:00,30.14,30.14,30.04,30.1,614.0,BTO
2023-08-03 15:59:00,30.04,30.14,30.04,30.14,342.0,BTO
2023-08-03 15:57:00,30.08,30.106,30.04,30.04,2999.0,BTO
2023-08-03 15:53:00,30.125,30.125,30.125,30.125,219.0,BTO
2023-08-03 15:43:00,30.09,30.09,30.08,30.09,614.0,BTO
2023-08-03 15:39:00,30.12,30.12,30.11,30.11,245.0,BTO
2023-08-03 15:37:00,30.14,30.14,30.14,30.14,859.0,BTO
2023-08-03 15:36:00,30.18,30.18,30.15,30.15,1200.0,BTO
2023-08-03 15:34:00,30.16,30.29,30.16,30.162,4694.0,BTO
2023-08-03 15:29:00,30.16,30.16,30.16,30.16,100.0,BTO
2023-08-03 15:26:00,30.286,30.286,30.286,30.286,200.0,BTO
2023-08-03 15:23:00,30.13,30.29,30.13,30.29,2301.0,BTO
2023-08-03 15:15:00,30.34,30.432,30.11,30.11,3105.0,BTO
2023-08-03 15:14:00,30.38,30.38,30.38,30.38,300.0,BTO
2023-08-03 15:02:00,30.485,30.485,30.485,30.485,230.0,BTO
2023-08-03 14:59:00,30.52,30.52,30.52,30.52,262.0,BTO
2023-08-03 14:50:00,30.5,30.71,30.5,30.71,1500.0,BTO
2023-08-03 14:32:00,30.51,30.51,30.51,30.51,300.0,BTO
2023-08-03 14:23:00,30.45,30.45,30.45,30.45,104.0,BTO
2023-08-03 14:13:00,30.325,30.325,30.325,30.325,250.0,BTO
2023-08-03 14:06:00,30.212,30.212,30.212,30.212,708.0,BTO
2023-08-03 14:04:00,30.34,30.34,30.3,30.3,1143.0,BTO
2023-08-03 14:02:00,30.37,30.37,30.37,30.37,400.0,BTO
2023-08-03 13:58:00,30.325,30.325,30.325,30.325,635.0,BTO
2023-08-03 13:57:00,30.33,30.354,30.33,30.354,652.0,BTO
2023-08-03 13:56:00,30.395,30.395,30.395,30.395,200.0,BTO
2023-08-03 13:48:00,30.34,30.49,30.34,30.49,900.0,BTO
2023-08-03 13:47:00,30.505,30.505,30.505,30.505,646.0,BTO
2023-08-03 13:43:00,30.62,30.62,30.62,30.62,117.0,BTO
2023-08-03 13:42:00,30.36,30.36,30.355,30.355,500.0,BTO
2023-08-03 13:41:00,30.67,30.67,30.63,30.67,1425.0,BTO
2023-08-03 13:40:00,30.43,30.43,30.425,30.425,200.0,BTO
2023-08-03 13:36:00,30.22,30.26,30.22,30.26,700.0,BTO
2023-08-03 13:35:00,30.215,30.215,30.215,30.215,600.0,BTO
2023-08-03 13:34:00,30.23,30.23,30.205,30.23,875.0,BTO
2023-08-03 13:32:00,30.24,30.24,30.24,30.24,200.0,BTO
2023-08-03 13:31:00,30.24,30.24,30.24,30.24,300.0,BTO
2023-08-03 13:29:00,30.25,30.25,30.25,30.25,200.0,BTO
2023-08-03 13:13:00,30.167,30.19,30.167,30.19,840.0,BTO
2023-08-03 13:12:00,30.13,30.13,30.13,30.13,300.0,BTO
2023-08-03 13:11:00,30.021,30.16,30.021,30.16,575.0,BTO
2023-08-03 13:07:00,30.08,30.08,30.07,30.07,589.0,BTO
2023-08-03 13:01:00,30.1,30.1,30.08,30.08,425.0,BTO
2023-08-03 12:53:00,30.13,30.13,30.08,30.08,1090.0,BTO
2023-08-03 12:52:00,30.18,30.18,30.18,30.18,107.0,BTO
2023-08-03 12:45:00,30.134,30.134,30.134,30.134,154.0,BTO
2023-08-03 12:31:00,30.15,30.15,30.15,30.15,500.0,BTO
2023-08-03 12:19:00,30.056,30.056,30.056,30.056,1000.0,BTO
2023-08-03 12:09:00,30.06,30.06,30.06,30.06,200.0,BTO
2023-08-03 12:06:00,30.02,30.02,30.02,30.02,2034.0,BTO
2023-08-03 12:00:00,30.09,30.09,30.09,30.09,100.0,BTO
2023-08-03 11:59:00,29.98,29.98,29.98,29.98,200.0,BTO
2023-08-03 11:58:00,30.118,30.118,30.082,30.082,430.0,BTO
2023-08-03 11:53:00,30.07,30.255,30.07,30.255,201.0,BTO
2023-08-03 11:47:00,30.02,30.02,29.873,29.873,650.0,BTO
2023-08-03 11:46:00,29.99,29.99,29.99,29.99,100.0,BTO
2023-08-03 11:45:00,29.99,29.99,29.99,29.99,100.0,BTO
2023-08-03 11:44:00,29.98,29.98,29.98,29.98,100.0,BTO
2023-08-03 11:43:00,29.945,30.06,29.945,30.06,800.0,BTO
2023-08-03 11:40:00,30.04,30.04,29.82,29.82,2500.0,BTO
2023-08-03 11:35:00,30.03,30.03,30.03,30.03,100.0,BTO
2023-08-03 11:34:00,30.01,30.05,30.01,30.05,521.0,BTO
2023-08-03 11:31:00,30.03,30.03,30.03,30.03,3300.0,BTO
2023-08-03 11:25:00,30.05,30.05,30.05,30.05,150.0,BTO
2023-08-03 11:24:00,29.95,29.95,29.95,29.95,100.0,BTO
2023-08-03 11:23:00,29.92,29.92,29.92,29.92,100.0,BTO
2023-08-03 11:20:00,29.855,29.855,29.8,29.8,1000.0,BTO
2023-08-03 11:16:00,30.05,30.05,30.05,30.05,150.0,BTO
2023-08-03 11:14:00,29.87,30.027,29.87,30.027,603.0,BTO
2023-08-03 11:12:00,29.835,29.835,29.8,29.8,914.0,BTO
2023-08-03 11:11:00,29.76,29.76,29.76,29.76,500.0,BTO
2023-08-03 11:06:00,29.9,29.9,29.9,29.9,436.0,BTO
2023-08-03 11:05:00,29.95,29.95,29.93,29.93,282.0,BTO
2023-08-03 11:03:00,29.98,29.98,29.98,29.98,100.0,BTO
2023-08-03 10:59:00,29.89,29.91,29.89,29.91,400.0,BTO
2023-08-03 10:58:00,29.86,29.86,29.797,29.797,3181.0,BTO
2023-08-03 10:55:00,29.8,29.8,29.8,29.8,396.0,BTO
2023-08-03 10:53:00,29.75,29.84,29.75,29.84,853.0,BTO
2023-08-03 10:48:00,29.6,29.6,29.6,29.6,500.0,BTO
2023-08-03 10:46:00,29.8,29.8,29.44,29.44,1128.0,BTO
2023-08-03 10:45:00,29.79,29.79,29.79,29.79,200.0,BTO
2023-08-03 10:44:00,29.79,29.79,29.79,29.79,1700.0,BTO
2023-08-03 10:43:00,29.66,29.67,29.475,29.66,2163.0,BTO
2023-08-03 10:39:00,29.525,29.76,29.525,29.76,1303.0,BTO
2023-08-03 10:35:00,29.77,29.78,29.77,29.78,415.0,BTO
2023-08-03 10:34:00,29.43,29.545,29.29,29.29,515.0,BTO
2023-08-03 10:32:00,29.541,29.541,29.541,29.541,118.0,BTO
2023-08-03 10:28:00,29.78,29.88,29.21,29.21,9435.0,BTO
2023-08-03 10:24:00,29.92,29.92,29.92,29.92,550.0,BTO
2023-08-03 10:22:00,29.84,29.84,29.84,29.84,100.0,BTO
2023-08-03 10:20:00,29.759,29.84,29.759,29.84,704.0,BTO
2023-08-03 10:19:00,29.78,29.78,29.78,29.78,100.0,BTO
2023-08-03 10:14:00,29.78,29.78,29.78,29.78,314.0,BTO
2023-08-03 10:08:00,29.82,29.82,29.8,29.8,1581.0,BTO
2023-08-03 10:07:00,29.89,29.89,29.89,29.89,100.0,BTO
2023-08-03 10:00:00,29.909,29.909,29.9,29.9,1670.0,BTO
2023-08-03 09:56:00,29.885,29.885,29.885,29.885,165.0,BTO
2023-08-03 09:52:00,29.81,29.81,29.81,29.81,100.0,BTO
2023-08-03 09:51:00,29.81,29.81,29.81,29.81,101.0,BTO
2023-08-03 09:47:00,29.75,29.75,29.75,29.75,311.0,BTO
2023-08-03 09:45:00,29.87,29.87,29.87,29.87,150.0,BTO
2023-08-03 09:42:00,29.99,29.99,29.99,29.99,251.0,BTO
2023-08-03 09:38:00,30.12,30.18,30.0,30.18,1703.0,BTO
2023-08-03 09:37:00,30.1,30.1,30.1,30.1,1046.0,BTO
2023-08-03 09:30:00,30.25,30.25,30.25,30.25,1673.0,BTO
2023-08-03 08:00:00,30.1,30.1,30.1,30.1,1.0,BTO
2023-08-02 19:00:00,30.1,30.1,30.1,30.1,294.0,BTO
2023-08-02 18:30:00,30.1,30.1,30.1,30.1,294.0,BTO
2023-08-02 16:10:00,30.1,30.1,30.1,30.1,294.0,BTO
2023-08-02 16:07:00,30.15,30.15,30.15,30.15,1.0,BTO
2023-08-02 16:06:00,30.11,30.11,30.11,30.11,2.0,BTO
2023-08-02 16:04:00,30.15,30.15,30.15,30.15,3.0,BTO
2023-08-02 16:00:00,30.07,30.13,30.07,30.1,788.0,BTO
2023-08-02 15:59:00,30.11,30.13,30.07,30.07,984.0,BTO
2023-08-02 15:58:00,30.06,30.06,30.06,30.06,140.0,BTO
2023-08-02 15:57:00,30.1,30.1,30.1,30.1,229.0,BTO
2023-08-02 15:51:00,30.01,30.01,30.01,30.01,300.0,BTO
2023-08-02 15:47:00,30.09,30.09,30.09,30.09,400.0,BTO
2023-08-02 15:38:00,30.04,30.04,29.99,29.99,408.0,BTO
2023-08-02 15:37:00,30.021,30.021,29.97,29.97,410.0,BTO
2023-08-02 15:34:00,29.96,29.96,29.96,29.96,475.0,BTO
2023-08-02 15:32:00,29.944,29.962,29.944,29.962,1100.0,BTO
2023-08-02 15:31:00,29.99,29.99,29.99,29.99,725.0,BTO
2023-08-02 15:30:00,29.86,29.99,29.86,29.99,374.0,BTO
2023-08-02 15:26:00,29.885,29.885,29.885,29.885,501.0,BTO
2023-08-02 15:24:00,29.83,30.05,29.83,30.04,962.0,BTO
2023-08-02 15:23:00,29.797,29.797,29.797,29.797,3000.0,BTO
2023-08-02 15:22:00,30.06,30.08,30.05,30.05,300.0,BTO
2023-08-02 15:21:00,30.09,30.09,30.07,30.09,406.0,BTO
2023-08-02 15:20:00,29.808,29.83,29.808,29.83,2792.0,BTO
2023-08-02 15:19:00,30.0,30.01,29.91,29.982,1611.0,BTO
2023-08-02 15:17:00,29.94,29.94,29.94,29.94,100.0,BTO
2023-08-02 15:13:00,29.995,29.995,29.995,29.995,235.0,BTO
2023-08-02 15:12:00,30.12,30.12,30.12,30.12,300.0,BTO
2023-08-02 15:06:00,30.12,30.12,30.12,30.12,100.0,BTO
2023-08-02 15:03:00,29.88,29.88,29.88,29.88,100.0,BTO
2023-08-02 15:00:00,29.99,29.99,29.983,29.984,500.0,BTO
2023-08-02 14:59:00,30.017,30.017,29.9,29.9,858.0,BTO
2023-08-02 14:58:00,30.042,30.05,29.95,30.05,1800.0,BTO
2023-08-02 14:56:00,30.098,30.11,30.098,30.11,332.0,BTO
2023-08-02 14:55:00,30.05,30.05,30.05,30.05,200.0,BTO
2023-08-02 14:50:00,30.12,30.12,30.12,30.12,1500.0,BTO
2023-08-02 14:49:00,30.0,30.1,30.0,30.03,1189.0,BTO
2023-08-02 14:45:00,30.223,30.223,29.88,29.88,10630.0,BTO
2023-08-02 14:41:00,30.13,30.13,30.13,30.13,202.0,BTO
2023-08-02 14:40:00,30.11,30.11,30.02,30.02,275.0,BTO
2023-08-02 14:38:00,30.17,30.17,30.04,30.163,400.0,BTO
2023-08-02 14:35:00,30.266,30.266,30.15,30.15,600.0,BTO
2023-08-02 14:30:00,30.171,30.171,30.02,30.02,480.0,BTO
2023-08-02 14:23:00,30.18,30.18,30.18,30.18,300.0,BTO
2023-08-02 14:18:00,30.235,30.235,30.235,30.235,101.0,BTO
2023-08-02 14:17:00,30.244,30.244,30.244,30.244,100.0,BTO
2023-08-02 14:14:00,30.311,30.311,30.311,30.311,200.0,BTO
2023-08-02 14:06:00,30.21,30.21,30.08,30.08,1100.0,BTO
2023-08-02 14:05:00,30.2,30.2,30.2,30.2,100.0,BTO
2023-08-02 14:01:00,30.12,30.12,30.12,30.12,100.0,BTO
2023-08-02 13:58:00,29.8,30.07,29.8,30.07,845.0,BTO
2023-08-02 13:57:00,29.875,30.08,29.875,30.04,1007.0,BTO
2023-08-02 13:54:00,29.875,30.08,29.81,30.08,1800.0,BTO
2023-08-02 13:53:00,30.049,30.049,30.049,30.049,130.0,BTO
2023-08-02 13:51:00,29.831,29.831,29.831,29.831,113.0,BTO
2023-08-02 13:49:00,30.13,30.13,30.13,30.13,650.0,BTO
2023-08-02 13:48:00,30.12,30.12,30.12,30.12,132.0,BTO
2023-08-02 13:47:00,30.07,30.14,29.955,29.955,803.0,BTO
2023-08-02 13:45:00,30.121,30.121,30.121,30.121,500.0,BTO
2023-08-02 13:42:00,30.189,30.189,30.189,30.189,1500.0,BTO
2023-08-02 13:36:00,30.154,30.154,30.154,30.154,500.0,BTO
2023-08-02 13:34:00,30.16,30.16,30.16,30.16,500.0,BTO
2023-08-02 13:33:00,30.254,30.254,30.254,30.254,1001.0,BTO
2023-08-02 13:27:00,30.085,30.085,30.085,30.085,101.0,BTO
2023-08-02 13:20:00,30.1,30.13,29.81,30.13,3000.0,BTO
2023-08-02 13:16:00,30.279,30.279,30.279,30.279,200.0,BTO
2023-08-02 13:15:00,30.24,30.24,30.24,30.24,302.0,BTO
2023-08-02 13:14:00,30.13,30.13,30.1,30.1,1225.0,BTO
2023-08-02 13:08:00,30.94,30.94,30.188,30.188,1152.0,BTO
2023-08-02 13:06:00,30.22,30.22,30.22,30.22,200.0,BTO
2023-08-02 13:01:00,30.1,30.203,30.1,30.203,3508.0,BTO
2023-08-02 12:55:00,30.1,30.1,29.85,30.097,1800.0,BTO
2023-08-02 12:51:00,30.131,30.131,30.131,30.131,100.0,BTO
2023-08-02 12:43:00,30.11,30.11,30.11,30.11,250.0,BTO
2023-08-02 12:41:00,29.75,29.75,29.75,29.75,419.0,BTO
2023-08-02 12:40:00,29.77,29.77,29.77,29.77,400.0,BTO
2023-08-02 12:38:00,29.78,29.78,29.78,29.78,550.0,BTO
2023-08-02 12:37:00,30.03,30.097,29.84,30.097,2000.0,BTO
2023-08-02 12:36:00,30.1,30.1,30.1,30.1,400.0,BTO
2023-08-02 12:34:00,30.115,30.18,30.04,30.18,520.0,BTO
2023-08-02 12:31:00,30.02,30.02,30.02,30.02,168.0,BTO
2023-08-02 12:29:00,30.12,30.12,29.78,29.78,1050.0,BTO
2023-08-02 12:25:00,30.08,30.08,30.08,30.08,530.0,BTO
2023-08-02 12:21:00,29.97,30.071,29.8,30.071,3150.0,BTO
2023-08-02 12:20:00,30.046,30.046,30.046,30.046,663.0,BTO
2023-08-02 12:16:00,30.03,30.17,30.0,30.17,2071.0,BTO
2023-08-02 12:15:00,30.15,30.15,30.15,30.15,136.0,BTO
2023-08-02 12:10:00,30.107,30.107,30.107,30.107,159.0,BTO
2023-08-02 12:01:00,30.118,30.118,30.117,30.117,500.0,BTO
2023-08-02 12:00:00,30.05,30.171,30.0,30.171,2506.0,BTO
2023-08-02 11:51:00,30.1,30.24,30.07,30.091,1653.0,BTO
2023-08-02 11:46:00,30.12,30.12,30.119,30.12,100.0,BTO
2023-08-02 11:44:00,30.124,30.124,30.124,30.124,165.0,BTO
2023-08-02 11:39:00,30.062,30.062,30.062,30.062,500.0,BTO
2023-08-02 11:37:00,30.11,30.22,30.11,30.22,765.0,BTO
2023-08-02 11:33:00,30.32,30.32,30.32,30.32,175.0,BTO
2023-08-02 11:32:00,30.24,30.259,30.23,30.259,600.0,BTO
2023-08-02 11:29:00,30.045,30.045,30.045,30.045,1000.0,BTO
2023-08-02 11:28:00,30.06,30.06,30.06,30.06,100.0,BTO
2023-08-02 11:27:00,30.069,30.069,30.069,30.069,250.0,BTO
2023-08-02 11:26:00,30.062,30.062,30.062,30.062,150.0,BTO
2023-08-02 11:23:00,30.05,30.05,29.89,30.04,4794.0,BTO
2023-08-02 11:17:00,30.065,30.065,30.065,30.065,350.0,BTO
2023-08-02 11:15:00,30.1,30.1,30.1,30.1,1465.0,BTO
2023-08-02 11:11:00,29.98,30.28,29.94,30.28,1600.0,BTO
2023-08-02 11:10:00,30.09,30.11,30.09,30.11,425.0,BTO
2023-08-02 11:08:00,29.942,30.03,29.942,30.03,200.0,BTO
2023-08-02 11:04:00,30.016,30.016,30.016,30.016,148.0,BTO
2023-08-02 11:03:00,29.84,29.84,29.84,29.84,500.0,BTO
2023-08-02 11:00:00,30.04,30.04,30.04,30.04,500.0,BTO
2023-08-02 10:59:00,30.05,30.05,30.05,30.05,530.0,BTO
2023-08-02 10:57:00,30.02,30.02,29.96,29.96,1799.0,BTO
2023-08-02 10:54:00,30.1,30.1,30.1,30.1,100.0,BTO
2023-08-02 10:50:00,30.135,30.135,30.135,30.135,100.0,BTO
2023-08-02 10:49:00,30.08,30.08,30.05,30.05,1160.0,BTO
2023-08-02 10:45:00,30.279,30.279,30.279,30.279,368.0,BTO
2023-08-02 10:40:00,30.24,30.24,30.24,30.24,2500.0,BTO
2023-08-02 10:36:00,30.255,30.255,30.13,30.13,500.0,BTO
2023-08-02 10:31:00,30.265,30.46,30.265,30.46,1009.0,BTO
2023-08-02 10:21:00,30.15,30.15,30.02,30.02,2000.0,BTO
2023-08-02 10:20:00,30.264,30.264,30.264,30.264,625.0,BTO
2023-08-02 10:18:00,30.27,30.28,30.25,30.25,593.0,BTO
2023-08-02 10:13:00,30.4,30.42,30.368,30.368,7930.0,BTO
2023-08-02 10:09:00,30.4,30.4,30.4,30.4,1123.0,BTO
2023-08-02 10:07:00,30.501,30.501,30.501,30.501,511.0,BTO
2023-08-02 10:04:00,30.5,30.5,30.49,30.49,400.0,BTO
2023-08-02 10:03:00,30.52,30.52,30.52,30.52,291.0,BTO
2023-08-02 09:59:00,30.75,30.75,30.75,30.75,310.0,BTO
2023-08-02 09:57:00,30.94,30.94,30.94,30.94,500.0,BTO
2023-08-02 09:56:00,30.65,30.65,30.65,30.65,433.0,BTO
2023-08-02 09:55:00,30.916,30.916,30.916,30.916,100.0,BTO
2023-08-02 09:50:00,30.575,30.575,30.575,30.575,514.0,BTO
2023-08-02 09:49:00,30.461,30.461,30.46,30.461,500.0,BTO
2023-08-02 09:42:00,30.47,30.47,30.43,30.43,1154.0,BTO
2023-08-02 09:41:00,30.55,30.55,30.55,30.55,100.0,BTO
2023-08-02 09:38:00,30.56,30.56,30.56,30.56,117.0,BTO
2023-08-02 09:35:00,30.656,30.656,30.656,30.656,114.0,BTO
2023-08-02 09:34:00,30.885,30.909,30.885,30.909,745.0,BTO
2023-08-02 09:32:00,30.5,30.51,30.49,30.49,501.0,BTO
2023-08-02 09:30:00,30.5,30.55,30.5,30.55,2970.0,BTO
2023-08-02 08:26:00,30.39,30.39,30.39,30.39,171.0,BTO
2023-08-02 08:06:00,30.43,30.43,30.43,30.43,29.0,BTO
2023-08-01 19:00:00,30.43,30.43,30.43,30.43,319.0,BTO
2023-08-01 18:30:00,30.43,30.43,30.43,30.43,319.0,BTO
2023-08-01 18:05:00,30.2,30.2,30.2,30.2,16.0,BTO
2023-08-01 16:10:00,30.43,30.43,30.43,30.43,319.0,BTO
2023-08-01 16:00:00,30.44,30.505,30.43,30.43,838.0,BTO
2023-08-01 15:59:00,30.53,30.54,30.47,30.505,1122.0,BTO
2023-08-01 15:56:00,30.509,30.509,30.509,30.509,277.0,BTO
2023-08-01 15:53:00,30.38,30.457,30.38,30.457,768.0,BTO
2023-08-01 15:50:00,30.46,30.46,30.44,30.44,732.0,BTO
2023-08-01 15:49:00,30.4,30.4,30.4,30.4,1013.0,BTO
2023-08-01 15:48:00,30.4,30.4,30.36,30.36,602.0,BTO
2023-08-01 15:47:00,30.32,30.32,30.32,30.32,100.0,BTO
2023-08-01 15:46:00,30.38,30.38,30.32,30.38,1602.0,BTO
2023-08-01 15:44:00,30.32,30.38,30.32,30.32,1400.0,BTO
2023-08-01 15:43:00,30.355,30.397,30.34,30.397,1000.0,BTO
2023-08-01 15:42:00,30.39,30.39,30.39,30.39,218.0,BTO
2023-08-01 15:38:00,30.375,30.375,30.375,30.375,200.0,BTO
2023-08-01 15:37:00,30.42,30.439,30.27,30.27,700.0,BTO
2023-08-01 15:36:00,30.45,30.45,30.45,30.45,202.0,BTO
2023-08-01 15:35:00,30.45,30.45,30.45,30.45,107.0,BTO
2023-08-01 15:33:00,30.435,30.435,30.435,30.435,506.0,BTO
2023-08-01 15:31:00,30.46,30.46,30.46,30.46,500.0,BTO
2023-08-01 15:30:00,30.375,30.375,30.375,30.375,212.0,BTO
2023-08-01 15:29:00,30.35,30.445,30.35,30.445,546.0,BTO
2023-08-01 15:28:00,30.435,30.435,30.35,30.35,200.0,BTO
2023-08-01 15:27:00,30.405,30.405,30.405,30.405,200.0,BTO
2023-08-01 15:25:00,30.28,30.28,30.28,30.28,100.0,BTO
2023-08-01 15:24:00,30.49,30.49,30.49,30.49,100.0,BTO
2023-08-01 15:21:00,30.553,30.553,30.553,30.553,200.0,BTO
2023-08-01 15:20:00,30.39,30.39,30.39,30.39,334.0,BTO
2023-08-01 15:16:00,30.41,30.43,30.41,30.43,825.0,BTO
2023-08-01 15:15:00,30.42,30.42,30.42,30.42,605.0,BTO
2023-08-01 15:14:00,30.405,30.405,30.395,30.396,400.0,BTO
2023-08-01 15:12:00,30.385,30.385,30.385,30.385,201.0,BTO
2023-08-01 15:06:00,30.38,30.38,30.38,30.38,200.0,BTO
2023-08-01 15:01:00,30.31,30.32,30.26,30.26,1000.0,BTO
2023-08-01 15:00:00,30.458,30.458,30.36,30.36,2690.0,BTO
2023-08-01 14:55:00,30.385,30.385,30.385,30.385,109.0,BTO
2023-08-01 14:53:00,30.385,30.385,30.385,30.385,100.0,BTO
2023-08-01 14:52:00,30.385,30.385,30.385,30.385,110.0,BTO
2023-08-01 14:49:00,30.4,30.4,30.4,30.4,130.0,BTO
2023-08-01 14:47:00,30.312,30.312,30.312,30.312,308.0,BTO
2023-08-01 14:45:00,30.365,30.365,30.365,30.365,290.0,BTO
2023-08-01 14:42:00,30.36,30.36,30.36,30.36,169.0,BTO
2023-08-01 14:41:00,30.36,30.36,30.36,30.36,500.0,BTO
2023-08-01 14:40:00,30.36,30.36,30.36,30.36,100.0,BTO
2023-08-01 14:38:00,30.45,30.45,30.323,30.323,390.0,BTO
2023-08-01 14:37:00,30.305,30.305,30.305,30.305,100.0,BTO
2023-08-01 14:35:00,30.37,30.37,30.37,30.37,200.0,BTO
2023-08-01 14:34:00,30.55,30.55,30.55,30.55,160.0,BTO
2023-08-01 14:33:00,30.55,30.55,30.478,30.478,1225.0,BTO
2023-08-01 14:26:00,30.37,30.37,30.37,30.37,100.0,BTO
2023-08-01 14:21:00,30.452,30.452,30.452,30.452,500.0,BTO
2023-08-01 14:20:00,30.37,30.37,30.37,30.37,200.0,BTO
2023-08-01 14:13:00,30.36,30.36,30.36,30.36,255.0,BTO
2023-08-01 14:10:00,30.425,30.425,30.425,30.425,150.0,BTO
2023-08-01 14:09:00,30.311,30.311,30.311,30.311,325.0,BTO
2023-08-01 14:07:00,30.296,30.296,30.296,30.296,200.0,BTO
2023-08-01 14:02:00,30.31,30.31,30.31,30.31,295.0,BTO
2023-08-01 14:01:00,30.35,30.35,30.35,30.35,100.0,BTO
2023-08-01 14:00:00,30.29,30.29,30.29,30.29,300.0,BTO
2023-08-01 13:57:00,30.35,30.35,30.298,30.298,500.0,BTO
2023-08-01 13:56:00,30.475,30.475,30.475,30.475,106.0,BTO
2023-08-01 13:54:00,30.34,30.34,30.34,30.34,641.0,BTO
2023-08-01 13:49:00,30.335,30.335,30.335,30.335,500.0,BTO
2023-08-01 13:45:00,30.33,30.36,30.33,30.36,921.0,BTO
2023-08-01 13:39:00,30.355,30.355,30.355,30.355,100.0,BTO
2023-08-01 13:38:00,30.34,30.34,30.34,30.34,100.0,BTO
2023-08-01 13:29:00,30.417,30.417,30.417,30.417,200.0,BTO
2023-08-01 13:26:00,30.41,30.411,30.31,30.31,725.0,BTO
2023-08-01 13:25:00,30.49,30.49,30.49,30.49,100.0,BTO
2023-08-01 13:23:00,30.41,30.41,30.41,30.41,100.0,BTO
2023-08-01 13:20:00,30.49,30.49,30.49,30.49,150.0,BTO
2023-08-01 13:18:00,30.38,30.39,30.38,30.39,200.0,BTO
2023-08-01 13:15:00,30.316,30.316,30.316,30.316,182.0,BTO
2023-08-01 13:05:00,30.25,30.25,30.25,30.25,100.0,BTO
2023-08-01 13:00:00,30.24,30.24,30.24,30.24,100.0,BTO
2023-08-01 12:58:00,30.39,30.39,30.39,30.39,140.0,BTO
2023-08-01 12:57:00,30.24,30.24,30.24,30.24,1000.0,BTO
2023-08-01 12:52:00,30.112,30.112,30.112,30.112,615.0,BTO
2023-08-01 12:51:00,30.255,30.255,30.255,30.255,100.0,BTO
2023-08-01 12:50:00,30.368,30.368,30.368,30.368,100.0,BTO
2023-08-01 12:47:00,30.24,30.24,30.24,30.24,255.0,BTO
2023-08-01 12:45:00,30.28,30.28,30.28,30.28,221.0,BTO
2023-08-01 12:40:00,30.389,30.389,30.191,30.191,267.0,BTO
2023-08-01 12:38:00,30.42,30.42,30.42,30.42,125.0,BTO
2023-08-01 12:35:00,30.14,30.14,30.14,30.14,100.0,BTO
2023-08-01 12:32:00,30.41,30.41,30.41,30.41,300.0,BTO
2023-08-01 12:30:00,30.13,30.13,30.13,30.13,200.0,BTO
2023-08-01 12:29:00,30.29,30.29,30.227,30.227,200.0,BTO
2023-08-01 12:28:00,30.29,30.29,30.29,30.29,100.0,BTO
2023-08-01 12:27:00,30.32,30.32,30.32,30.32,100.0,BTO
2023-08-01 12:22:00,30.26,30.27,30.25,30.25,850.0,BTO
2023-08-01 12:15:00,30.3,30.3,30.175,30.175,1700.0,BTO
2023-08-01 12:14:00,30.363,30.363,30.363,30.363,1000.0,BTO
2023-08-01 12:10:00,30.33,30.33,30.33,30.33,900.0,BTO
2023-08-01 12:09:00,30.33,30.33,30.33,30.33,100.0,BTO
2023-08-01 12:06:00,30.3,30.3,30.3,30.3,277.0,BTO
2023-08-01 12:04:00,30.375,30.375,30.375,30.375,238.0,BTO
2023-08-01 11:57:00,30.29,30.29,30.29,30.29,100.0,BTO
2023-08-01 11:56:00,30.3,30.3,30.3,30.3,100.0,BTO
2023-08-01 11:50:00,30.33,30.33,30.29,30.33,800.0,BTO
2023-08-01 11:44:00,30.34,30.34,30.34,30.34,100.0,BTO
2023-08-01 11:39:00,30.33,30.33,30.33,30.33,172.0,BTO
2023-08-01 11:35:00,30.36,30.36,30.33,30.33,755.0,BTO
2023-08-01 11:34:00,30.46,30.46,30.34,30.34,450.0,BTO
2023-08-01 11:33:00,30.59,30.59,30.59,30.59,503.0,BTO
2023-08-01 11:31:00,30.41,30.46,30.33,30.385,2200.0,BTO
2023-08-01 11:30:00,30.495,30.495,30.495,30.495,377.0,BTO
2023-08-01 11:29:00,30.502,30.502,30.502,30.502,444.0,BTO
2023-08-01 11:26:00,30.6,30.6,30.6,30.6,326.0,BTO
2023-08-01 11:12:00,30.416,30.416,30.416,30.416,150.0,BTO
2023-08-01 11:10:00,30.495,30.495,30.427,30.427,350.0,BTO
2023-08-01 11:07:00,30.409,30.495,30.409,30.495,650.0,BTO
2023-08-01 11:04:00,30.495,30.495,30.495,30.495,226.0,BTO
2023-08-01 11:03:00,30.585,30.585,30.579,30.579,1288.0,BTO
2023-08-01 10:58:00,30.39,30.39,30.39,30.39,100.0,BTO
2023-08-01 10:51:00,30.469,30.469,30.468,30.469,367.0,BTO
2023-08-01 10:50:00,30.475,30.475,30.475,30.475,500.0,BTO
2023-08-01 10:47:00,30.39,30.39,30.39,30.39,100.0,BTO
2023-08-01 10:40:00,30.4,30.4,30.4,30.4,100.0,BTO
2023-08-01 10:34:00,30.41,30.41,30.41,30.41,100.0,BTO
2023-08-01 10:30:00,30.645,30.68,30.645,30.68,805.0,BTO
2023-08-01 10:28:00,30.53,30.53,30.53,30.53,200.0,BTO
2023-08-01 10:25:00,30.64,30.64,30.53,30.53,200.0,BTO
2023-08-01 10:23:00,30.648,30.648,30.648,30.648,163.0,BTO
2023-08-01 10:21:00,30.39,30.39,30.39,30.39,146.0,BTO
2023-08-01 10:15:00,30.56,30.56,30.54,30.54,210.0,BTO
2023-08-01 10:13:00,30.55,30.55,30.55,30.55,848.0,BTO
2023-08-01 10:09:00,30.63,30.63,30.63,30.63,209.0,BTO
2023-08-01 10:08:00,30.71,30.71,30.46,30.636,1123.0,BTO
2023-08-01 10:03:00,30.82,30.82,30.82,30.82,100.0,BTO
2023-08-01 10:00:00,30.84,30.84,30.81,30.81,201.0,BTO
2023-08-01 09:55:00,30.782,30.782,30.782,30.782,350.0,BTO
2023-08-01 09:48:00,30.83,30.83,30.83,30.83,101.0,BTO
2023-08-01 09:47:00,30.83,30.83,30.83,30.83,705.0,BTO
2023-08-01 09:46:00,30.83,30.83,30.83,30.83,573.0,BTO
2023-08-01 09:40:00,31.03,31.03,31.03,31.03,482.0,BTO
2023-08-01 09:34:00,30.9,30.9,30.67,30.67,300.0,BTO
2023-08-01 09:31:00,31.099,31.099,31.099,31.099,104.0,BTO
2023-08-01 09:30:00,31.05,31.05,31.01,31.01,607.0,BTO
2023-07-31 19:00:00,31.05,31.05,31.05,31.05,191.0,BTO
2023-07-31 18:30:00,31.05,31.05,31.05,31.05,191.0,BTO
2023-07-31 16:10:00,31.05,31.05,31.05,31.05,191.0,BTO
2023-07-31 16:00:00,31.02,31.05,30.9,31.05,682.0,BTO
2023-07-31 15:59:00,30.92,31.02,30.92,31.02,353.0,BTO
2023-07-31 15:54:00,30.9,31.0,30.9,31.0,854.0,BTO
2023-07-31 15:52:00,30.903,30.903,30.903,30.903,150.0,BTO
2023-07-31 15:41:00,30.93,30.93,30.93,30.93,100.0,BTO
2023-07-31 15:37:00,30.904,30.904,30.904,30.904,150.0,BTO
2023-07-31 15:32:00,30.965,30.965,30.965,30.965,100.0,BTO
2023-07-31 15:29:00,30.848,30.848,30.848,30.848,854.0,BTO
2023-07-31 15:13:00,31.0,31.0,31.0,31.0,1000.0,BTO
2023-07-31 15:10:00,30.93,30.93,30.92,30.92,401.0,BTO
2023-07-31 15:08:00,30.93,30.93,30.93,30.93,201.0,BTO
2023-07-31 14:57:00,30.93,30.93,30.93,30.93,300.0,BTO
2023-07-31 14:54:00,31.075,31.075,30.95,30.95,200.0,BTO
2023-07-31 14:53:00,31.062,31.062,31.062,31.062,486.0,BTO
2023-07-31 14:51:00,30.88,30.93,30.88,30.93,1750.0,BTO
2023-07-31 14:36:00,30.859,30.859,30.859,30.859,225.0,BTO
2023-07-31 14:34:00,30.88,30.88,30.73,30.73,399.0,BTO
2023-07-31 14:29:00,30.805,30.805,30.73,30.73,236.0,BTO
2023-07-31 14:27:00,30.83,30.85,30.83,30.85,1600.0,BTO
2023-07-31 14:16:00,30.835,30.835,30.835,30.835,350.0,BTO
2023-07-31 14:10:00,30.831,30.831,30.831,30.831,225.0,BTO
2023-07-31 14:07:00,30.739,30.739,30.739,30.739,315.0,BTO
2023-07-31 13:34:00,30.75,30.75,30.71,30.71,1400.0,BTO
2023-07-31 13:33:00,30.75,30.78,30.75,30.78,800.0,BTO
2023-07-31 13:29:00,30.72,30.72,30.54,30.54,2009.0,BTO
2023-07-31 13:23:00,30.71,30.71,30.71,30.71,100.0,BTO
2023-07-31 13:22:00,30.835,30.844,30.7,30.716,3475.0,BTO
2023-07-31 13:10:00,30.857,30.857,30.83,30.83,1200.0,BTO
2023-07-31 13:03:00,30.83,30.85,30.83,30.85,221.0,BTO
2023-07-31 13:02:00,30.87,30.87,30.835,30.835,373.0,BTO
2023-07-31 13:01:00,30.862,30.862,30.862,30.862,300.0,BTO
2023-07-31 13:00:00,30.86,30.86,30.86,30.86,233.0,BTO
2023-07-31 12:59:00,30.871,30.871,30.871,30.871,236.0,BTO
2023-07-31 12:53:00,31.025,31.025,31.025,31.025,100.0,BTO
2023-07-31 12:37:00,30.86,30.86,30.86,30.86,101.0,BTO
2023-07-31 12:36:00,30.878,30.878,30.878,30.878,100.0,BTO
2023-07-31 12:31:00,30.82,30.82,30.82,30.82,510.0,BTO
2023-07-31 12:15:00,30.936,30.936,30.935,30.935,500.0,BTO
2023-07-31 12:14:00,30.895,30.895,30.895,30.895,200.0,BTO
2023-07-31 12:09:00,30.895,30.895,30.895,30.895,165.0,BTO
2023-07-31 12:07:00,30.945,30.945,30.945,30.945,1000.0,BTO
2023-07-31 12:04:00,30.877,30.877,30.876,30.876,227.0,BTO
2023-07-31 11:30:00,30.95,30.95,30.95,30.95,100.0,BTO
2023-07-31 11:27:00,30.955,30.955,30.954,30.954,105.0,BTO
2023-07-31 11:18:00,30.903,30.903,30.903,30.903,100.0,BTO
2023-07-31 10:54:00,30.99,30.99,30.99,30.99,100.0,BTO
2023-07-31 10:49:00,30.89,30.89,30.89,30.89,251.0,BTO
2023-07-31 10:35:00,30.787,30.787,30.787,30.787,1076.0,BTO
2023-07-31 10:34:00,30.946,30.946,30.946,30.946,200.0,BTO
2023-07-31 10:33:00,30.78,30.78,30.78,30.78,100.0,BTO
2023-07-31 10:28:00,30.89,30.89,30.89,30.89,456.0,BTO
2023-07-31 10:27:00,31.026,31.026,31.026,31.026,485.0,BTO
2023-07-31 10:18:00,30.9,30.9,30.9,30.9,291.0,BTO
2023-07-31 10:09:00,30.995,30.995,30.89,30.893,3050.0,BTO
2023-07-31 10:08:00,31.05,31.05,31.05,31.05,1000.0,BTO
2023-07-31 10:07:00,31.05,31.1,31.0,31.1,690.0,BTO
2023-07-31 10:00:00,30.862,30.862,30.861,30.861,336.0,BTO
2023-07-31 09:47:00,30.885,30.885,30.885,30.885,100.0,BTO
2023-07-31 09:41:00,30.9,30.9,30.9,30.9,238.0,BTO
2023-07-31 09:40:00,30.7,30.7,30.688,30.688,2201.0,BTO
2023-07-31 09:36:00,30.9,30.9,30.9,30.9,800.0,BTO
2023-07-31 09:34:00,30.91,30.91,30.84,30.84,1018.0,BTO
2023-07-31 09:33:00,30.984,30.984,30.93,30.95,2201.0,BTO
2023-07-31 09:30:00,31.1,31.1,31.1,31.1,659.0,BTO
2023-07-31 08:03:00,30.9,30.9,30.9,30.9,1.0,BTO
2023-07-28 19:00:00,30.9,30.9,30.9,30.9,421.0,BTO
2023-07-28 18:30:00,30.9,30.9,30.9,30.9,421.0,BTO
2023-07-28 16:10:00,30.9,30.9,30.9,30.9,421.0,BTO
2023-07-28 16:00:00,30.97,30.97,30.9,30.9,968.0,BTO
2023-07-28 15:59:00,30.91,30.97,30.858,30.97,4787.0,BTO
2023-07-28 15:58:00,30.92,30.92,30.92,30.92,100.0,BTO
2023-07-28 15:55:00,30.86,30.88,30.86,30.88,446.0,BTO
2023-07-28 15:54:00,30.9,30.9,30.861,30.871,1146.0,BTO
2023-07-28 15:51:00,30.849,30.91,30.849,30.91,328.0,BTO
2023-07-28 15:46:00,30.79,30.8,30.79,30.8,650.0,BTO
2023-07-28 15:43:00,30.8,30.8,30.8,30.8,404.0,BTO
2023-07-28 15:35:00,30.824,30.824,30.824,30.824,5000.0,BTO
2023-07-28 15:33:00,30.785,30.785,30.785,30.785,144.0,BTO
2023-07-28 15:21:00,30.787,30.787,30.787,30.787,100.0,BTO
2023-07-28 15:20:00,30.746,30.746,30.746,30.746,100.0,BTO
2023-07-28 14:54:00,30.855,30.855,30.855,30.855,1059.0,BTO
2023-07-28 14:22:00,30.694,30.694,30.693,30.693,100.0,BTO
2023-07-28 14:17:00,30.835,30.9,30.67,30.67,1334.0,BTO
2023-07-28 13:56:00,30.84,30.84,30.84,30.84,100.0,BTO
2023-07-28 13:51:00,30.668,30.668,30.668,30.668,300.0,BTO
2023-07-28 13:48:00,30.85,30.85,30.85,30.85,1928.0,BTO
2023-07-28 13:42:00,30.817,30.817,30.817,30.817,359.0,BTO
2023-07-28 13:32:00,30.8,30.8,30.8,30.8,100.0,BTO
2023-07-28 13:18:00,30.895,30.895,30.895,30.895,150.0,BTO
2023-07-28 13:16:00,31.0,31.0,31.0,31.0,500.0,BTO
2023-07-28 13:04:00,31.01,31.01,31.01,31.01,201.0,BTO
2023-07-28 13:03:00,30.88,30.88,30.88,30.88,529.0,BTO
2023-07-28 13:02:00,30.88,30.88,30.88,30.88,300.0,BTO
2023-07-28 13:01:00,30.88,30.88,30.88,30.88,321.0,BTO
2023-07-28 12:46:00,30.945,30.945,30.945,30.945,150.0,BTO
2023-07-28 12:38:00,30.9,30.9,30.9,30.9,900.0,BTO
2023-07-28 12:34:00,30.94,30.94,30.94,30.94,200.0,BTO
2023-07-28 12:00:00,31.05,31.05,31.05,31.05,285.0,BTO
2023-07-28 11:49:00,30.945,30.945,30.945,30.945,600.0,BTO
2023-07-28 11:38:00,30.945,30.945,30.945,30.945,100.0,BTO
2023-07-28 11:26:00,31.0,31.0,31.0,31.0,321.0,BTO
2023-07-28 11:19:00,30.955,30.955,30.955,30.955,325.0,BTO
2023-07-28 11:16:00,30.855,30.855,30.855,30.855,200.0,BTO
2023-07-28 11:10:00,30.989,30.989,30.989,30.989,200.0,BTO
2023-07-28 11:00:00,31.095,31.095,30.985,30.985,301.0,BTO
2023-07-28 10:57:00,30.836,30.98,30.836,30.86,1324.0,BTO
2023-07-28 10:38:00,30.891,30.891,30.891,30.891,1000.0,BTO
2023-07-28 10:28:00,30.804,30.804,30.804,30.804,194.0,BTO
2023-07-28 10:13:00,30.974,30.974,30.835,30.835,275.0,BTO
2023-07-28 10:06:00,30.973,30.973,30.973,30.973,500.0,BTO
2023-07-28 10:00:00,30.92,31.095,30.88,31.095,800.0,BTO
2023-07-28 09:55:00,30.82,30.82,30.82,30.82,201.0,BTO
2023-07-28 09:50:00,30.646,30.646,30.646,30.646,400.0,BTO
2023-07-28 09:46:00,30.377,30.377,30.377,30.377,160.0,BTO
2023-07-28 09:42:00,30.285,30.285,30.285,30.285,200.0,BTO
2023-07-28 09:40:00,30.515,30.515,30.515,30.515,331.0,BTO
2023-07-28 09:38:00,30.5,30.5,30.5,30.5,450.0,BTO
2023-07-28 09:35:00,30.44,30.44,30.44,30.44,101.0,BTO
2023-07-28 09:34:00,30.509,30.509,30.508,30.508,101.0,BTO
2023-07-28 09:30:00,30.41,30.41,30.41,30.41,1331.0,BTO
2023-07-27 19:00:00,30.42,30.42,30.42,30.42,680.0,BTO
2023-07-27 18:30:00,30.42,30.42,30.42,30.42,680.0,BTO
2023-07-27 16:10:00,30.42,30.42,30.42,30.42,680.0,BTO
2023-07-27 16:00:00,30.33,30.42,30.29,30.42,1490.0,BTO
2023-07-27 15:59:00,30.34,30.35,30.33,30.33,479.0,BTO
2023-07-27 15:57:00,30.47,30.47,30.47,30.47,200.0,BTO
2023-07-27 15:52:00,30.35,30.35,30.34,30.34,277.0,BTO
2023-07-27 15:51:00,30.43,30.43,30.43,30.43,200.0,BTO
2023-07-27 15:48:00,30.288,30.288,30.288,30.288,121.0,BTO
2023-07-27 15:47:00,30.29,30.29,30.29,30.29,238.0,BTO
2023-07-27 15:43:00,30.345,30.345,30.345,30.345,300.0,BTO
2023-07-27 15:42:00,30.35,30.35,30.28,30.28,200.0,BTO
2023-07-27 15:40:00,30.31,30.365,30.31,30.365,621.0,BTO
2023-07-27 15:39:00,30.43,30.45,30.385,30.45,921.0,BTO
2023-07-27 15:38:00,30.35,30.35,30.35,30.35,467.0,BTO
2023-07-27 15:37:00,30.31,30.31,30.31,30.31,716.0,BTO
2023-07-27 15:25:00,30.31,30.31,30.31,30.31,200.0,BTO
2023-07-27 15:21:00,30.34,30.34,30.31,30.33,1200.0,BTO
2023-07-27 15:18:00,30.412,30.412,30.412,30.412,1000.0,BTO
2023-07-27 15:17:00,30.534,30.534,30.534,30.534,903.0,BTO
2023-07-27 15:12:00,30.42,30.42,30.42,30.42,200.0,BTO
2023-07-27 14:44:00,30.301,30.301,30.301,30.301,300.0,BTO
2023-07-27 14:43:00,30.47,30.48,30.46,30.46,1325.0,BTO
2023-07-27 14:23:00,30.69,30.69,30.69,30.69,230.0,BTO
2023-07-27 14:14:00,30.674,30.674,30.674,30.674,400.0,BTO
2023-07-27 14:10:00,30.499,30.499,30.499,30.499,275.0,BTO
2023-07-27 14:08:00,30.66,30.66,30.43,30.43,2005.0,BTO
2023-07-27 14:03:00,30.67,30.67,30.67,30.67,250.0,BTO
2023-07-27 14:01:00,30.96,30.96,30.66,30.727,408.0,BTO
2023-07-27 13:57:00,30.684,30.684,30.684,30.684,300.0,BTO
2023-07-27 13:54:00,30.68,30.68,30.679,30.679,250.0,BTO
2023-07-27 13:51:00,30.815,30.88,30.815,30.88,300.0,BTO
2023-07-27 13:49:00,30.827,30.827,30.827,30.827,200.0,BTO
2023-07-27 13:48:00,30.824,30.824,30.824,30.824,2000.0,BTO
2023-07-27 13:40:00,30.68,30.68,30.68,30.68,150.0,BTO
2023-07-27 13:34:00,30.77,30.77,30.77,30.77,500.0,BTO
2023-07-27 13:27:00,30.723,30.723,30.723,30.723,156.0,BTO
2023-07-27 13:22:00,30.82,30.89,30.66,30.89,1115.0,BTO
2023-07-27 13:19:00,30.7,30.824,30.7,30.823,500.0,BTO
2023-07-27 13:17:00,30.817,30.817,30.817,30.817,200.0,BTO
2023-07-27 13:13:00,30.817,30.817,30.817,30.817,300.0,BTO
2023-07-27 13:01:00,30.79,30.79,30.79,30.79,103.0,BTO
2023-07-27 13:00:00,30.84,30.84,30.84,30.84,100.0,BTO
2023-07-27 12:52:00,30.795,30.795,30.794,30.794,502.0,BTO
2023-07-27 12:44:00,30.841,30.841,30.841,30.841,150.0,BTO
2023-07-27 12:22:00,30.785,30.785,30.785,30.785,300.0,BTO
2023-07-27 12:17:00,30.77,30.77,30.77,30.77,150.0,BTO
2023-07-27 12:10:00,30.701,30.701,30.701,30.701,114.0,BTO
2023-07-27 12:02:00,30.885,30.885,30.885,30.885,700.0,BTO
2023-07-27 11:58:00,30.835,30.835,30.835,30.835,100.0,BTO
2023-07-27 11:54:00,30.955,30.955,30.955,30.955,100.0,BTO
2023-07-27 11:52:00,30.862,30.862,30.862,30.862,350.0,BTO
2023-07-27 11:49:00,30.787,30.787,30.787,30.787,518.0,BTO
2023-07-27 11:44:00,30.905,30.905,30.905,30.905,600.0,BTO
2023-07-27 11:43:00,30.812,30.915,30.812,30.915,1409.0,BTO
2023-07-27 11:39:00,30.879,30.879,30.879,30.879,318.0,BTO
2023-07-27 11:37:00,30.91,31.02,30.91,31.02,1000.0,BTO
2023-07-27 11:36:00,30.91,30.91,30.91,30.91,1000.0,BTO
2023-07-27 11:30:00,30.802,30.802,30.802,30.802,200.0,BTO
2023-07-27 11:28:00,30.955,30.955,30.955,30.955,188.0,BTO
2023-07-27 11:14:00,30.95,30.95,30.95,30.95,137.0,BTO
2023-07-27 10:54:00,31.127,31.127,31.126,31.126,165.0,BTO
2023-07-27 10:53:00,31.057,31.057,31.057,31.057,918.0,BTO
2023-07-27 10:47:00,31.15,31.15,31.15,31.15,200.0,BTO
2023-07-27 10:38:00,31.15,31.15,31.15,31.15,100.0,BTO
2023-07-27 10:33:00,31.157,31.157,31.157,31.157,100.0,BTO
2023-07-27 10:31:00,30.88,30.9,30.78,30.78,700.0,BTO
2023-07-27 10:21:00,30.795,30.795,30.795,30.795,250.0,BTO
2023-07-27 10:18:00,30.68,30.68,30.68,30.68,200.0,BTO
2023-07-27 10:07:00,30.63,30.63,30.63,30.63,200.0,BTO
2023-07-27 10:02:00,30.6,30.6,30.6,30.6,300.0,BTO
2023-07-27 09:56:00,30.32,30.33,30.32,30.33,204.0,BTO
2023-07-27 09:55:00,30.33,30.33,30.33,30.33,160.0,BTO
2023-07-27 09:52:00,30.481,30.481,30.48,30.48,400.0,BTO
2023-07-27 09:50:00,30.64,30.64,30.64,30.64,138.0,BTO
2023-07-27 09:43:00,30.55,30.88,30.36,30.88,2078.0,BTO
2023-07-27 09:40:00,30.905,30.905,30.905,30.905,406.0,BTO
2023-07-27 09:39:00,30.8,30.8,30.8,30.8,100.0,BTO
2023-07-27 09:36:00,30.8,30.8,30.8,30.8,390.0,BTO
2023-07-27 09:35:00,30.848,30.848,30.848,30.848,100.0,BTO
2023-07-27 09:34:00,30.765,30.765,30.765,30.765,100.0,BTO
2023-07-27 09:31:00,31.151,31.151,31.151,31.151,100.0,BTO
2023-07-27 09:30:00,31.16,31.16,31.16,31.16,1905.0,BTO
2023-07-26 19:00:00,30.84,30.84,30.84,30.84,706.0,BTO
2023-07-26 18:30:00,30.84,30.84,30.84,30.84,706.0,BTO
2023-07-26 16:59:00,30.84,30.84,30.84,30.84,1.0,BTO
2023-07-26 16:10:00,30.84,30.84,30.84,30.84,706.0,BTO
2023-07-26 16:00:00,30.83,30.84,30.81,30.84,1577.0,BTO
2023-07-26 15:59:00,30.82,30.83,30.51,30.83,1252.0,BTO
2023-07-26 15:54:00,30.6,30.67,30.6,30.67,603.0,BTO
2023-07-26 15:53:00,30.63,30.63,30.63,30.63,150.0,BTO
2023-07-26 15:52:00,30.675,30.675,30.675,30.675,150.0,BTO
2023-07-26 15:41:00,30.83,30.83,30.83,30.83,100.0,BTO
2023-07-26 15:35:00,30.44,30.44,30.44,30.44,105.0,BTO
2023-07-26 15:31:00,30.66,30.66,30.66,30.66,100.0,BTO
2023-07-26 15:30:00,30.69,30.69,30.67,30.67,1544.0,BTO
2023-07-26 15:29:00,30.68,30.68,30.68,30.68,310.0,BTO
2023-07-26 15:26:00,30.804,30.83,30.72,30.72,1078.0,BTO
2023-07-26 15:25:00,30.68,30.68,30.68,30.68,599.0,BTO
2023-07-26 15:21:00,30.675,30.7,30.675,30.7,736.0,BTO
2023-07-26 15:18:00,30.71,30.71,30.71,30.71,2223.0,BTO
2023-07-26 15:16:00,30.73,30.73,30.73,30.73,201.0,BTO
2023-07-26 15:10:00,30.745,30.745,30.745,30.745,1000.0,BTO
2023-07-26 15:00:00,30.93,30.93,30.93,30.93,285.0,BTO
2023-07-26 14:58:00,30.93,30.93,30.92,30.92,996.0,BTO
2023-07-26 14:56:00,30.989,30.989,30.989,30.989,150.0,BTO
2023-07-26 14:50:00,30.939,30.939,30.939,30.939,170.0,BTO
2023-07-26 14:47:00,30.87,30.88,30.86,30.86,1000.0,BTO
2023-07-26 14:44:00,30.824,30.824,30.824,30.824,500.0,BTO
2023-07-26 14:41:00,30.82,30.82,30.82,30.82,100.0,BTO
2023-07-26 14:39:00,30.8,30.8,30.8,30.8,497.0,BTO
2023-07-26 14:38:00,30.8,30.8,30.8,30.8,290.0,BTO
2023-07-26 14:37:00,30.8,30.8,30.8,30.8,200.0,BTO
2023-07-26 14:36:00,30.676,30.676,30.676,30.676,183.0,BTO
2023-07-26 14:32:00,30.73,30.73,30.73,30.73,165.0,BTO
2023-07-26 14:30:00,30.735,30.735,30.735,30.735,478.0,BTO
2023-07-26 14:29:00,30.79,30.79,30.79,30.79,100.0,BTO
2023-07-26 14:28:00,30.79,30.79,30.79,30.79,249.0,BTO
2023-07-26 14:27:00,30.645,30.78,30.63,30.78,1905.0,BTO
2023-07-26 14:23:00,30.74,30.74,30.73,30.74,556.0,BTO
2023-07-26 14:13:00,30.85,30.86,30.85,30.86,337.0,BTO
2023-07-26 14:07:00,30.821,30.821,30.821,30.821,400.0,BTO
2023-07-26 14:04:00,30.86,30.86,30.86,30.86,116.0,BTO
2023-07-26 13:59:00,30.781,30.781,30.781,30.781,374.0,BTO
2023-07-26 13:53:00,30.84,30.85,30.84,30.85,302.0,BTO
2023-07-26 13:49:00,30.765,30.765,30.765,30.765,2804.0,BTO
2023-07-26 13:42:00,30.832,30.832,30.832,30.832,102.0,BTO
2023-07-26 13:38:00,30.86,30.86,30.86,30.86,200.0,BTO
2023-07-26 13:36:00,30.93,30.93,30.93,30.93,1200.0,BTO
2023-07-26 13:33:00,30.93,30.958,30.93,30.958,319.0,BTO
2023-07-26 13:30:00,31.0,31.0,31.0,31.0,500.0,BTO
2023-07-26 13:22:00,30.965,30.965,30.965,30.965,750.0,BTO
2023-07-26 13:02:00,30.965,30.965,30.965,30.965,500.0,BTO
2023-07-26 13:00:00,30.99,30.999,30.99,30.999,400.0,BTO
2023-07-26 12:58:00,30.965,30.965,30.965,30.965,128.0,BTO
2023-07-26 12:55:00,30.994,30.994,30.993,30.994,1000.0,BTO
2023-07-26 12:42:00,30.927,30.927,30.927,30.927,300.0,BTO
2023-07-26 12:38:00,30.79,30.79,30.79,30.79,155.0,BTO
2023-07-26 12:33:00,30.88,31.0,30.878,30.88,2402.0,BTO
2023-07-26 12:32:00,30.88,30.88,30.88,30.88,200.0,BTO
2023-07-26 12:29:00,30.759,30.759,30.759,30.759,500.0,BTO
2023-07-26 12:27:00,30.845,30.845,30.81,30.81,1600.0,BTO
2023-07-26 12:26:00,30.81,30.81,30.81,30.81,235.0,BTO
2023-07-26 12:15:00,30.71,30.71,30.71,30.71,200.0,BTO
2023-07-26 12:00:00,30.84,30.84,30.84,30.84,1200.0,BTO
2023-07-26 11:48:00,30.756,30.756,30.756,30.756,220.0,BTO
2023-07-26 11:10:00,30.77,30.77,30.7,30.77,1265.0,BTO
2023-07-26 11:03:00,30.76,30.76,30.76,30.76,183.0,BTO
2023-07-26 11:00:00,30.74,30.76,30.74,30.76,325.0,BTO
2023-07-26 10:59:00,30.7,30.76,30.7,30.76,1604.0,BTO
2023-07-26 10:55:00,30.62,30.68,30.62,30.65,621.0,BTO
2023-07-26 10:52:00,30.602,30.602,30.602,30.602,150.0,BTO
2023-07-26 10:50:00,30.84,30.84,30.759,30.786,975.0,BTO
2023-07-26 10:47:00,30.84,30.84,30.84,30.84,326.0,BTO
2023-07-26 10:45:00,30.702,30.702,30.702,30.702,630.0,BTO
2023-07-26 10:20:00,30.86,30.86,30.71,30.71,317.0,BTO
2023-07-26 10:18:00,30.7,30.7,30.7,30.7,100.0,BTO
2023-07-26 10:08:00,30.728,30.728,30.728,30.728,100.0,BTO
2023-07-26 10:03:00,30.7,30.887,30.7,30.887,800.0,BTO
2023-07-26 09:49:00,30.57,30.57,30.57,30.57,200.0,BTO
2023-07-26 09:45:00,30.69,30.7,30.69,30.7,260.0,BTO
2023-07-26 09:41:00,30.72,30.72,30.72,30.72,550.0,BTO
2023-07-26 09:40:00,30.42,30.42,30.42,30.42,101.0,BTO
2023-07-26 09:37:00,30.596,30.596,30.596,30.596,109.0,BTO
2023-07-26 09:35:00,30.5,30.5,30.5,30.5,106.0,BTO
2023-07-26 09:32:00,30.33,30.33,30.33,30.33,112.0,BTO
2023-07-26 09:30:00,30.0,30.0,30.0,30.0,1026.0,BTO
2023-07-25 19:00:00,30.14,30.14,30.14,30.14,484.0,BTO
2023-07-25 18:30:00,30.14,30.14,30.14,30.14,484.0,BTO
2023-07-25 17:33:00,30.5,30.5,30.5,30.5,50.0,BTO
2023-07-25 17:26:00,30.49,30.49,30.49,30.49,10.0,BTO
2023-07-25 16:10:00,30.14,30.14,30.14,30.14,484.0,BTO
2023-07-25 16:00:00,30.17,30.17,30.14,30.14,1072.0,BTO
2023-07-25 15:59:00,30.22,30.22,30.04,30.14,1128.0,BTO
2023-07-25 15:58:00,30.179,30.179,30.178,30.179,361.0,BTO
2023-07-25 15:57:00,30.18,30.18,30.18,30.18,288.0,BTO
2023-07-25 15:56:00,30.06,30.06,30.06,30.06,204.0,BTO
2023-07-25 15:55:00,30.22,30.22,30.22,30.22,100.0,BTO
2023-07-25 15:54:00,30.015,30.21,29.98,30.01,989.0,BTO
2023-07-25 15:53:00,30.225,30.225,30.225,30.225,189.0,BTO
2023-07-25 15:52:00,30.41,30.41,30.41,30.41,100.0,BTO
2023-07-25 15:45:00,30.05,30.16,30.05,30.16,380.0,BTO
2023-07-25 15:42:00,29.987,30.02,29.945,30.02,903.0,BTO
2023-07-25 15:34:00,29.93,30.02,29.93,30.02,1100.0,BTO
2023-07-25 15:26:00,29.824,29.824,29.824,29.824,617.0,BTO
2023-07-25 15:22:00,29.99,29.99,29.99,29.99,217.0,BTO
2023-07-25 15:21:00,29.99,29.99,29.99,29.99,260.0,BTO
2023-07-25 15:14:00,30.023,30.023,30.023,30.023,100.0,BTO
2023-07-25 15:12:00,30.049,30.049,30.049,30.049,350.0,BTO
2023-07-25 15:03:00,30.13,30.13,30.13,30.13,323.0,BTO
2023-07-25 14:47:00,29.955,29.955,29.955,29.955,500.0,BTO
2023-07-25 14:44:00,30.19,30.19,30.19,30.19,601.0,BTO
2023-07-25 14:43:00,30.029,30.029,30.029,30.029,131.0,BTO
2023-07-25 14:42:00,30.02,30.184,30.02,30.184,204.0,BTO
2023-07-25 14:40:00,30.05,30.05,30.04,30.04,333.0,BTO
2023-07-25 14:37:00,30.24,30.25,30.15,30.15,1217.0,BTO
2023-07-25 14:36:00,30.32,30.32,30.32,30.32,1846.0,BTO
2023-07-25 14:29:00,30.236,30.236,30.236,30.236,415.0,BTO
2023-07-25 14:23:00,30.29,30.31,30.29,30.31,775.0,BTO
2023-07-25 14:12:00,30.255,30.255,30.255,30.255,500.0,BTO
2023-07-25 14:04:00,30.279,30.279,30.279,30.279,500.0,BTO
2023-07-25 13:57:00,30.238,30.238,30.238,30.238,175.0,BTO
2023-07-25 13:55:00,30.261,30.261,30.261,30.261,200.0,BTO
2023-07-25 13:54:00,30.204,30.215,30.204,30.215,500.0,BTO
2023-07-25 13:53:00,30.23,30.23,30.23,30.23,300.0,BTO
2023-07-25 13:52:00,30.208,30.208,30.208,30.208,201.0,BTO
2023-07-25 13:51:00,30.211,30.22,30.211,30.22,1100.0,BTO
2023-07-25 13:49:00,30.25,30.25,30.214,30.234,1106.0,BTO
2023-07-25 13:47:00,30.217,30.217,30.217,30.217,1500.0,BTO
2023-07-25 13:42:00,30.185,30.185,30.185,30.185,250.0,BTO
2023-07-25 13:32:00,30.14,30.14,30.14,30.14,700.0,BTO
2023-07-25 13:28:00,30.25,30.25,30.25,30.25,165.0,BTO
2023-07-25 13:27:00,30.203,30.203,30.203,30.203,288.0,BTO
2023-07-25 13:26:00,30.2,30.2,30.2,30.2,130.0,BTO
2023-07-25 13:24:00,30.162,30.162,30.162,30.162,480.0,BTO
2023-07-25 13:17:00,30.194,30.194,30.194,30.194,500.0,BTO
2023-07-25 13:11:00,30.238,30.238,30.238,30.238,300.0,BTO
2023-07-25 12:58:00,30.19,30.19,30.19,30.19,100.0,BTO
2023-07-25 12:54:00,30.18,30.18,30.155,30.155,300.0,BTO
2023-07-25 12:46:00,30.14,30.14,30.14,30.14,100.0,BTO
2023-07-25 12:44:00,30.12,30.12,30.12,30.12,100.0,BTO
2023-07-25 12:43:00,30.07,30.12,30.07,30.12,300.0,BTO
2023-07-25 12:42:00,30.16,30.16,30.12,30.12,200.0,BTO
2023-07-25 12:41:00,30.14,30.14,30.14,30.14,200.0,BTO
2023-07-25 12:39:00,30.11,30.11,29.93,29.93,3370.0,BTO
2023-07-25 12:29:00,30.1,30.1,30.1,30.1,142.0,BTO
2023-07-25 12:21:00,30.05,30.05,30.05,30.05,100.0,BTO
2023-07-25 12:19:00,30.127,30.127,30.127,30.127,300.0,BTO
2023-07-25 12:09:00,30.105,30.105,30.105,30.105,350.0,BTO
2023-07-25 12:00:00,30.1,30.144,30.063,30.063,2230.0,BTO
2023-07-25 11:56:00,30.11,30.11,30.11,30.11,174.0,BTO
2023-07-25 11:12:00,30.27,30.27,30.18,30.18,327.0,BTO
2023-07-25 10:58:00,30.15,30.15,30.15,30.15,303.0,BTO
2023-07-25 10:57:00,30.196,30.196,30.196,30.196,120.0,BTO
2023-07-25 10:54:00,30.2,30.2,30.2,30.2,187.0,BTO
2023-07-25 10:42:00,30.2,30.2,30.2,30.2,211.0,BTO
2023-07-25 10:37:00,30.181,30.181,30.181,30.181,381.0,BTO
2023-07-25 10:35:00,30.09,30.09,30.09,30.09,100.0,BTO
2023-07-25 10:32:00,30.2,30.2,30.18,30.2,562.0,BTO
2023-07-25 10:27:00,30.08,30.08,30.08,30.08,200.0,BTO
2023-07-25 10:13:00,30.114,30.114,30.114,30.114,100.0,BTO
2023-07-25 10:12:00,30.12,30.12,30.0,30.0,900.0,BTO
2023-07-25 10:02:00,29.85,29.85,29.85,29.85,201.0,BTO
2023-07-25 09:58:00,29.95,29.95,29.95,29.95,200.0,BTO
2023-07-25 09:57:00,29.909,29.909,29.909,29.909,3600.0,BTO
2023-07-25 09:50:00,29.95,29.95,29.95,29.95,100.0,BTO
2023-07-25 09:47:00,29.96,29.96,29.96,29.96,150.0,BTO
2023-07-25 09:41:00,29.68,29.68,29.68,29.68,505.0,BTO
2023-07-25 09:36:00,30.03,30.03,30.03,30.03,2950.0,BTO
2023-07-25 09:34:00,30.08,30.08,30.08,30.08,157.0,BTO
2023-07-25 09:30:00,30.06,30.08,30.06,30.08,2167.0,BTO
2023-07-24 19:00:00,30.07,30.07,30.07,30.07,875.0,BTO
2023-07-24 18:30:00,30.07,30.07,30.07,30.07,875.0,BTO
2023-07-24 16:10:00,30.07,30.07,30.07,30.07,875.0,BTO
2023-07-24 16:00:00,30.15,30.15,30.07,30.07,1984.0,BTO
2023-07-24 15:59:00,30.07,30.15,30.07,30.15,851.0,BTO
2023-07-24 15:57:00,30.02,30.11,30.02,30.07,406.0,BTO
2023-07-24 15:55:00,30.02,30.02,30.02,30.02,300.0,BTO
2023-07-24 15:51:00,30.0,30.0,30.0,30.0,699.0,BTO
2023-07-24 15:50:00,30.05,30.05,30.05,30.05,139.0,BTO
2023-07-24 15:44:00,30.05,30.065,30.05,30.065,226.0,BTO
2023-07-24 15:41:00,30.05,30.05,30.05,30.05,109.0,BTO
2023-07-24 15:40:00,30.03,30.08,30.03,30.08,661.0,BTO
2023-07-24 15:35:00,30.01,30.01,30.01,30.01,308.0,BTO
2023-07-24 15:34:00,30.0,30.0,30.0,30.0,615.0,BTO
2023-07-24 15:33:00,30.0,30.0,30.0,30.0,126.0,BTO
2023-07-24 15:31:00,30.106,30.106,30.106,30.106,655.0,BTO
2023-07-24 15:30:00,30.07,30.07,30.07,30.07,212.0,BTO
2023-07-24 15:29:00,30.09,30.09,30.09,30.09,102.0,BTO
2023-07-24 15:24:00,30.07,30.07,30.07,30.07,215.0,BTO
2023-07-24 15:23:00,30.15,30.15,30.15,30.15,100.0,BTO
2023-07-24 15:13:00,30.0,30.0,30.0,30.0,100.0,BTO
2023-07-24 15:01:00,30.17,30.17,30.049,30.049,500.0,BTO
2023-07-24 14:59:00,30.086,30.086,30.086,30.086,337.0,BTO
2023-07-24 14:53:00,30.095,30.095,30.095,30.095,200.0,BTO
2023-07-24 14:48:00,30.02,30.19,30.01,30.19,483.0,BTO
2023-07-24 14:42:00,30.1,30.1,30.06,30.06,314.0,BTO
2023-07-24 14:40:00,30.119,30.124,30.03,30.124,804.0,BTO
2023-07-24 14:24:00,30.1,30.1,30.1,30.1,700.0,BTO
2023-07-24 14:08:00,30.1,30.1,30.1,30.1,395.0,BTO
2023-07-24 14:00:00,30.068,30.068,30.068,30.068,100.0,BTO
2023-07-24 13:59:00,30.02,30.02,30.02,30.02,1000.0,BTO
2023-07-24 13:55:00,30.13,30.13,30.13,30.13,295.0,BTO
2023-07-24 13:52:00,30.155,30.155,30.155,30.155,700.0,BTO
2023-07-24 13:50:00,30.12,30.12,30.11,30.12,2040.0,BTO
2023-07-24 13:43:00,30.145,30.145,30.145,30.145,172.0,BTO
2023-07-24 13:42:00,30.11,30.14,30.11,30.14,901.0,BTO
2023-07-24 13:41:00,30.16,30.16,30.14,30.14,261.0,BTO
2023-07-24 13:36:00,30.155,30.155,30.155,30.155,550.0,BTO
2023-07-24 13:14:00,30.2,30.2,30.2,30.2,400.0,BTO
2023-07-24 13:13:00,30.12,30.12,30.12,30.12,1000.0,BTO
2023-07-24 13:04:00,30.09,30.09,30.09,30.09,514.0,BTO
2023-07-24 12:59:00,30.15,30.15,30.14,30.14,600.0,BTO
2023-07-24 12:57:00,30.15,30.15,30.15,30.15,300.0,BTO
2023-07-24 12:50:00,30.17,30.17,30.095,30.095,900.0,BTO
2023-07-24 12:45:00,30.14,30.14,30.13,30.13,800.0,BTO
2023-07-24 12:42:00,30.206,30.206,30.15,30.15,1109.0,BTO
2023-07-24 12:39:00,30.18,30.18,30.17,30.17,500.0,BTO
2023-07-24 12:37:00,30.19,30.19,30.19,30.19,259.0,BTO
2023-07-24 12:35:00,30.24,30.24,30.24,30.24,275.0,BTO
2023-07-24 12:32:00,30.243,30.243,30.243,30.243,180.0,BTO
2023-07-24 12:30:00,30.21,30.21,30.21,30.21,146.0,BTO
2023-07-24 12:29:00,30.2,30.2,30.2,30.2,392.0,BTO
2023-07-24 12:12:00,30.185,30.185,30.184,30.185,200.0,BTO
2023-07-24 11:38:00,30.0,30.0,30.0,30.0,1617.0,BTO
2023-07-24 11:36:00,29.94,29.94,29.94,29.94,101.0,BTO
2023-07-24 11:33:00,29.96,29.96,29.96,29.96,230.0,BTO
2023-07-24 11:30:00,30.01,30.01,30.0,30.0,700.0,BTO
2023-07-24 11:29:00,30.01,30.01,30.01,30.01,300.0,BTO
2023-07-24 11:14:00,30.0,30.0,30.0,30.0,569.0,BTO
2023-07-24 11:13:00,30.085,30.085,30.085,30.085,100.0,BTO
2023-07-24 11:12:00,30.12,30.12,30.12,30.12,250.0,BTO
2023-07-24 11:03:00,30.0,30.025,30.0,30.025,574.0,BTO
2023-07-24 11:01:00,29.96,29.96,29.96,29.96,300.0,BTO
2023-07-24 10:59:00,30.0,30.0,30.0,30.0,100.0,BTO
2023-07-24 10:58:00,29.926,29.926,29.926,29.926,200.0,BTO
2023-07-24 10:52:00,29.83,29.83,29.83,29.83,200.0,BTO
2023-07-24 10:51:00,29.819,29.9,29.819,29.849,1298.0,BTO
2023-07-24 10:33:00,29.85,29.85,29.84,29.85,546.0,BTO
2023-07-24 10:30:00,29.86,29.86,29.85,29.85,348.0,BTO
2023-07-24 10:18:00,29.896,29.896,29.802,29.802,1187.0,BTO
2023-07-24 10:17:00,29.95,29.95,29.95,29.95,303.0,BTO
2023-07-24 10:15:00,30.0,30.0,30.0,30.0,400.0,BTO
2023-07-24 10:12:00,30.0,30.0,30.0,30.0,202.0,BTO
2023-07-24 10:11:00,30.07,30.07,30.01,30.01,880.0,BTO
2023-07-24 10:09:00,29.95,29.95,29.95,29.95,501.0,BTO
2023-07-24 10:05:00,30.0,30.165,30.0,30.071,1777.0,BTO
2023-07-24 10:04:00,30.165,30.165,30.165,30.165,100.0,BTO
2023-07-24 09:52:00,30.13,30.13,30.13,30.13,100.0,BTO
2023-07-24 09:49:00,30.033,30.033,30.033,30.033,1475.0,BTO
2023-07-24 09:46:00,30.2,30.2,30.2,30.2,385.0,BTO
2023-07-24 09:45:00,30.1,30.1,30.1,30.1,500.0,BTO
2023-07-24 09:39:00,30.2,30.2,30.2,30.2,473.0,BTO
2023-07-24 09:36:00,30.2,30.2,30.2,30.2,159.0,BTO
2023-07-24 09:35:00,30.0,30.0,30.0,30.0,400.0,BTO
2023-07-24 09:30:00,30.03,30.03,30.03,30.03,2509.0,BTO
