date,1. open,2. high,3. low,4. close,5. volume,Ticker
2024-07-16 19:17:00,60.0,60.01,60.0,60.01,2.0,BUD
2024-07-16 19:00:00,60.2,60.2,60.2,60.2,52075.0,BUD
2024-07-16 18:52:00,60.0,60.0,60.0,60.0,5.0,BUD
2024-07-16 18:48:00,60.188,60.2,60.188,60.2,2.0,BUD
2024-07-16 18:30:00,60.2,60.2,60.2,60.2,52075.0,BUD
2024-07-16 18:21:00,60.0,60.15,60.0,60.0,58.0,BUD
2024-07-16 18:16:00,60.0,60.0,60.0,60.0,1.0,BUD
2024-07-16 18:04:00,59.71,59.71,59.71,59.71,1.0,BUD
2024-07-16 17:57:00,59.71,59.71,59.71,59.71,4.0,BUD
2024-07-16 17:52:00,60.0,60.0,60.0,60.0,1000.0,BUD
2024-07-16 17:51:00,60.0,60.0,60.0,60.0,1.0,BUD
2024-07-16 17:42:00,60.0,60.0,60.0,60.0,1.0,BUD
2024-07-16 17:41:00,60.0,60.0,60.0,60.0,4.0,BUD
2024-07-16 17:14:00,60.2,60.2,60.2,60.2,100.0,BUD
2024-07-16 17:04:00,60.18,60.18,60.02,60.02,31.0,BUD
2024-07-16 16:52:00,60.2,60.2,60.2,60.2,76.0,BUD
2024-07-16 16:51:00,60.01,60.01,60.01,60.01,2.0,BUD
2024-07-16 16:32:00,60.01,60.01,60.01,60.01,100.0,BUD
2024-07-16 16:19:00,60.01,60.01,60.01,60.01,1.0,BUD
2024-07-16 16:16:00,59.55,59.55,59.55,59.55,2.0,BUD
2024-07-16 16:10:00,60.2,60.37,60.2,60.37,52076.0,BUD
2024-07-16 16:01:00,60.2,60.2,60.2,60.2,137.0,BUD
2024-07-16 16:00:00,60.22,60.23,60.2,60.2,118702.0,BUD
2024-07-16 15:59:00,60.185,60.23,60.18,60.23,32634.0,BUD
2024-07-16 15:58:00,60.195,60.195,60.18,60.185,18119.0,BUD
2024-07-16 15:57:00,60.16,60.195,60.16,60.195,12540.0,BUD
2024-07-16 15:56:00,60.165,60.175,60.155,60.16,7675.0,BUD
2024-07-16 15:55:00,60.19,60.195,60.165,60.17,12438.0,BUD
2024-07-16 15:54:00,60.185,60.19,60.18,60.19,2744.0,BUD
2024-07-16 15:53:00,60.165,60.185,60.15,60.18,12480.0,BUD
2024-07-16 15:52:00,60.165,60.17,60.16,60.17,3992.0,BUD
2024-07-16 15:51:00,60.165,60.165,60.16,60.165,2329.0,BUD
2024-07-16 15:50:00,60.155,60.17,60.155,60.165,6305.0,BUD
2024-07-16 15:49:00,60.155,60.155,60.14,60.155,5526.0,BUD
2024-07-16 15:48:00,60.14,60.16,60.14,60.16,3650.0,BUD
2024-07-16 15:47:00,60.14,60.14,60.14,60.14,1077.0,BUD
2024-07-16 15:46:00,60.135,60.145,60.135,60.135,3085.0,BUD
2024-07-16 15:45:00,60.115,60.145,60.115,60.14,10442.0,BUD
2024-07-16 15:44:00,60.115,60.12,60.111,60.12,1682.0,BUD
2024-07-16 15:42:00,60.13,60.13,60.12,60.12,2324.0,BUD
2024-07-16 15:41:00,60.14,60.14,60.115,60.125,3921.0,BUD
2024-07-16 15:40:00,60.15,60.15,60.14,60.145,1399.0,BUD
2024-07-16 15:39:00,60.14,60.145,60.14,60.14,2780.0,BUD
2024-07-16 15:38:00,60.135,60.145,60.135,60.14,3589.0,BUD
2024-07-16 15:37:00,60.13,60.14,60.13,60.135,1750.0,BUD
2024-07-16 15:36:00,60.135,60.135,60.125,60.125,1134.0,BUD
2024-07-16 15:35:00,60.13,60.14,60.125,60.135,2574.0,BUD
2024-07-16 15:34:00,60.13,60.14,60.13,60.135,1535.0,BUD
2024-07-16 15:33:00,60.135,60.14,60.13,60.13,1443.0,BUD
2024-07-16 15:32:00,60.13,60.14,60.13,60.135,2888.0,BUD
2024-07-16 15:31:00,60.125,60.125,60.12,60.12,732.0,BUD
2024-07-16 15:30:00,60.11,60.13,60.105,60.12,13771.0,BUD
2024-07-16 15:29:00,60.11,60.12,60.11,60.12,1386.0,BUD
2024-07-16 15:28:00,60.09,60.115,60.09,60.11,6579.0,BUD
2024-07-16 15:27:00,60.08,60.085,60.08,60.085,1080.0,BUD
2024-07-16 15:26:00,60.07,60.085,60.07,60.08,1892.0,BUD
2024-07-16 15:25:00,60.07,60.075,60.07,60.07,778.0,BUD
2024-07-16 15:23:00,60.09,60.095,60.08,60.08,1502.0,BUD
2024-07-16 15:22:00,60.055,60.095,60.055,60.09,16299.0,BUD
2024-07-16 15:21:00,60.045,60.055,60.045,60.055,1017.0,BUD
2024-07-16 15:20:00,60.05,60.05,60.04,60.04,801.0,BUD
2024-07-16 15:19:00,60.06,60.065,60.05,60.05,4251.0,BUD
2024-07-16 15:18:00,60.065,60.065,60.06,60.06,1888.0,BUD
2024-07-16 15:17:00,60.078,60.078,60.07,60.07,1568.0,BUD
2024-07-16 15:16:00,60.075,60.075,60.075,60.075,660.0,BUD
2024-07-16 15:15:00,60.075,60.075,60.07,60.07,2385.0,BUD
2024-07-16 15:14:00,60.072,60.078,60.07,60.078,1503.0,BUD
2024-07-16 15:13:00,60.065,60.08,60.06,60.08,6312.0,BUD
2024-07-16 15:12:00,60.055,60.065,60.05,60.065,2294.0,BUD
2024-07-16 15:11:00,60.05,60.055,60.05,60.05,791.0,BUD
2024-07-16 15:10:00,60.065,60.065,60.05,60.05,2470.0,BUD
2024-07-16 15:09:00,60.06,60.06,60.06,60.06,411.0,BUD
2024-07-16 15:08:00,60.05,60.06,60.05,60.06,950.0,BUD
2024-07-16 15:07:00,60.05,60.065,60.05,60.05,1254.0,BUD
2024-07-16 15:06:00,60.04,60.045,60.03,60.045,2845.0,BUD
2024-07-16 15:05:00,60.055,60.06,60.05,60.05,1725.0,BUD
2024-07-16 15:04:00,60.065,60.065,60.065,60.065,322.0,BUD
2024-07-16 15:03:00,60.065,60.065,60.06,60.06,733.0,BUD
2024-07-16 15:02:00,60.055,60.065,60.055,60.065,3309.0,BUD
2024-07-16 15:01:00,60.05,60.06,60.05,60.06,3136.0,BUD
2024-07-16 15:00:00,60.045,60.055,60.04,60.046,4099.0,BUD
2024-07-16 14:59:00,60.03,60.05,60.03,60.05,1058.0,BUD
2024-07-16 14:58:00,60.035,60.035,60.028,60.028,1244.0,BUD
2024-07-16 14:57:00,60.02,60.03,60.015,60.03,1531.0,BUD
2024-07-16 14:56:00,60.035,60.035,60.02,60.02,6421.0,BUD
2024-07-16 14:55:00,60.04,60.05,60.035,60.035,5137.0,BUD
2024-07-16 14:54:00,60.04,60.04,60.04,60.04,307.0,BUD
2024-07-16 14:53:00,60.03,60.035,60.03,60.035,917.0,BUD
2024-07-16 14:52:00,60.035,60.04,60.03,60.03,1337.0,BUD
2024-07-16 14:51:00,60.04,60.04,60.03,60.03,1689.0,BUD
2024-07-16 14:50:00,60.045,60.05,60.031,60.031,691.0,BUD
2024-07-16 14:49:00,60.04,60.045,60.04,60.045,2500.0,BUD
2024-07-16 14:48:00,60.04,60.04,60.035,60.039,949.0,BUD
2024-07-16 14:47:00,60.039,60.04,60.039,60.04,873.0,BUD
2024-07-16 14:46:00,60.02,60.03,60.02,60.03,1285.0,BUD
2024-07-16 14:45:00,60.035,60.035,60.025,60.025,750.0,BUD
2024-07-16 14:44:00,60.03,60.04,60.03,60.04,1427.0,BUD
2024-07-16 14:43:00,60.035,60.04,60.03,60.035,1785.0,BUD
2024-07-16 14:42:00,60.015,60.03,60.015,60.03,3210.0,BUD
2024-07-16 14:41:00,60.02,60.02,60.02,60.02,228.0,BUD
2024-07-16 14:40:00,60.03,60.03,60.02,60.02,1349.0,BUD
2024-07-16 14:39:00,60.01,60.02,60.01,60.01,624.0,BUD
2024-07-16 14:38:00,59.965,60.02,59.965,60.02,5679.0,BUD
2024-07-16 14:37:00,59.965,59.965,59.965,59.965,527.0,BUD
2024-07-16 14:36:00,59.965,59.97,59.965,59.97,718.0,BUD
2024-07-16 14:35:00,59.95,59.96,59.945,59.96,2143.0,BUD
2024-07-16 14:34:00,59.96,59.96,59.96,59.96,141.0,BUD
2024-07-16 14:33:00,59.925,59.95,59.925,59.95,1750.0,BUD
2024-07-16 14:32:00,59.915,59.925,59.915,59.925,495.0,BUD
2024-07-16 14:31:00,59.91,59.91,59.91,59.91,882.0,BUD
2024-07-16 14:29:00,59.911,59.92,59.911,59.92,512.0,BUD
2024-07-16 14:28:00,59.91,59.91,59.91,59.91,1421.0,BUD
2024-07-16 14:25:00,59.93,59.93,59.925,59.925,692.0,BUD
2024-07-16 14:24:00,59.939,59.939,59.939,59.939,527.0,BUD
2024-07-16 14:23:00,59.925,59.93,59.925,59.93,424.0,BUD
2024-07-16 14:22:00,59.935,59.935,59.93,59.93,326.0,BUD
2024-07-16 14:21:00,59.91,59.935,59.91,59.935,3643.0,BUD
2024-07-16 14:20:00,59.9,59.905,59.9,59.9,2455.0,BUD
2024-07-16 14:19:00,59.91,59.915,59.91,59.91,1048.0,BUD
2024-07-16 14:18:00,59.91,59.91,59.905,59.91,583.0,BUD
2024-07-16 14:16:00,59.935,59.94,59.925,59.925,1232.0,BUD
2024-07-16 14:15:00,59.965,59.965,59.945,59.95,1033.0,BUD
2024-07-16 14:14:00,59.965,59.965,59.96,59.965,1566.0,BUD
2024-07-16 14:13:00,59.99,59.99,59.97,59.975,1234.0,BUD
2024-07-16 14:12:00,59.996,59.996,59.996,59.996,468.0,BUD
2024-07-16 14:11:00,59.985,59.99,59.98,59.985,2670.0,BUD
2024-07-16 14:10:00,59.98,59.99,59.98,59.99,1832.0,BUD
2024-07-16 14:09:00,59.99,59.99,59.99,59.99,663.0,BUD
2024-07-16 14:08:00,59.98,59.985,59.98,59.985,364.0,BUD
2024-07-16 14:07:00,59.975,59.985,59.975,59.985,969.0,BUD
2024-07-16 14:06:00,59.98,59.985,59.975,59.975,1113.0,BUD
2024-07-16 14:05:00,59.985,59.985,59.98,59.985,4705.0,BUD
2024-07-16 14:04:00,59.955,59.976,59.955,59.976,1907.0,BUD
2024-07-16 14:03:00,59.96,59.96,59.96,59.96,251.0,BUD
2024-07-16 14:02:00,59.94,59.955,59.94,59.955,3869.0,BUD
2024-07-16 14:00:00,59.945,59.945,59.93,59.939,1829.0,BUD
2024-07-16 13:58:00,59.945,59.945,59.945,59.945,346.0,BUD
2024-07-16 13:57:00,59.95,59.955,59.95,59.95,1782.0,BUD
2024-07-16 13:56:00,59.95,59.95,59.945,59.945,802.0,BUD
2024-07-16 13:55:00,59.945,59.945,59.945,59.945,143.0,BUD
2024-07-16 13:54:00,59.94,59.945,59.94,59.94,1378.0,BUD
2024-07-16 13:53:00,59.932,59.94,59.932,59.94,618.0,BUD
2024-07-16 13:52:00,59.925,59.93,59.925,59.93,289.0,BUD
2024-07-16 13:51:00,59.93,59.935,59.911,59.92,1668.0,BUD
2024-07-16 13:50:00,59.94,59.94,59.93,59.94,5110.0,BUD
2024-07-16 13:49:00,59.935,59.95,59.935,59.942,4023.0,BUD
2024-07-16 13:48:00,59.905,59.94,59.905,59.935,2556.0,BUD
2024-07-16 13:47:00,59.895,59.9,59.895,59.9,1069.0,BUD
2024-07-16 13:44:00,59.88,59.89,59.88,59.89,1490.0,BUD
2024-07-16 13:43:00,59.875,59.875,59.875,59.875,394.0,BUD
2024-07-16 13:42:00,59.87,59.88,59.865,59.88,1356.0,BUD
2024-07-16 13:41:00,59.87,59.87,59.865,59.865,1174.0,BUD
2024-07-16 13:39:00,59.885,59.885,59.875,59.875,511.0,BUD
2024-07-16 13:38:00,59.875,59.88,59.875,59.88,394.0,BUD
2024-07-16 13:36:00,59.89,59.89,59.875,59.875,565.0,BUD
2024-07-16 13:35:00,59.87,59.88,59.87,59.88,764.0,BUD
2024-07-16 13:33:00,59.87,59.87,59.87,59.87,983.0,BUD
2024-07-16 13:32:00,59.865,59.87,59.865,59.865,517.0,BUD
2024-07-16 13:31:00,59.86,59.86,59.86,59.86,409.0,BUD
2024-07-16 13:30:00,59.85,59.86,59.85,59.86,1049.0,BUD
2024-07-16 13:29:00,59.85,59.87,59.85,59.865,1450.0,BUD
2024-07-16 13:28:00,59.805,59.84,59.805,59.84,4727.0,BUD
2024-07-16 13:27:00,59.81,59.81,59.81,59.81,214.0,BUD
2024-07-16 13:26:00,59.81,59.815,59.805,59.815,1150.0,BUD
2024-07-16 13:25:00,59.83,59.83,59.809,59.815,1354.0,BUD
2024-07-16 13:23:00,59.829,59.835,59.825,59.835,2554.0,BUD
2024-07-16 13:22:00,59.825,59.825,59.825,59.825,690.0,BUD
2024-07-16 13:21:00,59.82,59.82,59.82,59.82,683.0,BUD
2024-07-16 13:20:00,59.815,59.825,59.815,59.825,927.0,BUD
2024-07-16 13:19:00,59.81,59.81,59.81,59.81,529.0,BUD
2024-07-16 13:18:00,59.81,59.81,59.81,59.81,517.0,BUD
2024-07-16 13:17:00,59.815,59.815,59.815,59.815,415.0,BUD
2024-07-16 13:16:00,59.82,59.825,59.82,59.825,913.0,BUD
2024-07-16 13:15:00,59.83,59.83,59.825,59.825,446.0,BUD
2024-07-16 13:13:00,59.83,59.83,59.83,59.83,1234.0,BUD
2024-07-16 13:12:00,59.835,59.835,59.825,59.825,515.0,BUD
2024-07-16 13:11:00,59.86,59.86,59.84,59.84,1656.0,BUD
2024-07-16 13:10:00,59.86,59.86,59.86,59.86,591.0,BUD
2024-07-16 13:09:00,59.855,59.855,59.855,59.855,321.0,BUD
2024-07-16 13:08:00,59.85,59.855,59.84,59.85,2001.0,BUD
2024-07-16 13:07:00,59.84,59.845,59.835,59.84,764.0,BUD
2024-07-16 13:06:00,59.843,59.85,59.843,59.85,2023.0,BUD
2024-07-16 13:05:00,59.86,59.86,59.86,59.86,212.0,BUD
2024-07-16 13:04:00,59.89,59.89,59.87,59.87,2191.0,BUD
2024-07-16 13:03:00,59.895,59.895,59.895,59.895,330.0,BUD
2024-07-16 13:02:00,59.9,59.9,59.9,59.9,245.0,BUD
2024-07-16 13:01:00,59.89,59.89,59.89,59.89,160.0,BUD
2024-07-16 13:00:00,59.88,59.895,59.88,59.891,1003.0,BUD
2024-07-16 12:59:00,59.875,59.88,59.875,59.875,1031.0,BUD
2024-07-16 12:58:00,59.875,59.885,59.87,59.88,1451.0,BUD
2024-07-16 12:57:00,59.87,59.87,59.87,59.87,296.0,BUD
2024-07-16 12:56:00,59.88,59.88,59.88,59.88,1117.0,BUD
2024-07-16 12:55:00,59.86,59.865,59.86,59.865,395.0,BUD
2024-07-16 12:54:00,59.84,59.84,59.84,59.84,851.0,BUD
2024-07-16 12:53:00,59.85,59.85,59.845,59.845,545.0,BUD
2024-07-16 12:52:00,59.84,59.86,59.84,59.86,2098.0,BUD
2024-07-16 12:51:00,59.85,59.86,59.845,59.845,3256.0,BUD
2024-07-16 12:50:00,59.835,59.84,59.835,59.84,1060.0,BUD
2024-07-16 12:49:00,59.84,59.84,59.83,59.831,1040.0,BUD
2024-07-16 12:48:00,59.835,59.84,59.8,59.83,21822.0,BUD
2024-07-16 12:47:00,59.83,59.83,59.83,59.83,562.0,BUD
2024-07-16 12:46:00,59.805,59.83,59.805,59.83,1956.0,BUD
2024-07-16 12:45:00,59.8,59.8,59.8,59.8,527.0,BUD
2024-07-16 12:43:00,59.82,59.82,59.805,59.805,599.0,BUD
2024-07-16 12:42:00,59.82,59.82,59.815,59.815,813.0,BUD
2024-07-16 12:40:00,59.845,59.845,59.815,59.815,747.0,BUD
2024-07-16 12:39:00,59.85,59.855,59.83,59.83,1229.0,BUD
2024-07-16 12:37:00,59.865,59.865,59.85,59.86,1716.0,BUD
2024-07-16 12:36:00,59.86,59.86,59.86,59.86,408.0,BUD
2024-07-16 12:34:00,59.83,59.85,59.83,59.85,1459.0,BUD
2024-07-16 12:33:00,59.825,59.83,59.82,59.83,918.0,BUD
2024-07-16 12:32:00,59.85,59.855,59.83,59.83,1445.0,BUD
2024-07-16 12:31:00,59.82,59.85,59.82,59.85,475.0,BUD
2024-07-16 12:30:00,59.8,59.81,59.8,59.81,2270.0,BUD
2024-07-16 12:29:00,59.77,59.8,59.77,59.8,916.0,BUD
2024-07-16 12:28:00,59.76,59.77,59.755,59.77,3262.0,BUD
2024-07-16 12:27:00,59.76,59.77,59.76,59.77,444.0,BUD
2024-07-16 12:26:00,59.765,59.765,59.765,59.765,392.0,BUD
2024-07-16 12:25:00,59.76,59.76,59.76,59.76,553.0,BUD
2024-07-16 12:24:00,59.76,59.77,59.76,59.76,650.0,BUD
2024-07-16 12:23:00,59.76,59.77,59.76,59.77,639.0,BUD
2024-07-16 12:22:00,59.756,59.756,59.756,59.756,143.0,BUD
2024-07-16 12:21:00,59.75,59.75,59.75,59.75,325.0,BUD
2024-07-16 12:20:00,59.745,59.76,59.745,59.76,1223.0,BUD
2024-07-16 12:19:00,59.75,59.75,59.74,59.74,307.0,BUD
2024-07-16 12:18:00,59.75,59.76,59.735,59.735,2264.0,BUD
2024-07-16 12:17:00,59.74,59.74,59.73,59.74,946.0,BUD
2024-07-16 12:16:00,59.745,59.745,59.735,59.74,1014.0,BUD
2024-07-16 12:15:00,59.765,59.765,59.74,59.74,1176.0,BUD
2024-07-16 12:14:00,59.76,59.77,59.76,59.765,2950.0,BUD
2024-07-16 12:13:00,59.75,59.76,59.75,59.76,508.0,BUD
2024-07-16 12:12:00,59.745,59.76,59.745,59.76,1122.0,BUD
2024-07-16 12:11:00,59.739,59.74,59.739,59.74,420.0,BUD
2024-07-16 12:10:00,59.72,59.745,59.72,59.735,3483.0,BUD
2024-07-16 12:09:00,59.725,59.725,59.715,59.715,1011.0,BUD
2024-07-16 12:08:00,59.69,59.73,59.681,59.73,4366.0,BUD
2024-07-16 12:07:00,59.685,59.69,59.685,59.685,6031.0,BUD
2024-07-16 12:06:00,59.68,59.69,59.68,59.69,607.0,BUD
2024-07-16 12:05:00,59.67,59.683,59.665,59.683,1610.0,BUD
2024-07-16 12:04:00,59.655,59.666,59.655,59.666,1822.0,BUD
2024-07-16 12:03:00,59.625,59.64,59.625,59.64,2267.0,BUD
2024-07-16 12:02:00,59.621,59.63,59.621,59.626,854.0,BUD
2024-07-16 12:01:00,59.649,59.649,59.61,59.62,2148.0,BUD
2024-07-16 12:00:00,59.645,59.65,59.64,59.64,3386.0,BUD
2024-07-16 11:59:00,59.645,59.645,59.645,59.645,996.0,BUD
2024-07-16 11:58:00,59.615,59.655,59.615,59.65,4521.0,BUD
2024-07-16 11:57:00,59.615,59.617,59.615,59.617,737.0,BUD
2024-07-16 11:56:00,59.615,59.619,59.615,59.615,1543.0,BUD
2024-07-16 11:55:00,59.63,59.63,59.615,59.625,4607.0,BUD
2024-07-16 11:54:00,59.638,59.638,59.63,59.63,977.0,BUD
2024-07-16 11:53:00,59.63,59.64,59.63,59.64,2341.0,BUD
2024-07-16 11:52:00,59.635,59.64,59.635,59.64,638.0,BUD
2024-07-16 11:51:00,59.64,59.64,59.63,59.64,2553.0,BUD
2024-07-16 11:50:00,59.66,59.66,59.646,59.646,2447.0,BUD
2024-07-16 11:49:00,59.67,59.675,59.66,59.66,2672.0,BUD
2024-07-16 11:48:00,59.69,59.69,59.67,59.68,4211.0,BUD
2024-07-16 11:47:00,59.705,59.705,59.69,59.695,4106.0,BUD
2024-07-16 11:46:00,59.715,59.715,59.695,59.71,2044.0,BUD
2024-07-16 11:45:00,59.73,59.73,59.72,59.72,1105.0,BUD
2024-07-16 11:44:00,59.73,59.73,59.725,59.73,1478.0,BUD
2024-07-16 11:43:00,59.715,59.73,59.715,59.725,5974.0,BUD
2024-07-16 11:42:00,59.7,59.72,59.7,59.715,943.0,BUD
2024-07-16 11:41:00,59.72,59.72,59.69,59.69,2774.0,BUD
2024-07-16 11:40:00,59.715,59.72,59.71,59.72,1709.0,BUD
2024-07-16 11:39:00,59.695,59.717,59.695,59.717,4683.0,BUD
2024-07-16 11:38:00,59.69,59.7,59.69,59.695,2331.0,BUD
2024-07-16 11:37:00,59.704,59.71,59.685,59.69,5919.0,BUD
2024-07-16 11:36:00,59.7,59.72,59.695,59.71,6300.0,BUD
2024-07-16 11:35:00,59.71,59.71,59.69,59.695,10535.0,BUD
2024-07-16 11:34:00,59.715,59.73,59.695,59.71,8667.0,BUD
2024-07-16 11:33:00,59.715,59.715,59.71,59.715,1107.0,BUD
2024-07-16 11:32:00,59.7,59.715,59.7,59.715,1650.0,BUD
2024-07-16 11:31:00,59.73,59.73,59.7,59.7,2383.0,BUD
2024-07-16 11:30:00,59.76,59.76,59.715,59.73,4154.0,BUD
2024-07-16 11:29:00,59.74,59.78,59.74,59.771,3147.0,BUD
2024-07-16 11:28:00,59.749,59.749,59.742,59.745,1010.0,BUD
2024-07-16 11:27:00,59.745,59.749,59.745,59.749,425.0,BUD
2024-07-16 11:26:00,59.745,59.75,59.745,59.75,4234.0,BUD
2024-07-16 11:25:00,59.75,59.76,59.745,59.745,2924.0,BUD
2024-07-16 11:24:00,59.725,59.76,59.72,59.755,5086.0,BUD
2024-07-16 11:23:00,59.725,59.725,59.715,59.72,1642.0,BUD
2024-07-16 11:22:00,59.75,59.75,59.72,59.72,3324.0,BUD
2024-07-16 11:21:00,59.74,59.75,59.735,59.75,9641.0,BUD
2024-07-16 11:20:00,59.725,59.73,59.72,59.73,6405.0,BUD
2024-07-16 11:19:00,59.73,59.73,59.72,59.725,3663.0,BUD
2024-07-16 11:18:00,59.765,59.765,59.74,59.74,2244.0,BUD
2024-07-16 11:17:00,59.79,59.79,59.765,59.765,776.0,BUD
2024-07-16 11:16:00,59.81,59.81,59.79,59.79,816.0,BUD
2024-07-16 11:15:00,59.81,59.81,59.795,59.81,3400.0,BUD
2024-07-16 11:14:00,59.819,59.819,59.819,59.819,256.0,BUD
2024-07-16 11:13:00,59.8,59.815,59.8,59.815,1522.0,BUD
2024-07-16 11:12:00,59.81,59.81,59.795,59.795,962.0,BUD
2024-07-16 11:11:00,59.8,59.82,59.8,59.82,1147.0,BUD
2024-07-16 11:10:00,59.78,59.82,59.78,59.795,5179.0,BUD
2024-07-16 11:09:00,59.78,59.785,59.77,59.77,3657.0,BUD
2024-07-16 11:08:00,59.78,59.78,59.775,59.78,2459.0,BUD
2024-07-16 11:07:00,59.79,59.79,59.775,59.78,1254.0,BUD
2024-07-16 11:06:00,59.82,59.82,59.795,59.795,2912.0,BUD
2024-07-16 11:05:00,59.83,59.83,59.81,59.815,1498.0,BUD
2024-07-16 11:04:00,59.865,59.87,59.835,59.835,4498.0,BUD
2024-07-16 11:03:00,59.91,59.92,59.87,59.87,4433.0,BUD
2024-07-16 11:02:00,59.91,59.91,59.895,59.895,2873.0,BUD
2024-07-16 11:01:00,59.865,59.89,59.86,59.89,3444.0,BUD
2024-07-16 11:00:00,59.87,59.89,59.86,59.875,5986.0,BUD
2024-07-16 10:59:00,59.85,59.86,59.845,59.855,1897.0,BUD
2024-07-16 10:58:00,59.865,59.865,59.845,59.845,926.0,BUD
2024-07-16 10:57:00,59.86,59.865,59.86,59.865,1725.0,BUD
2024-07-16 10:56:00,59.855,59.86,59.855,59.86,1567.0,BUD
2024-07-16 10:55:00,59.835,59.86,59.835,59.86,4125.0,BUD
2024-07-16 10:54:00,59.845,59.845,59.835,59.835,1120.0,BUD
2024-07-16 10:53:00,59.825,59.84,59.82,59.84,4089.0,BUD
2024-07-16 10:52:00,59.815,59.83,59.815,59.83,1853.0,BUD
2024-07-16 10:51:00,59.815,59.835,59.815,59.82,5576.0,BUD
2024-07-16 10:50:00,59.825,59.825,59.81,59.82,5941.0,BUD
2024-07-16 10:49:00,59.82,59.83,59.81,59.82,4376.0,BUD
2024-07-16 10:48:00,59.84,59.84,59.82,59.82,1849.0,BUD
2024-07-16 10:47:00,59.84,59.84,59.83,59.835,4187.0,BUD
2024-07-16 10:46:00,59.845,59.845,59.835,59.84,2152.0,BUD
2024-07-16 10:45:00,59.865,59.865,59.84,59.855,3167.0,BUD
2024-07-16 10:44:00,59.86,59.87,59.852,59.855,3125.0,BUD
2024-07-16 10:43:00,59.87,59.88,59.865,59.87,1955.0,BUD
2024-07-16 10:42:00,59.87,59.87,59.86,59.865,2233.0,BUD
2024-07-16 10:41:00,59.91,59.91,59.88,59.88,1815.0,BUD
2024-07-16 10:40:00,59.9,59.91,59.9,59.91,1510.0,BUD
2024-07-16 10:39:00,59.88,59.9,59.88,59.89,2125.0,BUD
2024-07-16 10:38:00,59.88,59.88,59.85,59.87,2554.0,BUD
2024-07-16 10:37:00,59.88,59.88,59.87,59.88,1301.0,BUD
2024-07-16 10:36:00,59.845,59.88,59.845,59.88,2313.0,BUD
2024-07-16 10:35:00,59.86,59.86,59.845,59.845,885.0,BUD
2024-07-16 10:34:00,59.86,59.87,59.855,59.855,1152.0,BUD
2024-07-16 10:33:00,59.86,59.86,59.84,59.86,2352.0,BUD
2024-07-16 10:32:00,59.85,59.87,59.85,59.87,785.0,BUD
2024-07-16 10:31:00,59.875,59.88,59.83,59.84,2169.0,BUD
2024-07-16 10:30:00,59.85,59.875,59.83,59.875,2378.0,BUD
2024-07-16 10:29:00,59.86,59.86,59.85,59.855,1126.0,BUD
2024-07-16 10:28:00,59.86,59.86,59.85,59.86,2476.0,BUD
2024-07-16 10:27:00,59.91,59.91,59.86,59.86,1399.0,BUD
2024-07-16 10:26:00,59.91,59.92,59.91,59.915,2969.0,BUD
2024-07-16 10:25:00,59.94,59.94,59.91,59.92,2217.0,BUD
2024-07-16 10:24:00,59.95,59.95,59.935,59.94,5437.0,BUD
2024-07-16 10:23:00,59.95,59.95,59.945,59.945,2318.0,BUD
2024-07-16 10:22:00,59.9,59.96,59.9,59.96,3978.0,BUD
2024-07-16 10:21:00,59.9,59.91,59.89,59.91,1476.0,BUD
2024-07-16 10:20:00,59.9,59.9,59.88,59.9,6036.0,BUD
2024-07-16 10:19:00,59.895,59.91,59.895,59.905,1576.0,BUD
2024-07-16 10:18:00,59.93,59.93,59.915,59.915,1062.0,BUD
2024-07-16 10:17:00,59.93,59.93,59.925,59.925,1860.0,BUD
2024-07-16 10:16:00,59.94,59.94,59.935,59.94,3131.0,BUD
2024-07-16 10:15:00,59.9,59.92,59.9,59.92,1970.0,BUD
2024-07-16 10:14:00,59.92,59.93,59.92,59.93,1166.0,BUD
2024-07-16 10:13:00,59.97,59.97,59.92,59.92,3763.0,BUD
2024-07-16 10:12:00,59.98,59.98,59.975,59.975,2805.0,BUD
2024-07-16 10:11:00,60.02,60.02,59.975,59.975,3227.0,BUD
2024-07-16 10:10:00,60.03,60.03,60.02,60.02,1594.0,BUD
2024-07-16 10:09:00,60.06,60.06,60.03,60.03,1742.0,BUD
2024-07-16 10:08:00,60.01,60.06,60.01,60.06,1677.0,BUD
2024-07-16 10:07:00,60.01,60.01,59.99,59.995,888.0,BUD
2024-07-16 10:06:00,59.985,60.01,59.985,60.01,4424.0,BUD
2024-07-16 10:05:00,59.97,59.99,59.965,59.975,1873.0,BUD
2024-07-16 10:04:00,59.98,59.995,59.965,59.965,4102.0,BUD
2024-07-16 10:03:00,59.99,59.99,59.98,59.985,1008.0,BUD
2024-07-16 10:02:00,60.01,60.02,59.99,59.995,3190.0,BUD
2024-07-16 10:01:00,60.0,60.01,59.995,60.01,4751.0,BUD
2024-07-16 10:00:00,59.93,59.985,59.93,59.985,2296.0,BUD
2024-07-16 09:59:00,59.92,59.93,59.92,59.93,1128.0,BUD
2024-07-16 09:58:00,59.915,59.915,59.915,59.915,169.0,BUD
2024-07-16 09:57:00,59.915,59.92,59.905,59.92,3082.0,BUD
2024-07-16 09:56:00,59.89,59.915,59.89,59.915,5366.0,BUD
2024-07-16 09:55:00,59.88,59.895,59.88,59.89,1655.0,BUD
2024-07-16 09:54:00,59.89,59.89,59.88,59.88,816.0,BUD
2024-07-16 09:53:00,59.91,59.91,59.9,59.91,2826.0,BUD
2024-07-16 09:52:00,59.88,59.91,59.88,59.91,4135.0,BUD
2024-07-16 09:51:00,59.89,59.89,59.89,59.89,466.0,BUD
2024-07-16 09:50:00,59.86,59.885,59.855,59.88,5278.0,BUD
2024-07-16 09:49:00,59.88,59.91,59.85,59.86,31587.0,BUD
2024-07-16 09:48:00,59.91,59.91,59.88,59.88,1717.0,BUD
2024-07-16 09:47:00,59.89,59.93,59.89,59.93,1254.0,BUD
2024-07-16 09:46:00,59.85,59.87,59.84,59.87,3585.0,BUD
2024-07-16 09:45:00,59.87,59.87,59.84,59.841,5043.0,BUD
2024-07-16 09:44:00,59.875,59.875,59.875,59.875,409.0,BUD
2024-07-16 09:43:00,59.88,59.88,59.87,59.88,2380.0,BUD
2024-07-16 09:42:00,59.88,59.9,59.88,59.9,475.0,BUD
2024-07-16 09:41:00,59.88,59.89,59.88,59.89,2787.0,BUD
2024-07-16 09:40:00,59.91,59.91,59.89,59.89,759.0,BUD
2024-07-16 09:39:00,59.93,59.93,59.92,59.92,1737.0,BUD
2024-07-16 09:38:00,59.9,59.93,59.9,59.92,2623.0,BUD
2024-07-16 09:37:00,59.84,59.87,59.83,59.87,4384.0,BUD
2024-07-16 09:36:00,59.83,59.84,59.82,59.84,2095.0,BUD
2024-07-16 09:35:00,59.84,59.855,59.84,59.855,750.0,BUD
2024-07-16 09:34:00,59.9,59.9,59.85,59.85,1360.0,BUD
2024-07-16 09:33:00,59.915,59.92,59.89,59.9,3013.0,BUD
2024-07-16 09:32:00,59.94,59.95,59.92,59.92,4059.0,BUD
2024-07-16 09:31:00,59.96,59.97,59.93,59.946,4950.0,BUD
2024-07-16 09:30:00,59.92,59.93,59.91,59.92,15349.0,BUD
2024-07-16 09:29:00,59.94,59.94,59.94,59.94,1.0,BUD
2024-07-16 09:26:00,59.98,59.98,59.98,59.98,40000.0,BUD
2024-07-16 09:21:00,59.98,59.98,59.98,59.98,100.0,BUD
2024-07-16 09:14:00,59.91,59.91,59.91,59.91,3.0,BUD
2024-07-16 09:12:00,59.98,59.98,59.98,59.98,300.0,BUD
2024-07-16 09:10:00,59.99,59.99,59.99,59.99,1.0,BUD
2024-07-16 09:02:00,59.93,59.93,59.93,59.93,160.0,BUD
2024-07-16 09:01:00,59.9,59.9,59.9,59.9,1.0,BUD
2024-07-16 08:57:00,59.95,59.95,59.95,59.95,50.0,BUD
2024-07-16 08:55:00,59.95,59.95,59.92,59.92,135.0,BUD
2024-07-16 08:54:00,59.91,59.91,59.91,59.91,110.0,BUD
2024-07-16 08:53:00,59.93,59.93,59.93,59.93,100.0,BUD
2024-07-16 08:43:00,59.99,59.99,59.99,59.99,60.0,BUD
2024-07-16 08:42:00,59.99,59.99,59.99,59.99,24.0,BUD
2024-07-16 08:41:00,59.96,59.96,59.96,59.96,50.0,BUD
2024-07-16 08:39:00,59.95,59.95,59.95,59.95,139.0,BUD
2024-07-16 08:38:00,59.97,59.97,59.97,59.97,1.0,BUD
2024-07-16 08:30:00,59.98,60.0,59.98,60.0,56.0,BUD
2024-07-16 08:27:00,60.08,60.08,60.08,60.08,1.0,BUD
2024-07-16 08:26:00,60.05,60.05,60.04,60.04,199.0,BUD
2024-07-16 08:18:00,60.05,60.05,60.05,60.05,2.0,BUD
2024-07-16 08:16:00,60.09,60.09,60.09,60.09,20.0,BUD
2024-07-16 08:11:00,60.05,60.05,60.05,60.05,200.0,BUD
2024-07-16 08:04:00,60.05,60.05,60.05,60.05,10.0,BUD
2024-07-16 08:03:00,60.0,60.0,60.0,60.0,10.0,BUD
2024-07-16 08:02:00,60.15,60.2,60.0,60.2,9.0,BUD
2024-07-16 08:01:00,60.0,60.0,60.0,60.0,1.0,BUD
2024-07-16 08:00:00,59.994,59.994,59.994,59.994,1.0,BUD
2024-07-16 07:48:00,60.1,60.1,60.1,60.1,10.0,BUD
2024-07-16 07:17:00,60.08,60.08,60.08,60.08,50.0,BUD
2024-07-16 07:01:00,60.0,60.0,60.0,60.0,15.0,BUD
2024-07-16 06:49:00,60.03,60.03,60.03,60.03,120.0,BUD
2024-07-16 06:45:00,60.04,60.04,60.04,60.04,60.0,BUD
2024-07-16 06:39:00,60.03,60.03,60.03,60.03,50.0,BUD
2024-07-16 06:08:00,59.99,60.0,59.99,60.0,600.0,BUD
2024-07-16 06:05:00,60.01,60.01,60.01,60.01,120.0,BUD
2024-07-16 05:58:00,59.88,59.88,59.88,59.88,1.0,BUD
2024-07-16 05:53:00,59.96,59.96,59.96,59.96,50.0,BUD
2024-07-16 05:35:00,59.94,59.94,59.94,59.94,1.0,BUD
2024-07-16 05:32:00,59.94,59.94,59.94,59.94,60.0,BUD
2024-07-16 05:25:00,59.95,59.95,59.95,59.95,60.0,BUD
2024-07-16 05:20:00,59.92,59.92,59.92,59.92,63.0,BUD
2024-07-16 05:19:00,59.89,59.89,59.89,59.89,50.0,BUD
2024-07-16 05:16:00,59.89,59.89,59.89,59.89,50.0,BUD
2024-07-16 04:51:00,59.85,59.85,59.85,59.85,50.0,BUD
2024-07-16 04:37:00,59.86,59.86,59.86,59.86,120.0,BUD
2024-07-16 04:19:00,59.75,59.75,59.75,59.75,60.0,BUD
2024-07-16 04:17:00,59.79,59.79,59.79,59.79,50.0,BUD
2024-07-16 04:08:00,59.79,59.79,59.79,59.79,120.0,BUD
2024-07-15 19:50:00,60.59,60.59,60.59,60.59,1.0,BUD
2024-07-15 19:31:00,60.58,60.58,60.58,60.58,1.0,BUD
2024-07-15 19:00:00,60.17,60.17,60.17,60.17,68097.0,BUD
2024-07-15 18:30:00,60.17,60.17,60.17,60.17,68097.0,BUD
2024-07-15 18:06:00,60.17,60.17,60.17,60.17,2.0,BUD
2024-07-15 17:46:00,60.59,60.59,60.59,60.59,8.0,BUD
2024-07-15 17:35:00,60.6,60.6,60.6,60.6,9.0,BUD
2024-07-15 17:24:00,60.59,60.59,60.59,60.59,5.0,BUD
2024-07-15 17:23:00,60.18,60.18,60.18,60.18,1.0,BUD
2024-07-15 16:54:00,60.17,60.17,60.17,60.17,129.0,BUD
2024-07-15 16:52:00,60.19,60.19,60.19,60.19,10.0,BUD
2024-07-15 16:44:00,60.58,60.58,60.58,60.58,1.0,BUD
2024-07-15 16:39:00,60.16,60.17,59.71,59.71,561.0,BUD
2024-07-15 16:29:00,60.16,60.16,60.16,60.16,3.0,BUD
2024-07-15 16:24:00,60.17,60.17,60.17,60.17,19.0,BUD
2024-07-15 16:23:00,60.21,60.21,60.17,60.17,224.0,BUD
2024-07-15 16:20:00,60.17,60.17,60.17,60.17,52.0,BUD
2024-07-15 16:19:00,60.16,60.16,60.16,60.16,10.0,BUD
2024-07-15 16:13:00,60.17,60.17,60.17,60.17,25.0,BUD
2024-07-15 16:11:00,60.21,60.21,60.17,60.17,224.0,BUD
2024-07-15 16:10:00,60.17,60.17,60.17,60.17,68177.0,BUD
2024-07-15 16:01:00,60.17,60.6,60.17,60.6,142.0,BUD
2024-07-15 16:00:00,60.16,60.175,60.16,60.17,149812.0,BUD
2024-07-15 15:59:00,60.175,60.22,60.16,60.175,32472.0,BUD
2024-07-15 15:58:00,60.175,60.18,60.17,60.175,23781.0,BUD
2024-07-15 15:57:00,60.16,60.18,60.15,60.175,13927.0,BUD
2024-07-15 15:56:00,60.19,60.195,60.16,60.16,19554.0,BUD
2024-07-15 15:55:00,60.25,60.25,60.185,60.19,13278.0,BUD
2024-07-15 15:54:00,60.22,60.255,60.195,60.25,21735.0,BUD
2024-07-15 15:53:00,60.235,60.24,60.225,60.225,7183.0,BUD
2024-07-15 15:52:00,60.28,60.28,60.21,60.24,38066.0,BUD
2024-07-15 15:51:00,60.3,60.3,60.28,60.285,8144.0,BUD
2024-07-15 15:50:00,60.29,60.32,60.29,60.295,12923.0,BUD
2024-07-15 15:49:00,60.315,60.329,60.295,60.3,5392.0,BUD
2024-07-15 15:48:00,60.285,60.325,60.285,60.31,11860.0,BUD
2024-07-15 15:47:00,60.285,60.285,60.275,60.285,3689.0,BUD
2024-07-15 15:46:00,60.3,60.3,60.285,60.285,2708.0,BUD
2024-07-15 15:45:00,60.305,60.315,60.295,60.3,6932.0,BUD
2024-07-15 15:44:00,60.335,60.335,60.3,60.3,2599.0,BUD
2024-07-15 15:43:00,60.35,60.35,60.33,60.33,1927.0,BUD
2024-07-15 15:42:00,60.36,60.37,60.35,60.35,4873.0,BUD
2024-07-15 15:41:00,60.36,60.365,60.36,60.365,2247.0,BUD
2024-07-15 15:40:00,60.375,60.375,60.36,60.365,2465.0,BUD
2024-07-15 15:39:00,60.371,60.38,60.36,60.38,6209.0,BUD
2024-07-15 15:38:00,60.385,60.385,60.37,60.375,1806.0,BUD
2024-07-15 15:37:00,60.395,60.395,60.385,60.39,2840.0,BUD
2024-07-15 15:36:00,60.405,60.405,60.4,60.4,1606.0,BUD
2024-07-15 15:35:00,60.435,60.435,60.405,60.405,3427.0,BUD
2024-07-15 15:34:00,60.435,60.435,60.435,60.435,922.0,BUD
2024-07-15 15:33:00,60.435,60.435,60.43,60.43,1123.0,BUD
2024-07-15 15:32:00,60.475,60.475,60.45,60.45,5144.0,BUD
2024-07-15 15:31:00,60.48,60.48,60.475,60.475,4035.0,BUD
2024-07-15 15:30:00,60.455,60.485,60.455,60.485,8790.0,BUD
2024-07-15 15:29:00,60.445,60.45,60.435,60.45,6989.0,BUD
2024-07-15 15:28:00,60.46,60.46,60.45,60.45,1975.0,BUD
2024-07-15 15:27:00,60.45,60.455,60.45,60.455,778.0,BUD
2024-07-15 15:26:00,60.465,60.465,60.46,60.46,1318.0,BUD
2024-07-15 15:25:00,60.495,60.495,60.475,60.475,1662.0,BUD
2024-07-15 15:24:00,60.495,60.505,60.485,60.49,4292.0,BUD
2024-07-15 15:23:00,60.495,60.5,60.495,60.495,569.0,BUD
2024-07-15 15:22:00,60.5,60.5,60.495,60.495,1094.0,BUD
2024-07-15 15:21:00,60.49,60.5,60.485,60.5,4115.0,BUD
2024-07-15 15:20:00,60.485,60.485,60.485,60.485,1684.0,BUD
2024-07-15 15:19:00,60.485,60.485,60.48,60.485,1799.0,BUD
2024-07-15 15:18:00,60.485,60.485,60.485,60.485,247.0,BUD
2024-07-15 15:17:00,60.485,60.49,60.48,60.48,1240.0,BUD
2024-07-15 15:16:00,60.475,60.495,60.475,60.49,2287.0,BUD
2024-07-15 15:15:00,60.475,60.475,60.465,60.475,1633.0,BUD
2024-07-15 15:14:00,60.465,60.47,60.46,60.47,2394.0,BUD
2024-07-15 15:13:00,60.46,60.47,60.455,60.47,1069.0,BUD
2024-07-15 15:12:00,60.465,60.465,60.46,60.46,731.0,BUD
2024-07-15 15:11:00,60.465,60.47,60.465,60.465,2287.0,BUD
2024-07-15 15:10:00,60.485,60.485,60.465,60.465,3431.0,BUD
2024-07-15 15:09:00,60.47,60.485,60.47,60.485,2508.0,BUD
2024-07-15 15:08:00,60.465,60.465,60.465,60.465,326.0,BUD
2024-07-15 15:07:00,60.455,60.465,60.455,60.465,1310.0,BUD
2024-07-15 15:06:00,60.455,60.465,60.45,60.465,855.0,BUD
2024-07-15 15:05:00,60.465,60.465,60.455,60.455,2002.0,BUD
2024-07-15 15:04:00,60.469,60.469,60.465,60.465,932.0,BUD
2024-07-15 15:03:00,60.47,60.47,60.46,60.465,1377.0,BUD
2024-07-15 15:02:00,60.475,60.475,60.47,60.47,1471.0,BUD
2024-07-15 15:01:00,60.46,60.472,60.46,60.472,3442.0,BUD
2024-07-15 15:00:00,60.495,60.495,60.471,60.475,3615.0,BUD
2024-07-15 14:59:00,60.47,60.5,60.47,60.5,1699.0,BUD
2024-07-15 14:58:00,60.475,60.475,60.475,60.475,656.0,BUD
2024-07-15 14:57:00,60.475,60.48,60.475,60.48,552.0,BUD
2024-07-15 14:56:00,60.47,60.48,60.465,60.48,2571.0,BUD
2024-07-15 14:55:00,60.455,60.47,60.445,60.47,4775.0,BUD
2024-07-15 14:54:00,60.45,60.455,60.45,60.455,552.0,BUD
2024-07-15 14:53:00,60.455,60.455,60.455,60.455,763.0,BUD
2024-07-15 14:52:00,60.455,60.455,60.455,60.455,526.0,BUD
2024-07-15 14:51:00,60.45,60.455,60.45,60.455,1437.0,BUD
2024-07-15 14:50:00,60.455,60.455,60.45,60.45,2429.0,BUD
2024-07-15 14:49:00,60.455,60.46,60.45,60.454,1984.0,BUD
2024-07-15 14:48:00,60.455,60.455,60.455,60.455,1185.0,BUD
2024-07-15 14:47:00,60.445,60.46,60.445,60.45,2785.0,BUD
2024-07-15 14:46:00,60.455,60.455,60.445,60.445,1365.0,BUD
2024-07-15 14:45:00,60.46,60.46,60.455,60.455,1963.0,BUD
2024-07-15 14:44:00,60.45,60.455,60.45,60.45,1714.0,BUD
2024-07-15 14:43:00,60.455,60.455,60.445,60.445,369.0,BUD
2024-07-15 14:42:00,60.46,60.46,60.45,60.455,2246.0,BUD
2024-07-15 14:41:00,60.455,60.47,60.45,60.47,1488.0,BUD
2024-07-15 14:40:00,60.435,60.46,60.435,60.455,5221.0,BUD
2024-07-15 14:39:00,60.435,60.44,60.435,60.435,796.0,BUD
2024-07-15 14:38:00,60.435,60.435,60.43,60.43,1204.0,BUD
2024-07-15 14:37:00,60.44,60.44,60.43,60.43,2191.0,BUD
2024-07-15 14:36:00,60.445,60.445,60.445,60.445,220.0,BUD
2024-07-15 14:35:00,60.44,60.45,60.435,60.445,1667.0,BUD
2024-07-15 14:34:00,60.42,60.44,60.42,60.44,2971.0,BUD
2024-07-15 14:33:00,60.42,60.445,60.42,60.43,2920.0,BUD
2024-07-15 14:32:00,60.41,60.42,60.405,60.415,3248.0,BUD
2024-07-15 14:31:00,60.395,60.41,60.395,60.405,1463.0,BUD
2024-07-15 14:30:00,60.39,60.4,60.38,60.4,4746.0,BUD
2024-07-15 14:29:00,60.405,60.405,60.395,60.395,1641.0,BUD
2024-07-15 14:28:00,60.4,60.405,60.395,60.4,3776.0,BUD
2024-07-15 14:27:00,60.395,60.4,60.395,60.4,638.0,BUD
2024-07-15 14:26:00,60.405,60.41,60.395,60.4,1300.0,BUD
2024-07-15 14:25:00,60.395,60.4,60.395,60.4,2371.0,BUD
2024-07-15 14:24:00,60.39,60.4,60.385,60.395,3040.0,BUD
2024-07-15 14:23:00,60.4,60.42,60.4,60.4,3010.0,BUD
2024-07-15 14:22:00,60.395,60.4,60.395,60.4,559.0,BUD
2024-07-15 14:21:00,60.375,60.4,60.375,60.39,2356.0,BUD
2024-07-15 14:20:00,60.375,60.378,60.375,60.378,395.0,BUD
2024-07-15 14:19:00,60.36,60.375,60.36,60.375,3216.0,BUD
2024-07-15 14:18:00,60.355,60.36,60.35,60.36,675.0,BUD
2024-07-15 14:17:00,60.355,60.355,60.355,60.355,774.0,BUD
2024-07-15 14:16:00,60.36,60.36,60.36,60.36,265.0,BUD
2024-07-15 14:15:00,60.345,60.36,60.345,60.355,1706.0,BUD
2024-07-15 14:14:00,60.34,60.35,60.34,60.35,1180.0,BUD
2024-07-15 14:13:00,60.345,60.345,60.345,60.345,745.0,BUD
2024-07-15 14:12:00,60.35,60.35,60.345,60.35,881.0,BUD
2024-07-15 14:11:00,60.356,60.36,60.345,60.355,2343.0,BUD
2024-07-15 14:10:00,60.35,60.36,60.35,60.35,1149.0,BUD
2024-07-15 14:09:00,60.355,60.355,60.35,60.35,1480.0,BUD
2024-07-15 14:08:00,60.32,60.36,60.32,60.36,2685.0,BUD
2024-07-15 14:07:00,60.32,60.325,60.32,60.325,495.0,BUD
2024-07-15 14:06:00,60.325,60.325,60.32,60.325,752.0,BUD
2024-07-15 14:05:00,60.32,60.32,60.32,60.32,647.0,BUD
2024-07-15 14:04:00,60.295,60.32,60.295,60.31,2425.0,BUD
2024-07-15 14:03:00,60.31,60.31,60.29,60.295,3495.0,BUD
2024-07-15 14:02:00,60.34,60.34,60.315,60.315,1349.0,BUD
2024-07-15 14:01:00,60.34,60.34,60.335,60.335,571.0,BUD
2024-07-15 14:00:00,60.335,60.34,60.33,60.335,2272.0,BUD
2024-07-15 13:59:00,60.36,60.36,60.335,60.335,1430.0,BUD
2024-07-15 13:58:00,60.37,60.37,60.36,60.36,312.0,BUD
2024-07-15 13:57:00,60.345,60.37,60.345,60.365,4195.0,BUD
2024-07-15 13:56:00,60.34,60.345,60.335,60.345,825.0,BUD
2024-07-15 13:55:00,60.345,60.345,60.34,60.34,759.0,BUD
2024-07-15 13:54:00,60.345,60.345,60.34,60.34,618.0,BUD
2024-07-15 13:53:00,60.345,60.345,60.342,60.345,2353.0,BUD
2024-07-15 13:52:00,60.345,60.35,60.34,60.345,1703.0,BUD
2024-07-15 13:51:00,60.33,60.345,60.33,60.345,533.0,BUD
2024-07-15 13:50:00,60.315,60.325,60.315,60.325,1914.0,BUD
2024-07-15 13:49:00,60.325,60.325,60.31,60.32,1819.0,BUD
2024-07-15 13:48:00,60.31,60.325,60.31,60.32,3186.0,BUD
2024-07-15 13:47:00,60.335,60.335,60.305,60.305,3055.0,BUD
2024-07-15 13:46:00,60.345,60.35,60.345,60.345,482.0,BUD
2024-07-15 13:45:00,60.345,60.35,60.325,60.35,3077.0,BUD
2024-07-15 13:44:00,60.34,60.345,60.34,60.34,1099.0,BUD
2024-07-15 13:43:00,60.36,60.36,60.352,60.352,4077.0,BUD
2024-07-15 13:42:00,60.365,60.375,60.365,60.375,213.0,BUD
2024-07-15 13:41:00,60.345,60.36,60.345,60.36,578.0,BUD
2024-07-15 13:40:00,60.335,60.365,60.335,60.355,3043.0,BUD
2024-07-15 13:39:00,60.335,60.335,60.33,60.33,1193.0,BUD
2024-07-15 13:38:00,60.34,60.34,60.33,60.33,1097.0,BUD
2024-07-15 13:37:00,60.34,60.345,60.335,60.335,972.0,BUD
2024-07-15 13:36:00,60.34,60.34,60.33,60.335,4325.0,BUD
2024-07-15 13:35:00,60.335,60.34,60.335,60.34,1047.0,BUD
2024-07-15 13:34:00,60.345,60.345,60.345,60.345,406.0,BUD
2024-07-15 13:33:00,60.35,60.35,60.335,60.335,3760.0,BUD
2024-07-15 13:32:00,60.35,60.355,60.34,60.355,1893.0,BUD
2024-07-15 13:31:00,60.365,60.375,60.35,60.355,1541.0,BUD
2024-07-15 13:30:00,60.36,60.36,60.355,60.36,1353.0,BUD
2024-07-15 13:29:00,60.367,60.367,60.365,60.365,968.0,BUD
2024-07-15 13:28:00,60.395,60.4,60.37,60.39,5265.0,BUD
2024-07-15 13:27:00,60.41,60.41,60.4,60.4,1874.0,BUD
2024-07-15 13:26:00,60.405,60.405,60.4,60.4,479.0,BUD
2024-07-15 13:25:00,60.415,60.42,60.4,60.4,6498.0,BUD
2024-07-15 13:24:00,60.42,60.42,60.41,60.41,1905.0,BUD
2024-07-15 13:23:00,60.425,60.425,60.42,60.425,2020.0,BUD
2024-07-15 13:22:00,60.425,60.43,60.42,60.43,1563.0,BUD
2024-07-15 13:21:00,60.425,60.425,60.415,60.42,1580.0,BUD
2024-07-15 13:20:00,60.435,60.435,60.415,60.425,1140.0,BUD
2024-07-15 13:19:00,60.435,60.44,60.435,60.435,1325.0,BUD
2024-07-15 13:18:00,60.41,60.44,60.41,60.435,2274.0,BUD
2024-07-15 13:17:00,60.42,60.43,60.41,60.418,2044.0,BUD
2024-07-15 13:16:00,60.43,60.43,60.42,60.425,1103.0,BUD
2024-07-15 13:15:00,60.415,60.435,60.415,60.435,990.0,BUD
2024-07-15 13:14:00,60.39,60.42,60.39,60.42,1780.0,BUD
2024-07-15 13:13:00,60.385,60.385,60.385,60.385,286.0,BUD
2024-07-15 13:11:00,60.385,60.395,60.385,60.395,577.0,BUD
2024-07-15 13:10:00,60.405,60.405,60.389,60.39,862.0,BUD
2024-07-15 13:09:00,60.38,60.405,60.38,60.405,1996.0,BUD
2024-07-15 13:08:00,60.385,60.385,60.37,60.375,709.0,BUD
2024-07-15 13:07:00,60.36,60.38,60.36,60.38,3361.0,BUD
2024-07-15 13:06:00,60.345,60.36,60.345,60.355,1508.0,BUD
2024-07-15 13:05:00,60.32,60.34,60.32,60.34,1406.0,BUD
2024-07-15 13:04:00,60.325,60.335,60.325,60.335,1098.0,BUD
2024-07-15 13:03:00,60.325,60.325,60.315,60.325,1380.0,BUD
2024-07-15 13:02:00,60.34,60.35,60.335,60.34,2913.0,BUD
2024-07-15 13:01:00,60.37,60.37,60.335,60.335,2364.0,BUD
2024-07-15 13:00:00,60.405,60.405,60.375,60.38,3539.0,BUD
2024-07-15 12:59:00,60.4,60.405,60.4,60.4,580.0,BUD
2024-07-15 12:58:00,60.4,60.41,60.4,60.405,1581.0,BUD
2024-07-15 12:57:00,60.42,60.42,60.405,60.405,2228.0,BUD
2024-07-15 12:56:00,60.4,60.415,60.4,60.415,1537.0,BUD
2024-07-15 12:55:00,60.415,60.415,60.405,60.405,842.0,BUD
2024-07-15 12:54:00,60.4,60.415,60.4,60.41,1785.0,BUD
2024-07-15 12:53:00,60.402,60.402,60.395,60.395,2904.0,BUD
2024-07-15 12:52:00,60.405,60.41,60.405,60.41,472.0,BUD
2024-07-15 12:51:00,60.435,60.435,60.42,60.43,1267.0,BUD
2024-07-15 12:50:00,60.435,60.44,60.435,60.44,764.0,BUD
2024-07-15 12:49:00,60.435,60.435,60.435,60.435,392.0,BUD
2024-07-15 12:48:00,60.435,60.44,60.43,60.44,637.0,BUD
2024-07-15 12:47:00,60.435,60.435,60.435,60.435,571.0,BUD
2024-07-15 12:46:00,60.43,60.43,60.425,60.43,1292.0,BUD
2024-07-15 12:45:00,60.475,60.475,60.45,60.45,2091.0,BUD
2024-07-15 12:44:00,60.465,60.49,60.465,60.49,2144.0,BUD
2024-07-15 12:43:00,60.47,60.48,60.46,60.46,1021.0,BUD
2024-07-15 12:42:00,60.49,60.52,60.475,60.475,2805.0,BUD
2024-07-15 12:41:00,60.41,60.485,60.41,60.485,3779.0,BUD
2024-07-15 12:40:00,60.43,60.43,60.405,60.41,1214.0,BUD
2024-07-15 12:39:00,60.455,60.455,60.435,60.435,1670.0,BUD
2024-07-15 12:38:00,60.455,60.455,60.451,60.451,406.0,BUD
2024-07-15 12:37:00,60.42,60.455,60.41,60.455,2261.0,BUD
2024-07-15 12:36:00,60.445,60.445,60.425,60.425,4028.0,BUD
2024-07-15 12:35:00,60.445,60.45,60.445,60.45,1038.0,BUD
2024-07-15 12:34:00,60.465,60.465,60.45,60.45,2151.0,BUD
2024-07-15 12:32:00,60.47,60.47,60.45,60.46,4032.0,BUD
2024-07-15 12:31:00,60.44,60.465,60.435,60.465,3261.0,BUD
2024-07-15 12:30:00,60.43,60.435,60.43,60.435,877.0,BUD
2024-07-15 12:29:00,60.42,60.435,60.42,60.435,2321.0,BUD
2024-07-15 12:28:00,60.43,60.43,60.42,60.42,631.0,BUD
2024-07-15 12:27:00,60.44,60.44,60.44,60.44,284.0,BUD
2024-07-15 12:26:00,60.44,60.455,60.44,60.455,2597.0,BUD
2024-07-15 12:25:00,60.445,60.445,60.42,60.43,2054.0,BUD
2024-07-15 12:24:00,60.46,60.465,60.46,60.46,1023.0,BUD
2024-07-15 12:23:00,60.47,60.475,60.465,60.465,2681.0,BUD
2024-07-15 12:22:00,60.47,60.48,60.47,60.48,1317.0,BUD
2024-07-15 12:21:00,60.47,60.475,60.47,60.475,967.0,BUD
2024-07-15 12:20:00,60.49,60.49,60.47,60.47,2866.0,BUD
2024-07-15 12:19:00,60.46,60.5,60.46,60.495,3108.0,BUD
2024-07-15 12:18:00,60.48,60.48,60.46,60.465,2117.0,BUD
2024-07-15 12:17:00,60.455,60.495,60.455,60.485,8005.0,BUD
2024-07-15 12:16:00,60.46,60.465,60.445,60.455,3277.0,BUD
2024-07-15 12:15:00,60.54,60.54,60.46,60.46,4845.0,BUD
2024-07-15 12:14:00,60.47,60.6,60.465,60.55,16940.0,BUD
2024-07-15 12:13:00,60.45,60.465,60.45,60.465,5088.0,BUD
2024-07-15 12:12:00,60.43,60.445,60.43,60.445,558.0,BUD
2024-07-15 12:11:00,60.43,60.44,60.425,60.425,2656.0,BUD
2024-07-15 12:10:00,60.435,60.435,60.435,60.435,661.0,BUD
2024-07-15 12:09:00,60.44,60.44,60.43,60.435,390.0,BUD
2024-07-15 12:08:00,60.4,60.425,60.395,60.425,2155.0,BUD
2024-07-15 12:07:00,60.4,60.4,60.395,60.4,1640.0,BUD
2024-07-15 12:06:00,60.39,60.39,60.39,60.39,331.0,BUD
2024-07-15 12:05:00,60.4,60.4,60.39,60.4,4532.0,BUD
2024-07-15 12:04:00,60.425,60.425,60.41,60.41,5273.0,BUD
2024-07-15 12:03:00,60.45,60.45,60.43,60.435,2041.0,BUD
2024-07-15 12:02:00,60.48,60.48,60.45,60.45,3983.0,BUD
2024-07-15 12:01:00,60.485,60.485,60.461,60.475,4210.0,BUD
2024-07-15 12:00:00,60.495,60.495,60.49,60.49,501.0,BUD
2024-07-15 11:59:00,60.51,60.51,60.5,60.5,1075.0,BUD
2024-07-15 11:58:00,60.506,60.51,60.5,60.5,2188.0,BUD
2024-07-15 11:57:00,60.485,60.495,60.47,60.495,3062.0,BUD
2024-07-15 11:55:00,60.485,60.485,60.48,60.485,1826.0,BUD
2024-07-15 11:54:00,60.48,60.485,60.475,60.485,1325.0,BUD
2024-07-15 11:53:00,60.46,60.5,60.455,60.49,6583.0,BUD
2024-07-15 11:52:00,60.455,60.455,60.45,60.455,899.0,BUD
2024-07-15 11:51:00,60.46,60.46,60.45,60.45,3850.0,BUD
2024-07-15 11:50:00,60.46,60.47,60.46,60.47,2574.0,BUD
2024-07-15 11:49:00,60.51,60.51,60.47,60.47,862.0,BUD
2024-07-15 11:48:00,60.5,60.51,60.495,60.5,1179.0,BUD
2024-07-15 11:47:00,60.45,60.495,60.45,60.495,1421.0,BUD
2024-07-15 11:46:00,60.435,60.45,60.435,60.45,1243.0,BUD
2024-07-15 11:45:00,60.42,60.435,60.41,60.435,2147.0,BUD
2024-07-15 11:44:00,60.42,60.42,60.415,60.415,1114.0,BUD
2024-07-15 11:43:00,60.4,60.44,60.4,60.44,2735.0,BUD
2024-07-15 11:42:00,60.4,60.41,60.4,60.405,1785.0,BUD
2024-07-15 11:41:00,60.39,60.39,60.365,60.39,3487.0,BUD
2024-07-15 11:40:00,60.44,60.44,60.39,60.39,1430.0,BUD
2024-07-15 11:39:00,60.445,60.45,60.44,60.45,1188.0,BUD
2024-07-15 11:38:00,60.42,60.45,60.42,60.45,4025.0,BUD
2024-07-15 11:37:00,60.4,60.41,60.39,60.41,5278.0,BUD
2024-07-15 11:36:00,60.415,60.42,60.4,60.4,5055.0,BUD
2024-07-15 11:35:00,60.395,60.42,60.395,60.415,1895.0,BUD
2024-07-15 11:34:00,60.44,60.445,60.365,60.37,49752.0,BUD
2024-07-15 11:33:00,60.46,60.475,60.445,60.445,3802.0,BUD
2024-07-15 11:32:00,60.46,60.46,60.445,60.455,2903.0,BUD
2024-07-15 11:31:00,60.39,60.465,60.39,60.465,6688.0,BUD
2024-07-15 11:30:00,60.425,60.425,60.375,60.402,11747.0,BUD
2024-07-15 11:29:00,60.43,60.435,60.41,60.42,1685.0,BUD
2024-07-15 11:28:00,60.44,60.44,60.405,60.425,3327.0,BUD
2024-07-15 11:27:00,60.49,60.49,60.44,60.44,1409.0,BUD
2024-07-15 11:26:00,60.475,60.5,60.475,60.495,4777.0,BUD
2024-07-15 11:25:00,60.53,60.53,60.49,60.495,8384.0,BUD
2024-07-15 11:24:00,60.505,60.54,60.505,60.525,7166.0,BUD
2024-07-15 11:23:00,60.515,60.53,60.505,60.505,2659.0,BUD
2024-07-15 11:22:00,60.525,60.525,60.52,60.52,901.0,BUD
2024-07-15 11:21:00,60.515,60.525,60.51,60.525,2485.0,BUD
2024-07-15 11:20:00,60.505,60.525,60.505,60.505,1299.0,BUD
2024-07-15 11:19:00,60.49,60.51,60.475,60.495,7317.0,BUD
2024-07-15 11:18:00,60.51,60.51,60.48,60.495,1830.0,BUD
2024-07-15 11:17:00,60.485,60.52,60.485,60.495,7278.0,BUD
2024-07-15 11:16:00,60.48,60.49,60.48,60.49,1666.0,BUD
2024-07-15 11:15:00,60.525,60.525,60.48,60.49,2605.0,BUD
2024-07-15 11:14:00,60.52,60.535,60.515,60.52,1896.0,BUD
2024-07-15 11:13:00,60.515,60.52,60.51,60.515,1635.0,BUD
2024-07-15 11:12:00,60.525,60.53,60.52,60.525,1544.0,BUD
2024-07-15 11:11:00,60.55,60.555,60.525,60.525,2807.0,BUD
2024-07-15 11:10:00,60.54,60.545,60.525,60.54,3272.0,BUD
2024-07-15 11:09:00,60.545,60.545,60.54,60.545,2959.0,BUD
2024-07-15 11:08:00,60.575,60.585,60.54,60.54,5307.0,BUD
2024-07-15 11:07:00,60.59,60.59,60.565,60.575,1386.0,BUD
2024-07-15 11:06:00,60.58,60.585,60.58,60.58,998.0,BUD
2024-07-15 11:05:00,60.595,60.62,60.595,60.595,4181.0,BUD
2024-07-15 11:04:00,60.62,60.63,60.615,60.615,2123.0,BUD
2024-07-15 11:03:00,60.65,60.655,60.63,60.63,1373.0,BUD
2024-07-15 11:02:00,60.602,60.67,60.602,60.67,1447.0,BUD
2024-07-15 11:01:00,60.59,60.615,60.59,60.615,2968.0,BUD
2024-07-15 11:00:00,60.59,60.61,60.59,60.59,5013.0,BUD
2024-07-15 10:59:00,60.55,60.59,60.54,60.58,7389.0,BUD
2024-07-15 10:58:00,60.46,60.55,60.46,60.55,6811.0,BUD
2024-07-15 10:57:00,60.465,60.465,60.445,60.46,1467.0,BUD
2024-07-15 10:56:00,60.47,60.48,60.46,60.46,1566.0,BUD
2024-07-15 10:55:00,60.46,60.47,60.45,60.47,2060.0,BUD
2024-07-15 10:54:00,60.455,60.46,60.45,60.46,1190.0,BUD
2024-07-15 10:53:00,60.45,60.47,60.45,60.455,2035.0,BUD
2024-07-15 10:52:00,60.46,60.46,60.44,60.445,1811.0,BUD
2024-07-15 10:51:00,60.42,60.465,60.42,60.46,1592.0,BUD
2024-07-15 10:50:00,60.42,60.424,60.405,60.415,3856.0,BUD
2024-07-15 10:49:00,60.44,60.46,60.415,60.415,3182.0,BUD
2024-07-15 10:48:00,60.4,60.44,60.4,60.44,3294.0,BUD
2024-07-15 10:47:00,60.39,60.4,60.39,60.4,506.0,BUD
2024-07-15 10:46:00,60.36,60.4,60.36,60.4,3966.0,BUD
2024-07-15 10:45:00,60.4,60.4,60.37,60.37,975.0,BUD
2024-07-15 10:44:00,60.43,60.43,60.4,60.4,1860.0,BUD
2024-07-15 10:43:00,60.42,60.43,60.42,60.42,1908.0,BUD
2024-07-15 10:42:00,60.45,60.45,60.415,60.415,1395.0,BUD
2024-07-15 10:41:00,60.46,60.46,60.44,60.44,3933.0,BUD
2024-07-15 10:40:00,60.46,60.465,60.42,60.455,2390.0,BUD
2024-07-15 10:39:00,60.48,60.48,60.46,60.465,1445.0,BUD
2024-07-15 10:38:00,60.48,60.505,60.48,60.49,3725.0,BUD
2024-07-15 10:37:00,60.51,60.51,60.5,60.5,1283.0,BUD
2024-07-15 10:36:00,60.54,60.545,60.535,60.54,1450.0,BUD
2024-07-15 10:35:00,60.555,60.555,60.535,60.54,2028.0,BUD
2024-07-15 10:34:00,60.57,60.57,60.56,60.56,1331.0,BUD
2024-07-15 10:33:00,60.58,60.58,60.565,60.565,1423.0,BUD
2024-07-15 10:32:00,60.57,60.59,60.57,60.59,1241.0,BUD
2024-07-15 10:31:00,60.57,60.57,60.54,60.56,3063.0,BUD
2024-07-15 10:30:00,60.56,60.58,60.56,60.58,5555.0,BUD
2024-07-15 10:29:00,60.535,60.56,60.535,60.56,1972.0,BUD
2024-07-15 10:28:00,60.56,60.57,60.53,60.53,5004.0,BUD
2024-07-15 10:27:00,60.58,60.59,60.555,60.555,7137.0,BUD
2024-07-15 10:26:00,60.585,60.585,60.58,60.58,1273.0,BUD
2024-07-15 10:25:00,60.62,60.62,60.59,60.59,14161.0,BUD
2024-07-15 10:24:00,60.645,60.655,60.625,60.625,3742.0,BUD
2024-07-15 10:23:00,60.65,60.65,60.65,60.65,2081.0,BUD
2024-07-15 10:22:00,60.65,60.65,60.645,60.645,1604.0,BUD
2024-07-15 10:21:00,60.67,60.67,60.65,60.65,1496.0,BUD
2024-07-15 10:20:00,60.66,60.68,60.65,60.68,1881.0,BUD
2024-07-15 10:19:00,60.66,60.66,60.65,60.65,1442.0,BUD
2024-07-15 10:18:00,60.675,60.675,60.67,60.67,1256.0,BUD
2024-07-15 10:17:00,60.69,60.72,60.675,60.675,8604.0,BUD
2024-07-15 10:16:00,60.7,60.7,60.675,60.69,10447.0,BUD
2024-07-15 10:15:00,60.64,60.7,60.64,60.7,9025.0,BUD
2024-07-15 10:14:00,60.61,60.63,60.61,60.63,6628.0,BUD
2024-07-15 10:13:00,60.69,60.69,60.64,60.64,1309.0,BUD
2024-07-15 10:12:00,60.725,60.73,60.71,60.71,1949.0,BUD
2024-07-15 10:11:00,60.74,60.76,60.73,60.73,3329.0,BUD
2024-07-15 10:10:00,60.725,60.73,60.715,60.73,2414.0,BUD
2024-07-15 10:09:00,60.73,60.73,60.72,60.72,731.0,BUD
2024-07-15 10:08:00,60.715,60.74,60.715,60.74,1876.0,BUD
2024-07-15 10:07:00,60.7,60.735,60.695,60.72,2463.0,BUD
2024-07-15 10:06:00,60.7,60.71,60.67,60.685,2712.0,BUD
2024-07-15 10:05:00,60.705,60.705,60.68,60.69,3789.0,BUD
2024-07-15 10:04:00,60.72,60.72,60.695,60.7,1193.0,BUD
2024-07-15 10:03:00,60.725,60.73,60.725,60.73,550.0,BUD
2024-07-15 10:02:00,60.73,60.78,60.73,60.745,3508.0,BUD
2024-07-15 10:01:00,60.81,60.815,60.73,60.74,3409.0,BUD
2024-07-15 10:00:00,60.79,60.84,60.79,60.81,4999.0,BUD
2024-07-15 09:59:00,60.79,60.795,60.79,60.795,433.0,BUD
2024-07-15 09:58:00,60.82,60.825,60.8,60.8,1307.0,BUD
2024-07-15 09:57:00,60.83,60.84,60.83,60.83,3345.0,BUD
2024-07-15 09:56:00,60.822,60.825,60.82,60.82,1710.0,BUD
2024-07-15 09:55:00,60.83,60.83,60.82,60.825,2091.0,BUD
2024-07-15 09:54:00,60.85,60.85,60.85,60.85,327.0,BUD
2024-07-15 09:53:00,60.86,60.86,60.84,60.85,3827.0,BUD
2024-07-15 09:52:00,60.82,60.84,60.82,60.84,242.0,BUD
2024-07-15 09:51:00,60.805,60.805,60.805,60.805,653.0,BUD
2024-07-15 09:50:00,60.79,60.8,60.79,60.79,668.0,BUD
2024-07-15 09:49:00,60.79,60.79,60.79,60.79,388.0,BUD
2024-07-15 09:48:00,60.75,60.79,60.75,60.79,3289.0,BUD
2024-07-15 09:47:00,60.7,60.73,60.7,60.73,1994.0,BUD
2024-07-15 09:46:00,60.65,60.7,60.65,60.694,2504.0,BUD
2024-07-15 09:45:00,60.6,60.66,60.6,60.65,2420.0,BUD
2024-07-15 09:44:00,60.58,60.61,60.57,60.6,3913.0,BUD
2024-07-15 09:43:00,60.64,60.64,60.585,60.585,2576.0,BUD
2024-07-15 09:42:00,60.66,60.66,60.642,60.65,2772.0,BUD
2024-07-15 09:41:00,60.685,60.685,60.66,60.665,5299.0,BUD
2024-07-15 09:40:00,60.71,60.71,60.69,60.69,2073.0,BUD
2024-07-15 09:39:00,60.75,60.75,60.71,60.72,3721.0,BUD
2024-07-15 09:38:00,60.72,60.73,60.72,60.73,1113.0,BUD
2024-07-15 09:37:00,60.71,60.73,60.71,60.72,1291.0,BUD
2024-07-15 09:36:00,60.65,60.68,60.65,60.68,1874.0,BUD
2024-07-15 09:35:00,60.65,60.69,60.64,60.68,4594.0,BUD
2024-07-15 09:34:00,60.71,60.72,60.66,60.68,4339.0,BUD
2024-07-15 09:33:00,60.75,60.77,60.71,60.71,2460.0,BUD
2024-07-15 09:32:00,60.83,60.84,60.792,60.792,1501.0,BUD
2024-07-15 09:31:00,60.81,60.86,60.81,60.84,13098.0,BUD
2024-07-15 09:30:00,60.86,60.88,60.85,60.87,20709.0,BUD
2024-07-15 09:29:00,60.87,60.87,60.87,60.87,6.0,BUD
2024-07-15 09:28:00,60.807,60.93,60.807,60.93,301.0,BUD
2024-07-15 09:27:00,60.82,60.82,60.82,60.82,69.0,BUD
2024-07-15 09:23:00,60.81,60.81,60.81,60.81,6.0,BUD
2024-07-15 09:20:00,60.75,60.75,60.75,60.75,100.0,BUD
2024-07-15 09:18:00,60.79,60.8,60.79,60.8,623.0,BUD
2024-07-15 09:16:00,60.78,60.79,60.77,60.77,415.0,BUD
2024-07-15 09:13:00,60.83,60.83,60.83,60.83,1.0,BUD
2024-07-15 09:12:00,60.8,60.8,60.8,60.8,99.0,BUD
2024-07-15 09:09:00,60.85,60.85,60.85,60.85,1.0,BUD
2024-07-15 09:08:00,60.88,60.88,60.88,60.88,200.0,BUD
2024-07-15 09:04:00,60.88,60.91,60.88,60.91,51.0,BUD
2024-07-15 08:50:00,60.9,60.9,60.9,60.9,3.0,BUD
2024-07-15 08:32:00,60.95,60.95,60.95,60.95,1.0,BUD
2024-07-15 08:23:00,60.96,60.96,60.96,60.96,380.0,BUD
2024-07-15 08:22:00,60.96,60.96,60.96,60.96,620.0,BUD
2024-07-15 08:18:00,60.98,60.98,60.98,60.98,300.0,BUD
2024-07-15 08:11:00,61.0,61.0,61.0,61.0,10.0,BUD
2024-07-15 08:06:00,61.5,61.5,61.5,61.5,1.0,BUD
2024-07-15 08:05:00,61.55,61.55,61.55,61.55,2.0,BUD
2024-07-15 08:04:00,61.5,61.5,60.98,60.98,103.0,BUD
2024-07-15 08:02:00,61.5,61.5,61.34,61.34,9.0,BUD
2024-07-15 08:01:00,61.0,61.0,61.0,61.0,72.0,BUD
2024-07-15 08:00:00,61.258,61.259,61.13,61.14,492.0,BUD
2024-07-15 07:55:00,61.06,61.06,61.06,61.06,1.0,BUD
2024-07-15 07:54:00,61.08,61.08,61.08,61.08,1.0,BUD
2024-07-15 07:50:00,61.07,61.1,61.06,61.1,1010.0,BUD
2024-07-15 07:47:00,61.09,61.09,61.09,61.09,148.0,BUD
2024-07-15 07:46:00,61.14,61.14,61.14,61.14,50.0,BUD
2024-07-15 07:25:00,61.15,61.15,61.15,61.15,100.0,BUD
2024-07-15 07:24:00,61.15,61.15,61.15,61.15,81.0,BUD
2024-07-15 07:20:00,61.18,61.18,61.15,61.18,962.0,BUD
2024-07-15 07:18:00,61.19,61.19,61.18,61.18,286.0,BUD
2024-07-15 06:52:00,61.27,61.28,61.27,61.28,100.0,BUD
2024-07-15 06:43:00,61.29,61.29,61.29,61.29,137.0,BUD
2024-07-15 06:16:00,61.43,61.43,61.43,61.43,100.0,BUD
2024-07-15 06:00:00,61.38,61.38,61.38,61.38,300.0,BUD
2024-07-15 05:57:00,61.37,61.37,61.37,61.37,50.0,BUD
2024-07-15 05:55:00,61.39,61.39,61.39,61.39,50.0,BUD
2024-07-15 05:48:00,61.39,61.39,61.39,61.39,100.0,BUD
2024-07-15 05:15:00,61.39,61.39,61.39,61.39,200.0,BUD
2024-07-15 05:11:00,61.39,61.39,61.39,61.39,50.0,BUD
2024-07-15 05:08:00,61.39,61.39,61.39,61.39,50.0,BUD
2024-07-15 04:09:00,61.53,61.53,61.53,61.53,232.0,BUD
2024-07-15 04:04:00,61.51,61.51,61.51,61.51,1.0,BUD
2024-07-15 04:02:00,61.5,61.5,61.5,61.5,50.0,BUD
2024-07-12 19:56:00,62.0,62.0,62.0,62.0,2.0,BUD
2024-07-12 19:52:00,62.0,62.0,62.0,62.0,1.0,BUD
2024-07-12 19:49:00,61.5,61.5,61.5,61.5,100.0,BUD
2024-07-12 19:45:00,62.0,62.0,62.0,62.0,2.0,BUD
2024-07-12 19:32:00,61.5,61.5,61.5,61.5,1.0,BUD
2024-07-12 19:00:00,61.5,61.5,61.5,61.5,56140.0,BUD
2024-07-12 18:30:00,61.5,61.5,61.5,61.5,56140.0,BUD
2024-07-12 18:05:00,61.5,61.5,61.5,61.5,7.0,BUD
2024-07-12 18:03:00,60.75,60.75,60.75,60.75,4.0,BUD
2024-07-12 17:48:00,61.93,61.93,61.93,61.93,8.0,BUD
2024-07-12 17:28:00,61.3,61.3,61.3,61.3,200.0,BUD
2024-07-12 17:20:00,61.5,61.5,61.5,61.5,1.0,BUD
2024-07-12 17:13:00,61.5,61.5,61.5,61.5,100.0,BUD
2024-07-12 16:53:00,61.5,61.5,61.5,61.5,155.0,BUD
2024-07-12 16:49:00,62.0,62.0,62.0,62.0,1.0,BUD
2024-07-12 16:45:00,62.0,62.0,62.0,62.0,10.0,BUD
2024-07-12 16:25:00,60.75,60.75,60.75,60.75,7.0,BUD
2024-07-12 16:20:00,61.5,61.5,61.5,61.5,500.0,BUD
2024-07-12 16:10:00,61.5,61.5,61.5,61.5,56140.0,BUD
2024-07-12 16:00:00,61.5,61.51,61.5,61.5,119175.0,BUD
2024-07-12 15:59:00,61.52,61.525,61.49,61.5,19177.0,BUD
2024-07-12 15:58:00,61.515,61.52,61.5,61.515,11689.0,BUD
2024-07-12 15:57:00,61.535,61.535,61.51,61.51,6563.0,BUD
2024-07-12 15:56:00,61.575,61.575,61.53,61.53,8605.0,BUD
2024-07-12 15:55:00,61.58,61.58,61.555,61.57,5823.0,BUD
2024-07-12 15:54:00,61.595,61.625,61.585,61.585,7156.0,BUD
2024-07-12 15:53:00,61.6,61.61,61.585,61.59,7710.0,BUD
2024-07-12 15:52:00,61.595,61.6,61.59,61.595,2711.0,BUD
2024-07-12 15:51:00,61.575,61.6,61.575,61.59,6576.0,BUD
2024-07-12 15:50:00,61.615,61.62,61.575,61.575,4328.0,BUD
2024-07-12 15:49:00,61.585,61.615,61.58,61.61,3810.0,BUD
2024-07-12 15:48:00,61.58,61.585,61.58,61.585,1874.0,BUD
2024-07-12 15:47:00,61.595,61.595,61.585,61.585,2767.0,BUD
2024-07-12 15:46:00,61.6,61.6,61.59,61.595,2017.0,BUD
2024-07-12 15:45:00,61.6,61.605,61.59,61.595,4174.0,BUD
2024-07-12 15:44:00,61.595,61.595,61.595,61.595,573.0,BUD
2024-07-12 15:43:00,61.6,61.605,61.58,61.595,5372.0,BUD
2024-07-12 15:42:00,61.63,61.63,61.6,61.605,1410.0,BUD
2024-07-12 15:41:00,61.635,61.635,61.625,61.625,4042.0,BUD
2024-07-12 15:40:00,61.655,61.655,61.63,61.63,1720.0,BUD
2024-07-12 15:39:00,61.655,61.655,61.65,61.654,3066.0,BUD
2024-07-12 15:38:00,61.655,61.655,61.645,61.655,1895.0,BUD
2024-07-12 15:37:00,61.66,61.665,61.655,61.66,2604.0,BUD
2024-07-12 15:36:00,61.64,61.655,61.63,61.655,10485.0,BUD
2024-07-12 15:35:00,61.635,61.64,61.625,61.635,2302.0,BUD
2024-07-12 15:34:00,61.65,61.65,61.63,61.635,6102.0,BUD
2024-07-12 15:33:00,61.64,61.65,61.64,61.65,1573.0,BUD
2024-07-12 15:32:00,61.655,61.655,61.635,61.635,1960.0,BUD
2024-07-12 15:31:00,61.655,61.655,61.62,61.645,9618.0,BUD
2024-07-12 15:30:00,61.665,61.665,61.65,61.65,2438.0,BUD
2024-07-12 15:29:00,61.66,61.665,61.66,61.665,1511.0,BUD
2024-07-12 15:28:00,61.67,61.675,61.663,61.665,2067.0,BUD
2024-07-12 15:27:00,61.675,61.675,61.67,61.675,1872.0,BUD
2024-07-12 15:26:00,61.675,61.675,61.675,61.675,375.0,BUD
2024-07-12 15:25:00,61.685,61.685,61.67,61.67,2145.0,BUD
2024-07-12 15:23:00,61.69,61.69,61.68,61.685,1467.0,BUD
2024-07-12 15:22:00,61.695,61.695,61.69,61.695,1368.0,BUD
2024-07-12 15:21:00,61.685,61.695,61.685,61.695,3784.0,BUD
2024-07-12 15:20:00,61.68,61.69,61.68,61.69,1168.0,BUD
2024-07-12 15:19:00,61.69,61.695,61.685,61.685,2265.0,BUD
2024-07-12 15:18:00,61.705,61.71,61.7,61.7,2138.0,BUD
2024-07-12 15:17:00,61.71,61.71,61.71,61.71,743.0,BUD
2024-07-12 15:16:00,61.7,61.71,61.7,61.705,3076.0,BUD
2024-07-12 15:15:00,61.695,61.7,61.695,61.695,499.0,BUD
2024-07-12 15:14:00,61.7,61.7,61.7,61.7,406.0,BUD
2024-07-12 15:13:00,61.69,61.7,61.69,61.695,2924.0,BUD
2024-07-12 15:12:00,61.695,61.695,61.685,61.685,789.0,BUD
2024-07-12 15:11:00,61.695,61.695,61.695,61.695,284.0,BUD
2024-07-12 15:10:00,61.69,61.69,61.69,61.69,534.0,BUD
2024-07-12 15:08:00,61.69,61.695,61.69,61.695,511.0,BUD
2024-07-12 15:07:00,61.695,61.695,61.69,61.69,796.0,BUD
2024-07-12 15:06:00,61.715,61.715,61.695,61.695,1682.0,BUD
2024-07-12 15:05:00,61.709,61.715,61.709,61.715,880.0,BUD
2024-07-12 15:03:00,61.7,61.7,61.69,61.7,1834.0,BUD
2024-07-12 15:02:00,61.7,61.7,61.7,61.7,611.0,BUD
2024-07-12 15:01:00,61.705,61.705,61.705,61.705,580.0,BUD
2024-07-12 15:00:00,61.715,61.715,61.705,61.71,2549.0,BUD
2024-07-12 14:59:00,61.715,61.72,61.715,61.72,517.0,BUD
2024-07-12 14:58:00,61.725,61.725,61.715,61.715,2442.0,BUD
2024-07-12 14:56:00,61.72,61.725,61.72,61.725,514.0,BUD
2024-07-12 14:54:00,61.72,61.725,61.71,61.71,2702.0,BUD
2024-07-12 14:53:00,61.72,61.73,61.72,61.725,1581.0,BUD
2024-07-12 14:52:00,61.725,61.73,61.725,61.73,904.0,BUD
2024-07-12 14:51:00,61.73,61.73,61.73,61.73,254.0,BUD
2024-07-12 14:50:00,61.73,61.73,61.73,61.73,482.0,BUD
2024-07-12 14:49:00,61.74,61.74,61.74,61.74,516.0,BUD
2024-07-12 14:48:00,61.72,61.72,61.715,61.72,1749.0,BUD
2024-07-12 14:47:00,61.73,61.73,61.72,61.725,895.0,BUD
2024-07-12 14:46:00,61.715,61.725,61.715,61.725,1120.0,BUD
2024-07-12 14:45:00,61.71,61.715,61.71,61.715,707.0,BUD
2024-07-12 14:44:00,61.71,61.71,61.71,61.71,303.0,BUD
2024-07-12 14:43:00,61.7,61.705,61.7,61.705,944.0,BUD
2024-07-12 14:42:00,61.7,61.7,61.69,61.69,1117.0,BUD
2024-07-12 14:41:00,61.705,61.71,61.702,61.702,725.0,BUD
2024-07-12 14:40:00,61.7,61.7,61.69,61.69,611.0,BUD
2024-07-12 14:39:00,61.7,61.7,61.7,61.7,780.0,BUD
2024-07-12 14:38:00,61.725,61.725,61.7,61.7,1631.0,BUD
2024-07-12 14:37:00,61.72,61.73,61.72,61.73,1218.0,BUD
2024-07-12 14:36:00,61.715,61.72,61.715,61.72,586.0,BUD
2024-07-12 14:35:00,61.725,61.725,61.71,61.715,1573.0,BUD
2024-07-12 14:34:00,61.74,61.74,61.725,61.73,1065.0,BUD
2024-07-12 14:33:00,61.73,61.73,61.73,61.73,516.0,BUD
2024-07-12 14:32:00,61.73,61.73,61.73,61.73,224.0,BUD
2024-07-12 14:31:00,61.74,61.745,61.735,61.735,1355.0,BUD
2024-07-12 14:30:00,61.745,61.75,61.74,61.75,1599.0,BUD
2024-07-12 14:29:00,61.74,61.75,61.735,61.75,1570.0,BUD
2024-07-12 14:28:00,61.735,61.735,61.725,61.725,765.0,BUD
2024-07-12 14:27:00,61.74,61.74,61.735,61.735,1035.0,BUD
2024-07-12 14:26:00,61.74,61.74,61.74,61.74,715.0,BUD
2024-07-12 14:24:00,61.75,61.75,61.74,61.74,773.0,BUD
2024-07-12 14:23:00,61.765,61.765,61.76,61.76,208.0,BUD
2024-07-12 14:21:00,61.785,61.788,61.77,61.77,2348.0,BUD
2024-07-12 14:20:00,61.8,61.8,61.8,61.8,344.0,BUD
2024-07-12 14:19:00,61.8,61.805,61.8,61.805,1284.0,BUD
2024-07-12 14:18:00,61.785,61.79,61.785,61.79,485.0,BUD
2024-07-12 14:17:00,61.795,61.795,61.79,61.79,1144.0,BUD
2024-07-12 14:16:00,61.8,61.8,61.79,61.792,943.0,BUD
2024-07-12 14:15:00,61.8,61.805,61.79,61.795,1150.0,BUD
2024-07-12 14:13:00,61.81,61.81,61.805,61.805,553.0,BUD
2024-07-12 14:12:00,61.825,61.825,61.815,61.815,686.0,BUD
2024-07-12 14:11:00,61.84,61.845,61.84,61.84,1015.0,BUD
2024-07-12 14:10:00,61.84,61.84,61.84,61.84,391.0,BUD
2024-07-12 14:09:00,61.84,61.84,61.84,61.84,125.0,BUD
2024-07-12 14:08:00,61.82,61.84,61.82,61.835,1350.0,BUD
2024-07-12 14:07:00,61.84,61.845,61.825,61.825,4696.0,BUD
2024-07-12 14:06:00,61.835,61.835,61.835,61.835,475.0,BUD
2024-07-12 14:05:00,61.82,61.845,61.82,61.835,9579.0,BUD
2024-07-12 14:04:00,61.82,61.82,61.82,61.82,109.0,BUD
2024-07-12 14:03:00,61.81,61.815,61.81,61.815,908.0,BUD
2024-07-12 14:02:00,61.79,61.81,61.79,61.81,1956.0,BUD
2024-07-12 14:01:00,61.77,61.79,61.77,61.78,5495.0,BUD
2024-07-12 14:00:00,61.735,61.77,61.73,61.77,7649.0,BUD
2024-07-12 13:59:00,61.745,61.745,61.735,61.735,1837.0,BUD
2024-07-12 13:58:00,61.75,61.76,61.75,61.75,2762.0,BUD
2024-07-12 13:57:00,61.755,61.77,61.755,61.76,2076.0,BUD
2024-07-12 13:56:00,61.76,61.76,61.76,61.76,683.0,BUD
2024-07-12 13:55:00,61.745,61.76,61.745,61.76,1295.0,BUD
2024-07-12 13:54:00,61.76,61.76,61.74,61.74,1520.0,BUD
2024-07-12 13:52:00,61.77,61.77,61.755,61.76,836.0,BUD
2024-07-12 13:51:00,61.76,61.78,61.76,61.78,2564.0,BUD
2024-07-12 13:50:00,61.75,61.76,61.75,61.76,372.0,BUD
2024-07-12 13:49:00,61.755,61.765,61.75,61.765,1187.0,BUD
2024-07-12 13:47:00,61.77,61.77,61.77,61.77,979.0,BUD
2024-07-12 13:46:00,61.79,61.79,61.771,61.78,3111.0,BUD
2024-07-12 13:45:00,61.79,61.79,61.78,61.78,1803.0,BUD
2024-07-12 13:44:00,61.79,61.79,61.79,61.79,163.0,BUD
2024-07-12 13:42:00,61.79,61.795,61.79,61.795,1038.0,BUD
2024-07-12 13:41:00,61.78,61.785,61.78,61.785,1875.0,BUD
2024-07-12 13:40:00,61.78,61.78,61.78,61.78,240.0,BUD
2024-07-12 13:39:00,61.78,61.78,61.78,61.78,1071.0,BUD
2024-07-12 13:38:00,61.79,61.79,61.79,61.79,480.0,BUD
2024-07-12 13:37:00,61.8,61.8,61.795,61.795,761.0,BUD
2024-07-12 13:36:00,61.8,61.81,61.8,61.805,1012.0,BUD
2024-07-12 13:35:00,61.785,61.8,61.785,61.8,718.0,BUD
2024-07-12 13:34:00,61.775,61.79,61.775,61.79,585.0,BUD
2024-07-12 13:32:00,61.765,61.77,61.75,61.77,1623.0,BUD
2024-07-12 13:31:00,61.755,61.765,61.755,61.76,1288.0,BUD
2024-07-12 13:30:00,61.78,61.79,61.775,61.78,1565.0,BUD
2024-07-12 13:29:00,61.805,61.805,61.79,61.79,2097.0,BUD
2024-07-12 13:28:00,61.805,61.815,61.805,61.805,760.0,BUD
2024-07-12 13:27:00,61.825,61.83,61.79,61.804,13399.0,BUD
2024-07-12 13:26:00,61.819,61.83,61.815,61.825,1822.0,BUD
2024-07-12 13:25:00,61.83,61.83,61.805,61.81,1573.0,BUD
2024-07-12 13:24:00,61.8,61.82,61.8,61.82,1646.0,BUD
2024-07-12 13:23:00,61.775,61.795,61.77,61.795,4986.0,BUD
2024-07-12 13:22:00,61.775,61.775,61.77,61.77,1330.0,BUD
2024-07-12 13:21:00,61.75,61.78,61.75,61.78,2140.0,BUD
2024-07-12 13:20:00,61.755,61.76,61.75,61.75,1133.0,BUD
2024-07-12 13:19:00,61.76,61.76,61.75,61.755,1316.0,BUD
2024-07-12 13:18:00,61.755,61.755,61.755,61.755,975.0,BUD
2024-07-12 13:17:00,61.755,61.755,61.755,61.755,355.0,BUD
2024-07-12 13:16:00,61.742,61.755,61.742,61.755,1130.0,BUD
2024-07-12 13:15:00,61.745,61.75,61.745,61.75,218.0,BUD
2024-07-12 13:14:00,61.75,61.75,61.75,61.75,695.0,BUD
2024-07-12 13:13:00,61.76,61.76,61.75,61.75,596.0,BUD
2024-07-12 13:12:00,61.775,61.775,61.765,61.77,1314.0,BUD
2024-07-12 13:11:00,61.72,61.76,61.72,61.76,9363.0,BUD
2024-07-12 13:10:00,61.715,61.715,61.715,61.715,296.0,BUD
2024-07-12 13:09:00,61.72,61.72,61.71,61.72,779.0,BUD
2024-07-12 13:08:00,61.7,61.715,61.7,61.715,1238.0,BUD
2024-07-12 13:07:00,61.705,61.705,61.695,61.695,2129.0,BUD
2024-07-12 13:06:00,61.7,61.705,61.7,61.705,543.0,BUD
2024-07-12 13:04:00,61.7,61.71,61.7,61.71,419.0,BUD
2024-07-12 13:03:00,61.7,61.705,61.695,61.705,1433.0,BUD
2024-07-12 13:02:00,61.705,61.705,61.705,61.705,243.0,BUD
2024-07-12 13:01:00,61.701,61.71,61.701,61.71,3196.0,BUD
2024-07-12 13:00:00,61.72,61.72,61.7,61.7,1136.0,BUD
2024-07-12 12:59:00,61.71,61.715,61.71,61.715,437.0,BUD
2024-07-12 12:57:00,61.72,61.72,61.711,61.72,344.0,BUD
2024-07-12 12:56:00,61.705,61.705,61.7,61.7,845.0,BUD
2024-07-12 12:55:00,61.69,61.7,61.69,61.7,1182.0,BUD
2024-07-12 12:53:00,61.685,61.685,61.685,61.685,675.0,BUD
2024-07-12 12:52:00,61.68,61.68,61.68,61.68,636.0,BUD
2024-07-12 12:51:00,61.66,61.675,61.66,61.675,589.0,BUD
2024-07-12 12:50:00,61.67,61.67,61.67,61.67,376.0,BUD
2024-07-12 12:49:00,61.695,61.7,61.68,61.68,1178.0,BUD
2024-07-12 12:48:00,61.7,61.7,61.699,61.7,586.0,BUD
2024-07-12 12:47:00,61.705,61.705,61.7,61.7,461.0,BUD
2024-07-12 12:46:00,61.71,61.71,61.7,61.705,1598.0,BUD
2024-07-12 12:45:00,61.715,61.715,61.715,61.715,550.0,BUD
2024-07-12 12:44:00,61.695,61.71,61.695,61.71,2360.0,BUD
2024-07-12 12:43:00,61.69,61.69,61.69,61.69,215.0,BUD
2024-07-12 12:42:00,61.69,61.69,61.69,61.69,718.0,BUD
2024-07-12 12:40:00,61.71,61.71,61.69,61.69,1505.0,BUD
2024-07-12 12:39:00,61.71,61.71,61.71,61.71,129.0,BUD
2024-07-12 12:38:00,61.68,61.69,61.68,61.69,901.0,BUD
2024-07-12 12:37:00,61.685,61.685,61.68,61.68,488.0,BUD
2024-07-12 12:36:00,61.68,61.68,61.68,61.68,800.0,BUD
2024-07-12 12:35:00,61.685,61.685,61.68,61.68,991.0,BUD
2024-07-12 12:34:00,61.66,61.68,61.66,61.68,1731.0,BUD
2024-07-12 12:33:00,61.65,61.655,61.65,61.65,1003.0,BUD
2024-07-12 12:32:00,61.66,61.665,61.66,61.66,809.0,BUD
2024-07-12 12:31:00,61.68,61.69,61.665,61.665,1912.0,BUD
2024-07-12 12:30:00,61.67,61.67,61.67,61.67,1763.0,BUD
2024-07-12 12:29:00,61.665,61.67,61.665,61.665,1303.0,BUD
2024-07-12 12:28:00,61.655,61.655,61.655,61.655,290.0,BUD
2024-07-12 12:27:00,61.65,61.65,61.65,61.65,467.0,BUD
2024-07-12 12:26:00,61.66,61.66,61.66,61.66,589.0,BUD
2024-07-12 12:25:00,61.68,61.68,61.66,61.66,1194.0,BUD
2024-07-12 12:24:00,61.685,61.685,61.685,61.685,131.0,BUD
2024-07-12 12:23:00,61.685,61.685,61.681,61.681,642.0,BUD
2024-07-12 12:22:00,61.68,61.685,61.68,61.685,509.0,BUD
2024-07-12 12:20:00,61.665,61.67,61.665,61.67,1117.0,BUD
2024-07-12 12:19:00,61.665,61.665,61.665,61.665,375.0,BUD
2024-07-12 12:18:00,61.67,61.67,61.665,61.665,546.0,BUD
2024-07-12 12:17:00,61.67,61.68,61.67,61.68,1035.0,BUD
2024-07-12 12:16:00,61.67,61.67,61.665,61.665,5869.0,BUD
2024-07-12 12:15:00,61.69,61.69,61.68,61.68,804.0,BUD
2024-07-12 12:14:00,61.685,61.69,61.68,61.69,1208.0,BUD
2024-07-12 12:13:00,61.665,61.68,61.665,61.68,3839.0,BUD
2024-07-12 12:12:00,61.66,61.669,61.66,61.668,1219.0,BUD
2024-07-12 12:11:00,61.65,61.665,61.65,61.665,548.0,BUD
2024-07-12 12:10:00,61.64,61.64,61.64,61.64,680.0,BUD
2024-07-12 12:09:00,61.59,61.61,61.59,61.61,1889.0,BUD
2024-07-12 12:08:00,61.59,61.59,61.59,61.59,718.0,BUD
2024-07-12 12:07:00,61.57,61.585,61.57,61.585,1209.0,BUD
2024-07-12 12:06:00,61.58,61.58,61.58,61.58,260.0,BUD
2024-07-12 12:05:00,61.585,61.585,61.58,61.58,730.0,BUD
2024-07-12 12:04:00,61.59,61.59,61.59,61.59,381.0,BUD
2024-07-12 12:03:00,61.58,61.58,61.58,61.58,335.0,BUD
2024-07-12 12:01:00,61.59,61.59,61.59,61.59,507.0,BUD
2024-07-12 12:00:00,61.61,61.61,61.59,61.59,1292.0,BUD
2024-07-12 11:59:00,61.64,61.64,61.63,61.63,519.0,BUD
2024-07-12 11:58:00,61.64,61.645,61.64,61.645,521.0,BUD
2024-07-12 11:57:00,61.645,61.645,61.64,61.645,947.0,BUD
2024-07-12 11:56:00,61.655,61.655,61.64,61.64,388.0,BUD
2024-07-12 11:55:00,61.65,61.655,61.65,61.655,882.0,BUD
2024-07-12 11:54:00,61.645,61.645,61.64,61.64,606.0,BUD
2024-07-12 11:53:00,61.645,61.645,61.645,61.645,290.0,BUD
2024-07-12 11:52:00,61.67,61.67,61.65,61.65,4784.0,BUD
2024-07-12 11:51:00,61.69,61.69,61.69,61.69,546.0,BUD
2024-07-12 11:50:00,61.685,61.69,61.685,61.69,346.0,BUD
2024-07-12 11:49:00,61.68,61.68,61.68,61.68,720.0,BUD
2024-07-12 11:48:00,61.67,61.675,61.67,61.67,1790.0,BUD
2024-07-12 11:47:00,61.635,61.655,61.625,61.655,4979.0,BUD
2024-07-12 11:46:00,61.62,61.63,61.62,61.63,1663.0,BUD
2024-07-12 11:45:00,61.63,61.63,61.63,61.63,1392.0,BUD
2024-07-12 11:44:00,61.65,61.65,61.65,61.65,414.0,BUD
2024-07-12 11:43:00,61.65,61.66,61.65,61.66,954.0,BUD
2024-07-12 11:42:00,61.666,61.666,61.645,61.645,2594.0,BUD
2024-07-12 11:41:00,61.68,61.68,61.67,61.67,2039.0,BUD
2024-07-12 11:40:00,61.68,61.68,61.68,61.68,1137.0,BUD
2024-07-12 11:39:00,61.71,61.71,61.7,61.7,2473.0,BUD
2024-07-12 11:38:00,61.695,61.705,61.69,61.705,2522.0,BUD
2024-07-12 11:37:00,61.68,61.695,61.68,61.695,728.0,BUD
2024-07-12 11:36:00,61.67,61.67,61.66,61.67,403.0,BUD
2024-07-12 11:35:00,61.66,61.68,61.65,61.68,4254.0,BUD
2024-07-12 11:34:00,61.685,61.685,61.63,61.66,17010.0,BUD
2024-07-12 11:33:00,61.7,61.7,61.685,61.69,2251.0,BUD
2024-07-12 11:32:00,61.69,61.72,61.69,61.715,3660.0,BUD
2024-07-12 11:31:00,61.7,61.7,61.69,61.69,1074.0,BUD
2024-07-12 11:30:00,61.675,61.69,61.675,61.69,1074.0,BUD
2024-07-12 11:29:00,61.67,61.7,61.67,61.69,2861.0,BUD
2024-07-12 11:28:00,61.675,61.675,61.665,61.67,1086.0,BUD
2024-07-12 11:27:00,61.69,61.69,61.68,61.68,1393.0,BUD
2024-07-12 11:26:00,61.68,61.69,61.68,61.68,1441.0,BUD
2024-07-12 11:25:00,61.665,61.67,61.665,61.67,828.0,BUD
2024-07-12 11:24:00,61.69,61.69,61.66,61.67,1334.0,BUD
2024-07-12 11:23:00,61.69,61.69,61.68,61.69,1113.0,BUD
2024-07-12 11:22:00,61.69,61.695,61.68,61.69,2271.0,BUD
2024-07-12 11:21:00,61.71,61.71,61.69,61.695,851.0,BUD
2024-07-12 11:20:00,61.69,61.705,61.68,61.705,1582.0,BUD
2024-07-12 11:19:00,61.7,61.7,61.7,61.7,812.0,BUD
2024-07-12 11:18:00,61.66,61.69,61.66,61.69,1746.0,BUD
2024-07-12 11:17:00,61.67,61.675,61.665,61.67,1879.0,BUD
2024-07-12 11:16:00,61.67,61.675,61.66,61.675,1041.0,BUD
2024-07-12 11:15:00,61.675,61.675,61.665,61.67,1494.0,BUD
2024-07-12 11:14:00,61.685,61.685,61.67,61.67,2568.0,BUD
2024-07-12 11:13:00,61.69,61.69,61.68,61.685,1269.0,BUD
2024-07-12 11:12:00,61.69,61.705,61.68,61.705,2757.0,BUD
2024-07-12 11:11:00,61.675,61.69,61.67,61.685,1256.0,BUD
2024-07-12 11:10:00,61.66,61.67,61.66,61.67,4155.0,BUD
2024-07-12 11:09:00,61.63,61.65,61.63,61.65,5150.0,BUD
2024-07-12 11:08:00,61.62,61.63,61.62,61.625,8805.0,BUD
2024-07-12 11:07:00,61.6,61.625,61.6,61.625,1250.0,BUD
2024-07-12 11:06:00,61.59,61.59,61.59,61.59,535.0,BUD
2024-07-12 11:05:00,61.62,61.655,61.59,61.59,5329.0,BUD
2024-07-12 11:04:00,61.625,61.625,61.62,61.62,734.0,BUD
2024-07-12 11:03:00,61.62,61.62,61.6,61.6,1932.0,BUD
2024-07-12 11:02:00,61.57,61.625,61.57,61.62,4129.0,BUD
2024-07-12 11:01:00,61.58,61.585,61.57,61.575,4551.0,BUD
2024-07-12 11:00:00,61.53,61.58,61.53,61.58,4637.0,BUD
2024-07-12 10:59:00,61.51,61.525,61.51,61.52,11203.0,BUD
2024-07-12 10:58:00,61.505,61.51,61.505,61.51,905.0,BUD
2024-07-12 10:57:00,61.48,61.505,61.48,61.5,3798.0,BUD
2024-07-12 10:56:00,61.49,61.49,61.475,61.485,3086.0,BUD
2024-07-12 10:55:00,61.455,61.485,61.45,61.47,8870.0,BUD
2024-07-12 10:54:00,61.46,61.46,61.455,61.46,956.0,BUD
2024-07-12 10:53:00,61.455,61.46,61.445,61.45,5274.0,BUD
2024-07-12 10:52:00,61.48,61.48,61.445,61.455,8019.0,BUD
2024-07-12 10:51:00,61.445,61.465,61.44,61.465,1332.0,BUD
2024-07-12 10:50:00,61.435,61.455,61.425,61.445,4629.0,BUD
2024-07-12 10:49:00,61.43,61.44,61.43,61.43,1715.0,BUD
2024-07-12 10:48:00,61.42,61.43,61.42,61.42,1578.0,BUD
2024-07-12 10:47:00,61.41,61.43,61.41,61.43,1018.0,BUD
2024-07-12 10:46:00,61.4,61.41,61.4,61.41,797.0,BUD
2024-07-12 10:45:00,61.44,61.44,61.41,61.41,1905.0,BUD
2024-07-12 10:44:00,61.45,61.45,61.44,61.445,1395.0,BUD
2024-07-12 10:43:00,61.44,61.48,61.44,61.455,4031.0,BUD
2024-07-12 10:42:00,61.46,61.46,61.43,61.435,4368.0,BUD
2024-07-12 10:41:00,61.455,61.455,61.45,61.455,1572.0,BUD
2024-07-12 10:40:00,61.45,61.46,61.45,61.46,2053.0,BUD
2024-07-12 10:39:00,61.47,61.47,61.44,61.44,2802.0,BUD
2024-07-12 10:38:00,61.47,61.47,61.45,61.46,3865.0,BUD
2024-07-12 10:37:00,61.46,61.475,61.445,61.475,3326.0,BUD
2024-07-12 10:36:00,61.425,61.44,61.42,61.44,4070.0,BUD
2024-07-12 10:35:00,61.425,61.43,61.42,61.43,5300.0,BUD
2024-07-12 10:34:00,61.41,61.41,61.41,61.41,406.0,BUD
2024-07-12 10:33:00,61.44,61.455,61.405,61.41,6069.0,BUD
2024-07-12 10:32:00,61.435,61.46,61.435,61.46,2694.0,BUD
2024-07-12 10:31:00,61.395,61.405,61.39,61.405,5814.0,BUD
2024-07-12 10:30:00,61.415,61.43,61.395,61.395,4176.0,BUD
2024-07-12 10:29:00,61.36,61.41,61.36,61.41,4449.0,BUD
2024-07-12 10:28:00,61.33,61.37,61.33,61.36,8712.0,BUD
2024-07-12 10:27:00,61.25,61.32,61.25,61.32,6216.0,BUD
2024-07-12 10:26:00,61.24,61.245,61.24,61.24,2079.0,BUD
2024-07-12 10:25:00,61.21,61.22,61.21,61.22,1000.0,BUD
2024-07-12 10:24:00,61.185,61.21,61.185,61.21,1365.0,BUD
2024-07-12 10:23:00,61.205,61.205,61.19,61.19,3721.0,BUD
2024-07-12 10:22:00,61.205,61.22,61.205,61.21,2713.0,BUD
2024-07-12 10:21:00,61.18,61.2,61.18,61.2,1219.0,BUD
2024-07-12 10:20:00,61.21,61.225,61.18,61.195,4035.0,BUD
2024-07-12 10:19:00,61.195,61.205,61.195,61.205,2473.0,BUD
2024-07-12 10:18:00,61.16,61.205,61.16,61.19,6654.0,BUD
2024-07-12 10:17:00,61.13,61.15,61.13,61.14,3438.0,BUD
2024-07-12 10:16:00,61.12,61.14,61.12,61.12,2720.0,BUD
2024-07-12 10:15:00,61.12,61.13,61.11,61.12,2470.0,BUD
2024-07-12 10:14:00,61.11,61.12,61.1,61.12,2179.0,BUD
2024-07-12 10:13:00,61.07,61.105,61.07,61.09,4217.0,BUD
2024-07-12 10:12:00,61.06,61.075,61.05,61.075,2311.0,BUD
2024-07-12 10:11:00,61.05,61.06,61.05,61.05,1701.0,BUD
2024-07-12 10:10:00,61.0,61.035,60.99,61.035,2785.0,BUD
2024-07-12 10:09:00,60.945,61.0,60.945,61.0,12994.0,BUD
2024-07-12 10:08:00,60.925,60.95,60.925,60.945,5280.0,BUD
2024-07-12 10:07:00,60.91,60.925,60.895,60.925,2912.0,BUD
2024-07-12 10:06:00,60.92,60.92,60.895,60.915,4941.0,BUD
2024-07-12 10:05:00,60.905,60.925,60.9,60.91,2508.0,BUD
2024-07-12 10:04:00,60.855,60.91,60.84,60.9,7242.0,BUD
2024-07-12 10:03:00,60.86,60.865,60.855,60.855,1742.0,BUD
2024-07-12 10:02:00,60.875,60.875,60.85,60.85,3560.0,BUD
2024-07-12 10:01:00,60.85,60.885,60.85,60.875,5968.0,BUD
2024-07-12 10:00:00,60.83,60.865,60.83,60.86,3345.0,BUD
2024-07-12 09:59:00,60.85,60.85,60.84,60.85,1437.0,BUD
2024-07-12 09:58:00,60.86,60.86,60.86,60.86,181.0,BUD
2024-07-12 09:57:00,60.85,60.85,60.85,60.85,288.0,BUD
2024-07-12 09:56:00,60.84,60.84,60.83,60.84,2300.0,BUD
2024-07-12 09:55:00,60.841,60.841,60.835,60.835,1566.0,BUD
2024-07-12 09:54:00,60.855,60.855,60.84,60.84,1050.0,BUD
2024-07-12 09:53:00,60.85,60.85,60.85,60.85,585.0,BUD
2024-07-12 09:52:00,60.9,60.9,60.88,60.88,573.0,BUD
2024-07-12 09:51:00,60.92,60.92,60.9,60.9,655.0,BUD
2024-07-12 09:50:00,60.92,60.92,60.92,60.92,821.0,BUD
2024-07-12 09:49:00,60.9,60.91,60.9,60.91,1779.0,BUD
2024-07-12 09:48:00,60.92,60.92,60.92,60.92,1122.0,BUD
2024-07-12 09:47:00,60.95,60.95,60.915,60.915,1189.0,BUD
2024-07-12 09:46:00,60.96,60.96,60.96,60.96,523.0,BUD
2024-07-12 09:45:00,60.97,60.97,60.96,60.96,703.0,BUD
2024-07-12 09:44:00,61.01,61.01,61.0,61.0,605.0,BUD
2024-07-12 09:43:00,61.01,61.03,61.01,61.02,2091.0,BUD
2024-07-12 09:42:00,61.06,61.06,61.02,61.02,2803.0,BUD
2024-07-12 09:41:00,61.06,61.06,61.06,61.06,384.0,BUD
2024-07-12 09:40:00,61.09,61.1,61.06,61.06,4349.0,BUD
2024-07-12 09:39:00,61.13,61.15,61.12,61.13,1571.0,BUD
2024-07-12 09:38:00,61.12,61.12,61.12,61.12,324.0,BUD
2024-07-12 09:37:00,61.09,61.11,61.09,61.1,2069.0,BUD
2024-07-12 09:36:00,61.06,61.09,61.05,61.08,3424.0,BUD
2024-07-12 09:35:00,61.03,61.057,61.03,61.057,3030.0,BUD
2024-07-12 09:34:00,61.01,61.02,61.0,61.01,2276.0,BUD
2024-07-12 09:33:00,60.97,60.98,60.97,60.98,3754.0,BUD
2024-07-12 09:32:00,60.86,60.96,60.86,60.96,9101.0,BUD
2024-07-12 09:31:00,60.83,60.88,60.83,60.85,15250.0,BUD
2024-07-12 09:30:00,60.74,60.82,60.74,60.805,24229.0,BUD
2024-07-12 09:29:00,60.76,60.76,60.69,60.69,3761.0,BUD
2024-07-12 09:22:00,60.81,60.81,60.81,60.81,1.0,BUD
2024-07-12 09:19:00,60.74,60.74,60.74,60.74,1.0,BUD
2024-07-12 09:16:00,60.74,60.74,60.74,60.74,1.0,BUD
2024-07-12 09:13:00,60.65,60.65,60.65,60.65,40.0,BUD
2024-07-12 09:12:00,60.63,60.63,60.63,60.63,800.0,BUD
2024-07-12 09:11:00,60.59,60.59,60.59,60.59,18.0,BUD
2024-07-12 09:10:00,60.57,60.62,60.57,60.62,52.0,BUD
2024-07-12 09:02:00,60.63,60.63,60.63,60.63,2.0,BUD
2024-07-12 08:59:00,60.719,60.719,60.719,60.719,1.0,BUD
2024-07-12 08:58:00,60.672,60.672,60.672,60.672,15.0,BUD
2024-07-12 08:53:00,60.78,60.78,60.78,60.78,2.0,BUD
2024-07-12 08:51:00,60.74,60.74,60.74,60.74,10.0,BUD
2024-07-12 08:42:00,60.87,60.87,60.87,60.87,10.0,BUD
2024-07-12 08:40:00,60.79,60.79,60.79,60.79,800.0,BUD
2024-07-12 08:32:00,60.84,60.84,60.84,60.84,604.0,BUD
2024-07-12 08:30:00,60.8,60.85,60.66,60.81,374.0,BUD
2024-07-12 08:28:00,60.89,60.89,60.89,60.89,3.0,BUD
2024-07-12 08:08:00,61.09,61.09,61.09,61.09,4.0,BUD
2024-07-12 08:05:00,61.33,61.33,61.33,61.33,3.0,BUD
2024-07-12 08:04:00,61.32,62.0,61.32,61.33,22.0,BUD
2024-07-12 08:03:00,61.3,62.0,61.3,61.5,6.0,BUD
2024-07-12 08:02:00,61.0,61.01,61.0,61.01,840.0,BUD
2024-07-12 08:01:00,61.0,61.0,61.0,61.0,4.0,BUD
2024-07-12 08:00:00,61.0,61.0,60.96,60.97,235.0,BUD
2024-07-12 07:55:00,60.92,60.92,60.92,60.92,71.0,BUD
2024-07-12 07:54:00,60.95,60.95,60.95,60.95,45.0,BUD
2024-07-12 07:48:00,61.01,61.02,60.98,60.98,1049.0,BUD
2024-07-12 07:35:00,60.97,60.97,60.97,60.97,50.0,BUD
2024-07-12 07:34:00,60.99,60.99,60.99,60.99,40.0,BUD
2024-07-12 07:32:00,60.99,60.99,60.99,60.99,10.0,BUD
2024-07-12 07:30:00,60.99,60.99,60.99,60.99,10.0,BUD
2024-07-12 07:26:00,61.0,61.0,61.0,61.0,10.0,BUD
2024-07-12 07:23:00,60.97,60.97,60.97,60.97,6.0,BUD
2024-07-12 07:22:00,61.0,61.0,60.99,60.99,34.0,BUD
2024-07-12 07:07:00,60.98,60.98,60.98,60.98,19.0,BUD
2024-07-12 07:06:00,60.98,60.98,60.98,60.98,111.0,BUD
2024-07-12 07:04:00,60.97,60.97,60.97,60.97,725.0,BUD
2024-07-12 07:02:00,60.95,60.96,60.95,60.95,435.0,BUD
2024-07-12 06:52:00,60.9,60.9,60.9,60.9,370.0,BUD
2024-07-12 06:51:00,60.9,60.9,60.9,60.9,50.0,BUD
2024-07-12 06:50:00,60.91,60.91,60.91,60.91,40.0,BUD
2024-07-12 06:49:00,60.91,60.91,60.91,60.91,50.0,BUD
2024-07-12 06:41:00,60.93,60.93,60.93,60.93,50.0,BUD
2024-07-12 06:40:00,60.96,60.96,60.96,60.96,40.0,BUD
2024-07-12 06:30:00,60.91,60.91,60.91,60.91,50.0,BUD
2024-07-12 06:29:00,60.91,60.91,60.91,60.91,460.0,BUD
2024-07-12 06:25:00,60.9,60.9,60.9,60.9,80.0,BUD
2024-07-12 06:22:00,60.91,60.91,60.91,60.91,30.0,BUD
2024-07-12 06:17:00,60.95,60.97,60.95,60.97,60.0,BUD
2024-07-12 05:43:00,61.04,61.04,61.04,61.04,10.0,BUD
2024-07-12 05:38:00,61.04,61.04,61.03,61.03,263.0,BUD
2024-07-12 05:34:00,61.09,61.09,61.09,61.09,10.0,BUD
2024-07-12 05:33:00,61.04,61.04,61.04,61.04,50.0,BUD
2024-07-12 05:32:00,61.04,61.04,61.04,61.04,40.0,BUD
2024-07-12 05:30:00,61.04,61.04,61.04,61.04,30.0,BUD
2024-07-12 05:28:00,60.99,61.0,60.99,61.0,100.0,BUD
2024-07-12 05:27:00,61.04,61.04,61.0,61.0,1000.0,BUD
2024-07-12 05:19:00,61.1,61.1,61.1,61.1,150.0,BUD
2024-07-12 05:18:00,61.08,61.08,61.08,61.08,80.0,BUD
2024-07-12 05:10:00,61.14,61.14,61.14,61.14,10.0,BUD
2024-07-12 05:06:00,61.11,61.11,61.11,61.11,40.0,BUD
2024-07-12 05:04:00,61.06,61.06,61.06,61.06,2.0,BUD
2024-07-12 04:57:00,61.08,61.08,61.08,61.08,189.0,BUD
2024-07-12 04:53:00,61.2,61.2,61.18,61.18,1369.0,BUD
2024-07-12 04:51:00,61.19,61.24,61.19,61.24,1406.0,BUD
2024-07-12 04:41:00,61.25,61.25,61.25,61.25,80.0,BUD
2024-07-12 04:36:00,61.2,61.2,61.2,61.2,40.0,BUD
2024-07-12 04:34:00,61.2,61.2,61.2,61.2,120.0,BUD
2024-07-12 04:31:00,61.15,61.15,61.13,61.15,160.0,BUD
2024-07-12 04:29:00,61.06,61.06,61.06,61.06,80.0,BUD
2024-07-12 04:27:00,61.16,61.16,61.16,61.16,80.0,BUD
2024-07-12 04:26:00,61.26,61.26,61.24,61.24,120.0,BUD
2024-07-12 04:25:00,61.23,61.23,61.23,61.23,40.0,BUD
2024-07-12 04:20:00,61.15,61.15,61.15,61.15,40.0,BUD
2024-07-12 04:18:00,61.19,61.19,61.19,61.19,40.0,BUD
2024-07-12 04:17:00,61.19,61.19,61.19,61.19,40.0,BUD
2024-07-12 04:13:00,61.19,61.19,61.19,61.19,1000.0,BUD
2024-07-12 04:12:00,61.15,61.15,61.15,61.15,9.0,BUD
2024-07-12 04:07:00,61.22,61.24,61.22,61.24,680.0,BUD
2024-07-12 04:04:00,61.3,61.3,61.3,61.3,2.0,BUD
2024-07-12 04:01:00,61.26,61.26,61.26,61.26,40.0,BUD
2024-07-11 19:53:00,61.66,61.66,61.66,61.66,1.0,BUD
2024-07-11 19:52:00,61.35,61.35,61.35,61.35,1.0,BUD
2024-07-11 19:48:00,61.35,61.35,61.35,61.35,6.0,BUD
2024-07-11 19:00:00,61.25,61.35,61.25,61.35,67166.0,BUD
2024-07-11 18:57:00,59.55,59.55,59.55,59.55,4.0,BUD
2024-07-11 18:55:00,59.55,59.55,59.55,59.55,5.0,BUD
2024-07-11 18:48:00,61.25,61.25,61.25,61.25,1.0,BUD
2024-07-11 18:33:00,61.07,61.07,61.07,61.07,1.0,BUD
2024-07-11 18:30:00,61.25,61.25,61.25,61.25,67156.0,BUD
2024-07-11 17:42:00,61.07,61.07,61.07,61.07,2.0,BUD
2024-07-11 17:25:00,61.51,61.51,61.51,61.51,5.0,BUD
2024-07-11 17:09:00,61.25,61.25,61.25,61.25,161.0,BUD
2024-07-11 16:49:00,61.66,61.66,61.66,61.66,1.0,BUD
2024-07-11 16:42:00,61.07,61.07,61.07,61.07,10.0,BUD
2024-07-11 16:41:00,59.55,59.55,59.55,59.55,11.0,BUD
2024-07-11 16:19:00,61.25,61.25,61.25,61.25,1.0,BUD
2024-07-11 16:16:00,61.25,61.25,61.25,61.25,1.0,BUD
2024-07-11 16:13:00,61.25,61.25,61.25,61.25,2439.0,BUD
2024-07-11 16:12:00,59.55,59.55,59.55,59.55,18.0,BUD
2024-07-11 16:11:00,60.997,60.997,60.997,60.997,15.0,BUD
2024-07-11 16:10:00,61.25,61.25,61.2,61.2,67158.0,BUD
2024-07-11 16:08:00,61.29,61.39,61.2,61.39,5.0,BUD
2024-07-11 16:04:00,61.0,61.0,61.0,61.0,20.0,BUD
2024-07-11 16:00:00,61.25,61.26,61.25,61.25,142353.0,BUD
2024-07-11 15:59:00,61.285,61.29,61.25,61.25,43447.0,BUD
2024-07-11 15:58:00,61.28,61.295,61.28,61.285,11410.0,BUD
2024-07-11 15:57:00,61.28,61.295,61.27,61.285,20364.0,BUD
2024-07-11 15:56:00,61.29,61.29,61.27,61.275,12180.0,BUD
2024-07-11 15:55:00,61.28,61.31,61.28,61.295,14572.0,BUD
2024-07-11 15:54:00,61.31,61.32,61.28,61.28,11179.0,BUD
2024-07-11 15:53:00,61.31,61.315,61.29,61.305,8265.0,BUD
2024-07-11 15:52:00,61.29,61.315,61.29,61.31,5171.0,BUD
2024-07-11 15:51:00,61.285,61.31,61.285,61.3,8675.0,BUD
2024-07-11 15:50:00,61.29,61.295,61.28,61.285,8950.0,BUD
2024-07-11 15:49:00,61.28,61.295,61.28,61.29,8911.0,BUD
2024-07-11 15:48:00,61.29,61.29,61.275,61.275,3160.0,BUD
2024-07-11 15:47:00,61.275,61.305,61.275,61.3,6384.0,BUD
2024-07-11 15:46:00,61.275,61.275,61.265,61.27,3154.0,BUD
2024-07-11 15:45:00,61.265,61.28,61.265,61.272,14045.0,BUD
2024-07-11 15:44:00,61.28,61.28,61.26,61.26,8268.0,BUD
2024-07-11 15:43:00,61.285,61.29,61.275,61.29,5535.0,BUD
2024-07-11 15:42:00,61.295,61.295,61.28,61.285,3689.0,BUD
2024-07-11 15:41:00,61.28,61.295,61.28,61.29,2311.0,BUD
2024-07-11 15:40:00,61.27,61.29,61.26,61.28,6897.0,BUD
2024-07-11 15:39:00,61.275,61.275,61.27,61.275,1970.0,BUD
2024-07-11 15:38:00,61.28,61.285,61.28,61.28,1121.0,BUD
2024-07-11 15:37:00,61.295,61.295,61.275,61.28,8187.0,BUD
2024-07-11 15:36:00,61.28,61.3,61.275,61.295,8004.0,BUD
2024-07-11 15:35:00,61.28,61.28,61.275,61.275,4167.0,BUD
2024-07-11 15:34:00,61.285,61.285,61.285,61.285,866.0,BUD
2024-07-11 15:33:00,61.285,61.285,61.285,61.285,1235.0,BUD
2024-07-11 15:32:00,61.25,61.29,61.25,61.28,7679.0,BUD
2024-07-11 15:31:00,61.24,61.245,61.24,61.245,1255.0,BUD
2024-07-11 15:30:00,61.23,61.23,61.23,61.23,2733.0,BUD
2024-07-11 15:29:00,61.225,61.23,61.225,61.23,932.0,BUD
2024-07-11 15:28:00,61.245,61.245,61.235,61.235,3020.0,BUD
2024-07-11 15:27:00,61.25,61.25,61.245,61.245,1765.0,BUD
2024-07-11 15:26:00,61.25,61.255,61.25,61.255,1726.0,BUD
2024-07-11 15:25:00,61.25,61.255,61.25,61.25,1920.0,BUD
2024-07-11 15:23:00,61.23,61.255,61.23,61.255,3718.0,BUD
2024-07-11 15:22:00,61.235,61.235,61.23,61.23,3193.0,BUD
2024-07-11 15:21:00,61.235,61.235,61.235,61.235,616.0,BUD
2024-07-11 15:20:00,61.235,61.24,61.235,61.235,1193.0,BUD
2024-07-11 15:19:00,61.24,61.24,61.24,61.24,385.0,BUD
2024-07-11 15:18:00,61.24,61.245,61.24,61.24,2970.0,BUD
2024-07-11 15:17:00,61.24,61.245,61.24,61.245,2145.0,BUD
2024-07-11 15:16:00,61.23,61.235,61.23,61.235,1820.0,BUD
2024-07-11 15:15:00,61.23,61.23,61.23,61.23,264.0,BUD
2024-07-11 15:14:00,61.225,61.225,61.22,61.22,1412.0,BUD
2024-07-11 15:13:00,61.23,61.245,61.23,61.23,3744.0,BUD
2024-07-11 15:12:00,61.215,61.24,61.215,61.23,5023.0,BUD
2024-07-11 15:11:00,61.215,61.22,61.215,61.22,510.0,BUD
2024-07-11 15:10:00,61.21,61.215,61.21,61.215,1474.0,BUD
2024-07-11 15:09:00,61.205,61.21,61.205,61.21,1343.0,BUD
2024-07-11 15:08:00,61.21,61.21,61.2,61.2,1026.0,BUD
2024-07-11 15:07:00,61.215,61.215,61.2,61.2,1739.0,BUD
2024-07-11 15:06:00,61.21,61.21,61.21,61.21,636.0,BUD
2024-07-11 15:04:00,61.225,61.225,61.214,61.214,3896.0,BUD
2024-07-11 15:03:00,61.215,61.23,61.211,61.23,2157.0,BUD
2024-07-11 15:02:00,61.24,61.245,61.22,61.22,4167.0,BUD
2024-07-11 15:01:00,61.245,61.245,61.24,61.245,886.0,BUD
2024-07-11 15:00:00,61.25,61.255,61.25,61.255,2341.0,BUD
2024-07-11 14:59:00,61.24,61.24,61.24,61.24,1497.0,BUD
2024-07-11 14:58:00,61.23,61.24,61.23,61.24,2965.0,BUD
2024-07-11 14:57:00,61.235,61.235,61.23,61.23,858.0,BUD
2024-07-11 14:56:00,61.23,61.24,61.23,61.24,2848.0,BUD
2024-07-11 14:55:00,61.23,61.23,61.23,61.23,451.0,BUD
2024-07-11 14:54:00,61.214,61.22,61.214,61.215,1547.0,BUD
2024-07-11 14:53:00,61.22,61.225,61.22,61.22,951.0,BUD
2024-07-11 14:52:00,61.215,61.22,61.215,61.215,1712.0,BUD
2024-07-11 14:51:00,61.21,61.23,61.21,61.22,3774.0,BUD
2024-07-11 14:50:00,61.204,61.21,61.204,61.21,627.0,BUD
2024-07-11 14:49:00,61.19,61.205,61.19,61.205,7250.0,BUD
2024-07-11 14:48:00,61.17,61.19,61.17,61.19,5058.0,BUD
2024-07-11 14:47:00,61.175,61.175,61.16,61.16,814.0,BUD
2024-07-11 14:46:00,61.175,61.18,61.175,61.175,653.0,BUD
2024-07-11 14:45:00,61.17,61.17,61.17,61.17,410.0,BUD
2024-07-11 14:44:00,61.18,61.18,61.175,61.175,376.0,BUD
2024-07-11 14:43:00,61.185,61.195,61.185,61.185,2637.0,BUD
2024-07-11 14:42:00,61.195,61.195,61.184,61.195,1741.0,BUD
2024-07-11 14:41:00,61.195,61.195,61.19,61.19,706.0,BUD
2024-07-11 14:40:00,61.19,61.19,61.19,61.19,714.0,BUD
2024-07-11 14:39:00,61.19,61.19,61.19,61.19,666.0,BUD
2024-07-11 14:38:00,61.19,61.19,61.19,61.19,2002.0,BUD
2024-07-11 14:37:00,61.195,61.195,61.19,61.195,722.0,BUD
2024-07-11 14:36:00,61.2,61.2,61.19,61.2,949.0,BUD
2024-07-11 14:35:00,61.2,61.2,61.2,61.2,363.0,BUD
2024-07-11 14:34:00,61.215,61.22,61.21,61.21,1362.0,BUD
2024-07-11 14:33:00,61.2,61.2,61.2,61.2,471.0,BUD
2024-07-11 14:31:00,61.165,61.195,61.165,61.195,1494.0,BUD
2024-07-11 14:30:00,61.151,61.16,61.151,61.16,841.0,BUD
2024-07-11 14:29:00,61.15,61.16,61.15,61.155,4082.0,BUD
2024-07-11 14:28:00,61.165,61.165,61.15,61.155,2671.0,BUD
2024-07-11 14:27:00,61.15,61.16,61.15,61.16,1188.0,BUD
2024-07-11 14:26:00,61.16,61.16,61.155,61.155,467.0,BUD
2024-07-11 14:25:00,61.175,61.175,61.175,61.175,588.0,BUD
2024-07-11 14:24:00,61.175,61.175,61.175,61.175,396.0,BUD
2024-07-11 14:23:00,61.175,61.18,61.17,61.18,1045.0,BUD
2024-07-11 14:22:00,61.18,61.18,61.18,61.18,232.0,BUD
2024-07-11 14:21:00,61.185,61.185,61.18,61.18,1237.0,BUD
2024-07-11 14:20:00,61.18,61.18,61.18,61.18,464.0,BUD
2024-07-11 14:19:00,61.2,61.2,61.18,61.18,799.0,BUD
2024-07-11 14:18:00,61.215,61.215,61.21,61.21,1435.0,BUD
2024-07-11 14:16:00,61.225,61.225,61.225,61.225,413.0,BUD
2024-07-11 14:15:00,61.22,61.22,61.22,61.22,579.0,BUD
2024-07-11 14:13:00,61.21,61.21,61.205,61.205,862.0,BUD
2024-07-11 14:12:00,61.21,61.22,61.21,61.21,3436.0,BUD
2024-07-11 14:11:00,61.2,61.205,61.2,61.205,489.0,BUD
2024-07-11 14:10:00,61.205,61.205,61.2,61.2,555.0,BUD
2024-07-11 14:09:00,61.2,61.205,61.2,61.205,443.0,BUD
2024-07-11 14:08:00,61.185,61.21,61.185,61.2,3530.0,BUD
2024-07-11 14:07:00,61.182,61.182,61.181,61.181,1171.0,BUD
2024-07-11 14:06:00,61.185,61.195,61.185,61.195,1790.0,BUD
2024-07-11 14:05:00,61.175,61.185,61.175,61.185,489.0,BUD
2024-07-11 14:04:00,61.18,61.185,61.18,61.18,1319.0,BUD
2024-07-11 14:03:00,61.19,61.19,61.185,61.185,797.0,BUD
2024-07-11 14:02:00,61.19,61.2,61.19,61.2,1495.0,BUD
2024-07-11 14:01:00,61.18,61.18,61.18,61.18,790.0,BUD
2024-07-11 14:00:00,61.2,61.2,61.19,61.19,701.0,BUD
2024-07-11 13:59:00,61.181,61.195,61.181,61.195,1361.0,BUD
2024-07-11 13:58:00,61.19,61.195,61.185,61.185,625.0,BUD
2024-07-11 13:57:00,61.19,61.19,61.19,61.19,761.0,BUD
2024-07-11 13:56:00,61.135,61.18,61.135,61.18,3283.0,BUD
2024-07-11 13:55:00,61.12,61.14,61.12,61.14,893.0,BUD
2024-07-11 13:54:00,61.15,61.155,61.115,61.115,5611.0,BUD
2024-07-11 13:52:00,61.14,61.145,61.14,61.145,554.0,BUD
2024-07-11 13:51:00,61.12,61.13,61.12,61.13,1519.0,BUD
2024-07-11 13:50:00,61.115,61.115,61.115,61.115,194.0,BUD
2024-07-11 13:49:00,61.115,61.115,61.115,61.115,230.0,BUD
2024-07-11 13:48:00,61.105,61.11,61.105,61.11,398.0,BUD
2024-07-11 13:47:00,61.11,61.11,61.1,61.1,631.0,BUD
2024-07-11 13:46:00,61.105,61.105,61.09,61.1,1050.0,BUD
2024-07-11 13:45:00,61.09,61.11,61.09,61.11,5341.0,BUD
2024-07-11 13:43:00,61.11,61.11,61.11,61.11,629.0,BUD
2024-07-11 13:42:00,61.11,61.11,61.1,61.1,2153.0,BUD
2024-07-11 13:41:00,61.12,61.13,61.12,61.12,1630.0,BUD
2024-07-11 13:40:00,61.11,61.115,61.11,61.115,472.0,BUD
2024-07-11 13:39:00,61.11,61.11,61.1,61.1,508.0,BUD
2024-07-11 13:38:00,61.12,61.125,61.115,61.125,729.0,BUD
2024-07-11 13:37:00,61.13,61.13,61.12,61.12,1139.0,BUD
2024-07-11 13:36:00,61.13,61.13,61.13,61.13,278.0,BUD
2024-07-11 13:35:00,61.12,61.121,61.12,61.121,564.0,BUD
2024-07-11 13:34:00,61.125,61.125,61.09,61.125,5170.0,BUD
2024-07-11 13:33:00,61.125,61.125,61.12,61.12,542.0,BUD
2024-07-11 13:32:00,61.135,61.135,61.125,61.125,1132.0,BUD
2024-07-11 13:31:00,61.145,61.145,61.14,61.14,836.0,BUD
2024-07-11 13:30:00,61.145,61.145,61.145,61.145,485.0,BUD
2024-07-11 13:29:00,61.16,61.16,61.15,61.15,867.0,BUD
2024-07-11 13:28:00,61.155,61.155,61.155,61.155,358.0,BUD
2024-07-11 13:26:00,61.14,61.15,61.14,61.14,1895.0,BUD
2024-07-11 13:25:00,61.145,61.145,61.14,61.145,873.0,BUD
2024-07-11 13:24:00,61.15,61.15,61.14,61.14,1874.0,BUD
2024-07-11 13:23:00,61.16,61.16,61.15,61.15,1567.0,BUD
2024-07-11 13:22:00,61.16,61.16,61.16,61.16,388.0,BUD
2024-07-11 13:21:00,61.17,61.17,61.16,61.165,1707.0,BUD
2024-07-11 13:20:00,61.17,61.175,61.16,61.16,1652.0,BUD
2024-07-11 13:19:00,61.17,61.17,61.17,61.17,407.0,BUD
2024-07-11 13:18:00,61.18,61.185,61.175,61.175,2027.0,BUD
2024-07-11 13:17:00,61.19,61.193,61.19,61.19,673.0,BUD
2024-07-11 13:16:00,61.19,61.195,61.18,61.195,629.0,BUD
2024-07-11 13:15:00,61.16,61.19,61.16,61.19,3083.0,BUD
2024-07-11 13:14:00,61.166,61.166,61.165,61.165,1034.0,BUD
2024-07-11 13:13:00,61.16,61.166,61.16,61.166,1134.0,BUD
2024-07-11 13:11:00,61.16,61.16,61.16,61.16,805.0,BUD
2024-07-11 13:10:00,61.175,61.175,61.155,61.16,1814.0,BUD
2024-07-11 13:09:00,61.17,61.17,61.17,61.17,733.0,BUD
2024-07-11 13:08:00,61.16,61.175,61.16,61.175,1925.0,BUD
2024-07-11 13:07:00,61.13,61.16,61.13,61.15,6824.0,BUD
2024-07-11 13:05:00,61.11,61.114,61.11,61.114,2240.0,BUD
2024-07-11 13:04:00,61.115,61.115,61.11,61.11,586.0,BUD
2024-07-11 13:03:00,61.12,61.12,61.12,61.12,668.0,BUD
2024-07-11 13:02:00,61.1,61.13,61.1,61.13,3985.0,BUD
2024-07-11 13:01:00,61.11,61.11,61.105,61.105,891.0,BUD
2024-07-11 13:00:00,61.12,61.12,61.11,61.11,2713.0,BUD
2024-07-11 12:59:00,61.12,61.125,61.12,61.12,1273.0,BUD
2024-07-11 12:58:00,61.11,61.12,61.11,61.12,1908.0,BUD
2024-07-11 12:57:00,61.115,61.115,61.115,61.115,170.0,BUD
2024-07-11 12:56:00,61.09,61.105,61.09,61.1,1129.0,BUD
2024-07-11 12:55:00,61.08,61.095,61.08,61.095,1009.0,BUD
2024-07-11 12:54:00,61.085,61.09,61.08,61.081,2033.0,BUD
2024-07-11 12:53:00,61.08,61.08,61.08,61.08,1177.0,BUD
2024-07-11 12:52:00,61.095,61.095,61.085,61.085,2375.0,BUD
2024-07-11 12:51:00,61.095,61.105,61.095,61.105,1261.0,BUD
2024-07-11 12:50:00,61.08,61.095,61.08,61.095,904.0,BUD
2024-07-11 12:47:00,61.08,61.08,61.08,61.08,1664.0,BUD
2024-07-11 12:46:00,61.08,61.085,61.08,61.085,418.0,BUD
2024-07-11 12:45:00,61.08,61.085,61.08,61.085,1603.0,BUD
2024-07-11 12:44:00,61.08,61.08,61.08,61.08,313.0,BUD
2024-07-11 12:43:00,61.08,61.085,61.08,61.085,733.0,BUD
2024-07-11 12:42:00,61.085,61.085,61.08,61.08,723.0,BUD
2024-07-11 12:41:00,61.09,61.09,61.08,61.08,1011.0,BUD
2024-07-11 12:40:00,61.08,61.095,61.08,61.09,768.0,BUD
2024-07-11 12:38:00,61.06,61.075,61.06,61.075,1244.0,BUD
2024-07-11 12:37:00,61.05,61.055,61.05,61.055,552.0,BUD
2024-07-11 12:36:00,61.065,61.065,61.06,61.06,1079.0,BUD
2024-07-11 12:35:00,61.075,61.075,61.06,61.06,2177.0,BUD
2024-07-11 12:34:00,61.098,61.098,61.08,61.08,1407.0,BUD
2024-07-11 12:33:00,61.093,61.093,61.093,61.093,105.0,BUD
2024-07-11 12:32:00,61.07,61.095,61.07,61.095,2165.0,BUD
2024-07-11 12:31:00,61.06,61.065,61.06,61.065,3035.0,BUD
2024-07-11 12:30:00,61.06,61.07,61.06,61.065,2957.0,BUD
2024-07-11 12:29:00,61.02,61.05,61.02,61.045,5084.0,BUD
2024-07-11 12:28:00,61.01,61.015,61.01,61.013,2871.0,BUD
2024-07-11 12:27:00,61.01,61.01,61.005,61.005,528.0,BUD
2024-07-11 12:26:00,61.015,61.015,61.01,61.01,635.0,BUD
2024-07-11 12:25:00,61.01,61.015,61.01,61.015,1249.0,BUD
2024-07-11 12:24:00,61.025,61.025,61.015,61.015,719.0,BUD
2024-07-11 12:23:00,61.025,61.03,61.025,61.03,294.0,BUD
2024-07-11 12:22:00,61.022,61.022,61.022,61.022,684.0,BUD
2024-07-11 12:21:00,61.04,61.05,61.04,61.04,1653.0,BUD
2024-07-11 12:20:00,61.035,61.038,61.03,61.038,726.0,BUD
2024-07-11 12:19:00,61.04,61.04,61.03,61.03,612.0,BUD
2024-07-11 12:18:00,61.075,61.075,61.03,61.03,3635.0,BUD
2024-07-11 12:17:00,61.1,61.1,61.08,61.08,1956.0,BUD
2024-07-11 12:16:00,61.1,61.1,61.1,61.1,642.0,BUD
2024-07-11 12:14:00,61.09,61.09,61.09,61.09,1435.0,BUD
2024-07-11 12:13:00,61.08,61.08,61.08,61.08,319.0,BUD
2024-07-11 12:12:00,61.135,61.135,61.08,61.08,2579.0,BUD
2024-07-11 12:11:00,61.12,61.123,61.12,61.123,342.0,BUD
2024-07-11 12:10:00,61.13,61.13,61.13,61.13,326.0,BUD
2024-07-11 12:09:00,61.135,61.14,61.135,61.14,1116.0,BUD
2024-07-11 12:08:00,61.12,61.14,61.12,61.14,2344.0,BUD
2024-07-11 12:07:00,61.101,61.13,61.101,61.13,2978.0,BUD
2024-07-11 12:06:00,61.1,61.1,61.1,61.1,335.0,BUD
2024-07-11 12:05:00,61.13,61.13,61.12,61.12,1783.0,BUD
2024-07-11 12:04:00,61.11,61.14,61.11,61.12,6043.0,BUD
2024-07-11 12:03:00,61.1,61.105,61.1,61.1,1360.0,BUD
2024-07-11 12:02:00,61.12,61.12,61.11,61.11,888.0,BUD
2024-07-11 12:01:00,61.12,61.12,61.12,61.12,1283.0,BUD
2024-07-11 12:00:00,61.15,61.15,61.11,61.11,1299.0,BUD
2024-07-11 11:59:00,61.155,61.16,61.15,61.15,1291.0,BUD
2024-07-11 11:58:00,61.16,61.16,61.16,61.16,530.0,BUD
2024-07-11 11:57:00,61.155,61.155,61.155,61.155,459.0,BUD
2024-07-11 11:56:00,61.14,61.145,61.13,61.145,3753.0,BUD
2024-07-11 11:55:00,61.13,61.13,61.13,61.13,442.0,BUD
2024-07-11 11:54:00,61.13,61.135,61.13,61.135,1353.0,BUD
2024-07-11 11:53:00,61.11,61.135,61.11,61.135,2808.0,BUD
2024-07-11 11:52:00,61.116,61.116,61.116,61.116,663.0,BUD
2024-07-11 11:51:00,61.105,61.11,61.105,61.109,574.0,BUD
2024-07-11 11:50:00,61.11,61.111,61.11,61.11,1569.0,BUD
2024-07-11 11:49:00,61.12,61.12,61.115,61.115,561.0,BUD
2024-07-11 11:48:00,61.135,61.135,61.135,61.135,452.0,BUD
2024-07-11 11:47:00,61.155,61.155,61.14,61.145,1221.0,BUD
2024-07-11 11:46:00,61.14,61.16,61.14,61.16,1969.0,BUD
2024-07-11 11:45:00,61.125,61.14,61.125,61.135,1388.0,BUD
2024-07-11 11:44:00,61.135,61.135,61.11,61.12,1831.0,BUD
2024-07-11 11:43:00,61.15,61.15,61.14,61.145,1403.0,BUD
2024-07-11 11:42:00,61.105,61.13,61.09,61.13,2632.0,BUD
2024-07-11 11:41:00,61.105,61.105,61.105,61.105,455.0,BUD
2024-07-11 11:40:00,61.1,61.11,61.1,61.105,1015.0,BUD
2024-07-11 11:39:00,61.09,61.1,61.09,61.09,2777.0,BUD
2024-07-11 11:38:00,61.09,61.09,61.08,61.09,1349.0,BUD
2024-07-11 11:37:00,61.09,61.1,61.09,61.09,1538.0,BUD
2024-07-11 11:36:00,61.05,61.09,61.05,61.09,3476.0,BUD
2024-07-11 11:35:00,61.07,61.07,61.04,61.04,15160.0,BUD
2024-07-11 11:34:00,61.125,61.125,61.08,61.08,16986.0,BUD
2024-07-11 11:33:00,61.12,61.125,61.12,61.125,2286.0,BUD
2024-07-11 11:32:00,61.12,61.12,61.11,61.12,1061.0,BUD
2024-07-11 11:31:00,61.14,61.14,61.12,61.12,4330.0,BUD
2024-07-11 11:30:00,61.155,61.155,61.13,61.13,3161.0,BUD
2024-07-11 11:29:00,61.15,61.15,61.15,61.15,426.0,BUD
2024-07-11 11:28:00,61.15,61.15,61.15,61.15,613.0,BUD
2024-07-11 11:27:00,61.15,61.16,61.15,61.16,1279.0,BUD
2024-07-11 11:26:00,61.12,61.15,61.12,61.15,1908.0,BUD
2024-07-11 11:25:00,61.13,61.13,61.12,61.12,428.0,BUD
2024-07-11 11:24:00,61.125,61.13,61.12,61.12,1897.0,BUD
2024-07-11 11:23:00,61.16,61.16,61.13,61.13,2857.0,BUD
2024-07-11 11:22:00,61.18,61.19,61.16,61.16,2973.0,BUD
2024-07-11 11:21:00,61.19,61.195,61.18,61.185,1457.0,BUD
2024-07-11 11:20:00,61.2,61.205,61.195,61.195,8284.0,BUD
2024-07-11 11:19:00,61.2,61.21,61.194,61.2,1958.0,BUD
2024-07-11 11:18:00,61.185,61.2,61.175,61.2,4163.0,BUD
2024-07-11 11:17:00,61.19,61.2,61.18,61.19,1800.0,BUD
2024-07-11 11:16:00,61.2,61.21,61.2,61.2,2777.0,BUD
2024-07-11 11:15:00,61.22,61.22,61.165,61.19,4711.0,BUD
2024-07-11 11:14:00,61.235,61.24,61.22,61.22,1462.0,BUD
2024-07-11 11:13:00,61.25,61.25,61.23,61.23,2161.0,BUD
2024-07-11 11:12:00,61.26,61.27,61.26,61.26,2487.0,BUD
2024-07-11 11:11:00,61.25,61.25,61.25,61.25,711.0,BUD
2024-07-11 11:10:00,61.26,61.275,61.26,61.26,1018.0,BUD
2024-07-11 11:09:00,61.23,61.25,61.22,61.25,3226.0,BUD
2024-07-11 11:08:00,61.2,61.235,61.2,61.235,2177.0,BUD
2024-07-11 11:07:00,61.195,61.195,61.195,61.195,530.0,BUD
2024-07-11 11:06:00,61.194,61.195,61.17,61.18,1856.0,BUD
2024-07-11 11:05:00,61.18,61.2,61.17,61.2,1485.0,BUD
2024-07-11 11:04:00,61.14,61.16,61.14,61.16,2331.0,BUD
2024-07-11 11:03:00,61.16,61.175,61.135,61.145,4258.0,BUD
2024-07-11 11:02:00,61.195,61.195,61.19,61.19,964.0,BUD
2024-07-11 11:01:00,61.25,61.25,61.185,61.185,2541.0,BUD
2024-07-11 11:00:00,61.29,61.29,61.245,61.25,2397.0,BUD
2024-07-11 10:59:00,61.29,61.29,61.28,61.29,1697.0,BUD
2024-07-11 10:58:00,61.29,61.3,61.29,61.29,1400.0,BUD
2024-07-11 10:57:00,61.28,61.29,61.27,61.29,1352.0,BUD
2024-07-11 10:56:00,61.28,61.28,61.265,61.275,1789.0,BUD
2024-07-11 10:55:00,61.28,61.29,61.27,61.29,2599.0,BUD
2024-07-11 10:54:00,61.31,61.315,61.285,61.285,1534.0,BUD
2024-07-11 10:53:00,61.325,61.325,61.31,61.31,2286.0,BUD
2024-07-11 10:52:00,61.35,61.365,61.34,61.34,2704.0,BUD
2024-07-11 10:51:00,61.345,61.35,61.345,61.345,461.0,BUD
2024-07-11 10:50:00,61.36,61.38,61.36,61.36,2599.0,BUD
2024-07-11 10:49:00,61.345,61.36,61.345,61.355,3359.0,BUD
2024-07-11 10:48:00,61.33,61.36,61.32,61.36,2481.0,BUD
2024-07-11 10:47:00,61.32,61.33,61.32,61.33,2207.0,BUD
2024-07-11 10:46:00,61.28,61.3,61.27,61.3,3529.0,BUD
2024-07-11 10:45:00,61.285,61.3,61.285,61.3,1028.0,BUD
2024-07-11 10:44:00,61.29,61.295,61.285,61.29,4862.0,BUD
2024-07-11 10:43:00,61.27,61.31,61.27,61.3,4104.0,BUD
2024-07-11 10:42:00,61.26,61.26,61.26,61.26,606.0,BUD
2024-07-11 10:41:00,61.295,61.295,61.25,61.25,2243.0,BUD
2024-07-11 10:40:00,61.31,61.315,61.29,61.31,2341.0,BUD
2024-07-11 10:39:00,61.31,61.31,61.29,61.31,1818.0,BUD
2024-07-11 10:38:00,61.29,61.3,61.29,61.3,382.0,BUD
2024-07-11 10:37:00,61.26,61.29,61.26,61.29,5520.0,BUD
2024-07-11 10:36:00,61.26,61.27,61.245,61.245,1789.0,BUD
2024-07-11 10:35:00,61.26,61.26,61.25,61.25,2070.0,BUD
2024-07-11 10:34:00,61.28,61.295,61.28,61.28,2017.0,BUD
2024-07-11 10:33:00,61.285,61.3,61.285,61.29,1030.0,BUD
2024-07-11 10:32:00,61.26,61.29,61.26,61.285,772.0,BUD
2024-07-11 10:31:00,61.28,61.285,61.24,61.24,4029.0,BUD
2024-07-11 10:30:00,61.235,61.26,61.235,61.26,5201.0,BUD
2024-07-11 10:29:00,61.25,61.26,61.24,61.24,5718.0,BUD
2024-07-11 10:28:00,61.215,61.26,61.205,61.25,4754.0,BUD
2024-07-11 10:27:00,61.22,61.24,61.22,61.225,1602.0,BUD
2024-07-11 10:26:00,61.205,61.24,61.205,61.24,1217.0,BUD
2024-07-11 10:25:00,61.165,61.22,61.16,61.22,2188.0,BUD
2024-07-11 10:24:00,61.215,61.215,61.2,61.2,903.0,BUD
2024-07-11 10:23:00,61.229,61.229,61.22,61.22,588.0,BUD
2024-07-11 10:22:00,61.18,61.22,61.18,61.22,2473.0,BUD
2024-07-11 10:21:00,61.21,61.23,61.18,61.18,4272.0,BUD
2024-07-11 10:20:00,61.17,61.23,61.17,61.22,6181.0,BUD
2024-07-11 10:19:00,61.19,61.19,61.17,61.17,820.0,BUD
2024-07-11 10:18:00,61.255,61.26,61.19,61.19,4921.0,BUD
2024-07-11 10:17:00,61.27,61.27,61.251,61.26,1596.0,BUD
2024-07-11 10:16:00,61.27,61.27,61.26,61.264,1036.0,BUD
2024-07-11 10:15:00,61.25,61.27,61.245,61.265,1639.0,BUD
2024-07-11 10:14:00,61.26,61.26,61.24,61.24,3654.0,BUD
2024-07-11 10:13:00,61.31,61.31,61.245,61.245,2073.0,BUD
2024-07-11 10:12:00,61.32,61.33,61.31,61.31,1218.0,BUD
2024-07-11 10:11:00,61.325,61.34,61.315,61.315,2251.0,BUD
2024-07-11 10:10:00,61.26,61.31,61.26,61.31,1349.0,BUD
2024-07-11 10:09:00,61.24,61.256,61.24,61.256,3788.0,BUD
2024-07-11 10:08:00,61.23,61.26,61.23,61.233,2468.0,BUD
2024-07-11 10:07:00,61.235,61.245,61.22,61.23,4237.0,BUD
2024-07-11 10:06:00,61.21,61.23,61.2,61.23,2447.0,BUD
2024-07-11 10:05:00,61.21,61.215,61.195,61.195,1397.0,BUD
2024-07-11 10:04:00,61.21,61.22,61.19,61.2,4861.0,BUD
2024-07-11 10:03:00,61.22,61.235,61.22,61.23,1824.0,BUD
2024-07-11 10:02:00,61.16,61.18,61.16,61.18,688.0,BUD
2024-07-11 10:01:00,61.165,61.18,61.16,61.17,2676.0,BUD
2024-07-11 10:00:00,61.13,61.15,61.13,61.145,2353.0,BUD
2024-07-11 09:59:00,61.135,61.155,61.11,61.11,5689.0,BUD
2024-07-11 09:57:00,61.11,61.11,61.1,61.1,1250.0,BUD
2024-07-11 09:56:00,61.13,61.13,61.08,61.08,2815.0,BUD
2024-07-11 09:55:00,61.145,61.145,61.145,61.145,356.0,BUD
2024-07-11 09:54:00,61.1,61.13,61.1,61.13,1512.0,BUD
2024-07-11 09:53:00,61.11,61.11,61.11,61.11,649.0,BUD
2024-07-11 09:52:00,61.1,61.1,61.1,61.1,2043.0,BUD
2024-07-11 09:51:00,61.07,61.09,61.07,61.09,366.0,BUD
2024-07-11 09:50:00,61.07,61.07,61.07,61.07,247.0,BUD
2024-07-11 09:49:00,61.08,61.08,61.07,61.07,779.0,BUD
2024-07-11 09:48:00,61.06,61.09,61.05,61.09,4270.0,BUD
2024-07-11 09:47:00,61.06,61.07,61.04,61.07,2462.0,BUD
2024-07-11 09:46:00,61.06,61.06,61.05,61.05,1481.0,BUD
2024-07-11 09:45:00,61.03,61.06,61.03,61.06,1567.0,BUD
2024-07-11 09:44:00,61.04,61.045,61.02,61.02,1405.0,BUD
2024-07-11 09:43:00,61.0,61.03,61.0,61.03,292.0,BUD
2024-07-11 09:42:00,61.0,61.02,61.0,61.01,1892.0,BUD
2024-07-11 09:41:00,60.98,61.0,60.97,61.0,2633.0,BUD
2024-07-11 09:40:00,60.95,60.96,60.93,60.96,2532.0,BUD
2024-07-11 09:39:00,60.93,60.94,60.93,60.94,2555.0,BUD
2024-07-11 09:38:00,60.945,60.955,60.93,60.95,2737.0,BUD
2024-07-11 09:37:00,60.94,60.95,60.935,60.935,3056.0,BUD
2024-07-11 09:36:00,60.94,60.94,60.94,60.94,330.0,BUD
2024-07-11 09:35:00,61.01,61.01,60.975,60.975,405.0,BUD
2024-07-11 09:34:00,61.01,61.03,60.97,60.995,2277.0,BUD
2024-07-11 09:33:00,60.98,61.03,60.98,60.98,4589.0,BUD
2024-07-11 09:32:00,61.045,61.045,60.97,60.98,1903.0,BUD
2024-07-11 09:31:00,60.93,61.045,60.93,61.04,6876.0,BUD
2024-07-11 09:30:00,60.99,61.03,60.83,60.91,46262.0,BUD
2024-07-11 09:29:00,61.02,61.02,61.02,61.02,10.0,BUD
2024-07-11 09:28:00,61.0,61.0,61.0,61.0,6.0,BUD
2024-07-11 09:26:00,61.02,61.02,61.02,61.02,29.0,BUD
2024-07-11 09:25:00,61.06,61.06,61.05,61.06,50.0,BUD
2024-07-11 09:24:00,61.04,61.08,61.04,61.08,239.0,BUD
2024-07-11 09:20:00,61.02,61.02,61.02,61.02,200.0,BUD
2024-07-11 09:17:00,61.05,61.05,61.05,61.05,25.0,BUD
2024-07-11 09:15:00,60.98,60.98,60.98,60.98,15.0,BUD
2024-07-11 09:12:00,61.0,61.0,61.0,61.0,100.0,BUD
2024-07-11 09:11:00,61.05,61.05,61.05,61.05,1.0,BUD
2024-07-11 09:09:00,61.05,61.05,61.05,61.05,119.0,BUD
2024-07-11 09:08:00,61.06,61.06,61.06,61.06,42.0,BUD
2024-07-11 09:07:00,61.06,61.06,61.06,61.06,200.0,BUD
2024-07-11 09:05:00,60.98,61.0,60.98,61.0,7683.0,BUD
2024-07-11 09:01:00,60.94,60.94,60.92,60.92,91.0,BUD
2024-07-11 09:00:00,60.95,60.98,60.94,60.98,380.0,BUD
2024-07-11 08:59:00,61.0,61.0,61.0,61.0,15.0,BUD
2024-07-11 08:58:00,61.0,61.01,61.0,61.0,2126.0,BUD
2024-07-11 08:57:00,61.0,61.0,60.98,61.0,416.0,BUD
2024-07-11 08:53:00,61.07,61.1,61.06,61.1,575.0,BUD
2024-07-11 08:52:00,61.12,61.12,61.12,61.12,100.0,BUD
2024-07-11 08:50:00,61.19,61.19,61.16,61.16,1194.0,BUD
2024-07-11 08:49:00,61.18,61.18,61.13,61.17,1858.0,BUD
2024-07-11 08:48:00,61.22,61.22,61.19,61.19,220.0,BUD
2024-07-11 08:47:00,61.202,61.202,61.202,61.202,7.0,BUD
2024-07-11 08:46:00,61.16,61.22,61.16,61.22,151.0,BUD
2024-07-11 08:45:00,61.219,61.219,61.2,61.2,202.0,BUD
2024-07-11 08:44:00,61.25,61.26,61.25,61.25,740.0,BUD
2024-07-11 08:43:00,61.2,61.21,61.2,61.21,637.0,BUD
2024-07-11 08:41:00,61.13,61.18,61.13,61.17,787.0,BUD
2024-07-11 08:40:00,61.13,61.13,61.1,61.1,184.0,BUD
2024-07-11 08:37:00,61.13,61.13,61.13,61.13,5.0,BUD
2024-07-11 08:36:00,61.12,61.12,61.12,61.12,61.0,BUD
2024-07-11 08:34:00,61.24,61.25,61.21,61.24,168.0,BUD
2024-07-11 08:33:00,61.18,61.22,61.18,61.22,343.0,BUD
2024-07-11 08:32:00,61.07,61.07,61.07,61.07,100.0,BUD
2024-07-11 08:31:00,61.04,61.04,61.02,61.03,93.0,BUD
2024-07-11 08:30:00,60.79,61.03,60.79,61.03,971.0,BUD
2024-07-11 08:27:00,60.66,60.66,60.66,60.66,200.0,BUD
2024-07-11 08:26:00,60.67,60.67,60.66,60.66,4.0,BUD
2024-07-11 08:25:00,60.65,60.66,60.65,60.65,53.0,BUD
2024-07-11 08:23:00,60.69,60.69,60.69,60.69,100.0,BUD
2024-07-11 08:21:00,60.71,60.71,60.71,60.71,485.0,BUD
2024-07-11 08:20:00,60.71,60.71,60.71,60.71,510.0,BUD
2024-07-11 08:19:00,60.71,60.71,60.71,60.71,5.0,BUD
2024-07-11 08:13:00,60.73,60.73,60.73,60.73,38.0,BUD
2024-07-11 08:08:00,60.77,60.77,60.77,60.77,200.0,BUD
2024-07-11 08:05:00,60.74,60.75,60.74,60.75,25.0,BUD
2024-07-11 08:03:00,60.36,60.75,60.36,60.75,33.0,BUD
2024-07-11 08:02:00,60.68,60.68,60.68,60.68,50.0,BUD
2024-07-11 08:00:00,60.78,60.78,60.29,60.29,5.0,BUD
2024-07-11 07:53:00,60.74,60.74,60.74,60.74,10.0,BUD
2024-07-11 07:51:00,60.71,60.71,60.71,60.71,19.0,BUD
2024-07-11 07:39:00,60.68,60.68,60.68,60.68,1.0,BUD
2024-07-11 07:26:00,60.72,60.72,60.7,60.7,8.0,BUD
2024-07-11 07:00:00,60.75,60.75,60.75,60.75,26.0,BUD
2024-07-11 06:58:00,60.76,60.76,60.76,60.76,5.0,BUD
2024-07-11 06:46:00,60.73,60.73,60.73,60.73,15.0,BUD
2024-07-11 06:38:00,60.73,60.73,60.73,60.73,10.0,BUD
2024-07-11 06:24:00,60.71,60.71,60.71,60.71,200.0,BUD
2024-07-11 06:23:00,60.72,60.72,60.72,60.72,224.0,BUD
2024-07-11 06:22:00,60.7,60.7,60.7,60.7,18.0,BUD
2024-07-11 06:21:00,60.72,60.72,60.72,60.72,200.0,BUD
2024-07-11 06:20:00,60.67,60.7,60.67,60.7,468.0,BUD
2024-07-11 06:16:00,60.65,60.68,60.65,60.68,111.0,BUD
2024-07-11 06:15:00,60.65,60.65,60.65,60.65,318.0,BUD
2024-07-11 06:14:00,60.65,60.65,60.65,60.65,3.0,BUD
2024-07-11 06:13:00,60.68,60.68,60.65,60.65,1568.0,BUD
2024-07-11 06:01:00,60.73,60.73,60.73,60.73,5.0,BUD
2024-07-11 05:46:00,60.67,60.67,60.65,60.65,200.0,BUD
2024-07-11 05:35:00,60.6,60.6,60.6,60.6,2.0,BUD
2024-07-11 04:00:00,60.5,60.5,60.5,60.5,100.0,BUD
2024-07-10 19:17:00,59.85,59.85,59.85,59.85,2.0,BUD
2024-07-10 19:16:00,60.5,60.5,60.5,60.5,3.0,BUD
2024-07-10 19:00:00,60.29,60.29,60.29,60.29,81341.0,BUD
2024-07-10 18:44:00,60.5,60.5,60.5,60.5,34.0,BUD
2024-07-10 18:30:00,60.29,60.29,60.29,60.29,81341.0,BUD
2024-07-10 18:17:00,60.5,60.5,60.5,60.5,1.0,BUD
2024-07-10 17:52:00,60.22,60.23,60.22,60.23,10.0,BUD
2024-07-10 17:40:00,60.5,60.5,60.5,60.5,1.0,BUD
2024-07-10 17:36:00,60.12,60.12,60.12,60.12,1.0,BUD
2024-07-10 17:34:00,59.79,59.79,59.79,59.79,10.0,BUD
2024-07-10 17:32:00,60.23,60.23,60.23,60.23,1.0,BUD
2024-07-10 17:16:00,60.22,60.22,60.22,60.22,1.0,BUD
2024-07-10 17:02:00,60.29,60.29,60.29,60.29,22726.0,BUD
2024-07-10 16:50:00,60.49,60.49,60.49,60.49,3.0,BUD
2024-07-10 16:31:00,59.55,59.55,59.55,59.55,20.0,BUD
2024-07-10 16:29:00,59.55,59.55,59.55,59.55,1.0,BUD
2024-07-10 16:20:00,59.55,59.55,59.55,59.55,3.0,BUD
2024-07-10 16:13:00,60.1,60.1,60.1,60.1,1000.0,BUD
2024-07-10 16:10:00,60.29,60.29,60.29,60.29,81341.0,BUD
2024-07-10 16:09:00,60.5,60.5,60.5,60.5,1.0,BUD
2024-07-10 16:08:00,60.1,60.1,60.1,60.1,10.0,BUD
2024-07-10 16:02:00,60.49,60.49,60.49,60.49,25.0,BUD
2024-07-10 16:01:00,60.29,60.29,60.29,60.29,678.0,BUD
2024-07-10 16:00:00,60.29,60.29,60.29,60.29,169363.0,BUD
2024-07-10 15:59:00,60.315,60.32,60.28,60.29,20702.0,BUD
2024-07-10 15:58:00,60.315,60.32,60.3,60.31,36653.0,BUD
2024-07-10 15:57:00,60.315,60.32,60.315,60.315,6627.0,BUD
2024-07-10 15:56:00,60.32,60.325,60.3,60.315,30814.0,BUD
2024-07-10 15:55:00,60.315,60.315,60.295,60.31,15958.0,BUD
2024-07-10 15:54:00,60.31,60.32,60.306,60.32,12395.0,BUD
2024-07-10 15:53:00,60.3,60.31,60.295,60.305,9598.0,BUD
2024-07-10 15:52:00,60.28,60.305,60.28,60.305,4296.0,BUD
2024-07-10 15:51:00,60.265,60.3,60.265,60.275,13782.0,BUD
2024-07-10 15:50:00,60.23,60.265,60.23,60.265,7932.0,BUD
2024-07-10 15:49:00,60.225,60.235,60.225,60.235,3744.0,BUD
2024-07-10 15:48:00,60.21,60.23,60.21,60.222,15136.0,BUD
2024-07-10 15:47:00,60.21,60.215,60.21,60.215,1292.0,BUD
2024-07-10 15:46:00,60.23,60.23,60.22,60.22,16203.0,BUD
2024-07-10 15:45:00,60.21,60.23,60.205,60.23,4180.0,BUD
2024-07-10 15:44:00,60.21,60.21,60.205,60.21,10523.0,BUD
2024-07-10 15:43:00,60.215,60.215,60.21,60.21,4100.0,BUD
2024-07-10 15:42:00,60.22,60.23,60.21,60.21,4418.0,BUD
2024-07-10 15:41:00,60.225,60.225,60.22,60.225,3036.0,BUD
2024-07-10 15:40:00,60.235,60.235,60.225,60.23,4813.0,BUD
2024-07-10 15:39:00,60.24,60.24,60.235,60.235,3299.0,BUD
2024-07-10 15:38:00,60.241,60.241,60.24,60.24,4169.0,BUD
2024-07-10 15:37:00,60.24,60.25,60.24,60.24,1784.0,BUD
2024-07-10 15:36:00,60.24,60.241,60.24,60.24,727.0,BUD
2024-07-10 15:35:00,60.25,60.25,60.24,60.24,2045.0,BUD
2024-07-10 15:34:00,60.25,60.25,60.25,60.25,923.0,BUD
2024-07-10 15:33:00,60.25,60.265,60.25,60.25,9690.0,BUD
2024-07-10 15:32:00,60.225,60.25,60.225,60.245,3955.0,BUD
2024-07-10 15:31:00,60.225,60.225,60.225,60.225,669.0,BUD
2024-07-10 15:30:00,60.245,60.245,60.22,60.22,11233.0,BUD
2024-07-10 15:29:00,60.245,60.25,60.245,60.245,1356.0,BUD
2024-07-10 15:28:00,60.245,60.245,60.245,60.245,2259.0,BUD
2024-07-10 15:27:00,60.245,60.245,60.245,60.245,953.0,BUD
2024-07-10 15:26:00,60.245,60.245,60.24,60.245,3125.0,BUD
2024-07-10 15:25:00,60.25,60.25,60.24,60.245,3509.0,BUD
2024-07-10 15:24:00,60.245,60.245,60.245,60.245,455.0,BUD
2024-07-10 15:23:00,60.25,60.255,60.245,60.245,4526.0,BUD
2024-07-10 15:22:00,60.235,60.24,60.231,60.24,2710.0,BUD
2024-07-10 15:21:00,60.245,60.245,60.235,60.235,4558.0,BUD
2024-07-10 15:20:00,60.245,60.25,60.24,60.25,1502.0,BUD
2024-07-10 15:19:00,60.25,60.25,60.24,60.24,5017.0,BUD
2024-07-10 15:18:00,60.235,60.25,60.23,60.25,5796.0,BUD
2024-07-10 15:17:00,60.235,60.24,60.23,60.24,1745.0,BUD
2024-07-10 15:16:00,60.235,60.235,60.23,60.23,1152.0,BUD
2024-07-10 15:15:00,60.235,60.235,60.23,60.235,2094.0,BUD
2024-07-10 15:14:00,60.235,60.235,60.23,60.235,716.0,BUD
2024-07-10 15:13:00,60.235,60.235,60.232,60.235,1187.0,BUD
2024-07-10 15:11:00,60.232,60.235,60.23,60.23,1207.0,BUD
2024-07-10 15:10:00,60.24,60.25,60.235,60.235,11227.0,BUD
2024-07-10 15:09:00,60.23,60.25,60.23,60.245,3245.0,BUD
2024-07-10 15:08:00,60.22,60.23,60.215,60.23,1114.0,BUD
2024-07-10 15:07:00,60.22,60.22,60.215,60.215,836.0,BUD
2024-07-10 15:06:00,60.22,60.22,60.215,60.215,3229.0,BUD
2024-07-10 15:05:00,60.22,60.22,60.215,60.215,919.0,BUD
2024-07-10 15:04:00,60.22,60.22,60.215,60.22,1031.0,BUD
2024-07-10 15:03:00,60.21,60.22,60.21,60.22,3473.0,BUD
2024-07-10 15:02:00,60.205,60.205,60.205,60.205,403.0,BUD
2024-07-10 15:01:00,60.2,60.205,60.2,60.205,617.0,BUD
2024-07-10 15:00:00,60.2,60.21,60.2,60.205,2663.0,BUD
2024-07-10 14:59:00,60.19,60.205,60.19,60.195,3230.0,BUD
2024-07-10 14:58:00,60.18,60.187,60.18,60.187,1288.0,BUD
2024-07-10 14:57:00,60.18,60.18,60.175,60.175,1993.0,BUD
2024-07-10 14:56:00,60.21,60.21,60.185,60.185,8186.0,BUD
2024-07-10 14:55:00,60.2,60.21,60.195,60.21,2247.0,BUD
2024-07-10 14:54:00,60.2,60.2,60.195,60.2,504.0,BUD
2024-07-10 14:53:00,60.195,60.195,60.195,60.195,548.0,BUD
2024-07-10 14:52:00,60.2,60.2,60.195,60.195,573.0,BUD
2024-07-10 14:51:00,60.195,60.2,60.192,60.195,2631.0,BUD
2024-07-10 14:50:00,60.195,60.195,60.195,60.195,389.0,BUD
2024-07-10 14:49:00,60.192,60.195,60.192,60.195,747.0,BUD
2024-07-10 14:48:00,60.2,60.2,60.2,60.2,2219.0,BUD
2024-07-10 14:47:00,60.205,60.21,60.195,60.195,5628.0,BUD
2024-07-10 14:46:00,60.19,60.205,60.19,60.205,2037.0,BUD
2024-07-10 14:45:00,60.19,60.19,60.18,60.19,996.0,BUD
2024-07-10 14:44:00,60.19,60.19,60.18,60.185,1033.0,BUD
2024-07-10 14:43:00,60.185,60.19,60.18,60.19,2068.0,BUD
2024-07-10 14:42:00,60.185,60.185,60.185,60.185,360.0,BUD
2024-07-10 14:41:00,60.18,60.185,60.18,60.185,974.0,BUD
2024-07-10 14:40:00,60.175,60.175,60.175,60.175,803.0,BUD
2024-07-10 14:39:00,60.18,60.184,60.18,60.18,936.0,BUD
2024-07-10 14:37:00,60.19,60.19,60.185,60.185,2480.0,BUD
2024-07-10 14:35:00,60.2,60.21,60.195,60.195,5614.0,BUD
2024-07-10 14:34:00,60.2,60.2,60.195,60.195,1056.0,BUD
2024-07-10 14:33:00,60.2,60.2,60.195,60.2,644.0,BUD
2024-07-10 14:32:00,60.185,60.19,60.185,60.19,1484.0,BUD
2024-07-10 14:31:00,60.17,60.185,60.17,60.185,1747.0,BUD
2024-07-10 14:30:00,60.165,60.165,60.165,60.165,879.0,BUD
2024-07-10 14:29:00,60.16,60.16,60.16,60.16,526.0,BUD
2024-07-10 14:28:00,60.175,60.175,60.16,60.165,3420.0,BUD
2024-07-10 14:27:00,60.16,60.17,60.16,60.17,3812.0,BUD
2024-07-10 14:26:00,60.15,60.15,60.14,60.15,2151.0,BUD
2024-07-10 14:24:00,60.15,60.155,60.15,60.155,1065.0,BUD
2024-07-10 14:23:00,60.17,60.17,60.15,60.15,4936.0,BUD
2024-07-10 14:22:00,60.16,60.17,60.16,60.17,1690.0,BUD
2024-07-10 14:21:00,60.155,60.16,60.155,60.16,246.0,BUD
2024-07-10 14:19:00,60.155,60.155,60.155,60.155,495.0,BUD
2024-07-10 14:18:00,60.165,60.165,60.155,60.155,594.0,BUD
2024-07-10 14:17:00,60.16,60.16,60.16,60.16,1968.0,BUD
2024-07-10 14:16:00,60.17,60.17,60.165,60.17,2049.0,BUD
2024-07-10 14:15:00,60.165,60.17,60.165,60.17,1380.0,BUD
2024-07-10 14:14:00,60.165,60.17,60.165,60.17,603.0,BUD
2024-07-10 14:13:00,60.17,60.18,60.165,60.165,4386.0,BUD
2024-07-10 14:12:00,60.16,60.165,60.16,60.165,1314.0,BUD
2024-07-10 14:11:00,60.155,60.155,60.155,60.155,508.0,BUD
2024-07-10 14:10:00,60.155,60.155,60.15,60.15,2279.0,BUD
2024-07-10 14:09:00,60.155,60.155,60.155,60.155,574.0,BUD
2024-07-10 14:08:00,60.15,60.15,60.15,60.15,957.0,BUD
2024-07-10 14:07:00,60.16,60.16,60.16,60.16,894.0,BUD
2024-07-10 14:06:00,60.165,60.165,60.145,60.15,2339.0,BUD
2024-07-10 14:05:00,60.17,60.17,60.165,60.165,1149.0,BUD
2024-07-10 14:04:00,60.17,60.17,60.17,60.17,1043.0,BUD
2024-07-10 14:03:00,60.19,60.19,60.175,60.175,3692.0,BUD
2024-07-10 14:02:00,60.175,60.18,60.175,60.18,846.0,BUD
2024-07-10 14:01:00,60.18,60.185,60.18,60.18,916.0,BUD
2024-07-10 14:00:00,60.205,60.205,60.175,60.175,3965.0,BUD
2024-07-10 13:59:00,60.205,60.205,60.205,60.205,402.0,BUD
2024-07-10 13:57:00,60.195,60.2,60.19,60.2,1564.0,BUD
2024-07-10 13:56:00,60.195,60.195,60.195,60.195,348.0,BUD
2024-07-10 13:55:00,60.2,60.2,60.19,60.195,1036.0,BUD
2024-07-10 13:54:00,60.21,60.21,60.2,60.2,1495.0,BUD
2024-07-10 13:53:00,60.21,60.21,60.21,60.21,1519.0,BUD
2024-07-10 13:52:00,60.19,60.205,60.185,60.205,1963.0,BUD
2024-07-10 13:51:00,60.2,60.2,60.195,60.198,1119.0,BUD
2024-07-10 13:50:00,60.21,60.21,60.2,60.2,1832.0,BUD
2024-07-10 13:49:00,60.22,60.22,60.215,60.215,753.0,BUD
2024-07-10 13:48:00,60.225,60.225,60.22,60.22,1067.0,BUD
2024-07-10 13:47:00,60.235,60.235,60.22,60.22,3035.0,BUD
2024-07-10 13:46:00,60.22,60.24,60.22,60.235,3121.0,BUD
2024-07-10 13:44:00,60.21,60.22,60.21,60.219,1213.0,BUD
2024-07-10 13:43:00,60.22,60.22,60.21,60.21,1412.0,BUD
2024-07-10 13:42:00,60.212,60.22,60.21,60.22,1967.0,BUD
2024-07-10 13:41:00,60.195,60.21,60.19,60.21,2922.0,BUD
2024-07-10 13:40:00,60.18,60.215,60.18,60.195,4365.0,BUD
2024-07-10 13:39:00,60.16,60.16,60.16,60.16,408.0,BUD
2024-07-10 13:38:00,60.184,60.184,60.145,60.15,5653.0,BUD
2024-07-10 13:37:00,60.15,60.185,60.15,60.185,1554.0,BUD
2024-07-10 13:36:00,60.144,60.145,60.144,60.145,410.0,BUD
2024-07-10 13:35:00,60.18,60.18,60.15,60.15,1270.0,BUD
2024-07-10 13:34:00,60.17,60.195,60.17,60.19,2427.0,BUD
2024-07-10 13:33:00,60.18,60.18,60.145,60.16,22275.0,BUD
2024-07-10 13:32:00,60.18,60.18,60.18,60.18,190.0,BUD
2024-07-10 13:31:00,60.195,60.195,60.185,60.185,1592.0,BUD
2024-07-10 13:30:00,60.195,60.195,60.195,60.195,587.0,BUD
2024-07-10 13:28:00,60.19,60.19,60.19,60.19,334.0,BUD
2024-07-10 13:27:00,60.2,60.2,60.2,60.2,1468.0,BUD
2024-07-10 13:26:00,60.2,60.205,60.19,60.205,5759.0,BUD
2024-07-10 13:25:00,60.2,60.2,60.2,60.2,1052.0,BUD
2024-07-10 13:24:00,60.23,60.23,60.205,60.205,1313.0,BUD
2024-07-10 13:23:00,60.26,60.26,60.235,60.235,2753.0,BUD
2024-07-10 13:22:00,60.27,60.27,60.265,60.265,2366.0,BUD
2024-07-10 13:21:00,60.27,60.27,60.27,60.27,352.0,BUD
2024-07-10 13:20:00,60.28,60.28,60.27,60.271,1979.0,BUD
2024-07-10 13:19:00,60.29,60.29,60.285,60.29,915.0,BUD
2024-07-10 13:18:00,60.285,60.29,60.285,60.29,478.0,BUD
2024-07-10 13:17:00,60.285,60.285,60.285,60.285,401.0,BUD
2024-07-10 13:16:00,60.285,60.285,60.28,60.285,616.0,BUD
2024-07-10 13:15:00,60.28,60.285,60.28,60.285,1333.0,BUD
2024-07-10 13:14:00,60.28,60.28,60.28,60.28,1051.0,BUD
2024-07-10 13:13:00,60.28,60.294,60.28,60.285,3081.0,BUD
2024-07-10 13:12:00,60.31,60.31,60.28,60.28,2160.0,BUD
2024-07-10 13:11:00,60.32,60.32,60.31,60.315,1512.0,BUD
2024-07-10 13:10:00,60.31,60.325,60.31,60.32,2280.0,BUD
2024-07-10 13:09:00,60.31,60.32,60.3,60.305,3650.0,BUD
2024-07-10 13:08:00,60.305,60.305,60.305,60.305,176.0,BUD
2024-07-10 13:07:00,60.3,60.305,60.3,60.3,459.0,BUD
2024-07-10 13:05:00,60.305,60.32,60.3,60.3,3926.0,BUD
2024-07-10 13:04:00,60.285,60.29,60.28,60.29,2373.0,BUD
2024-07-10 13:02:00,60.27,60.28,60.27,60.28,2438.0,BUD
2024-07-10 13:01:00,60.26,60.26,60.255,60.255,1497.0,BUD
2024-07-10 13:00:00,60.26,60.265,60.26,60.265,1109.0,BUD
2024-07-10 12:59:00,60.27,60.27,60.26,60.26,1529.0,BUD
2024-07-10 12:58:00,60.26,60.27,60.26,60.265,805.0,BUD
2024-07-10 12:57:00,60.24,60.25,60.24,60.25,778.0,BUD
2024-07-10 12:56:00,60.23,60.235,60.23,60.235,784.0,BUD
2024-07-10 12:55:00,60.25,60.25,60.24,60.24,1686.0,BUD
2024-07-10 12:54:00,60.26,60.26,60.25,60.25,1896.0,BUD
2024-07-10 12:53:00,60.245,60.26,60.245,60.255,1040.0,BUD
2024-07-10 12:52:00,60.235,60.24,60.235,60.24,1621.0,BUD
2024-07-10 12:51:00,60.23,60.23,60.23,60.23,982.0,BUD
2024-07-10 12:50:00,60.24,60.24,60.231,60.231,1438.0,BUD
2024-07-10 12:49:00,60.23,60.24,60.23,60.24,1723.0,BUD
2024-07-10 12:48:00,60.23,60.23,60.225,60.225,609.0,BUD
2024-07-10 12:47:00,60.22,60.225,60.22,60.225,907.0,BUD
2024-07-10 12:46:00,60.22,60.23,60.22,60.225,1362.0,BUD
2024-07-10 12:45:00,60.205,60.205,60.205,60.205,366.0,BUD
2024-07-10 12:44:00,60.2,60.2,60.2,60.2,549.0,BUD
2024-07-10 12:43:00,60.18,60.195,60.18,60.195,1794.0,BUD
2024-07-10 12:42:00,60.18,60.18,60.18,60.18,425.0,BUD
2024-07-10 12:41:00,60.175,60.18,60.175,60.18,2009.0,BUD
2024-07-10 12:40:00,60.18,60.18,60.17,60.175,1411.0,BUD
2024-07-10 12:39:00,60.195,60.195,60.19,60.19,2600.0,BUD
2024-07-10 12:38:00,60.195,60.195,60.195,60.195,306.0,BUD
2024-07-10 12:37:00,60.2,60.2,60.197,60.198,814.0,BUD
2024-07-10 12:36:00,60.21,60.21,60.191,60.191,2243.0,BUD
2024-07-10 12:35:00,60.21,60.215,60.21,60.21,1192.0,BUD
2024-07-10 12:33:00,60.255,60.255,60.225,60.225,2277.0,BUD
2024-07-10 12:32:00,60.25,60.25,60.235,60.25,5785.0,BUD
2024-07-10 12:31:00,60.25,60.25,60.25,60.25,299.0,BUD
2024-07-10 12:30:00,60.245,60.255,60.245,60.255,2386.0,BUD
2024-07-10 12:29:00,60.245,60.245,60.24,60.24,1018.0,BUD
2024-07-10 12:28:00,60.26,60.26,60.245,60.245,3740.0,BUD
2024-07-10 12:27:00,60.245,60.25,60.24,60.25,2033.0,BUD
2024-07-10 12:26:00,60.24,60.245,60.24,60.245,786.0,BUD
2024-07-10 12:25:00,60.245,60.245,60.235,60.235,1821.0,BUD
2024-07-10 12:24:00,60.23,60.245,60.23,60.245,1784.0,BUD
2024-07-10 12:23:00,60.23,60.231,60.23,60.231,3953.0,BUD
2024-07-10 12:22:00,60.21,60.24,60.21,60.24,1086.0,BUD
2024-07-10 12:21:00,60.2,60.21,60.2,60.21,547.0,BUD
2024-07-10 12:20:00,60.19,60.2,60.19,60.2,1008.0,BUD
2024-07-10 12:19:00,60.17,60.185,60.165,60.185,1760.0,BUD
2024-07-10 12:17:00,60.175,60.175,60.17,60.17,1793.0,BUD
2024-07-10 12:16:00,60.175,60.175,60.175,60.175,522.0,BUD
2024-07-10 12:15:00,60.155,60.175,60.155,60.175,1193.0,BUD
2024-07-10 12:14:00,60.155,60.16,60.155,60.16,398.0,BUD
2024-07-10 12:13:00,60.155,60.155,60.15,60.15,767.0,BUD
2024-07-10 12:12:00,60.165,60.175,60.15,60.15,8440.0,BUD
2024-07-10 12:11:00,60.165,60.165,60.165,60.165,719.0,BUD
2024-07-10 12:10:00,60.17,60.17,60.17,60.17,1189.0,BUD
2024-07-10 12:09:00,60.18,60.18,60.175,60.175,828.0,BUD
2024-07-10 12:08:00,60.185,60.185,60.185,60.185,936.0,BUD
2024-07-10 12:07:00,60.185,60.19,60.165,60.19,3698.0,BUD
2024-07-10 12:06:00,60.18,60.185,60.18,60.185,2257.0,BUD
2024-07-10 12:05:00,60.175,60.18,60.175,60.18,1341.0,BUD
2024-07-10 12:04:00,60.175,60.179,60.175,60.175,961.0,BUD
2024-07-10 12:03:00,60.165,60.17,60.165,60.17,753.0,BUD
2024-07-10 12:02:00,60.165,60.165,60.165,60.165,461.0,BUD
2024-07-10 12:01:00,60.185,60.185,60.165,60.17,3299.0,BUD
2024-07-10 12:00:00,60.18,60.185,60.18,60.185,2022.0,BUD
2024-07-10 11:58:00,60.185,60.19,60.185,60.185,1206.0,BUD
2024-07-10 11:57:00,60.195,60.195,60.19,60.19,2142.0,BUD
2024-07-10 11:55:00,60.19,60.2,60.19,60.195,1625.0,BUD
2024-07-10 11:54:00,60.2,60.2,60.19,60.2,3298.0,BUD
2024-07-10 11:53:00,60.195,60.195,60.195,60.195,217.0,BUD
2024-07-10 11:52:00,60.23,60.23,60.21,60.21,1279.0,BUD
2024-07-10 11:51:00,60.24,60.24,60.225,60.23,5765.0,BUD
2024-07-10 11:50:00,60.245,60.25,60.24,60.245,4781.0,BUD
2024-07-10 11:49:00,60.245,60.25,60.245,60.25,1941.0,BUD
2024-07-10 11:48:00,60.23,60.25,60.23,60.245,954.0,BUD
2024-07-10 11:47:00,60.215,60.23,60.215,60.23,1099.0,BUD
2024-07-10 11:46:00,60.2,60.215,60.2,60.215,1654.0,BUD
2024-07-10 11:44:00,60.19,60.19,60.19,60.19,685.0,BUD
2024-07-10 11:43:00,60.2,60.2,60.185,60.185,2789.0,BUD
2024-07-10 11:42:00,60.19,60.2,60.19,60.195,2214.0,BUD
2024-07-10 11:41:00,60.175,60.19,60.175,60.19,1822.0,BUD
2024-07-10 11:40:00,60.16,60.17,60.16,60.17,987.0,BUD
2024-07-10 11:39:00,60.151,60.16,60.151,60.16,872.0,BUD
2024-07-10 11:38:00,60.155,60.155,60.15,60.155,634.0,BUD
2024-07-10 11:37:00,60.155,60.155,60.155,60.155,457.0,BUD
2024-07-10 11:36:00,60.15,60.15,60.14,60.15,3181.0,BUD
2024-07-10 11:35:00,60.11,60.136,60.09,60.136,10235.0,BUD
2024-07-10 11:34:00,60.15,60.17,60.12,60.12,8881.0,BUD
2024-07-10 11:33:00,60.14,60.145,60.135,60.135,2625.0,BUD
2024-07-10 11:32:00,60.135,60.135,60.135,60.135,662.0,BUD
2024-07-10 11:31:00,60.16,60.16,60.135,60.135,4397.0,BUD
2024-07-10 11:30:00,60.16,60.16,60.16,60.16,1016.0,BUD
2024-07-10 11:29:00,60.165,60.165,60.16,60.165,1594.0,BUD
2024-07-10 11:28:00,60.175,60.175,60.16,60.17,2955.0,BUD
2024-07-10 11:27:00,60.17,60.17,60.17,60.17,917.0,BUD
2024-07-10 11:26:00,60.16,60.16,60.16,60.16,535.0,BUD
2024-07-10 11:25:00,60.165,60.165,60.165,60.165,543.0,BUD
2024-07-10 11:24:00,60.17,60.17,60.16,60.165,3162.0,BUD
2024-07-10 11:23:00,60.17,60.175,60.17,60.175,4382.0,BUD
2024-07-10 11:22:00,60.14,60.17,60.14,60.17,1200.0,BUD
2024-07-10 11:21:00,60.12,60.13,60.12,60.13,4516.0,BUD
2024-07-10 11:20:00,60.08,60.11,60.07,60.11,7965.0,BUD
2024-07-10 11:19:00,60.075,60.075,60.065,60.075,4542.0,BUD
2024-07-10 11:18:00,60.07,60.07,60.07,60.07,3785.0,BUD
2024-07-10 11:17:00,60.06,60.065,60.06,60.06,1742.0,BUD
2024-07-10 11:16:00,60.05,60.07,60.04,60.065,3768.0,BUD
2024-07-10 11:15:00,60.04,60.05,60.04,60.05,2955.0,BUD
2024-07-10 11:14:00,60.03,60.035,60.025,60.03,4363.0,BUD
2024-07-10 11:13:00,60.018,60.03,60.01,60.03,2384.0,BUD
2024-07-10 11:12:00,60.03,60.03,60.02,60.02,2047.0,BUD
2024-07-10 11:11:00,60.01,60.025,60.01,60.025,2058.0,BUD
2024-07-10 11:10:00,60.03,60.03,59.995,60.005,6001.0,BUD
2024-07-10 11:09:00,60.035,60.035,60.025,60.03,2647.0,BUD
2024-07-10 11:08:00,60.025,60.035,60.025,60.03,3576.0,BUD
2024-07-10 11:07:00,60.02,60.02,60.02,60.02,906.0,BUD
2024-07-10 11:06:00,60.0,60.01,60.0,60.01,1040.0,BUD
2024-07-10 11:05:00,59.995,59.995,59.995,59.995,187.0,BUD
2024-07-10 11:04:00,60.005,60.005,59.99,59.992,2984.0,BUD
2024-07-10 11:03:00,60.02,60.02,60.005,60.01,1415.0,BUD
2024-07-10 11:02:00,59.99,60.025,59.99,60.02,4910.0,BUD
2024-07-10 11:01:00,60.0,60.005,59.99,59.999,6207.0,BUD
2024-07-10 11:00:00,59.97,59.98,59.97,59.98,1672.0,BUD
2024-07-10 10:59:00,59.975,59.975,59.96,59.965,2561.0,BUD
2024-07-10 10:58:00,59.98,59.98,59.975,59.98,650.0,BUD
2024-07-10 10:56:00,59.97,59.975,59.97,59.975,1253.0,BUD
2024-07-10 10:55:00,59.93,59.96,59.93,59.96,3457.0,BUD
2024-07-10 10:54:00,59.94,59.94,59.925,59.925,1255.0,BUD
2024-07-10 10:53:00,59.945,59.95,59.94,59.945,3481.0,BUD
2024-07-10 10:52:00,59.95,59.955,59.945,59.945,2842.0,BUD
2024-07-10 10:51:00,59.955,59.96,59.955,59.96,465.0,BUD
2024-07-10 10:50:00,59.955,59.955,59.955,59.955,208.0,BUD
2024-07-10 10:49:00,59.95,59.95,59.94,59.95,576.0,BUD
2024-07-10 10:48:00,59.925,59.955,59.925,59.95,2669.0,BUD
2024-07-10 10:47:00,59.95,59.95,59.93,59.93,2204.0,BUD
2024-07-10 10:46:00,59.93,59.95,59.93,59.95,3569.0,BUD
2024-07-10 10:45:00,59.965,59.965,59.93,59.93,2156.0,BUD
2024-07-10 10:44:00,59.96,59.97,59.96,59.965,1204.0,BUD
2024-07-10 10:43:00,59.99,59.99,59.975,59.985,2451.0,BUD
2024-07-10 10:42:00,59.995,59.995,59.99,59.99,658.0,BUD
2024-07-10 10:41:00,60.005,60.007,60.0,60.005,1986.0,BUD
2024-07-10 10:40:00,60.04,60.04,60.02,60.02,7119.0,BUD
2024-07-10 10:39:00,60.04,60.045,60.04,60.045,811.0,BUD
2024-07-10 10:38:00,60.04,60.04,60.035,60.035,2068.0,BUD
2024-07-10 10:37:00,60.05,60.06,60.05,60.06,1082.0,BUD
2024-07-10 10:36:00,60.055,60.07,60.055,60.055,2814.0,BUD
2024-07-10 10:35:00,60.066,60.08,60.055,60.055,5586.0,BUD
2024-07-10 10:34:00,60.07,60.07,60.065,60.065,1218.0,BUD
2024-07-10 10:33:00,60.06,60.065,60.06,60.065,980.0,BUD
2024-07-10 10:32:00,60.07,60.07,60.07,60.07,308.0,BUD
2024-07-10 10:31:00,60.06,60.068,60.045,60.065,2030.0,BUD
2024-07-10 10:30:00,60.045,60.075,60.04,60.07,4303.0,BUD
2024-07-10 10:29:00,60.07,60.07,60.045,60.05,2020.0,BUD
2024-07-10 10:28:00,60.055,60.07,60.05,60.065,11303.0,BUD
2024-07-10 10:27:00,60.05,60.055,60.05,60.05,1984.0,BUD
2024-07-10 10:26:00,60.055,60.055,60.055,60.055,1473.0,BUD
2024-07-10 10:25:00,60.045,60.055,60.04,60.055,3148.0,BUD
2024-07-10 10:24:00,60.045,60.045,60.045,60.045,3775.0,BUD
2024-07-10 10:23:00,60.03,60.04,60.03,60.04,2177.0,BUD
2024-07-10 10:22:00,60.06,60.06,60.035,60.035,3871.0,BUD
2024-07-10 10:21:00,60.06,60.06,60.055,60.055,534.0,BUD
2024-07-10 10:20:00,60.05,60.055,60.03,60.05,3681.0,BUD
2024-07-10 10:19:00,60.05,60.05,60.05,60.05,1156.0,BUD
2024-07-10 10:18:00,60.04,60.045,60.04,60.045,622.0,BUD
2024-07-10 10:17:00,60.04,60.05,60.03,60.03,4131.0,BUD
2024-07-10 10:16:00,60.031,60.08,60.031,60.055,7674.0,BUD
2024-07-10 10:15:00,60.02,60.035,60.01,60.035,1736.0,BUD
2024-07-10 10:14:00,59.97,60.02,59.97,60.02,7337.0,BUD
2024-07-10 10:13:00,59.965,59.965,59.96,59.96,403.0,BUD
2024-07-10 10:12:00,59.98,59.98,59.95,59.965,3240.0,BUD
2024-07-10 10:11:00,59.993,59.993,59.98,59.98,1815.0,BUD
2024-07-10 10:10:00,59.99,60.0,59.99,59.99,2159.0,BUD
2024-07-10 10:09:00,59.97,59.98,59.97,59.98,2050.0,BUD
2024-07-10 10:08:00,59.98,59.98,59.93,59.97,3237.0,BUD
2024-07-10 10:07:00,59.96,59.99,59.96,59.98,4065.0,BUD
2024-07-10 10:06:00,59.87,59.96,59.87,59.955,15328.0,BUD
2024-07-10 10:05:00,59.855,59.89,59.855,59.87,4288.0,BUD
2024-07-10 10:04:00,59.84,59.86,59.84,59.86,2431.0,BUD
2024-07-10 10:03:00,59.84,59.85,59.84,59.84,1886.0,BUD
2024-07-10 10:02:00,59.815,59.83,59.81,59.83,1779.0,BUD
2024-07-10 10:01:00,59.8,59.8,59.78,59.8,2453.0,BUD
2024-07-10 10:00:00,59.8,59.81,59.8,59.81,1603.0,BUD
2024-07-10 09:59:00,59.8,59.805,59.79,59.79,2412.0,BUD
2024-07-10 09:58:00,59.8,59.805,59.8,59.805,983.0,BUD
2024-07-10 09:57:00,59.82,59.83,59.8,59.8,10951.0,BUD
2024-07-10 09:56:00,59.82,59.83,59.82,59.82,1624.0,BUD
2024-07-10 09:55:00,59.79,59.82,59.78,59.81,8200.0,BUD
2024-07-10 09:54:00,59.78,59.8,59.78,59.79,2610.0,BUD
2024-07-10 09:53:00,59.81,59.81,59.78,59.78,3336.0,BUD
2024-07-10 09:52:00,59.825,59.825,59.81,59.81,1356.0,BUD
2024-07-10 09:51:00,59.82,59.825,59.81,59.825,1539.0,BUD
2024-07-10 09:50:00,59.84,59.85,59.83,59.83,3534.0,BUD
2024-07-10 09:49:00,59.855,59.855,59.84,59.85,1389.0,BUD
2024-07-10 09:48:00,59.88,59.88,59.87,59.87,1191.0,BUD
2024-07-10 09:47:00,59.875,59.89,59.875,59.89,1008.0,BUD
2024-07-10 09:46:00,59.88,59.88,59.87,59.87,1491.0,BUD
2024-07-10 09:45:00,59.85,59.88,59.85,59.88,1424.0,BUD
2024-07-10 09:44:00,59.84,59.85,59.84,59.84,653.0,BUD
2024-07-10 09:43:00,59.865,59.865,59.845,59.85,1323.0,BUD
2024-07-10 09:42:00,59.87,59.88,59.87,59.875,1431.0,BUD
2024-07-10 09:41:00,59.855,59.86,59.85,59.86,1960.0,BUD
2024-07-10 09:40:00,59.835,59.84,59.83,59.84,755.0,BUD
2024-07-10 09:39:00,59.86,59.86,59.84,59.845,1348.0,BUD
2024-07-10 09:38:00,59.85,59.86,59.85,59.85,1567.0,BUD
2024-07-10 09:37:00,59.835,59.86,59.82,59.86,4079.0,BUD
2024-07-10 09:36:00,59.83,59.84,59.82,59.84,3930.0,BUD
2024-07-10 09:35:00,59.88,59.89,59.85,59.85,1983.0,BUD
2024-07-10 09:34:00,59.855,59.855,59.855,59.855,388.0,BUD
2024-07-10 09:33:00,59.81,59.88,59.81,59.86,2703.0,BUD
2024-07-10 09:32:00,59.79,59.835,59.79,59.815,2768.0,BUD
2024-07-10 09:31:00,59.77,59.785,59.76,59.785,2276.0,BUD
2024-07-10 09:30:00,59.87,59.87,59.77,59.77,31335.0,BUD
2024-07-10 09:29:00,59.79,59.81,59.77,59.81,2129.0,BUD
2024-07-10 09:28:00,59.79,59.79,59.79,59.79,820.0,BUD
2024-07-10 09:20:00,59.83,59.83,59.82,59.82,647.0,BUD
2024-07-10 09:17:00,59.88,59.88,59.88,59.88,1.0,BUD
2024-07-10 09:16:00,59.82,59.82,59.81,59.81,1000.0,BUD
2024-07-10 09:14:00,59.83,59.84,59.83,59.83,300.0,BUD
2024-07-10 09:13:00,59.85,59.85,59.85,59.85,6.0,BUD
2024-07-10 09:10:00,59.85,59.85,59.83,59.83,836.0,BUD
2024-07-10 09:09:00,59.86,59.86,59.86,59.86,30.0,BUD
2024-07-10 09:06:00,59.89,59.89,59.89,59.89,30.0,BUD
2024-07-10 09:03:00,59.92,59.92,59.92,59.92,1.0,BUD
2024-07-10 09:02:00,59.92,59.92,59.92,59.92,300.0,BUD
2024-07-10 09:00:00,59.92,59.92,59.91,59.91,626.0,BUD
2024-07-10 08:59:00,59.92,59.92,59.92,59.92,200.0,BUD
2024-07-10 08:55:00,59.96,59.96,59.96,59.96,100.0,BUD
2024-07-10 08:54:00,59.95,59.95,59.95,59.95,99.0,BUD
2024-07-10 08:50:00,59.94,59.94,59.94,59.94,1.0,BUD
2024-07-10 08:49:00,59.92,59.92,59.92,59.92,34.0,BUD
2024-07-10 08:43:00,59.92,59.93,59.92,59.93,500.0,BUD
2024-07-10 08:37:00,59.88,59.88,59.88,59.88,500.0,BUD
2024-07-10 08:34:00,59.88,59.88,59.88,59.88,1.0,BUD
2024-07-10 08:33:00,59.95,59.95,59.95,59.95,2.0,BUD
2024-07-10 08:27:00,59.91,59.91,59.91,59.91,25.0,BUD
2024-07-10 08:24:00,59.89,59.89,59.89,59.89,25.0,BUD
2024-07-10 08:19:00,59.89,59.92,59.89,59.92,26.0,BUD
2024-07-10 08:07:00,59.9,59.9,59.9,59.9,200.0,BUD
2024-07-10 08:03:00,59.13,59.13,59.13,59.13,7.0,BUD
2024-07-10 08:02:00,59.03,59.03,59.03,59.03,42.0,BUD
2024-07-10 08:00:00,59.752,59.9,59.752,59.89,1331.0,BUD
2024-07-10 07:58:00,59.86,59.86,59.86,59.86,27.0,BUD
2024-07-10 07:57:00,59.86,59.86,59.86,59.86,73.0,BUD
2024-07-10 07:52:00,59.88,59.88,59.88,59.88,19.0,BUD
2024-07-10 07:48:00,59.88,59.88,59.88,59.88,81.0,BUD
2024-07-10 07:47:00,59.88,59.88,59.88,59.88,73.0,BUD
2024-07-10 07:45:00,59.82,59.85,59.82,59.85,3547.0,BUD
2024-07-10 07:43:00,59.85,59.85,59.82,59.82,646.0,BUD
2024-07-10 07:40:00,59.84,59.84,59.84,59.84,57.0,BUD
2024-07-10 07:38:00,59.82,59.82,59.82,59.82,1000.0,BUD
2024-07-10 07:23:00,59.8,59.8,59.8,59.8,4.0,BUD
2024-07-10 07:22:00,59.8,59.8,59.8,59.8,16.0,BUD
2024-07-10 07:09:00,59.82,59.82,59.82,59.82,34.0,BUD
2024-07-10 07:07:00,59.84,59.84,59.84,59.84,19.0,BUD
2024-07-10 07:06:00,59.86,59.86,59.85,59.85,168.0,BUD
2024-07-10 07:05:00,59.89,59.9,59.89,59.9,62.0,BUD
2024-07-10 07:03:00,59.88,59.88,59.88,59.88,62.0,BUD
2024-07-10 07:02:00,59.84,59.84,59.84,59.84,700.0,BUD
2024-07-10 06:22:00,59.96,59.96,59.95,59.95,325.0,BUD
2024-07-10 06:21:00,59.99,60.06,59.99,60.06,903.0,BUD
2024-07-10 06:20:00,59.92,59.92,59.92,59.92,50.0,BUD
2024-07-10 06:19:00,59.91,59.91,59.91,59.91,25.0,BUD
2024-07-10 06:09:00,59.9,59.9,59.9,59.9,427.0,BUD
2024-07-10 06:08:00,59.89,59.89,59.89,59.89,2.0,BUD
2024-07-10 06:03:00,59.92,59.92,59.92,59.92,200.0,BUD
2024-07-10 06:02:00,59.9,59.92,59.9,59.92,239.0,BUD
2024-07-10 06:00:00,59.9,59.9,59.9,59.9,263.0,BUD
2024-07-10 05:58:00,59.9,59.9,59.9,59.9,10.0,BUD
2024-07-10 05:56:00,59.87,59.87,59.86,59.86,500.0,BUD
2024-07-10 05:46:00,59.85,59.85,59.85,59.85,6.0,BUD
2024-07-10 05:39:00,59.85,59.85,59.85,59.85,2.0,BUD
2024-07-10 05:38:00,59.85,59.85,59.85,59.85,3.0,BUD
2024-07-10 05:37:00,59.79,59.79,59.79,59.79,2.0,BUD
2024-07-10 05:36:00,59.79,59.79,59.79,59.79,2.0,BUD
2024-07-10 05:35:00,59.78,59.78,59.78,59.78,3.0,BUD
2024-07-10 05:34:00,59.76,59.76,59.76,59.76,2.0,BUD
2024-07-10 05:33:00,59.76,59.76,59.76,59.76,2.0,BUD
2024-07-10 05:32:00,59.75,59.75,59.75,59.75,61.0,BUD
2024-07-10 05:14:00,59.65,59.65,59.65,59.65,1.0,BUD
2024-07-10 04:57:00,59.63,59.63,59.63,59.63,1.0,BUD
2024-07-10 04:39:00,59.63,59.64,59.63,59.63,343.0,BUD
2024-07-10 04:31:00,59.6,59.6,59.6,59.6,2.0,BUD
2024-07-10 04:30:00,59.6,59.6,59.6,59.6,2.0,BUD
2024-07-10 04:28:00,59.56,59.57,59.56,59.57,4.0,BUD
2024-07-10 04:27:00,59.54,59.55,59.54,59.55,3.0,BUD
2024-07-10 04:26:00,59.53,59.53,59.53,59.53,2.0,BUD
2024-07-10 04:24:00,59.5,59.5,59.5,59.5,10.0,BUD
2024-07-10 04:22:00,59.52,59.52,59.52,59.52,1.0,BUD
2024-07-10 04:20:00,59.52,59.52,59.52,59.52,100.0,BUD
2024-07-10 04:17:00,59.51,59.52,59.5,59.52,1000.0,BUD
2024-07-09 19:58:00,59.017,59.017,59.01,59.01,280.0,BUD
2024-07-09 19:53:00,59.34,59.34,59.34,59.34,1.0,BUD
2024-07-09 19:42:00,59.31,59.31,59.31,59.31,1.0,BUD
2024-07-09 19:32:00,59.31,59.31,59.31,59.31,2.0,BUD
2024-07-09 19:28:00,59.01,59.01,59.01,59.01,1.0,BUD
2024-07-09 19:02:00,59.34,59.34,59.34,59.34,2.0,BUD
2024-07-09 19:00:00,59.01,59.01,59.01,59.01,77858.0,BUD
2024-07-09 18:33:00,59.01,59.01,59.01,59.01,1.0,BUD
2024-07-09 18:30:00,59.01,59.01,59.01,59.01,77858.0,BUD
2024-07-09 18:02:00,59.33,59.33,59.33,59.33,1.0,BUD
2024-07-09 17:31:00,59.01,59.01,59.01,59.01,1.0,BUD
2024-07-09 17:26:00,59.31,59.31,59.31,59.31,1.0,BUD
2024-07-09 17:10:00,59.34,59.34,59.34,59.34,1.0,BUD
2024-07-09 16:58:00,59.11,59.11,59.1,59.1,26.0,BUD
2024-07-09 16:48:00,59.01,59.01,59.01,59.01,4.0,BUD
2024-07-09 16:10:00,59.01,59.01,59.0,59.0,77860.0,BUD
2024-07-09 16:00:00,59.02,59.025,59.01,59.01,164543.0,BUD
2024-07-09 15:59:00,59.07,59.07,59.02,59.02,22395.0,BUD
2024-07-09 15:58:00,59.045,59.065,59.045,59.065,14405.0,BUD
2024-07-09 15:57:00,59.055,59.06,59.04,59.05,12638.0,BUD
2024-07-09 15:56:00,59.035,59.06,59.03,59.06,5706.0,BUD
2024-07-09 15:55:00,59.07,59.07,59.025,59.035,15930.0,BUD
2024-07-09 15:54:00,59.075,59.09,59.07,59.075,5831.0,BUD
2024-07-09 15:53:00,59.09,59.095,59.07,59.07,19421.0,BUD
2024-07-09 15:52:00,59.085,59.1,59.07,59.1,12736.0,BUD
2024-07-09 15:51:00,59.09,59.09,59.085,59.085,1848.0,BUD
2024-07-09 15:50:00,59.07,59.1,59.067,59.09,14238.0,BUD
2024-07-09 15:49:00,59.065,59.075,59.065,59.07,3553.0,BUD
2024-07-09 15:48:00,59.06,59.065,59.06,59.06,1375.0,BUD
2024-07-09 15:47:00,59.065,59.07,59.061,59.065,897.0,BUD
2024-07-09 15:46:00,59.065,59.07,59.065,59.07,2323.0,BUD
2024-07-09 15:45:00,59.072,59.072,59.055,59.065,5399.0,BUD
2024-07-09 15:44:00,59.09,59.09,59.075,59.075,3654.0,BUD
2024-07-09 15:43:00,59.085,59.1,59.085,59.095,7482.0,BUD
2024-07-09 15:42:00,59.084,59.084,59.08,59.08,486.0,BUD
2024-07-09 15:41:00,59.085,59.09,59.085,59.09,457.0,BUD
2024-07-09 15:40:00,59.095,59.095,59.085,59.085,3440.0,BUD
2024-07-09 15:39:00,59.095,59.095,59.09,59.09,991.0,BUD
2024-07-09 15:38:00,59.097,59.11,59.095,59.1,4906.0,BUD
2024-07-09 15:37:00,59.095,59.095,59.09,59.095,1127.0,BUD
2024-07-09 15:36:00,59.09,59.095,59.09,59.093,876.0,BUD
2024-07-09 15:35:00,59.095,59.095,59.085,59.09,1773.0,BUD
2024-07-09 15:34:00,59.085,59.1,59.075,59.1,3488.0,BUD
2024-07-09 15:33:00,59.085,59.085,59.08,59.08,418.0,BUD
2024-07-09 15:32:00,59.075,59.085,59.075,59.085,1726.0,BUD
2024-07-09 15:31:00,59.08,59.08,59.07,59.075,2746.0,BUD
2024-07-09 15:30:00,59.095,59.11,59.08,59.08,4047.0,BUD
2024-07-09 15:29:00,59.09,59.095,59.09,59.09,2503.0,BUD
2024-07-09 15:28:00,59.08,59.085,59.08,59.085,1218.0,BUD
2024-07-09 15:27:00,59.07,59.075,59.065,59.07,2713.0,BUD
2024-07-09 15:26:00,59.065,59.08,59.065,59.065,7666.0,BUD
2024-07-09 15:25:00,59.065,59.07,59.065,59.07,2559.0,BUD
2024-07-09 15:24:00,59.065,59.065,59.065,59.065,1029.0,BUD
2024-07-09 15:23:00,59.065,59.065,59.065,59.065,556.0,BUD
2024-07-09 15:22:00,59.06,59.065,59.06,59.065,940.0,BUD
2024-07-09 15:21:00,59.065,59.065,59.06,59.065,812.0,BUD
2024-07-09 15:20:00,59.065,59.065,59.065,59.065,345.0,BUD
2024-07-09 15:19:00,59.07,59.07,59.07,59.07,2725.0,BUD
2024-07-09 15:18:00,59.04,59.075,59.04,59.075,6740.0,BUD
2024-07-09 15:17:00,59.04,59.04,59.035,59.035,851.0,BUD
2024-07-09 15:16:00,59.045,59.045,59.045,59.045,187.0,BUD
2024-07-09 15:15:00,59.05,59.05,59.04,59.04,1956.0,BUD
2024-07-09 15:14:00,59.045,59.055,59.045,59.055,1142.0,BUD
2024-07-09 15:12:00,59.045,59.045,59.045,59.045,157.0,BUD
2024-07-09 15:11:00,59.05,59.05,59.045,59.045,460.0,BUD
2024-07-09 15:10:00,59.045,59.055,59.045,59.05,2599.0,BUD
2024-07-09 15:09:00,59.04,59.047,59.04,59.045,1921.0,BUD
2024-07-09 15:08:00,59.055,59.055,59.042,59.042,2307.0,BUD
2024-07-09 15:07:00,59.03,59.06,59.025,59.055,7221.0,BUD
2024-07-09 15:06:00,59.035,59.04,59.03,59.03,1522.0,BUD
2024-07-09 15:05:00,59.031,59.035,59.031,59.035,216.0,BUD
2024-07-09 15:04:00,59.04,59.04,59.03,59.035,885.0,BUD
2024-07-09 15:03:00,59.04,59.04,59.04,59.04,218.0,BUD
2024-07-09 15:02:00,59.035,59.04,59.035,59.04,1163.0,BUD
2024-07-09 15:01:00,59.06,59.06,59.031,59.031,2451.0,BUD
2024-07-09 15:00:00,59.07,59.075,59.06,59.06,1939.0,BUD
2024-07-09 14:59:00,59.07,59.07,59.06,59.06,505.0,BUD
2024-07-09 14:58:00,59.065,59.065,59.065,59.065,357.0,BUD
2024-07-09 14:57:00,59.06,59.07,59.06,59.07,1317.0,BUD
2024-07-09 14:56:00,59.065,59.065,59.051,59.051,968.0,BUD
2024-07-09 14:54:00,59.075,59.075,59.065,59.065,1307.0,BUD
2024-07-09 14:53:00,59.075,59.09,59.07,59.075,5239.0,BUD
2024-07-09 14:52:00,59.075,59.078,59.07,59.07,2950.0,BUD
2024-07-09 14:51:00,59.09,59.09,59.075,59.075,1245.0,BUD
2024-07-09 14:50:00,59.11,59.11,59.09,59.09,4571.0,BUD
2024-07-09 14:49:00,59.115,59.115,59.11,59.115,598.0,BUD
2024-07-09 14:48:00,59.105,59.12,59.105,59.118,4093.0,BUD
2024-07-09 14:47:00,59.105,59.11,59.105,59.105,2085.0,BUD
2024-07-09 14:46:00,59.1,59.105,59.1,59.105,456.0,BUD
2024-07-09 14:45:00,59.11,59.11,59.1,59.1,1478.0,BUD
2024-07-09 14:44:00,59.1,59.1,59.1,59.1,240.0,BUD
2024-07-09 14:43:00,59.1,59.11,59.1,59.105,1485.0,BUD
2024-07-09 14:42:00,59.115,59.115,59.11,59.11,712.0,BUD
2024-07-09 14:41:00,59.125,59.125,59.12,59.12,595.0,BUD
2024-07-09 14:39:00,59.125,59.125,59.125,59.125,129.0,BUD
2024-07-09 14:38:00,59.125,59.125,59.125,59.125,416.0,BUD
2024-07-09 14:37:00,59.13,59.13,59.13,59.13,438.0,BUD
2024-07-09 14:36:00,59.14,59.14,59.14,59.14,2082.0,BUD
2024-07-09 14:35:00,59.13,59.14,59.13,59.14,1764.0,BUD
2024-07-09 14:34:00,59.125,59.125,59.125,59.125,494.0,BUD
2024-07-09 14:33:00,59.12,59.125,59.12,59.125,628.0,BUD
2024-07-09 14:32:00,59.12,59.125,59.12,59.12,983.0,BUD
2024-07-09 14:31:00,59.12,59.12,59.11,59.115,2267.0,BUD
2024-07-09 14:30:00,59.13,59.13,59.11,59.12,1135.0,BUD
2024-07-09 14:29:00,59.131,59.134,59.125,59.13,1208.0,BUD
2024-07-09 14:28:00,59.13,59.13,59.13,59.13,281.0,BUD
2024-07-09 14:27:00,59.14,59.14,59.135,59.14,888.0,BUD
2024-07-09 14:26:00,59.15,59.15,59.135,59.135,1024.0,BUD
2024-07-09 14:24:00,59.16,59.16,59.155,59.155,1263.0,BUD
2024-07-09 14:23:00,59.17,59.17,59.17,59.17,608.0,BUD
2024-07-09 14:22:00,59.155,59.17,59.155,59.17,2160.0,BUD
2024-07-09 14:19:00,59.16,59.16,59.15,59.15,1389.0,BUD
2024-07-09 14:18:00,59.165,59.165,59.165,59.165,110.0,BUD
2024-07-09 14:17:00,59.16,59.165,59.16,59.165,972.0,BUD
2024-07-09 14:16:00,59.16,59.17,59.152,59.17,3220.0,BUD
2024-07-09 14:15:00,59.16,59.16,59.16,59.16,113.0,BUD
2024-07-09 14:14:00,59.165,59.165,59.165,59.165,217.0,BUD
2024-07-09 14:13:00,59.15,59.16,59.15,59.16,740.0,BUD
2024-07-09 14:12:00,59.16,59.165,59.16,59.16,629.0,BUD
2024-07-09 14:11:00,59.16,59.165,59.16,59.165,290.0,BUD
2024-07-09 14:08:00,59.18,59.18,59.17,59.17,923.0,BUD
2024-07-09 14:07:00,59.18,59.19,59.175,59.18,1528.0,BUD
2024-07-09 14:06:00,59.175,59.175,59.175,59.175,338.0,BUD
2024-07-09 14:05:00,59.185,59.185,59.18,59.18,882.0,BUD
2024-07-09 14:04:00,59.195,59.195,59.19,59.19,1654.0,BUD
2024-07-09 14:03:00,59.21,59.21,59.195,59.2,488.0,BUD
2024-07-09 14:02:00,59.21,59.21,59.21,59.21,257.0,BUD
2024-07-09 14:00:00,59.225,59.23,59.22,59.22,3330.0,BUD
2024-07-09 13:59:00,59.235,59.235,59.235,59.235,465.0,BUD
2024-07-09 13:57:00,59.24,59.24,59.235,59.24,2117.0,BUD
2024-07-09 13:56:00,59.22,59.235,59.22,59.235,788.0,BUD
2024-07-09 13:55:00,59.22,59.23,59.212,59.23,1087.0,BUD
2024-07-09 13:53:00,59.215,59.22,59.21,59.21,1502.0,BUD
2024-07-09 13:52:00,59.22,59.22,59.22,59.22,373.0,BUD
2024-07-09 13:51:00,59.23,59.23,59.22,59.22,953.0,BUD
2024-07-09 13:50:00,59.23,59.23,59.228,59.23,2131.0,BUD
2024-07-09 13:49:00,59.22,59.238,59.22,59.238,1688.0,BUD
2024-07-09 13:48:00,59.22,59.23,59.22,59.23,1320.0,BUD
2024-07-09 13:47:00,59.195,59.21,59.185,59.21,4054.0,BUD
2024-07-09 13:46:00,59.21,59.21,59.195,59.195,797.0,BUD
2024-07-09 13:45:00,59.195,59.21,59.195,59.21,2282.0,BUD
2024-07-09 13:44:00,59.195,59.195,59.195,59.195,110.0,BUD
2024-07-09 13:43:00,59.2,59.2,59.19,59.19,643.0,BUD
2024-07-09 13:42:00,59.21,59.21,59.2,59.205,759.0,BUD
2024-07-09 13:40:00,59.22,59.22,59.22,59.22,249.0,BUD
2024-07-09 13:39:00,59.22,59.22,59.215,59.215,568.0,BUD
2024-07-09 13:38:00,59.22,59.22,59.22,59.22,220.0,BUD
2024-07-09 13:37:00,59.24,59.24,59.23,59.23,1603.0,BUD
2024-07-09 13:36:00,59.21,59.23,59.21,59.23,2369.0,BUD
2024-07-09 13:35:00,59.21,59.21,59.2,59.2,5303.0,BUD
2024-07-09 13:34:00,59.21,59.21,59.2,59.2,973.0,BUD
2024-07-09 13:33:00,59.205,59.205,59.2,59.201,885.0,BUD
2024-07-09 13:32:00,59.2,59.21,59.2,59.2,1850.0,BUD
2024-07-09 13:30:00,59.185,59.19,59.185,59.19,770.0,BUD
2024-07-09 13:29:00,59.21,59.21,59.19,59.195,2141.0,BUD
2024-07-09 13:28:00,59.21,59.21,59.21,59.21,165.0,BUD
2024-07-09 13:26:00,59.195,59.215,59.195,59.215,1731.0,BUD
2024-07-09 13:25:00,59.2,59.2,59.19,59.19,1446.0,BUD
2024-07-09 13:24:00,59.2,59.2,59.2,59.2,559.0,BUD
2024-07-09 13:23:00,59.2,59.2,59.2,59.2,1148.0,BUD
2024-07-09 13:22:00,59.195,59.195,59.195,59.195,449.0,BUD
2024-07-09 13:21:00,59.21,59.21,59.21,59.21,449.0,BUD
2024-07-09 13:20:00,59.21,59.22,59.21,59.21,1698.0,BUD
2024-07-09 13:19:00,59.23,59.23,59.23,59.23,248.0,BUD
2024-07-09 13:18:00,59.25,59.25,59.23,59.23,566.0,BUD
2024-07-09 13:17:00,59.26,59.26,59.25,59.25,1280.0,BUD
2024-07-09 13:16:00,59.275,59.275,59.27,59.27,1548.0,BUD
2024-07-09 13:15:00,59.25,59.27,59.25,59.27,4404.0,BUD
2024-07-09 13:13:00,59.245,59.245,59.24,59.24,1499.0,BUD
2024-07-09 13:12:00,59.225,59.25,59.22,59.245,4518.0,BUD
2024-07-09 13:11:00,59.23,59.23,59.23,59.23,278.0,BUD
2024-07-09 13:10:00,59.23,59.23,59.23,59.23,414.0,BUD
2024-07-09 13:09:00,59.23,59.24,59.23,59.23,577.0,BUD
2024-07-09 13:08:00,59.23,59.24,59.23,59.23,1636.0,BUD
2024-07-09 13:07:00,59.22,59.225,59.215,59.225,661.0,BUD
2024-07-09 13:06:00,59.22,59.22,59.21,59.21,1352.0,BUD
2024-07-09 13:05:00,59.225,59.225,59.225,59.225,145.0,BUD
2024-07-09 13:04:00,59.23,59.23,59.23,59.23,290.0,BUD
2024-07-09 13:03:00,59.22,59.24,59.22,59.235,2879.0,BUD
2024-07-09 13:02:00,59.21,59.21,59.21,59.21,709.0,BUD
2024-07-09 13:01:00,59.195,59.2,59.195,59.2,2102.0,BUD
2024-07-09 13:00:00,59.196,59.2,59.19,59.195,1944.0,BUD
2024-07-09 12:59:00,59.195,59.2,59.195,59.2,226.0,BUD
2024-07-09 12:58:00,59.185,59.19,59.185,59.19,706.0,BUD
2024-07-09 12:56:00,59.18,59.19,59.18,59.184,1541.0,BUD
2024-07-09 12:55:00,59.17,59.17,59.17,59.17,301.0,BUD
2024-07-09 12:54:00,59.16,59.17,59.16,59.17,540.0,BUD
2024-07-09 12:53:00,59.16,59.166,59.16,59.16,1539.0,BUD
2024-07-09 12:52:00,59.15,59.155,59.144,59.155,1098.0,BUD
2024-07-09 12:51:00,59.15,59.15,59.15,59.15,207.0,BUD
2024-07-09 12:50:00,59.15,59.15,59.15,59.15,167.0,BUD
2024-07-09 12:49:00,59.16,59.16,59.155,59.155,1221.0,BUD
2024-07-09 12:48:00,59.155,59.155,59.155,59.155,345.0,BUD
2024-07-09 12:47:00,59.165,59.17,59.165,59.17,1410.0,BUD
2024-07-09 12:46:00,59.165,59.165,59.165,59.165,218.0,BUD
2024-07-09 12:45:00,59.161,59.18,59.16,59.175,1718.0,BUD
2024-07-09 12:44:00,59.17,59.17,59.16,59.16,1390.0,BUD
2024-07-09 12:43:00,59.165,59.165,59.165,59.165,220.0,BUD
2024-07-09 12:42:00,59.155,59.17,59.155,59.165,1938.0,BUD
2024-07-09 12:41:00,59.154,59.154,59.154,59.154,359.0,BUD
2024-07-09 12:39:00,59.165,59.165,59.16,59.16,1334.0,BUD
2024-07-09 12:38:00,59.17,59.17,59.16,59.16,999.0,BUD
2024-07-09 12:37:00,59.13,59.16,59.13,59.16,1504.0,BUD
2024-07-09 12:36:00,59.125,59.125,59.125,59.125,372.0,BUD
2024-07-09 12:35:00,59.13,59.13,59.125,59.125,764.0,BUD
2024-07-09 12:34:00,59.14,59.14,59.13,59.13,376.0,BUD
2024-07-09 12:33:00,59.145,59.15,59.145,59.15,1924.0,BUD
2024-07-09 12:32:00,59.13,59.15,59.13,59.15,2018.0,BUD
2024-07-09 12:31:00,59.136,59.136,59.136,59.136,222.0,BUD
2024-07-09 12:30:00,59.15,59.15,59.13,59.14,2142.0,BUD
2024-07-09 12:29:00,59.12,59.13,59.12,59.13,769.0,BUD
2024-07-09 12:28:00,59.125,59.125,59.125,59.125,380.0,BUD
2024-07-09 12:27:00,59.13,59.13,59.12,59.12,718.0,BUD
2024-07-09 12:26:00,59.12,59.135,59.12,59.135,825.0,BUD
2024-07-09 12:25:00,59.13,59.13,59.13,59.13,525.0,BUD
2024-07-09 12:24:00,59.111,59.12,59.111,59.12,819.0,BUD
2024-07-09 12:23:00,59.12,59.12,59.115,59.115,638.0,BUD
2024-07-09 12:22:00,59.11,59.11,59.11,59.11,554.0,BUD
2024-07-09 12:21:00,59.1,59.11,59.095,59.11,3655.0,BUD
2024-07-09 12:20:00,59.105,59.105,59.105,59.105,210.0,BUD
2024-07-09 12:19:00,59.115,59.115,59.11,59.11,425.0,BUD
2024-07-09 12:18:00,59.105,59.115,59.1,59.102,2687.0,BUD
2024-07-09 12:17:00,59.11,59.12,59.11,59.12,1854.0,BUD
2024-07-09 12:15:00,59.09,59.11,59.09,59.106,3146.0,BUD
2024-07-09 12:14:00,59.1,59.1,59.09,59.09,661.0,BUD
2024-07-09 12:13:00,59.09,59.09,59.09,59.09,979.0,BUD
2024-07-09 12:12:00,59.095,59.095,59.09,59.09,689.0,BUD
2024-07-09 12:11:00,59.095,59.095,59.095,59.095,246.0,BUD
2024-07-09 12:10:00,59.09,59.09,59.09,59.09,554.0,BUD
2024-07-09 12:09:00,59.095,59.1,59.09,59.095,1386.0,BUD
2024-07-09 12:08:00,59.1,59.1,59.1,59.1,285.0,BUD
2024-07-09 12:07:00,59.1,59.105,59.1,59.105,447.0,BUD
2024-07-09 12:06:00,59.1,59.1,59.1,59.1,155.0,BUD
2024-07-09 12:05:00,59.1,59.1,59.1,59.1,387.0,BUD
2024-07-09 12:04:00,59.11,59.11,59.11,59.11,458.0,BUD
2024-07-09 12:03:00,59.09,59.1,59.09,59.1,649.0,BUD
2024-07-09 12:02:00,59.095,59.095,59.095,59.095,927.0,BUD
2024-07-09 12:01:00,59.09,59.1,59.09,59.1,471.0,BUD
2024-07-09 12:00:00,59.106,59.106,59.09,59.09,1283.0,BUD
2024-07-09 11:59:00,59.11,59.11,59.105,59.105,926.0,BUD
2024-07-09 11:58:00,59.11,59.11,59.11,59.11,247.0,BUD
2024-07-09 11:57:00,59.105,59.12,59.105,59.12,618.0,BUD
2024-07-09 11:56:00,59.101,59.101,59.09,59.1,1976.0,BUD
2024-07-09 11:55:00,59.09,59.105,59.09,59.105,1070.0,BUD
2024-07-09 11:54:00,59.085,59.085,59.085,59.085,472.0,BUD
2024-07-09 11:53:00,59.09,59.09,59.085,59.085,404.0,BUD
2024-07-09 11:52:00,59.08,59.08,59.075,59.08,886.0,BUD
2024-07-09 11:51:00,59.08,59.08,59.08,59.08,311.0,BUD
2024-07-09 11:50:00,59.09,59.09,59.07,59.07,1864.0,BUD
2024-07-09 11:49:00,59.09,59.1,59.09,59.1,1428.0,BUD
2024-07-09 11:48:00,59.083,59.085,59.083,59.085,280.0,BUD
2024-07-09 11:47:00,59.085,59.085,59.085,59.085,110.0,BUD
2024-07-09 11:46:00,59.075,59.09,59.075,59.085,3495.0,BUD
2024-07-09 11:45:00,59.075,59.075,59.075,59.075,1221.0,BUD
2024-07-09 11:44:00,59.07,59.075,59.07,59.075,776.0,BUD
2024-07-09 11:43:00,59.065,59.065,59.065,59.065,122.0,BUD
2024-07-09 11:42:00,59.08,59.08,59.065,59.065,1320.0,BUD
2024-07-09 11:41:00,59.065,59.07,59.06,59.065,2616.0,BUD
2024-07-09 11:40:00,59.07,59.07,59.06,59.06,611.0,BUD
2024-07-09 11:39:00,59.065,59.07,59.055,59.07,1569.0,BUD
2024-07-09 11:38:00,59.08,59.08,59.06,59.06,1715.0,BUD
2024-07-09 11:37:00,59.07,59.085,59.07,59.07,2014.0,BUD
2024-07-09 11:35:00,59.06,59.07,59.06,59.065,12423.0,BUD
2024-07-09 11:34:00,59.08,59.115,59.06,59.06,11490.0,BUD
2024-07-09 11:33:00,59.075,59.085,59.075,59.085,2111.0,BUD
2024-07-09 11:32:00,59.09,59.09,59.07,59.07,1022.0,BUD
2024-07-09 11:31:00,59.1,59.1,59.09,59.094,1490.0,BUD
2024-07-09 11:30:00,59.155,59.155,59.11,59.11,2537.0,BUD
2024-07-09 11:29:00,59.1,59.17,59.1,59.16,5428.0,BUD
2024-07-09 11:28:00,59.1,59.11,59.1,59.11,1250.0,BUD
2024-07-09 11:27:00,59.11,59.11,59.11,59.11,1075.0,BUD
2024-07-09 11:26:00,59.11,59.11,59.1,59.1,370.0,BUD
2024-07-09 11:25:00,59.11,59.11,59.11,59.11,353.0,BUD
2024-07-09 11:24:00,59.112,59.112,59.1,59.1,3102.0,BUD
2024-07-09 11:23:00,59.14,59.14,59.105,59.11,4868.0,BUD
2024-07-09 11:22:00,59.17,59.185,59.14,59.141,5709.0,BUD
2024-07-09 11:21:00,59.17,59.18,59.17,59.17,2557.0,BUD
2024-07-09 11:20:00,59.19,59.199,59.175,59.175,2446.0,BUD
2024-07-09 11:19:00,59.191,59.191,59.191,59.191,415.0,BUD
2024-07-09 11:18:00,59.2,59.205,59.195,59.2,2297.0,BUD
2024-07-09 11:17:00,59.225,59.225,59.195,59.2,1210.0,BUD
2024-07-09 11:16:00,59.24,59.24,59.23,59.23,677.0,BUD
2024-07-09 11:15:00,59.24,59.245,59.24,59.245,1670.0,BUD
2024-07-09 11:14:00,59.22,59.23,59.22,59.227,1605.0,BUD
2024-07-09 11:13:00,59.215,59.215,59.212,59.212,683.0,BUD
2024-07-09 11:12:00,59.22,59.23,59.215,59.23,1277.0,BUD
2024-07-09 11:11:00,59.23,59.23,59.215,59.215,249.0,BUD
2024-07-09 11:10:00,59.21,59.22,59.2,59.22,1880.0,BUD
2024-07-09 11:09:00,59.26,59.26,59.23,59.23,1248.0,BUD
2024-07-09 11:08:00,59.25,59.25,59.25,59.25,386.0,BUD
2024-07-09 11:07:00,59.22,59.244,59.22,59.235,1617.0,BUD
2024-07-09 11:06:00,59.24,59.24,59.22,59.22,2314.0,BUD
2024-07-09 11:05:00,59.22,59.22,59.22,59.22,1230.0,BUD
2024-07-09 11:04:00,59.24,59.24,59.22,59.22,927.0,BUD
2024-07-09 11:03:00,59.23,59.25,59.225,59.25,2149.0,BUD
2024-07-09 11:02:00,59.23,59.237,59.23,59.23,887.0,BUD
2024-07-09 11:01:00,59.235,59.25,59.23,59.25,1861.0,BUD
2024-07-09 11:00:00,59.26,59.26,59.26,59.26,561.0,BUD
2024-07-09 10:59:00,59.26,59.26,59.25,59.26,1494.0,BUD
2024-07-09 10:58:00,59.27,59.27,59.265,59.265,1535.0,BUD
2024-07-09 10:57:00,59.28,59.28,59.26,59.27,2331.0,BUD
2024-07-09 10:56:00,59.275,59.28,59.275,59.28,1076.0,BUD
2024-07-09 10:55:00,59.29,59.31,59.29,59.3,2365.0,BUD
2024-07-09 10:54:00,59.28,59.285,59.28,59.285,1884.0,BUD
2024-07-09 10:53:00,59.26,59.275,59.26,59.27,2813.0,BUD
2024-07-09 10:52:00,59.25,59.26,59.25,59.26,1089.0,BUD
2024-07-09 10:51:00,59.28,59.28,59.28,59.28,639.0,BUD
2024-07-09 10:50:00,59.32,59.32,59.28,59.28,1704.0,BUD
2024-07-09 10:49:00,59.35,59.35,59.32,59.32,4436.0,BUD
2024-07-09 10:48:00,59.36,59.36,59.36,59.36,210.0,BUD
2024-07-09 10:47:00,59.359,59.36,59.359,59.36,1648.0,BUD
2024-07-09 10:46:00,59.35,59.355,59.345,59.345,670.0,BUD
2024-07-09 10:45:00,59.36,59.37,59.36,59.37,1251.0,BUD
2024-07-09 10:44:00,59.36,59.39,59.355,59.37,3428.0,BUD
2024-07-09 10:43:00,59.37,59.375,59.37,59.375,804.0,BUD
2024-07-09 10:42:00,59.38,59.38,59.36,59.36,1015.0,BUD
2024-07-09 10:41:00,59.36,59.38,59.36,59.37,1576.0,BUD
2024-07-09 10:40:00,59.38,59.38,59.37,59.37,1471.0,BUD
2024-07-09 10:39:00,59.35,59.38,59.35,59.38,661.0,BUD
2024-07-09 10:38:00,59.36,59.36,59.35,59.355,747.0,BUD
2024-07-09 10:37:00,59.33,59.36,59.33,59.36,1361.0,BUD
2024-07-09 10:36:00,59.335,59.345,59.32,59.325,1163.0,BUD
2024-07-09 10:35:00,59.35,59.35,59.35,59.35,433.0,BUD
2024-07-09 10:34:00,59.32,59.335,59.32,59.33,421.0,BUD
2024-07-09 10:33:00,59.32,59.33,59.31,59.31,2605.0,BUD
2024-07-09 10:32:00,59.3,59.325,59.29,59.31,4362.0,BUD
2024-07-09 10:31:00,59.3,59.3,59.28,59.29,3173.0,BUD
2024-07-09 10:30:00,59.315,59.315,59.315,59.315,334.0,BUD
2024-07-09 10:28:00,59.315,59.315,59.315,59.315,170.0,BUD
2024-07-09 10:27:00,59.31,59.315,59.305,59.315,1943.0,BUD
2024-07-09 10:26:00,59.24,59.325,59.23,59.325,8442.0,BUD
2024-07-09 10:25:00,59.255,59.255,59.24,59.245,2465.0,BUD
2024-07-09 10:24:00,59.26,59.275,59.26,59.26,2141.0,BUD
2024-07-09 10:23:00,59.26,59.27,59.255,59.255,2322.0,BUD
2024-07-09 10:22:00,59.265,59.275,59.265,59.275,972.0,BUD
2024-07-09 10:21:00,59.28,59.28,59.27,59.275,1560.0,BUD
2024-07-09 10:20:00,59.28,59.29,59.28,59.28,1515.0,BUD
2024-07-09 10:19:00,59.29,59.29,59.285,59.285,1007.0,BUD
2024-07-09 10:18:00,59.29,59.295,59.285,59.29,4664.0,BUD
2024-07-09 10:17:00,59.32,59.32,59.28,59.28,2791.0,BUD
2024-07-09 10:16:00,59.29,59.326,59.29,59.326,2408.0,BUD
2024-07-09 10:15:00,59.29,59.3,59.29,59.3,633.0,BUD
2024-07-09 10:14:00,59.32,59.32,59.29,59.29,3267.0,BUD
2024-07-09 10:13:00,59.3,59.305,59.295,59.3,1405.0,BUD
2024-07-09 10:12:00,59.285,59.32,59.285,59.3,3470.0,BUD
2024-07-09 10:11:00,59.305,59.305,59.295,59.295,651.0,BUD
2024-07-09 10:10:00,59.295,59.305,59.29,59.305,910.0,BUD
2024-07-09 10:09:00,59.31,59.32,59.31,59.31,1346.0,BUD
2024-07-09 10:08:00,59.32,59.32,59.32,59.32,428.0,BUD
2024-07-09 10:07:00,59.309,59.35,59.309,59.31,2158.0,BUD
2024-07-09 10:06:00,59.31,59.315,59.3,59.31,1632.0,BUD
2024-07-09 10:05:00,59.32,59.32,59.29,59.315,2076.0,BUD
2024-07-09 10:04:00,59.33,59.34,59.33,59.335,1530.0,BUD
2024-07-09 10:03:00,59.31,59.32,59.3,59.31,4572.0,BUD
2024-07-09 10:02:00,59.31,59.315,59.31,59.315,730.0,BUD
2024-07-09 10:01:00,59.33,59.33,59.31,59.31,1473.0,BUD
2024-07-09 10:00:00,59.32,59.34,59.32,59.34,2585.0,BUD
2024-07-09 09:58:00,59.34,59.36,59.31,59.31,2141.0,BUD
2024-07-09 09:57:00,59.34,59.34,59.32,59.325,3415.0,BUD
2024-07-09 09:56:00,59.35,59.35,59.34,59.35,831.0,BUD
2024-07-09 09:55:00,59.34,59.35,59.34,59.34,1402.0,BUD
2024-07-09 09:54:00,59.35,59.36,59.35,59.36,1106.0,BUD
2024-07-09 09:53:00,59.35,59.35,59.33,59.33,1136.0,BUD
2024-07-09 09:52:00,59.34,59.37,59.34,59.369,4814.0,BUD
2024-07-09 09:51:00,59.33,59.34,59.33,59.335,998.0,BUD
2024-07-09 09:50:00,59.35,59.35,59.33,59.335,3307.0,BUD
2024-07-09 09:49:00,59.35,59.35,59.34,59.349,2776.0,BUD
2024-07-09 09:48:00,59.37,59.37,59.37,59.37,916.0,BUD
2024-07-09 09:47:00,59.4,59.4,59.38,59.38,410.0,BUD
2024-07-09 09:46:00,59.37,59.39,59.37,59.39,4216.0,BUD
2024-07-09 09:45:00,59.35,59.39,59.35,59.38,7743.0,BUD
2024-07-09 09:44:00,59.36,59.365,59.35,59.36,5051.0,BUD
2024-07-09 09:43:00,59.36,59.375,59.34,59.36,10796.0,BUD
2024-07-09 09:41:00,59.38,59.385,59.375,59.375,950.0,BUD
2024-07-09 09:40:00,59.35,59.35,59.35,59.35,170.0,BUD
2024-07-09 09:39:00,59.34,59.35,59.34,59.35,1247.0,BUD
2024-07-09 09:38:00,59.335,59.385,59.335,59.385,3381.0,BUD
2024-07-09 09:37:00,59.32,59.34,59.32,59.34,2858.0,BUD
2024-07-09 09:36:00,59.34,59.39,59.32,59.33,11837.0,BUD
2024-07-09 09:35:00,59.32,59.35,59.32,59.34,2827.0,BUD
2024-07-09 09:34:00,59.305,59.32,59.305,59.32,1378.0,BUD
2024-07-09 09:33:00,59.34,59.34,59.31,59.31,7729.0,BUD
2024-07-09 09:32:00,59.31,59.33,59.31,59.33,1041.0,BUD
2024-07-09 09:31:00,59.3,59.32,59.295,59.32,1695.0,BUD
2024-07-09 09:30:00,59.26,59.31,59.26,59.31,18440.0,BUD
2024-07-09 09:29:00,59.32,59.32,59.32,59.32,1.0,BUD
2024-07-09 09:25:00,59.29,59.3,59.29,59.3,441.0,BUD
2024-07-09 09:23:00,59.3,59.3,59.3,59.3,1.0,BUD
2024-07-09 09:19:00,59.31,59.31,59.31,59.31,1.0,BUD
2024-07-09 09:16:00,59.29,59.29,59.29,59.29,10.0,BUD
2024-07-09 09:15:00,59.25,59.25,59.25,59.25,200.0,BUD
2024-07-09 09:11:00,59.3,59.3,59.3,59.3,36.0,BUD
2024-07-09 09:10:00,59.28,59.3,59.28,59.3,262.0,BUD
2024-07-09 09:08:00,59.33,59.33,59.33,59.33,1.0,BUD
2024-07-09 09:05:00,59.33,59.34,59.33,59.34,63.0,BUD
2024-07-09 09:04:00,59.34,59.34,59.34,59.34,613.0,BUD
2024-07-09 08:51:00,59.28,59.28,59.28,59.28,55.0,BUD
2024-07-09 08:49:00,59.26,59.26,59.26,59.26,42.0,BUD
2024-07-09 08:46:00,59.25,59.25,59.25,59.25,1.0,BUD
2024-07-09 08:40:00,59.26,59.26,59.26,59.26,37.0,BUD
2024-07-09 08:38:00,59.27,59.27,59.25,59.25,200.0,BUD
2024-07-09 08:37:00,59.3,59.3,59.28,59.28,67.0,BUD
2024-07-09 08:34:00,59.34,59.34,59.31,59.31,45.0,BUD
2024-07-09 08:18:00,59.41,59.41,59.41,59.41,42.0,BUD
2024-07-09 08:11:00,59.48,59.48,59.48,59.48,10.0,BUD
2024-07-09 08:09:00,59.41,59.41,59.41,59.41,103.0,BUD
2024-07-09 08:08:00,59.4,59.4,59.4,59.4,60.0,BUD
2024-07-09 08:07:00,59.39,59.4,59.38,59.38,137.0,BUD
2024-07-09 08:06:00,59.38,59.39,59.38,59.39,143.0,BUD
2024-07-09 08:05:00,59.39,59.39,59.39,59.39,156.0,BUD
2024-07-09 08:04:00,59.39,59.39,59.38,59.39,131.0,BUD
2024-07-09 08:02:00,59.54,59.54,59.34,59.38,231.0,BUD
2024-07-09 08:01:00,59.4,59.4,59.38,59.38,94.0,BUD
2024-07-09 08:00:00,59.339,59.4,59.339,59.4,694.0,BUD
2024-07-09 07:59:00,59.4,59.4,59.4,59.4,56.0,BUD
2024-07-09 07:58:00,59.4,59.43,59.4,59.43,85.0,BUD
2024-07-09 07:57:00,59.41,59.41,59.41,59.41,35.0,BUD
2024-07-09 07:56:00,59.37,59.37,59.37,59.37,34.0,BUD
2024-07-09 07:55:00,59.38,59.38,59.38,59.38,54.0,BUD
2024-07-09 07:49:00,59.34,59.34,59.34,59.34,39.0,BUD
2024-07-09 07:48:00,59.34,59.34,59.33,59.34,198.0,BUD
2024-07-09 07:47:00,59.33,59.35,59.33,59.34,200.0,BUD
2024-07-09 07:45:00,59.29,59.29,59.29,59.29,27.0,BUD
2024-07-09 07:43:00,59.34,59.34,59.34,59.34,8.0,BUD
2024-07-09 07:35:00,59.34,59.34,59.34,59.34,200.0,BUD
2024-07-09 07:34:00,59.36,59.36,59.36,59.36,1400.0,BUD
2024-07-09 07:26:00,59.33,59.33,59.33,59.33,8.0,BUD
2024-07-09 07:23:00,59.36,59.36,59.35,59.35,93.0,BUD
2024-07-09 07:22:00,59.39,59.39,59.39,59.39,40.0,BUD
2024-07-09 07:21:00,59.39,59.39,59.39,59.39,49.0,BUD
2024-07-09 07:20:00,59.39,59.4,59.37,59.37,125.0,BUD
2024-07-09 07:19:00,59.41,59.41,59.36,59.39,183.0,BUD
2024-07-09 07:18:00,59.38,59.42,59.38,59.42,176.0,BUD
2024-07-09 07:17:00,59.37,59.37,59.36,59.36,92.0,BUD
2024-07-09 07:14:00,59.33,59.33,59.33,59.33,86.0,BUD
2024-07-09 07:09:00,59.33,59.34,59.33,59.34,25.0,BUD
2024-07-09 07:08:00,59.36,59.36,59.36,59.36,32.0,BUD
2024-07-09 07:07:00,59.37,59.37,59.35,59.35,121.0,BUD
2024-07-09 07:06:00,59.41,59.41,59.41,59.41,32.0,BUD
2024-07-09 07:04:00,59.38,59.38,59.38,59.38,37.0,BUD
2024-07-09 07:02:00,59.41,59.41,59.41,59.41,60.0,BUD
2024-07-09 06:40:00,59.5,59.5,59.5,59.5,1.0,BUD
2024-07-09 06:20:00,59.49,59.5,59.49,59.5,1200.0,BUD
2024-07-09 06:19:00,59.49,59.49,59.49,59.49,138.0,BUD
2024-07-09 05:50:00,59.37,59.37,59.37,59.37,2.0,BUD
2024-07-09 05:32:00,59.43,59.43,59.43,59.43,3.0,BUD
2024-07-09 04:56:00,59.46,59.46,59.46,59.46,2.0,BUD
2024-07-09 04:45:00,59.37,59.37,59.37,59.37,800.0,BUD
2024-07-09 04:37:00,59.35,59.35,59.35,59.35,6.0,BUD
2024-07-09 04:26:00,59.3,59.3,59.3,59.3,100.0,BUD
2024-07-09 04:19:00,59.37,59.37,59.37,59.37,2.0,BUD
2024-07-09 04:02:00,59.34,59.34,59.34,59.34,5.0,BUD
2024-07-09 04:01:00,59.34,59.34,59.33,59.33,888.0,BUD
2024-07-09 04:00:00,59.34,59.34,59.34,59.34,20.0,BUD
2024-07-08 19:21:00,59.36,59.36,59.36,59.36,1.0,BUD
2024-07-08 19:14:00,59.36,59.36,59.36,59.36,1.0,BUD
2024-07-08 19:13:00,59.3,59.3,59.3,59.3,246.0,BUD
2024-07-08 19:00:00,59.34,59.34,59.34,59.34,90001.0,BUD
2024-07-08 18:52:00,59.3,59.3,59.3,59.3,10.0,BUD
2024-07-08 18:30:00,59.34,59.34,59.34,59.34,90001.0,BUD
2024-07-08 18:16:00,59.59,59.59,59.59,59.59,24.0,BUD
2024-07-08 18:09:00,59.59,59.59,59.59,59.59,8.0,BUD
2024-07-08 17:58:00,59.58,59.58,59.58,59.58,3.0,BUD
2024-07-08 17:54:00,59.58,59.58,59.58,59.58,10.0,BUD
2024-07-08 17:41:00,59.59,59.59,59.59,59.59,8.0,BUD
2024-07-08 17:23:00,59.3,59.3,59.3,59.3,10.0,BUD
2024-07-08 17:20:00,59.59,59.59,59.59,59.59,190.0,BUD
2024-07-08 17:17:00,59.59,59.59,59.59,59.59,15.0,BUD
2024-07-08 17:00:00,59.3,59.3,59.3,59.3,5.0,BUD
2024-07-08 16:56:00,59.59,59.59,59.59,59.59,10.0,BUD
2024-07-08 16:32:00,60.0,60.0,60.0,60.0,1.0,BUD
2024-07-08 16:16:00,59.3,59.3,59.3,59.3,30.0,BUD
2024-07-08 16:10:00,59.34,59.34,59.34,59.34,90001.0,BUD
2024-07-08 16:08:00,59.32,59.32,59.32,59.32,5.0,BUD
2024-07-08 16:00:00,59.345,59.345,59.34,59.34,185280.0,BUD
2024-07-08 15:59:00,59.38,59.4,59.33,59.34,64140.0,BUD
2024-07-08 15:58:00,59.395,59.395,59.38,59.385,8639.0,BUD
2024-07-08 15:57:00,59.385,59.41,59.38,59.395,13536.0,BUD
2024-07-08 15:56:00,59.385,59.39,59.38,59.385,8589.0,BUD
2024-07-08 15:55:00,59.385,59.395,59.38,59.385,9366.0,BUD
2024-07-08 15:54:00,59.395,59.405,59.37,59.385,13606.0,BUD
2024-07-08 15:53:00,59.38,59.4,59.38,59.395,5358.0,BUD
2024-07-08 15:52:00,59.36,59.38,59.36,59.375,6111.0,BUD
2024-07-08 15:51:00,59.36,59.36,59.35,59.355,7396.0,BUD
2024-07-08 15:50:00,59.375,59.38,59.365,59.365,8280.0,BUD
2024-07-08 15:49:00,59.365,59.375,59.365,59.375,8463.0,BUD
2024-07-08 15:48:00,59.355,59.366,59.355,59.365,2425.0,BUD
2024-07-08 15:47:00,59.375,59.375,59.355,59.355,3303.0,BUD
2024-07-08 15:46:00,59.38,59.39,59.375,59.375,16996.0,BUD
2024-07-08 15:45:00,59.405,59.41,59.37,59.375,9268.0,BUD
2024-07-08 15:44:00,59.405,59.405,59.4,59.405,2200.0,BUD
2024-07-08 15:43:00,59.415,59.415,59.4,59.4,1351.0,BUD
2024-07-08 15:42:00,59.42,59.42,59.41,59.415,4077.0,BUD
2024-07-08 15:41:00,59.425,59.425,59.42,59.425,1917.0,BUD
2024-07-08 15:40:00,59.42,59.425,59.42,59.425,563.0,BUD
2024-07-08 15:39:00,59.44,59.44,59.43,59.43,2271.0,BUD
2024-07-08 15:38:00,59.44,59.445,59.44,59.445,1645.0,BUD
2024-07-08 15:37:00,59.445,59.45,59.445,59.445,837.0,BUD
2024-07-08 15:36:00,59.44,59.46,59.44,59.445,6180.0,BUD
2024-07-08 15:35:00,59.44,59.445,59.44,59.445,2401.0,BUD
2024-07-08 15:34:00,59.435,59.435,59.43,59.435,831.0,BUD
2024-07-08 15:33:00,59.44,59.441,59.435,59.435,1378.0,BUD
2024-07-08 15:32:00,59.445,59.445,59.445,59.445,748.0,BUD
2024-07-08 15:31:00,59.45,59.45,59.445,59.45,1366.0,BUD
2024-07-08 15:30:00,59.45,59.45,59.45,59.45,3443.0,BUD
2024-07-08 15:29:00,59.45,59.45,59.45,59.45,561.0,BUD
2024-07-08 15:28:00,59.46,59.465,59.46,59.465,1609.0,BUD
2024-07-08 15:27:00,59.46,59.46,59.455,59.455,1656.0,BUD
2024-07-08 15:26:00,59.46,59.465,59.46,59.465,408.0,BUD
2024-07-08 15:25:00,59.46,59.465,59.46,59.465,437.0,BUD
2024-07-08 15:24:00,59.46,59.466,59.46,59.466,1516.0,BUD
2024-07-08 15:23:00,59.475,59.475,59.46,59.46,1065.0,BUD
2024-07-08 15:22:00,59.48,59.49,59.475,59.475,1478.0,BUD
2024-07-08 15:21:00,59.48,59.49,59.48,59.485,1912.0,BUD
2024-07-08 15:20:00,59.475,59.48,59.47,59.475,3689.0,BUD
2024-07-08 15:19:00,59.475,59.475,59.475,59.475,226.0,BUD
2024-07-08 15:18:00,59.48,59.48,59.475,59.475,443.0,BUD
2024-07-08 15:17:00,59.481,59.485,59.475,59.475,2524.0,BUD
2024-07-08 15:16:00,59.47,59.48,59.46,59.48,3308.0,BUD
2024-07-08 15:15:00,59.47,59.47,59.462,59.462,1313.0,BUD
2024-07-08 15:14:00,59.475,59.475,59.47,59.47,668.0,BUD
2024-07-08 15:13:00,59.475,59.475,59.464,59.47,3600.0,BUD
2024-07-08 15:12:00,59.481,59.481,59.47,59.475,2011.0,BUD
2024-07-08 15:11:00,59.48,59.49,59.48,59.485,2567.0,BUD
2024-07-08 15:10:00,59.48,59.48,59.48,59.48,290.0,BUD
2024-07-08 15:09:00,59.48,59.48,59.475,59.48,537.0,BUD
2024-07-08 15:08:00,59.495,59.495,59.47,59.47,1580.0,BUD
2024-07-08 15:07:00,59.49,59.5,59.485,59.49,3778.0,BUD
2024-07-08 15:06:00,59.475,59.49,59.475,59.49,1599.0,BUD
2024-07-08 15:05:00,59.5,59.5,59.475,59.475,3732.0,BUD
2024-07-08 15:04:00,59.5,59.5,59.5,59.5,681.0,BUD
2024-07-08 15:03:00,59.495,59.495,59.49,59.49,215.0,BUD
2024-07-08 15:02:00,59.49,59.5,59.48,59.49,6728.0,BUD
2024-07-08 15:01:00,59.475,59.49,59.475,59.485,2037.0,BUD
2024-07-08 15:00:00,59.48,59.49,59.475,59.475,2697.0,BUD
2024-07-08 14:59:00,59.495,59.495,59.48,59.489,1726.0,BUD
2024-07-08 14:58:00,59.485,59.505,59.48,59.505,4817.0,BUD
2024-07-08 14:57:00,59.475,59.485,59.475,59.48,1210.0,BUD
2024-07-08 14:56:00,59.47,59.475,59.47,59.47,922.0,BUD
2024-07-08 14:55:00,59.47,59.47,59.465,59.47,678.0,BUD
2024-07-08 14:54:00,59.45,59.465,59.45,59.46,2681.0,BUD
2024-07-08 14:53:00,59.455,59.455,59.45,59.45,356.0,BUD
2024-07-08 14:52:00,59.465,59.465,59.46,59.46,1074.0,BUD
2024-07-08 14:50:00,59.465,59.465,59.465,59.465,363.0,BUD
2024-07-08 14:49:00,59.465,59.47,59.46,59.464,1165.0,BUD
2024-07-08 14:48:00,59.465,59.465,59.465,59.465,270.0,BUD
2024-07-08 14:47:00,59.46,59.465,59.46,59.464,1785.0,BUD
2024-07-08 14:46:00,59.46,59.46,59.45,59.455,2029.0,BUD
2024-07-08 14:45:00,59.47,59.475,59.46,59.46,2746.0,BUD
2024-07-08 14:44:00,59.471,59.475,59.471,59.475,464.0,BUD
2024-07-08 14:43:00,59.47,59.48,59.47,59.475,2898.0,BUD
2024-07-08 14:42:00,59.491,59.495,59.475,59.475,1944.0,BUD
2024-07-08 14:41:00,59.495,59.495,59.49,59.49,1822.0,BUD
2024-07-08 14:40:00,59.505,59.505,59.495,59.495,2279.0,BUD
2024-07-08 14:39:00,59.5,59.505,59.5,59.501,728.0,BUD
2024-07-08 14:38:00,59.5,59.505,59.5,59.505,336.0,BUD
2024-07-08 14:37:00,59.51,59.52,59.505,59.505,3101.0,BUD
2024-07-08 14:36:00,59.51,59.515,59.51,59.515,306.0,BUD
2024-07-08 14:35:00,59.515,59.515,59.51,59.51,564.0,BUD
2024-07-08 14:34:00,59.51,59.515,59.51,59.515,372.0,BUD
2024-07-08 14:33:00,59.52,59.52,59.515,59.515,563.0,BUD
2024-07-08 14:32:00,59.52,59.52,59.52,59.52,239.0,BUD
2024-07-08 14:31:00,59.525,59.53,59.525,59.53,751.0,BUD
2024-07-08 14:30:00,59.52,59.53,59.52,59.52,2749.0,BUD
2024-07-08 14:29:00,59.515,59.525,59.515,59.525,1189.0,BUD
2024-07-08 14:27:00,59.52,59.52,59.515,59.515,1911.0,BUD
2024-07-08 14:26:00,59.521,59.525,59.52,59.525,483.0,BUD
2024-07-08 14:25:00,59.52,59.53,59.52,59.53,528.0,BUD
2024-07-08 14:24:00,59.515,59.53,59.51,59.53,3829.0,BUD
2024-07-08 14:23:00,59.515,59.52,59.515,59.52,267.0,BUD
2024-07-08 14:22:00,59.525,59.525,59.515,59.515,848.0,BUD
2024-07-08 14:21:00,59.53,59.535,59.53,59.535,392.0,BUD
2024-07-08 14:20:00,59.54,59.54,59.53,59.53,1018.0,BUD
2024-07-08 14:19:00,59.54,59.54,59.54,59.54,1850.0,BUD
2024-07-08 14:18:00,59.55,59.55,59.54,59.54,1012.0,BUD
2024-07-08 14:17:00,59.53,59.545,59.53,59.545,722.0,BUD
2024-07-08 14:16:00,59.525,59.535,59.525,59.535,1019.0,BUD
2024-07-08 14:15:00,59.525,59.525,59.525,59.525,240.0,BUD
2024-07-08 14:14:00,59.52,59.525,59.52,59.525,746.0,BUD
2024-07-08 14:13:00,59.53,59.54,59.52,59.52,1281.0,BUD
2024-07-08 14:12:00,59.52,59.525,59.515,59.525,958.0,BUD
2024-07-08 14:11:00,59.53,59.53,59.515,59.515,2127.0,BUD
2024-07-08 14:10:00,59.535,59.535,59.535,59.535,419.0,BUD
2024-07-08 14:09:00,59.52,59.53,59.52,59.53,1894.0,BUD
2024-07-08 14:08:00,59.525,59.525,59.52,59.52,880.0,BUD
2024-07-08 14:07:00,59.525,59.525,59.525,59.525,970.0,BUD
2024-07-08 14:06:00,59.53,59.53,59.52,59.53,1626.0,BUD
2024-07-08 14:05:00,59.52,59.54,59.52,59.535,3248.0,BUD
2024-07-08 14:04:00,59.525,59.525,59.521,59.525,1214.0,BUD
2024-07-08 14:03:00,59.53,59.53,59.52,59.52,313.0,BUD
2024-07-08 14:02:00,59.53,59.53,59.52,59.52,738.0,BUD
2024-07-08 14:01:00,59.53,59.535,59.53,59.535,275.0,BUD
2024-07-08 14:00:00,59.53,59.53,59.53,59.53,483.0,BUD
2024-07-08 13:59:00,59.535,59.535,59.53,59.53,439.0,BUD
2024-07-08 13:58:00,59.54,59.54,59.53,59.535,2024.0,BUD
2024-07-08 13:56:00,59.54,59.55,59.54,59.55,1504.0,BUD
2024-07-08 13:55:00,59.53,59.54,59.53,59.54,765.0,BUD
2024-07-08 13:54:00,59.532,59.54,59.531,59.54,1443.0,BUD
2024-07-08 13:53:00,59.535,59.55,59.535,59.55,2722.0,BUD
2024-07-08 13:52:00,59.535,59.545,59.535,59.545,651.0,BUD
2024-07-08 13:51:00,59.545,59.545,59.545,59.545,302.0,BUD
2024-07-08 13:50:00,59.54,59.545,59.54,59.54,744.0,BUD
2024-07-08 13:49:00,59.545,59.545,59.545,59.545,175.0,BUD
2024-07-08 13:48:00,59.56,59.56,59.55,59.55,889.0,BUD
2024-07-08 13:47:00,59.565,59.565,59.56,59.56,397.0,BUD
2024-07-08 13:46:00,59.57,59.57,59.565,59.565,2068.0,BUD
2024-07-08 13:44:00,59.54,59.565,59.54,59.565,1916.0,BUD
2024-07-08 13:42:00,59.54,59.54,59.54,59.54,228.0,BUD
2024-07-08 13:41:00,59.55,59.55,59.55,59.55,806.0,BUD
2024-07-08 13:40:00,59.555,59.56,59.55,59.55,1507.0,BUD
2024-07-08 13:39:00,59.55,59.55,59.55,59.55,794.0,BUD
2024-07-08 13:38:00,59.54,59.54,59.54,59.54,241.0,BUD
2024-07-08 13:37:00,59.54,59.545,59.54,59.545,1400.0,BUD
2024-07-08 13:36:00,59.53,59.53,59.53,59.53,691.0,BUD
2024-07-08 13:35:00,59.535,59.535,59.53,59.53,968.0,BUD
2024-07-08 13:34:00,59.54,59.54,59.54,59.54,248.0,BUD
2024-07-08 13:33:00,59.545,59.545,59.54,59.545,625.0,BUD
2024-07-08 13:32:00,59.565,59.565,59.55,59.55,1223.0,BUD
2024-07-08 13:31:00,59.567,59.567,59.567,59.567,543.0,BUD
2024-07-08 13:30:00,59.56,59.565,59.56,59.565,600.0,BUD
2024-07-08 13:29:00,59.56,59.56,59.55,59.55,835.0,BUD
2024-07-08 13:27:00,59.56,59.565,59.56,59.565,581.0,BUD
2024-07-08 13:26:00,59.565,59.57,59.56,59.565,620.0,BUD
2024-07-08 13:25:00,59.57,59.57,59.565,59.565,562.0,BUD
2024-07-08 13:24:00,59.565,59.565,59.565,59.565,153.0,BUD
2024-07-08 13:23:00,59.57,59.57,59.565,59.565,959.0,BUD
2024-07-08 13:22:00,59.575,59.575,59.575,59.575,200.0,BUD
2024-07-08 13:21:00,59.575,59.575,59.57,59.57,523.0,BUD
2024-07-08 13:20:00,59.571,59.575,59.57,59.575,1021.0,BUD
2024-07-08 13:19:00,59.575,59.575,59.575,59.575,210.0,BUD
2024-07-08 13:18:00,59.565,59.57,59.565,59.565,2434.0,BUD
2024-07-08 13:17:00,59.55,59.57,59.55,59.565,1116.0,BUD
2024-07-08 13:16:00,59.565,59.567,59.56,59.56,914.0,BUD
2024-07-08 13:15:00,59.58,59.58,59.57,59.57,702.0,BUD
2024-07-08 13:14:00,59.57,59.575,59.56,59.575,689.0,BUD
2024-07-08 13:13:00,59.55,59.561,59.545,59.561,2353.0,BUD
2024-07-08 13:12:00,59.545,59.55,59.545,59.55,459.0,BUD
2024-07-08 13:11:00,59.54,59.54,59.54,59.54,1253.0,BUD
2024-07-08 13:10:00,59.535,59.545,59.535,59.54,1713.0,BUD
2024-07-08 13:09:00,59.53,59.53,59.53,59.53,215.0,BUD
2024-07-08 13:08:00,59.53,59.535,59.53,59.535,368.0,BUD
2024-07-08 13:05:00,59.54,59.54,59.54,59.54,377.0,BUD
2024-07-08 13:04:00,59.55,59.55,59.54,59.545,442.0,BUD
2024-07-08 13:03:00,59.57,59.57,59.54,59.54,2675.0,BUD
2024-07-08 13:02:00,59.57,59.57,59.565,59.565,874.0,BUD
2024-07-08 13:01:00,59.575,59.575,59.575,59.575,218.0,BUD
2024-07-08 13:00:00,59.58,59.58,59.575,59.575,413.0,BUD
2024-07-08 12:59:00,59.58,59.58,59.58,59.58,145.0,BUD
2024-07-08 12:58:00,59.575,59.585,59.575,59.585,613.0,BUD
2024-07-08 12:57:00,59.585,59.585,59.58,59.58,592.0,BUD
2024-07-08 12:56:00,59.59,59.59,59.58,59.58,770.0,BUD
2024-07-08 12:55:00,59.59,59.6,59.59,59.6,437.0,BUD
2024-07-08 12:54:00,59.585,59.59,59.58,59.585,896.0,BUD
2024-07-08 12:53:00,59.592,59.592,59.58,59.58,910.0,BUD
2024-07-08 12:52:00,59.58,59.59,59.58,59.58,467.0,BUD
2024-07-08 12:51:00,59.59,59.595,59.59,59.59,1201.0,BUD
2024-07-08 12:50:00,59.595,59.595,59.59,59.59,237.0,BUD
2024-07-08 12:49:00,59.591,59.591,59.591,59.591,214.0,BUD
2024-07-08 12:48:00,59.585,59.59,59.585,59.59,435.0,BUD
2024-07-08 12:47:00,59.59,59.59,59.59,59.59,459.0,BUD
2024-07-08 12:46:00,59.585,59.585,59.585,59.585,330.0,BUD
2024-07-08 12:45:00,59.58,59.58,59.58,59.58,408.0,BUD
2024-07-08 12:44:00,59.575,59.575,59.56,59.575,2341.0,BUD
2024-07-08 12:43:00,59.585,59.585,59.58,59.585,896.0,BUD
2024-07-08 12:42:00,59.58,59.585,59.58,59.585,805.0,BUD
2024-07-08 12:41:00,59.58,59.58,59.58,59.58,326.0,BUD
2024-07-08 12:40:00,59.595,59.595,59.593,59.593,684.0,BUD
2024-07-08 12:39:00,59.595,59.6,59.595,59.6,818.0,BUD
2024-07-08 12:38:00,59.575,59.605,59.575,59.595,2377.0,BUD
2024-07-08 12:36:00,59.59,59.59,59.585,59.585,516.0,BUD
2024-07-08 12:35:00,59.605,59.605,59.59,59.59,2207.0,BUD
2024-07-08 12:34:00,59.61,59.61,59.604,59.604,584.0,BUD
2024-07-08 12:33:00,59.59,59.59,59.59,59.59,908.0,BUD
2024-07-08 12:32:00,59.58,59.586,59.58,59.585,1187.0,BUD
2024-07-08 12:31:00,59.575,59.575,59.57,59.575,335.0,BUD
2024-07-08 12:30:00,59.575,59.58,59.575,59.58,561.0,BUD
2024-07-08 12:29:00,59.56,59.58,59.56,59.575,1071.0,BUD
2024-07-08 12:28:00,59.565,59.565,59.565,59.565,242.0,BUD
2024-07-08 12:27:00,59.559,59.56,59.559,59.56,519.0,BUD
2024-07-08 12:26:00,59.55,59.555,59.55,59.555,465.0,BUD
2024-07-08 12:25:00,59.553,59.553,59.553,59.553,562.0,BUD
2024-07-08 12:24:00,59.555,59.555,59.555,59.555,247.0,BUD
2024-07-08 12:23:00,59.545,59.545,59.535,59.54,608.0,BUD
2024-07-08 12:22:00,59.535,59.545,59.535,59.54,2266.0,BUD
2024-07-08 12:21:00,59.54,59.54,59.53,59.53,1776.0,BUD
2024-07-08 12:20:00,59.555,59.56,59.55,59.55,3719.0,BUD
2024-07-08 12:19:00,59.555,59.555,59.555,59.555,229.0,BUD
2024-07-08 12:18:00,59.55,59.555,59.55,59.555,547.0,BUD
2024-07-08 12:17:00,59.555,59.555,59.555,59.555,252.0,BUD
2024-07-08 12:15:00,59.56,59.56,59.56,59.56,180.0,BUD
2024-07-08 12:14:00,59.56,59.57,59.56,59.57,970.0,BUD
2024-07-08 12:13:00,59.56,59.56,59.56,59.56,272.0,BUD
2024-07-08 12:12:00,59.565,59.565,59.56,59.56,462.0,BUD
2024-07-08 12:11:00,59.555,59.555,59.555,59.555,310.0,BUD
2024-07-08 12:10:00,59.535,59.56,59.535,59.555,4690.0,BUD
2024-07-08 12:09:00,59.555,59.555,59.555,59.555,267.0,BUD
2024-07-08 12:08:00,59.56,59.565,59.56,59.56,900.0,BUD
2024-07-08 12:07:00,59.56,59.56,59.56,59.56,551.0,BUD
2024-07-08 12:06:00,59.56,59.56,59.555,59.555,526.0,BUD
2024-07-08 12:05:00,59.555,59.565,59.555,59.56,1053.0,BUD
2024-07-08 12:04:00,59.56,59.56,59.56,59.56,688.0,BUD
2024-07-08 12:03:00,59.56,59.56,59.55,59.55,3446.0,BUD
2024-07-08 12:02:00,59.565,59.575,59.565,59.565,2456.0,BUD
2024-07-08 12:01:00,59.565,59.565,59.565,59.565,392.0,BUD
2024-07-08 12:00:00,59.56,59.56,59.56,59.56,165.0,BUD
2024-07-08 11:59:00,59.54,59.55,59.54,59.55,1542.0,BUD
2024-07-08 11:58:00,59.53,59.535,59.53,59.53,2192.0,BUD
2024-07-08 11:57:00,59.52,59.52,59.52,59.52,531.0,BUD
2024-07-08 11:56:00,59.51,59.515,59.505,59.515,817.0,BUD
2024-07-08 11:55:00,59.515,59.515,59.515,59.515,1361.0,BUD
2024-07-08 11:54:00,59.52,59.525,59.51,59.52,3692.0,BUD
2024-07-08 11:53:00,59.52,59.52,59.515,59.515,2006.0,BUD
2024-07-08 11:52:00,59.535,59.535,59.52,59.52,1711.0,BUD
2024-07-08 11:50:00,59.53,59.53,59.53,59.53,525.0,BUD
2024-07-08 11:49:00,59.54,59.54,59.525,59.525,878.0,BUD
2024-07-08 11:48:00,59.52,59.53,59.52,59.53,372.0,BUD
2024-07-08 11:47:00,59.54,59.54,59.52,59.535,1163.0,BUD
2024-07-08 11:46:00,59.545,59.55,59.53,59.53,3388.0,BUD
2024-07-08 11:45:00,59.545,59.55,59.54,59.55,833.0,BUD
2024-07-08 11:44:00,59.53,59.535,59.53,59.535,824.0,BUD
2024-07-08 11:43:00,59.54,59.55,59.525,59.54,3373.0,BUD
2024-07-08 11:42:00,59.53,59.53,59.525,59.525,907.0,BUD
2024-07-08 11:41:00,59.52,59.53,59.52,59.525,585.0,BUD
2024-07-08 11:40:00,59.54,59.54,59.54,59.54,236.0,BUD
2024-07-08 11:39:00,59.535,59.535,59.525,59.525,891.0,BUD
2024-07-08 11:38:00,59.54,59.54,59.525,59.53,2666.0,BUD
2024-07-08 11:37:00,59.57,59.57,59.53,59.53,4412.0,BUD
2024-07-08 11:36:00,59.565,59.57,59.54,59.57,8349.0,BUD
2024-07-08 11:35:00,59.555,59.57,59.555,59.57,978.0,BUD
2024-07-08 11:34:00,59.58,59.595,59.555,59.555,8929.0,BUD
2024-07-08 11:33:00,59.575,59.585,59.575,59.585,1121.0,BUD
2024-07-08 11:32:00,59.605,59.605,59.575,59.575,2107.0,BUD
2024-07-08 11:31:00,59.6,59.6,59.6,59.6,463.0,BUD
2024-07-08 11:30:00,59.64,59.645,59.6,59.6,6200.0,BUD
2024-07-08 11:29:00,59.645,59.65,59.62,59.625,3527.0,BUD
2024-07-08 11:28:00,59.63,59.65,59.63,59.64,2097.0,BUD
2024-07-08 11:27:00,59.61,59.635,59.61,59.62,1924.0,BUD
2024-07-08 11:26:00,59.6,59.6,59.6,59.6,774.0,BUD
2024-07-08 11:24:00,59.605,59.605,59.6,59.6,1952.0,BUD
2024-07-08 11:23:00,59.58,59.595,59.58,59.59,1134.0,BUD
2024-07-08 11:22:00,59.555,59.59,59.555,59.59,2588.0,BUD
2024-07-08 11:21:00,59.55,59.57,59.55,59.56,1938.0,BUD
2024-07-08 11:20:00,59.53,59.54,59.525,59.54,1405.0,BUD
2024-07-08 11:19:00,59.55,59.55,59.54,59.54,1193.0,BUD
2024-07-08 11:18:00,59.55,59.555,59.55,59.555,1336.0,BUD
2024-07-08 11:17:00,59.55,59.555,59.55,59.555,1067.0,BUD
2024-07-08 11:16:00,59.59,59.59,59.55,59.55,1878.0,BUD
2024-07-08 11:15:00,59.61,59.61,59.6,59.605,962.0,BUD
2024-07-08 11:14:00,59.6,59.61,59.6,59.61,1209.0,BUD
2024-07-08 11:13:00,59.63,59.63,59.6,59.6,1100.0,BUD
2024-07-08 11:12:00,59.64,59.64,59.63,59.63,879.0,BUD
2024-07-08 11:11:00,59.65,59.65,59.65,59.65,339.0,BUD
2024-07-08 11:10:00,59.66,59.66,59.65,59.65,2860.0,BUD
2024-07-08 11:09:00,59.66,59.66,59.66,59.66,155.0,BUD
2024-07-08 11:08:00,59.665,59.67,59.64,59.645,1302.0,BUD
2024-07-08 11:07:00,59.67,59.67,59.66,59.665,2058.0,BUD
2024-07-08 11:06:00,59.665,59.67,59.64,59.67,859.0,BUD
2024-07-08 11:05:00,59.69,59.69,59.65,59.67,2116.0,BUD
2024-07-08 11:04:00,59.635,59.73,59.63,59.7,24325.0,BUD
2024-07-08 11:03:00,59.63,59.63,59.63,59.63,305.0,BUD
2024-07-08 11:02:00,59.615,59.635,59.615,59.63,2293.0,BUD
2024-07-08 11:01:00,59.6,59.61,59.6,59.61,1707.0,BUD
2024-07-08 11:00:00,59.59,59.62,59.59,59.605,2258.0,BUD
2024-07-08 10:59:00,59.59,59.595,59.59,59.59,1028.0,BUD
2024-07-08 10:58:00,59.59,59.59,59.59,59.59,1064.0,BUD
2024-07-08 10:57:00,59.57,59.58,59.57,59.58,2073.0,BUD
2024-07-08 10:56:00,59.59,59.59,59.59,59.59,876.0,BUD
2024-07-08 10:55:00,59.61,59.62,59.59,59.595,3906.0,BUD
2024-07-08 10:54:00,59.625,59.63,59.625,59.625,7809.0,BUD
2024-07-08 10:53:00,59.645,59.645,59.625,59.625,1789.0,BUD
2024-07-08 10:52:00,59.645,59.645,59.64,59.64,357.0,BUD
2024-07-08 10:51:00,59.635,59.655,59.635,59.655,1351.0,BUD
2024-07-08 10:50:00,59.62,59.64,59.62,59.64,239.0,BUD
2024-07-08 10:49:00,59.63,59.64,59.62,59.625,3173.0,BUD
2024-07-08 10:48:00,59.61,59.635,59.61,59.625,3551.0,BUD
2024-07-08 10:47:00,59.59,59.61,59.59,59.61,1376.0,BUD
2024-07-08 10:46:00,59.595,59.595,59.59,59.59,1614.0,BUD
2024-07-08 10:45:00,59.58,59.6,59.575,59.6,2165.0,BUD
2024-07-08 10:44:00,59.58,59.595,59.57,59.58,6694.0,BUD
2024-07-08 10:43:00,59.6,59.6,59.58,59.58,668.0,BUD
2024-07-08 10:42:00,59.605,59.605,59.6,59.6,385.0,BUD
2024-07-08 10:41:00,59.6,59.625,59.6,59.62,1115.0,BUD
2024-07-08 10:40:00,59.62,59.62,59.6,59.6,1046.0,BUD
2024-07-08 10:39:00,59.615,59.63,59.61,59.63,4315.0,BUD
2024-07-08 10:38:00,59.63,59.63,59.63,59.63,317.0,BUD
2024-07-08 10:37:00,59.61,59.635,59.61,59.63,2662.0,BUD
2024-07-08 10:36:00,59.63,59.63,59.605,59.61,1898.0,BUD
2024-07-08 10:35:00,59.65,59.65,59.62,59.62,1072.0,BUD
2024-07-08 10:34:00,59.67,59.67,59.66,59.66,484.0,BUD
2024-07-08 10:33:00,59.68,59.68,59.67,59.68,667.0,BUD
2024-07-08 10:32:00,59.67,59.685,59.67,59.67,1419.0,BUD
2024-07-08 10:31:00,59.68,59.68,59.665,59.665,934.0,BUD
2024-07-08 10:30:00,59.705,59.705,59.67,59.67,2292.0,BUD
2024-07-08 10:29:00,59.68,59.7,59.68,59.7,3332.0,BUD
2024-07-08 10:28:00,59.67,59.675,59.67,59.675,739.0,BUD
2024-07-08 10:27:00,59.68,59.68,59.68,59.68,530.0,BUD
2024-07-08 10:26:00,59.705,59.705,59.675,59.68,1523.0,BUD
2024-07-08 10:25:00,59.735,59.74,59.71,59.71,1058.0,BUD
2024-07-08 10:24:00,59.72,59.737,59.72,59.737,3008.0,BUD
2024-07-08 10:23:00,59.739,59.739,59.71,59.71,677.0,BUD
2024-07-08 10:22:00,59.73,59.735,59.73,59.73,515.0,BUD
2024-07-08 10:21:00,59.75,59.77,59.75,59.76,2098.0,BUD
2024-07-08 10:20:00,59.735,59.75,59.72,59.75,3269.0,BUD
2024-07-08 10:19:00,59.73,59.735,59.73,59.735,1034.0,BUD
2024-07-08 10:17:00,59.75,59.755,59.74,59.74,1445.0,BUD
2024-07-08 10:16:00,59.8,59.8,59.76,59.76,2035.0,BUD
2024-07-08 10:15:00,59.77,59.8,59.77,59.8,4575.0,BUD
2024-07-08 10:14:00,59.77,59.77,59.76,59.76,927.0,BUD
2024-07-08 10:13:00,59.78,59.78,59.77,59.77,904.0,BUD
2024-07-08 10:12:00,59.78,59.785,59.78,59.78,1690.0,BUD
2024-07-08 10:11:00,59.771,59.785,59.771,59.785,855.0,BUD
2024-07-08 10:10:00,59.78,59.78,59.76,59.76,2009.0,BUD
2024-07-08 10:09:00,59.81,59.81,59.78,59.78,3683.0,BUD
2024-07-08 10:08:00,59.79,59.8,59.79,59.8,1300.0,BUD
2024-07-08 10:07:00,59.785,59.785,59.76,59.78,2674.0,BUD
2024-07-08 10:06:00,59.81,59.81,59.79,59.79,822.0,BUD
2024-07-08 10:05:00,59.85,59.85,59.84,59.84,2249.0,BUD
2024-07-08 10:04:00,59.84,59.85,59.84,59.85,1081.0,BUD
2024-07-08 10:03:00,59.855,59.855,59.84,59.84,870.0,BUD
2024-07-08 10:02:00,59.83,59.84,59.83,59.84,1953.0,BUD
2024-07-08 10:01:00,59.865,59.875,59.82,59.82,3314.0,BUD
2024-07-08 10:00:00,59.82,59.88,59.82,59.87,5586.0,BUD
2024-07-08 09:59:00,59.82,59.83,59.82,59.83,313.0,BUD
2024-07-08 09:58:00,59.83,59.83,59.81,59.81,288.0,BUD
2024-07-08 09:57:00,59.85,59.85,59.85,59.85,173.0,BUD
2024-07-08 09:56:00,59.89,59.89,59.85,59.85,3037.0,BUD
2024-07-08 09:55:00,59.9,59.9,59.9,59.9,575.0,BUD
2024-07-08 09:54:00,59.905,59.92,59.905,59.91,3837.0,BUD
2024-07-08 09:53:00,59.96,59.96,59.91,59.91,1139.0,BUD
2024-07-08 09:52:00,59.94,59.94,59.94,59.94,351.0,BUD
2024-07-08 09:51:00,59.94,59.94,59.91,59.92,2795.0,BUD
2024-07-08 09:50:00,59.94,59.95,59.92,59.95,2189.0,BUD
2024-07-08 09:49:00,59.96,59.968,59.96,59.96,809.0,BUD
2024-07-08 09:48:00,59.971,59.971,59.958,59.966,963.0,BUD
2024-07-08 09:47:00,59.945,59.98,59.92,59.98,4129.0,BUD
2024-07-08 09:46:00,59.915,59.94,59.915,59.94,1933.0,BUD
2024-07-08 09:45:00,59.9,59.92,59.9,59.915,1096.0,BUD
2024-07-08 09:44:00,59.88,59.9,59.88,59.9,560.0,BUD
2024-07-08 09:43:00,59.86,59.88,59.85,59.87,2816.0,BUD
2024-07-08 09:42:00,59.86,59.87,59.85,59.86,2270.0,BUD
2024-07-08 09:41:00,59.9,59.9,59.89,59.89,1551.0,BUD
2024-07-08 09:40:00,59.89,59.91,59.89,59.91,350.0,BUD
2024-07-08 09:39:00,59.885,59.9,59.87,59.891,5824.0,BUD
2024-07-08 09:38:00,59.92,59.94,59.9,59.9,3266.0,BUD
2024-07-08 09:37:00,59.94,59.94,59.91,59.91,3755.0,BUD
2024-07-08 09:36:00,59.95,59.96,59.945,59.945,1936.0,BUD
2024-07-08 09:35:00,59.96,59.96,59.93,59.94,3690.0,BUD
2024-07-08 09:34:00,59.9,59.96,59.89,59.96,4934.0,BUD
2024-07-08 09:33:00,59.9,59.92,59.9,59.91,4362.0,BUD
2024-07-08 09:32:00,59.94,59.95,59.91,59.91,2629.0,BUD
2024-07-08 09:31:00,59.9,59.93,59.89,59.93,2076.0,BUD
2024-07-08 09:30:00,59.95,59.95,59.89,59.91,14916.0,BUD
2024-07-08 09:29:00,59.97,59.97,59.97,59.97,414.0,BUD
2024-07-08 09:27:00,60.01,60.01,60.01,60.01,87.0,BUD
2024-07-08 09:24:00,60.011,60.011,60.011,60.011,7.0,BUD
2024-07-08 09:22:00,60.0,60.02,60.0,60.02,18.0,BUD
2024-07-08 09:21:00,59.961,59.961,59.961,59.961,1.0,BUD
2024-07-08 09:19:00,60.01,60.01,60.01,60.01,23.0,BUD
2024-07-08 09:18:00,60.0,60.0,60.0,60.0,50.0,BUD
2024-07-08 09:17:00,60.01,60.01,60.0,60.0,14.0,BUD
2024-07-08 09:16:00,60.01,60.01,60.01,60.01,200.0,BUD
2024-07-08 09:15:00,60.01,60.01,60.01,60.01,46.0,BUD
2024-07-08 09:10:00,59.98,59.98,59.98,59.98,5.0,BUD
2024-07-08 09:09:00,60.02,60.02,60.02,60.02,1.0,BUD
2024-07-08 09:02:00,60.031,60.031,60.031,60.031,4.0,BUD
2024-07-08 09:01:00,60.035,60.035,60.035,60.035,2.0,BUD
2024-07-08 09:00:00,60.03,60.03,60.03,60.03,24.0,BUD
2024-07-08 08:56:00,59.98,59.98,59.98,59.98,2.0,BUD
2024-07-08 08:54:00,60.0,60.0,60.0,60.0,10.0,BUD
2024-07-08 08:50:00,60.0,60.0,60.0,60.0,303.0,BUD
2024-07-08 08:46:00,60.0,60.0,60.0,60.0,2.0,BUD
2024-07-08 08:44:00,59.69,59.69,59.69,59.69,1.0,BUD
2024-07-08 08:43:00,59.93,59.93,59.93,59.93,200.0,BUD
2024-07-08 08:39:00,59.97,59.97,59.97,59.97,300.0,BUD
2024-07-08 08:33:00,59.92,59.92,59.92,59.92,5.0,BUD
2024-07-08 08:21:00,59.87,59.87,59.87,59.87,645.0,BUD
2024-07-08 08:16:00,59.87,59.87,59.87,59.87,10.0,BUD
2024-07-08 08:06:00,59.868,59.868,59.868,59.868,1.0,BUD
2024-07-08 08:04:00,59.74,59.74,59.74,59.74,3.0,BUD
2024-07-08 08:03:00,59.74,59.74,59.74,59.74,10.0,BUD
2024-07-08 08:02:00,59.74,59.74,59.74,59.74,37.0,BUD
2024-07-08 08:00:00,59.77,59.77,59.73,59.73,104.0,BUD
2024-07-08 07:00:00,59.61,59.61,59.61,59.61,8.0,BUD
2024-07-08 06:57:00,59.65,59.65,59.65,59.65,2.0,BUD
2024-07-08 06:48:00,59.68,59.68,59.68,59.68,1.0,BUD
2024-07-08 06:20:00,59.71,59.71,59.71,59.71,8.0,BUD
2024-07-08 06:17:00,59.71,59.71,59.71,59.71,5.0,BUD
2024-07-08 06:10:00,59.71,59.71,59.71,59.71,5.0,BUD
2024-07-08 05:41:00,59.71,59.71,59.71,59.71,2.0,BUD
2024-07-08 05:23:00,59.71,59.71,59.71,59.71,5.0,BUD
2024-07-08 05:12:00,59.66,59.66,59.66,59.66,3.0,BUD
2024-07-08 05:03:00,59.67,59.67,59.67,59.67,1.0,BUD
2024-07-08 04:54:00,59.8,59.8,59.78,59.78,424.0,BUD
2024-07-08 04:37:00,59.88,59.88,59.88,59.88,1.0,BUD
2024-07-08 04:33:00,59.89,59.9,59.89,59.9,144.0,BUD
2024-07-08 04:31:00,59.84,59.84,59.84,59.84,528.0,BUD
2024-07-08 04:04:00,59.84,59.84,59.84,59.84,200.0,BUD
2024-07-08 04:03:00,59.9,59.9,59.9,59.9,200.0,BUD
2024-07-08 04:00:00,59.97,59.97,59.97,59.97,1.0,BUD
2024-07-05 19:59:00,60.22,60.22,60.22,60.22,4.0,BUD
2024-07-05 19:00:00,59.76,59.76,59.76,59.76,99103.0,BUD
2024-07-05 18:59:00,59.76,59.76,59.76,59.76,3.0,BUD
2024-07-05 18:49:00,59.361,59.361,59.361,59.361,166.0,BUD
2024-07-05 18:30:00,59.76,59.76,59.76,59.76,99103.0,BUD
2024-07-05 17:57:00,59.3,59.3,59.3,59.3,3.0,BUD
2024-07-05 17:49:00,59.61,59.61,59.61,59.61,1.0,BUD
2024-07-05 17:39:00,59.61,59.61,59.61,59.61,2.0,BUD
2024-07-05 16:55:00,59.62,59.62,59.62,59.62,5.0,BUD
2024-07-05 16:48:00,59.61,59.61,59.61,59.61,54.0,BUD
2024-07-05 16:41:00,59.81,59.81,59.81,59.81,15.0,BUD
2024-07-05 16:36:00,59.8,59.8,59.8,59.8,1.0,BUD
2024-07-05 16:10:00,59.76,59.76,59.76,59.76,99103.0,BUD
2024-07-05 16:02:00,59.905,59.905,59.905,59.905,4.0,BUD
2024-07-05 16:00:00,59.77,59.78,59.76,59.76,209735.0,BUD
2024-07-05 15:59:00,59.785,59.8,59.745,59.78,31319.0,BUD
2024-07-05 15:58:00,59.76,59.785,59.755,59.785,20481.0,BUD
2024-07-05 15:57:00,59.775,59.775,59.755,59.76,29299.0,BUD
2024-07-05 15:56:00,59.77,59.775,59.755,59.775,20416.0,BUD
2024-07-05 15:55:00,59.78,59.785,59.765,59.775,15945.0,BUD
2024-07-05 15:54:00,59.775,59.785,59.77,59.785,7504.0,BUD
2024-07-05 15:53:00,59.805,59.81,59.77,59.775,14839.0,BUD
2024-07-05 15:52:00,59.785,59.805,59.775,59.805,8520.0,BUD
2024-07-05 15:51:00,59.805,59.815,59.78,59.785,20324.0,BUD
2024-07-05 15:50:00,59.75,59.81,59.75,59.805,18587.0,BUD
2024-07-05 15:49:00,59.735,59.75,59.73,59.745,4805.0,BUD
2024-07-05 15:48:00,59.735,59.735,59.725,59.735,5880.0,BUD
2024-07-05 15:47:00,59.72,59.745,59.715,59.735,6514.0,BUD
2024-07-05 15:46:00,59.725,59.725,59.715,59.715,2610.0,BUD
2024-07-05 15:45:00,59.7,59.73,59.7,59.725,8088.0,BUD
2024-07-05 15:44:00,59.68,59.695,59.68,59.695,9238.0,BUD
2024-07-05 15:43:00,59.67,59.68,59.67,59.68,3802.0,BUD
2024-07-05 15:42:00,59.675,59.675,59.665,59.67,6305.0,BUD
2024-07-05 15:41:00,59.68,59.685,59.68,59.68,4333.0,BUD
2024-07-05 15:39:00,59.675,59.685,59.66,59.675,12620.0,BUD
2024-07-05 15:38:00,59.675,59.68,59.67,59.68,1400.0,BUD
2024-07-05 15:37:00,59.67,59.675,59.67,59.675,771.0,BUD
2024-07-05 15:36:00,59.665,59.675,59.665,59.675,2103.0,BUD
2024-07-05 15:35:00,59.67,59.67,59.66,59.665,2815.0,BUD
2024-07-05 15:34:00,59.64,59.66,59.64,59.66,7107.0,BUD
2024-07-05 15:33:00,59.64,59.645,59.64,59.645,615.0,BUD
2024-07-05 15:32:00,59.633,59.645,59.63,59.645,4970.0,BUD
2024-07-05 15:31:00,59.64,59.645,59.63,59.635,3590.0,BUD
2024-07-05 15:30:00,59.62,59.63,59.62,59.63,3855.0,BUD
2024-07-05 15:29:00,59.6,59.63,59.6,59.615,7880.0,BUD
2024-07-05 15:28:00,59.605,59.605,59.605,59.605,197.0,BUD
2024-07-05 15:27:00,59.6,59.605,59.595,59.6,4079.0,BUD
2024-07-05 15:26:00,59.61,59.61,59.6,59.6,7539.0,BUD
2024-07-05 15:24:00,59.615,59.615,59.615,59.615,512.0,BUD
2024-07-05 15:23:00,59.64,59.64,59.62,59.62,5492.0,BUD
2024-07-05 15:22:00,59.626,59.635,59.626,59.635,1787.0,BUD
2024-07-05 15:21:00,59.65,59.65,59.63,59.63,2683.0,BUD
2024-07-05 15:20:00,59.635,59.65,59.625,59.65,5882.0,BUD
2024-07-05 15:19:00,59.635,59.635,59.635,59.635,241.0,BUD
2024-07-05 15:18:00,59.64,59.645,59.64,59.64,3151.0,BUD
2024-07-05 15:17:00,59.645,59.645,59.645,59.645,704.0,BUD
2024-07-05 15:16:00,59.645,59.645,59.64,59.645,1549.0,BUD
2024-07-05 15:15:00,59.645,59.65,59.64,59.65,2091.0,BUD
2024-07-05 15:14:00,59.65,59.655,59.65,59.65,4733.0,BUD
2024-07-05 15:13:00,59.645,59.66,59.645,59.655,1556.0,BUD
2024-07-05 15:12:00,59.645,59.645,59.645,59.645,436.0,BUD
2024-07-05 15:11:00,59.645,59.645,59.64,59.64,706.0,BUD
2024-07-05 15:10:00,59.645,59.649,59.64,59.649,1295.0,BUD
2024-07-05 15:09:00,59.645,59.645,59.64,59.645,1514.0,BUD
2024-07-05 15:08:00,59.65,59.658,59.65,59.65,1333.0,BUD
2024-07-05 15:07:00,59.62,59.64,59.62,59.64,3270.0,BUD
2024-07-05 15:06:00,59.65,59.65,59.625,59.625,3276.0,BUD
2024-07-05 15:05:00,59.64,59.665,59.64,59.655,3223.0,BUD
2024-07-05 15:04:00,59.64,59.645,59.64,59.645,719.0,BUD
2024-07-05 15:03:00,59.66,59.66,59.655,59.655,689.0,BUD
2024-07-05 15:02:00,59.67,59.67,59.66,59.66,1496.0,BUD
2024-07-05 15:01:00,59.69,59.69,59.675,59.675,1211.0,BUD
2024-07-05 15:00:00,59.715,59.715,59.705,59.705,1676.0,BUD
2024-07-05 14:59:00,59.72,59.72,59.715,59.715,662.0,BUD
2024-07-05 14:58:00,59.7,59.72,59.7,59.715,6908.0,BUD
2024-07-05 14:57:00,59.705,59.71,59.7,59.71,1914.0,BUD
2024-07-05 14:56:00,59.7,59.71,59.7,59.71,1192.0,BUD
2024-07-05 14:55:00,59.69,59.7,59.69,59.7,1676.0,BUD
2024-07-05 14:54:00,59.695,59.695,59.68,59.69,2475.0,BUD
2024-07-05 14:52:00,59.695,59.7,59.695,59.7,307.0,BUD
2024-07-05 14:51:00,59.705,59.705,59.695,59.695,747.0,BUD
2024-07-05 14:50:00,59.68,59.71,59.68,59.71,4172.0,BUD
2024-07-05 14:49:00,59.67,59.675,59.67,59.675,1346.0,BUD
2024-07-05 14:48:00,59.68,59.68,59.665,59.665,2934.0,BUD
2024-07-05 14:46:00,59.685,59.685,59.685,59.685,123.0,BUD
2024-07-05 14:45:00,59.685,59.685,59.68,59.68,3780.0,BUD
2024-07-05 14:44:00,59.68,59.68,59.68,59.68,328.0,BUD
2024-07-05 14:42:00,59.67,59.67,59.67,59.67,536.0,BUD
2024-07-05 14:41:00,59.65,59.665,59.65,59.665,893.0,BUD
2024-07-05 14:40:00,59.64,59.655,59.64,59.65,2160.0,BUD
2024-07-05 14:39:00,59.64,59.645,59.64,59.645,688.0,BUD
2024-07-05 14:38:00,59.653,59.653,59.64,59.645,5257.0,BUD
2024-07-05 14:37:00,59.67,59.67,59.655,59.655,10928.0,BUD
2024-07-05 14:36:00,59.68,59.681,59.68,59.68,1486.0,BUD
2024-07-05 14:35:00,59.665,59.685,59.665,59.685,1480.0,BUD
2024-07-05 14:34:00,59.655,59.665,59.65,59.665,1902.0,BUD
2024-07-05 14:33:00,59.65,59.659,59.65,59.65,1644.0,BUD
2024-07-05 14:32:00,59.65,59.655,59.65,59.655,601.0,BUD
2024-07-05 14:31:00,59.65,59.65,59.64,59.64,1128.0,BUD
2024-07-05 14:30:00,59.66,59.66,59.66,59.66,317.0,BUD
2024-07-05 14:29:00,59.665,59.665,59.66,59.66,1414.0,BUD
2024-07-05 14:28:00,59.68,59.68,59.67,59.67,1202.0,BUD
2024-07-05 14:27:00,59.675,59.68,59.675,59.68,2372.0,BUD
2024-07-05 14:25:00,59.67,59.67,59.662,59.67,1952.0,BUD
2024-07-05 14:24:00,59.69,59.69,59.67,59.675,2725.0,BUD
2024-07-05 14:23:00,59.695,59.695,59.695,59.695,271.0,BUD
2024-07-05 14:22:00,59.7,59.7,59.7,59.7,610.0,BUD
2024-07-05 14:21:00,59.7,59.705,59.695,59.695,1269.0,BUD
2024-07-05 14:20:00,59.695,59.7,59.695,59.7,622.0,BUD
2024-07-05 14:19:00,59.69,59.7,59.69,59.7,1488.0,BUD
2024-07-05 14:18:00,59.68,59.685,59.68,59.685,1497.0,BUD
2024-07-05 14:17:00,59.68,59.68,59.675,59.675,487.0,BUD
2024-07-05 14:16:00,59.67,59.67,59.67,59.67,430.0,BUD
2024-07-05 14:15:00,59.65,59.66,59.65,59.66,3037.0,BUD
2024-07-05 14:14:00,59.655,59.655,59.65,59.65,1714.0,BUD
2024-07-05 14:13:00,59.655,59.655,59.645,59.655,1785.0,BUD
2024-07-05 14:11:00,59.645,59.65,59.645,59.65,360.0,BUD
2024-07-05 14:10:00,59.65,59.66,59.645,59.655,895.0,BUD
2024-07-05 14:09:00,59.655,59.66,59.64,59.64,3609.0,BUD
2024-07-05 14:08:00,59.64,59.65,59.64,59.64,3372.0,BUD
2024-07-05 14:07:00,59.66,59.668,59.64,59.64,2701.0,BUD
2024-07-05 14:06:00,59.655,59.67,59.655,59.665,1067.0,BUD
2024-07-05 14:05:00,59.651,59.655,59.651,59.655,743.0,BUD
2024-07-05 14:04:00,59.64,59.642,59.64,59.64,809.0,BUD
2024-07-05 14:03:00,59.66,59.66,59.65,59.65,750.0,BUD
2024-07-05 14:02:00,59.66,59.66,59.66,59.66,358.0,BUD
2024-07-05 14:01:00,59.67,59.67,59.66,59.66,450.0,BUD
2024-07-05 14:00:00,59.67,59.675,59.67,59.67,1744.0,BUD
2024-07-05 13:59:00,59.67,59.68,59.663,59.67,2562.0,BUD
2024-07-05 13:56:00,59.685,59.685,59.68,59.68,924.0,BUD
2024-07-05 13:55:00,59.68,59.685,59.68,59.685,606.0,BUD
2024-07-05 13:54:00,59.67,59.67,59.67,59.67,1294.0,BUD
2024-07-05 13:53:00,59.68,59.68,59.671,59.671,833.0,BUD
2024-07-05 13:52:00,59.7,59.7,59.68,59.68,1438.0,BUD
2024-07-05 13:51:00,59.695,59.715,59.695,59.71,4830.0,BUD
2024-07-05 13:50:00,59.685,59.7,59.68,59.7,847.0,BUD
2024-07-05 13:49:00,59.695,59.695,59.685,59.69,2655.0,BUD
2024-07-05 13:48:00,59.695,59.695,59.695,59.695,218.0,BUD
2024-07-05 13:47:00,59.69,59.692,59.685,59.692,1115.0,BUD
2024-07-05 13:46:00,59.675,59.68,59.675,59.68,2133.0,BUD
2024-07-05 13:44:00,59.68,59.69,59.68,59.69,1024.0,BUD
2024-07-05 13:43:00,59.675,59.69,59.675,59.685,1556.0,BUD
2024-07-05 13:42:00,59.67,59.67,59.67,59.67,271.0,BUD
2024-07-05 13:41:00,59.665,59.665,59.66,59.665,530.0,BUD
2024-07-05 13:40:00,59.65,59.66,59.65,59.66,2133.0,BUD
2024-07-05 13:39:00,59.65,59.65,59.65,59.65,871.0,BUD
2024-07-05 13:38:00,59.65,59.66,59.65,59.66,741.0,BUD
2024-07-05 13:37:00,59.63,59.64,59.63,59.64,947.0,BUD
2024-07-05 13:36:00,59.62,59.625,59.62,59.625,669.0,BUD
2024-07-05 13:35:00,59.63,59.63,59.63,59.63,886.0,BUD
2024-07-05 13:34:00,59.63,59.635,59.63,59.635,665.0,BUD
2024-07-05 13:33:00,59.63,59.63,59.62,59.62,1575.0,BUD
2024-07-05 13:32:00,59.62,59.63,59.62,59.63,456.0,BUD
2024-07-05 13:31:00,59.645,59.645,59.62,59.62,1449.0,BUD
2024-07-05 13:30:00,59.645,59.645,59.64,59.64,510.0,BUD
2024-07-05 13:29:00,59.645,59.645,59.645,59.645,377.0,BUD
2024-07-05 13:28:00,59.631,59.645,59.63,59.645,872.0,BUD
2024-07-05 13:27:00,59.64,59.64,59.63,59.63,528.0,BUD
2024-07-05 13:26:00,59.64,59.64,59.64,59.64,196.0,BUD
2024-07-05 13:25:00,59.64,59.64,59.63,59.63,1232.0,BUD
2024-07-05 13:24:00,59.65,59.65,59.65,59.65,866.0,BUD
2024-07-05 13:23:00,59.655,59.655,59.655,59.655,445.0,BUD
2024-07-05 13:22:00,59.65,59.654,59.65,59.654,773.0,BUD
2024-07-05 13:21:00,59.65,59.65,59.65,59.65,204.0,BUD
2024-07-05 13:20:00,59.65,59.65,59.64,59.64,1025.0,BUD
2024-07-05 13:19:00,59.66,59.665,59.65,59.65,1913.0,BUD
2024-07-05 13:18:00,59.67,59.675,59.665,59.665,1732.0,BUD
2024-07-05 13:17:00,59.67,59.67,59.67,59.67,430.0,BUD
2024-07-05 13:15:00,59.66,59.66,59.66,59.66,342.0,BUD
2024-07-05 13:14:00,59.65,59.65,59.65,59.65,219.0,BUD
2024-07-05 13:13:00,59.66,59.665,59.66,59.66,1040.0,BUD
2024-07-05 13:12:00,59.66,59.66,59.655,59.66,899.0,BUD
2024-07-05 13:11:00,59.67,59.67,59.67,59.67,171.0,BUD
2024-07-05 13:10:00,59.665,59.68,59.66,59.665,2166.0,BUD
2024-07-05 13:09:00,59.67,59.67,59.67,59.67,371.0,BUD
2024-07-05 13:08:00,59.655,59.665,59.655,59.665,1298.0,BUD
2024-07-05 13:07:00,59.65,59.66,59.65,59.655,622.0,BUD
2024-07-05 13:05:00,59.65,59.65,59.65,59.65,503.0,BUD
2024-07-05 13:04:00,59.655,59.655,59.655,59.655,112.0,BUD
2024-07-05 13:03:00,59.655,59.655,59.65,59.65,704.0,BUD
2024-07-05 13:02:00,59.65,59.655,59.65,59.65,752.0,BUD
2024-07-05 13:01:00,59.65,59.65,59.65,59.65,580.0,BUD
2024-07-05 13:00:00,59.66,59.66,59.65,59.655,2017.0,BUD
2024-07-05 12:59:00,59.65,59.65,59.65,59.65,1770.0,BUD
2024-07-05 12:58:00,59.63,59.64,59.63,59.64,378.0,BUD
2024-07-05 12:57:00,59.64,59.64,59.64,59.64,219.0,BUD
2024-07-05 12:56:00,59.64,59.645,59.64,59.645,1127.0,BUD
2024-07-05 12:55:00,59.635,59.635,59.635,59.635,276.0,BUD
2024-07-05 12:54:00,59.64,59.64,59.63,59.63,1720.0,BUD
2024-07-05 12:53:00,59.64,59.645,59.64,59.645,1558.0,BUD
2024-07-05 12:52:00,59.635,59.635,59.635,59.635,286.0,BUD
2024-07-05 12:51:00,59.63,59.635,59.63,59.635,905.0,BUD
2024-07-05 12:50:00,59.62,59.63,59.62,59.63,1150.0,BUD
2024-07-05 12:49:00,59.63,59.63,59.62,59.62,566.0,BUD
2024-07-05 12:45:00,59.62,59.63,59.62,59.62,715.0,BUD
2024-07-05 12:44:00,59.61,59.625,59.61,59.625,1270.0,BUD
2024-07-05 12:43:00,59.62,59.62,59.613,59.613,305.0,BUD
2024-07-05 12:42:00,59.63,59.635,59.63,59.63,1264.0,BUD
2024-07-05 12:41:00,59.62,59.63,59.62,59.63,4499.0,BUD
2024-07-05 12:40:00,59.63,59.635,59.61,59.61,1831.0,BUD
2024-07-05 12:39:00,59.63,59.63,59.63,59.63,233.0,BUD
2024-07-05 12:38:00,59.62,59.625,59.62,59.625,615.0,BUD
2024-07-05 12:37:00,59.61,59.613,59.61,59.61,732.0,BUD
2024-07-05 12:36:00,59.6,59.617,59.6,59.617,1631.0,BUD
2024-07-05 12:35:00,59.63,59.63,59.6,59.6,1239.0,BUD
2024-07-05 12:34:00,59.63,59.645,59.63,59.63,1675.0,BUD
2024-07-05 12:33:00,59.631,59.631,59.63,59.63,1270.0,BUD
2024-07-05 12:31:00,59.66,59.66,59.64,59.64,1518.0,BUD
2024-07-05 12:30:00,59.655,59.66,59.652,59.655,803.0,BUD
2024-07-05 12:29:00,59.67,59.67,59.67,59.67,665.0,BUD
2024-07-05 12:28:00,59.67,59.67,59.66,59.66,992.0,BUD
2024-07-05 12:27:00,59.685,59.685,59.67,59.67,1950.0,BUD
2024-07-05 12:26:00,59.68,59.685,59.68,59.685,993.0,BUD
2024-07-05 12:25:00,59.67,59.675,59.665,59.675,1650.0,BUD
2024-07-05 12:24:00,59.665,59.665,59.66,59.66,565.0,BUD
2024-07-05 12:23:00,59.66,59.66,59.66,59.66,355.0,BUD
2024-07-05 12:22:00,59.66,59.665,59.66,59.66,1086.0,BUD
2024-07-05 12:21:00,59.66,59.66,59.65,59.65,1096.0,BUD
2024-07-05 12:18:00,59.665,59.665,59.665,59.665,557.0,BUD
2024-07-05 12:17:00,59.675,59.675,59.67,59.67,635.0,BUD
2024-07-05 12:16:00,59.66,59.675,59.66,59.675,1077.0,BUD
2024-07-05 12:15:00,59.66,59.66,59.66,59.66,685.0,BUD
2024-07-05 12:14:00,59.67,59.67,59.67,59.67,1530.0,BUD
2024-07-05 12:13:00,59.665,59.665,59.665,59.665,293.0,BUD
2024-07-05 12:12:00,59.69,59.695,59.68,59.68,1640.0,BUD
2024-07-05 12:11:00,59.695,59.695,59.695,59.695,171.0,BUD
2024-07-05 12:10:00,59.675,59.69,59.675,59.69,567.0,BUD
2024-07-05 12:09:00,59.681,59.681,59.67,59.67,2293.0,BUD
2024-07-05 12:08:00,59.645,59.66,59.645,59.66,1714.0,BUD
2024-07-05 12:07:00,59.64,59.64,59.64,59.64,265.0,BUD
2024-07-05 12:06:00,59.61,59.63,59.61,59.63,4754.0,BUD
2024-07-05 12:05:00,59.61,59.61,59.61,59.61,607.0,BUD
2024-07-05 12:04:00,59.6,59.62,59.6,59.61,4405.0,BUD
2024-07-05 12:03:00,59.6,59.6,59.595,59.595,1050.0,BUD
2024-07-05 12:02:00,59.62,59.62,59.6,59.6,781.0,BUD
2024-07-05 12:01:00,59.61,59.625,59.61,59.625,856.0,BUD
2024-07-05 12:00:00,59.63,59.63,59.62,59.62,2398.0,BUD
2024-07-05 11:59:00,59.65,59.65,59.631,59.631,1734.0,BUD
2024-07-05 11:58:00,59.65,59.65,59.64,59.64,2164.0,BUD
2024-07-05 11:57:00,59.67,59.675,59.655,59.66,4919.0,BUD
2024-07-05 11:56:00,59.68,59.68,59.671,59.671,1832.0,BUD
2024-07-05 11:55:00,59.68,59.685,59.68,59.68,1268.0,BUD
2024-07-05 11:54:00,59.675,59.685,59.67,59.68,1549.0,BUD
2024-07-05 11:53:00,59.675,59.675,59.675,59.675,168.0,BUD
2024-07-05 11:52:00,59.675,59.68,59.67,59.67,803.0,BUD
2024-07-05 11:51:00,59.68,59.68,59.68,59.68,409.0,BUD
2024-07-05 11:50:00,59.7,59.7,59.68,59.68,1281.0,BUD
2024-07-05 11:49:00,59.71,59.71,59.7,59.7,2827.0,BUD
2024-07-05 11:48:00,59.695,59.71,59.695,59.71,2561.0,BUD
2024-07-05 11:47:00,59.69,59.695,59.69,59.695,712.0,BUD
2024-07-05 11:46:00,59.685,59.69,59.685,59.69,489.0,BUD
2024-07-05 11:45:00,59.685,59.69,59.685,59.69,1874.0,BUD
2024-07-05 11:44:00,59.695,59.695,59.685,59.685,581.0,BUD
2024-07-05 11:43:00,59.695,59.7,59.69,59.69,642.0,BUD
2024-07-05 11:42:00,59.69,59.69,59.69,59.69,113.0,BUD
2024-07-05 11:41:00,59.69,59.69,59.685,59.685,799.0,BUD
2024-07-05 11:40:00,59.675,59.69,59.675,59.69,972.0,BUD
2024-07-05 11:39:00,59.67,59.675,59.67,59.675,1152.0,BUD
2024-07-05 11:38:00,59.67,59.67,59.67,59.67,501.0,BUD
2024-07-05 11:37:00,59.675,59.675,59.67,59.67,1702.0,BUD
2024-07-05 11:36:00,59.68,59.68,59.68,59.68,1193.0,BUD
2024-07-05 11:35:00,59.67,59.67,59.67,59.67,786.0,BUD
2024-07-05 11:34:00,59.64,59.67,59.63,59.67,17544.0,BUD
2024-07-05 11:33:00,59.64,59.645,59.64,59.645,3521.0,BUD
2024-07-05 11:32:00,59.635,59.655,59.63,59.65,3600.0,BUD
2024-07-05 11:31:00,59.635,59.635,59.635,59.635,176.0,BUD
2024-07-05 11:30:00,59.63,59.63,59.62,59.63,2903.0,BUD
2024-07-05 11:29:00,59.66,59.66,59.63,59.63,2429.0,BUD
2024-07-05 11:28:00,59.675,59.675,59.66,59.66,1020.0,BUD
2024-07-05 11:27:00,59.665,59.675,59.66,59.665,3020.0,BUD
2024-07-05 11:26:00,59.67,59.67,59.67,59.67,137.0,BUD
2024-07-05 11:25:00,59.68,59.695,59.68,59.69,1367.0,BUD
2024-07-05 11:24:00,59.67,59.68,59.67,59.68,985.0,BUD
2024-07-05 11:23:00,59.68,59.69,59.675,59.675,3502.0,BUD
2024-07-05 11:22:00,59.66,59.68,59.66,59.68,1437.0,BUD
2024-07-05 11:21:00,59.7,59.7,59.67,59.67,2535.0,BUD
2024-07-05 11:20:00,59.68,59.695,59.68,59.695,4993.0,BUD
2024-07-05 11:19:00,59.69,59.69,59.69,59.69,293.0,BUD
2024-07-05 11:18:00,59.69,59.69,59.69,59.69,660.0,BUD
2024-07-05 11:17:00,59.695,59.7,59.695,59.7,1259.0,BUD
2024-07-05 11:16:00,59.675,59.695,59.675,59.685,2182.0,BUD
2024-07-05 11:15:00,59.691,59.7,59.67,59.67,1119.0,BUD
2024-07-05 11:14:00,59.709,59.72,59.69,59.7,2466.0,BUD
2024-07-05 11:13:00,59.72,59.725,59.72,59.72,1295.0,BUD
2024-07-05 11:12:00,59.71,59.72,59.71,59.71,951.0,BUD
2024-07-05 11:11:00,59.7,59.7,59.69,59.7,1108.0,BUD
2024-07-05 11:10:00,59.72,59.725,59.69,59.69,1737.0,BUD
2024-07-05 11:09:00,59.76,59.76,59.73,59.73,2720.0,BUD
2024-07-05 11:08:00,59.783,59.783,59.75,59.75,2086.0,BUD
2024-07-05 11:07:00,59.785,59.79,59.76,59.79,2156.0,BUD
2024-07-05 11:06:00,59.79,59.79,59.785,59.785,1259.0,BUD
2024-07-05 11:05:00,59.75,59.78,59.75,59.78,2056.0,BUD
2024-07-05 11:04:00,59.765,59.775,59.75,59.75,1402.0,BUD
2024-07-05 11:03:00,59.765,59.79,59.765,59.77,1089.0,BUD
2024-07-05 11:02:00,59.74,59.78,59.74,59.765,4495.0,BUD
2024-07-05 11:01:00,59.705,59.745,59.7,59.745,2031.0,BUD
2024-07-05 11:00:00,59.65,59.715,59.635,59.705,8935.0,BUD
2024-07-05 10:59:00,59.64,59.65,59.64,59.64,1312.0,BUD
2024-07-05 10:58:00,59.65,59.655,59.64,59.64,1503.0,BUD
2024-07-05 10:57:00,59.66,59.66,59.65,59.65,2167.0,BUD
2024-07-05 10:56:00,59.67,59.67,59.65,59.67,3654.0,BUD
2024-07-05 10:55:00,59.67,59.67,59.66,59.66,1127.0,BUD
2024-07-05 10:54:00,59.665,59.67,59.66,59.67,1549.0,BUD
2024-07-05 10:53:00,59.67,59.67,59.66,59.66,1315.0,BUD
2024-07-05 10:52:00,59.655,59.68,59.655,59.68,1800.0,BUD
2024-07-05 10:51:00,59.665,59.665,59.655,59.665,1556.0,BUD
2024-07-05 10:50:00,59.66,59.665,59.66,59.66,1089.0,BUD
2024-07-05 10:49:00,59.67,59.68,59.66,59.66,2540.0,BUD
2024-07-05 10:48:00,59.66,59.665,59.66,59.665,1010.0,BUD
2024-07-05 10:47:00,59.65,59.66,59.65,59.66,669.0,BUD
2024-07-05 10:46:00,59.68,59.7,59.67,59.67,2461.0,BUD
2024-07-05 10:45:00,59.65,59.68,59.65,59.68,3460.0,BUD
2024-07-05 10:44:00,59.65,59.66,59.65,59.66,458.0,BUD
2024-07-05 10:43:00,59.655,59.655,59.64,59.645,1285.0,BUD
2024-07-05 10:42:00,59.65,59.65,59.64,59.64,564.0,BUD
2024-07-05 10:41:00,59.65,59.675,59.64,59.66,2143.0,BUD
2024-07-05 10:40:00,59.64,59.645,59.63,59.645,1950.0,BUD
2024-07-05 10:39:00,59.66,59.66,59.65,59.65,1457.0,BUD
2024-07-05 10:38:00,59.685,59.685,59.685,59.685,215.0,BUD
2024-07-05 10:37:00,59.67,59.685,59.655,59.685,4355.0,BUD
2024-07-05 10:36:00,59.65,59.677,59.65,59.677,1753.0,BUD
2024-07-05 10:35:00,59.65,59.66,59.65,59.65,1830.0,BUD
2024-07-05 10:34:00,59.7,59.7,59.67,59.67,1009.0,BUD
2024-07-05 10:33:00,59.705,59.71,59.7,59.705,1828.0,BUD
2024-07-05 10:32:00,59.67,59.69,59.67,59.69,1058.0,BUD
2024-07-05 10:31:00,59.66,59.685,59.635,59.645,1855.0,BUD
2024-07-05 10:30:00,59.65,59.65,59.63,59.63,1407.0,BUD
2024-07-05 10:29:00,59.67,59.68,59.67,59.67,1223.0,BUD
2024-07-05 10:28:00,59.71,59.71,59.68,59.68,1482.0,BUD
2024-07-05 10:27:00,59.7,59.705,59.685,59.702,2078.0,BUD
2024-07-05 10:26:00,59.68,59.695,59.68,59.69,2851.0,BUD
2024-07-05 10:25:00,59.68,59.69,59.679,59.68,3442.0,BUD
2024-07-05 10:24:00,59.69,59.7,59.68,59.685,4585.0,BUD
2024-07-05 10:23:00,59.69,59.705,59.68,59.68,1501.0,BUD
2024-07-05 10:22:00,59.69,59.695,59.67,59.685,2885.0,BUD
2024-07-05 10:21:00,59.68,59.7,59.68,59.7,1812.0,BUD
2024-07-05 10:20:00,59.69,59.695,59.67,59.69,2902.0,BUD
2024-07-05 10:19:00,59.69,59.71,59.68,59.71,1282.0,BUD
2024-07-05 10:18:00,59.64,59.68,59.64,59.68,742.0,BUD
2024-07-05 10:17:00,59.66,59.66,59.63,59.64,2231.0,BUD
2024-07-05 10:16:00,59.66,59.67,59.66,59.66,3444.0,BUD
2024-07-05 10:15:00,59.67,59.67,59.65,59.66,4271.0,BUD
2024-07-05 10:14:00,59.68,59.68,59.66,59.67,1304.0,BUD
2024-07-05 10:13:00,59.64,59.67,59.64,59.67,4307.0,BUD
2024-07-05 10:12:00,59.55,59.635,59.55,59.63,3583.0,BUD
2024-07-05 10:11:00,59.55,59.55,59.54,59.54,806.0,BUD
2024-07-05 10:10:00,59.58,59.58,59.54,59.56,2140.0,BUD
2024-07-05 10:09:00,59.57,59.58,59.57,59.58,646.0,BUD
2024-07-05 10:08:00,59.6,59.605,59.56,59.58,4793.0,BUD
2024-07-05 10:07:00,59.6,59.613,59.59,59.613,2102.0,BUD
2024-07-05 10:06:00,59.66,59.66,59.611,59.62,2309.0,BUD
2024-07-05 10:05:00,59.61,59.66,59.61,59.66,2889.0,BUD
2024-07-05 10:04:00,59.59,59.62,59.59,59.62,4399.0,BUD
2024-07-05 10:03:00,59.6,59.6,59.58,59.58,1303.0,BUD
2024-07-05 10:02:00,59.68,59.68,59.61,59.62,1604.0,BUD
2024-07-05 10:01:00,59.68,59.68,59.67,59.68,2277.0,BUD
2024-07-05 10:00:00,59.72,59.73,59.69,59.73,8311.0,BUD
2024-07-05 09:59:00,59.745,59.75,59.74,59.75,1272.0,BUD
2024-07-05 09:58:00,59.71,59.73,59.71,59.73,4824.0,BUD
2024-07-05 09:57:00,59.695,59.71,59.695,59.71,1536.0,BUD
2024-07-05 09:56:00,59.73,59.73,59.68,59.68,960.0,BUD
2024-07-05 09:55:00,59.76,59.76,59.72,59.74,1697.0,BUD
2024-07-05 09:54:00,59.78,59.78,59.74,59.76,1754.0,BUD
2024-07-05 09:53:00,59.75,59.76,59.75,59.76,1122.0,BUD
2024-07-05 09:52:00,59.77,59.77,59.73,59.74,1656.0,BUD
2024-07-05 09:51:00,59.78,59.8,59.772,59.772,6880.0,BUD
2024-07-05 09:50:00,59.76,59.76,59.76,59.76,309.0,BUD
2024-07-05 09:49:00,59.83,59.83,59.83,59.83,323.0,BUD
2024-07-05 09:48:00,59.95,59.95,59.92,59.92,2463.0,BUD
2024-07-05 09:47:00,59.97,59.97,59.95,59.95,1803.0,BUD
2024-07-05 09:46:00,60.01,60.02,60.0,60.0,2309.0,BUD
2024-07-05 09:45:00,60.05,60.06,60.02,60.04,8844.0,BUD
2024-07-05 09:44:00,60.06,60.06,60.06,60.06,487.0,BUD
2024-07-05 09:43:00,60.01,60.05,60.01,60.05,1467.0,BUD
2024-07-05 09:42:00,60.04,60.05,60.03,60.03,1773.0,BUD
2024-07-05 09:41:00,60.04,60.075,60.04,60.075,1145.0,BUD
2024-07-05 09:40:00,60.07,60.07,60.04,60.04,857.0,BUD
2024-07-05 09:39:00,60.095,60.1,60.07,60.07,872.0,BUD
2024-07-05 09:38:00,60.15,60.15,60.09,60.09,3303.0,BUD
2024-07-05 09:37:00,60.2,60.2,60.16,60.17,2093.0,BUD
2024-07-05 09:36:00,60.25,60.25,60.2,60.22,4469.0,BUD
2024-07-05 09:35:00,60.27,60.31,60.24,60.255,3296.0,BUD
2024-07-05 09:34:00,60.26,60.275,60.255,60.275,1230.0,BUD
2024-07-05 09:33:00,60.205,60.24,60.18,60.24,3124.0,BUD
2024-07-05 09:32:00,60.235,60.235,60.17,60.21,4156.0,BUD
2024-07-05 09:31:00,60.22,60.29,60.215,60.28,4973.0,BUD
2024-07-05 09:30:00,60.23,60.27,60.2,60.2,18771.0,BUD
2024-07-05 09:29:00,60.31,60.33,60.25,60.26,3492.0,BUD
2024-07-05 09:26:00,60.43,60.43,60.43,60.43,100.0,BUD
2024-07-05 09:15:00,60.368,60.368,60.368,60.368,1.0,BUD
2024-07-05 09:13:00,60.34,60.34,60.34,60.34,337.0,BUD
2024-07-05 09:12:00,60.37,60.37,60.35,60.35,410.0,BUD
2024-07-05 09:10:00,60.35,60.35,60.35,60.35,16.0,BUD
2024-07-05 09:07:00,60.29,60.29,60.29,60.29,5.0,BUD
2024-07-05 09:02:00,60.2,60.2,60.2,60.2,20000.0,BUD
2024-07-05 09:01:00,60.26,60.26,60.26,60.26,49.0,BUD
2024-07-05 09:00:00,60.35,60.35,60.35,60.35,5.0,BUD
2024-07-05 08:58:00,60.31,60.31,60.31,60.31,5.0,BUD
2024-07-05 08:54:00,60.23,60.23,60.23,60.23,50.0,BUD
2024-07-05 08:44:00,60.2,60.2,60.2,60.2,1.0,BUD
2024-07-05 08:35:00,60.13,60.13,60.13,60.13,1.0,BUD
2024-07-05 08:31:00,60.2,60.2,60.2,60.2,3.0,BUD
2024-07-05 08:30:00,60.1,60.1,60.1,60.1,100.0,BUD
2024-07-05 08:19:00,60.08,60.08,60.08,60.08,3.0,BUD
2024-07-05 08:13:00,59.981,59.981,59.981,59.981,3.0,BUD
2024-07-05 08:06:00,60.55,60.55,60.55,60.55,1.0,BUD
2024-07-05 08:04:00,60.23,60.23,60.23,60.23,7.0,BUD
2024-07-05 08:02:00,60.06,60.06,60.06,60.06,2.0,BUD
2024-07-05 08:01:00,59.9,59.9,59.9,59.9,6.0,BUD
2024-07-05 08:00:00,59.88,59.93,59.84,59.84,46.0,BUD
2024-07-05 07:59:00,59.91,59.91,59.91,59.91,85.0,BUD
2024-07-05 07:58:00,59.91,59.91,59.91,59.91,865.0,BUD
2024-07-05 07:19:00,59.98,59.98,59.98,59.98,40.0,BUD
2024-07-05 07:08:00,59.88,59.88,59.88,59.88,4.0,BUD
2024-07-05 06:57:00,59.89,59.89,59.89,59.89,20.0,BUD
2024-07-05 06:44:00,59.85,59.85,59.85,59.85,3.0,BUD
2024-07-05 06:40:00,59.94,59.94,59.94,59.94,18.0,BUD
2024-07-05 06:21:00,59.99,59.99,59.99,59.99,8.0,BUD
2024-07-05 06:18:00,60.0,60.0,60.0,60.0,388.0,BUD
2024-07-05 05:59:00,60.0,60.0,60.0,60.0,1.0,BUD
2024-07-05 05:46:00,59.95,59.95,59.95,59.95,150.0,BUD
2024-07-05 05:12:00,60.11,60.11,60.1,60.1,150.0,BUD
2024-07-05 04:38:00,60.08,60.08,60.08,60.08,3.0,BUD
2024-07-05 04:35:00,60.07,60.07,60.07,60.07,40.0,BUD
2024-07-05 04:22:00,60.06,60.06,60.06,60.06,1.0,BUD
2024-07-05 04:07:00,60.1,60.1,60.1,60.1,341.0,BUD
2024-07-05 04:03:00,60.07,60.07,60.07,60.07,5.0,BUD
2024-07-05 04:02:00,60.11,60.11,60.1,60.1,509.0,BUD
2024-07-03 17:00:00,60.06,60.06,60.06,60.06,46725.0,BUD
2024-07-03 16:50:00,60.311,60.36,60.311,60.36,41.0,BUD
2024-07-03 15:31:00,60.2,60.2,60.2,60.2,20.0,BUD
2024-07-03 15:30:00,60.06,60.06,60.06,60.06,46725.0,BUD
2024-07-03 15:29:00,60.0,60.0,60.0,60.0,1.0,BUD
2024-07-03 15:28:00,60.185,60.185,60.185,60.185,34.0,BUD
2024-07-03 15:13:00,60.185,60.185,60.185,60.185,1.0,BUD
2024-07-03 15:10:00,60.357,60.357,60.357,60.357,7.0,BUD
2024-07-03 14:47:00,60.0,60.0,60.0,60.0,850.0,BUD
2024-07-03 14:36:00,59.343,59.343,59.343,59.343,100.0,BUD
2024-07-03 14:35:00,60.0,60.0,58.14,58.14,66.0,BUD
2024-07-03 14:25:00,59.255,59.255,59.255,59.255,3.0,BUD
2024-07-03 14:15:00,59.255,59.255,59.255,59.255,1.0,BUD
2024-07-03 14:12:00,60.28,60.28,60.28,60.28,1.0,BUD
2024-07-03 14:09:00,60.37,60.37,60.37,60.37,1.0,BUD
2024-07-03 13:46:00,60.01,60.01,60.01,60.01,1.0,BUD
2024-07-03 13:40:00,59.89,60.0,59.89,59.91,15.0,BUD
2024-07-03 13:33:00,60.01,60.01,60.01,60.01,7.0,BUD
2024-07-03 13:26:00,60.08,60.08,60.08,60.08,3.0,BUD
2024-07-03 13:10:00,60.06,60.06,60.06,60.06,46725.0,BUD
2024-07-03 13:09:00,60.08,60.08,60.08,60.08,3.0,BUD
2024-07-03 13:08:00,60.05,60.05,60.05,60.05,25.0,BUD
2024-07-03 13:07:00,60.03,60.03,60.03,60.03,50.0,BUD
2024-07-03 13:05:00,60.06,60.06,60.06,60.06,90000.0,BUD
2024-07-03 13:00:00,60.05,60.06,60.05,60.06,93561.0,BUD
2024-07-03 12:59:00,60.065,60.07,60.04,60.05,19035.0,BUD
2024-07-03 12:58:00,60.07,60.105,60.065,60.065,18203.0,BUD
2024-07-03 12:57:00,60.06,60.08,60.05,60.065,13638.0,BUD
2024-07-03 12:56:00,60.06,60.06,60.03,60.05,16104.0,BUD
2024-07-03 12:55:00,60.06,60.06,60.03,60.055,10641.0,BUD
2024-07-03 12:54:00,60.095,60.1,60.05,60.05,16549.0,BUD
2024-07-03 12:53:00,60.12,60.12,60.1,60.1,6782.0,BUD
2024-07-03 12:52:00,60.03,60.12,60.025,60.12,20529.0,BUD
2024-07-03 12:51:00,60.04,60.05,60.03,60.03,7687.0,BUD
2024-07-03 12:50:00,60.04,60.05,60.02,60.03,12263.0,BUD
2024-07-03 12:49:00,60.045,60.05,60.04,60.045,6218.0,BUD
2024-07-03 12:48:00,60.05,60.06,60.05,60.05,4766.0,BUD
2024-07-03 12:47:00,60.06,60.06,60.04,60.055,7706.0,BUD
2024-07-03 12:46:00,60.08,60.08,60.04,60.055,6580.0,BUD
2024-07-03 12:45:00,60.04,60.075,60.04,60.07,8234.0,BUD
2024-07-03 12:44:00,60.045,60.05,60.03,60.03,4752.0,BUD
2024-07-03 12:43:00,60.06,60.06,60.04,60.045,7321.0,BUD
2024-07-03 12:42:00,60.05,60.055,60.04,60.055,2759.0,BUD
2024-07-03 12:41:00,60.05,60.05,60.04,60.04,4635.0,BUD
2024-07-03 12:40:00,60.055,60.059,60.05,60.055,597.0,BUD
2024-07-03 12:39:00,60.04,60.06,60.04,60.051,6257.0,BUD
2024-07-03 12:38:00,60.045,60.045,60.03,60.04,3671.0,BUD
2024-07-03 12:37:00,60.03,60.05,60.03,60.045,2974.0,BUD
2024-07-03 12:36:00,60.025,60.04,60.025,60.03,4567.0,BUD
2024-07-03 12:35:00,60.015,60.03,60.015,60.025,4323.0,BUD
2024-07-03 12:34:00,60.025,60.025,60.0,60.01,6652.0,BUD
2024-07-03 12:33:00,60.005,60.025,59.995,60.025,20124.0,BUD
2024-07-03 12:32:00,60.015,60.02,60.0,60.005,5119.0,BUD
2024-07-03 12:31:00,60.005,60.02,60.0,60.01,2331.0,BUD
2024-07-03 12:30:00,60.01,60.02,60.0,60.005,15809.0,BUD
2024-07-03 12:29:00,60.005,60.015,60.0,60.01,13289.0,BUD
2024-07-03 12:28:00,60.005,60.01,60.005,60.005,3274.0,BUD
2024-07-03 12:27:00,60.005,60.005,60.0,60.005,3292.0,BUD
2024-07-03 12:26:00,60.035,60.035,60.0,60.005,8576.0,BUD
2024-07-03 12:25:00,60.032,60.035,60.03,60.03,2994.0,BUD
2024-07-03 12:24:00,60.03,60.04,60.03,60.035,2261.0,BUD
2024-07-03 12:23:00,60.08,60.08,60.02,60.035,4693.0,BUD
2024-07-03 12:22:00,60.085,60.085,60.08,60.08,3752.0,BUD
2024-07-03 12:21:00,60.08,60.085,60.08,60.085,3573.0,BUD
2024-07-03 12:20:00,60.095,60.095,60.07,60.08,16055.0,BUD
2024-07-03 12:19:00,60.115,60.115,60.095,60.095,7405.0,BUD
2024-07-03 12:18:00,60.12,60.125,60.11,60.11,2413.0,BUD
2024-07-03 12:17:00,60.14,60.14,60.11,60.11,6128.0,BUD
2024-07-03 12:16:00,60.135,60.14,60.135,60.14,821.0,BUD
2024-07-03 12:15:00,60.12,60.14,60.12,60.135,4173.0,BUD
2024-07-03 12:14:00,60.1,60.115,60.1,60.115,1640.0,BUD
2024-07-03 12:13:00,60.08,60.105,60.08,60.095,3436.0,BUD
2024-07-03 12:12:00,60.095,60.095,60.07,60.075,4292.0,BUD
2024-07-03 12:11:00,60.085,60.095,60.08,60.09,2088.0,BUD
2024-07-03 12:10:00,60.095,60.1,60.08,60.08,5866.0,BUD
2024-07-03 12:09:00,60.09,60.095,60.08,60.095,1279.0,BUD
2024-07-03 12:08:00,60.07,60.085,60.07,60.085,3489.0,BUD
2024-07-03 12:07:00,60.085,60.09,60.06,60.06,5216.0,BUD
2024-07-03 12:06:00,60.08,60.085,60.08,60.085,1863.0,BUD
2024-07-03 12:05:00,60.075,60.08,60.075,60.08,740.0,BUD
2024-07-03 12:04:00,60.08,60.085,60.075,60.075,3822.0,BUD
2024-07-03 12:03:00,60.105,60.105,60.08,60.08,2950.0,BUD
2024-07-03 12:02:00,60.11,60.18,60.11,60.11,13475.0,BUD
2024-07-03 12:01:00,60.1,60.11,60.1,60.11,2397.0,BUD
2024-07-03 12:00:00,60.105,60.115,60.095,60.1,4632.0,BUD
2024-07-03 11:59:00,60.09,60.105,60.09,60.105,1680.0,BUD
2024-07-03 11:58:00,60.08,60.095,60.08,60.085,3851.0,BUD
2024-07-03 11:57:00,60.095,60.1,60.07,60.07,4148.0,BUD
2024-07-03 11:56:00,60.09,60.105,60.09,60.095,2639.0,BUD
2024-07-03 11:55:00,60.085,60.09,60.08,60.085,1403.0,BUD
2024-07-03 11:54:00,60.075,60.105,60.07,60.08,5538.0,BUD
2024-07-03 11:53:00,60.065,60.075,60.065,60.075,3959.0,BUD
2024-07-03 11:52:00,60.075,60.08,60.065,60.07,2941.0,BUD
2024-07-03 11:51:00,60.07,60.075,60.06,60.075,4779.0,BUD
2024-07-03 11:50:00,60.095,60.095,60.08,60.08,3419.0,BUD
2024-07-03 11:49:00,60.09,60.095,60.09,60.09,1914.0,BUD
2024-07-03 11:48:00,60.07,60.105,60.07,60.085,6683.0,BUD
2024-07-03 11:47:00,60.035,60.06,60.03,60.06,6541.0,BUD
2024-07-03 11:46:00,60.025,60.035,60.025,60.035,2452.0,BUD
2024-07-03 11:45:00,60.025,60.03,60.02,60.025,1103.0,BUD
2024-07-03 11:44:00,60.025,60.03,60.025,60.025,2004.0,BUD
2024-07-03 11:43:00,60.03,60.03,60.025,60.025,1163.0,BUD
2024-07-03 11:42:00,60.015,60.025,60.015,60.025,1436.0,BUD
2024-07-03 11:41:00,60.025,60.025,60.015,60.015,4062.0,BUD
2024-07-03 11:40:00,60.03,60.035,60.02,60.03,5422.0,BUD
2024-07-03 11:39:00,60.025,60.03,60.025,60.025,1124.0,BUD
2024-07-03 11:38:00,60.025,60.025,60.02,60.025,1771.0,BUD
2024-07-03 11:37:00,60.0,60.025,59.995,60.025,6844.0,BUD
2024-07-03 11:36:00,60.01,60.01,60.0,60.0,1682.0,BUD
2024-07-03 11:35:00,60.04,60.04,60.0,60.012,10866.0,BUD
2024-07-03 11:34:00,60.015,60.09,60.015,60.05,58219.0,BUD
2024-07-03 11:33:00,60.005,60.015,60.0,60.015,1350.0,BUD
2024-07-03 11:32:00,60.005,60.005,59.96,60.005,16971.0,BUD
2024-07-03 11:31:00,59.99,60.01,59.99,60.005,1318.0,BUD
2024-07-03 11:30:00,59.965,59.985,59.88,59.98,51244.0,BUD
2024-07-03 11:29:00,59.975,59.975,59.96,59.962,3523.0,BUD
2024-07-03 11:28:00,59.951,59.975,59.95,59.975,4607.0,BUD
2024-07-03 11:27:00,60.0,60.006,59.96,59.96,9874.0,BUD
2024-07-03 11:26:00,60.0,60.01,60.0,60.005,2604.0,BUD
2024-07-03 11:25:00,60.0,60.005,60.0,60.0,5119.0,BUD
2024-07-03 11:24:00,60.005,60.005,59.98,60.005,5138.0,BUD
2024-07-03 11:23:00,60.005,60.015,60.0,60.005,2890.0,BUD
2024-07-03 11:22:00,60.055,60.055,60.005,60.005,6082.0,BUD
2024-07-03 11:21:00,60.065,60.065,60.055,60.055,6329.0,BUD
2024-07-03 11:20:00,60.051,60.065,60.03,60.065,4079.0,BUD
2024-07-03 11:19:00,60.061,60.061,60.05,60.05,3691.0,BUD
2024-07-03 11:18:00,60.06,60.065,60.06,60.06,1548.0,BUD
2024-07-03 11:17:00,60.07,60.075,60.06,60.065,4102.0,BUD
2024-07-03 11:16:00,60.085,60.085,60.06,60.075,4421.0,BUD
2024-07-03 11:15:00,60.09,60.095,60.075,60.084,3560.0,BUD
2024-07-03 11:14:00,60.04,60.085,60.04,60.08,3948.0,BUD
2024-07-03 11:13:00,60.015,60.05,60.015,60.045,2331.0,BUD
2024-07-03 11:12:00,59.99,60.015,59.99,60.015,3180.0,BUD
2024-07-03 11:11:00,60.022,60.025,60.0,60.0,5109.0,BUD
2024-07-03 11:10:00,60.04,60.04,60.03,60.03,2392.0,BUD
2024-07-03 11:09:00,60.03,60.05,60.03,60.04,5030.0,BUD
2024-07-03 11:08:00,60.03,60.035,60.03,60.03,1295.0,BUD
2024-07-03 11:07:00,60.02,60.035,60.01,60.035,3177.0,BUD
2024-07-03 11:06:00,60.04,60.04,60.02,60.02,4280.0,BUD
2024-07-03 11:05:00,60.045,60.05,60.03,60.04,4489.0,BUD
2024-07-03 11:04:00,60.04,60.04,60.04,60.04,493.0,BUD
2024-07-03 11:03:00,60.035,60.045,60.03,60.045,1926.0,BUD
2024-07-03 11:02:00,60.035,60.055,60.02,60.03,6205.0,BUD
2024-07-03 11:01:00,60.0,60.04,60.0,60.035,6319.0,BUD
2024-07-03 11:00:00,60.015,60.015,60.0,60.0,2379.0,BUD
2024-07-03 10:59:00,60.015,60.015,59.975,60.01,7568.0,BUD
2024-07-03 10:58:00,60.005,60.015,60.005,60.015,1317.0,BUD
2024-07-03 10:57:00,59.995,60.005,59.98,60.005,2826.0,BUD
2024-07-03 10:56:00,59.995,60.015,59.99,59.99,8420.0,BUD
2024-07-03 10:55:00,60.03,60.03,59.995,59.995,12508.0,BUD
2024-07-03 10:54:00,60.0,60.02,59.99,60.015,6899.0,BUD
2024-07-03 10:53:00,59.995,60.005,59.995,60.005,3215.0,BUD
2024-07-03 10:52:00,59.98,59.995,59.975,59.995,5501.0,BUD
2024-07-03 10:51:00,59.955,59.975,59.95,59.975,4633.0,BUD
2024-07-03 10:50:00,59.965,59.97,59.955,59.96,5050.0,BUD
2024-07-03 10:49:00,59.965,59.97,59.94,59.955,10921.0,BUD
2024-07-03 10:48:00,59.95,59.975,59.95,59.96,4553.0,BUD
2024-07-03 10:47:00,59.94,59.95,59.93,59.95,5868.0,BUD
2024-07-03 10:46:00,59.935,59.95,59.93,59.945,1344.0,BUD
2024-07-03 10:45:00,59.935,59.95,59.93,59.93,2495.0,BUD
2024-07-03 10:44:00,59.91,59.94,59.91,59.93,2483.0,BUD
2024-07-03 10:43:00,59.945,59.945,59.93,59.93,1633.0,BUD
2024-07-03 10:42:00,59.95,59.96,59.95,59.95,2157.0,BUD
2024-07-03 10:41:00,59.965,59.965,59.945,59.945,1010.0,BUD
2024-07-03 10:40:00,60.0,60.005,59.97,59.97,3322.0,BUD
2024-07-03 10:39:00,60.045,60.045,60.01,60.01,3234.0,BUD
2024-07-03 10:38:00,60.0,60.045,60.0,60.04,4142.0,BUD
2024-07-03 10:37:00,60.005,60.015,59.995,60.0,4882.0,BUD
2024-07-03 10:36:00,60.02,60.02,60.0,60.005,2443.0,BUD
2024-07-03 10:35:00,60.02,60.03,60.015,60.025,5406.0,BUD
2024-07-03 10:34:00,60.035,60.035,59.98,60.025,6778.0,BUD
2024-07-03 10:33:00,60.02,60.04,60.015,60.03,2737.0,BUD
2024-07-03 10:32:00,60.035,60.04,60.02,60.03,4029.0,BUD
2024-07-03 10:31:00,60.01,60.05,60.005,60.04,5756.0,BUD
2024-07-03 10:30:00,59.965,60.005,59.96,60.005,6354.0,BUD
2024-07-03 10:29:00,59.981,59.99,59.95,59.96,4791.0,BUD
2024-07-03 10:28:00,59.99,59.99,59.975,59.985,1648.0,BUD
2024-07-03 10:27:00,60.015,60.015,59.975,60.005,3611.0,BUD
2024-07-03 10:26:00,60.065,60.065,60.005,60.01,5556.0,BUD
2024-07-03 10:25:00,60.04,60.065,60.04,60.065,2570.0,BUD
2024-07-03 10:24:00,60.045,60.06,60.04,60.04,2921.0,BUD
2024-07-03 10:23:00,60.03,60.055,60.02,60.04,5462.0,BUD
2024-07-03 10:22:00,60.005,60.025,59.995,60.02,4436.0,BUD
2024-07-03 10:21:00,60.02,60.025,59.991,59.991,4260.0,BUD
2024-07-03 10:20:00,60.03,60.035,60.02,60.03,2721.0,BUD
2024-07-03 10:19:00,60.02,60.05,60.015,60.019,7714.0,BUD
2024-07-03 10:18:00,60.045,60.045,60.015,60.02,7764.0,BUD
2024-07-03 10:17:00,59.995,60.04,59.995,60.03,9585.0,BUD
2024-07-03 10:16:00,59.98,59.995,59.975,59.99,4609.0,BUD
2024-07-03 10:15:00,59.905,59.98,59.905,59.975,12457.0,BUD
2024-07-03 10:14:00,59.94,59.94,59.905,59.91,9118.0,BUD
2024-07-03 10:13:00,59.96,59.965,59.94,59.94,6565.0,BUD
2024-07-03 10:12:00,59.945,59.995,59.945,59.965,11225.0,BUD
2024-07-03 10:11:00,59.95,59.965,59.92,59.95,4589.0,BUD
2024-07-03 10:10:00,59.955,59.97,59.95,59.95,5549.0,BUD
2024-07-03 10:09:00,59.955,59.975,59.955,59.955,2283.0,BUD
2024-07-03 10:08:00,59.955,59.96,59.94,59.96,2664.0,BUD
2024-07-03 10:07:00,59.905,59.965,59.905,59.955,4800.0,BUD
2024-07-03 10:06:00,59.97,59.99,59.9,59.905,10232.0,BUD
2024-07-03 10:05:00,59.915,59.98,59.915,59.97,2521.0,BUD
2024-07-03 10:04:00,59.88,59.91,59.88,59.91,3264.0,BUD
2024-07-03 10:03:00,59.85,59.88,59.825,59.87,2911.0,BUD
2024-07-03 10:02:00,59.845,59.87,59.83,59.85,5862.0,BUD
2024-07-03 10:01:00,59.85,59.88,59.845,59.85,11798.0,BUD
2024-07-03 10:00:00,59.82,59.91,59.81,59.84,11681.0,BUD
2024-07-03 09:59:00,59.84,59.84,59.8,59.8,5567.0,BUD
2024-07-03 09:58:00,59.835,59.87,59.835,59.85,2451.0,BUD
2024-07-03 09:57:00,59.845,59.845,59.83,59.83,5084.0,BUD
2024-07-03 09:56:00,59.8,59.85,59.8,59.85,2551.0,BUD
2024-07-03 09:55:00,59.795,59.815,59.78,59.8,4103.0,BUD
2024-07-03 09:54:00,59.77,59.81,59.77,59.79,8487.0,BUD
2024-07-03 09:53:00,59.79,59.8,59.75,59.78,8679.0,BUD
2024-07-03 09:52:00,59.86,59.86,59.8,59.8,13843.0,BUD
2024-07-03 09:51:00,59.88,59.88,59.86,59.86,7314.0,BUD
2024-07-03 09:50:00,59.88,59.9,59.86,59.88,4975.0,BUD
2024-07-03 09:49:00,59.87,59.92,59.87,59.87,9575.0,BUD
2024-07-03 09:48:00,59.84,59.87,59.835,59.87,12026.0,BUD
2024-07-03 09:47:00,59.9,59.9,59.83,59.83,19130.0,BUD
2024-07-03 09:46:00,59.94,59.94,59.89,59.89,7180.0,BUD
2024-07-03 09:45:00,59.91,59.96,59.89,59.95,3290.0,BUD
2024-07-03 09:44:00,59.94,59.96,59.89,59.91,12579.0,BUD
2024-07-03 09:43:00,59.912,59.93,59.89,59.92,6442.0,BUD
2024-07-03 09:42:00,59.88,59.925,59.88,59.91,4472.0,BUD
2024-07-03 09:41:00,59.95,59.95,59.88,59.88,6087.0,BUD
2024-07-03 09:40:00,59.92,59.97,59.92,59.95,7009.0,BUD
2024-07-03 09:39:00,59.86,59.95,59.86,59.93,8570.0,BUD
2024-07-03 09:38:00,59.86,59.9,59.85,59.851,7562.0,BUD
2024-07-03 09:37:00,59.82,59.86,59.8,59.85,13615.0,BUD
2024-07-03 09:36:00,59.74,59.81,59.74,59.81,10081.0,BUD
2024-07-03 09:35:00,59.765,59.79,59.723,59.74,20999.0,BUD
2024-07-03 09:34:00,59.751,59.77,59.71,59.75,15470.0,BUD
2024-07-03 09:33:00,59.79,59.83,59.761,59.761,15680.0,BUD
2024-07-03 09:32:00,59.799,59.81,59.72,59.77,18958.0,BUD
2024-07-03 09:31:00,59.82,59.86,59.76,59.81,27447.0,BUD
2024-07-03 09:30:00,59.82,59.87,59.75,59.8,31950.0,BUD
2024-07-03 09:29:00,59.82,59.82,59.77,59.82,2528.0,BUD
2024-07-03 09:28:00,59.88,59.88,59.86,59.86,319.0,BUD
2024-07-03 09:27:00,59.83,59.85,59.83,59.85,644.0,BUD
2024-07-03 09:26:00,59.82,59.82,59.82,59.82,200.0,BUD
2024-07-03 09:25:00,59.8,59.8,59.8,59.8,400.0,BUD
2024-07-03 09:23:00,59.78,59.78,59.77,59.77,463.0,BUD
2024-07-03 09:20:00,59.76,59.76,59.76,59.76,200.0,BUD
2024-07-03 09:18:00,59.75,59.75,59.75,59.75,100.0,BUD
2024-07-03 09:15:00,59.75,59.75,59.75,59.75,2.0,BUD
2024-07-03 09:14:00,59.689,59.69,59.68,59.69,106.0,BUD
2024-07-03 09:12:00,59.65,59.65,59.64,59.64,413.0,BUD
2024-07-03 09:11:00,59.67,59.67,59.67,59.67,62.0,BUD
2024-07-03 09:10:00,59.68,59.68,59.68,59.68,15.0,BUD
2024-07-03 09:05:00,59.65,59.65,59.65,59.65,310.0,BUD
2024-07-03 09:01:00,59.639,59.639,59.639,59.639,5.0,BUD
2024-07-03 09:00:00,59.61,59.65,59.59,59.65,499.0,BUD
2024-07-03 08:57:00,59.59,59.59,59.59,59.59,105.0,BUD
2024-07-03 08:55:00,59.65,59.65,59.65,59.65,1.0,BUD
2024-07-03 08:51:00,59.61,59.61,59.61,59.61,59.0,BUD
2024-07-03 08:47:00,59.62,59.62,59.62,59.62,10.0,BUD
2024-07-03 08:45:00,59.55,59.56,59.55,59.56,1043.0,BUD
2024-07-03 08:44:00,59.54,59.54,59.54,59.54,49.0,BUD
2024-07-03 08:42:00,59.53,59.54,59.52,59.54,150.0,BUD
2024-07-03 08:34:00,59.5,59.5,59.5,59.5,62.0,BUD
2024-07-03 08:27:00,59.51,59.51,59.51,59.51,4.0,BUD
2024-07-03 08:22:00,59.5,59.5,59.5,59.5,1.0,BUD
2024-07-03 08:21:00,59.45,59.45,59.45,59.45,82.0,BUD
2024-07-03 08:20:00,59.45,59.45,59.45,59.45,18.0,BUD
2024-07-03 08:11:00,59.37,59.37,59.37,59.37,100.0,BUD
2024-07-03 08:09:00,59.47,59.47,59.47,59.47,5.0,BUD
2024-07-03 08:07:00,59.46,59.47,59.46,59.47,51.0,BUD
2024-07-03 08:05:00,59.47,59.47,59.47,59.47,98.0,BUD
2024-07-03 08:04:00,59.46,59.47,59.46,59.47,362.0,BUD
2024-07-03 08:03:00,59.5,59.5,58.66,59.0,608.0,BUD
2024-07-03 08:02:00,58.66,59.0,58.66,58.66,2525.0,BUD
2024-07-03 08:00:00,59.431,59.5,59.35,59.47,58.0,BUD
2024-07-03 07:58:00,59.5,59.5,59.5,59.5,23.0,BUD
2024-07-03 07:37:00,59.43,59.43,59.4,59.4,213.0,BUD
2024-07-03 07:35:00,59.41,59.41,59.37,59.38,663.0,BUD
2024-07-03 07:33:00,59.31,59.31,59.31,59.31,69.0,BUD
2024-07-03 07:32:00,59.27,59.28,59.27,59.28,150.0,BUD
2024-07-03 07:31:00,59.42,59.42,59.28,59.28,2354.0,BUD
2024-07-03 07:30:00,59.42,59.42,59.42,59.42,200.0,BUD
2024-07-03 07:24:00,59.41,59.41,59.41,59.41,4.0,BUD
2024-07-03 07:09:00,59.44,59.44,59.44,59.44,50.0,BUD
2024-07-03 07:07:00,59.43,59.43,59.43,59.43,16.0,BUD
2024-07-03 07:06:00,59.44,59.44,59.43,59.43,106.0,BUD
2024-07-03 07:01:00,59.38,59.38,59.38,59.38,135.0,BUD
2024-07-03 07:00:00,59.47,59.49,59.38,59.38,2577.0,BUD
2024-07-03 06:32:00,59.58,59.58,59.58,59.58,2.0,BUD
2024-07-03 06:20:00,59.62,59.62,59.62,59.62,25.0,BUD
2024-07-03 06:17:00,59.62,59.62,59.62,59.62,100.0,BUD
2024-07-03 06:12:00,59.61,59.61,59.61,59.61,27.0,BUD
2024-07-03 05:51:00,59.58,59.58,59.58,59.58,1.0,BUD
2024-07-03 05:50:00,59.56,59.56,59.56,59.56,56.0,BUD
2024-07-03 05:43:00,59.48,59.48,59.48,59.48,1.0,BUD
2024-07-03 05:34:00,59.5,59.5,59.5,59.5,3.0,BUD
2024-07-03 05:12:00,59.32,59.32,59.32,59.32,3.0,BUD
2024-07-03 05:01:00,59.41,59.41,59.41,59.41,1.0,BUD
2024-07-03 04:53:00,59.49,59.49,59.49,59.49,1.0,BUD
2024-07-03 04:51:00,59.48,59.48,59.48,59.48,1.0,BUD
2024-07-03 04:31:00,59.34,59.34,59.34,59.34,12.0,BUD
2024-07-03 04:07:00,59.36,59.36,59.36,59.36,2.0,BUD
2024-07-03 04:00:00,58.81,59.35,58.81,59.35,36.0,BUD
2024-07-02 19:17:00,58.67,58.67,58.67,58.67,3.0,BUD
2024-07-02 19:16:00,58.67,58.67,58.67,58.67,1.0,BUD
2024-07-02 19:12:00,58.67,58.67,58.67,58.67,6.0,BUD
2024-07-02 19:00:00,58.66,58.66,58.66,58.66,85211.0,BUD
2024-07-02 18:56:00,58.67,58.67,58.67,58.67,3.0,BUD
2024-07-02 18:47:00,58.17,58.17,58.17,58.17,1.0,BUD
2024-07-02 18:30:00,58.66,58.66,58.66,58.66,85211.0,BUD
2024-07-02 18:01:00,58.67,58.67,58.67,58.67,2.0,BUD
2024-07-02 17:54:00,58.38,58.38,58.38,58.38,25.0,BUD
2024-07-02 17:46:00,58.38,58.38,58.38,58.38,32.0,BUD
2024-07-02 17:05:00,58.58,58.58,58.58,58.58,1.0,BUD
2024-07-02 17:01:00,58.0,58.57,58.0,58.57,123.0,BUD
2024-07-02 16:49:00,58.65,58.65,58.65,58.65,1.0,BUD
2024-07-02 16:31:00,58.653,58.67,58.653,58.67,2.0,BUD
2024-07-02 16:28:00,58.5,58.5,58.5,58.5,4.0,BUD
2024-07-02 16:18:00,58.81,58.81,58.81,58.81,10.0,BUD
2024-07-02 16:10:00,58.66,58.66,58.66,58.66,85211.0,BUD
2024-07-02 16:08:00,58.0,58.38,58.0,58.38,6.0,BUD
2024-07-02 16:06:00,58.66,58.66,58.66,58.66,180000.0,BUD
2024-07-02 16:02:00,58.38,58.38,58.38,58.38,1.0,BUD
2024-07-02 16:00:00,58.66,58.66,58.66,58.66,178845.0,BUD
2024-07-02 15:59:00,58.705,58.71,58.65,58.66,47981.0,BUD
2024-07-02 15:58:00,58.71,58.71,58.7,58.7,14017.0,BUD
2024-07-02 15:57:00,58.72,58.72,58.7,58.71,8128.0,BUD
2024-07-02 15:56:00,58.705,58.73,58.705,58.715,22272.0,BUD
2024-07-02 15:55:00,58.71,58.71,58.67,58.7,35331.0,BUD
2024-07-02 15:54:00,58.69,58.73,58.685,58.715,26682.0,BUD
2024-07-02 15:53:00,58.695,58.71,58.67,58.7,27744.0,BUD
2024-07-02 15:52:00,58.695,58.7,58.695,58.695,1946.0,BUD
2024-07-02 15:51:00,58.735,58.74,58.685,58.695,29248.0,BUD
2024-07-02 15:50:00,58.72,58.75,58.705,58.735,50230.0,BUD
2024-07-02 15:49:00,58.68,58.71,58.68,58.7,16509.0,BUD
2024-07-02 15:48:00,58.665,58.675,58.66,58.675,8391.0,BUD
2024-07-02 15:47:00,58.645,58.665,58.645,58.665,4951.0,BUD
2024-07-02 15:46:00,58.665,58.665,58.64,58.64,7491.0,BUD
2024-07-02 15:45:00,58.665,58.67,58.66,58.665,4290.0,BUD
2024-07-02 15:44:00,58.67,58.675,58.655,58.67,8499.0,BUD
2024-07-02 15:43:00,58.66,58.67,58.66,58.665,5066.0,BUD
2024-07-02 15:42:00,58.64,58.67,58.635,58.665,12469.0,BUD
2024-07-02 15:41:00,58.635,58.64,58.63,58.635,1993.0,BUD
2024-07-02 15:40:00,58.64,58.64,58.63,58.635,4004.0,BUD
2024-07-02 15:39:00,58.645,58.65,58.64,58.64,3460.0,BUD
2024-07-02 15:38:00,58.655,58.655,58.64,58.645,2806.0,BUD
2024-07-02 15:37:00,58.655,58.655,58.645,58.655,3556.0,BUD
2024-07-02 15:36:00,58.64,58.655,58.64,58.655,8284.0,BUD
2024-07-02 15:35:00,58.615,58.63,58.615,58.63,2469.0,BUD
2024-07-02 15:34:00,58.635,58.635,58.615,58.615,6020.0,BUD
2024-07-02 15:33:00,58.64,58.65,58.635,58.635,6665.0,BUD
2024-07-02 15:32:00,58.64,58.64,58.63,58.64,4186.0,BUD
2024-07-02 15:31:00,58.645,58.65,58.635,58.64,3401.0,BUD
2024-07-02 15:30:00,58.605,58.645,58.605,58.645,5223.0,BUD
2024-07-02 15:29:00,58.6,58.605,58.6,58.605,3248.0,BUD
2024-07-02 15:28:00,58.56,58.6,58.56,58.6,7299.0,BUD
2024-07-02 15:27:00,58.56,58.56,58.555,58.555,1587.0,BUD
2024-07-02 15:26:00,58.555,58.555,58.55,58.551,873.0,BUD
2024-07-02 15:25:00,58.555,58.555,58.55,58.55,818.0,BUD
2024-07-02 15:24:00,58.55,58.55,58.55,58.55,668.0,BUD
2024-07-02 15:23:00,58.54,58.555,58.54,58.547,4229.0,BUD
2024-07-02 15:22:00,58.52,58.53,58.51,58.53,9101.0,BUD
2024-07-02 15:21:00,58.52,58.52,58.51,58.51,761.0,BUD
2024-07-02 15:20:00,58.53,58.53,58.515,58.52,3927.0,BUD
2024-07-02 15:19:00,58.524,58.53,58.524,58.525,575.0,BUD
2024-07-02 15:18:00,58.51,58.545,58.51,58.53,5541.0,BUD
2024-07-02 15:17:00,58.51,58.51,58.51,58.51,536.0,BUD
2024-07-02 15:16:00,58.515,58.515,58.5,58.505,4869.0,BUD
2024-07-02 15:15:00,58.515,58.515,58.51,58.515,2166.0,BUD
2024-07-02 15:14:00,58.51,58.515,58.51,58.515,3480.0,BUD
2024-07-02 15:13:00,58.505,58.505,58.5,58.505,5167.0,BUD
2024-07-02 15:12:00,58.505,58.51,58.5,58.51,2610.0,BUD
2024-07-02 15:11:00,58.505,58.505,58.505,58.505,787.0,BUD
2024-07-02 15:10:00,58.505,58.505,58.505,58.505,317.0,BUD
2024-07-02 15:09:00,58.52,58.52,58.5,58.505,10723.0,BUD
2024-07-02 15:08:00,58.505,58.518,58.505,58.518,2923.0,BUD
2024-07-02 15:07:00,58.505,58.515,58.5,58.505,9625.0,BUD
2024-07-02 15:06:00,58.505,58.505,58.505,58.505,1159.0,BUD
2024-07-02 15:04:00,58.51,58.51,58.5,58.505,2129.0,BUD
2024-07-02 15:03:00,58.51,58.51,58.5,58.505,389.0,BUD
2024-07-02 15:02:00,58.505,58.51,58.5,58.5,743.0,BUD
2024-07-02 15:01:00,58.51,58.51,58.505,58.51,662.0,BUD
2024-07-02 15:00:00,58.515,58.515,58.5,58.5,1401.0,BUD
2024-07-02 14:59:00,58.525,58.525,58.515,58.515,4313.0,BUD
2024-07-02 14:58:00,58.535,58.535,58.52,58.525,3752.0,BUD
2024-07-02 14:57:00,58.54,58.54,58.53,58.53,1119.0,BUD
2024-07-02 14:56:00,58.54,58.545,58.53,58.54,3539.0,BUD
2024-07-02 14:55:00,58.53,58.54,58.53,58.54,818.0,BUD
2024-07-02 14:54:00,58.535,58.54,58.53,58.53,3761.0,BUD
2024-07-02 14:53:00,58.54,58.545,58.53,58.535,3024.0,BUD
2024-07-02 14:52:00,58.538,58.54,58.538,58.54,592.0,BUD
2024-07-02 14:51:00,58.531,58.54,58.53,58.54,2381.0,BUD
2024-07-02 14:50:00,58.53,58.54,58.53,58.54,248.0,BUD
2024-07-02 14:49:00,58.535,58.535,58.53,58.53,1562.0,BUD
2024-07-02 14:48:00,58.52,58.54,58.52,58.535,3676.0,BUD
2024-07-02 14:47:00,58.5,58.515,58.5,58.515,3139.0,BUD
2024-07-02 14:46:00,58.52,58.52,58.505,58.505,2002.0,BUD
2024-07-02 14:45:00,58.52,58.52,58.515,58.515,520.0,BUD
2024-07-02 14:44:00,58.525,58.53,58.515,58.515,10227.0,BUD
2024-07-02 14:43:00,58.52,58.525,58.52,58.525,590.0,BUD
2024-07-02 14:42:00,58.53,58.53,58.53,58.53,330.0,BUD
2024-07-02 14:41:00,58.512,58.53,58.512,58.525,1702.0,BUD
2024-07-02 14:40:00,58.515,58.515,58.51,58.515,2397.0,BUD
2024-07-02 14:39:00,58.525,58.53,58.515,58.515,2220.0,BUD
2024-07-02 14:38:00,58.52,58.52,58.51,58.52,4074.0,BUD
2024-07-02 14:37:00,58.52,58.52,58.505,58.51,3299.0,BUD
2024-07-02 14:36:00,58.51,58.52,58.51,58.51,1253.0,BUD
2024-07-02 14:35:00,58.5,58.505,58.495,58.505,2953.0,BUD
2024-07-02 14:34:00,58.5,58.5,58.49,58.495,1933.0,BUD
2024-07-02 14:33:00,58.495,58.495,58.495,58.495,652.0,BUD
2024-07-02 14:32:00,58.49,58.495,58.49,58.495,1060.0,BUD
2024-07-02 14:31:00,58.495,58.495,58.49,58.495,1365.0,BUD
2024-07-02 14:30:00,58.495,58.495,58.475,58.49,6843.0,BUD
2024-07-02 14:29:00,58.5,58.515,58.49,58.495,11370.0,BUD
2024-07-02 14:28:00,58.505,58.505,58.505,58.505,1376.0,BUD
2024-07-02 14:27:00,58.51,58.51,58.505,58.505,1116.0,BUD
2024-07-02 14:26:00,58.505,58.505,58.505,58.505,706.0,BUD
2024-07-02 14:25:00,58.5,58.51,58.5,58.505,3306.0,BUD
2024-07-02 14:24:00,58.51,58.51,58.505,58.51,3802.0,BUD
2024-07-02 14:23:00,58.502,58.51,58.502,58.51,1053.0,BUD
2024-07-02 14:22:00,58.505,58.51,58.505,58.505,572.0,BUD
2024-07-02 14:21:00,58.505,58.51,58.5,58.51,1332.0,BUD
2024-07-02 14:20:00,58.505,58.505,58.505,58.505,709.0,BUD
2024-07-02 14:19:00,58.515,58.519,58.5,58.505,2737.0,BUD
2024-07-02 14:18:00,58.515,58.52,58.515,58.52,470.0,BUD
2024-07-02 14:17:00,58.52,58.52,58.515,58.515,1008.0,BUD
2024-07-02 14:16:00,58.52,58.52,58.515,58.515,1413.0,BUD
2024-07-02 14:15:00,58.53,58.54,58.52,58.525,2942.0,BUD
2024-07-02 14:14:00,58.55,58.55,58.535,58.535,1799.0,BUD
2024-07-02 14:13:00,58.54,58.54,58.535,58.54,1002.0,BUD
2024-07-02 14:12:00,58.555,58.555,58.523,58.535,4397.0,BUD
2024-07-02 14:11:00,58.551,58.555,58.55,58.555,1382.0,BUD
2024-07-02 14:10:00,58.555,58.565,58.555,58.555,1708.0,BUD
2024-07-02 14:09:00,58.55,58.55,58.55,58.55,1554.0,BUD
2024-07-02 14:08:00,58.53,58.555,58.525,58.555,6183.0,BUD
2024-07-02 14:07:00,58.525,58.53,58.525,58.53,653.0,BUD
2024-07-02 14:06:00,58.515,58.52,58.512,58.515,1381.0,BUD
2024-07-02 14:05:00,58.515,58.515,58.515,58.515,450.0,BUD
2024-07-02 14:04:00,58.535,58.535,58.515,58.515,4361.0,BUD
2024-07-02 14:03:00,58.53,58.535,58.53,58.53,895.0,BUD
2024-07-02 14:02:00,58.535,58.535,58.53,58.535,623.0,BUD
2024-07-02 14:01:00,58.535,58.535,58.535,58.535,389.0,BUD
2024-07-02 13:59:00,58.535,58.535,58.53,58.535,1155.0,BUD
2024-07-02 13:58:00,58.52,58.53,58.52,58.525,3602.0,BUD
2024-07-02 13:57:00,58.525,58.525,58.525,58.525,456.0,BUD
2024-07-02 13:56:00,58.54,58.54,58.52,58.522,2825.0,BUD
2024-07-02 13:55:00,58.54,58.545,58.54,58.545,2238.0,BUD
2024-07-02 13:54:00,58.53,58.53,58.525,58.53,1799.0,BUD
2024-07-02 13:53:00,58.54,58.54,58.53,58.53,1533.0,BUD
2024-07-02 13:52:00,58.51,58.535,58.51,58.535,1700.0,BUD
2024-07-02 13:51:00,58.51,58.515,58.51,58.51,2164.0,BUD
2024-07-02 13:50:00,58.5,58.51,58.5,58.51,3634.0,BUD
2024-07-02 13:49:00,58.5,58.5,58.495,58.5,891.0,BUD
2024-07-02 13:47:00,58.5,58.5,58.49,58.495,4120.0,BUD
2024-07-02 13:46:00,58.51,58.51,58.5,58.5,4813.0,BUD
2024-07-02 13:45:00,58.5,58.505,58.5,58.505,1835.0,BUD
2024-07-02 13:44:00,58.5,58.5,58.49,58.495,1450.0,BUD
2024-07-02 13:43:00,58.495,58.495,58.49,58.49,1407.0,BUD
2024-07-02 13:42:00,58.491,58.495,58.485,58.49,5859.0,BUD
2024-07-02 13:41:00,58.5,58.5,58.5,58.5,404.0,BUD
2024-07-02 13:40:00,58.5,58.5,58.491,58.491,1683.0,BUD
2024-07-02 13:39:00,58.5,58.505,58.49,58.495,2052.0,BUD
2024-07-02 13:38:00,58.471,58.495,58.471,58.495,3696.0,BUD
2024-07-02 13:37:00,58.472,58.475,58.47,58.47,454.0,BUD
2024-07-02 13:36:00,58.48,58.48,58.475,58.475,473.0,BUD
2024-07-02 13:35:00,58.48,58.48,58.48,58.48,388.0,BUD
2024-07-02 13:34:00,58.5,58.5,58.475,58.475,3161.0,BUD
2024-07-02 13:33:00,58.49,58.495,58.49,58.495,548.0,BUD
2024-07-02 13:32:00,58.457,58.48,58.457,58.48,4349.0,BUD
2024-07-02 13:31:00,58.455,58.46,58.45,58.455,693.0,BUD
2024-07-02 13:30:00,58.45,58.46,58.45,58.46,2916.0,BUD
2024-07-02 13:29:00,58.47,58.47,58.45,58.45,3207.0,BUD
2024-07-02 13:28:00,58.475,58.475,58.475,58.475,281.0,BUD
2024-07-02 13:27:00,58.46,58.475,58.46,58.475,2778.0,BUD
2024-07-02 13:26:00,58.46,58.475,58.46,58.47,2113.0,BUD
2024-07-02 13:25:00,58.455,58.455,58.45,58.455,568.0,BUD
2024-07-02 13:24:00,58.43,58.455,58.43,58.455,4229.0,BUD
2024-07-02 13:23:00,58.42,58.425,58.41,58.425,3251.0,BUD
2024-07-02 13:22:00,58.425,58.425,58.41,58.42,4188.0,BUD
2024-07-02 13:21:00,58.43,58.445,58.42,58.425,10428.0,BUD
2024-07-02 13:20:00,58.425,58.43,58.425,58.43,708.0,BUD
2024-07-02 13:19:00,58.425,58.43,58.425,58.43,806.0,BUD
2024-07-02 13:18:00,58.42,58.425,58.42,58.425,1093.0,BUD
2024-07-02 13:17:00,58.425,58.43,58.425,58.43,998.0,BUD
2024-07-02 13:16:00,58.425,58.425,58.425,58.425,440.0,BUD
2024-07-02 13:15:00,58.425,58.425,58.425,58.425,363.0,BUD
2024-07-02 13:14:00,58.42,58.425,58.42,58.425,1276.0,BUD
2024-07-02 13:13:00,58.425,58.435,58.42,58.425,2908.0,BUD
2024-07-02 13:12:00,58.425,58.425,58.425,58.425,267.0,BUD
2024-07-02 13:11:00,58.445,58.445,58.42,58.42,4653.0,BUD
2024-07-02 13:10:00,58.44,58.446,58.44,58.445,2776.0,BUD
2024-07-02 13:09:00,58.44,58.44,58.435,58.439,1219.0,BUD
2024-07-02 13:08:00,58.43,58.44,58.43,58.44,1359.0,BUD
2024-07-02 13:07:00,58.425,58.425,58.425,58.425,643.0,BUD
2024-07-02 13:06:00,58.425,58.425,58.42,58.425,1685.0,BUD
2024-07-02 13:05:00,58.415,58.425,58.415,58.425,527.0,BUD
2024-07-02 13:04:00,58.42,58.425,58.415,58.415,1403.0,BUD
2024-07-02 13:03:00,58.43,58.43,58.415,58.415,2652.0,BUD
2024-07-02 13:02:00,58.415,58.435,58.415,58.435,906.0,BUD
2024-07-02 13:01:00,58.39,58.415,58.39,58.41,39302.0,BUD
2024-07-02 13:00:00,58.395,58.395,58.39,58.39,1966.0,BUD
2024-07-02 12:59:00,58.39,58.39,58.385,58.39,2658.0,BUD
2024-07-02 12:58:00,58.385,58.39,58.38,58.385,1374.0,BUD
2024-07-02 12:57:00,58.405,58.405,58.38,58.385,1271.0,BUD
2024-07-02 12:56:00,58.41,58.415,58.401,58.405,1732.0,BUD
2024-07-02 12:55:00,58.41,58.41,58.405,58.405,895.0,BUD
2024-07-02 12:54:00,58.4,58.415,58.395,58.415,715.0,BUD
2024-07-02 12:53:00,58.41,58.42,58.4,58.4,5707.0,BUD
2024-07-02 12:52:00,58.39,58.405,58.39,58.405,1236.0,BUD
2024-07-02 12:51:00,58.395,58.395,58.39,58.39,1925.0,BUD
2024-07-02 12:50:00,58.395,58.4,58.39,58.391,1737.0,BUD
2024-07-02 12:49:00,58.395,58.395,58.385,58.385,772.0,BUD
2024-07-02 12:48:00,58.4,58.4,58.39,58.39,1785.0,BUD
2024-07-02 12:47:00,58.395,58.395,58.395,58.395,651.0,BUD
2024-07-02 12:46:00,58.39,58.39,58.385,58.385,847.0,BUD
2024-07-02 12:45:00,58.37,58.4,58.365,58.395,2619.0,BUD
2024-07-02 12:44:00,58.385,58.385,58.37,58.375,4143.0,BUD
2024-07-02 12:43:00,58.38,58.39,58.38,58.385,1039.0,BUD
2024-07-02 12:42:00,58.4,58.405,58.38,58.385,3584.0,BUD
2024-07-02 12:41:00,58.425,58.425,58.41,58.41,3770.0,BUD
2024-07-02 12:40:00,58.42,58.425,58.415,58.42,1000.0,BUD
2024-07-02 12:39:00,58.425,58.43,58.425,58.425,1828.0,BUD
2024-07-02 12:38:00,58.44,58.44,58.42,58.42,3908.0,BUD
2024-07-02 12:37:00,58.41,58.435,58.405,58.435,1433.0,BUD
2024-07-02 12:36:00,58.404,58.405,58.401,58.401,774.0,BUD
2024-07-02 12:35:00,58.4,58.41,58.4,58.4,781.0,BUD
2024-07-02 12:34:00,58.405,58.41,58.4,58.41,938.0,BUD
2024-07-02 12:33:00,58.43,58.43,58.4,58.4,2200.0,BUD
2024-07-02 12:32:00,58.42,58.43,58.395,58.425,5122.0,BUD
2024-07-02 12:31:00,58.42,58.43,58.42,58.425,721.0,BUD
2024-07-02 12:30:00,58.43,58.43,58.425,58.425,798.0,BUD
2024-07-02 12:29:00,58.42,58.43,58.42,58.43,781.0,BUD
2024-07-02 12:28:00,58.435,58.44,58.43,58.43,1584.0,BUD
2024-07-02 12:27:00,58.435,58.44,58.43,58.435,4105.0,BUD
2024-07-02 12:26:00,58.445,58.455,58.43,58.43,6015.0,BUD
2024-07-02 12:25:00,58.455,58.455,58.435,58.445,2254.0,BUD
2024-07-02 12:24:00,58.45,58.457,58.45,58.45,1800.0,BUD
2024-07-02 12:23:00,58.45,58.46,58.44,58.455,2150.0,BUD
2024-07-02 12:22:00,58.455,58.465,58.451,58.451,2372.0,BUD
2024-07-02 12:21:00,58.48,58.495,58.45,58.45,3097.0,BUD
2024-07-02 12:20:00,58.47,58.48,58.46,58.475,3726.0,BUD
2024-07-02 12:19:00,58.475,58.48,58.475,58.48,903.0,BUD
2024-07-02 12:18:00,58.46,58.465,58.455,58.465,1643.0,BUD
2024-07-02 12:17:00,58.465,58.47,58.455,58.455,3334.0,BUD
2024-07-02 12:16:00,58.46,58.46,58.46,58.46,438.0,BUD
2024-07-02 12:15:00,58.445,58.46,58.445,58.455,1184.0,BUD
2024-07-02 12:14:00,58.445,58.46,58.44,58.445,4319.0,BUD
2024-07-02 12:13:00,58.434,58.44,58.434,58.44,947.0,BUD
2024-07-02 12:12:00,58.41,58.44,58.405,58.44,2784.0,BUD
2024-07-02 12:11:00,58.44,58.44,58.4,58.4,2575.0,BUD
2024-07-02 12:10:00,58.47,58.475,58.44,58.44,4047.0,BUD
2024-07-02 12:09:00,58.475,58.48,58.475,58.48,2729.0,BUD
2024-07-02 12:08:00,58.465,58.48,58.465,58.475,3890.0,BUD
2024-07-02 12:07:00,58.475,58.48,58.46,58.465,4065.0,BUD
2024-07-02 12:06:00,58.465,58.475,58.45,58.475,3553.0,BUD
2024-07-02 12:05:00,58.46,58.465,58.46,58.465,673.0,BUD
2024-07-02 12:04:00,58.47,58.47,58.465,58.465,1235.0,BUD
2024-07-02 12:03:00,58.48,58.485,58.47,58.47,2837.0,BUD
2024-07-02 12:02:00,58.49,58.49,58.485,58.485,1008.0,BUD
2024-07-02 12:01:00,58.51,58.52,58.5,58.5,2714.0,BUD
2024-07-02 12:00:00,58.51,58.51,58.495,58.51,1231.0,BUD
2024-07-02 11:59:00,58.55,58.55,58.52,58.52,3028.0,BUD
2024-07-02 11:58:00,58.545,58.545,58.545,58.545,493.0,BUD
2024-07-02 11:57:00,58.555,58.555,58.55,58.55,714.0,BUD
2024-07-02 11:56:00,58.575,58.58,58.56,58.56,3124.0,BUD
2024-07-02 11:55:00,58.58,58.58,58.565,58.565,2407.0,BUD
2024-07-02 11:54:00,58.6,58.6,58.585,58.585,1183.0,BUD
2024-07-02 11:53:00,58.59,58.59,58.59,58.59,457.0,BUD
2024-07-02 11:52:00,58.585,58.59,58.585,58.585,1182.0,BUD
2024-07-02 11:51:00,58.585,58.59,58.585,58.59,1418.0,BUD
2024-07-02 11:50:00,58.605,58.605,58.59,58.6,2362.0,BUD
2024-07-02 11:49:00,58.64,58.64,58.605,58.61,2681.0,BUD
2024-07-02 11:48:00,58.64,58.66,58.63,58.64,4041.0,BUD
2024-07-02 11:47:00,58.625,58.635,58.625,58.63,2341.0,BUD
2024-07-02 11:46:00,58.595,58.625,58.595,58.625,1334.0,BUD
2024-07-02 11:45:00,58.55,58.595,58.54,58.59,3691.0,BUD
2024-07-02 11:44:00,58.575,58.585,58.55,58.55,4903.0,BUD
2024-07-02 11:43:00,58.58,58.58,58.575,58.575,2023.0,BUD
2024-07-02 11:42:00,58.58,58.58,58.58,58.58,245.0,BUD
2024-07-02 11:41:00,58.584,58.585,58.58,58.58,1623.0,BUD
2024-07-02 11:40:00,58.585,58.585,58.57,58.58,1226.0,BUD
2024-07-02 11:39:00,58.58,58.585,58.569,58.585,1782.0,BUD
2024-07-02 11:38:00,58.59,58.59,58.58,58.585,1240.0,BUD
2024-07-02 11:37:00,58.59,58.6,58.59,58.595,3567.0,BUD
2024-07-02 11:36:00,58.615,58.615,58.59,58.59,1912.0,BUD
2024-07-02 11:35:00,58.6,58.61,58.6,58.61,2255.0,BUD
2024-07-02 11:34:00,58.7,58.715,58.615,58.615,27688.0,BUD
2024-07-02 11:33:00,58.705,58.71,58.695,58.695,3290.0,BUD
2024-07-02 11:32:00,58.735,58.735,58.705,58.705,4443.0,BUD
2024-07-02 11:31:00,58.73,58.74,58.71,58.735,27756.0,BUD
2024-07-02 11:30:00,58.71,58.725,58.7,58.715,22038.0,BUD
2024-07-02 11:29:00,58.65,58.714,58.65,58.71,4814.0,BUD
2024-07-02 11:28:00,58.66,58.675,58.66,58.66,3184.0,BUD
2024-07-02 11:27:00,58.66,58.67,58.66,58.67,1880.0,BUD
2024-07-02 11:26:00,58.66,58.66,58.66,58.66,969.0,BUD
2024-07-02 11:25:00,58.645,58.66,58.64,58.655,3037.0,BUD
2024-07-02 11:24:00,58.66,58.66,58.64,58.645,5266.0,BUD
2024-07-02 11:23:00,58.635,58.665,58.635,58.665,1973.0,BUD
2024-07-02 11:22:00,58.62,58.63,58.62,58.624,1226.0,BUD
2024-07-02 11:21:00,58.62,58.625,58.61,58.62,5794.0,BUD
2024-07-02 11:20:00,58.63,58.63,58.61,58.61,6069.0,BUD
2024-07-02 11:19:00,58.63,58.635,58.615,58.62,2320.0,BUD
2024-07-02 11:18:00,58.6,58.65,58.6,58.64,3271.0,BUD
2024-07-02 11:17:00,58.595,58.605,58.595,58.605,1651.0,BUD
2024-07-02 11:16:00,58.59,58.595,58.59,58.595,1780.0,BUD
2024-07-02 11:15:00,58.555,58.585,58.545,58.585,3267.0,BUD
2024-07-02 11:14:00,58.54,58.555,58.54,58.555,4195.0,BUD
2024-07-02 11:13:00,58.565,58.565,58.54,58.55,2259.0,BUD
2024-07-02 11:12:00,58.55,58.565,58.55,58.565,1849.0,BUD
2024-07-02 11:11:00,58.55,58.57,58.545,58.56,2259.0,BUD
2024-07-02 11:10:00,58.545,58.555,58.54,58.54,4832.0,BUD
2024-07-02 11:09:00,58.57,58.57,58.55,58.55,6774.0,BUD
2024-07-02 11:08:00,58.565,58.57,58.555,58.565,6004.0,BUD
2024-07-02 11:07:00,58.565,58.57,58.565,58.565,1636.0,BUD
2024-07-02 11:06:00,58.575,58.585,58.57,58.585,1627.0,BUD
2024-07-02 11:05:00,58.605,58.61,58.56,58.58,4991.0,BUD
2024-07-02 11:04:00,58.6,58.605,58.59,58.605,830.0,BUD
2024-07-02 11:03:00,58.64,58.64,58.61,58.61,2346.0,BUD
2024-07-02 11:02:00,58.63,58.63,58.63,58.63,599.0,BUD
2024-07-02 11:01:00,58.61,58.635,58.61,58.63,2227.0,BUD
2024-07-02 11:00:00,58.61,58.61,58.59,58.61,1855.0,BUD
2024-07-02 10:59:00,58.615,58.615,58.615,58.615,669.0,BUD
2024-07-02 10:58:00,58.63,58.63,58.62,58.62,1790.0,BUD
2024-07-02 10:57:00,58.615,58.63,58.615,58.63,695.0,BUD
2024-07-02 10:56:00,58.61,58.61,58.6,58.6,1269.0,BUD
2024-07-02 10:55:00,58.595,58.605,58.595,58.605,1049.0,BUD
2024-07-02 10:54:00,58.555,58.59,58.555,58.585,1259.0,BUD
2024-07-02 10:53:00,58.575,58.58,58.56,58.56,3935.0,BUD
2024-07-02 10:52:00,58.6,58.6,58.58,58.58,1310.0,BUD
2024-07-02 10:51:00,58.62,58.63,58.6,58.61,8818.0,BUD
2024-07-02 10:50:00,58.58,58.625,58.58,58.62,3096.0,BUD
2024-07-02 10:49:00,58.565,58.57,58.56,58.57,1827.0,BUD
2024-07-02 10:48:00,58.54,58.56,58.54,58.555,1592.0,BUD
2024-07-02 10:47:00,58.53,58.555,58.53,58.54,9489.0,BUD
2024-07-02 10:46:00,58.51,58.52,58.51,58.52,1045.0,BUD
2024-07-02 10:45:00,58.5,58.505,58.48,58.505,3879.0,BUD
2024-07-02 10:44:00,58.54,58.54,58.51,58.51,2312.0,BUD
2024-07-02 10:43:00,58.56,58.565,58.55,58.555,1929.0,BUD
2024-07-02 10:42:00,58.555,58.575,58.55,58.575,2823.0,BUD
2024-07-02 10:41:00,58.54,58.555,58.54,58.545,3955.0,BUD
2024-07-02 10:40:00,58.54,58.55,58.54,58.55,1664.0,BUD
2024-07-02 10:39:00,58.55,58.555,58.535,58.54,2004.0,BUD
2024-07-02 10:38:00,58.55,58.56,58.55,58.56,2988.0,BUD
2024-07-02 10:37:00,58.545,58.55,58.54,58.55,1380.0,BUD
2024-07-02 10:36:00,58.53,58.555,58.53,58.535,2955.0,BUD
2024-07-02 10:35:00,58.548,58.548,58.51,58.51,1736.0,BUD
2024-07-02 10:34:00,58.515,58.55,58.515,58.55,1317.0,BUD
2024-07-02 10:33:00,58.52,58.525,58.51,58.52,1734.0,BUD
2024-07-02 10:32:00,58.54,58.54,58.525,58.525,1091.0,BUD
2024-07-02 10:31:00,58.51,58.54,58.51,58.54,1432.0,BUD
2024-07-02 10:30:00,58.505,58.517,58.505,58.51,1796.0,BUD
2024-07-02 10:29:00,58.495,58.51,58.48,58.5,4682.0,BUD
2024-07-02 10:28:00,58.48,58.5,58.48,58.5,695.0,BUD
2024-07-02 10:27:00,58.475,58.5,58.475,58.485,1721.0,BUD
2024-07-02 10:26:00,58.485,58.495,58.47,58.47,1810.0,BUD
2024-07-02 10:25:00,58.395,58.485,58.395,58.485,5183.0,BUD
2024-07-02 10:24:00,58.405,58.405,58.395,58.395,1199.0,BUD
2024-07-02 10:23:00,58.45,58.45,58.41,58.41,4168.0,BUD
2024-07-02 10:22:00,58.39,58.44,58.39,58.44,2283.0,BUD
2024-07-02 10:21:00,58.36,58.39,58.36,58.39,6042.0,BUD
2024-07-02 10:20:00,58.31,58.35,58.31,58.35,1792.0,BUD
2024-07-02 10:19:00,58.3,58.31,58.3,58.305,4526.0,BUD
2024-07-02 10:18:00,58.3,58.3,58.29,58.29,615.0,BUD
2024-07-02 10:17:00,58.265,58.29,58.265,58.29,2316.0,BUD
2024-07-02 10:16:00,58.26,58.28,58.26,58.26,2306.0,BUD
2024-07-02 10:15:00,58.26,58.26,58.23,58.255,4901.0,BUD
2024-07-02 10:14:00,58.325,58.325,58.26,58.26,6971.0,BUD
2024-07-02 10:13:00,58.32,58.33,58.3,58.3,927.0,BUD
2024-07-02 10:12:00,58.316,58.33,58.31,58.32,1719.0,BUD
2024-07-02 10:11:00,58.29,58.305,58.285,58.3,3309.0,BUD
2024-07-02 10:10:00,58.35,58.35,58.29,58.29,2920.0,BUD
2024-07-02 10:09:00,58.37,58.37,58.345,58.345,2981.0,BUD
2024-07-02 10:08:00,58.4,58.4,58.365,58.365,2728.0,BUD
2024-07-02 10:07:00,58.395,58.41,58.395,58.41,1999.0,BUD
2024-07-02 10:05:00,58.38,58.41,58.38,58.41,1801.0,BUD
2024-07-02 10:04:00,58.35,58.37,58.35,58.37,2427.0,BUD
2024-07-02 10:03:00,58.4,58.404,58.36,58.36,4031.0,BUD
2024-07-02 10:02:00,58.41,58.41,58.4,58.4,1418.0,BUD
2024-07-02 10:01:00,58.42,58.42,58.4,58.4,1476.0,BUD
2024-07-02 10:00:00,58.46,58.47,58.4,58.43,7288.0,BUD
2024-07-02 09:59:00,58.47,58.48,58.45,58.45,2188.0,BUD
2024-07-02 09:58:00,58.48,58.485,58.475,58.48,1211.0,BUD
2024-07-02 09:57:00,58.45,58.46,58.445,58.46,1292.0,BUD
2024-07-02 09:56:00,58.43,58.44,58.41,58.43,2432.0,BUD
2024-07-02 09:55:00,58.43,58.45,58.43,58.44,1652.0,BUD
2024-07-02 09:54:00,58.4,58.415,58.4,58.415,664.0,BUD
2024-07-02 09:53:00,58.42,58.42,58.38,58.38,1757.0,BUD
2024-07-02 09:52:00,58.4,58.43,58.4,58.42,2924.0,BUD
2024-07-02 09:51:00,58.42,58.435,58.41,58.41,24943.0,BUD
2024-07-02 09:50:00,58.44,58.44,58.42,58.43,2505.0,BUD
2024-07-02 09:49:00,58.44,58.47,58.43,58.46,5665.0,BUD
2024-07-02 09:48:00,58.49,58.49,58.44,58.45,4503.0,BUD
2024-07-02 09:47:00,58.5,58.505,58.49,58.49,1558.0,BUD
2024-07-02 09:46:00,58.535,58.535,58.49,58.5,2869.0,BUD
2024-07-02 09:45:00,58.53,58.54,58.5,58.53,3803.0,BUD
2024-07-02 09:44:00,58.6,58.6,58.56,58.56,1774.0,BUD
2024-07-02 09:43:00,58.65,58.65,58.63,58.63,827.0,BUD
2024-07-02 09:42:00,58.63,58.66,58.63,58.66,1564.0,BUD
2024-07-02 09:41:00,58.63,58.64,58.63,58.64,870.0,BUD
2024-07-02 09:40:00,58.615,58.64,58.615,58.64,1473.0,BUD
2024-07-02 09:39:00,58.55,58.66,58.55,58.62,3670.0,BUD
2024-07-02 09:38:00,58.55,58.58,58.54,58.541,2502.0,BUD
2024-07-02 09:37:00,58.59,58.59,58.56,58.56,1365.0,BUD
2024-07-02 09:36:00,58.57,58.61,58.57,58.61,2615.0,BUD
2024-07-02 09:35:00,58.58,58.58,58.54,58.57,1665.0,BUD
2024-07-02 09:34:00,58.59,58.6,58.58,58.58,2667.0,BUD
2024-07-02 09:33:00,58.6,58.6,58.56,58.59,3203.0,BUD
2024-07-02 09:32:00,58.57,58.632,58.57,58.59,3344.0,BUD
2024-07-02 09:31:00,58.56,58.59,58.53,58.58,6269.0,BUD
2024-07-02 09:30:00,58.59,58.62,58.53,58.53,30813.0,BUD
2024-07-02 09:29:00,58.71,58.71,58.63,58.64,3020.0,BUD
2024-07-02 09:28:00,58.63,58.71,58.63,58.71,2262.0,BUD
2024-07-02 09:26:00,58.63,58.63,58.62,58.62,482.0,BUD
2024-07-02 09:25:00,58.63,58.63,58.63,58.63,100.0,BUD
2024-07-02 09:23:00,58.63,58.63,58.63,58.63,57.0,BUD
2024-07-02 09:17:00,58.57,58.58,58.57,58.58,200.0,BUD
2024-07-02 09:16:00,58.56,58.56,58.56,58.56,100.0,BUD
2024-07-02 09:15:00,58.55,58.55,58.54,58.54,277.0,BUD
2024-07-02 09:13:00,58.56,58.58,58.56,58.56,452.0,BUD
2024-07-02 09:12:00,58.59,58.59,58.59,58.59,1.0,BUD
2024-07-02 09:09:00,58.61,58.61,58.61,58.61,92.0,BUD
2024-07-02 09:06:00,58.61,58.61,58.58,58.6,182.0,BUD
2024-07-02 09:04:00,58.58,58.6,58.58,58.6,239.0,BUD
2024-07-02 09:02:00,58.59,58.59,58.59,58.59,72.0,BUD
2024-07-02 09:01:00,58.58,58.62,58.58,58.6,95.0,BUD
2024-07-02 09:00:00,58.57,58.62,58.56,58.62,203.0,BUD
2024-07-02 08:59:00,58.61,58.61,58.59,58.59,100.0,BUD
2024-07-02 08:53:00,58.55,58.55,58.55,58.55,48.0,BUD
2024-07-02 08:52:00,58.53,58.53,58.53,58.53,6.0,BUD
2024-07-02 08:47:00,58.58,58.59,58.56,58.59,145.0,BUD
2024-07-02 08:46:00,58.58,58.58,58.58,58.58,100.0,BUD
2024-07-02 08:45:00,58.54,58.55,58.54,58.54,105.0,BUD
2024-07-02 08:43:00,58.54,58.54,58.54,58.54,16.0,BUD
2024-07-02 08:37:00,58.56,58.56,58.56,58.56,57.0,BUD
2024-07-02 08:35:00,58.55,58.55,58.55,58.55,5.0,BUD
2024-07-02 08:33:00,58.57,58.57,58.57,58.57,6.0,BUD
2024-07-02 08:30:00,58.5,58.5,58.5,58.5,200.0,BUD
2024-07-02 08:28:00,58.51,58.53,58.51,58.52,300.0,BUD
2024-07-02 08:11:00,58.49,58.49,58.49,58.49,55.0,BUD
2024-07-02 08:06:00,58.42,58.42,58.42,58.42,19.0,BUD
2024-07-02 08:02:00,58.12,58.12,58.0,58.12,1001.0,BUD
2024-07-02 08:01:00,58.32,58.32,58.32,58.32,20.0,BUD
2024-07-02 08:00:00,58.142,58.34,57.885,57.885,11.0,BUD
2024-07-02 07:50:00,58.32,58.32,58.32,58.32,100.0,BUD
2024-07-02 07:46:00,58.34,58.34,58.34,58.34,15.0,BUD
2024-07-02 07:45:00,58.34,58.34,58.34,58.34,99.0,BUD
2024-07-02 07:43:00,58.31,58.31,58.31,58.31,50.0,BUD
2024-07-02 07:39:00,58.32,58.32,58.31,58.31,87.0,BUD
2024-07-02 07:38:00,58.28,58.32,58.28,58.32,210.0,BUD
2024-07-02 07:34:00,58.22,58.22,58.22,58.22,44.0,BUD
2024-07-02 07:28:00,58.18,58.18,58.18,58.18,3.0,BUD
2024-07-02 07:26:00,58.17,58.17,58.15,58.15,120.0,BUD
2024-07-02 07:25:00,58.18,58.18,58.18,58.18,1.0,BUD
2024-07-02 07:12:00,58.1,58.1,58.08,58.08,102.0,BUD
2024-07-02 07:10:00,58.12,58.12,58.12,58.12,100.0,BUD
2024-07-02 07:06:00,58.15,58.15,58.15,58.15,200.0,BUD
2024-07-02 06:59:00,58.18,58.18,58.18,58.18,1.0,BUD
2024-07-02 06:52:00,58.18,58.18,58.18,58.18,10.0,BUD
2024-07-02 06:45:00,58.19,58.19,58.19,58.19,3.0,BUD
2024-07-02 06:38:00,58.17,58.17,58.17,58.17,25.0,BUD
2024-07-02 06:34:00,58.2,58.2,58.2,58.2,13.0,BUD
2024-07-02 06:32:00,58.22,58.22,58.22,58.22,50.0,BUD
2024-07-02 06:31:00,58.2,58.2,58.2,58.2,100.0,BUD
2024-07-02 06:20:00,58.15,58.15,58.15,58.15,74.0,BUD
2024-07-02 06:15:00,58.13,58.15,58.11,58.11,500.0,BUD
2024-07-02 06:10:00,58.13,58.16,58.13,58.16,354.0,BUD
2024-07-02 05:58:00,57.96,57.96,57.96,57.96,100.0,BUD
2024-07-02 05:57:00,58.01,58.01,58.01,58.01,13.0,BUD
2024-07-02 05:35:00,57.88,57.88,57.88,57.88,1.0,BUD
2024-07-02 05:30:00,57.89,57.89,57.89,57.89,100.0,BUD
2024-07-02 05:29:00,57.84,57.84,57.84,57.84,10.0,BUD
2024-07-02 05:03:00,58.03,58.04,58.03,58.04,240.0,BUD
2024-07-02 04:50:00,57.86,57.86,57.86,57.86,5.0,BUD
2024-07-02 04:45:00,57.86,57.86,57.86,57.86,10.0,BUD
2024-07-02 04:40:00,57.76,57.76,57.76,57.76,100.0,BUD
2024-07-02 04:38:00,57.84,57.84,57.84,57.84,22.0,BUD
2024-07-02 04:03:00,58.1,58.1,58.1,58.1,200.0,BUD
2024-07-01 19:35:00,58.26,58.26,58.26,58.26,10.0,BUD
2024-07-01 19:23:00,58.55,58.55,58.55,58.55,91.0,BUD
2024-07-01 19:21:00,58.413,58.413,58.413,58.413,6.0,BUD
2024-07-01 19:00:00,58.35,58.35,58.35,58.35,83422.0,BUD
2024-07-01 18:30:00,58.35,58.35,57.87,57.87,83432.0,BUD
2024-07-01 18:17:00,58.41,58.41,58.41,58.41,2.0,BUD
2024-07-01 17:04:00,58.41,58.41,58.41,58.41,2.0,BUD
2024-07-01 16:59:00,58.26,58.26,58.26,58.26,2.0,BUD
2024-07-01 16:55:00,58.32,58.33,58.32,58.33,21.0,BUD
2024-07-01 16:41:00,58.35,58.35,58.35,58.35,3039.0,BUD
2024-07-01 16:37:00,58.42,58.42,58.42,58.42,8.0,BUD
2024-07-01 16:33:00,58.42,58.42,58.42,58.42,1.0,BUD
2024-07-01 16:11:00,58.35,58.35,58.35,58.35,180000.0,BUD
2024-07-01 16:10:00,58.35,58.35,58.35,58.35,83422.0,BUD
2024-07-01 16:00:00,58.35,58.355,58.35,58.35,167256.0,BUD
2024-07-01 15:59:00,58.325,58.36,58.32,58.35,33036.0,BUD
2024-07-01 15:58:00,58.35,58.354,58.321,58.325,20976.0,BUD
2024-07-01 15:57:00,58.35,58.37,58.34,58.355,17704.0,BUD
2024-07-01 15:56:00,58.335,58.355,58.31,58.345,22665.0,BUD
2024-07-01 15:55:00,58.358,58.358,58.33,58.335,26021.0,BUD
2024-07-01 15:54:00,58.35,58.36,58.335,58.35,10173.0,BUD
2024-07-01 15:53:00,58.32,58.35,58.32,58.35,10225.0,BUD
2024-07-01 15:52:00,58.35,58.35,58.325,58.325,7210.0,BUD
2024-07-01 15:51:00,58.34,58.36,58.335,58.355,8268.0,BUD
2024-07-01 15:50:00,58.305,58.34,58.295,58.34,15839.0,BUD
2024-07-01 15:49:00,58.32,58.32,58.3,58.3,3281.0,BUD
2024-07-01 15:48:00,58.32,58.33,58.32,58.325,11443.0,BUD
2024-07-01 15:47:00,58.325,58.325,58.32,58.325,1637.0,BUD
2024-07-01 15:46:00,58.335,58.34,58.32,58.325,3481.0,BUD
2024-07-01 15:45:00,58.325,58.335,58.321,58.33,7481.0,BUD
2024-07-01 15:44:00,58.335,58.335,58.32,58.325,2361.0,BUD
2024-07-01 15:43:00,58.37,58.375,58.335,58.335,10418.0,BUD
2024-07-01 15:42:00,58.325,58.355,58.321,58.355,4676.0,BUD
2024-07-01 15:41:00,58.3,58.32,58.294,58.32,7924.0,BUD
2024-07-01 15:40:00,58.265,58.305,58.26,58.3,9752.0,BUD
2024-07-01 15:39:00,58.275,58.28,58.265,58.27,2954.0,BUD
2024-07-01 15:38:00,58.275,58.29,58.275,58.28,7159.0,BUD
2024-07-01 15:37:00,58.275,58.275,58.27,58.271,1875.0,BUD
2024-07-01 15:36:00,58.275,58.28,58.27,58.28,4302.0,BUD
2024-07-01 15:35:00,58.275,58.275,58.27,58.275,9686.0,BUD
2024-07-01 15:34:00,58.28,58.285,58.27,58.27,6279.0,BUD
2024-07-01 15:33:00,58.255,58.28,58.251,58.275,4547.0,BUD
2024-07-01 15:32:00,58.25,58.26,58.25,58.255,3337.0,BUD
2024-07-01 15:31:00,58.25,58.255,58.25,58.255,4104.0,BUD
2024-07-01 15:30:00,58.265,58.265,58.24,58.241,7051.0,BUD
2024-07-01 15:29:00,58.245,58.26,58.245,58.26,3948.0,BUD
2024-07-01 15:28:00,58.24,58.25,58.24,58.25,1039.0,BUD
2024-07-01 15:27:00,58.25,58.25,58.24,58.24,6819.0,BUD
2024-07-01 15:26:00,58.26,58.265,58.25,58.255,8945.0,BUD
2024-07-01 15:25:00,58.265,58.27,58.255,58.26,4617.0,BUD
2024-07-01 15:24:00,58.265,58.265,58.26,58.26,594.0,BUD
2024-07-01 15:23:00,58.27,58.27,58.265,58.265,3289.0,BUD
2024-07-01 15:22:00,58.275,58.279,58.27,58.27,4227.0,BUD
2024-07-01 15:21:00,58.28,58.285,58.27,58.275,3140.0,BUD
2024-07-01 15:20:00,58.295,58.295,58.28,58.285,4417.0,BUD
2024-07-01 15:19:00,58.29,58.295,58.285,58.295,1746.0,BUD
2024-07-01 15:18:00,58.29,58.29,58.29,58.29,805.0,BUD
2024-07-01 15:17:00,58.29,58.3,58.285,58.285,2961.0,BUD
2024-07-01 15:16:00,58.29,58.3,58.29,58.297,1990.0,BUD
2024-07-01 15:15:00,58.297,58.297,58.285,58.285,2716.0,BUD
2024-07-01 15:14:00,58.27,58.295,58.27,58.295,6598.0,BUD
2024-07-01 15:13:00,58.285,58.285,58.27,58.275,6593.0,BUD
2024-07-01 15:12:00,58.285,58.285,58.285,58.285,1030.0,BUD
2024-07-01 15:11:00,58.29,58.29,58.285,58.285,1490.0,BUD
2024-07-01 15:10:00,58.285,58.285,58.28,58.28,679.0,BUD
2024-07-01 15:09:00,58.29,58.3,58.29,58.29,2887.0,BUD
2024-07-01 15:08:00,58.285,58.29,58.285,58.285,1466.0,BUD
2024-07-01 15:07:00,58.285,58.285,58.285,58.285,245.0,BUD
2024-07-01 15:06:00,58.28,58.29,58.275,58.29,4496.0,BUD
2024-07-01 15:05:00,58.29,58.295,58.28,58.28,5559.0,BUD
2024-07-01 15:04:00,58.285,58.29,58.285,58.29,919.0,BUD
2024-07-01 15:03:00,58.29,58.29,58.285,58.285,595.0,BUD
2024-07-01 15:02:00,58.29,58.295,58.29,58.29,3338.0,BUD
2024-07-01 15:01:00,58.3,58.305,58.29,58.29,2834.0,BUD
2024-07-01 15:00:00,58.3,58.3,58.29,58.3,4688.0,BUD
2024-07-01 14:59:00,58.29,58.3,58.29,58.3,4169.0,BUD
2024-07-01 14:58:00,58.295,58.295,58.29,58.295,1118.0,BUD
2024-07-01 14:57:00,58.315,58.32,58.29,58.295,7357.0,BUD
2024-07-01 14:56:00,58.31,58.32,58.31,58.32,1481.0,BUD
2024-07-01 14:55:00,58.31,58.315,58.31,58.315,1756.0,BUD
2024-07-01 14:54:00,58.319,58.32,58.319,58.32,646.0,BUD
2024-07-01 14:53:00,58.32,58.32,58.315,58.315,2221.0,BUD
2024-07-01 14:52:00,58.29,58.32,58.29,58.32,5476.0,BUD
2024-07-01 14:51:00,58.295,58.3,58.29,58.295,910.0,BUD
2024-07-01 14:50:00,58.295,58.295,58.29,58.29,2015.0,BUD
2024-07-01 14:49:00,58.305,58.305,58.295,58.295,6281.0,BUD
2024-07-01 14:48:00,58.32,58.325,58.31,58.31,6730.0,BUD
2024-07-01 14:47:00,58.325,58.325,58.31,58.31,4987.0,BUD
2024-07-01 14:46:00,58.325,58.33,58.325,58.33,745.0,BUD
2024-07-01 14:45:00,58.33,58.335,58.325,58.33,3713.0,BUD
2024-07-01 14:44:00,58.34,58.34,58.335,58.335,924.0,BUD
2024-07-01 14:43:00,58.305,58.34,58.305,58.34,4180.0,BUD
2024-07-01 14:42:00,58.3,58.305,58.3,58.305,1604.0,BUD
2024-07-01 14:41:00,58.299,58.3,58.299,58.3,2587.0,BUD
2024-07-01 14:39:00,58.295,58.305,58.295,58.295,5508.0,BUD
2024-07-01 14:38:00,58.305,58.305,58.3,58.3,1347.0,BUD
2024-07-01 14:37:00,58.305,58.31,58.305,58.31,888.0,BUD
2024-07-01 14:36:00,58.3,58.305,58.3,58.305,633.0,BUD
2024-07-01 14:35:00,58.29,58.3,58.29,58.3,1543.0,BUD
2024-07-01 14:34:00,58.285,58.29,58.285,58.29,2091.0,BUD
2024-07-01 14:33:00,58.27,58.285,58.265,58.285,4679.0,BUD
2024-07-01 14:32:00,58.27,58.275,58.26,58.265,4040.0,BUD
2024-07-01 14:31:00,58.27,58.28,58.27,58.27,981.0,BUD
2024-07-01 14:30:00,58.285,58.285,58.27,58.275,2416.0,BUD
2024-07-01 14:29:00,58.28,58.285,58.28,58.285,1962.0,BUD
2024-07-01 14:28:00,58.285,58.285,58.28,58.285,3348.0,BUD
2024-07-01 14:27:00,58.3,58.3,58.285,58.285,2538.0,BUD
2024-07-01 14:26:00,58.3,58.3,58.3,58.3,359.0,BUD
2024-07-01 14:25:00,58.315,58.315,58.31,58.31,1426.0,BUD
2024-07-01 14:24:00,58.3,58.31,58.3,58.31,3591.0,BUD
2024-07-01 14:23:00,58.3,58.305,58.3,58.305,1369.0,BUD
2024-07-01 14:22:00,58.31,58.31,58.31,58.31,1015.0,BUD
2024-07-01 14:21:00,58.3,58.305,58.285,58.3,5465.0,BUD
2024-07-01 14:20:00,58.3,58.305,58.295,58.3,3078.0,BUD
2024-07-01 14:19:00,58.3,58.3,58.295,58.295,316.0,BUD
2024-07-01 14:18:00,58.287,58.299,58.28,58.299,1508.0,BUD
2024-07-01 14:17:00,58.26,58.29,58.26,58.285,7716.0,BUD
2024-07-01 14:16:00,58.25,58.259,58.25,58.259,867.0,BUD
2024-07-01 14:15:00,58.255,58.255,58.255,58.255,752.0,BUD
2024-07-01 14:14:00,58.24,58.255,58.235,58.255,5127.0,BUD
2024-07-01 14:13:00,58.26,58.26,58.24,58.245,2439.0,BUD
2024-07-01 14:12:00,58.26,58.27,58.26,58.26,892.0,BUD
2024-07-01 14:11:00,58.26,58.265,58.26,58.26,746.0,BUD
2024-07-01 14:10:00,58.28,58.28,58.265,58.265,4088.0,BUD
2024-07-01 14:09:00,58.285,58.285,58.28,58.28,3801.0,BUD
2024-07-01 14:08:00,58.285,58.29,58.28,58.29,1956.0,BUD
2024-07-01 14:07:00,58.28,58.28,58.28,58.28,270.0,BUD
2024-07-01 14:06:00,58.28,58.28,58.28,58.28,539.0,BUD
2024-07-01 14:05:00,58.285,58.29,58.28,58.28,1015.0,BUD
2024-07-01 14:04:00,58.29,58.29,58.285,58.285,1564.0,BUD
2024-07-01 14:03:00,58.295,58.295,58.295,58.295,906.0,BUD
2024-07-01 14:02:00,58.285,58.29,58.28,58.28,1692.0,BUD
2024-07-01 14:01:00,58.265,58.28,58.265,58.28,2859.0,BUD
2024-07-01 14:00:00,58.22,58.27,58.22,58.26,6938.0,BUD
2024-07-01 13:59:00,58.22,58.22,58.22,58.22,361.0,BUD
2024-07-01 13:58:00,58.245,58.245,58.225,58.225,2524.0,BUD
2024-07-01 13:57:00,58.245,58.25,58.245,58.245,2206.0,BUD
2024-07-01 13:56:00,58.26,58.26,58.24,58.24,4164.0,BUD
2024-07-01 13:55:00,58.27,58.27,58.255,58.26,2978.0,BUD
2024-07-01 13:54:00,58.275,58.275,58.275,58.275,428.0,BUD
2024-07-01 13:53:00,58.27,58.28,58.27,58.275,1430.0,BUD
2024-07-01 13:52:00,58.27,58.27,58.265,58.265,593.0,BUD
2024-07-01 13:51:00,58.28,58.295,58.28,58.28,1715.0,BUD
2024-07-01 13:50:00,58.22,58.275,58.22,58.275,5350.0,BUD
2024-07-01 13:49:00,58.235,58.235,58.22,58.22,3126.0,BUD
2024-07-01 13:48:00,58.23,58.24,58.23,58.235,1491.0,BUD
2024-07-01 13:47:00,58.225,58.225,58.225,58.225,325.0,BUD
2024-07-01 13:46:00,58.232,58.25,58.223,58.223,9170.0,BUD
2024-07-01 13:45:00,58.235,58.24,58.235,58.235,2039.0,BUD
2024-07-01 13:44:00,58.24,58.245,58.235,58.24,1893.0,BUD
2024-07-01 13:43:00,58.235,58.235,58.235,58.235,1248.0,BUD
2024-07-01 13:42:00,58.235,58.24,58.235,58.24,299.0,BUD
2024-07-01 13:41:00,58.235,58.235,58.235,58.235,304.0,BUD
2024-07-01 13:40:00,58.235,58.245,58.231,58.231,3784.0,BUD
2024-07-01 13:39:00,58.235,58.24,58.232,58.237,4762.0,BUD
2024-07-01 13:38:00,58.235,58.235,58.235,58.235,1371.0,BUD
2024-07-01 13:37:00,58.225,58.235,58.225,58.235,2584.0,BUD
2024-07-01 13:36:00,58.22,58.225,58.215,58.225,3282.0,BUD
2024-07-01 13:35:00,58.225,58.225,58.22,58.22,1948.0,BUD
2024-07-01 13:34:00,58.225,58.235,58.225,58.23,2370.0,BUD
2024-07-01 13:33:00,58.22,58.22,58.22,58.22,567.0,BUD
2024-07-01 13:32:00,58.22,58.225,58.21,58.225,5338.0,BUD
2024-07-01 13:31:00,58.225,58.225,58.224,58.224,812.0,BUD
2024-07-01 13:30:00,58.225,58.225,58.225,58.225,514.0,BUD
2024-07-01 13:29:00,58.235,58.235,58.225,58.225,2416.0,BUD
2024-07-01 13:28:00,58.23,58.235,58.23,58.235,1097.0,BUD
2024-07-01 13:27:00,58.225,58.235,58.225,58.23,3830.0,BUD
2024-07-01 13:26:00,58.235,58.238,58.22,58.22,4102.0,BUD
2024-07-01 13:25:00,58.245,58.25,58.235,58.235,2493.0,BUD
2024-07-01 13:24:00,58.252,58.252,58.245,58.245,3090.0,BUD
2024-07-01 13:23:00,58.245,58.255,58.245,58.255,1236.0,BUD
2024-07-01 13:22:00,58.265,58.265,58.245,58.245,2182.0,BUD
2024-07-01 13:21:00,58.265,58.269,58.26,58.269,1475.0,BUD
2024-07-01 13:20:00,58.28,58.28,58.265,58.265,1764.0,BUD
2024-07-01 13:19:00,58.26,58.27,58.255,58.27,5616.0,BUD
2024-07-01 13:18:00,58.25,58.25,58.25,58.25,403.0,BUD
2024-07-01 13:17:00,58.25,58.25,58.25,58.25,625.0,BUD
2024-07-01 13:16:00,58.26,58.26,58.25,58.25,1234.0,BUD
2024-07-01 13:15:00,58.24,58.265,58.24,58.25,3983.0,BUD
2024-07-01 13:14:00,58.239,58.239,58.239,58.239,585.0,BUD
2024-07-01 13:13:00,58.235,58.235,58.23,58.235,1071.0,BUD
2024-07-01 13:12:00,58.247,58.25,58.23,58.235,3722.0,BUD
2024-07-01 13:11:00,58.25,58.25,58.24,58.245,586.0,BUD
2024-07-01 13:10:00,58.245,58.25,58.245,58.25,954.0,BUD
2024-07-01 13:09:00,58.249,58.25,58.245,58.245,1433.0,BUD
2024-07-01 13:08:00,58.255,58.255,58.245,58.25,1353.0,BUD
2024-07-01 13:07:00,58.245,58.25,58.245,58.25,699.0,BUD
2024-07-01 13:06:00,58.265,58.265,58.25,58.25,3240.0,BUD
2024-07-01 13:05:00,58.255,58.27,58.255,58.27,1340.0,BUD
2024-07-01 13:04:00,58.26,58.26,58.255,58.255,515.0,BUD
2024-07-01 13:03:00,58.25,58.255,58.245,58.255,2745.0,BUD
2024-07-01 13:02:00,58.255,58.255,58.255,58.255,722.0,BUD
2024-07-01 13:01:00,58.255,58.255,58.255,58.255,1152.0,BUD
2024-07-01 13:00:00,58.255,58.255,58.255,58.255,569.0,BUD
2024-07-01 12:59:00,58.22,58.255,58.22,58.255,2073.0,BUD
2024-07-01 12:58:00,58.21,58.22,58.21,58.215,2521.0,BUD
2024-07-01 12:57:00,58.21,58.215,58.21,58.215,1329.0,BUD
2024-07-01 12:56:00,58.205,58.205,58.205,58.205,556.0,BUD
2024-07-01 12:55:00,58.2,58.205,58.2,58.205,1658.0,BUD
2024-07-01 12:54:00,58.21,58.21,58.195,58.2,2858.0,BUD
2024-07-01 12:53:00,58.21,58.21,58.21,58.21,542.0,BUD
2024-07-01 12:52:00,58.226,58.226,58.195,58.21,12460.0,BUD
2024-07-01 12:51:00,58.225,58.225,58.225,58.225,1417.0,BUD
2024-07-01 12:50:00,58.225,58.23,58.22,58.225,3018.0,BUD
2024-07-01 12:49:00,58.22,58.23,58.21,58.23,3180.0,BUD
2024-07-01 12:48:00,58.24,58.24,58.225,58.225,1492.0,BUD
2024-07-01 12:47:00,58.25,58.255,58.25,58.25,2283.0,BUD
2024-07-01 12:46:00,58.26,58.26,58.245,58.255,8532.0,BUD
2024-07-01 12:45:00,58.255,58.255,58.255,58.255,838.0,BUD
2024-07-01 12:44:00,58.27,58.275,58.25,58.26,5164.0,BUD
2024-07-01 12:43:00,58.28,58.28,58.275,58.275,2109.0,BUD
2024-07-01 12:42:00,58.275,58.284,58.27,58.284,1049.0,BUD
2024-07-01 12:41:00,58.275,58.285,58.275,58.28,3006.0,BUD
2024-07-01 12:40:00,58.275,58.275,58.275,58.275,477.0,BUD
2024-07-01 12:39:00,58.275,58.275,58.27,58.275,1093.0,BUD
2024-07-01 12:38:00,58.28,58.28,58.28,58.28,552.0,BUD
2024-07-01 12:37:00,58.28,58.285,58.27,58.275,2200.0,BUD
2024-07-01 12:36:00,58.283,58.287,58.283,58.287,987.0,BUD
2024-07-01 12:35:00,58.275,58.285,58.27,58.285,2619.0,BUD
2024-07-01 12:34:00,58.305,58.305,58.27,58.275,2234.0,BUD
2024-07-01 12:33:00,58.31,58.31,58.305,58.305,1419.0,BUD
2024-07-01 12:32:00,58.31,58.31,58.3,58.305,4681.0,BUD
2024-07-01 12:31:00,58.315,58.315,58.315,58.315,635.0,BUD
2024-07-01 12:30:00,58.32,58.32,58.32,58.32,422.0,BUD
2024-07-01 12:29:00,58.32,58.32,58.32,58.32,793.0,BUD
2024-07-01 12:28:00,58.315,58.33,58.31,58.33,1960.0,BUD
2024-07-01 12:27:00,58.315,58.315,58.315,58.315,240.0,BUD
2024-07-01 12:26:00,58.335,58.335,58.319,58.319,4698.0,BUD
2024-07-01 12:25:00,58.33,58.33,58.325,58.33,1659.0,BUD
2024-07-01 12:24:00,58.335,58.35,58.325,58.33,4379.0,BUD
2024-07-01 12:23:00,58.33,58.34,58.33,58.34,4118.0,BUD
2024-07-01 12:21:00,58.325,58.325,58.325,58.325,398.0,BUD
2024-07-01 12:20:00,58.315,58.33,58.315,58.32,1847.0,BUD
2024-07-01 12:19:00,58.31,58.315,58.305,58.31,2335.0,BUD
2024-07-01 12:18:00,58.31,58.32,58.31,58.312,1800.0,BUD
2024-07-01 12:17:00,58.305,58.305,58.305,58.305,478.0,BUD
2024-07-01 12:16:00,58.305,58.305,58.305,58.305,744.0,BUD
2024-07-01 12:15:00,58.303,58.303,58.303,58.303,746.0,BUD
2024-07-01 12:14:00,58.295,58.3,58.295,58.3,1345.0,BUD
2024-07-01 12:13:00,58.29,58.29,58.29,58.29,2121.0,BUD
2024-07-01 12:12:00,58.295,58.295,58.295,58.295,310.0,BUD
2024-07-01 12:11:00,58.29,58.295,58.285,58.295,1229.0,BUD
2024-07-01 12:10:00,58.285,58.285,58.285,58.285,186.0,BUD
2024-07-01 12:09:00,58.28,58.28,58.28,58.28,549.0,BUD
2024-07-01 12:08:00,58.28,58.28,58.26,58.28,4559.0,BUD
2024-07-01 12:07:00,58.255,58.275,58.255,58.275,2626.0,BUD
2024-07-01 12:06:00,58.25,58.25,58.25,58.25,1740.0,BUD
2024-07-01 12:05:00,58.245,58.245,58.24,58.245,1702.0,BUD
2024-07-01 12:04:00,58.24,58.245,58.24,58.245,446.0,BUD
2024-07-01 12:03:00,58.265,58.265,58.245,58.245,3605.0,BUD
2024-07-01 12:02:00,58.275,58.275,58.26,58.265,2408.0,BUD
2024-07-01 12:01:00,58.275,58.275,58.275,58.275,1644.0,BUD
2024-07-01 12:00:00,58.28,58.28,58.27,58.277,2296.0,BUD
2024-07-01 11:59:00,58.295,58.3,58.28,58.28,2080.0,BUD
2024-07-01 11:58:00,58.31,58.315,58.299,58.299,2199.0,BUD
2024-07-01 11:57:00,58.305,58.315,58.305,58.305,2025.0,BUD
2024-07-01 11:56:00,58.31,58.31,58.3,58.31,3143.0,BUD
2024-07-01 11:55:00,58.33,58.33,58.31,58.31,2023.0,BUD
2024-07-01 11:54:00,58.305,58.325,58.305,58.325,2764.0,BUD
2024-07-01 11:53:00,58.3,58.31,58.3,58.31,1019.0,BUD
2024-07-01 11:52:00,58.32,58.325,58.3,58.3,1546.0,BUD
2024-07-01 11:51:00,58.32,58.33,58.317,58.33,1132.0,BUD
2024-07-01 11:50:00,58.305,58.315,58.305,58.315,1333.0,BUD
2024-07-01 11:49:00,58.32,58.32,58.31,58.31,1575.0,BUD
2024-07-01 11:48:00,58.32,58.325,58.32,58.32,1154.0,BUD
2024-07-01 11:46:00,58.315,58.33,58.304,58.31,2873.0,BUD
2024-07-01 11:45:00,58.305,58.32,58.305,58.32,1423.0,BUD
2024-07-01 11:44:00,58.315,58.315,58.305,58.31,2156.0,BUD
2024-07-01 11:42:00,58.32,58.32,58.315,58.32,3638.0,BUD
2024-07-01 11:41:00,58.33,58.33,58.33,58.33,1307.0,BUD
2024-07-01 11:40:00,58.33,58.335,58.33,58.335,503.0,BUD
2024-07-01 11:39:00,58.257,58.305,58.257,58.305,2210.0,BUD
2024-07-01 11:38:00,58.26,58.27,58.26,58.26,1420.0,BUD
2024-07-01 11:37:00,58.27,58.27,58.26,58.26,2455.0,BUD
2024-07-01 11:36:00,58.31,58.31,58.27,58.28,2093.0,BUD
2024-07-01 11:35:00,58.34,58.345,58.31,58.31,8166.0,BUD
2024-07-01 11:34:00,58.28,58.35,58.255,58.335,24174.0,BUD
2024-07-01 11:33:00,58.295,58.295,58.285,58.285,1273.0,BUD
2024-07-01 11:32:00,58.33,58.33,58.295,58.295,2726.0,BUD
2024-07-01 11:31:00,58.34,58.34,58.325,58.325,2558.0,BUD
2024-07-01 11:30:00,58.33,58.34,58.325,58.34,1571.0,BUD
2024-07-01 11:29:00,58.33,58.34,58.325,58.33,4209.0,BUD
2024-07-01 11:28:00,58.32,58.345,58.32,58.345,3102.0,BUD
2024-07-01 11:27:00,58.37,58.37,58.345,58.345,1941.0,BUD
2024-07-01 11:26:00,58.365,58.365,58.355,58.36,1663.0,BUD
2024-07-01 11:25:00,58.34,58.37,58.34,58.37,1679.0,BUD
2024-07-01 11:24:00,58.34,58.35,58.335,58.335,1470.0,BUD
2024-07-01 11:23:00,58.34,58.365,58.34,58.35,4353.0,BUD
2024-07-01 11:22:00,58.34,58.36,58.34,58.34,2184.0,BUD
2024-07-01 11:21:00,58.35,58.35,58.33,58.335,4469.0,BUD
2024-07-01 11:20:00,58.37,58.37,58.34,58.355,5954.0,BUD
2024-07-01 11:19:00,58.38,58.39,58.375,58.38,5037.0,BUD
2024-07-01 11:18:00,58.39,58.39,58.39,58.39,1550.0,BUD
2024-07-01 11:17:00,58.4,58.43,58.39,58.41,3540.0,BUD
2024-07-01 11:16:00,58.39,58.4,58.385,58.4,2509.0,BUD
2024-07-01 11:15:00,58.39,58.4,58.39,58.39,1698.0,BUD
2024-07-01 11:14:00,58.42,58.42,58.385,58.385,2486.0,BUD
2024-07-01 11:13:00,58.43,58.43,58.425,58.43,1987.0,BUD
2024-07-01 11:12:00,58.41,58.44,58.405,58.44,2336.0,BUD
2024-07-01 11:11:00,58.43,58.43,58.415,58.42,2973.0,BUD
2024-07-01 11:10:00,58.44,58.445,58.43,58.43,3641.0,BUD
2024-07-01 11:09:00,58.41,58.46,58.41,58.46,1732.0,BUD
2024-07-01 11:08:00,58.39,58.425,58.39,58.41,6086.0,BUD
2024-07-01 11:07:00,58.385,58.4,58.38,58.38,2936.0,BUD
2024-07-01 11:06:00,58.33,58.39,58.33,58.38,5071.0,BUD
2024-07-01 11:05:00,58.36,58.37,58.35,58.35,2040.0,BUD
2024-07-01 11:04:00,58.37,58.37,58.36,58.36,2386.0,BUD
2024-07-01 11:03:00,58.39,58.39,58.36,58.37,2931.0,BUD
2024-07-01 11:02:00,58.4,58.415,58.4,58.41,2113.0,BUD
2024-07-01 11:01:00,58.419,58.419,58.4,58.4,2695.0,BUD
2024-07-01 11:00:00,58.44,58.44,58.41,58.41,3490.0,BUD
2024-07-01 10:59:00,58.45,58.455,58.449,58.449,1852.0,BUD
2024-07-01 10:58:00,58.465,58.47,58.455,58.46,2239.0,BUD
2024-07-01 10:57:00,58.425,58.455,58.425,58.45,2607.0,BUD
2024-07-01 10:56:00,58.41,58.435,58.41,58.42,2028.0,BUD
2024-07-01 10:55:00,58.41,58.41,58.39,58.39,1785.0,BUD
2024-07-01 10:54:00,58.45,58.465,58.43,58.45,1571.0,BUD
2024-07-01 10:53:00,58.46,58.47,58.45,58.47,2198.0,BUD
2024-07-01 10:52:00,58.445,58.45,58.43,58.45,2059.0,BUD
2024-07-01 10:51:00,58.44,58.47,58.44,58.46,4430.0,BUD
2024-07-01 10:50:00,58.4,58.44,58.4,58.43,3866.0,BUD
2024-07-01 10:49:00,58.425,58.425,58.41,58.41,1736.0,BUD
2024-07-01 10:48:00,58.44,58.45,58.425,58.425,2230.0,BUD
2024-07-01 10:47:00,58.45,58.47,58.45,58.45,4051.0,BUD
2024-07-01 10:46:00,58.48,58.485,58.46,58.46,3193.0,BUD
2024-07-01 10:45:00,58.51,58.53,58.495,58.5,2959.0,BUD
2024-07-01 10:44:00,58.48,58.51,58.48,58.51,2045.0,BUD
2024-07-01 10:43:00,58.48,58.5,58.46,58.485,4452.0,BUD
2024-07-01 10:42:00,58.47,58.5,58.47,58.5,2963.0,BUD
2024-07-01 10:41:00,58.525,58.525,58.47,58.47,3608.0,BUD
2024-07-01 10:40:00,58.53,58.545,58.53,58.53,3675.0,BUD
2024-07-01 10:39:00,58.565,58.565,58.535,58.535,1650.0,BUD
2024-07-01 10:38:00,58.575,58.6,58.55,58.57,4213.0,BUD
2024-07-01 10:37:00,58.605,58.605,58.591,58.594,2549.0,BUD
2024-07-01 10:36:00,58.61,58.63,58.6,58.62,9737.0,BUD
2024-07-01 10:35:00,58.605,58.62,58.6,58.6,1938.0,BUD
2024-07-01 10:34:00,58.63,58.63,58.61,58.61,4059.0,BUD
2024-07-01 10:33:00,58.65,58.66,58.64,58.64,10633.0,BUD
2024-07-01 10:32:00,58.62,58.67,58.615,58.66,5668.0,BUD
2024-07-01 10:31:00,58.65,58.66,58.64,58.64,2649.0,BUD
2024-07-01 10:30:00,58.67,58.7,58.655,58.66,13400.0,BUD
2024-07-01 10:29:00,58.695,58.695,58.65,58.67,8858.0,BUD
2024-07-01 10:28:00,58.645,58.69,58.64,58.69,7401.0,BUD
2024-07-01 10:27:00,58.66,58.66,58.61,58.63,10109.0,BUD
2024-07-01 10:26:00,58.65,58.68,58.63,58.68,5000.0,BUD
2024-07-01 10:25:00,58.64,58.66,58.63,58.65,8451.0,BUD
2024-07-01 10:24:00,58.61,58.64,58.59,58.63,2837.0,BUD
2024-07-01 10:23:00,58.61,58.62,58.6,58.605,5249.0,BUD
2024-07-01 10:22:00,58.58,58.6,58.55,58.6,6523.0,BUD
2024-07-01 10:21:00,58.64,58.64,58.59,58.59,5004.0,BUD
2024-07-01 10:20:00,58.69,58.69,58.66,58.66,3003.0,BUD
2024-07-01 10:19:00,58.72,58.72,58.67,58.7,5214.0,BUD
2024-07-01 10:18:00,58.715,58.715,58.7,58.71,3129.0,BUD
2024-07-01 10:17:00,58.72,58.74,58.72,58.73,3208.0,BUD
2024-07-01 10:16:00,58.73,58.73,58.71,58.72,1005.0,BUD
2024-07-01 10:15:00,58.775,58.79,58.735,58.74,5783.0,BUD
2024-07-01 10:14:00,58.78,58.78,58.765,58.77,2750.0,BUD
2024-07-01 10:13:00,58.81,58.815,58.78,58.78,3938.0,BUD
2024-07-01 10:12:00,58.85,58.87,58.815,58.815,8401.0,BUD
2024-07-01 10:11:00,58.89,58.89,58.84,58.85,4853.0,BUD
2024-07-01 10:10:00,58.91,58.91,58.88,58.89,5359.0,BUD
2024-07-01 10:09:00,58.98,58.99,58.925,58.93,4161.0,BUD
2024-07-01 10:08:00,58.955,58.99,58.955,58.97,3859.0,BUD
2024-07-01 10:07:00,58.99,58.99,58.93,58.96,2521.0,BUD
2024-07-01 10:06:00,58.93,59.0,58.93,58.99,9900.0,BUD
2024-07-01 10:05:00,58.91,58.96,58.91,58.92,7725.0,BUD
2024-07-01 10:04:00,58.91,58.91,58.9,58.9,1971.0,BUD
2024-07-01 10:03:00,58.95,58.95,58.92,58.93,4751.0,BUD
2024-07-01 10:02:00,58.98,58.98,58.94,58.95,6039.0,BUD
2024-07-01 10:01:00,59.0,59.02,58.975,58.98,6771.0,BUD
2024-07-01 10:00:00,58.92,59.08,58.92,59.0,14533.0,BUD
2024-07-01 09:59:00,58.92,58.92,58.91,58.92,3560.0,BUD
2024-07-01 09:58:00,58.97,58.975,58.93,58.93,5871.0,BUD
2024-07-01 09:57:00,58.99,58.99,58.97,58.975,2889.0,BUD
2024-07-01 09:56:00,59.0,59.0,58.97,58.975,9290.0,BUD
2024-07-01 09:55:00,58.99,59.0,58.97,58.995,2211.0,BUD
2024-07-01 09:54:00,59.0,59.0,58.98,58.99,4171.0,BUD
2024-07-01 09:53:00,59.02,59.03,58.99,59.01,3894.0,BUD
2024-07-01 09:52:00,59.0,59.02,59.0,59.02,7441.0,BUD
2024-07-01 09:51:00,58.97,59.0,58.97,59.0,5049.0,BUD
2024-07-01 09:50:00,58.96,58.969,58.96,58.969,681.0,BUD
2024-07-01 09:49:00,58.98,58.98,58.955,58.97,2929.0,BUD
2024-07-01 09:48:00,59.0,59.0,58.96,58.97,8724.0,BUD
2024-07-01 09:47:00,59.03,59.05,59.01,59.01,10695.0,BUD
2024-07-01 09:46:00,59.027,59.04,59.027,59.03,547.0,BUD
2024-07-01 09:45:00,59.023,59.07,59.023,59.04,7136.0,BUD
2024-07-01 09:44:00,59.04,59.06,59.03,59.03,4960.0,BUD
2024-07-01 09:43:00,59.07,59.07,59.04,59.04,2512.0,BUD
2024-07-01 09:42:00,59.095,59.1,59.07,59.08,3587.0,BUD
2024-07-01 09:41:00,59.11,59.13,59.1,59.1,2680.0,BUD
2024-07-01 09:40:00,59.04,59.1,59.04,59.1,3500.0,BUD
2024-07-01 09:39:00,58.99,59.04,58.99,59.04,3926.0,BUD
2024-07-01 09:38:00,59.0,59.01,58.99,59.01,3214.0,BUD
2024-07-01 09:37:00,59.03,59.03,59.0,59.01,3058.0,BUD
2024-07-01 09:36:00,59.04,59.07,59.02,59.02,5407.0,BUD
2024-07-01 09:35:00,59.06,59.06,59.0,59.04,21398.0,BUD
2024-07-01 09:34:00,59.07,59.09,59.06,59.07,10148.0,BUD
2024-07-01 09:33:00,59.1,59.1,59.07,59.08,1780.0,BUD
2024-07-01 09:32:00,59.131,59.14,59.08,59.1,8361.0,BUD
2024-07-01 09:31:00,59.115,59.14,59.11,59.13,3025.0,BUD
2024-07-01 09:30:00,59.08,59.16,59.08,59.105,57802.0,BUD
2024-07-01 09:29:00,59.12,59.12,59.12,59.12,2047.0,BUD
2024-07-01 09:28:00,59.07,59.07,59.07,59.07,100.0,BUD
2024-07-01 09:25:00,59.12,59.12,59.1,59.1,400.0,BUD
2024-07-01 09:23:00,59.12,59.12,59.12,59.12,500.0,BUD
2024-07-01 09:22:00,59.11,59.11,59.11,59.11,100.0,BUD
2024-07-01 09:21:00,59.11,59.11,59.1,59.101,747.0,BUD
2024-07-01 09:20:00,59.12,59.12,59.12,59.12,362.0,BUD
2024-07-01 09:19:00,59.09,59.09,59.09,59.09,150.0,BUD
2024-07-01 09:18:00,59.1,59.13,59.1,59.13,375.0,BUD
2024-07-01 09:17:00,59.09,59.09,59.09,59.09,100.0,BUD
2024-07-01 09:16:00,59.08,59.08,59.08,59.08,3.0,BUD
2024-07-01 09:15:00,59.06,59.06,59.06,59.06,300.0,BUD
2024-07-01 09:13:00,59.09,59.09,59.06,59.06,525.0,BUD
2024-07-01 09:11:00,59.09,59.09,59.09,59.09,200.0,BUD
2024-07-01 09:09:00,59.08,59.08,59.08,59.08,510.0,BUD
2024-07-01 09:07:00,58.98,58.98,58.98,58.98,22.0,BUD
2024-07-01 09:04:00,59.01,59.01,59.01,59.01,138.0,BUD
2024-07-01 09:02:00,59.01,59.01,59.01,59.01,5.0,BUD
2024-07-01 09:00:00,59.01,59.03,59.01,59.02,78.0,BUD
2024-07-01 08:57:00,59.01,59.02,59.01,59.02,390.0,BUD
2024-07-01 08:55:00,58.97,58.972,58.97,58.972,24.0,BUD
2024-07-01 08:54:00,58.95,58.95,58.95,58.95,55.0,BUD
2024-07-01 08:53:00,58.97,58.97,58.97,58.97,6.0,BUD
2024-07-01 08:52:00,58.95,58.95,58.95,58.95,30.0,BUD
2024-07-01 08:48:00,58.99,59.01,58.99,59.0,509.0,BUD
2024-07-01 08:47:00,58.98,58.99,58.98,58.99,159.0,BUD
2024-07-01 08:46:00,58.98,58.98,58.98,58.98,800.0,BUD
2024-07-01 08:44:00,58.97,58.97,58.97,58.97,46.0,BUD
2024-07-01 08:42:00,58.97,58.97,58.97,58.97,10.0,BUD
2024-07-01 08:35:00,58.98,58.98,58.98,58.98,50.0,BUD
2024-07-01 08:34:00,58.97,59.0,58.95,59.0,310.0,BUD
2024-07-01 08:31:00,58.98,58.98,58.98,58.98,2.0,BUD
2024-07-01 08:27:00,58.15,58.15,58.15,58.15,755.0,BUD
2024-07-01 08:23:00,58.93,58.93,58.93,58.93,43.0,BUD
2024-07-01 08:22:00,58.91,58.91,58.91,58.91,3.0,BUD
2024-07-01 08:17:00,58.15,58.15,58.15,58.15,686.0,BUD
2024-07-01 08:04:00,58.93,58.93,58.93,58.93,1.0,BUD
2024-07-01 08:03:00,59.0,59.0,58.47,58.47,43.0,BUD
2024-07-01 08:02:00,58.55,59.13,58.15,59.13,1045.0,BUD
2024-07-01 08:00:00,58.86,58.93,58.86,58.9,132.0,BUD
2024-07-01 07:49:00,58.83,58.83,58.83,58.83,36.0,BUD
2024-07-01 07:41:00,58.85,58.85,58.85,58.85,59.0,BUD
2024-07-01 07:37:00,58.87,58.87,58.87,58.87,1.0,BUD
2024-07-01 07:36:00,58.88,58.88,58.88,58.88,4.0,BUD
2024-07-01 07:34:00,58.87,58.87,58.86,58.86,700.0,BUD
2024-07-01 07:27:00,58.95,58.95,58.95,58.95,204.0,BUD
2024-07-01 07:25:00,58.98,58.98,58.98,58.98,1.0,BUD
2024-07-01 07:22:00,58.93,58.93,58.92,58.92,234.0,BUD
2024-07-01 07:17:00,58.9,58.9,58.9,58.9,5.0,BUD
2024-07-01 07:08:00,58.9,58.9,58.9,58.9,977.0,BUD
2024-07-01 07:07:00,58.87,58.9,58.87,58.9,116.0,BUD
2024-07-01 07:06:00,58.85,58.85,58.84,58.85,133.0,BUD
2024-07-01 07:03:00,58.88,58.88,58.87,58.87,350.0,BUD
2024-07-01 07:00:00,58.86,58.86,58.86,58.86,4.0,BUD
2024-07-01 06:55:00,58.9,58.9,58.9,58.9,73.0,BUD
2024-07-01 06:53:00,58.9,58.9,58.9,58.9,10.0,BUD
2024-07-01 06:46:00,58.89,58.89,58.89,58.89,200.0,BUD
2024-07-01 06:44:00,58.88,58.88,58.88,58.88,60.0,BUD
2024-07-01 06:36:00,58.88,58.88,58.88,58.88,129.0,BUD
2024-07-01 06:32:00,58.85,58.85,58.85,58.85,1.0,BUD
2024-07-01 06:13:00,58.85,58.86,58.85,58.85,200.0,BUD
2024-07-01 06:12:00,58.88,58.89,58.88,58.89,260.0,BUD
2024-07-01 06:09:00,58.87,58.88,58.87,58.88,200.0,BUD
2024-07-01 06:08:00,58.87,58.87,58.87,58.87,100.0,BUD
2024-07-01 06:06:00,58.89,58.89,58.89,58.89,1.0,BUD
2024-07-01 06:05:00,58.89,58.89,58.89,58.89,40.0,BUD
2024-07-01 06:03:00,58.84,58.84,58.83,58.83,500.0,BUD
2024-07-01 05:58:00,58.93,58.94,58.93,58.94,1200.0,BUD
2024-07-01 05:56:00,58.9,58.9,58.9,58.9,69.0,BUD
2024-07-01 04:35:00,59.01,59.01,59.01,59.01,6.0,BUD
2024-07-01 04:32:00,59.03,59.03,59.03,59.03,9.0,BUD
2024-07-01 04:31:00,59.08,59.08,59.08,59.08,40.0,BUD
2024-07-01 04:29:00,58.98,58.98,58.98,58.98,1.0,BUD
2024-07-01 04:00:00,58.76,58.76,58.76,58.76,4.0,BUD
2024-06-28 19:00:00,58.15,58.15,58.15,58.15,82995.0,BUD
2024-06-28 18:36:00,58.85,58.86,58.79,58.79,60.0,BUD
2024-06-28 18:30:00,58.15,58.15,58.074,58.074,83000.0,BUD
2024-06-28 18:15:00,58.9,58.9,58.9,58.9,4.0,BUD
2024-06-28 17:51:00,59.0,59.0,59.0,59.0,1.0,BUD
2024-06-28 17:48:00,58.9,58.9,58.9,58.9,2.0,BUD
2024-06-28 17:24:00,58.9,58.9,58.9,58.9,5.0,BUD
2024-06-28 16:57:00,58.15,58.15,58.15,58.15,1.0,BUD
2024-06-28 16:55:00,58.0,58.0,58.0,58.0,3.0,BUD
2024-06-28 16:45:00,58.15,58.15,58.15,58.15,5571.0,BUD
2024-06-28 16:25:00,59.0,59.0,59.0,59.0,1.0,BUD
2024-06-28 16:10:00,58.15,58.15,58.15,58.15,82995.0,BUD
2024-06-28 16:06:00,59.2,59.2,59.2,59.2,4.0,BUD
2024-06-28 16:00:00,58.16,58.165,58.15,58.155,167377.0,BUD
2024-06-28 15:59:00,58.16,58.17,58.14,58.16,39366.0,BUD
2024-06-28 15:58:00,58.15,58.175,58.14,58.165,25618.0,BUD
2024-06-28 15:57:00,58.15,58.155,58.14,58.145,13805.0,BUD
2024-06-28 15:56:00,58.13,58.15,58.13,58.15,13271.0,BUD
2024-06-28 15:55:00,58.12,58.16,58.11,58.13,20152.0,BUD
2024-06-28 15:54:00,58.11,58.13,58.1,58.12,14660.0,BUD
2024-06-28 15:53:00,58.105,58.11,58.1,58.11,4605.0,BUD
2024-06-28 15:52:00,58.105,58.115,58.095,58.105,9278.0,BUD
2024-06-28 15:51:00,58.095,58.12,58.08,58.11,13079.0,BUD
2024-06-28 15:50:00,58.05,58.1,58.035,58.09,18790.0,BUD
2024-06-28 15:49:00,58.085,58.085,58.05,58.055,7695.0,BUD
2024-06-28 15:48:00,58.085,58.085,58.07,58.075,8441.0,BUD
2024-06-28 15:47:00,58.085,58.088,58.075,58.088,4981.0,BUD
2024-06-28 15:46:00,58.065,58.09,58.065,58.085,5637.0,BUD
2024-06-28 15:45:00,58.085,58.09,58.06,58.06,8955.0,BUD
2024-06-28 15:44:00,58.12,58.12,58.08,58.085,9326.0,BUD
2024-06-28 15:43:00,58.07,58.12,58.07,58.12,12609.0,BUD
2024-06-28 15:42:00,58.06,58.07,58.06,58.065,6745.0,BUD
2024-06-28 15:41:00,58.035,58.07,58.035,58.055,10796.0,BUD
2024-06-28 15:40:00,58.035,58.055,58.02,58.03,21117.0,BUD
2024-06-28 15:39:00,58.025,58.04,58.025,58.04,2885.0,BUD
2024-06-28 15:38:00,58.005,58.03,58.005,58.03,2359.0,BUD
2024-06-28 15:37:00,57.965,58.01,57.965,58.0,9523.0,BUD
2024-06-28 15:36:00,57.935,57.965,57.93,57.965,8710.0,BUD
2024-06-28 15:35:00,57.93,57.94,57.925,57.935,3170.0,BUD
2024-06-28 15:34:00,57.91,57.925,57.89,57.92,7406.0,BUD
2024-06-28 15:33:00,57.91,57.91,57.91,57.91,3547.0,BUD
2024-06-28 15:32:00,57.91,57.91,57.89,57.91,5110.0,BUD
2024-06-28 15:31:00,57.98,57.98,57.915,57.92,6768.0,BUD
2024-06-28 15:30:00,57.96,57.98,57.955,57.97,8742.0,BUD
2024-06-28 15:29:00,57.96,57.965,57.955,57.965,3014.0,BUD
2024-06-28 15:28:00,57.98,57.98,57.955,57.955,4875.0,BUD
2024-06-28 15:27:00,57.955,57.98,57.955,57.98,3783.0,BUD
2024-06-28 15:26:00,57.97,57.97,57.955,57.955,8276.0,BUD
2024-06-28 15:25:00,57.96,57.98,57.955,57.97,3018.0,BUD
2024-06-28 15:24:00,57.93,57.96,57.93,57.955,5480.0,BUD
2024-06-28 15:23:00,57.93,57.945,57.925,57.935,3710.0,BUD
2024-06-28 15:22:00,57.915,57.93,57.915,57.92,5339.0,BUD
2024-06-28 15:21:00,57.915,57.92,57.915,57.915,2206.0,BUD
2024-06-28 15:20:00,57.91,57.925,57.91,57.91,5706.0,BUD
2024-06-28 15:19:00,57.915,57.915,57.91,57.91,1269.0,BUD
2024-06-28 15:18:00,57.915,57.915,57.905,57.91,3923.0,BUD
2024-06-28 15:17:00,57.925,57.925,57.915,57.915,2249.0,BUD
2024-06-28 15:16:00,57.9,57.93,57.895,57.92,5850.0,BUD
2024-06-28 15:15:00,57.89,57.91,57.875,57.9,5264.0,BUD
2024-06-28 15:14:00,57.915,57.915,57.89,57.895,13680.0,BUD
2024-06-28 15:13:00,57.915,57.92,57.91,57.92,1606.0,BUD
2024-06-28 15:12:00,57.925,57.925,57.905,57.92,4098.0,BUD
2024-06-28 15:11:00,57.92,57.93,57.92,57.925,5868.0,BUD
2024-06-28 15:10:00,57.93,57.93,57.92,57.92,3360.0,BUD
2024-06-28 15:09:00,57.925,57.945,57.925,57.94,6290.0,BUD
2024-06-28 15:08:00,57.92,57.93,57.915,57.925,3578.0,BUD
2024-06-28 15:07:00,57.925,57.93,57.92,57.925,1399.0,BUD
2024-06-28 15:06:00,57.92,57.92,57.915,57.92,4340.0,BUD
2024-06-28 15:05:00,57.94,57.94,57.925,57.925,1971.0,BUD
2024-06-28 15:04:00,57.945,57.95,57.945,57.95,3284.0,BUD
2024-06-28 15:03:00,57.925,57.945,57.925,57.945,2412.0,BUD
2024-06-28 15:02:00,57.94,57.94,57.93,57.93,3430.0,BUD
2024-06-28 15:01:00,57.94,57.95,57.94,57.945,2410.0,BUD
2024-06-28 15:00:00,57.98,57.98,57.95,57.95,3527.0,BUD
2024-06-28 14:59:00,57.99,57.99,57.98,57.98,1504.0,BUD
2024-06-28 14:58:00,58.005,58.01,57.99,57.99,2170.0,BUD
2024-06-28 14:57:00,57.985,58.0,57.985,58.0,1430.0,BUD
2024-06-28 14:56:00,57.99,57.99,57.98,57.99,2101.0,BUD
2024-06-28 14:55:00,58.0,58.0,57.99,57.99,2298.0,BUD
2024-06-28 14:54:00,58.0,58.0,57.99,57.995,2694.0,BUD
2024-06-28 14:53:00,58.005,58.01,58.0,58.01,6058.0,BUD
2024-06-28 14:52:00,58.01,58.01,58.0,58.0,937.0,BUD
2024-06-28 14:51:00,58.01,58.01,58.0,58.005,4949.0,BUD
2024-06-28 14:50:00,57.965,57.995,57.965,57.995,3227.0,BUD
2024-06-28 14:49:00,57.985,57.99,57.945,57.967,20273.0,BUD
2024-06-28 14:48:00,58.0,58.008,57.99,57.99,4384.0,BUD
2024-06-28 14:47:00,57.995,58.005,57.995,58.005,1199.0,BUD
2024-06-28 14:46:00,58.01,58.01,57.995,57.995,4156.0,BUD
2024-06-28 14:45:00,58.025,58.03,58.01,58.01,3989.0,BUD
2024-06-28 14:44:00,58.02,58.02,58.02,58.02,648.0,BUD
2024-06-28 14:43:00,58.03,58.03,58.015,58.02,1628.0,BUD
2024-06-28 14:42:00,58.055,58.055,58.04,58.04,3279.0,BUD
2024-06-28 14:41:00,58.035,58.05,58.035,58.05,1212.0,BUD
2024-06-28 14:40:00,58.035,58.04,58.025,58.03,2613.0,BUD
2024-06-28 14:39:00,58.015,58.03,58.015,58.03,1844.0,BUD
2024-06-28 14:38:00,58.03,58.03,58.01,58.01,622.0,BUD
2024-06-28 14:37:00,58.04,58.04,58.03,58.035,2487.0,BUD
2024-06-28 14:36:00,58.035,58.05,58.035,58.04,2853.0,BUD
2024-06-28 14:35:00,58.035,58.04,58.025,58.03,2355.0,BUD
2024-06-28 14:34:00,58.025,58.045,58.02,58.03,3168.0,BUD
2024-06-28 14:33:00,58.039,58.039,58.025,58.025,1687.0,BUD
2024-06-28 14:32:00,58.04,58.04,58.035,58.035,2847.0,BUD
2024-06-28 14:31:00,58.04,58.04,58.035,58.04,865.0,BUD
2024-06-28 14:30:00,58.05,58.055,58.04,58.045,3108.0,BUD
2024-06-28 14:29:00,58.07,58.07,58.045,58.05,4732.0,BUD
2024-06-28 14:27:00,58.075,58.075,58.06,58.07,2042.0,BUD
2024-06-28 14:26:00,58.065,58.08,58.065,58.08,3857.0,BUD
2024-06-28 14:25:00,58.035,58.06,58.035,58.06,1900.0,BUD
2024-06-28 14:24:00,58.034,58.04,58.03,58.032,2708.0,BUD
2024-06-28 14:23:00,58.04,58.04,58.03,58.04,2213.0,BUD
2024-06-28 14:22:00,58.09,58.095,58.05,58.05,3290.0,BUD
2024-06-28 14:21:00,58.075,58.08,58.07,58.08,3215.0,BUD
2024-06-28 14:20:00,58.09,58.09,58.075,58.075,2865.0,BUD
2024-06-28 14:19:00,58.12,58.125,58.09,58.09,3177.0,BUD
2024-06-28 14:18:00,58.11,58.12,58.105,58.12,2681.0,BUD
2024-06-28 14:17:00,58.115,58.12,58.11,58.117,1213.0,BUD
2024-06-28 14:16:00,58.095,58.12,58.095,58.12,2318.0,BUD
2024-06-28 14:15:00,58.095,58.1,58.09,58.095,4250.0,BUD
2024-06-28 14:14:00,58.085,58.095,58.085,58.095,2022.0,BUD
2024-06-28 14:13:00,58.085,58.09,58.08,58.09,1739.0,BUD
2024-06-28 14:12:00,58.085,58.09,58.085,58.09,1007.0,BUD
2024-06-28 14:11:00,58.085,58.09,58.085,58.09,724.0,BUD
2024-06-28 14:10:00,58.075,58.09,58.075,58.085,2564.0,BUD
2024-06-28 14:09:00,58.065,58.085,58.065,58.08,1963.0,BUD
2024-06-28 14:08:00,58.08,58.08,58.064,58.065,1314.0,BUD
2024-06-28 14:07:00,58.07,58.08,58.07,58.08,2304.0,BUD
2024-06-28 14:06:00,58.06,58.075,58.05,58.07,5914.0,BUD
2024-06-28 14:05:00,58.06,58.065,58.045,58.065,4084.0,BUD
2024-06-28 14:04:00,58.04,58.07,58.04,58.07,6266.0,BUD
2024-06-28 14:03:00,58.035,58.04,58.035,58.04,904.0,BUD
2024-06-28 14:02:00,58.065,58.065,58.055,58.059,1560.0,BUD
2024-06-28 14:01:00,58.06,58.065,58.055,58.065,1765.0,BUD
2024-06-28 14:00:00,58.1,58.1,58.065,58.065,1826.0,BUD
2024-06-28 13:59:00,58.1,58.105,58.1,58.1,1207.0,BUD
2024-06-28 13:58:00,58.1,58.1,58.095,58.1,447.0,BUD
2024-06-28 13:57:00,58.105,58.11,58.1,58.105,2193.0,BUD
2024-06-28 13:56:00,58.1,58.1,58.085,58.1,6780.0,BUD
2024-06-28 13:55:00,58.1,58.11,58.095,58.105,2561.0,BUD
2024-06-28 13:54:00,58.11,58.11,58.095,58.105,4064.0,BUD
2024-06-28 13:53:00,58.1,58.12,58.1,58.105,2284.0,BUD
2024-06-28 13:52:00,58.09,58.11,58.09,58.11,4719.0,BUD
2024-06-28 13:51:00,58.08,58.1,58.08,58.085,3988.0,BUD
2024-06-28 13:50:00,58.09,58.09,58.085,58.085,1146.0,BUD
2024-06-28 13:49:00,58.11,58.115,58.095,58.095,1924.0,BUD
2024-06-28 13:48:00,58.1,58.115,58.1,58.115,2217.0,BUD
2024-06-28 13:47:00,58.11,58.11,58.09,58.1,1950.0,BUD
2024-06-28 13:46:00,58.1,58.12,58.1,58.11,2203.0,BUD
2024-06-28 13:45:00,58.09,58.095,58.09,58.095,582.0,BUD
2024-06-28 13:44:00,58.1,58.1,58.085,58.09,1479.0,BUD
2024-06-28 13:43:00,58.1,58.1,58.095,58.1,3696.0,BUD
2024-06-28 13:42:00,58.1,58.105,58.1,58.1,1236.0,BUD
2024-06-28 13:41:00,58.105,58.105,58.085,58.09,1911.0,BUD
2024-06-28 13:40:00,58.095,58.1,58.09,58.095,4142.0,BUD
2024-06-28 13:39:00,58.095,58.1,58.095,58.1,1443.0,BUD
2024-06-28 13:38:00,58.1,58.1,58.09,58.095,2645.0,BUD
2024-06-28 13:37:00,58.085,58.1,58.085,58.1,3883.0,BUD
2024-06-28 13:36:00,58.08,58.09,58.08,58.085,1136.0,BUD
2024-06-28 13:35:00,58.06,58.08,58.06,58.08,2958.0,BUD
2024-06-28 13:34:00,58.08,58.08,58.055,58.055,1679.0,BUD
2024-06-28 13:33:00,58.115,58.115,58.085,58.085,1170.0,BUD
2024-06-28 13:32:00,58.09,58.11,58.09,58.11,2029.0,BUD
2024-06-28 13:31:00,58.1,58.1,58.09,58.09,1175.0,BUD
2024-06-28 13:30:00,58.12,58.12,58.105,58.105,3680.0,BUD
2024-06-28 13:29:00,58.155,58.155,58.125,58.13,4186.0,BUD
2024-06-28 13:28:00,58.161,58.165,58.155,58.155,2855.0,BUD
2024-06-28 13:27:00,58.155,58.168,58.155,58.165,2134.0,BUD
2024-06-28 13:26:00,58.155,58.16,58.155,58.155,2612.0,BUD
2024-06-28 13:25:00,58.15,58.15,58.145,58.15,1068.0,BUD
2024-06-28 13:24:00,58.16,58.165,58.16,58.16,1788.0,BUD
2024-06-28 13:23:00,58.155,58.165,58.15,58.16,1890.0,BUD
2024-06-28 13:22:00,58.155,58.165,58.145,58.16,3083.0,BUD
2024-06-28 13:21:00,58.145,58.155,58.14,58.155,1179.0,BUD
2024-06-28 13:20:00,58.145,58.15,58.14,58.145,2890.0,BUD
2024-06-28 13:19:00,58.14,58.15,58.14,58.145,753.0,BUD
2024-06-28 13:18:00,58.13,58.14,58.125,58.135,2757.0,BUD
2024-06-28 13:17:00,58.13,58.13,58.125,58.13,1119.0,BUD
2024-06-28 13:16:00,58.135,58.14,58.13,58.13,599.0,BUD
2024-06-28 13:15:00,58.14,58.14,58.13,58.13,1585.0,BUD
2024-06-28 13:14:00,58.13,58.15,58.13,58.145,661.0,BUD
2024-06-28 13:13:00,58.13,58.14,58.13,58.14,1007.0,BUD
2024-06-28 13:12:00,58.15,58.15,58.14,58.14,2064.0,BUD
2024-06-28 13:11:00,58.16,58.165,58.16,58.16,590.0,BUD
2024-06-28 13:10:00,58.19,58.195,58.16,58.16,2639.0,BUD
2024-06-28 13:09:00,58.185,58.2,58.185,58.2,698.0,BUD
2024-06-28 13:08:00,58.2,58.2,58.185,58.19,1309.0,BUD
2024-06-28 13:07:00,58.185,58.205,58.185,58.195,3256.0,BUD
2024-06-28 13:06:00,58.155,58.19,58.155,58.185,3310.0,BUD
2024-06-28 13:05:00,58.15,58.16,58.145,58.16,2536.0,BUD
2024-06-28 13:04:00,58.165,58.165,58.145,58.145,2765.0,BUD
2024-06-28 13:03:00,58.125,58.16,58.125,58.16,3417.0,BUD
2024-06-28 13:02:00,58.115,58.14,58.11,58.13,12669.0,BUD
2024-06-28 13:01:00,58.115,58.12,58.115,58.12,1881.0,BUD
2024-06-28 13:00:00,58.12,58.12,58.11,58.11,2568.0,BUD
2024-06-28 12:59:00,58.12,58.125,58.12,58.125,810.0,BUD
2024-06-28 12:58:00,58.12,58.13,58.12,58.125,979.0,BUD
2024-06-28 12:57:00,58.125,58.125,58.125,58.125,335.0,BUD
2024-06-28 12:56:00,58.13,58.13,58.125,58.125,3304.0,BUD
2024-06-28 12:55:00,58.12,58.13,58.12,58.12,3369.0,BUD
2024-06-28 12:54:00,58.13,58.14,58.12,58.12,3948.0,BUD
2024-06-28 12:53:00,58.12,58.12,58.12,58.12,397.0,BUD
2024-06-28 12:52:00,58.12,58.12,58.12,58.12,1088.0,BUD
2024-06-28 12:51:00,58.105,58.13,58.105,58.125,4614.0,BUD
2024-06-28 12:50:00,58.125,58.13,58.12,58.12,1960.0,BUD
2024-06-28 12:49:00,58.125,58.13,58.12,58.12,1798.0,BUD
2024-06-28 12:48:00,58.125,58.13,58.125,58.13,2228.0,BUD
2024-06-28 12:47:00,58.135,58.135,58.125,58.13,3216.0,BUD
2024-06-28 12:46:00,58.13,58.13,58.12,58.125,19352.0,BUD
2024-06-28 12:45:00,58.16,58.16,58.13,58.13,4683.0,BUD
2024-06-28 12:44:00,58.165,58.165,58.16,58.16,694.0,BUD
2024-06-28 12:43:00,58.17,58.17,58.165,58.17,1493.0,BUD
2024-06-28 12:42:00,58.17,58.18,58.165,58.17,4708.0,BUD
2024-06-28 12:41:00,58.145,58.16,58.145,58.16,2274.0,BUD
2024-06-28 12:40:00,58.165,58.165,58.12,58.14,1915.0,BUD
2024-06-28 12:39:00,58.18,58.18,58.175,58.175,680.0,BUD
2024-06-28 12:38:00,58.2,58.2,58.185,58.185,1610.0,BUD
2024-06-28 12:37:00,58.175,58.19,58.175,58.19,3323.0,BUD
2024-06-28 12:36:00,58.16,58.175,58.155,58.175,5024.0,BUD
2024-06-28 12:35:00,58.178,58.178,58.15,58.16,3955.0,BUD
2024-06-28 12:34:00,58.17,58.18,58.17,58.17,2506.0,BUD
2024-06-28 12:33:00,58.175,58.18,58.17,58.175,2584.0,BUD
2024-06-28 12:32:00,58.17,58.18,58.17,58.175,3519.0,BUD
2024-06-28 12:31:00,58.155,58.17,58.152,58.165,3278.0,BUD
2024-06-28 12:30:00,58.14,58.165,58.14,58.165,927.0,BUD
2024-06-28 12:29:00,58.15,58.15,58.145,58.145,582.0,BUD
2024-06-28 12:28:00,58.175,58.175,58.16,58.16,2051.0,BUD
2024-06-28 12:27:00,58.155,58.18,58.155,58.18,2930.0,BUD
2024-06-28 12:26:00,58.15,58.16,58.15,58.155,1189.0,BUD
2024-06-28 12:25:00,58.14,58.15,58.14,58.15,2722.0,BUD
2024-06-28 12:24:00,58.15,58.15,58.135,58.14,1041.0,BUD
2024-06-28 12:23:00,58.15,58.16,58.15,58.15,2054.0,BUD
2024-06-28 12:22:00,58.14,58.16,58.14,58.16,1825.0,BUD
2024-06-28 12:21:00,58.14,58.14,58.13,58.14,738.0,BUD
2024-06-28 12:20:00,58.135,58.14,58.13,58.13,2163.0,BUD
2024-06-28 12:19:00,58.11,58.14,58.11,58.135,1855.0,BUD
2024-06-28 12:18:00,58.11,58.11,58.105,58.11,2558.0,BUD
2024-06-28 12:17:00,58.11,58.115,58.105,58.115,2197.0,BUD
2024-06-28 12:16:00,58.1,58.115,58.1,58.115,1389.0,BUD
2024-06-28 12:15:00,58.09,58.1,58.09,58.095,1776.0,BUD
2024-06-28 12:14:00,58.08,58.1,58.08,58.09,2488.0,BUD
2024-06-28 12:13:00,58.06,58.09,58.06,58.085,1450.0,BUD
2024-06-28 12:12:00,58.07,58.085,58.07,58.075,1503.0,BUD
2024-06-28 12:11:00,58.04,58.077,58.04,58.078,3036.0,BUD
2024-06-28 12:10:00,58.05,58.05,58.03,58.04,2040.0,BUD
2024-06-28 12:09:00,58.05,58.06,58.05,58.055,1071.0,BUD
2024-06-28 12:08:00,58.05,58.05,58.05,58.05,586.0,BUD
2024-06-28 12:07:00,58.065,58.065,58.04,58.05,3246.0,BUD
2024-06-28 12:06:00,58.075,58.075,58.06,58.065,1694.0,BUD
2024-06-28 12:05:00,58.07,58.07,58.065,58.065,1159.0,BUD
2024-06-28 12:04:00,58.085,58.085,58.06,58.065,2010.0,BUD
2024-06-28 12:03:00,58.105,58.105,58.08,58.08,2000.0,BUD
2024-06-28 12:02:00,58.1,58.115,58.095,58.11,3042.0,BUD
2024-06-28 12:01:00,58.1,58.12,58.095,58.095,5047.0,BUD
2024-06-28 12:00:00,58.1,58.11,58.1,58.105,2228.0,BUD
2024-06-28 11:59:00,58.11,58.12,58.105,58.105,1875.0,BUD
2024-06-28 11:58:00,58.11,58.115,58.11,58.115,1506.0,BUD
2024-06-28 11:57:00,58.12,58.12,58.105,58.12,2413.0,BUD
2024-06-28 11:56:00,58.11,58.12,58.11,58.115,1850.0,BUD
2024-06-28 11:55:00,58.08,58.11,58.075,58.105,4020.0,BUD
2024-06-28 11:54:00,58.065,58.09,58.065,58.075,3141.0,BUD
2024-06-28 11:53:00,58.08,58.085,58.075,58.075,1849.0,BUD
2024-06-28 11:52:00,58.095,58.095,58.085,58.085,1909.0,BUD
2024-06-28 11:51:00,58.085,58.1,58.085,58.095,2227.0,BUD
2024-06-28 11:50:00,58.06,58.08,58.06,58.075,1248.0,BUD
2024-06-28 11:49:00,58.07,58.07,58.065,58.065,1955.0,BUD
2024-06-28 11:48:00,58.06,58.07,58.06,58.065,2105.0,BUD
2024-06-28 11:47:00,58.05,58.06,58.045,58.06,828.0,BUD
2024-06-28 11:46:00,58.065,58.07,58.055,58.055,1204.0,BUD
2024-06-28 11:45:00,58.06,58.07,58.055,58.07,1688.0,BUD
2024-06-28 11:44:00,58.07,58.07,58.05,58.055,1227.0,BUD
2024-06-28 11:43:00,58.11,58.11,58.075,58.075,1297.0,BUD
2024-06-28 11:42:00,58.1,58.11,58.1,58.1,2553.0,BUD
2024-06-28 11:41:00,58.11,58.12,58.095,58.095,1981.0,BUD
2024-06-28 11:40:00,58.07,58.115,58.07,58.11,6108.0,BUD
2024-06-28 11:39:00,58.06,58.08,58.05,58.06,13720.0,BUD
2024-06-28 11:38:00,58.05,58.07,58.04,58.04,4035.0,BUD
2024-06-28 11:37:00,58.1,58.11,58.035,58.05,21552.0,BUD
2024-06-28 11:36:00,58.18,58.18,58.08,58.095,12627.0,BUD
2024-06-28 11:35:00,58.06,58.18,58.05,58.18,14073.0,BUD
2024-06-28 11:34:00,58.065,58.07,58.04,58.065,31994.0,BUD
2024-06-28 11:33:00,58.085,58.09,58.065,58.065,9479.0,BUD
2024-06-28 11:32:00,58.13,58.13,58.09,58.09,30119.0,BUD
2024-06-28 11:31:00,58.09,58.115,58.07,58.115,5185.0,BUD
2024-06-28 11:30:00,58.09,58.11,58.09,58.095,5866.0,BUD
2024-06-28 11:29:00,58.03,58.09,58.03,58.09,2440.0,BUD
2024-06-28 11:28:00,58.03,58.035,58.01,58.024,3336.0,BUD
2024-06-28 11:27:00,58.02,58.04,58.02,58.04,4253.0,BUD
2024-06-28 11:26:00,58.06,58.085,58.02,58.03,9498.0,BUD
2024-06-28 11:25:00,58.06,58.08,58.06,58.06,3272.0,BUD
2024-06-28 11:24:00,58.06,58.06,58.06,58.06,1538.0,BUD
2024-06-28 11:23:00,58.06,58.08,58.06,58.08,7022.0,BUD
2024-06-28 11:22:00,58.07,58.09,58.06,58.08,10318.0,BUD
2024-06-28 11:21:00,58.07,58.08,58.06,58.06,8036.0,BUD
2024-06-28 11:20:00,58.08,58.095,58.065,58.07,8080.0,BUD
2024-06-28 11:19:00,58.06,58.088,58.05,58.088,8155.0,BUD
2024-06-28 11:18:00,58.09,58.09,58.05,58.06,11874.0,BUD
2024-06-28 11:17:00,58.11,58.14,58.09,58.1,25007.0,BUD
2024-06-28 11:16:00,58.085,58.13,58.085,58.1,9946.0,BUD
2024-06-28 11:15:00,58.15,58.15,58.09,58.09,7979.0,BUD
2024-06-28 11:14:00,58.185,58.185,58.125,58.14,17334.0,BUD
2024-06-28 11:13:00,58.15,58.18,58.15,58.18,9841.0,BUD
2024-06-28 11:12:00,58.15,58.16,58.14,58.145,4963.0,BUD
2024-06-28 11:11:00,58.135,58.17,58.12,58.16,8104.0,BUD
2024-06-28 11:10:00,58.11,58.135,58.105,58.135,11405.0,BUD
2024-06-28 11:09:00,58.12,58.12,58.1,58.11,3153.0,BUD
2024-06-28 11:08:00,58.16,58.16,58.13,58.14,5654.0,BUD
2024-06-28 11:07:00,58.17,58.18,58.16,58.16,2001.0,BUD
2024-06-28 11:06:00,58.2,58.2,58.16,58.16,7151.0,BUD
2024-06-28 11:05:00,58.16,58.2,58.15,58.2,5690.0,BUD
2024-06-28 11:04:00,58.135,58.16,58.135,58.14,8290.0,BUD
2024-06-28 11:03:00,58.15,58.15,58.12,58.13,4343.0,BUD
2024-06-28 11:02:00,58.17,58.18,58.16,58.17,3285.0,BUD
2024-06-28 11:01:00,58.18,58.195,58.17,58.175,9110.0,BUD
2024-06-28 11:00:00,58.245,58.245,58.19,58.19,4649.0,BUD
2024-06-28 10:59:00,58.245,58.255,58.23,58.25,5357.0,BUD
2024-06-28 10:58:00,58.25,58.255,58.245,58.245,1526.0,BUD
2024-06-28 10:57:00,58.24,58.25,58.22,58.245,5781.0,BUD
2024-06-28 10:56:00,58.25,58.25,58.23,58.23,2934.0,BUD
2024-06-28 10:55:00,58.26,58.26,58.23,58.26,2867.0,BUD
2024-06-28 10:54:00,58.275,58.275,58.24,58.262,3750.0,BUD
2024-06-28 10:53:00,58.26,58.28,58.26,58.27,2890.0,BUD
2024-06-28 10:52:00,58.28,58.28,58.24,58.24,2323.0,BUD
2024-06-28 10:51:00,58.255,58.28,58.255,58.275,5528.0,BUD
2024-06-28 10:50:00,58.31,58.32,58.265,58.27,7583.0,BUD
2024-06-28 10:49:00,58.28,58.32,58.28,58.31,4064.0,BUD
2024-06-28 10:48:00,58.285,58.29,58.275,58.28,3428.0,BUD
2024-06-28 10:47:00,58.225,58.29,58.21,58.285,5250.0,BUD
2024-06-28 10:46:00,58.185,58.23,58.185,58.22,3936.0,BUD
2024-06-28 10:45:00,58.175,58.19,58.17,58.19,7799.0,BUD
2024-06-28 10:44:00,58.155,58.17,58.14,58.17,4559.0,BUD
2024-06-28 10:43:00,58.16,58.18,58.146,58.18,8189.0,BUD
2024-06-28 10:42:00,58.18,58.185,58.17,58.17,4339.0,BUD
2024-06-28 10:41:00,58.22,58.22,58.18,58.19,5840.0,BUD
2024-06-28 10:40:00,58.2,58.215,58.18,58.215,6944.0,BUD
2024-06-28 10:39:00,58.22,58.225,58.19,58.2,6862.0,BUD
2024-06-28 10:38:00,58.23,58.24,58.22,58.225,8237.0,BUD
2024-06-28 10:37:00,58.26,58.26,58.23,58.24,3548.0,BUD
2024-06-28 10:36:00,58.23,58.265,58.23,58.265,5378.0,BUD
2024-06-28 10:35:00,58.25,58.26,58.23,58.23,6342.0,BUD
2024-06-28 10:34:00,58.26,58.26,58.245,58.25,3259.0,BUD
2024-06-28 10:33:00,58.225,58.27,58.225,58.26,8983.0,BUD
2024-06-28 10:32:00,58.265,58.265,58.21,58.225,6853.0,BUD
2024-06-28 10:31:00,58.255,58.28,58.255,58.265,3881.0,BUD
2024-06-28 10:30:00,58.265,58.29,58.25,58.25,7051.0,BUD
2024-06-28 10:29:00,58.27,58.27,58.24,58.265,7968.0,BUD
2024-06-28 10:28:00,58.275,58.275,58.25,58.26,8191.0,BUD
2024-06-28 10:27:00,58.26,58.28,58.26,58.28,7818.0,BUD
2024-06-28 10:26:00,58.28,58.28,58.26,58.265,1905.0,BUD
2024-06-28 10:25:00,58.215,58.28,58.21,58.27,28360.0,BUD
2024-06-28 10:24:00,58.28,58.28,58.21,58.21,8809.0,BUD
2024-06-28 10:23:00,58.275,58.28,58.27,58.28,1720.0,BUD
2024-06-28 10:22:00,58.26,58.28,58.25,58.28,4851.0,BUD
2024-06-28 10:21:00,58.23,58.28,58.225,58.255,7951.0,BUD
2024-06-28 10:20:00,58.24,58.24,58.21,58.235,9217.0,BUD
2024-06-28 10:19:00,58.23,58.24,58.21,58.24,5482.0,BUD
2024-06-28 10:18:00,58.2,58.225,58.19,58.225,6042.0,BUD
2024-06-28 10:17:00,58.215,58.22,58.19,58.19,5258.0,BUD
2024-06-28 10:16:00,58.24,58.245,58.21,58.21,4324.0,BUD
2024-06-28 10:15:00,58.27,58.27,58.23,58.24,5573.0,BUD
2024-06-28 10:14:00,58.26,58.27,58.26,58.26,2808.0,BUD
2024-06-28 10:13:00,58.25,58.27,58.24,58.26,5012.0,BUD
2024-06-28 10:12:00,58.27,58.27,58.235,58.26,10627.0,BUD
2024-06-28 10:11:00,58.28,58.28,58.25,58.27,4289.0,BUD
2024-06-28 10:10:00,58.27,58.28,58.26,58.28,6379.0,BUD
2024-06-28 10:09:00,58.3,58.3,58.25,58.27,15457.0,BUD
2024-06-28 10:08:00,58.27,58.315,58.265,58.295,11370.0,BUD
2024-06-28 10:07:00,58.325,58.33,58.265,58.265,6831.0,BUD
2024-06-28 10:06:00,58.27,58.329,58.27,58.31,6226.0,BUD
2024-06-28 10:05:00,58.195,58.275,58.195,58.27,21644.0,BUD
2024-06-28 10:04:00,58.21,58.21,58.175,58.18,5799.0,BUD
2024-06-28 10:03:00,58.2,58.24,58.19,58.2,14932.0,BUD
2024-06-28 10:02:00,58.17,58.21,58.17,58.195,8606.0,BUD
2024-06-28 10:01:00,58.2,58.2,58.14,58.17,10457.0,BUD
2024-06-28 10:00:00,58.16,58.25,58.16,58.21,23731.0,BUD
2024-06-28 09:59:00,58.135,58.16,58.125,58.15,14557.0,BUD
2024-06-28 09:58:00,58.14,58.14,58.1,58.14,9460.0,BUD
2024-06-28 09:57:00,58.12,58.14,58.12,58.135,3362.0,BUD
2024-06-28 09:56:00,58.11,58.14,58.11,58.12,12085.0,BUD
2024-06-28 09:55:00,58.095,58.12,58.08,58.1,12190.0,BUD
2024-06-28 09:54:00,58.08,58.105,58.075,58.1,10914.0,BUD
2024-06-28 09:53:00,58.075,58.09,58.075,58.08,1795.0,BUD
2024-06-28 09:52:00,58.08,58.089,58.03,58.075,11089.0,BUD
2024-06-28 09:51:00,58.14,58.14,58.085,58.085,3382.0,BUD
2024-06-28 09:50:00,58.14,58.16,58.14,58.15,2925.0,BUD
2024-06-28 09:49:00,58.17,58.17,58.14,58.15,2964.0,BUD
2024-06-28 09:48:00,58.15,58.17,58.15,58.17,1607.0,BUD
2024-06-28 09:47:00,58.161,58.19,58.161,58.183,8942.0,BUD
2024-06-28 09:46:00,58.21,58.21,58.165,58.175,5715.0,BUD
2024-06-28 09:45:00,58.23,58.24,58.215,58.22,3688.0,BUD
2024-06-28 09:44:00,58.25,58.25,58.215,58.23,6631.0,BUD
2024-06-28 09:43:00,58.255,58.27,58.24,58.25,2826.0,BUD
2024-06-28 09:42:00,58.238,58.255,58.23,58.25,3835.0,BUD
2024-06-28 09:41:00,58.24,58.25,58.2,58.23,4854.0,BUD
2024-06-28 09:40:00,58.185,58.248,58.185,58.248,7696.0,BUD
2024-06-28 09:39:00,58.16,58.19,58.16,58.19,7557.0,BUD
2024-06-28 09:38:00,58.14,58.17,58.13,58.17,7174.0,BUD
2024-06-28 09:37:00,58.13,58.135,58.11,58.13,5253.0,BUD
2024-06-28 09:36:00,58.188,58.2,58.13,58.14,8530.0,BUD
2024-06-28 09:35:00,58.18,58.2,58.17,58.17,5936.0,BUD
2024-06-28 09:34:00,58.15,58.17,58.15,58.16,3878.0,BUD
2024-06-28 09:33:00,58.118,58.17,58.11,58.164,13982.0,BUD
2024-06-28 09:32:00,58.09,58.12,58.08,58.1,10447.0,BUD
2024-06-28 09:31:00,58.11,58.13,58.07,58.11,19992.0,BUD
2024-06-28 09:30:00,58.01,58.13,57.98,58.1,64613.0,BUD
2024-06-28 09:29:00,57.92,57.96,57.9,57.96,1850.0,BUD
2024-06-28 09:28:00,57.95,57.95,57.95,57.95,48.0,BUD
2024-06-28 09:27:00,57.95,57.95,57.901,57.901,277.0,BUD
2024-06-28 09:26:00,57.98,57.98,57.96,57.96,215.0,BUD
2024-06-28 09:25:00,57.97,57.97,57.97,57.97,440.0,BUD
2024-06-28 09:23:00,57.98,58.0,57.97,58.0,2344.0,BUD
2024-06-28 09:22:00,57.95,57.96,57.95,57.96,236.0,BUD
2024-06-28 09:21:00,57.99,57.99,57.98,57.98,6.0,BUD
2024-06-28 09:20:00,58.01,58.01,57.99,57.99,446.0,BUD
2024-06-28 09:17:00,58.01,58.01,58.01,58.01,50.0,BUD
2024-06-28 09:14:00,58.04,58.04,58.04,58.04,201.0,BUD
2024-06-28 09:13:00,58.09,58.1,58.04,58.04,1561.0,BUD
2024-06-28 09:11:00,58.07,58.07,58.07,58.07,1.0,BUD
2024-06-28 09:08:00,58.09,58.09,58.09,58.09,55.0,BUD
2024-06-28 09:05:00,58.06,58.06,58.06,58.06,13.0,BUD
2024-06-28 09:04:00,58.04,58.04,58.04,58.04,145.0,BUD
2024-06-28 09:03:00,58.08,58.08,58.05,58.05,1057.0,BUD
2024-06-28 09:01:00,58.09,58.09,58.06,58.08,244.0,BUD
2024-06-28 09:00:00,58.06,58.09,58.06,58.09,114.0,BUD
2024-06-28 08:59:00,58.06,58.06,58.06,58.06,2.0,BUD
2024-06-28 08:55:00,58.03,58.03,58.03,58.03,3.0,BUD
2024-06-28 08:54:00,58.03,58.03,58.03,58.03,100.0,BUD
2024-06-28 08:51:00,59.315,59.315,57.99,57.99,21.0,BUD
2024-06-28 08:50:00,58.02,58.02,58.0,58.0,127.0,BUD
2024-06-28 08:47:00,58.08,58.09,58.08,58.09,105.0,BUD
2024-06-28 08:45:00,58.05,58.05,58.05,58.05,100.0,BUD
2024-06-28 08:44:00,58.05,58.05,58.05,58.05,27.0,BUD
2024-06-28 08:43:00,58.02,58.02,58.02,58.02,386.0,BUD
2024-06-28 08:42:00,58.02,58.03,58.02,58.02,600.0,BUD
2024-06-28 08:41:00,58.02,58.02,57.99,57.99,567.0,BUD
2024-06-28 08:40:00,58.05,58.05,58.04,58.04,5.0,BUD
2024-06-28 08:39:00,58.08,58.08,58.08,58.08,40.0,BUD
2024-06-28 08:38:00,58.072,58.072,58.072,58.072,2.0,BUD
2024-06-28 08:37:00,58.05,58.05,58.05,58.05,2.0,BUD
2024-06-28 08:36:00,58.1,58.1,58.03,58.08,149.0,BUD
2024-06-28 08:35:00,58.09,58.09,58.09,58.09,26.0,BUD
2024-06-28 08:34:00,58.1,58.1,58.1,58.1,1.0,BUD
2024-06-28 08:32:00,58.07,58.09,58.07,58.09,204.0,BUD
2024-06-28 08:31:00,58.09,58.09,58.09,58.09,42.0,BUD
2024-06-28 08:30:00,58.07,58.15,58.05,58.15,1413.0,BUD
2024-06-28 08:29:00,58.09,58.22,58.08,58.09,49.0,BUD
2024-06-28 08:27:00,58.04,58.04,58.04,58.04,1.0,BUD
2024-06-28 08:26:00,58.07,58.07,58.07,58.07,20.0,BUD
2024-06-28 08:25:00,58.05,58.07,58.05,58.07,579.0,BUD
2024-06-28 08:24:00,58.02,58.02,58.02,58.02,1.0,BUD
2024-06-28 08:22:00,58.06,58.06,58.05,58.05,105.0,BUD
2024-06-28 08:21:00,58.06,58.06,58.06,58.06,50.0,BUD
2024-06-28 08:19:00,58.05,58.05,58.05,58.05,1.0,BUD
2024-06-28 08:17:00,58.1,58.1,58.1,58.1,1.0,BUD
2024-06-28 08:15:00,58.1,58.1,58.1,58.1,2.0,BUD
2024-06-28 08:11:00,58.09,58.09,58.09,58.09,5.0,BUD
2024-06-28 08:10:00,58.06,58.06,58.06,58.06,3.0,BUD
2024-06-28 08:09:00,58.08,58.08,58.05,58.05,4.0,BUD
2024-06-28 08:07:00,58.08,58.08,58.07,58.08,910.0,BUD
2024-06-28 08:06:00,58.14,58.15,58.05,58.05,1307.0,BUD
2024-06-28 08:03:00,59.0,59.06,59.0,59.0,3.0,BUD
2024-06-28 08:02:00,59.06,59.12,59.06,59.06,3.0,BUD
2024-06-28 08:01:00,58.29,58.29,58.16,58.16,3088.0,BUD
2024-06-28 08:00:00,58.559,59.06,58.23,58.723,969.0,BUD
2024-06-28 07:53:00,58.23,58.23,58.22,58.22,91.0,BUD
2024-06-28 07:50:00,58.23,58.23,58.23,58.23,10.0,BUD
2024-06-28 07:49:00,58.24,58.24,58.24,58.24,234.0,BUD
2024-06-28 07:47:00,58.25,58.25,58.25,58.25,300.0,BUD
2024-06-28 07:41:00,58.19,58.19,58.19,58.19,1364.0,BUD
2024-06-28 07:37:00,58.2,58.2,58.16,58.16,303.0,BUD
2024-06-28 07:34:00,58.23,58.23,58.23,58.23,63.0,BUD
2024-06-28 07:31:00,58.2,58.2,58.2,58.2,250.0,BUD
2024-06-28 07:29:00,58.24,58.25,58.23,58.25,340.0,BUD
2024-06-28 07:28:00,58.26,58.26,58.24,58.24,226.0,BUD
2024-06-28 07:27:00,58.26,58.26,58.26,58.26,22.0,BUD
2024-06-28 07:26:00,58.24,58.26,58.24,58.26,148.0,BUD
2024-06-28 07:22:00,58.25,58.25,58.25,58.25,1.0,BUD
2024-06-28 07:17:00,58.39,58.39,58.35,58.35,61.0,BUD
2024-06-28 07:16:00,58.37,58.37,58.37,58.37,2.0,BUD
2024-06-28 07:15:00,58.41,58.41,58.4,58.4,5.0,BUD
2024-06-28 07:14:00,58.44,58.44,58.41,58.43,204.0,BUD
2024-06-28 07:13:00,58.47,58.47,58.46,58.46,3.0,BUD
2024-06-28 07:12:00,58.49,58.49,58.48,58.48,55.0,BUD
2024-06-28 07:08:00,58.49,58.49,58.49,58.49,1.0,BUD
2024-06-28 07:07:00,58.53,58.53,58.53,58.53,15.0,BUD
2024-06-28 07:06:00,58.53,58.53,58.53,58.53,85.0,BUD
2024-06-28 07:05:00,58.52,58.52,58.5,58.5,12.0,BUD
2024-06-28 07:04:00,58.52,58.52,58.52,58.52,20.0,BUD
2024-06-28 07:03:00,58.54,58.54,58.54,58.54,2.0,BUD
2024-06-28 07:00:00,58.51,58.54,58.5,58.54,485.0,BUD
2024-06-28 06:53:00,58.58,58.58,58.57,58.57,54.0,BUD
2024-06-28 06:45:00,58.59,58.59,58.59,58.59,10.0,BUD
2024-06-28 06:44:00,58.59,58.59,58.59,58.59,15.0,BUD
2024-06-28 06:33:00,58.58,58.58,58.58,58.58,10.0,BUD
2024-06-28 06:29:00,58.61,58.61,58.61,58.61,429.0,BUD
2024-06-28 06:25:00,58.55,58.55,58.55,58.55,10.0,BUD
2024-06-28 06:22:00,58.57,58.57,58.57,58.57,3.0,BUD
2024-06-28 06:20:00,58.57,58.57,58.57,58.57,3.0,BUD
2024-06-28 06:19:00,58.58,58.58,58.57,58.57,8.0,BUD
2024-06-28 06:12:00,58.67,58.67,58.67,58.67,3.0,BUD
2024-06-28 06:05:00,58.62,58.63,58.62,58.63,200.0,BUD
2024-06-28 06:03:00,58.62,58.62,58.62,58.62,469.0,BUD
2024-06-28 06:02:00,58.63,58.63,58.63,58.63,3.0,BUD
2024-06-28 06:01:00,58.62,58.62,58.62,58.62,531.0,BUD
2024-06-28 06:00:00,58.58,58.58,58.58,58.58,200.0,BUD
2024-06-28 05:57:00,58.59,58.59,58.59,58.59,60.0,BUD
2024-06-28 05:52:00,58.62,58.62,58.62,58.62,3.0,BUD
2024-06-28 05:50:00,58.53,58.53,58.53,58.53,10.0,BUD
2024-06-28 05:44:00,58.63,58.63,58.63,58.63,21.0,BUD
2024-06-28 05:35:00,58.57,58.57,58.57,58.57,4.0,BUD
2024-06-28 05:32:00,58.59,58.59,58.57,58.57,128.0,BUD
2024-06-28 05:30:00,58.57,58.57,58.57,58.57,200.0,BUD
2024-06-28 05:29:00,58.54,58.54,58.54,58.54,60.0,BUD
2024-06-28 05:22:00,58.59,58.59,58.59,58.59,6.0,BUD
2024-06-28 05:01:00,58.58,58.58,58.58,58.58,2.0,BUD
2024-06-28 04:29:00,58.73,58.73,58.72,58.72,141.0,BUD
2024-06-28 04:28:00,58.72,58.73,58.72,58.73,860.0,BUD
2024-06-28 04:22:00,58.73,58.73,58.73,58.73,3.0,BUD
2024-06-28 04:21:00,58.76,58.76,58.76,58.76,2.0,BUD
2024-06-28 04:20:00,58.76,58.76,58.76,58.76,10.0,BUD
2024-06-28 04:05:00,58.75,58.75,58.75,58.75,1.0,BUD
2024-06-28 04:03:00,58.8,58.8,58.8,58.8,100.0,BUD
2024-06-28 04:00:00,58.89,58.89,58.87,58.87,2.0,BUD
2024-06-27 19:03:00,58.903,58.903,58.903,58.903,3.0,BUD
2024-06-27 19:00:00,59.06,59.06,59.06,59.06,57559.0,BUD
2024-06-27 18:58:00,59.09,59.09,59.09,59.09,1.0,BUD
2024-06-27 18:30:00,59.06,59.06,59.06,59.06,57559.0,BUD
2024-06-27 18:16:00,59.48,59.48,59.48,59.48,88.0,BUD
2024-06-27 17:39:00,58.945,58.945,58.945,58.945,2.0,BUD
2024-06-27 17:29:00,59.09,59.09,59.09,59.09,7.0,BUD
2024-06-27 17:24:00,59.09,59.09,59.09,59.09,20.0,BUD
2024-06-27 17:03:00,58.89,58.89,58.89,58.89,4.0,BUD
2024-06-27 16:54:00,59.08,59.08,59.08,59.08,1.0,BUD
2024-06-27 16:23:00,58.8,58.8,58.8,58.8,1.0,BUD
2024-06-27 16:19:00,59.6,59.6,59.6,59.6,1.0,BUD
2024-06-27 16:18:00,59.76,59.76,59.76,59.76,2.0,BUD
2024-06-27 16:11:00,59.62,59.62,59.62,59.62,4.0,BUD
2024-06-27 16:10:00,59.06,59.06,59.06,59.06,57559.0,BUD
2024-06-27 16:02:00,59.77,59.77,59.77,59.77,3.0,BUD
2024-06-27 16:00:00,59.06,59.06,59.045,59.06,117867.0,BUD
2024-06-27 15:59:00,59.045,59.07,59.04,59.06,17781.0,BUD
2024-06-27 15:58:00,59.06,59.06,59.03,59.04,13675.0,BUD
2024-06-27 15:57:00,59.08,59.08,59.06,59.06,8694.0,BUD
2024-06-27 15:56:00,59.04,59.08,59.035,59.08,12818.0,BUD
2024-06-27 15:55:00,59.025,59.055,59.01,59.045,10021.0,BUD
2024-06-27 15:54:00,59.075,59.075,59.02,59.025,9274.0,BUD
2024-06-27 15:53:00,59.08,59.11,59.065,59.075,20423.0,BUD
2024-06-27 15:52:00,59.045,59.075,59.045,59.075,4849.0,BUD
2024-06-27 15:51:00,59.025,59.045,59.02,59.045,6256.0,BUD
2024-06-27 15:50:00,59.06,59.075,59.02,59.02,20634.0,BUD
2024-06-27 15:49:00,59.055,59.06,59.055,59.055,2085.0,BUD
2024-06-27 15:48:00,59.05,59.065,59.045,59.055,6056.0,BUD
2024-06-27 15:47:00,58.96,59.04,58.955,59.04,26125.0,BUD
2024-06-27 15:46:00,58.96,58.975,58.96,58.965,4478.0,BUD
2024-06-27 15:45:00,58.955,58.96,58.955,58.96,2782.0,BUD
2024-06-27 15:44:00,58.954,58.955,58.95,58.95,953.0,BUD
2024-06-27 15:43:00,58.955,58.955,58.95,58.955,1355.0,BUD
2024-06-27 15:42:00,58.955,58.965,58.955,58.955,3307.0,BUD
2024-06-27 15:41:00,58.97,58.97,58.955,58.96,3167.0,BUD
2024-06-27 15:40:00,58.96,58.97,58.96,58.97,1105.0,BUD
2024-06-27 15:39:00,58.955,58.97,58.955,58.965,4781.0,BUD
2024-06-27 15:38:00,58.94,58.945,58.935,58.94,5353.0,BUD
2024-06-27 15:37:00,58.92,58.94,58.915,58.94,5632.0,BUD
2024-06-27 15:36:00,58.905,58.92,58.905,58.91,4122.0,BUD
2024-06-27 15:35:00,58.915,58.915,58.905,58.915,4856.0,BUD
2024-06-27 15:34:00,58.925,58.925,58.91,58.91,2388.0,BUD
2024-06-27 15:33:00,58.905,58.925,58.905,58.925,8835.0,BUD
2024-06-27 15:32:00,58.9,58.905,58.9,58.905,822.0,BUD
2024-06-27 15:31:00,58.92,58.92,58.9,58.9,4330.0,BUD
2024-06-27 15:30:00,58.905,58.925,58.905,58.925,3140.0,BUD
2024-06-27 15:29:00,58.9,58.905,58.895,58.905,2049.0,BUD
2024-06-27 15:28:00,58.92,58.92,58.9,58.9,3044.0,BUD
2024-06-27 15:27:00,58.925,58.93,58.925,58.93,2828.0,BUD
2024-06-27 15:26:00,58.895,58.93,58.895,58.925,10972.0,BUD
2024-06-27 15:25:00,58.89,58.89,58.89,58.89,314.0,BUD
2024-06-27 15:24:00,58.895,58.895,58.89,58.89,2993.0,BUD
2024-06-27 15:23:00,58.9,58.91,58.895,58.9,3575.0,BUD
2024-06-27 15:22:00,58.89,58.895,58.89,58.895,1235.0,BUD
2024-06-27 15:21:00,58.898,58.898,58.89,58.895,1687.0,BUD
2024-06-27 15:20:00,58.89,58.895,58.88,58.895,1980.0,BUD
2024-06-27 15:19:00,58.91,58.91,58.89,58.89,1383.0,BUD
2024-06-27 15:18:00,58.905,58.915,58.905,58.91,2592.0,BUD
2024-06-27 15:17:00,58.91,58.91,58.9,58.9,935.0,BUD
2024-06-27 15:16:00,58.935,58.935,58.915,58.915,1949.0,BUD
2024-06-27 15:15:00,58.93,58.93,58.925,58.93,1780.0,BUD
2024-06-27 15:14:00,58.925,58.93,58.925,58.925,1294.0,BUD
2024-06-27 15:13:00,58.925,58.93,58.925,58.925,969.0,BUD
2024-06-27 15:12:00,58.935,58.935,58.925,58.925,2054.0,BUD
2024-06-27 15:11:00,58.945,58.945,58.935,58.936,938.0,BUD
2024-06-27 15:10:00,58.935,58.945,58.935,58.945,1992.0,BUD
2024-06-27 15:09:00,58.93,58.94,58.93,58.94,2710.0,BUD
2024-06-27 15:08:00,58.925,58.93,58.925,58.93,811.0,BUD
2024-06-27 15:07:00,58.915,58.92,58.915,58.92,1381.0,BUD
2024-06-27 15:06:00,58.905,58.91,58.905,58.91,1239.0,BUD
2024-06-27 15:05:00,58.906,58.915,58.905,58.905,3375.0,BUD
2024-06-27 15:04:00,58.905,58.91,58.905,58.91,973.0,BUD
2024-06-27 15:03:00,58.895,58.905,58.895,58.905,1078.0,BUD
2024-06-27 15:02:00,58.87,58.89,58.87,58.89,3774.0,BUD
2024-06-27 15:01:00,58.88,58.88,58.87,58.87,982.0,BUD
2024-06-27 15:00:00,58.895,58.9,58.89,58.89,3038.0,BUD
2024-06-27 14:59:00,58.895,58.9,58.89,58.895,856.0,BUD
2024-06-27 14:58:00,58.885,58.89,58.88,58.89,2059.0,BUD
2024-06-27 14:57:00,58.875,58.885,58.875,58.885,893.0,BUD
2024-06-27 14:56:00,58.905,58.905,58.885,58.89,2864.0,BUD
2024-06-27 14:55:00,58.9,58.9,58.89,58.9,2532.0,BUD
2024-06-27 14:54:00,58.92,58.92,58.892,58.9,1092.0,BUD
2024-06-27 14:53:00,58.94,58.94,58.921,58.921,10991.0,BUD
2024-06-27 14:52:00,58.93,58.94,58.93,58.936,1953.0,BUD
2024-06-27 14:51:00,58.94,58.94,58.93,58.94,3137.0,BUD
2024-06-27 14:50:00,58.93,58.94,58.925,58.94,4319.0,BUD
2024-06-27 14:49:00,58.93,58.94,58.93,58.93,1172.0,BUD
2024-06-27 14:48:00,58.94,58.94,58.935,58.94,636.0,BUD
2024-06-27 14:47:00,58.885,58.936,58.885,58.936,3186.0,BUD
2024-06-27 14:46:00,58.885,58.895,58.88,58.88,1024.0,BUD
2024-06-27 14:45:00,58.855,58.89,58.845,58.89,18728.0,BUD
2024-06-27 14:44:00,58.85,58.85,58.845,58.85,2239.0,BUD
2024-06-27 14:43:00,58.845,58.855,58.845,58.855,1148.0,BUD
2024-06-27 14:42:00,58.84,58.845,58.835,58.845,3541.0,BUD
2024-06-27 14:41:00,58.845,58.855,58.845,58.85,2502.0,BUD
2024-06-27 14:40:00,58.84,58.845,58.835,58.845,1253.0,BUD
2024-06-27 14:39:00,58.855,58.855,58.845,58.845,1421.0,BUD
2024-06-27 14:38:00,58.855,58.855,58.855,58.855,395.0,BUD
2024-06-27 14:37:00,58.855,58.855,58.85,58.855,4200.0,BUD
2024-06-27 14:36:00,58.855,58.86,58.851,58.86,2176.0,BUD
2024-06-27 14:35:00,58.855,58.86,58.855,58.855,619.0,BUD
2024-06-27 14:34:00,58.845,58.865,58.845,58.86,1550.0,BUD
2024-06-27 14:33:00,58.845,58.845,58.845,58.845,543.0,BUD
2024-06-27 14:32:00,58.825,58.84,58.825,58.84,2455.0,BUD
2024-06-27 14:31:00,58.84,58.84,58.825,58.83,4341.0,BUD
2024-06-27 14:30:00,58.85,58.85,58.845,58.845,2324.0,BUD
2024-06-27 14:29:00,58.855,58.855,58.855,58.855,766.0,BUD
2024-06-27 14:28:00,58.838,58.85,58.835,58.85,6544.0,BUD
2024-06-27 14:27:00,58.825,58.835,58.825,58.835,6551.0,BUD
2024-06-27 14:26:00,58.83,58.83,58.825,58.825,1348.0,BUD
2024-06-27 14:25:00,58.84,58.845,58.83,58.835,6482.0,BUD
2024-06-27 14:24:00,58.845,58.845,58.845,58.845,425.0,BUD
2024-06-27 14:23:00,58.845,58.845,58.84,58.84,1117.0,BUD
2024-06-27 14:22:00,58.855,58.86,58.847,58.847,1113.0,BUD
2024-06-27 14:21:00,58.875,58.875,58.86,58.86,4063.0,BUD
2024-06-27 14:20:00,58.865,58.87,58.865,58.87,1439.0,BUD
2024-06-27 14:19:00,58.85,58.867,58.85,58.865,4662.0,BUD
2024-06-27 14:17:00,58.89,58.89,58.86,58.86,1890.0,BUD
2024-06-27 14:16:00,58.9,58.9,58.89,58.895,834.0,BUD
2024-06-27 14:15:00,58.895,58.9,58.895,58.895,749.0,BUD
2024-06-27 14:14:00,58.89,58.895,58.89,58.89,784.0,BUD
2024-06-27 14:13:00,58.9,58.9,58.895,58.895,965.0,BUD
2024-06-27 14:12:00,58.915,58.915,58.91,58.91,601.0,BUD
2024-06-27 14:11:00,58.925,58.925,58.91,58.91,2189.0,BUD
2024-06-27 14:10:00,58.936,58.936,58.92,58.92,3470.0,BUD
2024-06-27 14:09:00,58.93,58.935,58.925,58.935,2436.0,BUD
2024-06-27 14:08:00,58.93,58.93,58.92,58.93,2188.0,BUD
2024-06-27 14:07:00,58.925,58.925,58.925,58.925,893.0,BUD
2024-06-27 14:06:00,58.93,58.93,58.92,58.92,1609.0,BUD
2024-06-27 14:05:00,58.96,58.96,58.93,58.93,970.0,BUD
2024-06-27 14:04:00,58.955,58.97,58.955,58.97,3660.0,BUD
2024-06-27 14:03:00,58.95,58.95,58.945,58.95,4547.0,BUD
2024-06-27 14:02:00,58.975,58.975,58.97,58.97,888.0,BUD
2024-06-27 14:01:00,58.98,58.98,58.97,58.98,2415.0,BUD
2024-06-27 14:00:00,59.01,59.01,58.98,58.98,6556.0,BUD
2024-06-27 13:59:00,59.02,59.02,59.02,59.02,606.0,BUD
2024-06-27 13:58:00,59.02,59.026,59.015,59.026,1230.0,BUD
2024-06-27 13:57:00,59.02,59.02,59.02,59.02,1568.0,BUD
2024-06-27 13:56:00,59.05,59.05,59.02,59.02,2609.0,BUD
2024-06-27 13:55:00,59.065,59.07,59.05,59.06,2996.0,BUD
2024-06-27 13:54:00,59.055,59.07,59.055,59.065,1207.0,BUD
2024-06-27 13:53:00,59.06,59.06,59.05,59.05,600.0,BUD
2024-06-27 13:52:00,59.06,59.065,59.055,59.06,1710.0,BUD
2024-06-27 13:51:00,59.08,59.09,59.065,59.065,3063.0,BUD
2024-06-27 13:50:00,59.085,59.085,59.08,59.085,1281.0,BUD
2024-06-27 13:49:00,59.085,59.09,59.085,59.085,590.0,BUD
2024-06-27 13:48:00,59.08,59.095,59.08,59.085,1170.0,BUD
2024-06-27 13:47:00,59.09,59.09,59.075,59.075,1260.0,BUD
2024-06-27 13:46:00,59.06,59.11,59.055,59.085,13606.0,BUD
2024-06-27 13:45:00,59.07,59.07,59.06,59.065,4579.0,BUD
2024-06-27 13:44:00,59.08,59.08,59.065,59.065,1025.0,BUD
2024-06-27 13:43:00,59.105,59.105,59.09,59.09,753.0,BUD
2024-06-27 13:42:00,59.105,59.105,59.1,59.105,1742.0,BUD
2024-06-27 13:41:00,59.105,59.11,59.105,59.11,422.0,BUD
2024-06-27 13:40:00,59.105,59.11,59.1,59.1,2718.0,BUD
2024-06-27 13:39:00,59.1,59.105,59.1,59.105,973.0,BUD
2024-06-27 13:38:00,59.125,59.125,59.105,59.105,1089.0,BUD
2024-06-27 13:37:00,59.11,59.15,59.11,59.13,4761.0,BUD
2024-06-27 13:36:00,59.11,59.11,59.105,59.11,1003.0,BUD
2024-06-27 13:35:00,59.11,59.11,59.11,59.11,567.0,BUD
2024-06-27 13:34:00,59.115,59.12,59.11,59.115,1491.0,BUD
2024-06-27 13:33:00,59.1,59.12,59.1,59.12,1925.0,BUD
2024-06-27 13:32:00,59.105,59.11,59.105,59.105,1747.0,BUD
2024-06-27 13:31:00,59.105,59.105,59.1,59.1,666.0,BUD
2024-06-27 13:30:00,59.11,59.11,59.105,59.105,1471.0,BUD
2024-06-27 13:29:00,59.12,59.12,59.115,59.115,1365.0,BUD
2024-06-27 13:28:00,59.105,59.125,59.105,59.125,836.0,BUD
2024-06-27 13:27:00,59.1,59.1,59.095,59.1,999.0,BUD
2024-06-27 13:26:00,59.11,59.11,59.1,59.104,1221.0,BUD
2024-06-27 13:25:00,59.11,59.13,59.11,59.12,4780.0,BUD
2024-06-27 13:24:00,59.104,59.11,59.1,59.11,1552.0,BUD
2024-06-27 13:23:00,59.11,59.11,59.1,59.1,536.0,BUD
2024-06-27 13:22:00,59.1,59.1,59.095,59.1,1120.0,BUD
2024-06-27 13:21:00,59.095,59.1,59.095,59.1,426.0,BUD
2024-06-27 13:20:00,59.09,59.09,59.085,59.09,1364.0,BUD
2024-06-27 13:19:00,59.105,59.105,59.09,59.09,1080.0,BUD
2024-06-27 13:18:00,59.1,59.12,59.1,59.11,2706.0,BUD
2024-06-27 13:17:00,59.09,59.095,59.09,59.095,541.0,BUD
2024-06-27 13:16:00,59.09,59.09,59.09,59.09,296.0,BUD
2024-06-27 13:15:00,59.095,59.095,59.085,59.085,1156.0,BUD
2024-06-27 13:14:00,59.09,59.095,59.09,59.095,750.0,BUD
2024-06-27 13:13:00,59.1,59.1,59.095,59.095,610.0,BUD
2024-06-27 13:12:00,59.085,59.09,59.085,59.09,651.0,BUD
2024-06-27 13:11:00,59.095,59.095,59.085,59.085,1450.0,BUD
2024-06-27 13:10:00,59.095,59.095,59.09,59.095,772.0,BUD
2024-06-27 13:09:00,59.1,59.1,59.095,59.095,674.0,BUD
2024-06-27 13:08:00,59.085,59.1,59.085,59.095,919.0,BUD
2024-06-27 13:07:00,59.085,59.09,59.085,59.085,1358.0,BUD
2024-06-27 13:06:00,59.08,59.09,59.075,59.085,631.0,BUD
2024-06-27 13:05:00,59.055,59.075,59.055,59.075,1479.0,BUD
2024-06-27 13:04:00,59.06,59.065,59.05,59.05,1173.0,BUD
2024-06-27 13:03:00,59.065,59.065,59.06,59.06,739.0,BUD
2024-06-27 13:02:00,59.1,59.1,59.08,59.08,2022.0,BUD
2024-06-27 13:01:00,59.065,59.07,59.065,59.07,1303.0,BUD
2024-06-27 13:00:00,59.055,59.065,59.055,59.065,1592.0,BUD
2024-06-27 12:59:00,59.055,59.06,59.05,59.055,1081.0,BUD
2024-06-27 12:58:00,59.05,59.05,59.045,59.05,909.0,BUD
2024-06-27 12:57:00,59.07,59.07,59.055,59.055,1236.0,BUD
2024-06-27 12:56:00,59.075,59.075,59.07,59.07,998.0,BUD
2024-06-27 12:55:00,59.06,59.07,59.055,59.065,2213.0,BUD
2024-06-27 12:54:00,59.07,59.07,59.06,59.06,650.0,BUD
2024-06-27 12:53:00,59.08,59.08,59.065,59.07,2849.0,BUD
2024-06-27 12:52:00,59.09,59.1,59.09,59.09,1871.0,BUD
2024-06-27 12:51:00,59.065,59.085,59.065,59.085,1329.0,BUD
2024-06-27 12:50:00,59.07,59.07,59.06,59.065,2178.0,BUD
2024-06-27 12:49:00,59.075,59.075,59.075,59.075,711.0,BUD
2024-06-27 12:48:00,59.08,59.08,59.075,59.075,1524.0,BUD
2024-06-27 12:47:00,59.085,59.09,59.085,59.085,817.0,BUD
2024-06-27 12:46:00,59.09,59.09,59.085,59.085,1532.0,BUD
2024-06-27 12:45:00,59.075,59.09,59.075,59.085,1002.0,BUD
2024-06-27 12:44:00,59.055,59.08,59.055,59.08,1906.0,BUD
2024-06-27 12:43:00,59.045,59.055,59.045,59.055,894.0,BUD
2024-06-27 12:42:00,59.05,59.05,59.045,59.045,1489.0,BUD
2024-06-27 12:41:00,59.06,59.06,59.06,59.06,427.0,BUD
2024-06-27 12:40:00,59.045,59.05,59.045,59.05,1366.0,BUD
2024-06-27 12:39:00,59.08,59.08,59.05,59.05,1342.0,BUD
2024-06-27 12:38:00,59.095,59.095,59.09,59.09,594.0,BUD
2024-06-27 12:37:00,59.11,59.11,59.095,59.095,1932.0,BUD
2024-06-27 12:36:00,59.11,59.118,59.105,59.118,1179.0,BUD
2024-06-27 12:35:00,59.135,59.135,59.11,59.12,5775.0,BUD
2024-06-27 12:34:00,59.14,59.14,59.131,59.14,1975.0,BUD
2024-06-27 12:33:00,59.135,59.136,59.135,59.135,903.0,BUD
2024-06-27 12:32:00,59.115,59.135,59.115,59.135,1203.0,BUD
2024-06-27 12:31:00,59.13,59.13,59.115,59.12,1299.0,BUD
2024-06-27 12:30:00,59.125,59.13,59.125,59.13,1406.0,BUD
2024-06-27 12:29:00,59.14,59.14,59.125,59.125,1603.0,BUD
2024-06-27 12:28:00,59.135,59.15,59.135,59.15,773.0,BUD
2024-06-27 12:27:00,59.135,59.135,59.13,59.135,681.0,BUD
2024-06-27 12:26:00,59.145,59.15,59.14,59.14,2402.0,BUD
2024-06-27 12:25:00,59.145,59.15,59.14,59.14,786.0,BUD
2024-06-27 12:24:00,59.14,59.15,59.14,59.14,466.0,BUD
2024-06-27 12:23:00,59.125,59.14,59.125,59.135,825.0,BUD
2024-06-27 12:22:00,59.14,59.14,59.13,59.13,1381.0,BUD
2024-06-27 12:21:00,59.12,59.14,59.12,59.14,1522.0,BUD
2024-06-27 12:20:00,59.13,59.13,59.12,59.13,2275.0,BUD
2024-06-27 12:19:00,59.125,59.13,59.12,59.13,1376.0,BUD
2024-06-27 12:18:00,59.13,59.13,59.12,59.125,562.0,BUD
2024-06-27 12:17:00,59.115,59.12,59.115,59.12,404.0,BUD
2024-06-27 12:16:00,59.12,59.12,59.105,59.12,1839.0,BUD
2024-06-27 12:15:00,59.13,59.14,59.125,59.125,2014.0,BUD
2024-06-27 12:14:00,59.12,59.12,59.115,59.12,1341.0,BUD
2024-06-27 12:13:00,59.11,59.125,59.11,59.125,1776.0,BUD
2024-06-27 12:12:00,59.11,59.11,59.1,59.1,1668.0,BUD
2024-06-27 12:11:00,59.12,59.12,59.11,59.11,1469.0,BUD
2024-06-27 12:10:00,59.115,59.125,59.11,59.125,1888.0,BUD
2024-06-27 12:09:00,59.11,59.12,59.11,59.12,1759.0,BUD
2024-06-27 12:08:00,59.15,59.15,59.08,59.11,6496.0,BUD
2024-06-27 12:07:00,59.135,59.155,59.135,59.155,1115.0,BUD
2024-06-27 12:06:00,59.12,59.14,59.12,59.135,935.0,BUD
2024-06-27 12:05:00,59.115,59.12,59.115,59.115,1056.0,BUD
2024-06-27 12:04:00,59.115,59.12,59.115,59.12,849.0,BUD
2024-06-27 12:03:00,59.12,59.12,59.11,59.115,915.0,BUD
2024-06-27 12:02:00,59.125,59.125,59.12,59.125,828.0,BUD
2024-06-27 12:01:00,59.13,59.14,59.125,59.125,1544.0,BUD
2024-06-27 12:00:00,59.15,59.15,59.13,59.13,1586.0,BUD
2024-06-27 11:59:00,59.15,59.15,59.15,59.15,2191.0,BUD
2024-06-27 11:58:00,59.16,59.16,59.15,59.15,2252.0,BUD
2024-06-27 11:57:00,59.165,59.175,59.155,59.16,4566.0,BUD
2024-06-27 11:56:00,59.16,59.165,59.16,59.165,572.0,BUD
2024-06-27 11:55:00,59.17,59.17,59.165,59.165,486.0,BUD
2024-06-27 11:54:00,59.15,59.17,59.15,59.17,2489.0,BUD
2024-06-27 11:53:00,59.16,59.16,59.15,59.15,697.0,BUD
2024-06-27 11:52:00,59.19,59.2,59.165,59.165,3213.0,BUD
2024-06-27 11:51:00,59.185,59.185,59.18,59.185,1604.0,BUD
2024-06-27 11:50:00,59.12,59.19,59.12,59.19,4379.0,BUD
2024-06-27 11:49:00,59.125,59.125,59.115,59.12,1147.0,BUD
2024-06-27 11:48:00,59.1,59.115,59.09,59.115,4280.0,BUD
2024-06-27 11:47:00,59.099,59.1,59.095,59.095,1699.0,BUD
2024-06-27 11:46:00,59.15,59.15,59.115,59.115,1584.0,BUD
2024-06-27 11:45:00,59.14,59.145,59.14,59.14,2719.0,BUD
2024-06-27 11:44:00,59.145,59.15,59.145,59.145,1373.0,BUD
2024-06-27 11:43:00,59.14,59.16,59.14,59.16,1238.0,BUD
2024-06-27 11:42:00,59.15,59.15,59.145,59.15,581.0,BUD
2024-06-27 11:41:00,59.155,59.17,59.155,59.155,1940.0,BUD
2024-06-27 11:40:00,59.145,59.16,59.145,59.16,914.0,BUD
2024-06-27 11:39:00,59.15,59.15,59.14,59.15,1650.0,BUD
2024-06-27 11:38:00,59.115,59.155,59.115,59.155,2944.0,BUD
2024-06-27 11:37:00,59.134,59.15,59.12,59.12,1402.0,BUD
2024-06-27 11:36:00,59.095,59.13,59.095,59.13,1140.0,BUD
2024-06-27 11:35:00,59.07,59.11,59.07,59.11,5393.0,BUD
2024-06-27 11:34:00,59.05,59.06,59.015,59.06,6875.0,BUD
2024-06-27 11:33:00,59.06,59.065,59.055,59.055,1187.0,BUD
2024-06-27 11:32:00,59.03,59.04,59.03,59.03,3364.0,BUD
2024-06-27 11:31:00,59.05,59.05,59.01,59.03,11834.0,BUD
2024-06-27 11:30:00,59.04,59.06,59.04,59.06,3759.0,BUD
2024-06-27 11:29:00,59.0,59.03,59.0,59.03,1141.0,BUD
2024-06-27 11:28:00,59.01,59.01,59.0,59.0,2353.0,BUD
2024-06-27 11:27:00,59.04,59.045,59.02,59.02,1570.0,BUD
2024-06-27 11:26:00,59.055,59.06,59.04,59.05,3523.0,BUD
2024-06-27 11:25:00,59.04,59.07,59.04,59.06,1541.0,BUD
2024-06-27 11:24:00,59.025,59.035,59.02,59.035,2395.0,BUD
2024-06-27 11:23:00,59.02,59.03,59.01,59.03,2174.0,BUD
2024-06-27 11:22:00,59.04,59.04,59.025,59.025,2347.0,BUD
2024-06-27 11:21:00,59.05,59.07,59.05,59.06,1777.0,BUD
2024-06-27 11:20:00,59.1,59.1,59.05,59.05,3323.0,BUD
2024-06-27 11:19:00,59.095,59.1,59.091,59.1,3433.0,BUD
2024-06-27 11:18:00,59.05,59.09,59.05,59.09,1477.0,BUD
2024-06-27 11:17:00,59.061,59.08,59.05,59.07,5304.0,BUD
2024-06-27 11:16:00,59.06,59.085,59.06,59.07,3046.0,BUD
2024-06-27 11:15:00,59.03,59.055,59.03,59.055,3534.0,BUD
2024-06-27 11:14:00,59.05,59.05,59.04,59.04,3613.0,BUD
2024-06-27 11:13:00,59.05,59.055,59.045,59.05,4238.0,BUD
2024-06-27 11:12:00,59.08,59.095,59.05,59.055,4461.0,BUD
2024-06-27 11:11:00,59.08,59.09,59.075,59.075,1543.0,BUD
2024-06-27 11:10:00,59.06,59.065,59.05,59.06,2933.0,BUD
2024-06-27 11:09:00,59.08,59.08,59.065,59.07,1003.0,BUD
2024-06-27 11:08:00,59.11,59.11,59.08,59.09,1768.0,BUD
2024-06-27 11:07:00,59.14,59.14,59.105,59.11,5493.0,BUD
2024-06-27 11:06:00,59.14,59.142,59.12,59.142,1894.0,BUD
2024-06-27 11:05:00,59.15,59.17,59.145,59.145,3119.0,BUD
2024-06-27 11:04:00,59.14,59.155,59.14,59.145,10911.0,BUD
2024-06-27 11:03:00,59.16,59.16,59.13,59.13,1576.0,BUD
2024-06-27 11:02:00,59.2,59.2,59.17,59.17,1454.0,BUD
2024-06-27 11:01:00,59.21,59.22,59.19,59.22,6120.0,BUD
2024-06-27 11:00:00,59.25,59.25,59.22,59.22,11451.0,BUD
2024-06-27 10:59:00,59.28,59.28,59.25,59.26,5095.0,BUD
2024-06-27 10:58:00,59.31,59.31,59.275,59.275,1903.0,BUD
2024-06-27 10:57:00,59.33,59.34,59.31,59.32,1850.0,BUD
2024-06-27 10:56:00,59.34,59.34,59.33,59.34,710.0,BUD
2024-06-27 10:55:00,59.33,59.33,59.315,59.325,2553.0,BUD
2024-06-27 10:54:00,59.31,59.35,59.31,59.331,669.0,BUD
2024-06-27 10:53:00,59.28,59.28,59.275,59.28,1241.0,BUD
2024-06-27 10:52:00,59.27,59.27,59.255,59.26,757.0,BUD
2024-06-27 10:51:00,59.225,59.25,59.225,59.25,864.0,BUD
2024-06-27 10:50:00,59.22,59.225,59.215,59.22,3632.0,BUD
2024-06-27 10:49:00,59.21,59.22,59.205,59.21,5344.0,BUD
2024-06-27 10:48:00,59.22,59.22,59.195,59.195,1605.0,BUD
2024-06-27 10:47:00,59.21,59.22,59.21,59.22,899.0,BUD
2024-06-27 10:46:00,59.2,59.2,59.18,59.2,5119.0,BUD
2024-06-27 10:45:00,59.24,59.24,59.21,59.21,6691.0,BUD
2024-06-27 10:44:00,59.24,59.24,59.225,59.235,1419.0,BUD
2024-06-27 10:43:00,59.215,59.23,59.21,59.23,1674.0,BUD
2024-06-27 10:42:00,59.22,59.22,59.215,59.22,458.0,BUD
2024-06-27 10:41:00,59.22,59.225,59.195,59.225,2873.0,BUD
2024-06-27 10:40:00,59.23,59.24,59.22,59.22,665.0,BUD
2024-06-27 10:39:00,59.23,59.235,59.225,59.235,2825.0,BUD
2024-06-27 10:38:00,59.23,59.24,59.22,59.22,1118.0,BUD
2024-06-27 10:37:00,59.23,59.25,59.21,59.25,2382.0,BUD
2024-06-27 10:36:00,59.28,59.285,59.25,59.25,1710.0,BUD
2024-06-27 10:35:00,59.285,59.31,59.28,59.28,1648.0,BUD
2024-06-27 10:34:00,59.275,59.29,59.275,59.28,3270.0,BUD
2024-06-27 10:33:00,59.265,59.27,59.26,59.27,928.0,BUD
2024-06-27 10:32:00,59.265,59.275,59.26,59.265,1661.0,BUD
2024-06-27 10:31:00,59.29,59.29,59.25,59.25,2716.0,BUD
2024-06-27 10:30:00,59.27,59.29,59.27,59.28,4860.0,BUD
2024-06-27 10:29:00,59.27,59.27,59.245,59.265,1892.0,BUD
2024-06-27 10:28:00,59.28,59.286,59.26,59.27,1871.0,BUD
2024-06-27 10:27:00,59.25,59.28,59.22,59.28,4581.0,BUD
2024-06-27 10:26:00,59.265,59.27,59.24,59.245,5360.0,BUD
2024-06-27 10:25:00,59.275,59.275,59.26,59.265,807.0,BUD
2024-06-27 10:24:00,59.27,59.28,59.27,59.28,1272.0,BUD
2024-06-27 10:23:00,59.29,59.29,59.26,59.265,2214.0,BUD
2024-06-27 10:22:00,59.29,59.3,59.29,59.295,4627.0,BUD
2024-06-27 10:21:00,59.29,59.3,59.27,59.27,5791.0,BUD
2024-06-27 10:20:00,59.29,59.31,59.29,59.3,2679.0,BUD
2024-06-27 10:19:00,59.305,59.305,59.28,59.3,2585.0,BUD
2024-06-27 10:18:00,59.3,59.305,59.29,59.305,4362.0,BUD
2024-06-27 10:17:00,59.31,59.31,59.305,59.31,1162.0,BUD
2024-06-27 10:16:00,59.31,59.31,59.31,59.31,756.0,BUD
2024-06-27 10:15:00,59.33,59.355,59.31,59.32,3983.0,BUD
2024-06-27 10:14:00,59.34,59.34,59.325,59.33,1114.0,BUD
2024-06-27 10:13:00,59.37,59.37,59.345,59.345,1011.0,BUD
2024-06-27 10:12:00,59.385,59.385,59.375,59.375,323.0,BUD
2024-06-27 10:11:00,59.37,59.39,59.37,59.385,1139.0,BUD
2024-06-27 10:10:00,59.4,59.4,59.37,59.37,3335.0,BUD
2024-06-27 10:09:00,59.375,59.4,59.375,59.4,1158.0,BUD
2024-06-27 10:08:00,59.38,59.38,59.356,59.36,919.0,BUD
2024-06-27 10:07:00,59.36,59.395,59.36,59.39,3035.0,BUD
2024-06-27 10:06:00,59.35,59.385,59.35,59.37,2705.0,BUD
2024-06-27 10:05:00,59.342,59.35,59.335,59.35,3999.0,BUD
2024-06-27 10:04:00,59.38,59.38,59.33,59.33,837.0,BUD
2024-06-27 10:03:00,59.4,59.4,59.38,59.38,2020.0,BUD
2024-06-27 10:02:00,59.43,59.43,59.4,59.41,1286.0,BUD
2024-06-27 10:01:00,59.44,59.46,59.43,59.43,1645.0,BUD
2024-06-27 10:00:00,59.41,59.43,59.405,59.43,2633.0,BUD
2024-06-27 09:59:00,59.41,59.41,59.4,59.41,323.0,BUD
2024-06-27 09:58:00,59.39,59.41,59.39,59.41,1487.0,BUD
2024-06-27 09:57:00,59.4,59.4,59.38,59.38,3886.0,BUD
2024-06-27 09:56:00,59.399,59.44,59.399,59.415,2327.0,BUD
2024-06-27 09:55:00,59.42,59.425,59.41,59.41,1373.0,BUD
2024-06-27 09:54:00,59.41,59.46,59.41,59.44,170221.0,BUD
2024-06-27 09:53:00,59.37,59.39,59.36,59.39,2471.0,BUD
2024-06-27 09:52:00,59.395,59.4,59.37,59.38,4215.0,BUD
2024-06-27 09:51:00,59.43,59.45,59.43,59.44,3745.0,BUD
2024-06-27 09:50:00,59.36,59.43,59.36,59.42,3177.0,BUD
2024-06-27 09:49:00,59.4,59.4,59.36,59.36,7177.0,BUD
2024-06-27 09:48:00,59.44,59.44,59.42,59.42,2242.0,BUD
2024-06-27 09:47:00,59.44,59.44,59.44,59.44,431.0,BUD
2024-06-27 09:46:00,59.46,59.52,59.46,59.47,3098.0,BUD
2024-06-27 09:45:00,59.44,59.45,59.43,59.45,4181.0,BUD
2024-06-27 09:44:00,59.42,59.43,59.4,59.43,3214.0,BUD
2024-06-27 09:43:00,59.44,59.44,59.41,59.41,929.0,BUD
2024-06-27 09:42:00,59.44,59.44,59.41,59.41,1315.0,BUD
2024-06-27 09:41:00,59.405,59.44,59.405,59.44,1221.0,BUD
2024-06-27 09:40:00,59.41,59.41,59.395,59.395,687.0,BUD
2024-06-27 09:39:00,59.47,59.47,59.4,59.41,2801.0,BUD
2024-06-27 09:38:00,59.4,59.48,59.4,59.47,3324.0,BUD
2024-06-27 09:37:00,59.38,59.39,59.36,59.39,3286.0,BUD
2024-06-27 09:36:00,59.34,59.37,59.34,59.37,2840.0,BUD
2024-06-27 09:35:00,59.25,59.35,59.25,59.35,3856.0,BUD
2024-06-27 09:34:00,59.24,59.25,59.23,59.24,1261.0,BUD
2024-06-27 09:33:00,59.31,59.31,59.24,59.24,1595.0,BUD
2024-06-27 09:32:00,59.28,59.32,59.28,59.31,2933.0,BUD
2024-06-27 09:31:00,59.36,59.38,59.31,59.31,3346.0,BUD
2024-06-27 09:30:00,59.33,59.43,59.3,59.36,27118.0,BUD
2024-06-27 09:29:00,59.27,59.27,59.26,59.26,410.0,BUD
2024-06-27 09:18:00,59.17,59.17,59.17,59.17,100.0,BUD
2024-06-27 09:15:00,59.19,59.19,59.19,59.19,3.0,BUD
2024-06-27 09:06:00,59.17,59.17,59.17,59.17,11.0,BUD
2024-06-27 09:05:00,59.16,59.16,59.16,59.16,2.0,BUD
2024-06-27 09:04:00,59.18,59.18,59.18,59.18,271.0,BUD
2024-06-27 09:02:00,59.17,59.17,59.17,59.17,3.0,BUD
2024-06-27 08:58:00,59.14,59.14,59.14,59.14,101.0,BUD
2024-06-27 08:52:00,59.12,59.12,59.12,59.12,149.0,BUD
2024-06-27 08:50:00,59.11,59.11,59.1,59.1,300.0,BUD
2024-06-27 08:49:00,59.14,59.14,59.14,59.14,500.0,BUD
2024-06-27 08:48:00,59.11,59.11,59.11,59.11,100.0,BUD
2024-06-27 08:46:00,59.09,59.09,59.09,59.09,9.0,BUD
2024-06-27 08:45:00,59.138,59.138,59.138,59.138,5.0,BUD
2024-06-27 08:42:00,59.18,59.19,59.16,59.16,111.0,BUD
2024-06-27 08:34:00,59.23,59.23,59.23,59.23,17.0,BUD
2024-06-27 08:29:00,59.18,59.18,59.18,59.18,1.0,BUD
2024-06-27 08:27:00,60.9,60.9,60.9,60.9,4.0,BUD
2024-06-27 08:05:00,59.23,59.23,59.23,59.23,1.0,BUD
2024-06-27 08:03:00,59.25,59.25,59.25,59.25,1.0,BUD
2024-06-27 08:02:00,59.45,59.45,59.25,59.25,66.0,BUD
2024-06-27 08:01:00,59.25,59.25,59.25,59.25,11.0,BUD
2024-06-27 08:00:00,59.17,59.48,59.12,59.48,104.0,BUD
2024-06-27 07:22:00,59.12,59.15,59.12,59.15,109.0,BUD
2024-06-27 07:20:00,59.15,59.15,59.15,59.15,10.0,BUD
2024-06-27 07:13:00,59.18,59.18,59.17,59.17,213.0,BUD
2024-06-27 07:07:00,59.15,59.15,59.15,59.15,5.0,BUD
2024-06-27 07:03:00,59.17,59.17,59.17,59.17,2.0,BUD
2024-06-27 07:02:00,59.2,59.2,59.2,59.2,10.0,BUD
2024-06-27 06:11:00,59.13,59.13,59.13,59.13,5.0,BUD
2024-06-27 06:02:00,59.11,59.11,59.1,59.1,121.0,BUD
2024-06-27 06:01:00,59.1,59.1,59.1,59.1,5.0,BUD
2024-06-27 05:26:00,59.27,59.27,59.27,59.27,5.0,BUD
2024-06-27 05:20:00,59.18,59.18,59.18,59.18,5.0,BUD
2024-06-27 05:19:00,59.18,59.18,59.18,59.18,10.0,BUD
2024-06-27 04:47:00,59.08,59.08,59.08,59.08,126.0,BUD
2024-06-27 04:35:00,59.15,59.15,59.15,59.15,1.0,BUD
2024-06-27 04:08:00,59.3,59.3,59.3,59.3,3.0,BUD
2024-06-27 04:02:00,59.4,59.4,59.4,59.4,252.0,BUD
2024-06-26 19:57:00,59.44,59.44,59.44,59.44,4.0,BUD
2024-06-26 19:52:00,59.48,59.48,59.48,59.48,10.0,BUD
2024-06-26 19:42:00,59.477,59.477,59.477,59.477,100.0,BUD
2024-06-26 19:29:00,59.0,59.0,59.0,59.0,5.0,BUD
2024-06-26 19:21:00,59.48,59.48,59.48,59.48,3.0,BUD
2024-06-26 19:00:00,59.48,59.48,59.48,59.48,117550.0,BUD
2024-06-26 18:53:00,59.48,59.5,59.48,59.5,420.0,BUD
2024-06-26 18:50:00,59.17,59.17,59.17,59.17,1.0,BUD
2024-06-26 18:30:00,59.48,59.48,59.48,59.48,117550.0,BUD
2024-06-26 18:27:00,59.0,59.0,59.0,59.0,3.0,BUD
2024-06-26 17:33:00,59.0,59.0,59.0,59.0,5.0,BUD
2024-06-26 16:53:00,59.585,59.585,59.585,59.585,1.0,BUD
2024-06-26 16:52:00,59.56,59.56,59.56,59.56,70.0,BUD
2024-06-26 16:24:00,59.58,59.58,59.58,59.58,1.0,BUD
2024-06-26 16:10:00,59.48,59.67,59.48,59.67,117553.0,BUD
2024-06-26 16:00:00,59.46,59.48,59.46,59.48,240772.0,BUD
2024-06-26 15:59:00,59.465,59.485,59.45,59.46,69981.0,BUD
2024-06-26 15:58:00,59.47,59.485,59.46,59.465,36907.0,BUD
2024-06-26 15:57:00,59.49,59.495,59.455,59.46,18604.0,BUD
2024-06-26 15:56:00,59.45,59.51,59.445,59.49,67809.0,BUD
2024-06-26 15:55:00,59.425,59.445,59.385,59.445,20909.0,BUD
2024-06-26 15:54:00,59.41,59.43,59.41,59.43,11074.0,BUD
2024-06-26 15:53:00,59.395,59.42,59.395,59.415,10791.0,BUD
2024-06-26 15:52:00,59.36,59.4,59.36,59.395,8661.0,BUD
2024-06-26 15:51:00,59.325,59.36,59.325,59.36,6951.0,BUD
2024-06-26 15:50:00,59.3,59.33,59.285,59.33,27249.0,BUD
2024-06-26 15:49:00,59.325,59.325,59.3,59.315,9869.0,BUD
2024-06-26 15:48:00,59.325,59.325,59.32,59.32,10098.0,BUD
2024-06-26 15:47:00,59.315,59.325,59.31,59.325,6412.0,BUD
2024-06-26 15:46:00,59.315,59.315,59.31,59.31,4507.0,BUD
2024-06-26 15:45:00,59.315,59.32,59.31,59.32,3485.0,BUD
2024-06-26 15:44:00,59.33,59.33,59.3,59.315,6187.0,BUD
2024-06-26 15:43:00,59.325,59.33,59.325,59.33,2652.0,BUD
2024-06-26 15:42:00,59.315,59.34,59.315,59.33,4860.0,BUD
2024-06-26 15:41:00,59.335,59.335,59.32,59.32,7212.0,BUD
2024-06-26 15:40:00,59.33,59.34,59.33,59.34,2823.0,BUD
2024-06-26 15:39:00,59.331,59.34,59.325,59.325,3437.0,BUD
2024-06-26 15:38:00,59.33,59.34,59.33,59.335,4207.0,BUD
2024-06-26 15:37:00,59.365,59.365,59.33,59.33,5985.0,BUD
2024-06-26 15:36:00,59.375,59.38,59.365,59.37,9112.0,BUD
2024-06-26 15:35:00,59.37,59.375,59.365,59.375,6555.0,BUD
2024-06-26 15:34:00,59.36,59.37,59.36,59.37,5607.0,BUD
2024-06-26 15:33:00,59.365,59.37,59.36,59.365,4113.0,BUD
2024-06-26 15:32:00,59.361,59.37,59.355,59.36,4888.0,BUD
2024-06-26 15:31:00,59.355,59.37,59.355,59.36,2916.0,BUD
2024-06-26 15:30:00,59.37,59.37,59.34,59.355,8579.0,BUD
2024-06-26 15:29:00,59.39,59.39,59.38,59.38,9183.0,BUD
2024-06-26 15:28:00,59.385,59.39,59.38,59.39,1824.0,BUD
2024-06-26 15:27:00,59.38,59.39,59.38,59.385,3118.0,BUD
2024-06-26 15:26:00,59.375,59.38,59.365,59.375,6687.0,BUD
2024-06-26 15:25:00,59.38,59.38,59.37,59.375,2873.0,BUD
2024-06-26 15:24:00,59.375,59.38,59.375,59.375,1873.0,BUD
2024-06-26 15:23:00,59.375,59.38,59.375,59.375,2438.0,BUD
2024-06-26 15:22:00,59.37,59.38,59.37,59.375,1445.0,BUD
2024-06-26 15:21:00,59.355,59.36,59.355,59.36,2027.0,BUD
2024-06-26 15:20:00,59.37,59.37,59.355,59.355,4208.0,BUD
2024-06-26 15:19:00,59.36,59.365,59.36,59.365,1079.0,BUD
2024-06-26 15:18:00,59.385,59.385,59.36,59.365,7291.0,BUD
2024-06-26 15:17:00,59.39,59.39,59.38,59.38,2090.0,BUD
2024-06-26 15:16:00,59.37,59.39,59.37,59.39,1811.0,BUD
2024-06-26 15:15:00,59.365,59.385,59.36,59.37,6199.0,BUD
2024-06-26 15:14:00,59.365,59.37,59.36,59.365,1704.0,BUD
2024-06-26 15:13:00,59.365,59.365,59.36,59.365,2707.0,BUD
2024-06-26 15:12:00,59.365,59.37,59.355,59.37,4609.0,BUD
2024-06-26 15:11:00,59.37,59.37,59.36,59.365,1945.0,BUD
2024-06-26 15:10:00,59.375,59.375,59.365,59.37,2857.0,BUD
2024-06-26 15:09:00,59.395,59.395,59.375,59.375,4526.0,BUD
2024-06-26 15:08:00,59.395,59.4,59.39,59.395,1211.0,BUD
2024-06-26 15:07:00,59.395,59.4,59.39,59.4,1096.0,BUD
2024-06-26 15:06:00,59.355,59.39,59.355,59.39,2149.0,BUD
2024-06-26 15:05:00,59.36,59.365,59.34,59.355,5821.0,BUD
2024-06-26 15:04:00,59.41,59.41,59.365,59.365,5488.0,BUD
2024-06-26 15:03:00,59.42,59.42,59.41,59.415,1773.0,BUD
2024-06-26 15:02:00,59.415,59.415,59.41,59.41,488.0,BUD
2024-06-26 15:01:00,59.46,59.46,59.405,59.405,4254.0,BUD
2024-06-26 15:00:00,59.45,59.46,59.45,59.45,2366.0,BUD
2024-06-26 14:59:00,59.445,59.447,59.445,59.445,978.0,BUD
2024-06-26 14:58:00,59.46,59.46,59.445,59.446,4173.0,BUD
2024-06-26 14:57:00,59.451,59.473,59.45,59.47,7157.0,BUD
2024-06-26 14:56:00,59.455,59.455,59.45,59.45,636.0,BUD
2024-06-26 14:55:00,59.475,59.48,59.44,59.45,6471.0,BUD
2024-06-26 14:54:00,59.47,59.475,59.47,59.475,957.0,BUD
2024-06-26 14:53:00,59.455,59.48,59.45,59.48,12422.0,BUD
2024-06-26 14:52:00,59.46,59.47,59.455,59.455,2106.0,BUD
2024-06-26 14:51:00,59.46,59.465,59.455,59.46,5672.0,BUD
2024-06-26 14:50:00,59.47,59.47,59.46,59.46,1992.0,BUD
2024-06-26 14:49:00,59.465,59.478,59.465,59.475,1316.0,BUD
2024-06-26 14:48:00,59.465,59.465,59.445,59.455,4869.0,BUD
2024-06-26 14:47:00,59.44,59.465,59.44,59.465,4670.0,BUD
2024-06-26 14:46:00,59.435,59.442,59.435,59.435,4041.0,BUD
2024-06-26 14:45:00,59.425,59.435,59.425,59.435,1405.0,BUD
2024-06-26 14:44:00,59.415,59.42,59.41,59.42,1833.0,BUD
2024-06-26 14:43:00,59.415,59.42,59.41,59.415,1437.0,BUD
2024-06-26 14:42:00,59.42,59.425,59.41,59.41,2031.0,BUD
2024-06-26 14:41:00,59.41,59.42,59.405,59.42,2461.0,BUD
2024-06-26 14:40:00,59.405,59.43,59.405,59.417,3568.0,BUD
2024-06-26 14:39:00,59.405,59.41,59.405,59.405,908.0,BUD
2024-06-26 14:38:00,59.41,59.41,59.405,59.405,717.0,BUD
2024-06-26 14:37:00,59.42,59.42,59.41,59.41,2857.0,BUD
2024-06-26 14:36:00,59.435,59.435,59.42,59.425,2462.0,BUD
2024-06-26 14:35:00,59.445,59.45,59.435,59.435,2064.0,BUD
2024-06-26 14:34:00,59.435,59.445,59.435,59.445,1353.0,BUD
2024-06-26 14:33:00,59.45,59.45,59.43,59.43,4143.0,BUD
2024-06-26 14:32:00,59.445,59.445,59.435,59.445,4978.0,BUD
2024-06-26 14:31:00,59.445,59.45,59.44,59.44,4756.0,BUD
2024-06-26 14:30:00,59.44,59.445,59.435,59.445,2911.0,BUD
2024-06-26 14:29:00,59.435,59.445,59.435,59.44,2832.0,BUD
2024-06-26 14:28:00,59.44,59.44,59.435,59.44,3663.0,BUD
2024-06-26 14:27:00,59.44,59.44,59.43,59.435,1904.0,BUD
2024-06-26 14:26:00,59.43,59.44,59.425,59.44,1606.0,BUD
2024-06-26 14:25:00,59.445,59.445,59.43,59.43,3702.0,BUD
2024-06-26 14:24:00,59.45,59.45,59.44,59.445,1900.0,BUD
2024-06-26 14:23:00,59.425,59.455,59.42,59.455,4529.0,BUD
2024-06-26 14:22:00,59.43,59.43,59.42,59.422,4450.0,BUD
2024-06-26 14:21:00,59.42,59.425,59.415,59.425,2010.0,BUD
2024-06-26 14:20:00,59.43,59.435,59.425,59.425,1269.0,BUD
2024-06-26 14:19:00,59.435,59.435,59.42,59.43,3585.0,BUD
2024-06-26 14:18:00,59.44,59.44,59.435,59.44,935.0,BUD
2024-06-26 14:17:00,59.44,59.45,59.435,59.435,3709.0,BUD
2024-06-26 14:16:00,59.43,59.44,59.43,59.435,2231.0,BUD
2024-06-26 14:15:00,59.405,59.427,59.405,59.425,2050.0,BUD
2024-06-26 14:14:00,59.405,59.405,59.4,59.405,3058.0,BUD
2024-06-26 14:13:00,59.405,59.41,59.4,59.41,1846.0,BUD
2024-06-26 14:12:00,59.4,59.405,59.4,59.405,1865.0,BUD
2024-06-26 14:11:00,59.395,59.4,59.39,59.39,3407.0,BUD
2024-06-26 14:10:00,59.405,59.405,59.39,59.39,2798.0,BUD
2024-06-26 14:09:00,59.39,59.405,59.39,59.405,1853.0,BUD
2024-06-26 14:08:00,59.38,59.395,59.38,59.39,2019.0,BUD
2024-06-26 14:07:00,59.36,59.38,59.355,59.38,2291.0,BUD
2024-06-26 14:06:00,59.39,59.395,59.36,59.36,2325.0,BUD
2024-06-26 14:05:00,59.4,59.4,59.395,59.395,2516.0,BUD
2024-06-26 14:04:00,59.395,59.4,59.39,59.395,1665.0,BUD
2024-06-26 14:03:00,59.395,59.395,59.39,59.395,860.0,BUD
2024-06-26 14:02:00,59.395,59.4,59.39,59.395,3711.0,BUD
2024-06-26 14:01:00,59.39,59.4,59.385,59.39,1818.0,BUD
2024-06-26 14:00:00,59.435,59.435,59.395,59.395,4890.0,BUD
2024-06-26 13:59:00,59.425,59.44,59.425,59.435,1148.0,BUD
2024-06-26 13:58:00,59.415,59.425,59.41,59.425,1055.0,BUD
2024-06-26 13:57:00,59.42,59.42,59.415,59.42,636.0,BUD
2024-06-26 13:56:00,59.42,59.42,59.41,59.415,4132.0,BUD
2024-06-26 13:55:00,59.435,59.435,59.415,59.415,3411.0,BUD
2024-06-26 13:54:00,59.425,59.435,59.425,59.435,1202.0,BUD
2024-06-26 13:53:00,59.415,59.425,59.415,59.42,1552.0,BUD
2024-06-26 13:52:00,59.415,59.42,59.415,59.42,316.0,BUD
2024-06-26 13:51:00,59.425,59.425,59.415,59.415,1323.0,BUD
2024-06-26 13:50:00,59.45,59.45,59.42,59.43,6567.0,BUD
2024-06-26 13:49:00,59.445,59.447,59.44,59.445,1513.0,BUD
2024-06-26 13:48:00,59.44,59.445,59.43,59.445,4321.0,BUD
2024-06-26 13:47:00,59.455,59.46,59.45,59.45,2946.0,BUD
2024-06-26 13:46:00,59.465,59.47,59.455,59.455,2873.0,BUD
2024-06-26 13:45:00,59.46,59.47,59.46,59.465,3050.0,BUD
2024-06-26 13:44:00,59.455,59.465,59.455,59.46,1542.0,BUD
2024-06-26 13:43:00,59.445,59.455,59.445,59.455,1820.0,BUD
2024-06-26 13:42:00,59.45,59.455,59.435,59.44,5012.0,BUD
2024-06-26 13:41:00,59.445,59.45,59.445,59.45,1143.0,BUD
2024-06-26 13:40:00,59.46,59.46,59.45,59.45,1364.0,BUD
2024-06-26 13:39:00,59.465,59.465,59.455,59.465,2266.0,BUD
2024-06-26 13:38:00,59.455,59.47,59.45,59.465,4383.0,BUD
2024-06-26 13:37:00,59.45,59.46,59.45,59.455,1548.0,BUD
2024-06-26 13:36:00,59.465,59.465,59.45,59.455,1807.0,BUD
2024-06-26 13:35:00,59.455,59.47,59.455,59.47,1067.0,BUD
2024-06-26 13:34:00,59.465,59.465,59.455,59.455,1088.0,BUD
2024-06-26 13:33:00,59.475,59.475,59.46,59.47,2162.0,BUD
2024-06-26 13:32:00,59.465,59.475,59.465,59.475,1395.0,BUD
2024-06-26 13:31:00,59.465,59.47,59.465,59.47,966.0,BUD
2024-06-26 13:30:00,59.475,59.475,59.46,59.465,1091.0,BUD
2024-06-26 13:29:00,59.46,59.48,59.46,59.47,2551.0,BUD
2024-06-26 13:28:00,59.435,59.475,59.435,59.47,2270.0,BUD
2024-06-26 13:27:00,59.425,59.43,59.425,59.43,690.0,BUD
2024-06-26 13:26:00,59.46,59.465,59.43,59.43,3114.0,BUD
2024-06-26 13:25:00,59.47,59.475,59.465,59.465,1558.0,BUD
2024-06-26 13:24:00,59.47,59.475,59.465,59.475,973.0,BUD
2024-06-26 13:23:00,59.47,59.48,59.47,59.475,2369.0,BUD
2024-06-26 13:22:00,59.48,59.48,59.465,59.465,3691.0,BUD
2024-06-26 13:21:00,59.465,59.495,59.465,59.495,1136.0,BUD
2024-06-26 13:20:00,59.475,59.475,59.47,59.47,1872.0,BUD
2024-06-26 13:19:00,59.495,59.495,59.48,59.48,885.0,BUD
2024-06-26 13:18:00,59.505,59.505,59.49,59.49,1988.0,BUD
2024-06-26 13:17:00,59.52,59.52,59.51,59.51,1856.0,BUD
2024-06-26 13:16:00,59.51,59.52,59.51,59.515,604.0,BUD
2024-06-26 13:15:00,59.52,59.53,59.515,59.52,2913.0,BUD
2024-06-26 13:14:00,59.505,59.515,59.501,59.515,1123.0,BUD
2024-06-26 13:13:00,59.495,59.515,59.495,59.505,2073.0,BUD
2024-06-26 13:12:00,59.495,59.5,59.495,59.495,1059.0,BUD
2024-06-26 13:11:00,59.51,59.51,59.495,59.495,2099.0,BUD
2024-06-26 13:10:00,59.495,59.505,59.495,59.5,686.0,BUD
2024-06-26 13:09:00,59.49,59.5,59.49,59.495,1146.0,BUD
2024-06-26 13:08:00,59.49,59.495,59.485,59.49,1427.0,BUD
2024-06-26 13:07:00,59.505,59.505,59.5,59.5,1270.0,BUD
2024-06-26 13:06:00,59.5,59.51,59.5,59.505,1790.0,BUD
2024-06-26 13:05:00,59.5,59.5,59.495,59.5,614.0,BUD
2024-06-26 13:04:00,59.485,59.51,59.485,59.505,2332.0,BUD
2024-06-26 13:03:00,59.475,59.495,59.455,59.49,3815.0,BUD
2024-06-26 13:02:00,59.46,59.475,59.46,59.475,1446.0,BUD
2024-06-26 13:01:00,59.44,59.455,59.44,59.45,1044.0,BUD
2024-06-26 13:00:00,59.48,59.48,59.435,59.435,2302.0,BUD
2024-06-26 12:59:00,59.46,59.49,59.46,59.48,4917.0,BUD
2024-06-26 12:58:00,59.415,59.455,59.415,59.45,645.0,BUD
2024-06-26 12:57:00,59.425,59.43,59.405,59.405,2981.0,BUD
2024-06-26 12:56:00,59.425,59.425,59.425,59.425,543.0,BUD
2024-06-26 12:55:00,59.425,59.425,59.42,59.425,907.0,BUD
2024-06-26 12:54:00,59.42,59.43,59.415,59.425,1666.0,BUD
2024-06-26 12:53:00,59.46,59.475,59.42,59.42,5036.0,BUD
2024-06-26 12:52:00,59.45,59.455,59.45,59.455,1763.0,BUD
2024-06-26 12:51:00,59.455,59.46,59.455,59.455,1197.0,BUD
2024-06-26 12:50:00,59.455,59.46,59.45,59.46,625.0,BUD
2024-06-26 12:49:00,59.455,59.455,59.44,59.45,2726.0,BUD
2024-06-26 12:48:00,59.465,59.47,59.445,59.455,3566.0,BUD
2024-06-26 12:47:00,59.465,59.465,59.465,59.465,682.0,BUD
2024-06-26 12:46:00,59.475,59.475,59.45,59.46,8157.0,BUD
2024-06-26 12:45:00,59.48,59.49,59.475,59.475,1536.0,BUD
2024-06-26 12:44:00,59.515,59.515,59.485,59.485,2724.0,BUD
2024-06-26 12:43:00,59.5,59.51,59.5,59.51,2538.0,BUD
2024-06-26 12:42:00,59.515,59.52,59.49,59.495,2504.0,BUD
2024-06-26 12:41:00,59.53,59.535,59.52,59.52,4218.0,BUD
2024-06-26 12:40:00,59.515,59.525,59.515,59.525,829.0,BUD
2024-06-26 12:39:00,59.485,59.515,59.485,59.515,1737.0,BUD
2024-06-26 12:38:00,59.48,59.495,59.48,59.485,2567.0,BUD
2024-06-26 12:37:00,59.53,59.53,59.49,59.49,6069.0,BUD
2024-06-26 12:36:00,59.5,59.53,59.5,59.52,2343.0,BUD
2024-06-26 12:35:00,59.505,59.505,59.505,59.505,1366.0,BUD
2024-06-26 12:34:00,59.505,59.505,59.492,59.495,2763.0,BUD
2024-06-26 12:33:00,59.495,59.51,59.49,59.505,3526.0,BUD
2024-06-26 12:32:00,59.48,59.495,59.475,59.49,2162.0,BUD
2024-06-26 12:31:00,59.495,59.498,59.49,59.49,2091.0,BUD
2024-06-26 12:30:00,59.5,59.5,59.485,59.495,2258.0,BUD
2024-06-26 12:29:00,59.51,59.515,59.505,59.505,1299.0,BUD
2024-06-26 12:28:00,59.49,59.51,59.49,59.51,899.0,BUD
2024-06-26 12:27:00,59.475,59.48,59.465,59.48,2322.0,BUD
2024-06-26 12:26:00,59.48,59.48,59.46,59.475,54236.0,BUD
2024-06-26 12:25:00,59.485,59.485,59.46,59.475,54473.0,BUD
2024-06-26 12:24:00,59.5,59.5,59.48,59.48,1803.0,BUD
2024-06-26 12:23:00,59.505,59.51,59.495,59.505,2972.0,BUD
2024-06-26 12:22:00,59.52,59.52,59.49,59.5,3590.0,BUD
2024-06-26 12:21:00,59.525,59.535,59.525,59.525,1689.0,BUD
2024-06-26 12:20:00,59.535,59.54,59.525,59.525,2094.0,BUD
2024-06-26 12:19:00,59.495,59.54,59.495,59.54,1495.0,BUD
2024-06-26 12:18:00,59.5,59.5,59.49,59.49,1683.0,BUD
2024-06-26 12:17:00,59.51,59.51,59.505,59.505,713.0,BUD
2024-06-26 12:16:00,59.505,59.505,59.48,59.49,2388.0,BUD
2024-06-26 12:15:00,59.5,59.51,59.5,59.505,1422.0,BUD
2024-06-26 12:14:00,59.5,59.505,59.49,59.5,3650.0,BUD
2024-06-26 12:13:00,59.48,59.492,59.478,59.49,2951.0,BUD
2024-06-26 12:12:00,59.505,59.51,59.49,59.49,4558.0,BUD
2024-06-26 12:11:00,59.495,59.505,59.495,59.505,783.0,BUD
2024-06-26 12:10:00,59.51,59.51,59.495,59.5,2449.0,BUD
2024-06-26 12:09:00,59.495,59.51,59.48,59.51,4058.0,BUD
2024-06-26 12:08:00,59.48,59.485,59.475,59.485,3869.0,BUD
2024-06-26 12:07:00,59.475,59.48,59.47,59.47,2741.0,BUD
2024-06-26 12:06:00,59.475,59.48,59.475,59.475,949.0,BUD
2024-06-26 12:05:00,59.49,59.49,59.47,59.475,6321.0,BUD
2024-06-26 12:04:00,59.46,59.485,59.46,59.485,4573.0,BUD
2024-06-26 12:03:00,59.435,59.46,59.435,59.46,3560.0,BUD
2024-06-26 12:02:00,59.445,59.445,59.415,59.435,3646.0,BUD
2024-06-26 12:01:00,59.425,59.45,59.425,59.45,3792.0,BUD
2024-06-26 12:00:00,59.455,59.455,59.425,59.425,4532.0,BUD
2024-06-26 11:59:00,59.43,59.455,59.43,59.455,2972.0,BUD
2024-06-26 11:58:00,59.44,59.44,59.435,59.435,1701.0,BUD
2024-06-26 11:57:00,59.435,59.445,59.43,59.44,1794.0,BUD
2024-06-26 11:56:00,59.455,59.455,59.445,59.445,3752.0,BUD
2024-06-26 11:55:00,59.485,59.485,59.46,59.46,5654.0,BUD
2024-06-26 11:54:00,59.475,59.49,59.475,59.485,2240.0,BUD
2024-06-26 11:53:00,59.46,59.485,59.46,59.475,4293.0,BUD
2024-06-26 11:52:00,59.445,59.46,59.445,59.455,1646.0,BUD
2024-06-26 11:51:00,59.435,59.45,59.435,59.45,1618.0,BUD
2024-06-26 11:50:00,59.405,59.435,59.395,59.435,2507.0,BUD
2024-06-26 11:49:00,59.39,59.41,59.385,59.41,2736.0,BUD
2024-06-26 11:48:00,59.38,59.385,59.375,59.385,2286.0,BUD
2024-06-26 11:47:00,59.38,59.38,59.37,59.37,1100.0,BUD
2024-06-26 11:46:00,59.39,59.395,59.39,59.395,1146.0,BUD
2024-06-26 11:45:00,59.39,59.41,59.381,59.381,3414.0,BUD
2024-06-26 11:44:00,59.385,59.39,59.385,59.39,1821.0,BUD
2024-06-26 11:43:00,59.37,59.39,59.37,59.385,7299.0,BUD
2024-06-26 11:42:00,59.33,59.33,59.325,59.325,1397.0,BUD
2024-06-26 11:41:00,59.345,59.345,59.34,59.34,1009.0,BUD
2024-06-26 11:40:00,59.315,59.33,59.31,59.33,3410.0,BUD
2024-06-26 11:39:00,59.32,59.325,59.305,59.325,3117.0,BUD
2024-06-26 11:38:00,59.325,59.33,59.325,59.33,1573.0,BUD
2024-06-26 11:37:00,59.33,59.345,59.315,59.32,2621.0,BUD
2024-06-26 11:36:00,59.325,59.34,59.32,59.33,1872.0,BUD
2024-06-26 11:35:00,59.25,59.27,59.25,59.27,24550.0,BUD
2024-06-26 11:34:00,59.36,59.36,59.24,59.26,54083.0,BUD
2024-06-26 11:33:00,59.365,59.375,59.35,59.365,8094.0,BUD
2024-06-26 11:32:00,59.36,59.37,59.355,59.37,9919.0,BUD
2024-06-26 11:31:00,59.395,59.405,59.36,59.36,2705.0,BUD
2024-06-26 11:30:00,59.38,59.415,59.38,59.39,3707.0,BUD
2024-06-26 11:29:00,59.335,59.375,59.335,59.375,1635.0,BUD
2024-06-26 11:28:00,59.35,59.365,59.35,59.35,2062.0,BUD
2024-06-26 11:27:00,59.36,59.36,59.345,59.355,2500.0,BUD
2024-06-26 11:26:00,59.335,59.37,59.335,59.37,3918.0,BUD
2024-06-26 11:25:00,59.31,59.33,59.31,59.33,2231.0,BUD
2024-06-26 11:24:00,59.195,59.295,59.195,59.295,5876.0,BUD
2024-06-26 11:23:00,59.205,59.205,59.2,59.2,1439.0,BUD
2024-06-26 11:22:00,59.205,59.205,59.185,59.205,4487.0,BUD
2024-06-26 11:21:00,59.195,59.205,59.195,59.195,2652.0,BUD
2024-06-26 11:20:00,59.185,59.19,59.185,59.19,1663.0,BUD
2024-06-26 11:19:00,59.18,59.185,59.18,59.18,2334.0,BUD
2024-06-26 11:18:00,59.155,59.185,59.15,59.17,9065.0,BUD
2024-06-26 11:17:00,59.17,59.17,59.15,59.15,2032.0,BUD
2024-06-26 11:16:00,59.17,59.18,59.16,59.175,4474.0,BUD
2024-06-26 11:15:00,59.17,59.185,59.155,59.16,9426.0,BUD
2024-06-26 11:14:00,59.17,59.176,59.15,59.16,11132.0,BUD
2024-06-26 11:13:00,59.15,59.19,59.15,59.165,3873.0,BUD
2024-06-26 11:12:00,59.145,59.15,59.13,59.145,3832.0,BUD
2024-06-26 11:11:00,59.19,59.19,59.141,59.15,5006.0,BUD
2024-06-26 11:10:00,59.2,59.205,59.19,59.195,2984.0,BUD
2024-06-26 11:09:00,59.195,59.21,59.195,59.2,3071.0,BUD
2024-06-26 11:08:00,59.195,59.2,59.19,59.2,4267.0,BUD
2024-06-26 11:07:00,59.23,59.23,59.2,59.2,2031.0,BUD
2024-06-26 11:06:00,59.215,59.225,59.215,59.225,1201.0,BUD
2024-06-26 11:05:00,59.215,59.225,59.215,59.215,2352.0,BUD
2024-06-26 11:04:00,59.22,59.225,59.21,59.21,2971.0,BUD
2024-06-26 11:03:00,59.22,59.225,59.215,59.215,1447.0,BUD
2024-06-26 11:02:00,59.235,59.235,59.21,59.23,4113.0,BUD
2024-06-26 11:01:00,59.215,59.23,59.215,59.23,5116.0,BUD
2024-06-26 11:00:00,59.215,59.23,59.215,59.22,3732.0,BUD
2024-06-26 10:59:00,59.2,59.215,59.19,59.19,6953.0,BUD
2024-06-26 10:58:00,59.215,59.22,59.2,59.205,4717.0,BUD
2024-06-26 10:57:00,59.22,59.225,59.2,59.2,4677.0,BUD
2024-06-26 10:56:00,59.21,59.21,59.205,59.21,2824.0,BUD
2024-06-26 10:55:00,59.21,59.21,59.19,59.21,5823.0,BUD
2024-06-26 10:54:00,59.22,59.22,59.21,59.22,2602.0,BUD
2024-06-26 10:53:00,59.24,59.24,59.23,59.23,2929.0,BUD
2024-06-26 10:52:00,59.24,59.24,59.21,59.24,5011.0,BUD
2024-06-26 10:51:00,59.27,59.27,59.235,59.235,1315.0,BUD
2024-06-26 10:50:00,59.27,59.28,59.25,59.27,3749.0,BUD
2024-06-26 10:49:00,59.28,59.28,59.265,59.265,2109.0,BUD
2024-06-26 10:48:00,59.275,59.31,59.275,59.28,2300.0,BUD
2024-06-26 10:47:00,59.295,59.3,59.28,59.28,3017.0,BUD
2024-06-26 10:46:00,59.31,59.32,59.29,59.29,1777.0,BUD
2024-06-26 10:45:00,59.33,59.34,59.32,59.33,8668.0,BUD
2024-06-26 10:44:00,59.36,59.36,59.345,59.345,842.0,BUD
2024-06-26 10:43:00,59.375,59.39,59.37,59.375,2845.0,BUD
2024-06-26 10:42:00,59.38,59.38,59.36,59.37,3384.0,BUD
2024-06-26 10:41:00,59.34,59.38,59.34,59.38,1078.0,BUD
2024-06-26 10:40:00,59.35,59.36,59.33,59.34,8518.0,BUD
2024-06-26 10:39:00,59.335,59.35,59.335,59.345,1280.0,BUD
2024-06-26 10:38:00,59.32,59.33,59.32,59.325,1175.0,BUD
2024-06-26 10:37:00,59.245,59.315,59.245,59.31,7994.0,BUD
2024-06-26 10:36:00,59.265,59.27,59.22,59.25,8999.0,BUD
2024-06-26 10:35:00,59.265,59.28,59.265,59.27,1308.0,BUD
2024-06-26 10:34:00,59.27,59.27,59.25,59.265,3013.0,BUD
2024-06-26 10:33:00,59.265,59.28,59.265,59.28,2173.0,BUD
2024-06-26 10:32:00,59.251,59.26,59.245,59.26,1356.0,BUD
2024-06-26 10:31:00,59.265,59.27,59.255,59.255,920.0,BUD
2024-06-26 10:30:00,59.245,59.28,59.245,59.265,1936.0,BUD
2024-06-26 10:29:00,59.26,59.26,59.24,59.25,2660.0,BUD
2024-06-26 10:28:00,59.28,59.28,59.245,59.245,1905.0,BUD
2024-06-26 10:27:00,59.27,59.29,59.265,59.275,1671.0,BUD
2024-06-26 10:26:00,59.32,59.32,59.28,59.28,4240.0,BUD
2024-06-26 10:25:00,59.33,59.34,59.31,59.315,9827.0,BUD
2024-06-26 10:24:00,59.31,59.35,59.31,59.34,2776.0,BUD
2024-06-26 10:23:00,59.32,59.32,59.305,59.32,3003.0,BUD
2024-06-26 10:22:00,59.35,59.37,59.34,59.34,2543.0,BUD
2024-06-26 10:21:00,59.29,59.34,59.28,59.34,5379.0,BUD
2024-06-26 10:20:00,59.29,59.315,59.285,59.3,3985.0,BUD
2024-06-26 10:19:00,59.315,59.32,59.275,59.29,6114.0,BUD
2024-06-26 10:18:00,59.355,59.355,59.31,59.315,3887.0,BUD
2024-06-26 10:17:00,59.365,59.38,59.355,59.36,1760.0,BUD
2024-06-26 10:16:00,59.384,59.4,59.37,59.37,2403.0,BUD
2024-06-26 10:15:00,59.335,59.37,59.335,59.365,3024.0,BUD
2024-06-26 10:14:00,59.35,59.35,59.34,59.345,1475.0,BUD
2024-06-26 10:13:00,59.33,59.35,59.325,59.35,3837.0,BUD
2024-06-26 10:12:00,59.42,59.42,59.325,59.325,3322.0,BUD
2024-06-26 10:11:00,59.42,59.425,59.41,59.415,1714.0,BUD
2024-06-26 10:10:00,59.44,59.44,59.42,59.43,1270.0,BUD
2024-06-26 10:09:00,59.42,59.42,59.39,59.41,4854.0,BUD
2024-06-26 10:08:00,59.43,59.43,59.41,59.42,3234.0,BUD
2024-06-26 10:07:00,59.36,59.42,59.35,59.42,4569.0,BUD
2024-06-26 10:06:00,59.39,59.39,59.35,59.35,2195.0,BUD
2024-06-26 10:05:00,59.37,59.405,59.37,59.385,8973.0,BUD
2024-06-26 10:04:00,59.335,59.365,59.335,59.35,1135.0,BUD
2024-06-26 10:03:00,59.39,59.4,59.34,59.34,3707.0,BUD
2024-06-26 10:02:00,59.345,59.38,59.32,59.38,4991.0,BUD
2024-06-26 10:01:00,59.3,59.34,59.285,59.34,6709.0,BUD
2024-06-26 10:00:00,59.29,59.305,59.29,59.3,2215.0,BUD
2024-06-26 09:59:00,59.27,59.28,59.27,59.27,1249.0,BUD
2024-06-26 09:58:00,59.28,59.3,59.275,59.3,2803.0,BUD
2024-06-26 09:57:00,59.285,59.31,59.27,59.27,1256.0,BUD
2024-06-26 09:56:00,59.29,59.3,59.27,59.28,1511.0,BUD
2024-06-26 09:55:00,59.23,59.295,59.22,59.268,3882.0,BUD
2024-06-26 09:54:00,59.19,59.22,59.18,59.22,2843.0,BUD
2024-06-26 09:53:00,59.23,59.24,59.21,59.21,1267.0,BUD
2024-06-26 09:52:00,59.3,59.3,59.235,59.235,3887.0,BUD
2024-06-26 09:51:00,59.205,59.31,59.2,59.31,16381.0,BUD
2024-06-26 09:50:00,59.17,59.22,59.17,59.21,2432.0,BUD
2024-06-26 09:49:00,59.14,59.14,59.13,59.14,1130.0,BUD
2024-06-26 09:48:00,59.19,59.19,59.18,59.18,1119.0,BUD
2024-06-26 09:47:00,59.12,59.19,59.1,59.18,8690.0,BUD
2024-06-26 09:46:00,59.05,59.145,59.05,59.13,8362.0,BUD
2024-06-26 09:45:00,59.05,59.06,59.03,59.04,5437.0,BUD
2024-06-26 09:44:00,59.13,59.135,59.06,59.06,6273.0,BUD
2024-06-26 09:43:00,59.18,59.18,59.13,59.13,1838.0,BUD
2024-06-26 09:42:00,59.15,59.17,59.15,59.17,1732.0,BUD
2024-06-26 09:41:00,59.08,59.13,59.08,59.13,3687.0,BUD
2024-06-26 09:40:00,59.09,59.1,59.07,59.1,2116.0,BUD
2024-06-26 09:39:00,59.07,59.09,59.06,59.06,3173.0,BUD
2024-06-26 09:38:00,59.09,59.09,59.06,59.09,9175.0,BUD
2024-06-26 09:37:00,59.14,59.156,59.09,59.09,3687.0,BUD
2024-06-26 09:36:00,59.2,59.2,59.145,59.16,3043.0,BUD
2024-06-26 09:35:00,59.18,59.25,59.18,59.22,12313.0,BUD
2024-06-26 09:34:00,59.13,59.17,59.13,59.17,3483.0,BUD
2024-06-26 09:33:00,59.09,59.12,59.09,59.095,4269.0,BUD
2024-06-26 09:32:00,59.044,59.07,59.02,59.065,2255.0,BUD
2024-06-26 09:31:00,59.13,59.13,59.03,59.031,2023.0,BUD
2024-06-26 09:30:00,59.17,59.22,59.13,59.18,29742.0,BUD
2024-06-26 09:29:00,59.1,59.16,59.1,59.16,2463.0,BUD
2024-06-26 09:28:00,59.11,59.11,59.11,59.11,420.0,BUD
2024-06-26 09:26:00,59.11,59.11,59.11,59.11,20.0,BUD
2024-06-26 09:25:00,59.07,59.07,59.07,59.07,29.0,BUD
2024-06-26 09:24:00,59.1,59.1,59.09,59.09,83.0,BUD
2024-06-26 09:22:00,59.1,59.1,59.1,59.1,3.0,BUD
2024-06-26 09:21:00,59.23,59.23,59.23,59.23,5.0,BUD
2024-06-26 09:19:00,59.19,59.19,59.19,59.19,22.0,BUD
2024-06-26 09:14:00,59.13,59.13,59.13,59.13,2.0,BUD
2024-06-26 09:13:00,59.19,59.19,59.19,59.19,71.0,BUD
2024-06-26 09:12:00,59.16,59.2,59.16,59.2,300.0,BUD
2024-06-26 09:08:00,59.21,59.21,59.21,59.21,300.0,BUD
2024-06-26 09:07:00,59.18,59.21,59.18,59.21,5100.0,BUD
2024-06-26 09:05:00,59.17,59.18,59.17,59.18,200.0,BUD
2024-06-26 09:01:00,59.08,59.08,59.08,59.08,108.0,BUD
2024-06-26 08:55:00,59.1,59.1,59.1,59.1,104.0,BUD
2024-06-26 08:54:00,59.12,59.12,59.12,59.12,5.0,BUD
2024-06-26 08:53:00,59.12,59.12,59.12,59.12,10.0,BUD
2024-06-26 08:50:00,59.1,59.1,59.1,59.1,102.0,BUD
2024-06-26 08:48:00,59.11,59.11,59.11,59.11,5.0,BUD
2024-06-26 08:45:00,59.18,59.18,59.15,59.15,45.0,BUD
2024-06-26 08:43:00,59.2,59.21,59.2,59.21,1316.0,BUD
2024-06-26 08:42:00,59.12,59.12,59.12,59.12,5.0,BUD
2024-06-26 08:40:00,59.12,59.12,59.12,59.12,2.0,BUD
2024-06-26 08:38:00,59.22,59.25,59.22,59.25,70.0,BUD
2024-06-26 08:36:00,59.17,59.17,59.17,59.17,25.0,BUD
2024-06-26 08:35:00,59.18,59.18,59.18,59.18,3.0,BUD
2024-06-26 08:29:00,59.1,59.1,59.1,59.1,2.0,BUD
2024-06-26 08:24:00,59.19,59.19,59.19,59.19,1.0,BUD
2024-06-26 08:17:00,59.101,59.101,59.101,59.101,1.0,BUD
2024-06-26 08:14:00,59.07,59.07,59.07,59.07,2.0,BUD
2024-06-26 08:13:00,59.14,59.14,59.11,59.124,14.0,BUD
2024-06-26 08:11:00,59.15,59.15,59.15,59.15,20.0,BUD
2024-06-26 08:09:00,59.18,59.18,59.18,59.18,10.0,BUD
2024-06-26 08:05:00,59.252,59.3,59.252,59.3,104.0,BUD
2024-06-26 08:03:00,60.22,60.22,59.68,59.68,4.0,BUD
2024-06-26 08:02:00,60.22,60.22,59.75,60.0,11.0,BUD
2024-06-26 08:00:00,59.39,59.639,59.2,59.2,1207.0,BUD
2024-06-26 07:58:00,59.2,59.2,59.2,59.2,200.0,BUD
2024-06-26 07:54:00,59.24,59.24,59.24,59.24,500.0,BUD
2024-06-26 07:50:00,59.25,59.25,59.25,59.25,1.0,BUD
2024-06-26 07:48:00,59.31,59.31,59.31,59.31,2.0,BUD
2024-06-26 07:39:00,59.35,59.35,59.35,59.35,10.0,BUD
2024-06-26 07:35:00,59.42,59.42,59.42,59.42,1120.0,BUD
2024-06-26 07:34:00,59.42,59.43,59.42,59.43,890.0,BUD
2024-06-26 07:27:00,59.4,59.4,59.4,59.4,6.0,BUD
2024-06-26 07:24:00,59.4,59.4,59.4,59.4,20.0,BUD
2024-06-26 07:21:00,59.47,59.47,59.42,59.42,116.0,BUD
2024-06-26 07:18:00,59.52,59.52,59.5,59.5,115.0,BUD
2024-06-26 07:15:00,59.58,59.59,59.58,59.59,83.0,BUD
2024-06-26 07:07:00,59.58,59.58,59.58,59.58,10.0,BUD
2024-06-26 07:01:00,59.56,59.56,59.56,59.56,164.0,BUD
2024-06-26 07:00:00,59.63,59.63,59.63,59.63,768.0,BUD
2024-06-26 06:34:00,59.64,59.64,59.64,59.64,200.0,BUD
2024-06-26 06:24:00,59.68,59.69,59.68,59.69,48.0,BUD
2024-06-26 06:20:00,59.72,59.72,59.72,59.72,5.0,BUD
2024-06-26 06:15:00,59.72,59.72,59.72,59.72,66.0,BUD
2024-06-26 06:12:00,59.78,59.78,59.78,59.78,5.0,BUD
2024-06-26 05:56:00,59.83,59.83,59.83,59.83,49.0,BUD
2024-06-26 05:51:00,59.82,59.82,59.82,59.82,5.0,BUD
2024-06-26 05:31:00,59.84,59.84,59.84,59.84,16.0,BUD
2024-06-26 05:26:00,59.84,59.84,59.84,59.84,100.0,BUD
2024-06-26 04:57:00,59.86,59.86,59.85,59.85,263.0,BUD
2024-06-26 04:04:00,59.86,59.86,59.86,59.86,2.0,BUD
2024-06-26 04:00:00,59.97,59.97,59.97,59.97,16.0,BUD
2024-06-25 19:57:00,60.63,60.63,60.63,60.63,4.0,BUD
2024-06-25 19:50:00,60.161,60.161,60.16,60.16,70.0,BUD
2024-06-25 19:18:00,60.61,60.61,60.61,60.61,139.0,BUD
2024-06-25 19:00:00,60.16,60.16,60.16,60.16,74154.0,BUD
2024-06-25 18:32:00,59.69,59.69,59.69,59.69,3.0,BUD
2024-06-25 18:30:00,60.16,60.16,60.16,60.16,74154.0,BUD
2024-06-25 18:24:00,60.29,60.29,60.29,60.29,10.0,BUD
2024-06-25 18:14:00,60.61,60.61,60.61,60.61,20.0,BUD
2024-06-25 18:12:00,60.61,60.61,60.61,60.61,17.0,BUD
2024-06-25 18:11:00,60.63,60.63,60.63,60.63,3.0,BUD
2024-06-25 17:55:00,60.29,60.29,60.29,60.29,20.0,BUD
2024-06-25 17:50:00,60.29,60.29,60.29,60.29,10.0,BUD
2024-06-25 17:40:00,59.69,59.69,59.69,59.69,5.0,BUD
2024-06-25 17:36:00,60.61,60.61,60.61,60.61,10.0,BUD
2024-06-25 17:35:00,60.61,60.61,60.61,60.61,33.0,BUD
2024-06-25 17:33:00,59.69,59.69,59.69,59.69,5.0,BUD
2024-06-25 17:29:00,60.63,60.63,60.63,60.63,6.0,BUD
2024-06-25 17:21:00,60.5,60.84,60.5,60.84,28.0,BUD
2024-06-25 16:57:00,60.5,60.5,60.5,60.5,25.0,BUD
2024-06-25 16:53:00,60.16,60.16,60.16,60.16,18554.0,BUD
2024-06-25 16:43:00,61.3,61.3,61.3,61.3,5.0,BUD
2024-06-25 16:14:00,59.633,59.633,59.633,59.633,53.0,BUD
2024-06-25 16:10:00,60.16,60.16,60.16,60.16,74154.0,BUD
2024-06-25 16:00:00,60.17,60.175,60.16,60.16,161939.0,BUD
2024-06-25 15:59:00,60.165,60.2,60.15,60.17,38735.0,BUD
2024-06-25 15:58:00,60.175,60.19,60.16,60.165,30673.0,BUD
2024-06-25 15:57:00,60.175,60.18,60.17,60.175,14074.0,BUD
2024-06-25 15:56:00,60.165,60.18,60.165,60.18,20223.0,BUD
2024-06-25 15:55:00,60.17,60.17,60.16,60.165,11487.0,BUD
2024-06-25 15:54:00,60.18,60.18,60.16,60.175,11293.0,BUD
2024-06-25 15:53:00,60.17,60.18,60.17,60.18,4888.0,BUD
2024-06-25 15:52:00,60.19,60.21,60.18,60.18,14755.0,BUD
2024-06-25 15:51:00,60.19,60.21,60.19,60.195,8809.0,BUD
2024-06-25 15:50:00,60.17,60.185,60.13,60.185,14270.0,BUD
2024-06-25 15:49:00,60.19,60.195,60.18,60.19,7609.0,BUD
2024-06-25 15:48:00,60.175,60.2,60.175,60.195,9348.0,BUD
2024-06-25 15:47:00,60.19,60.2,60.17,60.18,12214.0,BUD
2024-06-25 15:46:00,60.185,60.185,60.17,60.185,6119.0,BUD
2024-06-25 15:45:00,60.175,60.195,60.175,60.18,4557.0,BUD
2024-06-25 15:44:00,60.19,60.205,60.18,60.18,5359.0,BUD
2024-06-25 15:43:00,60.195,60.205,60.19,60.19,7230.0,BUD
2024-06-25 15:42:00,60.205,60.21,60.19,60.19,7845.0,BUD
2024-06-25 15:41:00,60.205,60.205,60.205,60.205,1363.0,BUD
2024-06-25 15:40:00,60.215,60.215,60.2,60.21,3620.0,BUD
2024-06-25 15:39:00,60.205,60.225,60.205,60.215,3727.0,BUD
2024-06-25 15:38:00,60.215,60.22,60.209,60.209,5040.0,BUD
2024-06-25 15:37:00,60.225,60.225,60.205,60.215,11696.0,BUD
2024-06-25 15:36:00,60.22,60.225,60.21,60.225,6285.0,BUD
2024-06-25 15:35:00,60.245,60.25,60.225,60.225,4440.0,BUD
2024-06-25 15:34:00,60.23,60.265,60.23,60.245,10452.0,BUD
2024-06-25 15:33:00,60.23,60.25,60.23,60.235,15420.0,BUD
2024-06-25 15:32:00,60.225,60.23,60.225,60.23,2535.0,BUD
2024-06-25 15:31:00,60.225,60.23,60.215,60.225,5111.0,BUD
2024-06-25 15:30:00,60.2,60.23,60.195,60.23,4208.0,BUD
2024-06-25 15:29:00,60.225,60.23,60.21,60.21,7271.0,BUD
2024-06-25 15:28:00,60.225,60.235,60.225,60.23,2101.0,BUD
2024-06-25 15:27:00,60.22,60.23,60.215,60.23,2206.0,BUD
2024-06-25 15:26:00,60.215,60.22,60.205,60.22,7105.0,BUD
2024-06-25 15:25:00,60.215,60.215,60.215,60.215,797.0,BUD
2024-06-25 15:24:00,60.205,60.23,60.205,60.215,5382.0,BUD
2024-06-25 15:23:00,60.205,60.21,60.195,60.2,5669.0,BUD
2024-06-25 15:22:00,60.215,60.22,60.205,60.21,3159.0,BUD
2024-06-25 15:21:00,60.22,60.22,60.2,60.22,4298.0,BUD
2024-06-25 15:20:00,60.205,60.22,60.205,60.219,3520.0,BUD
2024-06-25 15:19:00,60.209,60.21,60.205,60.205,2439.0,BUD
2024-06-25 15:18:00,60.185,60.215,60.185,60.21,9826.0,BUD
2024-06-25 15:17:00,60.185,60.19,60.18,60.185,5168.0,BUD
2024-06-25 15:16:00,60.18,60.19,60.175,60.185,1230.0,BUD
2024-06-25 15:15:00,60.155,60.18,60.155,60.175,2381.0,BUD
2024-06-25 15:14:00,60.165,60.165,60.16,60.16,1613.0,BUD
2024-06-25 15:13:00,60.17,60.19,60.16,60.165,7347.0,BUD
2024-06-25 15:12:00,60.155,60.17,60.155,60.165,3132.0,BUD
2024-06-25 15:11:00,60.155,60.165,60.155,60.155,6706.0,BUD
2024-06-25 15:10:00,60.16,60.16,60.15,60.155,1795.0,BUD
2024-06-25 15:09:00,60.17,60.17,60.14,60.165,5391.0,BUD
2024-06-25 15:08:00,60.175,60.18,60.17,60.175,2301.0,BUD
2024-06-25 15:07:00,60.166,60.18,60.163,60.17,4939.0,BUD
2024-06-25 15:06:00,60.165,60.17,60.165,60.17,1622.0,BUD
2024-06-25 15:05:00,60.155,60.17,60.155,60.165,6455.0,BUD
2024-06-25 15:04:00,60.135,60.15,60.135,60.15,1816.0,BUD
2024-06-25 15:03:00,60.125,60.14,60.125,60.135,4343.0,BUD
2024-06-25 15:02:00,60.125,60.14,60.125,60.135,7315.0,BUD
2024-06-25 15:01:00,60.125,60.13,60.12,60.125,6869.0,BUD
2024-06-25 15:00:00,60.095,60.125,60.095,60.125,3033.0,BUD
2024-06-25 14:59:00,60.105,60.11,60.09,60.1,4378.0,BUD
2024-06-25 14:58:00,60.1,60.11,60.1,60.105,1478.0,BUD
2024-06-25 14:57:00,60.15,60.15,60.09,60.09,6066.0,BUD
2024-06-25 14:56:00,60.095,60.14,60.095,60.14,5724.0,BUD
2024-06-25 14:55:00,60.095,60.1,60.095,60.095,1300.0,BUD
2024-06-25 14:54:00,60.095,60.1,60.095,60.095,1205.0,BUD
2024-06-25 14:53:00,60.085,60.1,60.085,60.095,2017.0,BUD
2024-06-25 14:52:00,60.08,60.085,60.08,60.081,1624.0,BUD
2024-06-25 14:51:00,60.1,60.1,60.085,60.085,2617.0,BUD
2024-06-25 14:50:00,60.12,60.12,60.1,60.1,2795.0,BUD
2024-06-25 14:49:00,60.11,60.13,60.11,60.13,2175.0,BUD
2024-06-25 14:48:00,60.165,60.165,60.11,60.115,7084.0,BUD
2024-06-25 14:47:00,60.175,60.175,60.16,60.16,2009.0,BUD
2024-06-25 14:46:00,60.175,60.18,60.17,60.175,1249.0,BUD
2024-06-25 14:45:00,60.175,60.18,60.17,60.175,2883.0,BUD
2024-06-25 14:44:00,60.18,60.18,60.17,60.17,2087.0,BUD
2024-06-25 14:43:00,60.145,60.185,60.145,60.185,3558.0,BUD
2024-06-25 14:42:00,60.145,60.145,60.11,60.14,8417.0,BUD
2024-06-25 14:41:00,60.145,60.145,60.14,60.145,2005.0,BUD
2024-06-25 14:40:00,60.145,60.15,60.145,60.15,1871.0,BUD
2024-06-25 14:39:00,60.145,60.15,60.145,60.145,1368.0,BUD
2024-06-25 14:38:00,60.15,60.15,60.145,60.145,1022.0,BUD
2024-06-25 14:37:00,60.175,60.175,60.145,60.145,4864.0,BUD
2024-06-25 14:36:00,60.16,60.18,60.16,60.17,2986.0,BUD
2024-06-25 14:35:00,60.15,60.155,60.15,60.155,2061.0,BUD
2024-06-25 14:34:00,60.17,60.17,60.16,60.16,4197.0,BUD
2024-06-25 14:33:00,60.17,60.17,60.165,60.17,1012.0,BUD
2024-06-25 14:32:00,60.165,60.17,60.16,60.17,3801.0,BUD
2024-06-25 14:31:00,60.149,60.17,60.145,60.165,2198.0,BUD
2024-06-25 14:30:00,60.13,60.15,60.13,60.145,2896.0,BUD
2024-06-25 14:29:00,60.125,60.14,60.125,60.135,2014.0,BUD
2024-06-25 14:28:00,60.135,60.135,60.12,60.12,1391.0,BUD
2024-06-25 14:27:00,60.15,60.15,60.135,60.135,3579.0,BUD
2024-06-25 14:26:00,60.16,60.16,60.144,60.15,3634.0,BUD
2024-06-25 14:25:00,60.15,60.16,60.15,60.16,3389.0,BUD
2024-06-25 14:24:00,60.135,60.15,60.13,60.14,4070.0,BUD
2024-06-25 14:23:00,60.135,60.14,60.125,60.135,5382.0,BUD
2024-06-25 14:22:00,60.12,60.135,60.119,60.125,3578.0,BUD
2024-06-25 14:21:00,60.12,60.12,60.115,60.115,1552.0,BUD
2024-06-25 14:20:00,60.12,60.12,60.115,60.115,826.0,BUD
2024-06-25 14:19:00,60.095,60.12,60.095,60.12,4579.0,BUD
2024-06-25 14:18:00,60.097,60.1,60.09,60.1,3890.0,BUD
2024-06-25 14:17:00,60.085,60.1,60.085,60.095,3750.0,BUD
2024-06-25 14:16:00,60.075,60.09,60.075,60.09,2845.0,BUD
2024-06-25 14:15:00,60.075,60.08,60.075,60.075,601.0,BUD
2024-06-25 14:14:00,60.085,60.09,60.075,60.075,1880.0,BUD
2024-06-25 14:13:00,60.09,60.09,60.085,60.085,1434.0,BUD
2024-06-25 14:12:00,60.095,60.095,60.085,60.09,2769.0,BUD
2024-06-25 14:11:00,60.1,60.1,60.095,60.095,2285.0,BUD
2024-06-25 14:10:00,60.065,60.1,60.065,60.1,3698.0,BUD
2024-06-25 14:09:00,60.075,60.08,60.06,60.06,5208.0,BUD
2024-06-25 14:08:00,60.07,60.08,60.065,60.08,3582.0,BUD
2024-06-25 14:07:00,60.055,60.07,60.05,60.065,4542.0,BUD
2024-06-25 14:06:00,60.06,60.06,60.055,60.055,1431.0,BUD
2024-06-25 14:05:00,60.01,60.06,60.01,60.06,3004.0,BUD
2024-06-25 14:04:00,59.985,60.015,59.985,60.01,13628.0,BUD
2024-06-25 14:03:00,60.0,60.0,59.985,59.985,1729.0,BUD
2024-06-25 14:02:00,60.03,60.03,60.01,60.01,4133.0,BUD
2024-06-25 14:01:00,60.025,60.025,60.024,60.025,1439.0,BUD
2024-06-25 14:00:00,60.025,60.025,60.02,60.025,790.0,BUD
2024-06-25 13:59:00,60.025,60.035,60.025,60.03,1332.0,BUD
2024-06-25 13:58:00,60.04,60.04,60.015,60.015,4911.0,BUD
2024-06-25 13:57:00,60.07,60.07,60.05,60.05,3019.0,BUD
2024-06-25 13:56:00,60.09,60.09,60.075,60.075,4822.0,BUD
2024-06-25 13:55:00,60.085,60.095,60.083,60.095,2395.0,BUD
2024-06-25 13:54:00,60.085,60.09,60.08,60.085,3706.0,BUD
2024-06-25 13:53:00,60.09,60.095,60.085,60.085,2707.0,BUD
2024-06-25 13:52:00,60.1,60.1,60.095,60.1,1552.0,BUD
2024-06-25 13:51:00,60.1,60.1,60.095,60.095,639.0,BUD
2024-06-25 13:50:00,60.095,60.1,60.09,60.095,3206.0,BUD
2024-06-25 13:49:00,60.1,60.105,60.09,60.1,7794.0,BUD
2024-06-25 13:48:00,60.102,60.11,60.102,60.105,909.0,BUD
2024-06-25 13:47:00,60.115,60.12,60.1,60.105,3199.0,BUD
2024-06-25 13:46:00,60.105,60.115,60.105,60.115,2411.0,BUD
2024-06-25 13:45:00,60.1,60.12,60.1,60.11,3316.0,BUD
2024-06-25 13:44:00,60.095,60.115,60.08,60.1,20417.0,BUD
2024-06-25 13:43:00,60.09,60.095,60.09,60.095,4224.0,BUD
2024-06-25 13:42:00,60.11,60.115,60.1,60.1,2953.0,BUD
2024-06-25 13:41:00,60.095,60.11,60.09,60.105,6050.0,BUD
2024-06-25 13:40:00,60.1,60.1,60.095,60.095,3314.0,BUD
2024-06-25 13:39:00,60.095,60.095,60.09,60.095,721.0,BUD
2024-06-25 13:38:00,60.095,60.1,60.095,60.1,603.0,BUD
2024-06-25 13:37:00,60.1,60.1,60.095,60.095,1624.0,BUD
2024-06-25 13:36:00,60.09,60.11,60.085,60.095,17203.0,BUD
2024-06-25 13:35:00,60.105,60.105,60.095,60.095,1896.0,BUD
2024-06-25 13:34:00,60.095,60.105,60.09,60.105,4475.0,BUD
2024-06-25 13:33:00,60.085,60.105,60.08,60.095,15858.0,BUD
2024-06-25 13:32:00,60.085,60.09,60.085,60.085,3363.0,BUD
2024-06-25 13:31:00,60.045,60.09,60.045,60.085,8664.0,BUD
2024-06-25 13:30:00,60.05,60.05,60.03,60.045,4792.0,BUD
2024-06-25 13:29:00,60.025,60.05,60.025,60.05,1493.0,BUD
2024-06-25 13:28:00,60.005,60.03,60.0,60.02,2433.0,BUD
2024-06-25 13:27:00,60.005,60.015,60.005,60.005,1625.0,BUD
2024-06-25 13:26:00,59.97,60.005,59.97,60.005,6650.0,BUD
2024-06-25 13:25:00,59.925,59.98,59.92,59.96,21417.0,BUD
2024-06-25 13:24:00,59.895,59.925,59.895,59.925,12530.0,BUD
2024-06-25 13:23:00,59.9,59.9,59.88,59.895,3121.0,BUD
2024-06-25 13:22:00,59.89,59.9,59.885,59.895,2215.0,BUD
2024-06-25 13:21:00,59.885,59.89,59.88,59.885,1253.0,BUD
2024-06-25 13:20:00,59.885,59.885,59.88,59.88,678.0,BUD
2024-06-25 13:19:00,59.88,59.89,59.88,59.89,1947.0,BUD
2024-06-25 13:18:00,59.89,59.89,59.885,59.885,559.0,BUD
2024-06-25 13:17:00,59.87,59.89,59.87,59.885,2034.0,BUD
2024-06-25 13:16:00,59.895,59.895,59.87,59.87,4606.0,BUD
2024-06-25 13:15:00,59.88,59.9,59.88,59.9,3104.0,BUD
2024-06-25 13:14:00,59.875,59.875,59.875,59.875,609.0,BUD
2024-06-25 13:13:00,59.87,59.875,59.865,59.875,2623.0,BUD
2024-06-25 13:12:00,59.875,59.875,59.875,59.875,693.0,BUD
2024-06-25 13:11:00,59.88,59.885,59.875,59.875,1557.0,BUD
2024-06-25 13:10:00,59.87,59.89,59.87,59.89,608.0,BUD
2024-06-25 13:09:00,59.86,59.865,59.835,59.865,3029.0,BUD
2024-06-25 13:08:00,59.87,59.87,59.86,59.86,825.0,BUD
2024-06-25 13:07:00,59.87,59.87,59.865,59.865,1270.0,BUD
2024-06-25 13:06:00,59.825,59.89,59.825,59.875,3933.0,BUD
2024-06-25 13:05:00,59.84,59.84,59.83,59.83,1097.0,BUD
2024-06-25 13:04:00,59.835,59.845,59.835,59.835,3025.0,BUD
2024-06-25 13:03:00,59.83,59.83,59.825,59.83,2391.0,BUD
2024-06-25 13:02:00,59.835,59.835,59.825,59.825,3694.0,BUD
2024-06-25 13:01:00,59.83,59.835,59.83,59.835,871.0,BUD
2024-06-25 13:00:00,59.835,59.835,59.835,59.835,1311.0,BUD
2024-06-25 12:59:00,59.81,59.835,59.81,59.835,2027.0,BUD
2024-06-25 12:58:00,59.81,59.815,59.81,59.81,909.0,BUD
2024-06-25 12:57:00,59.81,59.81,59.81,59.81,725.0,BUD
2024-06-25 12:56:00,59.81,59.815,59.8,59.8,3609.0,BUD
2024-06-25 12:55:00,59.8,59.809,59.8,59.805,1875.0,BUD
2024-06-25 12:54:00,59.795,59.8,59.795,59.795,618.0,BUD
2024-06-25 12:53:00,59.805,59.815,59.805,59.805,3447.0,BUD
2024-06-25 12:52:00,59.8,59.802,59.79,59.8,1907.0,BUD
2024-06-25 12:51:00,59.805,59.81,59.795,59.805,1952.0,BUD
2024-06-25 12:50:00,59.813,59.82,59.772,59.78,5627.0,BUD
2024-06-25 12:49:00,59.785,59.815,59.785,59.815,1811.0,BUD
2024-06-25 12:48:00,59.79,59.795,59.78,59.785,2182.0,BUD
2024-06-25 12:47:00,59.775,59.79,59.775,59.79,1397.0,BUD
2024-06-25 12:46:00,59.76,59.775,59.76,59.775,2083.0,BUD
2024-06-25 12:45:00,59.77,59.775,59.77,59.77,1535.0,BUD
2024-06-25 12:44:00,59.78,59.78,59.76,59.77,2098.0,BUD
2024-06-25 12:43:00,59.78,59.78,59.774,59.775,783.0,BUD
2024-06-25 12:42:00,59.785,59.785,59.77,59.77,1600.0,BUD
2024-06-25 12:41:00,59.81,59.81,59.78,59.78,2827.0,BUD
2024-06-25 12:40:00,59.815,59.82,59.81,59.81,1359.0,BUD
2024-06-25 12:39:00,59.815,59.815,59.81,59.81,905.0,BUD
2024-06-25 12:38:00,59.81,59.815,59.795,59.815,1131.0,BUD
2024-06-25 12:37:00,59.83,59.83,59.81,59.81,2184.0,BUD
2024-06-25 12:36:00,59.815,59.83,59.815,59.83,1050.0,BUD
2024-06-25 12:35:00,59.795,59.81,59.795,59.8,1800.0,BUD
2024-06-25 12:34:00,59.83,59.845,59.83,59.83,3206.0,BUD
2024-06-25 12:33:00,59.805,59.825,59.805,59.825,899.0,BUD
2024-06-25 12:32:00,59.82,59.82,59.8,59.805,1377.0,BUD
2024-06-25 12:31:00,59.83,59.83,59.82,59.82,1527.0,BUD
2024-06-25 12:30:00,59.81,59.88,59.79,59.825,7819.0,BUD
2024-06-25 12:29:00,59.83,59.83,59.81,59.815,1316.0,BUD
2024-06-25 12:28:00,59.83,59.84,59.82,59.83,2838.0,BUD
2024-06-25 12:27:00,59.81,59.83,59.81,59.83,1926.0,BUD
2024-06-25 12:26:00,59.815,59.825,59.815,59.815,2729.0,BUD
2024-06-25 12:25:00,59.805,59.815,59.805,59.81,2839.0,BUD
2024-06-25 12:24:00,59.805,59.805,59.8,59.8,746.0,BUD
2024-06-25 12:23:00,59.82,59.82,59.805,59.805,2872.0,BUD
2024-06-25 12:22:00,59.815,59.82,59.81,59.82,2111.0,BUD
2024-06-25 12:21:00,59.835,59.835,59.81,59.81,1710.0,BUD
2024-06-25 12:20:00,59.83,59.835,59.815,59.835,2900.0,BUD
2024-06-25 12:19:00,59.82,59.835,59.82,59.835,982.0,BUD
2024-06-25 12:18:00,59.815,59.82,59.805,59.815,1588.0,BUD
2024-06-25 12:17:00,59.813,59.82,59.81,59.82,1196.0,BUD
2024-06-25 12:16:00,59.81,59.82,59.81,59.82,1576.0,BUD
2024-06-25 12:15:00,59.87,59.87,59.83,59.83,2401.0,BUD
2024-06-25 12:14:00,59.865,59.875,59.865,59.875,1858.0,BUD
2024-06-25 12:13:00,59.855,59.865,59.855,59.865,1734.0,BUD
2024-06-25 12:12:00,59.85,59.85,59.845,59.85,1194.0,BUD
2024-06-25 12:11:00,59.86,59.86,59.845,59.86,4208.0,BUD
2024-06-25 12:10:00,59.855,59.87,59.855,59.865,875.0,BUD
2024-06-25 12:09:00,59.845,59.86,59.845,59.855,1404.0,BUD
2024-06-25 12:08:00,59.84,59.85,59.83,59.85,1183.0,BUD
2024-06-25 12:07:00,59.835,59.84,59.835,59.84,508.0,BUD
2024-06-25 12:06:00,59.84,59.845,59.83,59.835,1873.0,BUD
2024-06-25 12:05:00,59.805,59.85,59.805,59.85,1690.0,BUD
2024-06-25 12:04:00,59.81,59.815,59.8,59.805,2680.0,BUD
2024-06-25 12:03:00,59.815,59.815,59.81,59.81,934.0,BUD
2024-06-25 12:02:00,59.81,59.825,59.805,59.82,1708.0,BUD
2024-06-25 12:01:00,59.8,59.825,59.8,59.825,2308.0,BUD
2024-06-25 12:00:00,59.805,59.825,59.8,59.8,1104.0,BUD
2024-06-25 11:59:00,59.815,59.84,59.805,59.81,3931.0,BUD
2024-06-25 11:58:00,59.82,59.82,59.815,59.815,1117.0,BUD
2024-06-25 11:57:00,59.815,59.82,59.81,59.815,1574.0,BUD
2024-06-25 11:56:00,59.795,59.82,59.795,59.815,1396.0,BUD
2024-06-25 11:55:00,59.82,59.82,59.8,59.8,529.0,BUD
2024-06-25 11:54:00,59.825,59.825,59.815,59.815,870.0,BUD
2024-06-25 11:53:00,59.82,59.82,59.815,59.82,2062.0,BUD
2024-06-25 11:52:00,59.82,59.835,59.815,59.82,2869.0,BUD
2024-06-25 11:51:00,59.79,59.81,59.79,59.81,2277.0,BUD
2024-06-25 11:50:00,59.8,59.805,59.78,59.78,2792.0,BUD
2024-06-25 11:49:00,59.83,59.83,59.8,59.8,1211.0,BUD
2024-06-25 11:48:00,59.845,59.845,59.83,59.835,2412.0,BUD
2024-06-25 11:47:00,59.86,59.86,59.84,59.845,1639.0,BUD
2024-06-25 11:46:00,59.86,59.875,59.86,59.86,2089.0,BUD
2024-06-25 11:45:00,59.87,59.87,59.865,59.87,946.0,BUD
2024-06-25 11:44:00,59.877,59.877,59.865,59.87,1300.0,BUD
2024-06-25 11:43:00,59.87,59.87,59.865,59.865,731.0,BUD
2024-06-25 11:42:00,59.9,59.905,59.88,59.88,4497.0,BUD
2024-06-25 11:41:00,59.89,59.9,59.89,59.895,1282.0,BUD
2024-06-25 11:40:00,59.955,59.955,59.89,59.895,2907.0,BUD
2024-06-25 11:39:00,59.935,59.95,59.935,59.935,2326.0,BUD
2024-06-25 11:38:00,59.955,59.955,59.93,59.94,4199.0,BUD
2024-06-25 11:37:00,59.89,59.97,59.88,59.94,9343.0,BUD
2024-06-25 11:36:00,59.88,59.89,59.88,59.88,3240.0,BUD
2024-06-25 11:35:00,59.86,59.885,59.85,59.88,12097.0,BUD
2024-06-25 11:34:00,59.815,59.88,59.815,59.86,23405.0,BUD
2024-06-25 11:33:00,59.81,59.825,59.79,59.815,19616.0,BUD
2024-06-25 11:32:00,59.84,59.84,59.815,59.82,6600.0,BUD
2024-06-25 11:31:00,59.835,59.84,59.835,59.84,4947.0,BUD
2024-06-25 11:30:00,59.77,59.83,59.77,59.83,7743.0,BUD
2024-06-25 11:29:00,59.745,59.765,59.73,59.765,8093.0,BUD
2024-06-25 11:28:00,59.745,59.745,59.725,59.725,3586.0,BUD
2024-06-25 11:27:00,59.755,59.765,59.73,59.73,2322.0,BUD
2024-06-25 11:26:00,59.765,59.775,59.75,59.76,4134.0,BUD
2024-06-25 11:25:00,59.77,59.79,59.77,59.77,3615.0,BUD
2024-06-25 11:24:00,59.805,59.81,59.775,59.775,5031.0,BUD
2024-06-25 11:23:00,59.805,59.81,59.8,59.81,2411.0,BUD
2024-06-25 11:22:00,59.765,59.81,59.765,59.81,3628.0,BUD
2024-06-25 11:21:00,59.79,59.79,59.76,59.765,3180.0,BUD
2024-06-25 11:20:00,59.775,59.785,59.775,59.785,3398.0,BUD
2024-06-25 11:19:00,59.785,59.785,59.77,59.775,6172.0,BUD
2024-06-25 11:18:00,59.79,59.8,59.785,59.785,7634.0,BUD
2024-06-25 11:17:00,59.81,59.82,59.78,59.785,22147.0,BUD
2024-06-25 11:16:00,59.795,59.82,59.795,59.81,8200.0,BUD
2024-06-25 11:15:00,59.794,59.8,59.78,59.795,8333.0,BUD
2024-06-25 11:14:00,59.795,59.805,59.785,59.795,7746.0,BUD
2024-06-25 11:13:00,59.765,59.805,59.765,59.8,8830.0,BUD
2024-06-25 11:12:00,59.785,59.785,59.765,59.765,6692.0,BUD
2024-06-25 11:11:00,59.775,59.785,59.77,59.785,7858.0,BUD
2024-06-25 11:10:00,59.755,59.78,59.745,59.78,7044.0,BUD
2024-06-25 11:09:00,59.755,59.76,59.75,59.755,3558.0,BUD
2024-06-25 11:08:00,59.709,59.755,59.705,59.755,12041.0,BUD
2024-06-25 11:07:00,59.68,59.705,59.675,59.705,6776.0,BUD
2024-06-25 11:06:00,59.7,59.7,59.68,59.685,2684.0,BUD
2024-06-25 11:05:00,59.725,59.725,59.69,59.7,3021.0,BUD
2024-06-25 11:04:00,59.705,59.74,59.705,59.725,2761.0,BUD
2024-06-25 11:03:00,59.765,59.765,59.705,59.705,6250.0,BUD
2024-06-25 11:02:00,59.765,59.77,59.755,59.76,3117.0,BUD
2024-06-25 11:01:00,59.755,59.765,59.75,59.75,2679.0,BUD
2024-06-25 11:00:00,59.78,59.785,59.735,59.75,2119.0,BUD
2024-06-25 10:59:00,59.78,59.785,59.77,59.78,4715.0,BUD
2024-06-25 10:58:00,59.735,59.75,59.735,59.75,1325.0,BUD
2024-06-25 10:57:00,59.71,59.74,59.69,59.725,8352.0,BUD
2024-06-25 10:56:00,59.715,59.72,59.71,59.71,3738.0,BUD
2024-06-25 10:55:00,59.725,59.725,59.705,59.705,4856.0,BUD
2024-06-25 10:54:00,59.705,59.73,59.705,59.725,1332.0,BUD
2024-06-25 10:53:00,59.695,59.72,59.695,59.705,5233.0,BUD
2024-06-25 10:52:00,59.69,59.69,59.675,59.68,3464.0,BUD
2024-06-25 10:51:00,59.69,59.7,59.66,59.7,5804.0,BUD
2024-06-25 10:50:00,59.685,59.69,59.685,59.69,52238.0,BUD
2024-06-25 10:49:00,59.705,59.715,59.685,59.685,52413.0,BUD
2024-06-25 10:48:00,59.705,59.71,59.695,59.7,4139.0,BUD
2024-06-25 10:47:00,59.71,59.71,59.7,59.705,2836.0,BUD
2024-06-25 10:46:00,59.71,59.72,59.71,59.71,3957.0,BUD
2024-06-25 10:45:00,59.73,59.73,59.695,59.71,4567.0,BUD
2024-06-25 10:44:00,59.735,59.75,59.725,59.74,3275.0,BUD
2024-06-25 10:43:00,59.73,59.75,59.73,59.745,4988.0,BUD
2024-06-25 10:42:00,59.69,59.73,59.685,59.73,9968.0,BUD
2024-06-25 10:41:00,59.65,59.69,59.65,59.685,4252.0,BUD
2024-06-25 10:40:00,59.65,59.65,59.635,59.645,2513.0,BUD
2024-06-25 10:39:00,59.66,59.66,59.65,59.65,1429.0,BUD
2024-06-25 10:38:00,59.685,59.685,59.655,59.655,5319.0,BUD
2024-06-25 10:37:00,59.695,59.695,59.675,59.69,2827.0,BUD
2024-06-25 10:36:00,59.67,59.7,59.67,59.695,5302.0,BUD
2024-06-25 10:35:00,59.685,59.685,59.66,59.67,8190.0,BUD
2024-06-25 10:34:00,59.685,59.695,59.685,59.69,2613.0,BUD
2024-06-25 10:33:00,59.69,59.7,59.685,59.685,2400.0,BUD
2024-06-25 10:32:00,59.67,59.69,59.67,59.69,4764.0,BUD
2024-06-25 10:31:00,59.67,59.675,59.665,59.665,2167.0,BUD
2024-06-25 10:30:00,59.7,59.7,59.67,59.69,9223.0,BUD
2024-06-25 10:29:00,59.71,59.725,59.695,59.71,9127.0,BUD
2024-06-25 10:28:00,59.73,59.75,59.71,59.72,8821.0,BUD
2024-06-25 10:27:00,59.755,59.755,59.74,59.75,3962.0,BUD
2024-06-25 10:26:00,59.77,59.77,59.75,59.76,3396.0,BUD
2024-06-25 10:25:00,59.8,59.802,59.775,59.775,4884.0,BUD
2024-06-25 10:24:00,59.765,59.805,59.765,59.805,4385.0,BUD
2024-06-25 10:23:00,59.805,59.83,59.77,59.77,8143.0,BUD
2024-06-25 10:22:00,59.79,59.82,59.79,59.805,4169.0,BUD
2024-06-25 10:21:00,59.78,59.8,59.78,59.795,9716.0,BUD
2024-06-25 10:20:00,59.78,59.785,59.77,59.775,2709.0,BUD
2024-06-25 10:19:00,59.73,59.775,59.725,59.77,704824.0,BUD
2024-06-25 10:18:00,59.745,59.75,59.73,59.73,3028.0,BUD
2024-06-25 10:17:00,59.75,59.78,59.74,59.74,8722.0,BUD
2024-06-25 10:16:00,59.76,59.76,59.73,59.74,3822.0,BUD
2024-06-25 10:15:00,59.705,59.79,59.705,59.775,7982.0,BUD
2024-06-25 10:14:00,59.72,59.73,59.705,59.705,3538.0,BUD
2024-06-25 10:13:00,59.725,59.725,59.705,59.72,4821.0,BUD
2024-06-25 10:12:00,59.725,59.73,59.725,59.725,3906.0,BUD
2024-06-25 10:11:00,59.73,59.74,59.72,59.73,5392.0,BUD
2024-06-25 10:10:00,59.73,59.751,59.705,59.71,5616.0,BUD
2024-06-25 10:09:00,59.75,59.76,59.73,59.735,13586.0,BUD
2024-06-25 10:08:00,59.755,59.765,59.73,59.745,9083.0,BUD
2024-06-25 10:07:00,59.79,59.79,59.74,59.76,7624.0,BUD
2024-06-25 10:06:00,59.8,59.8,59.78,59.795,11675.0,BUD
2024-06-25 10:05:00,59.86,59.86,59.805,59.805,5222.0,BUD
2024-06-25 10:04:00,59.9,59.9,59.87,59.87,982.0,BUD
2024-06-25 10:03:00,59.91,59.915,59.9,59.9,1010.0,BUD
2024-06-25 10:02:00,59.943,59.96,59.925,59.925,2828.0,BUD
2024-06-25 10:01:00,59.955,59.96,59.911,59.95,9116.0,BUD
2024-06-25 10:00:00,59.94,59.975,59.94,59.975,2236.0,BUD
2024-06-25 09:59:00,59.893,59.93,59.89,59.93,9673.0,BUD
2024-06-25 09:58:00,59.865,59.9,59.855,59.9,3754.0,BUD
2024-06-25 09:57:00,59.93,59.93,59.865,59.865,2371.0,BUD
2024-06-25 09:56:00,59.97,59.975,59.93,59.935,3886.0,BUD
2024-06-25 09:55:00,60.005,60.02,59.97,59.97,7282.0,BUD
2024-06-25 09:54:00,60.03,60.03,60.01,60.01,3462.0,BUD
2024-06-25 09:53:00,60.05,60.05,60.035,60.035,2375.0,BUD
2024-06-25 09:52:00,60.02,60.06,60.02,60.04,4089.0,BUD
2024-06-25 09:51:00,60.055,60.07,60.02,60.02,2456.0,BUD
2024-06-25 09:50:00,60.09,60.09,60.05,60.05,3811.0,BUD
2024-06-25 09:49:00,60.04,60.1,60.04,60.1,3675.0,BUD
2024-06-25 09:48:00,60.035,60.07,60.035,60.04,4884.0,BUD
2024-06-25 09:47:00,60.06,60.07,60.015,60.03,4998.0,BUD
2024-06-25 09:46:00,60.055,60.07,60.055,60.06,1642.0,BUD
2024-06-25 09:45:00,60.01,60.07,60.0,60.06,6036.0,BUD
2024-06-25 09:44:00,60.0,60.02,59.98,60.015,8949.0,BUD
2024-06-25 09:43:00,60.03,60.05,60.005,60.01,12202.0,BUD
2024-06-25 09:42:00,60.035,60.06,60.02,60.04,6307.0,BUD
2024-06-25 09:41:00,60.03,60.05,60.02,60.05,12847.0,BUD
2024-06-25 09:40:00,60.005,60.06,60.005,60.03,10778.0,BUD
2024-06-25 09:39:00,60.02,60.02,60.0,60.01,6258.0,BUD
2024-06-25 09:38:00,60.055,60.06,60.04,60.04,3321.0,BUD
2024-06-25 09:37:00,60.04,60.08,60.04,60.055,7461.0,BUD
2024-06-25 09:36:00,60.0,60.055,60.0,60.03,11361.0,BUD
2024-06-25 09:35:00,59.93,60.0,59.92,60.0,24605.0,BUD
2024-06-25 09:34:00,59.94,59.95,59.92,59.93,4774.0,BUD
2024-06-25 09:33:00,59.85,59.97,59.85,59.94,33825.0,BUD
2024-06-25 09:32:00,59.875,59.91,59.86,59.88,3666.0,BUD
2024-06-25 09:31:00,59.74,59.89,59.73,59.88,18890.0,BUD
2024-06-25 09:30:00,59.7,59.86,59.7,59.755,36770.0,BUD
2024-06-25 09:29:00,59.7,59.7,59.7,59.7,1009.0,BUD
2024-06-25 09:28:00,59.67,59.67,59.67,59.67,1.0,BUD
2024-06-25 09:26:00,59.73,59.74,59.73,59.73,91.0,BUD
2024-06-25 09:25:00,59.74,59.74,59.74,59.74,20.0,BUD
2024-06-25 09:20:00,59.7,59.7,59.7,59.7,10.0,BUD
2024-06-25 09:19:00,59.67,59.67,59.67,59.67,10.0,BUD
2024-06-25 09:18:00,59.69,59.69,59.69,59.69,1.0,BUD
2024-06-25 09:15:00,59.69,59.69,59.69,59.69,50.0,BUD
2024-06-25 09:14:00,59.7,59.7,59.7,59.7,100.0,BUD
2024-06-25 09:08:00,59.7,59.7,59.7,59.7,101.0,BUD
2024-06-25 09:07:00,59.72,59.72,59.72,59.72,600.0,BUD
2024-06-25 09:06:00,59.71,59.71,59.71,59.71,13.0,BUD
2024-06-25 09:05:00,59.72,59.72,59.7,59.7,41.0,BUD
2024-06-25 09:03:00,59.73,59.73,59.73,59.73,40.0,BUD
2024-06-25 09:02:00,59.73,59.74,59.73,59.74,200.0,BUD
2024-06-25 09:01:00,59.72,59.73,59.72,59.73,72.0,BUD
2024-06-25 09:00:00,59.72,59.72,59.72,59.72,65.0,BUD
2024-06-25 08:52:00,59.74,59.74,59.7,59.72,767.0,BUD
2024-06-25 08:45:00,59.711,59.711,59.711,59.711,2.0,BUD
2024-06-25 08:43:00,59.73,59.73,59.73,59.73,2.0,BUD
2024-06-25 08:42:00,59.73,59.77,59.73,59.77,1001.0,BUD
2024-06-25 08:41:00,59.73,59.73,59.73,59.73,59.0,BUD
2024-06-25 08:38:00,59.71,59.71,59.64,59.64,4001.0,BUD
2024-06-25 08:37:00,59.7,59.7,59.64,59.64,446.0,BUD
2024-06-25 08:34:00,59.73,59.73,59.73,59.73,10.0,BUD
2024-06-25 08:31:00,59.71,59.72,59.71,59.71,65.0,BUD
2024-06-25 08:30:00,59.81,60.02,59.76,59.76,256.0,BUD
2024-06-25 08:25:00,59.82,59.82,59.81,59.81,110.0,BUD
2024-06-25 08:19:00,59.8,59.8,59.8,59.8,30.0,BUD
2024-06-25 08:18:00,60.77,60.77,60.77,60.77,1.0,BUD
2024-06-25 08:17:00,59.76,59.76,59.76,59.76,10.0,BUD
2024-06-25 08:13:00,59.75,59.75,59.75,59.75,20.0,BUD
2024-06-25 08:11:00,59.75,59.75,59.75,59.75,444.0,BUD
2024-06-25 08:08:00,59.8,59.8,59.8,59.8,74.0,BUD
2024-06-25 08:04:00,60.86,60.95,60.86,60.95,4.0,BUD
2024-06-25 08:03:00,60.95,60.95,60.9,60.9,101.0,BUD
2024-06-25 08:02:00,60.5,60.95,60.5,60.95,4.0,BUD
2024-06-25 08:00:00,59.829,59.89,59.68,59.794,861.0,BUD
2024-06-25 07:55:00,59.8,59.8,59.8,59.8,12.0,BUD
2024-06-25 07:45:00,59.8,59.8,59.8,59.8,34.0,BUD
2024-06-25 07:44:00,59.85,59.85,59.85,59.85,42.0,BUD
2024-06-25 07:42:00,59.85,59.85,59.85,59.85,200.0,BUD
2024-06-25 07:37:00,59.87,59.88,59.87,59.88,333.0,BUD
2024-06-25 07:34:00,59.88,59.89,59.88,59.89,241.0,BUD
2024-06-25 07:31:00,59.9,59.9,59.89,59.89,195.0,BUD
2024-06-25 07:16:00,59.77,59.77,59.75,59.75,55.0,BUD
2024-06-25 07:14:00,59.8,59.8,59.77,59.77,143.0,BUD
2024-06-25 07:13:00,59.78,59.78,59.78,59.78,15.0,BUD
2024-06-25 07:12:00,59.76,59.76,59.76,59.76,138.0,BUD
2024-06-25 07:11:00,59.73,59.73,59.73,59.73,48.0,BUD
2024-06-25 07:08:00,59.75,59.75,59.75,59.75,1.0,BUD
2024-06-25 07:07:00,59.79,59.8,59.79,59.8,313.0,BUD
2024-06-25 07:04:00,59.8,59.8,59.8,59.8,50.0,BUD
2024-06-25 07:00:00,59.93,59.93,59.93,59.93,630.0,BUD
2024-06-25 06:55:00,59.86,59.86,59.86,59.86,26.0,BUD
2024-06-25 06:54:00,59.86,59.86,59.86,59.86,83.0,BUD
2024-06-25 06:39:00,59.82,59.82,59.82,59.82,200.0,BUD
2024-06-25 06:35:00,59.78,59.78,59.78,59.78,1.0,BUD
2024-06-25 06:34:00,59.84,59.84,59.84,59.84,260.0,BUD
2024-06-25 06:22:00,59.96,59.96,59.96,59.96,50.0,BUD
2024-06-25 06:20:00,60.0,60.0,59.99,59.99,107.0,BUD
2024-06-25 06:16:00,60.0,60.01,60.0,60.0,1249.0,BUD
2024-06-25 06:13:00,59.96,59.96,59.96,59.96,100.0,BUD
2024-06-25 06:09:00,59.96,59.96,59.96,59.96,50.0,BUD
2024-06-25 06:08:00,59.99,59.99,59.99,59.99,10.0,BUD
2024-06-25 06:05:00,60.0,60.0,60.0,60.0,10.0,BUD
2024-06-25 06:02:00,60.13,60.13,60.13,60.13,1.0,BUD
2024-06-25 05:47:00,60.3,60.3,60.3,60.3,40.0,BUD
2024-06-25 05:24:00,60.35,60.35,60.35,60.35,16.0,BUD
2024-06-25 04:48:00,60.48,60.48,60.48,60.48,3.0,BUD
2024-06-25 04:29:00,60.56,60.56,60.56,60.56,18.0,BUD
2024-06-25 04:09:00,60.71,60.72,60.71,60.72,424.0,BUD
2024-06-25 04:00:00,60.98,60.98,60.98,60.98,1.0,BUD
2024-06-24 19:52:00,60.98,60.98,60.98,60.98,1.0,BUD
2024-06-24 19:46:00,61.05,61.05,61.05,61.05,5.0,BUD
2024-06-24 19:45:00,61.05,61.05,61.05,61.05,100.0,BUD
2024-06-24 19:15:00,60.75,60.75,60.75,60.75,2.0,BUD
2024-06-24 19:10:00,60.76,60.76,60.76,60.76,25.0,BUD
2024-06-24 19:00:00,60.77,60.77,60.77,60.77,100895.0,BUD
2024-06-24 18:59:00,60.98,60.98,60.98,60.98,1.0,BUD
2024-06-24 18:48:00,60.76,60.76,60.76,60.76,1.0,BUD
2024-06-24 18:41:00,60.76,60.76,60.76,60.76,4.0,BUD
2024-06-24 18:30:00,60.77,60.77,60.77,60.77,100895.0,BUD
2024-06-24 18:26:00,61.0,61.0,61.0,61.0,10.0,BUD
2024-06-24 17:51:00,61.0,61.0,61.0,61.0,2.0,BUD
2024-06-24 17:44:00,60.762,60.762,60.762,60.762,5.0,BUD
2024-06-24 16:55:00,60.77,60.77,60.77,60.77,318.0,BUD
2024-06-24 16:52:00,60.78,60.78,60.78,60.78,10.0,BUD
2024-06-24 16:40:00,60.77,60.77,60.77,60.77,100.0,BUD
2024-06-24 16:33:00,60.77,60.77,60.77,60.77,2.0,BUD
2024-06-24 16:32:00,60.77,60.77,60.77,60.77,11.0,BUD
2024-06-24 16:16:00,60.833,60.833,60.833,60.833,20.0,BUD
2024-06-24 16:10:00,60.77,60.77,60.77,60.77,100895.0,BUD
2024-06-24 16:05:00,60.77,60.77,60.77,60.77,1147.0,BUD
2024-06-24 16:01:00,60.97,60.97,60.97,60.97,33.0,BUD
2024-06-24 16:00:00,60.76,60.77,60.76,60.77,213722.0,BUD
2024-06-24 15:59:00,60.765,60.81,60.75,60.76,46679.0,BUD
2024-06-24 15:58:00,60.765,60.775,60.755,60.77,27520.0,BUD
2024-06-24 15:57:00,60.78,60.8,60.765,60.765,21665.0,BUD
2024-06-24 15:56:00,60.785,60.81,60.78,60.78,17003.0,BUD
2024-06-24 15:55:00,60.8,60.81,60.76,60.78,17206.0,BUD
2024-06-24 15:54:00,60.795,60.83,60.795,60.805,13512.0,BUD
2024-06-24 15:53:00,60.795,60.795,60.79,60.795,2622.0,BUD
2024-06-24 15:52:00,60.8,60.82,60.8,60.8,8052.0,BUD
2024-06-24 15:51:00,60.83,60.83,60.795,60.8,13544.0,BUD
2024-06-24 15:50:00,60.805,60.82,60.78,60.82,14945.0,BUD
2024-06-24 15:49:00,60.815,60.815,60.795,60.81,8390.0,BUD
2024-06-24 15:48:00,60.8,60.815,60.8,60.81,5111.0,BUD
2024-06-24 15:47:00,60.8,60.8,60.78,60.794,10432.0,BUD
2024-06-24 15:46:00,60.805,60.805,60.8,60.805,4984.0,BUD
2024-06-24 15:45:00,60.805,60.81,60.802,60.805,3566.0,BUD
2024-06-24 15:44:00,60.81,60.81,60.805,60.805,2239.0,BUD
2024-06-24 15:43:00,60.775,60.81,60.775,60.81,5467.0,BUD
2024-06-24 15:42:00,60.775,60.78,60.775,60.78,4317.0,BUD
2024-06-24 15:41:00,60.775,60.78,60.77,60.78,3968.0,BUD
2024-06-24 15:40:00,60.78,60.78,60.775,60.775,1006.0,BUD
2024-06-24 15:39:00,60.77,60.775,60.75,60.775,6137.0,BUD
2024-06-24 15:38:00,60.77,60.775,60.77,60.775,1561.0,BUD
2024-06-24 15:37:00,60.735,60.76,60.735,60.76,3351.0,BUD
2024-06-24 15:36:00,60.74,60.745,60.735,60.735,2248.0,BUD
2024-06-24 15:35:00,60.75,60.75,60.735,60.74,6516.0,BUD
2024-06-24 15:34:00,60.755,60.755,60.75,60.755,884.0,BUD
2024-06-24 15:33:00,60.77,60.77,60.755,60.76,5371.0,BUD
2024-06-24 15:32:00,60.77,60.78,60.77,60.775,1764.0,BUD
2024-06-24 15:31:00,60.735,60.77,60.735,60.765,3958.0,BUD
2024-06-24 15:30:00,60.735,60.74,60.735,60.735,3632.0,BUD
2024-06-24 15:29:00,60.73,60.74,60.73,60.735,2521.0,BUD
2024-06-24 15:28:00,60.75,60.75,60.73,60.735,4947.0,BUD
2024-06-24 15:27:00,60.755,60.76,60.74,60.74,4968.0,BUD
2024-06-24 15:26:00,60.755,60.755,60.755,60.755,722.0,BUD
2024-06-24 15:25:00,60.72,60.75,60.72,60.75,2867.0,BUD
2024-06-24 15:24:00,60.75,60.75,60.715,60.715,4023.0,BUD
2024-06-24 15:23:00,60.735,60.755,60.73,60.755,5453.0,BUD
2024-06-24 15:22:00,60.735,60.735,60.73,60.735,1319.0,BUD
2024-06-24 15:21:00,60.73,60.735,60.73,60.73,1141.0,BUD
2024-06-24 15:20:00,60.755,60.755,60.735,60.735,2124.0,BUD
2024-06-24 15:19:00,60.76,60.76,60.752,60.755,2334.0,BUD
2024-06-24 15:18:00,60.77,60.775,60.765,60.765,2261.0,BUD
2024-06-24 15:17:00,60.765,60.78,60.765,60.775,1625.0,BUD
2024-06-24 15:16:00,60.77,60.775,60.76,60.765,4352.0,BUD
2024-06-24 15:15:00,60.75,60.765,60.745,60.76,4116.0,BUD
2024-06-24 15:14:00,60.755,60.76,60.75,60.75,1592.0,BUD
2024-06-24 15:13:00,60.76,60.76,60.76,60.76,524.0,BUD
2024-06-24 15:12:00,60.76,60.765,60.75,60.755,4931.0,BUD
2024-06-24 15:11:00,60.765,60.767,60.762,60.765,1784.0,BUD
2024-06-24 15:10:00,60.77,60.77,60.765,60.77,4151.0,BUD
2024-06-24 15:09:00,60.775,60.78,60.76,60.76,2223.0,BUD
2024-06-24 15:08:00,60.765,60.77,60.765,60.77,2638.0,BUD
2024-06-24 15:07:00,60.785,60.79,60.77,60.77,3465.0,BUD
2024-06-24 15:06:00,60.785,60.785,60.785,60.785,500.0,BUD
2024-06-24 15:05:00,60.791,60.791,60.78,60.787,2874.0,BUD
2024-06-24 15:04:00,60.79,60.79,60.785,60.785,1147.0,BUD
2024-06-24 15:03:00,60.78,60.787,60.78,60.78,2993.0,BUD
2024-06-24 15:02:00,60.79,60.79,60.785,60.79,1233.0,BUD
2024-06-24 15:01:00,60.805,60.815,60.805,60.81,1920.0,BUD
2024-06-24 15:00:00,60.795,60.805,60.795,60.805,1710.0,BUD
2024-06-24 14:59:00,60.825,60.825,60.81,60.81,3193.0,BUD
2024-06-24 14:58:00,60.825,60.825,60.825,60.825,560.0,BUD
2024-06-24 14:57:00,60.845,60.845,60.825,60.83,5644.0,BUD
2024-06-24 14:56:00,60.85,60.85,60.85,60.85,1891.0,BUD
2024-06-24 14:55:00,60.835,60.845,60.835,60.845,1856.0,BUD
2024-06-24 14:54:00,60.84,60.84,60.835,60.835,966.0,BUD
2024-06-24 14:53:00,60.83,60.83,60.825,60.826,1296.0,BUD
2024-06-24 14:52:00,60.87,60.87,60.84,60.84,3192.0,BUD
2024-06-24 14:51:00,60.86,60.88,60.86,60.875,2771.0,BUD
2024-06-24 14:50:00,60.86,60.86,60.86,60.86,634.0,BUD
2024-06-24 14:49:00,60.87,60.87,60.85,60.85,5647.0,BUD
2024-06-24 14:48:00,60.865,60.87,60.861,60.861,3915.0,BUD
2024-06-24 14:47:00,60.85,60.86,60.85,60.86,3072.0,BUD
2024-06-24 14:46:00,60.857,60.857,60.855,60.855,1385.0,BUD
2024-06-24 14:45:00,60.855,60.855,60.85,60.855,1054.0,BUD
2024-06-24 14:44:00,60.85,60.855,60.845,60.85,2033.0,BUD
2024-06-24 14:43:00,60.845,60.845,60.845,60.845,530.0,BUD
2024-06-24 14:42:00,60.84,60.843,60.84,60.843,426.0,BUD
2024-06-24 14:41:00,60.84,60.84,60.834,60.834,1189.0,BUD
2024-06-24 14:40:00,60.83,60.84,60.83,60.83,1543.0,BUD
2024-06-24 14:39:00,60.825,60.83,60.825,60.825,1223.0,BUD
2024-06-24 14:38:00,60.79,60.825,60.79,60.825,2284.0,BUD
2024-06-24 14:37:00,60.79,60.79,60.765,60.785,2397.0,BUD
2024-06-24 14:36:00,60.81,60.81,60.79,60.795,3639.0,BUD
2024-06-24 14:35:00,60.785,60.8,60.775,60.8,9887.0,BUD
2024-06-24 14:34:00,60.83,60.83,60.79,60.79,3648.0,BUD
2024-06-24 14:33:00,60.84,60.84,60.82,60.84,7272.0,BUD
2024-06-24 14:32:00,60.87,60.87,60.825,60.835,3528.0,BUD
2024-06-24 14:31:00,60.865,60.88,60.855,60.87,7199.0,BUD
2024-06-24 14:30:00,60.85,60.865,60.85,60.86,4192.0,BUD
2024-06-24 14:29:00,60.85,60.85,60.84,60.85,2361.0,BUD
2024-06-24 14:28:00,60.825,60.85,60.825,60.85,1730.0,BUD
2024-06-24 14:27:00,60.83,60.83,60.81,60.83,7535.0,BUD
2024-06-24 14:26:00,60.825,60.825,60.825,60.825,2071.0,BUD
2024-06-24 14:25:00,60.825,60.835,60.82,60.825,7599.0,BUD
2024-06-24 14:24:00,60.82,60.83,60.82,60.82,1319.0,BUD
2024-06-24 14:23:00,60.81,60.82,60.81,60.82,1591.0,BUD
2024-06-24 14:22:00,60.805,60.82,60.805,60.81,6838.0,BUD
2024-06-24 14:21:00,60.77,60.8,60.77,60.8,7485.0,BUD
2024-06-24 14:20:00,60.735,60.77,60.735,60.77,6832.0,BUD
2024-06-24 14:19:00,60.744,60.744,60.74,60.74,1110.0,BUD
2024-06-24 14:18:00,60.7,60.725,60.7,60.725,2224.0,BUD
2024-06-24 14:17:00,60.725,60.725,60.695,60.695,2333.0,BUD
2024-06-24 14:16:00,60.7,60.72,60.68,60.72,8165.0,BUD
2024-06-24 14:15:00,60.695,60.695,60.695,60.695,705.0,BUD
2024-06-24 14:14:00,60.701,60.705,60.69,60.7,2838.0,BUD
2024-06-24 14:13:00,60.705,60.705,60.7,60.7,872.0,BUD
2024-06-24 14:12:00,60.7,60.7,60.7,60.7,2006.0,BUD
2024-06-24 14:11:00,60.685,60.705,60.685,60.705,1062.0,BUD
2024-06-24 14:10:00,60.68,60.68,60.675,60.68,1583.0,BUD
2024-06-24 14:09:00,60.665,60.68,60.665,60.67,1012.0,BUD
2024-06-24 14:08:00,60.655,60.67,60.655,60.66,5016.0,BUD
2024-06-24 14:07:00,60.655,60.66,60.655,60.655,604.0,BUD
2024-06-24 14:06:00,60.66,60.66,60.655,60.655,511.0,BUD
2024-06-24 14:05:00,60.625,60.66,60.625,60.655,3675.0,BUD
2024-06-24 14:04:00,60.63,60.635,60.62,60.625,2532.0,BUD
2024-06-24 14:03:00,60.625,60.629,60.615,60.625,3712.0,BUD
2024-06-24 14:02:00,60.63,60.63,60.62,60.625,5042.0,BUD
2024-06-24 14:01:00,60.625,60.625,60.625,60.625,616.0,BUD
2024-06-24 14:00:00,60.63,60.63,60.625,60.625,719.0,BUD
2024-06-24 13:59:00,60.625,60.625,60.62,60.625,572.0,BUD
2024-06-24 13:58:00,60.625,60.626,60.625,60.625,859.0,BUD
2024-06-24 13:57:00,60.625,60.625,60.62,60.625,1935.0,BUD
2024-06-24 13:56:00,60.62,60.625,60.62,60.625,1740.0,BUD
2024-06-24 13:55:00,60.6,60.62,60.6,60.615,5099.0,BUD
2024-06-24 13:54:00,60.595,60.6,60.595,60.595,754.0,BUD
2024-06-24 13:53:00,60.595,60.6,60.595,60.6,2631.0,BUD
2024-06-24 13:52:00,60.6,60.6,60.59,60.595,598.0,BUD
2024-06-24 13:51:00,60.621,60.625,60.605,60.605,2815.0,BUD
2024-06-24 13:50:00,60.64,60.64,60.625,60.625,1529.0,BUD
2024-06-24 13:49:00,60.635,60.635,60.625,60.625,863.0,BUD
2024-06-24 13:48:00,60.63,60.635,60.625,60.625,2225.0,BUD
2024-06-24 13:47:00,60.635,60.635,60.635,60.635,489.0,BUD
2024-06-24 13:46:00,60.635,60.635,60.635,60.635,358.0,BUD
2024-06-24 13:45:00,60.62,60.625,60.62,60.625,643.0,BUD
2024-06-24 13:44:00,60.62,60.64,60.62,60.625,1700.0,BUD
2024-06-24 13:43:00,60.605,60.61,60.605,60.61,693.0,BUD
2024-06-24 13:42:00,60.625,60.63,60.6,60.6,4103.0,BUD
2024-06-24 13:41:00,60.64,60.645,60.625,60.625,3351.0,BUD
2024-06-24 13:40:00,60.64,60.64,60.64,60.64,426.0,BUD
2024-06-24 13:39:00,60.64,60.64,60.64,60.64,458.0,BUD
2024-06-24 13:38:00,60.63,60.63,60.625,60.63,749.0,BUD
2024-06-24 13:37:00,60.61,60.625,60.61,60.62,928.0,BUD
2024-06-24 13:36:00,60.605,60.605,60.6,60.605,766.0,BUD
2024-06-24 13:35:00,60.575,60.59,60.565,60.575,3623.0,BUD
2024-06-24 13:34:00,60.575,60.575,60.571,60.575,795.0,BUD
2024-06-24 13:33:00,60.57,60.57,60.56,60.567,930.0,BUD
2024-06-24 13:32:00,60.565,60.565,60.565,60.565,245.0,BUD
2024-06-24 13:31:00,60.565,60.57,60.56,60.565,3501.0,BUD
2024-06-24 13:30:00,60.56,60.565,60.56,60.565,922.0,BUD
2024-06-24 13:29:00,60.59,60.59,60.57,60.57,1693.0,BUD
2024-06-24 13:28:00,60.6,60.6,60.59,60.59,2545.0,BUD
2024-06-24 13:27:00,60.57,60.6,60.565,60.6,2655.0,BUD
2024-06-24 13:26:00,60.565,60.565,60.56,60.56,741.0,BUD
2024-06-24 13:25:00,60.585,60.59,60.57,60.57,3724.0,BUD
2024-06-24 13:24:00,60.585,60.585,60.585,60.585,371.0,BUD
2024-06-24 13:23:00,60.585,60.59,60.585,60.585,764.0,BUD
2024-06-24 13:22:00,60.6,60.6,60.585,60.585,1713.0,BUD
2024-06-24 13:21:00,60.645,60.645,60.605,60.605,2698.0,BUD
2024-06-24 13:20:00,60.64,60.645,60.64,60.645,396.0,BUD
2024-06-24 13:19:00,60.64,60.645,60.64,60.645,323.0,BUD
2024-06-24 13:17:00,60.655,60.655,60.65,60.65,823.0,BUD
2024-06-24 13:16:00,60.65,60.66,60.65,60.66,1144.0,BUD
2024-06-24 13:15:00,60.655,60.655,60.642,60.65,1733.0,BUD
2024-06-24 13:14:00,60.655,60.66,60.652,60.652,651.0,BUD
2024-06-24 13:13:00,60.65,60.655,60.645,60.655,4071.0,BUD
2024-06-24 13:12:00,60.66,60.67,60.66,60.67,3034.0,BUD
2024-06-24 13:11:00,60.63,60.67,60.63,60.67,4915.0,BUD
2024-06-24 13:10:00,60.62,60.63,60.62,60.63,504.0,BUD
2024-06-24 13:09:00,60.61,60.62,60.61,60.62,676.0,BUD
2024-06-24 13:08:00,60.661,60.661,60.64,60.64,2364.0,BUD
2024-06-24 13:07:00,60.67,60.675,60.66,60.665,1556.0,BUD
2024-06-24 13:06:00,60.68,60.68,60.68,60.68,408.0,BUD
2024-06-24 13:05:00,60.69,60.69,60.685,60.685,982.0,BUD
2024-06-24 13:04:00,60.7,60.7,60.695,60.7,1260.0,BUD
2024-06-24 13:03:00,60.71,60.715,60.705,60.71,128602.0,BUD
2024-06-24 13:02:00,60.705,60.71,60.705,60.705,461.0,BUD
2024-06-24 13:01:00,60.705,60.705,60.7,60.705,344.0,BUD
2024-06-24 13:00:00,60.71,60.71,60.69,60.7,1730.0,BUD
2024-06-24 12:59:00,60.715,60.715,60.715,60.715,721.0,BUD
2024-06-24 12:58:00,60.735,60.735,60.72,60.72,2003.0,BUD
2024-06-24 12:57:00,60.735,60.74,60.735,60.74,621.0,BUD
2024-06-24 12:56:00,60.735,60.74,60.735,60.735,654.0,BUD
2024-06-24 12:55:00,60.73,60.735,60.73,60.735,675.0,BUD
2024-06-24 12:54:00,60.725,60.725,60.725,60.725,557.0,BUD
2024-06-24 12:53:00,60.75,60.755,60.72,60.72,6957.0,BUD
2024-06-24 12:52:00,60.745,60.75,60.74,60.745,1755.0,BUD
2024-06-24 12:51:00,60.765,60.765,60.745,60.745,1842.0,BUD
2024-06-24 12:50:00,60.77,60.77,60.765,60.768,950.0,BUD
2024-06-24 12:49:00,60.77,60.77,60.77,60.77,397.0,BUD
2024-06-24 12:48:00,60.78,60.78,60.77,60.77,1572.0,BUD
2024-06-24 12:47:00,60.775,60.78,60.775,60.78,897.0,BUD
2024-06-24 12:46:00,60.775,60.775,60.775,60.775,634.0,BUD
2024-06-24 12:45:00,60.775,60.78,60.77,60.78,1438.0,BUD
2024-06-24 12:44:00,60.76,60.77,60.76,60.77,591.0,BUD
2024-06-24 12:43:00,60.745,60.755,60.745,60.755,1291.0,BUD
2024-06-24 12:42:00,60.765,60.765,60.75,60.75,2484.0,BUD
2024-06-24 12:41:00,60.765,60.77,60.75,60.76,3670.0,BUD
2024-06-24 12:40:00,60.765,60.765,60.765,60.765,2015.0,BUD
2024-06-24 12:39:00,60.765,60.765,60.755,60.755,1603.0,BUD
2024-06-24 12:38:00,60.755,60.76,60.755,60.755,662.0,BUD
2024-06-24 12:37:00,60.745,60.75,60.74,60.75,1565.0,BUD
2024-06-24 12:36:00,60.735,60.745,60.735,60.745,977.0,BUD
2024-06-24 12:35:00,60.75,60.75,60.73,60.73,1374.0,BUD
2024-06-24 12:34:00,60.735,60.745,60.73,60.745,2755.0,BUD
2024-06-24 12:33:00,60.73,60.735,60.722,60.735,1569.0,BUD
2024-06-24 12:32:00,60.73,60.73,60.73,60.73,185.0,BUD
2024-06-24 12:31:00,60.775,60.775,60.733,60.733,2406.0,BUD
2024-06-24 12:30:00,60.75,60.765,60.74,60.765,856.0,BUD
2024-06-24 12:29:00,60.74,60.749,60.74,60.745,1516.0,BUD
2024-06-24 12:28:00,60.745,60.745,60.74,60.74,1311.0,BUD
2024-06-24 12:27:00,60.755,60.755,60.745,60.745,876.0,BUD
2024-06-24 12:26:00,60.771,60.775,60.76,60.76,3081.0,BUD
2024-06-24 12:25:00,60.775,60.78,60.771,60.78,5817.0,BUD
2024-06-24 12:24:00,60.765,60.77,60.765,60.77,1103.0,BUD
2024-06-24 12:23:00,60.755,60.775,60.755,60.765,3979.0,BUD
2024-06-24 12:22:00,60.755,60.755,60.75,60.755,2300.0,BUD
2024-06-24 12:21:00,60.75,60.75,60.745,60.745,1174.0,BUD
2024-06-24 12:20:00,60.755,60.755,60.74,60.745,2875.0,BUD
2024-06-24 12:19:00,60.745,60.755,60.745,60.755,572.0,BUD
2024-06-24 12:18:00,60.745,60.75,60.745,60.745,1115.0,BUD
2024-06-24 12:17:00,60.75,60.75,60.75,60.75,458.0,BUD
2024-06-24 12:16:00,60.745,60.75,60.74,60.745,1804.0,BUD
2024-06-24 12:15:00,60.745,60.75,60.745,60.75,653.0,BUD
2024-06-24 12:14:00,60.745,60.745,60.745,60.745,1467.0,BUD
2024-06-24 12:13:00,60.75,60.755,60.74,60.745,1899.0,BUD
2024-06-24 12:12:00,60.735,60.745,60.735,60.745,1015.0,BUD
2024-06-24 12:11:00,60.725,60.745,60.725,60.73,2197.0,BUD
2024-06-24 12:10:00,60.725,60.725,60.725,60.725,222.0,BUD
2024-06-24 12:09:00,60.73,60.73,60.72,60.72,2398.0,BUD
2024-06-24 12:08:00,60.725,60.735,60.725,60.735,1800.0,BUD
2024-06-24 12:07:00,60.725,60.73,60.725,60.73,430.0,BUD
2024-06-24 12:06:00,60.73,60.73,60.725,60.725,1078.0,BUD
2024-06-24 12:05:00,60.73,60.73,60.725,60.725,1282.0,BUD
2024-06-24 12:04:00,60.75,60.75,60.74,60.74,2823.0,BUD
2024-06-24 12:03:00,60.77,60.77,60.755,60.755,2326.0,BUD
2024-06-24 12:02:00,60.775,60.775,60.775,60.775,704.0,BUD
2024-06-24 12:01:00,60.78,60.8,60.78,60.78,2304.0,BUD
2024-06-24 12:00:00,60.775,60.775,60.775,60.775,891.0,BUD
2024-06-24 11:59:00,60.775,60.78,60.775,60.775,795.0,BUD
2024-06-24 11:58:00,60.77,60.77,60.77,60.77,172.0,BUD
2024-06-24 11:57:00,60.78,60.785,60.775,60.775,1954.0,BUD
2024-06-24 11:56:00,60.775,60.78,60.775,60.78,661.0,BUD
2024-06-24 11:55:00,60.795,60.795,60.785,60.785,1029.0,BUD
2024-06-24 11:54:00,60.8,60.82,60.8,60.81,3913.0,BUD
2024-06-24 11:53:00,60.785,60.795,60.785,60.79,1030.0,BUD
2024-06-24 11:52:00,60.79,60.79,60.785,60.785,1089.0,BUD
2024-06-24 11:51:00,60.795,60.795,60.79,60.79,967.0,BUD
2024-06-24 11:50:00,60.776,60.795,60.775,60.795,2662.0,BUD
2024-06-24 11:49:00,60.83,60.83,60.78,60.78,3499.0,BUD
2024-06-24 11:48:00,60.835,60.835,60.83,60.83,761.0,BUD
2024-06-24 11:47:00,60.81,60.84,60.81,60.84,1117.0,BUD
2024-06-24 11:46:00,60.805,60.805,60.805,60.805,259.0,BUD
2024-06-24 11:45:00,60.812,60.812,60.8,60.805,747.0,BUD
2024-06-24 11:44:00,60.825,60.825,60.815,60.815,1708.0,BUD
2024-06-24 11:43:00,60.86,60.87,60.825,60.825,5134.0,BUD
2024-06-24 11:42:00,60.865,60.87,60.86,60.86,2859.0,BUD
2024-06-24 11:41:00,60.85,60.87,60.85,60.865,832.0,BUD
2024-06-24 11:40:00,60.85,60.86,60.845,60.86,2126.0,BUD
2024-06-24 11:39:00,60.82,60.845,60.82,60.845,675.0,BUD
2024-06-24 11:38:00,60.84,60.84,60.815,60.815,2582.0,BUD
2024-06-24 11:37:00,60.83,60.84,60.83,60.84,7313.0,BUD
2024-06-24 11:36:00,60.775,60.815,60.775,60.815,7599.0,BUD
2024-06-24 11:35:00,60.73,60.77,60.72,60.77,12181.0,BUD
2024-06-24 11:34:00,60.78,60.78,60.735,60.735,11076.0,BUD
2024-06-24 11:33:00,60.78,60.785,60.78,60.785,1677.0,BUD
2024-06-24 11:32:00,60.82,60.82,60.78,60.785,2695.0,BUD
2024-06-24 11:31:00,60.83,60.83,60.81,60.81,2975.0,BUD
2024-06-24 11:30:00,60.79,60.84,60.775,60.83,11527.0,BUD
2024-06-24 11:29:00,60.78,60.79,60.775,60.785,2165.0,BUD
2024-06-24 11:28:00,60.765,60.775,60.765,60.775,1102.0,BUD
2024-06-24 11:27:00,60.77,60.77,60.765,60.77,1716.0,BUD
2024-06-24 11:26:00,60.775,60.775,60.76,60.77,1169.0,BUD
2024-06-24 11:25:00,60.77,60.775,60.77,60.77,2111.0,BUD
2024-06-24 11:24:00,60.78,60.78,60.775,60.78,2414.0,BUD
2024-06-24 11:23:00,60.78,60.785,60.76,60.78,3237.0,BUD
2024-06-24 11:22:00,60.81,60.81,60.785,60.785,2130.0,BUD
2024-06-24 11:21:00,60.795,60.815,60.795,60.815,1558.0,BUD
2024-06-24 11:20:00,60.815,60.815,60.79,60.79,2229.0,BUD
2024-06-24 11:19:00,60.785,60.815,60.785,60.815,1273.0,BUD
2024-06-24 11:18:00,60.775,60.785,60.775,60.785,1206.0,BUD
2024-06-24 11:17:00,60.785,60.8,60.78,60.78,5192.0,BUD
2024-06-24 11:16:00,60.785,60.79,60.781,60.785,2135.0,BUD
2024-06-24 11:15:00,60.79,60.795,60.78,60.78,4418.0,BUD
2024-06-24 11:14:00,60.82,60.82,60.795,60.795,3220.0,BUD
2024-06-24 11:13:00,60.795,60.82,60.79,60.82,2390.0,BUD
2024-06-24 11:12:00,60.795,60.795,60.78,60.78,2352.0,BUD
2024-06-24 11:11:00,60.83,60.83,60.8,60.8,3410.0,BUD
2024-06-24 11:10:00,60.81,60.835,60.805,60.835,1448.0,BUD
2024-06-24 11:09:00,60.78,60.815,60.78,60.815,1928.0,BUD
2024-06-24 11:08:00,60.805,60.805,60.785,60.785,1713.0,BUD
2024-06-24 11:07:00,60.845,60.845,60.81,60.81,1817.0,BUD
2024-06-24 11:06:00,60.89,60.89,60.835,60.845,4054.0,BUD
2024-06-24 11:05:00,60.895,60.905,60.895,60.9,2176.0,BUD
2024-06-24 11:04:00,60.86,60.875,60.86,60.875,3850.0,BUD
2024-06-24 11:03:00,60.79,60.87,60.79,60.86,9559.0,BUD
2024-06-24 11:02:00,60.81,60.815,60.795,60.795,1930.0,BUD
2024-06-24 11:01:00,60.77,60.82,60.77,60.815,2579.0,BUD
2024-06-24 11:00:00,60.74,60.78,60.74,60.77,6235.0,BUD
2024-06-24 10:59:00,60.73,60.75,60.72,60.74,6439.0,BUD
2024-06-24 10:58:00,60.735,60.74,60.735,60.735,1431.0,BUD
2024-06-24 10:57:00,60.775,60.775,60.74,60.74,4968.0,BUD
2024-06-24 10:56:00,60.785,60.785,60.775,60.775,1685.0,BUD
2024-06-24 10:55:00,60.79,60.79,60.78,60.79,2666.0,BUD
2024-06-24 10:54:00,60.755,60.77,60.755,60.77,1530.0,BUD
2024-06-24 10:53:00,60.74,60.755,60.735,60.755,2570.0,BUD
2024-06-24 10:52:00,60.75,60.75,60.73,60.735,3056.0,BUD
2024-06-24 10:51:00,60.765,60.765,60.75,60.75,1727.0,BUD
2024-06-24 10:50:00,60.8,60.8,60.77,60.77,3723.0,BUD
2024-06-24 10:49:00,60.8,60.805,60.78,60.79,3716.0,BUD
2024-06-24 10:48:00,60.81,60.81,60.805,60.805,1684.0,BUD
2024-06-24 10:47:00,60.81,60.81,60.795,60.805,2214.0,BUD
2024-06-24 10:46:00,60.8,60.835,60.795,60.81,5491.0,BUD
2024-06-24 10:45:00,60.83,60.83,60.795,60.795,4359.0,BUD
2024-06-24 10:44:00,60.845,60.86,60.835,60.835,7861.0,BUD
2024-06-24 10:43:00,60.815,60.84,60.815,60.84,3633.0,BUD
2024-06-24 10:42:00,60.83,60.83,60.81,60.82,4915.0,BUD
2024-06-24 10:41:00,60.85,60.85,60.835,60.835,6337.0,BUD
2024-06-24 10:40:00,60.855,60.855,60.84,60.85,6108.0,BUD
2024-06-24 10:39:00,60.85,60.86,60.84,60.86,3075.0,BUD
2024-06-24 10:38:00,60.855,60.86,60.84,60.84,4658.0,BUD
2024-06-24 10:37:00,60.84,60.86,60.84,60.86,5729.0,BUD
2024-06-24 10:36:00,60.87,60.875,60.84,60.85,4857.0,BUD
2024-06-24 10:35:00,60.9,60.9,60.87,60.875,3146.0,BUD
2024-06-24 10:34:00,60.9,60.905,60.88,60.905,2854.0,BUD
2024-06-24 10:33:00,60.92,60.92,60.895,60.895,4193.0,BUD
2024-06-24 10:32:00,60.85,60.915,60.835,60.915,5144.0,BUD
2024-06-24 10:31:00,60.84,60.845,60.825,60.84,6288.0,BUD
2024-06-24 10:30:00,60.81,60.83,60.8,60.83,4619.0,BUD
2024-06-24 10:29:00,60.86,60.86,60.81,60.81,18525.0,BUD
2024-06-24 10:28:00,60.895,60.895,60.86,60.86,4877.0,BUD
2024-06-24 10:27:00,60.85,60.89,60.85,60.89,7312.0,BUD
2024-06-24 10:26:00,60.88,60.9,60.855,60.855,5874.0,BUD
2024-06-24 10:25:00,60.87,60.885,60.865,60.885,2055.0,BUD
2024-06-24 10:24:00,60.895,60.895,60.85,60.86,4997.0,BUD
2024-06-24 10:23:00,60.885,60.895,60.885,60.89,3226.0,BUD
2024-06-24 10:22:00,60.89,60.89,60.885,60.885,3096.0,BUD
2024-06-24 10:21:00,60.89,60.89,60.88,60.885,769.0,BUD
2024-06-24 10:20:00,60.92,60.92,60.9,60.9,5605.0,BUD
2024-06-24 10:19:00,60.83,60.9,60.82,60.9,10061.0,BUD
2024-06-24 10:18:00,60.85,60.85,60.8,60.81,30338.0,BUD
2024-06-24 10:17:00,60.87,60.87,60.85,60.85,873.0,BUD
2024-06-24 10:16:00,60.845,60.88,60.845,60.86,3532.0,BUD
2024-06-24 10:15:00,60.825,60.865,60.825,60.85,10185.0,BUD
2024-06-24 10:14:00,60.83,60.83,60.82,60.83,3546.0,BUD
2024-06-24 10:13:00,60.815,60.835,60.81,60.83,6371.0,BUD
2024-06-24 10:12:00,60.82,60.83,60.81,60.819,2927.0,BUD
2024-06-24 10:11:00,60.8,60.83,60.8,60.82,7249.0,BUD
2024-06-24 10:10:00,60.82,60.82,60.81,60.81,2443.0,BUD
2024-06-24 10:09:00,60.82,60.83,60.815,60.815,5005.0,BUD
2024-06-24 10:08:00,60.81,60.82,60.8,60.81,6077.0,BUD
2024-06-24 10:07:00,60.81,60.82,60.8,60.81,1997.0,BUD
2024-06-24 10:06:00,60.83,60.83,60.81,60.81,4670.0,BUD
2024-06-24 10:05:00,60.875,60.875,60.83,60.83,4880.0,BUD
2024-06-24 10:04:00,60.9,60.9,60.87,60.87,1496.0,BUD
2024-06-24 10:03:00,60.9,60.95,60.89,60.91,20601.0,BUD
2024-06-24 10:02:00,60.83,60.905,60.83,60.905,5244.0,BUD
2024-06-24 10:01:00,60.91,60.915,60.83,60.84,5593.0,BUD
2024-06-24 10:00:00,60.92,60.93,60.9,60.92,4516.0,BUD
2024-06-24 09:59:00,60.88,60.9,60.87,60.9,5913.0,BUD
2024-06-24 09:58:00,60.93,60.935,60.89,60.89,1882.0,BUD
2024-06-24 09:57:00,60.91,60.93,60.905,60.91,5366.0,BUD
2024-06-24 09:56:00,60.88,60.9,60.88,60.9,3697.0,BUD
2024-06-24 09:55:00,60.87,60.885,60.86,60.875,2111.0,BUD
2024-06-24 09:54:00,60.89,60.89,60.87,60.87,5618.0,BUD
2024-06-24 09:53:00,60.885,60.895,60.86,60.89,2508.0,BUD
2024-06-24 09:52:00,60.94,60.95,60.88,60.88,7515.0,BUD
2024-06-24 09:51:00,60.929,60.95,60.89,60.945,5309.0,BUD
2024-06-24 09:50:00,60.87,60.94,60.87,60.92,3352.0,BUD
2024-06-24 09:49:00,60.76,60.86,60.76,60.86,4476.0,BUD
2024-06-24 09:48:00,60.77,60.78,60.74,60.76,11014.0,BUD
2024-06-24 09:47:00,60.74,60.77,60.74,60.76,1304.0,BUD
2024-06-24 09:46:00,60.68,60.74,60.68,60.74,7018.0,BUD
2024-06-24 09:45:00,60.645,60.67,60.632,60.665,3640.0,BUD
2024-06-24 09:44:00,60.625,60.65,60.62,60.62,4028.0,BUD
2024-06-24 09:43:00,60.63,60.63,60.6,60.62,4359.0,BUD
2024-06-24 09:42:00,60.63,60.65,60.63,60.64,2220.0,BUD
2024-06-24 09:41:00,60.641,60.65,60.61,60.63,16036.0,BUD
2024-06-24 09:40:00,60.6,60.65,60.6,60.65,2312.0,BUD
2024-06-24 09:39:00,60.61,60.61,60.57,60.59,3886.0,BUD
2024-06-24 09:38:00,60.59,60.605,60.59,60.595,2548.0,BUD
2024-06-24 09:37:00,60.55,60.6,60.55,60.6,4433.0,BUD
2024-06-24 09:36:00,60.55,60.57,60.54,60.54,5270.0,BUD
2024-06-24 09:35:00,60.56,60.57,60.54,60.55,4835.0,BUD
2024-06-24 09:34:00,60.57,60.57,60.55,60.55,4681.0,BUD
2024-06-24 09:33:00,60.64,60.65,60.57,60.57,5816.0,BUD
2024-06-24 09:32:00,60.65,60.66,60.61,60.62,10724.0,BUD
2024-06-24 09:31:00,60.77,60.79,60.65,60.65,12491.0,BUD
2024-06-24 09:30:00,60.61,60.76,60.59,60.755,38455.0,BUD
2024-06-24 09:29:00,60.53,60.57,60.53,60.55,4602.0,BUD
2024-06-24 09:27:00,60.51,60.51,60.51,60.51,100.0,BUD
2024-06-24 09:26:00,60.46,60.46,60.45,60.45,739.0,BUD
2024-06-24 09:25:00,60.45,60.46,60.45,60.46,1100.0,BUD
2024-06-24 09:24:00,60.48,60.48,60.47,60.47,1500.0,BUD
2024-06-24 09:17:00,60.51,60.52,60.51,60.52,33.0,BUD
2024-06-24 09:14:00,60.5,60.5,60.43,60.43,10110.0,BUD
2024-06-24 09:12:00,60.55,60.55,60.55,60.55,4.0,BUD
2024-06-24 09:10:00,60.56,60.56,60.55,60.55,470.0,BUD
2024-06-24 09:08:00,60.53,60.55,60.53,60.55,600.0,BUD
2024-06-24 09:07:00,60.53,60.53,60.53,60.53,4.0,BUD
2024-06-24 09:06:00,60.57,60.57,60.57,60.57,300.0,BUD
2024-06-24 09:05:00,60.56,60.56,60.56,60.56,40.0,BUD
2024-06-24 09:01:00,60.56,60.56,60.56,60.56,10.0,BUD
2024-06-24 09:00:00,60.55,60.55,60.55,60.55,619.0,BUD
2024-06-24 08:50:00,60.58,60.58,60.58,60.58,150.0,BUD
2024-06-24 08:48:00,60.52,60.53,60.52,60.53,45.0,BUD
2024-06-24 08:47:00,60.49,60.49,60.49,60.49,165.0,BUD
2024-06-24 08:45:00,60.49,60.49,60.49,60.49,500.0,BUD
2024-06-24 08:44:00,60.5,60.5,60.5,60.5,1.0,BUD
2024-06-24 08:42:00,60.5,60.5,60.5,60.5,1.0,BUD
2024-06-24 08:41:00,60.44,60.46,60.44,60.46,261.0,BUD
2024-06-24 08:40:00,60.44,60.44,60.44,60.44,10.0,BUD
2024-06-24 08:36:00,60.5,60.5,60.5,60.5,718.0,BUD
2024-06-24 08:35:00,60.53,60.53,60.53,60.53,112.0,BUD
2024-06-24 08:31:00,60.62,60.62,60.6,60.61,640.0,BUD
2024-06-24 08:26:00,60.65,60.65,60.6,60.6,1149.0,BUD
2024-06-24 08:25:00,60.6,60.6,60.6,60.6,2197.0,BUD
2024-06-24 08:24:00,60.62,60.62,60.59,60.59,1960.0,BUD
2024-06-24 08:23:00,60.6,60.6,60.6,60.6,1.0,BUD
2024-06-24 08:22:00,60.58,60.58,60.58,60.58,1.0,BUD
2024-06-24 08:20:00,60.6,60.6,60.6,60.6,1.0,BUD
2024-06-24 08:11:00,60.58,60.61,60.58,60.61,5005.0,BUD
2024-06-24 08:08:00,60.58,60.58,60.58,60.58,2.0,BUD
2024-06-24 08:07:00,60.58,60.58,60.56,60.58,700.0,BUD
2024-06-24 08:05:00,60.58,60.58,60.58,60.58,1.0,BUD
2024-06-24 08:04:00,60.63,60.95,60.1,60.1,433.0,BUD
2024-06-24 08:03:00,60.0,61.0,60.0,61.0,2.0,BUD
2024-06-24 08:02:00,59.06,60.5,59.06,60.5,2.0,BUD
2024-06-24 08:00:00,60.791,60.83,59.06,59.06,2310.0,BUD
2024-06-24 07:57:00,60.66,60.66,60.66,60.66,25.0,BUD
2024-06-24 07:55:00,60.63,60.63,60.6,60.6,20.0,BUD
2024-06-24 07:54:00,60.66,60.66,60.61,60.63,338.0,BUD
2024-06-24 07:53:00,60.66,60.66,60.66,60.66,452.0,BUD
2024-06-24 07:52:00,60.63,60.63,60.63,60.63,102.0,BUD
2024-06-24 07:47:00,60.6,60.6,60.59,60.59,600.0,BUD
2024-06-24 07:43:00,60.58,60.58,60.58,60.58,162.0,BUD
2024-06-24 07:42:00,60.64,60.64,60.63,60.63,307.0,BUD
2024-06-24 07:39:00,60.68,60.68,60.66,60.66,280.0,BUD
2024-06-24 07:35:00,60.65,60.65,60.65,60.65,90.0,BUD
2024-06-24 07:34:00,60.65,60.65,60.64,60.64,60.0,BUD
2024-06-24 07:28:00,60.68,60.68,60.67,60.67,11.0,BUD
2024-06-24 07:27:00,60.71,60.71,60.71,60.71,40.0,BUD
2024-06-24 07:26:00,60.71,60.71,60.71,60.71,9.0,BUD
2024-06-24 07:25:00,60.73,60.73,60.73,60.73,10.0,BUD
2024-06-24 07:16:00,60.76,60.77,60.76,60.77,100.0,BUD
2024-06-24 07:15:00,60.76,60.76,60.76,60.76,20.0,BUD
2024-06-24 07:14:00,60.79,60.79,60.79,60.79,2.0,BUD
2024-06-24 07:13:00,60.77,60.77,60.77,60.77,9.0,BUD
2024-06-24 07:11:00,60.83,60.83,60.77,60.77,520.0,BUD
2024-06-24 07:08:00,60.82,60.82,60.82,60.82,76.0,BUD
2024-06-24 07:07:00,60.87,60.87,60.87,60.87,20.0,BUD
2024-06-24 07:06:00,60.86,60.86,60.86,60.86,1.0,BUD
2024-06-24 07:05:00,60.83,60.84,60.83,60.84,70.0,BUD
2024-06-24 07:04:00,60.83,60.83,60.83,60.83,100.0,BUD
2024-06-24 07:03:00,60.79,60.79,60.78,60.78,300.0,BUD
2024-06-24 07:02:00,60.8,60.8,60.8,60.8,20.0,BUD
2024-06-24 07:01:00,60.83,60.83,60.81,60.81,35.0,BUD
2024-06-24 07:00:00,60.8,60.85,60.78,60.79,1068.0,BUD
2024-06-24 06:36:00,60.69,60.69,60.69,60.69,5.0,BUD
2024-06-24 06:34:00,60.64,60.64,60.64,60.64,200.0,BUD
2024-06-24 06:31:00,60.7,60.7,60.7,60.7,9.0,BUD
2024-06-24 06:29:00,60.7,60.7,60.7,60.7,50.0,BUD
2024-06-24 06:23:00,60.76,60.76,60.76,60.76,2.0,BUD
2024-06-24 06:15:00,60.83,60.83,60.83,60.83,100.0,BUD
2024-06-24 06:06:00,60.77,60.77,60.77,60.77,190.0,BUD
2024-06-24 06:04:00,60.8,60.8,60.76,60.76,375.0,BUD
2024-06-24 05:34:00,60.76,60.76,60.76,60.76,100.0,BUD
2024-06-24 05:16:00,60.81,60.81,60.81,60.81,11.0,BUD
2024-06-24 05:07:00,60.93,60.93,60.93,60.93,10.0,BUD
2024-06-24 05:00:00,60.93,60.93,60.93,60.93,116.0,BUD
2024-06-24 04:53:00,61.0,61.0,61.0,61.0,81.0,BUD
2024-06-24 04:52:00,61.01,61.01,61.0,61.0,81.0,BUD
2024-06-24 04:47:00,60.93,60.93,60.93,60.93,156.0,BUD
2024-06-24 04:43:00,60.85,60.85,60.85,60.85,10.0,BUD
2024-06-24 04:41:00,60.82,60.83,60.82,60.83,15.0,BUD
2024-06-24 04:28:00,60.8,60.81,60.8,60.8,803.0,BUD
2024-06-24 04:14:00,60.74,60.74,60.74,60.74,40.0,BUD
2024-06-24 04:11:00,60.75,60.75,60.75,60.75,20.0,BUD
2024-06-24 04:07:00,60.65,60.68,60.65,60.68,1550.0,BUD
2024-06-24 04:05:00,60.63,60.63,60.63,60.63,232.0,BUD
2024-06-24 04:03:00,60.62,60.63,60.62,60.63,200.0,BUD
2024-06-24 04:02:00,60.63,60.63,60.63,60.63,100.0,BUD
2024-06-24 04:00:00,60.3,60.74,60.3,60.74,2272.0,BUD
2024-06-21 19:58:00,60.3,60.3,60.3,60.3,4.0,BUD
2024-06-21 19:29:00,60.3,60.3,60.3,60.3,1.0,BUD
2024-06-21 19:00:00,59.06,59.06,59.06,59.06,96867.0,BUD
2024-06-21 18:30:00,59.06,59.06,59.06,59.06,96867.0,BUD
2024-06-21 17:09:00,58.12,58.12,58.12,58.12,1.0,BUD
2024-06-21 17:00:00,58.12,58.12,58.12,58.12,47.0,BUD
2024-06-21 16:49:00,59.19,59.19,59.19,59.19,1.0,BUD
2024-06-21 16:38:00,59.19,59.19,59.19,59.19,2.0,BUD
2024-06-21 16:15:00,58.99,59.0,58.99,59.0,232.0,BUD
2024-06-21 16:10:00,59.06,59.06,59.06,59.06,96867.0,BUD
2024-06-21 16:09:00,60.3,60.3,60.3,60.3,1.0,BUD
2024-06-21 16:03:00,59.709,59.709,59.709,59.709,50.0,BUD
2024-06-21 16:00:00,59.04,59.09,59.04,59.06,204081.0,BUD
2024-06-21 15:59:00,59.05,59.09,59.04,59.04,44525.0,BUD
2024-06-21 15:58:00,59.055,59.065,59.03,59.04,17647.0,BUD
2024-06-21 15:57:00,59.065,59.065,59.04,59.055,16723.0,BUD
2024-06-21 15:56:00,59.045,59.08,59.045,59.07,13379.0,BUD
2024-06-21 15:55:00,59.03,59.05,59.01,59.045,16187.0,BUD
2024-06-21 15:54:00,59.035,59.04,59.02,59.035,9621.0,BUD
2024-06-21 15:53:00,58.995,59.035,58.995,59.03,14267.0,BUD
2024-06-21 15:52:00,59.005,59.01,58.99,58.99,9844.0,BUD
2024-06-21 15:51:00,58.985,59.01,58.985,59.005,10366.0,BUD
2024-06-21 15:50:00,58.96,59.02,58.955,58.985,23491.0,BUD
2024-06-21 15:49:00,58.955,58.955,58.94,58.955,6998.0,BUD
2024-06-21 15:48:00,58.955,58.955,58.955,58.955,2095.0,BUD
2024-06-21 15:47:00,58.98,58.98,58.955,58.955,6183.0,BUD
2024-06-21 15:46:00,58.98,58.99,58.975,58.985,3103.0,BUD
2024-06-21 15:45:00,58.99,58.99,58.97,58.98,6023.0,BUD
2024-06-21 15:44:00,58.98,59.0,58.98,58.99,4392.0,BUD
2024-06-21 15:43:00,59.04,59.04,58.975,58.975,9125.0,BUD
2024-06-21 15:42:00,59.03,59.035,59.025,59.03,3407.0,BUD
2024-06-21 15:41:00,59.005,59.03,59.005,59.025,3165.0,BUD
2024-06-21 15:40:00,59.01,59.015,59.0,59.005,6589.0,BUD
2024-06-21 15:39:00,59.01,59.025,59.01,59.015,7456.0,BUD
2024-06-21 15:38:00,59.01,59.015,59.005,59.01,3783.0,BUD
2024-06-21 15:37:00,59.0,59.01,59.0,59.01,5348.0,BUD
2024-06-21 15:36:00,59.02,59.02,59.0,59.005,4431.0,BUD
2024-06-21 15:35:00,58.975,59.0,58.975,59.0,5020.0,BUD
2024-06-21 15:34:00,58.972,58.98,58.97,58.97,15317.0,BUD
2024-06-21 15:33:00,58.965,58.985,58.965,58.97,7843.0,BUD
2024-06-21 15:32:00,58.935,58.98,58.935,58.975,7713.0,BUD
2024-06-21 15:31:00,58.93,58.935,58.93,58.935,1511.0,BUD
2024-06-21 15:30:00,58.93,58.935,58.915,58.93,5796.0,BUD
2024-06-21 15:29:00,58.98,58.98,58.93,58.93,9591.0,BUD
2024-06-21 15:28:00,58.98,58.98,58.98,58.98,621.0,BUD
2024-06-21 15:27:00,58.99,58.99,58.98,58.98,4212.0,BUD
2024-06-21 15:26:00,59.005,59.005,58.99,58.99,1738.0,BUD
2024-06-21 15:25:00,58.99,59.005,58.98,59.005,4977.0,BUD
2024-06-21 15:24:00,58.99,58.995,58.99,58.995,19165.0,BUD
2024-06-21 15:23:00,58.96,58.99,58.96,58.985,7175.0,BUD
2024-06-21 15:22:00,58.955,58.975,58.955,58.965,3718.0,BUD
2024-06-21 15:21:00,58.955,58.955,58.95,58.95,1078.0,BUD
2024-06-21 15:20:00,58.93,58.96,58.92,58.955,4051.0,BUD
2024-06-21 15:19:00,58.92,58.93,58.91,58.925,5086.0,BUD
2024-06-21 15:18:00,58.925,58.925,58.92,58.92,2162.0,BUD
2024-06-21 15:17:00,58.932,58.932,58.92,58.93,3303.0,BUD
2024-06-21 15:16:00,58.925,58.95,58.92,58.935,9229.0,BUD
2024-06-21 15:15:00,58.92,58.94,58.92,58.925,9867.0,BUD
2024-06-21 15:14:00,58.925,58.955,58.915,58.925,26259.0,BUD
2024-06-21 15:13:00,58.97,58.97,58.92,58.925,16249.0,BUD
2024-06-21 15:12:00,58.98,58.99,58.97,58.97,2946.0,BUD
2024-06-21 15:11:00,59.0,59.0,58.98,58.98,1573.0,BUD
2024-06-21 15:10:00,58.99,59.02,58.99,59.01,3654.0,BUD
2024-06-21 15:09:00,59.01,59.01,58.99,58.995,3343.0,BUD
2024-06-21 15:08:00,59.0,59.01,59.0,59.0,6524.0,BUD
2024-06-21 15:07:00,59.03,59.03,58.995,59.0,7295.0,BUD
2024-06-21 15:06:00,59.07,59.07,59.025,59.03,4448.0,BUD
2024-06-21 15:05:00,59.08,59.08,59.07,59.08,3569.0,BUD
2024-06-21 15:04:00,59.095,59.095,59.08,59.08,3184.0,BUD
2024-06-21 15:03:00,59.09,59.1,59.09,59.09,1860.0,BUD
2024-06-21 15:02:00,59.09,59.095,59.09,59.09,1380.0,BUD
2024-06-21 15:01:00,59.09,59.09,59.09,59.09,539.0,BUD
2024-06-21 15:00:00,59.075,59.08,59.075,59.08,1368.0,BUD
2024-06-21 14:59:00,59.08,59.08,59.075,59.08,2055.0,BUD
2024-06-21 14:58:00,59.06,59.09,59.06,59.09,1996.0,BUD
2024-06-21 14:57:00,59.075,59.075,59.06,59.06,1280.0,BUD
2024-06-21 14:56:00,59.09,59.09,59.08,59.08,907.0,BUD
2024-06-21 14:55:00,59.085,59.095,59.085,59.095,1068.0,BUD
2024-06-21 14:54:00,59.095,59.1,59.085,59.09,5206.0,BUD
2024-06-21 14:53:00,59.09,59.09,59.085,59.085,353.0,BUD
2024-06-21 14:52:00,59.07,59.08,59.07,59.08,1649.0,BUD
2024-06-21 14:51:00,59.075,59.08,59.07,59.08,2592.0,BUD
2024-06-21 14:50:00,59.065,59.075,59.065,59.075,697.0,BUD
2024-06-21 14:49:00,59.06,59.07,59.06,59.06,3810.0,BUD
2024-06-21 14:48:00,59.07,59.07,59.065,59.065,2210.0,BUD
2024-06-21 14:47:00,59.075,59.075,59.072,59.072,705.0,BUD
2024-06-21 14:46:00,59.08,59.08,59.08,59.08,262.0,BUD
2024-06-21 14:45:00,59.08,59.085,59.08,59.085,1225.0,BUD
2024-06-21 14:44:00,59.085,59.085,59.07,59.08,1805.0,BUD
2024-06-21 14:43:00,59.105,59.105,59.09,59.09,1852.0,BUD
2024-06-21 14:42:00,59.11,59.12,59.1,59.105,2395.0,BUD
2024-06-21 14:41:00,59.1,59.105,59.085,59.1,7210.0,BUD
2024-06-21 14:40:00,59.105,59.105,59.105,59.105,242.0,BUD
2024-06-21 14:39:00,59.115,59.115,59.105,59.105,630.0,BUD
2024-06-21 14:38:00,59.13,59.145,59.12,59.12,8147.0,BUD
2024-06-21 14:37:00,59.12,59.135,59.12,59.135,1816.0,BUD
2024-06-21 14:36:00,59.13,59.13,59.12,59.125,2629.0,BUD
2024-06-21 14:35:00,59.125,59.13,59.125,59.125,2637.0,BUD
2024-06-21 14:34:00,59.13,59.13,59.12,59.12,3646.0,BUD
2024-06-21 14:33:00,59.13,59.13,59.13,59.13,1289.0,BUD
2024-06-21 14:32:00,59.135,59.14,59.135,59.14,915.0,BUD
2024-06-21 14:31:00,59.14,59.14,59.14,59.14,422.0,BUD
2024-06-21 14:30:00,59.13,59.14,59.125,59.13,4149.0,BUD
2024-06-21 14:29:00,59.135,59.135,59.135,59.135,202.0,BUD
2024-06-21 14:28:00,59.135,59.135,59.135,59.135,231.0,BUD
2024-06-21 14:27:00,59.13,59.138,59.13,59.13,937.0,BUD
2024-06-21 14:26:00,59.12,59.135,59.115,59.135,3148.0,BUD
2024-06-21 14:25:00,59.115,59.115,59.105,59.11,2432.0,BUD
2024-06-21 14:24:00,59.115,59.115,59.11,59.11,1153.0,BUD
2024-06-21 14:23:00,59.11,59.115,59.105,59.115,1345.0,BUD
2024-06-21 14:22:00,59.11,59.115,59.11,59.115,1069.0,BUD
2024-06-21 14:21:00,59.092,59.115,59.092,59.11,6875.0,BUD
2024-06-21 14:20:00,59.095,59.105,59.09,59.097,4636.0,BUD
2024-06-21 14:19:00,59.09,59.1,59.09,59.1,1208.0,BUD
2024-06-21 14:18:00,59.09,59.1,59.09,59.09,2267.0,BUD
2024-06-21 14:17:00,59.085,59.09,59.085,59.09,894.0,BUD
2024-06-21 14:16:00,59.08,59.08,59.08,59.08,157.0,BUD
2024-06-21 14:15:00,59.075,59.085,59.075,59.085,3389.0,BUD
2024-06-21 14:14:00,59.08,59.08,59.075,59.075,998.0,BUD
2024-06-21 14:13:00,59.085,59.085,59.085,59.085,342.0,BUD
2024-06-21 14:12:00,59.08,59.09,59.075,59.085,2572.0,BUD
2024-06-21 14:11:00,59.075,59.08,59.07,59.08,1623.0,BUD
2024-06-21 14:10:00,59.07,59.07,59.065,59.07,1854.0,BUD
2024-06-21 14:09:00,59.06,59.075,59.06,59.07,2270.0,BUD
2024-06-21 14:08:00,59.06,59.06,59.06,59.06,1069.0,BUD
2024-06-21 14:07:00,59.06,59.065,59.06,59.065,1030.0,BUD
2024-06-21 14:06:00,59.06,59.065,59.06,59.065,736.0,BUD
2024-06-21 14:05:00,59.03,59.065,59.03,59.065,1540.0,BUD
2024-06-21 14:04:00,59.04,59.04,59.035,59.035,442.0,BUD
2024-06-21 14:03:00,59.04,59.045,59.03,59.045,2488.0,BUD
2024-06-21 14:02:00,59.075,59.075,59.05,59.06,1838.0,BUD
2024-06-21 14:01:00,59.085,59.09,59.08,59.08,4229.0,BUD
2024-06-21 14:00:00,59.1,59.1,59.09,59.09,1184.0,BUD
2024-06-21 13:59:00,59.105,59.105,59.1,59.1,1124.0,BUD
2024-06-21 13:58:00,59.105,59.105,59.105,59.105,605.0,BUD
2024-06-21 13:57:00,59.115,59.115,59.1,59.105,3028.0,BUD
2024-06-21 13:56:00,59.115,59.115,59.115,59.115,312.0,BUD
2024-06-21 13:55:00,59.105,59.115,59.105,59.115,1741.0,BUD
2024-06-21 13:54:00,59.1,59.105,59.1,59.105,1011.0,BUD
2024-06-21 13:53:00,59.1,59.105,59.095,59.095,2492.0,BUD
2024-06-21 13:52:00,59.09,59.095,59.09,59.095,967.0,BUD
2024-06-21 13:51:00,59.095,59.1,59.08,59.08,2066.0,BUD
2024-06-21 13:49:00,59.075,59.09,59.07,59.09,2112.0,BUD
2024-06-21 13:48:00,59.085,59.1,59.075,59.075,6907.0,BUD
2024-06-21 13:47:00,59.075,59.085,59.075,59.085,4156.0,BUD
2024-06-21 13:46:00,59.08,59.105,59.08,59.08,3122.0,BUD
2024-06-21 13:45:00,59.07,59.075,59.07,59.075,408.0,BUD
2024-06-21 13:44:00,59.06,59.07,59.03,59.07,7388.0,BUD
2024-06-21 13:43:00,59.07,59.09,59.07,59.08,4640.0,BUD
2024-06-21 13:42:00,59.065,59.075,59.06,59.07,1545.0,BUD
2024-06-21 13:41:00,59.065,59.075,59.065,59.065,5678.0,BUD
2024-06-21 13:40:00,59.055,59.06,59.05,59.06,3494.0,BUD
2024-06-21 13:39:00,59.04,59.055,59.04,59.055,1485.0,BUD
2024-06-21 13:38:00,59.035,59.035,59.03,59.03,1068.0,BUD
2024-06-21 13:37:00,59.025,59.025,59.02,59.025,4307.0,BUD
2024-06-21 13:36:00,59.015,59.02,59.015,59.02,1227.0,BUD
2024-06-21 13:35:00,59.03,59.04,59.02,59.02,1494.0,BUD
2024-06-21 13:34:00,59.035,59.035,59.02,59.025,2828.0,BUD
2024-06-21 13:33:00,59.035,59.035,59.035,59.035,1166.0,BUD
2024-06-21 13:32:00,59.04,59.04,59.03,59.034,1015.0,BUD
2024-06-21 13:31:00,59.04,59.045,59.03,59.035,1961.0,BUD
2024-06-21 13:30:00,59.041,59.041,59.041,59.041,722.0,BUD
2024-06-21 13:29:00,59.055,59.055,59.055,59.055,916.0,BUD
2024-06-21 13:28:00,59.05,59.05,59.05,59.05,315.0,BUD
2024-06-21 13:27:00,59.052,59.055,59.052,59.055,382.0,BUD
2024-06-21 13:26:00,59.055,59.055,59.05,59.05,1948.0,BUD
2024-06-21 13:25:00,59.055,59.055,59.05,59.055,1206.0,BUD
2024-06-21 13:24:00,59.045,59.06,59.04,59.06,6049.0,BUD
2024-06-21 13:23:00,59.045,59.045,59.04,59.04,408.0,BUD
2024-06-21 13:22:00,59.08,59.08,59.045,59.045,1472.0,BUD
2024-06-21 13:21:00,59.065,59.08,59.06,59.07,1479.0,BUD
2024-06-21 13:20:00,59.075,59.075,59.065,59.065,1268.0,BUD
2024-06-21 13:19:00,59.06,59.075,59.06,59.075,1539.0,BUD
2024-06-21 13:18:00,59.08,59.08,59.055,59.06,3808.0,BUD
2024-06-21 13:17:00,59.085,59.085,59.085,59.085,340.0,BUD
2024-06-21 13:16:00,59.095,59.095,59.085,59.085,1050.0,BUD
2024-06-21 13:15:00,59.09,59.095,59.09,59.09,2059.0,BUD
2024-06-21 13:13:00,59.085,59.095,59.085,59.095,901.0,BUD
2024-06-21 13:12:00,59.09,59.09,59.09,59.09,134.0,BUD
2024-06-21 13:11:00,59.095,59.095,59.09,59.095,2692.0,BUD
2024-06-21 13:10:00,59.095,59.095,59.095,59.095,420.0,BUD
2024-06-21 13:09:00,59.085,59.095,59.085,59.095,4112.0,BUD
2024-06-21 13:08:00,59.075,59.08,59.065,59.08,5903.0,BUD
2024-06-21 13:07:00,59.075,59.075,59.075,59.075,149.0,BUD
2024-06-21 13:06:00,59.079,59.079,59.07,59.075,460.0,BUD
2024-06-21 13:05:00,59.065,59.09,59.065,59.075,2896.0,BUD
2024-06-21 13:04:00,59.07,59.07,59.06,59.06,780.0,BUD
2024-06-21 13:03:00,59.065,59.065,59.065,59.065,206.0,BUD
2024-06-21 13:02:00,59.07,59.075,59.06,59.065,2297.0,BUD
2024-06-21 13:01:00,59.065,59.07,59.061,59.07,1405.0,BUD
2024-06-21 13:00:00,59.065,59.065,59.065,59.065,396.0,BUD
2024-06-21 12:59:00,59.07,59.07,59.07,59.07,659.0,BUD
2024-06-21 12:56:00,59.065,59.08,59.06,59.075,1760.0,BUD
2024-06-21 12:55:00,59.105,59.105,59.06,59.065,2570.0,BUD
2024-06-21 12:54:00,59.09,59.1,59.09,59.1,343.0,BUD
2024-06-21 12:53:00,59.035,59.08,59.03,59.08,5133.0,BUD
2024-06-21 12:51:00,59.03,59.035,59.03,59.035,764.0,BUD
2024-06-21 12:50:00,59.04,59.05,59.03,59.03,2787.0,BUD
2024-06-21 12:49:00,59.05,59.05,59.045,59.05,1846.0,BUD
2024-06-21 12:48:00,59.035,59.055,59.035,59.055,1992.0,BUD
2024-06-21 12:47:00,59.025,59.035,59.02,59.035,4745.0,BUD
2024-06-21 12:46:00,59.045,59.05,59.025,59.025,4252.0,BUD
2024-06-21 12:45:00,59.06,59.06,59.045,59.045,835.0,BUD
2024-06-21 12:44:00,59.045,59.05,59.045,59.05,463.0,BUD
2024-06-21 12:43:00,59.045,59.055,59.045,59.055,515.0,BUD
2024-06-21 12:42:00,58.995,59.03,58.995,59.03,1710.0,BUD
2024-06-21 12:41:00,58.995,59.005,58.995,58.995,3205.0,BUD
2024-06-21 12:40:00,59.0,59.0,58.99,58.995,2184.0,BUD
2024-06-21 12:39:00,59.005,59.005,59.005,59.005,270.0,BUD
2024-06-21 12:38:00,59.005,59.005,59.0,59.0,802.0,BUD
2024-06-21 12:37:00,59.005,59.005,59.005,59.005,702.0,BUD
2024-06-21 12:36:00,59.0,59.01,59.0,59.005,1081.0,BUD
2024-06-21 12:35:00,58.985,59.005,58.985,59.005,1825.0,BUD
2024-06-21 12:34:00,58.995,58.995,58.98,58.985,2250.0,BUD
2024-06-21 12:32:00,58.995,58.995,58.995,58.995,133.0,BUD
2024-06-21 12:31:00,59.015,59.015,58.995,58.995,3024.0,BUD
2024-06-21 12:30:00,59.01,59.015,59.01,59.015,1543.0,BUD
2024-06-21 12:29:00,59.015,59.015,59.01,59.01,1258.0,BUD
2024-06-21 12:28:00,59.0,59.02,59.0,59.015,9012.0,BUD
2024-06-21 12:27:00,58.985,58.995,58.97,58.995,12308.0,BUD
2024-06-21 12:26:00,58.99,58.99,58.985,58.985,579.0,BUD
2024-06-21 12:25:00,58.975,58.99,58.97,58.985,3012.0,BUD
2024-06-21 12:24:00,58.985,58.985,58.97,58.975,6827.0,BUD
2024-06-21 12:23:00,58.985,58.985,58.985,58.985,1069.0,BUD
2024-06-21 12:22:00,58.985,58.985,58.985,58.985,305.0,BUD
2024-06-21 12:21:00,59.0,59.01,58.995,58.995,1787.0,BUD
2024-06-21 12:20:00,59.0,59.0,58.985,59.0,1412.0,BUD
2024-06-21 12:19:00,58.985,59.01,58.985,59.01,3537.0,BUD
2024-06-21 12:18:00,58.985,58.985,58.985,58.985,322.0,BUD
2024-06-21 12:17:00,58.98,58.99,58.975,58.985,1751.0,BUD
2024-06-21 12:15:00,59.01,59.01,58.99,58.995,1826.0,BUD
2024-06-21 12:14:00,59.015,59.015,59.015,59.015,1678.0,BUD
2024-06-21 12:13:00,59.01,59.015,59.01,59.015,702.0,BUD
2024-06-21 12:10:00,59.015,59.015,59.015,59.015,535.0,BUD
2024-06-21 12:09:00,59.015,59.015,59.015,59.015,299.0,BUD
2024-06-21 12:08:00,59.02,59.02,59.015,59.015,806.0,BUD
2024-06-21 12:07:00,59.01,59.025,59.01,59.021,671.0,BUD
2024-06-21 12:06:00,58.987,58.99,58.987,58.99,356.0,BUD
2024-06-21 12:05:00,58.975,58.98,58.975,58.98,548.0,BUD
2024-06-21 12:04:00,58.985,58.985,58.985,58.985,263.0,BUD
2024-06-21 12:03:00,58.985,59.0,58.985,58.985,1864.0,BUD
2024-06-21 12:02:00,59.0,59.0,58.985,58.985,1311.0,BUD
2024-06-21 12:01:00,59.005,59.01,59.005,59.01,1417.0,BUD
2024-06-21 12:00:00,58.995,59.0,58.98,59.0,1320.0,BUD
2024-06-21 11:59:00,58.975,58.995,58.975,58.995,1347.0,BUD
2024-06-21 11:58:00,58.985,59.0,58.98,58.98,3281.0,BUD
2024-06-21 11:57:00,58.965,58.985,58.965,58.985,1395.0,BUD
2024-06-21 11:56:00,58.96,58.965,58.96,58.965,661.0,BUD
2024-06-21 11:55:00,58.985,58.985,58.955,58.955,4148.0,BUD
2024-06-21 11:54:00,58.97,58.98,58.97,58.98,306.0,BUD
2024-06-21 11:53:00,58.945,58.98,58.945,58.975,1592.0,BUD
2024-06-21 11:52:00,58.945,58.945,58.941,58.941,848.0,BUD
2024-06-21 11:51:00,58.89,58.945,58.89,58.945,4608.0,BUD
2024-06-21 11:50:00,58.905,58.905,58.885,58.885,1454.0,BUD
2024-06-21 11:49:00,58.915,58.935,58.905,58.905,4104.0,BUD
2024-06-21 11:48:00,58.925,58.925,58.915,58.92,3435.0,BUD
2024-06-21 11:47:00,58.925,58.925,58.925,58.925,735.0,BUD
2024-06-21 11:46:00,58.92,58.93,58.91,58.915,1119.0,BUD
2024-06-21 11:45:00,58.91,58.91,58.91,58.91,1437.0,BUD
2024-06-21 11:44:00,58.87,58.93,58.865,58.925,3651.0,BUD
2024-06-21 11:43:00,58.912,58.912,58.875,58.875,5979.0,BUD
2024-06-21 11:42:00,58.865,58.905,58.865,58.905,878.0,BUD
2024-06-21 11:41:00,58.86,58.875,58.81,58.875,6165.0,BUD
2024-06-21 11:40:00,58.82,58.855,58.82,58.855,635.0,BUD
2024-06-21 11:39:00,58.845,58.845,58.82,58.82,2873.0,BUD
2024-06-21 11:38:00,58.84,58.865,58.82,58.83,6040.0,BUD
2024-06-21 11:37:00,58.8,58.835,58.78,58.82,2660.0,BUD
2024-06-21 11:36:00,58.87,58.89,58.795,58.81,14279.0,BUD
2024-06-21 11:35:00,58.82,58.85,58.8,58.835,6940.0,BUD
2024-06-21 11:34:00,58.79,58.81,58.59,58.81,80320.0,BUD
2024-06-21 11:33:00,58.835,58.836,58.8,58.8,17405.0,BUD
2024-06-21 11:32:00,58.835,58.885,58.835,58.855,5833.0,BUD
2024-06-21 11:31:00,58.905,58.905,58.83,58.83,19947.0,BUD
2024-06-21 11:30:00,59.01,59.01,58.9,58.91,20836.0,BUD
2024-06-21 11:29:00,59.04,59.05,59.01,59.01,3306.0,BUD
2024-06-21 11:28:00,59.05,59.055,59.04,59.045,4689.0,BUD
2024-06-21 11:27:00,59.055,59.057,59.05,59.057,2819.0,BUD
2024-06-21 11:26:00,59.05,59.05,59.04,59.045,2558.0,BUD
2024-06-21 11:25:00,59.05,59.06,59.05,59.06,1084.0,BUD
2024-06-21 11:24:00,59.06,59.06,59.06,59.06,1313.0,BUD
2024-06-21 11:23:00,59.08,59.08,59.06,59.065,2821.0,BUD
2024-06-21 11:22:00,59.055,59.085,59.055,59.085,9006.0,BUD
2024-06-21 11:21:00,59.04,59.06,59.04,59.06,3635.0,BUD
2024-06-21 11:20:00,59.045,59.045,59.04,59.04,1395.0,BUD
2024-06-21 11:19:00,59.06,59.07,59.055,59.07,1049.0,BUD
2024-06-21 11:18:00,59.075,59.08,59.07,59.07,1778.0,BUD
2024-06-21 11:17:00,59.07,59.07,59.055,59.07,3051.0,BUD
2024-06-21 11:16:00,59.07,59.095,59.07,59.09,3905.0,BUD
2024-06-21 11:15:00,59.115,59.115,59.08,59.08,2284.0,BUD
2024-06-21 11:14:00,59.13,59.13,59.12,59.12,1335.0,BUD
2024-06-21 11:13:00,59.13,59.14,59.13,59.13,1468.0,BUD
2024-06-21 11:12:00,59.175,59.175,59.145,59.145,2596.0,BUD
2024-06-21 11:11:00,59.15,59.19,59.15,59.18,5415.0,BUD
2024-06-21 11:10:00,59.13,59.16,59.13,59.16,2282.0,BUD
2024-06-21 11:09:00,59.105,59.125,59.105,59.12,1309.0,BUD
2024-06-21 11:08:00,59.05,59.105,59.05,59.105,2301.0,BUD
2024-06-21 11:07:00,59.05,59.05,59.03,59.04,2767.0,BUD
2024-06-21 11:06:00,59.05,59.055,59.05,59.05,777.0,BUD
2024-06-21 11:05:00,59.06,59.06,59.05,59.055,1754.0,BUD
2024-06-21 11:04:00,59.085,59.085,59.08,59.08,483.0,BUD
2024-06-21 11:03:00,59.12,59.12,59.095,59.1,1495.0,BUD
2024-06-21 11:02:00,59.11,59.11,59.11,59.11,288.0,BUD
2024-06-21 11:01:00,59.13,59.15,59.12,59.13,2775.0,BUD
2024-06-21 11:00:00,59.11,59.16,59.11,59.145,5360.0,BUD
2024-06-21 10:59:00,59.145,59.155,59.13,59.13,2010.0,BUD
2024-06-21 10:58:00,59.165,59.165,59.15,59.15,1610.0,BUD
2024-06-21 10:57:00,59.16,59.17,59.16,59.165,1852.0,BUD
2024-06-21 10:56:00,59.15,59.165,59.145,59.165,1378.0,BUD
2024-06-21 10:55:00,59.17,59.185,59.15,59.15,3179.0,BUD
2024-06-21 10:54:00,59.15,59.16,59.145,59.16,747.0,BUD
2024-06-21 10:53:00,59.145,59.16,59.14,59.16,3313.0,BUD
2024-06-21 10:52:00,59.145,59.16,59.145,59.155,2352.0,BUD
2024-06-21 10:51:00,59.15,59.16,59.14,59.15,2160.0,BUD
2024-06-21 10:50:00,59.155,59.16,59.13,59.145,1812.0,BUD
2024-06-21 10:49:00,59.16,59.177,59.16,59.16,7997.0,BUD
2024-06-21 10:48:00,59.145,59.155,59.145,59.155,1209.0,BUD
2024-06-21 10:47:00,59.17,59.175,59.14,59.145,2309.0,BUD
2024-06-21 10:46:00,59.165,59.18,59.16,59.16,2477.0,BUD
2024-06-21 10:45:00,59.165,59.165,59.16,59.16,1712.0,BUD
2024-06-21 10:44:00,59.16,59.165,59.155,59.165,1560.0,BUD
2024-06-21 10:43:00,59.11,59.15,59.11,59.15,3717.0,BUD
2024-06-21 10:42:00,59.13,59.135,59.11,59.11,1888.0,BUD
2024-06-21 10:41:00,59.13,59.145,59.13,59.145,1134.0,BUD
2024-06-21 10:40:00,59.13,59.13,59.125,59.13,1811.0,BUD
2024-06-21 10:39:00,59.14,59.14,59.14,59.14,753.0,BUD
2024-06-21 10:38:00,59.19,59.19,59.151,59.151,1094.0,BUD
2024-06-21 10:37:00,59.195,59.195,59.18,59.19,1530.0,BUD
2024-06-21 10:36:00,59.19,59.205,59.185,59.2,6395.0,BUD
2024-06-21 10:35:00,59.11,59.185,59.11,59.185,3339.0,BUD
2024-06-21 10:34:00,59.115,59.115,59.1,59.1,3544.0,BUD
2024-06-21 10:33:00,59.115,59.125,59.115,59.125,788.0,BUD
2024-06-21 10:32:00,59.13,59.14,59.125,59.125,1197.0,BUD
2024-06-21 10:31:00,59.115,59.134,59.115,59.13,1564.0,BUD
2024-06-21 10:30:00,59.14,59.14,59.13,59.132,3256.0,BUD
2024-06-21 10:29:00,59.16,59.17,59.141,59.15,2972.0,BUD
2024-06-21 10:28:00,59.165,59.18,59.155,59.17,2689.0,BUD
2024-06-21 10:27:00,59.145,59.155,59.11,59.155,5984.0,BUD
2024-06-21 10:26:00,59.12,59.16,59.12,59.16,1375.0,BUD
2024-06-21 10:25:00,59.14,59.15,59.135,59.135,1396.0,BUD
2024-06-21 10:24:00,59.15,59.15,59.13,59.13,605.0,BUD
2024-06-21 10:23:00,59.13,59.13,59.13,59.13,1421.0,BUD
2024-06-21 10:22:00,59.15,59.15,59.14,59.14,790.0,BUD
2024-06-21 10:21:00,59.17,59.17,59.14,59.14,1083.0,BUD
2024-06-21 10:20:00,59.12,59.16,59.12,59.16,2406.0,BUD
2024-06-21 10:19:00,59.1,59.13,59.1,59.13,5032.0,BUD
2024-06-21 10:18:00,59.11,59.12,59.1,59.105,3296.0,BUD
2024-06-21 10:17:00,59.09,59.11,59.09,59.11,3672.0,BUD
2024-06-21 10:16:00,59.07,59.09,59.07,59.09,1881.0,BUD
2024-06-21 10:15:00,59.08,59.08,59.07,59.07,980.0,BUD
2024-06-21 10:14:00,59.04,59.065,59.04,59.06,2793.0,BUD
2024-06-21 10:13:00,59.02,59.07,59.02,59.02,11047.0,BUD
2024-06-21 10:12:00,59.0,59.02,58.995,59.02,3789.0,BUD
2024-06-21 10:11:00,59.02,59.022,59.01,59.01,1532.0,BUD
2024-06-21 10:10:00,59.05,59.05,59.02,59.02,1035.0,BUD
2024-06-21 10:09:00,59.055,59.07,59.055,59.06,2325.0,BUD
2024-06-21 10:08:00,59.035,59.07,59.03,59.06,3345.0,BUD
2024-06-21 10:07:00,59.01,59.01,59.0,59.01,847.0,BUD
2024-06-21 10:06:00,58.99,59.02,58.99,59.015,1670.0,BUD
2024-06-21 10:05:00,58.96,58.99,58.96,58.99,758.0,BUD
2024-06-21 10:04:00,58.93,58.95,58.91,58.94,4567.0,BUD
2024-06-21 10:03:00,58.94,58.94,58.94,58.94,514.0,BUD
2024-06-21 10:02:00,58.955,58.955,58.93,58.93,555.0,BUD
2024-06-21 10:01:00,58.96,58.97,58.93,58.95,2794.0,BUD
2024-06-21 10:00:00,58.95,58.985,58.95,58.95,3953.0,BUD
2024-06-21 09:59:00,58.92,58.93,58.91,58.93,4311.0,BUD
2024-06-21 09:57:00,58.904,58.904,58.904,58.904,959.0,BUD
2024-06-21 09:56:00,58.94,58.94,58.9,58.9,2044.0,BUD
2024-06-21 09:55:00,58.87,58.93,58.87,58.93,2892.0,BUD
2024-06-21 09:54:00,58.87,58.93,58.87,58.93,2724.0,BUD
2024-06-21 09:53:00,58.9,58.91,58.9,58.91,1339.0,BUD
2024-06-21 09:52:00,58.93,58.93,58.925,58.925,1313.0,BUD
2024-06-21 09:51:00,58.91,58.93,58.91,58.93,2363.0,BUD
2024-06-21 09:50:00,58.9,58.92,58.89,58.915,5422.0,BUD
2024-06-21 09:49:00,58.845,58.89,58.845,58.89,2324.0,BUD
2024-06-21 09:48:00,58.84,58.84,58.84,58.84,879.0,BUD
2024-06-21 09:47:00,58.82,58.84,58.81,58.84,3221.0,BUD
2024-06-21 09:46:00,58.81,58.82,58.81,58.82,1256.0,BUD
2024-06-21 09:45:00,58.9,58.9,58.8,58.8,10079.0,BUD
2024-06-21 09:44:00,58.93,58.93,58.92,58.92,759.0,BUD
2024-06-21 09:43:00,58.92,58.92,58.92,58.92,471.0,BUD
2024-06-21 09:42:00,58.92,58.92,58.92,58.92,546.0,BUD
2024-06-21 09:41:00,58.95,58.95,58.94,58.94,1895.0,BUD
2024-06-21 09:39:00,58.98,58.99,58.97,58.97,2118.0,BUD
2024-06-21 09:38:00,58.94,58.94,58.94,58.94,513.0,BUD
2024-06-21 09:37:00,58.97,58.97,58.94,58.94,1915.0,BUD
2024-06-21 09:36:00,58.94,58.98,58.94,58.98,4842.0,BUD
2024-06-21 09:35:00,58.93,58.94,58.92,58.93,3777.0,BUD
2024-06-21 09:34:00,58.9,58.96,58.9,58.945,6477.0,BUD
2024-06-21 09:33:00,58.85,58.89,58.84,58.89,2032.0,BUD
2024-06-21 09:32:00,58.89,58.89,58.84,58.84,4301.0,BUD
2024-06-21 09:31:00,58.89,58.92,58.86,58.9,4470.0,BUD
2024-06-21 09:30:00,58.87,58.92,58.83,58.9,20785.0,BUD
2024-06-21 09:27:00,58.88,58.88,58.88,58.88,15.0,BUD
2024-06-21 09:26:00,58.86,58.86,58.86,58.86,5.0,BUD
2024-06-21 09:23:00,58.9,58.9,58.9,58.9,1000.0,BUD
2024-06-21 09:20:00,58.92,58.93,58.92,58.93,1000.0,BUD
2024-06-21 09:12:00,58.9,58.9,58.9,58.9,30.0,BUD
2024-06-21 09:03:00,58.93,58.93,58.93,58.93,99.0,BUD
2024-06-21 09:02:00,58.95,58.95,58.95,58.95,141.0,BUD
2024-06-21 09:01:00,58.97,58.97,58.97,58.97,107.0,BUD
2024-06-21 09:00:00,58.99,58.99,58.98,58.98,134.0,BUD
2024-06-21 08:57:00,58.92,58.92,58.92,58.92,126.0,BUD
2024-06-21 08:56:00,58.919,58.919,58.9,58.9,9.0,BUD
2024-06-21 08:55:00,58.94,58.94,58.94,58.94,7.0,BUD
2024-06-21 08:53:00,58.95,58.95,58.95,58.95,1.0,BUD
2024-06-21 08:51:00,58.95,58.95,58.95,58.95,50.0,BUD
2024-06-21 08:50:00,58.96,58.97,58.96,58.97,287.0,BUD
2024-06-21 08:49:00,58.96,58.97,58.96,58.96,123.0,BUD
2024-06-21 08:46:00,58.93,58.93,58.93,58.93,56.0,BUD
2024-06-21 08:45:00,58.93,58.93,58.93,58.93,3.0,BUD
2024-06-21 08:44:00,58.93,58.93,58.93,58.93,7.0,BUD
2024-06-21 08:11:00,59.07,59.09,59.07,59.09,9.0,BUD
2024-06-21 08:08:00,65.163,65.163,65.163,65.163,11.0,BUD
2024-06-21 08:06:00,63.765,63.765,63.765,63.765,5.0,BUD
2024-06-21 08:04:00,59.0,59.2,59.0,59.2,18.0,BUD
2024-06-21 08:03:00,59.0,59.23,58.58,58.58,36.0,BUD
2024-06-21 08:02:00,59.24,59.24,58.58,58.58,193.0,BUD
2024-06-21 08:00:00,59.11,59.14,59.08,59.14,1007.0,BUD
2024-06-21 07:47:00,59.08,59.08,59.08,59.08,4.0,BUD
2024-06-21 07:42:00,59.06,59.06,59.06,59.06,13.0,BUD
2024-06-21 07:40:00,59.07,59.07,59.07,59.07,15.0,BUD
2024-06-21 07:39:00,59.07,59.07,59.07,59.07,56.0,BUD
2024-06-21 07:37:00,59.11,59.11,59.1,59.1,378.0,BUD
2024-06-21 07:20:00,59.08,59.08,59.08,59.08,2.0,BUD
2024-06-21 07:17:00,59.1,59.1,59.1,59.1,4.0,BUD
2024-06-21 07:10:00,59.11,59.11,59.11,59.11,35.0,BUD
2024-06-21 07:07:00,59.1,59.1,59.1,59.1,56.0,BUD
2024-06-21 07:00:00,59.0,59.0,59.0,59.0,10.0,BUD
2024-06-21 06:46:00,58.98,58.98,58.98,58.98,100.0,BUD
2024-06-21 06:24:00,58.98,58.98,58.98,58.98,1.0,BUD
2024-06-21 06:08:00,58.99,58.99,58.99,58.99,26.0,BUD
2024-06-21 05:51:00,58.94,58.94,58.94,58.94,163.0,BUD
2024-06-21 05:50:00,59.0,59.0,59.0,59.0,8.0,BUD
2024-06-21 05:02:00,59.09,59.09,59.09,59.09,2.0,BUD
2024-06-21 04:30:00,59.05,59.05,59.05,59.05,4.0,BUD
2024-06-20 19:31:00,59.73,59.73,59.73,59.73,4.0,BUD
2024-06-20 19:00:00,59.24,59.24,59.24,59.24,54912.0,BUD
2024-06-20 18:53:00,59.68,59.68,59.68,59.68,4.0,BUD
2024-06-20 18:38:00,59.26,59.26,59.25,59.25,3.0,BUD
2024-06-20 18:30:00,59.24,59.24,59.24,59.24,54912.0,BUD
2024-06-20 18:09:00,58.76,58.76,58.76,58.76,1.0,BUD
2024-06-20 17:52:00,59.68,59.68,59.68,59.68,2.0,BUD
2024-06-20 17:50:00,59.68,59.68,59.68,59.68,5.0,BUD
2024-06-20 17:47:00,58.76,58.76,58.76,58.76,4.0,BUD
2024-06-20 17:07:00,59.73,59.73,59.73,59.73,1.0,BUD
2024-06-20 16:44:00,59.028,59.028,59.028,59.028,1.0,BUD
2024-06-20 16:42:00,59.74,59.74,59.74,59.74,7.0,BUD
2024-06-20 16:32:00,59.74,59.74,59.74,59.74,10.0,BUD
2024-06-20 16:17:00,59.01,59.74,59.01,59.74,16.0,BUD
2024-06-20 16:10:00,59.24,59.24,59.24,59.24,54912.0,BUD
2024-06-20 16:00:00,59.235,59.24,59.23,59.24,124526.0,BUD
2024-06-20 15:59:00,59.24,59.25,59.215,59.235,26366.0,BUD
2024-06-20 15:58:00,59.25,59.26,59.23,59.24,18636.0,BUD
2024-06-20 15:57:00,59.25,59.255,59.24,59.255,12481.0,BUD
2024-06-20 15:56:00,59.26,59.26,59.25,59.255,7503.0,BUD
2024-06-20 15:55:00,59.245,59.275,59.23,59.25,15965.0,BUD
2024-06-20 15:54:00,59.22,59.26,59.215,59.245,10524.0,BUD
2024-06-20 15:53:00,59.25,59.255,59.22,59.22,8641.0,BUD
2024-06-20 15:52:00,59.26,59.265,59.245,59.255,5309.0,BUD
2024-06-20 15:51:00,59.235,59.26,59.235,59.26,7690.0,BUD
2024-06-20 15:50:00,59.2,59.22,59.18,59.22,11280.0,BUD
2024-06-20 15:49:00,59.22,59.225,59.21,59.21,3620.0,BUD
2024-06-20 15:48:00,59.215,59.215,59.19,59.215,5635.0,BUD
2024-06-20 15:47:00,59.2,59.22,59.2,59.215,4971.0,BUD
2024-06-20 15:46:00,59.2,59.22,59.195,59.2,6999.0,BUD
2024-06-20 15:45:00,59.195,59.205,59.19,59.2,4297.0,BUD
2024-06-20 15:44:00,59.23,59.23,59.21,59.21,3241.0,BUD
2024-06-20 15:43:00,59.24,59.245,59.23,59.23,2662.0,BUD
2024-06-20 15:42:00,59.25,59.26,59.245,59.25,2792.0,BUD
2024-06-20 15:41:00,59.25,59.258,59.245,59.255,3234.0,BUD
2024-06-20 15:40:00,59.26,59.26,59.26,59.26,615.0,BUD
2024-06-20 15:39:00,59.25,59.26,59.245,59.255,1784.0,BUD
2024-06-20 15:38:00,59.24,59.25,59.23,59.25,6325.0,BUD
2024-06-20 15:37:00,59.215,59.26,59.215,59.245,4684.0,BUD
2024-06-20 15:36:00,59.23,59.23,59.215,59.215,2103.0,BUD
2024-06-20 15:35:00,59.24,59.24,59.23,59.235,1165.0,BUD
2024-06-20 15:34:00,59.235,59.245,59.23,59.245,2263.0,BUD
2024-06-20 15:33:00,59.22,59.23,59.22,59.225,1920.0,BUD
2024-06-20 15:32:00,59.19,59.22,59.19,59.22,3464.0,BUD
2024-06-20 15:31:00,59.195,59.205,59.195,59.205,1146.0,BUD
2024-06-20 15:30:00,59.265,59.265,59.2,59.2,3698.0,BUD
2024-06-20 15:29:00,59.26,59.275,59.26,59.27,2428.0,BUD
2024-06-20 15:28:00,59.25,59.25,59.25,59.25,1180.0,BUD
2024-06-20 15:27:00,59.24,59.26,59.24,59.242,4504.0,BUD
2024-06-20 15:26:00,59.24,59.245,59.235,59.24,2127.0,BUD
2024-06-20 15:24:00,59.21,59.235,59.21,59.235,3607.0,BUD
2024-06-20 15:23:00,59.23,59.23,59.211,59.215,1568.0,BUD
2024-06-20 15:22:00,59.23,59.237,59.225,59.237,1464.0,BUD
2024-06-20 15:21:00,59.24,59.24,59.24,59.24,880.0,BUD
2024-06-20 15:20:00,59.255,59.257,59.24,59.255,1282.0,BUD
2024-06-20 15:19:00,59.27,59.27,59.261,59.261,1238.0,BUD
2024-06-20 15:18:00,59.263,59.28,59.26,59.28,3240.0,BUD
2024-06-20 15:17:00,59.27,59.275,59.27,59.27,1276.0,BUD
2024-06-20 15:16:00,59.27,59.278,59.265,59.27,2487.0,BUD
2024-06-20 15:15:00,59.29,59.295,59.265,59.265,3342.0,BUD
2024-06-20 15:14:00,59.3,59.3,59.29,59.29,988.0,BUD
2024-06-20 15:13:00,59.305,59.305,59.28,59.3,3267.0,BUD
2024-06-20 15:12:00,59.325,59.33,59.3,59.3,4609.0,BUD
2024-06-20 15:11:00,59.32,59.32,59.32,59.32,712.0,BUD
2024-06-20 15:10:00,59.33,59.33,59.33,59.33,714.0,BUD
2024-06-20 15:09:00,59.35,59.35,59.33,59.33,1163.0,BUD
2024-06-20 15:08:00,59.315,59.355,59.315,59.355,1539.0,BUD
2024-06-20 15:07:00,59.29,59.32,59.28,59.32,2897.0,BUD
2024-06-20 15:06:00,59.3,59.3,59.295,59.3,2893.0,BUD
2024-06-20 15:05:00,59.3,59.301,59.3,59.3,1674.0,BUD
2024-06-20 15:04:00,59.305,59.305,59.305,59.305,306.0,BUD
2024-06-20 15:03:00,59.295,59.31,59.295,59.31,2740.0,BUD
2024-06-20 15:02:00,59.345,59.345,59.33,59.34,2416.0,BUD
2024-06-20 15:01:00,59.35,59.35,59.34,59.35,1957.0,BUD
2024-06-20 15:00:00,59.35,59.365,59.35,59.35,2258.0,BUD
2024-06-20 14:59:00,59.37,59.37,59.35,59.35,1624.0,BUD
2024-06-20 14:58:00,59.37,59.375,59.37,59.37,2578.0,BUD
2024-06-20 14:57:00,59.361,59.37,59.361,59.37,917.0,BUD
2024-06-20 14:56:00,59.36,59.36,59.36,59.36,1682.0,BUD
2024-06-20 14:55:00,59.37,59.37,59.36,59.365,1844.0,BUD
2024-06-20 14:54:00,59.365,59.365,59.365,59.365,380.0,BUD
2024-06-20 14:53:00,59.362,59.365,59.36,59.36,1212.0,BUD
2024-06-20 14:52:00,59.397,59.397,59.36,59.365,1964.0,BUD
2024-06-20 14:51:00,59.39,59.395,59.383,59.395,1987.0,BUD
2024-06-20 14:50:00,59.369,59.39,59.369,59.385,4023.0,BUD
2024-06-20 14:49:00,59.365,59.365,59.365,59.365,381.0,BUD
2024-06-20 14:48:00,59.36,59.368,59.36,59.368,613.0,BUD
2024-06-20 14:47:00,59.35,59.365,59.35,59.35,2108.0,BUD
2024-06-20 14:46:00,59.335,59.345,59.32,59.345,2761.0,BUD
2024-06-20 14:45:00,59.345,59.345,59.34,59.34,1530.0,BUD
2024-06-20 14:44:00,59.34,59.35,59.34,59.345,967.0,BUD
2024-06-20 14:43:00,59.32,59.34,59.32,59.34,1928.0,BUD
2024-06-20 14:42:00,59.34,59.345,59.33,59.33,904.0,BUD
2024-06-20 14:41:00,59.365,59.365,59.345,59.35,2272.0,BUD
2024-06-20 14:40:00,59.385,59.385,59.36,59.36,991.0,BUD
2024-06-20 14:39:00,59.395,59.395,59.38,59.385,3074.0,BUD
2024-06-20 14:38:00,59.375,59.396,59.375,59.396,2257.0,BUD
2024-06-20 14:37:00,59.36,59.378,59.355,59.378,2584.0,BUD
2024-06-20 14:36:00,59.372,59.38,59.35,59.35,1664.0,BUD
2024-06-20 14:35:00,59.305,59.375,59.305,59.37,6095.0,BUD
2024-06-20 14:34:00,59.305,59.305,59.305,59.305,559.0,BUD
2024-06-20 14:33:00,59.3,59.31,59.3,59.305,6404.0,BUD
2024-06-20 14:32:00,59.31,59.31,59.295,59.295,1963.0,BUD
2024-06-20 14:31:00,59.32,59.32,59.31,59.315,3199.0,BUD
2024-06-20 14:30:00,59.33,59.33,59.33,59.33,1915.0,BUD
2024-06-20 14:29:00,59.339,59.34,59.324,59.324,3720.0,BUD
2024-06-20 14:28:00,59.331,59.331,59.331,59.331,2788.0,BUD
2024-06-20 14:27:00,59.33,59.335,59.33,59.335,559.0,BUD
2024-06-20 14:26:00,59.33,59.34,59.32,59.325,1981.0,BUD
2024-06-20 14:25:00,59.35,59.36,59.34,59.34,7567.0,BUD
2024-06-20 14:24:00,59.34,59.345,59.34,59.345,1647.0,BUD
2024-06-20 14:23:00,59.345,59.345,59.335,59.335,2263.0,BUD
2024-06-20 14:22:00,59.345,59.345,59.345,59.345,401.0,BUD
2024-06-20 14:21:00,59.34,59.34,59.34,59.34,918.0,BUD
2024-06-20 14:20:00,59.33,59.335,59.33,59.335,1000.0,BUD
2024-06-20 14:19:00,59.34,59.34,59.33,59.33,1803.0,BUD
2024-06-20 14:18:00,59.36,59.36,59.34,59.34,1302.0,BUD
2024-06-20 14:17:00,59.35,59.36,59.35,59.35,2807.0,BUD
2024-06-20 14:16:00,59.345,59.345,59.345,59.345,465.0,BUD
2024-06-20 14:15:00,59.34,59.345,59.34,59.34,1115.0,BUD
2024-06-20 14:14:00,59.33,59.33,59.33,59.33,884.0,BUD
2024-06-20 14:13:00,59.32,59.32,59.32,59.32,355.0,BUD
2024-06-20 14:12:00,59.33,59.33,59.32,59.325,2027.0,BUD
2024-06-20 14:11:00,59.33,59.335,59.33,59.335,509.0,BUD
2024-06-20 14:10:00,59.327,59.327,59.327,59.327,225.0,BUD
2024-06-20 14:09:00,59.325,59.325,59.31,59.325,1457.0,BUD
2024-06-20 14:08:00,59.34,59.34,59.325,59.325,1075.0,BUD
2024-06-20 14:07:00,59.34,59.34,59.34,59.34,1156.0,BUD
2024-06-20 14:06:00,59.34,59.34,59.33,59.335,1567.0,BUD
2024-06-20 14:05:00,59.33,59.345,59.33,59.345,507.0,BUD
2024-06-20 14:04:00,59.33,59.35,59.32,59.35,2868.0,BUD
2024-06-20 14:03:00,59.285,59.325,59.28,59.325,5001.0,BUD
2024-06-20 14:02:00,59.3,59.3,59.28,59.28,2222.0,BUD
2024-06-20 14:01:00,59.305,59.305,59.3,59.3,773.0,BUD
2024-06-20 14:00:00,59.3,59.3,59.3,59.3,671.0,BUD
2024-06-20 13:59:00,59.3,59.305,59.3,59.3,1002.0,BUD
2024-06-20 13:58:00,59.293,59.3,59.293,59.3,513.0,BUD
2024-06-20 13:57:00,59.301,59.301,59.3,59.3,537.0,BUD
2024-06-20 13:56:00,59.3,59.3,59.3,59.3,919.0,BUD
2024-06-20 13:55:00,59.3,59.31,59.295,59.31,3076.0,BUD
2024-06-20 13:54:00,59.3,59.305,59.3,59.3,1210.0,BUD
2024-06-20 13:53:00,59.29,59.29,59.29,59.29,1022.0,BUD
2024-06-20 13:52:00,59.28,59.3,59.28,59.3,836.0,BUD
2024-06-20 13:51:00,59.28,59.28,59.275,59.275,689.0,BUD
2024-06-20 13:50:00,59.28,59.28,59.275,59.275,355.0,BUD
2024-06-20 13:49:00,59.3,59.3,59.291,59.291,770.0,BUD
2024-06-20 13:48:00,59.29,59.29,59.29,59.29,1065.0,BUD
2024-06-20 13:47:00,59.29,59.295,59.28,59.28,1745.0,BUD
2024-06-20 13:46:00,59.31,59.32,59.29,59.29,2055.0,BUD
2024-06-20 13:45:00,59.33,59.33,59.31,59.31,1930.0,BUD
2024-06-20 13:44:00,59.34,59.34,59.34,59.34,420.0,BUD
2024-06-20 13:43:00,59.33,59.33,59.33,59.33,417.0,BUD
2024-06-20 13:42:00,59.31,59.33,59.31,59.32,1045.0,BUD
2024-06-20 13:41:00,59.3,59.3,59.3,59.3,399.0,BUD
2024-06-20 13:40:00,59.28,59.309,59.28,59.309,581.0,BUD
2024-06-20 13:39:00,59.27,59.275,59.27,59.275,762.0,BUD
2024-06-20 13:38:00,59.302,59.302,59.28,59.28,1359.0,BUD
2024-06-20 13:37:00,59.305,59.325,59.305,59.31,2478.0,BUD
2024-06-20 13:36:00,59.31,59.31,59.31,59.31,538.0,BUD
2024-06-20 13:34:00,59.29,59.29,59.29,59.29,504.0,BUD
2024-06-20 13:33:00,59.28,59.28,59.28,59.28,543.0,BUD
2024-06-20 13:32:00,59.295,59.295,59.285,59.285,1249.0,BUD
2024-06-20 13:31:00,59.305,59.305,59.305,59.305,548.0,BUD
2024-06-20 13:30:00,59.3,59.3,59.3,59.3,998.0,BUD
2024-06-20 13:29:00,59.265,59.27,59.265,59.27,604.0,BUD
2024-06-20 13:28:00,59.265,59.265,59.265,59.265,320.0,BUD
2024-06-20 13:27:00,59.25,59.26,59.25,59.26,1408.0,BUD
2024-06-20 13:25:00,59.244,59.244,59.244,59.244,367.0,BUD
2024-06-20 13:24:00,59.24,59.25,59.24,59.25,798.0,BUD
2024-06-20 13:23:00,59.23,59.245,59.23,59.24,912.0,BUD
2024-06-20 13:22:00,59.25,59.255,59.23,59.23,4654.0,BUD
2024-06-20 13:21:00,59.27,59.27,59.24,59.245,9304.0,BUD
2024-06-20 13:20:00,59.28,59.28,59.275,59.275,619.0,BUD
2024-06-20 13:19:00,59.27,59.275,59.265,59.275,857.0,BUD
2024-06-20 13:18:00,59.265,59.27,59.265,59.27,441.0,BUD
2024-06-20 13:17:00,59.255,59.26,59.255,59.26,560.0,BUD
2024-06-20 13:16:00,59.24,59.24,59.23,59.23,1020.0,BUD
2024-06-20 13:15:00,59.24,59.24,59.24,59.24,436.0,BUD
2024-06-20 13:14:00,59.26,59.26,59.24,59.24,1074.0,BUD
2024-06-20 13:13:00,59.275,59.275,59.265,59.275,1564.0,BUD
2024-06-20 13:12:00,59.274,59.285,59.27,59.27,950.0,BUD
2024-06-20 13:11:00,59.27,59.275,59.27,59.275,237.0,BUD
2024-06-20 13:10:00,59.27,59.27,59.27,59.27,338.0,BUD
2024-06-20 13:09:00,59.27,59.27,59.27,59.27,388.0,BUD
2024-06-20 13:07:00,59.28,59.28,59.28,59.28,572.0,BUD
2024-06-20 13:06:00,59.275,59.285,59.275,59.275,822.0,BUD
2024-06-20 13:05:00,59.29,59.305,59.28,59.305,2129.0,BUD
2024-06-20 13:04:00,59.29,59.31,59.29,59.305,1204.0,BUD
2024-06-20 13:03:00,59.275,59.28,59.275,59.28,534.0,BUD
2024-06-20 13:02:00,59.27,59.28,59.27,59.28,928.0,BUD
2024-06-20 13:01:00,59.3,59.3,59.28,59.28,806.0,BUD
2024-06-20 13:00:00,59.3,59.3,59.3,59.3,131.0,BUD
2024-06-20 12:59:00,59.325,59.33,59.3,59.3,1613.0,BUD
2024-06-20 12:58:00,59.365,59.365,59.331,59.335,1762.0,BUD
2024-06-20 12:57:00,59.365,59.37,59.36,59.365,1037.0,BUD
2024-06-20 12:56:00,59.365,59.365,59.36,59.36,1482.0,BUD
2024-06-20 12:55:00,59.365,59.365,59.365,59.365,290.0,BUD
2024-06-20 12:54:00,59.365,59.365,59.365,59.365,260.0,BUD
2024-06-20 12:53:00,59.36,59.36,59.36,59.36,333.0,BUD
2024-06-20 12:52:00,59.35,59.355,59.34,59.355,1102.0,BUD
2024-06-20 12:51:00,59.36,59.365,59.35,59.35,692.0,BUD
2024-06-20 12:50:00,59.35,59.365,59.35,59.36,1751.0,BUD
2024-06-20 12:49:00,59.355,59.355,59.35,59.35,592.0,BUD
2024-06-20 12:48:00,59.35,59.35,59.35,59.35,351.0,BUD
2024-06-20 12:47:00,59.35,59.35,59.34,59.34,909.0,BUD
2024-06-20 12:46:00,59.35,59.35,59.35,59.35,732.0,BUD
2024-06-20 12:45:00,59.35,59.35,59.35,59.35,358.0,BUD
2024-06-20 12:44:00,59.33,59.36,59.33,59.355,923.0,BUD
2024-06-20 12:43:00,59.32,59.322,59.32,59.322,353.0,BUD
2024-06-20 12:42:00,59.31,59.31,59.305,59.31,934.0,BUD
2024-06-20 12:41:00,59.3,59.3,59.3,59.3,207.0,BUD
2024-06-20 12:40:00,59.28,59.3,59.28,59.3,1555.0,BUD
2024-06-20 12:39:00,59.295,59.3,59.275,59.275,1378.0,BUD
2024-06-20 12:38:00,59.3,59.312,59.3,59.31,1951.0,BUD
2024-06-20 12:37:00,59.285,59.285,59.285,59.285,330.0,BUD
2024-06-20 12:36:00,59.285,59.295,59.285,59.295,452.0,BUD
2024-06-20 12:35:00,59.27,59.28,59.26,59.28,902.0,BUD
2024-06-20 12:34:00,59.3,59.3,59.27,59.27,832.0,BUD
2024-06-20 12:33:00,59.225,59.31,59.225,59.3,2128.0,BUD
2024-06-20 12:32:00,59.21,59.23,59.21,59.23,1669.0,BUD
2024-06-20 12:31:00,59.27,59.27,59.25,59.25,1386.0,BUD
2024-06-20 12:30:00,59.235,59.265,59.23,59.265,1747.0,BUD
2024-06-20 12:29:00,59.23,59.235,59.23,59.23,830.0,BUD
2024-06-20 12:28:00,59.2,59.235,59.2,59.235,944.0,BUD
2024-06-20 12:27:00,59.195,59.195,59.195,59.195,238.0,BUD
2024-06-20 12:26:00,59.2,59.21,59.19,59.19,940.0,BUD
2024-06-20 12:25:00,59.19,59.2,59.19,59.2,423.0,BUD
2024-06-20 12:24:00,59.23,59.23,59.2,59.2,5883.0,BUD
2024-06-20 12:23:00,59.265,59.265,59.235,59.235,1876.0,BUD
2024-06-20 12:22:00,59.26,59.265,59.26,59.265,1306.0,BUD
2024-06-20 12:21:00,59.295,59.295,59.27,59.275,2046.0,BUD
2024-06-20 12:20:00,59.27,59.3,59.27,59.3,2167.0,BUD
2024-06-20 12:19:00,59.255,59.27,59.255,59.27,1848.0,BUD
2024-06-20 12:18:00,59.255,59.255,59.25,59.252,1773.0,BUD
2024-06-20 12:17:00,59.26,59.265,59.26,59.26,1353.0,BUD
2024-06-20 12:16:00,59.255,59.255,59.255,59.255,523.0,BUD
2024-06-20 12:15:00,59.245,59.25,59.24,59.245,2005.0,BUD
2024-06-20 12:14:00,59.25,59.255,59.25,59.255,808.0,BUD
2024-06-20 12:13:00,59.245,59.25,59.245,59.245,917.0,BUD
2024-06-20 12:12:00,59.275,59.275,59.27,59.27,894.0,BUD
2024-06-20 12:11:00,59.25,59.275,59.25,59.275,2097.0,BUD
2024-06-20 12:10:00,59.26,59.27,59.25,59.25,6007.0,BUD
2024-06-20 12:09:00,59.255,59.26,59.255,59.26,586.0,BUD
2024-06-20 12:08:00,59.255,59.255,59.255,59.255,228.0,BUD
2024-06-20 12:07:00,59.25,59.25,59.25,59.25,477.0,BUD
2024-06-20 12:06:00,59.25,59.255,59.25,59.25,713.0,BUD
2024-06-20 12:05:00,59.25,59.26,59.25,59.25,1613.0,BUD
2024-06-20 12:04:00,59.25,59.25,59.24,59.24,562.0,BUD
2024-06-20 12:03:00,59.27,59.27,59.27,59.27,308.0,BUD
2024-06-20 12:02:00,59.275,59.275,59.275,59.275,386.0,BUD
2024-06-20 12:01:00,59.28,59.28,59.28,59.28,435.0,BUD
2024-06-20 12:00:00,59.27,59.28,59.27,59.28,1977.0,BUD
2024-06-20 11:59:00,59.29,59.29,59.28,59.28,428.0,BUD
2024-06-20 11:58:00,59.3,59.3,59.3,59.3,1020.0,BUD
2024-06-20 11:56:00,59.31,59.31,59.31,59.31,547.0,BUD
2024-06-20 11:55:00,59.325,59.325,59.315,59.315,751.0,BUD
2024-06-20 11:54:00,59.375,59.375,59.335,59.335,1889.0,BUD
2024-06-20 11:53:00,59.4,59.4,59.38,59.38,2482.0,BUD
2024-06-20 11:52:00,59.43,59.43,59.4,59.41,1003.0,BUD
2024-06-20 11:51:00,59.455,59.455,59.44,59.44,962.0,BUD
2024-06-20 11:50:00,59.445,59.455,59.445,59.455,611.0,BUD
2024-06-20 11:49:00,59.45,59.45,59.44,59.445,508.0,BUD
2024-06-20 11:47:00,59.45,59.45,59.44,59.45,601.0,BUD
2024-06-20 11:46:00,59.45,59.45,59.45,59.45,284.0,BUD
2024-06-20 11:45:00,59.455,59.455,59.45,59.45,1143.0,BUD
2024-06-20 11:44:00,59.42,59.46,59.42,59.45,2120.0,BUD
2024-06-20 11:42:00,59.41,59.43,59.38,59.42,5731.0,BUD
2024-06-20 11:41:00,59.39,59.42,59.39,59.41,3168.0,BUD
2024-06-20 11:40:00,59.39,59.4,59.39,59.4,312.0,BUD
2024-06-20 11:39:00,59.41,59.41,59.39,59.395,2749.0,BUD
2024-06-20 11:38:00,59.42,59.42,59.42,59.42,335.0,BUD
2024-06-20 11:37:00,59.42,59.42,59.42,59.42,707.0,BUD
2024-06-20 11:36:00,59.42,59.42,59.41,59.41,1447.0,BUD
2024-06-20 11:35:00,59.43,59.44,59.41,59.41,18446.0,BUD
2024-06-20 11:34:00,59.375,59.42,59.34,59.42,11106.0,BUD
2024-06-20 11:33:00,59.375,59.375,59.365,59.375,1953.0,BUD
2024-06-20 11:32:00,59.375,59.38,59.349,59.365,7721.0,BUD
2024-06-20 11:31:00,59.4,59.4,59.37,59.371,1273.0,BUD
2024-06-20 11:30:00,59.44,59.44,59.41,59.41,1485.0,BUD
2024-06-20 11:29:00,59.42,59.44,59.42,59.44,3019.0,BUD
2024-06-20 11:28:00,59.395,59.42,59.395,59.42,3517.0,BUD
2024-06-20 11:27:00,59.36,59.399,59.36,59.399,2769.0,BUD
2024-06-20 11:25:00,59.36,59.38,59.36,59.37,2345.0,BUD
2024-06-20 11:24:00,59.37,59.37,59.37,59.37,433.0,BUD
2024-06-20 11:23:00,59.35,59.365,59.35,59.365,2048.0,BUD
2024-06-20 11:22:00,59.37,59.38,59.36,59.36,3931.0,BUD
2024-06-20 11:21:00,59.36,59.37,59.35,59.37,2080.0,BUD
2024-06-20 11:20:00,59.36,59.37,59.36,59.36,2595.0,BUD
2024-06-20 11:19:00,59.35,59.35,59.34,59.35,1604.0,BUD
2024-06-20 11:18:00,59.345,59.36,59.345,59.355,2092.0,BUD
2024-06-20 11:17:00,59.345,59.345,59.335,59.335,934.0,BUD
2024-06-20 11:16:00,59.33,59.34,59.33,59.34,891.0,BUD
2024-06-20 11:15:00,59.33,59.34,59.33,59.34,2642.0,BUD
2024-06-20 11:14:00,59.355,59.355,59.35,59.35,1031.0,BUD
2024-06-20 11:13:00,59.345,59.37,59.345,59.37,1682.0,BUD
2024-06-20 11:12:00,59.34,59.34,59.32,59.32,1006.0,BUD
2024-06-20 11:11:00,59.32,59.34,59.32,59.34,2590.0,BUD
2024-06-20 11:10:00,59.32,59.32,59.31,59.31,395.0,BUD
2024-06-20 11:09:00,59.32,59.32,59.32,59.32,265.0,BUD
2024-06-20 11:08:00,59.315,59.34,59.315,59.34,1902.0,BUD
2024-06-20 11:07:00,59.34,59.34,59.34,59.34,255.0,BUD
2024-06-20 11:06:00,59.35,59.35,59.33,59.345,3906.0,BUD
2024-06-20 11:05:00,59.375,59.375,59.36,59.367,803.0,BUD
2024-06-20 11:04:00,59.38,59.385,59.38,59.385,1986.0,BUD
2024-06-20 11:03:00,59.35,59.38,59.35,59.38,1050.0,BUD
2024-06-20 11:02:00,59.37,59.37,59.37,59.37,399.0,BUD
2024-06-20 11:01:00,59.37,59.37,59.36,59.36,2417.0,BUD
2024-06-20 11:00:00,59.37,59.395,59.37,59.38,1313.0,BUD
2024-06-20 10:59:00,59.375,59.38,59.355,59.36,3268.0,BUD
2024-06-20 10:57:00,59.33,59.36,59.33,59.36,2007.0,BUD
2024-06-20 10:56:00,59.325,59.325,59.31,59.32,1685.0,BUD
2024-06-20 10:55:00,59.33,59.335,59.32,59.32,1279.0,BUD
2024-06-20 10:54:00,59.31,59.34,59.31,59.34,2985.0,BUD
2024-06-20 10:53:00,59.32,59.335,59.32,59.33,2162.0,BUD
2024-06-20 10:52:00,59.31,59.32,59.31,59.32,1969.0,BUD
2024-06-20 10:51:00,59.31,59.31,59.31,59.31,593.0,BUD
2024-06-20 10:50:00,59.32,59.32,59.311,59.318,1235.0,BUD
2024-06-20 10:49:00,59.29,59.31,59.29,59.31,1886.0,BUD
2024-06-20 10:48:00,59.31,59.31,59.28,59.28,1451.0,BUD
2024-06-20 10:47:00,59.305,59.32,59.305,59.32,2509.0,BUD
2024-06-20 10:46:00,59.33,59.33,59.3,59.31,2469.0,BUD
2024-06-20 10:45:00,59.335,59.34,59.335,59.34,1779.0,BUD
2024-06-20 10:44:00,59.305,59.31,59.305,59.31,643.0,BUD
2024-06-20 10:42:00,59.29,59.29,59.28,59.29,2150.0,BUD
2024-06-20 10:41:00,59.3,59.3,59.295,59.295,390.0,BUD
2024-06-20 10:40:00,59.3,59.3,59.28,59.3,2955.0,BUD
2024-06-20 10:39:00,59.319,59.319,59.3,59.31,2245.0,BUD
2024-06-20 10:38:00,59.285,59.3,59.28,59.3,5374.0,BUD
2024-06-20 10:37:00,59.23,59.251,59.23,59.251,1312.0,BUD
2024-06-20 10:36:00,59.22,59.23,59.22,59.23,676.0,BUD
2024-06-20 10:35:00,59.22,59.24,59.21,59.23,3358.0,BUD
2024-06-20 10:34:00,59.231,59.235,59.225,59.225,1103.0,BUD
2024-06-20 10:33:00,59.245,59.25,59.24,59.245,2064.0,BUD
2024-06-20 10:32:00,59.25,59.25,59.245,59.25,1474.0,BUD
2024-06-20 10:31:00,59.23,59.245,59.23,59.243,3187.0,BUD
2024-06-20 10:30:00,59.25,59.25,59.23,59.238,2355.0,BUD
2024-06-20 10:29:00,59.25,59.25,59.25,59.25,746.0,BUD
2024-06-20 10:28:00,59.24,59.25,59.24,59.25,3035.0,BUD
2024-06-20 10:27:00,59.24,59.24,59.235,59.235,1115.0,BUD
2024-06-20 10:26:00,59.25,59.265,59.25,59.26,6510.0,BUD
2024-06-20 10:25:00,59.25,59.25,59.245,59.25,763.0,BUD
2024-06-20 10:24:00,59.305,59.305,59.27,59.27,587.0,BUD
2024-06-20 10:23:00,59.29,59.315,59.29,59.315,2445.0,BUD
2024-06-20 10:22:00,59.29,59.29,59.29,59.29,987.0,BUD
2024-06-20 10:21:00,59.29,59.3,59.28,59.29,2246.0,BUD
2024-06-20 10:20:00,59.3,59.3,59.28,59.29,2711.0,BUD
2024-06-20 10:19:00,59.295,59.31,59.29,59.29,4978.0,BUD
2024-06-20 10:18:00,59.34,59.34,59.31,59.31,4114.0,BUD
2024-06-20 10:17:00,59.325,59.325,59.315,59.32,1844.0,BUD
2024-06-20 10:16:00,59.305,59.335,59.305,59.32,20596.0,BUD
2024-06-20 10:15:00,59.3,59.31,59.3,59.307,3801.0,BUD
2024-06-20 10:14:00,59.29,59.3,59.29,59.29,2275.0,BUD
2024-06-20 10:13:00,59.26,59.28,59.26,59.28,1271.0,BUD
2024-06-20 10:12:00,59.26,59.29,59.255,59.256,5667.0,BUD
2024-06-20 10:11:00,59.255,59.255,59.23,59.24,5561.0,BUD
2024-06-20 10:10:00,59.265,59.27,59.26,59.27,3490.0,BUD
2024-06-20 10:09:00,59.275,59.28,59.265,59.265,6329.0,BUD
2024-06-20 10:08:00,59.26,59.28,59.26,59.27,2943.0,BUD
2024-06-20 10:07:00,59.265,59.28,59.265,59.27,3241.0,BUD
2024-06-20 10:06:00,59.25,59.28,59.25,59.27,2041.0,BUD
2024-06-20 10:05:00,59.24,59.265,59.24,59.255,3665.0,BUD
2024-06-20 10:04:00,59.25,59.255,59.24,59.245,1428.0,BUD
2024-06-20 10:03:00,59.25,59.26,59.24,59.24,1887.0,BUD
2024-06-20 10:02:00,59.23,59.245,59.23,59.245,1490.0,BUD
2024-06-20 10:01:00,59.235,59.235,59.235,59.235,290.0,BUD
2024-06-20 10:00:00,59.23,59.241,59.22,59.23,2121.0,BUD
2024-06-20 09:59:00,59.19,59.21,59.19,59.21,1575.0,BUD
2024-06-20 09:58:00,59.2,59.22,59.2,59.22,383.0,BUD
2024-06-20 09:57:00,59.19,59.19,59.18,59.19,1300.0,BUD
2024-06-20 09:56:00,59.19,59.19,59.19,59.19,1307.0,BUD
2024-06-20 09:55:00,59.2,59.2,59.178,59.178,1180.0,BUD
2024-06-20 09:53:00,59.21,59.22,59.19,59.2,3188.0,BUD
2024-06-20 09:52:00,59.16,59.19,59.16,59.19,677.0,BUD
2024-06-20 09:51:00,59.17,59.17,59.16,59.16,974.0,BUD
2024-06-20 09:50:00,59.165,59.19,59.165,59.19,3823.0,BUD
2024-06-20 09:49:00,59.15,59.155,59.15,59.155,901.0,BUD
2024-06-20 09:48:00,59.14,59.14,59.14,59.14,539.0,BUD
2024-06-20 09:47:00,59.15,59.15,59.12,59.13,1999.0,BUD
2024-06-20 09:46:00,59.19,59.19,59.16,59.17,2306.0,BUD
2024-06-20 09:45:00,59.17,59.17,59.16,59.17,1107.0,BUD
2024-06-20 09:44:00,59.166,59.166,59.166,59.166,709.0,BUD
2024-06-20 09:43:00,59.12,59.14,59.12,59.14,1247.0,BUD
2024-06-20 09:41:00,59.09,59.09,59.07,59.07,1121.0,BUD
2024-06-20 09:40:00,59.1,59.1,59.1,59.1,750.0,BUD
2024-06-20 09:39:00,59.1,59.1,59.095,59.095,2074.0,BUD
2024-06-20 09:38:00,59.12,59.12,59.11,59.12,808.0,BUD
2024-06-20 09:37:00,59.07,59.1,59.07,59.1,477.0,BUD
2024-06-20 09:36:00,59.1,59.13,59.1,59.1,4205.0,BUD
2024-06-20 09:35:00,59.06,59.1,59.045,59.09,3502.0,BUD
2024-06-20 09:34:00,59.0,59.05,59.0,59.05,2016.0,BUD
2024-06-20 09:33:00,59.0,59.015,59.0,59.0,1866.0,BUD
2024-06-20 09:32:00,59.0,59.04,59.0,59.01,4801.0,BUD
2024-06-20 09:31:00,59.005,59.005,58.96,58.99,2610.0,BUD
2024-06-20 09:30:00,59.03,59.03,58.98,59.01,23003.0,BUD
2024-06-20 09:16:00,59.01,59.02,59.01,59.02,450.0,BUD
2024-06-20 09:15:00,59.01,59.01,59.01,59.01,8.0,BUD
2024-06-20 09:12:00,59.01,59.01,59.01,59.01,15.0,BUD
2024-06-20 09:08:00,58.98,58.98,58.98,58.98,50.0,BUD
2024-06-20 09:05:00,58.93,58.93,58.93,58.93,2.0,BUD
2024-06-20 09:02:00,58.9,58.9,58.9,58.9,29.0,BUD
2024-06-20 09:00:00,58.95,58.95,58.95,58.95,38.0,BUD
2024-06-20 08:58:00,59.0,59.0,59.0,59.0,66.0,BUD
2024-06-20 08:51:00,59.05,59.05,59.05,59.05,2.0,BUD
2024-06-20 08:50:00,58.96,58.96,58.96,58.96,3.0,BUD
2024-06-20 08:45:00,58.97,58.97,58.97,58.97,15.0,BUD
2024-06-20 08:44:00,58.94,58.94,58.94,58.94,5.0,BUD
2024-06-20 08:43:00,58.98,58.98,58.98,58.98,8.0,BUD
2024-06-20 08:40:00,58.95,58.95,58.95,58.95,1.0,BUD
2024-06-20 08:38:00,58.97,58.97,58.97,58.97,51.0,BUD
2024-06-20 08:36:00,58.98,58.98,58.98,58.98,5.0,BUD
2024-06-20 08:35:00,59.0,59.0,59.0,59.0,5.0,BUD
2024-06-20 08:34:00,59.0,59.0,59.0,59.0,5.0,BUD
2024-06-20 08:30:00,59.0,59.0,59.0,59.0,59.0,BUD
2024-06-20 08:29:00,58.96,58.96,58.96,58.96,6.0,BUD
2024-06-20 08:28:00,59.01,59.01,59.01,59.01,55.0,BUD
2024-06-20 08:26:00,59.035,59.035,59.035,59.035,1.0,BUD
2024-06-20 08:24:00,59.05,59.05,59.05,59.05,35.0,BUD
2024-06-20 08:23:00,58.97,58.97,58.97,58.97,54.0,BUD
2024-06-20 08:10:00,59.01,59.01,59.0,59.0,225.0,BUD
2024-06-20 08:07:00,59.01,59.01,59.0,59.0,26.0,BUD
2024-06-20 08:05:00,58.86,58.86,58.86,58.86,20.0,BUD
2024-06-20 08:04:00,59.0,59.17,58.9,59.0,7.0,BUD
2024-06-20 08:03:00,59.3,59.3,59.12,59.12,2.0,BUD
2024-06-20 08:00:00,59.13,59.2,59.01,59.1,146.0,BUD
2024-06-20 07:00:00,59.06,59.06,59.06,59.06,15.0,BUD
2024-06-20 04:07:00,58.92,58.92,58.92,58.92,4.0,BUD
2024-06-20 04:00:00,58.92,58.92,58.92,58.92,5.0,BUD
2024-06-18 19:22:00,59.17,59.17,59.17,59.17,300.0,BUD
2024-06-18 19:01:00,59.2,59.2,59.2,59.2,1.0,BUD
2024-06-18 19:00:00,59.14,59.14,59.14,59.14,89049.0,BUD
2024-06-18 18:30:00,59.14,59.14,59.14,59.14,89049.0,BUD
2024-06-18 18:20:00,59.17,59.17,59.17,59.17,1.0,BUD
2024-06-18 17:57:00,59.21,59.21,59.21,59.21,10.0,BUD
2024-06-18 17:42:00,59.171,59.171,59.171,59.171,75.0,BUD
2024-06-18 17:05:00,59.2,59.2,59.2,59.2,1.0,BUD
2024-06-18 16:44:00,59.18,59.18,59.18,59.18,5.0,BUD
2024-06-18 16:10:00,59.14,59.14,59.14,59.14,89049.0,BUD
2024-06-18 16:00:00,59.16,59.16,59.14,59.14,180454.0,BUD
2024-06-18 15:59:00,59.16,59.165,59.14,59.16,37216.0,BUD
2024-06-18 15:58:00,59.16,59.19,59.16,59.16,20553.0,BUD
2024-06-18 15:57:00,59.145,59.165,59.13,59.16,22721.0,BUD
2024-06-18 15:56:00,59.17,59.18,59.145,59.145,14173.0,BUD
2024-06-18 15:55:00,59.16,59.165,59.135,59.165,19562.0,BUD
2024-06-18 15:54:00,59.16,59.16,59.15,59.155,8230.0,BUD
2024-06-18 15:53:00,59.14,59.16,59.135,59.16,6674.0,BUD
2024-06-18 15:52:00,59.15,59.15,59.13,59.135,8764.0,BUD
2024-06-18 15:51:00,59.125,59.14,59.12,59.14,6972.0,BUD
2024-06-18 15:50:00,59.14,59.15,59.13,59.13,7140.0,BUD
2024-06-18 15:49:00,59.134,59.135,59.125,59.125,3331.0,BUD
2024-06-18 15:48:00,59.135,59.135,59.13,59.135,2573.0,BUD
2024-06-18 15:47:00,59.141,59.15,59.135,59.135,2837.0,BUD
2024-06-18 15:46:00,59.16,59.16,59.145,59.145,2912.0,BUD
2024-06-18 15:45:00,59.16,59.165,59.152,59.16,3505.0,BUD
2024-06-18 15:44:00,59.17,59.17,59.15,59.155,2484.0,BUD
2024-06-18 15:43:00,59.155,59.165,59.155,59.165,1684.0,BUD
2024-06-18 15:42:00,59.18,59.18,59.15,59.15,2963.0,BUD
2024-06-18 15:41:00,59.18,59.19,59.18,59.19,1251.0,BUD
2024-06-18 15:40:00,59.14,59.17,59.14,59.17,5261.0,BUD
2024-06-18 15:39:00,59.15,59.15,59.145,59.145,1947.0,BUD
2024-06-18 15:38:00,59.155,59.16,59.145,59.145,3793.0,BUD
2024-06-18 15:37:00,59.16,59.16,59.16,59.16,646.0,BUD
2024-06-18 15:36:00,59.132,59.155,59.132,59.155,1563.0,BUD
2024-06-18 15:35:00,59.15,59.15,59.14,59.14,2338.0,BUD
2024-06-18 15:34:00,59.115,59.14,59.115,59.14,3064.0,BUD
2024-06-18 15:33:00,59.15,59.15,59.12,59.12,5538.0,BUD
2024-06-18 15:32:00,59.135,59.16,59.131,59.16,2663.0,BUD
2024-06-18 15:31:00,59.135,59.135,59.12,59.13,3245.0,BUD
2024-06-18 15:30:00,59.155,59.155,59.12,59.13,4017.0,BUD
2024-06-18 15:29:00,59.18,59.18,59.16,59.16,2794.0,BUD
2024-06-18 15:28:00,59.195,59.195,59.18,59.181,2394.0,BUD
2024-06-18 15:27:00,59.19,59.19,59.18,59.185,2531.0,BUD
2024-06-18 15:26:00,59.191,59.195,59.191,59.195,1436.0,BUD
2024-06-18 15:25:00,59.19,59.195,59.183,59.195,4466.0,BUD
2024-06-18 15:24:00,59.185,59.185,59.18,59.185,2878.0,BUD
2024-06-18 15:23:00,59.185,59.185,59.185,59.185,741.0,BUD
2024-06-18 15:22:00,59.18,59.19,59.18,59.181,4201.0,BUD
2024-06-18 15:21:00,59.19,59.19,59.18,59.19,885.0,BUD
2024-06-18 15:20:00,59.185,59.19,59.185,59.185,2464.0,BUD
2024-06-18 15:19:00,59.19,59.19,59.181,59.185,832.0,BUD
2024-06-18 15:18:00,59.18,59.185,59.18,59.185,473.0,BUD
2024-06-18 15:17:00,59.175,59.175,59.17,59.175,1331.0,BUD
2024-06-18 15:15:00,59.16,59.16,59.15,59.16,3488.0,BUD
2024-06-18 15:14:00,59.16,59.17,59.16,59.165,816.0,BUD
2024-06-18 15:13:00,59.16,59.16,59.16,59.16,1379.0,BUD
2024-06-18 15:12:00,59.13,59.155,59.12,59.155,7763.0,BUD
2024-06-18 15:11:00,59.15,59.15,59.13,59.13,5965.0,BUD
2024-06-18 15:10:00,59.16,59.16,59.155,59.155,630.0,BUD
2024-06-18 15:09:00,59.15,59.151,59.15,59.151,942.0,BUD
2024-06-18 15:08:00,59.15,59.15,59.15,59.15,658.0,BUD
2024-06-18 15:07:00,59.14,59.14,59.14,59.14,1220.0,BUD
2024-06-18 15:06:00,59.145,59.155,59.14,59.15,3266.0,BUD
2024-06-18 15:04:00,59.13,59.14,59.13,59.14,1100.0,BUD
2024-06-18 15:03:00,59.16,59.16,59.13,59.135,3139.0,BUD
2024-06-18 15:02:00,59.17,59.175,59.17,59.17,928.0,BUD
2024-06-18 15:01:00,59.18,59.18,59.17,59.17,4242.0,BUD
2024-06-18 15:00:00,59.165,59.185,59.16,59.185,3030.0,BUD
2024-06-18 14:59:00,59.165,59.17,59.16,59.17,797.0,BUD
2024-06-18 14:58:00,59.165,59.165,59.16,59.16,497.0,BUD
2024-06-18 14:57:00,59.161,59.165,59.161,59.165,954.0,BUD
2024-06-18 14:56:00,59.16,59.16,59.155,59.16,2171.0,BUD
2024-06-18 14:55:00,59.164,59.164,59.151,59.16,4307.0,BUD
2024-06-18 14:54:00,59.167,59.167,59.165,59.165,488.0,BUD
2024-06-18 14:53:00,59.165,59.168,59.165,59.168,1130.0,BUD
2024-06-18 14:52:00,59.168,59.17,59.165,59.165,2383.0,BUD
2024-06-18 14:51:00,59.18,59.18,59.16,59.17,1741.0,BUD
2024-06-18 14:50:00,59.175,59.175,59.171,59.171,512.0,BUD
2024-06-18 14:49:00,59.175,59.175,59.17,59.17,355.0,BUD
2024-06-18 14:48:00,59.171,59.171,59.17,59.17,1000.0,BUD
2024-06-18 14:47:00,59.18,59.18,59.16,59.175,2511.0,BUD
2024-06-18 14:46:00,59.185,59.185,59.185,59.185,280.0,BUD
2024-06-18 14:45:00,59.175,59.19,59.175,59.19,818.0,BUD
2024-06-18 14:44:00,59.18,59.18,59.175,59.175,735.0,BUD
2024-06-18 14:43:00,59.19,59.19,59.18,59.18,1940.0,BUD
2024-06-18 14:42:00,59.17,59.2,59.16,59.2,3881.0,BUD
2024-06-18 14:41:00,59.17,59.175,59.16,59.17,2547.0,BUD
2024-06-18 14:40:00,59.17,59.175,59.17,59.175,1390.0,BUD
2024-06-18 14:39:00,59.16,59.162,59.16,59.162,619.0,BUD
2024-06-18 14:38:00,59.15,59.162,59.15,59.16,1365.0,BUD
2024-06-18 14:37:00,59.16,59.175,59.15,59.15,3089.0,BUD
2024-06-18 14:36:00,59.19,59.19,59.17,59.17,1782.0,BUD
2024-06-18 14:35:00,59.185,59.195,59.17,59.195,12917.0,BUD
2024-06-18 14:34:00,59.19,59.19,59.164,59.185,8190.0,BUD
2024-06-18 14:33:00,59.195,59.195,59.19,59.19,1144.0,BUD
2024-06-18 14:32:00,59.19,59.205,59.19,59.19,2842.0,BUD
2024-06-18 14:31:00,59.2,59.205,59.185,59.185,4697.0,BUD
2024-06-18 14:30:00,59.205,59.209,59.2,59.205,1252.0,BUD
2024-06-18 14:29:00,59.21,59.215,59.2,59.2,1137.0,BUD
2024-06-18 14:28:00,59.221,59.225,59.215,59.215,2320.0,BUD
2024-06-18 14:27:00,59.21,59.23,59.21,59.225,1405.0,BUD
2024-06-18 14:26:00,59.185,59.22,59.185,59.215,3400.0,BUD
2024-06-18 14:25:00,59.2,59.2,59.18,59.185,5303.0,BUD
2024-06-18 14:23:00,59.195,59.2,59.195,59.2,773.0,BUD
2024-06-18 14:22:00,59.207,59.207,59.195,59.2,1537.0,BUD
2024-06-18 14:21:00,59.205,59.21,59.205,59.205,1016.0,BUD
2024-06-18 14:20:00,59.21,59.21,59.205,59.205,546.0,BUD
2024-06-18 14:19:00,59.215,59.215,59.215,59.215,200.0,BUD
2024-06-18 14:18:00,59.21,59.21,59.21,59.21,1351.0,BUD
2024-06-18 14:17:00,59.225,59.225,59.21,59.21,1677.0,BUD
2024-06-18 14:15:00,59.23,59.23,59.225,59.225,505.0,BUD
2024-06-18 14:14:00,59.23,59.23,59.23,59.23,1154.0,BUD
2024-06-18 14:13:00,59.27,59.275,59.25,59.255,4414.0,BUD
2024-06-18 14:12:00,59.26,59.26,59.26,59.26,214.0,BUD
2024-06-18 14:11:00,59.26,59.26,59.255,59.256,1926.0,BUD
2024-06-18 14:10:00,59.21,59.24,59.21,59.24,2639.0,BUD
2024-06-18 14:09:00,59.202,59.202,59.202,59.202,299.0,BUD
2024-06-18 14:08:00,59.235,59.235,59.21,59.21,2318.0,BUD
2024-06-18 14:07:00,59.23,59.235,59.23,59.232,456.0,BUD
2024-06-18 14:06:00,59.23,59.23,59.23,59.23,1489.0,BUD
2024-06-18 14:05:00,59.235,59.235,59.235,59.235,271.0,BUD
2024-06-18 14:04:00,59.23,59.23,59.23,59.23,824.0,BUD
2024-06-18 14:03:00,59.22,59.22,59.21,59.22,1589.0,BUD
2024-06-18 14:02:00,59.26,59.265,59.25,59.25,3540.0,BUD
2024-06-18 14:01:00,59.25,59.255,59.25,59.25,818.0,BUD
2024-06-18 14:00:00,59.305,59.305,59.245,59.245,1529.0,BUD
2024-06-18 13:59:00,59.29,59.31,59.29,59.31,1557.0,BUD
2024-06-18 13:58:00,59.275,59.29,59.275,59.285,890.0,BUD
2024-06-18 13:57:00,59.275,59.275,59.265,59.265,1045.0,BUD
2024-06-18 13:56:00,59.275,59.275,59.274,59.274,785.0,BUD
2024-06-18 13:55:00,59.27,59.27,59.27,59.27,483.0,BUD
2024-06-18 13:54:00,59.272,59.275,59.26,59.26,1287.0,BUD
2024-06-18 13:52:00,59.26,59.27,59.26,59.27,902.0,BUD
2024-06-18 13:51:00,59.271,59.271,59.265,59.265,1267.0,BUD
2024-06-18 13:50:00,59.275,59.275,59.275,59.275,761.0,BUD
2024-06-18 13:49:00,59.275,59.275,59.275,59.275,423.0,BUD
2024-06-18 13:48:00,59.27,59.275,59.27,59.275,367.0,BUD
2024-06-18 13:47:00,59.27,59.28,59.27,59.28,989.0,BUD
2024-06-18 13:45:00,59.265,59.27,59.26,59.27,647.0,BUD
2024-06-18 13:44:00,59.271,59.271,59.265,59.27,843.0,BUD
2024-06-18 13:43:00,59.27,59.275,59.265,59.27,1454.0,BUD
2024-06-18 13:42:00,59.279,59.279,59.279,59.279,208.0,BUD
2024-06-18 13:41:00,59.28,59.28,59.27,59.27,761.0,BUD
2024-06-18 13:40:00,59.285,59.285,59.285,59.285,137.0,BUD
2024-06-18 13:39:00,59.3,59.3,59.275,59.275,893.0,BUD
2024-06-18 13:38:00,59.315,59.33,59.305,59.305,2155.0,BUD
2024-06-18 13:37:00,59.26,59.3,59.26,59.3,1802.0,BUD
2024-06-18 13:36:00,59.24,59.245,59.24,59.245,1830.0,BUD
2024-06-18 13:35:00,59.245,59.25,59.24,59.24,819.0,BUD
2024-06-18 13:34:00,59.24,59.245,59.24,59.245,919.0,BUD
2024-06-18 13:33:00,59.235,59.25,59.235,59.245,2798.0,BUD
2024-06-18 13:32:00,59.205,59.235,59.2,59.235,4310.0,BUD
2024-06-18 13:31:00,59.225,59.225,59.205,59.205,1203.0,BUD
2024-06-18 13:30:00,59.225,59.23,59.225,59.225,781.0,BUD
2024-06-18 13:29:00,59.225,59.225,59.22,59.222,620.0,BUD
2024-06-18 13:28:00,59.235,59.235,59.22,59.23,1266.0,BUD
2024-06-18 13:27:00,59.245,59.245,59.23,59.23,1824.0,BUD
2024-06-18 13:26:00,59.245,59.245,59.245,59.245,464.0,BUD
2024-06-18 13:25:00,59.245,59.245,59.245,59.245,427.0,BUD
2024-06-18 13:24:00,59.235,59.24,59.23,59.235,1723.0,BUD
2024-06-18 13:23:00,59.225,59.235,59.22,59.235,2195.0,BUD
2024-06-18 13:22:00,59.225,59.225,59.22,59.22,3556.0,BUD
2024-06-18 13:21:00,59.22,59.225,59.22,59.225,2520.0,BUD
2024-06-18 13:20:00,59.22,59.23,59.22,59.22,2845.0,BUD
2024-06-18 13:19:00,59.22,59.225,59.22,59.225,985.0,BUD
2024-06-18 13:18:00,59.21,59.215,59.21,59.215,995.0,BUD
2024-06-18 13:17:00,59.21,59.215,59.21,59.215,973.0,BUD
2024-06-18 13:16:00,59.21,59.21,59.21,59.21,416.0,BUD
2024-06-18 13:15:00,59.22,59.23,59.21,59.21,2383.0,BUD
2024-06-18 13:14:00,59.225,59.24,59.22,59.22,8362.0,BUD
2024-06-18 13:13:00,59.23,59.23,59.23,59.23,256.0,BUD
2024-06-18 13:12:00,59.235,59.24,59.23,59.23,1693.0,BUD
2024-06-18 13:11:00,59.235,59.235,59.23,59.235,3609.0,BUD
2024-06-18 13:10:00,59.245,59.245,59.235,59.235,964.0,BUD
2024-06-18 13:09:00,59.24,59.25,59.235,59.241,2126.0,BUD
2024-06-18 13:08:00,59.235,59.235,59.235,59.235,210.0,BUD
2024-06-18 13:07:00,59.225,59.24,59.225,59.225,4104.0,BUD
2024-06-18 13:06:00,59.245,59.245,59.225,59.225,2151.0,BUD
2024-06-18 13:05:00,59.245,59.245,59.243,59.245,518.0,BUD
2024-06-18 13:04:00,59.245,59.25,59.245,59.25,343.0,BUD
2024-06-18 13:03:00,59.245,59.245,59.24,59.245,1559.0,BUD
2024-06-18 13:02:00,59.23,59.25,59.22,59.24,5531.0,BUD
2024-06-18 13:01:00,59.25,59.25,59.22,59.23,2701.0,BUD
2024-06-18 13:00:00,59.28,59.28,59.27,59.27,1464.0,BUD
2024-06-18 12:58:00,59.28,59.28,59.28,59.28,131.0,BUD
2024-06-18 12:57:00,59.3,59.3,59.29,59.29,1153.0,BUD
2024-06-18 12:55:00,59.3,59.305,59.3,59.305,1073.0,BUD
2024-06-18 12:54:00,59.315,59.315,59.3,59.3,1809.0,BUD
2024-06-18 12:53:00,59.315,59.32,59.315,59.315,858.0,BUD
2024-06-18 12:52:00,59.315,59.32,59.315,59.32,2831.0,BUD
2024-06-18 12:51:00,59.31,59.31,59.305,59.305,3006.0,BUD
2024-06-18 12:50:00,59.305,59.31,59.305,59.305,956.0,BUD
2024-06-18 12:49:00,59.307,59.315,59.305,59.305,1589.0,BUD
2024-06-18 12:48:00,59.305,59.305,59.305,59.305,530.0,BUD
2024-06-18 12:47:00,59.27,59.305,59.265,59.3,5038.0,BUD
2024-06-18 12:46:00,59.295,59.295,59.265,59.265,7192.0,BUD
2024-06-18 12:45:00,59.295,59.3,59.295,59.295,977.0,BUD
2024-06-18 12:42:00,59.305,59.31,59.295,59.295,1050.0,BUD
2024-06-18 12:40:00,59.28,59.28,59.28,59.28,596.0,BUD
2024-06-18 12:39:00,59.27,59.27,59.265,59.265,705.0,BUD
2024-06-18 12:38:00,59.27,59.272,59.27,59.272,528.0,BUD
2024-06-18 12:37:00,59.27,59.27,59.27,59.27,651.0,BUD
2024-06-18 12:36:00,59.264,59.265,59.26,59.26,661.0,BUD
2024-06-18 12:35:00,59.28,59.28,59.265,59.265,923.0,BUD
2024-06-18 12:34:00,59.29,59.29,59.275,59.275,807.0,BUD
2024-06-18 12:33:00,59.29,59.29,59.29,59.29,2048.0,BUD
2024-06-18 12:32:00,59.255,59.28,59.255,59.275,4573.0,BUD
2024-06-18 12:31:00,59.255,59.255,59.255,59.255,453.0,BUD
2024-06-18 12:30:00,59.27,59.27,59.265,59.265,986.0,BUD
2024-06-18 12:29:00,59.28,59.28,59.275,59.275,301.0,BUD
2024-06-18 12:28:00,59.285,59.29,59.28,59.28,2611.0,BUD
2024-06-18 12:26:00,59.28,59.3,59.28,59.3,1835.0,BUD
2024-06-18 12:25:00,59.265,59.27,59.265,59.27,1025.0,BUD
2024-06-18 12:23:00,59.265,59.27,59.265,59.27,1201.0,BUD
2024-06-18 12:22:00,59.3,59.3,59.28,59.28,1313.0,BUD
2024-06-18 12:21:00,59.3,59.31,59.3,59.305,1324.0,BUD
2024-06-18 12:20:00,59.306,59.306,59.306,59.306,264.0,BUD
2024-06-18 12:19:00,59.32,59.32,59.305,59.305,913.0,BUD
2024-06-18 12:18:00,59.35,59.35,59.33,59.33,1597.0,BUD
2024-06-18 12:17:00,59.345,59.35,59.34,59.34,642.0,BUD
2024-06-18 12:16:00,59.335,59.342,59.335,59.342,1122.0,BUD
2024-06-18 12:15:00,59.35,59.35,59.35,59.35,385.0,BUD
2024-06-18 12:13:00,59.34,59.34,59.34,59.34,255.0,BUD
2024-06-18 12:12:00,59.34,59.355,59.34,59.34,1232.0,BUD
2024-06-18 12:11:00,59.332,59.34,59.33,59.34,1282.0,BUD
2024-06-18 12:10:00,59.34,59.345,59.332,59.332,525.0,BUD
2024-06-18 12:09:00,59.34,59.34,59.335,59.335,388.0,BUD
2024-06-18 12:07:00,59.335,59.335,59.335,59.335,394.0,BUD
2024-06-18 12:06:00,59.335,59.335,59.33,59.33,537.0,BUD
2024-06-18 12:05:00,59.32,59.335,59.32,59.33,634.0,BUD
2024-06-18 12:04:00,59.305,59.31,59.301,59.31,973.0,BUD
2024-06-18 12:03:00,59.295,59.3,59.295,59.3,499.0,BUD
2024-06-18 12:02:00,59.3,59.3,59.3,59.3,189.0,BUD
2024-06-18 12:01:00,59.29,59.29,59.29,59.29,443.0,BUD
2024-06-18 12:00:00,59.295,59.295,59.295,59.295,152.0,BUD
2024-06-18 11:59:00,59.29,59.31,59.285,59.3,1124.0,BUD
2024-06-18 11:58:00,59.285,59.29,59.285,59.29,758.0,BUD
2024-06-18 11:57:00,59.31,59.31,59.28,59.28,2096.0,BUD
2024-06-18 11:56:00,59.32,59.32,59.315,59.315,605.0,BUD
2024-06-18 11:55:00,59.3,59.33,59.3,59.33,4641.0,BUD
2024-06-18 11:54:00,59.31,59.31,59.305,59.305,811.0,BUD
2024-06-18 11:53:00,59.31,59.31,59.31,59.31,321.0,BUD
2024-06-18 11:51:00,59.31,59.31,59.31,59.31,405.0,BUD
2024-06-18 11:50:00,59.315,59.315,59.315,59.315,2445.0,BUD
2024-06-18 11:49:00,59.3,59.31,59.3,59.31,503.0,BUD
2024-06-18 11:48:00,59.31,59.31,59.31,59.31,313.0,BUD
2024-06-18 11:47:00,59.31,59.31,59.31,59.31,509.0,BUD
2024-06-18 11:46:00,59.33,59.33,59.315,59.315,697.0,BUD
2024-06-18 11:45:00,59.33,59.33,59.325,59.325,436.0,BUD
2024-06-18 11:44:00,59.325,59.33,59.32,59.32,1363.0,BUD
2024-06-18 11:43:00,59.31,59.32,59.31,59.32,768.0,BUD
2024-06-18 11:41:00,59.31,59.31,59.29,59.29,1071.0,BUD
2024-06-18 11:40:00,59.315,59.315,59.315,59.315,129.0,BUD
2024-06-18 11:39:00,59.332,59.332,59.32,59.32,975.0,BUD
2024-06-18 11:38:00,59.33,59.34,59.315,59.34,2142.0,BUD
2024-06-18 11:37:00,59.329,59.33,59.325,59.33,1169.0,BUD
2024-06-18 11:36:00,59.325,59.325,59.32,59.32,315.0,BUD
2024-06-18 11:35:00,59.34,59.34,59.325,59.325,1818.0,BUD
2024-06-18 11:34:00,59.315,59.35,59.315,59.35,4452.0,BUD
2024-06-18 11:33:00,59.33,59.33,59.315,59.32,1728.0,BUD
2024-06-18 11:32:00,59.36,59.37,59.35,59.36,10204.0,BUD
2024-06-18 11:31:00,59.32,59.35,59.32,59.35,2179.0,BUD
2024-06-18 11:30:00,59.3,59.32,59.3,59.32,5167.0,BUD
2024-06-18 11:29:00,59.295,59.295,59.295,59.295,1087.0,BUD
2024-06-18 11:28:00,59.31,59.31,59.3,59.3,2025.0,BUD
2024-06-18 11:27:00,59.33,59.33,59.31,59.31,2234.0,BUD
2024-06-18 11:26:00,59.335,59.335,59.33,59.33,1184.0,BUD
2024-06-18 11:25:00,59.33,59.34,59.33,59.34,2042.0,BUD
2024-06-18 11:24:00,59.329,59.33,59.32,59.33,2578.0,BUD
2024-06-18 11:23:00,59.34,59.34,59.33,59.33,1353.0,BUD
2024-06-18 11:22:00,59.37,59.37,59.35,59.35,1184.0,BUD
2024-06-18 11:21:00,59.37,59.371,59.37,59.37,2660.0,BUD
2024-06-18 11:20:00,59.365,59.37,59.36,59.37,1531.0,BUD
2024-06-18 11:19:00,59.365,59.365,59.355,59.355,1134.0,BUD
2024-06-18 11:18:00,59.37,59.37,59.365,59.37,1263.0,BUD
2024-06-18 11:17:00,59.355,59.36,59.35,59.36,1947.0,BUD
2024-06-18 11:16:00,59.4,59.41,59.35,59.35,7884.0,BUD
2024-06-18 11:15:00,59.34,59.405,59.34,59.4,14951.0,BUD
2024-06-18 11:14:00,59.325,59.335,59.325,59.335,2027.0,BUD
2024-06-18 11:13:00,59.37,59.37,59.33,59.331,2675.0,BUD
2024-06-18 11:12:00,59.36,59.37,59.36,59.365,1252.0,BUD
2024-06-18 11:11:00,59.33,59.35,59.33,59.35,1192.0,BUD
2024-06-18 11:10:00,59.34,59.34,59.335,59.335,1379.0,BUD
2024-06-18 11:09:00,59.345,59.35,59.345,59.35,583.0,BUD
2024-06-18 11:08:00,59.335,59.335,59.335,59.335,195.0,BUD
2024-06-18 11:07:00,59.365,59.37,59.33,59.33,5128.0,BUD
2024-06-18 11:06:00,59.32,59.35,59.32,59.35,2845.0,BUD
2024-06-18 11:05:00,59.32,59.32,59.305,59.31,2733.0,BUD
2024-06-18 11:04:00,59.29,59.32,59.29,59.32,1506.0,BUD
2024-06-18 11:03:00,59.31,59.31,59.285,59.285,1269.0,BUD
2024-06-18 11:02:00,59.325,59.325,59.325,59.325,290.0,BUD
2024-06-18 11:01:00,59.31,59.325,59.305,59.325,1603.0,BUD
2024-06-18 11:00:00,59.29,59.33,59.28,59.31,4545.0,BUD
2024-06-18 10:59:00,59.23,59.31,59.23,59.26,2028.0,BUD
2024-06-18 10:58:00,59.23,59.23,59.23,59.23,543.0,BUD
2024-06-18 10:57:00,59.24,59.24,59.23,59.23,822.0,BUD
2024-06-18 10:56:00,59.26,59.26,59.25,59.25,1282.0,BUD
2024-06-18 10:55:00,59.245,59.26,59.245,59.26,1645.0,BUD
2024-06-18 10:54:00,59.26,59.27,59.26,59.26,1091.0,BUD
2024-06-18 10:53:00,59.27,59.27,59.25,59.254,1358.0,BUD
2024-06-18 10:52:00,59.28,59.28,59.27,59.27,1717.0,BUD
2024-06-18 10:51:00,59.3,59.3,59.3,59.3,679.0,BUD
2024-06-18 10:50:00,59.335,59.335,59.32,59.32,1266.0,BUD
2024-06-18 10:49:00,59.363,59.363,59.345,59.345,478.0,BUD
2024-06-18 10:48:00,59.36,59.36,59.36,59.36,1105.0,BUD
2024-06-18 10:47:00,59.365,59.375,59.365,59.367,3385.0,BUD
2024-06-18 10:46:00,59.4,59.4,59.36,59.365,10752.0,BUD
2024-06-18 10:45:00,59.395,59.395,59.385,59.395,7822.0,BUD
2024-06-18 10:44:00,59.42,59.42,59.393,59.395,4249.0,BUD
2024-06-18 10:43:00,59.395,59.41,59.39,59.41,8481.0,BUD
2024-06-18 10:42:00,59.39,59.4,59.39,59.395,5099.0,BUD
2024-06-18 10:41:00,59.39,59.405,59.39,59.39,4596.0,BUD
2024-06-18 10:40:00,59.41,59.41,59.38,59.39,6364.0,BUD
2024-06-18 10:39:00,59.41,59.41,59.4,59.405,2586.0,BUD
2024-06-18 10:38:00,59.39,59.4,59.37,59.4,2600.0,BUD
2024-06-18 10:37:00,59.41,59.41,59.39,59.39,1799.0,BUD
2024-06-18 10:36:00,59.405,59.43,59.405,59.415,5328.0,BUD
2024-06-18 10:35:00,59.415,59.415,59.41,59.41,2271.0,BUD
2024-06-18 10:34:00,59.425,59.43,59.405,59.415,11428.0,BUD
2024-06-18 10:33:00,59.415,59.455,59.415,59.43,8056.0,BUD
2024-06-18 10:32:00,59.43,59.43,59.41,59.415,6847.0,BUD
2024-06-18 10:31:00,59.425,59.44,59.415,59.44,2209.0,BUD
2024-06-18 10:30:00,59.44,59.44,59.42,59.44,3221.0,BUD
2024-06-18 10:29:00,59.44,59.441,59.44,59.44,3479.0,BUD
2024-06-18 10:28:00,59.43,59.44,59.43,59.44,1688.0,BUD
2024-06-18 10:27:00,59.44,59.44,59.425,59.435,2402.0,BUD
2024-06-18 10:26:00,59.43,59.44,59.42,59.43,3110.0,BUD
2024-06-18 10:25:00,59.43,59.44,59.425,59.43,2420.0,BUD
2024-06-18 10:24:00,59.46,59.46,59.44,59.44,2096.0,BUD
2024-06-18 10:23:00,59.45,59.47,59.45,59.465,1879.0,BUD
2024-06-18 10:22:00,59.45,59.47,59.44,59.47,1430.0,BUD
2024-06-18 10:21:00,59.44,59.45,59.425,59.44,1692.0,BUD
2024-06-18 10:20:00,59.425,59.45,59.425,59.45,1754.0,BUD
2024-06-18 10:19:00,59.4,59.43,59.4,59.43,1658.0,BUD
2024-06-18 10:18:00,59.39,59.41,59.39,59.39,2327.0,BUD
2024-06-18 10:17:00,59.35,59.39,59.35,59.385,3840.0,BUD
2024-06-18 10:16:00,59.35,59.39,59.345,59.385,2404.0,BUD
2024-06-18 10:15:00,59.34,59.36,59.34,59.35,1253.0,BUD
2024-06-18 10:14:00,59.34,59.35,59.34,59.35,3654.0,BUD
2024-06-18 10:13:00,59.32,59.34,59.32,59.32,4448.0,BUD
2024-06-18 10:12:00,59.34,59.34,59.315,59.32,4219.0,BUD
2024-06-18 10:11:00,59.32,59.34,59.315,59.34,6991.0,BUD
2024-06-18 10:10:00,59.29,59.32,59.285,59.31,7553.0,BUD
2024-06-18 10:09:00,59.3,59.3,59.29,59.295,2063.0,BUD
2024-06-18 10:08:00,59.315,59.325,59.31,59.31,4418.0,BUD
2024-06-18 10:07:00,59.315,59.315,59.31,59.31,1191.0,BUD
2024-06-18 10:06:00,59.31,59.33,59.31,59.31,1621.0,BUD
2024-06-18 10:05:00,59.345,59.345,59.29,59.3,3724.0,BUD
2024-06-18 10:04:00,59.36,59.36,59.35,59.35,1982.0,BUD
2024-06-18 10:03:00,59.36,59.36,59.35,59.355,1029.0,BUD
2024-06-18 10:02:00,59.31,59.36,59.3,59.34,7071.0,BUD
2024-06-18 10:01:00,59.32,59.32,59.3,59.3,3161.0,BUD
2024-06-18 10:00:00,59.3,59.35,59.29,59.34,3219.0,BUD
2024-06-18 09:59:00,59.33,59.33,59.29,59.305,6611.0,BUD
2024-06-18 09:58:00,59.38,59.38,59.33,59.33,9988.0,BUD
2024-06-18 09:57:00,59.405,59.405,59.37,59.38,1294.0,BUD
2024-06-18 09:55:00,59.42,59.42,59.41,59.415,886.0,BUD
2024-06-18 09:54:00,59.44,59.44,59.43,59.43,388.0,BUD
2024-06-18 09:52:00,59.43,59.44,59.42,59.44,1087.0,BUD
2024-06-18 09:51:00,59.42,59.42,59.42,59.42,668.0,BUD
2024-06-18 09:50:00,59.44,59.44,59.44,59.44,358.0,BUD
2024-06-18 09:49:00,59.41,59.41,59.41,59.41,901.0,BUD
2024-06-18 09:48:00,59.42,59.42,59.38,59.38,717.0,BUD
2024-06-18 09:47:00,59.43,59.43,59.43,59.43,729.0,BUD
2024-06-18 09:46:00,59.46,59.46,59.44,59.44,815.0,BUD
2024-06-18 09:45:00,59.46,59.46,59.46,59.46,205.0,BUD
2024-06-18 09:44:00,59.48,59.48,59.46,59.46,878.0,BUD
2024-06-18 09:43:00,59.52,59.52,59.48,59.48,1236.0,BUD
2024-06-18 09:42:00,59.5,59.52,59.49,59.52,2355.0,BUD
2024-06-18 09:41:00,59.49,59.49,59.49,59.49,659.0,BUD
2024-06-18 09:40:00,59.46,59.48,59.46,59.48,1022.0,BUD
2024-06-18 09:39:00,59.43,59.44,59.43,59.44,691.0,BUD
2024-06-18 09:38:00,59.37,59.43,59.37,59.41,1070.0,BUD
2024-06-18 09:37:00,59.34,59.379,59.325,59.379,1153.0,BUD
2024-06-18 09:36:00,59.35,59.35,59.34,59.34,2008.0,BUD
2024-06-18 09:35:00,59.38,59.38,59.33,59.37,5249.0,BUD
2024-06-18 09:34:00,59.4,59.4,59.38,59.38,565.0,BUD
2024-06-18 09:33:00,59.4,59.44,59.37,59.44,4143.0,BUD
2024-06-18 09:32:00,59.35,59.41,59.35,59.41,8385.0,BUD
2024-06-18 09:31:00,59.368,59.368,59.33,59.33,2044.0,BUD
2024-06-18 09:30:00,59.31,59.4,59.27,59.35,17851.0,BUD
2024-06-18 09:27:00,59.31,59.31,59.31,59.31,29.0,BUD
2024-06-18 09:26:00,59.3,59.3,59.3,59.3,8.0,BUD
2024-06-18 09:24:00,59.31,59.31,59.31,59.31,100.0,BUD
2024-06-18 09:23:00,59.31,59.31,59.31,59.31,1.0,BUD
2024-06-18 09:15:00,59.29,59.29,59.29,59.29,10.0,BUD
2024-06-18 09:13:00,59.26,59.27,59.26,59.27,50.0,BUD
2024-06-18 09:08:00,59.3,59.3,59.3,59.3,100.0,BUD
2024-06-18 09:02:00,59.28,59.28,59.28,59.28,178.0,BUD
2024-06-18 08:56:00,59.31,59.31,59.31,59.31,200.0,BUD
2024-06-18 08:53:00,59.35,59.35,59.34,59.34,102.0,BUD
2024-06-18 08:50:00,59.36,59.36,59.36,59.36,12.0,BUD
2024-06-18 08:49:00,59.38,59.38,59.37,59.37,100.0,BUD
2024-06-18 08:43:00,59.22,59.22,59.22,59.22,5.0,BUD
2024-06-18 08:39:00,59.25,59.25,59.25,59.25,400.0,BUD
2024-06-18 08:36:00,59.22,59.22,59.22,59.22,100.0,BUD
2024-06-18 08:35:00,59.24,59.24,59.24,59.24,100.0,BUD
2024-06-18 08:33:00,59.24,59.24,59.23,59.23,1400.0,BUD
2024-06-18 08:32:00,59.27,59.27,59.27,59.27,100.0,BUD
2024-06-18 08:30:00,59.29,59.29,59.29,59.29,170.0,BUD
2024-06-18 08:22:00,59.19,59.19,59.19,59.19,40.0,BUD
2024-06-18 08:17:00,59.21,59.21,59.19,59.19,60.0,BUD
2024-06-18 08:15:00,59.19,59.19,59.19,59.19,23.0,BUD
2024-06-18 08:06:00,59.18,59.18,59.18,59.18,27.0,BUD
2024-06-18 08:03:00,59.13,59.13,59.13,59.13,5.0,BUD
2024-06-18 08:02:00,59.74,59.74,59.13,59.58,305.0,BUD
2024-06-18 08:01:00,59.168,59.2,59.168,59.2,12.0,BUD
2024-06-18 08:00:00,59.2,59.2,59.01,59.01,8.0,BUD
2024-06-18 07:53:00,59.09,59.12,59.09,59.12,1404.0,BUD
2024-06-18 07:50:00,59.09,59.09,59.09,59.09,40.0,BUD
2024-06-18 07:42:00,59.01,59.01,59.01,59.01,3.0,BUD
2024-06-18 07:28:00,59.11,59.11,59.09,59.1,902.0,BUD
2024-06-18 07:24:00,59.13,59.13,59.13,59.13,100.0,BUD
2024-06-18 07:12:00,59.15,59.16,59.15,59.15,150.0,BUD
2024-06-18 07:10:00,59.15,59.15,59.15,59.15,90.0,BUD
2024-06-18 07:08:00,59.18,59.19,59.15,59.15,810.0,BUD
2024-06-18 07:06:00,59.18,59.19,59.18,59.19,87.0,BUD
2024-06-18 07:04:00,59.15,59.15,59.15,59.15,1.0,BUD
2024-06-18 06:43:00,59.18,59.18,59.18,59.18,4.0,BUD
2024-06-18 06:39:00,59.2,59.2,59.2,59.2,5.0,BUD
2024-06-18 06:34:00,59.24,59.24,59.24,59.24,178.0,BUD
2024-06-18 06:30:00,59.24,59.24,59.24,59.24,20.0,BUD
2024-06-18 06:26:00,59.16,59.16,59.16,59.16,29.0,BUD
2024-06-18 06:18:00,59.08,59.09,59.08,59.09,340.0,BUD
2024-06-18 06:07:00,59.06,59.06,59.06,59.06,100.0,BUD
2024-06-18 05:58:00,59.18,59.18,59.18,59.18,1.0,BUD
2024-06-18 05:54:00,59.18,59.18,59.17,59.17,640.0,BUD
2024-06-18 05:52:00,59.22,59.22,59.22,59.22,100.0,BUD
2024-06-18 05:49:00,59.23,59.23,59.23,59.23,100.0,BUD
2024-06-18 05:46:00,59.18,59.18,59.18,59.18,40.0,BUD
2024-06-18 05:42:00,59.17,59.17,59.17,59.17,4.0,BUD
2024-06-18 05:41:00,59.12,59.12,59.12,59.12,4.0,BUD
2024-06-18 05:40:00,59.1,59.1,59.1,59.1,4.0,BUD
2024-06-18 05:39:00,59.12,59.12,59.11,59.11,852.0,BUD
2024-06-18 05:37:00,59.07,59.07,59.07,59.07,4.0,BUD
2024-06-18 05:30:00,59.07,59.07,59.07,59.07,2.0,BUD
2024-06-18 05:17:00,59.19,59.19,59.19,59.19,4.0,BUD
2024-06-18 05:11:00,59.21,59.21,59.21,59.21,40.0,BUD
2024-06-17 19:38:00,59.27,59.27,59.27,59.27,50.0,BUD
2024-06-17 19:35:00,59.27,59.27,59.27,59.27,50.0,BUD
2024-06-17 19:31:00,59.27,59.27,59.27,59.27,60.0,BUD
2024-06-17 19:24:00,59.306,59.306,59.306,59.306,23.0,BUD
2024-06-17 19:22:00,59.6,59.6,59.6,59.6,200.0,BUD
2024-06-17 19:11:00,59.69,59.69,59.69,59.69,1.0,BUD
2024-06-17 19:00:00,59.7,59.7,59.7,59.7,85519.0,BUD
2024-06-17 18:30:00,59.7,59.7,59.7,59.7,85518.0,BUD
2024-06-17 18:04:00,59.7,59.7,59.7,59.7,6.0,BUD
2024-06-17 17:51:00,60.17,60.17,60.17,60.17,2.0,BUD
2024-06-17 17:48:00,59.95,59.95,59.95,59.95,2.0,BUD
2024-06-17 16:46:00,59.8,59.8,59.8,59.8,1.0,BUD
2024-06-17 16:44:00,59.94,59.94,59.94,59.94,5.0,BUD
2024-06-17 16:34:00,59.94,59.94,59.94,59.94,16.0,BUD
2024-06-17 16:14:00,59.55,59.55,59.55,59.55,1.0,BUD
2024-06-17 16:10:00,59.7,59.7,59.7,59.7,85518.0,BUD
2024-06-17 16:00:00,59.695,59.7,59.695,59.7,171341.0,BUD
2024-06-17 15:59:00,59.725,59.725,59.67,59.695,41362.0,BUD
2024-06-17 15:58:00,59.71,59.74,59.71,59.725,18223.0,BUD
2024-06-17 15:57:00,59.685,59.705,59.68,59.705,8392.0,BUD
2024-06-17 15:56:00,59.675,59.69,59.67,59.685,12027.0,BUD
2024-06-17 15:55:00,59.655,59.675,59.63,59.675,15010.0,BUD
2024-06-17 15:54:00,59.642,59.66,59.635,59.655,4806.0,BUD
2024-06-17 15:53:00,59.65,59.655,59.631,59.645,9208.0,BUD
2024-06-17 15:52:00,59.68,59.68,59.64,59.65,10498.0,BUD
2024-06-17 15:51:00,59.655,59.68,59.645,59.675,6892.0,BUD
2024-06-17 15:50:00,59.67,59.67,59.63,59.655,27215.0,BUD
2024-06-17 15:49:00,59.685,59.685,59.675,59.675,1219.0,BUD
2024-06-17 15:48:00,59.69,59.69,59.685,59.685,1646.0,BUD
2024-06-17 15:47:00,59.7,59.7,59.675,59.69,7530.0,BUD
2024-06-17 15:46:00,59.715,59.715,59.69,59.695,4428.0,BUD
2024-06-17 15:45:00,59.71,59.725,59.7,59.715,9381.0,BUD
2024-06-17 15:44:00,59.725,59.725,59.71,59.715,2860.0,BUD
2024-06-17 15:43:00,59.73,59.73,59.72,59.72,3148.0,BUD
2024-06-17 15:42:00,59.74,59.745,59.73,59.735,7564.0,BUD
2024-06-17 15:41:00,59.715,59.745,59.715,59.745,6501.0,BUD
2024-06-17 15:40:00,59.735,59.735,59.715,59.715,6430.0,BUD
2024-06-17 15:39:00,59.725,59.735,59.725,59.735,1815.0,BUD
2024-06-17 15:38:00,59.74,59.74,59.73,59.73,3721.0,BUD
2024-06-17 15:37:00,59.735,59.735,59.73,59.735,2136.0,BUD
2024-06-17 15:36:00,59.715,59.73,59.705,59.73,7083.0,BUD
2024-06-17 15:35:00,59.721,59.725,59.715,59.715,3228.0,BUD
2024-06-17 15:34:00,59.735,59.735,59.715,59.725,7841.0,BUD
2024-06-17 15:33:00,59.735,59.735,59.735,59.735,706.0,BUD
2024-06-17 15:32:00,59.75,59.755,59.735,59.735,5445.0,BUD
2024-06-17 15:31:00,59.745,59.755,59.745,59.755,2308.0,BUD
2024-06-17 15:30:00,59.745,59.75,59.743,59.743,1776.0,BUD
2024-06-17 15:29:00,59.735,59.75,59.735,59.75,1581.0,BUD
2024-06-17 15:28:00,59.73,59.74,59.73,59.735,3777.0,BUD
2024-06-17 15:27:00,59.735,59.735,59.731,59.731,1066.0,BUD
2024-06-17 15:26:00,59.735,59.735,59.73,59.735,1119.0,BUD
2024-06-17 15:25:00,59.75,59.75,59.73,59.73,1060.0,BUD
2024-06-17 15:24:00,59.755,59.759,59.75,59.75,2022.0,BUD
2024-06-17 15:23:00,59.74,59.755,59.74,59.755,1267.0,BUD
2024-06-17 15:22:00,59.75,59.75,59.72,59.74,6105.0,BUD
2024-06-17 15:21:00,59.755,59.755,59.745,59.745,2255.0,BUD
2024-06-17 15:20:00,59.75,59.755,59.75,59.755,756.0,BUD
2024-06-17 15:19:00,59.755,59.755,59.75,59.755,1491.0,BUD
2024-06-17 15:18:00,59.755,59.76,59.75,59.755,1830.0,BUD
2024-06-17 15:17:00,59.735,59.75,59.73,59.75,2699.0,BUD
2024-06-17 15:16:00,59.735,59.735,59.73,59.73,1172.0,BUD
2024-06-17 15:15:00,59.735,59.74,59.73,59.74,1724.0,BUD
2024-06-17 15:14:00,59.741,59.749,59.74,59.74,3229.0,BUD
2024-06-17 15:13:00,59.74,59.745,59.74,59.74,2202.0,BUD
2024-06-17 15:12:00,59.75,59.75,59.75,59.75,777.0,BUD
2024-06-17 15:11:00,59.74,59.765,59.73,59.75,10953.0,BUD
2024-06-17 15:09:00,59.74,59.74,59.735,59.735,418.0,BUD
2024-06-17 15:08:00,59.755,59.755,59.735,59.735,1910.0,BUD
2024-06-17 15:07:00,59.73,59.75,59.73,59.75,1336.0,BUD
2024-06-17 15:06:00,59.74,59.74,59.74,59.74,1160.0,BUD
2024-06-17 15:05:00,59.745,59.745,59.745,59.745,210.0,BUD
2024-06-17 15:04:00,59.72,59.74,59.72,59.74,1633.0,BUD
2024-06-17 15:03:00,59.74,59.74,59.72,59.72,6544.0,BUD
2024-06-17 15:02:00,59.75,59.75,59.745,59.745,439.0,BUD
2024-06-17 15:01:00,59.74,59.742,59.74,59.742,3239.0,BUD
2024-06-17 15:00:00,59.76,59.76,59.74,59.74,5223.0,BUD
2024-06-17 14:59:00,59.76,59.765,59.755,59.765,1951.0,BUD
2024-06-17 14:58:00,59.765,59.765,59.76,59.765,1332.0,BUD
2024-06-17 14:57:00,59.749,59.76,59.74,59.76,5392.0,BUD
2024-06-17 14:56:00,59.75,59.75,59.74,59.745,2721.0,BUD
2024-06-17 14:55:00,59.77,59.77,59.75,59.75,1245.0,BUD
2024-06-17 14:54:00,59.76,59.765,59.76,59.765,3659.0,BUD
2024-06-17 14:53:00,59.77,59.775,59.76,59.765,2079.0,BUD
2024-06-17 14:52:00,59.765,59.77,59.76,59.77,1421.0,BUD
2024-06-17 14:51:00,59.765,59.765,59.765,59.765,328.0,BUD
2024-06-17 14:50:00,59.775,59.775,59.76,59.76,1201.0,BUD
2024-06-17 14:49:00,59.775,59.78,59.77,59.772,1079.0,BUD
2024-06-17 14:48:00,59.76,59.77,59.76,59.77,1027.0,BUD
2024-06-17 14:47:00,59.75,59.75,59.74,59.75,2030.0,BUD
2024-06-17 14:46:00,59.76,59.76,59.76,59.76,990.0,BUD
2024-06-17 14:45:00,59.78,59.78,59.76,59.765,2374.0,BUD
2024-06-17 14:44:00,59.799,59.799,59.78,59.78,1577.0,BUD
2024-06-17 14:43:00,59.805,59.805,59.8,59.8,2278.0,BUD
2024-06-17 14:42:00,59.79,59.805,59.79,59.805,2092.0,BUD
2024-06-17 14:40:00,59.79,59.79,59.78,59.78,1344.0,BUD
2024-06-17 14:39:00,59.775,59.785,59.77,59.785,2824.0,BUD
2024-06-17 14:38:00,59.78,59.79,59.775,59.775,2284.0,BUD
2024-06-17 14:37:00,59.785,59.785,59.785,59.785,802.0,BUD
2024-06-17 14:35:00,59.78,59.78,59.775,59.78,604.0,BUD
2024-06-17 14:34:00,59.791,59.791,59.78,59.78,2394.0,BUD
2024-06-17 14:33:00,59.8,59.8,59.795,59.795,1938.0,BUD
2024-06-17 14:32:00,59.81,59.81,59.8,59.805,2000.0,BUD
2024-06-17 14:31:00,59.82,59.82,59.8,59.81,2306.0,BUD
2024-06-17 14:30:00,59.81,59.81,59.81,59.81,348.0,BUD
2024-06-17 14:29:00,59.815,59.815,59.81,59.81,1941.0,BUD
2024-06-17 14:28:00,59.835,59.835,59.82,59.82,1436.0,BUD
2024-06-17 14:27:00,59.84,59.84,59.84,59.84,706.0,BUD
2024-06-17 14:26:00,59.82,59.83,59.82,59.83,703.0,BUD
2024-06-17 14:25:00,59.805,59.81,59.805,59.81,1069.0,BUD
2024-06-17 14:24:00,59.825,59.825,59.82,59.82,561.0,BUD
2024-06-17 14:23:00,59.82,59.82,59.82,59.82,1312.0,BUD
2024-06-17 14:22:00,59.81,59.815,59.81,59.815,609.0,BUD
2024-06-17 14:21:00,59.81,59.81,59.803,59.803,1231.0,BUD
2024-06-17 14:20:00,59.81,59.81,59.805,59.805,1247.0,BUD
2024-06-17 14:19:00,59.79,59.81,59.79,59.81,2621.0,BUD
2024-06-17 14:18:00,59.8,59.8,59.785,59.785,1551.0,BUD
2024-06-17 14:17:00,59.81,59.81,59.8,59.805,505.0,BUD
2024-06-17 14:16:00,59.8,59.805,59.8,59.8,834.0,BUD
2024-06-17 14:15:00,59.789,59.8,59.789,59.795,1256.0,BUD
2024-06-17 14:14:00,59.78,59.79,59.78,59.79,1591.0,BUD
2024-06-17 14:13:00,59.815,59.815,59.79,59.8,1665.0,BUD
2024-06-17 14:12:00,59.815,59.82,59.81,59.82,3280.0,BUD
2024-06-17 14:11:00,59.85,59.85,59.82,59.82,2426.0,BUD
2024-06-17 14:10:00,59.855,59.855,59.855,59.855,411.0,BUD
2024-06-17 14:09:00,59.83,59.855,59.83,59.855,4771.0,BUD
2024-06-17 14:08:00,59.78,59.82,59.78,59.82,7266.0,BUD
2024-06-17 14:07:00,59.775,59.79,59.775,59.778,2154.0,BUD
2024-06-17 14:06:00,59.77,59.78,59.77,59.78,885.0,BUD
2024-06-17 14:05:00,59.77,59.78,59.77,59.771,1243.0,BUD
2024-06-17 14:04:00,59.76,59.77,59.76,59.77,1536.0,BUD
2024-06-17 14:03:00,59.755,59.765,59.755,59.765,652.0,BUD
2024-06-17 14:02:00,59.74,59.75,59.74,59.75,886.0,BUD
2024-06-17 14:01:00,59.74,59.74,59.74,59.74,415.0,BUD
2024-06-17 14:00:00,59.75,59.75,59.74,59.74,1288.0,BUD
2024-06-17 13:59:00,59.735,59.735,59.735,59.735,412.0,BUD
2024-06-17 13:58:00,59.73,59.735,59.73,59.735,790.0,BUD
2024-06-17 13:57:00,59.725,59.725,59.725,59.725,278.0,BUD
2024-06-17 13:56:00,59.72,59.725,59.72,59.725,715.0,BUD
2024-06-17 13:55:00,59.72,59.73,59.715,59.72,3101.0,BUD
2024-06-17 13:54:00,59.715,59.715,59.715,59.715,371.0,BUD
2024-06-17 13:53:00,59.715,59.715,59.715,59.715,352.0,BUD
2024-06-17 13:52:00,59.715,59.715,59.715,59.715,201.0,BUD
2024-06-17 13:51:00,59.71,59.715,59.71,59.715,553.0,BUD
2024-06-17 13:50:00,59.705,59.72,59.705,59.715,533.0,BUD
2024-06-17 13:49:00,59.705,59.705,59.7,59.7,480.0,BUD
2024-06-17 13:48:00,59.705,59.705,59.7,59.705,607.0,BUD
2024-06-17 13:47:00,59.715,59.715,59.71,59.71,997.0,BUD
2024-06-17 13:46:00,59.715,59.715,59.71,59.71,1592.0,BUD
2024-06-17 13:44:00,59.715,59.715,59.715,59.715,192.0,BUD
2024-06-17 13:43:00,59.72,59.72,59.715,59.715,385.0,BUD
2024-06-17 13:42:00,59.72,59.725,59.715,59.725,667.0,BUD
2024-06-17 13:41:00,59.725,59.725,59.725,59.725,476.0,BUD
2024-06-17 13:40:00,59.73,59.73,59.725,59.725,584.0,BUD
2024-06-17 13:39:00,59.73,59.73,59.725,59.725,1150.0,BUD
2024-06-17 13:38:00,59.73,59.735,59.73,59.735,475.0,BUD
2024-06-17 13:37:00,59.72,59.73,59.715,59.73,1616.0,BUD
2024-06-17 13:36:00,59.72,59.72,59.715,59.715,934.0,BUD
2024-06-17 13:35:00,59.72,59.72,59.72,59.72,425.0,BUD
2024-06-17 13:34:00,59.69,59.705,59.69,59.705,1203.0,BUD
2024-06-17 13:33:00,59.725,59.73,59.68,59.685,2153.0,BUD
2024-06-17 13:32:00,59.695,59.72,59.695,59.72,1887.0,BUD
2024-06-17 13:31:00,59.695,59.71,59.691,59.691,2807.0,BUD
2024-06-17 13:30:00,59.695,59.695,59.69,59.69,1104.0,BUD
2024-06-17 13:29:00,59.695,59.695,59.695,59.695,418.0,BUD
2024-06-17 13:28:00,59.695,59.7,59.695,59.695,459.0,BUD
2024-06-17 13:27:00,59.7,59.7,59.695,59.695,932.0,BUD
2024-06-17 13:26:00,59.72,59.72,59.695,59.7,1402.0,BUD
2024-06-17 13:25:00,59.705,59.715,59.705,59.715,935.0,BUD
2024-06-17 13:24:00,59.7,59.705,59.7,59.705,482.0,BUD
2024-06-17 13:23:00,59.725,59.725,59.695,59.695,2510.0,BUD
2024-06-17 13:22:00,59.725,59.73,59.725,59.729,1516.0,BUD
2024-06-17 13:21:00,59.735,59.74,59.72,59.73,2637.0,BUD
2024-06-17 13:20:00,59.73,59.745,59.73,59.74,2430.0,BUD
2024-06-17 13:19:00,59.705,59.705,59.705,59.705,251.0,BUD
2024-06-17 13:18:00,59.705,59.71,59.705,59.71,388.0,BUD
2024-06-17 13:17:00,59.71,59.72,59.705,59.71,4765.0,BUD
2024-06-17 13:16:00,59.71,59.71,59.701,59.705,669.0,BUD
2024-06-17 13:15:00,59.7,59.705,59.7,59.705,1714.0,BUD
2024-06-17 13:14:00,59.705,59.705,59.69,59.7,3017.0,BUD
2024-06-17 13:13:00,59.69,59.71,59.69,59.71,1714.0,BUD
2024-06-17 13:12:00,59.685,59.685,59.685,59.685,243.0,BUD
2024-06-17 13:11:00,59.685,59.685,59.675,59.68,1507.0,BUD
2024-06-17 13:10:00,59.68,59.685,59.68,59.68,2255.0,BUD
2024-06-17 13:09:00,59.685,59.689,59.685,59.685,609.0,BUD
2024-06-17 13:08:00,59.685,59.685,59.685,59.685,152.0,BUD
2024-06-17 13:07:00,59.693,59.693,59.69,59.69,846.0,BUD
2024-06-17 13:06:00,59.69,59.69,59.685,59.685,568.0,BUD
2024-06-17 13:05:00,59.69,59.7,59.69,59.69,473.0,BUD
2024-06-17 13:04:00,59.68,59.689,59.68,59.689,670.0,BUD
2024-06-17 13:03:00,59.67,59.67,59.67,59.67,561.0,BUD
2024-06-17 13:02:00,59.675,59.675,59.66,59.665,1140.0,BUD
2024-06-17 13:01:00,59.67,59.675,59.67,59.675,388.0,BUD
2024-06-17 13:00:00,59.66,59.67,59.66,59.67,632.0,BUD
2024-06-17 12:59:00,59.665,59.665,59.665,59.665,158.0,BUD
2024-06-17 12:58:00,59.67,59.67,59.665,59.665,572.0,BUD
2024-06-17 12:57:00,59.67,59.67,59.67,59.67,596.0,BUD
2024-06-17 12:56:00,59.685,59.685,59.672,59.68,2637.0,BUD
2024-06-17 12:55:00,59.695,59.695,59.685,59.685,2023.0,BUD
2024-06-17 12:54:00,59.675,59.69,59.675,59.69,1983.0,BUD
2024-06-17 12:52:00,59.67,59.675,59.67,59.675,673.0,BUD
2024-06-17 12:51:00,59.664,59.664,59.664,59.664,377.0,BUD
2024-06-17 12:50:00,59.665,59.665,59.665,59.665,394.0,BUD
2024-06-17 12:49:00,59.66,59.67,59.66,59.665,600.0,BUD
2024-06-17 12:48:00,59.66,59.66,59.66,59.66,271.0,BUD
2024-06-17 12:47:00,59.64,59.66,59.64,59.66,1438.0,BUD
2024-06-17 12:46:00,59.64,59.64,59.64,59.64,571.0,BUD
2024-06-17 12:45:00,59.645,59.645,59.645,59.645,456.0,BUD
2024-06-17 12:44:00,59.665,59.665,59.66,59.66,611.0,BUD
2024-06-17 12:43:00,59.665,59.665,59.665,59.665,734.0,BUD
2024-06-17 12:42:00,59.695,59.695,59.665,59.665,1378.0,BUD
2024-06-17 12:41:00,59.69,59.69,59.69,59.69,342.0,BUD
2024-06-17 12:40:00,59.68,59.685,59.67,59.685,1662.0,BUD
2024-06-17 12:38:00,59.679,59.68,59.655,59.68,2525.0,BUD
2024-06-17 12:37:00,59.675,59.68,59.675,59.675,637.0,BUD
2024-06-17 12:36:00,59.665,59.67,59.665,59.67,836.0,BUD
2024-06-17 12:35:00,59.665,59.665,59.665,59.665,326.0,BUD
2024-06-17 12:34:00,59.68,59.68,59.68,59.68,670.0,BUD
2024-06-17 12:33:00,59.7,59.7,59.675,59.675,1601.0,BUD
2024-06-17 12:32:00,59.68,59.69,59.68,59.69,1279.0,BUD
2024-06-17 12:30:00,59.67,59.67,59.67,59.67,792.0,BUD
2024-06-17 12:29:00,59.645,59.65,59.645,59.65,476.0,BUD
2024-06-17 12:28:00,59.64,59.64,59.63,59.639,1487.0,BUD
2024-06-17 12:27:00,59.67,59.67,59.635,59.635,2631.0,BUD
2024-06-17 12:26:00,59.675,59.675,59.67,59.675,700.0,BUD
2024-06-17 12:24:00,59.625,59.655,59.625,59.655,1725.0,BUD
2024-06-17 12:23:00,59.625,59.63,59.625,59.625,491.0,BUD
2024-06-17 12:21:00,59.62,59.625,59.62,59.625,1488.0,BUD
2024-06-17 12:20:00,59.62,59.63,59.62,59.625,1000.0,BUD
2024-06-17 12:19:00,59.613,59.613,59.613,59.613,360.0,BUD
2024-06-17 12:18:00,59.625,59.625,59.615,59.615,1069.0,BUD
2024-06-17 12:17:00,59.62,59.62,59.62,59.62,176.0,BUD
2024-06-17 12:16:00,59.625,59.63,59.62,59.62,1166.0,BUD
2024-06-17 12:15:00,59.625,59.625,59.625,59.625,174.0,BUD
2024-06-17 12:14:00,59.62,59.62,59.62,59.62,343.0,BUD
2024-06-17 12:13:00,59.62,59.63,59.62,59.625,1058.0,BUD
2024-06-17 12:12:00,59.63,59.63,59.62,59.62,1607.0,BUD
2024-06-17 12:11:00,59.635,59.64,59.635,59.635,453.0,BUD
2024-06-17 12:10:00,59.635,59.635,59.635,59.635,1389.0,BUD
2024-06-17 12:09:00,59.615,59.63,59.615,59.63,1759.0,BUD
2024-06-17 12:07:00,59.615,59.619,59.605,59.612,2333.0,BUD
2024-06-17 12:06:00,59.615,59.615,59.615,59.615,135.0,BUD
2024-06-17 12:05:00,59.615,59.615,59.615,59.615,177.0,BUD
2024-06-17 12:04:00,59.63,59.63,59.61,59.615,1325.0,BUD
2024-06-17 12:03:00,59.64,59.64,59.635,59.635,337.0,BUD
2024-06-17 12:00:00,59.6,59.61,59.6,59.61,677.0,BUD
2024-06-17 11:59:00,59.62,59.62,59.605,59.605,712.0,BUD
2024-06-17 11:58:00,59.63,59.63,59.63,59.63,368.0,BUD
2024-06-17 11:57:00,59.62,59.63,59.62,59.63,1162.0,BUD
2024-06-17 11:56:00,59.615,59.63,59.61,59.63,3593.0,BUD
2024-06-17 11:54:00,59.6,59.615,59.6,59.615,1497.0,BUD
2024-06-17 11:53:00,59.59,59.59,59.59,59.59,497.0,BUD
2024-06-17 11:52:00,59.595,59.595,59.59,59.59,731.0,BUD
2024-06-17 11:51:00,59.585,59.585,59.585,59.585,254.0,BUD
2024-06-17 11:50:00,59.6,59.6,59.585,59.585,2383.0,BUD
2024-06-17 11:49:00,59.595,59.595,59.595,59.595,189.0,BUD
2024-06-17 11:48:00,59.58,59.59,59.58,59.59,2435.0,BUD
2024-06-17 11:47:00,59.58,59.58,59.57,59.57,479.0,BUD
2024-06-17 11:46:00,59.59,59.59,59.59,59.59,325.0,BUD
2024-06-17 11:45:00,59.59,59.6,59.59,59.59,1672.0,BUD
2024-06-17 11:44:00,59.58,59.585,59.58,59.585,1744.0,BUD
2024-06-17 11:43:00,59.59,59.59,59.575,59.575,519.0,BUD
2024-06-17 11:42:00,59.585,59.585,59.585,59.585,884.0,BUD
2024-06-17 11:41:00,59.575,59.59,59.575,59.59,1609.0,BUD
2024-06-17 11:40:00,59.58,59.58,59.575,59.575,1048.0,BUD
2024-06-17 11:39:00,59.59,59.59,59.585,59.589,1342.0,BUD
2024-06-17 11:38:00,59.6,59.605,59.58,59.59,4022.0,BUD
2024-06-17 11:37:00,59.594,59.594,59.59,59.59,1353.0,BUD
2024-06-17 11:36:00,59.59,59.59,59.585,59.59,1331.0,BUD
2024-06-17 11:35:00,59.62,59.62,59.595,59.6,4785.0,BUD
2024-06-17 11:34:00,59.6,59.62,59.595,59.62,6775.0,BUD
2024-06-17 11:33:00,59.62,59.62,59.61,59.61,758.0,BUD
2024-06-17 11:32:00,59.6,59.615,59.6,59.615,1849.0,BUD
2024-06-17 11:31:00,59.591,59.591,59.591,59.591,393.0,BUD
2024-06-17 11:30:00,59.58,59.6,59.575,59.58,3056.0,BUD
2024-06-17 11:29:00,59.585,59.585,59.58,59.58,443.0,BUD
2024-06-17 11:28:00,59.595,59.595,59.59,59.59,326.0,BUD
2024-06-17 11:27:00,59.57,59.59,59.57,59.59,881.0,BUD
2024-06-17 11:26:00,59.59,59.59,59.575,59.58,1544.0,BUD
2024-06-17 11:25:00,59.6,59.6,59.59,59.6,2889.0,BUD
2024-06-17 11:24:00,59.65,59.65,59.63,59.63,4818.0,BUD
2024-06-17 11:23:00,59.655,59.655,59.65,59.65,436.0,BUD
2024-06-17 11:22:00,59.68,59.68,59.66,59.66,3172.0,BUD
2024-06-17 11:21:00,59.67,59.675,59.67,59.675,532.0,BUD
2024-06-17 11:20:00,59.66,59.66,59.65,59.66,1353.0,BUD
2024-06-17 11:19:00,59.66,59.665,59.655,59.655,549.0,BUD
2024-06-17 11:18:00,59.69,59.69,59.68,59.68,1346.0,BUD
2024-06-17 11:17:00,59.69,59.69,59.69,59.69,513.0,BUD
2024-06-17 11:16:00,59.695,59.695,59.67,59.67,2138.0,BUD
2024-06-17 11:15:00,59.69,59.69,59.68,59.69,6425.0,BUD
2024-06-17 11:14:00,59.67,59.69,59.67,59.69,891.0,BUD
2024-06-17 11:13:00,59.65,59.66,59.645,59.66,1450.0,BUD
2024-06-17 11:12:00,59.649,59.65,59.645,59.65,709.0,BUD
2024-06-17 11:11:00,59.64,59.655,59.63,59.64,3204.0,BUD
2024-06-17 11:10:00,59.62,59.64,59.62,59.64,3759.0,BUD
2024-06-17 11:09:00,59.66,59.66,59.61,59.62,2460.0,BUD
2024-06-17 11:07:00,59.64,59.645,59.64,59.645,1116.0,BUD
2024-06-17 11:06:00,59.65,59.65,59.64,59.65,1454.0,BUD
2024-06-17 11:05:00,59.645,59.65,59.645,59.65,1028.0,BUD
2024-06-17 11:04:00,59.65,59.675,59.65,59.65,2878.0,BUD
2024-06-17 11:03:00,59.62,59.65,59.62,59.65,2732.0,BUD
2024-06-17 11:02:00,59.6,59.605,59.6,59.605,688.0,BUD
2024-06-17 11:01:00,59.6,59.6,59.59,59.59,962.0,BUD
2024-06-17 11:00:00,59.595,59.6,59.595,59.6,439.0,BUD
2024-06-17 10:59:00,59.61,59.61,59.59,59.59,1820.0,BUD
2024-06-17 10:58:00,59.61,59.615,59.61,59.615,818.0,BUD
2024-06-17 10:57:00,59.6,59.6,59.6,59.6,930.0,BUD
2024-06-17 10:56:00,59.6,59.6,59.59,59.6,2640.0,BUD
2024-06-17 10:55:00,59.59,59.595,59.59,59.595,1435.0,BUD
2024-06-17 10:54:00,59.55,59.59,59.55,59.59,1335.0,BUD
2024-06-17 10:53:00,59.545,59.55,59.54,59.54,790.0,BUD
2024-06-17 10:52:00,59.57,59.57,59.555,59.56,1268.0,BUD
2024-06-17 10:51:00,59.56,59.57,59.56,59.565,928.0,BUD
2024-06-17 10:50:00,59.55,59.555,59.55,59.555,776.0,BUD
2024-06-17 10:49:00,59.53,59.54,59.515,59.54,4741.0,BUD
2024-06-17 10:48:00,59.53,59.54,59.525,59.54,1254.0,BUD
2024-06-17 10:47:00,59.535,59.54,59.531,59.535,826.0,BUD
2024-06-17 10:46:00,59.56,59.56,59.535,59.54,1545.0,BUD
2024-06-17 10:45:00,59.56,59.56,59.55,59.56,2293.0,BUD
2024-06-17 10:44:00,59.559,59.559,59.559,59.559,304.0,BUD
2024-06-17 10:43:00,59.565,59.565,59.54,59.551,2195.0,BUD
2024-06-17 10:42:00,59.57,59.57,59.57,59.57,535.0,BUD
2024-06-17 10:41:00,59.57,59.575,59.57,59.57,2021.0,BUD
2024-06-17 10:40:00,59.56,59.57,59.55,59.56,4200.0,BUD
2024-06-17 10:39:00,59.49,59.55,59.49,59.55,5675.0,BUD
2024-06-17 10:38:00,59.455,59.46,59.44,59.46,2339.0,BUD
2024-06-17 10:37:00,59.468,59.468,59.455,59.46,1639.0,BUD
2024-06-17 10:36:00,59.455,59.46,59.455,59.46,548.0,BUD
2024-06-17 10:35:00,59.48,59.48,59.47,59.47,1802.0,BUD
2024-06-17 10:34:00,59.47,59.49,59.47,59.48,2144.0,BUD
2024-06-17 10:33:00,59.41,59.45,59.41,59.45,2064.0,BUD
2024-06-17 10:32:00,59.46,59.46,59.42,59.42,1603.0,BUD
2024-06-17 10:31:00,59.45,59.46,59.45,59.45,1770.0,BUD
2024-06-17 10:30:00,59.46,59.46,59.435,59.44,1474.0,BUD
2024-06-17 10:29:00,59.505,59.505,59.46,59.47,5628.0,BUD
2024-06-17 10:28:00,59.53,59.53,59.51,59.51,964.0,BUD
2024-06-17 10:27:00,59.51,59.54,59.51,59.54,960.0,BUD
2024-06-17 10:26:00,59.515,59.52,59.5,59.52,2588.0,BUD
2024-06-17 10:25:00,59.5,59.5,59.5,59.5,506.0,BUD
2024-06-17 10:24:00,59.49,59.5,59.485,59.5,2300.0,BUD
2024-06-17 10:23:00,59.475,59.485,59.475,59.485,2138.0,BUD
2024-06-17 10:22:00,59.48,59.48,59.45,59.47,3294.0,BUD
2024-06-17 10:21:00,59.485,59.485,59.48,59.48,498.0,BUD
2024-06-17 10:20:00,59.49,59.49,59.465,59.475,1220.0,BUD
2024-06-17 10:19:00,59.49,59.49,59.48,59.48,1631.0,BUD
2024-06-17 10:18:00,59.485,59.5,59.485,59.5,632.0,BUD
2024-06-17 10:17:00,59.485,59.49,59.48,59.48,2566.0,BUD
2024-06-17 10:16:00,59.465,59.485,59.46,59.485,878.0,BUD
2024-06-17 10:14:00,59.45,59.45,59.44,59.44,762.0,BUD
2024-06-17 10:13:00,59.415,59.44,59.415,59.44,2995.0,BUD
2024-06-17 10:12:00,59.42,59.45,59.41,59.42,1972.0,BUD
2024-06-17 10:11:00,59.41,59.41,59.4,59.4,895.0,BUD
2024-06-17 10:10:00,59.459,59.46,59.42,59.42,2898.0,BUD
2024-06-17 10:09:00,59.45,59.46,59.445,59.46,873.0,BUD
2024-06-17 10:08:00,59.429,59.47,59.429,59.47,1584.0,BUD
2024-06-17 10:07:00,59.45,59.45,59.435,59.44,1230.0,BUD
2024-06-17 10:06:00,59.495,59.5,59.47,59.47,3451.0,BUD
2024-06-17 10:05:00,59.52,59.52,59.495,59.508,2649.0,BUD
2024-06-17 10:04:00,59.49,59.52,59.49,59.52,1202.0,BUD
2024-06-17 10:03:00,59.48,59.49,59.47,59.47,973.0,BUD
2024-06-17 10:02:00,59.49,59.51,59.47,59.49,3527.0,BUD
2024-06-17 10:01:00,59.47,59.51,59.47,59.51,1761.0,BUD
2024-06-17 10:00:00,59.49,59.5,59.47,59.48,4096.0,BUD
2024-06-17 09:59:00,59.47,59.481,59.46,59.48,1295.0,BUD
2024-06-17 09:58:00,59.51,59.51,59.47,59.47,1308.0,BUD
2024-06-17 09:57:00,59.51,59.53,59.51,59.52,1243.0,BUD
2024-06-17 09:56:00,59.5,59.5,59.5,59.5,476.0,BUD
2024-06-17 09:55:00,59.51,59.51,59.51,59.51,563.0,BUD
2024-06-17 09:54:00,59.54,59.54,59.51,59.51,1120.0,BUD
2024-06-17 09:53:00,59.6,59.6,59.535,59.535,1936.0,BUD
2024-06-17 09:52:00,59.65,59.65,59.635,59.635,2286.0,BUD
2024-06-17 09:51:00,59.63,59.66,59.63,59.66,2997.0,BUD
2024-06-17 09:50:00,59.63,59.65,59.625,59.65,2000.0,BUD
2024-06-17 09:49:00,59.615,59.63,59.615,59.63,367.0,BUD
2024-06-17 09:48:00,59.65,59.65,59.61,59.61,2478.0,BUD
2024-06-17 09:47:00,59.62,59.62,59.62,59.62,1059.0,BUD
2024-06-17 09:46:00,59.57,59.618,59.57,59.607,1552.0,BUD
2024-06-17 09:45:00,59.55,59.56,59.55,59.56,314.0,BUD
2024-06-17 09:44:00,59.55,59.55,59.53,59.54,1029.0,BUD
2024-06-17 09:43:00,59.535,59.55,59.52,59.53,2824.0,BUD
2024-06-17 09:42:00,59.47,59.52,59.47,59.52,2511.0,BUD
2024-06-17 09:41:00,59.515,59.515,59.49,59.49,833.0,BUD
2024-06-17 09:40:00,59.58,59.58,59.53,59.53,535.0,BUD
2024-06-17 09:39:00,59.63,59.63,59.585,59.585,1460.0,BUD
2024-06-17 09:38:00,59.63,59.63,59.62,59.625,1187.0,BUD
2024-06-17 09:37:00,59.61,59.64,59.61,59.63,1008.0,BUD
2024-06-17 09:36:00,59.66,59.66,59.63,59.63,1681.0,BUD
2024-06-17 09:35:00,59.64,59.64,59.62,59.635,1191.0,BUD
2024-06-17 09:34:00,59.58,59.63,59.58,59.62,1599.0,BUD
2024-06-17 09:33:00,59.51,59.529,59.495,59.52,2477.0,BUD
2024-06-17 09:32:00,59.451,59.47,59.44,59.47,1434.0,BUD
2024-06-17 09:31:00,59.42,59.46,59.42,59.46,2775.0,BUD
2024-06-17 09:30:00,59.49,59.51,59.44,59.44,9871.0,BUD
2024-06-17 09:28:00,59.53,59.53,59.49,59.49,94.0,BUD
2024-06-17 09:27:00,59.49,59.49,59.49,59.49,51.0,BUD
2024-06-17 09:26:00,59.48,59.51,59.48,59.51,11.0,BUD
2024-06-17 09:25:00,59.48,59.48,59.48,59.48,10.0,BUD
2024-06-17 09:13:00,59.4,59.43,59.4,59.43,200.0,BUD
2024-06-17 09:10:00,59.41,59.41,59.41,59.41,200.0,BUD
2024-06-17 09:09:00,59.275,59.285,59.275,59.285,2.0,BUD
2024-06-17 09:00:00,59.3,59.3,59.3,59.3,100.0,BUD
2024-06-17 08:54:00,59.25,59.25,59.25,59.25,1.0,BUD
2024-06-17 08:53:00,59.239,59.239,59.239,59.239,3.0,BUD
2024-06-17 08:50:00,59.19,59.19,59.19,59.19,203.0,BUD
2024-06-17 08:46:00,59.189,59.189,59.189,59.189,2.0,BUD
2024-06-17 08:43:00,59.26,59.26,59.26,59.26,1.0,BUD
2024-06-17 08:40:00,59.22,59.22,59.22,59.22,1.0,BUD
2024-06-17 08:38:00,59.26,59.26,59.26,59.26,1.0,BUD
2024-06-17 08:24:00,59.33,59.33,59.33,59.33,1.0,BUD
2024-06-17 08:18:00,59.31,59.31,59.31,59.31,1.0,BUD
2024-06-17 08:14:00,59.31,59.31,59.31,59.31,14.0,BUD
2024-06-17 08:12:00,59.26,59.26,59.26,59.26,80.0,BUD
2024-06-17 08:02:00,59.49,59.49,59.49,59.49,32.0,BUD
2024-06-17 08:01:00,59.84,59.84,59.84,59.84,1.0,BUD
2024-06-17 08:00:00,59.231,59.49,59.231,59.338,22.0,BUD
2024-06-17 07:36:00,59.27,59.27,59.27,59.27,4.0,BUD
2024-06-17 07:28:00,59.4,59.4,59.4,59.4,100.0,BUD
2024-06-17 07:10:00,59.37,59.37,59.37,59.37,2.0,BUD
2024-06-17 07:00:00,59.27,59.27,59.27,59.27,165.0,BUD
2024-06-17 06:20:00,59.01,59.01,59.01,59.01,1.0,BUD
2024-06-17 06:19:00,59.07,59.08,59.07,59.07,330.0,BUD
2024-06-17 05:09:00,59.35,59.35,59.35,59.35,10.0,BUD
2024-06-17 05:07:00,59.35,59.35,59.35,59.35,51.0,BUD
2024-06-17 05:05:00,59.31,59.31,59.31,59.31,129.0,BUD
2024-06-17 05:01:00,59.16,59.16,59.16,59.16,1.0,BUD
2024-06-17 04:52:00,59.21,59.21,59.21,59.21,6.0,BUD
2024-06-17 04:40:00,59.33,59.33,59.33,59.33,1.0,BUD
