date,1. open,2. high,3. low,4. close,5. volume,Ticker
2025-10-16 20:00:00,48.6,48.6,48.6,48.6,100.0,BUFF
2025-10-16 18:30:00,48.6,48.6,48.6,48.6,100.0,BUFF
2025-10-16 16:10:00,48.6,48.6,48.6,48.6,100.0,BUFF
2025-10-16 16:04:00,48.6,48.6,48.6,48.6,3.0,BUFF
2025-10-16 16:00:00,48.6,48.68,48.6,48.68,269.0,BUFF
2025-10-16 15:59:00,48.65,48.65,48.6,48.6,744.0,BUFF
2025-10-16 15:55:00,48.5996,48.5996,48.5996,48.5996,588.0,BUFF
2025-10-16 15:50:00,48.6712,48.6712,48.6712,48.6712,467.0,BUFF
2025-10-16 15:48:00,48.59,48.59,48.59,48.59,100.0,BUFF
2025-10-16 15:44:00,48.55,48.55,48.55,48.55,236.0,BUFF
2025-10-16 15:34:00,48.61,48.61,48.56,48.56,400.0,BUFF
2025-10-16 15:15:00,48.66,48.66,48.6375,48.6375,418.0,BUFF
2025-10-16 15:11:00,48.61,48.61,48.61,48.61,800.0,BUFF
2025-10-16 15:08:00,48.6001,48.6001,48.6001,48.6001,148.0,BUFF
2025-10-16 15:05:00,48.64,48.64,48.64,48.64,223.0,BUFF
2025-10-16 14:56:00,48.6,48.6001,48.6,48.6001,628.0,BUFF
2025-10-16 14:46:00,48.5903,48.6141,48.5903,48.6141,396.0,BUFF
2025-10-16 14:43:00,48.615,48.615,48.615,48.615,440.0,BUFF
2025-10-16 14:41:00,48.56,48.56,48.56,48.56,101.0,BUFF
2025-10-16 14:37:00,48.5525,48.5525,48.5525,48.5525,661.0,BUFF
2025-10-16 14:34:00,48.54,48.5401,48.53,48.5301,1322.0,BUFF
2025-10-16 14:27:00,48.57,48.57,48.57,48.57,433.0,BUFF
2025-10-16 14:22:00,48.61,48.63,48.57,48.59,3212.0,BUFF
2025-10-16 14:01:00,48.65,48.65,48.65,48.65,201.0,BUFF
2025-10-16 13:59:00,48.65,48.65,48.65,48.65,828.0,BUFF
2025-10-16 13:58:00,48.7211,48.7211,48.7211,48.7211,191.0,BUFF
2025-10-16 13:53:00,48.685,48.685,48.685,48.685,110.0,BUFF
2025-10-16 13:51:00,48.6508,48.6508,48.6508,48.6508,422.0,BUFF
2025-10-16 13:32:00,48.68,48.68,48.68,48.68,516.0,BUFF
2025-10-16 13:29:00,48.7499,48.7499,48.7499,48.7499,102.0,BUFF
2025-10-16 13:21:00,48.7,48.7,48.7,48.7,201.0,BUFF
2025-10-16 13:11:00,48.685,48.685,48.685,48.685,192.0,BUFF
2025-10-16 13:10:00,48.721,48.721,48.7018,48.7018,544.0,BUFF
2025-10-16 13:08:00,48.695,48.695,48.695,48.695,528.0,BUFF
2025-10-16 13:02:00,48.68,48.68,48.68,48.68,561.0,BUFF
2025-10-16 12:50:00,48.66,48.66,48.66,48.66,208.0,BUFF
2025-10-16 12:48:00,48.6431,48.6431,48.6431,48.6431,136.0,BUFF
2025-10-16 12:45:00,48.6836,48.6836,48.6836,48.6836,267.0,BUFF
2025-10-16 12:40:00,48.68,48.68,48.66,48.66,533.0,BUFF
2025-10-16 12:39:00,48.66,48.66,48.66,48.66,762.0,BUFF
2025-10-16 12:34:00,48.67,48.7,48.67,48.6808,448.0,BUFF
2025-10-16 12:25:00,48.745,48.745,48.745,48.745,205.0,BUFF
2025-10-16 12:18:00,48.75,48.75,48.74,48.74,201.0,BUFF
2025-10-16 12:08:00,48.7532,48.7532,48.7532,48.7532,119.0,BUFF
2025-10-16 11:52:00,48.7949,48.7949,48.7949,48.7949,819.0,BUFF
2025-10-16 11:47:00,48.8055,48.8055,48.8023,48.8023,1057.0,BUFF
2025-10-16 11:46:00,48.8003,48.8003,48.8003,48.8003,100.0,BUFF
2025-10-16 11:43:00,48.79,48.79,48.79,48.79,101.0,BUFF
2025-10-16 11:37:00,48.84,48.86,48.84,48.8482,1436.0,BUFF
2025-10-16 11:28:00,48.79,48.79,48.79,48.79,360.0,BUFF
2025-10-16 11:26:00,48.83,48.83,48.8053,48.8053,472.0,BUFF
2025-10-16 11:20:00,48.865,48.865,48.865,48.865,131.0,BUFF
2025-10-16 11:08:00,48.855,48.855,48.83,48.83,600.0,BUFF
2025-10-16 11:06:00,48.89,48.89,48.89,48.89,101.0,BUFF
2025-10-16 10:53:00,48.84,48.84,48.84,48.84,121.0,BUFF
2025-10-16 10:50:00,48.87,48.8725,48.87,48.8725,1063.0,BUFF
2025-10-16 10:43:00,48.86,48.88,48.86,48.88,549.0,BUFF
2025-10-16 10:41:00,48.8584,48.8584,48.8584,48.8584,141.0,BUFF
2025-10-16 10:30:00,48.8,48.8,48.8,48.8,702.0,BUFF
2025-10-16 10:18:00,48.84,48.8581,48.84,48.8581,1445.0,BUFF
2025-10-16 10:16:00,48.85,48.85,48.85,48.85,100.0,BUFF
2025-10-16 10:15:00,48.8592,48.8592,48.8592,48.8592,262.0,BUFF
2025-10-16 10:05:00,48.8456,48.8456,48.8456,48.8456,201.0,BUFF
2025-10-16 10:04:00,48.872,48.872,48.86,48.86,200.0,BUFF
2025-10-16 09:51:00,48.88,48.88,48.88,48.88,107.0,BUFF
2025-10-16 09:47:00,48.89,48.89,48.89,48.89,111.0,BUFF
2025-10-16 09:37:00,48.82,48.855,48.82,48.855,305.0,BUFF
2025-10-16 09:35:00,48.86,48.86,48.86,48.86,200.0,BUFF
2025-10-16 09:30:00,48.9,48.9,48.9,48.9,789.0,BUFF
2025-10-15 20:00:00,48.74,48.74,48.74,48.74,100.0,BUFF
2025-10-15 18:30:00,48.74,48.74,48.74,48.74,100.0,BUFF
2025-10-15 16:10:00,48.74,48.74,48.74,48.74,100.0,BUFF
2025-10-15 16:04:00,48.74,48.74,48.74,48.74,3.0,BUFF
2025-10-15 16:00:00,48.74,48.81,48.74,48.81,268.0,BUFF
2025-10-15 15:59:00,48.77,48.77,48.74,48.74,522.0,BUFF
2025-10-15 15:56:00,48.78,48.78,48.78,48.78,389.0,BUFF
2025-10-15 15:55:00,48.765,48.765,48.76,48.76,1014.0,BUFF
2025-10-15 15:54:00,48.77,48.77,48.762,48.765,1663.0,BUFF
2025-10-15 15:52:00,48.8,48.8,48.8,48.8,716.0,BUFF
2025-10-15 15:51:00,48.775,48.81,48.775,48.775,6617.0,BUFF
2025-10-15 15:48:00,48.8,48.8,48.8,48.8,117.0,BUFF
2025-10-15 15:45:00,48.7779,48.7779,48.7779,48.7779,150.0,BUFF
2025-10-15 15:43:00,48.8,48.8,48.8,48.8,169.0,BUFF
2025-10-15 15:42:00,48.8,48.8,48.8,48.8,100.0,BUFF
2025-10-15 15:38:00,48.775,48.775,48.775,48.775,444.0,BUFF
2025-10-15 15:37:00,48.77,48.8,48.76,48.8,500.0,BUFF
2025-10-15 15:36:00,48.82,48.84,48.82,48.84,415.0,BUFF
2025-10-15 15:35:00,48.805,48.805,48.76,48.76,343.0,BUFF
2025-10-15 15:33:00,48.815,48.815,48.815,48.815,294.0,BUFF
2025-10-15 15:32:00,48.804,48.804,48.804,48.804,409.0,BUFF
2025-10-15 15:29:00,48.8083,48.8083,48.8083,48.8083,912.0,BUFF
2025-10-15 15:09:00,48.83,48.83,48.83,48.83,100.0,BUFF
2025-10-15 15:06:00,48.8412,48.8412,48.8412,48.8412,132.0,BUFF
2025-10-15 15:01:00,48.83,48.83,48.83,48.83,100.0,BUFF
2025-10-15 15:00:00,48.805,48.805,48.78,48.78,283.0,BUFF
2025-10-15 14:53:00,48.82,48.82,48.82,48.82,139.0,BUFF
2025-10-15 14:44:00,48.82,48.82,48.82,48.82,100.0,BUFF
2025-10-15 14:43:00,48.7601,48.8178,48.7601,48.8178,970.0,BUFF
2025-10-15 14:30:00,48.81,48.81,48.81,48.81,100.0,BUFF
2025-10-15 14:27:00,48.813,48.813,48.813,48.813,164.0,BUFF
2025-10-15 14:25:00,48.8,48.8,48.8,48.8,197.0,BUFF
2025-10-15 14:24:00,48.82,48.82,48.82,48.82,452.0,BUFF
2025-10-15 14:23:00,48.7605,48.785,48.7605,48.785,348.0,BUFF
2025-10-15 14:21:00,48.8,48.8,48.8,48.8,179.0,BUFF
2025-10-15 14:06:00,48.78,48.78,48.78,48.78,273.0,BUFF
2025-10-15 14:03:00,48.74,48.75,48.74,48.74,569.0,BUFF
2025-10-15 13:58:00,48.78,48.78,48.78,48.78,253.0,BUFF
2025-10-15 13:52:00,48.7451,48.7451,48.7451,48.7451,100.0,BUFF
2025-10-15 13:50:00,48.7685,48.77,48.7685,48.77,2462.0,BUFF
2025-10-15 13:46:00,48.77,48.77,48.77,48.77,382.0,BUFF
2025-10-15 13:45:00,48.756,48.76,48.756,48.7599,616.0,BUFF
2025-10-15 13:42:00,48.75,48.75,48.75,48.75,1949.0,BUFF
2025-10-15 13:35:00,48.73,48.73,48.71,48.71,440.0,BUFF
2025-10-15 13:33:00,48.66,48.66,48.66,48.66,527.0,BUFF
2025-10-15 13:27:00,48.695,48.695,48.695,48.695,162.0,BUFF
2025-10-15 13:25:00,48.72,48.72,48.72,48.72,265.0,BUFF
2025-10-15 13:24:00,48.7299,48.7299,48.6616,48.6616,749.0,BUFF
2025-10-15 13:23:00,48.7224,48.7224,48.7224,48.7224,502.0,BUFF
2025-10-15 13:21:00,48.71,48.71,48.68,48.68,498.0,BUFF
2025-10-15 13:08:00,48.73,48.73,48.73,48.73,201.0,BUFF
2025-10-15 13:01:00,48.8087,48.8087,48.8087,48.8087,100.0,BUFF
2025-10-15 12:54:00,48.8066,48.8066,48.8066,48.8066,186.0,BUFF
2025-10-15 12:35:00,48.825,48.8277,48.825,48.8277,282.0,BUFF
2025-10-15 12:25:00,48.85,48.85,48.83,48.83,200.0,BUFF
2025-10-15 12:22:00,48.8379,48.8379,48.8379,48.8379,1008.0,BUFF
2025-10-15 12:20:00,48.83,48.83,48.83,48.83,200.0,BUFF
2025-10-15 12:08:00,48.83,48.83,48.83,48.83,100.0,BUFF
2025-10-15 12:07:00,48.84,48.84,48.84,48.84,100.0,BUFF
2025-10-15 12:06:00,48.8221,48.8221,48.8221,48.8221,100.0,BUFF
2025-10-15 11:57:00,48.7923,48.7923,48.7923,48.7923,133.0,BUFF
2025-10-15 11:56:00,48.806,48.806,48.806,48.806,154.0,BUFF
2025-10-15 11:55:00,48.77,48.77,48.77,48.77,266.0,BUFF
2025-10-15 11:51:00,48.81,48.81,48.81,48.81,162.0,BUFF
2025-10-15 11:33:00,48.8821,48.8821,48.8821,48.8821,155.0,BUFF
2025-10-15 11:29:00,48.895,48.895,48.895,48.895,100.0,BUFF
2025-10-15 11:28:00,48.9022,48.9022,48.9022,48.9022,102.0,BUFF
2025-10-15 11:27:00,48.895,48.92,48.895,48.92,204.0,BUFF
2025-10-15 11:22:00,48.89,48.89,48.89,48.89,724.0,BUFF
2025-10-15 11:16:00,48.93,48.93,48.9261,48.9261,406.0,BUFF
2025-10-15 11:09:00,48.906,48.906,48.906,48.906,408.0,BUFF
2025-10-15 11:05:00,48.9015,48.9015,48.9015,48.9015,290.0,BUFF
2025-10-15 11:00:00,48.93,48.93,48.9299,48.9299,300.0,BUFF
2025-10-15 10:54:00,48.9,48.9,48.88,48.88,200.0,BUFF
2025-10-15 10:40:00,48.88,48.88,48.88,48.88,838.0,BUFF
2025-10-15 10:37:00,48.9314,48.9314,48.9314,48.9314,462.0,BUFF
2025-10-15 10:29:00,48.93,48.93,48.93,48.93,287.0,BUFF
2025-10-15 10:23:00,48.9305,48.9305,48.9305,48.9305,324.0,BUFF
2025-10-15 10:18:00,48.94,48.94,48.94,48.94,126.0,BUFF
2025-10-15 10:12:00,48.935,48.9471,48.935,48.9471,401.0,BUFF
2025-10-15 10:00:00,48.92,48.92,48.9108,48.9108,450.0,BUFF
2025-10-15 09:37:00,48.9,48.9,48.9,48.9,355.0,BUFF
2025-10-15 09:33:00,48.938,48.9499,48.862,48.9222,5120.0,BUFF
2025-10-15 09:30:00,48.98,48.98,48.98,48.98,1099.0,BUFF
2025-10-14 20:00:00,48.76,48.76,48.76,48.76,100.0,BUFF
2025-10-14 18:30:00,48.76,48.76,48.76,48.76,100.0,BUFF
2025-10-14 16:10:00,48.76,48.76,48.76,48.76,100.0,BUFF
2025-10-14 16:04:00,48.76,48.76,48.76,48.76,2.0,BUFF
2025-10-14 16:00:00,48.76,48.76,48.72,48.76,500.0,BUFF
2025-10-14 15:59:00,48.7548,48.76,48.725,48.76,796.0,BUFF
2025-10-14 15:58:00,48.75,48.75,48.75,48.75,100.0,BUFF
2025-10-14 15:56:00,48.7592,48.7592,48.7592,48.7592,120.0,BUFF
2025-10-14 15:53:00,48.7395,48.75,48.7395,48.75,1405.0,BUFF
2025-10-14 15:50:00,48.7139,48.7139,48.7139,48.7139,152.0,BUFF
2025-10-14 15:49:00,48.76,48.76,48.76,48.76,330.0,BUFF
2025-10-14 15:43:00,48.76,48.76,48.76,48.76,160.0,BUFF
2025-10-14 15:41:00,48.77,48.77,48.73,48.73,520.0,BUFF
2025-10-14 15:37:00,48.77,48.79,48.77,48.79,1334.0,BUFF
2025-10-14 15:36:00,48.86,48.86,48.82,48.82,3405.0,BUFF
2025-10-14 15:35:00,48.82,48.82,48.82,48.82,302.0,BUFF
2025-10-14 15:30:00,48.88,48.88,48.88,48.88,270.0,BUFF
2025-10-14 15:29:00,48.8178,48.8178,48.8178,48.8178,465.0,BUFF
2025-10-14 15:26:00,48.84,48.84,48.84,48.84,190.0,BUFF
2025-10-14 15:24:00,48.87,48.87,48.8645,48.8645,407.0,BUFF
2025-10-14 15:23:00,48.8482,48.8482,48.8482,48.8482,151.0,BUFF
2025-10-14 15:22:00,48.81,48.81,48.81,48.81,2622.0,BUFF
2025-10-14 15:21:00,48.79,48.8697,48.79,48.8697,897.0,BUFF
2025-10-14 15:19:00,48.87,48.87,48.87,48.87,260.0,BUFF
2025-10-14 15:14:00,48.87,48.87,48.87,48.87,200.0,BUFF
2025-10-14 15:11:00,48.7901,48.835,48.7901,48.835,1703.0,BUFF
2025-10-14 15:09:00,48.86,48.86,48.86,48.86,204.0,BUFF
2025-10-14 15:06:00,48.86,48.86,48.86,48.86,120.0,BUFF
2025-10-14 15:03:00,48.86,48.86,48.86,48.86,278.0,BUFF
2025-10-14 14:59:00,48.86,48.86,48.86,48.86,112.0,BUFF
2025-10-14 14:56:00,48.86,48.86,48.86,48.86,195.0,BUFF
2025-10-14 14:54:00,48.7901,48.7901,48.7901,48.7901,195.0,BUFF
2025-10-14 14:47:00,48.84,48.84,48.84,48.84,100.0,BUFF
2025-10-14 14:39:00,48.84,48.84,48.84,48.84,100.0,BUFF
2025-10-14 14:34:00,48.84,48.84,48.825,48.825,335.0,BUFF
2025-10-14 14:28:00,48.7907,48.7907,48.7907,48.7907,1463.0,BUFF
2025-10-14 14:16:00,48.8292,48.8292,48.8292,48.8292,121.0,BUFF
2025-10-14 14:12:00,48.84,48.84,48.84,48.84,100.0,BUFF
2025-10-14 14:08:00,48.825,48.825,48.825,48.825,400.0,BUFF
2025-10-14 14:03:00,48.87,48.87,48.83,48.83,1716.0,BUFF
2025-10-14 14:00:00,48.87,48.87,48.87,48.87,137.0,BUFF
2025-10-14 13:58:00,48.8006,48.8006,48.8006,48.8006,100.0,BUFF
2025-10-14 13:52:00,48.85,48.85,48.85,48.85,100.0,BUFF
2025-10-14 13:41:00,48.82,48.82,48.82,48.82,518.0,BUFF
2025-10-14 13:40:00,48.82,48.82,48.82,48.82,100.0,BUFF
2025-10-14 13:36:00,48.84,48.84,48.82,48.82,200.0,BUFF
2025-10-14 13:32:00,48.808,48.808,48.808,48.808,108.0,BUFF
2025-10-14 13:21:00,48.84,48.84,48.84,48.84,754.0,BUFF
2025-10-14 13:00:00,48.79,48.79,48.79,48.79,401.0,BUFF
2025-10-14 12:59:00,48.825,48.825,48.825,48.825,200.0,BUFF
2025-10-14 12:54:00,48.85,48.85,48.85,48.85,100.0,BUFF
2025-10-14 12:49:00,48.83,48.83,48.83,48.83,332.0,BUFF
2025-10-14 12:48:00,48.84,48.84,48.84,48.84,473.0,BUFF
2025-10-14 12:36:00,48.795,48.795,48.795,48.795,100.0,BUFF
2025-10-14 12:35:00,48.8309,48.8309,48.8309,48.8309,333.0,BUFF
2025-10-14 12:34:00,48.8,48.8,48.8,48.8,100.0,BUFF
2025-10-14 12:25:00,48.8199,48.8199,48.8199,48.8199,169.0,BUFF
2025-10-14 12:24:00,48.775,48.775,48.775,48.775,103.0,BUFF
2025-10-14 12:21:00,48.8,48.8,48.8,48.8,100.0,BUFF
2025-10-14 12:14:00,48.76,48.77,48.76,48.76,1200.0,BUFF
2025-10-14 12:11:00,48.745,48.745,48.745,48.745,1220.0,BUFF
2025-10-14 12:10:00,48.745,48.7555,48.745,48.7555,410.0,BUFF
2025-10-14 12:09:00,48.7592,48.7592,48.745,48.745,2798.0,BUFF
2025-10-14 12:04:00,48.75,48.75,48.75,48.75,114.0,BUFF
2025-10-14 12:03:00,48.75,48.75,48.75,48.75,500.0,BUFF
2025-10-14 12:02:00,48.7559,48.77,48.7559,48.77,300.0,BUFF
2025-10-14 11:44:00,48.7068,48.73,48.7068,48.73,1639.0,BUFF
2025-10-14 11:20:00,48.68,48.68,48.68,48.68,900.0,BUFF
2025-10-14 11:19:00,48.69,48.69,48.69,48.69,400.0,BUFF
2025-10-14 11:16:00,48.7,48.7,48.7,48.7,108.0,BUFF
2025-10-14 11:07:00,48.6882,48.6882,48.6882,48.6882,1509.0,BUFF
2025-10-14 10:50:00,48.63,48.63,48.63,48.63,154.0,BUFF
2025-10-14 10:34:00,48.648,48.648,48.648,48.648,716.0,BUFF
2025-10-14 10:33:00,48.7,48.7,48.62,48.62,2953.0,BUFF
2025-10-14 10:31:00,48.6996,48.6996,48.6996,48.6996,192.0,BUFF
2025-10-14 10:29:00,48.665,48.665,48.665,48.665,1077.0,BUFF
2025-10-14 10:22:00,48.67,48.67,48.67,48.67,300.0,BUFF
2025-10-14 10:20:00,48.6557,48.6557,48.6557,48.6557,584.0,BUFF
2025-10-14 10:19:00,48.57,48.57,48.57,48.57,175.0,BUFF
2025-10-14 10:15:00,48.6155,48.6155,48.6155,48.6155,247.0,BUFF
2025-10-14 10:14:00,48.6091,48.6091,48.6091,48.6091,1271.0,BUFF
2025-10-14 10:11:00,48.63,48.63,48.63,48.63,2088.0,BUFF
2025-10-14 10:09:00,48.63,48.63,48.63,48.63,1064.0,BUFF
2025-10-14 10:08:00,48.64,48.6415,48.6154,48.6415,3364.0,BUFF
2025-10-14 10:06:00,48.6487,48.6487,48.6487,48.6487,1741.0,BUFF
2025-10-14 09:53:00,48.54,48.54,48.54,48.54,100.0,BUFF
2025-10-14 05:55:00,48.82,48.82,48.82,48.82,1.0,BUFF
2025-10-13 20:00:00,48.82,48.82,48.82,48.82,211.0,BUFF
2025-10-13 18:30:00,48.82,48.82,48.82,48.82,211.0,BUFF
2025-10-13 17:16:00,49.48,49.48,49.48,49.48,1.0,BUFF
2025-10-13 16:10:00,48.82,48.82,48.82,48.82,211.0,BUFF
2025-10-13 16:04:00,48.82,48.82,48.82,48.82,3.0,BUFF
2025-10-13 16:00:00,48.815,48.82,48.815,48.82,522.0,BUFF
2025-10-13 15:59:00,48.79,48.83,48.79,48.815,1241.0,BUFF
2025-10-13 15:47:00,48.829,48.829,48.829,48.829,101.0,BUFF
2025-10-13 15:45:00,48.7919,48.7919,48.7919,48.7919,245.0,BUFF
2025-10-13 15:43:00,48.82,48.83,48.76,48.795,1473.0,BUFF
2025-10-13 15:39:00,48.74,48.74,48.74,48.74,142.0,BUFF
2025-10-13 15:35:00,48.785,48.785,48.785,48.785,276.0,BUFF
2025-10-13 15:34:00,48.76,48.76,48.76,48.76,1423.0,BUFF
2025-10-13 15:27:00,48.74,48.74,48.74,48.74,1283.0,BUFF
2025-10-13 15:26:00,48.785,48.785,48.785,48.785,4003.0,BUFF
2025-10-13 15:25:00,48.7401,48.7401,48.7401,48.7401,814.0,BUFF
2025-10-13 15:23:00,48.792,48.792,48.792,48.792,237.0,BUFF
2025-10-13 15:20:00,48.7818,48.7818,48.775,48.775,3166.0,BUFF
2025-10-13 15:16:00,48.82,48.82,48.82,48.82,181.0,BUFF
2025-10-13 15:13:00,48.775,48.775,48.775,48.775,200.0,BUFF
2025-10-13 15:10:00,48.7794,48.7794,48.7794,48.7794,197.0,BUFF
2025-10-13 14:57:00,48.75,48.75,48.75,48.75,505.0,BUFF
2025-10-13 14:47:00,48.7812,48.7812,48.7812,48.7812,1019.0,BUFF
2025-10-13 14:42:00,48.76,48.785,48.76,48.785,525.0,BUFF
2025-10-13 14:37:00,48.8064,48.8064,48.8064,48.8064,102.0,BUFF
2025-10-13 14:28:00,48.83,48.83,48.8,48.8,400.0,BUFF
2025-10-13 14:19:00,48.785,48.785,48.785,48.785,123.0,BUFF
2025-10-13 14:15:00,48.82,48.82,48.82,48.82,155.0,BUFF
2025-10-13 14:13:00,48.81,48.81,48.7881,48.7881,222.0,BUFF
2025-10-13 14:12:00,48.775,48.775,48.775,48.775,1101.0,BUFF
2025-10-13 13:56:00,48.775,48.775,48.775,48.775,142.0,BUFF
2025-10-13 13:44:00,48.78,48.78,48.78,48.78,301.0,BUFF
2025-10-13 13:34:00,48.7851,48.7851,48.7851,48.7851,318.0,BUFF
2025-10-13 13:25:00,48.79,48.79,48.79,48.79,975.0,BUFF
2025-10-13 13:19:00,48.76,48.76,48.76,48.76,351.0,BUFF
2025-10-13 12:24:00,48.812,48.82,48.812,48.82,2002.0,BUFF
2025-10-13 12:16:00,48.73,48.73,48.73,48.73,2206.0,BUFF
2025-10-13 12:01:00,48.77,48.77,48.77,48.77,388.0,BUFF
2025-10-13 11:48:00,48.796,48.796,48.796,48.796,119.0,BUFF
2025-10-13 11:41:00,48.7746,48.7746,48.7746,48.7746,1546.0,BUFF
2025-10-13 11:40:00,48.8075,48.8075,48.8075,48.8075,1546.0,BUFF
2025-10-13 11:39:00,48.765,48.765,48.765,48.765,474.0,BUFF
2025-10-13 11:38:00,48.7282,48.7282,48.7282,48.7282,650.0,BUFF
2025-10-13 11:20:00,48.77,48.77,48.77,48.77,100.0,BUFF
2025-10-13 11:13:00,48.7414,48.7414,48.7414,48.7414,102.0,BUFF
2025-10-13 11:08:00,48.7085,48.7386,48.7004,48.7004,625.0,BUFF
2025-10-13 11:04:00,48.7385,48.7385,48.7385,48.7385,600.0,BUFF
2025-10-13 11:01:00,48.7,48.7,48.7,48.7,1027.0,BUFF
2025-10-13 10:59:00,48.6931,48.6931,48.6931,48.6931,200.0,BUFF
2025-10-13 10:50:00,48.745,48.745,48.745,48.745,152.0,BUFF
2025-10-13 10:28:00,48.72,48.72,48.72,48.72,102.0,BUFF
2025-10-13 10:22:00,48.72,48.7318,48.72,48.7318,602.0,BUFF
2025-10-13 09:39:00,48.6655,48.6655,48.6655,48.6655,351.0,BUFF
2025-10-13 09:30:00,48.84,48.84,48.84,48.84,198.0,BUFF
2025-10-10 20:00:00,48.5,48.5,48.5,48.5,112.0,BUFF
2025-10-10 18:30:00,48.5,48.5,48.5,48.5,112.0,BUFF
2025-10-10 16:10:00,48.5,48.5,48.5,48.5,112.0,BUFF
2025-10-10 16:04:00,48.5,48.5,48.5,48.5,2.0,BUFF
2025-10-10 16:00:00,48.49,48.53,48.49,48.5,589.0,BUFF
2025-10-10 15:59:00,48.465,48.49,48.42,48.49,1067.0,BUFF
2025-10-10 15:56:00,48.47,48.47,48.47,48.47,103.0,BUFF
2025-10-10 15:50:00,48.579,48.579,48.57,48.57,500.0,BUFF
2025-10-10 15:39:00,48.515,48.515,48.515,48.515,745.0,BUFF
2025-10-10 15:35:00,48.53,48.53,48.5101,48.53,556.0,BUFF
2025-10-10 15:34:00,48.5844,48.5844,48.5844,48.5844,205.0,BUFF
2025-10-10 15:33:00,48.56,48.56,48.56,48.56,194.0,BUFF
2025-10-10 15:31:00,48.57,48.57,48.57,48.57,1171.0,BUFF
2025-10-10 15:28:00,48.53,48.53,48.53,48.53,124.0,BUFF
2025-10-10 15:26:00,48.57,48.57,48.57,48.57,259.0,BUFF
2025-10-10 15:07:00,48.585,48.585,48.585,48.585,309.0,BUFF
2025-10-10 15:02:00,48.621,48.621,48.5894,48.5894,436.0,BUFF
2025-10-10 14:57:00,48.58,48.58,48.58,48.58,869.0,BUFF
2025-10-10 14:51:00,48.6328,48.6328,48.6328,48.6328,148.0,BUFF
2025-10-10 14:42:00,48.6394,48.6394,48.6394,48.6394,103.0,BUFF
2025-10-10 14:39:00,48.6892,48.6892,48.6892,48.6892,100.0,BUFF
2025-10-10 14:31:00,48.66,48.66,48.66,48.66,837.0,BUFF
2025-10-10 14:30:00,48.6197,48.6197,48.6197,48.6197,191.0,BUFF
2025-10-10 14:17:00,48.645,48.645,48.645,48.645,1300.0,BUFF
2025-10-10 13:46:00,48.6822,48.6822,48.6822,48.6822,125.0,BUFF
2025-10-10 13:34:00,48.618,48.655,48.618,48.655,989.0,BUFF
2025-10-10 13:27:00,48.67,48.67,48.67,48.67,100.0,BUFF
2025-10-10 13:16:00,48.6192,48.65,48.6192,48.65,429.0,BUFF
2025-10-10 13:13:00,48.65,48.65,48.65,48.65,1000.0,BUFF
2025-10-10 13:09:00,48.6148,48.6148,48.6148,48.6148,125.0,BUFF
2025-10-10 13:05:00,48.62,48.62,48.62,48.62,127.0,BUFF
2025-10-10 12:58:00,48.6885,48.6885,48.6885,48.6885,470.0,BUFF
2025-10-10 12:55:00,48.655,48.655,48.655,48.655,145.0,BUFF
2025-10-10 12:49:00,48.64,48.64,48.64,48.64,178.0,BUFF
2025-10-10 12:45:00,48.7,48.7,48.7,48.7,264.0,BUFF
2025-10-10 12:38:00,48.7537,48.7537,48.7537,48.7537,218.0,BUFF
2025-10-10 12:36:00,48.715,48.715,48.715,48.715,165.0,BUFF
2025-10-10 12:26:00,48.705,48.705,48.705,48.705,123.0,BUFF
2025-10-10 12:24:00,48.66,48.66,48.66,48.66,457.0,BUFF
2025-10-10 12:23:00,48.7,48.7,48.7,48.7,300.0,BUFF
2025-10-10 12:10:00,48.7,48.7,48.69,48.69,600.0,BUFF
2025-10-10 11:47:00,48.7235,48.7235,48.7235,48.7235,129.0,BUFF
2025-10-10 11:46:00,48.7382,48.7382,48.7382,48.7382,1252.0,BUFF
2025-10-10 11:35:00,48.6709,48.6709,48.6709,48.6709,325.0,BUFF
2025-10-10 11:18:00,48.86,48.86,48.86,48.86,300.0,BUFF
2025-10-10 11:06:00,48.84,48.84,48.84,48.84,300.0,BUFF
2025-10-10 11:04:00,48.79,48.8,48.79,48.8,300.0,BUFF
2025-10-10 11:03:00,48.76,48.76,48.76,48.76,300.0,BUFF
2025-10-10 11:00:00,48.87,48.87,48.85,48.85,400.0,BUFF
2025-10-10 10:59:00,48.92,48.92,48.92,48.92,100.0,BUFF
2025-10-10 10:17:00,49.0,49.0,49.0,49.0,2644.0,BUFF
2025-10-10 10:15:00,49.005,49.005,49.005,49.005,325.0,BUFF
2025-10-10 10:13:00,49.0699,49.0699,49.0699,49.0699,1023.0,BUFF
2025-10-10 10:00:00,49.079,49.079,49.079,49.079,200.0,BUFF
2025-10-10 09:58:00,49.0472,49.0472,49.0472,49.0472,200.0,BUFF
2025-10-10 09:55:00,49.01,49.01,49.01,49.01,409.0,BUFF
2025-10-10 09:30:00,49.06,49.06,49.06,49.06,385.0,BUFF
2025-10-09 20:00:00,49.01,49.01,49.01,49.01,1210.0,BUFF
2025-10-09 18:30:00,49.01,49.01,49.01,49.01,1210.0,BUFF
2025-10-09 16:10:00,49.01,49.01,49.01,49.01,1210.0,BUFF
2025-10-09 16:04:00,49.01,49.01,49.01,49.01,3.0,BUFF
2025-10-09 16:00:00,48.99,49.01,48.98,49.01,2620.0,BUFF
2025-10-09 15:59:00,48.98,48.99,48.98,48.98,3646.0,BUFF
2025-10-09 15:58:00,49.0,49.0,49.0,49.0,102.0,BUFF
2025-10-09 15:55:00,49.01,49.1,48.9593,48.9593,6257.0,BUFF
2025-10-09 15:54:00,49.01,49.01,49.01,49.01,750.0,BUFF
2025-10-09 15:51:00,48.9805,48.9805,48.94,48.94,4875.0,BUFF
2025-10-09 15:50:00,48.0,49.665,47.04,49.02,7565.0,BUFF
2025-10-09 15:46:00,48.978,48.978,48.978,48.978,200.0,BUFF
2025-10-09 15:43:00,48.9551,48.9551,48.9551,48.9551,300.0,BUFF
2025-10-09 15:38:00,48.9665,48.9665,48.9665,48.9665,252.0,BUFF
2025-10-09 15:37:00,48.955,48.955,48.955,48.955,262.0,BUFF
2025-10-09 15:36:00,48.97,48.97,48.97,48.97,610.0,BUFF
2025-10-09 15:35:00,48.97,48.97,48.97,48.97,318.0,BUFF
2025-10-09 15:18:00,48.97,48.97,48.97,48.97,566.0,BUFF
2025-10-09 15:14:00,48.8979,48.8979,48.8979,48.8979,183.0,BUFF
2025-10-09 15:13:00,48.908,48.908,48.908,48.908,1007.0,BUFF
2025-10-09 14:58:00,48.8782,48.8782,48.8782,48.8782,2097.0,BUFF
2025-10-09 14:56:00,48.9042,48.9042,48.9042,48.9042,400.0,BUFF
2025-10-09 14:42:00,48.894,48.894,48.894,48.894,230.0,BUFF
2025-10-09 14:40:00,48.949,48.949,48.949,48.949,1191.0,BUFF
2025-10-09 14:37:00,48.9034,48.9034,48.9034,48.9034,1228.0,BUFF
2025-10-09 14:31:00,48.9452,48.9452,48.9452,48.9452,163.0,BUFF
2025-10-09 14:28:00,48.91,48.91,48.91,48.91,271.0,BUFF
2025-10-09 14:15:00,48.9013,48.9013,48.9013,48.9013,205.0,BUFF
2025-10-09 14:05:00,48.912,48.912,48.912,48.912,300.0,BUFF
2025-10-09 13:58:00,48.9182,48.9182,48.9182,48.9182,146.0,BUFF
2025-10-09 13:51:00,48.9265,48.9265,48.9265,48.9265,201.0,BUFF
2025-10-09 13:48:00,48.8814,48.8814,48.8814,48.8814,200.0,BUFF
2025-10-09 13:06:00,48.9518,48.9518,48.9518,48.9518,215.0,BUFF
2025-10-09 12:59:00,48.94,48.94,48.94,48.94,100.0,BUFF
2025-10-09 12:31:00,48.92,48.92,48.92,48.92,816.0,BUFF
2025-10-09 12:29:00,48.92,48.92,48.92,48.92,200.0,BUFF
2025-10-09 12:22:00,48.9,48.9,48.9,48.9,5266.0,BUFF
2025-10-09 12:20:00,48.91,48.91,48.91,48.91,429.0,BUFF
2025-10-09 12:16:00,48.94,48.94,48.91,48.91,1856.0,BUFF
2025-10-09 12:11:00,48.9665,48.9665,48.9665,48.9665,226.0,BUFF
2025-10-09 11:59:00,48.935,48.935,48.935,48.935,150.0,BUFF
2025-10-09 11:45:00,48.935,48.935,48.935,48.935,358.0,BUFF
2025-10-09 11:09:00,48.9026,48.9026,48.9026,48.9026,114.0,BUFF
2025-10-09 11:04:00,48.9779,48.9779,48.9779,48.9779,1020.0,BUFF
2025-10-09 11:02:00,48.9031,48.9031,48.9031,48.9031,152.0,BUFF
2025-10-09 10:46:00,48.925,48.925,48.925,48.925,210.0,BUFF
2025-10-09 10:23:00,48.989,49.017,48.989,49.017,607.0,BUFF
2025-10-09 10:19:00,48.97,48.97,48.97,48.97,378.0,BUFF
2025-10-09 10:14:00,49.01,49.01,49.01,49.01,144.0,BUFF
2025-10-09 10:13:00,49.006,49.006,49.006,49.006,1500.0,BUFF
2025-10-09 10:06:00,48.9776,48.9776,48.9776,48.9776,117.0,BUFF
2025-10-09 09:51:00,49.0103,49.0103,49.0103,49.0103,100.0,BUFF
2025-10-09 09:45:00,49.0131,49.0131,49.0131,49.0131,365.0,BUFF
2025-10-09 09:40:00,49.05,49.05,49.05,49.05,324.0,BUFF
2025-10-08 20:00:00,48.95,48.95,48.95,48.95,133.0,BUFF
2025-10-08 18:30:00,48.95,48.95,48.95,48.95,133.0,BUFF
2025-10-08 16:10:00,48.95,48.95,48.95,48.95,133.0,BUFF
2025-10-08 16:04:00,48.95,48.95,48.95,48.95,2.0,BUFF
2025-10-08 16:00:00,48.94,49.02,48.94,48.95,559.0,BUFF
2025-10-08 15:59:00,48.99,49.02,48.99,49.02,1072.0,BUFF
2025-10-08 15:50:00,49.016,49.019,49.016,49.019,457.0,BUFF
2025-10-08 15:44:00,48.99,49.018,48.98,48.98,5978.0,BUFF
2025-10-08 15:42:00,48.94,48.94,48.94,48.94,683.0,BUFF
2025-10-08 15:36:00,48.98,48.98,48.98,48.98,154.0,BUFF
2025-10-08 15:33:00,48.98,48.98,48.98,48.98,179.0,BUFF
2025-10-08 15:21:00,48.9645,48.9645,48.9645,48.9645,102.0,BUFF
2025-10-08 15:14:00,48.94,48.94,48.94,48.94,109.0,BUFF
2025-10-08 15:11:00,48.9999,48.9999,48.9999,48.9999,775.0,BUFF
2025-10-08 15:09:00,48.965,48.965,48.9566,48.9566,996.0,BUFF
2025-10-08 14:59:00,48.94,48.94,48.94,48.94,333.0,BUFF
2025-10-08 14:54:00,48.93,48.93,48.93,48.93,1225.0,BUFF
2025-10-08 14:51:00,48.9804,48.9804,48.97,48.97,1237.0,BUFF
2025-10-08 14:50:00,49.0091,49.0091,49.0091,49.0091,165.0,BUFF
2025-10-08 14:44:00,48.9362,48.9362,48.9362,48.9362,1123.0,BUFF
2025-10-08 14:42:00,48.96,48.97,48.96,48.96,658.0,BUFF
2025-10-08 14:40:00,49.0,49.02,49.0,49.02,2037.0,BUFF
2025-10-08 14:39:00,49.0114,49.0114,49.0114,49.0114,501.0,BUFF
2025-10-08 14:33:00,49.015,49.015,49.015,49.015,108.0,BUFF
2025-10-08 14:32:00,49.0196,49.0196,49.0196,49.0196,172.0,BUFF
2025-10-08 14:31:00,49.0,49.0,49.0,49.0,215.0,BUFF
2025-10-08 14:28:00,49.0,49.0,49.0,49.0,556.0,BUFF
2025-10-08 14:21:00,49.01,49.01,49.01,49.01,100.0,BUFF
2025-10-08 14:20:00,49.01,49.01,48.9401,48.9855,1380.0,BUFF
2025-10-08 14:18:00,48.9427,48.9427,48.9427,48.9427,100.0,BUFF
2025-10-08 14:11:00,48.966,48.966,48.966,48.966,425.0,BUFF
2025-10-08 13:55:00,48.97,48.97,48.97,48.97,324.0,BUFF
2025-10-08 13:45:00,48.97,49.01,48.9407,49.01,1171.0,BUFF
2025-10-08 13:43:00,49.01,49.01,49.01,49.01,306.0,BUFF
2025-10-08 13:24:00,49.0087,49.01,49.0087,49.01,2049.0,BUFF
2025-10-08 13:20:00,48.9769,48.9769,48.9769,48.9769,442.0,BUFF
2025-10-08 13:19:00,48.9865,48.9865,48.9865,48.9865,145.0,BUFF
2025-10-08 13:16:00,48.97,48.97,48.97,48.97,100.0,BUFF
2025-10-08 13:15:00,49.01,49.01,49.01,49.01,351.0,BUFF
2025-10-08 13:08:00,49.0086,49.0086,48.97,48.97,992.0,BUFF
2025-10-08 13:03:00,48.9632,48.9632,48.9632,48.9632,281.0,BUFF
2025-10-08 13:00:00,48.975,48.975,48.975,48.975,1000.0,BUFF
2025-10-08 12:53:00,48.9817,48.9885,48.9817,48.9885,800.0,BUFF
2025-10-08 12:45:00,48.975,48.975,48.975,48.975,583.0,BUFF
2025-10-08 12:39:00,49.0106,49.0106,49.0106,49.0106,400.0,BUFF
2025-10-08 11:58:00,48.9811,48.9811,48.9811,48.9811,462.0,BUFF
2025-10-08 11:50:00,48.975,49.02,48.975,49.02,1367.0,BUFF
2025-10-08 11:37:00,48.9839,48.9839,48.9839,48.9839,122.0,BUFF
2025-10-08 11:20:00,48.9768,48.9768,48.9768,48.9768,533.0,BUFF
2025-10-08 11:07:00,49.019,49.019,49.019,49.019,508.0,BUFF
2025-10-08 11:05:00,48.9615,48.9615,48.9615,48.9615,987.0,BUFF
2025-10-08 10:40:00,48.9454,48.9454,48.9454,48.9454,1050.0,BUFF
2025-10-08 10:23:00,48.9658,48.9658,48.9658,48.9658,443.0,BUFF
2025-10-08 10:22:00,48.955,48.955,48.955,48.955,182.0,BUFF
2025-10-08 10:16:00,48.9505,48.9505,48.9505,48.9505,133.0,BUFF
2025-10-08 10:10:00,48.999,48.999,48.999,48.999,326.0,BUFF
2025-10-08 10:04:00,48.9485,48.9485,48.9485,48.9485,500.0,BUFF
2025-10-08 09:46:00,48.925,48.925,48.925,48.925,450.0,BUFF
2025-10-08 09:30:00,48.85,48.85,48.85,48.85,436.0,BUFF
2025-10-07 20:00:00,48.94,48.94,48.94,48.94,142.0,BUFF
2025-10-07 18:30:00,48.94,48.94,48.94,48.94,142.0,BUFF
2025-10-07 16:10:00,48.94,48.94,48.94,48.94,143.0,BUFF
2025-10-07 16:04:00,48.94,48.94,48.94,48.94,3.0,BUFF
2025-10-07 16:00:00,48.9492,48.97,48.94,48.94,527.0,BUFF
2025-10-07 15:59:00,48.91,48.9492,48.91,48.9492,775.0,BUFF
2025-10-07 15:56:00,48.915,48.915,48.915,48.915,305.0,BUFF
2025-10-07 15:52:00,48.95,48.95,48.95,48.95,101.0,BUFF
2025-10-07 15:51:00,48.9015,48.9015,48.9015,48.9015,409.0,BUFF
2025-10-07 15:46:00,48.9591,48.9591,48.9591,48.9591,206.0,BUFF
2025-10-07 15:26:00,48.8928,48.8928,48.8928,48.8928,233.0,BUFF
2025-10-07 15:17:00,48.9025,48.9125,48.9025,48.9125,554.0,BUFF
2025-10-07 15:13:00,48.9075,48.9075,48.8801,48.8801,1346.0,BUFF
2025-10-07 14:45:00,48.93,48.93,48.93,48.93,970.0,BUFF
2025-10-07 14:44:00,48.9,48.9,48.9,48.9,306.0,BUFF
2025-10-07 14:38:00,48.926,48.93,48.926,48.93,2551.0,BUFF
2025-10-07 14:37:00,48.895,48.895,48.895,48.895,429.0,BUFF
2025-10-07 14:21:00,48.92,48.93,48.92,48.93,654.0,BUFF
2025-10-07 14:05:00,48.88,48.88,48.87,48.87,293.0,BUFF
2025-10-07 14:02:00,48.897,48.897,48.897,48.897,933.0,BUFF
2025-10-07 14:00:00,48.92,48.92,48.92,48.92,1021.0,BUFF
2025-10-07 13:56:00,48.9292,48.9292,48.9292,48.9292,338.0,BUFF
2025-10-07 13:55:00,48.925,48.925,48.925,48.925,3934.0,BUFF
2025-10-07 13:54:00,48.9204,48.9204,48.9204,48.9204,187.0,BUFF
2025-10-07 13:52:00,48.9204,48.9204,48.9204,48.9204,213.0,BUFF
2025-10-07 13:51:00,48.925,48.925,48.925,48.925,766.0,BUFF
2025-10-07 13:45:00,48.9293,48.9293,48.9293,48.9293,376.0,BUFF
2025-10-07 13:37:00,48.93,48.93,48.93,48.93,360.0,BUFF
2025-10-07 13:30:00,48.9,48.9,48.9,48.9,475.0,BUFF
2025-10-07 13:27:00,48.9044,48.9044,48.9044,48.9044,118.0,BUFF
2025-10-07 13:25:00,48.923,48.923,48.923,48.923,294.0,BUFF
2025-10-07 13:23:00,48.9019,48.9019,48.9019,48.9019,193.0,BUFF
2025-10-07 13:14:00,48.9027,48.9027,48.9027,48.9027,157.0,BUFF
2025-10-07 13:11:00,48.85,48.85,48.85,48.85,2044.0,BUFF
2025-10-07 13:10:00,48.92,48.92,48.92,48.92,180.0,BUFF
2025-10-07 13:06:00,48.885,48.92,48.885,48.92,1197.0,BUFF
2025-10-07 13:05:00,48.85,48.85,48.85,48.85,102.0,BUFF
2025-10-07 13:02:00,48.88,48.88,48.88,48.88,1742.0,BUFF
2025-10-07 13:00:00,48.8863,48.8971,48.8863,48.8971,3477.0,BUFF
2025-10-07 12:59:00,48.8667,48.8667,48.8667,48.8667,125.0,BUFF
2025-10-07 12:58:00,48.89,48.89,48.89,48.89,200.0,BUFF
2025-10-07 12:47:00,48.86,48.86,48.86,48.86,778.0,BUFF
2025-10-07 12:40:00,48.895,48.895,48.895,48.895,103.0,BUFF
2025-10-07 12:38:00,48.91,48.91,48.91,48.91,196.0,BUFF
2025-10-07 12:20:00,48.86,48.86,48.86,48.86,100.0,BUFF
2025-10-07 12:09:00,48.8925,48.8925,48.8925,48.8925,569.0,BUFF
2025-10-07 12:02:00,48.92,48.92,48.92,48.92,322.0,BUFF
2025-10-07 11:56:00,48.8573,48.8573,48.8573,48.8573,222.0,BUFF
2025-10-07 11:39:00,48.91,48.91,48.91,48.91,939.0,BUFF
2025-10-07 11:35:00,48.91,48.91,48.91,48.91,310.0,BUFF
2025-10-07 11:34:00,48.95,48.95,48.95,48.95,100.0,BUFF
2025-10-07 11:33:00,48.92,48.92,48.92,48.92,224.0,BUFF
2025-10-07 11:29:00,48.945,48.945,48.945,48.945,178.0,BUFF
2025-10-07 11:28:00,48.9267,48.9267,48.9267,48.9267,1000.0,BUFF
2025-10-07 11:18:00,48.92,48.945,48.92,48.93,506.0,BUFF
2025-10-07 11:17:00,48.9496,48.9496,48.9496,48.9496,1919.0,BUFF
2025-10-07 11:15:00,48.93,48.93,48.93,48.93,1920.0,BUFF
2025-10-07 11:10:00,48.9475,48.9475,48.9475,48.9475,300.0,BUFF
2025-10-07 11:09:00,48.93,48.93,48.93,48.93,800.0,BUFF
2025-10-07 11:06:00,48.931,48.94,48.931,48.94,601.0,BUFF
2025-10-07 11:03:00,48.94,48.94,48.94,48.94,233.0,BUFF
2025-10-07 11:02:00,48.9401,48.9401,48.9401,48.9401,197.0,BUFF
2025-10-07 10:59:00,48.94,48.97,48.94,48.97,300.0,BUFF
2025-10-07 10:49:00,48.9857,48.9857,48.9857,48.9857,179.0,BUFF
2025-10-07 10:41:00,48.9448,48.9448,48.9448,48.9448,535.0,BUFF
2025-10-07 10:40:00,48.9994,48.9994,48.97,48.97,611.0,BUFF
2025-10-07 10:39:00,48.97,48.97,48.97,48.97,917.0,BUFF
2025-10-07 10:25:00,49.006,49.01,49.006,49.01,1005.0,BUFF
2025-10-07 10:21:00,49.0046,49.0046,49.0046,49.0046,168.0,BUFF
2025-10-07 10:17:00,48.975,48.975,48.975,48.975,300.0,BUFF
2025-10-07 10:16:00,48.9715,48.9715,48.9715,48.9715,235.0,BUFF
2025-10-07 10:09:00,48.9668,48.9668,48.9668,48.9668,242.0,BUFF
2025-10-07 10:01:00,49.016,49.02,49.016,49.02,1202.0,BUFF
2025-10-07 09:53:00,48.9408,48.9408,48.9408,48.9408,152.0,BUFF
2025-10-07 09:47:00,48.94,48.98,48.94,48.98,200.0,BUFF
2025-10-07 09:30:00,49.06,49.06,48.91,48.91,635.0,BUFF
2025-10-06 20:00:00,48.91,48.91,48.91,48.91,604.0,BUFF
2025-10-06 18:30:00,48.91,48.91,48.91,48.91,604.0,BUFF
2025-10-06 16:10:00,48.91,48.91,48.91,48.91,604.0,BUFF
2025-10-06 16:04:00,48.91,48.91,48.91,48.91,3.0,BUFF
2025-10-06 16:00:00,49.01,49.01,48.91,48.91,1344.0,BUFF
2025-10-06 15:59:00,48.96,49.01,48.91,49.01,867.0,BUFF
2025-10-06 15:48:00,48.946,48.946,48.946,48.946,3272.0,BUFF
2025-10-06 15:43:00,48.979,48.979,48.979,48.979,2893.0,BUFF
2025-10-06 15:36:00,48.95,48.95,48.95,48.95,191.0,BUFF
2025-10-06 15:33:00,48.926,48.926,48.926,48.926,194.0,BUFF
2025-10-06 15:31:00,48.94,48.94,48.94,48.94,362.0,BUFF
2025-10-06 15:29:00,48.9621,48.9621,48.9621,48.9621,1000.0,BUFF
2025-10-06 15:24:00,48.9333,48.9333,48.9333,48.9333,236.0,BUFF
2025-10-06 15:23:00,48.93,48.93,48.93,48.93,100.0,BUFF
2025-10-06 15:20:00,48.9503,48.9503,48.9503,48.9503,220.0,BUFF
2025-10-06 15:19:00,48.955,48.955,48.955,48.955,100.0,BUFF
2025-10-06 15:17:00,48.9348,48.9775,48.9348,48.9775,850.0,BUFF
2025-10-06 15:16:00,48.955,48.955,48.955,48.955,1048.0,BUFF
2025-10-06 15:12:00,48.97,48.97,48.94,48.94,946.0,BUFF
2025-10-06 15:11:00,48.9417,48.9417,48.9417,48.9417,156.0,BUFF
2025-10-06 15:09:00,48.973,48.973,48.973,48.973,119.0,BUFF
2025-10-06 15:05:00,48.94,48.94,48.94,48.94,100.0,BUFF
2025-10-06 15:02:00,48.9682,48.9682,48.9682,48.9682,263.0,BUFF
2025-10-06 15:01:00,48.97,48.97,48.9628,48.9628,1363.0,BUFF
2025-10-06 15:00:00,48.95,48.95,48.95,48.95,442.0,BUFF
2025-10-06 14:53:00,49.0165,49.0165,49.0165,49.0165,100.0,BUFF
2025-10-06 14:52:00,48.9571,48.9571,48.9571,48.9571,307.0,BUFF
2025-10-06 14:41:00,49.0199,49.0199,49.0199,49.0199,164.0,BUFF
2025-10-06 14:38:00,48.9574,48.9574,48.9574,48.9574,225.0,BUFF
2025-10-06 14:37:00,49.019,49.02,49.019,49.0199,755.0,BUFF
2025-10-06 14:34:00,48.9829,48.9829,48.9829,48.9829,215.0,BUFF
2025-10-06 14:33:00,48.9766,48.9766,48.9766,48.9766,346.0,BUFF
2025-10-06 14:32:00,49.006,49.006,49.006,49.006,107.0,BUFF
2025-10-06 14:26:00,48.969,48.969,48.969,48.969,197.0,BUFF
2025-10-06 14:25:00,48.9999,48.9999,48.9999,48.9999,111.0,BUFF
2025-10-06 14:22:00,48.9505,48.9505,48.9505,48.9505,214.0,BUFF
2025-10-06 14:17:00,48.96,48.96,48.95,48.95,205.0,BUFF
2025-10-06 14:16:00,49.0,49.01,49.0,49.0099,344.0,BUFF
2025-10-06 14:15:00,48.98,48.98,48.98,48.98,517.0,BUFF
2025-10-06 14:05:00,48.9507,48.9507,48.9507,48.9507,270.0,BUFF
2025-10-06 14:01:00,48.9559,48.9559,48.9559,48.9559,700.0,BUFF
2025-10-06 13:59:00,48.96,48.96,48.96,48.96,118.0,BUFF
2025-10-06 13:49:00,48.9766,48.98,48.9766,48.98,240.0,BUFF
2025-10-06 13:35:00,48.9769,49.0,48.9769,49.0,378.0,BUFF
2025-10-06 13:30:00,48.96,48.96,48.96,48.96,100.0,BUFF
2025-10-06 13:24:00,48.965,48.965,48.965,48.965,138.0,BUFF
2025-10-06 13:21:00,48.95,48.95,48.95,48.95,100.0,BUFF
2025-10-06 13:16:00,48.95,48.95,48.93,48.95,891.0,BUFF
2025-10-06 13:15:00,48.97,48.97,48.94,48.94,592.0,BUFF
2025-10-06 13:06:00,48.94,48.94,48.94,48.94,100.0,BUFF
2025-10-06 13:05:00,48.975,48.975,48.975,48.975,139.0,BUFF
2025-10-06 13:02:00,48.9486,48.9486,48.9486,48.9486,166.0,BUFF
2025-10-06 12:57:00,48.955,48.955,48.955,48.955,141.0,BUFF
2025-10-06 12:55:00,48.9535,48.9535,48.9535,48.9535,409.0,BUFF
2025-10-06 12:51:00,48.94,48.94,48.94,48.94,200.0,BUFF
2025-10-06 12:38:00,48.965,48.965,48.965,48.965,181.0,BUFF
2025-10-06 12:37:00,48.94,48.965,48.93,48.965,412.0,BUFF
2025-10-06 12:36:00,48.9394,48.9394,48.9394,48.9394,214.0,BUFF
2025-10-06 12:33:00,48.97,48.97,48.97,48.97,251.0,BUFF
2025-10-06 12:31:00,48.94,48.94,48.94,48.94,117.0,BUFF
2025-10-06 12:25:00,48.93,48.93,48.93,48.93,202.0,BUFF
2025-10-06 12:23:00,48.9604,48.9604,48.9604,48.9604,188.0,BUFF
2025-10-06 12:22:00,48.93,48.93,48.93,48.93,100.0,BUFF
2025-10-06 12:19:00,48.975,48.975,48.975,48.975,288.0,BUFF
2025-10-06 12:17:00,49.009,49.0099,49.009,49.0099,500.0,BUFF
2025-10-06 12:16:00,48.94,48.94,48.94,48.94,100.0,BUFF
2025-10-06 12:15:00,48.975,48.975,48.9401,48.9401,327.0,BUFF
2025-10-06 12:06:00,48.95,48.95,48.95,48.95,179.0,BUFF
2025-10-06 11:59:00,48.9694,48.9694,48.9694,48.9694,500.0,BUFF
2025-10-06 11:52:00,48.9489,48.9489,48.9489,48.9489,440.0,BUFF
2025-10-06 11:51:00,48.989,48.989,48.989,48.989,100.0,BUFF
2025-10-06 11:45:00,48.955,48.955,48.955,48.955,100.0,BUFF
2025-10-06 11:35:00,48.9799,48.98,48.9799,48.98,650.0,BUFF
2025-10-06 11:33:00,48.95,48.98,48.95,48.975,3200.0,BUFF
2025-10-06 11:29:00,48.93,48.93,48.93,48.93,163.0,BUFF
2025-10-06 11:28:00,48.979,48.979,48.979,48.979,223.0,BUFF
2025-10-06 11:17:00,48.93,48.93,48.93,48.93,125.0,BUFF
2025-10-06 11:15:00,48.9827,48.9827,48.9827,48.9827,180.0,BUFF
2025-10-06 11:06:00,48.92,48.92,48.92,48.92,100.0,BUFF
2025-10-06 11:03:00,48.95,48.95,48.95,48.95,367.0,BUFF
2025-10-06 10:59:00,48.92,48.92,48.92,48.92,121.0,BUFF
2025-10-06 10:58:00,48.9619,48.9619,48.9619,48.9619,200.0,BUFF
2025-10-06 10:51:00,48.92,48.92,48.92,48.92,120.0,BUFF
2025-10-06 10:45:00,48.95,48.95,48.95,48.95,123.0,BUFF
2025-10-06 10:43:00,48.9101,48.9101,48.91,48.91,511.0,BUFF
2025-10-06 10:37:00,48.96,48.96,48.96,48.96,100.0,BUFF
2025-10-06 10:10:00,48.9,48.9,48.9,48.9,4300.0,BUFF
2025-10-06 10:08:00,48.94,48.94,48.94,48.94,408.0,BUFF
2025-10-06 09:41:00,48.95,48.95,48.95,48.95,662.0,BUFF
2025-10-06 09:30:00,48.86,48.86,48.86,48.86,791.0,BUFF
2025-10-03 20:00:00,48.95,48.95,48.95,48.95,431.0,BUFF
2025-10-03 18:30:00,48.95,48.95,48.95,48.95,431.0,BUFF
2025-10-03 16:10:00,48.95,48.95,48.95,48.95,431.0,BUFF
2025-10-03 16:04:00,48.95,48.95,48.95,48.95,2.0,BUFF
2025-10-03 16:00:00,48.945,48.97,48.945,48.95,1062.0,BUFF
2025-10-03 15:59:00,48.97,48.97,48.945,48.945,1236.0,BUFF
2025-10-03 15:56:00,48.945,48.945,48.945,48.945,1356.0,BUFF
2025-10-03 15:55:00,48.975,49.02,48.945,48.945,840.0,BUFF
2025-10-03 15:50:00,49.0,49.0,48.95,48.98,465.0,BUFF
2025-10-03 15:49:00,48.91,48.97,48.91,48.97,1444.0,BUFF
2025-10-03 15:36:00,48.9478,48.9478,48.9478,48.9478,306.0,BUFF
2025-10-03 15:33:00,48.9693,48.9693,48.96,48.96,771.0,BUFF
2025-10-03 15:31:00,48.97,48.97,48.97,48.97,194.0,BUFF
2025-10-03 15:27:00,48.928,48.972,48.928,48.972,1292.0,BUFF
2025-10-03 15:22:00,48.94,48.94,48.94,48.94,658.0,BUFF
2025-10-03 15:21:00,48.935,48.935,48.935,48.935,190.0,BUFF
2025-10-03 15:18:00,48.935,48.935,48.935,48.935,233.0,BUFF
2025-10-03 15:15:00,48.952,48.98,48.94,48.94,2349.0,BUFF
2025-10-03 15:13:00,48.9314,48.9314,48.9314,48.9314,1627.0,BUFF
2025-10-03 15:00:00,48.95,48.95,48.9344,48.9344,296.0,BUFF
2025-10-03 14:46:00,48.96,48.97,48.96,48.968,6438.0,BUFF
2025-10-03 14:44:00,48.96,48.96,48.9444,48.9444,3266.0,BUFF
2025-10-03 14:26:00,48.9544,48.9544,48.9544,48.9544,146.0,BUFF
2025-10-03 14:24:00,48.96,48.96,48.96,48.96,100.0,BUFF
2025-10-03 14:04:00,48.89,48.89,48.89,48.89,229.0,BUFF
2025-10-03 13:45:00,48.9373,48.97,48.9373,48.97,691.0,BUFF
2025-10-03 13:21:00,48.9738,48.9738,48.9738,48.9738,100.0,BUFF
2025-10-03 13:05:00,48.94,48.94,48.94,48.94,128.0,BUFF
2025-10-03 12:55:00,49.01,49.01,49.0099,49.0099,400.0,BUFF
2025-10-03 12:16:00,48.957,48.957,48.957,48.957,243.0,BUFF
2025-10-03 12:11:00,48.98,48.98,48.98,48.98,370.0,BUFF
2025-10-03 12:07:00,48.971,48.971,48.971,48.971,100.0,BUFF
2025-10-03 11:56:00,49.01,49.01,49.0099,49.0099,348.0,BUFF
2025-10-03 11:46:00,48.986,49.02,48.986,49.02,236.0,BUFF
2025-10-03 11:40:00,48.95,48.96,48.95,48.96,330.0,BUFF
2025-10-03 11:38:00,48.9551,48.9551,48.9551,48.9551,1025.0,BUFF
2025-10-03 11:35:00,49.01,49.01,49.0099,49.0099,244.0,BUFF
2025-10-03 11:34:00,49.01,49.01,49.0099,49.0099,408.0,BUFF
2025-10-03 11:28:00,49.01,49.01,49.01,49.01,1000.0,BUFF
2025-10-03 11:14:00,49.01,49.01,49.01,49.01,2040.0,BUFF
2025-10-03 10:57:00,49.01,49.01,49.01,49.01,764.0,BUFF
2025-10-03 10:56:00,48.9572,48.9572,48.9572,48.9572,196.0,BUFF
2025-10-03 10:40:00,48.98,48.98,48.98,48.98,200.0,BUFF
2025-10-03 10:28:00,48.9614,48.9614,48.9614,48.9614,4000.0,BUFF
2025-10-03 10:26:00,49.002,49.002,49.0,49.0,650.0,BUFF
2025-10-03 10:20:00,48.9757,48.9757,48.9757,48.9757,201.0,BUFF
2025-10-03 10:19:00,48.99,48.99,48.9436,48.9436,8265.0,BUFF
2025-10-03 10:13:00,48.98,48.98,48.98,48.98,100.0,BUFF
2025-10-03 10:12:00,48.95,48.95,48.95,48.95,200.0,BUFF
2025-10-03 09:45:00,48.95,48.95,48.95,48.95,212.0,BUFF
2025-10-03 09:37:00,48.9919,48.9919,48.9919,48.9919,300.0,BUFF
2025-10-03 09:35:00,48.99,48.99,48.966,48.966,3268.0,BUFF
2025-10-02 20:00:00,48.95,48.95,48.95,48.95,420.0,BUFF
2025-10-02 18:30:00,48.95,48.95,48.95,48.95,420.0,BUFF
2025-10-02 16:10:00,48.95,48.95,48.95,48.95,420.0,BUFF
2025-10-02 16:04:00,48.95,48.95,48.95,48.95,4.0,BUFF
2025-10-02 16:00:00,48.95,48.95,48.95,48.95,1231.0,BUFF
2025-10-02 15:59:00,48.95,48.95,48.95,48.95,467.0,BUFF
2025-10-02 15:50:00,48.946,48.946,48.946,48.946,102.0,BUFF
2025-10-02 15:41:00,48.9075,48.9075,48.9075,48.9075,577.0,BUFF
2025-10-02 15:33:00,48.92,48.92,48.92,48.92,510.0,BUFF
2025-10-02 15:32:00,48.8875,48.8875,48.8875,48.8875,221.0,BUFF
2025-10-02 15:29:00,48.92,48.92,48.92,48.92,2289.0,BUFF
2025-10-02 15:27:00,48.88,48.92,48.88,48.92,1121.0,BUFF
2025-10-02 15:26:00,48.92,48.9514,48.92,48.9514,2003.0,BUFF
2025-10-02 15:25:00,48.915,48.915,48.8881,48.8881,213.0,BUFF
2025-10-02 15:13:00,48.92,48.92,48.92,48.92,296.0,BUFF
2025-10-02 15:07:00,48.9176,48.9176,48.9176,48.9176,376.0,BUFF
2025-10-02 15:02:00,48.92,48.92,48.92,48.92,275.0,BUFF
2025-10-02 14:54:00,48.95,48.95,48.95,48.95,1236.0,BUFF
2025-10-02 14:48:00,48.92,48.92,48.92,48.92,100.0,BUFF
2025-10-02 14:45:00,48.9,48.9,48.9,48.9,377.0,BUFF
2025-10-02 14:31:00,48.9,48.9218,48.9,48.9218,322.0,BUFF
2025-10-02 14:21:00,48.9399,48.9399,48.9399,48.9399,424.0,BUFF
2025-10-02 14:05:00,48.91,48.91,48.91,48.91,361.0,BUFF
2025-10-02 14:00:00,48.9313,48.9313,48.9313,48.9313,1000.0,BUFF
2025-10-02 13:50:00,48.89,48.915,48.89,48.915,363.0,BUFF
2025-10-02 13:47:00,48.8775,48.8775,48.8775,48.8775,204.0,BUFF
2025-10-02 13:36:00,48.915,48.915,48.915,48.915,138.0,BUFF
2025-10-02 13:25:00,48.91,48.92,48.91,48.914,1000.0,BUFF
2025-10-02 13:15:00,48.8967,48.8967,48.8967,48.8967,3924.0,BUFF
2025-10-02 13:12:00,48.89,48.89,48.89,48.89,100.0,BUFF
2025-10-02 13:09:00,48.89,48.89,48.86,48.86,272.0,BUFF
2025-10-02 13:03:00,48.9,48.915,48.9,48.915,25428.0,BUFF
2025-10-02 13:01:00,48.9147,48.9147,48.9147,48.9147,110.0,BUFF
2025-10-02 13:00:00,48.8982,48.8982,48.8982,48.8982,105.0,BUFF
2025-10-02 12:58:00,48.8909,48.8991,48.8909,48.8991,2672.0,BUFF
2025-10-02 12:57:00,48.8882,48.8882,48.8882,48.8882,933.0,BUFF
2025-10-02 12:53:00,48.8928,48.8928,48.8928,48.8928,306.0,BUFF
2025-10-02 12:17:00,48.9,48.9,48.9,48.9,180.0,BUFF
2025-10-02 12:03:00,48.9093,48.9093,48.9093,48.9093,181.0,BUFF
2025-10-02 12:02:00,48.91,48.91,48.91,48.91,175.0,BUFF
2025-10-02 11:58:00,48.8987,48.8987,48.8987,48.8987,282.0,BUFF
2025-10-02 11:55:00,48.8993,48.8993,48.8993,48.8993,202.0,BUFF
2025-10-02 11:53:00,48.886,48.89,48.886,48.89,405.0,BUFF
2025-10-02 11:52:00,48.855,48.855,48.855,48.855,100.0,BUFF
2025-10-02 11:51:00,48.855,48.855,48.855,48.855,405.0,BUFF
2025-10-02 11:50:00,48.82,48.82,48.82,48.82,129.0,BUFF
2025-10-02 11:46:00,48.8674,48.8674,48.8674,48.8674,181.0,BUFF
2025-10-02 11:40:00,48.8626,48.8626,48.8626,48.8626,200.0,BUFF
2025-10-02 11:38:00,48.855,48.8815,48.855,48.8815,589.0,BUFF
2025-10-02 11:23:00,48.85,48.85,48.85,48.85,60669.0,BUFF
2025-10-02 11:18:00,48.8401,48.8401,48.8401,48.8401,353.0,BUFF
2025-10-02 11:11:00,48.8401,48.9,48.8401,48.9,4196.0,BUFF
2025-10-02 11:10:00,48.89,48.89,48.89,48.89,235.0,BUFF
2025-10-02 11:06:00,48.83,48.83,48.83,48.83,146.0,BUFF
2025-10-02 11:04:00,48.85,48.85,48.8414,48.8414,732.0,BUFF
2025-10-02 11:01:00,48.9,48.9,48.9,48.9,356.0,BUFF
2025-10-02 11:00:00,48.8803,48.8803,48.81,48.845,7552.0,BUFF
2025-10-02 10:59:00,48.89,48.89,48.89,48.89,200.0,BUFF
2025-10-02 10:58:00,48.89,48.89,48.89,48.89,100.0,BUFF
2025-10-02 10:54:00,48.9265,48.93,48.9091,48.93,4515.0,BUFF
2025-10-02 10:45:00,48.9,48.9,48.9,48.9,400.0,BUFF
2025-10-02 10:42:00,48.8949,48.8949,48.8949,48.8949,522.0,BUFF
2025-10-02 10:30:00,48.9402,48.9402,48.9288,48.9288,656.0,BUFF
2025-10-02 10:20:00,48.9414,48.9414,48.9414,48.9414,222.0,BUFF
2025-10-02 10:00:00,48.9215,48.9215,48.9215,48.9215,500.0,BUFF
2025-10-02 09:58:00,48.96,48.96,48.96,48.96,100.0,BUFF
2025-10-02 09:47:00,48.8966,48.9336,48.8966,48.9336,982.0,BUFF
2025-10-02 09:43:00,48.9592,48.9592,48.9592,48.9592,132.0,BUFF
2025-10-02 09:30:00,48.85,48.85,48.85,48.85,1169.0,BUFF
2025-10-01 20:00:00,48.96,48.96,48.96,48.96,1459.0,BUFF
2025-10-01 18:30:00,48.96,48.96,48.96,48.96,1459.0,BUFF
2025-10-01 16:10:00,48.96,48.96,48.96,48.96,1459.0,BUFF
2025-10-01 16:04:00,48.96,48.96,48.96,48.96,4.0,BUFF
2025-10-01 16:00:00,48.96,48.96,48.96,48.96,3194.0,BUFF
2025-10-01 15:59:00,48.96,48.96,48.96,48.96,229.0,BUFF
2025-10-01 15:58:00,48.9693,48.9693,48.9693,48.9693,200.0,BUFF
2025-10-01 15:56:00,48.96,48.96,48.96,48.96,200.0,BUFF
2025-10-01 15:53:00,48.9594,48.96,48.93,48.9599,1341.0,BUFF
2025-10-01 15:51:00,48.96,48.96,48.96,48.96,137.0,BUFF
2025-10-01 15:50:00,48.89,48.96,48.89,48.96,624.0,BUFF
2025-10-01 15:49:00,48.94,48.94,48.92,48.92,729.0,BUFF
2025-10-01 15:48:00,48.96,48.96,48.96,48.96,196.0,BUFF
2025-10-01 15:44:00,48.9699,48.97,48.9699,48.97,331.0,BUFF
2025-10-01 15:39:00,48.97,48.97,48.97,48.97,110.0,BUFF
2025-10-01 15:37:00,48.969,48.969,48.969,48.969,100.0,BUFF
2025-10-01 15:35:00,48.9559,48.97,48.9559,48.97,844.0,BUFF
2025-10-01 15:33:00,48.97,48.97,48.97,48.97,344.0,BUFF
2025-10-01 15:29:00,48.955,48.9697,48.955,48.9697,1544.0,BUFF
2025-10-01 15:09:00,48.95,48.95,48.95,48.95,4269.0,BUFF
2025-10-01 15:01:00,48.9474,48.9474,48.9474,48.9474,1395.0,BUFF
2025-10-01 14:49:00,48.96,48.96,48.96,48.96,100.0,BUFF
2025-10-01 14:47:00,48.97,48.97,48.97,48.97,100.0,BUFF
2025-10-01 14:46:00,48.97,48.97,48.97,48.97,265.0,BUFF
2025-10-01 14:45:00,48.955,48.955,48.955,48.955,300.0,BUFF
2025-10-01 14:41:00,48.97,48.97,48.97,48.97,100.0,BUFF
2025-10-01 14:37:00,48.9697,48.9697,48.9697,48.9697,309.0,BUFF
2025-10-01 14:36:00,48.955,48.955,48.955,48.955,184.0,BUFF
2025-10-01 14:34:00,48.9697,48.9697,48.9697,48.9697,285.0,BUFF
2025-10-01 14:30:00,48.95,48.96,48.95,48.96,480.0,BUFF
2025-10-01 14:29:00,48.96,48.96,48.96,48.96,135.0,BUFF
2025-10-01 14:26:00,48.96,48.969,48.955,48.96,535.0,BUFF
2025-10-01 14:17:00,48.95,48.95,48.95,48.95,128.0,BUFF
2025-10-01 14:12:00,48.94,48.94,48.94,48.94,876.0,BUFF
2025-10-01 14:06:00,48.936,48.95,48.936,48.95,1115.0,BUFF
2025-10-01 14:05:00,48.95,48.95,48.87,48.925,466344.0,BUFF
2025-10-01 14:04:00,48.9492,48.9492,48.9492,48.9492,100.0,BUFF
2025-10-01 14:02:00,48.949,48.949,48.949,48.949,100.0,BUFF
2025-10-01 13:51:00,48.93,48.94,48.93,48.94,203.0,BUFF
2025-10-01 13:49:00,48.93,48.93,48.9247,48.9247,327.0,BUFF
2025-10-01 13:39:00,48.92,48.92,48.9037,48.9037,420.0,BUFF
2025-10-01 13:30:00,48.92,48.92,48.92,48.92,315.0,BUFF
2025-10-01 13:20:00,48.9171,48.9171,48.9171,48.9171,311.0,BUFF
2025-10-01 13:19:00,48.91,48.94,48.91,48.94,744.0,BUFF
2025-10-01 13:12:00,48.93,48.93,48.93,48.93,100.0,BUFF
2025-10-01 13:11:00,48.9295,48.9295,48.9295,48.9295,900.0,BUFF
2025-10-01 13:09:00,48.92,48.92,48.92,48.92,259.0,BUFF
2025-10-01 12:49:00,48.895,48.895,48.895,48.895,600.0,BUFF
2025-10-01 12:16:00,48.9299,48.9299,48.9299,48.9299,781.0,BUFF
2025-10-01 12:07:00,48.92,48.92,48.9017,48.9017,550.0,BUFF
2025-10-01 11:56:00,48.9291,48.9291,48.9291,48.9291,325.0,BUFF
2025-10-01 11:50:00,48.9285,48.9285,48.9285,48.9285,320.0,BUFF
2025-10-01 11:48:00,48.91,48.91,48.91,48.91,200.0,BUFF
2025-10-01 11:43:00,48.9087,48.9087,48.9087,48.9087,741.0,BUFF
2025-10-01 11:33:00,48.8925,48.8925,48.8925,48.8925,274.0,BUFF
2025-10-01 11:30:00,48.87,48.908,48.87,48.908,799.0,BUFF
2025-10-01 11:27:00,48.89,48.89,48.89,48.89,1917.0,BUFF
2025-10-01 11:20:00,48.9,48.9,48.9,48.9,100.0,BUFF
2025-10-01 11:15:00,48.88,48.88,48.88,48.88,200.0,BUFF
2025-10-01 11:08:00,48.8851,48.8851,48.8851,48.8851,202.0,BUFF
2025-10-01 11:02:00,48.89,48.89,48.89,48.89,200.0,BUFF
2025-10-01 11:01:00,48.87,48.875,48.85,48.875,700.0,BUFF
2025-10-01 10:55:00,48.89,48.89,48.89,48.89,100.0,BUFF
2025-10-01 10:50:00,48.85,48.85,48.85,48.85,314.0,BUFF
2025-10-01 10:48:00,48.88,48.888,48.855,48.888,698.0,BUFF
2025-10-01 10:38:00,48.8899,48.8899,48.8899,48.8899,2663.0,BUFF
2025-10-01 10:34:00,48.89,48.89,48.89,48.89,100.0,BUFF
2025-10-01 10:33:00,48.8634,48.8634,48.8634,48.8634,434.0,BUFF
2025-10-01 10:30:00,48.89,48.89,48.89,48.89,4437.0,BUFF
2025-10-01 10:29:00,48.8999,48.8999,48.8999,48.8999,409.0,BUFF
2025-10-01 10:24:00,48.82,48.82,48.82,48.82,861.0,BUFF
2025-10-01 10:23:00,48.87,48.87,48.87,48.87,127.0,BUFF
2025-10-01 10:18:00,48.845,48.845,48.82,48.845,750.0,BUFF
2025-10-01 10:16:00,48.8418,48.8418,48.8418,48.8418,130.0,BUFF
2025-10-01 10:10:00,48.86,48.86,48.86,48.86,100.0,BUFF
2025-10-01 09:56:00,48.83,48.85,48.83,48.85,253.0,BUFF
2025-10-01 09:47:00,48.89,48.89,48.89,48.89,100.0,BUFF
2025-10-01 09:43:00,48.835,48.835,48.835,48.835,474.0,BUFF
2025-10-01 09:37:00,48.81,48.81,48.81,48.81,1306.0,BUFF
2025-10-01 09:32:00,48.89,48.89,48.89,48.89,200.0,BUFF
2025-10-01 09:31:00,48.7798,48.7798,48.7798,48.7798,107.0,BUFF
2025-10-01 09:30:00,48.75,48.75,48.75,48.75,550.0,BUFF
2025-09-30 20:00:00,48.8555,48.8555,48.8555,48.8555,100.0,BUFF
2025-09-30 18:30:00,48.8555,48.8555,48.8555,48.8555,100.0,BUFF
2025-09-30 16:10:00,48.8555,48.8555,48.8555,48.8555,100.0,BUFF
2025-09-30 16:04:00,48.8555,48.8555,48.8555,48.8555,2.0,BUFF
2025-09-30 16:00:00,48.8596,48.89,48.8555,48.86,900.0,BUFF
2025-09-30 15:52:00,48.8596,48.8596,48.8596,48.8596,725.0,BUFF
2025-09-30 15:37:00,48.8362,48.8362,48.8362,48.8362,407.0,BUFF
2025-09-30 15:32:00,48.835,48.835,48.835,48.835,185.0,BUFF
2025-09-30 15:23:00,48.7901,48.7901,48.7901,48.7901,171.0,BUFF
2025-09-30 15:04:00,48.8359,48.8359,48.8359,48.8359,516.0,BUFF
2025-09-30 15:03:00,48.825,48.825,48.825,48.825,221.0,BUFF
2025-09-30 14:57:00,48.8221,48.8221,48.8221,48.8221,188.0,BUFF
2025-09-30 14:49:00,48.825,48.825,48.825,48.825,110.0,BUFF
2025-09-30 14:48:00,48.8561,48.8561,48.8561,48.8561,1290.0,BUFF
2025-09-30 14:47:00,48.84,48.85,48.84,48.85,230.0,BUFF
2025-09-30 14:46:00,48.836,48.84,48.836,48.8393,595.0,BUFF
2025-09-30 14:40:00,48.83,48.83,48.83,48.83,100.0,BUFF
2025-09-30 14:37:00,48.81,48.84,48.81,48.84,600.0,BUFF
2025-09-30 14:36:00,48.82,48.82,48.813,48.813,288.0,BUFF
2025-09-30 14:32:00,48.795,48.805,48.795,48.8017,1946.0,BUFF
2025-09-30 14:00:00,48.79,48.79,48.79,48.79,205.0,BUFF
2025-09-30 13:58:00,48.81,48.81,48.81,48.81,100.0,BUFF
2025-09-30 13:56:00,48.79,48.79,48.7601,48.7601,1300.0,BUFF
2025-09-30 13:49:00,48.7835,48.7835,48.7835,48.7835,433.0,BUFF
2025-09-30 13:42:00,48.7771,48.81,48.7771,48.81,3088.0,BUFF
2025-09-30 13:31:00,48.78,48.79,48.78,48.78,1793.0,BUFF
2025-09-30 13:27:00,48.7644,48.7644,48.7644,48.7644,520.0,BUFF
2025-09-30 13:25:00,48.8008,48.8008,48.8008,48.8008,373.0,BUFF
2025-09-30 13:15:00,48.7902,48.7902,48.7902,48.7902,250.0,BUFF
2025-09-30 13:13:00,48.79,48.79,48.79,48.79,229.0,BUFF
2025-09-30 13:10:00,48.79,48.79,48.79,48.79,100.0,BUFF
2025-09-30 13:09:00,48.7652,48.7966,48.7652,48.7966,386.0,BUFF
2025-09-30 13:08:00,48.81,48.81,48.79,48.79,302.0,BUFF
2025-09-30 13:07:00,48.785,48.785,48.785,48.785,1022.0,BUFF
2025-09-30 12:56:00,48.795,48.795,48.795,48.795,2662.0,BUFF
2025-09-30 12:46:00,48.7676,48.7676,48.7676,48.7676,587.0,BUFF
2025-09-30 12:43:00,48.832,48.832,48.832,48.832,200.0,BUFF
2025-09-30 12:38:00,48.8096,48.8096,48.8096,48.8096,338.0,BUFF
2025-09-30 12:30:00,48.82,48.82,48.82,48.82,100.0,BUFF
2025-09-30 12:26:00,48.8,48.8,48.8,48.8,147.0,BUFF
2025-09-30 12:21:00,48.82,48.82,48.82,48.82,149.0,BUFF
2025-09-30 12:16:00,48.7916,48.7916,48.7916,48.7916,155.0,BUFF
2025-09-30 12:12:00,48.81,48.81,48.81,48.81,100.0,BUFF
2025-09-30 12:11:00,48.785,48.785,48.7796,48.7796,1257.0,BUFF
2025-09-30 12:04:00,48.8099,48.8099,48.8099,48.8099,1024.0,BUFF
2025-09-30 11:57:00,48.8,48.8,48.7982,48.7982,1600.0,BUFF
2025-09-30 11:45:00,48.7959,48.7959,48.7959,48.7959,1024.0,BUFF
2025-09-30 11:29:00,48.78,48.78,48.78,48.78,329.0,BUFF
2025-09-30 11:27:00,48.78,48.78,48.78,48.78,125.0,BUFF
2025-09-30 11:19:00,48.78,48.78,48.78,48.78,171.0,BUFF
2025-09-30 11:16:00,48.81,48.81,48.81,48.81,124.0,BUFF
2025-09-30 11:12:00,48.81,48.81,48.81,48.81,409.0,BUFF
2025-09-30 11:11:00,48.82,48.82,48.82,48.82,100.0,BUFF
2025-09-30 11:10:00,48.7715,48.7715,48.7715,48.7715,183.0,BUFF
2025-09-30 10:57:00,48.7874,48.7874,48.7874,48.7874,1741.0,BUFF
2025-09-30 10:54:00,48.81,48.81,48.81,48.81,114.0,BUFF
2025-09-30 10:48:00,48.78,48.78,48.78,48.78,100.0,BUFF
2025-09-30 10:46:00,48.771,48.771,48.771,48.771,180.0,BUFF
2025-09-30 10:43:00,48.79,48.79,48.79,48.79,227.0,BUFF
2025-09-30 10:42:00,48.8099,48.8099,48.8099,48.8099,145.0,BUFF
2025-09-30 10:39:00,48.77,48.7849,48.77,48.7849,390.0,BUFF
2025-09-30 10:16:00,48.81,48.81,48.81,48.81,100.0,BUFF
2025-09-30 10:13:00,48.76,48.76,48.76,48.76,157.0,BUFF
2025-09-30 10:10:00,48.7601,48.7601,48.7601,48.7601,500.0,BUFF
2025-09-30 10:00:00,48.78,48.8165,48.78,48.8165,2219.0,BUFF
2025-09-30 09:59:00,48.8,48.8,48.8,48.8,291.0,BUFF
2025-09-30 09:56:00,48.77,48.776,48.768,48.768,1500.0,BUFF
2025-09-30 09:55:00,48.79,48.79,48.79,48.79,100.0,BUFF
2025-09-30 09:53:00,48.789,48.789,48.7701,48.7701,453.0,BUFF
2025-09-30 09:45:00,48.81,48.81,48.81,48.81,100.0,BUFF
2025-09-30 09:36:00,48.795,48.795,48.795,48.795,100.0,BUFF
2025-09-30 09:35:00,48.8,48.8,48.8,48.8,200.0,BUFF
2025-09-30 09:30:00,48.85,48.85,48.85,48.85,724.0,BUFF
2025-09-29 20:00:00,48.81,48.81,48.81,48.81,118.0,BUFF
2025-09-29 18:30:00,48.81,48.81,48.81,48.81,118.0,BUFF
2025-09-29 16:10:00,48.81,48.81,48.81,48.81,119.0,BUFF
2025-09-29 16:04:00,48.81,48.81,48.81,48.81,3.0,BUFF
2025-09-29 16:00:00,48.83,48.84,48.81,48.81,367.0,BUFF
2025-09-29 15:59:00,48.84,48.84,48.84,48.84,201.0,BUFF
2025-09-29 15:57:00,48.8348,48.8348,48.8348,48.8348,122.0,BUFF
2025-09-29 15:55:00,48.84,48.84,48.8312,48.8312,881.0,BUFF
2025-09-29 15:50:00,48.8288,48.8288,48.8288,48.8288,237.0,BUFF
2025-09-29 15:43:00,48.83,48.8499,48.83,48.8499,1919.0,BUFF
2025-09-29 15:37:00,48.81,48.85,48.81,48.85,3029.0,BUFF
2025-09-29 15:35:00,48.8,48.8499,48.77,48.8499,7925.0,BUFF
2025-09-29 15:34:00,48.84,48.84,48.77,48.77,1332258.0,BUFF
2025-09-29 15:29:00,48.8066,48.8066,48.8066,48.8066,494.0,BUFF
2025-09-29 15:25:00,48.805,48.805,48.805,48.805,200.0,BUFF
2025-09-29 15:24:00,48.84,48.84,48.84,48.84,305.0,BUFF
2025-09-29 15:23:00,48.805,48.805,48.805,48.805,180.0,BUFF
2025-09-29 15:22:00,48.805,48.84,48.805,48.84,466.0,BUFF
2025-09-29 15:16:00,48.82,48.82,48.8,48.81,400.0,BUFF
2025-09-29 15:15:00,48.82,48.82,48.82,48.82,613.0,BUFF
2025-09-29 15:14:00,48.85,48.85,48.85,48.85,100.0,BUFF
2025-09-29 15:09:00,48.83,48.85,48.83,48.83,1419.0,BUFF
2025-09-29 15:01:00,48.8,48.83,48.8,48.83,606.0,BUFF
2025-09-29 14:56:00,48.83,48.83,48.83,48.83,161.0,BUFF
2025-09-29 14:54:00,48.827,48.83,48.827,48.83,462.0,BUFF
2025-09-29 14:38:00,48.8,48.85,48.8,48.85,601.0,BUFF
2025-09-29 14:36:00,48.8325,48.8325,48.8325,48.8325,259.0,BUFF
2025-09-29 14:29:00,48.8325,48.8325,48.8325,48.8325,128.0,BUFF
2025-09-29 14:22:00,48.84,48.85,48.82,48.85,985.0,BUFF
2025-09-29 14:05:00,48.82,48.82,48.82,48.82,183.0,BUFF
2025-09-29 14:00:00,48.8114,48.815,48.8114,48.815,547.0,BUFF
2025-09-29 13:58:00,48.83,48.83,48.83,48.83,165.0,BUFF
2025-09-29 13:56:00,48.8003,48.8003,48.8003,48.8003,538.0,BUFF
2025-09-29 13:55:00,48.83,48.83,48.83,48.83,267.0,BUFF
2025-09-29 13:54:00,48.83,48.83,48.83,48.83,266.0,BUFF
2025-09-29 13:52:00,48.8299,48.8299,48.8298,48.8298,422.0,BUFF
2025-09-29 13:50:00,48.8294,48.8294,48.815,48.815,612.0,BUFF
2025-09-29 13:48:00,48.802,48.802,48.802,48.802,125.0,BUFF
2025-09-29 13:40:00,48.81,48.81,48.81,48.81,450.0,BUFF
2025-09-29 13:31:00,48.82,48.82,48.82,48.82,2200.0,BUFF
2025-09-29 13:18:00,48.82,48.82,48.82,48.82,511.0,BUFF
2025-09-29 13:14:00,48.813,48.813,48.81,48.81,883.0,BUFF
2025-09-29 13:10:00,48.8197,48.8197,48.8197,48.8197,100.0,BUFF
2025-09-29 13:08:00,48.81,48.81,48.81,48.81,615.0,BUFF
2025-09-29 12:45:00,48.84,48.84,48.84,48.84,100.0,BUFF
2025-09-29 12:37:00,48.825,48.839,48.825,48.839,986.0,BUFF
2025-09-29 12:34:00,48.84,48.84,48.84,48.84,100.0,BUFF
2025-09-29 12:30:00,48.814,48.814,48.814,48.814,153.0,BUFF
2025-09-29 12:20:00,48.82,48.82,48.82,48.82,407.0,BUFF
2025-09-29 12:10:00,48.86,48.86,48.86,48.86,248.0,BUFF
2025-09-29 12:09:00,48.859,48.859,48.859,48.859,200.0,BUFF
2025-09-29 12:06:00,48.8053,48.8053,48.8053,48.8053,196.0,BUFF
2025-09-29 12:02:00,48.86,48.86,48.86,48.86,103.0,BUFF
2025-09-29 12:01:00,48.86,48.86,48.86,48.86,241.0,BUFF
2025-09-29 12:00:00,48.8594,48.8594,48.8594,48.8594,146.0,BUFF
2025-09-29 11:56:00,48.821,48.821,48.821,48.821,511.0,BUFF
2025-09-29 11:55:00,48.86,48.86,48.86,48.86,171.0,BUFF
2025-09-29 11:52:00,48.83,48.83,48.83,48.83,2000.0,BUFF
2025-09-29 11:50:00,48.83,48.83,48.83,48.83,3200.0,BUFF
2025-09-29 11:47:00,48.805,48.805,48.805,48.805,728.0,BUFF
2025-09-29 11:41:00,48.86,48.86,48.86,48.86,100.0,BUFF
2025-09-29 11:40:00,48.83,48.83,48.83,48.83,228.0,BUFF
2025-09-29 11:37:00,48.83,48.839,48.8,48.839,1124.0,BUFF
2025-09-29 11:32:00,48.83,48.86,48.83,48.83,942.0,BUFF
2025-09-29 11:15:00,48.84,48.84,48.84,48.84,100.0,BUFF
2025-09-29 11:13:00,48.88,48.88,48.88,48.88,100.0,BUFF
2025-09-29 11:12:00,48.8083,48.8083,48.8083,48.8083,159.0,BUFF
2025-09-29 11:11:00,48.84,48.84,48.84,48.84,121.0,BUFF
2025-09-29 10:56:00,48.84,48.86,48.84,48.86,200.0,BUFF
2025-09-29 10:50:00,48.84,48.84,48.84,48.84,410.0,BUFF
2025-09-29 10:46:00,48.8792,48.8792,48.8792,48.8792,2870.0,BUFF
2025-09-29 10:43:00,48.8,48.8,48.8,48.8,400.0,BUFF
2025-09-29 10:33:00,48.87,48.87,48.87,48.87,100.0,BUFF
2025-09-29 10:24:00,48.88,48.88,48.88,48.88,100.0,BUFF
2025-09-29 10:23:00,48.8705,48.8705,48.8705,48.8705,201.0,BUFF
2025-09-29 10:16:00,48.84,48.84,48.84,48.84,1538.0,BUFF
2025-09-29 10:07:00,48.88,48.88,48.88,48.88,121.0,BUFF
2025-09-29 10:04:00,48.835,48.835,48.835,48.835,1100.0,BUFF
2025-09-29 09:56:00,48.87,48.87,48.87,48.87,100.0,BUFF
2025-09-29 09:54:00,48.84,48.84,48.84,48.84,200.0,BUFF
2025-09-29 09:49:00,48.86,48.86,48.86,48.86,100.0,BUFF
2025-09-29 09:43:00,48.79,48.79,48.79,48.79,947.0,BUFF
2025-09-29 09:37:00,48.81,48.81,48.81,48.81,202.0,BUFF
2025-09-29 09:30:00,48.82,48.82,48.82,48.82,852.0,BUFF
2025-09-29 09:29:00,47.71,47.99,47.71,47.99,900.0,BUFF
2025-09-29 08:02:00,48.78,48.78,48.78,48.78,1.0,BUFF
2025-09-29 07:00:00,48.0,48.0,48.0,48.0,97.0,BUFF
2025-09-26 20:00:00,48.78,48.78,48.78,48.78,118.0,BUFF
2025-09-26 18:30:00,48.78,48.78,48.78,48.78,118.0,BUFF
2025-09-26 16:10:00,48.78,48.78,48.78,48.78,118.0,BUFF
2025-09-26 16:04:00,48.78,48.78,48.78,48.78,2.0,BUFF
2025-09-26 16:00:00,48.79,48.79,48.78,48.78,581.0,BUFF
2025-09-26 15:59:00,48.79,48.79,48.79,48.79,371.0,BUFF
2025-09-26 15:58:00,48.79,48.79,48.79,48.79,100.0,BUFF
2025-09-26 15:56:00,48.79,48.79,48.79,48.79,150.0,BUFF
2025-09-26 15:52:00,48.78,48.78,48.78,48.78,525.0,BUFF
2025-09-26 15:49:00,48.79,48.79,48.7899,48.7899,1240.0,BUFF
2025-09-26 15:36:00,48.786,48.79,48.77,48.77,2063.0,BUFF
2025-09-26 15:35:00,48.775,48.775,48.74,48.77,10362.0,BUFF
2025-09-26 15:34:00,48.7688,48.7688,48.7688,48.7688,861.0,BUFF
2025-09-26 15:30:00,48.78,48.78,48.78,48.78,951.0,BUFF
2025-09-26 15:29:00,48.79,48.79,48.79,48.79,200.0,BUFF
2025-09-26 15:28:00,48.78,48.78,48.78,48.78,3617.0,BUFF
2025-09-26 15:23:00,48.7673,48.7673,48.7673,48.7673,106.0,BUFF
2025-09-26 15:19:00,48.8,48.81,48.8,48.8099,543.0,BUFF
2025-09-26 15:14:00,48.756,48.756,48.756,48.756,276.0,BUFF
2025-09-26 15:11:00,48.8,48.8,48.8,48.8,521.0,BUFF
2025-09-26 15:10:00,48.7812,48.7812,48.7812,48.7812,100.0,BUFF
2025-09-26 15:03:00,48.771,48.771,48.771,48.771,136.0,BUFF
2025-09-26 14:56:00,48.7675,48.7675,48.7675,48.7675,123.0,BUFF
2025-09-26 14:54:00,48.79,48.79,48.79,48.79,100.0,BUFF
2025-09-26 14:50:00,48.79,48.8,48.79,48.8,4480.0,BUFF
2025-09-26 14:36:00,48.755,48.755,48.755,48.755,102.0,BUFF
2025-09-26 14:35:00,48.763,48.79,48.763,48.7882,412.0,BUFF
2025-09-26 14:31:00,48.755,48.7899,48.755,48.7899,1797.0,BUFF
2025-09-26 14:25:00,48.7742,48.7742,48.7585,48.7585,1014.0,BUFF
2025-09-26 14:24:00,48.75,48.75,48.75,48.75,1515.0,BUFF
2025-09-26 14:22:00,48.7355,48.7355,48.7355,48.7355,208.0,BUFF
2025-09-26 14:12:00,48.74,48.74,48.74,48.74,145.0,BUFF
2025-09-26 14:11:00,48.76,48.77,48.76,48.7699,1380.0,BUFF
2025-09-26 13:53:00,48.74,48.74,48.74,48.74,277.0,BUFF
2025-09-26 13:47:00,48.7575,48.7575,48.7575,48.7575,827.0,BUFF
2025-09-26 12:45:00,48.69,48.69,48.69,48.69,250.0,BUFF
2025-09-26 12:33:00,48.7493,48.7493,48.7493,48.7493,233.0,BUFF
2025-09-26 12:28:00,48.7242,48.7242,48.7242,48.7242,880.0,BUFF
2025-09-26 12:18:00,48.7321,48.7321,48.7321,48.7321,760.0,BUFF
2025-09-26 11:41:00,48.6658,48.6658,48.6658,48.6658,885.0,BUFF
2025-09-26 11:23:00,48.685,48.685,48.685,48.685,106.0,BUFF
2025-09-26 11:09:00,48.63,48.63,48.63,48.63,286.0,BUFF
2025-09-26 10:56:00,48.67,48.67,48.67,48.67,305.0,BUFF
2025-09-26 10:41:00,48.706,48.706,48.706,48.706,100.0,BUFF
2025-09-26 10:35:00,48.6525,48.6525,48.6525,48.6525,100.0,BUFF
2025-09-26 10:33:00,48.6495,48.6495,48.6495,48.6495,420.0,BUFF
2025-09-26 10:32:00,48.6819,48.6819,48.6819,48.6819,200.0,BUFF
2025-09-26 10:22:00,48.719,48.719,48.719,48.719,100.0,BUFF
2025-09-26 10:08:00,48.6586,48.6586,48.6586,48.6586,125.0,BUFF
2025-09-26 10:06:00,48.71,48.71,48.71,48.71,100.0,BUFF
2025-09-26 09:42:00,48.76,48.76,48.715,48.715,1600.0,BUFF
2025-09-26 09:40:00,48.71,48.71,48.71,48.71,200.0,BUFF
2025-09-26 09:30:00,48.56,48.56,48.56,48.56,451.0,BUFF
2025-09-25 20:00:00,48.7,48.7,48.7,48.7,100.0,BUFF
2025-09-25 18:30:00,48.7,48.7,48.7,48.7,100.0,BUFF
2025-09-25 16:10:00,48.7,48.7,48.7,48.7,100.0,BUFF
2025-09-25 16:04:00,48.7,48.7,48.7,48.7,3.0,BUFF
2025-09-25 16:00:00,48.7,48.7,48.66,48.66,311.0,BUFF
2025-09-25 15:59:00,48.67,48.7,48.67,48.7,675.0,BUFF
2025-09-25 15:58:00,48.67,48.67,48.67,48.67,501.0,BUFF
2025-09-25 15:55:00,48.66,48.66,48.66,48.66,300.0,BUFF
2025-09-25 15:46:00,48.6561,48.6561,48.6561,48.6561,1482.0,BUFF
2025-09-25 15:43:00,48.6704,48.6704,48.6704,48.6704,309.0,BUFF
2025-09-25 15:42:00,48.65,48.65,48.65,48.65,286.0,BUFF
2025-09-25 15:41:00,48.65,48.65,48.65,48.65,456.0,BUFF
2025-09-25 15:40:00,48.65,48.65,48.65,48.65,1036.0,BUFF
2025-09-25 15:38:00,48.653,48.653,48.645,48.645,667.0,BUFF
2025-09-25 15:34:00,48.645,48.645,48.645,48.645,142.0,BUFF
2025-09-25 15:32:00,48.6086,48.6086,48.6086,48.6086,154.0,BUFF
2025-09-25 15:30:00,48.63,48.63,48.63,48.63,200.0,BUFF
2025-09-25 15:28:00,48.6404,48.6404,48.63,48.63,562.0,BUFF
2025-09-25 15:26:00,48.635,48.635,48.635,48.635,100.0,BUFF
2025-09-25 15:25:00,48.635,48.635,48.635,48.635,100.0,BUFF
2025-09-25 15:24:00,48.64,48.64,48.64,48.64,149.0,BUFF
2025-09-25 15:23:00,48.645,48.645,48.645,48.645,3073.0,BUFF
2025-09-25 15:22:00,48.645,48.645,48.645,48.645,100.0,BUFF
2025-09-25 15:21:00,48.6,48.645,48.6,48.645,9644.0,BUFF
2025-09-25 15:19:00,48.6372,48.6372,48.6372,48.6372,175.0,BUFF
2025-09-25 15:15:00,48.66,48.66,48.66,48.66,246.0,BUFF
2025-09-25 15:12:00,48.6376,48.6376,48.6376,48.6376,268.0,BUFF
2025-09-25 15:10:00,48.6288,48.6288,48.6288,48.6288,231.0,BUFF
2025-09-25 15:00:00,48.65,48.65,48.65,48.65,100.0,BUFF
2025-09-25 14:57:00,48.66,48.66,48.66,48.66,533.0,BUFF
2025-09-25 14:53:00,48.66,48.66,48.6599,48.6599,583.0,BUFF
2025-09-25 14:48:00,48.6291,48.6291,48.6291,48.6291,411.0,BUFF
2025-09-25 14:46:00,48.6056,48.6056,48.6056,48.6056,367.0,BUFF
2025-09-25 14:45:00,48.66,48.66,48.66,48.66,100.0,BUFF
2025-09-25 14:41:00,48.6594,48.6594,48.6594,48.6594,283.0,BUFF
2025-09-25 14:40:00,48.64,48.64,48.64,48.64,388.0,BUFF
2025-09-25 14:38:00,48.62,48.62,48.62,48.62,231.0,BUFF
2025-09-25 14:35:00,48.605,48.605,48.605,48.605,499.0,BUFF
2025-09-25 14:28:00,48.63,48.63,48.63,48.63,253.0,BUFF
2025-09-25 14:20:00,48.626,48.626,48.626,48.626,119.0,BUFF
2025-09-25 14:04:00,48.61,48.61,48.6099,48.61,2366.0,BUFF
2025-09-25 13:57:00,48.62,48.63,48.6,48.63,1947.0,BUFF
2025-09-25 13:56:00,48.64,48.64,48.64,48.64,100.0,BUFF
2025-09-25 13:54:00,48.64,48.64,48.64,48.64,615.0,BUFF
2025-09-25 13:50:00,48.64,48.64,48.64,48.64,344.0,BUFF
2025-09-25 13:49:00,48.64,48.64,48.64,48.64,400.0,BUFF
2025-09-25 13:43:00,48.64,48.64,48.64,48.64,3072.0,BUFF
2025-09-25 13:42:00,48.6584,48.6584,48.6584,48.6584,109.0,BUFF
2025-09-25 13:35:00,48.6423,48.6423,48.6423,48.6423,200.0,BUFF
2025-09-25 13:30:00,48.66,48.66,48.6599,48.66,2516.0,BUFF
2025-09-25 13:08:00,48.68,48.68,48.68,48.68,197.0,BUFF
2025-09-25 12:58:00,48.6797,48.6797,48.6797,48.6797,767.0,BUFF
2025-09-25 12:57:00,48.67,48.67,48.67,48.67,100.0,BUFF
2025-09-25 12:52:00,48.67,48.67,48.67,48.67,139.0,BUFF
2025-09-25 12:50:00,48.68,48.68,48.68,48.68,102.0,BUFF
2025-09-25 12:46:00,48.6824,48.6824,48.6824,48.6824,172.0,BUFF
2025-09-25 12:41:00,48.69,48.69,48.69,48.69,106.0,BUFF
2025-09-25 12:23:00,48.7099,48.7099,48.7099,48.7099,447.0,BUFF
2025-09-25 12:22:00,48.71,48.71,48.71,48.71,250.0,BUFF
2025-09-25 12:17:00,48.71,48.71,48.71,48.71,100.0,BUFF
2025-09-25 11:56:00,48.675,48.7,48.675,48.7,200.0,BUFF
2025-09-25 11:49:00,48.6712,48.6712,48.6712,48.6712,205.0,BUFF
2025-09-25 11:40:00,48.68,48.68,48.68,48.68,393.0,BUFF
2025-09-25 11:32:00,48.67,48.67,48.67,48.67,100.0,BUFF
2025-09-25 11:20:00,48.6799,48.6799,48.6799,48.6799,185.0,BUFF
2025-09-25 11:18:00,48.6525,48.6525,48.6525,48.6525,447.0,BUFF
2025-09-25 11:08:00,48.65,48.6695,48.65,48.65,1110.0,BUFF
2025-09-25 11:07:00,48.67,48.67,48.65,48.6699,822.0,BUFF
2025-09-25 11:06:00,48.67,48.67,48.67,48.67,100.0,BUFF
2025-09-25 11:05:00,48.669,48.669,48.669,48.669,324.0,BUFF
2025-09-25 11:03:00,48.6664,48.6664,48.6664,48.6664,150.0,BUFF
2025-09-25 10:55:00,48.68,48.68,48.68,48.68,100.0,BUFF
2025-09-25 10:50:00,48.66,48.66,48.66,48.66,375.0,BUFF
2025-09-25 10:46:00,48.665,48.665,48.665,48.665,200.0,BUFF
2025-09-25 10:45:00,48.62,48.62,48.62,48.62,1423.0,BUFF
2025-09-25 10:41:00,48.665,48.665,48.665,48.665,200.0,BUFF
2025-09-25 10:38:00,48.6598,48.6598,48.6598,48.6598,100.0,BUFF
2025-09-25 10:37:00,48.6476,48.6527,48.6476,48.6527,762.0,BUFF
2025-09-25 10:36:00,48.65,48.6584,48.65,48.6584,259.0,BUFF
2025-09-25 10:24:00,48.7,48.7,48.7,48.7,250.0,BUFF
2025-09-25 10:14:00,48.64,48.64,48.64,48.64,200.0,BUFF
2025-09-25 10:11:00,48.64,48.64,48.6001,48.64,6438.0,BUFF
2025-09-25 10:07:00,48.62,48.62,48.62,48.62,483.0,BUFF
2025-09-25 10:01:00,48.61,48.64,48.61,48.64,225.0,BUFF
2025-09-25 09:45:00,48.59,48.59,48.59,48.59,100.0,BUFF
2025-09-25 09:36:00,48.632,48.632,48.632,48.632,137.0,BUFF
2025-09-25 09:30:00,48.69,48.69,48.69,48.69,945.0,BUFF
2025-09-25 09:21:00,47.92,47.92,47.92,47.92,2.0,BUFF
2025-09-24 20:00:00,48.7,48.7,48.7,48.7,319.0,BUFF
2025-09-24 18:30:00,48.7,48.7,48.7,48.7,319.0,BUFF
2025-09-24 16:10:00,48.7,48.7,48.7,48.7,319.0,BUFF
2025-09-24 16:04:00,48.7,48.7,48.7,48.7,3.0,BUFF
2025-09-24 16:00:00,48.75,48.75,48.7,48.7,1039.0,BUFF
2025-09-24 15:59:00,48.72,48.75,48.72,48.75,700.0,BUFF
2025-09-24 15:55:00,48.75,48.76,48.74,48.75,6592.0,BUFF
2025-09-24 15:54:00,48.75,48.76,48.75,48.76,267.0,BUFF
2025-09-24 15:53:00,48.745,48.745,48.745,48.745,267.0,BUFF
2025-09-24 15:52:00,48.75,48.75,48.745,48.745,844.0,BUFF
2025-09-24 15:50:00,48.75,48.75,48.74,48.74,721.0,BUFF
2025-09-24 15:49:00,48.75,48.75,48.75,48.75,100.0,BUFF
2025-09-24 15:48:00,48.74,48.74,48.74,48.74,292.0,BUFF
2025-09-24 15:44:00,48.74,48.74,48.74,48.74,206.0,BUFF
2025-09-24 15:43:00,48.75,48.75,48.75,48.75,200.0,BUFF
2025-09-24 15:41:00,48.74,48.74,48.74,48.74,532.0,BUFF
2025-09-24 15:39:00,48.75,48.75,48.74,48.74,448.0,BUFF
2025-09-24 15:37:00,48.74,48.74,48.7386,48.7386,402.0,BUFF
2025-09-24 15:35:00,48.74,48.75,48.74,48.74,612.0,BUFF
2025-09-24 15:33:00,48.75,48.75,48.73,48.74,4361.0,BUFF
2025-09-24 15:32:00,48.74,48.74,48.73,48.74,410.0,BUFF
2025-09-24 15:27:00,48.75,48.75,48.7305,48.7305,516.0,BUFF
2025-09-24 15:23:00,48.7346,48.7351,48.7346,48.735,536.0,BUFF
2025-09-24 15:20:00,48.74,48.75,48.73,48.74,3492.0,BUFF
2025-09-24 15:14:00,48.7376,48.7376,48.7376,48.7376,203.0,BUFF
2025-09-24 15:11:00,48.73,48.75,48.73,48.74,2250.0,BUFF
2025-09-24 15:10:00,48.7091,48.7091,48.7091,48.7091,518.0,BUFF
2025-09-24 14:56:00,48.74,48.74,48.74,48.74,100.0,BUFF
2025-09-24 14:52:00,48.71,48.71,48.71,48.71,150.0,BUFF
2025-09-24 14:46:00,48.74,48.74,48.73,48.74,762.0,BUFF
2025-09-24 14:45:00,48.726,48.73,48.72,48.72,320.0,BUFF
2025-09-24 14:41:00,48.7003,48.7299,48.6975,48.7035,10389.0,BUFF
2025-09-24 14:34:00,48.72,48.72,48.72,48.72,248.0,BUFF
2025-09-24 14:32:00,48.6885,48.6885,48.6885,48.6885,364.0,BUFF
2025-09-24 14:25:00,48.6888,48.6888,48.6888,48.6888,113.0,BUFF
2025-09-24 14:24:00,48.72,48.72,48.72,48.72,100.0,BUFF
2025-09-24 14:20:00,48.705,48.705,48.705,48.705,678.0,BUFF
2025-09-24 14:16:00,48.705,48.705,48.705,48.705,309.0,BUFF
2025-09-24 14:13:00,48.71,48.74,48.71,48.74,896.0,BUFF
2025-09-24 14:11:00,48.71,48.71,48.7075,48.7075,7329.0,BUFF
2025-09-24 14:01:00,48.7072,48.7072,48.7072,48.7072,2007.0,BUFF
2025-09-24 13:58:00,48.725,48.7273,48.725,48.725,1252.0,BUFF
2025-09-24 13:56:00,48.7286,48.7286,48.7286,48.7286,526.0,BUFF
2025-09-24 13:47:00,48.725,48.725,48.725,48.725,100.0,BUFF
2025-09-24 13:46:00,48.725,48.725,48.725,48.725,254.0,BUFF
2025-09-24 13:41:00,48.7306,48.7306,48.7288,48.73,1168.0,BUFF
2025-09-24 13:33:00,48.74,48.74,48.74,48.74,100.0,BUFF
2025-09-24 13:25:00,48.74,48.74,48.73,48.73,300.0,BUFF
2025-09-24 13:24:00,48.74,48.74,48.74,48.74,100.0,BUFF
2025-09-24 13:20:00,48.7273,48.7273,48.7273,48.7273,924.0,BUFF
2025-09-24 13:04:00,48.72,48.72,48.72,48.72,200.0,BUFF
2025-09-24 13:01:00,48.725,48.725,48.725,48.725,296.0,BUFF
2025-09-24 13:00:00,48.72,48.72,48.72,48.72,200.0,BUFF
2025-09-24 12:58:00,48.71,48.71,48.71,48.71,200.0,BUFF
2025-09-24 12:56:00,48.71,48.71,48.71,48.71,100.0,BUFF
2025-09-24 12:55:00,48.7065,48.7065,48.7065,48.7065,203.0,BUFF
2025-09-24 12:50:00,48.7192,48.7192,48.7192,48.7192,863.0,BUFF
2025-09-24 12:41:00,48.7199,48.7199,48.7199,48.7199,772.0,BUFF
2025-09-24 12:38:00,48.72,48.72,48.72,48.72,120.0,BUFF
2025-09-24 12:30:00,48.7,48.7,48.7,48.7,410.0,BUFF
2025-09-24 12:18:00,48.7,48.7,48.7,48.7,542.0,BUFF
2025-09-24 12:16:00,48.6925,48.6925,48.6925,48.6925,100.0,BUFF
2025-09-24 12:10:00,48.7,48.7,48.7,48.7,400.0,BUFF
2025-09-24 12:09:00,48.7118,48.7118,48.7118,48.7118,100.0,BUFF
2025-09-24 12:08:00,48.72,48.75,48.72,48.75,877.0,BUFF
2025-09-24 12:06:00,48.71,48.71,48.71,48.71,660.0,BUFF
2025-09-24 12:05:00,48.705,48.71,48.705,48.71,6173.0,BUFF
2025-09-24 11:57:00,48.7052,48.7052,48.7052,48.7052,411.0,BUFF
2025-09-24 11:47:00,48.74,48.75,48.74,48.75,487.0,BUFF
2025-09-24 11:46:00,48.74,48.74,48.74,48.74,2209.0,BUFF
2025-09-24 11:42:00,48.755,48.755,48.755,48.755,100.0,BUFF
2025-09-24 11:40:00,48.759,48.759,48.759,48.759,820.0,BUFF
2025-09-24 11:36:00,48.755,48.755,48.755,48.755,205.0,BUFF
2025-09-24 11:34:00,48.75,48.77,48.75,48.77,756.0,BUFF
2025-09-24 11:32:00,48.7763,48.7763,48.77,48.77,1290.0,BUFF
2025-09-24 11:31:00,48.75,48.75,48.75,48.75,100.0,BUFF
2025-09-24 11:25:00,48.7652,48.7652,48.7652,48.7652,116.0,BUFF
2025-09-24 11:21:00,48.77,48.77,48.77,48.77,100.0,BUFF
2025-09-24 11:18:00,48.77,48.77,48.77,48.77,100.0,BUFF
2025-09-24 11:14:00,48.78,48.78,48.78,48.78,100.0,BUFF
2025-09-24 11:13:00,48.79,48.79,48.79,48.79,156.0,BUFF
2025-09-24 10:59:00,48.77,48.78,48.77,48.78,411.0,BUFF
2025-09-24 10:55:00,48.77,48.77,48.77,48.77,311.0,BUFF
2025-09-24 10:52:00,48.78,48.78,48.78,48.78,100.0,BUFF
2025-09-24 10:50:00,48.779,48.779,48.779,48.779,235.0,BUFF
2025-09-24 10:47:00,48.78,48.78,48.78,48.78,100.0,BUFF
2025-09-24 10:46:00,48.7594,48.765,48.7594,48.765,592.0,BUFF
2025-09-24 10:37:00,48.7588,48.7588,48.7588,48.7588,164.0,BUFF
2025-09-24 10:34:00,48.78,48.78,48.78,48.78,220.0,BUFF
2025-09-24 10:31:00,48.78,48.78,48.77,48.77,600.0,BUFF
2025-09-24 10:29:00,48.78,48.78,48.78,48.78,308.0,BUFF
2025-09-24 10:22:00,48.75,48.7504,48.75,48.7504,450.0,BUFF
2025-09-24 10:19:00,48.69,48.735,48.69,48.735,2804.0,BUFF
2025-09-24 10:05:00,48.76,48.76,48.76,48.76,100.0,BUFF
2025-09-24 09:53:00,48.76,48.76,48.76,48.76,100.0,BUFF
2025-09-24 09:47:00,48.779,48.78,48.779,48.7799,2950.0,BUFF
2025-09-24 09:46:00,48.78,48.78,48.78,48.78,100.0,BUFF
2025-09-24 09:41:00,48.79,48.79,48.735,48.735,1015.0,BUFF
2025-09-24 09:40:00,48.7171,48.7171,48.7171,48.7171,200.0,BUFF
2025-09-24 09:39:00,48.701,48.7199,48.701,48.7199,625.0,BUFF
2025-09-24 09:37:00,48.78,48.79,48.78,48.79,2196.0,BUFF
2025-09-24 09:30:00,48.66,48.66,48.66,48.66,1434.0,BUFF
2025-09-23 20:00:00,48.77,48.77,48.77,48.77,324.0,BUFF
2025-09-23 18:30:00,48.77,48.77,48.77,48.77,324.0,BUFF
2025-09-23 16:10:00,48.77,48.77,48.77,48.77,324.0,BUFF
2025-09-23 16:04:00,48.77,48.77,48.77,48.77,2.0,BUFF
2025-09-23 16:00:00,48.765,48.77,48.765,48.77,786.0,BUFF
2025-09-23 15:59:00,48.765,48.79,48.765,48.77,5647.0,BUFF
2025-09-23 15:58:00,48.7698,48.77,48.765,48.765,2170.0,BUFF
2025-09-23 15:52:00,48.77,48.77,48.77,48.77,102.0,BUFF
2025-09-23 15:50:00,48.7505,48.7505,48.7505,48.7505,377.0,BUFF
2025-09-23 15:47:00,48.7694,48.7694,48.7694,48.7694,300.0,BUFF
2025-09-23 15:25:00,48.7472,48.7472,48.739,48.739,1126.0,BUFF
2025-09-23 15:18:00,48.77,48.77,48.745,48.745,5070.0,BUFF
2025-09-23 15:15:00,48.75,48.76,48.75,48.76,355.0,BUFF
2025-09-23 15:12:00,48.76,48.76,48.76,48.76,2359.0,BUFF
2025-09-23 15:09:00,48.76,48.76,48.75,48.75,494.0,BUFF
2025-09-23 15:07:00,48.745,48.745,48.745,48.745,100.0,BUFF
2025-09-23 15:05:00,48.7472,48.7472,48.7472,48.7472,100.0,BUFF
2025-09-23 15:03:00,48.7472,48.7472,48.7472,48.7472,200.0,BUFF
2025-09-23 15:02:00,48.76,48.76,48.72,48.72,4318.0,BUFF
2025-09-23 15:01:00,48.75,48.75,48.75,48.75,100.0,BUFF
2025-09-23 14:59:00,48.7201,48.7201,48.7201,48.7201,126.0,BUFF
2025-09-23 14:58:00,48.7561,48.7561,48.7561,48.7561,1914.0,BUFF
2025-09-23 14:57:00,48.75,48.7799,48.75,48.7799,3147.0,BUFF
2025-09-23 14:55:00,48.7477,48.7477,48.7477,48.7477,100.0,BUFF
2025-09-23 14:51:00,48.75,48.75,48.75,48.75,300.0,BUFF
2025-09-23 14:46:00,48.77,48.77,48.75,48.75,3168.0,BUFF
2025-09-23 14:45:00,48.76,48.76,48.76,48.76,2114.0,BUFF
2025-09-23 14:42:00,48.77,48.77,48.77,48.77,100.0,BUFF
2025-09-23 14:36:00,48.76,48.76,48.7581,48.7581,470.0,BUFF
2025-09-23 14:32:00,48.76,48.76,48.76,48.76,426.0,BUFF
2025-09-23 14:31:00,48.7596,48.76,48.74,48.76,8230.0,BUFF
2025-09-23 14:29:00,48.7448,48.7448,48.7448,48.7448,115.0,BUFF
2025-09-23 14:27:00,48.76,48.76,48.76,48.76,100.0,BUFF
2025-09-23 14:26:00,48.73,48.73,48.73,48.73,23737.0,BUFF
2025-09-23 14:24:00,48.749,48.749,48.749,48.749,167.0,BUFF
2025-09-23 14:13:00,48.76,48.76,48.76,48.76,772.0,BUFF
2025-09-23 14:08:00,48.7481,48.7481,48.74,48.74,1064.0,BUFF
2025-09-23 14:07:00,48.735,48.735,48.735,48.735,157.0,BUFF
2025-09-23 13:59:00,48.77,48.77,48.77,48.77,100.0,BUFF
2025-09-23 13:55:00,48.74,48.74,48.74,48.74,115.0,BUFF
2025-09-23 13:47:00,48.735,48.735,48.735,48.735,429.0,BUFF
2025-09-23 13:43:00,48.76,48.76,48.76,48.76,463.0,BUFF
2025-09-23 13:39:00,48.765,48.765,48.76,48.765,1238.0,BUFF
2025-09-23 13:26:00,48.8,48.8,48.79,48.79,338.0,BUFF
2025-09-23 13:25:00,48.8,48.81,48.8,48.81,1100.0,BUFF
2025-09-23 13:24:00,48.81,48.81,48.81,48.81,299.0,BUFF
2025-09-23 13:22:00,48.819,48.819,48.811,48.811,860.0,BUFF
2025-09-23 13:20:00,48.81,48.82,48.805,48.805,6496.0,BUFF
2025-09-23 13:19:00,48.8035,48.8035,48.8035,48.8035,182.0,BUFF
2025-09-23 13:07:00,48.82,48.82,48.82,48.82,435.0,BUFF
2025-09-23 13:04:00,48.8036,48.8036,48.8036,48.8036,165.0,BUFF
2025-09-23 12:58:00,48.82,48.82,48.82,48.82,316.0,BUFF
2025-09-23 12:56:00,48.83,48.83,48.83,48.83,529.0,BUFF
2025-09-23 12:50:00,48.83,48.83,48.83,48.83,245.0,BUFF
2025-09-23 12:49:00,48.83,48.83,48.8263,48.8263,321.0,BUFF
2025-09-23 12:26:00,48.83,48.83,48.83,48.83,100.0,BUFF
2025-09-23 12:19:00,48.82,48.82,48.82,48.82,445.0,BUFF
2025-09-23 12:16:00,48.8299,48.8299,48.8299,48.8299,100.0,BUFF
2025-09-23 12:15:00,48.8048,48.8048,48.8048,48.8048,137.0,BUFF
2025-09-23 12:10:00,48.82,48.82,48.81,48.82,5960.0,BUFF
2025-09-23 12:09:00,48.82,48.825,48.82,48.825,525.0,BUFF
2025-09-23 12:08:00,48.82,48.82,48.82,48.82,200.0,BUFF
2025-09-23 12:07:00,48.82,48.82,48.82,48.82,300.0,BUFF
2025-09-23 12:06:00,48.8148,48.8148,48.8148,48.8148,379.0,BUFF
2025-09-23 12:05:00,48.83,48.83,48.82,48.82,614.0,BUFF
2025-09-23 12:04:00,48.82,48.82,48.82,48.82,1100.0,BUFF
2025-09-23 12:03:00,48.8296,48.8296,48.8296,48.8296,619.0,BUFF
2025-09-23 11:50:00,48.83,48.83,48.83,48.83,100.0,BUFF
2025-09-23 11:46:00,48.82,48.82,48.82,48.82,195.0,BUFF
2025-09-23 11:42:00,48.82,48.82,48.82,48.82,836.0,BUFF
2025-09-23 11:34:00,48.8396,48.8396,48.8396,48.8396,324.0,BUFF
2025-09-23 11:31:00,48.83,48.84,48.8254,48.8254,2170.0,BUFF
2025-09-23 11:27:00,48.822,48.822,48.8004,48.8004,786.0,BUFF
2025-09-23 11:23:00,48.8227,48.8227,48.8227,48.8227,409.0,BUFF
2025-09-23 10:53:00,48.805,48.805,48.805,48.805,1113.0,BUFF
2025-09-23 10:34:00,48.8399,48.8399,48.8399,48.8399,320.0,BUFF
2025-09-23 10:32:00,48.7812,48.7812,48.7812,48.7812,112.0,BUFF
2025-09-23 10:31:00,48.7945,48.7945,48.7945,48.7945,255.0,BUFF
2025-09-23 10:30:00,48.805,48.805,48.805,48.805,192.0,BUFF
2025-09-23 10:27:00,48.8082,48.8082,48.8082,48.8082,100.0,BUFF
2025-09-23 10:26:00,48.8082,48.8082,48.8082,48.8082,125.0,BUFF
2025-09-23 10:23:00,48.81,48.81,48.81,48.81,154.0,BUFF
2025-09-23 10:18:00,48.84,48.85,48.84,48.84,1240.0,BUFF
2025-09-23 10:11:00,48.85,48.85,48.85,48.85,100.0,BUFF
2025-09-23 10:00:00,48.81,48.81,48.81,48.81,205.0,BUFF
2025-09-23 09:53:00,48.849,48.85,48.849,48.8499,1000.0,BUFF
2025-09-23 09:49:00,48.849,48.8499,48.849,48.8499,1000.0,BUFF
2025-09-23 09:46:00,48.7958,48.7958,48.7958,48.7958,200.0,BUFF
2025-09-23 09:38:00,48.8499,48.86,48.8499,48.86,700.0,BUFF
2025-09-23 09:37:00,48.8423,48.8423,48.8423,48.8423,407.0,BUFF
2025-09-23 09:30:00,48.91,48.91,48.91,48.91,474.0,BUFF
2025-09-23 06:33:00,48.88,48.88,48.88,48.88,2.0,BUFF
2025-09-22 20:00:00,48.86,48.86,48.86,48.86,100.0,BUFF
2025-09-22 18:30:00,48.86,48.86,48.86,48.86,100.0,BUFF
2025-09-22 16:10:00,48.86,48.86,48.86,48.86,100.0,BUFF
2025-09-22 16:04:00,48.86,48.86,48.86,48.86,2.0,BUFF
2025-09-22 16:00:00,48.86,48.86,48.84,48.84,299.0,BUFF
2025-09-22 15:59:00,48.86,48.86,48.86,48.86,234.0,BUFF
2025-09-22 15:55:00,48.855,48.855,48.8386,48.8386,1494.0,BUFF
2025-09-22 15:53:00,48.835,48.835,48.835,48.835,438.0,BUFF
2025-09-22 15:49:00,48.84,48.84,48.84,48.84,131.0,BUFF
2025-09-22 15:38:00,48.84,48.84,48.82,48.84,438.0,BUFF
2025-09-22 15:30:00,48.8,48.84,48.8,48.84,2454.0,BUFF
2025-09-22 15:09:00,48.84,48.84,48.84,48.84,246.0,BUFF
2025-09-22 15:08:00,48.8153,48.8153,48.8153,48.8153,1806.0,BUFF
2025-09-22 15:01:00,48.82,48.82,48.82,48.82,131.0,BUFF
2025-09-22 14:28:00,48.8011,48.8011,48.8011,48.8011,127.0,BUFF
2025-09-22 14:05:00,48.7936,48.7936,48.7936,48.7936,431.0,BUFF
2025-09-22 13:57:00,48.82,48.82,48.82,48.82,100.0,BUFF
2025-09-22 13:44:00,48.82,48.82,48.7943,48.7943,649.0,BUFF
2025-09-22 13:35:00,48.8272,48.8272,48.8272,48.8272,102.0,BUFF
2025-09-22 13:25:00,48.82,48.82,48.82,48.82,204.0,BUFF
2025-09-22 13:14:00,48.815,48.815,48.815,48.815,100.0,BUFF
2025-09-22 13:12:00,48.815,48.815,48.79,48.79,1762.0,BUFF
2025-09-22 12:51:00,48.81,48.81,48.81,48.81,200.0,BUFF
2025-09-22 12:42:00,48.79,48.79,48.79,48.79,607.0,BUFF
2025-09-22 12:01:00,48.747,48.747,48.747,48.747,106.0,BUFF
2025-09-22 11:56:00,48.74,48.74,48.74,48.74,425.0,BUFF
2025-09-22 11:55:00,48.78,48.78,48.76,48.76,601.0,BUFF
2025-09-22 11:34:00,48.775,48.775,48.775,48.775,689.0,BUFF
2025-09-22 11:28:00,48.78,48.78,48.78,48.78,177.0,BUFF
2025-09-22 11:23:00,48.78,48.78,48.78,48.78,100.0,BUFF
2025-09-22 11:20:00,48.7681,48.7681,48.7681,48.7681,1795.0,BUFF
2025-09-22 11:07:00,48.7695,48.7695,48.7695,48.7695,259.0,BUFF
2025-09-22 10:57:00,48.7501,48.7501,48.7501,48.7501,338.0,BUFF
2025-09-22 10:56:00,48.762,48.762,48.762,48.762,195.0,BUFF
2025-09-22 10:20:00,48.75,48.75,48.75,48.75,256.0,BUFF
2025-09-22 10:10:00,48.7238,48.7474,48.7238,48.7474,1364.0,BUFF
2025-09-22 09:57:00,48.7106,48.7106,48.7106,48.7106,1400.0,BUFF
2025-09-22 09:52:00,48.74,48.74,48.74,48.74,435.0,BUFF
2025-09-22 09:50:00,48.752,48.752,48.752,48.752,164.0,BUFF
2025-09-22 09:41:00,48.77,48.77,48.743,48.743,300.0,BUFF
2025-09-22 09:36:00,48.745,48.745,48.745,48.745,746.0,BUFF
2025-09-22 09:35:00,48.7533,48.7533,48.7533,48.7533,222.0,BUFF
2025-09-22 09:30:00,48.68,48.68,48.68,48.68,330.0,BUFF
2025-09-22 09:29:00,48.51,48.51,48.51,48.51,100.0,BUFF
2025-09-19 20:00:00,48.73,48.73,48.73,48.73,940.0,BUFF
2025-09-19 18:30:00,48.73,48.73,48.73,48.73,940.0,BUFF
2025-09-19 16:10:00,48.73,48.73,48.73,48.73,940.0,BUFF
2025-09-19 16:04:00,48.73,48.73,48.73,48.73,2.0,BUFF
2025-09-19 16:00:00,48.77,48.81,48.73,48.73,2285.0,BUFF
2025-09-19 15:59:00,48.81,48.81,48.81,48.81,459.0,BUFF
2025-09-19 15:57:00,48.77,48.77,48.77,48.77,200.0,BUFF
2025-09-19 15:49:00,48.765,48.765,48.765,48.765,134.0,BUFF
2025-09-19 15:44:00,48.79,48.79,48.79,48.79,178.0,BUFF
2025-09-19 15:38:00,48.786,48.7895,48.786,48.7895,297.0,BUFF
2025-09-19 15:31:00,48.77,48.77,48.77,48.77,441.0,BUFF
2025-09-19 15:24:00,48.7714,48.7714,48.7714,48.7714,202.0,BUFF
2025-09-19 14:56:00,48.78,48.78,48.78,48.78,100.0,BUFF
2025-09-19 14:37:00,48.765,48.765,48.765,48.765,325.0,BUFF
2025-09-19 14:36:00,48.7595,48.7595,48.7584,48.7584,326.0,BUFF
2025-09-19 14:29:00,48.77,48.77,48.77,48.77,100.0,BUFF
2025-09-19 14:23:00,48.779,48.779,48.779,48.779,543.0,BUFF
2025-09-19 13:51:00,48.779,48.78,48.7695,48.7695,1008.0,BUFF
2025-09-19 13:41:00,48.7572,48.7572,48.7572,48.7572,200.0,BUFF
2025-09-19 13:33:00,48.75,48.75,48.75,48.75,609.0,BUFF
2025-09-19 13:32:00,48.779,48.78,48.75,48.75,4694.0,BUFF
2025-09-19 13:22:00,48.78,48.78,48.78,48.78,100.0,BUFF
2025-09-19 13:16:00,48.78,48.78,48.78,48.78,107.0,BUFF
2025-09-19 13:08:00,48.779,48.779,48.779,48.779,296.0,BUFF
2025-09-19 13:07:00,48.77,48.78,48.77,48.7799,3198.0,BUFF
2025-09-19 13:06:00,48.7793,48.7793,48.7793,48.7793,2205.0,BUFF
2025-09-19 12:49:00,48.7107,48.7107,48.7107,48.7107,154.0,BUFF
2025-09-19 12:44:00,48.78,48.78,48.78,48.78,100.0,BUFF
2025-09-19 12:41:00,48.7162,48.7162,48.7162,48.7162,200.0,BUFF
2025-09-19 12:29:00,48.7696,48.7696,48.7696,48.7696,308.0,BUFF
2025-09-19 12:28:00,48.7245,48.7245,48.7245,48.7245,172.0,BUFF
2025-09-19 12:26:00,48.7496,48.7496,48.7496,48.7496,236.0,BUFF
2025-09-19 12:16:00,48.7682,48.7682,48.7682,48.7682,360.0,BUFF
2025-09-19 12:15:00,48.7309,48.7309,48.7309,48.7309,114.0,BUFF
2025-09-19 12:12:00,48.77,48.77,48.735,48.735,502.0,BUFF
2025-09-19 12:02:00,48.76,48.76,48.76,48.76,182.0,BUFF
2025-09-19 11:57:00,48.7599,48.7599,48.7599,48.7599,103.0,BUFF
2025-09-19 11:40:00,48.75,48.75,48.75,48.75,212.0,BUFF
2025-09-19 11:35:00,48.7487,48.7487,48.7487,48.7487,225.0,BUFF
2025-09-19 11:15:00,48.7171,48.7171,48.7171,48.7171,166.0,BUFF
2025-09-19 11:12:00,48.73,48.73,48.73,48.73,298.0,BUFF
2025-09-19 11:00:00,48.7268,48.7268,48.7268,48.7268,378.0,BUFF
2025-09-19 10:55:00,48.76,48.76,48.76,48.76,100.0,BUFF
2025-09-19 10:51:00,48.729,48.729,48.729,48.729,1022.0,BUFF
2025-09-19 10:35:00,48.7414,48.7414,48.7414,48.7414,1000.0,BUFF
2025-09-19 10:27:00,48.78,48.78,48.78,48.78,100.0,BUFF
2025-09-19 10:26:00,48.7884,48.7884,48.7884,48.7884,1445.0,BUFF
2025-09-19 10:06:00,48.78,48.78,48.78,48.78,100.0,BUFF
2025-09-19 10:04:00,48.745,48.745,48.745,48.745,300.0,BUFF
2025-09-19 09:56:00,48.718,48.718,48.718,48.718,158.0,BUFF
2025-09-19 09:49:00,48.73,48.77,48.73,48.77,1062.0,BUFF
2025-09-19 09:45:00,48.77,48.77,48.77,48.77,251.0,BUFF
2025-09-19 09:30:00,48.81,48.81,48.81,48.81,306.0,BUFF
2025-09-18 20:00:00,48.66,48.66,48.66,48.66,308.0,BUFF
2025-09-18 18:30:00,48.66,48.66,48.66,48.66,308.0,BUFF
2025-09-18 16:10:00,48.66,48.66,48.66,48.66,308.0,BUFF
2025-09-18 16:04:00,48.66,48.66,48.66,48.66,3.0,BUFF
2025-09-18 16:00:00,48.67,48.74,48.66,48.74,978.0,BUFF
2025-09-18 15:59:00,48.74,48.75,48.67,48.67,945.0,BUFF
2025-09-18 15:50:00,48.695,48.739,48.695,48.739,2650.0,BUFF
2025-09-18 15:49:00,48.6914,48.6914,48.69,48.69,350.0,BUFF
2025-09-18 15:41:00,48.72,48.72,48.72,48.72,1066.0,BUFF
2025-09-18 15:40:00,48.72,48.74,48.72,48.72,500.0,BUFF
2025-09-18 15:36:00,48.725,48.725,48.725,48.725,455.0,BUFF
2025-09-18 15:35:00,48.6809,48.6809,48.6809,48.6809,956.0,BUFF
2025-09-18 15:33:00,48.73,48.73,48.73,48.73,1612.0,BUFF
2025-09-18 15:32:00,48.7396,48.7396,48.7396,48.7396,616.0,BUFF
2025-09-18 15:30:00,48.69,48.69,48.69,48.69,6100.0,BUFF
2025-09-18 15:29:00,48.73,48.73,48.73,48.73,900.0,BUFF
2025-09-18 15:28:00,48.73,48.77,48.7268,48.7268,5275.0,BUFF
2025-09-18 15:26:00,48.73,48.73,48.73,48.73,1000.0,BUFF
2025-09-18 15:25:00,48.75,48.75,48.73,48.73,1172.0,BUFF
2025-09-18 15:22:00,48.73,48.73,48.73,48.73,1065.0,BUFF
2025-09-18 15:21:00,48.742,48.742,48.742,48.742,302.0,BUFF
2025-09-18 15:14:00,48.73,48.77,48.73,48.77,3104.0,BUFF
2025-09-18 15:13:00,48.77,48.77,48.73,48.73,7104.0,BUFF
2025-09-18 15:08:00,48.735,48.735,48.735,48.735,1000.0,BUFF
2025-09-18 14:56:00,48.73,48.73,48.73,48.73,453.0,BUFF
2025-09-18 14:55:00,48.73,48.73,48.73,48.73,150.0,BUFF
2025-09-18 14:54:00,48.7414,48.7414,48.7,48.709,2000.0,BUFF
2025-09-18 14:52:00,48.7224,48.7224,48.7224,48.7224,139.0,BUFF
2025-09-18 14:48:00,48.6965,48.6965,48.6965,48.6965,235.0,BUFF
2025-09-18 14:45:00,48.72,48.72,48.72,48.72,300.0,BUFF
2025-09-18 14:43:00,48.7193,48.7193,48.7193,48.7193,162.0,BUFF
2025-09-18 14:42:00,48.7592,48.7592,48.7592,48.7592,2462.0,BUFF
2025-09-18 14:41:00,48.7307,48.76,48.7307,48.76,731.0,BUFF
2025-09-18 14:32:00,48.6954,48.6954,48.6954,48.6954,447.0,BUFF
2025-09-18 14:31:00,48.7276,48.7276,48.7276,48.7276,308.0,BUFF
2025-09-18 14:29:00,48.74,48.74,48.74,48.74,120.0,BUFF
2025-09-18 14:27:00,48.725,48.725,48.725,48.725,512.0,BUFF
2025-09-18 14:12:00,48.7693,48.7693,48.7693,48.7693,519.0,BUFF
2025-09-18 14:10:00,48.77,48.77,48.77,48.77,318.0,BUFF
2025-09-18 13:48:00,48.7684,48.7684,48.7684,48.7684,512.0,BUFF
2025-09-18 13:47:00,48.73,48.73,48.73,48.73,769.0,BUFF
2025-09-18 13:45:00,48.75,48.75,48.75,48.75,102.0,BUFF
2025-09-18 13:44:00,48.7184,48.7184,48.7184,48.7184,265.0,BUFF
2025-09-18 13:31:00,48.7708,48.7708,48.7708,48.7708,615.0,BUFF
2025-09-18 13:25:00,48.7063,48.7063,48.7063,48.7063,140.0,BUFF
2025-09-18 13:02:00,48.7799,48.7799,48.7799,48.7799,590.0,BUFF
2025-09-18 12:57:00,48.7001,48.7001,48.7001,48.7001,467.0,BUFF
2025-09-18 12:50:00,48.74,48.74,48.74,48.74,500.0,BUFF
2025-09-18 12:49:00,48.736,48.736,48.736,48.736,221.0,BUFF
2025-09-18 12:48:00,48.74,48.74,48.74,48.74,100.0,BUFF
2025-09-18 12:47:00,48.74,48.74,48.74,48.74,200.0,BUFF
2025-09-18 12:46:00,48.74,48.78,48.74,48.7684,30466.0,BUFF
2025-09-18 12:45:00,48.7084,48.78,48.7084,48.74,710.0,BUFF
2025-09-18 12:44:00,48.7704,48.7704,48.7704,48.7704,246.0,BUFF
2025-09-18 12:43:00,48.76,48.76,48.76,48.76,513.0,BUFF
2025-09-18 12:22:00,48.7512,48.7512,48.7512,48.7512,401.0,BUFF
2025-09-18 12:19:00,48.7592,48.7592,48.7592,48.7592,846.0,BUFF
2025-09-18 12:18:00,48.72,48.72,48.72,48.72,247.0,BUFF
2025-09-18 12:14:00,48.7599,48.7599,48.7599,48.7599,137.0,BUFF
2025-09-18 12:10:00,48.7214,48.7214,48.7214,48.7214,1152.0,BUFF
2025-09-18 11:29:00,48.735,48.735,48.735,48.735,519.0,BUFF
2025-09-18 11:20:00,48.75,48.75,48.75,48.75,100.0,BUFF
2025-09-18 11:18:00,48.735,48.77,48.735,48.77,800.0,BUFF
2025-09-18 11:01:00,48.75,48.763,48.75,48.76,1980.0,BUFF
2025-09-18 10:30:00,48.76,48.76,48.76,48.76,800.0,BUFF
2025-09-18 10:13:00,48.76,48.76,48.76,48.76,292.0,BUFF
2025-09-18 10:08:00,48.7421,48.7421,48.7421,48.7421,100.0,BUFF
2025-09-18 10:03:00,48.7,48.7,48.7,48.7,300.0,BUFF
2025-09-18 10:00:00,48.71,48.71,48.71,48.71,115.0,BUFF
2025-09-18 09:59:00,48.68,48.68,48.68,48.68,572.0,BUFF
2025-09-18 09:47:00,48.68,48.68,48.675,48.675,632.0,BUFF
2025-09-18 09:30:00,48.69,48.69,48.69,48.69,3931.0,BUFF
2025-09-17 20:00:00,48.69,48.69,48.69,48.69,679.0,BUFF
2025-09-17 18:30:00,48.69,48.69,48.69,48.69,679.0,BUFF
2025-09-17 16:10:00,48.69,48.69,48.69,48.69,679.0,BUFF
2025-09-17 16:04:00,48.69,48.69,48.69,48.69,2.0,BUFF
2025-09-17 16:00:00,48.68,48.69,48.68,48.69,1778.0,BUFF
2025-09-17 15:59:00,48.67,48.68,48.67,48.68,1556.0,BUFF
2025-09-17 15:54:00,48.65,48.65,48.65,48.65,130.0,BUFF
2025-09-17 15:49:00,48.69,48.69,48.65,48.65,2491.0,BUFF
2025-09-17 15:46:00,48.68,48.68,48.63,48.66,5762.0,BUFF
2025-09-17 15:45:00,48.69,48.69,48.69,48.69,1106.0,BUFF
2025-09-17 15:41:00,48.69,48.69,48.69,48.69,325.0,BUFF
2025-09-17 15:36:00,48.7,48.7,48.7,48.7,100.0,BUFF
2025-09-17 15:33:00,48.6401,48.6401,48.6401,48.6401,666.0,BUFF
2025-09-17 15:28:00,48.6977,48.6977,48.6977,48.6977,250.0,BUFF
2025-09-17 15:26:00,48.71,48.71,48.71,48.71,490.0,BUFF
2025-09-17 15:24:00,48.6778,48.709,48.6778,48.7,1122.0,BUFF
2025-09-17 15:20:00,48.68,48.68,48.68,48.68,156.0,BUFF
2025-09-17 15:17:00,48.635,48.635,48.635,48.635,207.0,BUFF
2025-09-17 15:11:00,48.6852,48.6852,48.6852,48.6852,499.0,BUFF
2025-09-17 15:07:00,48.69,48.69,48.69,48.69,100.0,BUFF
2025-09-17 15:04:00,48.67,48.67,48.67,48.67,103.0,BUFF
2025-09-17 14:57:00,48.61,48.61,48.61,48.61,103.0,BUFF
2025-09-17 14:52:00,48.585,48.585,48.55,48.57,2294.0,BUFF
2025-09-17 14:51:00,48.59,48.59,48.59,48.59,301.0,BUFF
2025-09-17 14:48:00,48.61,48.61,48.61,48.61,294.0,BUFF
2025-09-17 14:45:00,48.585,48.585,48.585,48.585,578.0,BUFF
2025-09-17 14:44:00,48.6,48.6,48.6,48.6,100.0,BUFF
2025-09-17 14:42:00,48.59,48.59,48.59,48.59,244.0,BUFF
2025-09-17 14:40:00,48.6,48.6,48.6,48.6,314.0,BUFF
2025-09-17 14:32:00,48.675,48.675,48.675,48.675,453.0,BUFF
2025-09-17 14:28:00,48.68,48.68,48.68,48.68,309.0,BUFF
2025-09-17 14:04:00,48.6776,48.6776,48.6776,48.6776,139.0,BUFF
2025-09-17 14:03:00,48.6778,48.6778,48.6778,48.6778,156.0,BUFF
2025-09-17 14:01:00,48.68,48.68,48.68,48.68,100.0,BUFF
2025-09-17 14:00:00,48.8299,48.8299,48.8299,48.8299,1008.0,BUFF
2025-09-17 13:56:00,48.64,48.64,48.598,48.598,616.0,BUFF
2025-09-17 13:51:00,48.63,48.63,48.63,48.63,100.0,BUFF
2025-09-17 13:37:00,48.636,48.64,48.605,48.64,1365.0,BUFF
2025-09-17 13:19:00,48.64,48.64,48.64,48.64,103.0,BUFF
2025-09-17 13:11:00,48.632,48.632,48.632,48.632,177.0,BUFF
2025-09-17 13:00:00,48.63,48.63,48.57,48.57,297.0,BUFF
2025-09-17 12:55:00,48.6384,48.6384,48.6384,48.6384,150.0,BUFF
2025-09-17 12:48:00,48.605,48.63,48.58,48.58,583.0,BUFF
2025-09-17 12:47:00,48.64,48.64,48.64,48.64,100.0,BUFF
2025-09-17 12:46:00,48.5701,48.5701,48.5701,48.5701,350.0,BUFF
2025-09-17 12:45:00,48.6,48.6,48.6,48.6,400.0,BUFF
2025-09-17 12:44:00,48.6394,48.6394,48.6394,48.6394,400.0,BUFF
2025-09-17 12:28:00,48.63,48.63,48.63,48.63,100.0,BUFF
2025-09-17 12:24:00,48.6254,48.6254,48.6254,48.6254,1134.0,BUFF
2025-09-17 12:13:00,48.63,48.63,48.63,48.63,100.0,BUFF
2025-09-17 12:12:00,48.6194,48.62,48.6194,48.62,442.0,BUFF
2025-09-17 12:08:00,48.6255,48.6255,48.6255,48.6255,2315.0,BUFF
2025-09-17 11:57:00,48.63,48.63,48.63,48.63,103.0,BUFF
2025-09-17 11:36:00,48.63,48.63,48.63,48.63,100.0,BUFF
2025-09-17 11:35:00,48.62,48.62,48.62,48.62,1059.0,BUFF
2025-09-17 11:34:00,48.6034,48.6034,48.6034,48.6034,636.0,BUFF
2025-09-17 11:33:00,48.62,48.62,48.6001,48.6001,606.0,BUFF
2025-09-17 11:31:00,48.63,48.63,48.63,48.63,100.0,BUFF
2025-09-17 11:30:00,48.623,48.623,48.623,48.623,200.0,BUFF
2025-09-17 11:25:00,48.63,48.63,48.63,48.63,100.0,BUFF
2025-09-17 11:13:00,48.63,48.63,48.63,48.63,100.0,BUFF
2025-09-17 11:10:00,48.64,48.64,48.64,48.64,2655.0,BUFF
2025-09-17 11:08:00,48.6324,48.639,48.62,48.639,881.0,BUFF
2025-09-17 11:05:00,48.6,48.6325,48.6,48.6325,1181.0,BUFF
2025-09-17 11:03:00,48.64,48.65,48.64,48.65,353.0,BUFF
2025-09-17 11:02:00,48.6285,48.6285,48.6285,48.6285,300.0,BUFF
2025-09-17 11:01:00,48.6242,48.6499,48.6242,48.6499,455.0,BUFF
2025-09-17 10:58:00,48.625,48.625,48.625,48.625,200.0,BUFF
2025-09-17 10:47:00,48.6445,48.6445,48.6445,48.6445,112.0,BUFF
2025-09-17 10:45:00,48.64,48.64,48.64,48.64,106.0,BUFF
2025-09-17 10:40:00,48.6091,48.6091,48.6091,48.6091,123.0,BUFF
2025-09-17 10:39:00,48.625,48.625,48.625,48.625,400.0,BUFF
2025-09-17 10:30:00,48.66,48.66,48.66,48.66,100.0,BUFF
2025-09-17 10:29:00,48.6614,48.6614,48.6614,48.6614,119.0,BUFF
2025-09-17 10:28:00,48.64,48.64,48.64,48.64,655.0,BUFF
2025-09-17 10:20:00,48.6625,48.6625,48.6625,48.6625,359.0,BUFF
2025-09-17 10:12:00,48.67,48.67,48.67,48.67,100.0,BUFF
2025-09-17 10:03:00,48.66,48.66,48.66,48.66,100.0,BUFF
2025-09-17 09:59:00,48.6624,48.6624,48.6624,48.6624,100.0,BUFF
2025-09-17 09:49:00,48.6629,48.6629,48.6629,48.6629,106.0,BUFF
2025-09-17 09:46:00,48.67,48.67,48.67,48.67,101.0,BUFF
2025-09-17 09:33:00,48.66,48.66,48.66,48.66,205.0,BUFF
2025-09-17 09:30:00,48.69,48.69,48.69,48.69,1409.0,BUFF
