date,1. open,2. high,3. low,4. close,5. volume,Ticker
2024-10-15 19:00:00,13.52,13.52,13.52,13.52,67377.0,BUR
2024-10-15 18:30:00,13.52,13.52,13.52,13.52,67377.0,BUR
2024-10-15 16:10:00,13.52,13.52,13.52,13.52,67377.0,BUR
2024-10-15 16:01:00,13.52,13.52,13.52,13.52,3786.0,BUR
2024-10-15 16:00:00,13.52,13.53,13.52,13.52,153456.0,BUR
2024-10-15 15:59:00,13.555,13.56,13.52,13.52,30479.0,BUR
2024-10-15 15:58:00,13.55,13.565,13.55,13.56,8883.0,BUR
2024-10-15 15:57:00,13.56,13.56,13.55,13.5589,3009.0,BUR
2024-10-15 15:56:00,13.555,13.555,13.555,13.555,1174.0,BUR
2024-10-15 15:55:00,13.56,13.56,13.55,13.55,2329.0,BUR
2024-10-15 15:54:00,13.545,13.565,13.545,13.565,9539.0,BUR
2024-10-15 15:53:00,13.54,13.545,13.54,13.545,3153.0,BUR
2024-10-15 15:52:00,13.54,13.54,13.53,13.535,2109.0,BUR
2024-10-15 15:51:00,13.54,13.545,13.54,13.54,2967.0,BUR
2024-10-15 15:50:00,13.55,13.55,13.53,13.54,2103.0,BUR
2024-10-15 15:49:00,13.54,13.54,13.53,13.54,1233.0,BUR
2024-10-15 15:48:00,13.535,13.55,13.535,13.55,2721.0,BUR
2024-10-15 15:47:00,13.535,13.545,13.535,13.54,3419.0,BUR
2024-10-15 15:46:00,13.5358,13.5358,13.535,13.535,1116.0,BUR
2024-10-15 15:45:00,13.54,13.54,13.53,13.53,1284.0,BUR
2024-10-15 15:44:00,13.54,13.541,13.54,13.541,1518.0,BUR
2024-10-15 15:43:00,13.55,13.55,13.54,13.545,1350.0,BUR
2024-10-15 15:42:00,13.555,13.56,13.55,13.56,2669.0,BUR
2024-10-15 15:39:00,13.56,13.56,13.551,13.551,1607.0,BUR
2024-10-15 15:38:00,13.56,13.56,13.5599,13.5599,574.0,BUR
2024-10-15 15:37:00,13.545,13.55,13.545,13.55,1627.0,BUR
2024-10-15 15:36:00,13.55,13.55,13.54,13.54,1197.0,BUR
2024-10-15 15:34:00,13.55,13.565,13.55,13.56,2528.0,BUR
2024-10-15 15:32:00,13.55,13.55,13.5494,13.5494,997.0,BUR
2024-10-15 15:31:00,13.555,13.555,13.555,13.555,204.0,BUR
2024-10-15 15:30:00,13.57,13.57,13.56,13.56,912.0,BUR
2024-10-15 15:29:00,13.57,13.571,13.57,13.571,745.0,BUR
2024-10-15 15:28:00,13.59,13.59,13.58,13.58,2128.0,BUR
2024-10-15 15:27:00,13.59,13.59,13.59,13.59,263.0,BUR
2024-10-15 15:26:00,13.58,13.58,13.58,13.58,255.0,BUR
2024-10-15 15:25:00,13.59,13.59,13.59,13.59,227.0,BUR
2024-10-15 15:24:00,13.58,13.5818,13.58,13.5818,862.0,BUR
2024-10-15 15:23:00,13.58,13.58,13.58,13.58,268.0,BUR
2024-10-15 15:22:00,13.59,13.59,13.58,13.58,2217.0,BUR
2024-10-15 15:21:00,13.6,13.6,13.6,13.6,973.0,BUR
2024-10-15 15:20:00,13.58,13.6,13.58,13.6,3342.0,BUR
2024-10-15 15:19:00,13.56,13.56,13.56,13.56,377.0,BUR
2024-10-15 15:18:00,13.56,13.56,13.56,13.56,317.0,BUR
2024-10-15 15:15:00,13.58,13.58,13.57,13.57,1017.0,BUR
2024-10-15 15:14:00,13.6,13.6,13.59,13.59,1409.0,BUR
2024-10-15 15:12:00,13.6,13.61,13.6,13.605,4172.0,BUR
2024-10-15 15:09:00,13.59,13.59,13.587,13.59,2317.0,BUR
2024-10-15 15:08:00,13.59,13.61,13.59,13.605,3306.0,BUR
2024-10-15 15:07:00,13.59,13.6,13.59,13.596,10571.0,BUR
2024-10-15 15:05:00,13.59,13.59,13.58,13.59,1408.0,BUR
2024-10-15 15:04:00,13.59,13.59,13.59,13.59,417.0,BUR
2024-10-15 15:03:00,13.59,13.595,13.59,13.595,459.0,BUR
2024-10-15 15:02:00,13.59,13.59,13.59,13.59,328.0,BUR
2024-10-15 15:01:00,13.59,13.59,13.59,13.59,306.0,BUR
2024-10-15 15:00:00,13.6,13.6,13.595,13.595,469.0,BUR
2024-10-15 14:59:00,13.59,13.6009,13.59,13.6,2418.0,BUR
2024-10-15 14:58:00,13.58,13.585,13.58,13.585,2067.0,BUR
2024-10-15 14:57:00,13.58,13.58,13.58,13.58,286.0,BUR
2024-10-15 14:56:00,13.59,13.59,13.59,13.59,206.0,BUR
2024-10-15 14:54:00,13.58,13.58,13.58,13.58,298.0,BUR
2024-10-15 14:52:00,13.59,13.59,13.59,13.59,443.0,BUR
2024-10-15 14:50:00,13.59,13.59,13.59,13.59,385.0,BUR
2024-10-15 14:49:00,13.59,13.59,13.59,13.59,188.0,BUR
2024-10-15 14:48:00,13.59,13.59,13.59,13.59,181.0,BUR
2024-10-15 14:47:00,13.59,13.59,13.59,13.59,836.0,BUR
2024-10-15 14:45:00,13.6,13.605,13.6,13.6,2119.0,BUR
2024-10-15 14:43:00,13.5805,13.59,13.5805,13.59,581.0,BUR
2024-10-15 14:42:00,13.58,13.6,13.58,13.6,328.0,BUR
2024-10-15 14:41:00,13.6,13.6,13.6,13.6,161.0,BUR
2024-10-15 14:39:00,13.59,13.59,13.59,13.59,354.0,BUR
2024-10-15 14:38:00,13.59,13.59,13.59,13.59,275.0,BUR
2024-10-15 14:37:00,13.6,13.6,13.59,13.59,1781.0,BUR
2024-10-15 14:36:00,13.59,13.59,13.59,13.59,340.0,BUR
2024-10-15 14:35:00,13.59,13.59,13.59,13.59,416.0,BUR
2024-10-15 14:32:00,13.59,13.59,13.59,13.59,209.0,BUR
2024-10-15 14:31:00,13.59,13.59,13.58,13.59,1068.0,BUR
2024-10-15 14:30:00,13.59,13.59,13.59,13.59,272.0,BUR
2024-10-15 14:29:00,13.585,13.585,13.585,13.585,491.0,BUR
2024-10-15 14:27:00,13.6,13.6,13.6,13.6,1110.0,BUR
2024-10-15 14:25:00,13.6,13.6,13.6,13.6,224.0,BUR
2024-10-15 14:24:00,13.61,13.61,13.61,13.61,556.0,BUR
2024-10-15 14:21:00,13.57,13.59,13.57,13.59,1770.0,BUR
2024-10-15 14:20:00,13.57,13.57,13.57,13.57,183.0,BUR
2024-10-15 14:17:00,13.58,13.58,13.58,13.58,187.0,BUR
2024-10-15 14:15:00,13.59,13.59,13.59,13.59,491.0,BUR
2024-10-15 14:14:00,13.59,13.59,13.59,13.59,267.0,BUR
2024-10-15 14:13:00,13.59,13.59,13.59,13.59,467.0,BUR
2024-10-15 14:12:00,13.59,13.59,13.59,13.59,144.0,BUR
2024-10-15 14:10:00,13.595,13.6,13.59,13.59,1057.0,BUR
2024-10-15 14:09:00,13.59,13.59,13.59,13.59,397.0,BUR
2024-10-15 14:06:00,13.595,13.6096,13.59,13.6,8711.0,BUR
2024-10-15 14:05:00,13.6,13.6,13.6,13.6,158.0,BUR
2024-10-15 14:04:00,13.6003,13.61,13.59,13.59,1052.0,BUR
2024-10-15 14:03:00,13.6,13.6,13.6,13.6,215.0,BUR
2024-10-15 14:02:00,13.59,13.59,13.59,13.59,524.0,BUR
2024-10-15 13:58:00,13.59,13.59,13.59,13.59,395.0,BUR
2024-10-15 13:57:00,13.5911,13.5911,13.5911,13.5911,206.0,BUR
2024-10-15 13:56:00,13.6,13.6,13.59,13.59,469.0,BUR
2024-10-15 13:55:00,13.61,13.61,13.6,13.6,1253.0,BUR
2024-10-15 13:52:00,13.61,13.61,13.61,13.61,206.0,BUR
2024-10-15 13:50:00,13.62,13.62,13.62,13.62,129.0,BUR
2024-10-15 13:48:00,13.62,13.62,13.62,13.62,627.0,BUR
2024-10-15 13:47:00,13.63,13.63,13.63,13.63,1222.0,BUR
2024-10-15 13:46:00,13.6298,13.6298,13.62,13.62,383.0,BUR
2024-10-15 13:45:00,13.63,13.63,13.62,13.63,1133.0,BUR
2024-10-15 13:41:00,13.63,13.63,13.63,13.63,193.0,BUR
2024-10-15 13:40:00,13.64,13.64,13.64,13.64,638.0,BUR
2024-10-15 13:39:00,13.63,13.63,13.63,13.63,1116.0,BUR
2024-10-15 13:38:00,13.62,13.63,13.62,13.622,653.0,BUR
2024-10-15 13:37:00,13.61,13.61,13.61,13.61,159.0,BUR
2024-10-15 13:36:00,13.61,13.61,13.61,13.61,140.0,BUR
2024-10-15 13:35:00,13.62,13.62,13.61,13.61,1475.0,BUR
2024-10-15 13:34:00,13.63,13.63,13.62,13.62,283.0,BUR
2024-10-15 13:31:00,13.64,13.64,13.63,13.63,920.0,BUR
2024-10-15 13:29:00,13.63,13.6379,13.63,13.63,772.0,BUR
2024-10-15 13:28:00,13.63,13.63,13.63,13.63,648.0,BUR
2024-10-15 13:27:00,13.63,13.63,13.63,13.63,189.0,BUR
2024-10-15 13:26:00,13.64,13.64,13.64,13.64,163.0,BUR
2024-10-15 13:23:00,13.63,13.63,13.63,13.63,131.0,BUR
2024-10-15 13:22:00,13.64,13.64,13.64,13.64,714.0,BUR
2024-10-15 13:21:00,13.63,13.63,13.63,13.63,192.0,BUR
2024-10-15 13:20:00,13.63,13.63,13.625,13.625,747.0,BUR
2024-10-15 13:19:00,13.63,13.64,13.63,13.64,280.0,BUR
2024-10-15 13:16:00,13.63,13.63,13.63,13.63,266.0,BUR
2024-10-15 13:15:00,13.64,13.64,13.64,13.64,1772.0,BUR
2024-10-15 13:13:00,13.61,13.62,13.61,13.62,794.0,BUR
2024-10-15 13:12:00,13.605,13.605,13.605,13.605,305.0,BUR
2024-10-15 13:11:00,13.605,13.605,13.605,13.605,205.0,BUR
2024-10-15 13:10:00,13.61,13.61,13.6,13.61,2486.0,BUR
2024-10-15 13:09:00,13.6,13.6,13.6,13.6,110.0,BUR
2024-10-15 13:08:00,13.61,13.61,13.605,13.605,681.0,BUR
2024-10-15 13:07:00,13.61,13.62,13.61,13.61,1728.0,BUR
2024-10-15 13:05:00,13.62,13.62,13.61,13.61,355.0,BUR
2024-10-15 13:03:00,13.62,13.62,13.62,13.62,131.0,BUR
2024-10-15 13:02:00,13.61,13.61,13.61,13.61,165.0,BUR
2024-10-15 13:00:00,13.628,13.628,13.62,13.62,1192.0,BUR
2024-10-15 12:57:00,13.635,13.635,13.63,13.63,984.0,BUR
2024-10-15 12:54:00,13.635,13.635,13.635,13.635,162.0,BUR
2024-10-15 12:53:00,13.634,13.634,13.634,13.634,317.0,BUR
2024-10-15 12:51:00,13.63,13.64,13.63,13.64,1305.0,BUR
2024-10-15 12:50:00,13.63,13.63,13.63,13.63,1254.0,BUR
2024-10-15 12:49:00,13.64,13.65,13.63,13.64,1138.0,BUR
2024-10-15 12:47:00,13.63,13.63,13.63,13.63,586.0,BUR
2024-10-15 12:45:00,13.64,13.64,13.64,13.64,150.0,BUR
2024-10-15 12:44:00,13.64,13.642,13.63,13.63,922.0,BUR
2024-10-15 12:41:00,13.65,13.65,13.64,13.64,926.0,BUR
2024-10-15 12:39:00,13.65,13.65,13.65,13.65,207.0,BUR
2024-10-15 12:38:00,13.66,13.66,13.66,13.66,1559.0,BUR
2024-10-15 12:36:00,13.6642,13.6642,13.66,13.66,843.0,BUR
2024-10-15 12:35:00,13.66,13.66,13.66,13.66,432.0,BUR
2024-10-15 12:34:00,13.66,13.66,13.66,13.66,102.0,BUR
2024-10-15 12:33:00,13.68,13.68,13.66,13.66,339.0,BUR
2024-10-15 12:32:00,13.66,13.66,13.66,13.66,421.0,BUR
2024-10-15 12:31:00,13.65,13.65,13.65,13.65,401.0,BUR
2024-10-15 12:30:00,13.67,13.67,13.665,13.665,1677.0,BUR
2024-10-15 12:28:00,13.68,13.69,13.67,13.67,3268.0,BUR
2024-10-15 12:27:00,13.67,13.67,13.66,13.67,1071.0,BUR
2024-10-15 12:26:00,13.67,13.67,13.66,13.67,1457.0,BUR
2024-10-15 12:25:00,13.67,13.67,13.67,13.67,280.0,BUR
2024-10-15 12:24:00,13.67,13.67,13.67,13.67,590.0,BUR
2024-10-15 12:23:00,13.67,13.67,13.67,13.67,247.0,BUR
2024-10-15 12:22:00,13.67,13.67,13.67,13.67,341.0,BUR
2024-10-15 12:21:00,13.66,13.66,13.66,13.66,143.0,BUR
2024-10-15 12:19:00,13.67,13.67,13.67,13.67,1554.0,BUR
2024-10-15 12:17:00,13.67,13.67,13.66,13.66,451.0,BUR
2024-10-15 12:15:00,13.67,13.67,13.67,13.67,129.0,BUR
2024-10-15 12:13:00,13.67,13.67,13.66,13.66,343.0,BUR
2024-10-15 12:11:00,13.67,13.67,13.67,13.67,191.0,BUR
2024-10-15 12:10:00,13.67,13.67,13.66,13.66,266.0,BUR
2024-10-15 12:09:00,13.67,13.67,13.67,13.67,109.0,BUR
2024-10-15 12:08:00,13.67,13.67,13.67,13.67,888.0,BUR
2024-10-15 12:07:00,13.64,13.66,13.64,13.66,1247.0,BUR
2024-10-15 12:05:00,13.64,13.64,13.64,13.64,458.0,BUR
2024-10-15 12:04:00,13.64,13.64,13.64,13.64,133.0,BUR
2024-10-15 12:03:00,13.62,13.64,13.62,13.64,1283.0,BUR
2024-10-15 12:02:00,13.62,13.62,13.62,13.62,280.0,BUR
2024-10-15 12:00:00,13.6395,13.6395,13.62,13.62,1357.0,BUR
2024-10-15 11:58:00,13.67,13.67,13.63,13.63,1237.0,BUR
2024-10-15 11:57:00,13.685,13.69,13.67,13.67,4162.0,BUR
2024-10-15 11:55:00,13.6899,13.6899,13.6899,13.6899,382.0,BUR
2024-10-15 11:54:00,13.695,13.695,13.67,13.68,1446.0,BUR
2024-10-15 11:52:00,13.695,13.695,13.695,13.695,201.0,BUR
2024-10-15 11:50:00,13.695,13.695,13.695,13.695,123.0,BUR
2024-10-15 11:48:00,13.695,13.695,13.695,13.695,239.0,BUR
2024-10-15 11:47:00,13.695,13.695,13.695,13.695,143.0,BUR
2024-10-15 11:45:00,13.69,13.69,13.69,13.69,551.0,BUR
2024-10-15 11:43:00,13.6998,13.6999,13.6994,13.6999,1924.0,BUR
2024-10-15 11:42:00,13.69,13.69,13.69,13.69,473.0,BUR
2024-10-15 11:40:00,13.69,13.69,13.69,13.69,821.0,BUR
2024-10-15 11:39:00,13.695,13.695,13.695,13.695,136.0,BUR
2024-10-15 11:37:00,13.7,13.7,13.695,13.695,3413.0,BUR
2024-10-15 11:36:00,13.705,13.73,13.705,13.705,3191.0,BUR
2024-10-15 11:35:00,13.7,13.71,13.7,13.705,1560.0,BUR
2024-10-15 11:34:00,13.705,13.705,13.69,13.69,461.0,BUR
2024-10-15 11:33:00,13.7,13.7,13.7,13.7,415.0,BUR
2024-10-15 11:31:00,13.7,13.7,13.7,13.7,147.0,BUR
2024-10-15 11:30:00,13.7,13.7,13.69,13.69,523.0,BUR
2024-10-15 11:29:00,13.7,13.7094,13.69,13.7,968.0,BUR
2024-10-15 11:28:00,13.7,13.7,13.7,13.7,169.0,BUR
2024-10-15 11:27:00,13.69,13.69,13.69,13.69,137.0,BUR
2024-10-15 11:26:00,13.7,13.7,13.7,13.7,180.0,BUR
2024-10-15 11:24:00,13.7,13.71,13.7,13.705,1703.0,BUR
2024-10-15 11:23:00,13.685,13.69,13.68,13.69,1361.0,BUR
2024-10-15 11:20:00,13.67,13.69,13.67,13.685,497.0,BUR
2024-10-15 11:19:00,13.665,13.665,13.665,13.665,254.0,BUR
2024-10-15 11:18:00,13.66,13.68,13.66,13.68,355.0,BUR
2024-10-15 11:16:00,13.65,13.65,13.65,13.65,106.0,BUR
2024-10-15 11:14:00,13.64,13.65,13.64,13.65,744.0,BUR
2024-10-15 11:13:00,13.63,13.64,13.63,13.63,2263.0,BUR
2024-10-15 11:12:00,13.65,13.65,13.63,13.63,1932.0,BUR
2024-10-15 11:10:00,13.66,13.66,13.66,13.66,689.0,BUR
2024-10-15 11:08:00,13.66,13.66,13.66,13.66,396.0,BUR
2024-10-15 11:05:00,13.65,13.65,13.65,13.65,193.0,BUR
2024-10-15 11:04:00,13.67,13.67,13.67,13.67,291.0,BUR
2024-10-15 11:03:00,13.64,13.64,13.64,13.64,205.0,BUR
2024-10-15 11:02:00,13.64,13.645,13.64,13.64,734.0,BUR
2024-10-15 11:01:00,13.65,13.65,13.63,13.63,513.0,BUR
2024-10-15 10:58:00,13.63,13.63,13.61,13.61,1028.0,BUR
2024-10-15 10:55:00,13.63,13.63,13.63,13.63,135.0,BUR
2024-10-15 10:53:00,13.62,13.63,13.62,13.63,1621.0,BUR
2024-10-15 10:51:00,13.62,13.62,13.61,13.61,1908.0,BUR
2024-10-15 10:50:00,13.63,13.63,13.63,13.63,366.0,BUR
2024-10-15 10:49:00,13.62,13.62,13.62,13.62,438.0,BUR
2024-10-15 10:48:00,13.61,13.61,13.61,13.61,203.0,BUR
2024-10-15 10:47:00,13.58,13.61,13.58,13.61,701.0,BUR
2024-10-15 10:46:00,13.58,13.58,13.58,13.58,264.0,BUR
2024-10-15 10:44:00,13.58,13.58,13.58,13.58,144.0,BUR
2024-10-15 10:43:00,13.58,13.58,13.58,13.58,268.0,BUR
2024-10-15 10:42:00,13.6,13.6,13.59,13.59,499.0,BUR
2024-10-15 10:41:00,13.57,13.6,13.57,13.6,1268.0,BUR
2024-10-15 10:36:00,13.59,13.59,13.59,13.59,273.0,BUR
2024-10-15 10:35:00,13.6,13.6,13.6,13.6,1087.0,BUR
2024-10-15 10:33:00,13.625,13.625,13.625,13.625,225.0,BUR
2024-10-15 10:32:00,13.64,13.64,13.62,13.62,1038.0,BUR
2024-10-15 10:30:00,13.68,13.68,13.66,13.66,978.0,BUR
2024-10-15 10:29:00,13.69,13.69,13.68,13.68,383.0,BUR
2024-10-15 10:27:00,13.705,13.705,13.705,13.705,2044.0,BUR
2024-10-15 10:26:00,13.7,13.72,13.69,13.72,2121.0,BUR
2024-10-15 10:25:00,13.68,13.72,13.67,13.72,6428.0,BUR
2024-10-15 10:24:00,13.7,13.7,13.7,13.7,366.0,BUR
2024-10-15 10:23:00,13.69,13.69,13.69,13.69,305.0,BUR
2024-10-15 10:22:00,13.67,13.7,13.67,13.68,2254.0,BUR
2024-10-15 10:21:00,13.656,13.68,13.655,13.67,4835.0,BUR
2024-10-15 10:20:00,13.64,13.65,13.62,13.64,7099.0,BUR
2024-10-15 10:19:00,13.63,13.66,13.63,13.65,3917.0,BUR
2024-10-15 10:16:00,13.61,13.62,13.61,13.62,373.0,BUR
2024-10-15 10:15:00,13.6,13.61,13.6,13.61,468.0,BUR
2024-10-15 10:14:00,13.61,13.62,13.61,13.61,536.0,BUR
2024-10-15 10:10:00,13.63,13.63,13.61,13.61,491.0,BUR
2024-10-15 10:09:00,13.64,13.64,13.64,13.64,283.0,BUR
2024-10-15 10:08:00,13.615,13.615,13.615,13.615,124.0,BUR
2024-10-15 10:07:00,13.62,13.62,13.62,13.62,618.0,BUR
2024-10-15 10:05:00,13.63,13.63,13.63,13.63,118.0,BUR
2024-10-15 10:04:00,13.62,13.64,13.62,13.64,1587.0,BUR
2024-10-15 10:03:00,13.61,13.61,13.61,13.61,110.0,BUR
2024-10-15 10:02:00,13.61,13.61,13.61,13.61,266.0,BUR
2024-10-15 10:00:00,13.57,13.6,13.57,13.595,2604.0,BUR
2024-10-15 09:59:00,13.56,13.57,13.56,13.57,479.0,BUR
2024-10-15 09:58:00,13.57,13.57,13.5508,13.5508,912.0,BUR
2024-10-15 09:50:00,13.58,13.585,13.58,13.585,899.0,BUR
2024-10-15 09:49:00,13.57,13.57,13.565,13.565,1414.0,BUR
2024-10-15 09:46:00,13.55,13.55,13.55,13.55,1042.0,BUR
2024-10-15 09:45:00,13.54,13.54,13.54,13.54,100.0,BUR
2024-10-15 09:44:00,13.55,13.55,13.55,13.55,110.0,BUR
2024-10-15 09:42:00,13.56,13.56,13.55,13.55,873.0,BUR
2024-10-15 09:41:00,13.5653,13.5653,13.5653,13.5653,129.0,BUR
2024-10-15 09:39:00,13.55,13.56,13.55,13.56,534.0,BUR
2024-10-15 09:36:00,13.54,13.54,13.54,13.54,315.0,BUR
2024-10-15 09:35:00,13.55,13.57,13.55,13.57,651.0,BUR
2024-10-15 09:33:00,13.57,13.57,13.56,13.56,1030.0,BUR
2024-10-15 09:31:00,13.62,13.62,13.62,13.62,505.0,BUR
2024-10-15 09:30:00,13.52,13.6,13.505,13.6,6779.0,BUR
2024-10-15 09:28:00,13.51,13.51,13.51,13.51,242.0,BUR
2024-10-15 08:48:00,13.5,13.5,13.5,13.5,100.0,BUR
2024-10-15 07:00:00,13.5,13.5,13.5,13.5,37.0,BUR
2024-10-15 05:55:00,13.48,13.48,13.48,13.48,100.0,BUR
2024-10-15 05:19:00,13.52,13.52,13.52,13.52,25.0,BUR
2024-10-15 04:17:00,13.49,13.5,13.49,13.5,740.0,BUR
2024-10-14 19:00:00,13.58,13.58,13.58,13.58,40263.0,BUR
2024-10-14 18:30:00,13.58,13.58,13.58,13.58,40263.0,BUR
2024-10-14 16:10:00,13.58,13.58,13.58,13.58,40263.0,BUR
2024-10-14 16:01:00,13.58,13.58,13.58,13.58,2361.0,BUR
2024-10-14 16:00:00,13.57,13.59,13.57,13.58,83567.0,BUR
2024-10-14 15:59:00,13.56,13.59,13.555,13.59,13581.0,BUR
2024-10-14 15:58:00,13.58,13.585,13.56,13.56,7058.0,BUR
2024-10-14 15:57:00,13.575,13.59,13.575,13.585,5314.0,BUR
2024-10-14 15:56:00,13.585,13.585,13.575,13.575,1652.0,BUR
2024-10-14 15:55:00,13.58,13.585,13.58,13.585,629.0,BUR
2024-10-14 15:54:00,13.595,13.595,13.585,13.585,2618.0,BUR
2024-10-14 15:53:00,13.595,13.595,13.595,13.595,471.0,BUR
2024-10-14 15:52:00,13.59,13.59,13.59,13.59,838.0,BUR
2024-10-14 15:51:00,13.58,13.595,13.58,13.59,4211.0,BUR
2024-10-14 15:50:00,13.58,13.58,13.58,13.58,1322.0,BUR
2024-10-14 15:49:00,13.565,13.58,13.565,13.58,6967.0,BUR
2024-10-14 15:48:00,13.555,13.59,13.555,13.56,5441.0,BUR
2024-10-14 15:47:00,13.56,13.56,13.55,13.555,2150.0,BUR
2024-10-14 15:46:00,13.55,13.55,13.55,13.55,2901.0,BUR
2024-10-14 15:45:00,13.525,13.55,13.52,13.54,7445.0,BUR
2024-10-14 15:44:00,13.53,13.53,13.525,13.525,2399.0,BUR
2024-10-14 15:42:00,13.54,13.54,13.54,13.54,350.0,BUR
2024-10-14 15:41:00,13.54,13.54,13.535,13.54,1277.0,BUR
2024-10-14 15:40:00,13.54,13.54,13.54,13.54,399.0,BUR
2024-10-14 15:39:00,13.54,13.54,13.54,13.54,2626.0,BUR
2024-10-14 15:38:00,13.53,13.54,13.53,13.54,450.0,BUR
2024-10-14 15:37:00,13.54,13.54,13.53,13.54,2529.0,BUR
2024-10-14 15:35:00,13.53,13.53,13.53,13.53,102.0,BUR
2024-10-14 15:33:00,13.52,13.52,13.52,13.52,103.0,BUR
2024-10-14 15:32:00,13.52,13.53,13.52,13.53,3802.0,BUR
2024-10-14 15:31:00,13.52,13.53,13.52,13.52,529.0,BUR
2024-10-14 15:30:00,13.52,13.52,13.51,13.51,1406.0,BUR
2024-10-14 15:29:00,13.53,13.53,13.53,13.53,1002.0,BUR
2024-10-14 15:28:00,13.52,13.53,13.52,13.53,1583.0,BUR
2024-10-14 15:26:00,13.53,13.53,13.53,13.53,130.0,BUR
2024-10-14 15:25:00,13.53,13.53,13.53,13.53,821.0,BUR
2024-10-14 15:24:00,13.52,13.52,13.52,13.52,197.0,BUR
2024-10-14 15:23:00,13.51,13.51,13.51,13.51,129.0,BUR
2024-10-14 15:22:00,13.52,13.52,13.52,13.52,251.0,BUR
2024-10-14 15:21:00,13.52,13.52,13.52,13.52,116.0,BUR
2024-10-14 15:20:00,13.52,13.52,13.52,13.52,951.0,BUR
2024-10-14 15:18:00,13.53,13.53,13.53,13.53,180.0,BUR
2024-10-14 15:16:00,13.54,13.54,13.54,13.54,270.0,BUR
2024-10-14 15:15:00,13.52,13.5384,13.52,13.5384,1085.0,BUR
2024-10-14 15:14:00,13.53,13.53,13.53,13.53,147.0,BUR
2024-10-14 15:13:00,13.53,13.53,13.53,13.53,207.0,BUR
2024-10-14 15:11:00,13.54,13.54,13.53,13.53,1215.0,BUR
2024-10-14 15:10:00,13.5385,13.5385,13.5385,13.5385,567.0,BUR
2024-10-14 15:09:00,13.5297,13.5297,13.5297,13.5297,221.0,BUR
2024-10-14 15:08:00,13.53,13.53,13.53,13.53,118.0,BUR
2024-10-14 15:07:00,13.52,13.52,13.52,13.52,200.0,BUR
2024-10-14 15:05:00,13.55,13.55,13.53,13.53,681.0,BUR
2024-10-14 15:03:00,13.53,13.53,13.53,13.53,107.0,BUR
2024-10-14 15:02:00,13.54,13.54,13.54,13.54,199.0,BUR
2024-10-14 15:01:00,13.51,13.51,13.51,13.51,4941.0,BUR
2024-10-14 15:00:00,13.5,13.5,13.5,13.5,985.0,BUR
2024-10-14 14:59:00,13.49,13.51,13.49,13.51,452.0,BUR
2024-10-14 14:58:00,13.5,13.5,13.5,13.5,476.0,BUR
2024-10-14 14:57:00,13.5,13.5,13.5,13.5,1378.0,BUR
2024-10-14 14:56:00,13.51,13.51,13.5,13.5,275.0,BUR
2024-10-14 14:54:00,13.52,13.52,13.52,13.52,125.0,BUR
2024-10-14 14:52:00,13.51,13.51,13.51,13.51,245.0,BUR
2024-10-14 14:50:00,13.51,13.51,13.51,13.51,248.0,BUR
2024-10-14 14:48:00,13.51,13.52,13.51,13.52,1360.0,BUR
2024-10-14 14:47:00,13.51,13.51,13.51,13.51,240.0,BUR
2024-10-14 14:46:00,13.51,13.52,13.51,13.51,1017.0,BUR
2024-10-14 14:45:00,13.5,13.53,13.5,13.51,7051.0,BUR
2024-10-14 14:44:00,13.48,13.48,13.48,13.48,158.0,BUR
2024-10-14 14:43:00,13.49,13.49,13.49,13.49,197.0,BUR
2024-10-14 14:41:00,13.5,13.5,13.5,13.5,133.0,BUR
2024-10-14 14:40:00,13.48,13.48,13.48,13.48,102.0,BUR
2024-10-14 14:37:00,13.49,13.49,13.49,13.49,393.0,BUR
2024-10-14 14:36:00,13.48,13.48,13.48,13.48,208.0,BUR
2024-10-14 14:33:00,13.48,13.48,13.48,13.48,236.0,BUR
2024-10-14 14:32:00,13.48,13.48,13.47,13.48,449.0,BUR
2024-10-14 14:30:00,13.48,13.48,13.48,13.48,758.0,BUR
2024-10-14 14:28:00,13.48,13.48,13.48,13.48,117.0,BUR
2024-10-14 14:27:00,13.48,13.49,13.47,13.48,5804.0,BUR
2024-10-14 14:26:00,13.47,13.47,13.47,13.47,154.0,BUR
2024-10-14 14:24:00,13.47,13.47,13.47,13.47,113.0,BUR
2024-10-14 14:21:00,13.46,13.47,13.46,13.47,235.0,BUR
2024-10-14 14:19:00,13.48,13.48,13.48,13.48,114.0,BUR
2024-10-14 14:17:00,13.47,13.47,13.47,13.47,114.0,BUR
2024-10-14 14:16:00,13.48,13.48,13.48,13.48,135.0,BUR
2024-10-14 14:13:00,13.47,13.47,13.47,13.47,281.0,BUR
2024-10-14 14:12:00,13.469,13.469,13.469,13.469,507.0,BUR
2024-10-14 14:09:00,13.47,13.47,13.47,13.47,275.0,BUR
2024-10-14 14:07:00,13.47,13.47,13.47,13.47,161.0,BUR
2024-10-14 14:05:00,13.47,13.47,13.47,13.47,667.0,BUR
2024-10-14 14:03:00,13.47,13.47,13.47,13.47,144.0,BUR
2024-10-14 14:02:00,13.47,13.47,13.47,13.47,125.0,BUR
2024-10-14 14:01:00,13.47,13.47,13.47,13.47,132.0,BUR
2024-10-14 13:59:00,13.47,13.48,13.47,13.48,275.0,BUR
2024-10-14 13:58:00,13.47,13.47,13.47,13.47,254.0,BUR
2024-10-14 13:57:00,13.47,13.47,13.47,13.47,163.0,BUR
2024-10-14 13:53:00,13.47,13.47,13.47,13.47,911.0,BUR
2024-10-14 13:52:00,13.47,13.47,13.47,13.47,718.0,BUR
2024-10-14 13:50:00,13.45,13.46,13.45,13.46,375.0,BUR
2024-10-14 13:48:00,13.455,13.455,13.455,13.455,727.0,BUR
2024-10-14 13:46:00,13.45,13.45,13.45,13.45,122.0,BUR
2024-10-14 13:42:00,13.45,13.45,13.45,13.45,111.0,BUR
2024-10-14 13:38:00,13.4526,13.4526,13.45,13.45,839.0,BUR
2024-10-14 13:37:00,13.445,13.45,13.445,13.45,942.0,BUR
2024-10-14 13:35:00,13.44,13.44,13.44,13.44,928.0,BUR
2024-10-14 13:31:00,13.44,13.45,13.44,13.45,3076.0,BUR
2024-10-14 13:30:00,13.445,13.445,13.445,13.445,219.0,BUR
2024-10-14 13:29:00,13.45,13.45,13.445,13.45,5941.0,BUR
2024-10-14 13:26:00,13.45,13.45,13.45,13.45,112.0,BUR
2024-10-14 13:25:00,13.46,13.46,13.46,13.46,1015.0,BUR
2024-10-14 13:24:00,13.46,13.46,13.455,13.46,1048.0,BUR
2024-10-14 13:23:00,13.46,13.46,13.46,13.46,149.0,BUR
2024-10-14 13:22:00,13.465,13.465,13.465,13.465,226.0,BUR
2024-10-14 13:19:00,13.46,13.46,13.46,13.46,300.0,BUR
2024-10-14 13:16:00,13.45,13.47,13.45,13.465,8594.0,BUR
2024-10-14 13:11:00,13.45,13.45,13.45,13.45,152.0,BUR
2024-10-14 13:10:00,13.4515,13.4515,13.4515,13.4515,283.0,BUR
2024-10-14 13:07:00,13.45,13.45,13.45,13.45,131.0,BUR
2024-10-14 13:03:00,13.45,13.45,13.45,13.45,135.0,BUR
2024-10-14 13:01:00,13.46,13.46,13.46,13.46,458.0,BUR
2024-10-14 13:00:00,13.45,13.455,13.45,13.455,465.0,BUR
2024-10-14 12:59:00,13.45,13.45,13.45,13.45,139.0,BUR
2024-10-14 12:56:00,13.455,13.455,13.455,13.455,127.0,BUR
2024-10-14 12:52:00,13.45,13.45,13.45,13.45,178.0,BUR
2024-10-14 12:48:00,13.45,13.45,13.45,13.45,125.0,BUR
2024-10-14 12:44:00,13.45,13.45,13.45,13.45,113.0,BUR
2024-10-14 12:40:00,13.46,13.46,13.46,13.46,131.0,BUR
2024-10-14 12:37:00,13.45,13.46,13.45,13.46,1069.0,BUR
2024-10-14 12:35:00,13.45,13.45,13.45,13.45,2404.0,BUR
2024-10-14 12:33:00,13.45,13.45,13.45,13.45,126.0,BUR
2024-10-14 12:29:00,13.45,13.45,13.45,13.45,122.0,BUR
2024-10-14 12:25:00,13.45,13.46,13.45,13.46,426.0,BUR
2024-10-14 12:22:00,13.46,13.46,13.46,13.46,440.0,BUR
2024-10-14 12:21:00,13.45,13.45,13.45,13.45,125.0,BUR
2024-10-14 12:19:00,13.46,13.46,13.45,13.45,275.0,BUR
2024-10-14 12:18:00,13.47,13.47,13.46,13.46,789.0,BUR
2024-10-14 12:17:00,13.45,13.46,13.45,13.46,558.0,BUR
2024-10-14 12:16:00,13.46,13.46,13.45,13.45,13542.0,BUR
2024-10-14 12:15:00,13.46,13.46,13.46,13.46,216.0,BUR
2024-10-14 12:14:00,13.46,13.46,13.45,13.45,478.0,BUR
2024-10-14 12:13:00,13.45,13.45,13.45,13.45,314.0,BUR
2024-10-14 12:12:00,13.445,13.445,13.445,13.445,101.0,BUR
2024-10-14 12:11:00,13.444,13.444,13.444,13.444,291.0,BUR
2024-10-14 12:08:00,13.44,13.44,13.44,13.44,131.0,BUR
2024-10-14 12:05:00,13.44,13.44,13.44,13.44,134.0,BUR
2024-10-14 12:01:00,13.44,13.44,13.44,13.44,128.0,BUR
2024-10-14 12:00:00,13.48,13.48,13.44,13.46,6052.0,BUR
2024-10-14 11:57:00,13.49,13.49,13.49,13.49,228.0,BUR
2024-10-14 11:55:00,13.49,13.49,13.49,13.49,167.0,BUR
2024-10-14 11:53:00,13.5,13.5,13.49,13.49,915.0,BUR
2024-10-14 11:50:00,13.48,13.48,13.48,13.48,130.0,BUR
2024-10-14 11:48:00,13.49,13.49,13.49,13.49,100.0,BUR
2024-10-14 11:46:00,13.4801,13.4801,13.4801,13.4801,2044.0,BUR
2024-10-14 11:45:00,13.48,13.48,13.48,13.48,133.0,BUR
2024-10-14 11:44:00,13.49,13.49,13.49,13.49,239.0,BUR
2024-10-14 11:42:00,13.48,13.48,13.48,13.48,131.0,BUR
2024-10-14 11:39:00,13.48,13.48,13.48,13.48,100.0,BUR
2024-10-14 11:36:00,13.49,13.49,13.49,13.49,316.0,BUR
2024-10-14 11:35:00,13.48,13.48,13.475,13.475,262.0,BUR
2024-10-14 11:34:00,13.481,13.481,13.47,13.47,618.0,BUR
2024-10-14 11:33:00,13.48,13.48,13.48,13.48,105.0,BUR
2024-10-14 11:32:00,13.48,13.48,13.48,13.48,715.0,BUR
2024-10-14 11:30:00,13.45,13.46,13.45,13.46,605.0,BUR
2024-10-14 11:29:00,13.455,13.455,13.45,13.45,336.0,BUR
2024-10-14 11:27:00,13.46,13.46,13.45,13.45,1337.0,BUR
2024-10-14 11:26:00,13.46,13.46,13.46,13.46,263.0,BUR
2024-10-14 11:24:00,13.49,13.49,13.465,13.465,1122.0,BUR
2024-10-14 11:23:00,13.5,13.5,13.5,13.5,341.0,BUR
2024-10-14 11:22:00,13.5,13.5,13.5,13.5,101.0,BUR
2024-10-14 11:21:00,13.51,13.5109,13.51,13.5109,846.0,BUR
2024-10-14 11:20:00,13.51,13.51,13.51,13.51,151.0,BUR
2024-10-14 11:19:00,13.51,13.51,13.51,13.51,100.0,BUR
2024-10-14 11:15:00,13.52,13.52,13.52,13.52,395.0,BUR
2024-10-14 11:14:00,13.52,13.52,13.52,13.52,105.0,BUR
2024-10-14 11:13:00,13.52,13.52,13.52,13.52,654.0,BUR
2024-10-14 11:12:00,13.53,13.53,13.53,13.53,263.0,BUR
2024-10-14 11:11:00,13.52,13.52,13.52,13.52,166.0,BUR
2024-10-14 11:10:00,13.51,13.53,13.51,13.53,1751.0,BUR
2024-10-14 11:09:00,13.5,13.5,13.5,13.5,100.0,BUR
2024-10-14 11:08:00,13.5,13.5,13.5,13.5,120.0,BUR
2024-10-14 11:07:00,13.48,13.48,13.48,13.48,101.0,BUR
2024-10-14 11:03:00,13.48,13.48,13.48,13.48,463.0,BUR
2024-10-14 11:02:00,13.48,13.48,13.48,13.48,1110.0,BUR
2024-10-14 11:01:00,13.47,13.47,13.47,13.47,230.0,BUR
2024-10-14 10:59:00,13.49,13.49,13.46,13.46,1537.0,BUR
2024-10-14 10:55:00,13.5,13.5,13.49,13.49,270.0,BUR
2024-10-14 10:54:00,13.49,13.49,13.49,13.49,860.0,BUR
2024-10-14 10:53:00,13.49,13.49,13.49,13.49,240.0,BUR
2024-10-14 10:52:00,13.48,13.48,13.48,13.48,189.0,BUR
2024-10-14 10:48:00,13.47,13.47,13.47,13.47,109.0,BUR
2024-10-14 10:44:00,13.48,13.48,13.48,13.48,369.0,BUR
2024-10-14 10:42:00,13.4799,13.4799,13.4799,13.4799,829.0,BUR
2024-10-14 10:40:00,13.46,13.47,13.46,13.47,314.0,BUR
2024-10-14 10:39:00,13.48,13.485,13.4797,13.48,4275.0,BUR
2024-10-14 10:37:00,13.46,13.47,13.46,13.47,2949.0,BUR
2024-10-14 10:36:00,13.46,13.46,13.46,13.46,100.0,BUR
2024-10-14 10:33:00,13.47,13.47,13.47,13.47,104.0,BUR
2024-10-14 10:32:00,13.45,13.45,13.45,13.45,158.0,BUR
2024-10-14 10:31:00,13.46,13.46,13.4506,13.4506,2000.0,BUR
2024-10-14 10:28:00,13.45,13.45,13.45,13.45,104.0,BUR
2024-10-14 10:25:00,13.46,13.46,13.46,13.46,828.0,BUR
2024-10-14 10:24:00,13.47,13.47,13.47,13.47,121.0,BUR
2024-10-14 10:21:00,13.45,13.45,13.45,13.45,136.0,BUR
2024-10-14 10:19:00,13.45,13.45,13.45,13.45,249.0,BUR
2024-10-14 10:17:00,13.4343,13.45,13.4343,13.445,981.0,BUR
2024-10-14 10:13:00,13.46,13.46,13.42,13.46,2464.0,BUR
2024-10-14 10:09:00,13.46,13.46,13.45,13.45,947.0,BUR
2024-10-14 10:08:00,13.43,13.46,13.43,13.46,6289.0,BUR
2024-10-14 10:07:00,13.42,13.42,13.42,13.42,287.0,BUR
2024-10-14 10:06:00,13.42,13.42,13.42,13.42,118.0,BUR
2024-10-14 10:05:00,13.43,13.43,13.39,13.42,2320.0,BUR
2024-10-14 10:03:00,13.42,13.43,13.42,13.43,669.0,BUR
2024-10-14 10:02:00,13.41,13.41,13.41,13.41,370.0,BUR
2024-10-14 10:01:00,13.37,13.37,13.37,13.37,421.0,BUR
2024-10-14 10:00:00,13.37,13.3799,13.37,13.37,2043.0,BUR
2024-10-14 09:59:00,13.38,13.38,13.38,13.38,239.0,BUR
2024-10-14 09:58:00,13.3699,13.3699,13.365,13.365,8337.0,BUR
2024-10-14 09:57:00,13.35,13.35,13.35,13.35,105.0,BUR
2024-10-14 09:56:00,13.37,13.37,13.37,13.37,348.0,BUR
2024-10-14 09:53:00,13.34,13.36,13.34,13.36,1939.0,BUR
2024-10-14 09:49:00,13.35,13.35,13.35,13.35,113.0,BUR
2024-10-14 09:48:00,13.34,13.34,13.34,13.34,279.0,BUR
2024-10-14 09:46:00,13.32,13.32,13.32,13.32,368.0,BUR
2024-10-14 09:44:00,13.3,13.31,13.3,13.31,727.0,BUR
2024-10-14 09:43:00,13.29,13.29,13.29,13.29,126.0,BUR
2024-10-14 09:42:00,13.29,13.29,13.28,13.28,278.0,BUR
2024-10-14 09:36:00,13.3,13.3,13.3,13.3,478.0,BUR
2024-10-14 09:35:00,13.3,13.3,13.3,13.3,190.0,BUR
2024-10-14 09:34:00,13.3029,13.3029,13.3029,13.3029,413.0,BUR
2024-10-14 09:30:00,13.36,13.36,13.36,13.36,3588.0,BUR
2024-10-14 08:48:00,13.45,13.45,13.45,13.45,1.0,BUR
2024-10-14 08:15:00,13.29,13.29,13.29,13.29,100.0,BUR
2024-10-14 07:06:00,13.3,13.3,13.3,13.3,100.0,BUR
2024-10-14 06:49:00,13.3,13.3,13.3,13.3,1.0,BUR
2024-10-14 06:46:00,13.29,13.29,13.29,13.29,50.0,BUR
2024-10-14 06:27:00,13.29,13.3,13.29,13.3,76.0,BUR
2024-10-14 05:23:00,13.33,13.33,13.33,13.33,200.0,BUR
2024-10-14 05:20:00,13.3,13.3,13.3,13.3,100.0,BUR
2024-10-14 04:45:00,13.32,13.33,13.32,13.32,316.0,BUR
2024-10-14 04:18:00,13.32,13.32,13.32,13.32,200.0,BUR
2024-10-14 04:02:00,13.35,13.36,13.35,13.36,300.0,BUR
2024-10-14 04:00:00,13.3,13.34,13.3,13.34,1045.0,BUR
2024-10-11 19:00:00,13.45,13.45,13.45,13.45,68812.0,BUR
2024-10-11 18:30:00,13.45,13.45,13.45,13.45,68812.0,BUR
2024-10-11 16:18:00,13.45,13.45,13.45,13.45,4.0,BUR
2024-10-11 16:10:00,13.45,13.45,13.45,13.45,68812.0,BUR
2024-10-11 16:01:00,13.49,13.49,13.45,13.45,197.0,BUR
2024-10-11 16:00:00,13.445,13.45,13.445,13.45,140348.0,BUR
2024-10-11 15:59:00,13.445,13.45,13.44,13.45,16691.0,BUR
2024-10-11 15:58:00,13.43,13.45,13.43,13.45,12427.0,BUR
2024-10-11 15:57:00,13.425,13.43,13.425,13.43,3549.0,BUR
2024-10-11 15:56:00,13.425,13.43,13.425,13.43,2856.0,BUR
2024-10-11 15:55:00,13.425,13.43,13.42,13.43,3247.0,BUR
2024-10-11 15:54:00,13.425,13.425,13.425,13.425,329.0,BUR
2024-10-11 15:53:00,13.43,13.43,13.425,13.425,663.0,BUR
2024-10-11 15:51:00,13.43,13.43,13.425,13.425,1635.0,BUR
2024-10-11 15:50:00,13.4292,13.43,13.425,13.425,3186.0,BUR
2024-10-11 15:49:00,13.43,13.43,13.43,13.43,198.0,BUR
2024-10-11 15:48:00,13.435,13.44,13.425,13.425,2564.0,BUR
2024-10-11 15:47:00,13.435,13.435,13.435,13.435,879.0,BUR
2024-10-11 15:46:00,13.44,13.44,13.44,13.44,269.0,BUR
2024-10-11 15:45:00,13.44,13.44,13.44,13.44,520.0,BUR
2024-10-11 15:44:00,13.44,13.44,13.44,13.44,244.0,BUR
2024-10-11 15:43:00,13.43,13.43,13.425,13.43,1624.0,BUR
2024-10-11 15:42:00,13.4324,13.44,13.42,13.42,3658.0,BUR
2024-10-11 15:41:00,13.44,13.44,13.44,13.44,594.0,BUR
2024-10-11 15:40:00,13.44,13.44,13.44,13.44,433.0,BUR
2024-10-11 15:38:00,13.4301,13.44,13.4301,13.44,448.0,BUR
2024-10-11 15:37:00,13.44,13.44,13.44,13.44,145.0,BUR
2024-10-11 15:35:00,13.445,13.445,13.435,13.435,910.0,BUR
2024-10-11 15:33:00,13.44,13.44,13.43,13.44,3511.0,BUR
2024-10-11 15:29:00,13.43,13.43,13.43,13.43,1691.0,BUR
2024-10-11 15:28:00,13.44,13.44,13.44,13.44,795.0,BUR
2024-10-11 15:24:00,13.44,13.44,13.44,13.44,217.0,BUR
2024-10-11 15:23:00,13.44,13.44,13.44,13.44,302.0,BUR
2024-10-11 15:22:00,13.44,13.44,13.44,13.44,229.0,BUR
2024-10-11 15:21:00,13.44,13.44,13.44,13.44,136.0,BUR
2024-10-11 15:20:00,13.44,13.44,13.44,13.44,2117.0,BUR
2024-10-11 15:18:00,13.43,13.43,13.43,13.43,993.0,BUR
2024-10-11 15:15:00,13.42,13.42,13.42,13.42,530.0,BUR
2024-10-11 15:14:00,13.42,13.42,13.42,13.42,248.0,BUR
2024-10-11 15:13:00,13.42,13.42,13.42,13.42,451.0,BUR
2024-10-11 15:12:00,13.42,13.42,13.42,13.42,128.0,BUR
2024-10-11 15:08:00,13.42,13.42,13.42,13.42,709.0,BUR
2024-10-11 15:06:00,13.42,13.42,13.42,13.42,1448.0,BUR
2024-10-11 15:03:00,13.41,13.41,13.41,13.41,218.0,BUR
2024-10-11 15:01:00,13.409,13.409,13.409,13.409,171.0,BUR
2024-10-11 15:00:00,13.42,13.42,13.41,13.41,1547.0,BUR
2024-10-11 14:59:00,13.43,13.43,13.43,13.43,608.0,BUR
2024-10-11 14:58:00,13.44,13.44,13.43,13.4301,5233.0,BUR
2024-10-11 14:56:00,13.44,13.44,13.44,13.44,164.0,BUR
2024-10-11 14:55:00,13.4499,13.4499,13.44,13.44,633.0,BUR
2024-10-11 14:53:00,13.44,13.44,13.44,13.44,1661.0,BUR
2024-10-11 14:52:00,13.4499,13.4499,13.4499,13.4499,190.0,BUR
2024-10-11 14:51:00,13.445,13.445,13.445,13.445,120.0,BUR
2024-10-11 14:50:00,13.45,13.45,13.45,13.45,774.0,BUR
2024-10-11 14:48:00,13.45,13.45,13.45,13.45,3520.0,BUR
2024-10-11 14:47:00,13.44,13.45,13.44,13.45,5526.0,BUR
2024-10-11 14:45:00,13.43,13.43,13.43,13.43,290.0,BUR
2024-10-11 14:43:00,13.43,13.43,13.43,13.43,118.0,BUR
2024-10-11 14:42:00,13.44,13.44,13.44,13.44,124.0,BUR
2024-10-11 14:40:00,13.43,13.43,13.43,13.43,229.0,BUR
2024-10-11 14:39:00,13.44,13.44,13.44,13.44,118.0,BUR
2024-10-11 14:38:00,13.43,13.43,13.43,13.43,649.0,BUR
2024-10-11 14:36:00,13.43,13.43,13.43,13.43,261.0,BUR
2024-10-11 14:34:00,13.435,13.439,13.43,13.43,2630.0,BUR
2024-10-11 14:31:00,13.43,13.43,13.43,13.43,553.0,BUR
2024-10-11 14:30:00,13.42,13.42,13.42,13.42,2571.0,BUR
2024-10-11 14:26:00,13.42,13.42,13.42,13.42,4181.0,BUR
2024-10-11 14:24:00,13.41,13.42,13.41,13.42,3615.0,BUR
2024-10-11 14:22:00,13.405,13.405,13.405,13.405,262.0,BUR
2024-10-11 14:21:00,13.4,13.401,13.4,13.401,933.0,BUR
2024-10-11 14:20:00,13.41,13.41,13.41,13.41,133.0,BUR
2024-10-11 14:19:00,13.4028,13.4028,13.4028,13.4028,121.0,BUR
2024-10-11 14:18:00,13.41,13.41,13.41,13.41,255.0,BUR
2024-10-11 14:11:00,13.405,13.41,13.405,13.405,1159.0,BUR
2024-10-11 14:10:00,13.405,13.405,13.405,13.405,240.0,BUR
2024-10-11 14:08:00,13.4,13.4,13.4,13.4,212.0,BUR
2024-10-11 14:06:00,13.4,13.4,13.4,13.4,164.0,BUR
2024-10-11 14:05:00,13.405,13.405,13.405,13.405,316.0,BUR
2024-10-11 14:04:00,13.41,13.41,13.41,13.41,759.0,BUR
2024-10-11 14:03:00,13.425,13.43,13.42,13.42,3472.0,BUR
2024-10-11 14:00:00,13.43,13.43,13.43,13.43,215.0,BUR
2024-10-11 13:56:00,13.43,13.43,13.425,13.425,210.0,BUR
2024-10-11 13:53:00,13.44,13.44,13.44,13.44,192.0,BUR
2024-10-11 13:50:00,13.43,13.43,13.43,13.43,120.0,BUR
2024-10-11 13:49:00,13.42,13.42,13.42,13.42,525.0,BUR
2024-10-11 13:47:00,13.42,13.42,13.42,13.42,136.0,BUR
2024-10-11 13:45:00,13.4057,13.4057,13.4057,13.4057,211.0,BUR
2024-10-11 13:42:00,13.42,13.42,13.405,13.405,726.0,BUR
2024-10-11 13:40:00,13.42,13.42,13.42,13.42,133.0,BUR
2024-10-11 13:36:00,13.43,13.43,13.43,13.43,280.0,BUR
2024-10-11 13:35:00,13.42,13.42,13.42,13.42,337.0,BUR
2024-10-11 13:34:00,13.42,13.4209,13.42,13.4209,6956.0,BUR
2024-10-11 13:33:00,13.42,13.42,13.42,13.42,127.0,BUR
2024-10-11 13:30:00,13.42,13.42,13.42,13.42,887.0,BUR
2024-10-11 13:29:00,13.43,13.43,13.43,13.43,188.0,BUR
2024-10-11 13:27:00,13.43,13.43,13.43,13.43,1120.0,BUR
2024-10-11 13:24:00,13.43,13.43,13.43,13.43,120.0,BUR
2024-10-11 13:22:00,13.42,13.42,13.42,13.42,243.0,BUR
2024-10-11 13:19:00,13.4,13.4,13.4,13.4,426.0,BUR
2024-10-11 13:18:00,13.4,13.4,13.4,13.4,117.0,BUR
2024-10-11 13:16:00,13.39,13.39,13.39,13.39,698.0,BUR
2024-10-11 13:14:00,13.39,13.39,13.39,13.39,308.0,BUR
2024-10-11 13:11:00,13.41,13.41,13.41,13.41,204.0,BUR
2024-10-11 13:09:00,13.425,13.425,13.42,13.42,305.0,BUR
2024-10-11 13:06:00,13.44,13.44,13.44,13.44,301.0,BUR
2024-10-11 13:05:00,13.43,13.43,13.43,13.43,111.0,BUR
2024-10-11 13:04:00,13.44,13.44,13.44,13.44,121.0,BUR
2024-10-11 13:03:00,13.44,13.44,13.44,13.44,299.0,BUR
2024-10-11 13:02:00,13.44,13.45,13.43,13.43,3208.0,BUR
2024-10-11 13:00:00,13.44,13.44,13.44,13.44,124.0,BUR
2024-10-11 12:55:00,13.43,13.43,13.43,13.43,124.0,BUR
2024-10-11 12:54:00,13.44,13.44,13.43,13.439,1643.0,BUR
2024-10-11 12:52:00,13.45,13.45,13.44,13.44,1670.0,BUR
2024-10-11 12:51:00,13.43,13.43,13.43,13.43,500.0,BUR
2024-10-11 12:48:00,13.43,13.43,13.43,13.43,217.0,BUR
2024-10-11 12:45:00,13.42,13.43,13.42,13.43,456.0,BUR
2024-10-11 12:44:00,13.43,13.43,13.43,13.43,138.0,BUR
2024-10-11 12:41:00,13.43,13.43,13.43,13.43,120.0,BUR
2024-10-11 12:38:00,13.42,13.43,13.42,13.43,1573.0,BUR
2024-10-11 12:34:00,13.41,13.42,13.41,13.42,698.0,BUR
2024-10-11 12:27:00,13.41,13.41,13.41,13.41,653.0,BUR
2024-10-11 12:26:00,13.415,13.415,13.415,13.415,524.0,BUR
2024-10-11 12:23:00,13.41,13.41,13.41,13.41,426.0,BUR
2024-10-11 12:22:00,13.4207,13.4207,13.41,13.41,1206.0,BUR
2024-10-11 12:21:00,13.41,13.41,13.41,13.41,441.0,BUR
2024-10-11 12:19:00,13.41,13.41,13.41,13.41,710.0,BUR
2024-10-11 12:18:00,13.395,13.4,13.39,13.4,1185.0,BUR
2024-10-11 12:17:00,13.38,13.4,13.38,13.395,911.0,BUR
2024-10-11 12:15:00,13.375,13.375,13.37,13.37,971.0,BUR
2024-10-11 12:14:00,13.37,13.375,13.37,13.375,413.0,BUR
2024-10-11 12:13:00,13.365,13.37,13.365,13.37,605.0,BUR
2024-10-11 12:12:00,13.31,13.34,13.31,13.34,7296.0,BUR
2024-10-11 12:11:00,13.31,13.31,13.31,13.31,138.0,BUR
2024-10-11 12:10:00,13.31,13.31,13.31,13.31,456.0,BUR
2024-10-11 12:09:00,13.31,13.31,13.31,13.31,136.0,BUR
2024-10-11 12:08:00,13.31,13.31,13.31,13.31,358.0,BUR
2024-10-11 12:07:00,13.31,13.31,13.31,13.31,137.0,BUR
2024-10-11 12:06:00,13.32,13.32,13.32,13.32,694.0,BUR
2024-10-11 12:04:00,13.31,13.31,13.31,13.31,141.0,BUR
2024-10-11 12:02:00,13.31,13.31,13.31,13.31,1213.0,BUR
2024-10-11 12:01:00,13.315,13.315,13.315,13.315,148.0,BUR
2024-10-11 11:56:00,13.315,13.32,13.315,13.32,1461.0,BUR
2024-10-11 11:55:00,13.29,13.32,13.29,13.32,24074.0,BUR
2024-10-11 11:54:00,13.29,13.29,13.29,13.29,9708.0,BUR
2024-10-11 11:52:00,13.29,13.29,13.29,13.29,1838.0,BUR
2024-10-11 11:51:00,13.29,13.29,13.29,13.29,307.0,BUR
2024-10-11 11:50:00,13.29,13.29,13.29,13.29,4144.0,BUR
2024-10-11 11:49:00,13.29,13.29,13.29,13.29,1040.0,BUR
2024-10-11 11:48:00,13.29,13.29,13.29,13.29,1309.0,BUR
2024-10-11 11:47:00,13.28,13.285,13.28,13.285,998.0,BUR
2024-10-11 11:45:00,13.29,13.29,13.29,13.29,1744.0,BUR
2024-10-11 11:42:00,13.29,13.29,13.29,13.29,612.0,BUR
2024-10-11 11:41:00,13.29,13.29,13.29,13.29,2991.0,BUR
2024-10-11 11:39:00,13.28,13.29,13.28,13.29,1073.0,BUR
2024-10-11 11:38:00,13.285,13.285,13.285,13.285,1587.0,BUR
2024-10-11 11:37:00,13.285,13.285,13.285,13.285,141.0,BUR
2024-10-11 11:36:00,13.28,13.29,13.28,13.29,477.0,BUR
2024-10-11 11:34:00,13.28,13.28,13.27,13.28,973.0,BUR
2024-10-11 11:32:00,13.28,13.28,13.28,13.28,515.0,BUR
2024-10-11 11:30:00,13.27,13.28,13.27,13.28,372.0,BUR
2024-10-11 11:29:00,13.27,13.275,13.27,13.275,1326.0,BUR
2024-10-11 11:27:00,13.28,13.28,13.28,13.28,226.0,BUR
2024-10-11 11:26:00,13.28,13.28,13.28,13.28,130.0,BUR
2024-10-11 11:25:00,13.28,13.28,13.28,13.28,226.0,BUR
2024-10-11 11:22:00,13.28,13.28,13.28,13.28,284.0,BUR
2024-10-11 11:21:00,13.285,13.285,13.28,13.28,2826.0,BUR
2024-10-11 11:20:00,13.29,13.29,13.29,13.29,3383.0,BUR
2024-10-11 11:19:00,13.3,13.3,13.28,13.28,1138.0,BUR
2024-10-11 11:18:00,13.295,13.295,13.295,13.295,548.0,BUR
2024-10-11 11:17:00,13.3,13.3,13.3,13.3,1161.0,BUR
2024-10-11 11:16:00,13.3,13.3,13.29,13.29,2117.0,BUR
2024-10-11 11:15:00,13.3,13.31,13.29,13.29,6431.0,BUR
2024-10-11 11:14:00,13.29,13.3,13.29,13.29,1477.0,BUR
2024-10-11 11:13:00,13.3,13.3,13.27,13.29,5052.0,BUR
2024-10-11 11:11:00,13.29,13.3,13.29,13.3,1367.0,BUR
2024-10-11 11:10:00,13.3,13.31,13.27,13.27,6528.0,BUR
2024-10-11 11:09:00,13.318,13.318,13.318,13.318,214.0,BUR
2024-10-11 11:08:00,13.31,13.31,13.31,13.31,373.0,BUR
2024-10-11 11:07:00,13.31,13.31,13.305,13.305,923.0,BUR
2024-10-11 11:06:00,13.32,13.32,13.31,13.31,1374.0,BUR
2024-10-11 11:05:00,13.32,13.32,13.32,13.32,474.0,BUR
2024-10-11 11:04:00,13.32,13.32,13.32,13.32,526.0,BUR
2024-10-11 11:02:00,13.32,13.32,13.32,13.32,169.0,BUR
2024-10-11 11:01:00,13.32,13.32,13.32,13.32,151.0,BUR
2024-10-11 11:00:00,13.32,13.32,13.32,13.32,287.0,BUR
2024-10-11 10:58:00,13.32,13.32,13.32,13.32,133.0,BUR
2024-10-11 10:55:00,13.3,13.31,13.3,13.31,768.0,BUR
2024-10-11 10:50:00,13.3,13.3,13.3,13.3,164.0,BUR
2024-10-11 10:49:00,13.3,13.32,13.3,13.32,1497.0,BUR
2024-10-11 10:48:00,13.3,13.3,13.26,13.29,5449.0,BUR
2024-10-11 10:47:00,13.31,13.31,13.31,13.31,144.0,BUR
2024-10-11 10:45:00,13.31,13.31,13.31,13.31,783.0,BUR
2024-10-11 10:43:00,13.32,13.32,13.32,13.32,616.0,BUR
2024-10-11 10:42:00,13.31,13.315,13.31,13.31,584.0,BUR
2024-10-11 10:41:00,13.32,13.33,13.31,13.31,2099.0,BUR
2024-10-11 10:40:00,13.3,13.32,13.3,13.32,2346.0,BUR
2024-10-11 10:38:00,13.29,13.29,13.29,13.29,143.0,BUR
2024-10-11 10:37:00,13.29,13.3,13.27,13.28,3482.0,BUR
2024-10-11 10:36:00,13.3,13.3,13.3,13.3,390.0,BUR
2024-10-11 10:35:00,13.3,13.3,13.3,13.3,421.0,BUR
2024-10-11 10:34:00,13.3,13.3,13.3,13.3,1147.0,BUR
2024-10-11 10:32:00,13.29,13.29,13.29,13.29,147.0,BUR
2024-10-11 10:31:00,13.289,13.289,13.289,13.289,516.0,BUR
2024-10-11 10:30:00,13.3,13.3,13.3,13.3,269.0,BUR
2024-10-11 10:29:00,13.29,13.29,13.29,13.29,439.0,BUR
2024-10-11 10:28:00,13.29,13.29,13.29,13.29,574.0,BUR
2024-10-11 10:27:00,13.29,13.29,13.28,13.28,559.0,BUR
2024-10-11 10:26:00,13.29,13.29,13.29,13.29,149.0,BUR
2024-10-11 10:25:00,13.29,13.29,13.29,13.29,224.0,BUR
2024-10-11 10:21:00,13.28,13.28,13.26,13.275,2480.0,BUR
2024-10-11 10:15:00,13.3,13.3,13.3,13.3,119.0,BUR
2024-10-11 10:13:00,13.25,13.26,13.25,13.26,1983.0,BUR
2024-10-11 10:12:00,13.25,13.25,13.25,13.25,159.0,BUR
2024-10-11 10:11:00,13.25,13.255,13.24,13.24,1788.0,BUR
2024-10-11 10:10:00,13.24,13.25,13.24,13.245,4740.0,BUR
2024-10-11 10:09:00,13.27,13.27,13.24,13.25,2330.0,BUR
2024-10-11 10:08:00,13.27,13.28,13.27,13.27,723.0,BUR
2024-10-11 10:07:00,13.28,13.28,13.27,13.27,463.0,BUR
2024-10-11 10:06:00,13.27,13.28,13.27,13.27,2098.0,BUR
2024-10-11 10:05:00,13.27,13.28,13.27,13.28,2619.0,BUR
2024-10-11 10:03:00,13.26,13.26,13.26,13.26,128.0,BUR
2024-10-11 10:02:00,13.25,13.26,13.25,13.26,1016.0,BUR
2024-10-11 10:01:00,13.25,13.25,13.25,13.25,553.0,BUR
2024-10-11 10:00:00,13.23,13.24,13.23,13.24,1187.0,BUR
2024-10-11 09:59:00,13.245,13.245,13.245,13.245,179.0,BUR
2024-10-11 09:57:00,13.23,13.245,13.23,13.245,339.0,BUR
2024-10-11 09:56:00,13.23,13.24,13.23,13.24,337.0,BUR
2024-10-11 09:55:00,13.27,13.27,13.24,13.24,1932.0,BUR
2024-10-11 09:53:00,13.25,13.27,13.25,13.27,3340.0,BUR
2024-10-11 09:52:00,13.26,13.26,13.26,13.26,1364.0,BUR
2024-10-11 09:51:00,13.26,13.27,13.26,13.27,410.0,BUR
2024-10-11 09:48:00,13.24,13.255,13.24,13.255,225.0,BUR
2024-10-11 09:46:00,13.26,13.26,13.26,13.26,125.0,BUR
2024-10-11 09:45:00,13.25,13.265,13.25,13.25,1297.0,BUR
2024-10-11 09:44:00,13.25,13.26,13.25,13.26,728.0,BUR
2024-10-11 09:43:00,13.25,13.265,13.25,13.26,686.0,BUR
2024-10-11 09:38:00,13.24,13.244,13.24,13.244,2293.0,BUR
2024-10-11 09:37:00,13.26,13.26,13.26,13.26,188.0,BUR
2024-10-11 09:36:00,13.23,13.26,13.23,13.23,4063.0,BUR
2024-10-11 09:34:00,13.24,13.24,13.24,13.24,133.0,BUR
2024-10-11 09:33:00,13.23,13.23,13.23,13.23,145.0,BUR
2024-10-11 09:32:00,13.19,13.19,13.165,13.19,675.0,BUR
2024-10-11 09:31:00,13.19,13.19,13.19,13.19,124.0,BUR
2024-10-11 09:30:00,13.11,13.18,13.08,13.18,9802.0,BUR
2024-10-11 08:31:00,13.18,13.2,13.18,13.2,600.0,BUR
2024-10-11 08:30:00,13.18,13.18,13.18,13.18,978.0,BUR
2024-10-11 08:24:00,12.95,12.95,12.95,12.95,1.0,BUR
2024-10-11 07:06:00,13.16,13.16,13.16,13.16,100.0,BUR
2024-10-11 07:05:00,13.14,13.15,13.08,13.11,1640.0,BUR
2024-10-11 07:01:00,13.13,13.14,13.13,13.14,815.0,BUR
2024-10-11 06:54:00,13.09,13.1,13.09,13.1,152.0,BUR
2024-10-11 06:32:00,13.08,13.08,13.08,13.08,50.0,BUR
2024-10-11 06:06:00,13.11,13.11,13.11,13.11,1.0,BUR
2024-10-11 05:12:00,13.15,13.15,13.15,13.15,200.0,BUR
2024-10-11 04:27:00,13.2,13.21,13.2,13.21,757.0,BUR
2024-10-10 19:00:00,13.29,13.29,13.29,13.29,64186.0,BUR
2024-10-10 18:30:00,13.29,13.29,13.29,13.29,64186.0,BUR
2024-10-10 17:03:00,13.29,13.29,13.29,13.29,205.0,BUR
2024-10-10 16:10:00,13.29,13.29,13.29,13.29,64186.0,BUR
2024-10-10 16:02:00,13.29,13.29,13.29,13.29,1312.0,BUR
2024-10-10 16:01:00,13.29,13.29,13.29,13.29,3412.0,BUR
2024-10-10 16:00:00,13.295,13.31,13.29,13.29,132297.0,BUR
2024-10-10 15:59:00,13.295,13.31,13.28,13.295,12434.0,BUR
2024-10-10 15:58:00,13.285,13.295,13.285,13.295,4423.0,BUR
2024-10-10 15:57:00,13.29,13.29,13.285,13.285,1130.0,BUR
2024-10-10 15:56:00,13.29,13.29,13.285,13.285,996.0,BUR
2024-10-10 15:55:00,13.285,13.29,13.28,13.285,1895.0,BUR
2024-10-10 15:54:00,13.285,13.285,13.28,13.285,1130.0,BUR
2024-10-10 15:53:00,13.28,13.285,13.275,13.28,3039.0,BUR
2024-10-10 15:52:00,13.28,13.285,13.275,13.275,2573.0,BUR
2024-10-10 15:51:00,13.29,13.29,13.28,13.28,2285.0,BUR
2024-10-10 15:50:00,13.285,13.285,13.285,13.285,963.0,BUR
2024-10-10 15:49:00,13.29,13.295,13.29,13.295,1446.0,BUR
2024-10-10 15:48:00,13.29,13.29,13.29,13.29,287.0,BUR
2024-10-10 15:47:00,13.29,13.3,13.29,13.3,1378.0,BUR
2024-10-10 15:46:00,13.285,13.29,13.285,13.29,522.0,BUR
2024-10-10 15:44:00,13.29,13.29,13.29,13.29,490.0,BUR
2024-10-10 15:42:00,13.29,13.29,13.29,13.29,1255.0,BUR
2024-10-10 15:41:00,13.3,13.3,13.29,13.29,1242.0,BUR
2024-10-10 15:40:00,13.28,13.29,13.275,13.279,3030.0,BUR
2024-10-10 15:39:00,13.28,13.28,13.275,13.275,540.0,BUR
2024-10-10 15:38:00,13.27,13.28,13.27,13.28,700.0,BUR
2024-10-10 15:36:00,13.27,13.27,13.27,13.27,479.0,BUR
2024-10-10 15:34:00,13.28,13.28,13.27,13.27,1378.0,BUR
2024-10-10 15:32:00,13.29,13.29,13.29,13.29,447.0,BUR
2024-10-10 15:31:00,13.29,13.29,13.29,13.29,369.0,BUR
2024-10-10 15:30:00,13.29,13.29,13.28,13.28,419.0,BUR
2024-10-10 15:28:00,13.28,13.28,13.28,13.28,466.0,BUR
2024-10-10 15:27:00,13.27,13.28,13.27,13.28,318.0,BUR
2024-10-10 15:26:00,13.29,13.29,13.29,13.29,124.0,BUR
2024-10-10 15:24:00,13.29,13.29,13.28,13.28,891.0,BUR
2024-10-10 15:23:00,13.29,13.29,13.28,13.28,3495.0,BUR
2024-10-10 15:22:00,13.26,13.28,13.26,13.28,14341.0,BUR
2024-10-10 15:18:00,13.25,13.25,13.25,13.25,1305.0,BUR
2024-10-10 15:16:00,13.25,13.25,13.25,13.25,367.0,BUR
2024-10-10 15:14:00,13.26,13.26,13.25,13.26,1776.0,BUR
2024-10-10 15:12:00,13.24,13.25,13.24,13.25,1196.0,BUR
2024-10-10 15:10:00,13.2599,13.2599,13.24,13.24,389.0,BUR
2024-10-10 15:08:00,13.24,13.25,13.24,13.25,212.0,BUR
2024-10-10 15:07:00,13.25,13.25,13.25,13.25,285.0,BUR
2024-10-10 15:05:00,13.25,13.25,13.25,13.25,346.0,BUR
2024-10-10 15:04:00,13.25,13.25,13.25,13.25,354.0,BUR
2024-10-10 15:03:00,13.25,13.25,13.25,13.25,107.0,BUR
2024-10-10 15:01:00,13.245,13.245,13.245,13.245,418.0,BUR
2024-10-10 15:00:00,13.26,13.26,13.25,13.25,1586.0,BUR
2024-10-10 14:59:00,13.23,13.27,13.23,13.27,5317.0,BUR
2024-10-10 14:57:00,13.23,13.23,13.23,13.23,137.0,BUR
2024-10-10 14:50:00,13.225,13.23,13.22,13.22,2031.0,BUR
2024-10-10 14:47:00,13.22,13.23,13.22,13.23,871.0,BUR
2024-10-10 14:46:00,13.21,13.215,13.21,13.215,1379.0,BUR
2024-10-10 14:43:00,13.22,13.22,13.19,13.19,1484.0,BUR
2024-10-10 14:41:00,13.225,13.225,13.22,13.22,661.0,BUR
2024-10-10 14:39:00,13.224,13.224,13.224,13.224,379.0,BUR
2024-10-10 14:37:00,13.22,13.22,13.22,13.22,747.0,BUR
2024-10-10 14:36:00,13.22,13.225,13.22,13.22,981.0,BUR
2024-10-10 14:35:00,13.225,13.225,13.225,13.225,108.0,BUR
2024-10-10 14:34:00,13.23,13.23,13.23,13.23,345.0,BUR
2024-10-10 14:33:00,13.2293,13.2293,13.225,13.225,944.0,BUR
2024-10-10 14:32:00,13.22,13.22,13.22,13.22,128.0,BUR
2024-10-10 14:31:00,13.22,13.22,13.21,13.21,309.0,BUR
2024-10-10 14:29:00,13.23,13.23,13.23,13.23,419.0,BUR
2024-10-10 14:28:00,13.22,13.22,13.22,13.22,1969.0,BUR
2024-10-10 14:26:00,13.22,13.22,13.22,13.22,274.0,BUR
2024-10-10 14:25:00,13.245,13.245,13.23,13.23,747.0,BUR
2024-10-10 14:24:00,13.25,13.25,13.25,13.25,207.0,BUR
2024-10-10 14:18:00,13.24,13.24,13.24,13.24,692.0,BUR
2024-10-10 14:15:00,13.25,13.25,13.25,13.25,1207.0,BUR
2024-10-10 14:10:00,13.26,13.26,13.26,13.26,136.0,BUR
2024-10-10 14:07:00,13.26,13.26,13.26,13.26,325.0,BUR
2024-10-10 14:05:00,13.25,13.25,13.25,13.25,312.0,BUR
2024-10-10 14:04:00,13.26,13.26,13.26,13.26,202.0,BUR
2024-10-10 14:02:00,13.27,13.27,13.27,13.27,1036.0,BUR
2024-10-10 14:01:00,13.28,13.28,13.28,13.28,200.0,BUR
2024-10-10 13:58:00,13.27,13.29,13.27,13.29,2180.0,BUR
2024-10-10 13:57:00,13.25,13.25,13.25,13.25,1417.0,BUR
2024-10-10 13:55:00,13.25,13.25,13.25,13.25,102.0,BUR
2024-10-10 13:54:00,13.24,13.25,13.24,13.25,673.0,BUR
2024-10-10 13:52:00,13.23,13.23,13.225,13.225,424.0,BUR
2024-10-10 13:51:00,13.25,13.25,13.25,13.25,408.0,BUR
2024-10-10 13:50:00,13.25,13.25,13.25,13.25,129.0,BUR
2024-10-10 13:49:00,13.26,13.26,13.26,13.26,523.0,BUR
2024-10-10 13:47:00,13.28,13.28,13.28,13.28,1240.0,BUR
2024-10-10 13:46:00,13.28,13.28,13.28,13.28,2006.0,BUR
2024-10-10 13:37:00,13.29,13.29,13.29,13.29,107.0,BUR
2024-10-10 13:26:00,13.29,13.29,13.28,13.28,967.0,BUR
2024-10-10 13:25:00,13.295,13.295,13.295,13.295,227.0,BUR
2024-10-10 13:24:00,13.29,13.29,13.29,13.29,202.0,BUR
2024-10-10 13:23:00,13.3,13.3,13.3,13.3,383.0,BUR
2024-10-10 13:22:00,13.295,13.295,13.295,13.295,524.0,BUR
2024-10-10 13:21:00,13.295,13.295,13.295,13.295,179.0,BUR
2024-10-10 13:20:00,13.295,13.295,13.295,13.295,212.0,BUR
2024-10-10 13:19:00,13.27,13.3,13.27,13.3,6495.0,BUR
2024-10-10 13:18:00,13.26,13.26,13.26,13.26,979.0,BUR
2024-10-10 13:17:00,13.25,13.25,13.25,13.25,363.0,BUR
2024-10-10 13:16:00,13.25,13.25,13.25,13.25,690.0,BUR
2024-10-10 13:15:00,13.25,13.25,13.25,13.25,258.0,BUR
2024-10-10 13:14:00,13.25,13.25,13.25,13.25,314.0,BUR
2024-10-10 13:13:00,13.25,13.26,13.25,13.26,342.0,BUR
2024-10-10 13:12:00,13.25,13.25,13.25,13.25,314.0,BUR
2024-10-10 13:10:00,13.245,13.245,13.245,13.245,155.0,BUR
2024-10-10 13:09:00,13.245,13.245,13.245,13.245,1220.0,BUR
2024-10-10 13:07:00,13.245,13.245,13.245,13.245,198.0,BUR
2024-10-10 13:06:00,13.245,13.245,13.245,13.245,122.0,BUR
2024-10-10 13:04:00,13.245,13.245,13.245,13.245,158.0,BUR
2024-10-10 13:03:00,13.24,13.26,13.24,13.26,522.0,BUR
2024-10-10 13:02:00,13.245,13.245,13.245,13.245,277.0,BUR
2024-10-10 13:00:00,13.25,13.25,13.24,13.24,808.0,BUR
2024-10-10 12:59:00,13.26,13.27,13.26,13.27,473.0,BUR
2024-10-10 12:57:00,13.25,13.27,13.25,13.26,3207.0,BUR
2024-10-10 12:56:00,13.245,13.245,13.245,13.245,238.0,BUR
2024-10-10 12:53:00,13.23,13.24,13.23,13.24,209.0,BUR
2024-10-10 12:52:00,13.24,13.24,13.24,13.24,230.0,BUR
2024-10-10 12:51:00,13.24,13.24,13.24,13.24,208.0,BUR
2024-10-10 12:49:00,13.24,13.24,13.24,13.24,136.0,BUR
2024-10-10 12:47:00,13.245,13.245,13.245,13.245,248.0,BUR
2024-10-10 12:45:00,13.245,13.245,13.245,13.245,169.0,BUR
2024-10-10 12:44:00,13.26,13.26,13.26,13.26,1774.0,BUR
2024-10-10 12:43:00,13.27,13.27,13.26,13.2625,2332.0,BUR
2024-10-10 12:41:00,13.28,13.28,13.28,13.28,254.0,BUR
2024-10-10 12:40:00,13.28,13.29,13.28,13.29,271.0,BUR
2024-10-10 12:38:00,13.28,13.28,13.28,13.28,156.0,BUR
2024-10-10 12:36:00,13.28,13.29,13.265,13.285,2981.0,BUR
2024-10-10 12:34:00,13.26,13.26,13.26,13.26,1171.0,BUR
2024-10-10 12:32:00,13.26,13.26,13.255,13.255,366.0,BUR
2024-10-10 12:29:00,13.26,13.26,13.26,13.26,228.0,BUR
2024-10-10 12:28:00,13.245,13.25,13.245,13.25,1209.0,BUR
2024-10-10 12:27:00,13.24,13.24,13.24,13.24,370.0,BUR
2024-10-10 12:26:00,13.25,13.25,13.23,13.23,2937.0,BUR
2024-10-10 12:25:00,13.27,13.27,13.255,13.255,606.0,BUR
2024-10-10 12:24:00,13.27,13.27,13.26,13.26,381.0,BUR
2024-10-10 12:23:00,13.259,13.259,13.259,13.259,593.0,BUR
2024-10-10 12:22:00,13.26,13.26,13.26,13.26,153.0,BUR
2024-10-10 12:21:00,13.26,13.27,13.26,13.27,304.0,BUR
2024-10-10 12:20:00,13.27,13.27,13.2501,13.2501,3783.0,BUR
2024-10-10 12:19:00,13.26,13.26,13.26,13.26,2159.0,BUR
2024-10-10 12:18:00,13.26,13.26,13.25,13.25,442.0,BUR
2024-10-10 12:17:00,13.26,13.26,13.26,13.26,1302.0,BUR
2024-10-10 12:16:00,13.235,13.235,13.235,13.235,1567.0,BUR
2024-10-10 12:15:00,13.235,13.235,13.235,13.235,103.0,BUR
2024-10-10 12:14:00,13.235,13.25,13.235,13.25,289.0,BUR
2024-10-10 12:12:00,13.23,13.235,13.23,13.235,548.0,BUR
2024-10-10 12:11:00,13.22,13.2212,13.21,13.21,1598.0,BUR
2024-10-10 12:09:00,13.21,13.215,13.21,13.215,542.0,BUR
2024-10-10 12:08:00,13.2107,13.215,13.21,13.215,606.0,BUR
2024-10-10 12:07:00,13.215,13.215,13.215,13.215,222.0,BUR
2024-10-10 12:04:00,13.22,13.22,13.22,13.22,308.0,BUR
2024-10-10 12:03:00,13.235,13.235,13.23,13.23,809.0,BUR
2024-10-10 12:02:00,13.235,13.235,13.235,13.235,207.0,BUR
2024-10-10 12:01:00,13.23,13.235,13.23,13.235,465.0,BUR
2024-10-10 12:00:00,13.22,13.22,13.22,13.22,251.0,BUR
2024-10-10 11:58:00,13.22,13.22,13.22,13.22,176.0,BUR
2024-10-10 11:57:00,13.22,13.22,13.22,13.22,354.0,BUR
2024-10-10 11:56:00,13.22,13.22,13.22,13.22,638.0,BUR
2024-10-10 11:55:00,13.215,13.215,13.215,13.215,169.0,BUR
2024-10-10 11:54:00,13.22,13.22,13.22,13.22,100.0,BUR
2024-10-10 11:52:00,13.22,13.22,13.22,13.22,132.0,BUR
2024-10-10 11:51:00,13.23,13.23,13.23,13.23,951.0,BUR
2024-10-10 11:49:00,13.24,13.25,13.24,13.25,242.0,BUR
2024-10-10 11:48:00,13.2316,13.24,13.2316,13.24,1012.0,BUR
2024-10-10 11:47:00,13.24,13.24,13.24,13.24,548.0,BUR
2024-10-10 11:41:00,13.23,13.24,13.23,13.24,301.0,BUR
2024-10-10 11:39:00,13.23,13.23,13.21,13.21,2754.0,BUR
2024-10-10 11:37:00,13.22,13.22,13.22,13.22,415.0,BUR
2024-10-10 11:36:00,13.225,13.225,13.21,13.21,2102.0,BUR
2024-10-10 11:31:00,13.23,13.23,13.23,13.23,313.0,BUR
2024-10-10 11:30:00,13.21,13.21,13.21,13.21,930.0,BUR
2024-10-10 11:26:00,13.2,13.21,13.2,13.21,228.0,BUR
2024-10-10 11:25:00,13.2,13.2,13.195,13.2,795.0,BUR
2024-10-10 11:22:00,13.19,13.2,13.18,13.19,1132.0,BUR
2024-10-10 11:21:00,13.2,13.2,13.2,13.2,525.0,BUR
2024-10-10 11:18:00,13.21,13.23,13.2,13.21,10629.0,BUR
2024-10-10 11:16:00,13.2,13.2,13.19,13.2,1059.0,BUR
2024-10-10 11:15:00,13.21,13.21,13.21,13.21,254.0,BUR
2024-10-10 11:14:00,13.21,13.21,13.205,13.21,994.0,BUR
2024-10-10 11:13:00,13.19,13.2,13.19,13.2,8629.0,BUR
2024-10-10 11:12:00,13.19,13.19,13.19,13.19,766.0,BUR
2024-10-10 11:11:00,13.18,13.18,13.18,13.18,100.0,BUR
2024-10-10 11:10:00,13.19,13.2,13.17,13.19,4757.0,BUR
2024-10-10 11:09:00,13.2,13.2,13.2,13.2,608.0,BUR
2024-10-10 11:07:00,13.21,13.21,13.19,13.19,1811.0,BUR
2024-10-10 11:06:00,13.2,13.2,13.19,13.2,2861.0,BUR
2024-10-10 11:05:00,13.205,13.21,13.2,13.21,470.0,BUR
2024-10-10 11:04:00,13.19,13.2,13.19,13.19,2532.0,BUR
2024-10-10 11:03:00,13.1899,13.1899,13.1899,13.1899,511.0,BUR
2024-10-10 11:01:00,13.19,13.19,13.19,13.19,322.0,BUR
2024-10-10 11:00:00,13.18,13.18,13.1705,13.1705,2455.0,BUR
2024-10-10 10:59:00,13.175,13.175,13.17,13.175,2179.0,BUR
2024-10-10 10:58:00,13.18,13.18,13.18,13.18,637.0,BUR
2024-10-10 10:57:00,13.17,13.18,13.17,13.18,1571.0,BUR
2024-10-10 10:56:00,13.165,13.165,13.165,13.165,111.0,BUR
2024-10-10 10:55:00,13.17,13.17,13.17,13.17,100.0,BUR
2024-10-10 10:54:00,13.18,13.18,13.16,13.17,5528.0,BUR
2024-10-10 10:53:00,13.175,13.175,13.175,13.175,211.0,BUR
2024-10-10 10:52:00,13.175,13.175,13.17,13.175,1065.0,BUR
2024-10-10 10:50:00,13.175,13.175,13.175,13.175,114.0,BUR
2024-10-10 10:49:00,13.17,13.17,13.16,13.17,2163.0,BUR
2024-10-10 10:48:00,13.18,13.18,13.18,13.18,383.0,BUR
2024-10-10 10:46:00,13.17,13.175,13.165,13.17,2902.0,BUR
2024-10-10 10:45:00,13.17,13.175,13.17,13.175,1741.0,BUR
2024-10-10 10:44:00,13.17,13.175,13.17,13.17,2160.0,BUR
2024-10-10 10:43:00,13.17,13.18,13.17,13.17,1110.0,BUR
2024-10-10 10:42:00,13.16,13.1696,13.16,13.16,984.0,BUR
2024-10-10 10:40:00,13.16,13.16,13.16,13.16,102.0,BUR
2024-10-10 10:39:00,13.16,13.16,13.16,13.16,248.0,BUR
2024-10-10 10:38:00,13.16,13.16,13.16,13.16,195.0,BUR
2024-10-10 10:35:00,13.16,13.16,13.16,13.16,271.0,BUR
2024-10-10 10:33:00,13.16,13.16,13.15,13.16,455.0,BUR
2024-10-10 10:32:00,13.165,13.165,13.15,13.15,386.0,BUR
2024-10-10 10:31:00,13.169,13.17,13.169,13.17,579.0,BUR
2024-10-10 10:30:00,13.17,13.17,13.17,13.17,216.0,BUR
2024-10-10 10:28:00,13.175,13.175,13.16,13.16,286.0,BUR
2024-10-10 10:27:00,13.17,13.18,13.17,13.17,1587.0,BUR
2024-10-10 10:26:00,13.18,13.18,13.17,13.17,866.0,BUR
2024-10-10 10:25:00,13.19,13.19,13.19,13.19,582.0,BUR
2024-10-10 10:24:00,13.19,13.19,13.19,13.19,967.0,BUR
2024-10-10 10:23:00,13.19,13.19,13.19,13.19,101.0,BUR
2024-10-10 10:22:00,13.19,13.19,13.18,13.18,299.0,BUR
2024-10-10 10:20:00,13.18,13.18,13.18,13.18,155.0,BUR
2024-10-10 10:19:00,13.19,13.19,13.19,13.19,140.0,BUR
2024-10-10 10:14:00,13.18,13.18,13.1701,13.1701,213.0,BUR
2024-10-10 10:12:00,13.2096,13.2096,13.18,13.18,1359.0,BUR
2024-10-10 10:10:00,13.18,13.18,13.18,13.18,552.0,BUR
2024-10-10 10:08:00,13.16,13.165,13.15,13.16,3742.0,BUR
2024-10-10 10:06:00,13.15,13.16,13.14,13.15,1677.0,BUR
2024-10-10 10:05:00,13.165,13.17,13.14,13.16,2104.0,BUR
2024-10-10 10:02:00,13.16,13.16,13.16,13.16,185.0,BUR
2024-10-10 10:01:00,13.15,13.15,13.15,13.15,101.0,BUR
2024-10-10 10:00:00,13.15,13.15,13.15,13.15,336.0,BUR
2024-10-10 09:58:00,13.16,13.18,13.14,13.14,3741.0,BUR
2024-10-10 09:57:00,13.13,13.13,13.13,13.13,325.0,BUR
2024-10-10 09:56:00,13.12,13.13,13.12,13.13,1907.0,BUR
2024-10-10 09:54:00,13.08,13.1,13.08,13.1,1310.0,BUR
2024-10-10 09:52:00,13.03,13.06,13.03,13.06,2246.0,BUR
2024-10-10 09:51:00,13.04,13.0791,13.04,13.06,4011.0,BUR
2024-10-10 09:50:00,13.04,13.05,13.04,13.04,875.0,BUR
2024-10-10 09:49:00,12.99,13.04,12.99,13.04,3505.0,BUR
2024-10-10 09:48:00,12.981,12.99,12.981,12.99,1261.0,BUR
2024-10-10 09:47:00,12.99,12.99,12.98,12.99,623.0,BUR
2024-10-10 09:46:00,13.0,13.0,13.0,13.0,651.0,BUR
2024-10-10 09:42:00,13.04,13.04,13.01,13.01,1475.0,BUR
2024-10-10 09:39:00,13.04,13.04,13.04,13.04,113.0,BUR
2024-10-10 09:36:00,13.05,13.07,13.04,13.05,2771.0,BUR
2024-10-10 09:34:00,13.07,13.07,13.06,13.06,1752.0,BUR
2024-10-10 09:33:00,13.11,13.11,13.08,13.08,1211.0,BUR
2024-10-10 09:32:00,13.125,13.125,13.125,13.125,634.0,BUR
2024-10-10 09:31:00,13.165,13.165,13.13,13.14,1765.0,BUR
2024-10-10 09:30:00,13.19,13.21,13.16,13.16,9217.0,BUR
2024-10-10 09:29:00,13.22,13.22,13.2,13.2,937.0,BUR
2024-10-10 09:28:00,13.24,13.24,13.23,13.23,378.0,BUR
2024-10-10 09:27:00,13.24,13.24,13.24,13.24,319.0,BUR
2024-10-10 09:08:00,13.24,13.24,13.24,13.24,200.0,BUR
2024-10-10 08:56:00,13.25,13.27,13.24,13.27,300.0,BUR
2024-10-10 08:52:00,13.21,13.21,13.2,13.21,1136.0,BUR
2024-10-10 08:45:00,13.18,13.18,13.17,13.17,779.0,BUR
2024-10-10 08:36:00,13.19,13.19,13.18,13.19,450.0,BUR
2024-10-10 06:42:00,13.24,13.24,13.24,13.24,150.0,BUR
2024-10-10 06:32:00,13.21,13.21,13.21,13.21,1.0,BUR
2024-10-10 05:17:00,13.12,13.13,13.12,13.13,350.0,BUR
2024-10-10 05:15:00,13.14,13.14,13.14,13.14,3.0,BUR
2024-10-10 04:50:00,13.15,13.15,13.14,13.14,500.0,BUR
2024-10-10 04:17:00,13.1,13.1,13.1,13.1,25.0,BUR
2024-10-10 04:04:00,13.13,13.13,13.13,13.13,200.0,BUR
2024-10-09 19:45:00,13.46,13.46,13.46,13.46,1.0,BUR
2024-10-09 19:00:00,13.25,13.25,13.25,13.25,48601.0,BUR
2024-10-09 18:53:00,13.05,13.05,13.05,13.05,5.0,BUR
2024-10-09 18:30:00,13.25,13.25,13.25,13.25,48601.0,BUR
2024-10-09 16:10:00,13.25,13.25,13.25,13.25,48601.0,BUR
2024-10-09 16:02:00,13.25,13.25,13.25,13.25,2.0,BUR
2024-10-09 16:01:00,13.25,13.25,13.25,13.25,3576.0,BUR
2024-10-09 16:00:00,13.25,13.25,13.25,13.25,102893.0,BUR
2024-10-09 15:59:00,13.255,13.26,13.24,13.25,11105.0,BUR
2024-10-09 15:58:00,13.275,13.275,13.25,13.26,18976.0,BUR
2024-10-09 15:57:00,13.27,13.275,13.26,13.27,13213.0,BUR
2024-10-09 15:56:00,13.255,13.275,13.255,13.26,9540.0,BUR
2024-10-09 15:55:00,13.2575,13.275,13.25,13.26,12033.0,BUR
2024-10-09 15:54:00,13.27,13.27,13.255,13.255,6510.0,BUR
2024-10-09 15:53:00,13.28,13.28,13.265,13.2692,6151.0,BUR
2024-10-09 15:52:00,13.27,13.28,13.2675,13.28,3823.0,BUR
2024-10-09 15:51:00,13.255,13.27,13.255,13.27,4891.0,BUR
2024-10-09 15:50:00,13.26,13.26,13.25,13.255,3583.0,BUR
2024-10-09 15:49:00,13.25,13.25,13.25,13.25,509.0,BUR
2024-10-09 15:48:00,13.255,13.255,13.245,13.25,2523.0,BUR
2024-10-09 15:47:00,13.27,13.275,13.255,13.255,4150.0,BUR
2024-10-09 15:46:00,13.265,13.265,13.265,13.265,366.0,BUR
2024-10-09 15:45:00,13.26,13.27,13.26,13.27,782.0,BUR
2024-10-09 15:44:00,13.275,13.28,13.26,13.27,4835.0,BUR
2024-10-09 15:43:00,13.275,13.28,13.275,13.275,1630.0,BUR
2024-10-09 15:42:00,13.2775,13.28,13.2775,13.28,1090.0,BUR
2024-10-09 15:41:00,13.28,13.28,13.275,13.28,1718.0,BUR
2024-10-09 15:40:00,13.275,13.275,13.275,13.275,384.0,BUR
2024-10-09 15:39:00,13.275,13.275,13.275,13.275,249.0,BUR
2024-10-09 15:38:00,13.28,13.285,13.275,13.28,3978.0,BUR
2024-10-09 15:37:00,13.28,13.28,13.277,13.277,350.0,BUR
2024-10-09 15:36:00,13.27,13.27,13.27,13.27,420.0,BUR
2024-10-09 15:35:00,13.27,13.27,13.27,13.27,1152.0,BUR
2024-10-09 15:34:00,13.285,13.285,13.275,13.275,2587.0,BUR
2024-10-09 15:33:00,13.28,13.29,13.28,13.287,863.0,BUR
2024-10-09 15:31:00,13.28,13.28,13.28,13.28,221.0,BUR
2024-10-09 15:30:00,13.29,13.3,13.29,13.29,4098.0,BUR
2024-10-09 15:29:00,13.285,13.29,13.285,13.287,937.0,BUR
2024-10-09 15:26:00,13.2775,13.29,13.2775,13.28,3186.0,BUR
2024-10-09 15:25:00,13.27,13.28,13.27,13.28,503.0,BUR
2024-10-09 15:24:00,13.27,13.27,13.27,13.27,384.0,BUR
2024-10-09 15:23:00,13.3,13.3,13.27,13.27,3724.0,BUR
2024-10-09 15:22:00,13.29,13.29,13.29,13.29,241.0,BUR
2024-10-09 15:21:00,13.29,13.29,13.29,13.29,181.0,BUR
2024-10-09 15:20:00,13.29,13.3,13.29,13.297,2840.0,BUR
2024-10-09 15:19:00,13.29,13.29,13.29,13.29,112.0,BUR
2024-10-09 15:18:00,13.2875,13.3,13.2875,13.29,2543.0,BUR
2024-10-09 15:17:00,13.285,13.285,13.285,13.285,266.0,BUR
2024-10-09 15:16:00,13.28,13.28,13.28,13.28,506.0,BUR
2024-10-09 15:15:00,13.28,13.28,13.28,13.28,274.0,BUR
2024-10-09 15:14:00,13.28,13.28,13.27,13.27,597.0,BUR
2024-10-09 15:13:00,13.285,13.29,13.28,13.285,999.0,BUR
2024-10-09 15:12:00,13.285,13.285,13.285,13.285,475.0,BUR
2024-10-09 15:11:00,13.28,13.29,13.28,13.285,3402.0,BUR
2024-10-09 15:10:00,13.29,13.29,13.29,13.29,1443.0,BUR
2024-10-09 15:09:00,13.29,13.29,13.285,13.285,393.0,BUR
2024-10-09 15:08:00,13.29,13.3,13.29,13.29,3300.0,BUR
2024-10-09 15:07:00,13.28,13.29,13.27,13.28,1779.0,BUR
2024-10-09 15:06:00,13.29,13.29,13.279,13.28,1461.0,BUR
2024-10-09 15:05:00,13.28,13.28,13.2654,13.2654,462.0,BUR
2024-10-09 15:04:00,13.275,13.29,13.275,13.29,1229.0,BUR
2024-10-09 15:03:00,13.2721,13.28,13.27,13.27,1445.0,BUR
2024-10-09 15:02:00,13.275,13.29,13.275,13.28,1678.0,BUR
2024-10-09 15:01:00,13.275,13.275,13.275,13.275,130.0,BUR
2024-10-09 15:00:00,13.27,13.27,13.27,13.27,1484.0,BUR
2024-10-09 14:59:00,13.26,13.26,13.26,13.26,1037.0,BUR
2024-10-09 14:58:00,13.24,13.26,13.24,13.26,1643.0,BUR
2024-10-09 14:55:00,13.27,13.28,13.24,13.24,2252.0,BUR
2024-10-09 14:53:00,13.27,13.27,13.27,13.27,833.0,BUR
2024-10-09 14:52:00,13.2438,13.2438,13.2438,13.2438,1007.0,BUR
2024-10-09 14:51:00,13.27,13.27,13.27,13.27,131.0,BUR
2024-10-09 14:50:00,13.26,13.26,13.25,13.25,1753.0,BUR
2024-10-09 14:49:00,13.26,13.27,13.26,13.27,1841.0,BUR
2024-10-09 14:47:00,13.25,13.26,13.25,13.2579,420.0,BUR
2024-10-09 14:46:00,13.25,13.25,13.25,13.25,120.0,BUR
2024-10-09 14:45:00,13.255,13.255,13.25,13.25,1223.0,BUR
2024-10-09 14:44:00,13.25,13.25,13.25,13.25,437.0,BUR
2024-10-09 14:43:00,13.25,13.25,13.245,13.245,1686.0,BUR
2024-10-09 14:42:00,13.235,13.235,13.235,13.235,384.0,BUR
2024-10-09 14:41:00,13.24,13.24,13.24,13.24,103.0,BUR
2024-10-09 14:39:00,13.23,13.24,13.23,13.24,1898.0,BUR
2024-10-09 14:37:00,13.23,13.23,13.2275,13.2275,277.0,BUR
2024-10-09 14:36:00,13.22,13.22,13.22,13.22,787.0,BUR
2024-10-09 14:33:00,13.23,13.23,13.22,13.22,1175.0,BUR
2024-10-09 14:30:00,13.23,13.23,13.23,13.23,142.0,BUR
2024-10-09 14:28:00,13.23,13.24,13.23,13.235,1792.0,BUR
2024-10-09 14:26:00,13.23,13.23,13.22,13.22,375.0,BUR
2024-10-09 14:25:00,13.22,13.22,13.22,13.22,210.0,BUR
2024-10-09 14:21:00,13.22,13.22,13.22,13.22,255.0,BUR
2024-10-09 14:20:00,13.2314,13.2314,13.2314,13.2314,578.0,BUR
2024-10-09 14:18:00,13.24,13.24,13.23,13.23,725.0,BUR
2024-10-09 14:13:00,13.26,13.26,13.26,13.26,217.0,BUR
2024-10-09 14:11:00,13.26,13.26,13.26,13.26,319.0,BUR
2024-10-09 14:10:00,13.27,13.27,13.27,13.27,374.0,BUR
2024-10-09 14:09:00,13.28,13.28,13.28,13.28,500.0,BUR
2024-10-09 14:08:00,13.27,13.29,13.27,13.285,1182.0,BUR
2024-10-09 14:07:00,13.27,13.27,13.27,13.27,114.0,BUR
2024-10-09 14:04:00,13.26,13.26,13.26,13.26,504.0,BUR
2024-10-09 14:03:00,13.26,13.26,13.26,13.26,194.0,BUR
2024-10-09 13:55:00,13.26,13.26,13.26,13.26,101.0,BUR
2024-10-09 13:53:00,13.274,13.274,13.25,13.26,1768.0,BUR
2024-10-09 13:52:00,13.28,13.28,13.28,13.28,604.0,BUR
2024-10-09 13:49:00,13.28,13.28,13.28,13.28,292.0,BUR
2024-10-09 13:48:00,13.28,13.28,13.28,13.28,688.0,BUR
2024-10-09 13:47:00,13.2801,13.2801,13.2801,13.2801,713.0,BUR
2024-10-09 13:44:00,13.29,13.29,13.29,13.29,135.0,BUR
2024-10-09 13:43:00,13.29,13.295,13.28,13.28,1193.0,BUR
2024-10-09 13:40:00,13.28,13.29,13.28,13.29,777.0,BUR
2024-10-09 13:38:00,13.285,13.3,13.285,13.3,859.0,BUR
2024-10-09 13:32:00,13.3,13.3,13.3,13.3,209.0,BUR
2024-10-09 13:30:00,13.28,13.3,13.28,13.3,572.0,BUR
2024-10-09 13:29:00,13.27,13.27,13.27,13.27,173.0,BUR
2024-10-09 13:28:00,13.285,13.285,13.285,13.285,549.0,BUR
2024-10-09 13:27:00,13.28,13.2857,13.28,13.2857,944.0,BUR
2024-10-09 13:26:00,13.29,13.3,13.29,13.3,9415.0,BUR
2024-10-09 13:25:00,13.28,13.28,13.28,13.28,300.0,BUR
2024-10-09 13:24:00,13.26,13.28,13.26,13.275,2916.0,BUR
2024-10-09 13:22:00,13.25,13.25,13.25,13.25,1383.0,BUR
2024-10-09 13:19:00,13.25,13.25,13.25,13.25,755.0,BUR
2024-10-09 13:18:00,13.25,13.25,13.25,13.25,391.0,BUR
2024-10-09 13:04:00,13.24,13.245,13.23,13.23,1085.0,BUR
2024-10-09 13:02:00,13.24,13.25,13.24,13.25,8292.0,BUR
2024-10-09 13:01:00,13.23,13.23,13.23,13.23,1463.0,BUR
2024-10-09 13:00:00,13.22,13.22,13.22,13.22,540.0,BUR
2024-10-09 12:59:00,13.21,13.22,13.21,13.21,2369.0,BUR
2024-10-09 12:54:00,13.2,13.2,13.2,13.2,241.0,BUR
2024-10-09 12:50:00,13.2,13.21,13.2,13.21,818.0,BUR
2024-10-09 12:44:00,13.21,13.21,13.21,13.21,660.0,BUR
2024-10-09 12:42:00,13.21,13.21,13.2,13.207,1611.0,BUR
2024-10-09 12:40:00,13.225,13.225,13.225,13.225,125.0,BUR
2024-10-09 12:39:00,13.265,13.265,13.23,13.23,1539.0,BUR
2024-10-09 12:38:00,13.2777,13.2777,13.265,13.265,2365.0,BUR
2024-10-09 12:37:00,13.26,13.28,13.26,13.2799,5105.0,BUR
2024-10-09 12:36:00,13.25,13.25,13.24,13.24,3063.0,BUR
2024-10-09 12:34:00,13.25,13.25,13.25,13.25,354.0,BUR
2024-10-09 12:33:00,13.24,13.26,13.24,13.25,4266.0,BUR
2024-10-09 12:32:00,13.238,13.238,13.238,13.238,439.0,BUR
2024-10-09 12:28:00,13.2,13.23,13.19,13.23,3669.0,BUR
2024-10-09 12:25:00,13.21,13.21,13.21,13.21,244.0,BUR
2024-10-09 12:21:00,13.2107,13.2107,13.2009,13.21,5141.0,BUR
2024-10-09 12:20:00,13.21,13.21,13.21,13.21,152.0,BUR
2024-10-09 12:19:00,13.22,13.22,13.21,13.21,1302.0,BUR
2024-10-09 12:14:00,13.22,13.23,13.2112,13.23,3992.0,BUR
2024-10-09 12:10:00,13.21,13.22,13.21,13.22,436.0,BUR
2024-10-09 12:09:00,13.21,13.21,13.21,13.21,100.0,BUR
2024-10-09 12:07:00,13.19,13.2,13.19,13.2,6673.0,BUR
2024-10-09 12:05:00,13.19,13.2,13.19,13.19,1604.0,BUR
2024-10-09 12:03:00,13.16,13.18,13.16,13.18,7230.0,BUR
2024-10-09 12:02:00,13.16,13.17,13.16,13.16,704.0,BUR
2024-10-09 12:01:00,13.17,13.17,13.16,13.17,3587.0,BUR
2024-10-09 12:00:00,13.15,13.1699,13.14,13.1699,2423.0,BUR
2024-10-09 11:57:00,13.16,13.16,13.16,13.16,100.0,BUR
2024-10-09 11:55:00,13.15,13.16,13.15,13.16,2562.0,BUR
2024-10-09 11:54:00,13.16,13.16,13.16,13.16,129.0,BUR
2024-10-09 11:49:00,13.16,13.16,13.16,13.16,782.0,BUR
2024-10-09 11:44:00,13.16,13.16,13.16,13.16,369.0,BUR
2024-10-09 11:43:00,13.16,13.16,13.16,13.16,415.0,BUR
2024-10-09 11:40:00,13.16,13.16,13.16,13.16,238.0,BUR
2024-10-09 11:39:00,13.16,13.16,13.15,13.16,1051.0,BUR
2024-10-09 11:35:00,13.16,13.16,13.15,13.16,1762.0,BUR
2024-10-09 11:33:00,13.16,13.16,13.16,13.16,425.0,BUR
2024-10-09 11:31:00,13.15,13.15,13.14,13.15,4296.0,BUR
2024-10-09 11:30:00,13.14,13.14,13.14,13.14,803.0,BUR
2024-10-09 11:29:00,13.14,13.14,13.14,13.14,252.0,BUR
2024-10-09 11:28:00,13.16,13.16,13.145,13.145,1294.0,BUR
2024-10-09 11:27:00,13.15,13.165,13.15,13.165,1329.0,BUR
2024-10-09 11:26:00,13.1486,13.1486,13.1486,13.1486,500.0,BUR
2024-10-09 11:23:00,13.15,13.15,13.15,13.15,735.0,BUR
2024-10-09 11:22:00,13.16,13.16,13.16,13.16,465.0,BUR
2024-10-09 11:21:00,13.15,13.15,13.15,13.15,425.0,BUR
2024-10-09 11:19:00,13.135,13.14,13.135,13.14,578.0,BUR
2024-10-09 11:18:00,13.12,13.13,13.12,13.13,723.0,BUR
2024-10-09 11:17:00,13.1,13.1,13.1,13.1,113.0,BUR
2024-10-09 11:14:00,13.11,13.11,13.11,13.11,344.0,BUR
2024-10-09 11:11:00,13.105,13.11,13.102,13.11,542.0,BUR
2024-10-09 11:10:00,13.11,13.125,13.1,13.105,8807.0,BUR
2024-10-09 11:09:00,13.09,13.1,13.09,13.1,1923.0,BUR
2024-10-09 11:06:00,13.08,13.08,13.08,13.08,107.0,BUR
2024-10-09 11:05:00,13.09,13.09,13.09,13.09,109.0,BUR
2024-10-09 11:01:00,13.08,13.08,13.08,13.08,1702.0,BUR
2024-10-09 10:59:00,13.09,13.09,13.085,13.085,2258.0,BUR
2024-10-09 10:52:00,13.105,13.105,13.08,13.08,1231.0,BUR
2024-10-09 10:51:00,13.1,13.1,13.1,13.1,159.0,BUR
2024-10-09 10:49:00,13.085,13.09,13.085,13.09,417.0,BUR
2024-10-09 10:48:00,13.09,13.1,13.08,13.09,1573.0,BUR
2024-10-09 10:47:00,13.09,13.09,13.09,13.09,860.0,BUR
2024-10-09 10:46:00,13.09,13.09,13.09,13.09,118.0,BUR
2024-10-09 10:43:00,13.08,13.08,13.08,13.08,477.0,BUR
2024-10-09 10:42:00,13.07,13.08,13.07,13.08,827.0,BUR
2024-10-09 10:40:00,13.07,13.07,13.07,13.07,101.0,BUR
2024-10-09 10:38:00,13.06,13.06,13.06,13.06,170.0,BUR
2024-10-09 10:36:00,13.06,13.06,13.06,13.06,402.0,BUR
2024-10-09 10:35:00,13.05,13.06,13.05,13.055,1899.0,BUR
2024-10-09 10:34:00,13.06,13.065,13.06,13.065,1118.0,BUR
2024-10-09 10:33:00,13.065,13.065,13.065,13.065,720.0,BUR
2024-10-09 10:32:00,13.07,13.07,13.07,13.07,240.0,BUR
2024-10-09 10:31:00,13.07,13.08,13.07,13.08,1911.0,BUR
2024-10-09 10:30:00,13.079,13.079,13.079,13.079,289.0,BUR
2024-10-09 10:27:00,13.08,13.08,13.08,13.08,477.0,BUR
2024-10-09 10:26:00,13.08,13.08,13.075,13.075,548.0,BUR
2024-10-09 10:25:00,13.07,13.07,13.07,13.07,101.0,BUR
2024-10-09 10:24:00,13.08,13.08,13.08,13.08,204.0,BUR
2024-10-09 10:23:00,13.065,13.08,13.065,13.08,1575.0,BUR
2024-10-09 10:19:00,13.07,13.07,13.065,13.07,756.0,BUR
2024-10-09 10:18:00,13.07,13.07,13.06,13.06,969.0,BUR
2024-10-09 10:17:00,13.0797,13.0797,13.075,13.0793,1200.0,BUR
2024-10-09 10:16:00,13.08,13.08,13.075,13.075,542.0,BUR
2024-10-09 10:15:00,13.0984,13.0984,13.085,13.0853,1600.0,BUR
2024-10-09 10:14:00,13.09,13.09,13.09,13.09,678.0,BUR
2024-10-09 10:13:00,13.09,13.09,13.09,13.09,251.0,BUR
2024-10-09 10:10:00,13.09,13.09,13.09,13.09,458.0,BUR
2024-10-09 10:07:00,13.08,13.09,13.08,13.09,756.0,BUR
2024-10-09 10:06:00,13.08,13.0867,13.08,13.0867,785.0,BUR
2024-10-09 10:04:00,13.09,13.09,13.09,13.09,577.0,BUR
2024-10-09 10:03:00,13.09,13.1,13.09,13.1,457.0,BUR
2024-10-09 10:02:00,13.08,13.08,13.08,13.08,286.0,BUR
2024-10-09 10:00:00,13.0977,13.0977,13.085,13.085,1225.0,BUR
2024-10-09 09:59:00,13.09,13.09,13.09,13.09,212.0,BUR
2024-10-09 09:57:00,13.135,13.135,13.08,13.08,4194.0,BUR
2024-10-09 09:56:00,13.1198,13.14,13.1198,13.14,519.0,BUR
2024-10-09 09:55:00,13.11,13.11,13.11,13.11,105.0,BUR
2024-10-09 09:54:00,13.11,13.11,13.11,13.11,260.0,BUR
2024-10-09 09:53:00,13.095,13.095,13.095,13.095,100.0,BUR
2024-10-09 09:52:00,13.1,13.1,13.1,13.1,212.0,BUR
2024-10-09 09:51:00,13.09,13.09,13.09,13.09,100.0,BUR
2024-10-09 09:50:00,13.0945,13.0992,13.09,13.09,300.0,BUR
2024-10-09 09:49:00,13.07,13.1,13.07,13.08,1107.0,BUR
2024-10-09 09:47:00,13.0627,13.0627,13.0627,13.0627,200.0,BUR
2024-10-09 09:46:00,13.04,13.08,13.02,13.08,3524.0,BUR
2024-10-09 09:45:00,13.05,13.05,13.05,13.05,390.0,BUR
2024-10-09 09:44:00,13.02,13.05,13.02,13.05,1297.0,BUR
2024-10-09 09:43:00,13.01,13.01,13.01,13.01,500.0,BUR
2024-10-09 09:40:00,13.0,13.0,13.0,13.0,301.0,BUR
2024-10-09 09:38:00,12.98,12.98,12.98,12.98,524.0,BUR
2024-10-09 09:35:00,12.95,12.95,12.95,12.95,305.0,BUR
2024-10-09 09:31:00,13.02,13.02,12.96,12.96,2526.0,BUR
2024-10-09 09:30:00,13.0,13.0,13.0,13.0,1707.0,BUR
2024-10-09 08:34:00,13.02,13.02,13.02,13.02,300.0,BUR
2024-10-09 08:24:00,12.98,12.98,12.98,12.98,100.0,BUR
2024-10-09 05:30:00,13.02,13.02,13.02,13.02,1.0,BUR
2024-10-09 04:43:00,12.97,12.97,12.97,12.97,25.0,BUR
2024-10-09 04:36:00,12.94,12.94,12.93,12.93,773.0,BUR
2024-10-08 19:00:00,12.95,12.95,12.95,12.95,36590.0,BUR
2024-10-08 18:30:00,12.95,12.95,12.95,12.95,36590.0,BUR
2024-10-08 18:19:00,12.81,12.81,12.81,12.81,100.0,BUR
2024-10-08 16:10:00,12.95,12.95,12.95,12.95,36590.0,BUR
2024-10-08 16:01:00,12.95,12.95,12.95,12.95,3020.0,BUR
2024-10-08 16:00:00,12.945,12.95,12.94,12.95,75134.0,BUR
2024-10-08 15:59:00,12.975,12.98,12.94,12.94,7478.0,BUR
2024-10-08 15:58:00,12.965,12.975,12.96,12.975,12974.0,BUR
2024-10-08 15:57:00,12.965,12.97,12.965,12.97,1266.0,BUR
2024-10-08 15:56:00,12.965,12.97,12.96,12.965,1155.0,BUR
2024-10-08 15:55:00,12.965,12.97,12.965,12.965,1159.0,BUR
2024-10-08 15:54:00,12.965,12.965,12.965,12.965,449.0,BUR
2024-10-08 15:52:00,12.9691,12.9691,12.9691,12.9691,519.0,BUR
2024-10-08 15:51:00,12.955,12.965,12.955,12.965,1416.0,BUR
2024-10-08 15:50:00,12.965,12.965,12.96,12.96,1351.0,BUR
2024-10-08 15:49:00,12.965,12.965,12.965,12.965,454.0,BUR
2024-10-08 15:48:00,12.965,12.965,12.965,12.965,444.0,BUR
2024-10-08 15:46:00,12.965,12.965,12.96,12.96,922.0,BUR
2024-10-08 15:45:00,12.965,12.97,12.965,12.97,401.0,BUR
2024-10-08 15:44:00,12.97,12.97,12.965,12.97,2358.0,BUR
2024-10-08 15:43:00,12.965,12.965,12.96,12.96,1545.0,BUR
2024-10-08 15:42:00,12.96,12.965,12.96,12.965,1644.0,BUR
2024-10-08 15:41:00,12.955,12.955,12.955,12.955,141.0,BUR
2024-10-08 15:40:00,12.94,12.955,12.94,12.955,3669.0,BUR
2024-10-08 15:38:00,12.945,12.9497,12.94,12.9497,1452.0,BUR
2024-10-08 15:36:00,12.945,12.945,12.945,12.945,333.0,BUR
2024-10-08 15:35:00,12.945,12.945,12.945,12.945,397.0,BUR
2024-10-08 15:34:00,12.945,12.95,12.945,12.95,490.0,BUR
2024-10-08 15:33:00,12.95,12.95,12.94,12.94,1835.0,BUR
2024-10-08 15:32:00,12.96,12.96,12.96,12.96,208.0,BUR
2024-10-08 15:31:00,12.96,12.96,12.96,12.96,260.0,BUR
2024-10-08 15:25:00,12.96,12.96,12.96,12.96,239.0,BUR
2024-10-08 15:24:00,12.95,12.95,12.95,12.95,175.0,BUR
2024-10-08 15:20:00,12.96,12.96,12.9522,12.9522,277.0,BUR
2024-10-08 15:19:00,12.96,12.96,12.95,12.95,347.0,BUR
2024-10-08 15:15:00,12.95,12.96,12.95,12.95,848.0,BUR
2024-10-08 15:12:00,12.9491,12.9491,12.945,12.945,340.0,BUR
2024-10-08 15:09:00,12.945,12.945,12.945,12.945,118.0,BUR
2024-10-08 15:07:00,12.95,12.95,12.95,12.95,568.0,BUR
2024-10-08 15:06:00,12.96,12.96,12.95,12.95,650.0,BUR
2024-10-08 15:04:00,12.97,12.97,12.965,12.965,997.0,BUR
2024-10-08 15:03:00,12.97,12.97,12.97,12.97,124.0,BUR
2024-10-08 15:01:00,12.965,12.965,12.965,12.965,220.0,BUR
2024-10-08 15:00:00,12.97,12.97,12.97,12.97,231.0,BUR
2024-10-08 14:57:00,12.97,12.97,12.97,12.97,859.0,BUR
2024-10-08 14:56:00,12.97,12.975,12.97,12.97,1140.0,BUR
2024-10-08 14:55:00,12.965,12.965,12.965,12.965,121.0,BUR
2024-10-08 14:54:00,12.965,12.965,12.965,12.965,122.0,BUR
2024-10-08 14:53:00,12.97,12.97,12.97,12.97,161.0,BUR
2024-10-08 14:52:00,12.9622,12.9622,12.9622,12.9622,220.0,BUR
2024-10-08 14:48:00,12.97,12.97,12.97,12.97,131.0,BUR
2024-10-08 14:47:00,12.969,12.969,12.96,12.96,535.0,BUR
2024-10-08 14:46:00,12.9703,12.9703,12.97,12.97,1132.0,BUR
2024-10-08 14:44:00,12.975,12.975,12.975,12.975,109.0,BUR
2024-10-08 14:43:00,12.9789,12.9789,12.9789,12.9789,160.0,BUR
2024-10-08 14:42:00,12.975,12.975,12.975,12.975,304.0,BUR
2024-10-08 14:40:00,12.97,12.975,12.97,12.975,712.0,BUR
2024-10-08 14:39:00,12.95,12.96,12.95,12.96,1796.0,BUR
2024-10-08 14:37:00,12.94,12.945,12.94,12.945,1104.0,BUR
2024-10-08 14:36:00,12.94,12.94,12.94,12.94,237.0,BUR
2024-10-08 14:35:00,12.93,12.935,12.93,12.935,1536.0,BUR
2024-10-08 14:34:00,12.92,12.92,12.92,12.92,115.0,BUR
2024-10-08 14:30:00,12.91,12.91,12.91,12.91,105.0,BUR
2024-10-08 14:29:00,12.92,12.92,12.9101,12.92,815.0,BUR
2024-10-08 14:27:00,12.91,12.925,12.91,12.92,3069.0,BUR
2024-10-08 14:23:00,12.93,12.93,12.91,12.91,1833.0,BUR
2024-10-08 14:21:00,12.93,12.93,12.93,12.93,249.0,BUR
2024-10-08 14:18:00,12.9363,12.9363,12.93,12.93,212.0,BUR
2024-10-08 14:17:00,12.9469,12.9469,12.94,12.94,691.0,BUR
2024-10-08 14:15:00,12.945,12.945,12.9401,12.9401,404.0,BUR
2024-10-08 14:13:00,12.95,12.95,12.94,12.94,1251.0,BUR
2024-10-08 14:11:00,12.9419,12.96,12.9419,12.95,903.0,BUR
2024-10-08 13:58:00,12.95,12.95,12.95,12.95,664.0,BUR
2024-10-08 13:52:00,12.94,12.94,12.94,12.94,133.0,BUR
2024-10-08 13:44:00,12.94,12.94,12.94,12.94,1429.0,BUR
2024-10-08 13:43:00,12.94,12.94,12.94,12.94,113.0,BUR
2024-10-08 13:42:00,12.935,12.935,12.935,12.935,139.0,BUR
2024-10-08 13:41:00,12.94,12.94,12.94,12.94,132.0,BUR
2024-10-08 13:40:00,12.95,12.95,12.95,12.95,206.0,BUR
2024-10-08 13:39:00,12.9601,12.9601,12.94,12.95,2523.0,BUR
2024-10-08 13:36:00,12.95,12.95,12.95,12.95,100.0,BUR
2024-10-08 13:35:00,12.95,12.95,12.95,12.95,155.0,BUR
2024-10-08 13:32:00,12.96,12.96,12.96,12.96,113.0,BUR
2024-10-08 13:31:00,12.9698,12.9698,12.9698,12.9698,291.0,BUR
2024-10-08 13:29:00,12.96,12.96,12.96,12.96,151.0,BUR
2024-10-08 13:23:00,12.96,12.96,12.96,12.96,132.0,BUR
2024-10-08 13:21:00,12.97,12.97,12.97,12.97,216.0,BUR
2024-10-08 13:17:00,12.95,12.95,12.95,12.95,136.0,BUR
2024-10-08 13:16:00,12.96,12.96,12.96,12.96,174.0,BUR
2024-10-08 13:13:00,12.96,12.96,12.95,12.95,777.0,BUR
2024-10-08 13:12:00,12.96,12.96,12.96,12.96,108.0,BUR
2024-10-08 13:11:00,12.96,12.96,12.96,12.96,585.0,BUR
2024-10-08 13:10:00,12.96,12.96,12.96,12.96,571.0,BUR
2024-10-08 13:08:00,12.97,12.97,12.96,12.96,206.0,BUR
2024-10-08 13:07:00,12.96,12.96,12.96,12.96,530.0,BUR
2024-10-08 13:06:00,12.96,12.97,12.96,12.96,720.0,BUR
2024-10-08 13:05:00,12.96,12.96,12.955,12.96,2458.0,BUR
2024-10-08 13:04:00,12.98,12.98,12.96,12.965,2654.0,BUR
2024-10-08 13:03:00,12.99,12.99,12.99,12.99,100.0,BUR
2024-10-08 12:59:00,12.98,12.985,12.98,12.985,334.0,BUR
2024-10-08 12:57:00,12.9802,12.9802,12.97,12.97,1556.0,BUR
2024-10-08 12:55:00,12.99,12.99,12.98,12.98,1430.0,BUR
2024-10-08 12:50:00,13.0,13.0,13.0,13.0,129.0,BUR
2024-10-08 12:48:00,13.0,13.0,13.0,13.0,761.0,BUR
2024-10-08 12:39:00,13.02,13.02,13.02,13.02,115.0,BUR
2024-10-08 12:37:00,13.01,13.01,13.01,13.01,115.0,BUR
2024-10-08 12:33:00,13.01,13.01,13.01,13.01,103.0,BUR
2024-10-08 12:30:00,13.01,13.01,13.01,13.01,219.0,BUR
2024-10-08 12:27:00,13.0,13.0,13.0,13.0,236.0,BUR
2024-10-08 12:26:00,12.992,12.992,12.992,12.992,765.0,BUR
2024-10-08 12:21:00,12.995,12.995,12.99,12.99,237.0,BUR
2024-10-08 12:20:00,12.995,12.995,12.995,12.995,278.0,BUR
2024-10-08 12:19:00,12.995,12.995,12.995,12.995,309.0,BUR
2024-10-08 12:17:00,12.995,12.995,12.995,12.995,333.0,BUR
2024-10-08 12:15:00,12.99,12.99,12.99,12.99,275.0,BUR
2024-10-08 12:12:00,12.995,12.995,12.995,12.995,159.0,BUR
2024-10-08 12:10:00,12.99,12.99,12.99,12.99,253.0,BUR
2024-10-08 12:09:00,12.985,12.985,12.985,12.985,122.0,BUR
2024-10-08 12:08:00,12.99,12.99,12.99,12.99,103.0,BUR
2024-10-08 12:06:00,12.99,12.99,12.99,12.99,504.0,BUR
2024-10-08 12:04:00,12.985,12.985,12.985,12.985,101.0,BUR
2024-10-08 12:03:00,12.99,12.99,12.98,12.98,321.0,BUR
2024-10-08 12:02:00,12.99,12.99,12.99,12.99,105.0,BUR
2024-10-08 12:01:00,12.99,13.0,12.99,12.99,746.0,BUR
2024-10-08 11:59:00,12.99,12.99,12.99,12.99,108.0,BUR
2024-10-08 11:57:00,12.99,12.99,12.99,12.99,409.0,BUR
2024-10-08 11:54:00,12.99,12.99,12.982,12.982,204.0,BUR
2024-10-08 11:51:00,12.99,12.99,12.98,12.99,824.0,BUR
2024-10-08 11:45:00,12.9701,12.9701,12.9701,12.9701,751.0,BUR
2024-10-08 11:39:00,12.97,12.97,12.97,12.97,373.0,BUR
2024-10-08 11:35:00,12.96,12.96,12.96,12.96,1100.0,BUR
2024-10-08 11:29:00,12.97,12.97,12.97,12.97,101.0,BUR
2024-10-08 11:24:00,12.97,12.97,12.97,12.97,206.0,BUR
2024-10-08 11:23:00,12.97,12.97,12.97,12.97,1029.0,BUR
2024-10-08 11:21:00,12.9601,12.9623,12.9601,12.9601,7795.0,BUR
2024-10-08 11:20:00,12.97,12.97,12.97,12.97,269.0,BUR
2024-10-08 11:15:00,12.98,12.98,12.98,12.98,293.0,BUR
2024-10-08 11:14:00,12.97,12.97,12.97,12.97,374.0,BUR
2024-10-08 11:13:00,12.98,12.98,12.98,12.98,503.0,BUR
2024-10-08 11:12:00,12.99,12.99,12.99,12.99,227.0,BUR
2024-10-08 11:11:00,12.98,12.98,12.98,12.98,104.0,BUR
2024-10-08 11:10:00,12.99,12.99,12.99,12.99,285.0,BUR
2024-10-08 11:09:00,12.98,12.99,12.98,12.99,263.0,BUR
2024-10-08 11:08:00,12.995,12.995,12.995,12.995,187.0,BUR
2024-10-08 11:06:00,12.995,12.995,12.995,12.995,110.0,BUR
2024-10-08 11:04:00,12.995,12.995,12.995,12.995,1113.0,BUR
2024-10-08 11:03:00,12.99,12.99,12.99,12.99,138.0,BUR
2024-10-08 11:02:00,13.0,13.0,12.99,12.99,1540.0,BUR
2024-10-08 11:01:00,13.0,13.0,13.0,13.0,135.0,BUR
2024-10-08 11:00:00,13.01,13.01,13.0,13.0,408.0,BUR
2024-10-08 10:59:00,13.01,13.0166,13.01,13.0166,459.0,BUR
2024-10-08 10:58:00,13.0,13.01,13.0,13.01,4506.0,BUR
2024-10-08 10:53:00,12.99,12.99,12.99,12.99,454.0,BUR
2024-10-08 10:51:00,12.975,12.99,12.975,12.98,732.0,BUR
2024-10-08 10:50:00,12.97,12.97,12.97,12.97,256.0,BUR
2024-10-08 10:49:00,12.99,12.99,12.99,12.99,229.0,BUR
2024-10-08 10:48:00,12.99,12.99,12.99,12.99,554.0,BUR
2024-10-08 10:46:00,12.97,12.99,12.96,12.98,2755.0,BUR
2024-10-08 10:44:00,12.95,12.95,12.95,12.95,183.0,BUR
2024-10-08 10:43:00,12.96,12.96,12.93,12.935,2286.0,BUR
2024-10-08 10:42:00,12.95,12.95,12.95,12.95,932.0,BUR
2024-10-08 10:40:00,12.94,12.94,12.94,12.94,512.0,BUR
2024-10-08 10:39:00,12.93,12.93,12.93,12.93,405.0,BUR
2024-10-08 10:38:00,12.94,12.94,12.92,12.92,1310.0,BUR
2024-10-08 10:34:00,12.96,12.97,12.95,12.95,1120.0,BUR
2024-10-08 10:25:00,12.96,12.96,12.96,12.96,206.0,BUR
2024-10-08 10:24:00,12.96,12.96,12.96,12.96,819.0,BUR
2024-10-08 10:22:00,12.96,12.96,12.96,12.96,100.0,BUR
2024-10-08 10:19:00,12.96,12.97,12.96,12.965,1224.0,BUR
2024-10-08 10:15:00,12.97,12.97,12.97,12.97,747.0,BUR
2024-10-08 10:14:00,12.97,12.97,12.97,12.97,1385.0,BUR
2024-10-08 10:12:00,12.984,12.984,12.97,12.97,716.0,BUR
2024-10-08 10:11:00,12.99,12.99,12.99,12.99,100.0,BUR
2024-10-08 10:10:00,13.0,13.0,12.99,12.99,456.0,BUR
2024-10-08 10:09:00,13.0,13.0,13.0,13.0,1039.0,BUR
2024-10-08 10:06:00,12.99,12.99,12.99,12.99,677.0,BUR
2024-10-08 10:05:00,12.995,12.995,12.995,12.995,513.0,BUR
2024-10-08 10:04:00,12.98,13.0,12.98,12.995,2111.0,BUR
2024-10-08 10:01:00,12.97,12.97,12.97,12.97,191.0,BUR
2024-10-08 10:00:00,12.97,12.97,12.96,12.97,515.0,BUR
2024-10-08 09:59:00,12.95,12.95,12.95,12.95,123.0,BUR
2024-10-08 09:58:00,12.93,12.94,12.93,12.94,1023.0,BUR
2024-10-08 09:54:00,12.93,12.94,12.93,12.93,566.0,BUR
2024-10-08 09:53:00,12.94,12.94,12.91,12.91,2173.0,BUR
2024-10-08 09:52:00,12.93,12.93,12.93,12.93,215.0,BUR
2024-10-08 09:50:00,12.925,12.925,12.925,12.925,234.0,BUR
2024-10-08 09:49:00,12.93,12.94,12.93,12.94,852.0,BUR
2024-10-08 09:46:00,12.93,12.93,12.91,12.91,2135.0,BUR
2024-10-08 09:45:00,12.96,12.96,12.94,12.94,302.0,BUR
2024-10-08 09:44:00,12.94,12.95,12.94,12.95,2063.0,BUR
2024-10-08 09:43:00,12.95,12.95,12.9224,12.9224,1800.0,BUR
2024-10-08 09:41:00,12.9496,12.9496,12.9496,12.9496,308.0,BUR
2024-10-08 09:40:00,12.91,12.94,12.91,12.94,755.0,BUR
2024-10-08 09:36:00,12.9101,12.9101,12.91,12.91,801.0,BUR
2024-10-08 09:34:00,12.93,12.93,12.91,12.91,1005.0,BUR
2024-10-08 09:33:00,12.94,12.94,12.94,12.94,138.0,BUR
2024-10-08 09:32:00,12.96,12.96,12.94,12.94,611.0,BUR
2024-10-08 09:31:00,12.95,12.95,12.95,12.95,103.0,BUR
2024-10-08 09:30:00,12.95,12.96,12.95,12.96,4352.0,BUR
2024-10-08 09:13:00,12.9,12.9,12.9,12.9,50.0,BUR
2024-10-08 08:06:00,12.85,12.86,12.85,12.86,800.0,BUR
2024-10-08 07:06:00,12.85,12.85,12.85,12.85,100.0,BUR
2024-10-08 05:30:00,12.86,12.86,12.86,12.86,100.0,BUR
2024-10-08 05:27:00,12.81,12.83,12.81,12.82,1290.0,BUR
2024-10-08 05:08:00,12.85,12.85,12.85,12.85,322.0,BUR
2024-10-08 04:39:00,12.82,12.82,12.82,12.82,200.0,BUR
2024-10-08 04:38:00,12.81,12.82,12.81,12.82,200.0,BUR
2024-10-08 04:00:00,12.75,12.78,12.75,12.78,1344.0,BUR
2024-10-07 19:00:00,13.03,13.03,13.03,13.03,38087.0,BUR
2024-10-07 18:30:00,13.03,13.03,13.03,13.03,38087.0,BUR
2024-10-07 16:10:00,13.03,13.03,13.03,13.03,38087.0,BUR
2024-10-07 16:03:00,13.03,13.03,13.03,13.03,266.0,BUR
2024-10-07 16:00:00,13.025,13.03,13.025,13.03,79103.0,BUR
2024-10-07 15:59:00,13.025,13.03,13.015,13.025,4860.0,BUR
2024-10-07 15:58:00,13.01,13.03,13.01,13.02,5566.0,BUR
2024-10-07 15:57:00,13.01,13.01,13.01,13.01,212.0,BUR
2024-10-07 15:56:00,13.015,13.015,13.005,13.005,2630.0,BUR
2024-10-07 15:55:00,13.015,13.035,13.015,13.02,4415.0,BUR
2024-10-07 15:54:00,13.015,13.015,13.015,13.015,601.0,BUR
2024-10-07 15:53:00,13.015,13.02,13.015,13.015,1333.0,BUR
2024-10-07 15:52:00,13.025,13.025,13.02,13.02,526.0,BUR
2024-10-07 15:50:00,13.01,13.025,13.01,13.02,1292.0,BUR
2024-10-07 15:49:00,13.01,13.01,13.01,13.01,1953.0,BUR
2024-10-07 15:48:00,13.005,13.005,13.005,13.005,304.0,BUR
2024-10-07 15:46:00,13.0,13.005,13.0,13.005,913.0,BUR
2024-10-07 15:43:00,12.99,12.99,12.99,12.99,420.0,BUR
2024-10-07 15:41:00,12.985,12.985,12.985,12.985,190.0,BUR
2024-10-07 15:40:00,12.9769,12.985,12.975,12.985,3791.0,BUR
2024-10-07 15:39:00,12.97,12.97,12.97,12.97,509.0,BUR
2024-10-07 15:38:00,12.98,12.98,12.98,12.98,201.0,BUR
2024-10-07 15:36:00,12.96,12.97,12.96,12.97,1136.0,BUR
2024-10-07 15:35:00,12.98,12.98,12.96,12.96,2980.0,BUR
2024-10-07 15:34:00,12.98,12.99,12.98,12.99,2544.0,BUR
2024-10-07 15:32:00,12.98,12.98,12.98,12.98,181.0,BUR
2024-10-07 15:31:00,12.9877,12.9877,12.98,12.98,225.0,BUR
2024-10-07 15:30:00,12.98,12.98,12.98,12.98,1220.0,BUR
2024-10-07 15:29:00,12.975,12.9763,12.975,12.9763,421.0,BUR
2024-10-07 15:28:00,12.9753,12.9753,12.9753,12.9753,1864.0,BUR
2024-10-07 15:27:00,12.985,12.9863,12.985,12.9863,358.0,BUR
2024-10-07 15:26:00,12.98,12.99,12.98,12.99,550.0,BUR
2024-10-07 15:23:00,12.99,12.99,12.99,12.99,388.0,BUR
2024-10-07 15:22:00,12.98,12.98,12.98,12.98,121.0,BUR
2024-10-07 15:20:00,12.98,12.98,12.98,12.98,498.0,BUR
2024-10-07 15:18:00,12.9793,12.9793,12.9793,12.9793,344.0,BUR
2024-10-07 15:17:00,12.975,12.975,12.97,12.97,363.0,BUR
2024-10-07 15:16:00,12.965,12.97,12.965,12.97,801.0,BUR
2024-10-07 15:15:00,12.965,12.965,12.965,12.965,108.0,BUR
2024-10-07 15:14:00,12.97,12.97,12.97,12.97,456.0,BUR
2024-10-07 15:13:00,12.98,12.98,12.98,12.98,581.0,BUR
2024-10-07 15:12:00,12.98,12.98,12.98,12.98,222.0,BUR
2024-10-07 15:10:00,12.97,12.97,12.97,12.97,191.0,BUR
2024-10-07 15:09:00,12.97,12.98,12.97,12.98,1467.0,BUR
2024-10-07 15:07:00,12.96,12.96,12.96,12.96,244.0,BUR
2024-10-07 15:06:00,12.96,12.9615,12.96,12.9615,501.0,BUR
2024-10-07 15:04:00,12.96,12.96,12.96,12.96,339.0,BUR
2024-10-07 15:03:00,12.97,12.97,12.97,12.97,1452.0,BUR
2024-10-07 14:59:00,12.97,12.97,12.96,12.96,1764.0,BUR
2024-10-07 14:57:00,12.985,12.985,12.98,12.98,631.0,BUR
2024-10-07 14:55:00,12.985,12.985,12.985,12.985,336.0,BUR
2024-10-07 14:52:00,12.99,12.99,12.99,12.99,113.0,BUR
2024-10-07 14:50:00,12.99,12.99,12.99,12.99,227.0,BUR
2024-10-07 14:49:00,12.98,12.98,12.98,12.98,750.0,BUR
2024-10-07 14:48:00,12.97,12.98,12.97,12.98,1071.0,BUR
2024-10-07 14:47:00,12.99,12.99,12.98,12.98,985.0,BUR
2024-10-07 14:46:00,13.0,13.0,12.99,12.99,1420.0,BUR
2024-10-07 14:45:00,13.01,13.01,13.01,13.01,213.0,BUR
2024-10-07 14:44:00,13.01,13.01,13.01,13.01,318.0,BUR
2024-10-07 14:42:00,13.02,13.02,13.02,13.02,663.0,BUR
2024-10-07 14:41:00,13.03,13.03,13.03,13.03,308.0,BUR
2024-10-07 14:40:00,13.02,13.02,13.02,13.02,625.0,BUR
2024-10-07 14:37:00,13.0131,13.0131,13.0131,13.0131,545.0,BUR
2024-10-07 14:35:00,13.02,13.02,13.01,13.01,650.0,BUR
2024-10-07 14:34:00,13.04,13.04,13.04,13.04,315.0,BUR
2024-10-07 14:32:00,13.04,13.04,13.04,13.04,936.0,BUR
2024-10-07 14:30:00,13.07,13.07,13.035,13.04,36311.0,BUR
2024-10-07 14:28:00,13.03,13.06,13.025,13.06,9150.0,BUR
2024-10-07 14:25:00,13.0301,13.04,13.0301,13.04,1105.0,BUR
2024-10-07 14:24:00,13.01,13.035,13.0099,13.035,8797.0,BUR
2024-10-07 14:11:00,13.01,13.01,13.01,13.01,204.0,BUR
2024-10-07 14:10:00,13.015,13.015,13.01,13.01,491.0,BUR
2024-10-07 14:09:00,13.0,13.0,13.0,13.0,1056.0,BUR
2024-10-07 14:04:00,13.0,13.02,13.0,13.0188,5527.0,BUR
2024-10-07 14:01:00,13.01,13.01,13.01,13.01,708.0,BUR
2024-10-07 13:59:00,13.015,13.015,13.015,13.015,209.0,BUR
2024-10-07 13:57:00,13.01,13.01,13.01,13.01,120.0,BUR
2024-10-07 13:52:00,13.01,13.01,13.01,13.01,252.0,BUR
2024-10-07 13:50:00,13.01,13.02,13.01,13.01,1412.0,BUR
2024-10-07 13:46:00,13.02,13.02,13.02,13.02,132.0,BUR
2024-10-07 13:42:00,13.03,13.03,13.03,13.03,213.0,BUR
2024-10-07 13:31:00,13.02,13.02,13.02,13.02,201.0,BUR
2024-10-07 13:30:00,13.04,13.05,13.03,13.03,3086.0,BUR
2024-10-07 13:29:00,13.045,13.045,13.045,13.045,241.0,BUR
2024-10-07 13:27:00,13.04,13.04,13.04,13.04,684.0,BUR
2024-10-07 13:21:00,13.02,13.02,13.02,13.02,117.0,BUR
2024-10-07 13:17:00,13.04,13.04,13.04,13.04,357.0,BUR
2024-10-07 13:04:00,13.04,13.04,13.04,13.04,1244.0,BUR
2024-10-07 13:03:00,13.05,13.05,13.05,13.05,281.0,BUR
2024-10-07 13:02:00,13.05,13.05,13.05,13.05,133.0,BUR
2024-10-07 13:00:00,13.0578,13.0578,13.0578,13.0578,114.0,BUR
2024-10-07 12:59:00,13.05,13.05,13.05,13.05,351.0,BUR
2024-10-07 12:58:00,13.04,13.04,13.04,13.04,1448.0,BUR
2024-10-07 12:56:00,13.03,13.03,13.03,13.03,104.0,BUR
2024-10-07 12:55:00,13.03,13.03,13.03,13.03,152.0,BUR
2024-10-07 12:53:00,13.03,13.03,13.03,13.03,153.0,BUR
2024-10-07 12:52:00,13.03,13.03,13.03,13.03,233.0,BUR
2024-10-07 12:50:00,13.035,13.035,13.035,13.035,125.0,BUR
2024-10-07 12:49:00,13.035,13.035,13.035,13.035,711.0,BUR
2024-10-07 12:48:00,13.035,13.035,13.035,13.035,262.0,BUR
2024-10-07 12:47:00,13.045,13.045,13.03,13.04,2975.0,BUR
2024-10-07 12:46:00,13.045,13.045,13.04,13.04,226.0,BUR
2024-10-07 12:45:00,13.05,13.05,13.03,13.04,2081.0,BUR
2024-10-07 12:43:00,13.05,13.05,13.05,13.05,233.0,BUR
2024-10-07 12:42:00,13.05,13.06,13.05,13.06,643.0,BUR
2024-10-07 12:41:00,13.055,13.055,13.055,13.055,174.0,BUR
2024-10-07 12:40:00,13.055,13.055,13.055,13.055,253.0,BUR
2024-10-07 12:39:00,13.0581,13.06,13.0581,13.06,1110.0,BUR
2024-10-07 12:38:00,13.06,13.06,13.06,13.06,245.0,BUR
2024-10-07 12:37:00,13.07,13.07,13.06,13.06,392.0,BUR
2024-10-07 12:36:00,13.05,13.06,13.045,13.06,1013.0,BUR
2024-10-07 12:35:00,13.04,13.04,13.04,13.04,307.0,BUR
2024-10-07 12:34:00,13.04,13.045,13.04,13.04,532.0,BUR
2024-10-07 12:33:00,13.045,13.045,13.045,13.045,141.0,BUR
2024-10-07 12:32:00,13.05,13.05,13.04,13.045,878.0,BUR
2024-10-07 12:31:00,13.06,13.06,13.06,13.06,157.0,BUR
2024-10-07 12:30:00,13.055,13.055,13.055,13.055,114.0,BUR
2024-10-07 12:29:00,13.07,13.07,13.05,13.05,1969.0,BUR
2024-10-07 12:28:00,13.07,13.07,13.07,13.07,167.0,BUR
2024-10-07 12:26:00,13.06,13.07,13.06,13.07,2256.0,BUR
2024-10-07 12:25:00,13.05,13.05,13.05,13.05,286.0,BUR
2024-10-07 12:23:00,13.05,13.05,13.05,13.05,278.0,BUR
2024-10-07 12:22:00,13.05,13.05,13.05,13.05,332.0,BUR
2024-10-07 12:20:00,13.05,13.05,13.05,13.05,139.0,BUR
2024-10-07 12:18:00,13.05,13.05,13.04,13.04,585.0,BUR
2024-10-07 12:16:00,13.045,13.045,13.045,13.045,451.0,BUR
2024-10-07 12:15:00,13.045,13.045,13.045,13.045,118.0,BUR
2024-10-07 12:14:00,13.045,13.045,13.045,13.045,222.0,BUR
2024-10-07 12:13:00,13.045,13.045,13.045,13.045,243.0,BUR
2024-10-07 12:11:00,13.04,13.04,13.04,13.04,282.0,BUR
2024-10-07 12:10:00,13.05,13.05,13.04,13.04,1614.0,BUR
2024-10-07 12:09:00,13.06,13.06,13.06,13.06,150.0,BUR
2024-10-07 12:08:00,13.05,13.065,13.05,13.06,1588.0,BUR
2024-10-07 12:07:00,13.06,13.06,13.06,13.06,303.0,BUR
2024-10-07 12:06:00,13.06,13.06,13.06,13.06,242.0,BUR
2024-10-07 12:04:00,13.06,13.06,13.06,13.06,148.0,BUR
2024-10-07 12:03:00,13.06,13.06,13.06,13.06,265.0,BUR
2024-10-07 12:02:00,13.06,13.06,13.06,13.06,366.0,BUR
2024-10-07 12:01:00,13.06,13.06,13.06,13.06,234.0,BUR
2024-10-07 12:00:00,13.05,13.05,13.05,13.05,174.0,BUR
2024-10-07 11:59:00,13.05,13.05,13.05,13.05,149.0,BUR
2024-10-07 11:58:00,13.05,13.05,13.05,13.05,205.0,BUR
2024-10-07 11:57:00,13.035,13.04,13.035,13.04,695.0,BUR
2024-10-07 11:56:00,13.035,13.0393,13.035,13.0393,270.0,BUR
2024-10-07 11:55:00,13.03,13.03,13.03,13.03,179.0,BUR
2024-10-07 11:53:00,13.03,13.03,13.03,13.03,335.0,BUR
2024-10-07 11:52:00,13.03,13.03,13.03,13.03,1374.0,BUR
2024-10-07 11:51:00,13.04,13.04,13.03,13.03,655.0,BUR
2024-10-07 11:49:00,13.03,13.04,13.03,13.04,985.0,BUR
2024-10-07 11:47:00,13.04,13.05,13.04,13.05,974.0,BUR
2024-10-07 11:46:00,13.03,13.04,13.02,13.04,1016.0,BUR
2024-10-07 11:45:00,13.015,13.015,13.015,13.015,598.0,BUR
2024-10-07 11:44:00,13.02,13.02,13.015,13.015,436.0,BUR
2024-10-07 11:42:00,13.06,13.06,13.03,13.03,730.0,BUR
2024-10-07 11:41:00,13.06,13.06,13.051,13.051,469.0,BUR
2024-10-07 11:40:00,13.065,13.065,13.06,13.06,1224.0,BUR
2024-10-07 11:39:00,13.065,13.065,13.061,13.061,323.0,BUR
2024-10-07 11:38:00,13.065,13.065,13.065,13.065,680.0,BUR
2024-10-07 11:35:00,13.07,13.07,13.07,13.07,543.0,BUR
2024-10-07 11:32:00,13.07,13.07,13.07,13.07,131.0,BUR
2024-10-07 11:30:00,13.07,13.07,13.07,13.07,161.0,BUR
2024-10-07 11:29:00,13.08,13.08,13.08,13.08,486.0,BUR
2024-10-07 11:28:00,13.0814,13.09,13.0814,13.09,802.0,BUR
2024-10-07 11:26:00,13.09,13.09,13.08,13.09,625.0,BUR
2024-10-07 11:25:00,13.08,13.11,13.07,13.1,10235.0,BUR
2024-10-07 11:23:00,13.06,13.07,13.06,13.07,1737.0,BUR
2024-10-07 11:20:00,13.05,13.05,13.05,13.05,396.0,BUR
2024-10-07 11:13:00,13.035,13.04,13.035,13.04,368.0,BUR
2024-10-07 11:12:00,13.03,13.03,13.03,13.03,853.0,BUR
2024-10-07 11:11:00,13.02,13.02,13.02,13.02,202.0,BUR
2024-10-07 11:10:00,13.02,13.02,13.02,13.02,211.0,BUR
2024-10-07 11:08:00,13.02,13.03,13.02,13.03,598.0,BUR
2024-10-07 11:06:00,13.015,13.015,13.01,13.01,317.0,BUR
2024-10-07 11:05:00,13.01,13.01,13.01,13.01,104.0,BUR
2024-10-07 11:03:00,13.01,13.02,13.01,13.02,446.0,BUR
2024-10-07 11:02:00,13.0,13.0,13.0,13.0,2222.0,BUR
2024-10-07 11:01:00,13.01,13.01,13.01,13.01,223.0,BUR
2024-10-07 11:00:00,13.01,13.01,13.0,13.0,266.0,BUR
2024-10-07 10:59:00,13.04,13.04,13.01,13.01,1787.0,BUR
2024-10-07 10:58:00,13.04,13.04,13.04,13.04,305.0,BUR
2024-10-07 10:55:00,13.06,13.06,13.06,13.06,1015.0,BUR
2024-10-07 10:51:00,13.06,13.06,13.06,13.06,1707.0,BUR
2024-10-07 10:50:00,13.03,13.05,13.03,13.05,1927.0,BUR
2024-10-07 10:49:00,13.02,13.02,13.02,13.02,733.0,BUR
2024-10-07 10:48:00,13.02,13.03,13.02,13.03,708.0,BUR
2024-10-07 10:46:00,13.02,13.02,13.02,13.02,300.0,BUR
2024-10-07 10:44:00,13.025,13.025,13.01,13.015,1194.0,BUR
2024-10-07 10:42:00,13.02,13.025,13.02,13.025,406.0,BUR
2024-10-07 10:39:00,13.01,13.01,13.01,13.01,318.0,BUR
2024-10-07 10:38:00,13.01,13.01,13.01,13.01,436.0,BUR
2024-10-07 10:36:00,13.01,13.01,13.0,13.01,905.0,BUR
2024-10-07 10:34:00,13.01,13.01,13.01,13.01,976.0,BUR
2024-10-07 10:33:00,13.01,13.01,13.01,13.01,103.0,BUR
2024-10-07 10:32:00,13.02,13.02,13.02,13.02,635.0,BUR
2024-10-07 10:31:00,13.02,13.02,13.02,13.02,218.0,BUR
2024-10-07 10:30:00,13.01,13.01,13.01,13.01,284.0,BUR
2024-10-07 10:28:00,13.02,13.025,13.02,13.02,1774.0,BUR
2024-10-07 10:27:00,13.0198,13.03,13.0198,13.03,3256.0,BUR
2024-10-07 10:26:00,13.0,13.0,13.0,13.0,145.0,BUR
2024-10-07 10:25:00,13.01,13.01,13.005,13.01,1288.0,BUR
2024-10-07 10:21:00,13.01,13.01,13.01,13.01,214.0,BUR
2024-10-07 10:20:00,13.02,13.02,13.02,13.02,719.0,BUR
2024-10-07 10:19:00,13.02,13.0247,13.02,13.0247,464.0,BUR
2024-10-07 10:18:00,13.024,13.024,13.024,13.024,442.0,BUR
2024-10-07 10:17:00,13.025,13.025,13.025,13.025,443.0,BUR
2024-10-07 10:15:00,13.0399,13.0399,13.0399,13.0399,170.0,BUR
2024-10-07 10:14:00,13.04,13.04,13.04,13.04,205.0,BUR
2024-10-07 10:13:00,13.02,13.02,13.02,13.02,100.0,BUR
2024-10-07 10:10:00,13.04,13.04,13.04,13.04,587.0,BUR
2024-10-07 10:09:00,13.03,13.03,13.03,13.03,128.0,BUR
2024-10-07 10:07:00,13.04,13.04,13.04,13.04,160.0,BUR
2024-10-07 10:05:00,13.04,13.04,13.04,13.04,935.0,BUR
2024-10-07 09:56:00,13.05,13.05,13.05,13.05,571.0,BUR
2024-10-07 09:55:00,13.04,13.04,13.04,13.04,216.0,BUR
2024-10-07 09:54:00,13.055,13.055,13.055,13.055,116.0,BUR
2024-10-07 09:51:00,13.08,13.08,13.08,13.08,500.0,BUR
2024-10-07 09:50:00,13.08,13.0897,13.075,13.0897,950.0,BUR
2024-10-07 09:47:00,13.09,13.12,13.09,13.115,2900.0,BUR
2024-10-07 09:45:00,13.09,13.09,13.0635,13.0635,1097.0,BUR
2024-10-07 09:44:00,13.1,13.1,13.1,13.1,161.0,BUR
2024-10-07 09:43:00,13.11,13.12,13.11,13.11,561.0,BUR
2024-10-07 09:42:00,13.1,13.1142,13.1,13.1,523.0,BUR
2024-10-07 09:41:00,13.13,13.13,13.11,13.11,433.0,BUR
2024-10-07 09:40:00,13.15,13.15,13.14,13.14,2535.0,BUR
2024-10-07 09:38:00,13.13,13.16,13.13,13.16,1413.0,BUR
2024-10-07 09:37:00,13.1176,13.1176,13.1176,13.1176,794.0,BUR
2024-10-07 09:35:00,13.13,13.13,13.11,13.13,510.0,BUR
2024-10-07 09:34:00,13.11,13.11,13.11,13.11,106.0,BUR
2024-10-07 09:30:00,13.15,13.15,13.12,13.12,3977.0,BUR
2024-10-07 08:02:00,13.29,13.29,13.29,13.29,1.0,BUR
2024-10-07 07:18:00,13.11,13.11,13.11,13.11,200.0,BUR
2024-10-07 07:15:00,13.11,13.11,13.11,13.11,50.0,BUR
2024-10-07 07:06:00,13.11,13.11,13.11,13.11,100.0,BUR
2024-10-07 06:26:00,13.08,13.09,13.08,13.09,890.0,BUR
2024-10-07 06:16:00,13.06,13.06,13.06,13.06,25.0,BUR
2024-10-07 05:49:00,13.06,13.06,13.06,13.06,200.0,BUR
2024-10-07 05:48:00,13.06,13.06,13.06,13.06,100.0,BUR
2024-10-07 05:00:00,13.09,13.09,13.09,13.09,99.0,BUR
2024-10-07 04:42:00,13.1,13.1,13.09,13.09,101.0,BUR
2024-10-07 04:40:00,13.1,13.1,13.1,13.1,1025.0,BUR
2024-10-07 04:34:00,13.11,13.11,13.11,13.11,200.0,BUR
2024-10-07 04:07:00,13.1,13.1,13.1,13.1,564.0,BUR
2024-10-07 04:03:00,13.16,13.17,13.16,13.17,379.0,BUR
2024-10-07 04:02:00,13.16,13.16,13.16,13.16,213.0,BUR
2024-10-07 04:01:00,13.16,13.16,13.16,13.16,300.0,BUR
2024-10-07 04:00:00,13.13,13.16,13.13,13.16,300.0,BUR
2024-10-04 19:00:00,13.29,13.29,13.29,13.29,60322.0,BUR
2024-10-04 18:30:00,13.29,13.29,13.29,13.29,60322.0,BUR
2024-10-04 16:10:00,13.29,13.29,13.29,13.29,60322.0,BUR
2024-10-04 16:01:00,13.29,13.29,13.29,13.29,2532.0,BUR
2024-10-04 16:00:00,13.31,13.31,13.29,13.29,156174.0,BUR
2024-10-04 15:59:00,13.27,13.31,13.27,13.31,38663.0,BUR
2024-10-04 15:58:00,13.265,13.27,13.265,13.265,1633.0,BUR
2024-10-04 15:57:00,13.26,13.265,13.26,13.26,4035.0,BUR
2024-10-04 15:56:00,13.25,13.25,13.247,13.247,3064.0,BUR
2024-10-04 15:55:00,13.255,13.265,13.25,13.25,7953.0,BUR
2024-10-04 15:54:00,13.255,13.26,13.255,13.26,1014.0,BUR
2024-10-04 15:53:00,13.25,13.25,13.25,13.25,703.0,BUR
2024-10-04 15:52:00,13.25,13.26,13.24,13.26,1684.0,BUR
2024-10-04 15:51:00,13.24,13.25,13.24,13.25,916.0,BUR
2024-10-04 15:50:00,13.255,13.255,13.25,13.25,2297.0,BUR
2024-10-04 15:49:00,13.245,13.255,13.245,13.255,5430.0,BUR
2024-10-04 15:48:00,13.25,13.25,13.245,13.245,446.0,BUR
2024-10-04 15:47:00,13.24,13.245,13.24,13.245,600.0,BUR
2024-10-04 15:46:00,13.25,13.25,13.25,13.25,680.0,BUR
2024-10-04 15:45:00,13.24,13.25,13.24,13.245,4359.0,BUR
2024-10-04 15:44:00,13.235,13.24,13.235,13.24,807.0,BUR
2024-10-04 15:43:00,13.23,13.23,13.23,13.23,206.0,BUR
2024-10-04 15:42:00,13.225,13.23,13.225,13.23,904.0,BUR
2024-10-04 15:41:00,13.22,13.225,13.22,13.225,1196.0,BUR
2024-10-04 15:40:00,13.22,13.22,13.215,13.215,235.0,BUR
2024-10-04 15:39:00,13.22,13.22,13.215,13.22,484.0,BUR
2024-10-04 15:38:00,13.219,13.219,13.219,13.219,352.0,BUR
2024-10-04 15:36:00,13.21,13.21,13.21,13.21,498.0,BUR
2024-10-04 15:34:00,13.2002,13.21,13.2002,13.21,1209.0,BUR
2024-10-04 15:33:00,13.2,13.2,13.2,13.2,327.0,BUR
2024-10-04 15:32:00,13.2,13.2,13.195,13.2,1764.0,BUR
2024-10-04 15:31:00,13.182,13.182,13.182,13.182,199.0,BUR
2024-10-04 15:30:00,13.19,13.19,13.19,13.19,376.0,BUR
2024-10-04 15:29:00,13.21,13.21,13.2,13.2,1398.0,BUR
2024-10-04 15:27:00,13.22,13.22,13.22,13.22,159.0,BUR
2024-10-04 15:26:00,13.22,13.22,13.22,13.22,253.0,BUR
2024-10-04 15:24:00,13.22,13.22,13.22,13.22,1652.0,BUR
2024-10-04 15:23:00,13.22,13.22,13.22,13.22,150.0,BUR
2024-10-04 15:22:00,13.24,13.24,13.23,13.23,1097.0,BUR
2024-10-04 15:21:00,13.24,13.24,13.24,13.24,434.0,BUR
2024-10-04 15:20:00,13.22,13.24,13.22,13.23,5535.0,BUR
2024-10-04 15:19:00,13.212,13.212,13.212,13.212,279.0,BUR
2024-10-04 15:16:00,13.21,13.21,13.21,13.21,561.0,BUR
2024-10-04 15:11:00,13.2,13.21,13.2,13.2,942.0,BUR
2024-10-04 15:10:00,13.21,13.21,13.21,13.21,335.0,BUR
2024-10-04 15:08:00,13.2125,13.2125,13.2125,13.2125,146.0,BUR
2024-10-04 15:07:00,13.23,13.23,13.21,13.21,7167.0,BUR
2024-10-04 15:05:00,13.24,13.24,13.24,13.24,973.0,BUR
2024-10-04 15:02:00,13.235,13.235,13.23,13.23,643.0,BUR
2024-10-04 15:00:00,13.25,13.25,13.24,13.24,1937.0,BUR
2024-10-04 14:59:00,13.24,13.25,13.24,13.25,2671.0,BUR
2024-10-04 14:57:00,13.24,13.24,13.24,13.24,212.0,BUR
2024-10-04 14:54:00,13.24,13.24,13.24,13.24,109.0,BUR
2024-10-04 14:53:00,13.24,13.24,13.24,13.24,117.0,BUR
2024-10-04 14:50:00,13.23,13.23,13.23,13.23,372.0,BUR
2024-10-04 14:49:00,13.2237,13.2237,13.2237,13.2237,306.0,BUR
2024-10-04 14:48:00,13.23,13.23,13.23,13.23,114.0,BUR
2024-10-04 14:47:00,13.23,13.23,13.22,13.22,1591.0,BUR
2024-10-04 14:46:00,13.22,13.23,13.22,13.23,989.0,BUR
2024-10-04 14:45:00,13.22,13.22,13.21,13.21,500.0,BUR
2024-10-04 14:43:00,13.22,13.22,13.22,13.22,207.0,BUR
2024-10-04 14:40:00,13.21,13.21,13.21,13.21,113.0,BUR
2024-10-04 14:39:00,13.22,13.22,13.22,13.22,248.0,BUR
2024-10-04 14:38:00,13.21,13.21,13.21,13.21,149.0,BUR
2024-10-04 14:37:00,13.22,13.22,13.22,13.22,142.0,BUR
2024-10-04 14:36:00,13.22,13.22,13.22,13.22,174.0,BUR
2024-10-04 14:35:00,13.21,13.21,13.21,13.21,318.0,BUR
2024-10-04 14:33:00,13.21,13.21,13.21,13.21,382.0,BUR
2024-10-04 14:30:00,13.2,13.2,13.2,13.2,280.0,BUR
2024-10-04 14:22:00,13.2,13.2,13.2,13.2,108.0,BUR
2024-10-04 14:21:00,13.2101,13.2106,13.2,13.2,3337.0,BUR
2024-10-04 14:20:00,13.21,13.22,13.21,13.21,2333.0,BUR
2024-10-04 14:16:00,13.2,13.2,13.2,13.2,221.0,BUR
2024-10-04 14:15:00,13.19,13.19,13.19,13.19,336.0,BUR
2024-10-04 14:14:00,13.1984,13.1984,13.1984,13.1984,317.0,BUR
2024-10-04 14:11:00,13.19,13.19,13.19,13.19,146.0,BUR
2024-10-04 14:10:00,13.185,13.19,13.185,13.19,446.0,BUR
2024-10-04 14:07:00,13.2,13.2,13.19,13.19,270.0,BUR
2024-10-04 14:04:00,13.19,13.19,13.19,13.19,297.0,BUR
2024-10-04 13:57:00,13.19,13.19,13.19,13.19,326.0,BUR
2024-10-04 13:52:00,13.19,13.19,13.19,13.19,248.0,BUR
2024-10-04 13:50:00,13.2,13.2,13.2,13.2,690.0,BUR
2024-10-04 13:48:00,13.21,13.21,13.21,13.21,472.0,BUR
2024-10-04 13:47:00,13.21,13.21,13.21,13.21,291.0,BUR
2024-10-04 13:44:00,13.21,13.21,13.21,13.21,414.0,BUR
2024-10-04 13:39:00,13.2,13.2,13.2,13.2,492.0,BUR
2024-10-04 13:38:00,13.18,13.19,13.18,13.19,1728.0,BUR
2024-10-04 13:37:00,13.19,13.19,13.18,13.18,870.0,BUR
2024-10-04 13:35:00,13.192,13.2,13.192,13.194,2473.0,BUR
2024-10-04 13:33:00,13.22,13.22,13.22,13.22,273.0,BUR
2024-10-04 13:32:00,13.2257,13.2257,13.22,13.22,385.0,BUR
2024-10-04 13:30:00,13.23,13.23,13.22,13.22,557.0,BUR
2024-10-04 13:29:00,13.24,13.24,13.24,13.24,906.0,BUR
2024-10-04 13:25:00,13.25,13.25,13.25,13.25,110.0,BUR
2024-10-04 13:24:00,13.249,13.249,13.249,13.249,437.0,BUR
2024-10-04 13:23:00,13.25,13.25,13.25,13.25,884.0,BUR
2024-10-04 13:22:00,13.26,13.26,13.26,13.26,247.0,BUR
2024-10-04 13:21:00,13.26,13.26,13.26,13.26,297.0,BUR
2024-10-04 13:20:00,13.26,13.2693,13.26,13.2693,2040.0,BUR
2024-10-04 13:17:00,13.24,13.24,13.24,13.24,729.0,BUR
2024-10-04 13:11:00,13.23,13.23,13.23,13.23,125.0,BUR
2024-10-04 13:08:00,13.2499,13.2499,13.24,13.24,717.0,BUR
2024-10-04 13:05:00,13.2418,13.2418,13.2418,13.2418,146.0,BUR
2024-10-04 13:01:00,13.265,13.265,13.25,13.25,2584.0,BUR
2024-10-04 12:59:00,13.26,13.26,13.26,13.26,2561.0,BUR
2024-10-04 12:51:00,13.27,13.27,13.26,13.26,1526.0,BUR
2024-10-04 12:50:00,13.28,13.28,13.28,13.28,483.0,BUR
2024-10-04 12:49:00,13.2726,13.2726,13.2726,13.2726,113.0,BUR
2024-10-04 12:45:00,13.28,13.28,13.28,13.28,670.0,BUR
2024-10-04 12:44:00,13.2615,13.2737,13.2615,13.2737,1927.0,BUR
2024-10-04 12:42:00,13.27,13.27,13.27,13.27,399.0,BUR
2024-10-04 12:40:00,13.27,13.27,13.27,13.27,728.0,BUR
2024-10-04 12:38:00,13.27,13.28,13.26,13.28,2048.0,BUR
2024-10-04 12:34:00,13.3,13.3,13.26,13.26,2612.0,BUR
2024-10-04 12:33:00,13.31,13.31,13.31,13.31,921.0,BUR
2024-10-04 12:32:00,13.31,13.31,13.31,13.31,445.0,BUR
2024-10-04 12:31:00,13.31,13.31,13.31,13.31,503.0,BUR
2024-10-04 12:30:00,13.3,13.3,13.3,13.3,188.0,BUR
2024-10-04 12:29:00,13.31,13.31,13.3053,13.3053,635.0,BUR
2024-10-04 12:28:00,13.3,13.31,13.29,13.31,2353.0,BUR
2024-10-04 12:27:00,13.305,13.305,13.305,13.305,375.0,BUR
2024-10-04 12:26:00,13.31,13.31,13.31,13.31,108.0,BUR
2024-10-04 12:25:00,13.3,13.31,13.3,13.31,629.0,BUR
2024-10-04 12:24:00,13.31,13.31,13.31,13.31,234.0,BUR
2024-10-04 12:23:00,13.31,13.31,13.3,13.31,1226.0,BUR
2024-10-04 12:22:00,13.3,13.3,13.3,13.3,207.0,BUR
2024-10-04 12:21:00,13.3,13.3,13.3,13.3,182.0,BUR
2024-10-04 12:20:00,13.29,13.29,13.29,13.29,164.0,BUR
2024-10-04 12:18:00,13.3,13.3,13.3,13.3,220.0,BUR
2024-10-04 12:17:00,13.29,13.3,13.29,13.3,604.0,BUR
2024-10-04 12:15:00,13.28,13.29,13.28,13.28,338.0,BUR
2024-10-04 12:11:00,13.2701,13.2701,13.2701,13.2701,293.0,BUR
2024-10-04 12:10:00,13.275,13.275,13.275,13.275,283.0,BUR
2024-10-04 12:08:00,13.28,13.28,13.28,13.28,1331.0,BUR
2024-10-04 12:07:00,13.3,13.3,13.3,13.3,182.0,BUR
2024-10-04 12:06:00,13.3,13.3,13.28,13.28,812.0,BUR
2024-10-04 12:05:00,13.3,13.3,13.29,13.29,1584.0,BUR
2024-10-04 12:04:00,13.31,13.31,13.31,13.31,281.0,BUR
2024-10-04 11:59:00,13.28,13.3,13.28,13.3,1104.0,BUR
2024-10-04 11:56:00,13.28,13.28,13.27,13.27,922.0,BUR
2024-10-04 11:55:00,13.27,13.27,13.27,13.27,1112.0,BUR
2024-10-04 11:53:00,13.25,13.25,13.25,13.25,529.0,BUR
2024-10-04 11:50:00,13.23,13.23,13.23,13.23,745.0,BUR
2024-10-04 11:49:00,13.24,13.24,13.24,13.24,272.0,BUR
2024-10-04 11:47:00,13.23,13.23,13.23,13.23,490.0,BUR
2024-10-04 11:45:00,13.23,13.23,13.23,13.23,1685.0,BUR
2024-10-04 11:42:00,13.22,13.22,13.21,13.22,3887.0,BUR
2024-10-04 11:41:00,13.21,13.22,13.21,13.22,1996.0,BUR
2024-10-04 11:40:00,13.21,13.21,13.21,13.21,1062.0,BUR
2024-10-04 11:39:00,13.21,13.21,13.19,13.19,367.0,BUR
2024-10-04 11:36:00,13.2,13.2,13.2,13.2,697.0,BUR
2024-10-04 11:35:00,13.225,13.225,13.21,13.21,1103.0,BUR
2024-10-04 11:34:00,13.2,13.22,13.2,13.22,1022.0,BUR
2024-10-04 11:32:00,13.19,13.19,13.19,13.19,291.0,BUR
2024-10-04 11:30:00,13.19,13.19,13.18,13.19,2287.0,BUR
2024-10-04 11:28:00,13.19,13.19,13.18,13.18,806.0,BUR
2024-10-04 11:26:00,13.17,13.18,13.17,13.18,518.0,BUR
2024-10-04 11:24:00,13.17,13.17,13.17,13.17,379.0,BUR
2024-10-04 11:23:00,13.17,13.17,13.16,13.17,2355.0,BUR
2024-10-04 11:22:00,13.18,13.18,13.18,13.18,1037.0,BUR
2024-10-04 11:21:00,13.185,13.185,13.18,13.18,262.0,BUR
2024-10-04 11:20:00,13.18,13.18,13.16,13.17,1979.0,BUR
2024-10-04 11:19:00,13.18,13.18,13.18,13.18,1053.0,BUR
2024-10-04 11:18:00,13.18,13.18,13.18,13.18,518.0,BUR
2024-10-04 11:15:00,13.18,13.18,13.17,13.17,1041.0,BUR
2024-10-04 11:13:00,13.19,13.19,13.18,13.18,527.0,BUR
2024-10-04 11:11:00,13.2,13.2,13.18,13.19,1426.0,BUR
2024-10-04 11:10:00,13.19,13.19,13.18,13.18,570.0,BUR
2024-10-04 11:07:00,13.17,13.17,13.17,13.17,189.0,BUR
2024-10-04 11:06:00,13.19,13.19,13.19,13.19,590.0,BUR
2024-10-04 11:05:00,13.17,13.17,13.17,13.17,980.0,BUR
2024-10-04 11:03:00,13.16,13.16,13.16,13.16,316.0,BUR
2024-10-04 11:02:00,13.16,13.16,13.16,13.16,353.0,BUR
2024-10-04 11:01:00,13.16,13.16,13.14,13.14,945.0,BUR
2024-10-04 11:00:00,13.17,13.17,13.15,13.15,1994.0,BUR
2024-10-04 10:59:00,13.13,13.16,13.13,13.16,2662.0,BUR
2024-10-04 10:58:00,13.12,13.12,13.12,13.12,201.0,BUR
2024-10-04 10:55:00,13.11,13.11,13.11,13.11,333.0,BUR
2024-10-04 10:54:00,13.12,13.12,13.12,13.12,327.0,BUR
2024-10-04 10:52:00,13.1,13.12,13.1,13.11,1333.0,BUR
2024-10-04 10:51:00,13.1,13.1,13.1,13.1,281.0,BUR
2024-10-04 10:50:00,13.11,13.11,13.11,13.11,746.0,BUR
2024-10-04 10:49:00,13.09,13.1,13.09,13.1,643.0,BUR
2024-10-04 10:48:00,13.08,13.09,13.08,13.09,923.0,BUR
2024-10-04 10:47:00,13.1,13.12,13.1,13.1,2952.0,BUR
2024-10-04 10:46:00,13.08,13.09,13.08,13.09,397.0,BUR
2024-10-04 10:43:00,13.08,13.09,13.08,13.09,321.0,BUR
2024-10-04 10:42:00,13.09,13.09,13.09,13.09,160.0,BUR
2024-10-04 10:41:00,13.08,13.08,13.08,13.08,1282.0,BUR
2024-10-04 10:40:00,13.062,13.062,13.062,13.062,308.0,BUR
2024-10-04 10:39:00,13.08,13.08,13.07,13.07,873.0,BUR
2024-10-04 10:38:00,13.1,13.1,13.1,13.1,858.0,BUR
2024-10-04 10:37:00,13.11,13.11,13.09,13.09,779.0,BUR
2024-10-04 10:36:00,13.11,13.11,13.11,13.11,432.0,BUR
2024-10-04 10:34:00,13.11,13.11,13.11,13.11,614.0,BUR
2024-10-04 10:33:00,13.1,13.1,13.1,13.1,485.0,BUR
2024-10-04 10:32:00,13.12,13.12,13.12,13.12,621.0,BUR
2024-10-04 10:31:00,13.12,13.16,13.11,13.16,1721.0,BUR
2024-10-04 10:30:00,13.12,13.139,13.12,13.139,802.0,BUR
2024-10-04 10:29:00,13.14,13.14,13.13,13.13,836.0,BUR
2024-10-04 10:24:00,13.1382,13.1382,13.13,13.13,1043.0,BUR
2024-10-04 10:23:00,13.13,13.13,13.13,13.13,332.0,BUR
2024-10-04 10:22:00,13.13,13.16,13.13,13.16,2612.0,BUR
2024-10-04 10:20:00,13.18,13.18,13.16,13.17,2153.0,BUR
2024-10-04 10:18:00,13.19,13.19,13.18,13.18,806.0,BUR
2024-10-04 10:17:00,13.18,13.19,13.18,13.19,428.0,BUR
2024-10-04 10:16:00,13.16,13.16,13.16,13.16,396.0,BUR
2024-10-04 10:15:00,13.16,13.19,13.16,13.17,2147.0,BUR
2024-10-04 10:14:00,13.15,13.15,13.15,13.15,369.0,BUR
2024-10-04 10:13:00,13.14,13.15,13.14,13.145,1878.0,BUR
2024-10-04 10:12:00,13.1,13.14,13.09,13.13,4759.0,BUR
2024-10-04 10:09:00,13.12,13.12,13.12,13.12,740.0,BUR
2024-10-04 10:08:00,13.15,13.15,13.12,13.12,1479.0,BUR
2024-10-04 10:07:00,13.12,13.15,13.12,13.15,1714.0,BUR
2024-10-04 10:06:00,13.12,13.12,13.105,13.11,2220.0,BUR
2024-10-04 10:04:00,13.105,13.115,13.1,13.115,521.0,BUR
2024-10-04 10:03:00,13.12,13.12,13.12,13.12,450.0,BUR
2024-10-04 10:02:00,13.13,13.13,13.12,13.12,521.0,BUR
2024-10-04 10:01:00,13.13,13.13,13.1,13.11,805.0,BUR
2024-10-04 10:00:00,13.14,13.14,13.14,13.14,651.0,BUR
2024-10-04 09:59:00,13.14,13.14,13.13,13.13,599.0,BUR
2024-10-04 09:58:00,13.14,13.15,13.14,13.14,927.0,BUR
2024-10-04 09:57:00,13.13,13.13,13.13,13.13,318.0,BUR
2024-10-04 09:55:00,13.14,13.14,13.14,13.14,579.0,BUR
2024-10-04 09:54:00,13.14,13.14,13.14,13.14,464.0,BUR
2024-10-04 09:52:00,13.135,13.15,13.135,13.15,752.0,BUR
2024-10-04 09:51:00,13.16,13.18,13.12,13.12,3705.0,BUR
2024-10-04 09:49:00,13.19,13.19,13.19,13.19,351.0,BUR
2024-10-04 09:48:00,13.2,13.2,13.19,13.19,432.0,BUR
2024-10-04 09:46:00,13.19,13.19,13.19,13.19,307.0,BUR
2024-10-04 09:45:00,13.24,13.24,13.2,13.22,3129.0,BUR
2024-10-04 09:44:00,13.25,13.27,13.25,13.27,1111.0,BUR
2024-10-04 09:43:00,13.24,13.24,13.23,13.23,572.0,BUR
2024-10-04 09:41:00,13.23,13.23,13.23,13.23,308.0,BUR
2024-10-04 09:39:00,13.2077,13.2077,13.2077,13.2077,330.0,BUR
2024-10-04 09:38:00,13.18,13.18,13.18,13.18,652.0,BUR
2024-10-04 09:37:00,13.165,13.17,13.14,13.17,1045.0,BUR
2024-10-04 09:36:00,13.165,13.165,13.165,13.165,377.0,BUR
2024-10-04 09:35:00,13.13,13.17,13.12,13.15,7135.0,BUR
2024-10-04 09:33:00,13.105,13.105,13.105,13.105,502.0,BUR
2024-10-04 09:32:00,13.1,13.1,13.0906,13.0906,1003.0,BUR
2024-10-04 09:30:00,13.12,13.16,13.12,13.1425,8448.0,BUR
2024-10-04 09:29:00,13.08,13.14,13.08,13.14,1097.0,BUR
2024-10-04 09:27:00,13.09,13.09,13.09,13.09,40.0,BUR
2024-10-04 09:26:00,13.09,13.09,13.09,13.09,2.0,BUR
2024-10-04 09:14:00,13.08,13.09,13.06,13.08,1140.0,BUR
2024-10-04 09:13:00,13.08,13.08,13.08,13.08,1.0,BUR
2024-10-04 08:30:00,13.05,13.06,13.0,13.0,815.0,BUR
2024-10-04 05:51:00,12.99,12.99,12.99,12.99,400.0,BUR
2024-10-03 19:00:00,12.9,12.9,12.9,12.9,59196.0,BUR
2024-10-03 18:30:00,12.9,12.9,12.9,12.9,59196.0,BUR
2024-10-03 16:29:00,12.9,12.9,12.9,12.9,10354.0,BUR
2024-10-03 16:10:00,12.9,12.9,12.9,12.9,59196.0,BUR
2024-10-03 16:02:00,12.9,12.9,12.9,12.9,4325.0,BUR
2024-10-03 16:01:00,12.9,12.9,12.9,12.9,8723.0,BUR
2024-10-03 16:00:00,12.9,12.91,12.9,12.9,123539.0,BUR
2024-10-03 15:59:00,12.925,12.925,12.9,12.9,26246.0,BUR
2024-10-03 15:58:00,12.915,12.925,12.915,12.92,7585.0,BUR
2024-10-03 15:57:00,12.935,12.935,12.91,12.92,12786.0,BUR
2024-10-03 15:56:00,12.945,12.95,12.935,12.935,6874.0,BUR
2024-10-03 15:55:00,12.95,12.959,12.95,12.95,7193.0,BUR
2024-10-03 15:54:00,12.945,12.955,12.945,12.945,7693.0,BUR
2024-10-03 15:53:00,12.945,12.95,12.945,12.95,2178.0,BUR
2024-10-03 15:52:00,12.945,12.95,12.945,12.945,1891.0,BUR
2024-10-03 15:51:00,12.95,12.95,12.945,12.945,1602.0,BUR
2024-10-03 15:50:00,12.949,12.95,12.945,12.95,1940.0,BUR
2024-10-03 15:49:00,12.945,12.95,12.945,12.945,580.0,BUR
2024-10-03 15:48:00,12.945,12.95,12.945,12.95,340.0,BUR
2024-10-03 15:47:00,12.94,12.95,12.94,12.95,1302.0,BUR
2024-10-03 15:46:00,12.935,12.935,12.935,12.935,219.0,BUR
2024-10-03 15:45:00,12.94,12.94,12.94,12.94,1030.0,BUR
2024-10-03 15:44:00,12.94,12.945,12.94,12.94,1814.0,BUR
2024-10-03 15:43:00,12.95,12.95,12.94,12.94,708.0,BUR
2024-10-03 15:42:00,12.95,12.95,12.95,12.95,811.0,BUR
2024-10-03 15:41:00,12.95,12.95,12.95,12.95,443.0,BUR
2024-10-03 15:40:00,12.96,12.96,12.95,12.95,3047.0,BUR
2024-10-03 15:39:00,12.97,12.97,12.965,12.965,492.0,BUR
2024-10-03 15:38:00,12.965,12.97,12.965,12.97,966.0,BUR
2024-10-03 15:37:00,12.97,12.97,12.97,12.97,319.0,BUR
2024-10-03 15:36:00,12.97,12.97,12.965,12.965,358.0,BUR
2024-10-03 15:35:00,12.97,12.97,12.97,12.97,418.0,BUR
2024-10-03 15:34:00,12.965,12.965,12.965,12.965,520.0,BUR
2024-10-03 15:33:00,12.955,12.96,12.955,12.96,1113.0,BUR
2024-10-03 15:31:00,12.97,12.97,12.96,12.96,1407.0,BUR
2024-10-03 15:30:00,12.9654,12.9654,12.9654,12.9654,314.0,BUR
2024-10-03 15:29:00,12.96,12.96,12.96,12.96,1039.0,BUR
2024-10-03 15:28:00,12.96,12.96,12.96,12.96,447.0,BUR
2024-10-03 15:27:00,12.965,12.965,12.965,12.965,249.0,BUR
2024-10-03 15:26:00,12.96,12.96,12.96,12.96,137.0,BUR
2024-10-03 15:24:00,12.97,12.97,12.97,12.97,136.0,BUR
2024-10-03 15:23:00,12.96,12.96,12.96,12.96,305.0,BUR
2024-10-03 15:22:00,12.985,12.985,12.97,12.97,3566.0,BUR
2024-10-03 15:21:00,12.9822,12.9822,12.97,12.97,239.0,BUR
2024-10-03 15:20:00,12.98,12.98,12.98,12.98,202.0,BUR
2024-10-03 15:19:00,12.98,12.98,12.98,12.98,118.0,BUR
2024-10-03 15:18:00,12.97,12.98,12.97,12.97,2194.0,BUR
2024-10-03 15:16:00,12.985,12.99,12.98,12.98,943.0,BUR
2024-10-03 15:13:00,12.98,12.98,12.98,12.98,400.0,BUR
2024-10-03 15:11:00,12.98,12.98,12.97,12.97,369.0,BUR
2024-10-03 15:10:00,12.99,12.99,12.98,12.98,1527.0,BUR
2024-10-03 15:09:00,12.995,12.995,12.995,12.995,454.0,BUR
2024-10-03 15:08:00,13.0,13.0,12.99,12.99,420.0,BUR
2024-10-03 15:07:00,13.0,13.0,12.995,12.995,434.0,BUR
2024-10-03 15:06:00,12.995,12.995,12.995,12.995,139.0,BUR
2024-10-03 15:05:00,13.0,13.0,13.0,13.0,152.0,BUR
2024-10-03 15:04:00,12.99,12.99,12.99,12.99,462.0,BUR
2024-10-03 15:03:00,12.98,12.98,12.98,12.98,113.0,BUR
2024-10-03 15:02:00,12.99,12.99,12.99,12.99,1312.0,BUR
2024-10-03 15:00:00,12.995,12.995,12.985,12.985,1670.0,BUR
2024-10-03 14:59:00,12.995,12.995,12.995,12.995,162.0,BUR
2024-10-03 14:58:00,12.995,12.995,12.995,12.995,211.0,BUR
2024-10-03 14:57:00,12.99,12.99,12.99,12.99,101.0,BUR
2024-10-03 14:54:00,13.0,13.0,12.995,12.995,1398.0,BUR
2024-10-03 14:53:00,13.01,13.01,13.01,13.01,516.0,BUR
2024-10-03 14:52:00,13.0,13.0,13.0,13.0,700.0,BUR
2024-10-03 14:51:00,12.995,12.995,12.995,12.995,130.0,BUR
2024-10-03 14:50:00,12.99,12.99,12.99,12.99,376.0,BUR
2024-10-03 14:49:00,12.985,12.985,12.985,12.985,153.0,BUR
2024-10-03 14:48:00,12.99,12.99,12.985,12.985,400.0,BUR
2024-10-03 14:47:00,12.985,12.985,12.985,12.985,301.0,BUR
2024-10-03 14:45:00,12.99,12.99,12.99,12.99,1414.0,BUR
2024-10-03 14:42:00,12.99,12.99,12.99,12.99,111.0,BUR
2024-10-03 14:40:00,12.995,13.0,12.995,13.0,628.0,BUR
2024-10-03 14:39:00,12.995,12.995,12.99,12.99,391.0,BUR
2024-10-03 14:38:00,12.99,13.0,12.99,13.0,1059.0,BUR
2024-10-03 14:37:00,12.99,12.99,12.98,12.99,906.0,BUR
2024-10-03 14:36:00,12.99,13.0,12.99,13.0,366.0,BUR
2024-10-03 14:34:00,12.99,13.0,12.99,13.0,579.0,BUR
2024-10-03 14:32:00,12.98,12.98,12.98,12.98,326.0,BUR
2024-10-03 14:30:00,13.0,13.0,12.99,12.99,1860.0,BUR
2024-10-03 14:29:00,13.005,13.005,13.005,13.005,204.0,BUR
2024-10-03 14:28:00,13.005,13.005,13.005,13.005,168.0,BUR
2024-10-03 14:27:00,13.005,13.005,13.005,13.005,637.0,BUR
2024-10-03 14:26:00,13.0,13.0,13.0,13.0,462.0,BUR
2024-10-03 14:25:00,12.98,13.0,12.98,13.0,952.0,BUR
2024-10-03 14:23:00,12.98,12.98,12.98,12.98,236.0,BUR
2024-10-03 14:22:00,12.98,12.98,12.98,12.98,199.0,BUR
2024-10-03 14:20:00,12.98,12.98,12.98,12.98,286.0,BUR
2024-10-03 14:19:00,12.97,12.98,12.96,12.97,4297.0,BUR
2024-10-03 14:17:00,12.97,12.97,12.96,12.97,930.0,BUR
2024-10-03 14:16:00,12.97,12.97,12.97,12.97,292.0,BUR
2024-10-03 14:14:00,12.97,12.97,12.97,12.97,417.0,BUR
2024-10-03 14:13:00,12.97,12.97,12.97,12.97,361.0,BUR
2024-10-03 14:12:00,12.97,12.97,12.97,12.97,150.0,BUR
2024-10-03 14:09:00,12.96,12.97,12.96,12.97,427.0,BUR
2024-10-03 14:08:00,12.96,12.96,12.96,12.96,176.0,BUR
2024-10-03 14:06:00,12.955,12.975,12.955,12.975,1615.0,BUR
2024-10-03 14:04:00,12.9592,12.9592,12.9592,12.9592,3939.0,BUR
2024-10-03 14:02:00,12.96,12.96,12.95,12.95,652.0,BUR
2024-10-03 14:01:00,12.96,12.96,12.95,12.95,376.0,BUR
2024-10-03 13:59:00,12.95,12.95,12.95,12.95,309.0,BUR
2024-10-03 13:58:00,12.945,12.95,12.945,12.95,454.0,BUR
2024-10-03 13:57:00,12.95,12.95,12.95,12.95,729.0,BUR
2024-10-03 13:56:00,12.96,12.96,12.955,12.955,1466.0,BUR
2024-10-03 13:55:00,12.965,12.965,12.965,12.965,518.0,BUR
2024-10-03 13:54:00,12.965,12.965,12.96,12.96,250.0,BUR
2024-10-03 13:53:00,12.965,12.965,12.965,12.965,196.0,BUR
2024-10-03 13:52:00,12.96,12.96,12.96,12.96,125.0,BUR
2024-10-03 13:51:00,12.96,12.96,12.96,12.96,534.0,BUR
2024-10-03 13:49:00,12.97,12.97,12.96,12.96,604.0,BUR
2024-10-03 13:48:00,12.96,12.96,12.96,12.96,131.0,BUR
2024-10-03 13:47:00,12.96,12.965,12.96,12.965,236.0,BUR
2024-10-03 13:46:00,12.965,12.965,12.96,12.96,444.0,BUR
2024-10-03 13:45:00,12.965,12.965,12.965,12.965,140.0,BUR
2024-10-03 13:44:00,12.939,12.96,12.939,12.96,1413.0,BUR
2024-10-03 13:42:00,12.94,12.94,12.94,12.94,976.0,BUR
2024-10-03 13:41:00,12.958,12.958,12.958,12.958,155.0,BUR
2024-10-03 13:40:00,12.95,12.96,12.95,12.95,3293.0,BUR
2024-10-03 13:38:00,12.96,12.96,12.96,12.96,663.0,BUR
2024-10-03 13:37:00,12.95,12.95,12.95,12.95,344.0,BUR
2024-10-03 13:36:00,12.97,12.97,12.96,12.96,1465.0,BUR
2024-10-03 13:34:00,12.96,12.96,12.96,12.96,107.0,BUR
2024-10-03 13:33:00,12.96,12.96,12.96,12.96,225.0,BUR
2024-10-03 13:32:00,12.9565,12.96,12.9565,12.96,219.0,BUR
2024-10-03 13:31:00,12.95,12.955,12.95,12.955,372.0,BUR
2024-10-03 13:30:00,12.94,12.94,12.94,12.94,200.0,BUR
2024-10-03 13:28:00,12.95,12.95,12.94,12.94,3821.0,BUR
2024-10-03 13:27:00,12.97,12.97,12.97,12.97,470.0,BUR
2024-10-03 13:26:00,12.97,12.97,12.97,12.97,868.0,BUR
2024-10-03 13:25:00,12.9678,12.9678,12.96,12.96,595.0,BUR
2024-10-03 13:24:00,12.96,12.96,12.96,12.96,333.0,BUR
2024-10-03 13:23:00,12.96,12.96,12.96,12.96,348.0,BUR
2024-10-03 13:22:00,12.96,12.96,12.96,12.96,483.0,BUR
2024-10-03 13:21:00,12.95,12.95,12.95,12.95,483.0,BUR
2024-10-03 13:19:00,12.94,12.94,12.94,12.94,108.0,BUR
2024-10-03 13:17:00,12.94,12.94,12.93,12.94,1733.0,BUR
2024-10-03 13:16:00,12.94,12.9408,12.94,12.9408,468.0,BUR
2024-10-03 13:15:00,12.95,12.96,12.95,12.95,996.0,BUR
2024-10-03 13:13:00,12.96,12.96,12.96,12.96,421.0,BUR
2024-10-03 13:12:00,12.96,12.96,12.95,12.95,700.0,BUR
2024-10-03 13:11:00,12.96,12.96,12.96,12.96,364.0,BUR
2024-10-03 13:10:00,12.96,12.96,12.96,12.96,431.0,BUR
2024-10-03 13:08:00,12.96,12.96,12.96,12.96,100.0,BUR
2024-10-03 13:07:00,12.95,12.96,12.95,12.96,976.0,BUR
2024-10-03 13:06:00,12.955,12.955,12.955,12.955,581.0,BUR
2024-10-03 13:05:00,12.95,12.95,12.95,12.95,206.0,BUR
2024-10-03 13:04:00,12.95,12.95,12.95,12.95,124.0,BUR
2024-10-03 13:02:00,12.95,12.95,12.95,12.95,349.0,BUR
2024-10-03 13:00:00,12.97,12.97,12.95,12.9501,1515.0,BUR
2024-10-03 12:59:00,12.98,12.98,12.98,12.98,237.0,BUR
2024-10-03 12:58:00,12.98,12.98,12.98,12.98,1417.0,BUR
2024-10-03 12:57:00,12.99,12.99,12.99,12.99,539.0,BUR
2024-10-03 12:56:00,12.96,12.98,12.96,12.97,2155.0,BUR
2024-10-03 12:55:00,12.95,12.95,12.95,12.95,202.0,BUR
2024-10-03 12:49:00,12.96,12.96,12.96,12.96,394.0,BUR
2024-10-03 12:47:00,12.99,12.99,12.98,12.98,942.0,BUR
2024-10-03 12:46:00,12.98,12.98,12.98,12.98,303.0,BUR
2024-10-03 12:44:00,12.99,12.99,12.99,12.99,142.0,BUR
2024-10-03 12:43:00,12.99,12.99,12.985,12.985,2062.0,BUR
2024-10-03 12:39:00,12.99,12.99,12.99,12.99,133.0,BUR
2024-10-03 12:37:00,13.0,13.0,13.0,13.0,163.0,BUR
2024-10-03 12:36:00,13.0,13.0,13.0,13.0,645.0,BUR
2024-10-03 12:33:00,13.0,13.01,13.0,13.01,471.0,BUR
2024-10-03 12:32:00,12.99,13.01,12.99,13.01,1497.0,BUR
2024-10-03 12:30:00,13.01,13.01,12.99,12.99,1698.0,BUR
2024-10-03 12:29:00,13.02,13.02,13.02,13.02,303.0,BUR
2024-10-03 12:28:00,13.02,13.02,13.01,13.02,359.0,BUR
2024-10-03 12:26:00,13.01,13.01,13.01,13.01,203.0,BUR
2024-10-03 12:25:00,13.02,13.02,13.0,13.02,5078.0,BUR
2024-10-03 12:24:00,13.01,13.02,13.01,13.02,679.0,BUR
2024-10-03 12:23:00,13.02,13.03,13.01,13.03,766.0,BUR
2024-10-03 12:21:00,13.02,13.02,13.02,13.02,336.0,BUR
2024-10-03 12:20:00,13.02,13.02,13.02,13.02,196.0,BUR
2024-10-03 12:19:00,13.02,13.02,13.02,13.02,261.0,BUR
2024-10-03 12:18:00,13.02,13.02,13.02,13.02,350.0,BUR
2024-10-03 12:17:00,13.02,13.02,13.02,13.02,350.0,BUR
2024-10-03 12:16:00,13.02,13.02,13.02,13.02,403.0,BUR
2024-10-03 12:15:00,13.02,13.02,13.02,13.02,136.0,BUR
2024-10-03 12:12:00,13.02,13.02,13.02,13.02,541.0,BUR
2024-10-03 12:11:00,13.02,13.02,13.015,13.015,316.0,BUR
2024-10-03 12:10:00,13.015,13.015,13.015,13.015,235.0,BUR
2024-10-03 12:09:00,13.015,13.015,13.015,13.015,604.0,BUR
2024-10-03 12:08:00,13.015,13.015,13.015,13.015,507.0,BUR
2024-10-03 12:07:00,13.02,13.02,13.015,13.015,540.0,BUR
2024-10-03 12:06:00,13.015,13.015,13.015,13.015,138.0,BUR
2024-10-03 12:05:00,13.0035,13.01,13.0035,13.01,1430.0,BUR
2024-10-03 12:03:00,13.0,13.0,13.0,13.0,153.0,BUR
2024-10-03 12:02:00,13.0,13.0,13.0,13.0,201.0,BUR
2024-10-03 12:00:00,13.01,13.01,13.005,13.005,722.0,BUR
2024-10-03 11:58:00,13.02,13.02,13.02,13.02,954.0,BUR
2024-10-03 11:56:00,13.02,13.03,13.02,13.03,225.0,BUR
2024-10-03 11:55:00,13.03,13.03,13.03,13.03,149.0,BUR
2024-10-03 11:54:00,13.03,13.03,13.03,13.03,558.0,BUR
2024-10-03 11:52:00,13.03,13.03,13.03,13.03,585.0,BUR
2024-10-03 11:50:00,13.025,13.025,13.025,13.025,409.0,BUR
2024-10-03 11:48:00,13.025,13.03,13.025,13.03,305.0,BUR
2024-10-03 11:46:00,13.025,13.025,13.02,13.02,565.0,BUR
2024-10-03 11:45:00,13.02,13.02,13.02,13.02,411.0,BUR
2024-10-03 11:44:00,13.02,13.02,13.02,13.02,268.0,BUR
2024-10-03 11:42:00,13.02,13.02,13.02,13.02,313.0,BUR
2024-10-03 11:41:00,13.01,13.01,13.01,13.01,320.0,BUR
2024-10-03 11:40:00,13.01,13.01,13.01,13.01,564.0,BUR
2024-10-03 11:38:00,13.005,13.005,13.005,13.005,183.0,BUR
2024-10-03 11:37:00,12.95,12.985,12.95,12.98,2429.0,BUR
2024-10-03 11:31:00,12.92,12.93,12.91,12.93,4206.0,BUR
2024-10-03 11:30:00,12.92,12.93,12.92,12.92,1076.0,BUR
2024-10-03 11:29:00,12.92,12.92,12.92,12.92,268.0,BUR
2024-10-03 11:28:00,12.91,12.91,12.91,12.91,269.0,BUR
2024-10-03 11:27:00,12.92,12.92,12.92,12.92,285.0,BUR
2024-10-03 11:23:00,12.93,12.93,12.9,12.91,5594.0,BUR
2024-10-03 11:22:00,12.93,12.93,12.93,12.93,181.0,BUR
2024-10-03 11:21:00,12.92,12.92,12.92,12.92,115.0,BUR
2024-10-03 11:20:00,12.91,12.91,12.91,12.91,183.0,BUR
2024-10-03 11:16:00,12.92,12.92,12.92,12.92,122.0,BUR
2024-10-03 11:15:00,12.9,12.9,12.9,12.9,468.0,BUR
2024-10-03 11:14:00,12.89,12.9,12.89,12.9,312.0,BUR
2024-10-03 11:13:00,12.89,12.89,12.88,12.89,695.0,BUR
2024-10-03 11:11:00,12.9,12.9,12.9,12.9,492.0,BUR
2024-10-03 11:10:00,12.9,12.9,12.9,12.9,593.0,BUR
2024-10-03 11:09:00,12.91,12.91,12.91,12.91,108.0,BUR
2024-10-03 11:07:00,12.91,12.91,12.91,12.91,116.0,BUR
2024-10-03 11:06:00,12.89,12.89,12.88,12.88,1197.0,BUR
2024-10-03 11:05:00,12.87,12.87,12.87,12.87,101.0,BUR
2024-10-03 11:03:00,12.88,12.88,12.88,12.88,204.0,BUR
2024-10-03 11:02:00,12.88,12.88,12.88,12.88,202.0,BUR
2024-10-03 11:01:00,12.88,12.88,12.88,12.88,303.0,BUR
2024-10-03 11:00:00,12.89,12.89,12.88,12.88,359.0,BUR
2024-10-03 10:59:00,12.9,12.9,12.9,12.9,846.0,BUR
2024-10-03 10:58:00,12.905,12.905,12.905,12.905,294.0,BUR
2024-10-03 10:55:00,12.91,12.91,12.91,12.91,203.0,BUR
2024-10-03 10:53:00,12.9,12.905,12.9,12.905,303.0,BUR
2024-10-03 10:51:00,12.895,12.895,12.895,12.895,102.0,BUR
2024-10-03 10:46:00,12.885,12.9,12.885,12.9,557.0,BUR
2024-10-03 10:45:00,12.88,12.88,12.88,12.88,167.0,BUR
2024-10-03 10:41:00,12.88,12.88,12.88,12.88,384.0,BUR
2024-10-03 10:40:00,12.89,12.89,12.88,12.88,609.0,BUR
2024-10-03 10:38:00,12.9,12.9,12.9,12.9,1051.0,BUR
2024-10-03 10:34:00,12.915,12.915,12.915,12.915,137.0,BUR
2024-10-03 10:32:00,12.91,12.91,12.91,12.91,177.0,BUR
2024-10-03 10:31:00,12.889,12.889,12.889,12.889,362.0,BUR
2024-10-03 10:30:00,12.905,12.905,12.905,12.905,226.0,BUR
2024-10-03 10:29:00,12.9,12.91,12.9,12.905,963.0,BUR
2024-10-03 10:28:00,12.89,12.9,12.86,12.89,8004.0,BUR
2024-10-03 10:24:00,12.91,12.91,12.91,12.91,134.0,BUR
2024-10-03 10:22:00,12.95,12.95,12.92,12.92,1044.0,BUR
2024-10-03 10:18:00,12.96,12.96,12.96,12.96,352.0,BUR
2024-10-03 10:17:00,12.96,12.96,12.96,12.96,261.0,BUR
2024-10-03 10:16:00,12.95,12.95,12.95,12.95,181.0,BUR
2024-10-03 10:15:00,12.95,12.95,12.95,12.95,397.0,BUR
2024-10-03 10:14:00,12.94,12.94,12.92,12.93,1003.0,BUR
2024-10-03 10:13:00,12.97,12.97,12.95,12.95,546.0,BUR
2024-10-03 10:12:00,12.985,12.985,12.985,12.985,175.0,BUR
2024-10-03 10:10:00,12.99,12.99,12.99,12.99,177.0,BUR
2024-10-03 10:08:00,12.985,12.99,12.983,12.983,413.0,BUR
2024-10-03 10:07:00,12.96,12.96,12.96,12.96,155.0,BUR
2024-10-03 10:05:00,12.9399,12.94,12.9399,12.94,1204.0,BUR
2024-10-03 10:04:00,12.9202,12.9202,12.9202,12.9202,326.0,BUR
2024-10-03 10:00:00,12.9,12.9,12.9,12.9,415.0,BUR
2024-10-03 09:58:00,12.89,12.89,12.89,12.89,565.0,BUR
2024-10-03 09:56:00,12.88,12.88,12.88,12.88,234.0,BUR
2024-10-03 09:55:00,12.89,12.89,12.89,12.89,2073.0,BUR
2024-10-03 09:54:00,12.89,12.895,12.89,12.895,317.0,BUR
2024-10-03 09:53:00,12.88,12.89,12.88,12.89,755.0,BUR
2024-10-03 09:51:00,12.88,12.89,12.86,12.87,2637.0,BUR
2024-10-03 09:49:00,12.89,12.89,12.89,12.89,671.0,BUR
2024-10-03 09:45:00,12.95,12.95,12.93,12.93,736.0,BUR
2024-10-03 09:38:00,12.9841,12.9841,12.9841,12.9841,180.0,BUR
2024-10-03 09:37:00,12.97,12.97,12.97,12.97,174.0,BUR
2024-10-03 09:36:00,12.97,12.97,12.97,12.97,314.0,BUR
2024-10-03 09:35:00,12.975,13.0,12.975,12.975,300.0,BUR
2024-10-03 09:34:00,12.95,12.955,12.95,12.955,297.0,BUR
2024-10-03 09:33:00,12.94,12.94,12.94,12.94,153.0,BUR
2024-10-03 09:30:00,12.91,12.98,12.91,12.98,4367.0,BUR
2024-10-03 09:29:00,12.95,12.95,12.95,12.95,100.0,BUR
2024-10-03 09:27:00,12.97,12.97,12.97,12.97,240.0,BUR
2024-10-03 09:24:00,12.99,12.99,12.99,12.99,50.0,BUR
2024-10-03 05:15:00,12.86,12.86,12.86,12.86,100.0,BUR
2024-10-03 05:07:00,12.81,12.81,12.81,12.81,100.0,BUR
2024-10-03 05:06:00,12.8,12.8,12.8,12.8,80.0,BUR
2024-10-03 04:10:00,12.84,12.84,12.83,12.83,567.0,BUR
2024-10-03 04:09:00,12.85,12.85,12.84,12.84,112.0,BUR
2024-10-03 04:07:00,12.87,12.89,12.87,12.87,775.0,BUR
2024-10-03 04:00:00,13.0,13.0,13.0,13.0,500.0,BUR
2024-10-02 19:00:00,13.06,13.06,13.06,13.06,53309.0,BUR
2024-10-02 18:30:00,13.06,13.06,13.06,13.06,53309.0,BUR
2024-10-02 16:33:00,12.75,12.75,12.75,12.75,2.0,BUR
2024-10-02 16:10:00,13.06,13.06,13.06,13.06,53309.0,BUR
2024-10-02 16:02:00,13.06,13.06,13.06,13.06,2408.0,BUR
2024-10-02 16:01:00,13.06,13.06,13.06,13.06,3709.0,BUR
2024-10-02 16:00:00,13.07,13.07,13.06,13.06,109876.0,BUR
2024-10-02 15:59:00,13.075,13.08,13.055,13.07,10497.0,BUR
2024-10-02 15:58:00,13.075,13.075,13.07,13.075,1051.0,BUR
2024-10-02 15:57:00,13.075,13.075,13.07,13.07,3335.0,BUR
2024-10-02 15:56:00,13.0799,13.08,13.07,13.07,3437.0,BUR
2024-10-02 15:55:00,13.07,13.07,13.065,13.07,4507.0,BUR
2024-10-02 15:54:00,13.07,13.07,13.065,13.065,772.0,BUR
2024-10-02 15:53:00,13.07,13.07,13.07,13.07,349.0,BUR
2024-10-02 15:52:00,13.07,13.07,13.065,13.065,561.0,BUR
2024-10-02 15:51:00,13.06,13.07,13.06,13.06,984.0,BUR
2024-10-02 15:50:00,13.05,13.06,13.05,13.06,398.0,BUR
2024-10-02 15:49:00,13.04,13.06,13.03,13.06,4859.0,BUR
2024-10-02 15:48:00,13.05,13.05,13.04,13.04,1056.0,BUR
2024-10-02 15:47:00,13.05,13.05,13.05,13.05,448.0,BUR
2024-10-02 15:46:00,13.085,13.085,13.06,13.06,5270.0,BUR
2024-10-02 15:45:00,13.09,13.09,13.085,13.09,377.0,BUR
2024-10-02 15:43:00,13.085,13.09,13.08,13.08,705.0,BUR
2024-10-02 15:42:00,13.09,13.09,13.085,13.085,330.0,BUR
2024-10-02 15:41:00,13.1,13.105,13.09,13.09,4811.0,BUR
2024-10-02 15:40:00,13.1,13.1,13.1,13.1,467.0,BUR
2024-10-02 15:39:00,13.085,13.1,13.085,13.1,974.0,BUR
2024-10-02 15:38:00,13.085,13.09,13.085,13.09,361.0,BUR
2024-10-02 15:37:00,13.09,13.09,13.09,13.09,236.0,BUR
2024-10-02 15:36:00,13.085,13.085,13.085,13.085,173.0,BUR
2024-10-02 15:35:00,13.08,13.085,13.08,13.0807,1363.0,BUR
2024-10-02 15:34:00,13.075,13.0775,13.075,13.075,461.0,BUR
2024-10-02 15:30:00,13.08,13.08,13.075,13.08,3026.0,BUR
2024-10-02 15:29:00,13.085,13.085,13.085,13.085,137.0,BUR
2024-10-02 15:27:00,13.08,13.08,13.08,13.08,645.0,BUR
2024-10-02 15:26:00,13.078,13.078,13.078,13.078,417.0,BUR
2024-10-02 15:21:00,13.09,13.09,13.09,13.09,1229.0,BUR
2024-10-02 15:20:00,13.095,13.095,13.095,13.095,171.0,BUR
2024-10-02 15:19:00,13.09,13.09,13.09,13.09,538.0,BUR
2024-10-02 15:18:00,13.085,13.085,13.085,13.085,600.0,BUR
2024-10-02 15:17:00,13.095,13.095,13.09,13.09,984.0,BUR
2024-10-02 15:16:00,13.1,13.1,13.1,13.1,258.0,BUR
2024-10-02 15:15:00,13.1,13.1,13.1,13.1,2666.0,BUR
2024-10-02 15:14:00,13.1,13.115,13.1,13.115,711.0,BUR
2024-10-02 15:11:00,13.095,13.095,13.09,13.095,3939.0,BUR
2024-10-02 15:10:00,13.09,13.09,13.09,13.09,719.0,BUR
2024-10-02 15:07:00,13.08,13.08,13.08,13.08,2122.0,BUR
2024-10-02 15:05:00,13.085,13.085,13.085,13.085,306.0,BUR
2024-10-02 15:02:00,13.09,13.09,13.09,13.09,2404.0,BUR
2024-10-02 15:01:00,13.1,13.1,13.1,13.1,748.0,BUR
2024-10-02 15:00:00,13.1,13.1,13.09,13.1,3569.0,BUR
2024-10-02 14:59:00,13.07,13.1,13.07,13.095,3076.0,BUR
2024-10-02 14:53:00,13.0697,13.0697,13.0697,13.0697,293.0,BUR
2024-10-02 14:46:00,13.065,13.065,13.06,13.065,2951.0,BUR
2024-10-02 14:45:00,13.08,13.09,13.06,13.065,3881.0,BUR
2024-10-02 14:44:00,13.08,13.085,13.08,13.08,5130.0,BUR
2024-10-02 14:42:00,13.075,13.08,13.075,13.08,1055.0,BUR
2024-10-02 14:41:00,13.07,13.075,13.07,13.075,694.0,BUR
2024-10-02 14:39:00,13.065,13.065,13.065,13.065,175.0,BUR
2024-10-02 14:38:00,13.06,13.06,13.06,13.06,1392.0,BUR
2024-10-02 14:37:00,13.06,13.06,13.06,13.06,125.0,BUR
2024-10-02 14:35:00,13.0601,13.065,13.06,13.06,2700.0,BUR
2024-10-02 14:34:00,13.06,13.065,13.06,13.065,1100.0,BUR
2024-10-02 14:28:00,13.05,13.05,13.05,13.05,1000.0,BUR
2024-10-02 14:27:00,13.07,13.08,13.04,13.05,4046.0,BUR
2024-10-02 14:26:00,13.07,13.075,13.07,13.07,630.0,BUR
2024-10-02 14:24:00,13.08,13.08,13.07,13.0725,3890.0,BUR
2024-10-02 14:22:00,13.0695,13.075,13.0695,13.075,3147.0,BUR
2024-10-02 14:17:00,13.055,13.07,13.05,13.07,3572.0,BUR
2024-10-02 14:16:00,13.06,13.06,13.055,13.055,311.0,BUR
2024-10-02 14:15:00,13.04,13.05,13.04,13.05,7385.0,BUR
2024-10-02 14:13:00,13.03,13.035,13.03,13.03,515.0,BUR
2024-10-02 14:11:00,13.02,13.025,13.02,13.025,703.0,BUR
2024-10-02 14:06:00,13.015,13.015,13.015,13.015,102.0,BUR
2024-10-02 14:04:00,13.02,13.02,13.02,13.02,1392.0,BUR
2024-10-02 14:03:00,13.035,13.035,13.02,13.025,1631.0,BUR
2024-10-02 14:02:00,13.035,13.035,13.03,13.035,1914.0,BUR
2024-10-02 14:01:00,13.04,13.04,13.04,13.04,301.0,BUR
2024-10-02 14:00:00,13.03,13.03,13.03,13.03,185.0,BUR
2024-10-02 13:58:00,13.03,13.03,13.03,13.03,209.0,BUR
2024-10-02 13:57:00,13.02,13.025,13.0188,13.025,2158.0,BUR
2024-10-02 13:55:00,13.02,13.02,13.02,13.02,310.0,BUR
2024-10-02 13:54:00,13.02,13.02,13.015,13.015,1024.0,BUR
2024-10-02 13:53:00,13.02,13.02,13.02,13.02,101.0,BUR
2024-10-02 13:50:00,13.01,13.01,13.01,13.01,181.0,BUR
2024-10-02 13:48:00,13.02,13.02,13.0,13.01,1933.0,BUR
2024-10-02 13:44:00,13.0,13.0,13.0,13.0,225.0,BUR
2024-10-02 13:42:00,12.99,12.99,12.99,12.99,403.0,BUR
2024-10-02 13:40:00,12.99,12.99,12.99,12.99,300.0,BUR
2024-10-02 13:38:00,12.98,12.98,12.98,12.98,913.0,BUR
2024-10-02 13:35:00,12.97,12.98,12.97,12.9798,1323.0,BUR
2024-10-02 13:34:00,12.97,12.97,12.965,12.965,735.0,BUR
2024-10-02 13:32:00,12.9666,12.98,12.9666,12.9792,2259.0,BUR
2024-10-02 13:31:00,12.97,12.97,12.96,12.965,2064.0,BUR
2024-10-02 13:30:00,12.982,12.982,12.982,12.982,341.0,BUR
2024-10-02 13:29:00,12.98,12.98,12.98,12.98,226.0,BUR
2024-10-02 13:28:00,12.99,12.99,12.99,12.99,195.0,BUR
2024-10-02 13:27:00,12.99,12.99,12.98,12.98,1482.0,BUR
2024-10-02 13:25:00,12.9799,12.9799,12.975,12.975,13767.0,BUR
2024-10-02 13:24:00,12.97,12.97,12.97,12.97,127.0,BUR
2024-10-02 13:23:00,12.94,12.97,12.94,12.97,4015.0,BUR
2024-10-02 13:21:00,12.945,12.945,12.945,12.945,116.0,BUR
2024-10-02 13:16:00,12.945,12.945,12.945,12.945,115.0,BUR
2024-10-02 13:15:00,12.955,12.955,12.94,12.94,1097.0,BUR
2024-10-02 13:11:00,12.95,12.95,12.945,12.95,1478.0,BUR
2024-10-02 13:10:00,12.95,12.95,12.95,12.95,327.0,BUR
2024-10-02 13:08:00,12.96,12.96,12.96,12.96,363.0,BUR
2024-10-02 13:06:00,12.96,12.96,12.96,12.96,479.0,BUR
2024-10-02 13:05:00,12.96,12.96,12.96,12.96,476.0,BUR
2024-10-02 13:04:00,13.0,13.0,12.98,12.98,3089.0,BUR
2024-10-02 13:03:00,13.01,13.01,13.01,13.01,363.0,BUR
2024-10-02 13:01:00,13.01,13.01,13.01,13.01,280.0,BUR
2024-10-02 13:00:00,13.0,13.0,13.0,13.0,234.0,BUR
2024-10-02 12:59:00,13.0,13.01,13.0,13.01,288.0,BUR
2024-10-02 12:58:00,13.01,13.01,13.01,13.01,102.0,BUR
2024-10-02 12:57:00,13.01,13.01,13.01,13.01,230.0,BUR
2024-10-02 12:54:00,13.01,13.01,13.01,13.01,280.0,BUR
2024-10-02 12:50:00,13.0,13.0,13.0,13.0,130.0,BUR
2024-10-02 12:49:00,13.0,13.0,13.0,13.0,251.0,BUR
2024-10-02 12:45:00,13.0,13.0,13.0,13.0,353.0,BUR
2024-10-02 12:44:00,13.0,13.0,13.0,13.0,171.0,BUR
2024-10-02 12:43:00,13.0,13.005,13.0,13.005,402.0,BUR
2024-10-02 12:42:00,13.0,13.0,13.0,13.0,780.0,BUR
2024-10-02 12:40:00,13.0,13.0,13.0,13.0,922.0,BUR
2024-10-02 12:39:00,12.995,12.995,12.995,12.995,330.0,BUR
2024-10-02 12:38:00,12.995,12.995,12.995,12.995,102.0,BUR
2024-10-02 12:37:00,13.01,13.02,12.99,12.995,5355.0,BUR
2024-10-02 12:36:00,13.025,13.025,13.02,13.025,1761.0,BUR
2024-10-02 12:35:00,13.018,13.03,13.018,13.025,3077.0,BUR
2024-10-02 12:34:00,13.02,13.025,13.02,13.02,2232.0,BUR
2024-10-02 12:33:00,13.03,13.03,13.025,13.025,883.0,BUR
2024-10-02 12:32:00,13.02,13.03,13.02,13.03,1311.0,BUR
2024-10-02 12:31:00,13.02,13.02,13.02,13.02,277.0,BUR
2024-10-02 12:30:00,13.02,13.02,13.02,13.02,618.0,BUR
2024-10-02 12:28:00,13.02,13.02,13.02,13.02,382.0,BUR
2024-10-02 12:26:00,13.02,13.02,13.02,13.02,295.0,BUR
2024-10-02 12:25:00,13.02,13.02,13.02,13.02,679.0,BUR
2024-10-02 12:23:00,13.0,13.0,13.0,13.0,122.0,BUR
2024-10-02 12:22:00,13.0,13.0,13.0,13.0,140.0,BUR
2024-10-02 12:21:00,12.99,12.9995,12.99,12.995,1105.0,BUR
2024-10-02 12:20:00,12.98,12.98,12.98,12.98,113.0,BUR
2024-10-02 12:18:00,13.0099,13.0099,12.99,12.99,1120.0,BUR
2024-10-02 12:17:00,13.0,13.0,13.0,13.0,229.0,BUR
2024-10-02 12:15:00,13.0,13.005,13.0,13.005,265.0,BUR
2024-10-02 12:13:00,13.0061,13.0061,13.0061,13.0061,107.0,BUR
2024-10-02 12:12:00,13.0,13.0,13.0,13.0,300.0,BUR
2024-10-02 12:11:00,13.02,13.02,13.0,13.0,2718.0,BUR
2024-10-02 12:10:00,13.03,13.03,13.02,13.03,727.0,BUR
2024-10-02 12:07:00,13.01,13.02,13.01,13.02,617.0,BUR
2024-10-02 12:06:00,13.0,13.0,13.0,13.0,372.0,BUR
2024-10-02 12:05:00,12.9997,12.9997,12.9997,12.9997,601.0,BUR
2024-10-02 12:00:00,13.0,13.01,13.0,13.0017,4516.0,BUR
2024-10-02 11:59:00,13.0,13.0,13.0,13.0,119.0,BUR
2024-10-02 11:55:00,13.0,13.01,13.0,13.01,345.0,BUR
2024-10-02 11:54:00,13.01,13.01,13.01,13.01,172.0,BUR
2024-10-02 11:52:00,13.01,13.01,13.01,13.01,144.0,BUR
2024-10-02 11:51:00,13.0,13.0,13.0,13.0,213.0,BUR
2024-10-02 11:50:00,13.01,13.01,13.01,13.01,223.0,BUR
2024-10-02 11:47:00,13.0,13.0,13.0,13.0,101.0,BUR
2024-10-02 11:46:00,12.9999,13.0,12.9999,13.0,233.0,BUR
2024-10-02 11:41:00,12.99,12.99,12.99,12.99,238.0,BUR
2024-10-02 11:40:00,13.0,13.0,13.0,13.0,400.0,BUR
2024-10-02 11:39:00,13.0099,13.01,13.0099,13.01,1558.0,BUR
2024-10-02 11:38:00,13.005,13.01,13.005,13.01,886.0,BUR
2024-10-02 11:37:00,13.0,13.0,13.0,13.0,1706.0,BUR
2024-10-02 11:35:00,13.0,13.0,13.0,13.0,361.0,BUR
2024-10-02 11:34:00,13.0,13.0,12.995,12.995,243.0,BUR
2024-10-02 11:31:00,13.0,13.0,12.99,12.99,1271.0,BUR
2024-10-02 11:30:00,13.01,13.01,13.0,13.0,2493.0,BUR
2024-10-02 11:29:00,13.03,13.03,13.01,13.01,2992.0,BUR
2024-10-02 11:28:00,13.025,13.025,13.025,13.025,257.0,BUR
2024-10-02 11:27:00,13.01,13.025,13.01,13.025,1434.0,BUR
2024-10-02 11:24:00,13.0,13.0,13.0,13.0,174.0,BUR
2024-10-02 11:22:00,13.005,13.005,12.99,12.9975,3424.0,BUR
2024-10-02 11:21:00,13.002,13.002,13.002,13.002,402.0,BUR
2024-10-02 11:19:00,13.01,13.01,13.01,13.01,803.0,BUR
2024-10-02 11:17:00,12.99,12.99,12.99,12.99,531.0,BUR
2024-10-02 11:16:00,13.0,13.0,12.99,12.99,1095.0,BUR
2024-10-02 11:15:00,13.0,13.0,13.0,13.0,125.0,BUR
2024-10-02 11:14:00,12.99,12.99,12.99,12.99,886.0,BUR
2024-10-02 11:13:00,12.99,12.99,12.985,12.985,200.0,BUR
2024-10-02 11:12:00,13.005,13.005,12.99,12.99,1739.0,BUR
2024-10-02 11:11:00,13.01,13.01,13.0,13.005,331.0,BUR
2024-10-02 11:10:00,13.0,13.0,13.0,13.0,799.0,BUR
2024-10-02 11:09:00,12.99,13.0,12.99,13.0,207.0,BUR
2024-10-02 11:08:00,13.01,13.01,12.98,12.99,2481.0,BUR
2024-10-02 11:07:00,13.01,13.01,13.01,13.01,524.0,BUR
2024-10-02 11:06:00,13.02,13.02,13.01,13.015,1009.0,BUR
2024-10-02 11:05:00,13.02,13.02,13.02,13.02,106.0,BUR
2024-10-02 11:04:00,13.01,13.01,13.01,13.01,206.0,BUR
2024-10-02 11:03:00,12.99,12.995,12.99,12.99,1265.0,BUR
2024-10-02 11:02:00,12.98,12.98,12.98,12.98,576.0,BUR
2024-10-02 11:01:00,12.98,12.98,12.98,12.98,217.0,BUR
2024-10-02 11:00:00,12.97,12.97,12.96,12.97,2373.0,BUR
2024-10-02 10:59:00,12.98,12.98,12.98,12.98,294.0,BUR
2024-10-02 10:58:00,12.99,12.99,12.99,12.99,200.0,BUR
2024-10-02 10:57:00,12.99,12.99,12.99,12.99,131.0,BUR
2024-10-02 10:55:00,12.995,13.0,12.98,12.985,1770.0,BUR
2024-10-02 10:54:00,13.0,13.0,13.0,13.0,197.0,BUR
2024-10-02 10:52:00,12.99,12.99,12.97,12.98,2220.0,BUR
2024-10-02 10:51:00,12.995,12.995,12.995,12.995,111.0,BUR
2024-10-02 10:49:00,12.985,12.985,12.985,12.985,283.0,BUR
2024-10-02 10:47:00,12.98,12.98,12.98,12.98,262.0,BUR
2024-10-02 10:45:00,12.98,12.98,12.97,12.97,1048.0,BUR
2024-10-02 10:44:00,12.98,12.98,12.98,12.98,359.0,BUR
2024-10-02 10:42:00,12.99,12.995,12.99,12.995,336.0,BUR
2024-10-02 10:38:00,12.98,12.99,12.98,12.99,3734.0,BUR
2024-10-02 10:37:00,12.98,12.98,12.98,12.98,381.0,BUR
2024-10-02 10:36:00,13.0,13.0,12.95,12.98,4443.0,BUR
2024-10-02 10:35:00,13.01,13.015,13.005,13.005,1483.0,BUR
2024-10-02 10:34:00,13.02,13.02,13.01,13.015,409.0,BUR
2024-10-02 10:30:00,13.02,13.02,13.01,13.015,3166.0,BUR
2024-10-02 10:29:00,13.03,13.03,13.03,13.03,264.0,BUR
2024-10-02 10:28:00,13.03,13.03,13.03,13.03,100.0,BUR
2024-10-02 10:27:00,13.01,13.02,13.01,13.02,1584.0,BUR
2024-10-02 10:25:00,13.0,13.0,13.0,13.0,221.0,BUR
2024-10-02 10:24:00,12.995,12.995,12.995,12.995,138.0,BUR
2024-10-02 10:23:00,13.0,13.0,12.99,12.99,535.0,BUR
2024-10-02 10:22:00,13.04,13.04,13.01,13.01,2532.0,BUR
2024-10-02 10:20:00,13.05,13.05,13.05,13.05,323.0,BUR
2024-10-02 10:19:00,13.04,13.05,13.04,13.05,1294.0,BUR
2024-10-02 10:18:00,13.03,13.035,13.02,13.035,1677.0,BUR
2024-10-02 10:16:00,13.01,13.01,13.01,13.01,480.0,BUR
2024-10-02 10:15:00,13.01,13.01,13.01,13.01,1025.0,BUR
2024-10-02 10:14:00,13.01,13.0175,13.01,13.015,404.0,BUR
2024-10-02 10:10:00,13.03,13.03,13.01,13.01,4971.0,BUR
2024-10-02 10:06:00,12.98,13.01,12.96,13.01,3879.0,BUR
2024-10-02 10:05:00,12.98,12.98,12.98,12.98,654.0,BUR
2024-10-02 10:04:00,12.99,12.99,12.99,12.99,473.0,BUR
2024-10-02 10:03:00,12.97,12.97,12.97,12.97,353.0,BUR
2024-10-02 10:02:00,12.96,12.97,12.96,12.96,1056.0,BUR
2024-10-02 10:01:00,12.96,12.96,12.94,12.94,1106.0,BUR
2024-10-02 09:59:00,12.98,12.98,12.96,12.96,1812.0,BUR
2024-10-02 09:58:00,12.97,12.97,12.96,12.97,885.0,BUR
2024-10-02 09:57:00,12.975,12.975,12.975,12.975,156.0,BUR
2024-10-02 09:56:00,12.955,12.97,12.955,12.97,1305.0,BUR
2024-10-02 09:55:00,12.96,12.96,12.96,12.96,261.0,BUR
2024-10-02 09:53:00,12.97,12.97,12.95,12.95,3025.0,BUR
2024-10-02 09:50:00,12.95,12.965,12.95,12.96,1010.0,BUR
2024-10-02 09:49:00,12.94,12.94,12.94,12.94,226.0,BUR
2024-10-02 09:48:00,12.94,12.94,12.94,12.94,300.0,BUR
2024-10-02 09:47:00,12.91,12.93,12.91,12.93,327.0,BUR
2024-10-02 09:45:00,12.86,12.865,12.86,12.865,387.0,BUR
2024-10-02 09:44:00,12.87,12.87,12.86,12.86,2779.0,BUR
2024-10-02 09:43:00,12.855,12.87,12.855,12.87,3163.0,BUR
2024-10-02 09:42:00,12.86,12.86,12.86,12.86,256.0,BUR
2024-10-02 09:41:00,12.85,12.855,12.85,12.855,429.0,BUR
2024-10-02 09:40:00,12.825,12.855,12.825,12.855,1973.0,BUR
2024-10-02 09:39:00,12.84,12.84,12.83,12.84,578.0,BUR
2024-10-02 09:38:00,12.8,12.84,12.78,12.825,7230.0,BUR
2024-10-02 09:37:00,12.8,12.8,12.8,12.8,186.0,BUR
2024-10-02 09:36:00,12.79,12.81,12.79,12.8,3046.0,BUR
2024-10-02 09:35:00,12.7758,12.7758,12.7758,12.7758,300.0,BUR
2024-10-02 09:33:00,12.81,12.81,12.78,12.78,1832.0,BUR
2024-10-02 09:32:00,12.805,12.805,12.805,12.805,351.0,BUR
2024-10-02 09:31:00,12.815,12.815,12.8,12.8,2048.0,BUR
2024-10-02 09:30:00,12.82,12.82,12.815,12.815,2131.0,BUR
2024-10-02 08:49:00,12.78,12.79,12.78,12.79,1109.0,BUR
2024-10-02 08:33:00,12.77,12.78,12.77,12.78,2900.0,BUR
2024-10-02 08:00:00,12.7489,12.7583,12.7489,12.75,9.0,BUR
2024-10-02 07:24:00,12.65,12.65,12.62,12.62,1000.0,BUR
2024-10-02 07:15:00,12.65,12.65,12.65,12.65,25.0,BUR
2024-10-02 07:07:00,12.72,12.72,12.72,12.72,200.0,BUR
2024-10-02 07:00:00,12.74,12.74,12.74,12.74,50.0,BUR
2024-10-02 06:11:00,12.72,12.72,12.71,12.71,225.0,BUR
2024-10-02 04:57:00,12.8,12.8,12.8,12.8,200.0,BUR
2024-10-02 04:40:00,12.83,12.83,12.83,12.83,151.0,BUR
2024-10-01 19:00:00,12.84,12.84,12.84,12.84,120549.0,BUR
2024-10-01 18:30:00,12.84,12.84,12.84,12.84,120549.0,BUR
2024-10-01 16:22:00,12.84,12.84,12.84,12.84,93.0,BUR
2024-10-01 16:10:00,12.84,12.84,12.84,12.84,120549.0,BUR
2024-10-01 16:02:00,12.84,12.84,12.84,12.84,210.0,BUR
2024-10-01 16:01:00,12.84,12.84,12.84,12.84,8589.0,BUR
2024-10-01 16:00:00,12.86,12.87,12.84,12.84,248047.0,BUR
2024-10-01 15:59:00,12.865,12.8775,12.83,12.86,55149.0,BUR
2024-10-01 15:58:00,12.84,12.8699,12.83,12.86,32803.0,BUR
2024-10-01 15:57:00,12.88,12.88,12.84,12.84,37461.0,BUR
2024-10-01 15:56:00,12.94,12.94,12.87,12.88,17440.0,BUR
2024-10-01 15:55:00,12.94,12.945,12.93,12.935,5315.0,BUR
2024-10-01 15:54:00,12.935,12.94,12.93,12.94,2754.0,BUR
2024-10-01 15:53:00,12.94,12.94,12.93,12.935,4752.0,BUR
2024-10-01 15:52:00,12.955,12.955,12.94,12.95,4893.0,BUR
2024-10-01 15:51:00,12.96,12.96,12.96,12.96,1685.0,BUR
2024-10-01 15:50:00,12.96,12.9625,12.95,12.9625,3105.0,BUR
2024-10-01 15:49:00,12.97,12.97,12.96,12.965,2539.0,BUR
2024-10-01 15:48:00,12.96,12.975,12.96,12.975,1688.0,BUR
2024-10-01 15:47:00,12.95,12.955,12.95,12.955,558.0,BUR
2024-10-01 15:46:00,12.9549,12.9549,12.9549,12.9549,315.0,BUR
2024-10-01 15:45:00,12.95,12.95,12.95,12.95,230.0,BUR
2024-10-01 15:44:00,12.96,12.96,12.95,12.95,1844.0,BUR
2024-10-01 15:43:00,12.96,12.96,12.96,12.96,1808.0,BUR
2024-10-01 15:42:00,12.955,12.955,12.95,12.955,3131.0,BUR
2024-10-01 15:41:00,12.98,12.98,12.95,12.95,2523.0,BUR
2024-10-01 15:40:00,12.99,13.0,12.985,12.985,7437.0,BUR
2024-10-01 15:39:00,12.99,12.99,12.99,12.99,222.0,BUR
2024-10-01 15:38:00,12.97,12.97,12.97,12.97,788.0,BUR
2024-10-01 15:37:00,12.96,12.965,12.96,12.965,573.0,BUR
2024-10-01 15:36:00,12.95,12.96,12.95,12.96,1505.0,BUR
2024-10-01 15:35:00,12.98,12.98,12.95,12.95,4329.0,BUR
2024-10-01 15:34:00,12.98,12.98,12.98,12.98,171.0,BUR
2024-10-01 15:32:00,12.99,12.99,12.985,12.985,1489.0,BUR
2024-10-01 15:31:00,12.995,12.995,12.995,12.995,410.0,BUR
2024-10-01 15:30:00,13.0,13.0,12.995,12.995,2277.0,BUR
2024-10-01 15:29:00,12.995,13.0,12.99,13.0,1398.0,BUR
2024-10-01 15:28:00,12.995,12.995,12.995,12.995,436.0,BUR
2024-10-01 15:27:00,12.99,12.995,12.99,12.995,868.0,BUR
2024-10-01 15:26:00,12.99,12.99,12.99,12.99,1737.0,BUR
2024-10-01 15:23:00,13.005,13.005,12.995,12.9965,871.0,BUR
2024-10-01 15:22:00,13.0,13.005,13.0,13.005,270.0,BUR
2024-10-01 15:21:00,13.0,13.0,13.0,13.0,1241.0,BUR
2024-10-01 15:20:00,13.0,13.0,13.0,13.0,1956.0,BUR
2024-10-01 15:18:00,13.0,13.0,13.0,13.0,801.0,BUR
2024-10-01 15:15:00,12.99,12.99,12.99,12.99,633.0,BUR
2024-10-01 15:14:00,12.98,12.98,12.98,12.98,787.0,BUR
2024-10-01 15:13:00,12.99,12.99,12.99,12.99,301.0,BUR
2024-10-01 15:12:00,12.99,12.99,12.99,12.99,199.0,BUR
2024-10-01 15:11:00,13.0,13.0,13.0,13.0,435.0,BUR
2024-10-01 15:10:00,13.01,13.01,13.01,13.01,123.0,BUR
2024-10-01 15:09:00,13.0,13.004,12.99,13.004,1625.0,BUR
2024-10-01 15:08:00,13.01,13.01,12.995,13.0,4969.0,BUR
2024-10-01 15:07:00,13.0244,13.025,13.02,13.02,1599.0,BUR
2024-10-01 15:06:00,13.04,13.04,13.04,13.04,1230.0,BUR
2024-10-01 15:05:00,13.05,13.05,13.05,13.05,603.0,BUR
2024-10-01 15:04:00,13.055,13.055,13.055,13.055,166.0,BUR
2024-10-01 15:03:00,13.055,13.055,13.055,13.055,177.0,BUR
2024-10-01 15:02:00,13.06,13.06,13.055,13.06,918.0,BUR
2024-10-01 15:00:00,13.07,13.07,13.07,13.07,366.0,BUR
2024-10-01 14:59:00,13.07,13.07,13.07,13.07,387.0,BUR
2024-10-01 14:56:00,13.08,13.08,13.0701,13.0701,240.0,BUR
2024-10-01 14:55:00,13.07,13.08,13.07,13.08,5421.0,BUR
2024-10-01 14:54:00,13.07,13.07,13.07,13.07,856.0,BUR
2024-10-01 14:53:00,13.06,13.06,13.06,13.06,914.0,BUR
2024-10-01 14:52:00,13.07,13.07,13.06,13.06,2308.0,BUR
2024-10-01 14:50:00,13.09,13.09,13.08,13.09,4478.0,BUR
2024-10-01 14:49:00,13.0918,13.095,13.09,13.09,3538.0,BUR
2024-10-01 14:48:00,13.09,13.09,13.09,13.09,199.0,BUR
2024-10-01 14:47:00,13.095,13.095,13.09,13.09,465.0,BUR
2024-10-01 14:46:00,13.07,13.09,13.07,13.09,3068.0,BUR
2024-10-01 14:45:00,13.06,13.06,13.05,13.06,5759.0,BUR
2024-10-01 14:44:00,13.05,13.05,13.05,13.05,440.0,BUR
2024-10-01 14:42:00,13.05,13.05,13.05,13.05,889.0,BUR
2024-10-01 14:41:00,13.045,13.045,13.045,13.045,200.0,BUR
2024-10-01 14:39:00,13.035,13.035,13.035,13.035,390.0,BUR
2024-10-01 14:38:00,13.04,13.04,13.035,13.035,1659.0,BUR
2024-10-01 14:37:00,13.045,13.045,13.045,13.045,443.0,BUR
2024-10-01 14:35:00,13.05,13.05,13.05,13.05,204.0,BUR
2024-10-01 14:34:00,13.0419,13.0419,13.0419,13.0419,349.0,BUR
2024-10-01 14:32:00,13.06,13.07,13.05,13.05,7685.0,BUR
2024-10-01 14:31:00,13.0493,13.0493,13.0493,13.0493,607.0,BUR
2024-10-01 14:30:00,13.06,13.06,13.06,13.06,312.0,BUR
2024-10-01 14:29:00,13.06,13.06,13.06,13.06,295.0,BUR
2024-10-01 14:27:00,13.05,13.05,13.05,13.05,689.0,BUR
2024-10-01 14:26:00,13.05,13.05,13.05,13.05,103.0,BUR
2024-10-01 14:25:00,13.06,13.07,13.05,13.05,11847.0,BUR
2024-10-01 14:23:00,13.06,13.06,13.05,13.05,8405.0,BUR
2024-10-01 14:22:00,13.04,13.06,13.04,13.06,14611.0,BUR
2024-10-01 14:21:00,13.04,13.04,13.04,13.04,207.0,BUR
2024-10-01 14:20:00,13.04,13.04,13.035,13.04,2337.0,BUR
2024-10-01 14:19:00,13.04,13.04,13.04,13.04,529.0,BUR
2024-10-01 14:18:00,13.05,13.05,13.041,13.05,448.0,BUR
2024-10-01 14:17:00,13.06,13.06,13.05,13.05,635.0,BUR
2024-10-01 14:16:00,13.06,13.06,13.05,13.05,387.0,BUR
2024-10-01 14:15:00,13.05,13.05,13.05,13.05,742.0,BUR
2024-10-01 14:13:00,13.06,13.06,13.05,13.05,7161.0,BUR
2024-10-01 14:10:00,13.065,13.065,13.065,13.065,122.0,BUR
2024-10-01 14:09:00,13.06,13.07,13.06,13.07,2089.0,BUR
2024-10-01 14:04:00,13.06,13.06,13.06,13.06,201.0,BUR
2024-10-01 14:03:00,13.07,13.07,13.05,13.05,4160.0,BUR
2024-10-01 14:02:00,13.07,13.07,13.065,13.065,721.0,BUR
2024-10-01 14:01:00,13.07,13.07,13.07,13.07,946.0,BUR
2024-10-01 14:00:00,13.06,13.08,13.06,13.08,1172.0,BUR
2024-10-01 13:59:00,13.05,13.05,13.05,13.05,2610.0,BUR
2024-10-01 13:57:00,13.05,13.05,13.05,13.05,3449.0,BUR
2024-10-01 13:56:00,13.06,13.06,13.06,13.06,553.0,BUR
2024-10-01 13:55:00,13.04,13.05,13.04,13.05,814.0,BUR
2024-10-01 13:54:00,13.04,13.04,13.04,13.04,357.0,BUR
2024-10-01 13:53:00,13.04,13.04,13.04,13.04,311.0,BUR
2024-10-01 13:52:00,13.04,13.04,13.04,13.04,276.0,BUR
2024-10-01 13:51:00,13.04,13.04,13.035,13.035,381.0,BUR
2024-10-01 13:50:00,13.03,13.03,13.025,13.025,812.0,BUR
2024-10-01 13:49:00,13.09,13.09,13.05,13.05,7585.0,BUR
2024-10-01 13:47:00,13.085,13.085,13.085,13.085,388.0,BUR
2024-10-01 13:46:00,13.085,13.085,13.085,13.085,110.0,BUR
2024-10-01 13:43:00,13.08,13.09,13.08,13.09,431.0,BUR
2024-10-01 13:42:00,13.07,13.07,13.07,13.07,631.0,BUR
2024-10-01 13:41:00,13.065,13.065,13.065,13.065,247.0,BUR
2024-10-01 13:35:00,13.072,13.072,13.07,13.07,346.0,BUR
2024-10-01 13:34:00,13.07,13.07,13.07,13.07,1512.0,BUR
2024-10-01 13:32:00,13.07,13.07,13.07,13.07,1602.0,BUR
2024-10-01 13:31:00,13.06,13.06,13.06,13.06,621.0,BUR
2024-10-01 13:30:00,13.06,13.06,13.05,13.05,556.0,BUR
2024-10-01 13:29:00,13.0501,13.0501,13.0501,13.0501,639.0,BUR
2024-10-01 13:28:00,13.06,13.06,13.06,13.06,136.0,BUR
2024-10-01 13:27:00,13.069,13.069,13.06,13.06,823.0,BUR
2024-10-01 13:26:00,13.05,13.06,13.05,13.06,1007.0,BUR
2024-10-01 13:25:00,13.08,13.08,13.05,13.05,8635.0,BUR
2024-10-01 13:24:00,13.08,13.08,13.08,13.08,580.0,BUR
2024-10-01 13:23:00,13.08,13.08,13.08,13.08,409.0,BUR
2024-10-01 13:22:00,13.08,13.08,13.08,13.08,390.0,BUR
2024-10-01 13:21:00,13.085,13.085,13.075,13.08,4640.0,BUR
2024-10-01 13:20:00,13.085,13.085,13.08,13.08,390.0,BUR
2024-10-01 13:19:00,13.08,13.08,13.08,13.08,234.0,BUR
2024-10-01 13:17:00,13.08,13.08,13.08,13.08,260.0,BUR
2024-10-01 13:16:00,13.08,13.08,13.08,13.08,304.0,BUR
2024-10-01 13:15:00,13.08,13.08,13.075,13.08,4690.0,BUR
2024-10-01 13:14:00,13.0906,13.0906,13.0906,13.0906,361.0,BUR
2024-10-01 13:11:00,13.08,13.09,13.075,13.09,7074.0,BUR
2024-10-01 13:10:00,13.08,13.08,13.08,13.08,232.0,BUR
2024-10-01 13:08:00,13.09,13.09,13.08,13.09,1200.0,BUR
2024-10-01 13:06:00,13.08,13.08,13.08,13.08,464.0,BUR
2024-10-01 13:05:00,13.08,13.08,13.08,13.08,1480.0,BUR
2024-10-01 13:04:00,13.08,13.08,13.08,13.08,3385.0,BUR
2024-10-01 13:03:00,13.09,13.09,13.08,13.08,327.0,BUR
2024-10-01 13:02:00,13.08,13.08,13.075,13.08,1387.0,BUR
2024-10-01 13:01:00,13.1,13.1,13.09,13.09,735.0,BUR
2024-10-01 13:00:00,13.1,13.1,13.1,13.1,165.0,BUR
2024-10-01 12:59:00,13.11,13.11,13.11,13.11,321.0,BUR
2024-10-01 12:58:00,13.1,13.12,13.1,13.12,1614.0,BUR
2024-10-01 12:57:00,13.1,13.1,13.1,13.1,513.0,BUR
2024-10-01 12:56:00,13.11,13.11,13.11,13.11,100.0,BUR
2024-10-01 12:53:00,13.1,13.11,13.1,13.11,1226.0,BUR
2024-10-01 12:52:00,13.1,13.1,13.1,13.1,105.0,BUR
2024-10-01 12:51:00,13.09,13.1,13.09,13.1,540.0,BUR
2024-10-01 12:50:00,13.1,13.105,13.095,13.1,897.0,BUR
2024-10-01 12:49:00,13.085,13.09,13.085,13.09,589.0,BUR
2024-10-01 12:48:00,13.09,13.09,13.09,13.09,306.0,BUR
2024-10-01 12:47:00,13.08,13.08,13.07,13.08,7988.0,BUR
2024-10-01 12:46:00,13.08,13.085,13.07,13.085,4984.0,BUR
2024-10-01 12:45:00,13.08,13.08,13.08,13.08,749.0,BUR
2024-10-01 12:43:00,13.08,13.08,13.08,13.08,464.0,BUR
2024-10-01 12:42:00,13.04,13.09,13.04,13.075,3445.0,BUR
2024-10-01 12:40:00,13.06,13.06,13.05,13.05,213.0,BUR
2024-10-01 12:39:00,13.05,13.05,13.049,13.05,1099.0,BUR
2024-10-01 12:38:00,13.05,13.05,13.05,13.05,208.0,BUR
2024-10-01 12:37:00,13.05,13.05,13.05,13.05,493.0,BUR
2024-10-01 12:36:00,13.06,13.06,13.045,13.05,2558.0,BUR
2024-10-01 12:35:00,13.07,13.07,13.055,13.06,1034.0,BUR
2024-10-01 12:34:00,13.06,13.07,13.05,13.07,2585.0,BUR
2024-10-01 12:33:00,13.05,13.05,13.04,13.05,3304.0,BUR
2024-10-01 12:32:00,13.05,13.05,13.045,13.05,3638.0,BUR
2024-10-01 12:31:00,13.055,13.06,13.055,13.055,875.0,BUR
2024-10-01 12:28:00,13.055,13.055,13.055,13.055,388.0,BUR
2024-10-01 12:27:00,13.06,13.06,13.055,13.055,556.0,BUR
2024-10-01 12:26:00,13.06,13.065,13.05,13.05,2148.0,BUR
2024-10-01 12:25:00,13.06,13.06,13.06,13.06,204.0,BUR
2024-10-01 12:22:00,13.05,13.05,13.05,13.05,423.0,BUR
2024-10-01 12:19:00,13.05,13.05,13.05,13.05,316.0,BUR
2024-10-01 12:18:00,13.05,13.05,13.05,13.05,213.0,BUR
2024-10-01 12:17:00,13.04,13.05,13.04,13.05,3296.0,BUR
2024-10-01 12:15:00,13.04,13.04,13.04,13.04,100.0,BUR
2024-10-01 12:14:00,13.04,13.04,13.04,13.04,636.0,BUR
2024-10-01 12:13:00,13.06,13.06,13.06,13.06,613.0,BUR
2024-10-01 12:12:00,13.07,13.07,13.07,13.07,153.0,BUR
2024-10-01 12:11:00,13.05,13.06,13.05,13.06,907.0,BUR
2024-10-01 12:10:00,13.04,13.04,13.04,13.04,741.0,BUR
2024-10-01 12:08:00,13.03,13.05,13.025,13.05,1656.0,BUR
2024-10-01 12:07:00,13.04,13.04,13.03,13.03,1917.0,BUR
2024-10-01 12:06:00,13.05,13.05,13.05,13.05,262.0,BUR
2024-10-01 12:05:00,13.05,13.05,13.05,13.05,1105.0,BUR
2024-10-01 12:04:00,13.06,13.06,13.06,13.06,100.0,BUR
2024-10-01 12:03:00,13.05,13.05,13.05,13.05,307.0,BUR
2024-10-01 12:02:00,13.0401,13.0401,13.0401,13.0401,510.0,BUR
2024-10-01 12:01:00,13.04,13.045,13.04,13.045,1164.0,BUR
2024-10-01 12:00:00,13.08,13.08,13.06,13.06,3014.0,BUR
2024-10-01 11:59:00,13.09,13.1,13.08,13.085,2124.0,BUR
2024-10-01 11:57:00,13.095,13.095,13.09,13.09,531.0,BUR
2024-10-01 11:56:00,13.08,13.12,13.08,13.1,9858.0,BUR
2024-10-01 11:55:00,13.085,13.085,13.085,13.085,216.0,BUR
2024-10-01 11:54:00,13.08,13.08,13.08,13.08,432.0,BUR
2024-10-01 11:53:00,13.09,13.09,13.08,13.08,819.0,BUR
2024-10-01 11:52:00,13.09,13.09,13.09,13.09,679.0,BUR
2024-10-01 11:51:00,13.085,13.085,13.085,13.085,200.0,BUR
2024-10-01 11:50:00,13.08,13.085,13.08,13.085,313.0,BUR
2024-10-01 11:49:00,13.08,13.08,13.08,13.08,199.0,BUR
2024-10-01 11:48:00,13.08,13.08,13.08,13.08,722.0,BUR
2024-10-01 11:47:00,13.08,13.08,13.08,13.08,284.0,BUR
2024-10-01 11:46:00,13.08,13.085,13.07,13.08,10775.0,BUR
2024-10-01 11:44:00,13.0559,13.08,13.05,13.08,3433.0,BUR
2024-10-01 11:43:00,13.055,13.055,13.055,13.055,529.0,BUR
2024-10-01 11:42:00,13.06,13.06,13.055,13.055,1714.0,BUR
2024-10-01 11:40:00,13.05,13.05,13.05,13.05,852.0,BUR
2024-10-01 11:38:00,13.045,13.05,13.045,13.05,1965.0,BUR
2024-10-01 11:37:00,13.035,13.04,13.035,13.04,1137.0,BUR
2024-10-01 11:36:00,13.04,13.04,13.035,13.035,1981.0,BUR
2024-10-01 11:35:00,13.045,13.045,13.03,13.035,10578.0,BUR
2024-10-01 11:34:00,13.055,13.055,13.055,13.055,309.0,BUR
2024-10-01 11:33:00,13.045,13.05,13.045,13.05,670.0,BUR
2024-10-01 11:32:00,13.03,13.04,13.03,13.04,1660.0,BUR
2024-10-01 11:30:00,13.01,13.02,13.01,13.01,1774.0,BUR
2024-10-01 11:29:00,13.0,13.0,13.0,13.0,643.0,BUR
2024-10-01 11:28:00,13.0,13.005,12.995,12.995,1126.0,BUR
2024-10-01 11:27:00,12.99,13.0,12.985,13.0,6615.0,BUR
2024-10-01 11:26:00,12.996,12.996,12.99,12.995,2423.0,BUR
2024-10-01 11:25:00,12.995,12.9993,12.995,12.995,1193.0,BUR
2024-10-01 11:24:00,12.99,13.0,12.99,12.995,4380.0,BUR
2024-10-01 11:23:00,12.96,12.995,12.95,12.995,40822.0,BUR
2024-10-01 11:22:00,12.95,12.965,12.95,12.965,4801.0,BUR
2024-10-01 11:21:00,12.94,12.94,12.94,12.94,189.0,BUR
2024-10-01 11:20:00,12.97,12.975,12.94,12.95,5197.0,BUR
2024-10-01 11:19:00,12.955,12.96,12.95,12.96,1613.0,BUR
2024-10-01 11:18:00,12.96,12.96,12.96,12.96,552.0,BUR
2024-10-01 11:17:00,12.94,12.95,12.94,12.95,1807.0,BUR
2024-10-01 11:16:00,12.94,12.95,12.94,12.95,1279.0,BUR
2024-10-01 11:14:00,12.93,12.94,12.93,12.94,3069.0,BUR
2024-10-01 11:13:00,12.92,12.92,12.92,12.92,1673.0,BUR
2024-10-01 11:12:00,12.915,12.92,12.91,12.9192,3569.0,BUR
2024-10-01 11:11:00,12.92,12.92,12.915,12.915,4335.0,BUR
2024-10-01 11:10:00,12.92,12.92,12.92,12.92,400.0,BUR
2024-10-01 11:09:00,12.92,12.92,12.92,12.92,110.0,BUR
2024-10-01 11:08:00,12.92,12.92,12.92,12.92,480.0,BUR
2024-10-01 11:07:00,12.94,12.95,12.93,12.935,949.0,BUR
2024-10-01 11:06:00,12.96,12.96,12.94,12.95,16443.0,BUR
2024-10-01 11:05:00,12.96,12.96,12.96,12.96,678.0,BUR
2024-10-01 11:04:00,12.99,12.99,12.97,12.97,3292.0,BUR
2024-10-01 11:03:00,12.99,12.99,12.99,12.99,259.0,BUR
2024-10-01 11:02:00,12.99,12.9993,12.99,12.9993,1041.0,BUR
2024-10-01 11:01:00,12.9999,12.9999,12.9999,12.9999,319.0,BUR
2024-10-01 11:00:00,12.99,13.0,12.99,12.9981,1093.0,BUR
2024-10-01 10:59:00,12.989,12.99,12.9835,12.9835,788.0,BUR
2024-10-01 10:58:00,12.975,12.98,12.975,12.98,1027.0,BUR
2024-10-01 10:57:00,12.975,12.975,12.975,12.975,288.0,BUR
2024-10-01 10:56:00,12.955,12.978,12.955,12.978,3229.0,BUR
2024-10-01 10:55:00,12.95,12.955,12.945,12.955,3410.0,BUR
2024-10-01 10:54:00,12.92,12.955,12.92,12.955,38381.0,BUR
2024-10-01 10:53:00,12.93,12.94,12.92,12.92,2282.0,BUR
2024-10-01 10:51:00,12.91,12.94,12.91,12.92,6647.0,BUR
2024-10-01 10:50:00,12.91,12.92,12.91,12.91,709.0,BUR
2024-10-01 10:49:00,12.95,12.955,12.91,12.94,34005.0,BUR
2024-10-01 10:48:00,12.95,12.95,12.95,12.95,1984.0,BUR
2024-10-01 10:47:00,12.95,12.97,12.95,12.96,2693.0,BUR
2024-10-01 10:46:00,12.95,12.955,12.945,12.9511,3067.0,BUR
2024-10-01 10:45:00,12.955,12.955,12.95,12.955,1704.0,BUR
2024-10-01 10:44:00,12.955,12.955,12.94,12.955,3058.0,BUR
2024-10-01 10:43:00,12.95,12.95,12.95,12.95,519.0,BUR
2024-10-01 10:42:00,12.95,12.96,12.95,12.955,1541.0,BUR
2024-10-01 10:41:00,12.95,12.96,12.95,12.96,2991.0,BUR
2024-10-01 10:40:00,12.97,12.97,12.95,12.95,1130.0,BUR
2024-10-01 10:39:00,12.95,12.96,12.94,12.955,17921.0,BUR
2024-10-01 10:38:00,12.93,12.95,12.93,12.95,2016.0,BUR
2024-10-01 10:37:00,12.93,12.93,12.93,12.93,192.0,BUR
2024-10-01 10:36:00,12.92,12.92,12.92,12.92,387.0,BUR
2024-10-01 10:35:00,12.92,12.92,12.91,12.91,313.0,BUR
2024-10-01 10:34:00,12.92,12.92,12.92,12.92,410.0,BUR
2024-10-01 10:33:00,12.92,12.92,12.91,12.91,1220.0,BUR
2024-10-01 10:32:00,12.91,12.92,12.9,12.92,24944.0,BUR
2024-10-01 10:31:00,12.9,12.9,12.899,12.899,472.0,BUR
2024-10-01 10:30:00,12.905,12.905,12.89,12.9,5247.0,BUR
2024-10-01 10:28:00,12.91,12.91,12.91,12.91,452.0,BUR
2024-10-01 10:27:00,12.91,12.91,12.9,12.905,2752.0,BUR
2024-10-01 10:26:00,12.9,12.9,12.9,12.9,504.0,BUR
2024-10-01 10:25:00,12.9,12.9,12.9,12.9,389.0,BUR
2024-10-01 10:24:00,12.93,12.93,12.91,12.91,2338.0,BUR
2024-10-01 10:23:00,12.94,12.94,12.94,12.94,1053.0,BUR
2024-10-01 10:21:00,12.9,12.93,12.9,12.93,4321.0,BUR
2024-10-01 10:20:00,12.9,12.92,12.9,12.905,7172.0,BUR
2024-10-01 10:19:00,12.83,12.92,12.83,12.9,25330.0,BUR
2024-10-01 10:18:00,12.86,12.86,12.86,12.86,888.0,BUR
2024-10-01 10:17:00,12.87,12.87,12.87,12.87,355.0,BUR
2024-10-01 10:16:00,12.86,12.865,12.86,12.865,525.0,BUR
2024-10-01 10:15:00,12.89,12.89,12.875,12.875,2695.0,BUR
2024-10-01 10:14:00,12.895,12.905,12.89,12.9,2704.0,BUR
2024-10-01 10:13:00,12.89,12.9,12.89,12.895,2070.0,BUR
2024-10-01 10:12:00,12.895,12.9,12.89,12.895,4363.0,BUR
2024-10-01 10:11:00,12.89,12.895,12.89,12.89,2032.0,BUR
2024-10-01 10:10:00,12.92,12.92,12.89,12.89,3246.0,BUR
2024-10-01 10:09:00,12.93,12.93,12.915,12.925,3266.0,BUR
2024-10-01 10:08:00,12.92,12.93,12.92,12.93,814.0,BUR
2024-10-01 10:07:00,12.93,12.93,12.93,12.93,915.0,BUR
2024-10-01 10:06:00,12.95,12.95,12.93,12.93,4915.0,BUR
2024-10-01 10:05:00,12.96,12.9699,12.96,12.9699,425.0,BUR
2024-10-01 10:04:00,12.945,12.97,12.945,12.97,1414.0,BUR
2024-10-01 10:03:00,12.95,12.97,12.945,12.95,5480.0,BUR
2024-10-01 10:02:00,12.96,12.97,12.95,12.95,1258.0,BUR
2024-10-01 10:01:00,12.94,12.95,12.93,12.93,1988.0,BUR
2024-10-01 10:00:00,12.9,12.94,12.88,12.94,15709.0,BUR
2024-10-01 09:59:00,12.92,12.92,12.91,12.91,864.0,BUR
2024-10-01 09:58:00,12.91,12.92,12.91,12.91,1177.0,BUR
2024-10-01 09:57:00,12.895,12.895,12.895,12.895,165.0,BUR
2024-10-01 09:56:00,12.9,12.9,12.89,12.89,942.0,BUR
2024-10-01 09:55:00,12.9,12.91,12.9,12.91,1276.0,BUR
2024-10-01 09:54:00,12.91,12.92,12.91,12.92,1021.0,BUR
2024-10-01 09:52:00,12.895,12.91,12.895,12.91,581.0,BUR
2024-10-01 09:51:00,12.91,12.91,12.88,12.88,5974.0,BUR
2024-10-01 09:48:00,12.94,12.94,12.94,12.94,1261.0,BUR
2024-10-01 09:47:00,12.93,12.93,12.925,12.925,213.0,BUR
2024-10-01 09:45:00,12.96,12.96,12.91,12.912,5781.0,BUR
2024-10-01 09:44:00,12.97,12.98,12.96,12.96,5227.0,BUR
2024-10-01 09:43:00,12.97,12.97,12.97,12.97,100.0,BUR
2024-10-01 09:42:00,12.97,12.97,12.97,12.97,200.0,BUR
2024-10-01 09:41:00,12.95,12.96,12.95,12.96,981.0,BUR
2024-10-01 09:40:00,12.95,12.95,12.95,12.95,172.0,BUR
2024-10-01 09:39:00,12.99,12.99,12.95,12.95,1197.0,BUR
2024-10-01 09:38:00,12.98,12.985,12.98,12.985,670.0,BUR
2024-10-01 09:37:00,12.98,12.98,12.98,12.98,1444.0,BUR
2024-10-01 09:36:00,12.99,12.99,12.99,12.99,606.0,BUR
2024-10-01 09:35:00,13.01,13.01,12.99,12.99,4043.0,BUR
2024-10-01 09:34:00,13.06,13.06,13.01,13.01,10169.0,BUR
2024-10-01 09:33:00,13.06,13.08,13.05,13.06,4130.0,BUR
2024-10-01 09:32:00,13.09,13.09,13.07,13.08,1599.0,BUR
2024-10-01 09:30:00,13.08,13.13,13.08,13.13,7114.0,BUR
2024-10-01 08:22:00,13.05,13.07,13.05,13.07,1638.0,BUR
2024-10-01 08:19:00,13.05,13.05,13.05,13.05,10.0,BUR
2024-10-01 08:15:00,13.08,13.08,13.08,13.08,100.0,BUR
2024-10-01 08:00:00,13.09,13.09,13.09,13.09,69.0,BUR
2024-10-01 06:45:00,13.09,13.09,13.07,13.07,1000.0,BUR
2024-10-01 06:36:00,13.1,13.1,13.1,13.1,800.0,BUR
2024-10-01 06:32:00,13.1,13.11,13.1,13.11,600.0,BUR
2024-10-01 06:23:00,13.1,13.1,13.09,13.1,475.0,BUR
2024-10-01 06:21:00,13.1,13.11,13.1,13.11,1000.0,BUR
2024-10-01 06:12:00,13.1,13.1,13.09,13.09,400.0,BUR
2024-10-01 06:11:00,13.1,13.1,13.09,13.09,175.0,BUR
2024-10-01 06:09:00,13.09,13.09,13.09,13.09,224.0,BUR
2024-10-01 04:35:00,13.2,13.2,13.2,13.2,100.0,BUR
2024-10-01 04:09:00,13.15,13.15,13.15,13.15,2.0,BUR
2024-10-01 04:00:00,13.19,13.22,13.19,13.22,778.0,BUR
2024-09-30 19:00:00,13.26,13.26,13.26,13.26,74272.0,BUR
2024-09-30 18:30:00,13.26,13.26,13.26,13.26,74272.0,BUR
2024-09-30 16:29:00,13.5708,13.5708,13.5708,13.5708,25.0,BUR
2024-09-30 16:10:00,13.26,13.26,13.26,13.26,74272.0,BUR
2024-09-30 16:02:00,13.26,13.26,13.26,13.26,187.0,BUR
2024-09-30 16:00:00,13.26,13.26,13.26,13.26,150693.0,BUR
2024-09-30 15:59:00,13.27,13.275,13.24,13.26,18896.0,BUR
2024-09-30 15:58:00,13.285,13.285,13.27,13.27,5944.0,BUR
2024-09-30 15:57:00,13.28,13.285,13.28,13.285,3585.0,BUR
2024-09-30 15:56:00,13.27,13.285,13.27,13.28,3778.0,BUR
2024-09-30 15:55:00,13.265,13.265,13.26,13.265,1251.0,BUR
2024-09-30 15:54:00,13.265,13.265,13.26,13.26,1007.0,BUR
2024-09-30 15:53:00,13.28,13.28,13.261,13.261,6222.0,BUR
2024-09-30 15:52:00,13.275,13.29,13.275,13.29,2483.0,BUR
2024-09-30 15:51:00,13.28,13.28,13.275,13.275,3463.0,BUR
2024-09-30 15:50:00,13.26,13.28,13.26,13.28,5139.0,BUR
2024-09-30 15:49:00,13.265,13.27,13.26,13.26,3063.0,BUR
2024-09-30 15:48:00,13.27,13.28,13.27,13.27,4695.0,BUR
2024-09-30 15:47:00,13.265,13.27,13.265,13.27,441.0,BUR
2024-09-30 15:46:00,13.255,13.27,13.255,13.27,2677.0,BUR
2024-09-30 15:45:00,13.25,13.255,13.25,13.255,1049.0,BUR
2024-09-30 15:43:00,13.231,13.25,13.231,13.25,2782.0,BUR
2024-09-30 15:42:00,13.23,13.24,13.23,13.24,2707.0,BUR
2024-09-30 15:41:00,13.22,13.225,13.22,13.225,1109.0,BUR
2024-09-30 15:40:00,13.22,13.22,13.22,13.22,188.0,BUR
2024-09-30 15:38:00,13.21,13.21,13.205,13.21,639.0,BUR
2024-09-30 15:37:00,13.21,13.21,13.2,13.2,1370.0,BUR
2024-09-30 15:34:00,13.22,13.22,13.22,13.22,669.0,BUR
2024-09-30 15:32:00,13.22,13.22,13.22,13.22,597.0,BUR
2024-09-30 15:30:00,13.22,13.22,13.22,13.22,554.0,BUR
2024-09-30 15:29:00,13.22,13.22,13.22,13.22,1049.0,BUR
2024-09-30 15:28:00,13.22,13.22,13.22,13.22,364.0,BUR
2024-09-30 15:25:00,13.22,13.22,13.22,13.22,502.0,BUR
2024-09-30 15:24:00,13.215,13.22,13.215,13.22,1157.0,BUR
2024-09-30 15:23:00,13.21,13.215,13.21,13.215,1605.0,BUR
2024-09-30 15:22:00,13.1999,13.2,13.1999,13.2,1878.0,BUR
2024-09-30 15:21:00,13.19,13.19,13.19,13.19,199.0,BUR
2024-09-30 15:20:00,13.21,13.215,13.21,13.21,2388.0,BUR
2024-09-30 15:19:00,13.2,13.2,13.2,13.2,1034.0,BUR
2024-09-30 15:18:00,13.197,13.197,13.197,13.197,1028.0,BUR
2024-09-30 15:17:00,13.19,13.19,13.19,13.19,1011.0,BUR
2024-09-30 15:16:00,13.19,13.195,13.19,13.195,618.0,BUR
2024-09-30 15:15:00,13.1899,13.1899,13.1899,13.1899,100.0,BUR
2024-09-30 15:14:00,13.19,13.19,13.19,13.19,230.0,BUR
2024-09-30 15:13:00,13.18,13.1899,13.18,13.1899,745.0,BUR
2024-09-30 15:12:00,13.2,13.205,13.18,13.18,1528.0,BUR
2024-09-30 15:11:00,13.21,13.21,13.2,13.2,1437.0,BUR
2024-09-30 15:10:00,13.21,13.21,13.2,13.21,1229.0,BUR
2024-09-30 15:09:00,13.2,13.21,13.2,13.21,647.0,BUR
2024-09-30 15:08:00,13.19,13.19,13.19,13.19,326.0,BUR
2024-09-30 15:07:00,13.18,13.19,13.17,13.19,2194.0,BUR
2024-09-30 15:06:00,13.17,13.17,13.17,13.17,370.0,BUR
2024-09-30 15:04:00,13.17,13.17,13.17,13.17,104.0,BUR
2024-09-30 15:03:00,13.17,13.17,13.17,13.17,213.0,BUR
2024-09-30 15:02:00,13.17,13.17,13.17,13.17,177.0,BUR
2024-09-30 15:00:00,13.16,13.16,13.14,13.15,1740.0,BUR
2024-09-30 14:59:00,13.16,13.166,13.16,13.166,1455.0,BUR
2024-09-30 14:56:00,13.16,13.16,13.155,13.155,398.0,BUR
2024-09-30 14:54:00,13.16,13.17,13.16,13.17,675.0,BUR
2024-09-30 14:53:00,13.16,13.16,13.16,13.16,506.0,BUR
2024-09-30 14:52:00,13.17,13.17,13.16,13.16,1395.0,BUR
2024-09-30 14:50:00,13.16,13.16,13.16,13.16,189.0,BUR
2024-09-30 14:48:00,13.18,13.18,13.18,13.18,150.0,BUR
2024-09-30 14:47:00,13.17,13.17,13.17,13.17,300.0,BUR
2024-09-30 14:45:00,13.175,13.175,13.17,13.17,828.0,BUR
2024-09-30 14:44:00,13.16,13.16,13.16,13.16,560.0,BUR
2024-09-30 14:42:00,13.15,13.15,13.15,13.15,237.0,BUR
2024-09-30 14:39:00,13.14,13.1499,13.14,13.1499,504.0,BUR
2024-09-30 14:38:00,13.14,13.14,13.14,13.14,115.0,BUR
2024-09-30 14:37:00,13.13,13.13,13.13,13.13,260.0,BUR
2024-09-30 14:36:00,13.12,13.13,13.12,13.13,5691.0,BUR
2024-09-30 14:35:00,13.11,13.11,13.11,13.11,184.0,BUR
2024-09-30 14:33:00,13.1,13.1,13.1,13.1,575.0,BUR
2024-09-30 14:32:00,13.1,13.1,13.1,13.1,976.0,BUR
2024-09-30 14:31:00,13.095,13.095,13.09,13.09,533.0,BUR
2024-09-30 14:30:00,13.11,13.11,13.1,13.1,827.0,BUR
2024-09-30 14:29:00,13.105,13.11,13.1,13.11,1077.0,BUR
2024-09-30 14:28:00,13.08,13.085,13.08,13.085,442.0,BUR
2024-09-30 14:27:00,13.08,13.08,13.0759,13.0759,306.0,BUR
2024-09-30 14:26:00,13.075,13.075,13.07,13.07,497.0,BUR
2024-09-30 14:25:00,13.07,13.07,13.07,13.07,302.0,BUR
2024-09-30 14:24:00,13.06,13.0676,13.06,13.06,1268.0,BUR
2024-09-30 14:23:00,13.055,13.0598,13.055,13.055,490.0,BUR
2024-09-30 14:22:00,13.07,13.07,13.055,13.06,1617.0,BUR
2024-09-30 14:21:00,13.09,13.09,13.08,13.08,621.0,BUR
2024-09-30 14:18:00,13.0906,13.1,13.0906,13.1,1200.0,BUR
2024-09-30 14:17:00,13.1,13.1,13.09,13.1,6071.0,BUR
2024-09-30 14:16:00,13.1,13.1,13.1,13.1,234.0,BUR
2024-09-30 14:14:00,13.1,13.1,13.1,13.1,248.0,BUR
2024-09-30 14:13:00,13.13,13.13,13.11,13.11,1212.0,BUR
2024-09-30 14:12:00,13.13,13.13,13.13,13.13,605.0,BUR
2024-09-30 14:11:00,13.16,13.16,13.135,13.135,1432.0,BUR
2024-09-30 14:10:00,13.16,13.16,13.16,13.16,267.0,BUR
2024-09-30 14:09:00,13.16,13.17,13.16,13.17,654.0,BUR
2024-09-30 14:08:00,13.16,13.16,13.16,13.16,132.0,BUR
2024-09-30 14:06:00,13.16,13.16,13.155,13.155,1406.0,BUR
2024-09-30 14:05:00,13.17,13.17,13.17,13.17,2923.0,BUR
2024-09-30 14:02:00,13.19,13.19,13.17,13.17,939.0,BUR
2024-09-30 13:58:00,13.2,13.2,13.2,13.2,223.0,BUR
2024-09-30 13:57:00,13.21,13.22,13.21,13.22,1372.0,BUR
2024-09-30 13:55:00,13.22,13.23,13.219,13.23,1294.0,BUR
2024-09-30 13:52:00,13.215,13.215,13.215,13.215,108.0,BUR
2024-09-30 13:49:00,13.215,13.22,13.215,13.22,219.0,BUR
2024-09-30 13:48:00,13.22,13.22,13.22,13.22,561.0,BUR
2024-09-30 13:46:00,13.23,13.23,13.23,13.23,332.0,BUR
2024-09-30 13:45:00,13.22,13.22,13.22,13.22,186.0,BUR
2024-09-30 13:44:00,13.205,13.21,13.205,13.21,559.0,BUR
2024-09-30 13:43:00,13.205,13.205,13.205,13.205,113.0,BUR
2024-09-30 13:41:00,13.2,13.2,13.2,13.2,1232.0,BUR
2024-09-30 13:38:00,13.195,13.195,13.19,13.19,2740.0,BUR
2024-09-30 13:35:00,13.18,13.18,13.18,13.18,331.0,BUR
2024-09-30 13:33:00,13.19,13.19,13.19,13.19,102.0,BUR
2024-09-30 13:32:00,13.19,13.19,13.18,13.18,482.0,BUR
2024-09-30 13:31:00,13.21,13.21,13.19,13.19,1528.0,BUR
2024-09-30 13:30:00,13.21,13.21,13.21,13.21,153.0,BUR
2024-09-30 13:29:00,13.22,13.22,13.22,13.22,890.0,BUR
2024-09-30 13:28:00,13.23,13.23,13.23,13.23,621.0,BUR
2024-09-30 13:27:00,13.2306,13.2306,13.2306,13.2306,404.0,BUR
2024-09-30 13:25:00,13.239,13.239,13.239,13.239,334.0,BUR
2024-09-30 13:24:00,13.235,13.235,13.235,13.235,295.0,BUR
2024-09-30 13:23:00,13.235,13.235,13.235,13.235,121.0,BUR
2024-09-30 13:17:00,13.25,13.25,13.24,13.24,514.0,BUR
2024-09-30 13:15:00,13.24,13.24,13.24,13.24,241.0,BUR
2024-09-30 13:14:00,13.26,13.262,13.24,13.24,4506.0,BUR
2024-09-30 13:11:00,13.28,13.28,13.27,13.27,1171.0,BUR
2024-09-30 13:10:00,13.28,13.28,13.28,13.28,681.0,BUR
2024-09-30 13:08:00,13.2799,13.2799,13.2799,13.2799,1042.0,BUR
2024-09-30 13:07:00,13.295,13.295,13.29,13.29,1896.0,BUR
2024-09-30 13:06:00,13.3,13.3,13.3,13.3,742.0,BUR
2024-09-30 13:03:00,13.3,13.3,13.3,13.3,201.0,BUR
2024-09-30 13:02:00,13.28,13.29,13.28,13.29,550.0,BUR
2024-09-30 13:01:00,13.29,13.29,13.28,13.28,1693.0,BUR
2024-09-30 12:59:00,13.3,13.3079,13.3,13.3079,220.0,BUR
2024-09-30 12:58:00,13.2901,13.2901,13.2901,13.2901,270.0,BUR
2024-09-30 12:49:00,13.295,13.295,13.295,13.295,320.0,BUR
2024-09-30 12:46:00,13.31,13.31,13.31,13.31,1742.0,BUR
2024-09-30 12:45:00,13.3,13.32,13.3,13.32,302.0,BUR
2024-09-30 12:44:00,13.285,13.29,13.285,13.29,536.0,BUR
2024-09-30 12:43:00,13.2841,13.2841,13.2841,13.2841,559.0,BUR
2024-09-30 12:41:00,13.2894,13.2894,13.285,13.285,311.0,BUR
2024-09-30 12:37:00,13.3,13.3,13.295,13.295,630.0,BUR
2024-09-30 12:30:00,13.285,13.285,13.285,13.285,127.0,BUR
2024-09-30 12:26:00,13.29,13.29,13.29,13.29,117.0,BUR
2024-09-30 12:22:00,13.29,13.29,13.29,13.29,1873.0,BUR
2024-09-30 12:19:00,13.29,13.29,13.29,13.29,182.0,BUR
2024-09-30 12:18:00,13.28,13.28,13.28,13.28,186.0,BUR
2024-09-30 12:17:00,13.26,13.273,13.26,13.273,1625.0,BUR
2024-09-30 12:15:00,13.25,13.25,13.25,13.25,200.0,BUR
2024-09-30 12:14:00,13.25,13.25,13.25,13.25,106.0,BUR
2024-09-30 12:13:00,13.245,13.25,13.245,13.25,385.0,BUR
2024-09-30 12:08:00,13.25,13.25,13.245,13.245,432.0,BUR
2024-09-30 12:07:00,13.245,13.245,13.245,13.245,100.0,BUR
2024-09-30 12:06:00,13.24,13.24,13.24,13.24,473.0,BUR
2024-09-30 12:05:00,13.24,13.24,13.23,13.24,1154.0,BUR
2024-09-30 12:00:00,13.25,13.25,13.25,13.25,1781.0,BUR
2024-09-30 11:59:00,13.25,13.25,13.25,13.25,337.0,BUR
2024-09-30 11:57:00,13.255,13.26,13.255,13.26,561.0,BUR
2024-09-30 11:55:00,13.26,13.26,13.26,13.26,687.0,BUR
2024-09-30 11:54:00,13.26,13.26,13.24,13.24,1402.0,BUR
2024-09-30 11:53:00,13.265,13.265,13.265,13.265,135.0,BUR
2024-09-30 11:52:00,13.265,13.265,13.265,13.265,164.0,BUR
2024-09-30 11:49:00,13.26,13.265,13.26,13.265,343.0,BUR
2024-09-30 11:47:00,13.26,13.26,13.26,13.26,420.0,BUR
2024-09-30 11:46:00,13.27,13.27,13.27,13.27,660.0,BUR
2024-09-30 11:45:00,13.27,13.27,13.27,13.27,598.0,BUR
2024-09-30 11:44:00,13.265,13.265,13.265,13.265,270.0,BUR
2024-09-30 11:42:00,13.295,13.295,13.29,13.29,10623.0,BUR
2024-09-30 11:41:00,13.295,13.295,13.27,13.27,521.0,BUR
2024-09-30 11:40:00,13.295,13.295,13.29,13.29,576.0,BUR
2024-09-30 11:39:00,13.31,13.31,13.3,13.305,600.0,BUR
2024-09-30 11:38:00,13.305,13.305,13.305,13.305,796.0,BUR
2024-09-30 11:31:00,13.33,13.33,13.33,13.33,162.0,BUR
2024-09-30 11:28:00,13.32,13.33,13.3,13.32,3455.0,BUR
2024-09-30 11:27:00,13.33,13.33,13.33,13.33,103.0,BUR
2024-09-30 11:24:00,13.32,13.32,13.32,13.32,474.0,BUR
2024-09-30 11:23:00,13.33,13.33,13.33,13.33,856.0,BUR
2024-09-30 11:21:00,13.35,13.35,13.35,13.35,256.0,BUR
2024-09-30 11:20:00,13.33,13.33,13.33,13.33,303.0,BUR
2024-09-30 11:17:00,13.3491,13.3491,13.3491,13.3491,149.0,BUR
2024-09-30 11:14:00,13.36,13.36,13.36,13.36,1087.0,BUR
2024-09-30 11:11:00,13.33,13.33,13.33,13.33,227.0,BUR
2024-09-30 11:10:00,13.34,13.34,13.34,13.34,254.0,BUR
2024-09-30 11:09:00,13.33,13.34,13.33,13.34,338.0,BUR
2024-09-30 11:07:00,13.35,13.35,13.34,13.34,2388.0,BUR
2024-09-30 11:04:00,13.35,13.36,13.35,13.36,913.0,BUR
2024-09-30 11:03:00,13.355,13.365,13.35,13.35,1471.0,BUR
2024-09-30 11:00:00,13.36,13.36,13.35,13.35,550.0,BUR
2024-09-30 10:59:00,13.37,13.37,13.36,13.36,1710.0,BUR
2024-09-30 10:58:00,13.39,13.4,13.37,13.37,1679.0,BUR
2024-09-30 10:56:00,13.4,13.4,13.4,13.4,192.0,BUR
2024-09-30 10:55:00,13.4,13.4,13.4,13.4,156.0,BUR
2024-09-30 10:54:00,13.4,13.4,13.4,13.4,101.0,BUR
2024-09-30 10:51:00,13.4,13.4,13.4,13.4,239.0,BUR
2024-09-30 10:46:00,13.4,13.4,13.38,13.39,987.0,BUR
2024-09-30 10:45:00,13.4,13.4,13.4,13.4,551.0,BUR
2024-09-30 10:44:00,13.39,13.39,13.39,13.39,727.0,BUR
2024-09-30 10:43:00,13.38,13.39,13.38,13.39,307.0,BUR
2024-09-30 10:42:00,13.4,13.4,13.4,13.4,107.0,BUR
2024-09-30 10:40:00,13.39,13.39,13.39,13.39,154.0,BUR
2024-09-30 10:38:00,13.37,13.38,13.37,13.38,1856.0,BUR
2024-09-30 10:37:00,13.37,13.37,13.37,13.37,114.0,BUR
2024-09-30 10:36:00,13.38,13.38,13.37,13.375,1026.0,BUR
2024-09-30 10:35:00,13.37,13.37,13.37,13.37,262.0,BUR
2024-09-30 10:33:00,13.36,13.37,13.36,13.36,941.0,BUR
2024-09-30 10:32:00,13.35,13.36,13.35,13.36,781.0,BUR
2024-09-30 10:31:00,13.37,13.37,13.34,13.34,1380.0,BUR
2024-09-30 10:30:00,13.359,13.359,13.359,13.359,292.0,BUR
2024-09-30 10:29:00,13.34,13.35,13.335,13.35,782.0,BUR
2024-09-30 10:28:00,13.35,13.35,13.34,13.35,402.0,BUR
2024-09-30 10:25:00,13.35,13.36,13.35,13.35,599.0,BUR
2024-09-30 10:23:00,13.36,13.36,13.36,13.36,380.0,BUR
2024-09-30 10:22:00,13.37,13.38,13.35,13.35,1866.0,BUR
2024-09-30 10:20:00,13.37,13.37,13.37,13.37,212.0,BUR
2024-09-30 10:19:00,13.36,13.36,13.36,13.36,118.0,BUR
2024-09-30 10:17:00,13.35,13.36,13.35,13.36,1618.0,BUR
2024-09-30 10:16:00,13.375,13.375,13.34,13.35,7989.0,BUR
2024-09-30 10:15:00,13.39,13.39,13.37,13.375,1132.0,BUR
2024-09-30 10:12:00,13.38,13.385,13.38,13.385,911.0,BUR
2024-09-30 10:11:00,13.385,13.39,13.385,13.39,391.0,BUR
2024-09-30 10:10:00,13.4,13.4,13.39,13.395,863.0,BUR
2024-09-30 10:09:00,13.4,13.4,13.39,13.39,923.0,BUR
2024-09-30 10:08:00,13.41,13.42,13.39,13.405,7972.0,BUR
2024-09-30 10:06:00,13.3993,13.4,13.3993,13.4,409.0,BUR
2024-09-30 10:05:00,13.41,13.41,13.39,13.4,3314.0,BUR
2024-09-30 10:04:00,13.41,13.41,13.41,13.41,175.0,BUR
2024-09-30 10:03:00,13.395,13.395,13.395,13.395,101.0,BUR
2024-09-30 10:02:00,13.39,13.4,13.39,13.39,1192.0,BUR
2024-09-30 10:00:00,13.39,13.4,13.39,13.4,216.0,BUR
2024-09-30 09:59:00,13.402,13.402,13.402,13.402,120.0,BUR
2024-09-30 09:58:00,13.41,13.41,13.39,13.4053,965.0,BUR
2024-09-30 09:57:00,13.38,13.4,13.38,13.4,2268.0,BUR
2024-09-30 09:56:00,13.395,13.395,13.39,13.39,320.0,BUR
2024-09-30 09:55:00,13.395,13.395,13.39,13.39,3801.0,BUR
2024-09-30 09:54:00,13.4,13.4,13.38,13.38,596.0,BUR
2024-09-30 09:53:00,13.41,13.41,13.4,13.4,444.0,BUR
2024-09-30 09:52:00,13.42,13.42,13.4,13.41,6071.0,BUR
2024-09-30 09:51:00,13.4,13.41,13.4,13.41,1014.0,BUR
2024-09-30 09:50:00,13.41,13.41,13.41,13.41,175.0,BUR
2024-09-30 09:49:00,13.4,13.42,13.4,13.4,3866.0,BUR
2024-09-30 09:47:00,13.37,13.37,13.37,13.37,200.0,BUR
2024-09-30 09:46:00,13.38,13.38,13.38,13.38,109.0,BUR
2024-09-30 09:45:00,13.4,13.4,13.4,13.4,100.0,BUR
2024-09-30 09:44:00,13.39,13.39,13.37,13.37,605.0,BUR
2024-09-30 09:42:00,13.41,13.41,13.41,13.41,385.0,BUR
2024-09-30 09:41:00,13.39,13.4,13.39,13.4,364.0,BUR
2024-09-30 09:39:00,13.45,13.45,13.39,13.39,9445.0,BUR
2024-09-30 09:37:00,13.45,13.45,13.45,13.45,302.0,BUR
2024-09-30 09:36:00,13.45,13.45,13.45,13.45,103.0,BUR
2024-09-30 09:33:00,13.44,13.44,13.44,13.44,101.0,BUR
2024-09-30 09:32:00,13.46,13.468,13.44,13.44,788.0,BUR
2024-09-30 09:31:00,13.49,13.5,13.46,13.46,5968.0,BUR
2024-09-30 09:30:00,13.47,13.48,13.465,13.465,2456.0,BUR
2024-09-30 09:23:00,13.47,13.47,13.47,13.47,4.0,BUR
2024-09-30 08:54:00,13.47,13.47,13.47,13.47,106.0,BUR
2024-09-30 08:53:00,13.47,13.49,13.47,13.47,1260.0,BUR
2024-09-30 08:24:00,13.45,13.45,13.45,13.45,11.0,BUR
2024-09-30 06:43:00,13.55,13.55,13.55,13.55,1.0,BUR
2024-09-30 04:25:00,13.52,13.52,13.52,13.52,25.0,BUR
2024-09-30 04:19:00,13.56,13.56,13.56,13.56,4.0,BUR
2024-09-27 19:00:00,13.56,13.56,13.56,13.56,65541.0,BUR
2024-09-27 18:30:00,13.56,13.56,13.56,13.56,65541.0,BUR
2024-09-27 16:10:00,13.56,13.56,13.56,13.56,65541.0,BUR
2024-09-27 16:02:00,13.56,13.56,13.56,13.56,1.0,BUR
2024-09-27 16:01:00,13.56,13.56,13.56,13.56,5111.0,BUR
2024-09-27 16:00:00,13.57,13.58,13.56,13.56,133588.0,BUR
2024-09-27 15:59:00,13.61,13.61,13.57,13.58,18979.0,BUR
2024-09-27 15:58:00,13.5889,13.61,13.5889,13.605,9753.0,BUR
2024-09-27 15:57:00,13.58,13.59,13.58,13.589,4889.0,BUR
2024-09-27 15:56:00,13.575,13.575,13.575,13.575,356.0,BUR
2024-09-27 15:55:00,13.57,13.585,13.57,13.575,9522.0,BUR
2024-09-27 15:54:00,13.565,13.565,13.565,13.565,586.0,BUR
2024-09-27 15:53:00,13.565,13.5699,13.565,13.565,1183.0,BUR
2024-09-27 15:52:00,13.56,13.56,13.56,13.56,1368.0,BUR
2024-09-27 15:51:00,13.565,13.565,13.55,13.555,5335.0,BUR
2024-09-27 15:50:00,13.555,13.56,13.555,13.56,2423.0,BUR
2024-09-27 15:48:00,13.52,13.56,13.52,13.56,5711.0,BUR
2024-09-27 15:47:00,13.52,13.525,13.52,13.525,587.0,BUR
2024-09-27 15:46:00,13.52,13.525,13.52,13.52,816.0,BUR
2024-09-27 15:45:00,13.54,13.54,13.52,13.52,4705.0,BUR
2024-09-27 15:44:00,13.53,13.54,13.53,13.535,2123.0,BUR
2024-09-27 15:43:00,13.525,13.525,13.52,13.525,1350.0,BUR
2024-09-27 15:42:00,13.525,13.525,13.525,13.525,363.0,BUR
2024-09-27 15:41:00,13.53,13.53,13.53,13.53,387.0,BUR
2024-09-27 15:40:00,13.52,13.53,13.51,13.53,4645.0,BUR
2024-09-27 15:39:00,13.52,13.53,13.52,13.53,2350.0,BUR
2024-09-27 15:38:00,13.515,13.515,13.515,13.515,328.0,BUR
2024-09-27 15:37:00,13.515,13.515,13.515,13.515,133.0,BUR
2024-09-27 15:35:00,13.52,13.52,13.51,13.515,646.0,BUR
2024-09-27 15:34:00,13.51,13.515,13.51,13.515,693.0,BUR
2024-09-27 15:32:00,13.5,13.51,13.5,13.51,1058.0,BUR
2024-09-27 15:31:00,13.52,13.52,13.52,13.52,1673.0,BUR
2024-09-27 15:30:00,13.525,13.525,13.525,13.525,298.0,BUR
2024-09-27 15:29:00,13.52,13.52,13.52,13.52,513.0,BUR
2024-09-27 15:27:00,13.53,13.53,13.525,13.53,1237.0,BUR
2024-09-27 15:25:00,13.53,13.53,13.52,13.525,870.0,BUR
2024-09-27 15:24:00,13.52,13.53,13.52,13.53,957.0,BUR
2024-09-27 15:23:00,13.54,13.54,13.54,13.54,1164.0,BUR
2024-09-27 15:22:00,13.55,13.55,13.54,13.545,1092.0,BUR
2024-09-27 15:19:00,13.545,13.545,13.545,13.545,234.0,BUR
2024-09-27 15:18:00,13.54,13.54,13.54,13.54,471.0,BUR
2024-09-27 15:17:00,13.55,13.55,13.55,13.55,154.0,BUR
2024-09-27 15:16:00,13.56,13.56,13.56,13.56,804.0,BUR
2024-09-27 15:15:00,13.57,13.58,13.57,13.57,3277.0,BUR
2024-09-27 15:14:00,13.57,13.57,13.555,13.555,2709.0,BUR
2024-09-27 15:13:00,13.56,13.5798,13.56,13.5798,1782.0,BUR
2024-09-27 15:12:00,13.56,13.56,13.56,13.56,356.0,BUR
2024-09-27 15:11:00,13.56,13.56,13.555,13.555,1802.0,BUR
2024-09-27 15:10:00,13.56,13.56,13.55,13.55,3162.0,BUR
2024-09-27 15:09:00,13.545,13.55,13.545,13.55,1790.0,BUR
2024-09-27 15:08:00,13.545,13.545,13.545,13.545,364.0,BUR
2024-09-27 15:05:00,13.53,13.53,13.53,13.53,413.0,BUR
2024-09-27 15:01:00,13.56,13.56,13.55,13.55,2988.0,BUR
2024-09-27 15:00:00,13.56,13.57,13.56,13.57,538.0,BUR
2024-09-27 14:58:00,13.55,13.55,13.55,13.55,498.0,BUR
2024-09-27 14:57:00,13.55,13.56,13.55,13.56,263.0,BUR
2024-09-27 14:56:00,13.54,13.55,13.54,13.55,969.0,BUR
2024-09-27 14:55:00,13.525,13.525,13.525,13.525,365.0,BUR
2024-09-27 14:54:00,13.52,13.53,13.52,13.53,1123.0,BUR
2024-09-27 14:53:00,13.52,13.52,13.5199,13.5199,489.0,BUR
2024-09-27 14:51:00,13.5,13.5,13.5,13.5,676.0,BUR
2024-09-27 14:49:00,13.48,13.495,13.48,13.495,2434.0,BUR
2024-09-27 14:48:00,13.47,13.47,13.47,13.47,129.0,BUR
2024-09-27 14:47:00,13.48,13.48,13.48,13.48,856.0,BUR
2024-09-27 14:46:00,13.49,13.49,13.485,13.485,6349.0,BUR
2024-09-27 14:45:00,13.5,13.5,13.5,13.5,250.0,BUR
2024-09-27 14:44:00,13.5,13.5,13.5,13.5,404.0,BUR
2024-09-27 14:43:00,13.5,13.5,13.495,13.5,2225.0,BUR
2024-09-27 14:42:00,13.4901,13.495,13.4901,13.495,662.0,BUR
2024-09-27 14:41:00,13.49,13.49,13.48,13.48,903.0,BUR
2024-09-27 14:39:00,13.48,13.49,13.48,13.49,1160.0,BUR
2024-09-27 14:38:00,13.48,13.48,13.48,13.48,361.0,BUR
2024-09-27 14:37:00,13.49,13.49,13.48,13.49,1038.0,BUR
2024-09-27 14:36:00,13.54,13.54,13.52,13.52,4223.0,BUR
2024-09-27 14:32:00,13.52,13.545,13.52,13.545,1081.0,BUR
2024-09-27 14:31:00,13.53,13.53,13.52,13.52,869.0,BUR
2024-09-27 14:30:00,13.53,13.53,13.53,13.53,205.0,BUR
2024-09-27 14:29:00,13.53,13.53,13.53,13.53,446.0,BUR
2024-09-27 14:28:00,13.54,13.54,13.53,13.53,422.0,BUR
2024-09-27 14:26:00,13.57,13.57,13.53,13.53,2396.0,BUR
2024-09-27 14:23:00,13.57,13.575,13.57,13.575,2464.0,BUR
2024-09-27 14:21:00,13.5702,13.5703,13.5702,13.5702,5153.0,BUR
2024-09-27 14:20:00,13.58,13.58,13.58,13.58,327.0,BUR
2024-09-27 14:19:00,13.58,13.58,13.575,13.58,1000.0,BUR
2024-09-27 14:18:00,13.57,13.57,13.57,13.57,150.0,BUR
2024-09-27 14:16:00,13.58,13.58,13.58,13.58,932.0,BUR
2024-09-27 14:14:00,13.57,13.5899,13.569,13.57,1513.0,BUR
2024-09-27 14:13:00,13.56,13.56,13.56,13.56,350.0,BUR
2024-09-27 14:11:00,13.56,13.56,13.56,13.56,105.0,BUR
2024-09-27 14:10:00,13.58,13.58,13.56,13.56,1935.0,BUR
2024-09-27 14:08:00,13.55,13.57,13.55,13.57,4435.0,BUR
2024-09-27 14:07:00,13.55,13.56,13.55,13.56,312.0,BUR
2024-09-27 14:06:00,13.57,13.57,13.56,13.56,1514.0,BUR
2024-09-27 14:05:00,13.55,13.58,13.55,13.57,14072.0,BUR
2024-09-27 14:03:00,13.55,13.55,13.54,13.54,1584.0,BUR
2024-09-27 14:01:00,13.555,13.555,13.555,13.555,412.0,BUR
2024-09-27 14:00:00,13.555,13.555,13.555,13.555,495.0,BUR
2024-09-27 13:59:00,13.555,13.555,13.55,13.55,795.0,BUR
2024-09-27 13:56:00,13.56,13.56,13.56,13.56,407.0,BUR
2024-09-27 13:55:00,13.56,13.56,13.56,13.56,945.0,BUR
2024-09-27 13:54:00,13.55,13.55,13.55,13.55,1438.0,BUR
2024-09-27 13:52:00,13.54,13.55,13.54,13.548,891.0,BUR
2024-09-27 13:51:00,13.55,13.55,13.54,13.54,828.0,BUR
2024-09-27 13:48:00,13.54,13.54,13.54,13.54,1215.0,BUR
2024-09-27 13:46:00,13.55,13.55,13.53,13.53,2238.0,BUR
2024-09-27 13:45:00,13.56,13.56,13.56,13.56,1238.0,BUR
2024-09-27 13:44:00,13.56,13.56,13.56,13.56,312.0,BUR
2024-09-27 13:43:00,13.5,13.54,13.495,13.54,4619.0,BUR
2024-09-27 13:42:00,13.5,13.5,13.5,13.5,166.0,BUR
2024-09-27 13:41:00,13.495,13.495,13.495,13.495,226.0,BUR
2024-09-27 13:38:00,13.4957,13.5,13.495,13.5,1152.0,BUR
2024-09-27 13:37:00,13.505,13.5099,13.5,13.5,3884.0,BUR
2024-09-27 13:36:00,13.5,13.51,13.5,13.505,2901.0,BUR
2024-09-27 13:35:00,13.505,13.505,13.505,13.505,331.0,BUR
2024-09-27 13:34:00,13.505,13.505,13.505,13.505,1294.0,BUR
2024-09-27 13:33:00,13.51,13.51,13.505,13.51,1481.0,BUR
2024-09-27 13:31:00,13.51,13.51,13.505,13.5099,1349.0,BUR
2024-09-27 13:30:00,13.51,13.51,13.505,13.51,4920.0,BUR
2024-09-27 13:28:00,13.505,13.505,13.5,13.5,380.0,BUR
2024-09-27 13:27:00,13.51,13.51,13.5012,13.5012,289.0,BUR
2024-09-27 13:25:00,13.51,13.52,13.505,13.51,4025.0,BUR
2024-09-27 13:24:00,13.51,13.51,13.505,13.505,940.0,BUR
2024-09-27 13:21:00,13.51,13.51,13.505,13.505,2438.0,BUR
2024-09-27 13:20:00,13.505,13.505,13.505,13.505,1266.0,BUR
2024-09-27 13:19:00,13.515,13.515,13.502,13.505,2980.0,BUR
2024-09-27 13:18:00,13.515,13.515,13.515,13.515,455.0,BUR
2024-09-27 13:17:00,13.519,13.519,13.515,13.515,746.0,BUR
2024-09-27 13:16:00,13.515,13.52,13.515,13.515,823.0,BUR
2024-09-27 13:15:00,13.515,13.515,13.51,13.51,351.0,BUR
2024-09-27 13:14:00,13.515,13.515,13.515,13.515,210.0,BUR
2024-09-27 13:13:00,13.515,13.515,13.515,13.515,214.0,BUR
2024-09-27 13:11:00,13.51,13.515,13.51,13.515,553.0,BUR
2024-09-27 13:10:00,13.51,13.51,13.505,13.51,1272.0,BUR
2024-09-27 13:08:00,13.53,13.53,13.515,13.515,814.0,BUR
2024-09-27 13:06:00,13.54,13.54,13.535,13.535,922.0,BUR
2024-09-27 13:05:00,13.55,13.55,13.545,13.545,501.0,BUR
2024-09-27 13:04:00,13.585,13.585,13.56,13.56,2725.0,BUR
2024-09-27 13:02:00,13.585,13.5891,13.585,13.5891,428.0,BUR
2024-09-27 13:01:00,13.585,13.585,13.585,13.585,451.0,BUR
2024-09-27 12:59:00,13.5891,13.5891,13.5891,13.5891,288.0,BUR
2024-09-27 12:58:00,13.59,13.59,13.59,13.59,323.0,BUR
2024-09-27 12:54:00,13.6,13.6,13.585,13.585,1059.0,BUR
2024-09-27 12:53:00,13.595,13.605,13.595,13.605,2336.0,BUR
2024-09-27 12:52:00,13.6,13.6,13.6,13.6,234.0,BUR
2024-09-27 12:50:00,13.575,13.58,13.575,13.58,576.0,BUR
2024-09-27 12:49:00,13.58,13.58,13.58,13.58,658.0,BUR
2024-09-27 12:48:00,13.6,13.6,13.59,13.59,1087.0,BUR
2024-09-27 12:47:00,13.6,13.6,13.6,13.6,147.0,BUR
2024-09-27 12:46:00,13.6,13.6,13.6,13.6,921.0,BUR
2024-09-27 12:44:00,13.6,13.6,13.6,13.6,231.0,BUR
2024-09-27 12:42:00,13.63,13.63,13.6,13.6,3142.0,BUR
2024-09-27 12:40:00,13.61,13.6281,13.61,13.6281,1188.0,BUR
2024-09-27 12:39:00,13.61,13.61,13.61,13.61,192.0,BUR
2024-09-27 12:38:00,13.61,13.61,13.6008,13.605,748.0,BUR
2024-09-27 12:37:00,13.605,13.605,13.6,13.605,1137.0,BUR
2024-09-27 12:36:00,13.6,13.61,13.59,13.61,1452.0,BUR
2024-09-27 12:35:00,13.6,13.6,13.6,13.6,339.0,BUR
2024-09-27 12:34:00,13.595,13.595,13.595,13.595,206.0,BUR
2024-09-27 12:32:00,13.595,13.595,13.595,13.595,795.0,BUR
2024-09-27 12:31:00,13.59,13.595,13.59,13.595,2379.0,BUR
2024-09-27 12:30:00,13.6,13.6,13.6,13.6,1008.0,BUR
2024-09-27 12:29:00,13.59,13.595,13.59,13.595,1101.0,BUR
2024-09-27 12:28:00,13.6,13.6,13.6,13.6,125.0,BUR
2024-09-27 12:27:00,13.59,13.59,13.59,13.59,190.0,BUR
2024-09-27 12:26:00,13.59,13.59,13.59,13.59,156.0,BUR
2024-09-27 12:25:00,13.59,13.59,13.585,13.585,308.0,BUR
2024-09-27 12:24:00,13.59,13.59,13.59,13.59,104.0,BUR
2024-09-27 12:22:00,13.59,13.59,13.59,13.59,692.0,BUR
2024-09-27 12:20:00,13.6,13.6,13.6,13.6,1396.0,BUR
2024-09-27 12:19:00,13.61,13.61,13.59,13.59,9890.0,BUR
2024-09-27 12:17:00,13.61,13.61,13.61,13.61,100.0,BUR
2024-09-27 12:16:00,13.635,13.635,13.61,13.61,1768.0,BUR
2024-09-27 12:14:00,13.635,13.635,13.635,13.635,185.0,BUR
2024-09-27 12:13:00,13.63,13.63,13.625,13.625,903.0,BUR
2024-09-27 12:11:00,13.64,13.64,13.64,13.64,120.0,BUR
2024-09-27 12:09:00,13.62,13.63,13.62,13.63,717.0,BUR
2024-09-27 12:07:00,13.65,13.65,13.625,13.6299,748.0,BUR
2024-09-27 12:03:00,13.64,13.64,13.64,13.64,144.0,BUR
2024-09-27 12:02:00,13.64,13.64,13.64,13.64,110.0,BUR
2024-09-27 12:00:00,13.67,13.67,13.66,13.66,1526.0,BUR
2024-09-27 11:58:00,13.675,13.675,13.675,13.675,221.0,BUR
2024-09-27 11:56:00,13.68,13.68,13.68,13.68,462.0,BUR
2024-09-27 11:55:00,13.67,13.68,13.67,13.675,1726.0,BUR
2024-09-27 11:54:00,13.67,13.67,13.67,13.67,211.0,BUR
2024-09-27 11:53:00,13.6601,13.665,13.6601,13.665,395.0,BUR
2024-09-27 11:50:00,13.67,13.67,13.6608,13.6608,606.0,BUR
2024-09-27 11:49:00,13.68,13.68,13.68,13.68,279.0,BUR
2024-09-27 11:47:00,13.73,13.73,13.68,13.68,3744.0,BUR
2024-09-27 11:46:00,13.73,13.73,13.73,13.73,406.0,BUR
2024-09-27 11:45:00,13.72,13.74,13.72,13.73,4288.0,BUR
2024-09-27 11:44:00,13.72,13.72,13.71,13.71,800.0,BUR
2024-09-27 11:42:00,13.7,13.71,13.685,13.71,5894.0,BUR
2024-09-27 11:41:00,13.69,13.69,13.69,13.69,566.0,BUR
2024-09-27 11:40:00,13.6895,13.6895,13.6895,13.6895,232.0,BUR
2024-09-27 11:39:00,13.68,13.68,13.68,13.68,609.0,BUR
2024-09-27 11:38:00,13.675,13.675,13.675,13.675,2522.0,BUR
2024-09-27 11:37:00,13.675,13.675,13.675,13.675,450.0,BUR
2024-09-27 11:36:00,13.72,13.73,13.69,13.69,5075.0,BUR
2024-09-27 11:35:00,13.675,13.725,13.675,13.725,1385.0,BUR
2024-09-27 11:33:00,13.67,13.68,13.67,13.68,10709.0,BUR
2024-09-27 11:30:00,13.67,13.67,13.67,13.67,188.0,BUR
2024-09-27 11:29:00,13.66,13.67,13.66,13.67,1687.0,BUR
2024-09-27 11:27:00,13.66,13.66,13.66,13.66,768.0,BUR
2024-09-27 11:25:00,13.66,13.66,13.66,13.66,361.0,BUR
2024-09-27 11:22:00,13.68,13.68,13.65,13.65,1809.0,BUR
2024-09-27 11:21:00,13.68,13.68,13.68,13.68,587.0,BUR
2024-09-27 11:19:00,13.7,13.7,13.66,13.66,2831.0,BUR
2024-09-27 11:18:00,13.7,13.71,13.7,13.7,1625.0,BUR
2024-09-27 11:17:00,13.66,13.7,13.66,13.7,840.0,BUR
2024-09-27 11:16:00,13.66,13.66,13.66,13.66,240.0,BUR
2024-09-27 11:15:00,13.62,13.64,13.62,13.64,1682.0,BUR
2024-09-27 11:14:00,13.6,13.61,13.6,13.61,392.0,BUR
2024-09-27 11:13:00,13.6,13.6,13.5989,13.5989,347.0,BUR
2024-09-27 11:12:00,13.57,13.59,13.57,13.58,1543.0,BUR
2024-09-27 11:11:00,13.55,13.555,13.55,13.555,689.0,BUR
2024-09-27 11:10:00,13.56,13.56,13.56,13.56,185.0,BUR
2024-09-27 11:09:00,13.54,13.56,13.54,13.56,1184.0,BUR
2024-09-27 11:06:00,13.52,13.52,13.52,13.52,721.0,BUR
2024-09-27 11:05:00,13.5,13.5,13.5,13.5,1059.0,BUR
2024-09-27 11:03:00,13.51,13.51,13.48,13.48,3003.0,BUR
2024-09-27 11:00:00,13.5,13.5,13.5,13.5,753.0,BUR
2024-09-27 10:59:00,13.5,13.5,13.47,13.48,2860.0,BUR
2024-09-27 10:58:00,13.49,13.49,13.49,13.49,697.0,BUR
2024-09-27 10:57:00,13.51,13.51,13.5,13.5,4058.0,BUR
2024-09-27 10:56:00,13.52,13.52,13.49,13.49,1546.0,BUR
2024-09-27 10:55:00,13.52,13.52,13.52,13.52,746.0,BUR
2024-09-27 10:54:00,13.545,13.545,13.51,13.52,3162.0,BUR
2024-09-27 10:51:00,13.5479,13.55,13.5479,13.55,1137.0,BUR
2024-09-27 10:49:00,13.54,13.54,13.54,13.54,1258.0,BUR
2024-09-27 10:48:00,13.55,13.55,13.55,13.55,528.0,BUR
2024-09-27 10:47:00,13.56,13.57,13.54,13.55,3543.0,BUR
2024-09-27 10:46:00,13.57,13.57,13.57,13.57,161.0,BUR
2024-09-27 10:45:00,13.56,13.56,13.55,13.56,904.0,BUR
2024-09-27 10:44:00,13.57,13.57,13.56,13.5692,2108.0,BUR
2024-09-27 10:41:00,13.54,13.56,13.54,13.54,4886.0,BUR
2024-09-27 10:40:00,13.55,13.55,13.55,13.55,140.0,BUR
2024-09-27 10:36:00,13.54,13.545,13.52,13.52,1707.0,BUR
2024-09-27 10:34:00,13.54,13.54,13.54,13.54,322.0,BUR
2024-09-27 10:33:00,13.54,13.55,13.54,13.545,917.0,BUR
2024-09-27 10:32:00,13.53,13.535,13.53,13.535,941.0,BUR
2024-09-27 10:31:00,13.54,13.54,13.54,13.54,774.0,BUR
2024-09-27 10:28:00,13.54,13.54,13.53,13.54,1983.0,BUR
2024-09-27 10:27:00,13.54,13.54,13.53,13.53,1541.0,BUR
2024-09-27 10:26:00,13.56,13.56,13.52,13.52,6156.0,BUR
2024-09-27 10:25:00,13.56,13.56,13.55,13.55,1304.0,BUR
2024-09-27 10:24:00,13.56,13.56,13.55,13.55,1672.0,BUR
2024-09-27 10:22:00,13.55,13.55,13.55,13.55,148.0,BUR
2024-09-27 10:21:00,13.56,13.56,13.53,13.53,3335.0,BUR
2024-09-27 10:19:00,13.56,13.56,13.55,13.55,1555.0,BUR
2024-09-27 10:18:00,13.55,13.56,13.55,13.56,654.0,BUR
2024-09-27 10:16:00,13.55,13.55,13.54,13.54,422.0,BUR
2024-09-27 10:15:00,13.56,13.58,13.53,13.53,5271.0,BUR
2024-09-27 10:12:00,13.54,13.54,13.54,13.54,296.0,BUR
2024-09-27 10:11:00,13.54,13.54,13.52,13.53,1913.0,BUR
2024-09-27 10:10:00,13.54,13.55,13.54,13.55,619.0,BUR
2024-09-27 10:09:00,13.55,13.56,13.52,13.52,2226.0,BUR
2024-09-27 10:08:00,13.55,13.55,13.55,13.55,311.0,BUR
2024-09-27 10:07:00,13.55,13.55,13.55,13.55,450.0,BUR
2024-09-27 10:06:00,13.53,13.55,13.53,13.54,1466.0,BUR
2024-09-27 10:05:00,13.53,13.53,13.53,13.53,440.0,BUR
2024-09-27 10:04:00,13.49,13.54,13.49,13.53,2280.0,BUR
2024-09-27 10:03:00,13.49,13.5,13.48,13.49,7689.0,BUR
2024-09-27 10:02:00,13.49,13.49,13.49,13.49,106.0,BUR
2024-09-27 10:01:00,13.49,13.495,13.49,13.495,1614.0,BUR
2024-09-27 10:00:00,13.475,13.49,13.475,13.485,1580.0,BUR
2024-09-27 09:59:00,13.49,13.49,13.48,13.48,798.0,BUR
2024-09-27 09:58:00,13.485,13.54,13.48,13.48,9168.0,BUR
2024-09-27 09:57:00,13.49,13.518,13.48,13.485,11027.0,BUR
2024-09-27 09:55:00,13.48,13.49,13.45,13.485,7675.0,BUR
2024-09-27 09:53:00,13.46,13.46,13.46,13.46,765.0,BUR
2024-09-27 09:52:00,13.44,13.44,13.43,13.43,708.0,BUR
2024-09-27 09:50:00,13.45,13.45,13.45,13.45,584.0,BUR
2024-09-27 09:47:00,13.45,13.45,13.43,13.435,4065.0,BUR
2024-09-27 09:46:00,13.45,13.46,13.43,13.43,7100.0,BUR
2024-09-27 09:45:00,13.435,13.435,13.435,13.435,401.0,BUR
2024-09-27 09:43:00,13.45,13.45,13.45,13.45,144.0,BUR
2024-09-27 09:40:00,13.42,13.44,13.42,13.44,1211.0,BUR
2024-09-27 09:39:00,13.45,13.45,13.44,13.44,701.0,BUR
2024-09-27 09:38:00,13.4902,13.4902,13.42,13.42,3441.0,BUR
2024-09-27 09:37:00,13.51,13.52,13.47,13.47,2159.0,BUR
2024-09-27 09:36:00,13.5099,13.51,13.5099,13.51,471.0,BUR
2024-09-27 09:35:00,13.51,13.51,13.49,13.4966,1465.0,BUR
2024-09-27 09:34:00,13.5,13.52,13.48,13.51,5300.0,BUR
2024-09-27 09:33:00,13.4916,13.4916,13.4916,13.4916,981.0,BUR
2024-09-27 09:32:00,13.475,13.475,13.475,13.475,136.0,BUR
2024-09-27 09:30:00,13.41,13.5,13.4,13.44,50079.0,BUR
2024-09-27 09:15:00,13.37,13.37,13.37,13.37,365.0,BUR
2024-09-27 08:41:00,13.36,13.37,13.36,13.37,400.0,BUR
2024-09-27 08:40:00,13.32,13.32,13.32,13.32,198.0,BUR
2024-09-27 08:30:00,13.33,13.35,13.33,13.33,2666.0,BUR
2024-09-27 07:58:00,13.29,13.29,13.29,13.29,326.0,BUR
2024-09-27 07:31:00,13.29,13.29,13.29,13.29,1000.0,BUR
2024-09-27 07:05:00,13.34,13.34,13.34,13.34,300.0,BUR
2024-09-26 19:00:00,13.31,13.31,13.31,13.31,94757.0,BUR
2024-09-26 18:30:00,13.31,13.31,13.31,13.31,94757.0,BUR
2024-09-26 16:10:00,13.31,13.31,13.31,13.31,94757.0,BUR
2024-09-26 16:09:00,13.31,13.31,13.31,13.31,460.0,BUR
2024-09-26 16:01:00,13.31,13.31,13.31,13.31,9428.0,BUR
2024-09-26 16:00:00,13.33,13.33,13.31,13.31,198619.0,BUR
2024-09-26 15:59:00,13.31,13.33,13.31,13.32,32787.0,BUR
2024-09-26 15:58:00,13.33,13.33,13.305,13.315,28880.0,BUR
2024-09-26 15:57:00,13.33,13.34,13.33,13.3399,10163.0,BUR
2024-09-26 15:56:00,13.335,13.34,13.33,13.33,4901.0,BUR
2024-09-26 15:55:00,13.33,13.335,13.33,13.33,4346.0,BUR
2024-09-26 15:54:00,13.33,13.335,13.33,13.33,1857.0,BUR
2024-09-26 15:53:00,13.33,13.33,13.325,13.33,4032.0,BUR
2024-09-26 15:52:00,13.335,13.335,13.335,13.335,1102.0,BUR
2024-09-26 15:51:00,13.335,13.34,13.33,13.335,3729.0,BUR
2024-09-26 15:50:00,13.335,13.335,13.33,13.33,1307.0,BUR
2024-09-26 15:49:00,13.345,13.345,13.325,13.325,4869.0,BUR
2024-09-26 15:48:00,13.34,13.345,13.34,13.345,1728.0,BUR
2024-09-26 15:47:00,13.345,13.345,13.345,13.345,445.0,BUR
2024-09-26 15:46:00,13.345,13.345,13.345,13.345,842.0,BUR
2024-09-26 15:45:00,13.3401,13.345,13.3401,13.345,1061.0,BUR
2024-09-26 15:44:00,13.335,13.35,13.335,13.345,6948.0,BUR
2024-09-26 15:43:00,13.34,13.34,13.34,13.34,126.0,BUR
2024-09-26 15:42:00,13.34,13.34,13.33,13.34,2245.0,BUR
2024-09-26 15:41:00,13.3409,13.3409,13.34,13.34,499.0,BUR
2024-09-26 15:40:00,13.36,13.36,13.34,13.34,4093.0,BUR
2024-09-26 15:39:00,13.36,13.36,13.36,13.36,444.0,BUR
2024-09-26 15:38:00,13.36,13.365,13.36,13.365,536.0,BUR
2024-09-26 15:37:00,13.375,13.375,13.365,13.3658,1533.0,BUR
2024-09-26 15:35:00,13.3751,13.3751,13.375,13.375,311.0,BUR
2024-09-26 15:34:00,13.38,13.38,13.375,13.375,561.0,BUR
2024-09-26 15:32:00,13.37,13.37,13.37,13.37,579.0,BUR
2024-09-26 15:31:00,13.37,13.37,13.37,13.37,1389.0,BUR
2024-09-26 15:29:00,13.375,13.38,13.375,13.38,2418.0,BUR
2024-09-26 15:28:00,13.39,13.39,13.37,13.37,1093.0,BUR
2024-09-26 15:27:00,13.39,13.39,13.39,13.39,306.0,BUR
2024-09-26 15:26:00,13.4,13.4,13.39,13.39,723.0,BUR
2024-09-26 15:25:00,13.4,13.4,13.4,13.4,134.0,BUR
2024-09-26 15:24:00,13.4,13.405,13.4,13.405,632.0,BUR
2024-09-26 15:22:00,13.4,13.4,13.4,13.4,229.0,BUR
2024-09-26 15:18:00,13.41,13.41,13.41,13.41,854.0,BUR
2024-09-26 15:13:00,13.4193,13.425,13.4193,13.425,1828.0,BUR
2024-09-26 15:12:00,13.42,13.42,13.41,13.415,2592.0,BUR
2024-09-26 15:10:00,13.41,13.4289,13.4094,13.4289,1487.0,BUR
2024-09-26 15:08:00,13.4,13.41,13.4,13.41,1365.0,BUR
2024-09-26 15:06:00,13.395,13.395,13.395,13.395,106.0,BUR
2024-09-26 15:04:00,13.39,13.39,13.39,13.39,1293.0,BUR
2024-09-26 15:03:00,13.38,13.38,13.38,13.38,1297.0,BUR
2024-09-26 15:01:00,13.37,13.375,13.37,13.3701,1974.0,BUR
2024-09-26 15:00:00,13.37,13.37,13.37,13.37,1226.0,BUR
2024-09-26 14:59:00,13.37,13.37,13.37,13.37,816.0,BUR
2024-09-26 14:54:00,13.37,13.37,13.365,13.37,1012.0,BUR
2024-09-26 14:53:00,13.38,13.38,13.38,13.38,1998.0,BUR
2024-09-26 14:51:00,13.375,13.375,13.37,13.375,1837.0,BUR
2024-09-26 14:49:00,13.37,13.37,13.37,13.37,1298.0,BUR
2024-09-26 14:48:00,13.365,13.365,13.365,13.365,422.0,BUR
2024-09-26 14:45:00,13.375,13.375,13.365,13.365,2099.0,BUR
2024-09-26 14:44:00,13.375,13.375,13.375,13.375,105.0,BUR
2024-09-26 14:43:00,13.375,13.375,13.3701,13.3701,335.0,BUR
2024-09-26 14:42:00,13.375,13.375,13.3705,13.375,1819.0,BUR
2024-09-26 14:41:00,13.375,13.375,13.375,13.375,205.0,BUR
2024-09-26 14:40:00,13.375,13.375,13.375,13.375,255.0,BUR
2024-09-26 14:39:00,13.375,13.375,13.375,13.375,130.0,BUR
2024-09-26 14:38:00,13.38,13.38,13.375,13.375,2662.0,BUR
2024-09-26 14:36:00,13.37,13.37,13.37,13.37,655.0,BUR
2024-09-26 14:34:00,13.365,13.365,13.365,13.365,262.0,BUR
2024-09-26 14:33:00,13.355,13.3608,13.355,13.3608,1795.0,BUR
2024-09-26 14:32:00,13.37,13.37,13.36,13.36,1358.0,BUR
2024-09-26 14:31:00,13.37,13.37,13.37,13.37,526.0,BUR
2024-09-26 14:30:00,13.37,13.37,13.37,13.37,467.0,BUR
2024-09-26 14:29:00,13.38,13.38,13.38,13.38,220.0,BUR
2024-09-26 14:27:00,13.38,13.38,13.38,13.38,102.0,BUR
2024-09-26 14:26:00,13.38,13.38,13.38,13.38,436.0,BUR
2024-09-26 14:25:00,13.38,13.38,13.38,13.38,225.0,BUR
2024-09-26 14:24:00,13.38,13.38,13.38,13.38,118.0,BUR
2024-09-26 14:23:00,13.41,13.41,13.39,13.39,1979.0,BUR
2024-09-26 14:22:00,13.41,13.41,13.41,13.41,3109.0,BUR
2024-09-26 14:20:00,13.415,13.415,13.415,13.415,594.0,BUR
2024-09-26 14:19:00,13.42,13.42,13.4199,13.4199,900.0,BUR
2024-09-26 14:18:00,13.415,13.415,13.415,13.415,109.0,BUR
2024-09-26 14:13:00,13.41,13.41,13.41,13.41,102.0,BUR
2024-09-26 14:12:00,13.41,13.415,13.41,13.415,1497.0,BUR
2024-09-26 14:10:00,13.405,13.405,13.405,13.405,377.0,BUR
2024-09-26 14:08:00,13.405,13.405,13.405,13.405,470.0,BUR
2024-09-26 14:06:00,13.41,13.415,13.41,13.41,1423.0,BUR
2024-09-26 14:04:00,13.385,13.4099,13.385,13.4099,5958.0,BUR
2024-09-26 14:03:00,13.38,13.38,13.38,13.38,151.0,BUR
2024-09-26 14:02:00,13.38,13.38,13.38,13.38,104.0,BUR
2024-09-26 14:01:00,13.385,13.385,13.385,13.385,331.0,BUR
2024-09-26 14:00:00,13.38,13.385,13.38,13.385,229.0,BUR
2024-09-26 13:59:00,13.38,13.38,13.38,13.38,215.0,BUR
2024-09-26 13:58:00,13.38,13.38,13.38,13.38,123.0,BUR
2024-09-26 13:57:00,13.3809,13.3809,13.3809,13.3809,412.0,BUR
2024-09-26 13:55:00,13.385,13.385,13.385,13.385,448.0,BUR
2024-09-26 13:54:00,13.385,13.385,13.385,13.385,146.0,BUR
2024-09-26 13:53:00,13.39,13.39,13.39,13.39,192.0,BUR
2024-09-26 13:52:00,13.4011,13.4011,13.39,13.39,1708.0,BUR
2024-09-26 13:49:00,13.395,13.405,13.395,13.4,4095.0,BUR
2024-09-26 13:47:00,13.39,13.39,13.39,13.39,187.0,BUR
2024-09-26 13:46:00,13.39,13.39,13.39,13.39,156.0,BUR
2024-09-26 13:45:00,13.39,13.39,13.39,13.39,1069.0,BUR
2024-09-26 13:44:00,13.39,13.39,13.39,13.39,158.0,BUR
2024-09-26 13:42:00,13.39,13.39,13.39,13.39,1091.0,BUR
2024-09-26 13:41:00,13.38,13.38,13.38,13.38,178.0,BUR
2024-09-26 13:40:00,13.39,13.39,13.39,13.39,1117.0,BUR
2024-09-26 13:39:00,13.395,13.395,13.395,13.395,417.0,BUR
2024-09-26 13:37:00,13.4,13.4,13.4,13.4,394.0,BUR
2024-09-26 13:36:00,13.395,13.395,13.395,13.395,232.0,BUR
2024-09-26 13:35:00,13.394,13.394,13.394,13.394,575.0,BUR
2024-09-26 13:33:00,13.4,13.405,13.4,13.4,1444.0,BUR
2024-09-26 13:32:00,13.41,13.41,13.405,13.405,270.0,BUR
2024-09-26 13:31:00,13.405,13.405,13.405,13.405,161.0,BUR
2024-09-26 13:30:00,13.3991,13.4,13.3991,13.4,2501.0,BUR
2024-09-26 13:29:00,13.39,13.39,13.39,13.39,110.0,BUR
2024-09-26 13:28:00,13.39,13.39,13.39,13.39,388.0,BUR
2024-09-26 13:27:00,13.37,13.385,13.365,13.385,3780.0,BUR
2024-09-26 13:22:00,13.37,13.37,13.37,13.37,207.0,BUR
2024-09-26 13:21:00,13.37,13.37,13.37,13.37,800.0,BUR
2024-09-26 13:20:00,13.37,13.37,13.37,13.37,910.0,BUR
2024-09-26 13:19:00,13.39,13.39,13.37,13.37,900.0,BUR
2024-09-26 13:18:00,13.4,13.4,13.4,13.4,557.0,BUR
2024-09-26 13:17:00,13.4,13.4,13.4,13.4,853.0,BUR
2024-09-26 13:15:00,13.41,13.41,13.41,13.41,386.0,BUR
2024-09-26 13:14:00,13.415,13.415,13.415,13.415,203.0,BUR
2024-09-26 13:12:00,13.42,13.42,13.42,13.42,840.0,BUR
2024-09-26 13:11:00,13.425,13.425,13.42,13.425,618.0,BUR
2024-09-26 13:09:00,13.42,13.42,13.42,13.42,139.0,BUR
2024-09-26 13:06:00,13.425,13.425,13.425,13.425,194.0,BUR
2024-09-26 13:05:00,13.415,13.425,13.415,13.425,1325.0,BUR
2024-09-26 13:04:00,13.42,13.42,13.42,13.42,406.0,BUR
2024-09-26 13:03:00,13.42,13.425,13.415,13.42,2968.0,BUR
2024-09-26 13:02:00,13.415,13.415,13.415,13.415,509.0,BUR
2024-09-26 13:01:00,13.4111,13.4111,13.41,13.41,904.0,BUR
2024-09-26 13:00:00,13.42,13.42,13.42,13.42,1246.0,BUR
2024-09-26 12:59:00,13.42,13.425,13.42,13.425,342.0,BUR
2024-09-26 12:54:00,13.42,13.42,13.42,13.42,134.0,BUR
2024-09-26 12:53:00,13.42,13.42,13.42,13.42,101.0,BUR
2024-09-26 12:49:00,13.43,13.43,13.425,13.425,1271.0,BUR
2024-09-26 12:48:00,13.43,13.43,13.43,13.43,384.0,BUR
2024-09-26 12:46:00,13.42,13.425,13.42,13.425,1075.0,BUR
2024-09-26 12:45:00,13.405,13.41,13.405,13.41,974.0,BUR
2024-09-26 12:42:00,13.41,13.41,13.405,13.41,2095.0,BUR
2024-09-26 12:41:00,13.41,13.41,13.41,13.41,271.0,BUR
2024-09-26 12:38:00,13.42,13.42,13.42,13.42,3020.0,BUR
2024-09-26 12:37:00,13.42,13.43,13.42,13.43,1354.0,BUR
2024-09-26 12:32:00,13.4,13.41,13.4,13.41,2090.0,BUR
2024-09-26 12:29:00,13.41,13.415,13.405,13.405,1370.0,BUR
2024-09-26 12:28:00,13.415,13.415,13.415,13.415,100.0,BUR
2024-09-26 12:25:00,13.395,13.41,13.395,13.41,3472.0,BUR
2024-09-26 12:23:00,13.4,13.4,13.4,13.4,100.0,BUR
2024-09-26 12:22:00,13.4084,13.4084,13.4,13.4,1403.0,BUR
2024-09-26 12:21:00,13.4,13.405,13.4,13.4,1406.0,BUR
2024-09-26 12:19:00,13.405,13.405,13.4,13.4,779.0,BUR
2024-09-26 12:17:00,13.405,13.405,13.405,13.405,100.0,BUR
2024-09-26 12:16:00,13.4,13.405,13.4,13.405,2093.0,BUR
2024-09-26 12:11:00,13.41,13.41,13.41,13.41,100.0,BUR
2024-09-26 12:10:00,13.415,13.415,13.41,13.41,3102.0,BUR
2024-09-26 12:08:00,13.41,13.41,13.41,13.41,100.0,BUR
2024-09-26 12:07:00,13.4,13.41,13.4,13.41,2047.0,BUR
2024-09-26 12:06:00,13.395,13.395,13.395,13.395,100.0,BUR
2024-09-26 12:04:00,13.4,13.408,13.4,13.4,631.0,BUR
2024-09-26 12:02:00,13.42,13.42,13.41,13.41,1173.0,BUR
2024-09-26 12:00:00,13.43,13.43,13.43,13.43,104.0,BUR
2024-09-26 11:59:00,13.43,13.43,13.43,13.43,1006.0,BUR
2024-09-26 11:58:00,13.42,13.42,13.42,13.42,1996.0,BUR
2024-09-26 11:57:00,13.415,13.415,13.415,13.415,200.0,BUR
2024-09-26 11:56:00,13.415,13.415,13.415,13.415,704.0,BUR
2024-09-26 11:54:00,13.41,13.41,13.41,13.41,244.0,BUR
2024-09-26 11:53:00,13.4,13.41,13.39,13.41,8498.0,BUR
2024-09-26 11:52:00,13.4,13.4,13.4,13.4,401.0,BUR
2024-09-26 11:51:00,13.39,13.4,13.39,13.4,4770.0,BUR
2024-09-26 11:50:00,13.39,13.39,13.39,13.39,1103.0,BUR
2024-09-26 11:49:00,13.395,13.395,13.395,13.395,925.0,BUR
2024-09-26 11:48:00,13.395,13.395,13.395,13.395,100.0,BUR
2024-09-26 11:47:00,13.395,13.395,13.395,13.395,100.0,BUR
2024-09-26 11:45:00,13.38,13.39,13.38,13.39,2743.0,BUR
2024-09-26 11:44:00,13.38,13.38,13.38,13.38,132.0,BUR
2024-09-26 11:42:00,13.38,13.38,13.38,13.38,202.0,BUR
2024-09-26 11:41:00,13.38,13.38,13.38,13.38,2131.0,BUR
2024-09-26 11:40:00,13.375,13.38,13.375,13.38,2759.0,BUR
2024-09-26 11:39:00,13.37,13.37,13.37,13.37,110.0,BUR
2024-09-26 11:38:00,13.375,13.375,13.375,13.375,2507.0,BUR
2024-09-26 11:37:00,13.375,13.375,13.375,13.375,315.0,BUR
2024-09-26 11:35:00,13.38,13.38,13.3799,13.3799,1228.0,BUR
2024-09-26 11:34:00,13.38,13.38,13.38,13.38,1529.0,BUR
2024-09-26 11:32:00,13.36,13.38,13.36,13.38,1708.0,BUR
2024-09-26 11:30:00,13.35,13.35,13.35,13.35,590.0,BUR
2024-09-26 11:29:00,13.345,13.36,13.345,13.35,2682.0,BUR
2024-09-26 11:28:00,13.35,13.35,13.35,13.35,522.0,BUR
2024-09-26 11:27:00,13.34,13.34,13.34,13.34,334.0,BUR
2024-09-26 11:26:00,13.35,13.35,13.34,13.34,934.0,BUR
2024-09-26 11:24:00,13.36,13.36,13.355,13.36,1538.0,BUR
2024-09-26 11:23:00,13.34,13.365,13.34,13.365,3699.0,BUR
2024-09-26 11:22:00,13.35,13.35,13.35,13.35,331.0,BUR
2024-09-26 11:21:00,13.34,13.34,13.34,13.34,204.0,BUR
2024-09-26 11:18:00,13.35,13.36,13.35,13.35,851.0,BUR
2024-09-26 11:17:00,13.35,13.35,13.35,13.35,103.0,BUR
2024-09-26 11:16:00,13.36,13.36,13.36,13.36,1324.0,BUR
2024-09-26 11:15:00,13.34,13.36,13.34,13.35,8013.0,BUR
2024-09-26 11:14:00,13.3602,13.3625,13.34,13.34,39295.0,BUR
2024-09-26 11:13:00,13.37,13.37,13.37,13.37,536.0,BUR
2024-09-26 11:10:00,13.385,13.385,13.38,13.38,1425.0,BUR
2024-09-26 11:09:00,13.38,13.38,13.38,13.38,747.0,BUR
2024-09-26 11:07:00,13.37,13.37,13.37,13.37,519.0,BUR
2024-09-26 11:06:00,13.365,13.365,13.365,13.365,277.0,BUR
2024-09-26 11:05:00,13.369,13.369,13.369,13.369,530.0,BUR
2024-09-26 11:04:00,13.36,13.36,13.36,13.36,1452.0,BUR
2024-09-26 11:03:00,13.37,13.37,13.37,13.37,402.0,BUR
2024-09-26 11:02:00,13.36,13.38,13.36,13.38,1084.0,BUR
2024-09-26 11:01:00,13.37,13.37,13.37,13.37,1027.0,BUR
2024-09-26 11:00:00,13.37,13.37,13.37,13.37,520.0,BUR
2024-09-26 10:59:00,13.37,13.37,13.37,13.37,177.0,BUR
2024-09-26 10:57:00,13.38,13.38,13.38,13.38,516.0,BUR
2024-09-26 10:56:00,13.39,13.39,13.39,13.39,792.0,BUR
2024-09-26 10:55:00,13.39,13.39,13.39,13.39,781.0,BUR
2024-09-26 10:53:00,13.4,13.4,13.39,13.39,300.0,BUR
2024-09-26 10:52:00,13.39,13.39,13.39,13.39,138.0,BUR
2024-09-26 10:51:00,13.4,13.4,13.39,13.4,2498.0,BUR
2024-09-26 10:50:00,13.4,13.4,13.4,13.4,1136.0,BUR
2024-09-26 10:49:00,13.41,13.41,13.41,13.41,169.0,BUR
2024-09-26 10:47:00,13.42,13.42,13.42,13.42,333.0,BUR
2024-09-26 10:46:00,13.43,13.43,13.43,13.43,666.0,BUR
2024-09-26 10:45:00,13.425,13.43,13.42,13.42,1123.0,BUR
2024-09-26 10:44:00,13.42,13.42,13.42,13.42,182.0,BUR
2024-09-26 10:43:00,13.43,13.43,13.43,13.43,464.0,BUR
2024-09-26 10:42:00,13.42,13.42,13.42,13.42,149.0,BUR
2024-09-26 10:41:00,13.41,13.41,13.41,13.41,220.0,BUR
2024-09-26 10:39:00,13.42,13.42,13.42,13.42,927.0,BUR
2024-09-26 10:38:00,13.435,13.44,13.42,13.42,4998.0,BUR
2024-09-26 10:37:00,13.42,13.43,13.42,13.43,1395.0,BUR
2024-09-26 10:36:00,13.418,13.418,13.4,13.4,1793.0,BUR
2024-09-26 10:35:00,13.41,13.41,13.41,13.41,147.0,BUR
2024-09-26 10:34:00,13.405,13.41,13.405,13.41,1143.0,BUR
2024-09-26 10:32:00,13.39,13.4,13.38,13.4,1291.0,BUR
2024-09-26 10:31:00,13.395,13.395,13.38,13.38,988.0,BUR
2024-09-26 10:30:00,13.39,13.4,13.38,13.39,1904.0,BUR
2024-09-26 10:29:00,13.4,13.4,13.4,13.4,273.0,BUR
2024-09-26 10:28:00,13.4,13.4,13.4,13.4,533.0,BUR
2024-09-26 10:27:00,13.41,13.41,13.41,13.41,268.0,BUR
2024-09-26 10:26:00,13.41,13.41,13.41,13.41,166.0,BUR
2024-09-26 10:24:00,13.39,13.42,13.39,13.42,1226.0,BUR
2024-09-26 10:22:00,13.4,13.4,13.4,13.4,187.0,BUR
2024-09-26 10:17:00,13.43,13.43,13.41,13.41,1361.0,BUR
2024-09-26 10:16:00,13.38,13.46,13.38,13.43,24374.0,BUR
2024-09-26 10:14:00,13.38,13.38,13.37,13.37,1463.0,BUR
2024-09-26 10:13:00,13.37,13.37,13.36,13.36,487.0,BUR
2024-09-26 10:11:00,13.36,13.4,13.36,13.4,1267.0,BUR
2024-09-26 10:10:00,13.33,13.34,13.33,13.34,894.0,BUR
2024-09-26 10:09:00,13.35,13.36,13.32,13.34,3652.0,BUR
2024-09-26 10:08:00,13.35,13.35,13.35,13.35,203.0,BUR
2024-09-26 10:06:00,13.36,13.36,13.35,13.35,1529.0,BUR
2024-09-26 10:05:00,13.38,13.38,13.36,13.36,638.0,BUR
2024-09-26 10:04:00,13.39,13.39,13.38,13.38,803.0,BUR
2024-09-26 10:03:00,13.41,13.41,13.38,13.405,5460.0,BUR
2024-09-26 10:02:00,13.425,13.425,13.42,13.42,293.0,BUR
2024-09-26 10:01:00,13.43,13.43,13.43,13.43,482.0,BUR
2024-09-26 10:00:00,13.41,13.44,13.41,13.44,1509.0,BUR
2024-09-26 09:59:00,13.395,13.4099,13.38,13.38,1005.0,BUR
2024-09-26 09:58:00,13.395,13.395,13.395,13.395,25860.0,BUR
2024-09-26 09:57:00,13.38,13.3987,13.38,13.3987,1028.0,BUR
2024-09-26 09:55:00,13.375,13.375,13.375,13.375,195.0,BUR
2024-09-26 09:53:00,13.38,13.38,13.35,13.36,1176.0,BUR
2024-09-26 09:52:00,13.38,13.38,13.38,13.38,498.0,BUR
2024-09-26 09:51:00,13.36,13.37,13.36,13.37,1919.0,BUR
2024-09-26 09:50:00,13.36,13.36,13.36,13.36,350.0,BUR
2024-09-26 09:49:00,13.33,13.38,13.32,13.37,18806.0,BUR
2024-09-26 09:48:00,13.33,13.335,13.33,13.335,1767.0,BUR
2024-09-26 09:45:00,13.33,13.33,13.32,13.32,706.0,BUR
2024-09-26 09:43:00,13.3,13.3,13.3,13.3,203.0,BUR
2024-09-26 09:42:00,13.32,13.32,13.32,13.32,259.0,BUR
2024-09-26 09:40:00,13.33,13.33,13.32,13.32,287.0,BUR
2024-09-26 09:39:00,13.36,13.36,13.34,13.34,339.0,BUR
2024-09-26 09:38:00,13.36,13.36,13.34,13.34,1142.0,BUR
2024-09-26 09:37:00,13.35,13.38,13.35,13.37,1247.0,BUR
2024-09-26 09:35:00,13.33,13.35,13.33,13.35,308.0,BUR
2024-09-26 09:30:00,13.36,13.36,13.36,13.36,5504.0,BUR
2024-09-26 09:29:00,13.31,13.33,13.31,13.33,661.0,BUR
2024-09-26 08:59:00,13.26,13.26,13.26,13.26,100.0,BUR
2024-09-26 07:23:00,13.25,13.25,13.25,13.25,500.0,BUR
2024-09-26 05:43:00,13.24,13.24,13.24,13.24,100.0,BUR
2024-09-25 19:00:00,13.1,13.1,13.1,13.1,88679.0,BUR
2024-09-25 18:30:00,13.1,13.1,13.1,13.1,88679.0,BUR
2024-09-25 16:10:00,13.1,13.1,13.1,13.1,88679.0,BUR
2024-09-25 16:02:00,13.1,13.1,13.1,13.1,232.0,BUR
2024-09-25 16:01:00,13.1,13.1,13.1,13.1,7507.0,BUR
2024-09-25 16:00:00,13.11,13.11,13.1,13.1,181229.0,BUR
2024-09-25 15:59:00,13.09,13.12,13.08,13.11,15459.0,BUR
2024-09-25 15:58:00,13.085,13.09,13.08,13.09,3136.0,BUR
2024-09-25 15:57:00,13.09,13.09,13.08,13.085,4278.0,BUR
2024-09-25 15:56:00,13.09,13.09,13.09,13.09,1039.0,BUR
2024-09-25 15:55:00,13.08,13.09,13.08,13.09,3187.0,BUR
2024-09-25 15:54:00,13.09,13.09,13.08,13.08,3596.0,BUR
2024-09-25 15:53:00,13.095,13.095,13.08,13.09,7422.0,BUR
2024-09-25 15:52:00,13.1,13.1,13.09,13.09,2045.0,BUR
2024-09-25 15:51:00,13.105,13.11,13.105,13.105,1131.0,BUR
2024-09-25 15:50:00,13.095,13.11,13.095,13.105,3134.0,BUR
2024-09-25 15:49:00,13.09,13.09,13.09,13.09,1104.0,BUR
2024-09-25 15:48:00,13.075,13.095,13.075,13.095,3035.0,BUR
2024-09-25 15:47:00,13.08,13.08,13.075,13.075,1697.0,BUR
2024-09-25 15:46:00,13.095,13.095,13.09,13.09,683.0,BUR
2024-09-25 15:45:00,13.075,13.095,13.07,13.095,4542.0,BUR
2024-09-25 15:44:00,13.075,13.075,13.075,13.075,126.0,BUR
2024-09-25 15:43:00,13.065,13.075,13.065,13.075,2296.0,BUR
2024-09-25 15:42:00,13.07,13.07,13.06,13.06,543.0,BUR
2024-09-25 15:41:00,13.08,13.08,13.07,13.075,1303.0,BUR
2024-09-25 15:40:00,13.085,13.085,13.0801,13.0801,281.0,BUR
2024-09-25 15:39:00,13.09,13.095,13.09,13.09,475.0,BUR
2024-09-25 15:38:00,13.11,13.11,13.085,13.09,4254.0,BUR
2024-09-25 15:37:00,13.115,13.115,13.115,13.115,359.0,BUR
2024-09-25 15:36:00,13.095,13.12,13.095,13.12,2554.0,BUR
2024-09-25 15:35:00,13.09,13.09,13.09,13.09,273.0,BUR
2024-09-25 15:33:00,13.1,13.105,13.1,13.1,3168.0,BUR
2024-09-25 15:32:00,13.09,13.095,13.09,13.095,1279.0,BUR
2024-09-25 15:31:00,13.09,13.09,13.09,13.09,1604.0,BUR
2024-09-25 15:30:00,13.11,13.11,13.11,13.11,1021.0,BUR
2024-09-25 15:29:00,13.11,13.11,13.11,13.11,233.0,BUR
2024-09-25 15:28:00,13.11,13.11,13.11,13.11,336.0,BUR
2024-09-25 15:27:00,13.1101,13.1101,13.11,13.11,6487.0,BUR
2024-09-25 15:26:00,13.11,13.11,13.11,13.11,1301.0,BUR
2024-09-25 15:25:00,13.08,13.12,13.08,13.11,6627.0,BUR
2024-09-25 15:24:00,13.1,13.1,13.08,13.09,6470.0,BUR
2024-09-25 15:23:00,13.12,13.121,13.11,13.11,2360.0,BUR
2024-09-25 15:21:00,13.125,13.125,13.125,13.125,124.0,BUR
2024-09-25 15:19:00,13.14,13.14,13.13,13.13,1787.0,BUR
2024-09-25 15:18:00,13.1488,13.1488,13.14,13.14,829.0,BUR
2024-09-25 15:17:00,13.15,13.15,13.15,13.15,382.0,BUR
2024-09-25 15:16:00,13.15,13.15,13.15,13.15,242.0,BUR
2024-09-25 15:14:00,13.155,13.155,13.15,13.15,1196.0,BUR
2024-09-25 15:13:00,13.155,13.155,13.155,13.155,106.0,BUR
2024-09-25 15:12:00,13.155,13.155,13.155,13.155,245.0,BUR
2024-09-25 15:11:00,13.16,13.16,13.155,13.155,1060.0,BUR
2024-09-25 15:10:00,13.17,13.17,13.16,13.16,314.0,BUR
2024-09-25 15:09:00,13.165,13.165,13.165,13.165,144.0,BUR
2024-09-25 15:08:00,13.17,13.17,13.17,13.17,1373.0,BUR
2024-09-25 15:07:00,13.16,13.16,13.16,13.16,567.0,BUR
2024-09-25 15:06:00,13.16,13.16,13.15,13.15,1075.0,BUR
2024-09-25 15:05:00,13.15,13.15,13.15,13.15,121.0,BUR
2024-09-25 15:04:00,13.15,13.158,13.15,13.158,396.0,BUR
2024-09-25 15:02:00,13.15,13.15,13.15,13.15,405.0,BUR
2024-09-25 15:01:00,13.15,13.15,13.15,13.15,483.0,BUR
2024-09-25 15:00:00,13.13,13.15,13.13,13.15,2132.0,BUR
2024-09-25 14:59:00,13.14,13.14,13.14,13.14,167.0,BUR
2024-09-25 14:58:00,13.14,13.14,13.14,13.14,107.0,BUR
2024-09-25 14:57:00,13.15,13.15,13.15,13.15,753.0,BUR
2024-09-25 14:56:00,13.15,13.15,13.15,13.15,161.0,BUR
2024-09-25 14:55:00,13.155,13.155,13.15,13.15,220.0,BUR
2024-09-25 14:52:00,13.155,13.155,13.154,13.154,412.0,BUR
2024-09-25 14:50:00,13.155,13.16,13.155,13.16,1574.0,BUR
2024-09-25 14:49:00,13.15,13.15,13.15,13.15,164.0,BUR
2024-09-25 14:47:00,13.16,13.16,13.15,13.15,666.0,BUR
2024-09-25 14:45:00,13.16,13.16,13.16,13.16,364.0,BUR
2024-09-25 14:44:00,13.17,13.17,13.16,13.16,654.0,BUR
2024-09-25 14:42:00,13.18,13.18,13.18,13.18,1085.0,BUR
2024-09-25 14:39:00,13.18,13.18,13.18,13.18,1140.0,BUR
2024-09-25 14:36:00,13.18,13.1831,13.18,13.1831,1516.0,BUR
2024-09-25 14:34:00,13.17,13.17,13.17,13.17,308.0,BUR
2024-09-25 14:33:00,13.17,13.17,13.16,13.16,1035.0,BUR
2024-09-25 14:31:00,13.17,13.17,13.17,13.17,122.0,BUR
2024-09-25 14:30:00,13.17,13.17,13.17,13.17,105.0,BUR
2024-09-25 14:29:00,13.16,13.17,13.16,13.17,1229.0,BUR
2024-09-25 14:28:00,13.17,13.175,13.17,13.17,1584.0,BUR
2024-09-25 14:26:00,13.16,13.17,13.16,13.17,781.0,BUR
2024-09-25 14:25:00,13.16,13.16,13.16,13.16,314.0,BUR
2024-09-25 14:23:00,13.16,13.16,13.16,13.16,136.0,BUR
2024-09-25 14:22:00,13.16,13.16,13.16,13.16,102.0,BUR
2024-09-25 14:20:00,13.18,13.18,13.18,13.18,218.0,BUR
2024-09-25 14:19:00,13.19,13.19,13.18,13.18,1012.0,BUR
2024-09-25 14:18:00,13.1901,13.1901,13.1901,13.1901,1502.0,BUR
2024-09-25 14:16:00,13.19,13.19,13.19,13.19,1958.0,BUR
2024-09-25 14:14:00,13.21,13.21,13.2,13.2,571.0,BUR
2024-09-25 14:13:00,13.21,13.21,13.21,13.21,915.0,BUR
2024-09-25 14:11:00,13.21,13.21,13.21,13.21,102.0,BUR
2024-09-25 14:10:00,13.215,13.215,13.215,13.215,130.0,BUR
2024-09-25 14:08:00,13.215,13.215,13.215,13.215,122.0,BUR
2024-09-25 14:07:00,13.22,13.22,13.22,13.22,235.0,BUR
2024-09-25 14:06:00,13.22,13.225,13.22,13.225,642.0,BUR
2024-09-25 14:05:00,13.225,13.225,13.225,13.225,203.0,BUR
2024-09-25 14:04:00,13.22,13.23,13.22,13.225,976.0,BUR
2024-09-25 14:03:00,13.215,13.215,13.215,13.215,103.0,BUR
2024-09-25 14:01:00,13.215,13.215,13.215,13.215,103.0,BUR
2024-09-25 14:00:00,13.22,13.22,13.215,13.215,664.0,BUR
2024-09-25 13:59:00,13.22,13.22,13.22,13.22,205.0,BUR
2024-09-25 13:56:00,13.22,13.22,13.22,13.22,197.0,BUR
2024-09-25 13:54:00,13.22,13.23,13.22,13.23,261.0,BUR
2024-09-25 13:51:00,13.22,13.23,13.22,13.23,259.0,BUR
2024-09-25 13:50:00,13.22,13.225,13.22,13.22,1280.0,BUR
2024-09-25 13:49:00,13.214,13.214,13.214,13.214,439.0,BUR
2024-09-25 13:47:00,13.22,13.22,13.215,13.215,201.0,BUR
2024-09-25 13:46:00,13.23,13.23,13.22,13.22,665.0,BUR
2024-09-25 13:43:00,13.22,13.22,13.22,13.22,177.0,BUR
2024-09-25 13:42:00,13.23,13.23,13.23,13.23,135.0,BUR
2024-09-25 13:41:00,13.23,13.23,13.23,13.23,148.0,BUR
2024-09-25 13:40:00,13.235,13.235,13.23,13.23,561.0,BUR
2024-09-25 13:38:00,13.235,13.235,13.23,13.235,565.0,BUR
2024-09-25 13:37:00,13.215,13.24,13.215,13.24,1954.0,BUR
2024-09-25 13:36:00,13.2099,13.22,13.2099,13.215,1367.0,BUR
2024-09-25 13:35:00,13.2,13.21,13.195,13.21,5339.0,BUR
2024-09-25 13:34:00,13.205,13.205,13.205,13.205,314.0,BUR
2024-09-25 13:30:00,13.21,13.21,13.21,13.21,544.0,BUR
2024-09-25 13:29:00,13.205,13.205,13.205,13.205,102.0,BUR
2024-09-25 13:28:00,13.22,13.22,13.22,13.22,585.0,BUR
2024-09-25 13:25:00,13.22,13.22,13.22,13.22,436.0,BUR
2024-09-25 13:24:00,13.215,13.215,13.215,13.215,151.0,BUR
2024-09-25 13:23:00,13.225,13.225,13.22,13.22,3581.0,BUR
2024-09-25 13:22:00,13.22,13.22,13.22,13.22,190.0,BUR
2024-09-25 13:20:00,13.23,13.23,13.22,13.22,1307.0,BUR
2024-09-25 13:18:00,13.22,13.22,13.22,13.22,449.0,BUR
2024-09-25 13:17:00,13.21,13.21,13.21,13.21,1064.0,BUR
2024-09-25 13:15:00,13.21,13.21,13.21,13.21,101.0,BUR
2024-09-25 13:13:00,13.2,13.2,13.2,13.2,440.0,BUR
2024-09-25 13:12:00,13.18,13.19,13.18,13.19,1037.0,BUR
2024-09-25 13:09:00,13.195,13.195,13.195,13.195,118.0,BUR
2024-09-25 13:08:00,13.21,13.21,13.2,13.2,1731.0,BUR
2024-09-25 13:07:00,13.215,13.2199,13.215,13.2199,221.0,BUR
2024-09-25 13:06:00,13.215,13.215,13.215,13.215,217.0,BUR
2024-09-25 13:04:00,13.215,13.215,13.215,13.215,430.0,BUR
2024-09-25 13:03:00,13.215,13.215,13.215,13.215,101.0,BUR
2024-09-25 13:02:00,13.21,13.22,13.2012,13.22,646.0,BUR
2024-09-25 13:01:00,13.21,13.21,13.205,13.21,381.0,BUR
2024-09-25 13:00:00,13.2437,13.245,13.2,13.205,1657.0,BUR
2024-09-25 12:59:00,13.255,13.255,13.25,13.25,1660.0,BUR
2024-09-25 12:57:00,13.255,13.255,13.255,13.255,145.0,BUR
2024-09-25 12:55:00,13.255,13.255,13.255,13.255,417.0,BUR
2024-09-25 12:52:00,13.26,13.26,13.255,13.255,320.0,BUR
2024-09-25 12:50:00,13.2531,13.2531,13.2531,13.2531,421.0,BUR
2024-09-25 12:49:00,13.255,13.255,13.255,13.255,281.0,BUR
2024-09-25 12:48:00,13.26,13.26,13.26,13.26,510.0,BUR
2024-09-25 12:47:00,13.255,13.255,13.25,13.255,521.0,BUR
2024-09-25 12:45:00,13.25,13.26,13.25,13.26,1216.0,BUR
2024-09-25 12:43:00,13.245,13.245,13.245,13.245,459.0,BUR
2024-09-25 12:42:00,13.235,13.25,13.235,13.245,5336.0,BUR
2024-09-25 12:41:00,13.235,13.235,13.235,13.235,107.0,BUR
2024-09-25 12:39:00,13.235,13.235,13.235,13.235,101.0,BUR
2024-09-25 12:38:00,13.235,13.24,13.235,13.24,1612.0,BUR
2024-09-25 12:37:00,13.23,13.25,13.23,13.25,1138.0,BUR
2024-09-25 12:33:00,13.22,13.22,13.22,13.22,100.0,BUR
2024-09-25 12:31:00,13.23,13.23,13.22,13.22,1805.0,BUR
2024-09-25 12:29:00,13.23,13.23,13.23,13.23,100.0,BUR
2024-09-25 12:25:00,13.23,13.23,13.225,13.23,565.0,BUR
2024-09-25 12:24:00,13.22,13.23,13.22,13.23,1347.0,BUR
2024-09-25 12:23:00,13.22,13.22,13.22,13.22,143.0,BUR
2024-09-25 12:22:00,13.22,13.22,13.22,13.22,157.0,BUR
2024-09-25 12:21:00,13.22,13.22,13.22,13.22,132.0,BUR
2024-09-25 12:20:00,13.22,13.22,13.22,13.22,101.0,BUR
2024-09-25 12:19:00,13.22,13.22,13.215,13.22,423.0,BUR
2024-09-25 12:18:00,13.21,13.215,13.21,13.215,214.0,BUR
2024-09-25 12:16:00,13.21,13.21,13.21,13.21,101.0,BUR
2024-09-25 12:15:00,13.22,13.22,13.22,13.22,647.0,BUR
2024-09-25 12:13:00,13.225,13.225,13.22,13.22,276.0,BUR
2024-09-25 12:12:00,13.21,13.23,13.21,13.2299,1322.0,BUR
2024-09-25 12:09:00,13.2,13.2,13.2,13.2,101.0,BUR
2024-09-25 12:07:00,13.2,13.2,13.2,13.2,224.0,BUR
2024-09-25 12:06:00,13.2,13.2,13.2,13.2,668.0,BUR
2024-09-25 12:05:00,13.2,13.2,13.2,13.2,193.0,BUR
2024-09-25 12:04:00,13.2,13.2,13.2,13.2,100.0,BUR
2024-09-25 12:02:00,13.205,13.205,13.205,13.205,101.0,BUR
2024-09-25 11:58:00,13.2,13.2,13.2,13.2,302.0,BUR
2024-09-25 11:57:00,13.19,13.19,13.19,13.19,102.0,BUR
2024-09-25 11:55:00,13.19,13.195,13.19,13.195,414.0,BUR
2024-09-25 11:53:00,13.2,13.2,13.2,13.2,203.0,BUR
2024-09-25 11:52:00,13.2,13.21,13.2,13.21,678.0,BUR
2024-09-25 11:48:00,13.21,13.21,13.21,13.21,200.0,BUR
2024-09-25 11:45:00,13.21,13.22,13.21,13.22,300.0,BUR
2024-09-25 11:44:00,13.22,13.22,13.22,13.22,580.0,BUR
2024-09-25 11:42:00,13.24,13.24,13.24,13.24,278.0,BUR
2024-09-25 11:41:00,13.235,13.235,13.235,13.235,101.0,BUR
2024-09-25 11:39:00,13.24,13.24,13.24,13.24,215.0,BUR
2024-09-25 11:38:00,13.2236,13.24,13.2236,13.24,381.0,BUR
2024-09-25 11:37:00,13.21,13.22,13.21,13.22,1165.0,BUR
2024-09-25 11:36:00,13.19,13.21,13.18,13.21,6941.0,BUR
2024-09-25 11:35:00,13.205,13.205,13.18,13.18,13374.0,BUR
2024-09-25 11:32:00,13.2095,13.21,13.2095,13.21,229.0,BUR
2024-09-25 11:30:00,13.2018,13.205,13.2018,13.205,336.0,BUR
2024-09-25 11:29:00,13.2,13.205,13.2,13.2,2893.0,BUR
2024-09-25 11:27:00,13.21,13.21,13.21,13.21,100.0,BUR
2024-09-25 11:26:00,13.205,13.205,13.205,13.205,171.0,BUR
2024-09-25 11:25:00,13.22,13.22,13.2,13.21,1589.0,BUR
2024-09-25 11:24:00,13.23,13.23,13.23,13.23,529.0,BUR
2024-09-25 11:22:00,13.23,13.23,13.23,13.23,101.0,BUR
2024-09-25 11:21:00,13.22,13.22,13.22,13.22,485.0,BUR
2024-09-25 11:20:00,13.22,13.22,13.22,13.22,171.0,BUR
2024-09-25 11:19:00,13.225,13.225,13.22,13.22,906.0,BUR
2024-09-25 11:18:00,13.23,13.235,13.23,13.23,1880.0,BUR
2024-09-25 11:16:00,13.23,13.23,13.22,13.23,1809.0,BUR
2024-09-25 11:15:00,13.22,13.23,13.219,13.23,1710.0,BUR
2024-09-25 11:14:00,13.21,13.22,13.2,13.21,8030.0,BUR
2024-09-25 11:13:00,13.22,13.22,13.22,13.22,121.0,BUR
2024-09-25 11:12:00,13.22,13.22,13.22,13.22,699.0,BUR
2024-09-25 11:11:00,13.23,13.23,13.23,13.23,232.0,BUR
2024-09-25 11:10:00,13.23,13.23,13.21,13.21,1080.0,BUR
2024-09-25 11:09:00,13.2299,13.2299,13.2299,13.2299,480.0,BUR
2024-09-25 11:06:00,13.22,13.225,13.22,13.22,896.0,BUR
2024-09-25 11:05:00,13.2189,13.22,13.21,13.22,1212.0,BUR
2024-09-25 11:04:00,13.2,13.22,13.2,13.21,670.0,BUR
2024-09-25 11:03:00,13.215,13.215,13.2,13.21,1519.0,BUR
2024-09-25 11:01:00,13.21,13.21,13.21,13.21,1002.0,BUR
2024-09-25 11:00:00,13.2,13.2,13.2,13.2,477.0,BUR
2024-09-25 10:59:00,13.2,13.205,13.2,13.2,2330.0,BUR
2024-09-25 10:57:00,13.2,13.2,13.2,13.2,358.0,BUR
2024-09-25 10:54:00,13.2,13.2,13.2,13.2,203.0,BUR
2024-09-25 10:53:00,13.2,13.2,13.2,13.2,472.0,BUR
2024-09-25 10:52:00,13.2,13.2,13.2,13.2,765.0,BUR
2024-09-25 10:51:00,13.2308,13.2308,13.22,13.22,10132.0,BUR
2024-09-25 10:50:00,13.22,13.22,13.22,13.22,100.0,BUR
2024-09-25 10:49:00,13.23,13.23,13.22,13.22,792.0,BUR
2024-09-25 10:48:00,13.2399,13.2399,13.22,13.23,962.0,BUR
2024-09-25 10:43:00,13.23,13.24,13.19,13.2391,10122.0,BUR
2024-09-25 10:42:00,13.24,13.24,13.24,13.24,100.0,BUR
2024-09-25 10:41:00,13.215,13.24,13.215,13.24,2833.0,BUR
2024-09-25 10:39:00,13.21,13.21,13.21,13.21,236.0,BUR
2024-09-25 10:38:00,13.21,13.21,13.21,13.21,105.0,BUR
2024-09-25 10:37:00,13.21,13.21,13.201,13.201,1270.0,BUR
2024-09-25 10:36:00,13.2,13.205,13.2,13.205,494.0,BUR
2024-09-25 10:33:00,13.2,13.21,13.2,13.2,455.0,BUR
2024-09-25 10:32:00,13.21,13.21,13.21,13.21,975.0,BUR
2024-09-25 10:30:00,13.22,13.22,13.22,13.22,143.0,BUR
2024-09-25 10:26:00,13.23,13.23,13.2122,13.2122,555.0,BUR
2024-09-25 10:25:00,13.25,13.25,13.24,13.24,1235.0,BUR
2024-09-25 10:24:00,13.26,13.26,13.26,13.26,133.0,BUR
2024-09-25 10:23:00,13.26,13.27,13.26,13.27,310.0,BUR
2024-09-25 10:22:00,13.25,13.25,13.25,13.25,756.0,BUR
2024-09-25 10:21:00,13.26,13.26,13.25,13.25,1272.0,BUR
2024-09-25 10:19:00,13.27,13.27,13.27,13.27,308.0,BUR
2024-09-25 10:18:00,13.28,13.28,13.26,13.26,1522.0,BUR
2024-09-25 10:17:00,13.27,13.27,13.27,13.27,115.0,BUR
2024-09-25 10:16:00,13.26,13.29,13.26,13.26,9471.0,BUR
2024-09-25 10:15:00,13.28,13.28,13.28,13.28,104.0,BUR
2024-09-25 10:14:00,13.28,13.3,13.25,13.26,4244.0,BUR
2024-09-25 10:11:00,13.28,13.29,13.27,13.29,1477.0,BUR
2024-09-25 10:10:00,13.28,13.28,13.28,13.28,314.0,BUR
2024-09-25 10:09:00,13.28,13.28,13.26,13.27,2498.0,BUR
2024-09-25 10:08:00,13.28,13.29,13.26,13.27,5573.0,BUR
2024-09-25 10:07:00,13.28,13.285,13.27,13.27,1954.0,BUR
2024-09-25 10:06:00,13.29,13.29,13.27,13.27,2586.0,BUR
2024-09-25 10:05:00,13.28,13.28,13.27,13.28,640.0,BUR
2024-09-25 10:04:00,13.27,13.29,13.27,13.28,1671.0,BUR
2024-09-25 10:03:00,13.26,13.27,13.26,13.27,1135.0,BUR
2024-09-25 10:02:00,13.28,13.28,13.27,13.27,1734.0,BUR
2024-09-25 10:00:00,13.28,13.28,13.26,13.265,4109.0,BUR
2024-09-25 09:59:00,13.295,13.31,13.26,13.29,18097.0,BUR
2024-09-25 09:58:00,13.29,13.3,13.28,13.295,3739.0,BUR
2024-09-25 09:57:00,13.3,13.3,13.27,13.3,11413.0,BUR
2024-09-25 09:55:00,13.31,13.31,13.29,13.3,2357.0,BUR
2024-09-25 09:54:00,13.29,13.346,13.29,13.346,11922.0,BUR
2024-09-25 09:53:00,13.29,13.3,13.29,13.3,319.0,BUR
2024-09-25 09:50:00,13.28,13.28,13.28,13.28,300.0,BUR
2024-09-25 09:49:00,13.285,13.285,13.285,13.285,725.0,BUR
2024-09-25 09:47:00,13.3,13.3,13.29,13.29,762.0,BUR
2024-09-25 09:46:00,13.3,13.3,13.3,13.3,100.0,BUR
2024-09-25 09:45:00,13.32,13.32,13.32,13.32,155.0,BUR
2024-09-25 09:42:00,13.32,13.32,13.31,13.32,413.0,BUR
2024-09-25 09:41:00,13.35,13.35,13.32,13.32,1496.0,BUR
2024-09-25 09:40:00,13.35,13.35,13.35,13.35,665.0,BUR
2024-09-25 09:39:00,13.35,13.35,13.34,13.34,1465.0,BUR
2024-09-25 09:38:00,13.35,13.36,13.34,13.34,818.0,BUR
2024-09-25 09:34:00,13.34,13.34,13.33,13.34,735.0,BUR
2024-09-25 09:31:00,13.335,13.335,13.335,13.335,135.0,BUR
2024-09-25 09:30:00,13.35,13.35,13.35,13.35,3213.0,BUR
2024-09-25 09:27:00,13.37,13.37,13.37,13.37,100.0,BUR
2024-09-25 09:26:00,13.37,13.37,13.37,13.37,200.0,BUR
2024-09-25 09:07:00,13.37,13.37,13.37,13.37,200.0,BUR
2024-09-25 09:06:00,13.38,13.38,13.38,13.38,279.0,BUR
2024-09-25 08:32:00,13.43,13.43,13.43,13.43,2.0,BUR
2024-09-25 08:16:00,13.34,13.34,13.34,13.34,41.0,BUR
2024-09-25 08:15:00,13.37,13.37,13.37,13.37,41.0,BUR
2024-09-25 08:03:00,13.37,13.37,13.37,13.37,25.0,BUR
2024-09-25 07:50:00,13.37,13.38,13.37,13.38,807.0,BUR
2024-09-25 07:46:00,13.36,13.36,13.36,13.36,25.0,BUR
2024-09-25 07:33:00,13.36,13.36,13.36,13.36,50.0,BUR
2024-09-25 07:19:00,13.38,13.38,13.38,13.38,200.0,BUR
2024-09-25 06:59:00,13.36,13.36,13.36,13.36,25.0,BUR
2024-09-25 06:30:00,13.32,13.32,13.32,13.32,7.0,BUR
2024-09-25 06:15:00,13.37,13.37,13.36,13.36,121.0,BUR
2024-09-25 06:05:00,13.37,13.37,13.37,13.37,5.0,BUR
2024-09-25 05:58:00,13.36,13.36,13.36,13.36,300.0,BUR
2024-09-25 05:26:00,13.33,13.34,13.33,13.34,620.0,BUR
2024-09-25 05:25:00,13.34,13.34,13.33,13.33,215.0,BUR
2024-09-24 19:00:00,13.43,13.43,13.43,13.43,55026.0,BUR
2024-09-24 18:30:00,13.43,13.43,13.43,13.43,55026.0,BUR
2024-09-24 17:28:00,13.43,13.43,13.43,13.43,149187.0,BUR
2024-09-24 16:10:00,13.43,13.43,13.43,13.43,55026.0,BUR
2024-09-24 16:01:00,13.43,13.43,13.43,13.43,4209.0,BUR
2024-09-24 16:00:00,13.43,13.43,13.43,13.43,111983.0,BUR
2024-09-24 15:59:00,13.43,13.45,13.43,13.43,9378.0,BUR
2024-09-24 15:58:00,13.44,13.44,13.425,13.43,8070.0,BUR
2024-09-24 15:57:00,13.432,13.44,13.43,13.435,2183.0,BUR
2024-09-24 15:56:00,13.44,13.445,13.44,13.44,6599.0,BUR
2024-09-24 15:55:00,13.44,13.44,13.43,13.44,5217.0,BUR
2024-09-24 15:54:00,13.43,13.43,13.43,13.43,387.0,BUR
2024-09-24 15:53:00,13.43,13.44,13.43,13.44,4191.0,BUR
2024-09-24 15:52:00,13.42,13.42,13.42,13.42,1143.0,BUR
2024-09-24 15:51:00,13.41,13.41,13.41,13.41,534.0,BUR
2024-09-24 15:50:00,13.42,13.43,13.415,13.415,2879.0,BUR
2024-09-24 15:49:00,13.41,13.42,13.41,13.42,3144.0,BUR
2024-09-24 15:47:00,13.4,13.405,13.4,13.405,416.0,BUR
2024-09-24 15:46:00,13.41,13.41,13.405,13.405,3078.0,BUR
2024-09-24 15:45:00,13.41,13.41,13.4,13.4,840.0,BUR
2024-09-24 15:44:00,13.4,13.4,13.4,13.4,172.0,BUR
2024-09-24 15:42:00,13.4,13.4,13.4,13.4,446.0,BUR
2024-09-24 15:41:00,13.41,13.41,13.4,13.4,429.0,BUR
2024-09-24 15:40:00,13.4,13.4,13.4,13.4,3516.0,BUR
2024-09-24 15:39:00,13.4,13.4,13.39,13.4,5236.0,BUR
2024-09-24 15:38:00,13.41,13.41,13.41,13.41,261.0,BUR
2024-09-24 15:37:00,13.41,13.41,13.41,13.41,273.0,BUR
2024-09-24 15:36:00,13.41,13.41,13.41,13.41,250.0,BUR
2024-09-24 15:34:00,13.4185,13.4185,13.41,13.4119,2419.0,BUR
2024-09-24 15:33:00,13.42,13.42,13.41,13.41,1143.0,BUR
2024-09-24 15:32:00,13.43,13.43,13.43,13.43,500.0,BUR
2024-09-24 15:31:00,13.43,13.43,13.43,13.43,141.0,BUR
2024-09-24 15:30:00,13.46,13.46,13.43,13.43,1588.0,BUR
2024-09-24 15:29:00,13.465,13.465,13.465,13.465,152.0,BUR
2024-09-24 15:27:00,13.49,13.49,13.46,13.47,3465.0,BUR
2024-09-24 15:26:00,13.48,13.49,13.48,13.49,1038.0,BUR
2024-09-24 15:25:00,13.46,13.48,13.46,13.48,2740.0,BUR
2024-09-24 15:24:00,13.47,13.47,13.46,13.46,993.0,BUR
2024-09-24 15:23:00,13.47,13.47,13.47,13.47,382.0,BUR
2024-09-24 15:22:00,13.47,13.47,13.46,13.46,2164.0,BUR
2024-09-24 15:21:00,13.48,13.48,13.47,13.47,2844.0,BUR
2024-09-24 15:19:00,13.49,13.49,13.49,13.49,978.0,BUR
2024-09-24 15:18:00,13.49,13.5,13.49,13.49,4102.0,BUR
2024-09-24 15:16:00,13.48,13.49,13.48,13.49,840.0,BUR
2024-09-24 15:15:00,13.49,13.49,13.47,13.47,4133.0,BUR
2024-09-24 15:14:00,13.495,13.5,13.495,13.495,1642.0,BUR
2024-09-24 15:11:00,13.4806,13.5,13.4806,13.5,3062.0,BUR
2024-09-24 15:10:00,13.47,13.48,13.47,13.48,1423.0,BUR
2024-09-24 15:09:00,13.46,13.48,13.4572,13.4572,3793.0,BUR
2024-09-24 15:08:00,13.47,13.47,13.45,13.45,1104.0,BUR
2024-09-24 15:07:00,13.45,13.46,13.44,13.45,5467.0,BUR
2024-09-24 15:06:00,13.45,13.47,13.45,13.45,2770.0,BUR
2024-09-24 15:05:00,13.45,13.45,13.45,13.45,356.0,BUR
2024-09-24 15:04:00,13.43,13.45,13.43,13.45,1710.0,BUR
2024-09-24 15:03:00,13.43,13.44,13.43,13.44,2791.0,BUR
2024-09-24 15:02:00,13.41,13.42,13.41,13.42,3342.0,BUR
2024-09-24 15:01:00,13.41,13.42,13.41,13.41,1197.0,BUR
2024-09-24 15:00:00,13.406,13.41,13.405,13.41,986.0,BUR
2024-09-24 14:59:00,13.4,13.4,13.4,13.4,706.0,BUR
2024-09-24 14:57:00,13.4,13.4,13.4,13.4,794.0,BUR
2024-09-24 14:56:00,13.4,13.405,13.4,13.405,1679.0,BUR
2024-09-24 14:55:00,13.4,13.41,13.4,13.405,2376.0,BUR
2024-09-24 14:52:00,13.4,13.4,13.38,13.38,3696.0,BUR
2024-09-24 14:51:00,13.4,13.405,13.4,13.4,1890.0,BUR
2024-09-24 14:49:00,13.39,13.39,13.38,13.38,1465.0,BUR
2024-09-24 14:46:00,13.4,13.4,13.4,13.4,488.0,BUR
2024-09-24 14:45:00,13.405,13.405,13.405,13.405,636.0,BUR
2024-09-24 14:44:00,13.399,13.399,13.399,13.399,142.0,BUR
2024-09-24 14:43:00,13.3944,13.41,13.3944,13.41,1034.0,BUR
2024-09-24 14:42:00,13.39,13.395,13.39,13.395,476.0,BUR
2024-09-24 14:41:00,13.39,13.39,13.39,13.39,485.0,BUR
2024-09-24 14:39:00,13.39,13.39,13.39,13.39,918.0,BUR
2024-09-24 14:38:00,13.375,13.38,13.375,13.38,1070.0,BUR
2024-09-24 14:37:00,13.38,13.39,13.38,13.38,2782.0,BUR
2024-09-24 14:36:00,13.39,13.39,13.39,13.39,513.0,BUR
2024-09-24 14:34:00,13.39,13.39,13.39,13.39,527.0,BUR
2024-09-24 14:31:00,13.37,13.39,13.37,13.39,2086.0,BUR
2024-09-24 14:30:00,13.37,13.37,13.365,13.365,768.0,BUR
2024-09-24 14:29:00,13.38,13.38,13.38,13.38,576.0,BUR
2024-09-24 14:27:00,13.39,13.39,13.39,13.39,473.0,BUR
2024-09-24 14:24:00,13.39,13.39,13.39,13.39,486.0,BUR
2024-09-24 14:19:00,13.3722,13.39,13.3722,13.39,1588.0,BUR
2024-09-24 14:17:00,13.38,13.38,13.38,13.38,501.0,BUR
2024-09-24 14:16:00,13.4,13.4,13.38,13.38,635.0,BUR
2024-09-24 14:15:00,13.39,13.39,13.39,13.39,1300.0,BUR
2024-09-24 14:13:00,13.39,13.39,13.39,13.39,175.0,BUR
2024-09-24 14:11:00,13.38,13.39,13.38,13.39,1151.0,BUR
2024-09-24 14:09:00,13.39,13.39,13.39,13.39,250.0,BUR
2024-09-24 14:07:00,13.39,13.39,13.39,13.39,241.0,BUR
2024-09-24 14:06:00,13.4,13.4,13.388,13.388,977.0,BUR
2024-09-24 14:04:00,13.395,13.395,13.395,13.395,298.0,BUR
2024-09-24 14:03:00,13.4,13.4,13.4,13.4,667.0,BUR
2024-09-24 14:01:00,13.4,13.4,13.4,13.4,106.0,BUR
2024-09-24 13:59:00,13.39,13.39,13.39,13.39,294.0,BUR
2024-09-24 13:58:00,13.39,13.39,13.39,13.39,530.0,BUR
2024-09-24 13:57:00,13.39,13.39,13.39,13.39,934.0,BUR
2024-09-24 13:56:00,13.37,13.38,13.37,13.38,565.0,BUR
2024-09-24 13:54:00,13.37,13.37,13.37,13.37,650.0,BUR
2024-09-24 13:53:00,13.36,13.36,13.36,13.36,1407.0,BUR
2024-09-24 13:50:00,13.36,13.36,13.36,13.36,102.0,BUR
2024-09-24 13:49:00,13.36,13.36,13.36,13.36,1348.0,BUR
2024-09-24 13:48:00,13.37,13.37,13.37,13.37,1441.0,BUR
2024-09-24 13:46:00,13.37,13.37,13.37,13.37,197.0,BUR
2024-09-24 13:45:00,13.36,13.36,13.3521,13.3521,1796.0,BUR
2024-09-24 13:44:00,13.3606,13.3606,13.3606,13.3606,579.0,BUR
2024-09-24 13:43:00,13.36,13.36,13.36,13.36,221.0,BUR
2024-09-24 13:41:00,13.36,13.36,13.36,13.36,351.0,BUR
2024-09-24 13:40:00,13.36,13.36,13.36,13.36,783.0,BUR
2024-09-24 13:39:00,13.37,13.37,13.37,13.37,206.0,BUR
2024-09-24 13:37:00,13.355,13.355,13.355,13.355,200.0,BUR
2024-09-24 13:36:00,13.35,13.35,13.35,13.35,724.0,BUR
2024-09-24 13:33:00,13.36,13.36,13.36,13.36,1274.0,BUR
2024-09-24 13:32:00,13.36,13.36,13.36,13.36,170.0,BUR
2024-09-24 13:30:00,13.35,13.36,13.35,13.36,330.0,BUR
2024-09-24 13:29:00,13.35,13.35,13.35,13.35,173.0,BUR
2024-09-24 13:28:00,13.37,13.37,13.36,13.36,646.0,BUR
2024-09-24 13:27:00,13.36,13.36,13.36,13.36,598.0,BUR
2024-09-24 13:26:00,13.36,13.36,13.36,13.36,116.0,BUR
2024-09-24 13:25:00,13.36,13.36,13.36,13.36,245.0,BUR
2024-09-24 13:23:00,13.36,13.36,13.36,13.36,1247.0,BUR
2024-09-24 13:20:00,13.37,13.37,13.37,13.37,251.0,BUR
2024-09-24 13:18:00,13.365,13.365,13.365,13.365,280.0,BUR
2024-09-24 13:17:00,13.3636,13.365,13.3636,13.365,1743.0,BUR
2024-09-24 13:16:00,13.37,13.37,13.37,13.37,371.0,BUR
2024-09-24 13:15:00,13.355,13.37,13.355,13.37,1146.0,BUR
2024-09-24 13:14:00,13.3501,13.355,13.3501,13.355,1783.0,BUR
2024-09-24 13:13:00,13.36,13.36,13.36,13.36,213.0,BUR
2024-09-24 13:12:00,13.355,13.355,13.355,13.355,150.0,BUR
2024-09-24 13:11:00,13.36,13.36,13.35,13.35,1301.0,BUR
2024-09-24 13:10:00,13.37,13.37,13.37,13.37,620.0,BUR
2024-09-24 13:09:00,13.36,13.36,13.36,13.36,199.0,BUR
2024-09-24 13:08:00,13.38,13.38,13.37,13.37,988.0,BUR
2024-09-24 13:07:00,13.35,13.375,13.35,13.375,728.0,BUR
2024-09-24 13:04:00,13.365,13.365,13.36,13.36,1172.0,BUR
2024-09-24 13:03:00,13.36,13.37,13.36,13.37,1572.0,BUR
2024-09-24 13:01:00,13.36,13.36,13.36,13.36,127.0,BUR
2024-09-24 13:00:00,13.36,13.36,13.36,13.36,1536.0,BUR
2024-09-24 12:59:00,13.365,13.37,13.36,13.36,1004.0,BUR
2024-09-24 12:58:00,13.37,13.37,13.3608,13.37,759.0,BUR
2024-09-24 12:57:00,13.365,13.365,13.365,13.365,132.0,BUR
2024-09-24 12:54:00,13.375,13.375,13.37,13.37,1470.0,BUR
2024-09-24 12:53:00,13.375,13.375,13.375,13.375,441.0,BUR
2024-09-24 12:52:00,13.37,13.38,13.37,13.375,1019.0,BUR
2024-09-24 12:51:00,13.37,13.37,13.37,13.37,365.0,BUR
2024-09-24 12:50:00,13.37,13.37,13.37,13.37,160.0,BUR
2024-09-24 12:48:00,13.36,13.36,13.36,13.36,101.0,BUR
2024-09-24 12:47:00,13.37,13.37,13.36,13.36,1134.0,BUR
2024-09-24 12:46:00,13.38,13.38,13.38,13.38,348.0,BUR
2024-09-24 12:44:00,13.37,13.38,13.37,13.38,1645.0,BUR
2024-09-24 12:43:00,13.37,13.37,13.37,13.37,481.0,BUR
2024-09-24 12:42:00,13.37,13.37,13.37,13.37,563.0,BUR
2024-09-24 12:39:00,13.37,13.37,13.36,13.36,1029.0,BUR
2024-09-24 12:37:00,13.3501,13.3501,13.3501,13.3501,342.0,BUR
2024-09-24 12:36:00,13.36,13.37,13.36,13.36,989.0,BUR
2024-09-24 12:35:00,13.36,13.36,13.36,13.36,221.0,BUR
2024-09-24 12:34:00,13.35,13.36,13.35,13.36,1262.0,BUR
2024-09-24 12:29:00,13.35,13.35,13.35,13.35,411.0,BUR
2024-09-24 12:28:00,13.34,13.34,13.34,13.34,246.0,BUR
2024-09-24 12:27:00,13.35,13.35,13.35,13.35,346.0,BUR
2024-09-24 12:24:00,13.34,13.34,13.34,13.34,1527.0,BUR
2024-09-24 12:22:00,13.36,13.36,13.36,13.36,304.0,BUR
2024-09-24 12:21:00,13.35,13.35,13.3417,13.3417,569.0,BUR
2024-09-24 12:20:00,13.35,13.35,13.35,13.35,1690.0,BUR
2024-09-24 12:17:00,13.35,13.35,13.35,13.35,1303.0,BUR
2024-09-24 12:16:00,13.345,13.345,13.345,13.345,254.0,BUR
2024-09-24 12:15:00,13.34,13.34,13.34,13.34,292.0,BUR
2024-09-24 12:14:00,13.34,13.34,13.34,13.34,120.0,BUR
2024-09-24 12:13:00,13.33,13.33,13.33,13.33,233.0,BUR
2024-09-24 12:12:00,13.33,13.33,13.33,13.33,1431.0,BUR
2024-09-24 12:10:00,13.32,13.33,13.32,13.33,867.0,BUR
2024-09-24 12:09:00,13.31,13.31,13.31,13.31,444.0,BUR
2024-09-24 12:06:00,13.3,13.31,13.3,13.31,595.0,BUR
2024-09-24 12:03:00,13.29,13.29,13.285,13.285,434.0,BUR
2024-09-24 12:01:00,13.31,13.31,13.3,13.3,378.0,BUR
2024-09-24 12:00:00,13.3,13.3,13.3,13.3,237.0,BUR
2024-09-24 11:59:00,13.3,13.3,13.29,13.29,407.0,BUR
2024-09-24 11:58:00,13.285,13.305,13.285,13.305,2856.0,BUR
2024-09-24 11:57:00,13.3,13.3,13.285,13.285,1532.0,BUR
2024-09-24 11:56:00,13.31,13.31,13.3,13.3,776.0,BUR
2024-09-24 11:55:00,13.3,13.3,13.3,13.3,947.0,BUR
2024-09-24 11:54:00,13.29,13.29,13.29,13.29,275.0,BUR
2024-09-24 11:53:00,13.29,13.29,13.29,13.29,570.0,BUR
2024-09-24 11:52:00,13.29,13.3,13.28,13.29,723.0,BUR
2024-09-24 11:50:00,13.29,13.29,13.29,13.29,148.0,BUR
2024-09-24 11:49:00,13.29,13.3,13.29,13.29,794.0,BUR
2024-09-24 11:44:00,13.29,13.305,13.29,13.305,708.0,BUR
2024-09-24 11:43:00,13.31,13.31,13.3,13.3,964.0,BUR
2024-09-24 11:41:00,13.32,13.32,13.31,13.31,1102.0,BUR
2024-09-24 11:40:00,13.345,13.345,13.32,13.32,1616.0,BUR
2024-09-24 11:39:00,13.345,13.345,13.345,13.345,124.0,BUR
2024-09-24 11:38:00,13.35,13.35,13.34,13.345,6167.0,BUR
2024-09-24 11:37:00,13.34,13.34,13.34,13.34,757.0,BUR
2024-09-24 11:36:00,13.34,13.345,13.34,13.34,1073.0,BUR
2024-09-24 11:35:00,13.35,13.35,13.325,13.33,3106.0,BUR
2024-09-24 11:34:00,13.355,13.355,13.355,13.355,120.0,BUR
2024-09-24 11:33:00,13.36,13.36,13.36,13.36,202.0,BUR
2024-09-24 11:32:00,13.35,13.35,13.35,13.35,104.0,BUR
2024-09-24 11:31:00,13.36,13.36,13.35,13.35,224.0,BUR
2024-09-24 11:30:00,13.35,13.35,13.35,13.35,334.0,BUR
2024-09-24 11:28:00,13.3518,13.3518,13.35,13.35,387.0,BUR
2024-09-24 11:27:00,13.36,13.36,13.36,13.36,136.0,BUR
2024-09-24 11:26:00,13.36,13.36,13.345,13.345,869.0,BUR
2024-09-24 11:24:00,13.34,13.34,13.34,13.34,2020.0,BUR
2024-09-24 11:23:00,13.35,13.35,13.35,13.35,112.0,BUR
2024-09-24 11:22:00,13.36,13.36,13.35,13.35,719.0,BUR
2024-09-24 11:20:00,13.37,13.38,13.36,13.36,852.0,BUR
2024-09-24 11:19:00,13.37,13.37,13.37,13.37,1242.0,BUR
2024-09-24 11:16:00,13.35,13.35,13.35,13.35,503.0,BUR
2024-09-24 11:15:00,13.35,13.35,13.35,13.35,625.0,BUR
2024-09-24 11:14:00,13.34,13.34,13.34,13.34,216.0,BUR
2024-09-24 11:13:00,13.36,13.36,13.35,13.35,1230.0,BUR
2024-09-24 11:12:00,13.37,13.37,13.37,13.37,1080.0,BUR
2024-09-24 11:11:00,13.37,13.37,13.36,13.37,1523.0,BUR
2024-09-24 11:10:00,13.37,13.37,13.37,13.37,667.0,BUR
2024-09-24 11:09:00,13.35,13.35,13.35,13.35,731.0,BUR
2024-09-24 11:08:00,13.34,13.34,13.34,13.34,363.0,BUR
2024-09-24 11:07:00,13.33,13.34,13.33,13.34,219.0,BUR
2024-09-24 11:05:00,13.33,13.33,13.33,13.33,667.0,BUR
2024-09-24 11:00:00,13.34,13.34,13.33,13.33,1008.0,BUR
2024-09-24 10:59:00,13.35,13.35,13.34,13.35,1277.0,BUR
2024-09-24 10:57:00,13.362,13.3683,13.34,13.34,1552.0,BUR
2024-09-24 10:56:00,13.35,13.35,13.345,13.345,601.0,BUR
2024-09-24 10:55:00,13.33,13.35,13.33,13.35,1099.0,BUR
2024-09-24 10:54:00,13.32,13.32,13.32,13.32,390.0,BUR
2024-09-24 10:53:00,13.31,13.3197,13.31,13.3197,434.0,BUR
2024-09-24 10:52:00,13.32,13.32,13.315,13.319,550.0,BUR
2024-09-24 10:47:00,13.3023,13.3023,13.3023,13.3023,124.0,BUR
2024-09-24 10:46:00,13.31,13.31,13.31,13.31,353.0,BUR
2024-09-24 10:45:00,13.3,13.31,13.3,13.3,517.0,BUR
2024-09-24 10:43:00,13.32,13.32,13.32,13.32,114.0,BUR
2024-09-24 10:40:00,13.32,13.32,13.32,13.32,257.0,BUR
2024-09-24 10:39:00,13.35,13.35,13.34,13.34,758.0,BUR
2024-09-24 10:38:00,13.35,13.37,13.35,13.35,6195.0,BUR
2024-09-24 10:37:00,13.35,13.35,13.35,13.35,262.0,BUR
2024-09-24 10:36:00,13.35,13.35,13.34,13.35,1307.0,BUR
2024-09-24 10:35:00,13.35,13.35,13.35,13.35,100.0,BUR
2024-09-24 10:34:00,13.36,13.36,13.335,13.349,3343.0,BUR
2024-09-24 10:33:00,13.365,13.37,13.365,13.37,341.0,BUR
2024-09-24 10:32:00,13.37,13.37,13.37,13.37,301.0,BUR
2024-09-24 10:30:00,13.36,13.36,13.36,13.36,307.0,BUR
2024-09-24 10:29:00,13.37,13.37,13.35,13.35,1118.0,BUR
2024-09-24 10:28:00,13.355,13.36,13.35,13.36,3617.0,BUR
2024-09-24 10:27:00,13.35,13.35,13.35,13.35,813.0,BUR
2024-09-24 10:26:00,13.36,13.36,13.36,13.36,304.0,BUR
2024-09-24 10:25:00,13.36,13.365,13.36,13.365,470.0,BUR
2024-09-24 10:24:00,13.3558,13.36,13.352,13.36,1482.0,BUR
2024-09-24 10:23:00,13.37,13.37,13.35,13.35,957.0,BUR
2024-09-24 10:22:00,13.39,13.39,13.39,13.39,410.0,BUR
2024-09-24 10:21:00,13.4,13.4,13.4,13.4,100.0,BUR
2024-09-24 10:20:00,13.3901,13.3901,13.3901,13.3901,752.0,BUR
2024-09-24 10:19:00,13.4,13.4,13.4,13.4,371.0,BUR
2024-09-24 10:17:00,13.402,13.402,13.402,13.402,200.0,BUR
2024-09-24 10:16:00,13.405,13.41,13.405,13.405,631.0,BUR
2024-09-24 10:12:00,13.41,13.41,13.41,13.41,125.0,BUR
2024-09-24 10:11:00,13.42,13.42,13.42,13.42,734.0,BUR
2024-09-24 10:10:00,13.43,13.43,13.425,13.425,812.0,BUR
2024-09-24 10:09:00,13.4,13.41,13.4,13.41,1050.0,BUR
2024-09-24 10:08:00,13.4,13.4,13.4,13.4,938.0,BUR
2024-09-24 10:06:00,13.37,13.38,13.37,13.38,749.0,BUR
2024-09-24 10:05:00,13.37,13.37,13.37,13.37,265.0,BUR
2024-09-24 10:04:00,13.37,13.375,13.37,13.375,1527.0,BUR
2024-09-24 10:03:00,13.36,13.36,13.36,13.36,214.0,BUR
2024-09-24 10:02:00,13.36,13.365,13.36,13.365,277.0,BUR
2024-09-24 10:01:00,13.355,13.355,13.355,13.355,128.0,BUR
2024-09-24 10:00:00,13.39,13.39,13.39,13.39,811.0,BUR
2024-09-24 09:55:00,13.41,13.41,13.41,13.41,255.0,BUR
2024-09-24 09:54:00,13.4,13.4,13.4,13.4,152.0,BUR
2024-09-24 09:51:00,13.4,13.4,13.4,13.4,145.0,BUR
2024-09-24 09:50:00,13.39,13.4,13.39,13.4,1729.0,BUR
2024-09-24 09:48:00,13.38,13.385,13.38,13.385,489.0,BUR
2024-09-24 09:46:00,13.37,13.39,13.37,13.385,7823.0,BUR
2024-09-24 09:45:00,13.38,13.38,13.36,13.36,822.0,BUR
2024-09-24 09:43:00,13.395,13.395,13.395,13.395,102.0,BUR
2024-09-24 09:41:00,13.37,13.41,13.37,13.4,4704.0,BUR
2024-09-24 09:40:00,13.37,13.37,13.37,13.37,317.0,BUR
2024-09-24 09:37:00,13.4,13.4,13.4,13.4,202.0,BUR
2024-09-24 09:34:00,13.4,13.4,13.4,13.4,606.0,BUR
2024-09-24 09:32:00,13.4,13.4,13.4,13.4,164.0,BUR
2024-09-24 09:31:00,13.32,13.32,13.32,13.32,103.0,BUR
2024-09-24 09:30:00,13.41,13.41,13.375,13.375,6511.0,BUR
2024-09-24 07:28:00,13.26,13.26,13.26,13.26,175.0,BUR
2024-09-24 07:18:00,13.29,13.29,13.29,13.29,22.0,BUR
2024-09-24 07:00:00,13.3,13.3,13.29,13.3,436.0,BUR
2024-09-24 04:01:00,13.4,13.4,13.39,13.39,773.0,BUR
2024-09-24 04:00:00,13.4,13.4,13.4,13.4,100.0,BUR
2024-09-23 19:00:00,13.29,13.29,13.29,13.29,59979.0,BUR
2024-09-23 18:30:00,13.29,13.29,13.29,13.29,59979.0,BUR
2024-09-23 17:33:00,13.29,13.29,13.29,13.29,1.0,BUR
2024-09-23 16:10:00,13.29,13.29,13.29,13.29,59979.0,BUR
2024-09-23 16:02:00,13.29,13.29,13.29,13.29,1240.0,BUR
2024-09-23 16:01:00,13.29,13.29,13.29,13.29,3942.0,BUR
2024-09-23 16:00:00,13.29,13.29,13.29,13.29,122893.0,BUR
2024-09-23 15:59:00,13.3099,13.3099,13.28,13.29,21828.0,BUR
2024-09-23 15:58:00,13.31,13.319,13.3,13.3,7418.0,BUR
2024-09-23 15:57:00,13.305,13.31,13.3,13.3048,2190.0,BUR
2024-09-23 15:56:00,13.3,13.31,13.3,13.31,2277.0,BUR
2024-09-23 15:55:00,13.305,13.31,13.3,13.3,6783.0,BUR
2024-09-23 15:54:00,13.31,13.31,13.3,13.301,1185.0,BUR
2024-09-23 15:53:00,13.31,13.31,13.31,13.31,684.0,BUR
2024-09-23 15:51:00,13.305,13.315,13.305,13.315,2247.0,BUR
2024-09-23 15:50:00,13.33,13.33,13.301,13.301,6359.0,BUR
2024-09-23 15:49:00,13.33,13.33,13.33,13.33,1036.0,BUR
2024-09-23 15:48:00,13.33,13.33,13.325,13.325,247.0,BUR
2024-09-23 15:47:00,13.33,13.35,13.33,13.33,5254.0,BUR
2024-09-23 15:46:00,13.32,13.32,13.32,13.32,537.0,BUR
2024-09-23 15:45:00,13.32,13.32,13.32,13.32,879.0,BUR
2024-09-23 15:44:00,13.31,13.31,13.31,13.31,385.0,BUR
2024-09-23 15:43:00,13.31,13.32,13.31,13.31,842.0,BUR
2024-09-23 15:42:00,13.31,13.31,13.31,13.31,460.0,BUR
2024-09-23 15:41:00,13.32,13.32,13.31,13.31,408.0,BUR
2024-09-23 15:40:00,13.32,13.32,13.32,13.32,3366.0,BUR
2024-09-23 15:39:00,13.3,13.31,13.3,13.31,1002.0,BUR
2024-09-23 15:38:00,13.32,13.32,13.31,13.31,1739.0,BUR
2024-09-23 15:37:00,13.325,13.325,13.325,13.325,373.0,BUR
2024-09-23 15:36:00,13.33,13.33,13.3299,13.3299,606.0,BUR
2024-09-23 15:35:00,13.33,13.33,13.33,13.33,870.0,BUR
2024-09-23 15:34:00,13.34,13.3479,13.34,13.3479,827.0,BUR
2024-09-23 15:32:00,13.335,13.34,13.331,13.34,2303.0,BUR
2024-09-23 15:30:00,13.332,13.332,13.332,13.332,634.0,BUR
2024-09-23 15:29:00,13.34,13.34,13.33,13.33,559.0,BUR
2024-09-23 15:28:00,13.35,13.35,13.35,13.35,513.0,BUR
2024-09-23 15:27:00,13.36,13.36,13.355,13.355,1459.0,BUR
2024-09-23 15:26:00,13.36,13.36,13.35,13.351,2235.0,BUR
2024-09-23 15:25:00,13.37,13.37,13.36,13.36,873.0,BUR
2024-09-23 15:24:00,13.37,13.37,13.37,13.37,674.0,BUR
2024-09-23 15:23:00,13.39,13.39,13.38,13.38,1165.0,BUR
2024-09-23 15:22:00,13.4,13.4,13.4,13.4,105.0,BUR
2024-09-23 15:21:00,13.4084,13.4084,13.39,13.39,1331.0,BUR
2024-09-23 15:20:00,13.4076,13.4076,13.4076,13.4076,365.0,BUR
2024-09-23 15:19:00,13.4,13.4,13.4,13.4,862.0,BUR
2024-09-23 15:15:00,13.39,13.4,13.39,13.4,2165.0,BUR
2024-09-23 15:14:00,13.385,13.39,13.385,13.389,868.0,BUR
2024-09-23 15:13:00,13.38,13.4,13.38,13.4,1235.0,BUR
2024-09-23 15:09:00,13.39,13.39,13.385,13.385,1834.0,BUR
2024-09-23 15:06:00,13.4,13.4,13.4,13.4,877.0,BUR
2024-09-23 15:03:00,13.39,13.41,13.39,13.41,1651.0,BUR
2024-09-23 15:02:00,13.39,13.39,13.385,13.39,627.0,BUR
2024-09-23 15:01:00,13.385,13.385,13.385,13.385,273.0,BUR
2024-09-23 15:00:00,13.385,13.385,13.385,13.385,824.0,BUR
2024-09-23 14:58:00,13.385,13.385,13.385,13.385,600.0,BUR
2024-09-23 14:57:00,13.38,13.38,13.38,13.38,578.0,BUR
2024-09-23 14:56:00,13.38,13.38,13.37,13.38,683.0,BUR
2024-09-23 14:55:00,13.37,13.37,13.37,13.37,682.0,BUR
2024-09-23 14:54:00,13.36,13.3632,13.36,13.3632,1137.0,BUR
2024-09-23 14:52:00,13.36,13.36,13.36,13.36,268.0,BUR
2024-09-23 14:51:00,13.36,13.36,13.36,13.36,556.0,BUR
2024-09-23 14:50:00,13.38,13.38,13.36,13.36,4063.0,BUR
2024-09-23 14:48:00,13.39,13.39,13.39,13.39,578.0,BUR
2024-09-23 14:46:00,13.39,13.39,13.39,13.39,142.0,BUR
2024-09-23 14:43:00,13.39,13.39,13.39,13.39,216.0,BUR
2024-09-23 14:42:00,13.365,13.39,13.365,13.39,3564.0,BUR
2024-09-23 14:41:00,13.35,13.365,13.35,13.365,2210.0,BUR
2024-09-23 14:40:00,13.345,13.345,13.345,13.345,288.0,BUR
2024-09-23 14:39:00,13.345,13.345,13.345,13.345,143.0,BUR
2024-09-23 14:37:00,13.35,13.35,13.345,13.345,401.0,BUR
2024-09-23 14:36:00,13.345,13.345,13.345,13.345,169.0,BUR
2024-09-23 14:35:00,13.345,13.345,13.345,13.345,268.0,BUR
2024-09-23 14:34:00,13.345,13.345,13.345,13.345,350.0,BUR
2024-09-23 14:33:00,13.345,13.345,13.345,13.345,226.0,BUR
2024-09-23 14:32:00,13.345,13.345,13.345,13.345,170.0,BUR
2024-09-23 14:30:00,13.345,13.345,13.345,13.345,230.0,BUR
2024-09-23 14:29:00,13.35,13.35,13.345,13.345,687.0,BUR
2024-09-23 14:26:00,13.34,13.34,13.34,13.34,255.0,BUR
2024-09-23 14:25:00,13.345,13.345,13.345,13.345,317.0,BUR
2024-09-23 14:22:00,13.34,13.34,13.34,13.34,273.0,BUR
2024-09-23 14:21:00,13.33,13.35,13.33,13.35,279.0,BUR
2024-09-23 14:20:00,13.34,13.34,13.34,13.34,303.0,BUR
2024-09-23 14:18:00,13.3372,13.3372,13.3372,13.3372,914.0,BUR
2024-09-23 14:15:00,13.34,13.34,13.34,13.34,260.0,BUR
2024-09-23 14:14:00,13.34,13.34,13.34,13.34,170.0,BUR
2024-09-23 14:12:00,13.34,13.34,13.34,13.34,104.0,BUR
2024-09-23 14:10:00,13.34,13.34,13.34,13.34,265.0,BUR
2024-09-23 14:08:00,13.34,13.34,13.34,13.34,450.0,BUR
2024-09-23 14:06:00,13.335,13.34,13.335,13.34,656.0,BUR
2024-09-23 14:05:00,13.33,13.33,13.33,13.33,538.0,BUR
2024-09-23 14:04:00,13.34,13.34,13.34,13.34,873.0,BUR
2024-09-23 14:01:00,13.345,13.345,13.345,13.345,156.0,BUR
2024-09-23 13:59:00,13.36,13.36,13.34,13.34,1225.0,BUR
2024-09-23 13:55:00,13.3642,13.3642,13.35,13.35,1962.0,BUR
2024-09-23 13:53:00,13.36,13.36,13.36,13.36,226.0,BUR
2024-09-23 13:50:00,13.365,13.365,13.365,13.365,419.0,BUR
2024-09-23 13:42:00,13.36,13.36,13.36,13.36,122.0,BUR
2024-09-23 13:40:00,13.36,13.36,13.36,13.36,187.0,BUR
2024-09-23 13:38:00,13.36,13.36,13.36,13.36,392.0,BUR
2024-09-23 13:37:00,13.36,13.36,13.36,13.36,349.0,BUR
2024-09-23 13:36:00,13.3797,13.3797,13.37,13.37,2793.0,BUR
2024-09-23 13:35:00,13.375,13.38,13.375,13.38,234.0,BUR
2024-09-23 13:34:00,13.36,13.36,13.36,13.36,240.0,BUR
2024-09-23 13:33:00,13.38,13.38,13.36,13.37,1384.0,BUR
2024-09-23 13:32:00,13.36,13.37,13.36,13.37,4529.0,BUR
2024-09-23 13:30:00,13.355,13.355,13.355,13.355,201.0,BUR
2024-09-23 13:29:00,13.355,13.355,13.355,13.355,175.0,BUR
2024-09-23 13:28:00,13.36,13.36,13.36,13.36,184.0,BUR
2024-09-23 13:27:00,13.355,13.36,13.355,13.355,509.0,BUR
2024-09-23 13:21:00,13.36,13.36,13.36,13.36,605.0,BUR
2024-09-23 13:19:00,13.35,13.35,13.35,13.35,947.0,BUR
2024-09-23 13:15:00,13.355,13.355,13.35,13.35,1202.0,BUR
2024-09-23 13:14:00,13.3598,13.3598,13.3598,13.3598,449.0,BUR
2024-09-23 13:10:00,13.35,13.35,13.35,13.35,1278.0,BUR
2024-09-23 13:09:00,13.34,13.35,13.34,13.35,1150.0,BUR
2024-09-23 13:07:00,13.32,13.32,13.32,13.32,538.0,BUR
2024-09-23 13:05:00,13.32,13.32,13.32,13.32,121.0,BUR
2024-09-23 13:04:00,13.33,13.33,13.33,13.33,194.0,BUR
2024-09-23 13:01:00,13.32,13.32,13.32,13.32,403.0,BUR
2024-09-23 13:00:00,13.34,13.34,13.33,13.33,470.0,BUR
2024-09-23 12:59:00,13.34,13.34,13.34,13.34,355.0,BUR
2024-09-23 12:58:00,13.34,13.34,13.33,13.33,254.0,BUR
2024-09-23 12:57:00,13.3127,13.33,13.3127,13.33,2458.0,BUR
2024-09-23 12:56:00,13.32,13.32,13.32,13.32,596.0,BUR
2024-09-23 12:52:00,13.33,13.33,13.33,13.33,256.0,BUR
2024-09-23 12:50:00,13.335,13.335,13.33,13.335,2558.0,BUR
2024-09-23 12:49:00,13.33,13.34,13.33,13.34,5284.0,BUR
2024-09-23 12:48:00,13.334,13.334,13.334,13.334,628.0,BUR
2024-09-23 12:45:00,13.34,13.34,13.34,13.34,1578.0,BUR
2024-09-23 12:43:00,13.36,13.36,13.36,13.36,211.0,BUR
2024-09-23 12:40:00,13.35,13.35,13.35,13.35,117.0,BUR
2024-09-23 12:38:00,13.36,13.36,13.36,13.36,160.0,BUR
2024-09-23 12:36:00,13.34,13.35,13.34,13.35,939.0,BUR
2024-09-23 12:35:00,13.33,13.33,13.33,13.33,601.0,BUR
2024-09-23 12:34:00,13.33,13.33,13.33,13.33,258.0,BUR
2024-09-23 12:33:00,13.34,13.34,13.33,13.33,375.0,BUR
2024-09-23 12:31:00,13.33,13.33,13.33,13.33,185.0,BUR
2024-09-23 12:28:00,13.33,13.33,13.33,13.33,182.0,BUR
2024-09-23 12:26:00,13.33,13.34,13.33,13.33,1023.0,BUR
2024-09-23 12:25:00,13.33,13.33,13.32,13.33,511.0,BUR
2024-09-23 12:24:00,13.32,13.32,13.32,13.32,271.0,BUR
2024-09-23 12:23:00,13.33,13.33,13.33,13.33,2779.0,BUR
2024-09-23 12:16:00,13.33,13.33,13.33,13.33,376.0,BUR
2024-09-23 12:15:00,13.33,13.33,13.33,13.33,261.0,BUR
2024-09-23 12:14:00,13.3397,13.3397,13.3397,13.3397,109.0,BUR
2024-09-23 12:12:00,13.34,13.34,13.34,13.34,600.0,BUR
2024-09-23 12:11:00,13.345,13.345,13.345,13.345,209.0,BUR
2024-09-23 12:10:00,13.35,13.35,13.35,13.35,336.0,BUR
2024-09-23 12:07:00,13.35,13.35,13.35,13.35,534.0,BUR
2024-09-23 12:05:00,13.34,13.34,13.34,13.34,209.0,BUR
2024-09-23 12:01:00,13.345,13.345,13.34,13.34,510.0,BUR
2024-09-23 12:00:00,13.3499,13.4,13.34,13.34,22154.0,BUR
2024-09-23 11:59:00,13.34,13.345,13.34,13.345,273.0,BUR
2024-09-23 11:58:00,13.34,13.34,13.335,13.335,1093.0,BUR
2024-09-23 11:56:00,13.35,13.35,13.34,13.34,1070.0,BUR
2024-09-23 11:55:00,13.345,13.345,13.345,13.345,477.0,BUR
2024-09-23 11:51:00,13.35,13.35,13.35,13.35,282.0,BUR
2024-09-23 11:49:00,13.34,13.34,13.34,13.34,147.0,BUR
2024-09-23 11:46:00,13.34,13.34,13.34,13.34,302.0,BUR
2024-09-23 11:41:00,13.34,13.34,13.34,13.34,129.0,BUR
2024-09-23 11:36:00,13.35,13.35,13.35,13.35,680.0,BUR
2024-09-23 11:35:00,13.35,13.3501,13.35,13.3501,239.0,BUR
2024-09-23 11:32:00,13.34,13.34,13.34,13.34,109.0,BUR
2024-09-23 11:29:00,13.36,13.36,13.35,13.35,1450.0,BUR
2024-09-23 11:28:00,13.37,13.37,13.37,13.37,427.0,BUR
2024-09-23 11:27:00,13.36,13.36,13.36,13.36,349.0,BUR
2024-09-23 11:25:00,13.365,13.365,13.365,13.365,420.0,BUR
2024-09-23 11:21:00,13.36,13.36,13.36,13.36,443.0,BUR
2024-09-23 11:20:00,13.36,13.36,13.35,13.35,682.0,BUR
2024-09-23 11:16:00,13.34,13.34,13.34,13.34,164.0,BUR
2024-09-23 11:14:00,13.35,13.35,13.35,13.35,948.0,BUR
2024-09-23 11:13:00,13.34,13.34,13.34,13.34,658.0,BUR
2024-09-23 11:10:00,13.33,13.33,13.33,13.33,140.0,BUR
2024-09-23 11:05:00,13.33,13.33,13.33,13.33,2402.0,BUR
2024-09-23 11:04:00,13.33,13.34,13.33,13.34,310.0,BUR
2024-09-23 11:03:00,13.35,13.35,13.35,13.35,179.0,BUR
2024-09-23 11:00:00,13.37,13.37,13.37,13.37,481.0,BUR
2024-09-23 10:58:00,13.38,13.38,13.37,13.38,1069.0,BUR
2024-09-23 10:54:00,13.38,13.38,13.38,13.38,219.0,BUR
2024-09-23 10:47:00,13.39,13.39,13.39,13.39,559.0,BUR
2024-09-23 10:46:00,13.38,13.38,13.38,13.38,966.0,BUR
2024-09-23 10:42:00,13.385,13.385,13.385,13.385,213.0,BUR
2024-09-23 10:41:00,13.36,13.37,13.36,13.37,522.0,BUR
2024-09-23 10:40:00,13.37,13.37,13.36,13.36,2130.0,BUR
2024-09-23 10:39:00,13.36,13.36,13.355,13.355,2723.0,BUR
2024-09-23 10:35:00,13.3885,13.3885,13.3885,13.3885,800.0,BUR
2024-09-23 10:34:00,13.37,13.37,13.37,13.37,486.0,BUR
2024-09-23 10:32:00,13.37,13.38,13.37,13.38,1482.0,BUR
2024-09-23 10:31:00,13.364,13.364,13.364,13.364,643.0,BUR
2024-09-23 10:30:00,13.39,13.39,13.36,13.36,1571.0,BUR
2024-09-23 10:25:00,13.39,13.39,13.38,13.38,651.0,BUR
2024-09-23 10:24:00,13.4,13.4,13.4,13.4,511.0,BUR
2024-09-23 10:22:00,13.3901,13.3901,13.3901,13.3901,950.0,BUR
2024-09-23 10:20:00,13.39,13.4,13.39,13.4,918.0,BUR
2024-09-23 10:18:00,13.39,13.39,13.39,13.39,335.0,BUR
2024-09-23 10:16:00,13.38,13.38,13.38,13.38,104.0,BUR
2024-09-23 10:15:00,13.39,13.39,13.39,13.39,883.0,BUR
2024-09-23 10:13:00,13.41,13.41,13.41,13.41,151.0,BUR
2024-09-23 10:12:00,13.4,13.4,13.4,13.4,875.0,BUR
2024-09-23 10:11:00,13.39,13.39,13.39,13.39,584.0,BUR
2024-09-23 10:10:00,13.4,13.4,13.4,13.4,352.0,BUR
2024-09-23 10:09:00,13.41,13.43,13.4,13.41,9735.0,BUR
2024-09-23 10:08:00,13.4,13.4,13.4,13.4,110.0,BUR
2024-09-23 10:07:00,13.3997,13.4,13.385,13.4,3074.0,BUR
2024-09-23 10:05:00,13.4,13.4,13.4,13.4,600.0,BUR
2024-09-23 10:03:00,13.41,13.41,13.41,13.41,530.0,BUR
2024-09-23 10:02:00,13.43,13.43,13.42,13.42,456.0,BUR
2024-09-23 10:01:00,13.43,13.43,13.425,13.425,424.0,BUR
2024-09-23 10:00:00,13.42,13.42,13.42,13.42,160.0,BUR
2024-09-23 09:59:00,13.42,13.42,13.42,13.42,478.0,BUR
2024-09-23 09:58:00,13.425,13.425,13.425,13.425,246.0,BUR
2024-09-23 09:57:00,13.425,13.425,13.425,13.425,140.0,BUR
2024-09-23 09:55:00,13.435,13.435,13.41,13.41,715.0,BUR
2024-09-23 09:54:00,13.43,13.43,13.43,13.43,1067.0,BUR
2024-09-23 09:53:00,13.41,13.41,13.41,13.41,772.0,BUR
2024-09-23 09:52:00,13.42,13.42,13.41,13.42,3386.0,BUR
2024-09-23 09:51:00,13.41,13.4173,13.41,13.41,513.0,BUR
2024-09-23 09:48:00,13.39,13.44,13.39,13.44,1833.0,BUR
2024-09-23 09:46:00,13.375,13.375,13.375,13.375,2393.0,BUR
2024-09-23 09:45:00,13.4001,13.4001,13.39,13.39,650.0,BUR
2024-09-23 09:44:00,13.455,13.455,13.41,13.41,9267.0,BUR
2024-09-23 09:41:00,13.48,13.48,13.46,13.46,422.0,BUR
2024-09-23 09:39:00,13.465,13.465,13.465,13.465,106.0,BUR
2024-09-23 09:38:00,13.46,13.4764,13.46,13.4764,1113.0,BUR
2024-09-23 09:37:00,13.46,13.5,13.46,13.47,1682.0,BUR
2024-09-23 09:35:00,13.43,13.44,13.43,13.44,735.0,BUR
2024-09-23 09:34:00,13.43,13.445,13.43,13.43,1117.0,BUR
2024-09-23 09:33:00,13.36,13.44,13.36,13.43,8757.0,BUR
2024-09-23 09:32:00,13.33,13.33,13.33,13.33,358.0,BUR
2024-09-23 09:31:00,13.3,13.31,13.3,13.31,988.0,BUR
2024-09-23 09:30:00,13.31,13.36,13.31,13.325,6363.0,BUR
2024-09-23 08:09:00,13.28,13.28,13.28,13.28,100.0,BUR
2024-09-23 08:05:00,13.33,13.34,13.33,13.34,1145.0,BUR
2024-09-23 08:00:00,13.3497,13.3497,13.3,13.3,185.0,BUR
2024-09-23 07:56:00,13.3,13.3,13.3,13.3,300.0,BUR
2024-09-23 07:23:00,13.3,13.3,13.3,13.3,234.0,BUR
2024-09-23 07:09:00,13.3,13.3,13.3,13.3,310.0,BUR
2024-09-23 07:00:00,13.3,13.31,13.29,13.31,820.0,BUR
2024-09-23 06:11:00,13.28,13.28,13.24,13.24,182.0,BUR
2024-09-23 06:10:00,13.31,13.31,13.29,13.29,330.0,BUR
2024-09-23 05:53:00,13.28,13.28,13.28,13.28,1.0,BUR
2024-09-23 04:48:00,13.29,13.29,13.28,13.28,78.0,BUR
2024-09-23 04:46:00,13.29,13.29,13.29,13.29,19.0,BUR
2024-09-23 04:42:00,13.29,13.29,13.29,13.29,20.0,BUR
2024-09-23 04:01:00,13.32,13.32,13.32,13.32,7.0,BUR
2024-09-20 19:00:00,13.32,13.32,13.32,13.32,445384.0,BUR
2024-09-20 18:30:00,13.32,13.32,13.32,13.32,445384.0,BUR
2024-09-20 17:50:00,13.32,13.32,13.32,13.32,15.0,BUR
2024-09-20 17:44:00,13.54,13.54,13.54,13.54,200.0,BUR
2024-09-20 16:15:00,13.3205,13.3205,13.3205,13.3205,8356.0,BUR
2024-09-20 16:11:00,13.321,13.321,13.321,13.321,2626.0,BUR
2024-09-20 16:10:00,13.32,13.32,13.32,13.32,445384.0,BUR
2024-09-20 16:06:00,13.32,13.32,13.32,13.32,15458.0,BUR
2024-09-20 16:05:00,13.32,13.32,13.32,13.32,1010675.0,BUR
2024-09-20 16:00:00,13.32,13.32,13.32,13.32,179.0,BUR
2024-09-20 15:59:00,13.35,13.36,13.3,13.32,139507.0,BUR
2024-09-20 15:58:00,13.35,13.36,13.34,13.35,30798.0,BUR
2024-09-20 15:57:00,13.36,13.37,13.345,13.345,25329.0,BUR
2024-09-20 15:56:00,13.37,13.38,13.35,13.35,8497.0,BUR
2024-09-20 15:55:00,13.38,13.39,13.36,13.37,11073.0,BUR
2024-09-20 15:54:00,13.38,13.39,13.37,13.37,6143.0,BUR
2024-09-20 15:53:00,13.36,13.39,13.36,13.3735,6655.0,BUR
2024-09-20 15:52:00,13.395,13.405,13.35,13.36,14057.0,BUR
2024-09-20 15:51:00,13.39,13.41,13.39,13.395,4286.0,BUR
2024-09-20 15:50:00,13.41,13.41,13.385,13.385,7948.0,BUR
2024-09-20 15:49:00,13.43,13.43,13.42,13.42,4040.0,BUR
2024-09-20 15:48:00,13.44,13.44,13.435,13.4353,2267.0,BUR
2024-09-20 15:47:00,13.46,13.465,13.44,13.44,4740.0,BUR
2024-09-20 15:46:00,13.46,13.47,13.45,13.465,4243.0,BUR
2024-09-20 15:45:00,13.46,13.47,13.46,13.46,1174.0,BUR
2024-09-20 15:44:00,13.46,13.46,13.46,13.46,313.0,BUR
2024-09-20 15:43:00,13.4517,13.46,13.4517,13.46,815.0,BUR
2024-09-20 15:42:00,13.47,13.47,13.46,13.46,1807.0,BUR
2024-09-20 15:41:00,13.46,13.46,13.46,13.46,390.0,BUR
2024-09-20 15:40:00,13.46,13.4648,13.46,13.4648,2332.0,BUR
2024-09-20 15:39:00,13.48,13.48,13.47,13.47,899.0,BUR
2024-09-20 15:38:00,13.465,13.48,13.465,13.48,4568.0,BUR
2024-09-20 15:37:00,13.47,13.47,13.46,13.46,4102.0,BUR
2024-09-20 15:36:00,13.48,13.48,13.48,13.48,680.0,BUR
2024-09-20 15:35:00,13.48,13.48,13.48,13.48,452.0,BUR
2024-09-20 15:34:00,13.48,13.48,13.48,13.48,457.0,BUR
2024-09-20 15:33:00,13.48,13.48,13.48,13.48,418.0,BUR
2024-09-20 15:31:00,13.48,13.48,13.48,13.48,257.0,BUR
2024-09-20 15:30:00,13.47,13.48,13.47,13.48,1103.0,BUR
2024-09-20 15:29:00,13.48,13.48,13.48,13.48,211.0,BUR
2024-09-20 15:28:00,13.48,13.48,13.48,13.48,340.0,BUR
2024-09-20 15:27:00,13.48,13.48,13.48,13.48,727.0,BUR
2024-09-20 15:26:00,13.48,13.49,13.48,13.49,597.0,BUR
2024-09-20 15:25:00,13.47,13.48,13.47,13.48,2037.0,BUR
2024-09-20 15:24:00,13.45,13.45,13.45,13.45,188.0,BUR
2024-09-20 15:21:00,13.46,13.46,13.46,13.46,395.0,BUR
2024-09-20 15:20:00,13.415,13.46,13.415,13.46,3293.0,BUR
2024-09-20 15:19:00,13.4,13.4,13.4,13.4,616.0,BUR
2024-09-20 15:18:00,13.41,13.43,13.4,13.43,707.0,BUR
2024-09-20 15:17:00,13.42,13.42,13.4,13.4,1371.0,BUR
2024-09-20 15:16:00,13.41,13.425,13.41,13.425,1483.0,BUR
2024-09-20 15:15:00,13.42,13.42,13.42,13.42,422.0,BUR
2024-09-20 15:14:00,13.45,13.45,13.43,13.43,2219.0,BUR
2024-09-20 15:13:00,13.45,13.45,13.44,13.44,1250.0,BUR
2024-09-20 15:12:00,13.46,13.46,13.44,13.44,1956.0,BUR
2024-09-20 15:11:00,13.47,13.47,13.46,13.46,301.0,BUR
2024-09-20 15:06:00,13.49,13.49,13.47,13.47,1367.0,BUR
2024-09-20 15:05:00,13.45,13.47,13.45,13.47,2412.0,BUR
2024-09-20 15:03:00,13.45,13.45,13.45,13.45,180.0,BUR
2024-09-20 15:01:00,13.4501,13.4558,13.4501,13.4558,588.0,BUR
2024-09-20 15:00:00,13.47,13.47,13.45,13.45,1079.0,BUR
2024-09-20 14:59:00,13.475,13.4752,13.475,13.4752,1145.0,BUR
2024-09-20 14:57:00,13.49,13.49,13.48,13.48,1343.0,BUR
2024-09-20 14:56:00,13.49,13.5,13.49,13.5,2624.0,BUR
2024-09-20 14:55:00,13.49,13.49,13.48,13.485,1986.0,BUR
2024-09-20 14:54:00,13.4891,13.4891,13.4891,13.4891,357.0,BUR
2024-09-20 14:53:00,13.49,13.49,13.49,13.49,108.0,BUR
2024-09-20 14:52:00,13.47,13.48,13.47,13.48,497.0,BUR
2024-09-20 14:51:00,13.49,13.49,13.49,13.49,200.0,BUR
2024-09-20 14:50:00,13.48,13.48,13.48,13.48,464.0,BUR
2024-09-20 14:49:00,13.47,13.48,13.47,13.48,1426.0,BUR
2024-09-20 14:48:00,13.465,13.465,13.465,13.465,177.0,BUR
2024-09-20 14:47:00,13.45,13.47,13.44,13.47,3303.0,BUR
2024-09-20 14:46:00,13.45,13.45,13.45,13.45,212.0,BUR
2024-09-20 14:44:00,13.44,13.44,13.44,13.44,270.0,BUR
2024-09-20 14:41:00,13.45,13.45,13.44,13.44,352.0,BUR
2024-09-20 14:40:00,13.44,13.44,13.44,13.44,304.0,BUR
2024-09-20 14:39:00,13.44,13.44,13.4324,13.4324,301.0,BUR
2024-09-20 14:37:00,13.44,13.44,13.44,13.44,110.0,BUR
2024-09-20 14:36:00,13.44,13.44,13.44,13.44,316.0,BUR
2024-09-20 14:35:00,13.43,13.43,13.43,13.43,119.0,BUR
2024-09-20 14:34:00,13.44,13.44,13.44,13.44,270.0,BUR
2024-09-20 14:33:00,13.44,13.44,13.44,13.44,291.0,BUR
2024-09-20 14:30:00,13.43,13.43,13.43,13.43,207.0,BUR
2024-09-20 14:28:00,13.445,13.445,13.44,13.44,413.0,BUR
2024-09-20 14:27:00,13.445,13.445,13.445,13.445,101.0,BUR
2024-09-20 14:26:00,13.46,13.46,13.45,13.45,1019.0,BUR
2024-09-20 14:24:00,13.465,13.465,13.465,13.465,141.0,BUR
2024-09-20 14:23:00,13.47,13.47,13.465,13.465,1123.0,BUR
2024-09-20 14:22:00,13.475,13.475,13.475,13.475,297.0,BUR
2024-09-20 14:21:00,13.48,13.48,13.475,13.475,1365.0,BUR
2024-09-20 14:20:00,13.485,13.485,13.475,13.475,2702.0,BUR
2024-09-20 14:19:00,13.485,13.485,13.485,13.485,113.0,BUR
2024-09-20 14:18:00,13.48,13.485,13.48,13.485,310.0,BUR
2024-09-20 14:17:00,13.49,13.49,13.48,13.49,5238.0,BUR
2024-09-20 14:15:00,13.48,13.48,13.48,13.48,197.0,BUR
2024-09-20 14:14:00,13.49,13.49,13.48,13.48,256.0,BUR
2024-09-20 14:13:00,13.48,13.48,13.478,13.48,1016.0,BUR
2024-09-20 14:12:00,13.48,13.48,13.48,13.48,374.0,BUR
2024-09-20 14:11:00,13.48,13.48,13.48,13.48,468.0,BUR
2024-09-20 14:10:00,13.48,13.48,13.48,13.48,294.0,BUR
2024-09-20 14:09:00,13.48,13.48,13.48,13.48,131.0,BUR
2024-09-20 14:08:00,13.48,13.49,13.48,13.49,4454.0,BUR
2024-09-20 14:06:00,13.48,13.48,13.48,13.48,535.0,BUR
2024-09-20 14:04:00,13.47,13.47,13.47,13.47,278.0,BUR
2024-09-20 14:03:00,13.48,13.48,13.48,13.48,385.0,BUR
2024-09-20 14:02:00,13.48,13.48,13.48,13.48,616.0,BUR
2024-09-20 14:01:00,13.48,13.48,13.48,13.48,2797.0,BUR
2024-09-20 14:00:00,13.49,13.49,13.49,13.49,260.0,BUR
2024-09-20 13:59:00,13.49,13.49,13.49,13.49,309.0,BUR
2024-09-20 13:58:00,13.49,13.49,13.49,13.49,135.0,BUR
2024-09-20 13:56:00,13.49,13.49,13.49,13.49,251.0,BUR
2024-09-20 13:54:00,13.49,13.5,13.49,13.5,1059.0,BUR
2024-09-20 13:53:00,13.485,13.485,13.485,13.485,136.0,BUR
2024-09-20 13:52:00,13.49,13.49,13.49,13.49,570.0,BUR
2024-09-20 13:50:00,13.49,13.49,13.49,13.49,230.0,BUR
2024-09-20 13:48:00,13.49,13.49,13.49,13.49,108.0,BUR
2024-09-20 13:43:00,13.485,13.49,13.485,13.49,1010.0,BUR
2024-09-20 13:42:00,13.485,13.49,13.485,13.49,508.0,BUR
2024-09-20 13:41:00,13.48,13.48,13.48,13.48,640.0,BUR
2024-09-20 13:40:00,13.485,13.485,13.48,13.48,1947.0,BUR
2024-09-20 13:39:00,13.49,13.49,13.49,13.49,160.0,BUR
2024-09-20 13:38:00,13.49,13.49,13.49,13.49,115.0,BUR
2024-09-20 13:37:00,13.49,13.49,13.49,13.49,345.0,BUR
2024-09-20 13:36:00,13.4824,13.4824,13.4824,13.4824,111.0,BUR
2024-09-20 13:35:00,13.49,13.49,13.49,13.49,103.0,BUR
2024-09-20 13:33:00,13.4801,13.49,13.4801,13.49,1377.0,BUR
2024-09-20 13:32:00,13.48,13.49,13.48,13.49,445.0,BUR
2024-09-20 13:27:00,13.48,13.48,13.48,13.48,338.0,BUR
2024-09-20 13:25:00,13.48,13.49,13.48,13.49,1509.0,BUR
2024-09-20 13:23:00,13.48,13.48,13.48,13.48,1538.0,BUR
2024-09-20 13:20:00,13.49,13.49,13.49,13.49,295.0,BUR
2024-09-20 13:19:00,13.49,13.49,13.49,13.49,221.0,BUR
2024-09-20 13:18:00,13.49,13.5,13.49,13.5,1275.0,BUR
2024-09-20 13:15:00,13.49,13.49,13.49,13.49,578.0,BUR
2024-09-20 13:14:00,13.49,13.49,13.49,13.49,536.0,BUR
2024-09-20 13:13:00,13.49,13.49,13.49,13.49,140.0,BUR
2024-09-20 13:12:00,13.49,13.49,13.49,13.49,1106.0,BUR
2024-09-20 13:07:00,13.49,13.49,13.49,13.49,854.0,BUR
2024-09-20 13:06:00,13.49,13.49,13.489,13.489,1081.0,BUR
2024-09-20 13:05:00,13.48,13.48,13.48,13.48,887.0,BUR
2024-09-20 13:03:00,13.49,13.49,13.48,13.48,3785.0,BUR
2024-09-20 13:01:00,13.5,13.5,13.5,13.5,470.0,BUR
2024-09-20 12:59:00,13.5,13.5,13.5,13.5,317.0,BUR
2024-09-20 12:58:00,13.5,13.5,13.5,13.5,187.0,BUR
2024-09-20 12:55:00,13.49,13.51,13.49,13.51,4498.0,BUR
2024-09-20 12:51:00,13.49,13.49,13.49,13.49,167.0,BUR
2024-09-20 12:49:00,13.49,13.5,13.49,13.49,876.0,BUR
2024-09-20 12:48:00,13.49,13.49,13.49,13.49,684.0,BUR
2024-09-20 12:47:00,13.475,13.475,13.475,13.475,744.0,BUR
2024-09-20 12:46:00,13.47,13.47,13.47,13.47,114.0,BUR
2024-09-20 12:42:00,13.49,13.49,13.47,13.47,2199.0,BUR
2024-09-20 12:41:00,13.5,13.5,13.5,13.5,156.0,BUR
2024-09-20 12:40:00,13.49,13.51,13.49,13.5,1839.0,BUR
2024-09-20 12:39:00,13.48,13.48,13.48,13.48,243.0,BUR
2024-09-20 12:35:00,13.47,13.48,13.47,13.48,356.0,BUR
2024-09-20 12:33:00,13.48,13.48,13.47,13.48,1310.0,BUR
2024-09-20 12:27:00,13.49,13.49,13.49,13.49,503.0,BUR
2024-09-20 12:24:00,13.49,13.49,13.49,13.49,1642.0,BUR
2024-09-20 12:23:00,13.5,13.5,13.5,13.5,734.0,BUR
2024-09-20 12:22:00,13.49,13.51,13.49,13.5,1724.0,BUR
2024-09-20 12:18:00,13.48,13.48,13.48,13.48,121.0,BUR
2024-09-20 12:17:00,13.48,13.48,13.48,13.48,431.0,BUR
2024-09-20 12:16:00,13.472,13.48,13.472,13.48,306.0,BUR
2024-09-20 12:15:00,13.47,13.47,13.47,13.47,301.0,BUR
2024-09-20 12:13:00,13.48,13.48,13.48,13.48,426.0,BUR
2024-09-20 12:12:00,13.474,13.48,13.474,13.48,437.0,BUR
2024-09-20 12:11:00,13.48,13.48,13.47,13.47,490.0,BUR
2024-09-20 12:10:00,13.49,13.49,13.49,13.49,1359.0,BUR
2024-09-20 12:09:00,13.5,13.5,13.5,13.5,322.0,BUR
2024-09-20 12:08:00,13.48,13.51,13.4728,13.51,2508.0,BUR
2024-09-20 12:06:00,13.4736,13.4736,13.4736,13.4736,308.0,BUR
2024-09-20 12:03:00,13.48,13.48,13.47,13.48,560.0,BUR
2024-09-20 12:02:00,13.48,13.48,13.48,13.48,138.0,BUR
2024-09-20 11:57:00,13.47,13.48,13.47,13.48,285.0,BUR
2024-09-20 11:56:00,13.48,13.48,13.48,13.48,147.0,BUR
2024-09-20 11:54:00,13.46,13.46,13.46,13.46,356.0,BUR
2024-09-20 11:52:00,13.455,13.455,13.455,13.455,113.0,BUR
2024-09-20 11:49:00,13.48,13.48,13.478,13.478,964.0,BUR
2024-09-20 11:48:00,13.47,13.48,13.47,13.48,597.0,BUR
2024-09-20 11:47:00,13.4699,13.47,13.4699,13.47,272.0,BUR
2024-09-20 11:45:00,13.45,13.45,13.45,13.45,721.0,BUR
2024-09-20 11:44:00,13.46,13.47,13.46,13.47,655.0,BUR
2024-09-20 11:43:00,13.41,13.43,13.41,13.43,1253.0,BUR
2024-09-20 11:42:00,13.41,13.41,13.41,13.41,275.0,BUR
2024-09-20 11:41:00,13.41,13.41,13.41,13.41,534.0,BUR
2024-09-20 11:39:00,13.41,13.41,13.41,13.41,557.0,BUR
2024-09-20 11:38:00,13.41,13.41,13.41,13.41,698.0,BUR
2024-09-20 11:37:00,13.41,13.41,13.4,13.4,647.0,BUR
2024-09-20 11:35:00,13.41,13.425,13.39,13.39,7085.0,BUR
2024-09-20 11:34:00,13.33,13.39,13.33,13.3899,6338.0,BUR
2024-09-20 11:33:00,13.33,13.34,13.33,13.33,851.0,BUR
2024-09-20 11:32:00,13.33,13.34,13.32,13.33,1686.0,BUR
2024-09-20 11:31:00,13.35,13.35,13.33,13.33,1523.0,BUR
2024-09-20 11:30:00,13.36,13.36,13.35,13.35,393.0,BUR
2024-09-20 11:28:00,13.35,13.36,13.35,13.36,407.0,BUR
2024-09-20 11:26:00,13.36,13.36,13.36,13.36,1021.0,BUR
2024-09-20 11:24:00,13.36,13.36,13.34,13.36,771.0,BUR
2024-09-20 11:23:00,13.34,13.35,13.34,13.35,416.0,BUR
2024-09-20 11:22:00,13.36,13.37,13.35,13.35,8056.0,BUR
2024-09-20 11:21:00,13.37,13.38,13.36,13.36,847.0,BUR
2024-09-20 11:20:00,13.38,13.38,13.38,13.38,317.0,BUR
2024-09-20 11:19:00,13.4,13.4,13.39,13.39,755.0,BUR
2024-09-20 11:18:00,13.38,13.39,13.37,13.39,2580.0,BUR
2024-09-20 11:17:00,13.36,13.37,13.35,13.37,4645.0,BUR
2024-09-20 11:16:00,13.38,13.38,13.35,13.37,3828.0,BUR
2024-09-20 11:15:00,13.39,13.39,13.39,13.39,751.0,BUR
2024-09-20 11:14:00,13.39,13.39,13.39,13.39,642.0,BUR
2024-09-20 11:13:00,13.39,13.39,13.37,13.38,1870.0,BUR
2024-09-20 11:12:00,13.41,13.41,13.41,13.41,422.0,BUR
2024-09-20 11:11:00,13.4,13.4,13.38,13.38,837.0,BUR
2024-09-20 11:10:00,13.42,13.42,13.39,13.39,2802.0,BUR
2024-09-20 11:09:00,13.43,13.43,13.43,13.43,247.0,BUR
2024-09-20 11:07:00,13.43,13.43,13.43,13.43,147.0,BUR
2024-09-20 11:06:00,13.44,13.44,13.44,13.44,564.0,BUR
2024-09-20 11:05:00,13.44,13.44,13.44,13.44,1484.0,BUR
2024-09-20 11:04:00,13.44,13.44,13.41,13.43,4885.0,BUR
2024-09-20 11:02:00,13.45,13.45,13.44,13.45,795.0,BUR
2024-09-20 10:59:00,13.45,13.45,13.45,13.45,203.0,BUR
2024-09-20 10:58:00,13.46,13.46,13.44,13.44,1290.0,BUR
2024-09-20 10:57:00,13.44,13.45,13.44,13.45,569.0,BUR
2024-09-20 10:56:00,13.43,13.43,13.43,13.43,100.0,BUR
2024-09-20 10:55:00,13.44,13.44,13.44,13.44,206.0,BUR
2024-09-20 10:53:00,13.45,13.45,13.4313,13.4313,1388.0,BUR
2024-09-20 10:52:00,13.47,13.47,13.45,13.45,2212.0,BUR
2024-09-20 10:50:00,13.47,13.47,13.45,13.45,1501.0,BUR
2024-09-20 10:48:00,13.47,13.47,13.46,13.46,2751.0,BUR
2024-09-20 10:46:00,13.51,13.51,13.49,13.49,2253.0,BUR
2024-09-20 10:43:00,13.5,13.5,13.5,13.5,242.0,BUR
2024-09-20 10:42:00,13.49,13.49,13.48,13.49,3212.0,BUR
2024-09-20 10:41:00,13.48,13.5,13.48,13.49,3048.0,BUR
2024-09-20 10:40:00,13.48,13.48,13.48,13.48,246.0,BUR
2024-09-20 10:39:00,13.49,13.49,13.48,13.48,1317.0,BUR
2024-09-20 10:37:00,13.48,13.48,13.48,13.48,1346.0,BUR
2024-09-20 10:36:00,13.47,13.47,13.46,13.46,1143.0,BUR
2024-09-20 10:34:00,13.47,13.47,13.47,13.47,776.0,BUR
2024-09-20 10:33:00,13.45,13.48,13.45,13.46,5882.0,BUR
2024-09-20 10:32:00,13.46,13.46,13.45,13.45,2185.0,BUR
2024-09-20 10:31:00,13.45,13.45,13.45,13.45,424.0,BUR
2024-09-20 10:30:00,13.45,13.45,13.449,13.449,542.0,BUR
2024-09-20 10:27:00,13.46,13.49,13.45,13.46,5623.0,BUR
2024-09-20 10:26:00,13.45,13.455,13.45,13.45,1280.0,BUR
2024-09-20 10:25:00,13.455,13.455,13.455,13.455,202.0,BUR
2024-09-20 10:23:00,13.45,13.46,13.45,13.46,517.0,BUR
2024-09-20 10:21:00,13.46,13.46,13.46,13.46,224.0,BUR
2024-09-20 10:20:00,13.48,13.5,13.44,13.44,6820.0,BUR
2024-09-20 10:18:00,13.48,13.49,13.48,13.49,536.0,BUR
2024-09-20 10:17:00,13.46,13.48,13.46,13.48,5866.0,BUR
2024-09-20 10:14:00,13.45,13.45,13.45,13.45,400.0,BUR
2024-09-20 10:13:00,13.435,13.44,13.435,13.44,427.0,BUR
2024-09-20 10:12:00,13.46,13.46,13.43,13.43,1644.0,BUR
2024-09-20 10:11:00,13.44,13.47,13.44,13.46,15474.0,BUR
2024-09-20 10:10:00,13.42,13.42,13.41,13.42,1250.0,BUR
2024-09-20 10:08:00,13.42,13.42,13.42,13.42,128.0,BUR
2024-09-20 10:07:00,13.41,13.41,13.41,13.41,667.0,BUR
2024-09-20 10:06:00,13.41,13.41,13.41,13.41,489.0,BUR
2024-09-20 10:05:00,13.4,13.4,13.4,13.4,346.0,BUR
2024-09-20 10:04:00,13.41,13.41,13.41,13.41,508.0,BUR
2024-09-20 10:03:00,13.41,13.41,13.41,13.41,204.0,BUR
2024-09-20 10:01:00,13.405,13.405,13.405,13.405,118.0,BUR
2024-09-20 10:00:00,13.42,13.4299,13.39,13.39,1473.0,BUR
2024-09-20 09:59:00,13.44,13.44,13.43,13.43,504.0,BUR
2024-09-20 09:57:00,13.41,13.41,13.41,13.41,329.0,BUR
2024-09-20 09:56:00,13.41,13.41,13.41,13.41,250.0,BUR
2024-09-20 09:55:00,13.405,13.405,13.405,13.405,314.0,BUR
2024-09-20 09:54:00,13.42,13.42,13.41,13.41,525.0,BUR
2024-09-20 09:52:00,13.4445,13.4445,13.42,13.42,3047.0,BUR
2024-09-20 09:50:00,13.42,13.42,13.4092,13.41,4985.0,BUR
2024-09-20 09:49:00,13.44,13.4413,13.42,13.42,338.0,BUR
2024-09-20 09:48:00,13.44,13.44,13.44,13.44,1638.0,BUR
2024-09-20 09:47:00,13.44,13.44,13.41,13.4101,1870.0,BUR
2024-09-20 09:46:00,13.47,13.5,13.45,13.45,2947.0,BUR
2024-09-20 09:45:00,13.46,13.46,13.46,13.46,227.0,BUR
2024-09-20 09:44:00,13.47,13.47,13.47,13.47,225.0,BUR
2024-09-20 09:43:00,13.47,13.47,13.47,13.47,100.0,BUR
2024-09-20 09:42:00,13.49,13.49,13.47,13.47,2573.0,BUR
2024-09-20 09:41:00,13.46,13.5,13.45,13.5,8915.0,BUR
2024-09-20 09:40:00,13.44,13.45,13.44,13.45,2936.0,BUR
2024-09-20 09:39:00,13.45,13.48,13.44,13.45,7666.0,BUR
2024-09-20 09:38:00,13.43,13.43,13.41,13.42,2303.0,BUR
2024-09-20 09:37:00,13.42,13.42,13.42,13.42,1030.0,BUR
2024-09-20 09:36:00,13.43,13.43,13.43,13.43,202.0,BUR
2024-09-20 09:34:00,13.41,13.44,13.41,13.44,1537.0,BUR
2024-09-20 09:32:00,13.41,13.48,13.41,13.455,420141.0,BUR
2024-09-20 09:29:00,13.4,13.41,13.4,13.41,400.0,BUR
2024-09-20 09:17:00,13.37,13.37,13.37,13.37,500.0,BUR
2024-09-20 09:16:00,13.38,13.38,13.38,13.38,300.0,BUR
2024-09-20 08:15:00,13.39,13.39,13.39,13.39,1.0,BUR
2024-09-20 08:02:00,13.69,13.69,13.69,13.69,1.0,BUR
2024-09-20 07:51:00,13.42,13.42,13.42,13.42,100.0,BUR
2024-09-20 07:31:00,13.47,13.47,13.47,13.47,25.0,BUR
2024-09-20 07:28:00,13.47,13.47,13.47,13.47,75.0,BUR
2024-09-20 07:27:00,13.47,13.47,13.47,13.47,50.0,BUR
2024-09-20 07:26:00,13.49,13.49,13.48,13.48,471.0,BUR
2024-09-20 07:06:00,13.52,13.53,13.52,13.53,100.0,BUR
2024-09-20 06:54:00,13.49,13.49,13.49,13.49,335.0,BUR
2024-09-20 06:24:00,13.49,13.49,13.49,13.49,235.0,BUR
2024-09-20 05:31:00,13.49,13.49,13.48,13.48,545.0,BUR
2024-09-20 05:30:00,13.48,13.49,13.48,13.49,340.0,BUR
2024-09-20 04:32:00,13.51,13.51,13.5,13.5,110.0,BUR
2024-09-20 04:31:00,13.51,13.51,13.51,13.51,235.0,BUR
2024-09-19 19:00:00,13.69,13.69,13.69,13.69,58857.0,BUR
2024-09-19 18:30:00,13.69,13.69,13.69,13.69,58857.0,BUR
2024-09-19 16:31:00,13.57,13.6,13.57,13.6,387.0,BUR
2024-09-19 16:30:00,13.39,13.4,13.39,13.4,2947.0,BUR
2024-09-19 16:29:00,13.5,13.5,13.4,13.4,17103.0,BUR
2024-09-19 16:10:00,13.69,13.69,13.69,13.69,58857.0,BUR
2024-09-19 16:02:00,13.69,13.69,13.69,13.69,4520.0,BUR
2024-09-19 16:01:00,13.69,13.69,13.69,13.69,2902.0,BUR
2024-09-19 16:00:00,13.68,13.69,13.68,13.69,122242.0,BUR
2024-09-19 15:59:00,13.6899,13.7,13.68,13.68,25548.0,BUR
2024-09-19 15:58:00,13.69,13.69,13.68,13.6899,4622.0,BUR
2024-09-19 15:57:00,13.69,13.7,13.69,13.695,3741.0,BUR
2024-09-19 15:56:00,13.69,13.7,13.69,13.69,4424.0,BUR
2024-09-19 15:55:00,13.695,13.71,13.69,13.7,9450.0,BUR
2024-09-19 15:54:00,13.68,13.69,13.68,13.69,2214.0,BUR
2024-09-19 15:53:00,13.68,13.6899,13.68,13.6899,899.0,BUR
2024-09-19 15:52:00,13.69,13.69,13.69,13.69,2683.0,BUR
2024-09-19 15:51:00,13.685,13.685,13.67,13.67,948.0,BUR
2024-09-19 15:50:00,13.69,13.695,13.68,13.68,1474.0,BUR
2024-09-19 15:49:00,13.7,13.71,13.69,13.7,8520.0,BUR
2024-09-19 15:48:00,13.7,13.71,13.7,13.7,11844.0,BUR
2024-09-19 15:47:00,13.7,13.7,13.6989,13.7,5661.0,BUR
2024-09-19 15:46:00,13.69,13.7,13.69,13.695,2840.0,BUR
2024-09-19 15:45:00,13.68,13.7,13.68,13.7,473.0,BUR
2024-09-19 15:44:00,13.7,13.7,13.69,13.69,379.0,BUR
2024-09-19 15:43:00,13.69,13.69,13.69,13.69,105.0,BUR
2024-09-19 15:42:00,13.69,13.7,13.69,13.7,1841.0,BUR
2024-09-19 15:41:00,13.699,13.7,13.699,13.7,1110.0,BUR
2024-09-19 15:40:00,13.69,13.69,13.685,13.69,1234.0,BUR
2024-09-19 15:39:00,13.685,13.69,13.68,13.6889,2571.0,BUR
2024-09-19 15:38:00,13.685,13.69,13.685,13.69,1782.0,BUR
2024-09-19 15:37:00,13.69,13.69,13.69,13.69,505.0,BUR
2024-09-19 15:35:00,13.68,13.69,13.68,13.685,3062.0,BUR
2024-09-19 15:34:00,13.69,13.7,13.69,13.69,3625.0,BUR
2024-09-19 15:33:00,13.68,13.68,13.68,13.68,200.0,BUR
2024-09-19 15:31:00,13.68,13.68,13.68,13.68,206.0,BUR
2024-09-19 15:30:00,13.68,13.68,13.68,13.68,163.0,BUR
2024-09-19 15:27:00,13.68,13.68,13.68,13.68,891.0,BUR
2024-09-19 15:26:00,13.69,13.69,13.69,13.69,238.0,BUR
2024-09-19 15:24:00,13.69,13.69,13.69,13.69,863.0,BUR
2024-09-19 15:23:00,13.69,13.69,13.685,13.685,1530.0,BUR
2024-09-19 15:22:00,13.68,13.68,13.6799,13.68,2286.0,BUR
2024-09-19 15:19:00,13.68,13.69,13.68,13.69,1533.0,BUR
2024-09-19 15:15:00,13.69,13.69,13.68,13.68,387.0,BUR
2024-09-19 15:12:00,13.695,13.695,13.69,13.69,974.0,BUR
2024-09-19 15:10:00,13.69,13.69,13.6894,13.69,2747.0,BUR
2024-09-19 15:09:00,13.68,13.685,13.68,13.685,1066.0,BUR
2024-09-19 15:08:00,13.685,13.685,13.685,13.685,176.0,BUR
2024-09-19 15:07:00,13.69,13.695,13.69,13.69,3834.0,BUR
2024-09-19 15:03:00,13.69,13.69,13.69,13.69,408.0,BUR
2024-09-19 15:02:00,13.69,13.69,13.69,13.69,786.0,BUR
2024-09-19 15:01:00,13.69,13.69,13.69,13.69,1142.0,BUR
2024-09-19 14:59:00,13.69,13.7,13.69,13.69,3387.0,BUR
2024-09-19 14:53:00,13.67,13.67,13.67,13.67,465.0,BUR
2024-09-19 14:51:00,13.69,13.69,13.68,13.68,823.0,BUR
2024-09-19 14:50:00,13.685,13.695,13.685,13.695,675.0,BUR
2024-09-19 14:49:00,13.69,13.69,13.69,13.69,1023.0,BUR
2024-09-19 14:48:00,13.7,13.7,13.7,13.7,727.0,BUR
2024-09-19 14:47:00,13.7,13.7,13.7,13.7,356.0,BUR
2024-09-19 14:45:00,13.695,13.695,13.695,13.695,228.0,BUR
2024-09-19 14:44:00,13.695,13.695,13.695,13.695,142.0,BUR
2024-09-19 14:41:00,13.7,13.7,13.7,13.7,1703.0,BUR
2024-09-19 14:40:00,13.7,13.7,13.699,13.699,579.0,BUR
2024-09-19 14:35:00,13.69,13.7,13.69,13.69,2057.0,BUR
2024-09-19 14:34:00,13.7,13.7,13.7,13.7,154.0,BUR
2024-09-19 14:33:00,13.69,13.69,13.69,13.69,293.0,BUR
2024-09-19 14:28:00,13.69,13.69,13.69,13.69,1036.0,BUR
2024-09-19 14:27:00,13.69,13.695,13.69,13.695,571.0,BUR
2024-09-19 14:24:00,13.69,13.69,13.69,13.69,246.0,BUR
2024-09-19 14:22:00,13.68,13.68,13.68,13.68,371.0,BUR
2024-09-19 14:21:00,13.67,13.67,13.67,13.67,444.0,BUR
2024-09-19 14:19:00,13.67,13.67,13.67,13.67,106.0,BUR
2024-09-19 14:18:00,13.68,13.68,13.67,13.67,980.0,BUR
2024-09-19 14:16:00,13.68,13.68,13.68,13.68,628.0,BUR
2024-09-19 14:15:00,13.68,13.68,13.67,13.67,3186.0,BUR
2024-09-19 14:11:00,13.69,13.69,13.69,13.69,411.0,BUR
2024-09-19 14:10:00,13.69,13.69,13.68,13.69,2278.0,BUR
2024-09-19 14:09:00,13.69,13.69,13.69,13.69,174.0,BUR
2024-09-19 14:07:00,13.688,13.688,13.688,13.688,222.0,BUR
2024-09-19 14:05:00,13.69,13.69,13.69,13.69,185.0,BUR
2024-09-19 14:00:00,13.69,13.7,13.69,13.699,3678.0,BUR
2024-09-19 13:59:00,13.69,13.69,13.69,13.69,474.0,BUR
2024-09-19 13:56:00,13.69,13.69,13.69,13.69,304.0,BUR
2024-09-19 13:55:00,13.69,13.69,13.69,13.69,162.0,BUR
2024-09-19 13:54:00,13.69,13.69,13.69,13.69,210.0,BUR
2024-09-19 13:51:00,13.69,13.69,13.69,13.69,182.0,BUR
2024-09-19 13:49:00,13.69,13.69,13.69,13.69,405.0,BUR
2024-09-19 13:48:00,13.69,13.69,13.69,13.69,188.0,BUR
2024-09-19 13:46:00,13.69,13.69,13.69,13.69,2421.0,BUR
2024-09-19 13:45:00,13.68,13.68,13.68,13.68,140.0,BUR
2024-09-19 13:43:00,13.68,13.68,13.68,13.68,176.0,BUR
2024-09-19 13:42:00,13.675,13.675,13.675,13.675,185.0,BUR
2024-09-19 13:41:00,13.68,13.68,13.68,13.68,790.0,BUR
2024-09-19 13:40:00,13.685,13.685,13.685,13.685,833.0,BUR
2024-09-19 13:39:00,13.685,13.685,13.685,13.685,265.0,BUR
2024-09-19 13:37:00,13.685,13.685,13.685,13.685,163.0,BUR
2024-09-19 13:36:00,13.685,13.685,13.685,13.685,304.0,BUR
2024-09-19 13:34:00,13.69,13.69,13.69,13.69,497.0,BUR
2024-09-19 13:33:00,13.685,13.685,13.685,13.685,292.0,BUR
2024-09-19 13:32:00,13.69,13.69,13.69,13.69,2643.0,BUR
2024-09-19 13:31:00,13.685,13.685,13.685,13.685,281.0,BUR
2024-09-19 13:30:00,13.69,13.69,13.69,13.69,907.0,BUR
2024-09-19 13:29:00,13.685,13.685,13.685,13.685,154.0,BUR
2024-09-19 13:27:00,13.69,13.69,13.685,13.685,606.0,BUR
2024-09-19 13:26:00,13.685,13.685,13.685,13.685,124.0,BUR
2024-09-19 13:25:00,13.68,13.69,13.68,13.6894,904.0,BUR
2024-09-19 13:24:00,13.665,13.67,13.665,13.67,1087.0,BUR
2024-09-19 13:23:00,13.67,13.67,13.67,13.67,169.0,BUR
2024-09-19 13:22:00,13.678,13.678,13.678,13.678,307.0,BUR
2024-09-19 13:21:00,13.685,13.69,13.68,13.68,1815.0,BUR
2024-09-19 13:20:00,13.69,13.69,13.685,13.685,283.0,BUR
2024-09-19 13:19:00,13.68,13.69,13.68,13.69,738.0,BUR
2024-09-19 13:18:00,13.68,13.68,13.675,13.68,545.0,BUR
2024-09-19 13:17:00,13.689,13.69,13.689,13.69,1262.0,BUR
2024-09-19 13:14:00,13.68,13.68,13.68,13.68,415.0,BUR
2024-09-19 13:10:00,13.69,13.69,13.6899,13.6899,640.0,BUR
2024-09-19 13:08:00,13.675,13.675,13.675,13.675,181.0,BUR
2024-09-19 13:07:00,13.675,13.675,13.675,13.675,293.0,BUR
2024-09-19 13:06:00,13.69,13.69,13.67,13.67,1155.0,BUR
2024-09-19 13:04:00,13.69,13.69,13.69,13.69,153.0,BUR
2024-09-19 13:03:00,13.69,13.7,13.69,13.69,20315.0,BUR
2024-09-19 13:01:00,13.68,13.68,13.68,13.68,135.0,BUR
2024-09-19 12:59:00,13.68,13.68,13.68,13.68,197.0,BUR
2024-09-19 12:57:00,13.68,13.68,13.68,13.68,295.0,BUR
2024-09-19 12:56:00,13.684,13.684,13.684,13.684,687.0,BUR
2024-09-19 12:55:00,13.68,13.68,13.67,13.68,2077.0,BUR
2024-09-19 12:54:00,13.68,13.68,13.68,13.68,1083.0,BUR
2024-09-19 12:53:00,13.69,13.69,13.68,13.68,786.0,BUR
2024-09-19 12:52:00,13.685,13.685,13.68,13.68,386.0,BUR
2024-09-19 12:51:00,13.68,13.68,13.68,13.68,303.0,BUR
2024-09-19 12:50:00,13.685,13.685,13.685,13.685,247.0,BUR
2024-09-19 12:49:00,13.685,13.685,13.685,13.685,231.0,BUR
2024-09-19 12:47:00,13.685,13.685,13.685,13.685,313.0,BUR
2024-09-19 12:46:00,13.685,13.685,13.685,13.685,118.0,BUR
2024-09-19 12:45:00,13.685,13.685,13.685,13.685,111.0,BUR
2024-09-19 12:44:00,13.68,13.68,13.68,13.68,142.0,BUR
2024-09-19 12:43:00,13.68,13.68,13.68,13.68,2996.0,BUR
2024-09-19 12:42:00,13.65,13.68,13.65,13.67,34283.0,BUR
2024-09-19 12:41:00,13.64,13.64,13.6392,13.64,3391.0,BUR
2024-09-19 12:40:00,13.65,13.65,13.645,13.645,9364.0,BUR
2024-09-19 12:38:00,13.64,13.64,13.64,13.64,200.0,BUR
2024-09-19 12:35:00,13.645,13.645,13.645,13.645,143.0,BUR
2024-09-19 12:34:00,13.645,13.645,13.645,13.645,369.0,BUR
2024-09-19 12:32:00,13.65,13.65,13.645,13.645,549.0,BUR
2024-09-19 12:31:00,13.64,13.64,13.64,13.64,136.0,BUR
2024-09-19 12:29:00,13.645,13.645,13.645,13.645,100.0,BUR
2024-09-19 12:26:00,13.64,13.65,13.64,13.645,2180.0,BUR
2024-09-19 12:25:00,13.63,13.63,13.63,13.63,402.0,BUR
2024-09-19 12:24:00,13.625,13.625,13.61,13.625,2160.0,BUR
2024-09-19 12:22:00,13.62,13.62,13.62,13.62,151.0,BUR
2024-09-19 12:19:00,13.63,13.63,13.62,13.62,315.0,BUR
2024-09-19 12:17:00,13.62,13.62,13.62,13.62,277.0,BUR
2024-09-19 12:15:00,13.6,13.62,13.6,13.62,721.0,BUR
2024-09-19 12:14:00,13.6,13.6,13.6,13.6,252.0,BUR
2024-09-19 12:13:00,13.6,13.6,13.6,13.6,187.0,BUR
2024-09-19 12:12:00,13.6,13.6,13.6,13.6,791.0,BUR
2024-09-19 12:10:00,13.6,13.61,13.59,13.61,3448.0,BUR
2024-09-19 12:07:00,13.59,13.59,13.59,13.59,981.0,BUR
2024-09-19 12:06:00,13.59,13.59,13.59,13.59,104.0,BUR
2024-09-19 12:05:00,13.59,13.59,13.59,13.59,219.0,BUR
2024-09-19 12:04:00,13.57,13.59,13.57,13.59,1836.0,BUR
2024-09-19 12:03:00,13.57,13.57,13.57,13.57,911.0,BUR
2024-09-19 12:02:00,13.57,13.57,13.56,13.56,1022.0,BUR
2024-09-19 12:01:00,13.56,13.56,13.56,13.56,298.0,BUR
2024-09-19 12:00:00,13.55,13.55,13.55,13.55,471.0,BUR
2024-09-19 11:56:00,13.54,13.54,13.54,13.54,470.0,BUR
2024-09-19 11:55:00,13.54,13.54,13.54,13.54,779.0,BUR
2024-09-19 11:54:00,13.54,13.54,13.54,13.54,326.0,BUR
2024-09-19 11:53:00,13.55,13.55,13.53,13.53,529.0,BUR
2024-09-19 11:49:00,13.545,13.57,13.545,13.57,1116.0,BUR
2024-09-19 11:48:00,13.545,13.545,13.53,13.53,213.0,BUR
2024-09-19 11:47:00,13.57,13.57,13.54,13.54,3467.0,BUR
2024-09-19 11:46:00,13.57,13.57,13.57,13.57,113.0,BUR
2024-09-19 11:45:00,13.59,13.59,13.575,13.575,1566.0,BUR
2024-09-19 11:44:00,13.59,13.595,13.59,13.59,412.0,BUR
2024-09-19 11:43:00,13.59,13.59,13.59,13.59,122.0,BUR
2024-09-19 11:40:00,13.6,13.6,13.6,13.6,383.0,BUR
2024-09-19 11:39:00,13.59,13.59,13.59,13.59,110.0,BUR
2024-09-19 11:37:00,13.61,13.61,13.61,13.61,547.0,BUR
2024-09-19 11:36:00,13.63,13.63,13.63,13.63,189.0,BUR
2024-09-19 11:35:00,13.61,13.63,13.61,13.63,1714.0,BUR
2024-09-19 11:34:00,13.595,13.6,13.59,13.59,408.0,BUR
2024-09-19 11:30:00,13.63,13.63,13.62,13.62,357.0,BUR
2024-09-19 11:29:00,13.64,13.64,13.63,13.63,1172.0,BUR
2024-09-19 11:27:00,13.6303,13.645,13.62,13.62,5770.0,BUR
2024-09-19 11:23:00,13.63,13.63,13.63,13.63,277.0,BUR
2024-09-19 11:21:00,13.6,13.63,13.6,13.63,4078.0,BUR
2024-09-19 11:15:00,13.62,13.63,13.57,13.6,5329.0,BUR
2024-09-19 11:11:00,13.6087,13.61,13.6086,13.61,1986.0,BUR
2024-09-19 11:10:00,13.6,13.63,13.6,13.61,4847.0,BUR
2024-09-19 11:08:00,13.62,13.62,13.58,13.6,2506.0,BUR
2024-09-19 11:07:00,13.6,13.63,13.6,13.63,1286.0,BUR
2024-09-19 11:05:00,13.6,13.6,13.59,13.59,618.0,BUR
2024-09-19 11:04:00,13.6,13.61,13.6,13.6,927.0,BUR
2024-09-19 11:02:00,13.56,13.58,13.56,13.58,1117.0,BUR
2024-09-19 10:57:00,13.57,13.57,13.57,13.57,282.0,BUR
2024-09-19 10:56:00,13.57,13.57,13.57,13.57,137.0,BUR
2024-09-19 10:52:00,13.6,13.6,13.59,13.59,1539.0,BUR
2024-09-19 10:48:00,13.6,13.6,13.6,13.6,107.0,BUR
2024-09-19 10:46:00,13.6,13.61,13.6,13.61,1855.0,BUR
2024-09-19 10:45:00,13.61,13.61,13.59,13.59,2101.0,BUR
2024-09-19 10:43:00,13.61,13.61,13.61,13.61,129.0,BUR
2024-09-19 10:42:00,13.63,13.64,13.61,13.61,3444.0,BUR
2024-09-19 10:41:00,13.63,13.63,13.63,13.63,100.0,BUR
2024-09-19 10:40:00,13.65,13.65,13.64,13.64,1613.0,BUR
2024-09-19 10:33:00,13.625,13.64,13.625,13.64,353.0,BUR
2024-09-19 10:31:00,13.619,13.63,13.619,13.62,1054.0,BUR
2024-09-19 10:30:00,13.61,13.62,13.6001,13.62,1721.0,BUR
2024-09-19 10:29:00,13.6,13.61,13.6,13.61,643.0,BUR
2024-09-19 10:28:00,13.58,13.58,13.57,13.57,2992.0,BUR
2024-09-19 10:27:00,13.55,13.57,13.55,13.57,877.0,BUR
2024-09-19 10:21:00,13.56,13.56,13.56,13.56,405.0,BUR
2024-09-19 10:19:00,13.56,13.56,13.55,13.56,688.0,BUR
2024-09-19 10:18:00,13.54,13.55,13.54,13.54,747.0,BUR
2024-09-19 10:14:00,13.55,13.55,13.53,13.53,1360.0,BUR
2024-09-19 10:12:00,13.6,13.6,13.54,13.54,3088.0,BUR
2024-09-19 10:09:00,13.56,13.56,13.55,13.55,973.0,BUR
2024-09-19 10:07:00,13.59,13.59,13.59,13.59,1031.0,BUR
2024-09-19 10:06:00,13.58,13.58,13.58,13.58,562.0,BUR
2024-09-19 10:05:00,13.59,13.59,13.59,13.59,156.0,BUR
2024-09-19 10:04:00,13.605,13.605,13.605,13.605,242.0,BUR
2024-09-19 10:03:00,13.6,13.6,13.6,13.6,110.0,BUR
2024-09-19 10:02:00,13.59,13.59,13.59,13.59,129.0,BUR
2024-09-19 10:01:00,13.6,13.6,13.6,13.6,425.0,BUR
2024-09-19 09:59:00,13.6,13.6,13.6,13.6,245.0,BUR
2024-09-19 09:58:00,13.65,13.65,13.63,13.63,824.0,BUR
2024-09-19 09:57:00,13.6386,13.64,13.6386,13.64,577.0,BUR
2024-09-19 09:55:00,13.62,13.64,13.62,13.64,1260.0,BUR
2024-09-19 09:54:00,13.58,13.58,13.58,13.58,550.0,BUR
2024-09-19 09:52:00,13.59,13.59,13.59,13.59,277.0,BUR
2024-09-19 09:51:00,13.586,13.586,13.586,13.586,245.0,BUR
2024-09-19 09:50:00,13.58,13.58,13.58,13.58,222.0,BUR
2024-09-19 09:46:00,13.59,13.595,13.57,13.595,4817.0,BUR
2024-09-19 09:45:00,13.6604,13.6604,13.62,13.62,2075.0,BUR
2024-09-19 09:43:00,13.65,13.67,13.65,13.66,5817.0,BUR
2024-09-19 09:41:00,13.665,13.665,13.665,13.665,100.0,BUR
2024-09-19 09:40:00,13.682,13.682,13.67,13.67,1024.0,BUR
2024-09-19 09:39:00,13.67,13.68,13.67,13.68,400.0,BUR
2024-09-19 09:37:00,13.67,13.68,13.67,13.67,469.0,BUR
2024-09-19 09:33:00,13.665,13.665,13.665,13.665,377.0,BUR
2024-09-19 09:31:00,13.69,13.72,13.69,13.72,1347.0,BUR
2024-09-19 09:30:00,13.74,13.74,13.73,13.73,7968.0,BUR
2024-09-19 09:29:00,13.71,13.71,13.71,13.71,1191.0,BUR
2024-09-19 09:27:00,13.66,13.66,13.66,13.66,800.0,BUR
2024-09-19 08:00:00,13.6017,13.6017,13.6017,13.6017,1.0,BUR
2024-09-19 07:05:00,13.69,13.69,13.69,13.69,2.0,BUR
2024-09-19 06:58:00,13.65,13.65,13.65,13.65,274.0,BUR
2024-09-19 06:43:00,13.65,13.65,13.65,13.65,1.0,BUR
2024-09-19 05:43:00,13.67,13.67,13.67,13.67,225.0,BUR
2024-09-19 05:23:00,13.62,13.62,13.62,13.62,100.0,BUR
2024-09-19 04:31:00,13.58,13.58,13.58,13.58,100.0,BUR
2024-09-19 04:17:00,13.54,13.54,13.54,13.54,25.0,BUR
2024-09-19 04:00:00,13.52,13.62,13.52,13.62,1597.0,BUR
2024-09-18 19:00:00,13.38,13.38,13.38,13.38,76816.0,BUR
2024-09-18 18:30:00,13.38,13.38,13.38,13.38,76816.0,BUR
2024-09-18 16:19:00,13.38,13.38,13.38,13.38,2.0,BUR
2024-09-18 16:10:00,13.38,13.38,13.38,13.38,76816.0,BUR
2024-09-18 16:01:00,13.38,13.38,13.38,13.38,11055.0,BUR
2024-09-18 16:00:00,13.39,13.39,13.38,13.38,163115.0,BUR
2024-09-18 15:59:00,13.36,13.4,13.36,13.39,13212.0,BUR
2024-09-18 15:58:00,13.385,13.385,13.36,13.36,6348.0,BUR
2024-09-18 15:57:00,13.375,13.38,13.365,13.38,10474.0,BUR
2024-09-18 15:56:00,13.365,13.38,13.355,13.37,8970.0,BUR
2024-09-18 15:55:00,13.35,13.365,13.35,13.36,3718.0,BUR
2024-09-18 15:54:00,13.35,13.35,13.34,13.345,2550.0,BUR
2024-09-18 15:53:00,13.34,13.36,13.34,13.36,4199.0,BUR
2024-09-18 15:52:00,13.35,13.35,13.33,13.335,1885.0,BUR
2024-09-18 15:51:00,13.34,13.37,13.34,13.36,4263.0,BUR
2024-09-18 15:50:00,13.35,13.35,13.33,13.33,915.0,BUR
2024-09-18 15:49:00,13.32,13.345,13.32,13.345,1563.0,BUR
2024-09-18 15:48:00,13.36,13.36,13.32,13.32,4970.0,BUR
2024-09-18 15:47:00,13.35,13.36,13.35,13.36,1317.0,BUR
2024-09-18 15:46:00,13.385,13.385,13.36,13.36,2308.0,BUR
2024-09-18 15:45:00,13.38,13.39,13.38,13.39,1361.0,BUR
2024-09-18 15:44:00,13.4,13.4,13.39,13.39,2601.0,BUR
2024-09-18 15:43:00,13.41,13.41,13.4,13.4,1955.0,BUR
2024-09-18 15:42:00,13.4,13.4,13.4,13.4,615.0,BUR
2024-09-18 15:41:00,13.39,13.4,13.39,13.4,516.0,BUR
2024-09-18 15:40:00,13.39,13.39,13.38,13.38,226.0,BUR
2024-09-18 15:39:00,13.41,13.41,13.4,13.4,906.0,BUR
2024-09-18 15:38:00,13.4,13.42,13.4,13.42,2548.0,BUR
2024-09-18 15:37:00,13.39,13.39,13.39,13.39,322.0,BUR
2024-09-18 15:36:00,13.4,13.4,13.4,13.4,513.0,BUR
2024-09-18 15:35:00,13.41,13.42,13.41,13.41,557.0,BUR
2024-09-18 15:34:00,13.43,13.43,13.42,13.42,1130.0,BUR
2024-09-18 15:33:00,13.46,13.46,13.44,13.44,584.0,BUR
2024-09-18 15:32:00,13.5,13.5,13.45,13.465,2564.0,BUR
2024-09-18 15:31:00,13.49,13.51,13.49,13.51,1295.0,BUR
2024-09-18 15:30:00,13.47,13.48,13.47,13.48,572.0,BUR
2024-09-18 15:29:00,13.5,13.5,13.5,13.5,849.0,BUR
2024-09-18 15:28:00,13.52,13.52,13.51,13.52,1025.0,BUR
2024-09-18 15:27:00,13.49,13.51,13.48,13.5,3759.0,BUR
2024-09-18 15:26:00,13.48,13.48,13.48,13.48,641.0,BUR
2024-09-18 15:25:00,13.45,13.47,13.44,13.47,1772.0,BUR
2024-09-18 15:24:00,13.44,13.44,13.44,13.44,634.0,BUR
2024-09-18 15:22:00,13.44,13.44,13.418,13.418,663.0,BUR
2024-09-18 15:21:00,13.42,13.43,13.4,13.43,2232.0,BUR
2024-09-18 15:20:00,13.5,13.5,13.47,13.47,904.0,BUR
2024-09-18 15:18:00,13.5,13.51,13.5,13.5,699.0,BUR
2024-09-18 15:17:00,13.485,13.485,13.485,13.485,101.0,BUR
2024-09-18 15:15:00,13.5,13.5,13.49,13.5,576.0,BUR
2024-09-18 15:14:00,13.505,13.505,13.505,13.505,132.0,BUR
2024-09-18 15:13:00,13.5,13.52,13.5,13.51,4111.0,BUR
2024-09-18 15:12:00,13.4997,13.4997,13.4997,13.4997,343.0,BUR
2024-09-18 15:11:00,13.42,13.47,13.42,13.47,1031.0,BUR
2024-09-18 15:10:00,13.405,13.405,13.405,13.405,768.0,BUR
2024-09-18 15:09:00,13.425,13.425,13.405,13.405,2290.0,BUR
2024-09-18 15:08:00,13.41,13.42,13.41,13.42,917.0,BUR
2024-09-18 15:07:00,13.42,13.42,13.41,13.42,831.0,BUR
2024-09-18 15:06:00,13.39,13.42,13.39,13.41,914.0,BUR
2024-09-18 15:05:00,13.45,13.45,13.43,13.43,577.0,BUR
2024-09-18 15:04:00,13.46,13.46,13.46,13.46,2671.0,BUR
2024-09-18 15:02:00,13.45,13.47,13.43,13.47,1348.0,BUR
2024-09-18 15:01:00,13.48,13.48,13.44,13.44,578.0,BUR
2024-09-18 15:00:00,13.48,13.5,13.48,13.5,813.0,BUR
2024-09-18 14:58:00,13.57,13.57,13.54,13.54,974.0,BUR
2024-09-18 14:56:00,13.58,13.6,13.58,13.6,698.0,BUR
2024-09-18 14:55:00,13.59,13.5987,13.59,13.5987,966.0,BUR
2024-09-18 14:54:00,13.58,13.5899,13.58,13.58,1238.0,BUR
2024-09-18 14:52:00,13.57,13.59,13.57,13.58,3020.0,BUR
2024-09-18 14:51:00,13.55,13.57,13.55,13.56,1122.0,BUR
2024-09-18 14:49:00,13.53,13.54,13.53,13.54,337.0,BUR
2024-09-18 14:48:00,13.5,13.53,13.5,13.52,2416.0,BUR
2024-09-18 14:47:00,13.51,13.51,13.49,13.49,1332.0,BUR
2024-09-18 14:46:00,13.48,13.55,13.48,13.55,5169.0,BUR
2024-09-18 14:45:00,13.44,13.46,13.42,13.46,1229.0,BUR
2024-09-18 14:44:00,13.46,13.46,13.44,13.44,1617.0,BUR
2024-09-18 14:43:00,13.46,13.46,13.43,13.445,3454.0,BUR
2024-09-18 14:42:00,13.51,13.51,13.47,13.47,1409.0,BUR
2024-09-18 14:41:00,13.55,13.55,13.49,13.49,3498.0,BUR
2024-09-18 14:40:00,13.58,13.58,13.55,13.55,1857.0,BUR
2024-09-18 14:38:00,13.5998,13.6,13.5998,13.6,1762.0,BUR
2024-09-18 14:37:00,13.55,13.6,13.5494,13.6,2600.0,BUR
2024-09-18 14:36:00,13.54,13.56,13.525,13.55,2218.0,BUR
2024-09-18 14:35:00,13.575,13.575,13.56,13.56,589.0,BUR
2024-09-18 14:33:00,13.62,13.62,13.6,13.6,1637.0,BUR
2024-09-18 14:32:00,13.59,13.6,13.59,13.6,2354.0,BUR
2024-09-18 14:31:00,13.57,13.57,13.57,13.57,3681.0,BUR
2024-09-18 14:30:00,13.58,13.58,13.58,13.58,708.0,BUR
2024-09-18 14:29:00,13.58,13.58,13.58,13.58,152.0,BUR
2024-09-18 14:28:00,13.55,13.56,13.545,13.56,1204.0,BUR
2024-09-18 14:27:00,13.53,13.53,13.53,13.53,1095.0,BUR
2024-09-18 14:26:00,13.545,13.545,13.5301,13.54,899.0,BUR
2024-09-18 14:25:00,13.54,13.54,13.54,13.54,780.0,BUR
2024-09-18 14:24:00,13.53,13.53,13.53,13.53,552.0,BUR
2024-09-18 14:23:00,13.48,13.52,13.48,13.52,583.0,BUR
2024-09-18 14:22:00,13.52,13.52,13.49,13.49,451.0,BUR
2024-09-18 14:21:00,13.55,13.55,13.54,13.54,2600.0,BUR
2024-09-18 14:20:00,13.54,13.55,13.54,13.55,354.0,BUR
2024-09-18 14:19:00,13.55,13.55,13.53,13.54,8554.0,BUR
2024-09-18 14:18:00,13.55,13.56,13.55,13.55,1460.0,BUR
2024-09-18 14:17:00,13.54,13.57,13.53,13.55,7026.0,BUR
2024-09-18 14:16:00,13.5,13.54,13.5,13.52,4280.0,BUR
2024-09-18 14:15:00,13.49,13.51,13.46,13.48,5532.0,BUR
2024-09-18 14:14:00,13.41,13.48,13.41,13.47,3022.0,BUR
2024-09-18 14:13:00,13.41,13.437,13.41,13.437,1793.0,BUR
2024-09-18 14:12:00,13.43,13.43,13.4,13.4,1839.0,BUR
2024-09-18 14:11:00,13.47,13.47,13.42,13.42,1565.0,BUR
2024-09-18 14:10:00,13.45,13.49,13.45,13.486,2254.0,BUR
2024-09-18 14:08:00,13.47,13.5,13.47,13.5,745.0,BUR
2024-09-18 14:07:00,13.52,13.52,13.49,13.51,1455.0,BUR
2024-09-18 14:06:00,13.565,13.565,13.53,13.53,1868.0,BUR
2024-09-18 14:05:00,13.58,13.6,13.58,13.6,425.0,BUR
2024-09-18 14:04:00,13.56,13.56,13.55,13.55,865.0,BUR
2024-09-18 14:02:00,13.63,13.63,13.62,13.62,1553.0,BUR
2024-09-18 14:01:00,13.59,13.67,13.58,13.62,3478.0,BUR
2024-09-18 14:00:00,13.36,13.58,13.36,13.535,8115.0,BUR
2024-09-18 13:59:00,13.38,13.38,13.37,13.37,793.0,BUR
2024-09-18 13:57:00,13.39,13.39,13.39,13.39,235.0,BUR
2024-09-18 13:56:00,13.37,13.38,13.37,13.38,398.0,BUR
2024-09-18 13:55:00,13.375,13.38,13.375,13.38,352.0,BUR
2024-09-18 13:52:00,13.38,13.38,13.38,13.38,281.0,BUR
2024-09-18 13:50:00,13.38,13.38,13.38,13.38,543.0,BUR
2024-09-18 13:46:00,13.38,13.38,13.38,13.38,103.0,BUR
2024-09-18 13:45:00,13.37,13.38,13.37,13.38,2267.0,BUR
2024-09-18 13:37:00,13.36,13.36,13.36,13.36,1064.0,BUR
2024-09-18 13:36:00,13.37,13.37,13.37,13.37,2523.0,BUR
2024-09-18 13:35:00,13.37,13.38,13.37,13.38,1288.0,BUR
2024-09-18 13:34:00,13.37,13.37,13.37,13.37,100.0,BUR
2024-09-18 13:30:00,13.37,13.37,13.37,13.37,349.0,BUR
2024-09-18 13:28:00,13.354,13.354,13.354,13.354,372.0,BUR
2024-09-18 13:27:00,13.33,13.3599,13.33,13.3599,1169.0,BUR
2024-09-18 13:24:00,13.32,13.32,13.32,13.32,810.0,BUR
2024-09-18 13:23:00,13.34,13.34,13.32,13.32,2105.0,BUR
2024-09-18 13:21:00,13.345,13.345,13.345,13.345,220.0,BUR
2024-09-18 13:17:00,13.35,13.35,13.35,13.35,339.0,BUR
2024-09-18 13:14:00,13.34,13.34,13.335,13.335,1025.0,BUR
2024-09-18 13:10:00,13.33,13.33,13.33,13.33,1584.0,BUR
2024-09-18 12:59:00,13.32,13.32,13.32,13.32,152.0,BUR
2024-09-18 12:57:00,13.32,13.32,13.32,13.32,410.0,BUR
2024-09-18 12:53:00,13.32,13.32,13.32,13.32,215.0,BUR
2024-09-18 12:37:00,13.32,13.32,13.32,13.32,143.0,BUR
2024-09-18 12:32:00,13.315,13.315,13.315,13.315,287.0,BUR
2024-09-18 12:31:00,13.34,13.34,13.32,13.32,805.0,BUR
2024-09-18 12:30:00,13.34,13.34,13.34,13.34,979.0,BUR
2024-09-18 12:28:00,13.342,13.35,13.342,13.3498,721.0,BUR
2024-09-18 12:19:00,13.34,13.34,13.34,13.34,796.0,BUR
2024-09-18 12:14:00,13.34,13.34,13.34,13.34,137.0,BUR
2024-09-18 12:12:00,13.34,13.34,13.34,13.34,303.0,BUR
2024-09-18 12:07:00,13.34,13.34,13.34,13.34,1268.0,BUR
2024-09-18 12:06:00,13.33,13.33,13.33,13.33,408.0,BUR
2024-09-18 12:04:00,13.34,13.34,13.34,13.34,126.0,BUR
2024-09-18 12:03:00,13.34,13.34,13.34,13.34,327.0,BUR
2024-09-18 11:59:00,13.37,13.37,13.36,13.36,574.0,BUR
2024-09-18 11:52:00,13.378,13.378,13.378,13.378,227.0,BUR
2024-09-18 11:46:00,13.4,13.4,13.4,13.4,549.0,BUR
2024-09-18 11:45:00,13.405,13.405,13.405,13.405,300.0,BUR
2024-09-18 11:44:00,13.405,13.405,13.405,13.405,2274.0,BUR
2024-09-18 11:40:00,13.4042,13.4042,13.4042,13.4042,990.0,BUR
2024-09-18 11:39:00,13.41,13.41,13.41,13.41,243.0,BUR
2024-09-18 11:36:00,13.414,13.42,13.414,13.42,1266.0,BUR
2024-09-18 11:35:00,13.42,13.42,13.42,13.42,887.0,BUR
2024-09-18 11:34:00,13.42,13.42,13.42,13.42,375.0,BUR
2024-09-18 11:31:00,13.42,13.42,13.42,13.42,359.0,BUR
2024-09-18 11:30:00,13.4,13.4,13.4,13.4,330.0,BUR
2024-09-18 11:29:00,13.39,13.39,13.39,13.39,1250.0,BUR
2024-09-18 11:27:00,13.38,13.38,13.38,13.38,717.0,BUR
2024-09-18 11:24:00,13.375,13.375,13.375,13.375,205.0,BUR
2024-09-18 11:23:00,13.4,13.4,13.38,13.38,1613.0,BUR
2024-09-18 11:22:00,13.42,13.42,13.4,13.4034,2498.0,BUR
2024-09-18 11:11:00,13.42,13.42,13.42,13.42,278.0,BUR
2024-09-18 11:09:00,13.41,13.415,13.41,13.415,1293.0,BUR
2024-09-18 11:08:00,13.4,13.4,13.4,13.4,705.0,BUR
2024-09-18 11:05:00,13.43,13.43,13.42,13.42,1329.0,BUR
2024-09-18 11:01:00,13.44,13.45,13.43,13.43,4061.0,BUR
2024-09-18 10:59:00,13.435,13.435,13.43,13.43,991.0,BUR
2024-09-18 10:54:00,13.43,13.43,13.4266,13.4266,1057.0,BUR
2024-09-18 10:53:00,13.43,13.43,13.43,13.43,878.0,BUR
2024-09-18 10:52:00,13.43,13.43,13.43,13.43,1343.0,BUR
2024-09-18 10:41:00,13.43,13.43,13.43,13.43,877.0,BUR
2024-09-18 10:40:00,13.41,13.41,13.41,13.41,864.0,BUR
2024-09-18 10:39:00,13.41,13.41,13.41,13.41,270.0,BUR
2024-09-18 10:38:00,13.3901,13.3901,13.3901,13.3901,703.0,BUR
2024-09-18 10:34:00,13.39,13.39,13.39,13.39,2000.0,BUR
2024-09-18 10:31:00,13.42,13.42,13.409,13.409,805.0,BUR
2024-09-18 10:30:00,13.44,13.44,13.42,13.4201,1414.0,BUR
2024-09-18 10:29:00,13.44,13.45,13.44,13.45,1108.0,BUR
2024-09-18 10:28:00,13.42,13.43,13.42,13.43,1939.0,BUR
2024-09-18 10:27:00,13.41,13.41,13.41,13.41,205.0,BUR
2024-09-18 10:26:00,13.41,13.41,13.41,13.41,506.0,BUR
2024-09-18 10:25:00,13.42,13.42,13.42,13.42,107.0,BUR
2024-09-18 10:23:00,13.425,13.425,13.425,13.425,100.0,BUR
2024-09-18 10:20:00,13.44,13.44,13.44,13.44,845.0,BUR
2024-09-18 10:16:00,13.49,13.49,13.46,13.46,1952.0,BUR
2024-09-18 10:15:00,13.49,13.49,13.49,13.49,415.0,BUR
2024-09-18 10:14:00,13.48,13.48,13.48,13.48,327.0,BUR
2024-09-18 10:12:00,13.49,13.49,13.49,13.49,246.0,BUR
2024-09-18 10:09:00,13.51,13.51,13.48,13.49,1790.0,BUR
2024-09-18 10:08:00,13.5,13.51,13.5,13.51,1709.0,BUR
2024-09-18 10:06:00,13.5,13.5,13.5,13.5,236.0,BUR
2024-09-18 10:04:00,13.5,13.5,13.5,13.5,231.0,BUR
2024-09-18 10:00:00,13.5,13.5,13.485,13.485,1257.0,BUR
2024-09-18 09:58:00,13.52,13.52,13.52,13.52,224.0,BUR
2024-09-18 09:56:00,13.515,13.515,13.515,13.515,290.0,BUR
2024-09-18 09:55:00,13.52,13.52,13.52,13.52,200.0,BUR
2024-09-18 09:54:00,13.5299,13.5299,13.5299,13.5299,239.0,BUR
2024-09-18 09:52:00,13.52,13.52,13.52,13.52,108.0,BUR
2024-09-18 09:49:00,13.52,13.52,13.52,13.52,140.0,BUR
2024-09-18 09:47:00,13.48,13.5,13.48,13.5,4454.0,BUR
2024-09-18 09:45:00,13.49,13.49,13.48,13.48,1612.0,BUR
2024-09-18 09:43:00,13.49,13.49,13.48,13.48,904.0,BUR
2024-09-18 09:30:00,13.44,13.45,13.44,13.45,2094.0,BUR
2024-09-18 09:25:00,13.47,13.47,13.47,13.47,130.0,BUR
2024-09-18 09:23:00,13.47,13.47,13.47,13.47,17.0,BUR
2024-09-18 09:22:00,13.48,13.48,13.48,13.48,43.0,BUR
2024-09-18 09:17:00,13.47,13.49,13.47,13.49,298.0,BUR
2024-09-18 07:00:00,13.36,13.38,13.36,13.38,940.0,BUR
2024-09-18 06:51:00,13.37,13.37,13.37,13.37,8.0,BUR
2024-09-18 06:46:00,13.37,13.37,13.37,13.37,968.0,BUR
2024-09-17 19:00:00,13.44,13.44,13.44,13.44,84702.0,BUR
2024-09-17 18:30:00,13.44,13.44,13.44,13.44,84702.0,BUR
2024-09-17 16:10:00,13.44,13.44,13.44,13.44,84702.0,BUR
2024-09-17 16:01:00,13.44,13.44,13.44,13.44,12290.0,BUR
2024-09-17 16:00:00,13.45,13.45,13.44,13.44,174239.0,BUR
2024-09-17 15:59:00,13.47,13.475,13.43,13.45,22662.0,BUR
2024-09-17 15:58:00,13.46,13.48,13.45,13.475,14253.0,BUR
2024-09-17 15:57:00,13.46,13.4691,13.46,13.4691,4286.0,BUR
2024-09-17 15:56:00,13.465,13.47,13.46,13.465,3063.0,BUR
2024-09-17 15:55:00,13.465,13.47,13.46,13.465,2893.0,BUR
2024-09-17 15:54:00,13.46,13.47,13.455,13.47,5652.0,BUR
2024-09-17 15:53:00,13.45,13.455,13.45,13.455,1233.0,BUR
2024-09-17 15:52:00,13.455,13.46,13.455,13.455,1086.0,BUR
2024-09-17 15:51:00,13.43,13.455,13.425,13.455,5494.0,BUR
2024-09-17 15:50:00,13.455,13.455,13.43,13.43,7628.0,BUR
2024-09-17 15:49:00,13.455,13.455,13.45,13.455,797.0,BUR
2024-09-17 15:48:00,13.455,13.46,13.455,13.46,1013.0,BUR
2024-09-17 15:47:00,13.45,13.455,13.45,13.455,1184.0,BUR
2024-09-17 15:46:00,13.45,13.46,13.445,13.455,1780.0,BUR
2024-09-17 15:45:00,13.435,13.45,13.43,13.45,3101.0,BUR
2024-09-17 15:44:00,13.44,13.445,13.431,13.435,1411.0,BUR
2024-09-17 15:43:00,13.45,13.45,13.44,13.44,1871.0,BUR
2024-09-17 15:42:00,13.46,13.46,13.455,13.455,838.0,BUR
2024-09-17 15:41:00,13.46,13.46,13.45,13.452,1402.0,BUR
2024-09-17 15:40:00,13.465,13.465,13.455,13.46,1384.0,BUR
2024-09-17 15:39:00,13.445,13.465,13.445,13.465,2600.0,BUR
2024-09-17 15:38:00,13.445,13.45,13.44,13.445,1206.0,BUR
2024-09-17 15:37:00,13.45,13.455,13.445,13.445,3048.0,BUR
2024-09-17 15:36:00,13.465,13.465,13.44,13.45,2992.0,BUR
2024-09-17 15:35:00,13.48,13.485,13.46,13.465,3517.0,BUR
2024-09-17 15:32:00,13.49,13.495,13.49,13.49,1830.0,BUR
2024-09-17 15:31:00,13.495,13.495,13.49,13.49,620.0,BUR
2024-09-17 15:30:00,13.5,13.5,13.491,13.491,618.0,BUR
2024-09-17 15:28:00,13.5,13.505,13.5,13.505,460.0,BUR
2024-09-17 15:26:00,13.505,13.505,13.5003,13.505,847.0,BUR
2024-09-17 15:25:00,13.5,13.51,13.5,13.51,1184.0,BUR
2024-09-17 15:23:00,13.51,13.51,13.49,13.5,1763.0,BUR
2024-09-17 15:22:00,13.5196,13.5196,13.5196,13.5196,420.0,BUR
2024-09-17 15:21:00,13.5101,13.515,13.5101,13.515,1487.0,BUR
2024-09-17 15:20:00,13.52,13.525,13.52,13.52,925.0,BUR
2024-09-17 15:19:00,13.53,13.53,13.5299,13.53,956.0,BUR
2024-09-17 15:18:00,13.52,13.52,13.511,13.52,2248.0,BUR
2024-09-17 15:15:00,13.53,13.53,13.53,13.53,217.0,BUR
2024-09-17 15:14:00,13.53,13.53,13.5295,13.53,2182.0,BUR
2024-09-17 15:13:00,13.52,13.53,13.52,13.53,233.0,BUR
2024-09-17 15:12:00,13.53,13.53,13.5299,13.53,1691.0,BUR
2024-09-17 15:10:00,13.53,13.53,13.53,13.53,133.0,BUR
2024-09-17 15:09:00,13.52,13.52,13.52,13.52,151.0,BUR
2024-09-17 15:08:00,13.53,13.53,13.52,13.52,1188.0,BUR
2024-09-17 15:07:00,13.54,13.54,13.54,13.54,270.0,BUR
2024-09-17 15:06:00,13.54,13.54,13.54,13.54,945.0,BUR
2024-09-17 15:04:00,13.545,13.545,13.545,13.545,128.0,BUR
2024-09-17 15:02:00,13.55,13.55,13.55,13.55,2327.0,BUR
2024-09-17 15:00:00,13.54,13.54,13.54,13.54,145.0,BUR
2024-09-17 14:58:00,13.5428,13.5428,13.5428,13.5428,273.0,BUR
2024-09-17 14:57:00,13.55,13.55,13.55,13.55,484.0,BUR
2024-09-17 14:56:00,13.545,13.545,13.545,13.545,224.0,BUR
2024-09-17 14:55:00,13.54,13.54,13.54,13.54,375.0,BUR
2024-09-17 14:54:00,13.53,13.54,13.53,13.54,2400.0,BUR
2024-09-17 14:52:00,13.53,13.53,13.53,13.53,174.0,BUR
2024-09-17 14:51:00,13.52,13.52,13.52,13.52,359.0,BUR
2024-09-17 14:49:00,13.52,13.53,13.52,13.53,1869.0,BUR
2024-09-17 14:48:00,13.53,13.53,13.52,13.52,3354.0,BUR
2024-09-17 14:43:00,13.54,13.55,13.54,13.54,434.0,BUR
2024-09-17 14:42:00,13.53,13.53,13.53,13.53,239.0,BUR
2024-09-17 14:40:00,13.53,13.53,13.53,13.53,516.0,BUR
2024-09-17 14:39:00,13.535,13.545,13.535,13.54,1440.0,BUR
2024-09-17 14:38:00,13.54,13.54,13.54,13.54,531.0,BUR
2024-09-17 14:36:00,13.53,13.53,13.53,13.53,1109.0,BUR
2024-09-17 14:35:00,13.53,13.53,13.53,13.53,1193.0,BUR
2024-09-17 14:33:00,13.51,13.52,13.51,13.52,218.0,BUR
2024-09-17 14:30:00,13.52,13.52,13.52,13.52,641.0,BUR
2024-09-17 14:28:00,13.52,13.53,13.52,13.53,464.0,BUR
2024-09-17 14:27:00,13.52,13.53,13.52,13.53,1511.0,BUR
2024-09-17 14:24:00,13.52,13.52,13.51,13.51,350.0,BUR
2024-09-17 14:23:00,13.5191,13.5191,13.5191,13.5191,195.0,BUR
2024-09-17 14:21:00,13.51,13.51,13.51,13.51,718.0,BUR
2024-09-17 14:20:00,13.5,13.5,13.49,13.49,404.0,BUR
2024-09-17 14:19:00,13.5,13.51,13.5,13.5,1621.0,BUR
2024-09-17 14:17:00,13.51,13.51,13.51,13.51,310.0,BUR
2024-09-17 14:16:00,13.505,13.505,13.5,13.5,502.0,BUR
2024-09-17 14:15:00,13.5,13.5,13.5,13.5,200.0,BUR
2024-09-17 14:13:00,13.51,13.51,13.51,13.51,531.0,BUR
2024-09-17 14:10:00,13.53,13.53,13.52,13.52,947.0,BUR
2024-09-17 14:09:00,13.53,13.53,13.53,13.53,174.0,BUR
2024-09-17 14:07:00,13.53,13.53,13.53,13.53,148.0,BUR
2024-09-17 14:05:00,13.54,13.54,13.54,13.54,1200.0,BUR
2024-09-17 14:04:00,13.56,13.56,13.54,13.54,684.0,BUR
2024-09-17 14:03:00,13.55,13.55,13.55,13.55,271.0,BUR
2024-09-17 14:02:00,13.56,13.56,13.55,13.55,2050.0,BUR
2024-09-17 13:58:00,13.55,13.55,13.55,13.55,330.0,BUR
2024-09-17 13:56:00,13.54,13.54,13.54,13.54,306.0,BUR
2024-09-17 13:54:00,13.55,13.55,13.55,13.55,323.0,BUR
2024-09-17 13:53:00,13.54,13.55,13.54,13.55,1671.0,BUR
2024-09-17 13:50:00,13.54,13.54,13.54,13.54,100.0,BUR
2024-09-17 13:49:00,13.53,13.53,13.53,13.53,311.0,BUR
2024-09-17 13:48:00,13.53,13.53,13.52,13.52,2348.0,BUR
2024-09-17 13:47:00,13.52,13.52,13.52,13.52,127.0,BUR
2024-09-17 13:44:00,13.51,13.51,13.51,13.51,111.0,BUR
2024-09-17 13:43:00,13.51,13.51,13.51,13.51,276.0,BUR
2024-09-17 13:42:00,13.53,13.53,13.53,13.53,111.0,BUR
2024-09-17 13:41:00,13.52,13.53,13.52,13.53,1678.0,BUR
2024-09-17 13:40:00,13.53,13.54,13.53,13.53,1148.0,BUR
2024-09-17 13:36:00,13.52,13.54,13.52,13.54,1336.0,BUR
2024-09-17 13:34:00,13.52,13.52,13.52,13.52,100.0,BUR
2024-09-17 13:33:00,13.52,13.52,13.52,13.52,2032.0,BUR
2024-09-17 13:32:00,13.52,13.52,13.52,13.52,401.0,BUR
2024-09-17 13:31:00,13.52,13.53,13.52,13.53,201.0,BUR
2024-09-17 13:30:00,13.51,13.52,13.51,13.52,799.0,BUR
2024-09-17 13:28:00,13.5,13.52,13.5,13.515,1484.0,BUR
2024-09-17 13:24:00,13.51,13.51,13.51,13.51,398.0,BUR
2024-09-17 13:22:00,13.5,13.5,13.5,13.5,549.0,BUR
2024-09-17 13:20:00,13.5,13.5,13.5,13.5,475.0,BUR
2024-09-17 13:19:00,13.4791,13.49,13.4791,13.49,1015.0,BUR
2024-09-17 13:15:00,13.47,13.47,13.47,13.47,386.0,BUR
2024-09-17 13:14:00,13.49,13.49,13.49,13.49,128.0,BUR
2024-09-17 13:13:00,13.48,13.49,13.48,13.49,232.0,BUR
2024-09-17 13:12:00,13.47,13.47,13.47,13.47,431.0,BUR
2024-09-17 13:11:00,13.47,13.47,13.46,13.46,1116.0,BUR
2024-09-17 13:10:00,13.48,13.48,13.48,13.48,840.0,BUR
2024-09-17 13:08:00,13.4698,13.48,13.4698,13.48,1910.0,BUR
2024-09-17 13:06:00,13.47,13.47,13.47,13.47,920.0,BUR
2024-09-17 13:05:00,13.48,13.48,13.48,13.48,235.0,BUR
2024-09-17 13:02:00,13.48,13.48,13.48,13.48,547.0,BUR
2024-09-17 13:01:00,13.48,13.48,13.48,13.48,1834.0,BUR
2024-09-17 13:00:00,13.46,13.47,13.46,13.47,1100.0,BUR
2024-09-17 12:59:00,13.45,13.46,13.445,13.46,1164.0,BUR
2024-09-17 12:57:00,13.46,13.46,13.45,13.45,621.0,BUR
2024-09-17 12:56:00,13.47,13.47,13.46,13.46,717.0,BUR
2024-09-17 12:55:00,13.4781,13.5,13.4781,13.48,5624.0,BUR
2024-09-17 12:54:00,13.465,13.47,13.4603,13.47,1553.0,BUR
2024-09-17 12:53:00,13.45,13.47,13.45,13.47,695.0,BUR
2024-09-17 12:52:00,13.44,13.45,13.44,13.45,326.0,BUR
2024-09-17 12:51:00,13.44,13.45,13.44,13.45,1851.0,BUR
2024-09-17 12:49:00,13.46,13.46,13.43,13.43,272.0,BUR
2024-09-17 12:47:00,13.49,13.49,13.48,13.48,774.0,BUR
2024-09-17 12:46:00,13.495,13.495,13.495,13.495,108.0,BUR
2024-09-17 12:45:00,13.49,13.5,13.49,13.5,1016.0,BUR
2024-09-17 12:43:00,13.5,13.5,13.5,13.5,812.0,BUR
2024-09-17 12:41:00,13.52,13.52,13.52,13.52,140.0,BUR
2024-09-17 12:39:00,13.52,13.52,13.5193,13.5193,418.0,BUR
2024-09-17 12:38:00,13.47,13.51,13.47,13.51,5898.0,BUR
2024-09-17 12:37:00,13.475,13.475,13.475,13.475,336.0,BUR
2024-09-17 12:36:00,13.475,13.475,13.475,13.475,127.0,BUR
2024-09-17 12:34:00,13.47,13.475,13.47,13.475,464.0,BUR
2024-09-17 12:33:00,13.48,13.48,13.48,13.48,274.0,BUR
2024-09-17 12:32:00,13.48,13.48,13.48,13.48,2517.0,BUR
2024-09-17 12:31:00,13.475,13.48,13.475,13.48,941.0,BUR
2024-09-17 12:30:00,13.475,13.48,13.475,13.48,320.0,BUR
2024-09-17 12:28:00,13.48,13.48,13.48,13.48,746.0,BUR
2024-09-17 12:27:00,13.47,13.47,13.47,13.47,224.0,BUR
2024-09-17 12:26:00,13.47,13.475,13.465,13.465,1602.0,BUR
2024-09-17 12:25:00,13.48,13.48,13.475,13.475,1047.0,BUR
2024-09-17 12:24:00,13.46,13.465,13.46,13.465,300.0,BUR
2024-09-17 12:23:00,13.475,13.475,13.465,13.465,1836.0,BUR
2024-09-17 12:22:00,13.475,13.475,13.475,13.475,118.0,BUR
2024-09-17 12:21:00,13.48,13.48,13.475,13.48,2887.0,BUR
2024-09-17 12:19:00,13.48,13.48,13.4714,13.4714,313.0,BUR
2024-09-17 12:18:00,13.47,13.47,13.465,13.47,768.0,BUR
2024-09-17 12:17:00,13.48,13.48,13.48,13.48,870.0,BUR
2024-09-17 12:16:00,13.48,13.48,13.48,13.48,279.0,BUR
2024-09-17 12:15:00,13.49,13.49,13.49,13.49,239.0,BUR
2024-09-17 12:14:00,13.496,13.496,13.496,13.496,952.0,BUR
2024-09-17 12:12:00,13.52,13.52,13.5,13.5,1601.0,BUR
2024-09-17 12:11:00,13.52,13.52,13.52,13.52,128.0,BUR
2024-09-17 12:10:00,13.52,13.52,13.52,13.52,696.0,BUR
2024-09-17 12:09:00,13.51,13.51,13.51,13.51,1194.0,BUR
2024-09-17 12:04:00,13.52,13.52,13.52,13.52,511.0,BUR
2024-09-17 12:03:00,13.53,13.53,13.53,13.53,759.0,BUR
2024-09-17 12:02:00,13.51,13.5175,13.51,13.515,598.0,BUR
2024-09-17 12:01:00,13.5,13.5,13.495,13.5,7086.0,BUR
2024-09-17 11:57:00,13.51,13.51,13.5,13.5,354.0,BUR
2024-09-17 11:56:00,13.5,13.5,13.5,13.5,225.0,BUR
2024-09-17 11:55:00,13.52,13.52,13.52,13.52,957.0,BUR
2024-09-17 11:53:00,13.54,13.54,13.54,13.54,878.0,BUR
2024-09-17 11:52:00,13.545,13.545,13.545,13.545,384.0,BUR
2024-09-17 11:51:00,13.56,13.56,13.555,13.555,987.0,BUR
2024-09-17 11:50:00,13.57,13.57,13.57,13.57,381.0,BUR
2024-09-17 11:49:00,13.57,13.57,13.57,13.57,140.0,BUR
2024-09-17 11:48:00,13.56,13.56,13.56,13.56,789.0,BUR
2024-09-17 11:47:00,13.55,13.55,13.55,13.55,265.0,BUR
2024-09-17 11:45:00,13.56,13.56,13.55,13.55,533.0,BUR
2024-09-17 11:43:00,13.55,13.55,13.55,13.55,748.0,BUR
2024-09-17 11:42:00,13.55,13.58,13.55,13.56,3265.0,BUR
2024-09-17 11:40:00,13.55,13.55,13.54,13.54,1167.0,BUR
2024-09-17 11:39:00,13.54,13.54,13.54,13.54,133.0,BUR
2024-09-17 11:38:00,13.53,13.53,13.53,13.53,350.0,BUR
2024-09-17 11:37:00,13.52,13.52,13.52,13.52,237.0,BUR
2024-09-17 11:36:00,13.51,13.51,13.51,13.51,767.0,BUR
2024-09-17 11:35:00,13.51,13.51,13.51,13.51,631.0,BUR
2024-09-17 11:34:00,13.52,13.52,13.51,13.51,650.0,BUR
2024-09-17 11:32:00,13.52,13.52,13.52,13.52,100.0,BUR
2024-09-17 11:30:00,13.51,13.51,13.51,13.51,258.0,BUR
2024-09-17 11:29:00,13.5,13.515,13.48,13.51,3729.0,BUR
2024-09-17 11:25:00,13.51,13.52,13.47,13.48,4195.0,BUR
2024-09-17 11:24:00,13.52,13.52,13.52,13.52,120.0,BUR
2024-09-17 11:23:00,13.51,13.52,13.51,13.51,1472.0,BUR
2024-09-17 11:22:00,13.5,13.51,13.5,13.51,501.0,BUR
2024-09-17 11:21:00,13.5,13.5,13.48,13.49,2046.0,BUR
2024-09-17 11:20:00,13.52,13.52,13.51,13.51,350.0,BUR
2024-09-17 11:19:00,13.51,13.51,13.51,13.51,312.0,BUR
2024-09-17 11:18:00,13.5,13.525,13.5,13.5,3162.0,BUR
2024-09-17 11:15:00,13.49,13.49,13.49,13.49,2195.0,BUR
2024-09-17 11:14:00,13.44,13.49,13.44,13.49,6613.0,BUR
2024-09-17 11:13:00,13.452,13.452,13.452,13.452,119.0,BUR
2024-09-17 11:11:00,13.46,13.46,13.46,13.46,244.0,BUR
2024-09-17 11:07:00,13.45,13.45,13.45,13.45,155.0,BUR
2024-09-17 11:06:00,13.43,13.44,13.43,13.44,1395.0,BUR
2024-09-17 11:05:00,13.45,13.45,13.43,13.43,6978.0,BUR
2024-09-17 11:04:00,13.45,13.45,13.45,13.45,338.0,BUR
2024-09-17 11:03:00,13.45,13.46,13.45,13.46,4317.0,BUR
2024-09-17 11:02:00,13.44,13.44,13.44,13.44,462.0,BUR
2024-09-17 11:01:00,13.43,13.43,13.43,13.43,1828.0,BUR
2024-09-17 11:00:00,13.43,13.43,13.43,13.43,2634.0,BUR
2024-09-17 10:59:00,13.41,13.43,13.41,13.43,1224.0,BUR
2024-09-17 10:58:00,13.41,13.41,13.41,13.41,206.0,BUR
2024-09-17 10:57:00,13.42,13.43,13.42,13.42,710.0,BUR
2024-09-17 10:56:00,13.42,13.42,13.42,13.42,588.0,BUR
2024-09-17 10:55:00,13.4299,13.43,13.4299,13.43,950.0,BUR
2024-09-17 10:54:00,13.43,13.43,13.43,13.43,330.0,BUR
2024-09-17 10:53:00,13.44,13.44,13.44,13.44,105.0,BUR
2024-09-17 10:52:00,13.44,13.44,13.44,13.44,205.0,BUR
2024-09-17 10:51:00,13.43,13.44,13.43,13.44,480.0,BUR
2024-09-17 10:50:00,13.4401,13.45,13.42,13.42,3763.0,BUR
2024-09-17 10:49:00,13.43,13.45,13.43,13.45,1286.0,BUR
2024-09-17 10:47:00,13.43,13.43,13.43,13.43,214.0,BUR
2024-09-17 10:46:00,13.44,13.44,13.43,13.43,201.0,BUR
2024-09-17 10:45:00,13.4,13.44,13.4,13.44,3132.0,BUR
2024-09-17 10:41:00,13.39,13.39,13.39,13.39,144.0,BUR
2024-09-17 10:40:00,13.39,13.39,13.39,13.39,318.0,BUR
2024-09-17 10:39:00,13.37,13.39,13.37,13.39,5349.0,BUR
2024-09-17 10:38:00,13.39,13.39,13.38,13.38,829.0,BUR
2024-09-17 10:35:00,13.36,13.38,13.36,13.38,542.0,BUR
2024-09-17 10:34:00,13.36,13.36,13.36,13.36,100.0,BUR
2024-09-17 10:33:00,13.37,13.37,13.36,13.36,1592.0,BUR
2024-09-17 10:31:00,13.355,13.37,13.355,13.37,1306.0,BUR
2024-09-17 10:30:00,13.35,13.36,13.35,13.36,754.0,BUR
2024-09-17 10:29:00,13.36,13.365,13.34,13.34,1631.0,BUR
2024-09-17 10:28:00,13.39,13.39,13.36,13.36,1635.0,BUR
2024-09-17 10:27:00,13.39,13.395,13.39,13.39,2115.0,BUR
2024-09-17 10:26:00,13.39,13.39,13.385,13.385,3095.0,BUR
2024-09-17 10:25:00,13.38,13.3803,13.38,13.3803,1077.0,BUR
2024-09-17 10:24:00,13.375,13.375,13.37,13.37,521.0,BUR
2024-09-17 10:23:00,13.37,13.375,13.37,13.375,482.0,BUR
2024-09-17 10:21:00,13.38,13.38,13.37,13.37,305.0,BUR
2024-09-17 10:20:00,13.38,13.38,13.37,13.37,706.0,BUR
2024-09-17 10:19:00,13.37,13.385,13.37,13.385,1905.0,BUR
2024-09-17 10:18:00,13.37,13.375,13.37,13.375,3293.0,BUR
2024-09-17 10:17:00,13.37,13.37,13.37,13.37,625.0,BUR
2024-09-17 10:16:00,13.37,13.37,13.37,13.37,244.0,BUR
2024-09-17 10:15:00,13.37,13.37,13.37,13.37,689.0,BUR
2024-09-17 10:14:00,13.37,13.37,13.37,13.37,357.0,BUR
2024-09-17 10:13:00,13.38,13.38,13.34,13.35,3346.0,BUR
2024-09-17 10:12:00,13.38,13.38,13.38,13.38,219.0,BUR
2024-09-17 10:11:00,13.36,13.37,13.36,13.37,766.0,BUR
2024-09-17 10:08:00,13.38,13.38,13.36,13.36,1721.0,BUR
2024-09-17 10:07:00,13.37,13.39,13.37,13.39,3886.0,BUR
2024-09-17 10:06:00,13.36,13.36,13.35,13.36,1788.0,BUR
2024-09-17 10:05:00,13.37,13.37,13.36,13.36,665.0,BUR
2024-09-17 10:04:00,13.3515,13.37,13.3515,13.37,831.0,BUR
2024-09-17 10:01:00,13.37,13.37,13.37,13.37,200.0,BUR
2024-09-17 10:00:00,13.36,13.36,13.36,13.36,575.0,BUR
2024-09-17 09:59:00,13.3446,13.3446,13.3446,13.3446,304.0,BUR
2024-09-17 09:58:00,13.36,13.36,13.34,13.345,818.0,BUR
2024-09-17 09:57:00,13.36,13.36,13.36,13.36,262.0,BUR
2024-09-17 09:55:00,13.375,13.375,13.375,13.375,102.0,BUR
2024-09-17 09:53:00,13.38,13.39,13.38,13.39,947.0,BUR
2024-09-17 09:52:00,13.38,13.39,13.37,13.39,3289.0,BUR
2024-09-17 09:51:00,13.38,13.39,13.38,13.38,2488.0,BUR
2024-09-17 09:50:00,13.37,13.37,13.37,13.37,127.0,BUR
2024-09-17 09:49:00,13.37,13.38,13.37,13.37,1257.0,BUR
2024-09-17 09:48:00,13.36,13.36,13.35,13.36,4035.0,BUR
2024-09-17 09:45:00,13.35,13.38,13.35,13.38,629.0,BUR
2024-09-17 09:43:00,13.38,13.38,13.35,13.35,1387.0,BUR
2024-09-17 09:42:00,13.38,13.38,13.38,13.38,258.0,BUR
2024-09-17 09:41:00,13.392,13.392,13.39,13.39,471.0,BUR
2024-09-17 09:40:00,13.39,13.39,13.39,13.39,228.0,BUR
2024-09-17 09:38:00,13.38,13.39,13.38,13.385,4785.0,BUR
2024-09-17 09:36:00,13.36,13.37,13.36,13.37,475.0,BUR
2024-09-17 09:35:00,13.3259,13.3259,13.3259,13.3259,265.0,BUR
2024-09-17 09:33:00,13.37,13.37,13.37,13.37,117.0,BUR
2024-09-17 09:32:00,13.32,13.345,13.32,13.345,223.0,BUR
2024-09-17 09:31:00,13.37,13.37,13.35,13.35,1100.0,BUR
2024-09-17 09:30:00,13.38,13.39,13.38,13.39,6261.0,BUR
2024-09-17 09:29:00,13.35,13.36,13.35,13.36,138.0,BUR
2024-09-17 09:28:00,13.35,13.35,13.35,13.35,200.0,BUR
2024-09-17 09:27:00,13.35,13.35,13.35,13.35,362.0,BUR
2024-09-17 09:17:00,13.33,13.34,13.33,13.33,385.0,BUR
2024-09-17 05:55:00,13.26,13.26,13.26,13.26,300.0,BUR
2024-09-16 19:00:00,13.24,13.24,13.24,13.24,61057.0,BUR
2024-09-16 18:30:00,13.24,13.24,13.24,13.24,61057.0,BUR
2024-09-16 17:36:00,13.24,13.24,13.24,13.24,4.0,BUR
2024-09-16 16:10:00,13.24,13.24,13.24,13.24,61057.0,BUR
2024-09-16 16:01:00,13.24,13.24,13.24,13.24,7509.0,BUR
2024-09-16 16:00:00,13.22,13.24,13.22,13.24,133660.0,BUR
2024-09-16 15:59:00,13.25,13.25,13.22,13.22,28410.0,BUR
2024-09-16 15:58:00,13.265,13.27,13.25,13.25,7529.0,BUR
2024-09-16 15:57:00,13.255,13.275,13.255,13.265,8294.0,BUR
2024-09-16 15:56:00,13.25,13.26,13.25,13.26,1692.0,BUR
2024-09-16 15:55:00,13.26,13.26,13.255,13.26,6321.0,BUR
2024-09-16 15:54:00,13.25,13.28,13.25,13.265,5323.0,BUR
2024-09-16 15:53:00,13.255,13.26,13.25,13.25,637.0,BUR
2024-09-16 15:52:00,13.265,13.265,13.255,13.26,1907.0,BUR
2024-09-16 15:51:00,13.25,13.27,13.25,13.27,1910.0,BUR
2024-09-16 15:50:00,13.241,13.25,13.241,13.245,2183.0,BUR
2024-09-16 15:49:00,13.24,13.25,13.23,13.245,2955.0,BUR
2024-09-16 15:48:00,13.23,13.245,13.23,13.24,2630.0,BUR
2024-09-16 15:47:00,13.24,13.24,13.24,13.24,420.0,BUR
2024-09-16 15:46:00,13.23,13.235,13.23,13.235,891.0,BUR
2024-09-16 15:45:00,13.23,13.23,13.22,13.22,905.0,BUR
2024-09-16 15:44:00,13.221,13.23,13.221,13.23,1075.0,BUR
2024-09-16 15:43:00,13.22,13.225,13.22,13.22,5534.0,BUR
2024-09-16 15:42:00,13.22,13.225,13.22,13.225,278.0,BUR
2024-09-16 15:41:00,13.225,13.23,13.22,13.22,560.0,BUR
2024-09-16 15:40:00,13.23,13.23,13.23,13.23,115.0,BUR
2024-09-16 15:39:00,13.22,13.225,13.22,13.225,2249.0,BUR
2024-09-16 15:38:00,13.21,13.211,13.21,13.211,618.0,BUR
2024-09-16 15:37:00,13.215,13.215,13.21,13.215,412.0,BUR
2024-09-16 15:35:00,13.22,13.22,13.22,13.22,846.0,BUR
2024-09-16 15:34:00,13.2202,13.225,13.2202,13.225,1091.0,BUR
2024-09-16 15:33:00,13.23,13.23,13.23,13.23,2878.0,BUR
2024-09-16 15:30:00,13.22,13.23,13.21,13.23,5137.0,BUR
2024-09-16 15:29:00,13.21,13.221,13.21,13.221,3092.0,BUR
2024-09-16 15:28:00,13.21,13.21,13.2,13.21,526.0,BUR
2024-09-16 15:26:00,13.22,13.22,13.2,13.2,396.0,BUR
2024-09-16 15:25:00,13.22,13.22,13.22,13.22,100.0,BUR
2024-09-16 15:24:00,13.21,13.22,13.2,13.22,396.0,BUR
2024-09-16 15:23:00,13.21,13.21,13.21,13.21,254.0,BUR
2024-09-16 15:21:00,13.22,13.22,13.22,13.22,111.0,BUR
2024-09-16 15:18:00,13.18,13.2,13.18,13.19,4564.0,BUR
2024-09-16 15:17:00,13.18,13.18,13.18,13.18,142.0,BUR
2024-09-16 15:16:00,13.18,13.18,13.18,13.18,237.0,BUR
2024-09-16 15:15:00,13.19,13.19,13.181,13.181,1567.0,BUR
2024-09-16 15:14:00,13.2,13.2,13.19,13.19,1147.0,BUR
2024-09-16 15:12:00,13.21,13.21,13.21,13.21,269.0,BUR
2024-09-16 15:11:00,13.2,13.21,13.2,13.21,335.0,BUR
2024-09-16 15:10:00,13.21,13.21,13.21,13.21,261.0,BUR
2024-09-16 15:09:00,13.21,13.21,13.21,13.21,485.0,BUR
2024-09-16 15:06:00,13.21,13.21,13.21,13.21,265.0,BUR
2024-09-16 15:05:00,13.21,13.21,13.21,13.21,1336.0,BUR
2024-09-16 15:04:00,13.21,13.21,13.21,13.21,231.0,BUR
2024-09-16 15:03:00,13.225,13.225,13.21,13.21,2897.0,BUR
2024-09-16 15:02:00,13.23,13.23,13.225,13.225,695.0,BUR
2024-09-16 15:01:00,13.23,13.23,13.23,13.23,1326.0,BUR
2024-09-16 15:00:00,13.23,13.23,13.23,13.23,454.0,BUR
2024-09-16 14:59:00,13.23,13.23,13.23,13.23,722.0,BUR
2024-09-16 14:58:00,13.23,13.24,13.23,13.24,240.0,BUR
2024-09-16 14:56:00,13.23,13.24,13.23,13.24,207.0,BUR
2024-09-16 14:54:00,13.24,13.24,13.23,13.23,206.0,BUR
2024-09-16 14:53:00,13.23,13.23,13.23,13.23,172.0,BUR
2024-09-16 14:51:00,13.23,13.23,13.23,13.23,178.0,BUR
2024-09-16 14:50:00,13.24,13.24,13.24,13.24,304.0,BUR
2024-09-16 14:46:00,13.23,13.23,13.23,13.23,283.0,BUR
2024-09-16 14:45:00,13.23,13.23,13.23,13.23,106.0,BUR
2024-09-16 14:44:00,13.24,13.24,13.24,13.24,1341.0,BUR
2024-09-16 14:42:00,13.25,13.25,13.25,13.25,369.0,BUR
2024-09-16 14:38:00,13.26,13.26,13.25,13.25,443.0,BUR
2024-09-16 14:34:00,13.27,13.27,13.27,13.27,212.0,BUR
2024-09-16 14:31:00,13.275,13.275,13.27,13.27,607.0,BUR
2024-09-16 14:29:00,13.275,13.28,13.275,13.28,294.0,BUR
2024-09-16 14:27:00,13.285,13.285,13.28,13.28,1552.0,BUR
2024-09-16 14:25:00,13.28,13.2808,13.28,13.2808,860.0,BUR
2024-09-16 14:22:00,13.28,13.28,13.28,13.28,242.0,BUR
2024-09-16 14:21:00,13.28,13.28,13.28,13.28,869.0,BUR
2024-09-16 14:19:00,13.28,13.28,13.28,13.28,642.0,BUR
2024-09-16 14:18:00,13.29,13.29,13.285,13.285,378.0,BUR
2024-09-16 14:15:00,13.28,13.28,13.28,13.28,2052.0,BUR
2024-09-16 14:10:00,13.28,13.28,13.28,13.28,101.0,BUR
2024-09-16 14:09:00,13.27,13.28,13.27,13.28,609.0,BUR
2024-09-16 14:08:00,13.26,13.26,13.26,13.26,364.0,BUR
2024-09-16 14:07:00,13.26,13.26,13.26,13.26,279.0,BUR
2024-09-16 14:04:00,13.26,13.26,13.26,13.26,1405.0,BUR
2024-09-16 14:01:00,13.265,13.265,13.265,13.265,348.0,BUR
2024-09-16 13:53:00,13.26,13.26,13.26,13.26,407.0,BUR
2024-09-16 13:50:00,13.255,13.255,13.255,13.255,195.0,BUR
2024-09-16 13:48:00,13.255,13.255,13.255,13.255,340.0,BUR
2024-09-16 13:45:00,13.26,13.26,13.26,13.26,192.0,BUR
2024-09-16 13:44:00,13.27,13.27,13.26,13.26,617.0,BUR
2024-09-16 13:43:00,13.26,13.26,13.26,13.26,183.0,BUR
2024-09-16 13:42:00,13.255,13.255,13.255,13.255,169.0,BUR
2024-09-16 13:40:00,13.25,13.26,13.25,13.26,234.0,BUR
2024-09-16 13:38:00,13.24,13.25,13.24,13.25,425.0,BUR
2024-09-16 13:37:00,13.24,13.24,13.24,13.24,267.0,BUR
2024-09-16 13:36:00,13.25,13.25,13.24,13.24,1192.0,BUR
2024-09-16 13:34:00,13.24,13.24,13.24,13.24,278.0,BUR
2024-09-16 13:33:00,13.25,13.25,13.25,13.25,100.0,BUR
2024-09-16 13:30:00,13.24,13.24,13.24,13.24,191.0,BUR
2024-09-16 13:28:00,13.24,13.24,13.235,13.24,748.0,BUR
2024-09-16 13:25:00,13.25,13.25,13.25,13.25,140.0,BUR
2024-09-16 13:23:00,13.23,13.25,13.23,13.25,1834.0,BUR
2024-09-16 13:22:00,13.24,13.24,13.24,13.24,110.0,BUR
2024-09-16 13:21:00,13.24,13.24,13.24,13.24,101.0,BUR
2024-09-16 13:20:00,13.23,13.23,13.23,13.23,246.0,BUR
2024-09-16 13:18:00,13.24,13.24,13.23,13.23,262.0,BUR
2024-09-16 13:16:00,13.23,13.23,13.23,13.23,105.0,BUR
2024-09-16 13:14:00,13.23,13.23,13.23,13.23,327.0,BUR
2024-09-16 13:11:00,13.21,13.23,13.21,13.23,1566.0,BUR
2024-09-16 13:09:00,13.21,13.21,13.21,13.21,594.0,BUR
2024-09-16 12:59:00,13.22,13.22,13.21,13.21,533.0,BUR
2024-09-16 12:58:00,13.23,13.23,13.22,13.22,1194.0,BUR
2024-09-16 12:57:00,13.23,13.23,13.23,13.23,364.0,BUR
2024-09-16 12:55:00,13.23,13.23,13.23,13.23,570.0,BUR
2024-09-16 12:54:00,13.22,13.22,13.22,13.22,343.0,BUR
2024-09-16 12:52:00,13.23,13.23,13.23,13.23,1426.0,BUR
2024-09-16 12:49:00,13.215,13.22,13.215,13.22,567.0,BUR
2024-09-16 12:47:00,13.22,13.22,13.22,13.22,1708.0,BUR
2024-09-16 12:42:00,13.23,13.23,13.23,13.23,200.0,BUR
2024-09-16 12:40:00,13.23,13.235,13.22,13.235,844.0,BUR
2024-09-16 12:39:00,13.22,13.22,13.22,13.22,137.0,BUR
2024-09-16 12:38:00,13.2,13.22,13.2,13.22,705.0,BUR
2024-09-16 12:36:00,13.2,13.2,13.2,13.2,100.0,BUR
2024-09-16 12:35:00,13.2,13.2,13.1999,13.1999,708.0,BUR
2024-09-16 12:34:00,13.16,13.19,13.16,13.19,2305.0,BUR
2024-09-16 12:31:00,13.16,13.16,13.16,13.16,321.0,BUR
2024-09-16 12:30:00,13.16,13.16,13.16,13.16,200.0,BUR
2024-09-16 12:29:00,13.15,13.16,13.15,13.16,389.0,BUR
2024-09-16 12:28:00,13.16,13.16,13.1506,13.1506,501.0,BUR
2024-09-16 12:27:00,13.13,13.16,13.13,13.15,2719.0,BUR
2024-09-16 12:26:00,13.13,13.13,13.13,13.13,500.0,BUR
2024-09-16 12:25:00,13.13,13.13,13.13,13.13,337.0,BUR
2024-09-16 12:24:00,13.13,13.13,13.13,13.13,707.0,BUR
2024-09-16 12:23:00,13.14,13.14,13.13,13.13,563.0,BUR
2024-09-16 12:21:00,13.13,13.1477,13.13,13.1477,391.0,BUR
2024-09-16 12:18:00,13.14,13.14,13.14,13.14,207.0,BUR
2024-09-16 12:17:00,13.13,13.13,13.13,13.13,138.0,BUR
2024-09-16 12:16:00,13.14,13.14,13.14,13.14,742.0,BUR
2024-09-16 12:14:00,13.135,13.135,13.135,13.135,300.0,BUR
2024-09-16 12:13:00,13.135,13.135,13.135,13.135,210.0,BUR
2024-09-16 12:12:00,13.17,13.17,13.15,13.15,894.0,BUR
2024-09-16 12:10:00,13.19,13.19,13.18,13.18,552.0,BUR
2024-09-16 12:08:00,13.2,13.2,13.2,13.2,321.0,BUR
2024-09-16 12:07:00,13.19,13.19,13.19,13.19,284.0,BUR
2024-09-16 11:58:00,13.205,13.205,13.205,13.205,189.0,BUR
2024-09-16 11:57:00,13.21,13.21,13.2,13.2,3024.0,BUR
2024-09-16 11:56:00,13.21,13.21,13.21,13.21,189.0,BUR
2024-09-16 11:55:00,13.21,13.21,13.21,13.21,222.0,BUR
2024-09-16 11:53:00,13.2,13.2,13.2,13.2,207.0,BUR
2024-09-16 11:50:00,13.22,13.22,13.21,13.21,1329.0,BUR
2024-09-16 11:46:00,13.21,13.21,13.21,13.21,297.0,BUR
2024-09-16 11:42:00,13.17,13.18,13.17,13.18,724.0,BUR
2024-09-16 11:40:00,13.17,13.18,13.17,13.18,516.0,BUR
2024-09-16 11:39:00,13.1699,13.175,13.1699,13.175,1222.0,BUR
2024-09-16 11:36:00,13.16,13.165,13.16,13.165,5139.0,BUR
2024-09-16 11:35:00,13.17,13.17,13.17,13.17,221.0,BUR
2024-09-16 11:29:00,13.16,13.16,13.16,13.16,154.0,BUR
2024-09-16 11:27:00,13.17,13.175,13.17,13.17,1004.0,BUR
2024-09-16 11:25:00,13.19,13.19,13.19,13.19,105.0,BUR
2024-09-16 11:23:00,13.17,13.17,13.17,13.17,1003.0,BUR
2024-09-16 11:22:00,13.17,13.175,13.17,13.175,435.0,BUR
2024-09-16 11:21:00,13.19,13.19,13.17,13.18,3443.0,BUR
2024-09-16 11:19:00,13.2,13.2,13.19,13.19,334.0,BUR
2024-09-16 11:17:00,13.1881,13.1881,13.1881,13.1881,371.0,BUR
2024-09-16 11:16:00,13.19,13.19,13.19,13.19,519.0,BUR
2024-09-16 11:15:00,13.19,13.2,13.19,13.19,1427.0,BUR
2024-09-16 11:14:00,13.2,13.2,13.19,13.19,1879.0,BUR
2024-09-16 11:13:00,13.2,13.2,13.19,13.2,688.0,BUR
2024-09-16 11:12:00,13.2,13.2,13.2,13.2,140.0,BUR
2024-09-16 11:11:00,13.21,13.21,13.2,13.2,403.0,BUR
2024-09-16 11:10:00,13.21,13.21,13.2,13.21,3105.0,BUR
2024-09-16 11:08:00,13.2,13.2,13.2,13.2,746.0,BUR
2024-09-16 11:07:00,13.195,13.195,13.19,13.19,650.0,BUR
2024-09-16 11:06:00,13.19,13.19,13.19,13.19,340.0,BUR
2024-09-16 11:05:00,13.18,13.2,13.18,13.2,3764.0,BUR
2024-09-16 11:04:00,13.17,13.17,13.17,13.17,1441.0,BUR
2024-09-16 11:03:00,13.1799,13.1799,13.1799,13.1799,532.0,BUR
2024-09-16 11:00:00,13.16,13.16,13.16,13.16,172.0,BUR
2024-09-16 10:59:00,13.17,13.17,13.15,13.17,4269.0,BUR
2024-09-16 10:53:00,13.18,13.18,13.18,13.18,276.0,BUR
2024-09-16 10:52:00,13.19,13.19,13.19,13.19,441.0,BUR
2024-09-16 10:50:00,13.19,13.2,13.19,13.2,3383.0,BUR
2024-09-16 10:49:00,13.16,13.18,13.16,13.18,1104.0,BUR
2024-09-16 10:48:00,13.17,13.17,13.16,13.16,1582.0,BUR
2024-09-16 10:46:00,13.17,13.185,13.17,13.17,4370.0,BUR
2024-09-16 10:45:00,13.165,13.17,13.165,13.17,367.0,BUR
2024-09-16 10:44:00,13.17,13.17,13.16,13.17,1172.0,BUR
2024-09-16 10:41:00,13.17,13.17,13.17,13.17,1327.0,BUR
2024-09-16 10:40:00,13.16,13.16,13.16,13.16,483.0,BUR
2024-09-16 10:37:00,13.16,13.17,13.15,13.15,2716.0,BUR
2024-09-16 10:35:00,13.15,13.15,13.1401,13.1401,642.0,BUR
2024-09-16 10:34:00,13.14,13.14,13.135,13.135,566.0,BUR
2024-09-16 10:32:00,13.17,13.17,13.17,13.17,684.0,BUR
2024-09-16 10:31:00,13.19,13.19,13.16,13.16,1234.0,BUR
2024-09-16 10:30:00,13.21,13.21,13.2,13.2,3511.0,BUR
2024-09-16 10:29:00,13.2,13.2,13.2,13.2,322.0,BUR
2024-09-16 10:27:00,13.22,13.22,13.19,13.205,874.0,BUR
2024-09-16 10:26:00,13.24,13.24,13.24,13.24,362.0,BUR
2024-09-16 10:25:00,13.26,13.26,13.26,13.26,1222.0,BUR
2024-09-16 10:24:00,13.3,13.3,13.24,13.24,1688.0,BUR
2024-09-16 10:23:00,13.3,13.31,13.3,13.31,476.0,BUR
2024-09-16 10:22:00,13.3601,13.3601,13.3,13.31,7292.0,BUR
2024-09-16 10:20:00,13.36,13.36,13.36,13.36,271.0,BUR
2024-09-16 10:19:00,13.36,13.365,13.36,13.365,508.0,BUR
2024-09-16 10:14:00,13.36,13.37,13.34,13.34,2037.0,BUR
2024-09-16 10:13:00,13.36,13.36,13.35,13.36,811.0,BUR
2024-09-16 10:11:00,13.36,13.36,13.36,13.36,3120.0,BUR
2024-09-16 10:09:00,13.36,13.36,13.36,13.36,1122.0,BUR
2024-09-16 10:08:00,13.34,13.34,13.34,13.34,691.0,BUR
2024-09-16 10:07:00,13.33,13.33,13.33,13.33,233.0,BUR
2024-09-16 10:05:00,13.32,13.32,13.32,13.32,627.0,BUR
2024-09-16 10:04:00,13.33,13.33,13.32,13.32,430.0,BUR
2024-09-16 10:03:00,13.35,13.35,13.32,13.32,3053.0,BUR
2024-09-16 10:02:00,13.35,13.35,13.35,13.35,122.0,BUR
2024-09-16 10:01:00,13.35,13.35,13.35,13.35,230.0,BUR
2024-09-16 10:00:00,13.355,13.355,13.35,13.35,445.0,BUR
2024-09-16 09:59:00,13.355,13.355,13.355,13.355,743.0,BUR
2024-09-16 09:58:00,13.36,13.36,13.36,13.36,2991.0,BUR
2024-09-16 09:56:00,13.35,13.35,13.35,13.35,169.0,BUR
2024-09-16 09:55:00,13.36,13.36,13.36,13.36,197.0,BUR
2024-09-16 09:54:00,13.37,13.38,13.36,13.38,464.0,BUR
2024-09-16 09:53:00,13.36,13.368,13.36,13.368,362.0,BUR
2024-09-16 09:52:00,13.34,13.36,13.34,13.36,1059.0,BUR
2024-09-16 09:51:00,13.34,13.34,13.32,13.34,447.0,BUR
2024-09-16 09:50:00,13.33,13.33,13.33,13.33,643.0,BUR
2024-09-16 09:49:00,13.31,13.32,13.31,13.32,585.0,BUR
2024-09-16 09:48:00,13.31,13.31,13.3,13.3,5447.0,BUR
2024-09-16 09:46:00,13.31,13.31,13.3,13.3,1930.0,BUR
2024-09-16 09:45:00,13.3,13.3,13.3,13.3,635.0,BUR
2024-09-16 09:44:00,13.3,13.31,13.29,13.295,1928.0,BUR
2024-09-16 09:43:00,13.31,13.31,13.31,13.31,150.0,BUR
2024-09-16 09:41:00,13.31,13.31,13.31,13.31,551.0,BUR
2024-09-16 09:40:00,13.33,13.33,13.29,13.3,2615.0,BUR
2024-09-16 09:39:00,13.3483,13.3483,13.3483,13.3483,263.0,BUR
2024-09-16 09:37:00,13.33,13.35,13.33,13.35,2530.0,BUR
2024-09-16 09:35:00,13.34,13.34,13.34,13.34,105.0,BUR
2024-09-16 09:32:00,13.36,13.36,13.36,13.36,390.0,BUR
2024-09-16 09:31:00,13.31,13.36,13.31,13.36,5084.0,BUR
2024-09-16 09:30:00,13.28,13.31,13.28,13.31,4519.0,BUR
2024-09-16 09:28:00,13.25,13.25,13.25,13.25,21.0,BUR
2024-09-16 08:47:00,13.2397,13.2397,13.2397,13.2397,11.0,BUR
2024-09-16 07:46:00,13.25,13.25,13.25,13.25,8.0,BUR
2024-09-16 07:45:00,13.22,13.22,13.22,13.22,73.0,BUR
2024-09-16 07:22:00,13.21,13.21,13.21,13.21,300.0,BUR
2024-09-16 07:06:00,13.22,13.22,13.22,13.22,112.0,BUR
2024-09-16 06:36:00,13.21,13.21,13.21,13.21,240.0,BUR
2024-09-16 05:48:00,13.21,13.21,13.21,13.21,125.0,BUR
2024-09-16 05:01:00,13.22,13.24,13.22,13.24,390.0,BUR
2024-09-16 05:00:00,13.22,13.22,13.21,13.21,308.0,BUR
2024-09-16 04:57:00,13.22,13.22,13.22,13.22,75.0,BUR
2024-09-16 04:26:00,13.27,13.27,13.27,13.27,90.0,BUR
2024-09-16 04:16:00,13.22,13.22,13.22,13.22,400.0,BUR
2024-09-16 04:13:00,13.21,13.21,13.21,13.21,100.0,BUR
2024-09-16 04:12:00,13.22,13.22,13.22,13.22,25.0,BUR
2024-09-16 04:10:00,13.24,13.24,13.24,13.24,50.0,BUR
2024-09-16 04:05:00,13.29,13.29,13.29,13.29,100.0,BUR
2024-09-16 04:00:00,13.21,13.26,13.21,13.26,1765.0,BUR
