date,1. open,2. high,3. low,4. close,5. volume,Ticker
2024-04-18 19:00:00,179.29,179.29,178.39,178.39,79528.0,BURL
2024-04-18 18:30:00,179.29,179.29,179.29,179.29,79525.0,BURL
2024-04-18 17:10:00,176.74,176.74,176.74,176.74,1.0,BURL
2024-04-18 16:10:00,179.29,179.29,179.29,179.29,79525.0,BURL
2024-04-18 16:02:00,179.29,179.29,179.29,179.29,112.0,BURL
2024-04-18 16:01:00,179.29,179.29,179.29,179.29,3074.0,BURL
2024-04-18 16:00:00,179.45,179.45,179.29,179.29,167316.0,BURL
2024-04-18 15:59:00,179.3,179.46,179.22,179.39,28166.0,BURL
2024-04-18 15:58:00,179.38,179.4,179.19,179.31,25399.0,BURL
2024-04-18 15:57:00,179.39,179.41,179.33,179.39,16158.0,BURL
2024-04-18 15:56:00,179.06,179.36,179.06,179.36,14285.0,BURL
2024-04-18 15:55:00,179.14,179.15,179.03,179.05,10169.0,BURL
2024-04-18 15:54:00,179.2,179.2,179.02,179.1,8853.0,BURL
2024-04-18 15:53:00,179.15,179.22,179.12,179.13,1997.0,BURL
2024-04-18 15:52:00,179.2,179.27,179.09,179.17,5830.0,BURL
2024-04-18 15:51:00,179.45,179.53,179.27,179.27,10437.0,BURL
2024-04-18 15:50:00,179.36,179.49,179.29,179.43,8344.0,BURL
2024-04-18 15:49:00,179.29,179.42,179.25,179.42,3737.0,BURL
2024-04-18 15:48:00,179.235,179.36,179.235,179.295,2133.0,BURL
2024-04-18 15:47:00,179.32,179.46,179.22,179.22,9441.0,BURL
2024-04-18 15:46:00,179.2,179.315,179.2,179.275,2374.0,BURL
2024-04-18 15:45:00,179.24,179.24,179.11,179.18,3602.0,BURL
2024-04-18 15:44:00,179.38,179.45,179.14,179.19,5598.0,BURL
2024-04-18 15:43:00,179.141,179.32,179.115,179.29,2499.0,BURL
2024-04-18 15:42:00,178.99,179.1,178.99,179.07,2224.0,BURL
2024-04-18 15:41:00,179.0,179.02,179.0,179.005,994.0,BURL
2024-04-18 15:40:00,178.93,179.04,178.93,179.04,1461.0,BURL
2024-04-18 15:39:00,179.01,179.02,178.98,178.985,1815.0,BURL
2024-04-18 15:38:00,179.07,179.13,179.02,179.09,1819.0,BURL
2024-04-18 15:37:00,179.21,179.21,179.121,179.13,2805.0,BURL
2024-04-18 15:36:00,179.285,179.285,179.22,179.22,820.0,BURL
2024-04-18 15:35:00,179.24,179.27,179.24,179.27,474.0,BURL
2024-04-18 15:34:00,179.12,179.24,179.1,179.24,1078.0,BURL
2024-04-18 15:33:00,179.15,179.15,179.15,179.15,263.0,BURL
2024-04-18 15:32:00,178.92,179.23,178.92,179.23,3268.0,BURL
2024-04-18 15:31:00,178.92,178.94,178.9,178.94,1030.0,BURL
2024-04-18 15:30:00,178.94,178.94,178.92,178.92,1149.0,BURL
2024-04-18 15:28:00,178.95,178.95,178.88,178.89,1236.0,BURL
2024-04-18 15:27:00,178.91,178.93,178.91,178.93,1048.0,BURL
2024-04-18 15:26:00,179.0,179.0,178.87,178.87,1157.0,BURL
2024-04-18 15:25:00,178.94,178.94,178.93,178.94,1026.0,BURL
2024-04-18 15:24:00,178.94,179.03,178.94,179.02,1193.0,BURL
2024-04-18 15:23:00,178.9,178.9,178.855,178.855,993.0,BURL
2024-04-18 15:22:00,179.01,179.01,178.89,178.945,2179.0,BURL
2024-04-18 15:21:00,178.9,178.98,178.9,178.96,1230.0,BURL
2024-04-18 15:20:00,178.9,178.9,178.9,178.9,367.0,BURL
2024-04-18 15:19:00,178.93,178.93,178.905,178.905,1171.0,BURL
2024-04-18 15:18:00,179.005,179.005,179.005,179.005,905.0,BURL
2024-04-18 15:17:00,179.07,179.13,178.86,178.86,4196.0,BURL
2024-04-18 15:16:00,179.14,179.14,179.05,179.05,594.0,BURL
2024-04-18 15:15:00,178.96,179.01,178.96,179.01,624.0,BURL
2024-04-18 15:14:00,179.0,179.1,179.0,179.07,1484.0,BURL
2024-04-18 15:13:00,179.065,179.065,179.02,179.02,1080.0,BURL
2024-04-18 15:12:00,179.06,179.06,179.06,179.06,667.0,BURL
2024-04-18 15:11:00,179.345,179.345,179.11,179.11,2170.0,BURL
2024-04-18 15:10:00,179.35,179.37,179.34,179.37,703.0,BURL
2024-04-18 15:09:00,179.42,179.44,179.24,179.3,1788.0,BURL
2024-04-18 15:08:00,179.47,179.47,179.47,179.47,565.0,BURL
2024-04-18 15:07:00,179.45,179.52,179.45,179.47,2965.0,BURL
2024-04-18 15:06:00,179.4,179.42,179.4,179.42,987.0,BURL
2024-04-18 15:05:00,179.41,179.41,179.41,179.41,544.0,BURL
2024-04-18 15:04:00,179.45,179.45,179.42,179.42,354.0,BURL
2024-04-18 15:03:00,179.36,179.36,179.335,179.36,1448.0,BURL
2024-04-18 15:02:00,179.42,179.49,179.42,179.49,1085.0,BURL
2024-04-18 15:01:00,179.31,179.31,179.31,179.31,1204.0,BURL
2024-04-18 15:00:00,179.2,179.2,179.15,179.15,540.0,BURL
2024-04-18 14:59:00,179.29,179.29,179.24,179.24,640.0,BURL
2024-04-18 14:58:00,179.37,179.37,179.3,179.34,1143.0,BURL
2024-04-18 14:57:00,179.41,179.41,179.41,179.41,725.0,BURL
2024-04-18 14:56:00,179.3,179.385,179.3,179.385,1169.0,BURL
2024-04-18 14:55:00,179.29,179.35,179.29,179.35,541.0,BURL
2024-04-18 14:54:00,179.405,179.405,179.33,179.33,490.0,BURL
2024-04-18 14:53:00,179.31,179.31,179.31,179.31,490.0,BURL
2024-04-18 14:52:00,179.43,179.43,179.415,179.415,563.0,BURL
2024-04-18 14:51:00,179.28,179.35,179.21,179.35,1444.0,BURL
2024-04-18 14:50:00,179.39,179.4,179.34,179.34,1148.0,BURL
2024-04-18 14:49:00,179.45,179.535,179.45,179.535,282.0,BURL
2024-04-18 14:48:00,179.52,179.61,179.41,179.41,3173.0,BURL
2024-04-18 14:47:00,179.44,179.44,179.38,179.38,1042.0,BURL
2024-04-18 14:46:00,179.48,179.49,179.44,179.49,687.0,BURL
2024-04-18 14:45:00,179.435,179.435,179.32,179.33,5744.0,BURL
2024-04-18 14:44:00,179.41,179.41,179.41,179.41,377.0,BURL
2024-04-18 14:43:00,179.29,179.44,179.29,179.44,1643.0,BURL
2024-04-18 14:42:00,179.25,179.27,179.25,179.26,716.0,BURL
2024-04-18 14:41:00,179.06,179.155,179.06,179.12,3172.0,BURL
2024-04-18 14:40:00,178.675,178.96,178.675,178.945,2948.0,BURL
2024-04-18 14:39:00,178.67,178.76,178.61,178.675,1350.0,BURL
2024-04-18 14:38:00,178.63,178.76,178.625,178.76,733.0,BURL
2024-04-18 14:37:00,178.55,178.64,178.55,178.64,573.0,BURL
2024-04-18 14:36:00,178.53,178.53,178.53,178.53,276.0,BURL
2024-04-18 14:35:00,178.38,178.59,178.38,178.54,698.0,BURL
2024-04-18 14:34:00,178.535,178.535,178.43,178.455,873.0,BURL
2024-04-18 14:33:00,178.465,178.52,178.465,178.52,392.0,BURL
2024-04-18 14:32:00,178.58,178.62,178.465,178.465,1759.0,BURL
2024-04-18 14:31:00,178.73,178.73,178.73,178.73,477.0,BURL
2024-04-18 14:30:00,178.74,178.83,178.74,178.83,309.0,BURL
2024-04-18 14:29:00,178.9,178.905,178.83,178.85,1001.0,BURL
2024-04-18 14:28:00,179.225,179.225,179.03,179.055,4725.0,BURL
2024-04-18 14:27:00,179.21,179.23,179.18,179.23,1218.0,BURL
2024-04-18 14:26:00,179.07,179.36,179.03,179.36,2629.0,BURL
2024-04-18 14:25:00,179.03,179.07,179.03,179.07,856.0,BURL
2024-04-18 14:24:00,178.97,178.97,178.97,178.97,479.0,BURL
2024-04-18 14:23:00,178.96,178.97,178.96,178.97,993.0,BURL
2024-04-18 14:22:00,178.98,178.98,178.96,178.975,1107.0,BURL
2024-04-18 14:21:00,178.87,178.99,178.87,178.9,2105.0,BURL
2024-04-18 14:20:00,178.867,178.87,178.795,178.8,2076.0,BURL
2024-04-18 14:19:00,178.94,178.94,178.94,178.94,262.0,BURL
2024-04-18 14:17:00,178.93,178.98,178.88,178.88,461.0,BURL
2024-04-18 14:16:00,178.84,178.84,178.82,178.82,433.0,BURL
2024-04-18 14:15:00,178.6,178.65,178.6,178.65,820.0,BURL
2024-04-18 14:14:00,178.52,178.57,178.49,178.57,690.0,BURL
2024-04-18 14:13:00,178.38,178.41,178.3,178.41,937.0,BURL
2024-04-18 14:12:00,178.41,178.41,178.3,178.3,388.0,BURL
2024-04-18 14:11:00,178.52,178.52,178.52,178.52,514.0,BURL
2024-04-18 14:09:00,178.46,178.46,178.44,178.45,1598.0,BURL
2024-04-18 14:08:00,178.52,178.52,178.46,178.52,486.0,BURL
2024-04-18 14:07:00,178.45,178.62,178.45,178.6,1757.0,BURL
2024-04-18 14:06:00,178.38,178.38,178.38,178.38,184.0,BURL
2024-04-18 14:05:00,178.58,178.58,178.4,178.4,1047.0,BURL
2024-04-18 14:04:00,178.497,178.497,178.497,178.497,327.0,BURL
2024-04-18 14:03:00,178.407,178.407,178.33,178.39,1476.0,BURL
2024-04-18 14:02:00,178.47,178.47,178.43,178.43,827.0,BURL
2024-04-18 14:01:00,178.45,178.47,178.45,178.47,1077.0,BURL
2024-04-18 13:58:00,178.5,178.5,178.5,178.5,267.0,BURL
2024-04-18 13:57:00,178.34,178.51,178.34,178.51,448.0,BURL
2024-04-18 13:56:00,178.25,178.44,178.25,178.44,1825.0,BURL
2024-04-18 13:55:00,178.25,178.26,178.24,178.24,807.0,BURL
2024-04-18 13:54:00,178.35,178.39,178.35,178.39,439.0,BURL
2024-04-18 13:52:00,178.45,178.45,178.37,178.37,764.0,BURL
2024-04-18 13:51:00,178.59,178.59,178.54,178.54,2076.0,BURL
2024-04-18 13:50:00,178.73,178.73,178.65,178.65,465.0,BURL
2024-04-18 13:49:00,178.63,178.63,178.63,178.63,443.0,BURL
2024-04-18 13:46:00,178.77,178.77,178.62,178.665,728.0,BURL
2024-04-18 13:45:00,178.68,178.75,178.68,178.75,465.0,BURL
2024-04-18 13:44:00,178.68,178.73,178.68,178.72,476.0,BURL
2024-04-18 13:43:00,178.46,178.56,178.46,178.555,1960.0,BURL
2024-04-18 13:41:00,178.39,178.39,178.39,178.39,936.0,BURL
2024-04-18 13:40:00,178.565,178.565,178.565,178.565,342.0,BURL
2024-04-18 13:38:00,178.51,178.59,178.505,178.59,747.0,BURL
2024-04-18 13:37:00,178.58,178.58,178.52,178.555,1388.0,BURL
2024-04-18 13:36:00,178.64,178.64,178.64,178.64,131.0,BURL
2024-04-18 13:33:00,178.6,178.6,178.6,178.6,201.0,BURL
2024-04-18 13:32:00,178.63,178.63,178.63,178.63,189.0,BURL
2024-04-18 13:31:00,178.73,178.855,178.66,178.66,2869.0,BURL
2024-04-18 13:30:00,178.885,178.89,178.885,178.89,685.0,BURL
2024-04-18 13:29:00,178.525,178.82,178.525,178.82,2102.0,BURL
2024-04-18 13:28:00,178.39,178.415,178.36,178.415,1384.0,BURL
2024-04-18 13:27:00,178.64,178.64,178.595,178.595,433.0,BURL
2024-04-18 13:25:00,178.15,178.54,178.15,178.54,1144.0,BURL
2024-04-18 13:24:00,178.07,178.165,178.07,178.135,1082.0,BURL
2024-04-18 13:23:00,178.17,178.17,178.17,178.17,238.0,BURL
2024-04-18 13:22:00,178.185,178.185,178.185,178.185,112.0,BURL
2024-04-18 13:21:00,178.17,178.18,178.17,178.18,431.0,BURL
2024-04-18 13:20:00,178.28,178.28,178.28,178.28,300.0,BURL
2024-04-18 13:18:00,178.143,178.143,178.08,178.08,393.0,BURL
2024-04-18 13:17:00,178.13,178.23,178.08,178.21,1704.0,BURL
2024-04-18 13:16:00,178.195,178.195,178.195,178.195,395.0,BURL
2024-04-18 13:15:00,178.29,178.29,178.29,178.29,353.0,BURL
2024-04-18 13:14:00,178.25,178.25,178.25,178.25,281.0,BURL
2024-04-18 13:13:00,178.29,178.29,178.27,178.27,462.0,BURL
2024-04-18 13:12:00,178.41,178.41,178.41,178.41,804.0,BURL
2024-04-18 13:11:00,178.4,178.4,178.4,178.4,509.0,BURL
2024-04-18 13:10:00,178.64,178.64,178.51,178.51,1092.0,BURL
2024-04-18 13:09:00,178.61,178.61,178.59,178.59,985.0,BURL
2024-04-18 13:08:00,178.71,178.715,178.54,178.54,684.0,BURL
2024-04-18 13:07:00,178.685,178.73,178.61,178.61,753.0,BURL
2024-04-18 13:06:00,178.785,178.785,178.785,178.785,253.0,BURL
2024-04-18 13:05:00,178.765,178.765,178.64,178.68,390.0,BURL
2024-04-18 13:04:00,178.9,178.9,178.69,178.69,842.0,BURL
2024-04-18 13:03:00,179.01,179.07,178.94,178.96,2575.0,BURL
2024-04-18 13:02:00,179.04,179.04,179.04,179.04,747.0,BURL
2024-04-18 12:59:00,179.1,179.1,179.1,179.1,431.0,BURL
2024-04-18 12:58:00,179.09,179.09,179.09,179.09,137.0,BURL
2024-04-18 12:57:00,179.225,179.225,179.1,179.1,1025.0,BURL
2024-04-18 12:56:00,179.11,179.11,179.11,179.11,527.0,BURL
2024-04-18 12:54:00,178.865,178.865,178.777,178.777,1022.0,BURL
2024-04-18 12:52:00,178.95,179.0,178.95,179.0,1037.0,BURL
2024-04-18 12:51:00,179.03,179.07,179.02,179.02,949.0,BURL
2024-04-18 12:48:00,179.11,179.11,179.08,179.08,280.0,BURL
2024-04-18 12:47:00,179.285,179.285,179.13,179.18,1291.0,BURL
2024-04-18 12:42:00,179.37,179.37,179.27,179.27,731.0,BURL
2024-04-18 12:41:00,179.5,179.5,179.49,179.49,1141.0,BURL
2024-04-18 12:40:00,179.67,179.67,179.585,179.585,701.0,BURL
2024-04-18 12:39:00,179.75,179.75,179.75,179.75,665.0,BURL
2024-04-18 12:37:00,179.82,179.82,179.82,179.82,278.0,BURL
2024-04-18 12:36:00,179.64,179.81,179.64,179.79,823.0,BURL
2024-04-18 12:34:00,179.73,179.73,179.61,179.61,1278.0,BURL
2024-04-18 12:31:00,179.78,179.78,179.78,179.78,892.0,BURL
2024-04-18 12:30:00,179.87,179.87,179.81,179.81,501.0,BURL
2024-04-18 12:28:00,179.86,179.89,179.86,179.89,251.0,BURL
2024-04-18 12:27:00,179.73,179.86,179.73,179.86,849.0,BURL
2024-04-18 12:25:00,179.78,179.8,179.77,179.8,1757.0,BURL
2024-04-18 12:24:00,179.75,179.75,179.75,179.75,1127.0,BURL
2024-04-18 12:23:00,179.74,179.74,179.74,179.74,648.0,BURL
2024-04-18 12:22:00,179.8,179.8,179.8,179.8,276.0,BURL
2024-04-18 12:21:00,179.81,179.81,179.76,179.76,894.0,BURL
2024-04-18 12:20:00,179.84,179.84,179.84,179.84,196.0,BURL
2024-04-18 12:18:00,179.665,179.665,179.665,179.665,143.0,BURL
2024-04-18 12:17:00,179.785,179.785,179.785,179.785,604.0,BURL
2024-04-18 12:16:00,179.75,179.75,179.7,179.7,1409.0,BURL
2024-04-18 12:13:00,179.84,179.84,179.74,179.74,412.0,BURL
2024-04-18 12:10:00,179.87,179.87,179.87,179.87,695.0,BURL
2024-04-18 12:09:00,179.79,179.79,179.79,179.79,693.0,BURL
2024-04-18 12:07:00,179.83,179.83,179.83,179.83,321.0,BURL
2024-04-18 12:05:00,179.92,179.92,179.92,179.92,775.0,BURL
2024-04-18 12:04:00,180.17,180.17,180.1,180.1,756.0,BURL
2024-04-18 12:03:00,180.245,180.245,180.245,180.245,150.0,BURL
2024-04-18 12:02:00,180.18,180.18,180.18,180.18,353.0,BURL
2024-04-18 12:01:00,180.29,180.29,180.2,180.2,762.0,BURL
2024-04-18 12:00:00,180.16,180.25,180.16,180.225,1281.0,BURL
2024-04-18 11:59:00,180.115,180.115,180.115,180.115,202.0,BURL
2024-04-18 11:58:00,180.15,180.15,180.09,180.09,1252.0,BURL
2024-04-18 11:56:00,180.26,180.28,180.23,180.28,857.0,BURL
2024-04-18 11:53:00,180.28,180.28,180.24,180.24,611.0,BURL
2024-04-18 11:52:00,180.13,180.13,180.06,180.06,863.0,BURL
2024-04-18 11:51:00,180.2,180.2,180.2,180.2,998.0,BURL
2024-04-18 11:49:00,180.08,180.08,180.08,180.08,229.0,BURL
2024-04-18 11:48:00,180.01,180.01,180.01,180.01,261.0,BURL
2024-04-18 11:46:00,180.12,180.13,180.06,180.07,1004.0,BURL
2024-04-18 11:45:00,180.25,180.25,180.225,180.225,913.0,BURL
2024-04-18 11:44:00,180.145,180.245,180.145,180.245,973.0,BURL
2024-04-18 11:42:00,180.19,180.19,180.09,180.09,582.0,BURL
2024-04-18 11:40:00,180.31,180.31,180.135,180.135,1471.0,BURL
2024-04-18 11:38:00,180.46,180.46,180.4,180.41,1321.0,BURL
2024-04-18 11:37:00,180.43,180.5,180.4,180.45,1877.0,BURL
2024-04-18 11:36:00,180.395,180.49,180.395,180.49,464.0,BURL
2024-04-18 11:35:00,180.36,180.39,180.27,180.38,3474.0,BURL
2024-04-18 11:34:00,180.31,180.31,180.31,180.31,415.0,BURL
2024-04-18 11:33:00,180.33,180.33,180.25,180.27,1729.0,BURL
2024-04-18 11:32:00,180.47,180.47,180.4,180.4,767.0,BURL
2024-04-18 11:31:00,180.54,180.54,180.34,180.43,4178.0,BURL
2024-04-18 11:30:00,180.46,180.47,180.44,180.44,912.0,BURL
2024-04-18 11:29:00,180.56,180.56,180.46,180.46,847.0,BURL
2024-04-18 11:28:00,180.685,180.685,180.685,180.685,407.0,BURL
2024-04-18 11:27:00,180.72,180.72,180.71,180.71,331.0,BURL
2024-04-18 11:26:00,180.81,180.81,180.74,180.74,1293.0,BURL
2024-04-18 11:25:00,180.915,180.915,180.915,180.915,341.0,BURL
2024-04-18 11:24:00,180.9,180.9,180.86,180.86,680.0,BURL
2024-04-18 11:23:00,180.78,180.78,180.78,180.78,225.0,BURL
2024-04-18 11:22:00,180.895,180.895,180.895,180.895,149.0,BURL
2024-04-18 11:21:00,180.8,180.9,180.8,180.9,496.0,BURL
2024-04-18 11:20:00,180.92,180.92,180.92,180.92,194.0,BURL
2024-04-18 11:19:00,180.87,180.87,180.81,180.87,831.0,BURL
2024-04-18 11:18:00,181.03,181.035,180.92,180.965,2930.0,BURL
2024-04-18 11:16:00,180.635,180.986,180.635,180.986,5971.0,BURL
2024-04-18 11:15:00,180.52,180.63,180.5,180.6,3315.0,BURL
2024-04-18 11:14:00,180.38,180.5,180.3,180.43,4331.0,BURL
2024-04-18 11:13:00,180.3,180.36,180.3,180.36,780.0,BURL
2024-04-18 11:12:00,180.23,180.315,180.21,180.315,3781.0,BURL
2024-04-18 11:11:00,180.2,180.3,180.2,180.225,3992.0,BURL
2024-04-18 11:10:00,180.035,180.18,180.035,180.18,4357.0,BURL
2024-04-18 11:08:00,179.965,180.01,179.965,180.01,757.0,BURL
2024-04-18 11:07:00,179.97,180.09,179.86,179.86,3685.0,BURL
2024-04-18 11:06:00,180.03,180.075,180.03,180.075,991.0,BURL
2024-04-18 11:05:00,180.195,180.195,180.07,180.07,1202.0,BURL
2024-04-18 11:04:00,180.395,180.395,180.06,180.06,2251.0,BURL
2024-04-18 11:03:00,180.365,180.365,180.365,180.365,2259.0,BURL
2024-04-18 11:02:00,180.36,180.36,180.36,180.36,233.0,BURL
2024-04-18 11:01:00,180.355,180.355,180.355,180.355,676.0,BURL
2024-04-18 11:00:00,180.26,180.26,180.26,180.26,723.0,BURL
2024-04-18 10:59:00,180.12,180.21,180.1,180.1,597.0,BURL
2024-04-18 10:58:00,180.31,180.31,180.17,180.22,1450.0,BURL
2024-04-18 10:57:00,180.26,180.26,180.155,180.21,1255.0,BURL
2024-04-18 10:56:00,180.12,180.345,180.09,180.335,2564.0,BURL
2024-04-18 10:55:00,179.83,179.83,179.83,179.83,374.0,BURL
2024-04-18 10:53:00,179.62,179.63,179.62,179.63,751.0,BURL
2024-04-18 10:52:00,179.63,179.695,179.63,179.69,1095.0,BURL
2024-04-18 10:51:00,179.7,179.7,179.7,179.7,763.0,BURL
2024-04-18 10:48:00,179.82,179.82,179.82,179.82,801.0,BURL
2024-04-18 10:46:00,179.86,179.86,179.86,179.86,198.0,BURL
2024-04-18 10:45:00,179.71,179.71,179.71,179.71,504.0,BURL
2024-04-18 10:43:00,179.52,179.6,179.52,179.6,579.0,BURL
2024-04-18 10:42:00,179.46,179.46,179.46,179.46,222.0,BURL
2024-04-18 10:41:00,179.6,179.6,179.46,179.51,1092.0,BURL
2024-04-18 10:40:00,179.39,179.39,179.39,179.39,773.0,BURL
2024-04-18 10:39:00,179.44,179.49,179.39,179.39,561.0,BURL
2024-04-18 10:38:00,179.62,179.62,179.5,179.5,541.0,BURL
2024-04-18 10:37:00,179.72,179.75,179.68,179.68,705.0,BURL
2024-04-18 10:36:00,179.81,179.81,179.81,179.81,349.0,BURL
2024-04-18 10:34:00,179.85,179.85,179.85,179.85,213.0,BURL
2024-04-18 10:33:00,179.903,179.903,179.903,179.903,324.0,BURL
2024-04-18 10:32:00,179.905,179.905,179.905,179.905,179.0,BURL
2024-04-18 10:31:00,180.035,180.035,180.035,180.035,201.0,BURL
2024-04-18 10:30:00,180.015,180.015,179.99,179.99,615.0,BURL
2024-04-18 10:29:00,179.97,180.19,179.97,180.19,945.0,BURL
2024-04-18 10:28:00,179.97,179.97,179.87,179.87,886.0,BURL
2024-04-18 10:27:00,180.01,180.01,180.01,180.01,594.0,BURL
2024-04-18 10:26:00,179.83,179.91,179.83,179.91,996.0,BURL
2024-04-18 10:23:00,179.75,179.75,179.75,179.75,293.0,BURL
2024-04-18 10:22:00,179.985,179.985,179.85,179.85,731.0,BURL
2024-04-18 10:19:00,180.09,180.09,180.09,180.09,374.0,BURL
2024-04-18 10:18:00,180.07,180.085,179.74,179.82,2231.0,BURL
2024-04-18 10:17:00,180.05,180.05,180.045,180.045,936.0,BURL
2024-04-18 10:16:00,180.02,180.02,179.99,179.99,508.0,BURL
2024-04-18 10:15:00,180.005,180.145,180.005,180.145,1055.0,BURL
2024-04-18 10:14:00,180.005,180.005,180.005,180.005,166.0,BURL
2024-04-18 10:13:00,179.67,180.02,179.67,180.02,3988.0,BURL
2024-04-18 10:12:00,179.84,179.84,179.68,179.68,2023.0,BURL
2024-04-18 10:11:00,179.74,179.755,179.67,179.74,1030.0,BURL
2024-04-18 10:10:00,179.845,179.845,179.845,179.845,662.0,BURL
2024-04-18 10:09:00,179.87,179.88,179.75,179.88,2568.0,BURL
2024-04-18 10:08:00,179.82,179.92,179.82,179.87,1651.0,BURL
2024-04-18 10:07:00,180.16,180.16,179.825,179.825,1954.0,BURL
2024-04-18 10:06:00,179.91,180.28,179.91,180.28,1824.0,BURL
2024-04-18 10:05:00,179.79,179.79,179.79,179.79,563.0,BURL
2024-04-18 10:04:00,179.95,179.95,179.65,179.775,1200.0,BURL
2024-04-18 10:03:00,180.13,180.13,180.03,180.03,1122.0,BURL
2024-04-18 10:02:00,180.44,180.44,180.225,180.225,1887.0,BURL
2024-04-18 10:01:00,180.4,180.4,180.4,180.4,344.0,BURL
2024-04-18 10:00:00,180.585,180.585,180.38,180.43,1436.0,BURL
2024-04-18 09:59:00,180.57,180.58,180.55,180.55,1061.0,BURL
2024-04-18 09:57:00,180.46,180.46,180.37,180.37,662.0,BURL
2024-04-18 09:55:00,180.55,180.715,180.43,180.45,4528.0,BURL
2024-04-18 09:54:00,180.4,180.4,180.4,180.4,104.0,BURL
2024-04-18 09:52:00,180.57,180.57,180.415,180.415,397.0,BURL
2024-04-18 09:51:00,180.445,180.445,180.4,180.4,634.0,BURL
2024-04-18 09:50:00,180.46,180.46,180.46,180.46,295.0,BURL
2024-04-18 09:48:00,180.215,180.215,180.03,180.03,337.0,BURL
2024-04-18 09:46:00,180.18,180.18,180.18,180.18,342.0,BURL
2024-04-18 09:45:00,180.25,180.25,180.25,180.25,682.0,BURL
2024-04-18 09:43:00,180.27,180.4,180.25,180.4,605.0,BURL
2024-04-18 09:41:00,179.545,179.84,179.29,179.84,4116.0,BURL
2024-04-18 09:40:00,180.625,180.625,180.27,180.275,898.0,BURL
2024-04-18 09:39:00,181.54,181.59,180.64,180.64,11117.0,BURL
2024-04-18 09:38:00,181.405,181.405,181.405,181.405,104.0,BURL
2024-04-18 09:37:00,181.29,181.29,181.29,181.29,111.0,BURL
2024-04-18 09:34:00,181.65,181.65,181.65,181.65,389.0,BURL
2024-04-18 09:33:00,182.0,182.105,181.95,182.1,2796.0,BURL
2024-04-18 09:32:00,182.02,182.06,182.02,182.06,367.0,BURL
2024-04-18 09:31:00,180.91,181.985,180.91,181.985,2184.0,BURL
2024-04-18 09:30:00,181.18,181.18,181.18,181.18,2352.0,BURL
2024-04-18 08:15:00,179.91,179.91,179.91,179.91,1.0,BURL
2024-04-18 08:00:00,179.91,179.91,179.91,179.91,1.0,BURL
2024-04-17 19:00:00,179.91,179.91,179.91,179.91,82792.0,BURL
2024-04-17 18:30:00,179.91,179.91,179.91,179.91,82792.0,BURL
2024-04-17 17:17:00,179.91,179.91,179.91,179.91,6701.0,BURL
2024-04-17 16:53:00,179.91,179.91,179.91,179.91,7839.0,BURL
2024-04-17 16:20:00,179.91,179.91,179.91,179.91,11.0,BURL
2024-04-17 16:10:00,179.91,179.91,179.91,179.91,82792.0,BURL
2024-04-17 16:01:00,179.91,179.91,179.91,179.91,104.0,BURL
2024-04-17 16:00:00,179.92,179.92,179.91,179.91,183680.0,BURL
2024-04-17 15:59:00,180.46,180.48,179.9,179.91,48859.0,BURL
2024-04-17 15:58:00,180.33,180.5,180.3,180.5,14825.0,BURL
2024-04-17 15:57:00,180.46,180.46,180.22,180.33,8367.0,BURL
2024-04-17 15:56:00,180.205,180.44,180.2,180.4,10378.0,BURL
2024-04-17 15:55:00,180.37,180.42,180.215,180.215,11812.0,BURL
2024-04-17 15:54:00,180.415,180.423,180.34,180.42,2059.0,BURL
2024-04-17 15:53:00,180.3,180.47,180.3,180.47,2348.0,BURL
2024-04-17 15:52:00,180.03,180.36,180.03,180.265,4949.0,BURL
2024-04-17 15:51:00,180.09,180.19,180.0,180.09,6437.0,BURL
2024-04-17 15:50:00,180.43,180.43,180.1,180.1,5872.0,BURL
2024-04-17 15:49:00,180.43,180.5,180.397,180.43,3804.0,BURL
2024-04-17 15:48:00,180.43,180.52,180.425,180.44,3520.0,BURL
2024-04-17 15:47:00,180.38,180.46,180.29,180.395,2745.0,BURL
2024-04-17 15:46:00,180.22,180.33,180.17,180.33,3822.0,BURL
2024-04-17 15:45:00,180.39,180.41,180.18,180.28,3571.0,BURL
2024-04-17 15:44:00,180.495,180.6,180.42,180.42,2647.0,BURL
2024-04-17 15:43:00,180.46,180.49,180.41,180.485,3791.0,BURL
2024-04-17 15:42:00,180.49,180.56,180.44,180.44,3029.0,BURL
2024-04-17 15:41:00,180.43,180.52,180.3,180.5,13573.0,BURL
2024-04-17 15:40:00,180.54,180.54,180.425,180.425,2210.0,BURL
2024-04-17 15:39:00,180.73,180.77,180.63,180.77,1300.0,BURL
2024-04-17 15:38:00,180.78,180.81,180.605,180.69,3096.0,BURL
2024-04-17 15:37:00,180.88,180.9,180.8,180.9,5099.0,BURL
2024-04-17 15:36:00,181.13,181.13,180.89,180.93,2451.0,BURL
2024-04-17 15:35:00,181.23,181.29,181.16,181.18,2114.0,BURL
2024-04-17 15:34:00,181.425,181.425,181.36,181.39,1365.0,BURL
2024-04-17 15:33:00,181.26,181.49,181.26,181.49,4347.0,BURL
2024-04-17 15:32:00,181.59,181.59,181.27,181.31,7126.0,BURL
2024-04-17 15:31:00,181.52,181.67,181.5,181.58,2116.0,BURL
2024-04-17 15:30:00,181.38,181.55,181.37,181.55,4571.0,BURL
2024-04-17 15:29:00,181.41,181.41,181.29,181.29,987.0,BURL
2024-04-17 15:28:00,181.18,181.42,181.18,181.42,4724.0,BURL
2024-04-17 15:27:00,181.123,181.2,181.08,181.17,1948.0,BURL
2024-04-17 15:26:00,181.17,181.2,181.17,181.2,923.0,BURL
2024-04-17 15:25:00,181.01,181.16,181.01,181.16,1585.0,BURL
2024-04-17 15:24:00,181.0,181.0,180.94,180.94,2016.0,BURL
2024-04-17 15:23:00,180.88,180.98,180.84,180.98,1433.0,BURL
2024-04-17 15:22:00,180.76,180.91,180.76,180.91,946.0,BURL
2024-04-17 15:21:00,180.57,180.68,180.565,180.65,3319.0,BURL
2024-04-17 15:20:00,180.58,180.58,180.55,180.565,477.0,BURL
2024-04-17 15:19:00,180.63,180.63,180.54,180.59,890.0,BURL
2024-04-17 15:18:00,180.6,180.62,180.555,180.62,1402.0,BURL
2024-04-17 15:17:00,180.58,180.73,180.58,180.62,2708.0,BURL
2024-04-17 15:16:00,180.56,180.64,180.555,180.585,1509.0,BURL
2024-04-17 15:15:00,180.4,180.47,180.4,180.455,1432.0,BURL
2024-04-17 15:14:00,180.43,180.43,180.38,180.38,1300.0,BURL
2024-04-17 15:13:00,180.42,180.43,180.38,180.43,2220.0,BURL
2024-04-17 15:12:00,180.415,180.46,180.39,180.46,1433.0,BURL
2024-04-17 15:11:00,180.71,180.71,180.49,180.49,1581.0,BURL
2024-04-17 15:10:00,180.63,180.765,180.55,180.66,9116.0,BURL
2024-04-17 15:09:00,180.64,180.71,180.64,180.71,472.0,BURL
2024-04-17 15:08:00,180.45,180.67,180.45,180.67,1665.0,BURL
2024-04-17 15:07:00,180.47,180.51,180.45,180.45,2224.0,BURL
2024-04-17 15:06:00,180.43,180.43,180.39,180.39,912.0,BURL
2024-04-17 15:05:00,180.425,180.425,180.425,180.425,502.0,BURL
2024-04-17 15:04:00,180.48,180.48,180.38,180.415,1227.0,BURL
2024-04-17 15:03:00,180.455,180.477,180.455,180.475,1100.0,BURL
2024-04-17 15:02:00,180.44,180.5,180.415,180.425,1324.0,BURL
2024-04-17 15:01:00,180.42,180.5,180.42,180.5,1049.0,BURL
2024-04-17 15:00:00,180.61,180.655,180.38,180.38,5516.0,BURL
2024-04-17 14:59:00,180.65,180.665,180.54,180.61,3717.0,BURL
2024-04-17 14:58:00,180.665,180.7,180.665,180.69,624.0,BURL
2024-04-17 14:56:00,180.65,180.71,180.65,180.7,1004.0,BURL
2024-04-17 14:55:00,180.64,180.69,180.51,180.54,4249.0,BURL
2024-04-17 14:54:00,180.54,180.63,180.495,180.63,2708.0,BURL
2024-04-17 14:53:00,180.98,180.98,180.66,180.66,13062.0,BURL
2024-04-17 14:52:00,181.15,181.195,180.93,181.05,9325.0,BURL
2024-04-17 14:51:00,181.27,181.27,181.14,181.21,3791.0,BURL
2024-04-17 14:50:00,181.3,181.325,181.19,181.26,8728.0,BURL
2024-04-17 14:49:00,181.36,181.36,181.22,181.32,4343.0,BURL
2024-04-17 14:48:00,181.33,181.4,181.305,181.36,1089.0,BURL
2024-04-17 14:47:00,181.315,181.38,181.29,181.38,3171.0,BURL
2024-04-17 14:46:00,181.315,181.315,181.315,181.315,244.0,BURL
2024-04-17 14:44:00,181.01,181.22,181.01,181.22,1152.0,BURL
2024-04-17 14:43:00,181.09,181.09,180.92,181.01,4310.0,BURL
2024-04-17 14:42:00,180.77,181.04,180.77,181.04,2029.0,BURL
2024-04-17 14:41:00,180.57,180.605,180.57,180.605,763.0,BURL
2024-04-17 14:40:00,180.5,180.53,180.5,180.53,733.0,BURL
2024-04-17 14:39:00,180.39,180.46,180.39,180.46,775.0,BURL
2024-04-17 14:38:00,180.3,180.37,180.235,180.37,1758.0,BURL
2024-04-17 14:37:00,180.28,180.28,180.19,180.25,1154.0,BURL
2024-04-17 14:36:00,180.35,180.35,180.34,180.34,854.0,BURL
2024-04-17 14:35:00,180.35,180.355,180.29,180.355,1045.0,BURL
2024-04-17 14:34:00,180.33,180.39,180.3,180.39,931.0,BURL
2024-04-17 14:33:00,180.375,180.375,180.37,180.37,574.0,BURL
2024-04-17 14:32:00,180.375,180.375,180.375,180.375,122.0,BURL
2024-04-17 14:31:00,180.35,180.46,180.35,180.46,739.0,BURL
2024-04-17 14:30:00,180.23,180.33,180.23,180.33,2029.0,BURL
2024-04-17 14:29:00,180.325,180.325,180.2,180.2,1372.0,BURL
2024-04-17 14:28:00,180.108,180.315,180.108,180.315,1576.0,BURL
2024-04-17 14:27:00,179.97,180.14,179.97,180.14,2253.0,BURL
2024-04-17 14:26:00,180.025,180.05,180.01,180.028,586.0,BURL
2024-04-17 14:24:00,179.93,180.025,179.93,179.94,411.0,BURL
2024-04-17 14:23:00,180.015,180.03,180.015,180.03,448.0,BURL
2024-04-17 14:22:00,180.01,180.01,180.01,180.01,251.0,BURL
2024-04-17 14:21:00,179.94,179.94,179.94,179.94,220.0,BURL
2024-04-17 14:20:00,179.98,179.98,179.98,179.98,363.0,BURL
2024-04-17 14:19:00,180.03,180.03,180.03,180.03,327.0,BURL
2024-04-17 14:18:00,180.005,180.125,180.005,180.125,1653.0,BURL
2024-04-17 14:17:00,180.005,180.01,180.005,180.01,513.0,BURL
2024-04-17 14:16:00,180.07,180.09,179.97,179.97,1063.0,BURL
2024-04-17 14:14:00,180.12,180.14,180.01,180.1,2007.0,BURL
2024-04-17 14:12:00,180.09,180.22,180.09,180.175,1439.0,BURL
2024-04-17 14:11:00,180.09,180.09,180.0,180.0,440.0,BURL
2024-04-17 14:09:00,180.06,180.06,180.06,180.06,390.0,BURL
2024-04-17 14:08:00,180.065,180.08,180.065,180.08,346.0,BURL
2024-04-17 14:07:00,179.95,180.03,179.95,180.03,610.0,BURL
2024-04-17 14:06:00,180.075,180.075,180.075,180.075,228.0,BURL
2024-04-17 14:05:00,180.06,180.065,180.06,180.065,372.0,BURL
2024-04-17 14:03:00,179.825,180.19,179.825,180.19,3647.0,BURL
2024-04-17 14:02:00,179.82,179.91,179.82,179.825,722.0,BURL
2024-04-17 14:01:00,179.8,179.805,179.8,179.805,349.0,BURL
2024-04-17 14:00:00,179.895,179.895,179.75,179.785,2566.0,BURL
2024-04-17 13:59:00,179.885,179.885,179.81,179.81,332.0,BURL
2024-04-17 13:58:00,179.86,179.875,179.81,179.875,1229.0,BURL
2024-04-17 13:57:00,179.93,180.04,179.875,179.955,2656.0,BURL
2024-04-17 13:56:00,179.86,179.86,179.86,179.86,440.0,BURL
2024-04-17 13:55:00,179.77,179.94,179.77,179.94,542.0,BURL
2024-04-17 13:54:00,179.7,179.7,179.57,179.57,449.0,BURL
2024-04-17 13:53:00,179.5,179.68,179.495,179.606,2498.0,BURL
2024-04-17 13:52:00,179.32,179.32,179.32,179.32,304.0,BURL
2024-04-17 13:51:00,179.35,179.42,179.34,179.42,1985.0,BURL
2024-04-17 13:50:00,179.335,179.46,179.335,179.42,2238.0,BURL
2024-04-17 13:49:00,179.325,179.41,179.32,179.335,1810.0,BURL
2024-04-17 13:48:00,179.32,179.325,179.32,179.325,388.0,BURL
2024-04-17 13:46:00,179.36,179.36,179.22,179.22,559.0,BURL
2024-04-17 13:45:00,179.33,179.33,179.23,179.33,1716.0,BURL
2024-04-17 13:44:00,179.202,179.43,179.203,179.43,2041.0,BURL
2024-04-17 13:42:00,179.18,179.21,179.11,179.21,1562.0,BURL
2024-04-17 13:41:00,179.18,179.26,179.18,179.18,1072.0,BURL
2024-04-17 13:40:00,179.29,179.29,179.18,179.18,2010.0,BURL
2024-04-17 13:37:00,179.19,179.19,179.19,179.19,149.0,BURL
2024-04-17 13:36:00,179.09,179.09,179.09,179.09,157.0,BURL
2024-04-17 13:35:00,179.05,179.125,179.05,179.125,332.0,BURL
2024-04-17 13:34:00,179.22,179.22,179.12,179.12,468.0,BURL
2024-04-17 13:32:00,179.255,179.26,179.255,179.26,244.0,BURL
2024-04-17 13:31:00,179.19,179.2,179.19,179.2,719.0,BURL
2024-04-17 13:30:00,179.36,179.38,179.3,179.3,2013.0,BURL
2024-04-17 13:28:00,179.23,179.33,179.22,179.33,460.0,BURL
2024-04-17 13:27:00,179.265,179.265,179.265,179.265,226.0,BURL
2024-04-17 13:25:00,179.29,179.29,179.29,179.29,379.0,BURL
2024-04-17 13:24:00,179.232,179.232,179.175,179.175,747.0,BURL
2024-04-17 13:23:00,179.455,179.455,179.455,179.455,356.0,BURL
2024-04-17 13:22:00,179.4,179.49,179.4,179.49,722.0,BURL
2024-04-17 13:21:00,179.6,179.6,179.45,179.45,711.0,BURL
2024-04-17 13:20:00,179.46,179.56,179.46,179.56,1061.0,BURL
2024-04-17 13:18:00,179.56,179.57,179.47,179.57,642.0,BURL
2024-04-17 13:17:00,179.525,179.525,179.25,179.26,2345.0,BURL
2024-04-17 13:16:00,179.375,179.55,179.375,179.55,952.0,BURL
2024-04-17 13:15:00,179.45,179.45,179.315,179.37,940.0,BURL
2024-04-17 13:14:00,179.29,179.37,179.225,179.33,2514.0,BURL
2024-04-17 13:13:00,179.34,179.34,179.17,179.19,2485.0,BURL
2024-04-17 13:12:00,179.065,179.28,179.065,179.265,3139.0,BURL
2024-04-17 13:11:00,178.99,179.02,178.95,179.01,2322.0,BURL
2024-04-17 13:10:00,179.19,179.19,179.19,179.19,320.0,BURL
2024-04-17 13:09:00,179.06,179.23,179.06,179.2,406.0,BURL
2024-04-17 13:08:00,179.18,179.21,179.14,179.21,554.0,BURL
2024-04-17 13:07:00,179.13,179.13,179.13,179.13,419.0,BURL
2024-04-17 13:06:00,178.89,179.05,178.89,179.0,784.0,BURL
2024-04-17 13:05:00,178.88,178.96,178.85,178.85,819.0,BURL
2024-04-17 13:04:00,178.57,178.925,178.57,178.77,2064.0,BURL
2024-04-17 13:02:00,178.31,178.54,178.02,178.435,8378.0,BURL
2024-04-17 13:01:00,178.02,178.34,178.02,178.275,4687.0,BURL
2024-04-17 12:59:00,178.08,178.24,178.0,178.0,2465.0,BURL
2024-04-17 12:58:00,178.0,178.01,177.9,177.9,1564.0,BURL
2024-04-17 12:57:00,178.32,178.34,178.0,178.0,2995.0,BURL
2024-04-17 12:56:00,178.45,178.47,178.32,178.45,1825.0,BURL
2024-04-17 12:55:00,178.43,178.43,178.32,178.32,391.0,BURL
2024-04-17 12:54:00,178.47,178.61,178.31,178.38,2555.0,BURL
2024-04-17 12:53:00,178.38,178.51,178.29,178.3,3221.0,BURL
2024-04-17 12:52:00,178.365,178.365,178.15,178.15,772.0,BURL
2024-04-17 12:51:00,178.225,178.41,178.225,178.25,2434.0,BURL
2024-04-17 12:50:00,178.13,178.19,178.13,178.19,419.0,BURL
2024-04-17 12:49:00,178.1,178.4,178.1,178.27,4062.0,BURL
2024-04-17 12:48:00,178.24,178.24,178.09,178.09,1565.0,BURL
2024-04-17 12:47:00,178.415,178.415,178.17,178.17,1949.0,BURL
2024-04-17 12:46:00,178.65,178.7,178.32,178.32,1914.0,BURL
2024-04-17 12:45:00,178.8,178.8,178.735,178.735,445.0,BURL
2024-04-17 12:44:00,178.69,178.69,178.69,178.69,442.0,BURL
2024-04-17 12:43:00,178.98,178.98,178.75,178.75,2196.0,BURL
2024-04-17 12:42:00,179.02,179.02,178.86,178.96,1436.0,BURL
2024-04-17 12:41:00,179.07,179.07,179.07,179.07,700.0,BURL
2024-04-17 12:40:00,179.14,179.14,179.14,179.14,175.0,BURL
2024-04-17 12:39:00,179.13,179.13,179.13,179.13,230.0,BURL
2024-04-17 12:38:00,179.155,179.155,179.155,179.155,350.0,BURL
2024-04-17 12:37:00,179.05,179.05,179.05,179.05,537.0,BURL
2024-04-17 12:34:00,179.2,179.21,179.12,179.12,1450.0,BURL
2024-04-17 12:33:00,179.04,179.04,179.04,179.04,359.0,BURL
2024-04-17 12:31:00,179.04,179.04,179.04,179.04,119.0,BURL
2024-04-17 12:30:00,179.09,179.235,179.09,179.1,1298.0,BURL
2024-04-17 12:29:00,179.245,179.25,179.15,179.15,829.0,BURL
2024-04-17 12:28:00,179.245,179.245,179.245,179.245,179.0,BURL
2024-04-17 12:27:00,179.34,179.34,179.12,179.265,1214.0,BURL
2024-04-17 12:26:00,179.3,179.31,179.3,179.31,670.0,BURL
2024-04-17 12:25:00,179.23,179.29,179.13,179.14,1686.0,BURL
2024-04-17 12:24:00,179.04,179.04,179.03,179.03,536.0,BURL
2024-04-17 12:23:00,179.05,179.08,178.95,179.02,3705.0,BURL
2024-04-17 12:22:00,179.46,179.46,179.16,179.16,1662.0,BURL
2024-04-17 12:21:00,179.57,179.76,179.49,179.64,1795.0,BURL
2024-04-17 12:20:00,179.55,179.62,179.47,179.47,9615.0,BURL
2024-04-17 12:19:00,179.39,179.59,179.32,179.54,2079.0,BURL
2024-04-17 12:18:00,179.495,179.495,179.24,179.24,2608.0,BURL
2024-04-17 12:17:00,179.51,179.51,179.38,179.41,407.0,BURL
2024-04-17 12:15:00,179.4,179.515,179.4,179.515,386.0,BURL
2024-04-17 12:14:00,179.515,179.515,179.515,179.515,190.0,BURL
2024-04-17 12:11:00,179.39,179.47,179.32,179.47,946.0,BURL
2024-04-17 12:10:00,179.17,179.36,179.148,179.295,2312.0,BURL
2024-04-17 12:08:00,179.12,179.12,179.11,179.11,1131.0,BURL
2024-04-17 12:07:00,179.09,179.22,179.09,179.12,1066.0,BURL
2024-04-17 12:06:00,179.04,179.28,179.04,179.085,1564.0,BURL
2024-04-17 12:05:00,179.26,179.26,179.09,179.1,583.0,BURL
2024-04-17 12:04:00,179.34,179.34,179.12,179.18,1359.0,BURL
2024-04-17 12:03:00,179.455,179.455,179.35,179.35,708.0,BURL
2024-04-17 12:02:00,179.485,179.485,179.4,179.4,608.0,BURL
2024-04-17 12:00:00,179.525,179.525,179.41,179.42,1376.0,BURL
2024-04-17 11:59:00,179.41,179.41,179.41,179.41,241.0,BURL
2024-04-17 11:58:00,179.525,179.525,179.46,179.515,841.0,BURL
2024-04-17 11:57:00,179.48,179.54,179.48,179.54,1304.0,BURL
2024-04-17 11:55:00,179.53,179.56,179.52,179.56,720.0,BURL
2024-04-17 11:54:00,179.54,179.62,179.54,179.575,435.0,BURL
2024-04-17 11:53:00,179.465,179.64,179.4,179.5,2957.0,BURL
2024-04-17 11:52:00,179.41,179.48,179.315,179.455,1803.0,BURL
2024-04-17 11:51:00,179.31,179.31,179.31,179.31,473.0,BURL
2024-04-17 11:50:00,179.43,179.45,179.2,179.25,2887.0,BURL
2024-04-17 11:49:00,179.45,179.56,179.36,179.36,2855.0,BURL
2024-04-17 11:48:00,179.41,179.555,179.41,179.44,2116.0,BURL
2024-04-17 11:47:00,179.56,179.56,179.415,179.42,785.0,BURL
2024-04-17 11:46:00,179.57,179.57,179.5,179.5,760.0,BURL
2024-04-17 11:45:00,179.65,179.65,179.56,179.56,300.0,BURL
2024-04-17 11:44:00,179.72,179.72,179.47,179.47,2833.0,BURL
2024-04-17 11:43:00,179.58,179.77,179.58,179.77,1193.0,BURL
2024-04-17 11:42:00,179.525,179.525,179.525,179.525,535.0,BURL
2024-04-17 11:41:00,179.515,179.515,179.515,179.515,493.0,BURL
2024-04-17 11:40:00,179.485,179.485,179.485,179.485,334.0,BURL
2024-04-17 11:39:00,179.48,179.48,179.48,179.48,180.0,BURL
2024-04-17 11:37:00,179.4,179.53,179.4,179.53,743.0,BURL
2024-04-17 11:35:00,179.22,179.22,179.19,179.19,529.0,BURL
2024-04-17 11:34:00,179.19,179.22,179.19,179.22,768.0,BURL
2024-04-17 11:33:00,179.37,179.37,179.36,179.36,717.0,BURL
2024-04-17 11:32:00,179.14,179.14,179.14,179.14,114.0,BURL
2024-04-17 11:31:00,179.44,179.44,179.44,179.44,288.0,BURL
2024-04-17 11:30:00,179.55,179.55,179.26,179.26,2180.0,BURL
2024-04-17 11:29:00,179.865,179.95,179.69,179.69,2489.0,BURL
2024-04-17 11:28:00,179.555,179.84,179.555,179.83,11450.0,BURL
2024-04-17 11:27:00,179.65,179.65,179.55,179.555,941.0,BURL
2024-04-17 11:24:00,179.5,179.5,179.5,179.5,362.0,BURL
2024-04-17 11:23:00,179.515,179.63,179.515,179.63,1457.0,BURL
2024-04-17 11:21:00,179.51,179.53,179.42,179.5,3628.0,BURL
2024-04-17 11:20:00,179.63,179.63,179.61,179.62,532.0,BURL
2024-04-17 11:14:00,179.66,179.66,179.66,179.66,508.0,BURL
2024-04-17 11:12:00,179.81,179.81,179.81,179.81,324.0,BURL
2024-04-17 11:11:00,179.777,179.88,179.778,179.88,672.0,BURL
2024-04-17 11:10:00,179.72,179.785,179.72,179.785,430.0,BURL
2024-04-17 11:09:00,180.04,180.21,179.67,179.75,4414.0,BURL
2024-04-17 11:08:00,180.04,180.04,180.04,180.04,307.0,BURL
2024-04-17 11:07:00,180.085,180.085,180.0,180.035,705.0,BURL
2024-04-17 11:06:00,180.105,180.26,180.07,180.085,4245.0,BURL
2024-04-17 11:05:00,180.06,180.12,180.06,180.105,1178.0,BURL
2024-04-17 11:04:00,179.945,180.18,179.935,180.125,3419.0,BURL
2024-04-17 11:03:00,179.945,179.945,179.94,179.94,1027.0,BURL
2024-04-17 11:02:00,180.13,180.13,179.83,179.83,1930.0,BURL
2024-04-17 11:01:00,179.98,180.12,179.96,180.05,1597.0,BURL
2024-04-17 10:59:00,179.83,179.969,179.74,179.74,2152.0,BURL
2024-04-17 10:58:00,179.6,179.82,179.6,179.675,3354.0,BURL
2024-04-17 10:57:00,179.23,179.49,179.23,179.49,2318.0,BURL
2024-04-17 10:56:00,179.22,179.25,179.11,179.235,1529.0,BURL
2024-04-17 10:55:00,179.28,179.28,179.215,179.22,1071.0,BURL
2024-04-17 10:54:00,179.01,179.09,178.89,179.09,1993.0,BURL
2024-04-17 10:52:00,179.26,179.26,179.26,179.26,587.0,BURL
2024-04-17 10:51:00,179.48,179.48,179.25,179.25,689.0,BURL
2024-04-17 10:50:00,179.62,179.62,179.54,179.58,768.0,BURL
2024-04-17 10:49:00,179.87,179.87,179.78,179.78,531.0,BURL
2024-04-17 10:48:00,179.81,179.87,179.8,179.87,1440.0,BURL
2024-04-17 10:47:00,179.94,179.94,179.86,179.89,1294.0,BURL
2024-04-17 10:46:00,179.62,179.9,179.55,179.855,4340.0,BURL
2024-04-17 10:44:00,180.03,180.03,179.87,179.89,1102.0,BURL
2024-04-17 10:43:00,180.035,180.035,180.035,180.035,787.0,BURL
2024-04-17 10:42:00,180.2,180.2,180.035,180.035,1347.0,BURL
2024-04-17 10:41:00,180.045,180.045,180.04,180.04,2383.0,BURL
2024-04-17 10:40:00,180.16,180.16,179.98,180.0,2002.0,BURL
2024-04-17 10:38:00,180.22,180.265,180.22,180.24,1103.0,BURL
2024-04-17 10:37:00,180.115,180.22,180.115,180.14,1339.0,BURL
2024-04-17 10:36:00,180.28,180.28,180.2,180.2,1294.0,BURL
2024-04-17 10:35:00,180.33,180.385,180.33,180.385,1124.0,BURL
2024-04-17 10:34:00,180.4,180.4,180.36,180.38,528.0,BURL
2024-04-17 10:33:00,180.4,180.4,180.36,180.4,883.0,BURL
2024-04-17 10:32:00,180.545,180.553,180.46,180.46,526.0,BURL
2024-04-17 10:31:00,180.53,180.565,180.53,180.565,866.0,BURL
2024-04-17 10:30:00,180.74,180.74,180.61,180.615,1397.0,BURL
2024-04-17 10:29:00,180.96,180.96,180.73,180.815,1608.0,BURL
2024-04-17 10:28:00,180.95,181.03,180.95,180.99,1079.0,BURL
2024-04-17 10:27:00,181.07,181.16,181.07,181.16,253.0,BURL
2024-04-17 10:26:00,181.01,181.19,181.01,181.08,1313.0,BURL
2024-04-17 10:25:00,180.855,180.97,180.855,180.95,1398.0,BURL
2024-04-17 10:24:00,180.89,180.92,180.73,180.83,1714.0,BURL
2024-04-17 10:23:00,180.97,180.99,180.925,180.96,1664.0,BURL
2024-04-17 10:22:00,181.12,181.23,181.105,181.12,1272.0,BURL
2024-04-17 10:21:00,181.095,181.095,181.095,181.095,372.0,BURL
2024-04-17 10:20:00,181.105,181.105,181.02,181.02,485.0,BURL
2024-04-17 10:19:00,181.29,181.29,181.05,181.05,470.0,BURL
2024-04-17 10:18:00,181.12,181.12,181.01,181.01,521.0,BURL
2024-04-17 10:17:00,181.1,181.1,180.945,181.025,1646.0,BURL
2024-04-17 10:16:00,180.815,180.94,180.815,180.94,1306.0,BURL
2024-04-17 10:14:00,180.932,181.02,180.75,180.83,746.0,BURL
2024-04-17 10:13:00,180.76,180.87,180.76,180.87,686.0,BURL
2024-04-17 10:12:00,180.49,180.72,180.465,180.7,3624.0,BURL
2024-04-17 10:11:00,180.42,180.42,180.42,180.42,124.0,BURL
2024-04-17 10:10:00,180.74,180.74,180.65,180.65,2056.0,BURL
2024-04-17 10:09:00,180.88,180.88,180.88,180.88,303.0,BURL
2024-04-17 10:08:00,180.82,180.89,180.725,180.885,2196.0,BURL
2024-04-17 10:07:00,180.92,181.01,180.87,180.87,889.0,BURL
2024-04-17 10:06:00,180.555,180.92,180.555,180.85,2589.0,BURL
2024-04-17 10:05:00,180.575,180.575,180.575,180.575,264.0,BURL
2024-04-17 10:04:00,180.58,180.58,180.4,180.4,1070.0,BURL
2024-04-17 10:03:00,180.66,180.66,180.61,180.63,1119.0,BURL
2024-04-17 10:02:00,180.53,180.79,180.53,180.79,3183.0,BURL
2024-04-17 10:01:00,180.49,180.66,180.375,180.53,4959.0,BURL
2024-04-17 10:00:00,180.91,180.94,180.645,180.645,2806.0,BURL
2024-04-17 09:59:00,180.93,180.95,180.835,180.935,1090.0,BURL
2024-04-17 09:58:00,181.015,181.015,181.015,181.015,195.0,BURL
2024-04-17 09:57:00,181.032,181.032,181.033,181.033,105.0,BURL
2024-04-17 09:56:00,181.21,181.21,180.89,180.89,976.0,BURL
2024-04-17 09:55:00,181.13,181.305,181.13,181.18,1024.0,BURL
2024-04-17 09:54:00,181.215,181.35,181.215,181.305,2497.0,BURL
2024-04-17 09:53:00,181.09,181.29,181.09,181.28,1393.0,BURL
2024-04-17 09:52:00,181.045,181.045,181.045,181.045,327.0,BURL
2024-04-17 09:51:00,181.11,181.11,181.03,181.04,771.0,BURL
2024-04-17 09:50:00,181.065,181.22,181.03,181.04,2464.0,BURL
2024-04-17 09:48:00,181.04,181.04,180.795,181.04,514.0,BURL
2024-04-17 09:47:00,181.04,181.04,181.04,181.04,249.0,BURL
2024-04-17 09:46:00,181.32,181.32,181.005,181.02,556.0,BURL
2024-04-17 09:44:00,181.175,181.175,180.93,181.04,1352.0,BURL
2024-04-17 09:43:00,180.95,181.312,180.95,181.265,1402.0,BURL
2024-04-17 09:42:00,180.79,180.79,180.79,180.79,225.0,BURL
2024-04-17 09:41:00,180.71,180.855,180.51,180.855,1889.0,BURL
2024-04-17 09:40:00,181.07,181.34,181.01,181.04,2635.0,BURL
2024-04-17 09:39:00,180.66,181.175,180.66,180.89,1295.0,BURL
2024-04-17 09:38:00,180.66,180.95,180.66,180.95,553.0,BURL
2024-04-17 09:37:00,181.12,181.12,180.68,180.68,411.0,BURL
2024-04-17 09:36:00,180.78,181.6,180.42,181.125,7545.0,BURL
2024-04-17 09:35:00,180.78,180.78,180.78,180.78,298.0,BURL
2024-04-17 09:34:00,181.21,181.21,180.54,180.7,1393.0,BURL
2024-04-17 09:33:00,181.09,181.09,181.09,181.09,262.0,BURL
2024-04-17 09:32:00,181.71,181.71,180.43,180.43,4815.0,BURL
2024-04-17 09:31:00,181.79,182.46,181.12,181.71,6677.0,BURL
2024-04-17 09:30:00,182.1,183.32,180.59,181.035,5922.0,BURL
2024-04-17 09:13:00,189.96,189.96,189.96,189.96,50.0,BURL
2024-04-17 08:12:00,180.92,180.92,180.92,180.92,2588.0,BURL
2024-04-17 08:08:00,180.92,180.92,180.92,180.92,10850.0,BURL
2024-04-17 08:06:00,180.92,180.92,180.92,180.92,57.0,BURL
2024-04-16 19:35:00,182.03,182.03,182.03,182.03,1.0,BURL
2024-04-16 19:00:00,180.92,180.92,180.92,180.92,100704.0,BURL
2024-04-16 18:30:00,180.92,180.92,180.92,180.92,100704.0,BURL
2024-04-16 17:04:00,180.92,180.92,180.92,180.92,22874.0,BURL
2024-04-16 17:00:00,180.92,180.92,180.92,180.92,9111.0,BURL
2024-04-16 16:20:00,180.92,180.92,180.92,180.92,11.0,BURL
2024-04-16 16:10:00,180.92,180.92,180.92,180.92,100704.0,BURL
2024-04-16 16:07:00,181.5,181.5,181.5,181.5,400.0,BURL
2024-04-16 16:05:00,182.78,182.78,182.78,182.78,20.0,BURL
2024-04-16 16:02:00,180.92,180.92,180.92,180.92,321.0,BURL
2024-04-16 16:01:00,180.92,180.92,180.92,180.92,888.0,BURL
2024-04-16 16:00:00,180.92,180.92,180.92,180.92,225689.0,BURL
2024-04-16 15:59:00,180.91,181.01,180.75,180.92,52196.0,BURL
2024-04-16 15:58:00,181.07,181.07,180.76,180.87,44521.0,BURL
2024-04-16 15:57:00,181.09,181.14,180.955,181.05,28609.0,BURL
2024-04-16 15:56:00,181.38,181.38,181.09,181.115,23598.0,BURL
2024-04-16 15:55:00,181.67,181.69,181.38,181.38,15998.0,BURL
2024-04-16 15:54:00,181.63,181.67,181.475,181.585,18049.0,BURL
2024-04-16 15:53:00,181.83,181.88,181.59,181.63,13647.0,BURL
2024-04-16 15:52:00,181.94,181.97,181.84,181.84,13330.0,BURL
2024-04-16 15:51:00,182.27,182.27,181.955,181.97,12992.0,BURL
2024-04-16 15:50:00,182.06,182.33,181.965,182.29,50974.0,BURL
2024-04-16 15:49:00,181.91,182.05,181.905,182.05,7090.0,BURL
2024-04-16 15:48:00,181.73,181.88,181.73,181.875,7213.0,BURL
2024-04-16 15:47:00,181.855,181.86,181.7,181.74,9596.0,BURL
2024-04-16 15:46:00,181.85,181.925,181.82,181.87,7438.0,BURL
2024-04-16 15:45:00,181.79,181.92,181.74,181.9,7256.0,BURL
2024-04-16 15:44:00,181.73,181.815,181.73,181.78,2818.0,BURL
2024-04-16 15:43:00,181.53,181.74,181.53,181.71,11202.0,BURL
2024-04-16 15:42:00,181.655,181.677,181.48,181.53,5225.0,BURL
2024-04-16 15:41:00,181.61,181.695,181.61,181.62,1921.0,BURL
2024-04-16 15:40:00,181.64,181.695,181.58,181.65,4262.0,BURL
2024-04-16 15:39:00,181.67,181.745,181.645,181.66,3115.0,BURL
2024-04-16 15:38:00,181.48,181.695,181.48,181.695,2636.0,BURL
2024-04-16 15:37:00,181.42,181.51,181.41,181.475,4438.0,BURL
2024-04-16 15:36:00,181.38,181.39,181.28,181.3,4122.0,BURL
2024-04-16 15:35:00,181.08,181.36,181.035,181.33,6956.0,BURL
2024-04-16 15:34:00,181.36,181.36,181.165,181.17,1829.0,BURL
2024-04-16 15:33:00,181.555,181.59,181.35,181.43,6459.0,BURL
2024-04-16 15:32:00,181.48,181.675,181.48,181.54,6630.0,BURL
2024-04-16 15:31:00,181.55,181.595,181.49,181.49,3034.0,BURL
2024-04-16 15:30:00,181.92,181.92,181.62,181.62,2570.0,BURL
2024-04-16 15:29:00,182.099,182.099,181.92,181.93,4427.0,BURL
2024-04-16 15:28:00,182.01,182.09,181.97,182.09,3455.0,BURL
2024-04-16 15:27:00,181.985,182.07,181.985,182.06,3318.0,BURL
2024-04-16 15:26:00,182.05,182.05,181.96,181.96,1473.0,BURL
2024-04-16 15:25:00,182.04,182.06,181.98,182.05,3368.0,BURL
2024-04-16 15:24:00,182.24,182.24,182.07,182.105,5622.0,BURL
2024-04-16 15:23:00,182.36,182.36,182.285,182.3,1405.0,BURL
2024-04-16 15:22:00,182.305,182.31,182.26,182.28,1721.0,BURL
2024-04-16 15:21:00,182.26,182.29,182.225,182.29,1228.0,BURL
2024-04-16 15:20:00,182.115,182.2,182.11,182.19,6145.0,BURL
2024-04-16 15:19:00,181.96,182.085,181.95,182.083,5154.0,BURL
2024-04-16 15:18:00,181.93,182.02,181.93,182.015,2566.0,BURL
2024-04-16 15:17:00,181.935,181.935,181.89,181.91,786.0,BURL
2024-04-16 15:16:00,181.9,181.97,181.85,181.88,2592.0,BURL
2024-04-16 15:15:00,181.93,181.97,181.88,181.96,2700.0,BURL
2024-04-16 15:14:00,182.015,182.015,181.95,181.95,1790.0,BURL
2024-04-16 15:13:00,181.93,182.0,181.89,181.96,3979.0,BURL
2024-04-16 15:12:00,181.98,181.995,181.93,181.93,1357.0,BURL
2024-04-16 15:11:00,181.92,181.987,181.92,181.988,998.0,BURL
2024-04-16 15:10:00,181.87,182.02,181.87,181.93,4018.0,BURL
2024-04-16 15:09:00,181.9,181.91,181.9,181.91,1224.0,BURL
2024-04-16 15:08:00,181.9,181.955,181.85,181.955,571.0,BURL
2024-04-16 15:07:00,181.915,181.915,181.915,181.915,366.0,BURL
2024-04-16 15:06:00,181.875,181.89,181.875,181.88,1004.0,BURL
2024-04-16 15:04:00,181.815,181.94,181.735,181.91,5637.0,BURL
2024-04-16 15:03:00,181.8,181.815,181.79,181.815,1487.0,BURL
2024-04-16 15:02:00,181.86,181.87,181.86,181.87,583.0,BURL
2024-04-16 15:01:00,181.86,181.86,181.84,181.84,1183.0,BURL
2024-04-16 15:00:00,181.9,181.91,181.86,181.86,2940.0,BURL
2024-04-16 14:59:00,181.825,181.86,181.825,181.86,1635.0,BURL
2024-04-16 14:58:00,181.845,181.845,181.74,181.79,1419.0,BURL
2024-04-16 14:57:00,181.84,181.86,181.78,181.81,2133.0,BURL
2024-04-16 14:56:00,181.73,181.81,181.696,181.81,2121.0,BURL
2024-04-16 14:55:00,181.8,181.8,181.71,181.77,2909.0,BURL
2024-04-16 14:54:00,181.97,181.99,181.83,181.945,3963.0,BURL
2024-04-16 14:53:00,181.67,181.975,181.67,181.975,5577.0,BURL
2024-04-16 14:52:00,181.635,181.635,181.635,181.635,344.0,BURL
2024-04-16 14:51:00,181.527,181.585,181.47,181.585,2112.0,BURL
2024-04-16 14:50:00,181.23,181.425,181.23,181.425,2366.0,BURL
2024-04-16 14:49:00,181.31,181.315,181.21,181.22,2728.0,BURL
2024-04-16 14:48:00,181.3,181.3,181.29,181.29,1071.0,BURL
2024-04-16 14:47:00,180.95,181.25,180.95,181.25,3563.0,BURL
2024-04-16 14:46:00,180.9,180.965,180.9,180.965,1321.0,BURL
2024-04-16 14:45:00,181.09,181.095,181.0,181.0,2099.0,BURL
2024-04-16 14:44:00,181.12,181.12,181.048,181.048,1130.0,BURL
2024-04-16 14:43:00,181.18,181.18,181.18,181.18,981.0,BURL
2024-04-16 14:42:00,181.03,181.1,181.005,181.005,3013.0,BURL
2024-04-16 14:41:00,180.96,180.96,180.96,180.96,469.0,BURL
2024-04-16 14:40:00,181.097,181.16,181.02,181.02,1683.0,BURL
2024-04-16 14:38:00,181.01,181.095,180.99,181.095,1703.0,BURL
2024-04-16 14:37:00,180.97,180.97,180.89,180.89,1095.0,BURL
2024-04-16 14:36:00,181.18,181.18,181.03,181.03,4620.0,BURL
2024-04-16 14:35:00,181.13,181.197,180.96,181.197,5204.0,BURL
2024-04-16 14:34:00,180.815,181.09,180.78,181.085,4539.0,BURL
2024-04-16 14:33:00,180.77,180.83,180.705,180.83,1904.0,BURL
2024-04-16 14:32:00,180.86,180.865,180.86,180.86,1238.0,BURL
2024-04-16 14:31:00,180.89,180.95,180.87,180.95,1695.0,BURL
2024-04-16 14:30:00,180.79,180.92,180.79,180.83,1525.0,BURL
2024-04-16 14:29:00,180.58,180.77,180.57,180.77,5308.0,BURL
2024-04-16 14:28:00,180.59,180.78,180.59,180.62,1278.0,BURL
2024-04-16 14:27:00,180.99,181.0,180.73,180.77,3440.0,BURL
2024-04-16 14:26:00,180.93,181.06,180.93,181.06,1131.0,BURL
2024-04-16 14:25:00,180.78,180.95,180.78,180.86,3708.0,BURL
2024-04-16 14:24:00,180.78,180.79,180.72,180.735,2429.0,BURL
2024-04-16 14:23:00,180.705,180.79,180.705,180.79,438.0,BURL
2024-04-16 14:22:00,180.79,180.93,180.775,180.805,3057.0,BURL
2024-04-16 14:21:00,180.7,180.71,180.62,180.69,1197.0,BURL
2024-04-16 14:20:00,181.22,181.25,180.92,180.92,4310.0,BURL
2024-04-16 14:19:00,181.115,181.21,181.06,181.13,3235.0,BURL
2024-04-16 14:18:00,181.32,181.325,181.085,181.085,1563.0,BURL
2024-04-16 14:17:00,181.42,181.42,181.31,181.32,3591.0,BURL
2024-04-16 14:16:00,181.5,181.572,181.43,181.43,1916.0,BURL
2024-04-16 14:15:00,181.81,181.87,181.63,181.63,2910.0,BURL
2024-04-16 14:14:00,182.3,182.36,181.95,181.985,6006.0,BURL
2024-04-16 14:13:00,182.545,182.545,182.28,182.28,3144.0,BURL
2024-04-16 14:12:00,182.51,182.68,182.51,182.545,5069.0,BURL
2024-04-16 14:11:00,182.46,182.505,182.38,182.505,2549.0,BURL
2024-04-16 14:10:00,182.52,182.52,182.52,182.52,662.0,BURL
2024-04-16 14:09:00,182.51,182.63,182.45,182.63,1122.0,BURL
2024-04-16 14:08:00,182.385,182.53,182.385,182.43,1068.0,BURL
2024-04-16 14:07:00,182.01,182.35,182.01,182.35,5263.0,BURL
2024-04-16 14:06:00,181.9,182.0,181.9,182.0,672.0,BURL
2024-04-16 14:05:00,181.785,181.81,181.72,181.81,1592.0,BURL
2024-04-16 14:04:00,181.56,181.8,181.56,181.71,2107.0,BURL
2024-04-16 14:03:00,181.71,181.71,181.64,181.64,3043.0,BURL
2024-04-16 14:02:00,181.72,181.8,181.67,181.67,1929.0,BURL
2024-04-16 14:01:00,181.84,181.84,181.665,181.665,2503.0,BURL
2024-04-16 14:00:00,181.96,181.98,181.95,181.98,850.0,BURL
2024-04-16 13:59:00,181.955,182.07,181.9,182.015,1987.0,BURL
2024-04-16 13:58:00,181.95,181.95,181.845,181.845,1963.0,BURL
2024-04-16 13:57:00,181.98,182.04,181.98,182.035,670.0,BURL
2024-04-16 13:56:00,182.04,182.04,181.97,181.97,1616.0,BURL
2024-04-16 13:55:00,181.86,182.09,181.86,182.09,2785.0,BURL
2024-04-16 13:54:00,181.76,182.02,181.705,181.93,5759.0,BURL
2024-04-16 13:53:00,181.6,181.695,181.6,181.64,2656.0,BURL
2024-04-16 13:52:00,181.685,181.685,181.517,181.59,2501.0,BURL
2024-04-16 13:51:00,181.84,181.84,181.66,181.763,2344.0,BURL
2024-04-16 13:50:00,181.88,181.88,181.88,181.88,770.0,BURL
2024-04-16 13:49:00,182.17,182.2,182.02,182.02,3696.0,BURL
2024-04-16 13:48:00,182.15,182.28,182.15,182.238,2229.0,BURL
2024-04-16 13:47:00,182.21,182.21,182.12,182.135,1579.0,BURL
2024-04-16 13:46:00,182.43,182.43,182.23,182.28,1863.0,BURL
2024-04-16 13:45:00,182.36,182.51,182.36,182.415,1787.0,BURL
2024-04-16 13:44:00,182.39,182.42,182.24,182.39,3955.0,BURL
2024-04-16 13:43:00,182.38,182.38,182.37,182.38,1209.0,BURL
2024-04-16 13:42:00,182.37,182.37,182.37,182.37,1118.0,BURL
2024-04-16 13:41:00,182.41,182.525,182.38,182.38,4236.0,BURL
2024-04-16 13:40:00,182.05,182.5,182.05,182.46,15364.0,BURL
2024-04-16 13:39:00,182.23,182.24,182.04,182.175,3968.0,BURL
2024-04-16 13:38:00,182.19,182.312,182.155,182.313,4539.0,BURL
2024-04-16 13:37:00,182.34,182.39,182.145,182.145,2147.0,BURL
2024-04-16 13:36:00,182.3,182.52,182.3,182.42,2474.0,BURL
2024-04-16 13:35:00,182.137,182.44,182.11,182.33,5542.0,BURL
2024-04-16 13:34:00,182.065,182.085,181.89,182.085,2247.0,BURL
2024-04-16 13:33:00,182.24,182.265,182.24,182.265,646.0,BURL
2024-04-16 13:32:00,182.07,182.31,182.0,182.185,3405.0,BURL
2024-04-16 13:31:00,182.32,182.54,182.32,182.34,2188.0,BURL
2024-04-16 13:30:00,182.85,182.95,182.28,182.28,3264.0,BURL
2024-04-16 13:29:00,183.18,183.205,182.84,182.84,2872.0,BURL
2024-04-16 13:28:00,183.18,183.23,183.18,183.18,1527.0,BURL
2024-04-16 13:27:00,183.01,183.17,183.01,183.11,1856.0,BURL
2024-04-16 13:25:00,183.0,183.06,182.995,183.03,1945.0,BURL
2024-04-16 13:24:00,182.8,183.112,182.8,183.113,4128.0,BURL
2024-04-16 13:23:00,182.92,182.92,182.79,182.84,3622.0,BURL
2024-04-16 13:22:00,182.965,182.97,182.9,182.9,1798.0,BURL
2024-04-16 13:21:00,183.05,183.05,182.89,182.96,1077.0,BURL
2024-04-16 13:20:00,183.1,183.12,183.05,183.05,2850.0,BURL
2024-04-16 13:19:00,183.14,183.24,183.14,183.17,2238.0,BURL
2024-04-16 13:18:00,183.025,183.18,183.025,183.18,2688.0,BURL
2024-04-16 13:17:00,183.02,183.03,183.0,183.02,699.0,BURL
2024-04-16 13:16:00,183.01,183.02,182.945,183.02,1974.0,BURL
2024-04-16 13:14:00,182.9,183.03,182.86,182.985,3966.0,BURL
2024-04-16 13:13:00,182.81,182.87,182.81,182.81,1582.0,BURL
2024-04-16 13:12:00,182.85,182.85,182.71,182.71,1328.0,BURL
2024-04-16 13:11:00,182.85,182.884,182.85,182.884,756.0,BURL
2024-04-16 13:10:00,182.96,183.0,182.89,182.915,1654.0,BURL
2024-04-16 13:09:00,183.03,183.03,183.0,183.03,445.0,BURL
2024-04-16 13:08:00,183.015,183.03,183.015,183.025,808.0,BURL
2024-04-16 13:07:00,182.75,182.965,182.74,182.965,2697.0,BURL
2024-04-16 13:05:00,182.66,182.66,182.66,182.66,507.0,BURL
2024-04-16 13:04:00,182.76,183.0,182.75,182.79,7091.0,BURL
2024-04-16 13:03:00,182.68,182.75,182.68,182.74,963.0,BURL
2024-04-16 13:02:00,182.75,182.79,182.66,182.66,1190.0,BURL
2024-04-16 13:01:00,182.845,182.845,182.79,182.79,1574.0,BURL
2024-04-16 13:00:00,182.91,182.91,182.805,182.815,1881.0,BURL
2024-04-16 12:59:00,182.895,182.895,182.8,182.82,1600.0,BURL
2024-04-16 12:58:00,182.8,182.87,182.8,182.86,1247.0,BURL
2024-04-16 12:57:00,182.88,182.88,182.8,182.8,1568.0,BURL
2024-04-16 12:56:00,182.91,182.915,182.87,182.87,1154.0,BURL
2024-04-16 12:55:00,182.96,182.96,182.96,182.96,103.0,BURL
2024-04-16 12:54:00,182.92,182.92,182.875,182.91,1341.0,BURL
2024-04-16 12:51:00,183.02,183.02,183.02,183.02,602.0,BURL
2024-04-16 12:50:00,183.0,183.07,183.0,183.02,1594.0,BURL
2024-04-16 12:49:00,182.97,183.0,182.97,183.0,1719.0,BURL
2024-04-16 12:48:00,182.91,183.015,182.91,183.015,1031.0,BURL
2024-04-16 12:47:00,182.81,182.9,182.81,182.88,2301.0,BURL
2024-04-16 12:46:00,182.84,182.84,182.75,182.833,578.0,BURL
2024-04-16 12:45:00,182.97,182.97,182.825,182.825,1313.0,BURL
2024-04-16 12:43:00,183.04,183.04,182.985,182.985,1201.0,BURL
2024-04-16 12:42:00,183.18,183.18,183.09,183.09,2024.0,BURL
2024-04-16 12:41:00,183.25,183.345,183.04,183.185,3805.0,BURL
2024-04-16 12:40:00,183.19,183.34,183.152,183.34,1562.0,BURL
2024-04-16 12:39:00,183.1,183.17,183.1,183.125,3001.0,BURL
2024-04-16 12:38:00,183.13,183.13,183.13,183.13,370.0,BURL
2024-04-16 12:37:00,183.085,183.15,183.02,183.15,4736.0,BURL
2024-04-16 12:35:00,183.067,183.067,183.055,183.055,700.0,BURL
2024-04-16 12:34:00,182.98,183.09,182.98,183.058,1814.0,BURL
2024-04-16 12:33:00,183.085,183.085,182.985,182.985,1956.0,BURL
2024-04-16 12:32:00,183.18,183.18,183.08,183.135,3356.0,BURL
2024-04-16 12:30:00,183.12,183.12,183.12,183.12,253.0,BURL
2024-04-16 12:29:00,183.15,183.15,183.1,183.1,1368.0,BURL
2024-04-16 12:28:00,183.2,183.27,183.2,183.21,1280.0,BURL
2024-04-16 12:27:00,183.18,183.18,183.18,183.18,112.0,BURL
2024-04-16 12:26:00,183.08,183.18,183.08,183.18,1503.0,BURL
2024-04-16 12:25:00,183.08,183.09,183.08,183.09,222.0,BURL
2024-04-16 12:24:00,183.14,183.16,183.055,183.08,2142.0,BURL
2024-04-16 12:23:00,183.22,183.22,183.18,183.18,1489.0,BURL
2024-04-16 12:22:00,183.31,183.31,183.23,183.24,703.0,BURL
2024-04-16 12:21:00,183.31,183.33,183.28,183.31,1290.0,BURL
2024-04-16 12:20:00,183.255,183.255,183.255,183.255,544.0,BURL
2024-04-16 12:19:00,183.34,183.34,183.2,183.2,2187.0,BURL
2024-04-16 12:18:00,183.395,183.395,183.395,183.395,520.0,BURL
2024-04-16 12:17:00,183.38,183.387,183.38,183.388,526.0,BURL
2024-04-16 12:16:00,183.3,183.43,183.29,183.34,1982.0,BURL
2024-04-16 12:15:00,183.35,183.37,183.29,183.36,2122.0,BURL
2024-04-16 12:14:00,183.275,183.275,183.275,183.275,270.0,BURL
2024-04-16 12:13:00,183.23,183.32,183.23,183.27,1450.0,BURL
2024-04-16 12:12:00,183.15,183.16,183.12,183.16,903.0,BURL
2024-04-16 12:10:00,183.155,183.22,183.155,183.22,869.0,BURL
2024-04-16 12:09:00,183.085,183.13,183.085,183.13,1735.0,BURL
2024-04-16 12:08:00,182.98,183.1,182.98,183.07,3666.0,BURL
2024-04-16 12:07:00,182.959,182.959,182.959,182.959,257.0,BURL
2024-04-16 12:06:00,182.78,182.85,182.78,182.84,1033.0,BURL
2024-04-16 12:05:00,182.63,182.75,182.63,182.75,2312.0,BURL
2024-04-16 12:04:00,182.67,182.67,182.63,182.63,980.0,BURL
2024-04-16 12:03:00,182.745,182.745,182.67,182.745,511.0,BURL
2024-04-16 12:02:00,182.66,182.79,182.66,182.79,1733.0,BURL
2024-04-16 12:01:00,182.99,183.015,182.705,182.755,1845.0,BURL
2024-04-16 12:00:00,183.065,183.065,182.98,183.03,2678.0,BURL
2024-04-16 11:59:00,183.03,183.15,182.99,183.065,5511.0,BURL
2024-04-16 11:57:00,183.12,183.125,183.07,183.07,1395.0,BURL
2024-04-16 11:56:00,183.22,183.22,183.19,183.21,808.0,BURL
2024-04-16 11:55:00,183.23,183.23,183.23,183.23,227.0,BURL
2024-04-16 11:54:00,183.26,183.3,183.17,183.29,2410.0,BURL
2024-04-16 11:53:00,183.34,183.362,183.325,183.33,2416.0,BURL
2024-04-16 11:52:00,183.24,183.27,183.24,183.26,922.0,BURL
2024-04-16 11:51:00,183.13,183.25,183.13,183.25,1402.0,BURL
2024-04-16 11:50:00,183.045,183.045,183.045,183.045,143.0,BURL
2024-04-16 11:49:00,182.98,183.0,182.98,183.0,572.0,BURL
2024-04-16 11:48:00,183.065,183.15,183.065,183.15,887.0,BURL
2024-04-16 11:47:00,183.07,183.07,183.055,183.055,407.0,BURL
2024-04-16 11:46:00,183.03,183.07,182.81,183.07,2938.0,BURL
2024-04-16 11:45:00,183.34,183.345,183.09,183.175,2872.0,BURL
2024-04-16 11:44:00,183.42,183.435,183.36,183.36,982.0,BURL
2024-04-16 11:43:00,183.35,183.365,183.35,183.365,1314.0,BURL
2024-04-16 11:42:00,183.13,183.28,183.1,183.28,1811.0,BURL
2024-04-16 11:41:00,183.02,183.02,183.02,183.02,133.0,BURL
2024-04-16 11:40:00,183.04,183.04,183.04,183.04,229.0,BURL
2024-04-16 11:39:00,183.21,183.21,182.91,182.91,1691.0,BURL
2024-04-16 11:38:00,183.31,183.34,183.31,183.34,286.0,BURL
2024-04-16 11:37:00,183.42,183.42,183.3,183.3,4814.0,BURL
2024-04-16 11:36:00,183.37,183.41,183.37,183.37,1050.0,BURL
2024-04-16 11:35:00,183.235,183.33,183.235,183.33,1451.0,BURL
2024-04-16 11:34:00,183.165,183.165,183.16,183.16,347.0,BURL
2024-04-16 11:33:00,183.08,183.24,183.08,183.14,2607.0,BURL
2024-04-16 11:32:00,183.042,183.05,182.92,183.05,2767.0,BURL
2024-04-16 11:31:00,183.005,183.07,183.0,183.0,2487.0,BURL
2024-04-16 11:30:00,183.01,183.03,182.94,183.005,1303.0,BURL
2024-04-16 11:29:00,182.96,183.02,182.96,183.02,861.0,BURL
2024-04-16 11:28:00,182.895,182.97,182.89,182.97,970.0,BURL
2024-04-16 11:26:00,182.72,182.82,182.72,182.775,1256.0,BURL
2024-04-16 11:25:00,182.63,182.63,182.63,182.63,472.0,BURL
2024-04-16 11:23:00,182.4,182.59,182.4,182.59,3844.0,BURL
2024-04-16 11:22:00,182.49,182.49,182.295,182.395,4644.0,BURL
2024-04-16 11:21:00,182.485,182.485,182.485,182.485,196.0,BURL
2024-04-16 11:20:00,182.465,182.54,182.465,182.54,964.0,BURL
2024-04-16 11:19:00,182.755,182.78,182.48,182.48,4268.0,BURL
2024-04-16 11:18:00,182.81,182.81,182.7,182.7,1119.0,BURL
2024-04-16 11:17:00,182.81,182.81,182.8,182.8,380.0,BURL
2024-04-16 11:16:00,182.86,182.86,182.785,182.82,1035.0,BURL
2024-04-16 11:15:00,182.695,182.84,182.695,182.84,1785.0,BURL
2024-04-16 11:14:00,182.75,182.78,182.69,182.7,2738.0,BURL
2024-04-16 11:13:00,182.79,182.86,182.75,182.76,2398.0,BURL
2024-04-16 11:12:00,182.85,182.85,182.8,182.8,742.0,BURL
2024-04-16 11:11:00,182.85,182.895,182.85,182.895,1459.0,BURL
2024-04-16 11:10:00,182.63,182.8,182.615,182.75,4113.0,BURL
2024-04-16 11:09:00,182.711,182.711,182.61,182.61,2453.0,BURL
2024-04-16 11:08:00,182.63,182.77,182.63,182.72,4339.0,BURL
2024-04-16 11:07:00,182.68,182.69,182.58,182.69,753.0,BURL
2024-04-16 11:06:00,182.665,182.75,182.665,182.68,1671.0,BURL
2024-04-16 11:05:00,182.8,182.8,182.65,182.65,1319.0,BURL
2024-04-16 11:04:00,182.835,182.89,182.78,182.86,1402.0,BURL
2024-04-16 11:03:00,183.0,183.06,182.81,182.835,3797.0,BURL
2024-04-16 11:02:00,182.92,182.99,182.92,182.975,2737.0,BURL
2024-04-16 11:01:00,182.81,182.83,182.81,182.81,510.0,BURL
2024-04-16 11:00:00,183.0,183.0,182.84,182.87,4047.0,BURL
2024-04-16 10:59:00,183.0,183.055,183.0,183.055,556.0,BURL
2024-04-16 10:58:00,183.055,183.055,182.99,182.99,349.0,BURL
2024-04-16 10:57:00,183.07,183.07,183.0,183.0,514.0,BURL
2024-04-16 10:56:00,183.13,183.13,183.13,183.13,1140.0,BURL
2024-04-16 10:55:00,183.104,183.104,183.06,183.06,701.0,BURL
2024-04-16 10:54:00,183.27,183.275,183.15,183.18,2461.0,BURL
2024-04-16 10:53:00,183.27,183.27,183.2,183.27,875.0,BURL
2024-04-16 10:52:00,183.28,183.28,183.265,183.265,1804.0,BURL
2024-04-16 10:51:00,183.19,183.19,183.18,183.18,852.0,BURL
2024-04-16 10:50:00,183.4,183.4,183.25,183.25,1490.0,BURL
2024-04-16 10:49:00,183.58,183.58,183.41,183.545,2403.0,BURL
2024-04-16 10:48:00,183.645,183.69,183.57,183.59,2510.0,BURL
2024-04-16 10:47:00,183.52,183.64,183.52,183.61,1063.0,BURL
2024-04-16 10:46:00,183.63,183.65,183.52,183.52,1907.0,BURL
2024-04-16 10:45:00,183.63,183.69,183.62,183.69,524.0,BURL
2024-04-16 10:44:00,183.66,183.75,183.66,183.72,2204.0,BURL
2024-04-16 10:43:00,183.66,183.66,183.66,183.66,222.0,BURL
2024-04-16 10:42:00,183.7,183.74,183.62,183.68,3225.0,BURL
2024-04-16 10:41:00,183.79,183.79,183.62,183.64,4583.0,BURL
2024-04-16 10:40:00,183.66,183.85,183.66,183.78,3521.0,BURL
2024-04-16 10:38:00,183.565,183.57,183.565,183.57,953.0,BURL
2024-04-16 10:37:00,183.54,183.65,183.52,183.52,1739.0,BURL
2024-04-16 10:36:00,183.23,183.68,183.19,183.61,11035.0,BURL
2024-04-16 10:35:00,183.23,183.29,183.18,183.18,3241.0,BURL
2024-04-16 10:34:00,183.158,183.158,183.15,183.15,477.0,BURL
2024-04-16 10:33:00,183.23,183.23,183.14,183.14,1136.0,BURL
2024-04-16 10:32:00,183.16,183.16,183.03,183.04,875.0,BURL
2024-04-16 10:31:00,183.22,183.23,183.18,183.18,1410.0,BURL
2024-04-16 10:30:00,183.33,183.33,183.22,183.22,672.0,BURL
2024-04-16 10:29:00,183.38,183.39,183.23,183.23,2520.0,BURL
2024-04-16 10:28:00,183.47,183.48,183.41,183.41,2735.0,BURL
2024-04-16 10:27:00,183.47,183.475,183.41,183.41,802.0,BURL
2024-04-16 10:26:00,183.83,183.88,183.47,183.595,3473.0,BURL
2024-04-16 10:25:00,183.815,183.82,183.792,183.795,1402.0,BURL
2024-04-16 10:24:00,183.725,183.87,183.67,183.78,4917.0,BURL
2024-04-16 10:23:00,183.97,184.025,183.81,183.81,3253.0,BURL
2024-04-16 10:22:00,183.96,184.08,183.96,183.98,2746.0,BURL
2024-04-16 10:21:00,184.04,184.14,183.95,183.97,7275.0,BURL
2024-04-16 10:20:00,184.17,184.17,184.17,184.17,158.0,BURL
2024-04-16 10:19:00,184.24,184.24,184.07,184.09,1851.0,BURL
2024-04-16 10:18:00,184.14,184.24,184.04,184.24,1602.0,BURL
2024-04-16 10:17:00,183.92,184.22,183.92,184.135,4972.0,BURL
2024-04-16 10:16:00,184.005,184.005,183.83,183.92,1783.0,BURL
2024-04-16 10:15:00,183.885,184.01,183.885,183.99,2735.0,BURL
2024-04-16 10:14:00,183.98,183.98,183.885,183.885,591.0,BURL
2024-04-16 10:13:00,183.66,183.96,183.66,183.875,6415.0,BURL
2024-04-16 10:12:00,183.7,183.7,183.56,183.63,2138.0,BURL
2024-04-16 10:11:00,183.82,183.83,183.795,183.795,1186.0,BURL
2024-04-16 10:10:00,183.66,183.752,183.62,183.753,4041.0,BURL
2024-04-16 10:09:00,184.0,184.01,183.81,183.81,5576.0,BURL
2024-04-16 10:08:00,184.01,184.12,184.01,184.12,1601.0,BURL
2024-04-16 10:07:00,184.11,184.117,183.93,184.03,2263.0,BURL
2024-04-16 10:06:00,184.27,184.27,184.265,184.265,561.0,BURL
2024-04-16 10:05:00,184.035,184.19,184.035,184.13,2889.0,BURL
2024-04-16 10:04:00,183.96,184.04,183.87,184.02,5138.0,BURL
2024-04-16 10:03:00,184.015,184.015,183.87,183.96,1412.0,BURL
2024-04-16 10:02:00,183.875,184.02,183.875,183.885,1240.0,BURL
2024-04-16 10:01:00,184.1,184.1,183.64,183.865,11432.0,BURL
2024-04-16 10:00:00,183.695,184.095,183.63,184.005,7552.0,BURL
2024-04-16 09:59:00,183.42,183.69,183.42,183.69,1955.0,BURL
2024-04-16 09:58:00,183.41,183.42,183.41,183.42,569.0,BURL
2024-04-16 09:57:00,183.39,183.39,183.39,183.39,135.0,BURL
2024-04-16 09:56:00,183.295,183.295,183.29,183.29,232.0,BURL
2024-04-16 09:55:00,183.14,183.14,183.12,183.12,501.0,BURL
2024-04-16 09:54:00,183.4,183.4,183.23,183.23,1006.0,BURL
2024-04-16 09:52:00,183.635,183.635,183.635,183.635,201.0,BURL
2024-04-16 09:51:00,183.87,183.87,183.63,183.63,699.0,BURL
2024-04-16 09:50:00,183.45,183.485,183.45,183.485,845.0,BURL
2024-04-16 09:49:00,183.39,183.39,183.38,183.38,416.0,BURL
2024-04-16 09:48:00,183.39,183.39,183.39,183.39,180.0,BURL
2024-04-16 09:47:00,183.94,183.94,183.64,183.645,1496.0,BURL
2024-04-16 09:46:00,184.17,184.185,184.17,184.185,515.0,BURL
2024-04-16 09:45:00,184.022,184.23,183.82,184.23,2862.0,BURL
2024-04-16 09:44:00,184.03,184.13,183.81,183.88,2173.0,BURL
2024-04-16 09:43:00,184.1,184.155,184.1,184.155,760.0,BURL
2024-04-16 09:42:00,184.2,184.24,184.15,184.15,803.0,BURL
2024-04-16 09:39:00,184.52,184.755,184.47,184.755,2537.0,BURL
2024-04-16 09:38:00,184.21,184.355,184.16,184.16,894.0,BURL
2024-04-16 09:37:00,184.52,184.52,184.51,184.51,1324.0,BURL
2024-04-16 09:36:00,184.1,184.615,184.1,184.42,440.0,BURL
2024-04-16 09:34:00,185.0,185.0,184.42,184.42,2312.0,BURL
2024-04-16 09:33:00,184.8,184.85,184.8,184.85,705.0,BURL
2024-04-16 09:32:00,184.93,184.93,184.55,184.755,3482.0,BURL
2024-04-16 09:31:00,184.66,184.66,184.66,184.66,380.0,BURL
2024-04-16 09:30:00,184.59,185.235,184.59,185.235,4087.0,BURL
2024-04-16 08:00:00,184.7,184.7,184.7,184.7,1040.0,BURL
2024-04-15 19:00:00,184.76,184.76,184.76,184.76,211773.0,BURL
2024-04-15 18:30:00,184.76,184.76,184.76,184.76,211773.0,BURL
2024-04-15 17:09:00,184.76,184.76,184.76,184.76,32287.0,BURL
2024-04-15 16:37:00,184.0,184.0,184.0,184.0,1.0,BURL
2024-04-15 16:12:00,187.55,187.55,187.55,187.55,1.0,BURL
2024-04-15 16:10:00,184.76,184.76,184.76,184.76,211773.0,BURL
2024-04-15 16:01:00,184.76,184.76,184.76,184.76,119.0,BURL
2024-04-15 16:00:00,184.74,184.76,180.69,184.76,492753.0,BURL
2024-04-15 15:59:00,185.02,185.15,184.68,184.7,72627.0,BURL
2024-04-15 15:58:00,184.92,185.08,184.86,185.02,38283.0,BURL
2024-04-15 15:57:00,184.855,184.9,184.775,184.9,16797.0,BURL
2024-04-15 15:56:00,184.97,184.97,184.775,184.86,15337.0,BURL
2024-04-15 15:55:00,184.91,184.95,184.77,184.9,14794.0,BURL
2024-04-15 15:54:00,184.61,184.915,184.605,184.915,9004.0,BURL
2024-04-15 15:53:00,184.481,184.57,184.41,184.57,7362.0,BURL
2024-04-15 15:52:00,184.4,184.525,184.36,184.48,9975.0,BURL
2024-04-15 15:51:00,184.19,184.38,184.19,184.34,11194.0,BURL
2024-04-15 15:50:00,184.13,184.21,184.0,184.21,13735.0,BURL
2024-04-15 15:49:00,183.815,184.09,183.815,184.09,6037.0,BURL
2024-04-15 15:48:00,184.1,184.11,183.82,183.82,11404.0,BURL
2024-04-15 15:47:00,184.05,184.22,184.05,184.05,7956.0,BURL
2024-04-15 15:46:00,184.19,184.19,184.03,184.03,4441.0,BURL
2024-04-15 15:45:00,184.17,184.23,184.09,184.23,6249.0,BURL
2024-04-15 15:44:00,184.08,184.16,184.05,184.12,3841.0,BURL
2024-04-15 15:43:00,184.2,184.22,184.06,184.08,17743.0,BURL
2024-04-15 15:42:00,184.31,184.33,184.17,184.19,11236.0,BURL
2024-04-15 15:41:00,184.295,184.295,184.25,184.26,2291.0,BURL
2024-04-15 15:40:00,184.33,184.332,184.26,184.295,2916.0,BURL
2024-04-15 15:39:00,184.35,184.35,184.32,184.32,2963.0,BURL
2024-04-15 15:38:00,184.18,184.39,184.18,184.39,6878.0,BURL
2024-04-15 15:37:00,184.37,184.37,184.18,184.18,5683.0,BURL
2024-04-15 15:36:00,184.425,184.43,184.37,184.37,2075.0,BURL
2024-04-15 15:35:00,184.44,184.49,184.4,184.425,4731.0,BURL
2024-04-15 15:34:00,184.505,184.54,184.46,184.49,3031.0,BURL
2024-04-15 15:33:00,184.5,184.59,184.47,184.505,3340.0,BURL
2024-04-15 15:32:00,184.47,184.515,184.36,184.515,4594.0,BURL
2024-04-15 15:31:00,184.39,184.49,184.37,184.49,3290.0,BURL
2024-04-15 15:30:00,184.34,184.49,184.34,184.39,6907.0,BURL
2024-04-15 15:29:00,184.39,184.4,184.16,184.29,5515.0,BURL
2024-04-15 15:28:00,184.515,184.515,184.355,184.355,3686.0,BURL
2024-04-15 15:27:00,184.435,184.54,184.435,184.515,2781.0,BURL
2024-04-15 15:26:00,184.555,184.555,184.38,184.435,3237.0,BURL
2024-04-15 15:25:00,184.505,184.6,184.505,184.56,2143.0,BURL
2024-04-15 15:24:00,184.58,184.65,184.42,184.505,7236.0,BURL
2024-04-15 15:23:00,184.4,184.57,184.395,184.5,2006.0,BURL
2024-04-15 15:22:00,184.32,184.41,184.32,184.405,2276.0,BURL
2024-04-15 15:21:00,184.25,184.36,184.24,184.265,3452.0,BURL
2024-04-15 15:20:00,183.92,184.29,183.91,184.17,10538.0,BURL
2024-04-15 15:19:00,183.93,183.93,183.85,183.89,2247.0,BURL
2024-04-15 15:18:00,183.93,183.94,183.85,183.94,3129.0,BURL
2024-04-15 15:17:00,184.07,184.07,183.96,183.99,3332.0,BURL
2024-04-15 15:16:00,184.085,184.09,184.04,184.04,3573.0,BURL
2024-04-15 15:15:00,184.1,184.1,184.04,184.085,1729.0,BURL
2024-04-15 15:14:00,184.24,184.24,184.09,184.11,3334.0,BURL
2024-04-15 15:13:00,184.37,184.37,184.13,184.19,9017.0,BURL
2024-04-15 15:12:00,184.51,184.52,184.39,184.39,6219.0,BURL
2024-04-15 15:11:00,184.445,184.5,184.39,184.49,5414.0,BURL
2024-04-15 15:10:00,184.46,184.46,184.42,184.44,1588.0,BURL
2024-04-15 15:09:00,184.295,184.53,184.295,184.46,9091.0,BURL
2024-04-15 15:08:00,184.515,184.57,184.295,184.3,5624.0,BURL
2024-04-15 15:07:00,184.715,184.715,184.5,184.51,3408.0,BURL
2024-04-15 15:06:00,184.745,184.79,184.6,184.715,8531.0,BURL
2024-04-15 15:05:00,184.745,184.8,184.71,184.745,3829.0,BURL
2024-04-15 15:04:00,184.795,184.795,184.74,184.74,701.0,BURL
2024-04-15 15:03:00,184.96,184.965,184.74,184.77,3842.0,BURL
2024-04-15 15:02:00,184.885,185.065,184.88,184.965,10576.0,BURL
2024-04-15 15:01:00,184.84,184.89,184.84,184.89,843.0,BURL
2024-04-15 15:00:00,184.96,184.96,184.9,184.91,1841.0,BURL
2024-04-15 14:59:00,184.985,184.985,184.91,184.96,1553.0,BURL
2024-04-15 14:58:00,184.87,185.01,184.87,184.95,4147.0,BURL
2024-04-15 14:57:00,184.85,184.85,184.85,184.85,327.0,BURL
2024-04-15 14:56:00,184.86,184.86,184.855,184.855,1963.0,BURL
2024-04-15 14:55:00,184.835,184.92,184.83,184.86,2724.0,BURL
2024-04-15 14:54:00,184.72,184.83,184.685,184.83,5633.0,BURL
2024-04-15 14:53:00,184.765,184.765,184.68,184.7,1094.0,BURL
2024-04-15 14:52:00,184.84,184.84,184.75,184.75,1156.0,BURL
2024-04-15 14:51:00,184.85,184.91,184.79,184.81,3327.0,BURL
2024-04-15 14:50:00,184.82,184.82,184.82,184.82,447.0,BURL
2024-04-15 14:49:00,184.97,184.97,184.9,184.9,710.0,BURL
2024-04-15 14:48:00,185.035,185.035,185.035,185.035,314.0,BURL
2024-04-15 14:47:00,185.04,185.04,185.01,185.01,1675.0,BURL
2024-04-15 14:46:00,185.1,185.1,185.09,185.09,574.0,BURL
2024-04-15 14:45:00,185.09,185.095,185.09,185.095,715.0,BURL
2024-04-15 14:44:00,185.065,185.095,185.065,185.095,1134.0,BURL
2024-04-15 14:43:00,185.195,185.195,185.11,185.13,1166.0,BURL
2024-04-15 14:42:00,185.18,185.25,185.165,185.195,1489.0,BURL
2024-04-15 14:41:00,185.225,185.225,185.12,185.18,3585.0,BURL
2024-04-15 14:40:00,185.26,185.3,185.14,185.235,3188.0,BURL
2024-04-15 14:39:00,185.4,185.4,185.24,185.24,2517.0,BURL
2024-04-15 14:38:00,185.38,185.4,185.38,185.4,646.0,BURL
2024-04-15 14:37:00,185.425,185.45,185.425,185.435,1291.0,BURL
2024-04-15 14:36:00,185.414,185.414,185.35,185.355,1371.0,BURL
2024-04-15 14:35:00,185.325,185.39,185.325,185.39,1362.0,BURL
2024-04-15 14:34:00,185.03,185.34,185.02,185.32,3985.0,BURL
2024-04-15 14:33:00,184.99,185.1,184.985,185.04,3664.0,BURL
2024-04-15 14:32:00,184.9,184.98,184.9,184.93,1213.0,BURL
2024-04-15 14:31:00,184.895,184.95,184.895,184.905,619.0,BURL
2024-04-15 14:30:00,184.745,184.92,184.74,184.895,2226.0,BURL
2024-04-15 14:29:00,184.605,184.8,184.605,184.79,3405.0,BURL
2024-04-15 14:28:00,184.55,184.65,184.55,184.645,2111.0,BURL
2024-04-15 14:27:00,184.586,184.586,184.575,184.575,564.0,BURL
2024-04-15 14:26:00,184.65,184.65,184.54,184.54,2690.0,BURL
2024-04-15 14:25:00,184.61,184.63,184.545,184.62,3686.0,BURL
2024-04-15 14:24:00,184.555,184.56,184.48,184.545,1434.0,BURL
2024-04-15 14:23:00,184.63,184.64,184.61,184.61,711.0,BURL
2024-04-15 14:22:00,184.73,184.73,184.64,184.675,1415.0,BURL
2024-04-15 14:21:00,184.78,184.84,184.75,184.77,1940.0,BURL
2024-04-15 14:20:00,184.935,184.935,184.83,184.865,3164.0,BURL
2024-04-15 14:19:00,184.89,185.0,184.825,184.93,4751.0,BURL
2024-04-15 14:18:00,184.84,184.89,184.82,184.84,3246.0,BURL
2024-04-15 14:16:00,184.975,184.975,184.88,184.88,702.0,BURL
2024-04-15 14:14:00,184.97,185.0,184.965,185.0,972.0,BURL
2024-04-15 14:13:00,185.1,185.18,185.04,185.04,3111.0,BURL
2024-04-15 14:12:00,185.21,185.21,185.04,185.09,1677.0,BURL
2024-04-15 14:11:00,185.22,185.26,185.13,185.26,2578.0,BURL
2024-04-15 14:10:00,185.395,185.395,185.29,185.31,2047.0,BURL
2024-04-15 14:09:00,185.395,185.395,185.395,185.395,286.0,BURL
2024-04-15 14:08:00,185.48,185.535,185.39,185.39,1775.0,BURL
2024-04-15 14:07:00,185.485,185.485,185.48,185.48,389.0,BURL
2024-04-15 14:06:00,185.3,185.47,185.3,185.47,2609.0,BURL
2024-04-15 14:05:00,185.28,185.34,185.28,185.315,733.0,BURL
2024-04-15 14:04:00,185.135,185.24,185.135,185.23,1932.0,BURL
2024-04-15 14:03:00,185.03,185.15,185.03,185.145,681.0,BURL
2024-04-15 14:02:00,185.215,185.215,185.1,185.2,1074.0,BURL
2024-04-15 14:01:00,185.325,185.325,185.22,185.22,1189.0,BURL
2024-04-15 14:00:00,185.57,185.57,185.22,185.38,4067.0,BURL
2024-04-15 13:59:00,185.59,185.61,185.552,185.61,1157.0,BURL
2024-04-15 13:58:00,185.58,185.58,185.58,185.58,1130.0,BURL
2024-04-15 13:57:00,185.41,185.565,185.35,185.52,4343.0,BURL
2024-04-15 13:56:00,185.44,185.495,185.42,185.495,2290.0,BURL
2024-04-15 13:55:00,185.11,185.395,185.08,185.395,5279.0,BURL
2024-04-15 13:54:00,185.08,185.19,185.08,185.19,2889.0,BURL
2024-04-15 13:53:00,185.01,185.02,185.01,185.02,662.0,BURL
2024-04-15 13:52:00,184.75,185.03,184.69,185.03,8905.0,BURL
2024-04-15 13:51:00,184.76,184.85,184.735,184.85,1974.0,BURL
2024-04-15 13:50:00,184.78,184.78,184.78,184.78,309.0,BURL
2024-04-15 13:49:00,184.88,184.88,184.845,184.845,1896.0,BURL
2024-04-15 13:48:00,184.96,184.96,184.96,184.96,401.0,BURL
2024-04-15 13:47:00,184.94,184.96,184.94,184.96,836.0,BURL
2024-04-15 13:46:00,184.95,185.085,184.93,185.01,4843.0,BURL
2024-04-15 13:45:00,184.88,184.93,184.88,184.93,895.0,BURL
2024-04-15 13:44:00,185.11,185.11,184.92,184.92,2153.0,BURL
2024-04-15 13:43:00,185.22,185.22,185.05,185.105,2028.0,BURL
2024-04-15 13:42:00,185.14,185.22,185.14,185.21,836.0,BURL
2024-04-15 13:41:00,185.07,185.09,184.99,184.99,1654.0,BURL
2024-04-15 13:40:00,184.98,185.0,184.875,185.0,3034.0,BURL
2024-04-15 13:39:00,185.0,185.0,185.0,185.0,640.0,BURL
2024-04-15 13:38:00,184.98,185.04,184.89,184.955,941.0,BURL
2024-04-15 13:37:00,184.995,185.06,184.92,184.92,852.0,BURL
2024-04-15 13:36:00,185.03,185.03,185.0,185.0,596.0,BURL
2024-04-15 13:35:00,184.88,185.08,184.877,185.08,1338.0,BURL
2024-04-15 13:34:00,184.72,185.08,184.72,184.955,5019.0,BURL
2024-04-15 13:33:00,184.73,184.73,184.66,184.72,569.0,BURL
2024-04-15 13:32:00,184.81,184.81,184.719,184.719,553.0,BURL
2024-04-15 13:31:00,184.715,184.83,184.715,184.765,2558.0,BURL
2024-04-15 13:30:00,184.98,184.98,184.87,184.87,2103.0,BURL
2024-04-15 13:29:00,185.17,185.17,185.07,185.085,1516.0,BURL
2024-04-15 13:28:00,185.17,185.17,185.17,185.17,516.0,BURL
2024-04-15 13:27:00,185.35,185.35,185.13,185.16,5097.0,BURL
2024-04-15 13:26:00,185.45,185.56,185.21,185.275,11601.0,BURL
2024-04-15 13:25:00,185.55,185.55,185.495,185.515,1415.0,BURL
2024-04-15 13:24:00,185.53,185.62,185.525,185.59,1670.0,BURL
2024-04-15 13:23:00,185.57,185.64,185.53,185.585,2390.0,BURL
2024-04-15 13:22:00,185.67,185.71,185.53,185.53,1964.0,BURL
2024-04-15 13:21:00,185.65,185.73,185.65,185.67,5076.0,BURL
2024-04-15 13:20:00,185.69,185.69,185.65,185.65,1102.0,BURL
2024-04-15 13:19:00,185.79,185.815,185.665,185.665,5292.0,BURL
2024-04-15 13:18:00,185.95,185.95,185.75,185.76,2130.0,BURL
2024-04-15 13:17:00,185.94,185.94,185.94,185.94,177.0,BURL
2024-04-15 13:16:00,185.87,185.87,185.87,185.87,519.0,BURL
2024-04-15 13:15:00,185.98,185.99,185.97,185.97,2033.0,BURL
2024-04-15 13:14:00,186.04,186.05,186.04,186.05,233.0,BURL
2024-04-15 13:13:00,186.12,186.12,186.04,186.05,1414.0,BURL
2024-04-15 13:12:00,186.15,186.15,186.07,186.07,877.0,BURL
2024-04-15 13:11:00,186.11,186.15,186.11,186.15,1509.0,BURL
2024-04-15 13:10:00,186.15,186.16,186.01,186.02,2020.0,BURL
2024-04-15 13:09:00,186.21,186.21,186.21,186.21,269.0,BURL
2024-04-15 13:08:00,186.15,186.23,186.09,186.14,2258.0,BURL
2024-04-15 13:07:00,186.08,186.08,186.08,186.08,173.0,BURL
2024-04-15 13:06:00,186.085,186.15,186.085,186.1,452.0,BURL
2024-04-15 13:04:00,186.13,186.13,186.13,186.13,851.0,BURL
2024-04-15 13:03:00,186.03,186.03,186.0,186.0,868.0,BURL
2024-04-15 13:02:00,185.9,186.03,185.89,185.99,2383.0,BURL
2024-04-15 13:01:00,185.86,185.86,185.86,185.86,246.0,BURL
2024-04-15 13:00:00,185.85,185.85,185.75,185.835,1502.0,BURL
2024-04-15 12:58:00,185.88,185.88,185.88,185.88,226.0,BURL
2024-04-15 12:56:00,185.89,185.97,185.89,185.97,1318.0,BURL
2024-04-15 12:55:00,185.9,185.9,185.78,185.825,1770.0,BURL
2024-04-15 12:54:00,185.975,185.975,185.975,185.975,379.0,BURL
2024-04-15 12:53:00,185.99,185.99,185.97,185.97,1464.0,BURL
2024-04-15 12:52:00,185.86,185.86,185.86,185.86,351.0,BURL
2024-04-15 12:51:00,185.89,185.98,185.89,185.98,1065.0,BURL
2024-04-15 12:50:00,185.91,185.91,185.91,185.91,261.0,BURL
2024-04-15 12:49:00,186.03,186.03,185.96,185.96,800.0,BURL
2024-04-15 12:48:00,186.0,186.11,185.955,186.11,1420.0,BURL
2024-04-15 12:46:00,185.89,186.02,185.89,186.01,3288.0,BURL
2024-04-15 12:45:00,185.8,185.8,185.8,185.8,480.0,BURL
2024-04-15 12:44:00,185.895,185.895,185.81,185.89,3277.0,BURL
2024-04-15 12:43:00,185.93,185.93,185.93,185.93,736.0,BURL
2024-04-15 12:42:00,186.03,186.04,185.865,185.87,3039.0,BURL
2024-04-15 12:41:00,186.08,186.08,186.08,186.08,214.0,BURL
2024-04-15 12:40:00,186.1,186.12,186.1,186.12,961.0,BURL
2024-04-15 12:38:00,186.05,186.09,186.0,186.04,1448.0,BURL
2024-04-15 12:37:00,186.14,186.14,186.13,186.13,682.0,BURL
2024-04-15 12:35:00,186.025,186.1,186.025,186.09,841.0,BURL
2024-04-15 12:34:00,186.005,186.07,185.97,186.0,1110.0,BURL
2024-04-15 12:33:00,185.98,186.02,185.94,186.01,2088.0,BURL
2024-04-15 12:32:00,185.78,185.915,185.78,185.915,2127.0,BURL
2024-04-15 12:31:00,185.76,185.76,185.67,185.67,1361.0,BURL
2024-04-15 12:30:00,185.78,185.78,185.76,185.76,2060.0,BURL
2024-04-15 12:29:00,185.88,185.88,185.84,185.84,498.0,BURL
2024-04-15 12:28:00,185.63,185.88,185.63,185.88,4282.0,BURL
2024-04-15 12:27:00,185.735,185.735,185.51,185.57,10481.0,BURL
2024-04-15 12:26:00,185.73,185.763,185.68,185.71,7219.0,BURL
2024-04-15 12:25:00,185.76,185.8,185.73,185.775,4802.0,BURL
2024-04-15 12:24:00,185.78,185.87,185.78,185.82,1000.0,BURL
2024-04-15 12:23:00,185.99,185.99,185.86,185.86,1035.0,BURL
2024-04-15 12:22:00,186.01,186.01,186.01,186.01,479.0,BURL
2024-04-15 12:21:00,186.04,186.04,186.03,186.03,1292.0,BURL
2024-04-15 12:19:00,186.1,186.1,186.1,186.1,169.0,BURL
2024-04-15 12:18:00,186.12,186.12,186.06,186.06,578.0,BURL
2024-04-15 12:17:00,186.13,186.13,186.13,186.13,1065.0,BURL
2024-04-15 12:16:00,186.26,186.26,186.25,186.26,762.0,BURL
2024-04-15 12:15:00,186.34,186.34,186.29,186.29,426.0,BURL
2024-04-15 12:14:00,186.32,186.33,186.32,186.33,1915.0,BURL
2024-04-15 12:11:00,186.32,186.324,186.27,186.27,1491.0,BURL
2024-04-15 12:09:00,186.445,186.445,186.445,186.445,248.0,BURL
2024-04-15 12:07:00,186.53,186.53,186.41,186.41,1078.0,BURL
2024-04-15 12:05:00,186.59,186.59,186.53,186.575,1384.0,BURL
2024-04-15 12:04:00,186.54,186.65,186.54,186.65,1870.0,BURL
2024-04-15 12:02:00,186.52,186.555,186.52,186.555,551.0,BURL
2024-04-15 12:01:00,186.7,186.73,186.55,186.55,4534.0,BURL
2024-04-15 12:00:00,186.61,186.645,186.6,186.623,1579.0,BURL
2024-04-15 11:59:00,186.6,186.61,186.59,186.6,1458.0,BURL
2024-04-15 11:58:00,186.78,186.79,186.64,186.7,1382.0,BURL
2024-04-15 11:57:00,186.47,186.85,186.47,186.78,6494.0,BURL
2024-04-15 11:55:00,186.32,186.32,186.28,186.28,703.0,BURL
2024-04-15 11:54:00,186.37,186.37,186.325,186.325,1052.0,BURL
2024-04-15 11:53:00,186.48,186.485,186.31,186.33,1587.0,BURL
2024-04-15 11:52:00,186.54,186.54,186.512,186.52,767.0,BURL
2024-04-15 11:51:00,186.42,186.47,186.42,186.47,975.0,BURL
2024-04-15 11:50:00,186.17,186.32,186.17,186.31,2054.0,BURL
2024-04-15 11:49:00,186.23,186.23,186.23,186.23,177.0,BURL
2024-04-15 11:48:00,186.32,186.32,186.15,186.26,1562.0,BURL
2024-04-15 11:47:00,186.32,186.32,186.29,186.29,747.0,BURL
2024-04-15 11:46:00,186.57,186.57,186.35,186.37,1104.0,BURL
2024-04-15 11:44:00,186.375,186.43,186.375,186.43,1171.0,BURL
2024-04-15 11:43:00,186.4,186.4,186.4,186.4,607.0,BURL
2024-04-15 11:42:00,186.89,186.89,186.49,186.49,3146.0,BURL
2024-04-15 11:41:00,186.92,186.97,186.92,186.97,633.0,BURL
2024-04-15 11:40:00,186.855,186.92,186.855,186.92,332.0,BURL
2024-04-15 11:39:00,186.8,186.8,186.8,186.8,408.0,BURL
2024-04-15 11:38:00,186.84,186.91,186.84,186.91,1864.0,BURL
2024-04-15 11:37:00,186.71,186.74,186.71,186.74,503.0,BURL
2024-04-15 11:36:00,187.09,187.1,186.61,186.74,6165.0,BURL
2024-04-15 11:35:00,186.905,187.07,186.905,187.07,1160.0,BURL
2024-04-15 11:34:00,186.87,186.92,186.87,186.905,904.0,BURL
2024-04-15 11:33:00,186.8,186.86,186.8,186.86,706.0,BURL
2024-04-15 11:32:00,186.645,186.74,186.645,186.73,1528.0,BURL
2024-04-15 11:31:00,186.48,186.6,186.48,186.6,874.0,BURL
2024-04-15 11:30:00,186.31,186.415,186.31,186.36,1650.0,BURL
2024-04-15 11:29:00,186.22,186.265,186.22,186.265,738.0,BURL
2024-04-15 11:28:00,186.13,186.29,186.11,186.29,1982.0,BURL
2024-04-15 11:27:00,186.06,186.1,186.06,186.1,994.0,BURL
2024-04-15 11:26:00,185.987,185.987,185.94,185.94,943.0,BURL
2024-04-15 11:24:00,186.02,186.03,186.0,186.015,1458.0,BURL
2024-04-15 11:23:00,185.9,185.96,185.9,185.96,1156.0,BURL
2024-04-15 11:22:00,185.93,185.93,185.91,185.91,509.0,BURL
2024-04-15 11:21:00,185.98,186.05,185.92,185.92,1942.0,BURL
2024-04-15 11:20:00,185.97,185.97,185.86,185.87,881.0,BURL
2024-04-15 11:19:00,185.95,185.95,185.94,185.94,578.0,BURL
2024-04-15 11:18:00,186.055,186.055,186.02,186.02,660.0,BURL
2024-04-15 11:17:00,186.06,186.11,186.06,186.065,2231.0,BURL
2024-04-15 11:16:00,185.87,186.065,185.87,186.065,3141.0,BURL
2024-04-15 11:15:00,185.795,185.87,185.795,185.86,3105.0,BURL
2024-04-15 11:14:00,185.755,185.755,185.755,185.755,158.0,BURL
2024-04-15 11:12:00,185.71,185.72,185.71,185.715,630.0,BURL
2024-04-15 11:11:00,185.96,185.96,185.705,185.79,3640.0,BURL
2024-04-15 11:10:00,185.785,185.917,185.785,185.918,2207.0,BURL
2024-04-15 11:09:00,185.84,185.84,185.84,185.84,1597.0,BURL
2024-04-15 11:08:00,185.84,185.89,185.84,185.89,455.0,BURL
2024-04-15 11:07:00,185.83,185.96,185.79,185.86,3396.0,BURL
2024-04-15 11:06:00,185.92,185.92,185.82,185.82,1011.0,BURL
2024-04-15 11:05:00,185.96,185.96,185.84,185.94,1345.0,BURL
2024-04-15 11:04:00,185.99,185.99,185.96,185.96,752.0,BURL
2024-04-15 11:03:00,186.04,186.05,186.04,186.05,547.0,BURL
2024-04-15 11:02:00,186.05,186.095,185.99,185.99,1207.0,BURL
2024-04-15 11:01:00,186.11,186.11,186.11,186.11,891.0,BURL
2024-04-15 11:00:00,186.19,186.41,186.15,186.25,5795.0,BURL
2024-04-15 10:59:00,186.3,186.32,186.2,186.2,1433.0,BURL
2024-04-15 10:58:00,186.35,186.36,186.35,186.36,777.0,BURL
2024-04-15 10:57:00,186.47,186.47,186.36,186.465,661.0,BURL
2024-04-15 10:56:00,186.62,186.62,186.46,186.46,1502.0,BURL
2024-04-15 10:55:00,186.65,186.65,186.65,186.65,349.0,BURL
2024-04-15 10:54:00,186.695,186.8,186.66,186.66,2270.0,BURL
2024-04-15 10:53:00,186.96,186.96,186.65,186.65,3302.0,BURL
2024-04-15 10:52:00,186.925,186.925,186.92,186.92,1025.0,BURL
2024-04-15 10:51:00,187.05,187.06,187.02,187.06,1241.0,BURL
2024-04-15 10:50:00,187.19,187.21,187.15,187.15,1837.0,BURL
2024-04-15 10:49:00,187.27,187.27,187.22,187.22,632.0,BURL
2024-04-15 10:48:00,187.17,187.38,187.05,187.36,3490.0,BURL
2024-04-15 10:47:00,187.41,187.41,187.21,187.21,712.0,BURL
2024-04-15 10:46:00,187.44,187.44,187.3,187.35,1136.0,BURL
2024-04-15 10:45:00,187.53,187.6,187.43,187.555,5801.0,BURL
2024-04-15 10:44:00,187.62,187.62,187.54,187.54,519.0,BURL
2024-04-15 10:43:00,187.7,187.7,187.54,187.54,816.0,BURL
2024-04-15 10:42:00,187.78,187.79,187.78,187.79,800.0,BURL
2024-04-15 10:41:00,187.777,187.782,187.777,187.783,622.0,BURL
2024-04-15 10:40:00,187.71,187.78,187.56,187.78,3125.0,BURL
2024-04-15 10:39:00,187.83,187.83,187.75,187.75,1635.0,BURL
2024-04-15 10:38:00,188.005,188.01,187.91,187.93,1294.0,BURL
2024-04-15 10:37:00,188.315,188.315,187.96,187.99,2716.0,BURL
2024-04-15 10:36:00,187.83,188.23,187.75,188.225,7116.0,BURL
2024-04-15 10:35:00,187.915,187.98,187.91,187.91,3992.0,BURL
2024-04-15 10:34:00,187.91,187.915,187.91,187.915,525.0,BURL
2024-04-15 10:33:00,188.08,188.115,187.84,187.84,2408.0,BURL
2024-04-15 10:32:00,188.01,188.03,187.98,188.03,1560.0,BURL
2024-04-15 10:31:00,188.0,188.12,188.0,188.01,6041.0,BURL
2024-04-15 10:30:00,187.93,187.93,187.93,187.93,391.0,BURL
2024-04-15 10:29:00,188.04,188.15,187.88,188.01,6113.0,BURL
2024-04-15 10:28:00,188.17,188.17,188.03,188.03,1252.0,BURL
2024-04-15 10:27:00,188.42,188.45,188.2,188.2,3669.0,BURL
2024-04-15 10:26:00,188.37,188.435,188.33,188.435,1379.0,BURL
2024-04-15 10:25:00,188.6,188.6,188.38,188.41,1636.0,BURL
2024-04-15 10:24:00,188.68,188.68,188.58,188.64,1938.0,BURL
2024-04-15 10:23:00,188.335,188.745,188.335,188.67,3673.0,BURL
2024-04-15 10:22:00,188.445,188.445,188.19,188.338,1556.0,BURL
2024-04-15 10:21:00,188.48,188.48,188.32,188.4,1395.0,BURL
2024-04-15 10:20:00,188.87,188.87,188.41,188.49,9185.0,BURL
2024-04-15 10:19:00,189.01,189.01,188.86,188.88,2524.0,BURL
2024-04-15 10:18:00,188.88,189.16,188.88,189.07,5989.0,BURL
2024-04-15 10:17:00,188.685,188.84,188.685,188.798,4233.0,BURL
2024-04-15 10:16:00,188.73,188.77,188.62,188.62,2862.0,BURL
2024-04-15 10:15:00,188.535,188.7,188.49,188.605,3206.0,BURL
2024-04-15 10:14:00,188.58,188.58,188.507,188.535,1127.0,BURL
2024-04-15 10:13:00,188.23,188.455,188.13,188.455,9941.0,BURL
2024-04-15 10:12:00,188.12,188.215,188.03,188.13,3505.0,BURL
2024-04-15 10:11:00,188.02,188.35,187.87,188.06,11081.0,BURL
2024-04-15 10:10:00,188.3,188.4,187.84,187.84,3781.0,BURL
2024-04-15 10:09:00,188.29,188.48,188.18,188.18,5420.0,BURL
2024-04-15 10:08:00,188.57,188.63,188.1,188.21,9452.0,BURL
2024-04-15 10:07:00,188.89,188.9,188.53,188.64,3469.0,BURL
2024-04-15 10:06:00,189.005,189.08,188.81,188.94,3515.0,BURL
2024-04-15 10:05:00,189.205,189.205,188.92,189.015,1882.0,BURL
2024-04-15 10:04:00,189.57,189.57,189.03,189.03,4191.0,BURL
2024-04-15 10:03:00,189.625,189.625,189.51,189.62,549.0,BURL
2024-04-15 10:02:00,189.635,189.635,189.51,189.51,601.0,BURL
2024-04-15 10:01:00,189.685,189.79,189.53,189.56,3419.0,BURL
2024-04-15 10:00:00,189.975,189.975,189.58,189.58,5596.0,BURL
2024-04-15 09:59:00,189.88,190.09,189.79,190.09,2457.0,BURL
2024-04-15 09:58:00,189.98,189.98,189.84,189.92,2275.0,BURL
2024-04-15 09:57:00,190.0,190.0,190.0,190.0,926.0,BURL
2024-04-15 09:56:00,189.82,189.91,189.82,189.83,2599.0,BURL
2024-04-15 09:55:00,189.59,189.59,189.59,189.59,309.0,BURL
2024-04-15 09:53:00,189.97,189.97,189.86,189.86,585.0,BURL
2024-04-15 09:52:00,190.28,190.435,189.97,190.04,8939.0,BURL
2024-04-15 09:51:00,190.16,190.44,190.13,190.275,5032.0,BURL
2024-04-15 09:49:00,189.985,189.985,189.985,189.985,830.0,BURL
2024-04-15 09:48:00,190.02,190.03,190.01,190.02,1746.0,BURL
2024-04-15 09:47:00,190.36,190.36,190.07,190.07,1725.0,BURL
2024-04-15 09:46:00,190.56,190.56,190.35,190.35,1093.0,BURL
2024-04-15 09:45:00,190.57,190.69,190.57,190.69,1119.0,BURL
2024-04-15 09:43:00,191.03,191.03,190.57,190.715,2521.0,BURL
2024-04-15 09:42:00,191.06,191.25,190.67,191.165,6566.0,BURL
2024-04-15 09:41:00,190.71,191.05,190.56,191.05,4271.0,BURL
2024-04-15 09:40:00,190.32,190.63,190.3,190.578,6820.0,BURL
2024-04-15 09:39:00,190.545,190.545,190.31,190.31,542.0,BURL
2024-04-15 09:38:00,190.535,190.565,190.44,190.44,932.0,BURL
2024-04-15 09:37:00,190.505,190.81,190.27,190.77,4083.0,BURL
2024-04-15 09:36:00,190.505,190.505,190.505,190.505,414.0,BURL
2024-04-15 09:35:00,190.47,190.76,190.47,190.495,1591.0,BURL
2024-04-15 09:34:00,190.71,190.72,190.175,190.47,2237.0,BURL
2024-04-15 09:33:00,191.27,191.27,190.29,190.29,3204.0,BURL
2024-04-15 09:32:00,192.41,192.41,191.03,191.43,2903.0,BURL
2024-04-15 09:31:00,192.28,192.63,191.98,191.98,2336.0,BURL
2024-04-15 09:30:00,192.35,192.35,192.26,192.265,5932.0,BURL
2024-04-12 19:59:00,189.01,189.01,188.0,188.0,200.0,BURL
2024-04-12 19:00:00,190.11,190.11,190.11,190.11,124244.0,BURL
2024-04-12 18:30:00,190.11,190.11,190.11,190.11,124244.0,BURL
2024-04-12 17:43:00,190.1,190.1,190.1,190.1,1.0,BURL
2024-04-12 16:56:00,190.11,190.11,190.11,190.11,8051.0,BURL
2024-04-12 16:49:00,190.11,190.11,190.11,190.11,7746.0,BURL
2024-04-12 16:20:00,190.11,190.11,190.11,190.11,19.0,BURL
2024-04-12 16:10:00,190.11,190.11,190.11,190.11,124244.0,BURL
2024-04-12 16:01:00,190.11,190.11,190.11,190.11,1180.0,BURL
2024-04-12 16:00:00,190.1,190.11,190.02,190.11,267113.0,BURL
2024-04-12 15:59:00,189.83,190.14,189.83,190.1,42427.0,BURL
2024-04-12 15:58:00,189.74,189.99,189.72,189.81,27850.0,BURL
2024-04-12 15:57:00,189.63,189.72,189.49,189.72,19599.0,BURL
2024-04-12 15:56:00,189.2,189.67,189.2,189.67,14767.0,BURL
2024-04-12 15:55:00,189.42,189.72,189.2,189.21,36976.0,BURL
2024-04-12 15:54:00,189.447,189.5,189.38,189.455,13990.0,BURL
2024-04-12 15:53:00,189.6,189.6,189.37,189.425,12239.0,BURL
2024-04-12 15:52:00,189.942,189.942,189.62,189.63,12582.0,BURL
2024-04-12 15:51:00,189.65,189.98,189.63,189.943,7882.0,BURL
2024-04-12 15:50:00,189.67,189.73,189.61,189.61,9789.0,BURL
2024-04-12 15:49:00,189.92,189.92,189.61,189.61,12633.0,BURL
2024-04-12 15:48:00,189.82,189.95,189.82,189.9,4887.0,BURL
2024-04-12 15:47:00,190.035,190.04,189.78,189.78,10398.0,BURL
2024-04-12 15:46:00,189.96,190.07,189.96,190.07,4025.0,BURL
2024-04-12 15:45:00,189.88,189.98,189.88,189.98,4789.0,BURL
2024-04-12 15:44:00,189.83,189.94,189.79,189.89,7398.0,BURL
2024-04-12 15:43:00,189.57,189.885,189.55,189.86,5792.0,BURL
2024-04-12 15:42:00,189.5,189.561,189.47,189.561,4563.0,BURL
2024-04-12 15:41:00,189.23,189.495,189.23,189.47,4545.0,BURL
2024-04-12 15:40:00,189.17,189.21,189.135,189.21,6687.0,BURL
2024-04-12 15:39:00,189.09,189.12,189.06,189.095,2149.0,BURL
2024-04-12 15:38:00,189.21,189.23,189.115,189.12,3816.0,BURL
2024-04-12 15:37:00,189.345,189.4,189.24,189.24,6092.0,BURL
2024-04-12 15:36:00,189.345,189.347,189.295,189.295,939.0,BURL
2024-04-12 15:35:00,189.365,189.365,189.32,189.36,1676.0,BURL
2024-04-12 15:34:00,189.38,189.38,189.37,189.37,950.0,BURL
2024-04-12 15:33:00,189.345,189.36,189.32,189.355,959.0,BURL
2024-04-12 15:32:00,189.41,189.494,189.4,189.41,8566.0,BURL
2024-04-12 15:31:00,189.45,189.45,189.35,189.402,5480.0,BURL
2024-04-12 15:30:00,189.405,189.405,189.355,189.39,1674.0,BURL
2024-04-12 15:29:00,189.35,189.38,189.35,189.37,738.0,BURL
2024-04-12 15:28:00,189.35,189.41,189.3,189.41,4170.0,BURL
2024-04-12 15:27:00,189.445,189.445,189.38,189.38,968.0,BURL
2024-04-12 15:26:00,189.56,189.62,189.42,189.42,3185.0,BURL
2024-04-12 15:25:00,189.485,189.7,189.44,189.665,7609.0,BURL
2024-04-12 15:24:00,189.63,189.63,189.48,189.5,2467.0,BURL
2024-04-12 15:23:00,189.67,189.67,189.58,189.58,1169.0,BURL
2024-04-12 15:22:00,189.68,189.68,189.588,189.588,1913.0,BURL
2024-04-12 15:21:00,189.7,189.72,189.66,189.66,1612.0,BURL
2024-04-12 15:20:00,189.65,189.74,189.625,189.71,2671.0,BURL
2024-04-12 15:19:00,189.67,189.7,189.67,189.67,3306.0,BURL
2024-04-12 15:18:00,189.58,189.59,189.58,189.585,664.0,BURL
2024-04-12 15:17:00,189.68,189.75,189.56,189.56,4185.0,BURL
2024-04-12 15:16:00,189.84,189.84,189.74,189.74,1930.0,BURL
2024-04-12 15:15:00,189.81,189.88,189.75,189.75,3311.0,BURL
2024-04-12 15:14:00,189.855,189.855,189.855,189.855,473.0,BURL
2024-04-12 15:13:00,189.84,189.85,189.84,189.85,1084.0,BURL
2024-04-12 15:12:00,189.948,189.95,189.85,189.86,1998.0,BURL
2024-04-12 15:11:00,189.89,189.92,189.85,189.89,4274.0,BURL
2024-04-12 15:10:00,189.98,189.98,189.98,189.98,570.0,BURL
2024-04-12 15:09:00,189.977,189.98,189.975,189.98,826.0,BURL
2024-04-12 15:08:00,190.06,190.1,189.955,190.07,2961.0,BURL
2024-04-12 15:07:00,190.165,190.165,189.92,189.95,6199.0,BURL
2024-04-12 15:06:00,190.28,190.28,190.15,190.15,7314.0,BURL
2024-04-12 15:05:00,190.28,190.28,190.2,190.235,1298.0,BURL
2024-04-12 15:04:00,190.39,190.39,190.29,190.29,3694.0,BURL
2024-04-12 15:03:00,190.38,190.42,190.38,190.42,600.0,BURL
2024-04-12 15:02:00,190.37,190.37,190.37,190.37,216.0,BURL
2024-04-12 15:01:00,190.37,190.37,190.37,190.37,439.0,BURL
2024-04-12 15:00:00,190.38,190.43,190.29,190.43,1699.0,BURL
2024-04-12 14:59:00,190.345,190.43,190.345,190.43,1756.0,BURL
2024-04-12 14:58:00,190.35,190.42,190.34,190.34,3890.0,BURL
2024-04-12 14:57:00,190.4,190.42,190.4,190.42,458.0,BURL
2024-04-12 14:56:00,190.45,190.47,190.38,190.42,2939.0,BURL
2024-04-12 14:54:00,190.44,190.44,190.32,190.41,2200.0,BURL
2024-04-12 14:53:00,190.28,190.36,190.28,190.36,1787.0,BURL
2024-04-12 14:52:00,190.23,190.31,190.23,190.31,3139.0,BURL
2024-04-12 14:51:00,190.135,190.27,190.135,190.225,5438.0,BURL
2024-04-12 14:50:00,190.115,190.115,190.115,190.115,233.0,BURL
2024-04-12 14:48:00,190.19,190.19,190.035,190.035,1515.0,BURL
2024-04-12 14:46:00,190.07,190.23,190.06,190.23,2108.0,BURL
2024-04-12 14:45:00,190.1,190.12,190.07,190.12,2691.0,BURL
2024-04-12 14:44:00,190.11,190.21,190.05,190.05,3698.0,BURL
2024-04-12 14:43:00,190.2,190.21,190.195,190.21,876.0,BURL
2024-04-12 14:42:00,190.16,190.2,190.16,190.2,2005.0,BURL
2024-04-12 14:41:00,190.05,190.13,190.05,190.105,4583.0,BURL
2024-04-12 14:40:00,190.215,190.215,190.03,190.06,2121.0,BURL
2024-04-12 14:39:00,190.242,190.242,190.2,190.2,633.0,BURL
2024-04-12 14:38:00,190.255,190.255,190.255,190.255,778.0,BURL
2024-04-12 14:37:00,190.36,190.36,190.25,190.25,1148.0,BURL
2024-04-12 14:36:00,190.51,190.64,190.415,190.415,5515.0,BURL
2024-04-12 14:35:00,190.47,190.57,190.47,190.56,3820.0,BURL
2024-04-12 14:34:00,190.46,190.52,190.385,190.47,4708.0,BURL
2024-04-12 14:33:00,190.365,190.38,190.33,190.38,1000.0,BURL
2024-04-12 14:32:00,190.33,190.45,190.27,190.365,5749.0,BURL
2024-04-12 14:31:00,190.43,190.44,190.36,190.4,2757.0,BURL
2024-04-12 14:30:00,190.49,190.54,190.46,190.46,1436.0,BURL
2024-04-12 14:29:00,190.47,190.47,190.455,190.455,307.0,BURL
2024-04-12 14:28:00,190.505,190.505,190.42,190.42,618.0,BURL
2024-04-12 14:27:00,190.455,190.455,190.4,190.43,1331.0,BURL
2024-04-12 14:26:00,190.495,190.53,190.475,190.475,736.0,BURL
2024-04-12 14:25:00,190.64,190.64,190.52,190.52,1049.0,BURL
2024-04-12 14:24:00,190.64,190.64,190.64,190.64,1473.0,BURL
2024-04-12 14:23:00,190.77,190.77,190.75,190.75,902.0,BURL
2024-04-12 14:22:00,190.81,190.81,190.81,190.81,183.0,BURL
2024-04-12 14:21:00,190.94,190.94,190.77,190.77,1663.0,BURL
2024-04-12 14:20:00,190.975,190.995,190.975,190.995,615.0,BURL
2024-04-12 14:19:00,190.93,190.99,190.92,190.99,2352.0,BURL
2024-04-12 14:18:00,190.825,190.91,190.825,190.9,2764.0,BURL
2024-04-12 14:17:00,190.74,190.74,190.74,190.74,129.0,BURL
2024-04-12 14:16:00,190.825,190.825,190.75,190.825,869.0,BURL
2024-04-12 14:15:00,190.74,190.815,190.74,190.815,235.0,BURL
2024-04-12 14:14:00,190.78,190.8,190.77,190.77,850.0,BURL
2024-04-12 14:13:00,190.75,190.92,190.75,190.845,4328.0,BURL
2024-04-12 14:12:00,191.09,191.09,190.8,190.81,2475.0,BURL
2024-04-12 14:11:00,191.087,191.092,191.087,191.093,273.0,BURL
2024-04-12 14:10:00,191.07,191.07,191.07,191.07,328.0,BURL
2024-04-12 14:09:00,191.145,191.145,191.03,191.03,1154.0,BURL
2024-04-12 14:08:00,191.2,191.2,191.11,191.11,3167.0,BURL
2024-04-12 14:07:00,191.01,191.14,191.01,191.1,1644.0,BURL
2024-04-12 14:06:00,191.05,191.05,191.0,191.045,842.0,BURL
2024-04-12 14:05:00,190.835,191.12,190.835,191.12,3756.0,BURL
2024-04-12 14:04:00,190.85,190.865,190.85,190.865,329.0,BURL
2024-04-12 14:03:00,190.845,190.845,190.845,190.845,416.0,BURL
2024-04-12 14:02:00,190.99,190.99,190.83,190.96,1634.0,BURL
2024-04-12 14:01:00,191.2,191.2,191.095,191.095,1982.0,BURL
2024-04-12 14:00:00,191.23,191.23,191.23,191.23,498.0,BURL
2024-04-12 13:59:00,191.3,191.3,191.23,191.24,1360.0,BURL
2024-04-12 13:58:00,191.35,191.35,191.35,191.35,860.0,BURL
2024-04-12 13:57:00,191.49,191.52,191.43,191.43,1074.0,BURL
2024-04-12 13:56:00,191.45,191.45,191.335,191.335,2938.0,BURL
2024-04-12 13:53:00,191.355,191.355,191.355,191.355,480.0,BURL
2024-04-12 13:52:00,191.335,191.335,191.335,191.335,375.0,BURL
2024-04-12 13:51:00,191.39,191.39,191.29,191.29,2364.0,BURL
2024-04-12 13:49:00,191.5,191.51,191.44,191.46,2154.0,BURL
2024-04-12 13:48:00,191.5,191.58,191.5,191.5,2228.0,BURL
2024-04-12 13:47:00,191.38,191.515,191.38,191.515,2443.0,BURL
2024-04-12 13:46:00,191.33,191.37,191.3,191.35,1703.0,BURL
2024-04-12 13:45:00,191.31,191.31,191.31,191.31,193.0,BURL
2024-04-12 13:44:00,191.26,191.26,191.26,191.26,384.0,BURL
2024-04-12 13:43:00,191.32,191.32,191.275,191.275,1664.0,BURL
2024-04-12 13:42:00,191.29,191.31,191.29,191.31,1132.0,BURL
2024-04-12 13:41:00,191.13,191.23,191.13,191.14,1720.0,BURL
2024-04-12 13:40:00,191.21,191.21,191.035,191.19,1822.0,BURL
2024-04-12 13:39:00,190.98,191.12,190.98,191.11,4269.0,BURL
2024-04-12 13:38:00,191.04,191.1,191.04,191.1,546.0,BURL
2024-04-12 13:36:00,190.93,190.99,190.93,190.99,447.0,BURL
2024-04-12 13:35:00,191.04,191.04,190.96,190.96,1786.0,BURL
2024-04-12 13:34:00,191.04,191.04,191.04,191.04,394.0,BURL
2024-04-12 13:33:00,191.005,191.08,190.95,191.08,1476.0,BURL
2024-04-12 13:32:00,190.95,191.11,190.92,191.04,6669.0,BURL
2024-04-12 13:31:00,191.0,191.14,191.0,191.0,838.0,BURL
2024-04-12 13:29:00,191.15,191.15,191.15,191.15,230.0,BURL
2024-04-12 13:28:00,191.185,191.185,191.07,191.14,465.0,BURL
2024-04-12 13:27:00,191.185,191.185,191.11,191.11,419.0,BURL
2024-04-12 13:26:00,191.37,191.37,191.16,191.16,3693.0,BURL
2024-04-12 13:25:00,191.46,191.46,191.46,191.46,353.0,BURL
2024-04-12 13:24:00,191.53,191.53,191.455,191.458,1078.0,BURL
2024-04-12 13:23:00,191.455,191.455,191.455,191.455,376.0,BURL
2024-04-12 13:22:00,191.545,191.56,191.42,191.45,2928.0,BURL
2024-04-12 13:21:00,191.58,191.58,191.5,191.5,1293.0,BURL
2024-04-12 13:20:00,191.72,191.72,191.65,191.65,953.0,BURL
2024-04-12 13:19:00,191.83,191.83,191.67,191.695,2757.0,BURL
2024-04-12 13:18:00,191.775,191.95,191.775,191.93,3793.0,BURL
2024-04-12 13:17:00,191.83,191.83,191.7,191.775,2608.0,BURL
2024-04-12 13:15:00,191.705,191.85,191.705,191.85,1493.0,BURL
2024-04-12 13:14:00,191.69,191.78,191.675,191.725,1242.0,BURL
2024-04-12 13:12:00,191.57,191.62,191.57,191.62,1593.0,BURL
2024-04-12 13:11:00,191.59,191.64,191.51,191.51,1767.0,BURL
2024-04-12 13:10:00,191.51,191.53,191.44,191.495,2222.0,BURL
2024-04-12 13:09:00,191.46,191.49,191.45,191.45,1998.0,BURL
2024-04-12 13:08:00,191.53,191.53,191.53,191.53,815.0,BURL
2024-04-12 13:07:00,191.63,191.63,191.59,191.59,906.0,BURL
2024-04-12 13:06:00,191.64,191.71,191.64,191.68,1685.0,BURL
2024-04-12 13:05:00,191.457,191.55,191.445,191.55,1928.0,BURL
2024-04-12 13:04:00,191.44,191.52,191.44,191.52,447.0,BURL
2024-04-12 13:03:00,191.4,191.435,191.35,191.435,1496.0,BURL
2024-04-12 13:02:00,191.35,191.35,191.28,191.338,1296.0,BURL
2024-04-12 13:01:00,191.277,191.49,191.27,191.45,4338.0,BURL
2024-04-12 13:00:00,191.265,191.265,191.265,191.265,187.0,BURL
2024-04-12 12:59:00,191.28,191.28,191.265,191.27,1034.0,BURL
2024-04-12 12:58:00,191.25,191.29,191.17,191.28,3037.0,BURL
2024-04-12 12:57:00,191.31,191.31,191.16,191.17,1616.0,BURL
2024-04-12 12:56:00,191.29,191.32,191.27,191.32,1109.0,BURL
2024-04-12 12:54:00,191.27,191.32,191.19,191.26,2877.0,BURL
2024-04-12 12:53:00,191.18,191.19,191.18,191.19,885.0,BURL
2024-04-12 12:52:00,191.23,191.278,191.23,191.278,1189.0,BURL
2024-04-12 12:51:00,191.27,191.27,191.22,191.22,802.0,BURL
2024-04-12 12:50:00,191.19,191.28,191.19,191.27,2923.0,BURL
2024-04-12 12:49:00,191.26,191.27,191.17,191.17,2761.0,BURL
2024-04-12 12:48:00,191.165,191.165,191.165,191.165,431.0,BURL
2024-04-12 12:47:00,191.165,191.165,191.16,191.16,589.0,BURL
2024-04-12 12:46:00,191.415,191.44,191.19,191.22,4593.0,BURL
2024-04-12 12:45:00,191.4,191.4,191.4,191.4,731.0,BURL
2024-04-12 12:44:00,191.38,191.38,191.35,191.35,522.0,BURL
2024-04-12 12:43:00,191.475,191.475,191.475,191.475,217.0,BURL
2024-04-12 12:42:00,191.45,191.45,191.38,191.44,409.0,BURL
2024-04-12 12:41:00,191.47,191.53,191.425,191.47,2375.0,BURL
2024-04-12 12:40:00,191.61,191.62,191.52,191.55,1859.0,BURL
2024-04-12 12:39:00,191.43,191.53,191.42,191.495,2514.0,BURL
2024-04-12 12:38:00,191.68,191.68,191.37,191.46,3643.0,BURL
2024-04-12 12:37:00,191.74,191.745,191.72,191.72,1207.0,BURL
2024-04-12 12:36:00,191.83,191.83,191.78,191.83,406.0,BURL
2024-04-12 12:35:00,191.775,191.89,191.775,191.79,6701.0,BURL
2024-04-12 12:34:00,191.69,191.8,191.69,191.775,3245.0,BURL
2024-04-12 12:32:00,191.877,191.877,191.67,191.67,2138.0,BURL
2024-04-12 12:31:00,191.96,191.96,191.77,191.77,3434.0,BURL
2024-04-12 12:30:00,191.94,191.94,191.87,191.94,1182.0,BURL
2024-04-12 12:29:00,191.835,191.93,191.835,191.93,2541.0,BURL
2024-04-12 12:28:00,191.46,191.91,191.46,191.89,6073.0,BURL
2024-04-12 12:27:00,191.475,191.475,191.46,191.46,295.0,BURL
2024-04-12 12:26:00,191.5,191.5,191.39,191.475,1108.0,BURL
2024-04-12 12:25:00,191.58,191.58,191.58,191.58,1101.0,BURL
2024-04-12 12:24:00,191.43,191.61,191.43,191.518,5046.0,BURL
2024-04-12 12:23:00,191.49,191.49,191.48,191.49,967.0,BURL
2024-04-12 12:22:00,191.49,191.49,191.49,191.49,407.0,BURL
2024-04-12 12:21:00,191.64,191.64,191.48,191.5,6132.0,BURL
2024-04-12 12:20:00,191.535,191.57,191.49,191.53,1755.0,BURL
2024-04-12 12:19:00,191.72,191.73,191.53,191.53,2290.0,BURL
2024-04-12 12:18:00,191.792,191.87,191.785,191.83,3366.0,BURL
2024-04-12 12:17:00,191.83,191.865,191.72,191.78,3375.0,BURL
2024-04-12 12:16:00,191.865,191.96,191.65,191.93,8746.0,BURL
2024-04-12 12:15:00,191.81,191.94,191.81,191.94,1095.0,BURL
2024-04-12 12:14:00,191.715,191.92,191.67,191.88,9918.0,BURL
2024-04-12 12:13:00,191.71,191.71,191.68,191.71,1284.0,BURL
2024-04-12 12:12:00,191.67,191.695,191.59,191.695,1807.0,BURL
2024-04-12 12:11:00,191.7,191.715,191.62,191.62,3641.0,BURL
2024-04-12 12:10:00,191.79,191.79,191.71,191.71,544.0,BURL
2024-04-12 12:09:00,191.96,191.96,191.7,191.7,2471.0,BURL
2024-04-12 12:08:00,191.7,191.95,191.7,191.85,1598.0,BURL
2024-04-12 12:07:00,191.99,192.0,191.88,191.88,2549.0,BURL
2024-04-12 12:06:00,192.105,192.17,192.105,192.14,2838.0,BURL
2024-04-12 12:05:00,192.105,192.105,192.105,192.105,259.0,BURL
2024-04-12 12:04:00,192.12,192.12,192.05,192.105,723.0,BURL
2024-04-12 12:03:00,192.107,192.17,192.105,192.12,5451.0,BURL
2024-04-12 12:02:00,192.365,192.365,192.105,192.105,2582.0,BURL
2024-04-12 12:01:00,192.435,192.435,192.32,192.35,1710.0,BURL
2024-04-12 12:00:00,192.562,192.562,192.435,192.435,1084.0,BURL
2024-04-12 11:59:00,192.57,192.59,192.5,192.51,1568.0,BURL
2024-04-12 11:58:00,192.6,192.6,192.59,192.59,943.0,BURL
2024-04-12 11:54:00,192.845,192.9,192.69,192.76,3137.0,BURL
2024-04-12 11:53:00,192.84,192.845,192.84,192.845,659.0,BURL
2024-04-12 11:52:00,192.835,192.93,192.77,192.77,622.0,BURL
2024-04-12 11:50:00,192.86,192.86,192.78,192.78,938.0,BURL
2024-04-12 11:49:00,192.94,192.94,192.855,192.87,1102.0,BURL
2024-04-12 11:48:00,192.855,192.87,192.855,192.855,781.0,BURL
2024-04-12 11:47:00,192.79,192.84,192.68,192.84,2546.0,BURL
2024-04-12 11:46:00,192.675,192.675,192.665,192.67,1188.0,BURL
2024-04-12 11:45:00,192.56,192.56,192.56,192.56,152.0,BURL
2024-04-12 11:44:00,192.365,192.62,192.287,192.61,13285.0,BURL
2024-04-12 11:43:00,192.39,192.45,192.325,192.325,2584.0,BURL
2024-04-12 11:42:00,192.48,192.48,192.37,192.37,803.0,BURL
2024-04-12 11:41:00,192.48,192.62,192.46,192.46,3191.0,BURL
2024-04-12 11:39:00,192.5,192.5,192.5,192.5,829.0,BURL
2024-04-12 11:37:00,192.47,192.505,192.41,192.505,2259.0,BURL
2024-04-12 11:36:00,192.565,192.565,192.565,192.565,303.0,BURL
2024-04-12 11:35:00,192.65,192.65,192.48,192.48,3511.0,BURL
2024-04-12 11:34:00,192.54,192.71,192.54,192.675,8413.0,BURL
2024-04-12 11:33:00,192.74,192.8,192.58,192.63,4280.0,BURL
2024-04-12 11:32:00,192.815,192.815,192.75,192.75,585.0,BURL
2024-04-12 11:31:00,192.8,192.8,192.8,192.8,526.0,BURL
2024-04-12 11:29:00,192.97,192.97,192.83,192.9,2797.0,BURL
2024-04-12 11:28:00,192.96,192.99,192.94,192.945,1799.0,BURL
2024-04-12 11:27:00,192.775,192.95,192.775,192.93,4622.0,BURL
2024-04-12 11:26:00,192.82,192.82,192.73,192.765,990.0,BURL
2024-04-12 11:25:00,192.78,192.88,192.77,192.82,900.0,BURL
2024-04-12 11:24:00,192.81,192.91,192.81,192.91,895.0,BURL
2024-04-12 11:23:00,192.835,192.835,192.75,192.75,1008.0,BURL
2024-04-12 11:22:00,192.89,192.92,192.82,192.89,2095.0,BURL
2024-04-12 11:21:00,192.83,192.83,192.83,192.83,240.0,BURL
2024-04-12 11:20:00,192.67,192.84,192.615,192.84,2042.0,BURL
2024-04-12 11:19:00,192.8,192.8,192.73,192.73,1144.0,BURL
2024-04-12 11:18:00,192.8,192.84,192.71,192.8,1878.0,BURL
2024-04-12 11:17:00,192.68,192.81,192.68,192.79,2076.0,BURL
2024-04-12 11:16:00,192.59,192.72,192.59,192.72,2575.0,BURL
2024-04-12 11:15:00,192.54,192.54,192.54,192.54,543.0,BURL
2024-04-12 11:14:00,192.63,192.63,192.625,192.625,777.0,BURL
2024-04-12 11:13:00,192.57,192.635,192.57,192.635,686.0,BURL
2024-04-12 11:12:00,192.57,192.68,192.57,192.59,2274.0,BURL
2024-04-12 11:11:00,192.52,192.57,192.47,192.57,1477.0,BURL
2024-04-12 11:10:00,192.81,192.88,192.59,192.6,3580.0,BURL
2024-04-12 11:09:00,192.815,192.815,192.815,192.815,542.0,BURL
2024-04-12 11:08:00,192.905,192.905,192.76,192.81,1095.0,BURL
2024-04-12 11:07:00,192.63,192.94,192.63,192.88,2305.0,BURL
2024-04-12 11:06:00,192.6,192.6,192.6,192.6,508.0,BURL
2024-04-12 11:05:00,192.51,192.67,192.5,192.55,1117.0,BURL
2024-04-12 11:04:00,192.57,192.69,192.52,192.58,5463.0,BURL
2024-04-12 11:03:00,192.65,192.65,192.53,192.55,7419.0,BURL
2024-04-12 11:02:00,192.68,192.68,192.55,192.565,6173.0,BURL
2024-04-12 11:01:00,192.65,192.9,192.65,192.9,2892.0,BURL
2024-04-12 11:00:00,192.39,192.7,192.262,192.62,9858.0,BURL
2024-04-12 10:59:00,192.76,192.83,192.44,192.47,9234.0,BURL
2024-04-12 10:58:00,193.11,193.11,192.825,192.825,2001.0,BURL
2024-04-12 10:57:00,193.18,193.18,193.05,193.05,2032.0,BURL
2024-04-12 10:56:00,193.17,193.215,193.13,193.175,6442.0,BURL
2024-04-12 10:55:00,193.19,193.21,193.13,193.13,2253.0,BURL
2024-04-12 10:54:00,193.33,193.49,193.22,193.24,7886.0,BURL
2024-04-12 10:53:00,193.255,193.355,193.22,193.26,1375.0,BURL
2024-04-12 10:51:00,193.455,193.59,193.35,193.35,3798.0,BURL
2024-04-12 10:50:00,193.5,193.52,193.39,193.39,705.0,BURL
2024-04-12 10:49:00,193.5,193.51,193.42,193.51,634.0,BURL
2024-04-12 10:48:00,193.62,193.62,193.52,193.565,1293.0,BURL
2024-04-12 10:47:00,194.1,194.1,193.73,193.73,4401.0,BURL
2024-04-12 10:46:00,194.16,194.18,194.16,194.17,1272.0,BURL
2024-04-12 10:45:00,194.21,194.23,194.21,194.23,617.0,BURL
2024-04-12 10:44:00,194.2,194.2,194.2,194.2,327.0,BURL
2024-04-12 10:43:00,194.06,194.145,194.03,194.03,742.0,BURL
2024-04-12 10:42:00,194.11,194.36,194.055,194.32,14940.0,BURL
2024-04-12 10:41:00,194.22,194.22,194.22,194.22,244.0,BURL
2024-04-12 10:39:00,194.26,194.35,194.14,194.14,2567.0,BURL
2024-04-12 10:38:00,194.24,194.245,194.24,194.245,914.0,BURL
2024-04-12 10:37:00,194.21,194.235,194.18,194.235,911.0,BURL
2024-04-12 10:36:00,194.58,194.58,194.33,194.33,2409.0,BURL
2024-04-12 10:35:00,194.695,194.695,194.51,194.59,3239.0,BURL
2024-04-12 10:34:00,194.695,194.695,194.695,194.695,410.0,BURL
2024-04-12 10:33:00,194.83,194.84,194.61,194.62,2964.0,BURL
2024-04-12 10:32:00,194.59,194.74,194.59,194.71,2071.0,BURL
2024-04-12 10:31:00,194.78,194.78,194.62,194.62,3173.0,BURL
2024-04-12 10:30:00,194.66,194.83,194.66,194.76,2639.0,BURL
2024-04-12 10:29:00,194.625,194.78,194.625,194.75,3356.0,BURL
2024-04-12 10:28:00,194.625,194.625,194.625,194.625,294.0,BURL
2024-04-12 10:27:00,194.705,194.705,194.55,194.635,2424.0,BURL
2024-04-12 10:26:00,194.695,194.78,194.695,194.78,261.0,BURL
2024-04-12 10:25:00,194.78,194.78,194.78,194.78,176.0,BURL
2024-04-12 10:24:00,194.685,194.78,194.685,194.78,536.0,BURL
2024-04-12 10:23:00,194.56,194.8,194.56,194.66,3180.0,BURL
2024-04-12 10:22:00,194.46,194.56,194.34,194.56,2807.0,BURL
2024-04-12 10:21:00,193.98,194.47,193.98,194.39,4253.0,BURL
2024-04-12 10:20:00,193.97,193.97,193.97,193.97,159.0,BURL
2024-04-12 10:19:00,194.015,194.015,193.89,193.89,899.0,BURL
2024-04-12 10:18:00,193.89,194.1,193.88,193.9,6772.0,BURL
2024-04-12 10:17:00,194.08,194.08,193.915,193.98,2869.0,BURL
2024-04-12 10:16:00,193.63,193.94,193.63,193.93,3080.0,BURL
2024-04-12 10:15:00,193.81,193.925,193.62,193.65,4014.0,BURL
2024-04-12 10:14:00,193.7,193.7,193.7,193.7,113.0,BURL
2024-04-12 10:13:00,193.6,193.7,193.53,193.53,2505.0,BURL
2024-04-12 10:12:00,193.63,193.88,193.55,193.55,5235.0,BURL
2024-04-12 10:11:00,193.62,193.72,193.59,193.72,874.0,BURL
2024-04-12 10:10:00,193.48,193.79,193.48,193.61,6172.0,BURL
2024-04-12 10:09:00,193.73,193.73,193.4,193.4,1059.0,BURL
2024-04-12 10:08:00,193.56,193.57,193.56,193.57,438.0,BURL
2024-04-12 10:07:00,193.5,193.79,193.46,193.595,7443.0,BURL
2024-04-12 10:06:00,193.74,193.74,193.55,193.605,664.0,BURL
2024-04-12 10:05:00,194.15,194.15,193.69,193.74,5588.0,BURL
2024-04-12 10:04:00,194.08,194.08,194.08,194.08,190.0,BURL
2024-04-12 10:03:00,194.27,194.27,194.08,194.08,708.0,BURL
2024-04-12 10:02:00,194.84,194.84,194.26,194.435,2687.0,BURL
2024-04-12 10:01:00,194.415,194.875,194.415,194.665,6612.0,BURL
2024-04-12 10:00:00,194.65,194.66,194.375,194.625,683.0,BURL
2024-04-12 09:58:00,194.134,194.134,194.134,194.134,346.0,BURL
2024-04-12 09:56:00,194.08,194.485,194.08,194.378,9339.0,BURL
2024-04-12 09:55:00,194.6,194.65,193.95,193.96,3144.0,BURL
2024-04-12 09:54:00,194.86,194.86,194.66,194.68,1532.0,BURL
2024-04-12 09:53:00,195.34,195.34,195.09,195.09,1123.0,BURL
2024-04-12 09:52:00,195.558,195.56,195.4,195.42,1470.0,BURL
2024-04-12 09:51:00,195.55,195.625,195.49,195.56,1633.0,BURL
2024-04-12 09:50:00,195.74,195.74,195.625,195.625,2710.0,BURL
2024-04-12 09:49:00,195.74,195.84,195.46,195.69,14919.0,BURL
2024-04-12 09:48:00,195.94,195.94,195.73,195.795,1651.0,BURL
2024-04-12 09:47:00,196.0,196.0,195.79,195.92,5414.0,BURL
2024-04-12 09:46:00,195.78,196.12,195.78,196.04,15237.0,BURL
2024-04-12 09:45:00,195.83,195.86,195.785,195.785,1694.0,BURL
2024-04-12 09:44:00,195.76,195.93,195.64,195.818,14681.0,BURL
2024-04-12 09:43:00,195.755,195.755,195.755,195.755,138.0,BURL
2024-04-12 09:42:00,195.775,195.92,195.51,195.54,4866.0,BURL
2024-04-12 09:41:00,195.82,195.82,195.82,195.82,164.0,BURL
2024-04-12 09:40:00,195.89,195.89,195.755,195.755,580.0,BURL
2024-04-12 09:39:00,195.75,195.75,195.75,195.75,129.0,BURL
2024-04-12 09:38:00,195.75,195.76,195.75,195.75,1299.0,BURL
2024-04-12 09:37:00,195.125,195.75,195.125,195.75,5186.0,BURL
2024-04-12 09:36:00,194.97,195.125,194.97,195.125,648.0,BURL
2024-04-12 09:35:00,195.05,195.255,194.47,195.05,9156.0,BURL
2024-04-12 09:34:00,194.545,194.83,194.545,194.63,1382.0,BURL
2024-04-12 09:33:00,193.89,194.68,193.89,194.545,10880.0,BURL
2024-04-12 09:32:00,193.885,193.89,193.882,193.89,2212.0,BURL
2024-04-12 09:31:00,194.31,194.32,193.19,193.435,18750.0,BURL
2024-04-12 09:30:00,195.07,195.07,193.01,194.305,30749.0,BURL
2024-04-12 09:29:00,194.5,194.52,192.5,194.4,3576.0,BURL
2024-04-12 09:28:00,196.01,196.01,195.25,195.25,1048.0,BURL
2024-04-12 08:45:00,197.62,197.62,197.62,197.62,1.0,BURL
2024-04-12 08:43:00,197.65,197.65,197.63,197.63,101.0,BURL
2024-04-12 08:27:00,198.06,198.06,198.06,198.06,1.0,BURL
2024-04-11 19:00:00,198.06,198.06,198.06,198.06,79342.0,BURL
2024-04-11 18:30:00,198.06,198.06,198.06,198.06,79342.0,BURL
2024-04-11 16:49:00,198.06,198.06,198.06,198.06,30678.0,BURL
2024-04-11 16:39:00,198.06,198.06,198.06,198.06,245.0,BURL
2024-04-11 16:20:00,198.06,198.06,198.06,198.06,78.0,BURL
2024-04-11 16:10:00,198.06,198.06,198.06,198.06,79342.0,BURL
2024-04-11 16:05:00,194.1,194.1,194.1,194.1,1.0,BURL
2024-04-11 16:02:00,198.06,198.06,198.06,198.06,150.0,BURL
2024-04-11 16:01:00,198.06,198.06,198.06,198.06,320.0,BURL
2024-04-11 16:00:00,198.03,198.06,198.03,198.06,162916.0,BURL
2024-04-11 15:59:00,198.4,198.4,198.03,198.03,27844.0,BURL
2024-04-11 15:58:00,198.18,198.43,198.18,198.42,20469.0,BURL
2024-04-11 15:57:00,198.12,198.31,198.1,198.155,12823.0,BURL
2024-04-11 15:56:00,198.08,198.295,197.995,198.1,18363.0,BURL
2024-04-11 15:55:00,197.9,198.13,197.895,198.08,14424.0,BURL
2024-04-11 15:54:00,197.87,197.95,197.82,197.85,11728.0,BURL
2024-04-11 15:53:00,197.85,197.89,197.815,197.845,5916.0,BURL
2024-04-11 15:52:00,198.02,198.03,197.81,197.81,9247.0,BURL
2024-04-11 15:51:00,197.99,198.14,197.95,198.07,11456.0,BURL
2024-04-11 15:50:00,198.27,198.42,197.995,197.995,11647.0,BURL
2024-04-11 15:49:00,198.64,198.65,198.38,198.38,4118.0,BURL
2024-04-11 15:48:00,198.61,198.655,198.58,198.63,5072.0,BURL
2024-04-11 15:47:00,198.64,198.7,198.62,198.64,3442.0,BURL
2024-04-11 15:46:00,198.77,198.77,198.555,198.58,4374.0,BURL
2024-04-11 15:45:00,198.73,198.85,198.7,198.818,4712.0,BURL
2024-04-11 15:44:00,198.73,198.75,198.66,198.74,4458.0,BURL
2024-04-11 15:43:00,198.78,198.78,198.72,198.73,1407.0,BURL
2024-04-11 15:42:00,198.83,198.83,198.73,198.76,3507.0,BURL
2024-04-11 15:41:00,198.74,198.78,198.72,198.78,4817.0,BURL
2024-04-11 15:40:00,198.685,198.71,198.645,198.71,2058.0,BURL
2024-04-11 15:39:00,198.67,198.68,198.67,198.68,957.0,BURL
2024-04-11 15:38:00,198.48,198.63,198.48,198.63,3971.0,BURL
2024-04-11 15:37:00,198.41,198.47,198.41,198.47,1917.0,BURL
2024-04-11 15:36:00,198.385,198.385,198.385,198.385,363.0,BURL
2024-04-11 15:35:00,198.07,198.397,198.07,198.398,3670.0,BURL
2024-04-11 15:34:00,198.02,198.13,198.02,198.115,3768.0,BURL
2024-04-11 15:33:00,197.94,198.0,197.91,198.0,1469.0,BURL
2024-04-11 15:32:00,197.98,198.005,197.96,197.96,999.0,BURL
2024-04-11 15:31:00,198.0,198.0,197.89,197.89,2001.0,BURL
2024-04-11 15:30:00,198.16,198.16,198.05,198.05,1530.0,BURL
2024-04-11 15:29:00,198.192,198.195,198.14,198.16,1347.0,BURL
2024-04-11 15:28:00,198.13,198.18,198.13,198.18,2203.0,BURL
2024-04-11 15:27:00,198.21,198.21,198.15,198.15,991.0,BURL
2024-04-11 15:26:00,198.28,198.28,198.25,198.25,993.0,BURL
2024-04-11 15:25:00,198.18,198.23,198.18,198.22,1549.0,BURL
2024-04-11 15:24:00,198.14,198.18,198.14,198.18,599.0,BURL
2024-04-11 15:23:00,198.24,198.24,198.18,198.18,1750.0,BURL
2024-04-11 15:22:00,198.28,198.31,198.27,198.3,1164.0,BURL
2024-04-11 15:21:00,198.39,198.44,198.25,198.275,4761.0,BURL
2024-04-11 15:20:00,198.49,198.515,198.38,198.38,2007.0,BURL
2024-04-11 15:19:00,198.63,198.63,198.53,198.53,1593.0,BURL
2024-04-11 15:18:00,198.66,198.67,198.63,198.64,1744.0,BURL
2024-04-11 15:17:00,198.6,198.62,198.54,198.57,2630.0,BURL
2024-04-11 15:16:00,198.58,198.67,198.58,198.64,2611.0,BURL
2024-04-11 15:15:00,198.72,198.72,198.555,198.59,1787.0,BURL
2024-04-11 15:14:00,198.69,198.77,198.69,198.76,2283.0,BURL
2024-04-11 15:13:00,198.695,198.695,198.695,198.695,738.0,BURL
2024-04-11 15:12:00,198.71,198.72,198.71,198.72,1146.0,BURL
2024-04-11 15:11:00,198.81,198.81,198.72,198.72,1242.0,BURL
2024-04-11 15:10:00,198.83,198.83,198.83,198.83,404.0,BURL
2024-04-11 15:09:00,198.79,198.79,198.79,198.79,635.0,BURL
2024-04-11 15:08:00,198.79,198.79,198.72,198.72,673.0,BURL
2024-04-11 15:07:00,198.74,198.87,198.74,198.8,4094.0,BURL
2024-04-11 15:06:00,198.76,198.83,198.76,198.83,972.0,BURL
2024-04-11 15:05:00,198.662,198.662,198.63,198.63,357.0,BURL
2024-04-11 15:04:00,198.82,198.84,198.62,198.62,2594.0,BURL
2024-04-11 15:03:00,198.71,198.755,198.71,198.755,949.0,BURL
2024-04-11 15:02:00,198.69,198.72,198.63,198.63,1329.0,BURL
2024-04-11 15:01:00,198.765,198.765,198.69,198.69,1195.0,BURL
2024-04-11 15:00:00,198.745,198.745,198.745,198.745,305.0,BURL
2024-04-11 14:59:00,198.637,198.82,198.61,198.7,6789.0,BURL
2024-04-11 14:58:00,198.65,198.65,198.65,198.65,565.0,BURL
2024-04-11 14:57:00,198.61,198.63,198.565,198.595,2638.0,BURL
2024-04-11 14:56:00,198.53,198.58,198.53,198.58,908.0,BURL
2024-04-11 14:55:00,198.44,198.47,198.44,198.47,1350.0,BURL
2024-04-11 14:54:00,198.375,198.375,198.375,198.375,316.0,BURL
2024-04-11 14:53:00,198.48,198.48,198.39,198.39,1096.0,BURL
2024-04-11 14:52:00,198.57,198.57,198.47,198.47,950.0,BURL
2024-04-11 14:50:00,198.53,198.58,198.53,198.57,920.0,BURL
2024-04-11 14:48:00,198.61,198.61,198.49,198.49,1184.0,BURL
2024-04-11 14:47:00,198.85,198.85,198.595,198.61,2624.0,BURL
2024-04-11 14:46:00,198.89,198.92,198.89,198.905,2104.0,BURL
2024-04-11 14:45:00,198.96,198.96,198.89,198.89,935.0,BURL
2024-04-11 14:44:00,198.93,198.93,198.93,198.93,833.0,BURL
2024-04-11 14:43:00,198.94,198.99,198.94,198.99,1217.0,BURL
2024-04-11 14:42:00,198.94,198.96,198.94,198.94,1682.0,BURL
2024-04-11 14:41:00,198.87,198.87,198.87,198.87,416.0,BURL
2024-04-11 14:40:00,198.85,198.87,198.85,198.865,887.0,BURL
2024-04-11 14:39:00,198.91,198.935,198.795,198.81,4258.0,BURL
2024-04-11 14:37:00,199.01,199.01,198.9,198.93,1607.0,BURL
2024-04-11 14:36:00,198.99,199.19,198.99,199.105,1848.0,BURL
2024-04-11 14:35:00,198.99,199.04,198.88,198.985,5042.0,BURL
2024-04-11 14:34:00,198.875,199.025,198.875,198.99,5139.0,BURL
2024-04-11 14:33:00,198.875,198.875,198.875,198.875,197.0,BURL
2024-04-11 14:32:00,198.85,198.88,198.81,198.88,859.0,BURL
2024-04-11 14:31:00,198.83,198.83,198.77,198.77,521.0,BURL
2024-04-11 14:30:00,198.82,198.83,198.8,198.83,851.0,BURL
2024-04-11 14:29:00,198.84,198.84,198.84,198.84,134.0,BURL
2024-04-11 14:28:00,198.92,198.93,198.83,198.855,3283.0,BURL
2024-04-11 14:27:00,198.92,198.92,198.92,198.92,227.0,BURL
2024-04-11 14:26:00,198.93,198.93,198.85,198.915,3010.0,BURL
2024-04-11 14:24:00,198.77,198.9,198.77,198.9,2218.0,BURL
2024-04-11 14:23:00,198.68,198.82,198.64,198.82,1475.0,BURL
2024-04-11 14:22:00,198.58,198.69,198.58,198.69,439.0,BURL
2024-04-11 14:21:00,198.44,198.6,198.44,198.6,1779.0,BURL
2024-04-11 14:19:00,198.35,198.44,198.35,198.44,1129.0,BURL
2024-04-11 14:18:00,198.41,198.41,198.31,198.31,584.0,BURL
2024-04-11 14:17:00,198.83,198.86,198.5,198.515,3800.0,BURL
2024-04-11 14:16:00,198.908,199.0,198.72,198.815,7743.0,BURL
2024-04-11 14:15:00,199.01,199.032,198.89,198.915,3961.0,BURL
2024-04-11 14:14:00,199.03,199.03,198.87,198.98,5094.0,BURL
2024-04-11 14:13:00,198.92,198.995,198.91,198.995,2569.0,BURL
2024-04-11 14:12:00,198.92,198.992,198.92,198.993,1283.0,BURL
2024-04-11 14:11:00,198.9,199.06,198.9,199.06,1330.0,BURL
2024-04-11 14:10:00,199.05,199.05,199.05,199.05,175.0,BURL
2024-04-11 14:09:00,198.9,198.99,198.9,198.99,1982.0,BURL
2024-04-11 14:07:00,198.69,198.9,198.69,198.9,2018.0,BURL
2024-04-11 14:06:00,198.65,198.65,198.65,198.65,180.0,BURL
2024-04-11 14:04:00,198.53,198.68,198.5,198.61,2705.0,BURL
2024-04-11 14:03:00,198.645,198.645,198.645,198.645,112.0,BURL
2024-04-11 14:02:00,198.47,198.69,198.47,198.585,1328.0,BURL
2024-04-11 14:01:00,198.05,198.49,198.04,198.49,5413.0,BURL
2024-04-11 14:00:00,198.0,198.054,198.0,198.05,4584.0,BURL
2024-04-11 13:59:00,197.86,197.95,197.86,197.95,1769.0,BURL
2024-04-11 13:58:00,197.91,197.91,197.9,197.91,1028.0,BURL
2024-04-11 13:57:00,197.93,197.96,197.93,197.94,1107.0,BURL
2024-04-11 13:55:00,198.0,198.0,198.0,198.0,218.0,BURL
2024-04-11 13:54:00,198.0,198.0,198.0,198.0,461.0,BURL
2024-04-11 13:53:00,198.0,198.03,197.97,197.97,1358.0,BURL
2024-04-11 13:52:00,197.93,198.07,197.93,198.0,3021.0,BURL
2024-04-11 13:51:00,197.93,197.93,197.91,197.93,1127.0,BURL
2024-04-11 13:50:00,198.0,198.0,198.0,198.0,264.0,BURL
2024-04-11 13:49:00,198.07,198.07,197.93,197.93,1873.0,BURL
2024-04-11 13:48:00,197.97,198.04,197.95,198.0,4055.0,BURL
2024-04-11 13:47:00,197.93,197.93,197.93,197.93,226.0,BURL
2024-04-11 13:46:00,197.915,197.915,197.915,197.915,150.0,BURL
2024-04-11 13:45:00,197.875,197.93,197.84,197.905,2319.0,BURL
2024-04-11 13:44:00,198.0,198.06,197.84,197.84,3303.0,BURL
2024-04-11 13:43:00,198.0,198.0,197.995,197.995,220.0,BURL
2024-04-11 13:42:00,197.955,198.06,197.955,198.0,1873.0,BURL
2024-04-11 13:41:00,198.065,198.065,197.84,197.843,3723.0,BURL
2024-04-11 13:38:00,198.04,198.07,198.02,198.03,1298.0,BURL
2024-04-11 13:37:00,198.11,198.11,198.11,198.11,212.0,BURL
2024-04-11 13:36:00,198.01,198.12,198.01,198.11,1557.0,BURL
2024-04-11 13:35:00,198.09,198.1,197.93,197.96,3552.0,BURL
2024-04-11 13:34:00,198.09,198.175,198.09,198.145,695.0,BURL
2024-04-11 13:33:00,197.93,198.18,197.93,198.15,3017.0,BURL
2024-04-11 13:32:00,198.01,198.01,197.87,197.91,2867.0,BURL
2024-04-11 13:29:00,197.96,197.96,197.96,197.96,234.0,BURL
2024-04-11 13:28:00,198.03,198.03,198.03,198.03,232.0,BURL
2024-04-11 13:27:00,197.99,198.0,197.95,197.975,1296.0,BURL
2024-04-11 13:26:00,197.875,197.97,197.875,197.94,518.0,BURL
2024-04-11 13:25:00,197.94,197.95,197.94,197.94,449.0,BURL
2024-04-11 13:24:00,197.79,197.79,197.78,197.78,1492.0,BURL
2024-04-11 13:23:00,197.77,197.86,197.77,197.86,519.0,BURL
2024-04-11 13:22:00,197.97,197.97,197.78,197.78,3855.0,BURL
2024-04-11 13:21:00,197.98,198.0,197.97,198.0,1378.0,BURL
2024-04-11 13:20:00,197.82,197.99,197.82,197.97,1772.0,BURL
2024-04-11 13:18:00,197.62,197.68,197.62,197.66,1648.0,BURL
2024-04-11 13:17:00,197.62,197.62,197.51,197.54,1570.0,BURL
2024-04-11 13:12:00,197.45,197.45,197.45,197.45,114.0,BURL
2024-04-11 13:11:00,197.442,197.442,197.442,197.442,107.0,BURL
2024-04-11 13:09:00,197.51,197.51,197.5,197.51,1441.0,BURL
2024-04-11 13:07:00,197.54,197.62,197.53,197.58,1033.0,BURL
2024-04-11 13:06:00,197.34,197.49,197.34,197.49,851.0,BURL
2024-04-11 13:05:00,197.308,197.44,197.24,197.24,2157.0,BURL
2024-04-11 13:04:00,197.02,197.415,197.02,197.415,3467.0,BURL
2024-04-11 13:03:00,197.0,197.04,197.0,197.0,1191.0,BURL
2024-04-11 13:02:00,196.9,196.9,196.9,196.9,215.0,BURL
2024-04-11 13:01:00,196.955,196.955,196.835,196.95,1133.0,BURL
2024-04-11 13:00:00,197.0,197.05,196.93,196.96,2879.0,BURL
2024-04-11 12:59:00,196.97,197.005,196.93,196.96,2320.0,BURL
2024-04-11 12:58:00,196.94,196.95,196.94,196.95,525.0,BURL
2024-04-11 12:57:00,196.86,196.9,196.82,196.85,1700.0,BURL
2024-04-11 12:56:00,197.005,197.005,196.89,196.89,1010.0,BURL
2024-04-11 12:55:00,197.005,197.005,197.005,197.005,267.0,BURL
2024-04-11 12:54:00,197.0,197.0,197.0,197.0,213.0,BURL
2024-04-11 12:53:00,197.0,197.015,196.98,197.015,912.0,BURL
2024-04-11 12:52:00,196.95,197.0,196.94,196.985,1682.0,BURL
2024-04-11 12:51:00,197.015,197.015,197.015,197.015,410.0,BURL
2024-04-11 12:50:00,197.07,197.09,196.98,197.015,4009.0,BURL
2024-04-11 12:49:00,197.045,197.16,197.045,197.08,2000.0,BURL
2024-04-11 12:48:00,197.03,197.03,197.03,197.03,284.0,BURL
2024-04-11 12:47:00,197.03,197.04,197.03,197.03,413.0,BURL
2024-04-11 12:46:00,197.03,197.03,197.03,197.03,158.0,BURL
2024-04-11 12:45:00,197.085,197.085,197.0,197.0,831.0,BURL
2024-04-11 12:44:00,197.08,197.12,197.055,197.12,697.0,BURL
2024-04-11 12:43:00,197.305,197.305,197.07,197.07,5073.0,BURL
2024-04-11 12:42:00,197.305,197.307,197.305,197.305,909.0,BURL
2024-04-11 12:41:00,197.3,197.35,197.29,197.305,6688.0,BURL
2024-04-11 12:40:00,197.2,197.2,197.2,197.2,164.0,BURL
2024-04-11 12:39:00,197.17,197.18,197.14,197.18,985.0,BURL
2024-04-11 12:37:00,197.28,197.28,197.21,197.21,519.0,BURL
2024-04-11 12:36:00,197.23,197.34,197.23,197.34,1400.0,BURL
2024-04-11 12:35:00,197.145,197.145,197.145,197.145,351.0,BURL
2024-04-11 12:34:00,197.135,197.135,197.135,197.135,121.0,BURL
2024-04-11 12:33:00,197.1,197.21,197.09,197.095,2948.0,BURL
2024-04-11 12:32:00,197.2,197.2,197.15,197.15,214.0,BURL
2024-04-11 12:31:00,197.0,197.17,197.0,197.17,2826.0,BURL
2024-04-11 12:30:00,196.86,196.86,196.86,196.86,122.0,BURL
2024-04-11 12:29:00,196.84,196.89,196.84,196.84,872.0,BURL
2024-04-11 12:28:00,196.96,196.96,196.92,196.935,349.0,BURL
2024-04-11 12:27:00,197.19,197.19,197.0,197.01,1865.0,BURL
2024-04-11 12:26:00,197.215,197.215,197.2,197.2,444.0,BURL
2024-04-11 12:25:00,197.17,197.26,197.13,197.26,1116.0,BURL
2024-04-11 12:24:00,197.14,197.21,197.13,197.18,2463.0,BURL
2024-04-11 12:23:00,197.07,197.07,197.021,197.021,810.0,BURL
2024-04-11 12:22:00,197.0,197.105,197.0,197.105,413.0,BURL
2024-04-11 12:21:00,196.995,196.995,196.995,196.995,311.0,BURL
2024-04-11 12:20:00,197.01,197.01,197.01,197.01,520.0,BURL
2024-04-11 12:17:00,197.12,197.12,197.0,197.04,1641.0,BURL
2024-04-11 12:16:00,197.2,197.27,197.19,197.19,1378.0,BURL
2024-04-11 12:15:00,197.32,197.32,197.3,197.32,3106.0,BURL
2024-04-11 12:13:00,197.35,197.42,197.35,197.42,886.0,BURL
2024-04-11 12:11:00,197.26,197.35,197.105,197.19,2316.0,BURL
2024-04-11 12:10:00,197.02,197.28,197.02,197.28,2196.0,BURL
2024-04-11 12:09:00,196.91,196.985,196.905,196.905,610.0,BURL
2024-04-11 12:07:00,197.1,197.1,197.1,197.1,491.0,BURL
2024-04-11 12:06:00,196.935,196.935,196.83,196.91,3666.0,BURL
2024-04-11 12:05:00,196.985,196.985,196.985,196.985,126.0,BURL
2024-04-11 12:04:00,196.79,196.9,196.79,196.9,1294.0,BURL
2024-04-11 12:03:00,196.79,196.79,196.675,196.675,650.0,BURL
2024-04-11 12:02:00,196.69,197.04,196.4,196.55,10219.0,BURL
2024-04-11 12:01:00,195.955,196.58,195.955,196.58,8746.0,BURL
2024-04-11 12:00:00,195.99,196.0,195.99,195.99,553.0,BURL
2024-04-11 11:58:00,195.97,195.97,195.97,195.97,250.0,BURL
2024-04-11 11:57:00,195.955,195.955,195.955,195.955,243.0,BURL
2024-04-11 11:56:00,195.79,195.842,195.75,195.842,1673.0,BURL
2024-04-11 11:54:00,195.52,195.52,195.52,195.52,544.0,BURL
2024-04-11 11:53:00,195.53,195.53,195.46,195.47,1247.0,BURL
2024-04-11 11:51:00,195.62,195.64,195.62,195.64,778.0,BURL
2024-04-11 11:48:00,195.52,195.53,195.52,195.52,878.0,BURL
2024-04-11 11:47:00,195.655,195.655,195.655,195.655,108.0,BURL
2024-04-11 11:46:00,195.6,195.7,195.58,195.7,1450.0,BURL
2024-04-11 11:45:00,195.33,195.56,195.33,195.56,6241.0,BURL
2024-04-11 11:44:00,195.455,195.455,195.23,195.32,1302.0,BURL
2024-04-11 11:43:00,195.36,195.36,195.36,195.36,199.0,BURL
2024-04-11 11:42:00,195.39,195.39,195.39,195.39,114.0,BURL
2024-04-11 11:41:00,195.39,195.39,195.39,195.39,198.0,BURL
2024-04-11 11:40:00,195.46,195.46,195.46,195.46,250.0,BURL
2024-04-11 11:39:00,195.12,195.33,195.115,195.3,2301.0,BURL
2024-04-11 11:38:00,194.9,195.15,194.9,195.065,1409.0,BURL
2024-04-11 11:36:00,194.95,194.95,194.92,194.92,287.0,BURL
2024-04-11 11:34:00,194.87,194.87,194.87,194.87,123.0,BURL
2024-04-11 11:33:00,194.82,194.865,194.805,194.865,595.0,BURL
2024-04-11 11:32:00,194.9,194.95,194.9,194.92,1327.0,BURL
2024-04-11 11:30:00,194.805,194.805,194.805,194.805,162.0,BURL
2024-04-11 11:29:00,194.85,194.86,194.73,194.73,1824.0,BURL
2024-04-11 11:27:00,194.99,194.99,194.99,194.99,621.0,BURL
2024-04-11 11:26:00,195.03,195.03,194.935,195.0,1356.0,BURL
2024-04-11 11:25:00,195.115,195.115,195.115,195.115,204.0,BURL
2024-04-11 11:23:00,195.1,195.26,195.01,195.19,4279.0,BURL
2024-04-11 11:22:00,195.02,195.14,195.02,195.14,1201.0,BURL
2024-04-11 11:20:00,194.93,194.93,194.835,194.835,678.0,BURL
2024-04-11 11:19:00,194.845,194.845,194.845,194.845,1106.0,BURL
2024-04-11 11:18:00,194.92,194.92,194.75,194.875,819.0,BURL
2024-04-11 11:17:00,194.87,194.87,194.765,194.765,1344.0,BURL
2024-04-11 11:16:00,194.9,194.97,194.845,194.845,2137.0,BURL
2024-04-11 11:15:00,194.76,194.77,194.76,194.77,1297.0,BURL
2024-04-11 11:13:00,194.87,194.87,194.87,194.87,247.0,BURL
2024-04-11 11:12:00,194.82,194.85,194.757,194.758,1000.0,BURL
2024-04-11 11:08:00,194.64,194.735,194.61,194.63,929.0,BURL
2024-04-11 11:07:00,194.7,194.7,194.69,194.69,1060.0,BURL
2024-04-11 11:06:00,194.71,194.78,194.71,194.74,2358.0,BURL
2024-04-11 11:05:00,194.82,194.82,194.61,194.66,5148.0,BURL
2024-04-11 11:03:00,194.99,194.99,194.84,194.93,2617.0,BURL
2024-04-11 11:02:00,194.98,195.01,194.98,194.985,1163.0,BURL
2024-04-11 11:01:00,194.98,195.0,194.98,194.98,1500.0,BURL
2024-04-11 10:59:00,194.82,194.9,194.8,194.9,1211.0,BURL
2024-04-11 10:57:00,194.9,194.91,194.895,194.895,613.0,BURL
2024-04-11 10:55:00,194.96,194.96,194.96,194.96,382.0,BURL
2024-04-11 10:54:00,194.83,194.88,194.83,194.88,895.0,BURL
2024-04-11 10:53:00,194.83,194.83,194.715,194.715,897.0,BURL
2024-04-11 10:52:00,194.99,194.99,194.95,194.95,963.0,BURL
2024-04-11 10:51:00,194.99,195.05,194.99,195.0,989.0,BURL
2024-04-11 10:50:00,194.965,194.965,194.965,194.965,473.0,BURL
2024-04-11 10:49:00,194.83,194.83,194.81,194.81,723.0,BURL
2024-04-11 10:48:00,194.58,194.77,194.48,194.77,2145.0,BURL
2024-04-11 10:45:00,194.49,194.49,194.49,194.49,381.0,BURL
2024-04-11 10:43:00,194.33,194.43,194.33,194.43,899.0,BURL
2024-04-11 10:42:00,194.34,194.34,194.25,194.28,2318.0,BURL
2024-04-11 10:41:00,194.6,194.6,194.52,194.543,749.0,BURL
2024-04-11 10:39:00,194.56,194.59,194.47,194.47,664.0,BURL
2024-04-11 10:37:00,194.44,194.44,194.44,194.44,358.0,BURL
2024-04-11 10:36:00,194.36,194.39,194.31,194.39,1128.0,BURL
2024-04-11 10:35:00,194.492,194.492,194.492,194.492,156.0,BURL
2024-04-11 10:34:00,194.725,194.73,194.47,194.47,5915.0,BURL
2024-04-11 10:33:00,194.72,194.727,194.72,194.728,277.0,BURL
2024-04-11 10:32:00,194.94,194.97,194.71,194.71,5005.0,BURL
2024-04-11 10:31:00,194.4,194.82,194.4,194.82,1771.0,BURL
2024-04-11 10:30:00,194.37,194.37,194.37,194.37,632.0,BURL
2024-04-11 10:29:00,194.38,194.38,194.38,194.38,210.0,BURL
2024-04-11 10:28:00,194.25,194.28,194.25,194.28,720.0,BURL
2024-04-11 10:27:00,194.28,194.28,194.14,194.14,297.0,BURL
2024-04-11 10:26:00,194.4,194.51,194.34,194.465,1623.0,BURL
2024-04-11 10:25:00,194.6,194.6,194.6,194.6,381.0,BURL
2024-04-11 10:24:00,194.48,194.54,194.48,194.54,1642.0,BURL
2024-04-11 10:23:00,194.88,195.09,194.88,195.09,747.0,BURL
2024-04-11 10:22:00,194.825,194.825,194.825,194.825,170.0,BURL
2024-04-11 10:21:00,194.87,194.93,194.83,194.93,963.0,BURL
2024-04-11 10:20:00,194.455,194.66,194.31,194.465,2694.0,BURL
2024-04-11 10:19:00,194.67,194.67,194.35,194.455,3902.0,BURL
2024-04-11 10:18:00,194.61,194.76,194.47,194.76,3355.0,BURL
2024-04-11 10:17:00,194.69,194.69,194.69,194.69,185.0,BURL
2024-04-11 10:16:00,194.68,194.68,194.68,194.68,150.0,BURL
2024-04-11 10:15:00,194.745,194.84,194.59,194.84,1369.0,BURL
2024-04-11 10:12:00,194.775,194.85,194.775,194.85,624.0,BURL
2024-04-11 10:11:00,194.73,194.88,194.71,194.815,1694.0,BURL
2024-04-11 10:09:00,194.83,194.962,194.77,194.92,2497.0,BURL
2024-04-11 10:07:00,195.08,195.08,195.03,195.03,1057.0,BURL
2024-04-11 10:05:00,194.84,194.98,194.82,194.97,2980.0,BURL
2024-04-11 10:04:00,195.09,195.09,194.86,194.935,1205.0,BURL
2024-04-11 10:01:00,194.89,194.89,194.87,194.87,853.0,BURL
2024-04-11 10:00:00,195.02,195.155,194.91,195.12,1843.0,BURL
2024-04-11 09:59:00,195.285,195.535,195.2,195.2,1150.0,BURL
2024-04-11 09:58:00,195.29,195.29,195.29,195.29,124.0,BURL
2024-04-11 09:56:00,195.23,195.23,195.23,195.23,108.0,BURL
2024-04-11 09:55:00,195.2,195.35,195.2,195.35,1147.0,BURL
2024-04-11 09:53:00,195.02,195.02,194.86,194.86,1970.0,BURL
2024-04-11 09:50:00,194.992,194.992,194.992,194.993,202.0,BURL
2024-04-11 09:49:00,195.1,195.1,194.83,195.02,1842.0,BURL
2024-04-11 09:46:00,195.655,195.655,195.12,195.265,1344.0,BURL
2024-04-11 09:45:00,195.53,195.53,195.53,195.53,170.0,BURL
2024-04-11 09:42:00,195.515,195.515,195.515,195.515,241.0,BURL
2024-04-11 09:40:00,195.49,195.49,194.945,194.945,1009.0,BURL
2024-04-11 09:37:00,195.42,195.57,195.42,195.525,895.0,BURL
2024-04-11 09:36:00,195.055,195.055,194.69,194.985,2014.0,BURL
2024-04-11 09:35:00,194.92,194.92,194.92,194.92,108.0,BURL
2024-04-11 09:33:00,194.68,194.68,194.54,194.54,807.0,BURL
2024-04-11 09:32:00,194.7,194.7,194.7,194.7,744.0,BURL
2024-04-11 09:31:00,194.88,194.88,194.88,194.88,387.0,BURL
2024-04-11 09:30:00,194.74,194.74,194.39,194.39,4428.0,BURL
2024-04-11 09:29:00,195.05,195.05,194.37,194.52,400.0,BURL
2024-04-11 09:21:00,195.05,195.05,195.05,195.05,4.0,BURL
2024-04-11 09:04:00,195.0,195.0,195.0,195.0,5.0,BURL
2024-04-11 08:53:00,207.19,207.19,207.19,207.19,5.0,BURL
2024-04-11 08:13:00,195.0,195.0,195.0,195.0,2.0,BURL
2024-04-11 07:25:00,194.27,195.01,194.27,195.0,15.0,BURL
2024-04-11 07:23:00,195.0,195.0,195.0,195.0,2.0,BURL
2024-04-11 07:22:00,194.0,194.0,194.0,194.0,2.0,BURL
2024-04-11 07:14:00,191.91,191.91,191.91,191.91,1.0,BURL
2024-04-10 19:00:00,194.7,194.81,194.7,194.81,144064.0,BURL
2024-04-10 18:31:00,195.0,195.0,195.0,195.0,30.0,BURL
2024-04-10 18:30:00,194.7,194.7,194.01,194.01,144091.0,BURL
2024-04-10 16:20:00,194.7,194.7,194.7,194.7,1.0,BURL
2024-04-10 16:15:00,194.69,194.69,194.69,194.69,15.0,BURL
2024-04-10 16:10:00,194.7,194.7,194.7,194.7,144061.0,BURL
2024-04-10 16:05:00,194.7,194.7,194.7,194.7,1.0,BURL
2024-04-10 16:01:00,194.7,194.7,194.7,194.7,166.0,BURL
2024-04-10 16:00:00,194.63,194.7,194.62,194.7,295309.0,BURL
2024-04-10 15:59:00,194.975,194.985,194.53,194.63,32230.0,BURL
2024-04-10 15:58:00,194.8,195.0,194.678,194.95,45223.0,BURL
2024-04-10 15:57:00,194.69,194.81,194.66,194.81,13565.0,BURL
2024-04-10 15:56:00,194.69,194.72,194.63,194.67,10317.0,BURL
2024-04-10 15:55:00,194.75,194.93,194.68,194.685,19644.0,BURL
2024-04-10 15:54:00,194.8,194.81,194.58,194.64,12148.0,BURL
2024-04-10 15:53:00,194.85,194.9,194.81,194.85,2857.0,BURL
2024-04-10 15:52:00,194.87,194.87,194.805,194.86,4459.0,BURL
2024-04-10 15:51:00,194.87,194.99,194.87,194.91,5531.0,BURL
2024-04-10 15:50:00,194.96,194.995,194.83,194.865,8939.0,BURL
2024-04-10 15:49:00,194.97,195.03,194.97,195.02,3347.0,BURL
2024-04-10 15:48:00,195.01,195.07,194.95,194.97,3175.0,BURL
2024-04-10 15:47:00,195.06,195.137,195.04,195.04,6391.0,BURL
2024-04-10 15:46:00,194.97,195.02,194.903,194.985,2694.0,BURL
2024-04-10 15:45:00,195.03,195.06,194.92,194.945,4175.0,BURL
2024-04-10 15:44:00,195.03,195.1,195.02,195.05,5219.0,BURL
2024-04-10 15:43:00,194.945,194.99,194.945,194.98,1432.0,BURL
2024-04-10 15:42:00,194.98,194.99,194.92,194.97,5278.0,BURL
2024-04-10 15:41:00,194.93,195.1,194.93,195.09,5545.0,BURL
2024-04-10 15:40:00,194.85,194.94,194.85,194.886,4015.0,BURL
2024-04-10 15:39:00,194.84,194.85,194.81,194.815,1598.0,BURL
2024-04-10 15:38:00,194.85,194.85,194.745,194.81,3624.0,BURL
2024-04-10 15:37:00,194.73,194.86,194.72,194.84,3517.0,BURL
2024-04-10 15:36:00,194.83,194.84,194.8,194.8,1537.0,BURL
2024-04-10 15:35:00,194.79,194.84,194.73,194.78,3204.0,BURL
2024-04-10 15:34:00,194.61,194.72,194.6,194.72,2424.0,BURL
2024-04-10 15:33:00,194.61,194.61,194.53,194.53,1014.0,BURL
2024-04-10 15:32:00,194.72,194.77,194.63,194.66,2629.0,BURL
2024-04-10 15:31:00,194.79,194.795,194.79,194.795,552.0,BURL
2024-04-10 15:30:00,194.96,194.98,194.77,194.77,3947.0,BURL
2024-04-10 15:29:00,194.92,195.04,194.92,194.96,4118.0,BURL
2024-04-10 15:28:00,194.96,195.03,194.96,194.96,2016.0,BURL
2024-04-10 15:27:00,194.97,195.0,194.9,194.9,1190.0,BURL
2024-04-10 15:26:00,195.15,195.17,195.05,195.05,3559.0,BURL
2024-04-10 15:25:00,195.11,195.15,195.06,195.15,1466.0,BURL
2024-04-10 15:24:00,195.135,195.18,195.135,195.18,1423.0,BURL
2024-04-10 15:23:00,195.13,195.135,195.13,195.135,445.0,BURL
2024-04-10 15:22:00,194.91,195.16,194.9,195.135,4013.0,BURL
2024-04-10 15:21:00,195.06,195.065,194.97,195.0,1339.0,BURL
2024-04-10 15:20:00,195.09,195.15,195.06,195.06,5758.0,BURL
2024-04-10 15:19:00,194.795,195.03,194.795,195.03,3457.0,BURL
2024-04-10 15:17:00,194.87,194.89,194.8,194.8,1081.0,BURL
2024-04-10 15:15:00,195.09,195.11,194.89,194.9,6137.0,BURL
2024-04-10 15:14:00,194.88,195.07,194.88,195.07,1375.0,BURL
2024-04-10 15:13:00,194.79,194.905,194.79,194.85,1777.0,BURL
2024-04-10 15:12:00,194.74,194.75,194.69,194.69,1177.0,BURL
2024-04-10 15:11:00,194.835,194.835,194.835,194.835,254.0,BURL
2024-04-10 15:10:00,194.87,194.88,194.79,194.79,2015.0,BURL
2024-04-10 15:09:00,194.64,194.79,194.63,194.79,1746.0,BURL
2024-04-10 15:08:00,194.57,194.57,194.57,194.57,466.0,BURL
2024-04-10 15:07:00,194.54,194.6,194.54,194.59,1832.0,BURL
2024-04-10 15:06:00,194.44,194.59,194.37,194.55,4957.0,BURL
2024-04-10 15:05:00,194.56,194.56,194.36,194.415,931.0,BURL
2024-04-10 15:03:00,194.46,194.46,194.455,194.455,601.0,BURL
2024-04-10 15:02:00,194.42,194.42,194.32,194.34,887.0,BURL
2024-04-10 15:01:00,194.38,194.595,194.37,194.44,4710.0,BURL
2024-04-10 15:00:00,194.25,194.35,194.25,194.28,3265.0,BURL
2024-04-10 14:59:00,194.28,194.28,194.18,194.18,451.0,BURL
2024-04-10 14:58:00,194.18,194.28,194.14,194.28,3039.0,BURL
2024-04-10 14:57:00,194.46,194.46,194.24,194.28,4609.0,BURL
2024-04-10 14:55:00,194.55,194.55,194.51,194.51,557.0,BURL
2024-04-10 14:53:00,194.695,194.695,194.57,194.585,946.0,BURL
2024-04-10 14:52:00,194.96,194.96,194.72,194.745,3969.0,BURL
2024-04-10 14:51:00,194.69,194.87,194.69,194.86,1966.0,BURL
2024-04-10 14:50:00,194.66,194.66,194.58,194.58,768.0,BURL
2024-04-10 14:49:00,194.66,194.66,194.66,194.66,151.0,BURL
2024-04-10 14:48:00,194.6,194.75,194.56,194.7,2111.0,BURL
2024-04-10 14:47:00,194.605,194.67,194.605,194.67,507.0,BURL
2024-04-10 14:46:00,194.42,194.62,194.42,194.62,2164.0,BURL
2024-04-10 14:43:00,194.39,194.4,194.39,194.4,702.0,BURL
2024-04-10 14:41:00,194.44,194.44,194.44,194.44,502.0,BURL
2024-04-10 14:40:00,194.41,194.5,194.41,194.5,695.0,BURL
2024-04-10 14:39:00,194.49,194.49,194.39,194.435,2198.0,BURL
2024-04-10 14:38:00,194.39,194.5,194.39,194.5,1009.0,BURL
2024-04-10 14:37:00,194.28,194.325,194.28,194.325,423.0,BURL
2024-04-10 14:36:00,194.22,194.34,194.18,194.32,2548.0,BURL
2024-04-10 14:35:00,194.125,194.125,194.05,194.05,457.0,BURL
2024-04-10 14:34:00,194.13,194.13,194.125,194.125,464.0,BURL
2024-04-10 14:33:00,194.125,194.125,194.125,194.125,526.0,BURL
2024-04-10 14:32:00,194.12,194.125,194.12,194.125,353.0,BURL
2024-04-10 14:31:00,193.875,194.12,193.875,194.05,2800.0,BURL
2024-04-10 14:30:00,193.865,194.02,193.865,193.99,3554.0,BURL
2024-04-10 14:29:00,193.84,193.98,193.84,193.93,2016.0,BURL
2024-04-10 14:28:00,193.91,194.015,193.69,193.84,1452.0,BURL
2024-04-10 14:27:00,193.95,194.015,193.95,194.015,604.0,BURL
2024-04-10 14:26:00,193.95,193.95,193.95,193.95,675.0,BURL
2024-04-10 14:25:00,194.03,194.03,193.95,193.95,500.0,BURL
2024-04-10 14:24:00,193.94,194.02,193.94,193.94,828.0,BURL
2024-04-10 14:23:00,194.125,194.125,193.94,193.94,1908.0,BURL
2024-04-10 14:22:00,194.15,194.18,194.14,194.14,1694.0,BURL
2024-04-10 14:21:00,194.335,194.44,194.165,194.165,3116.0,BURL
2024-04-10 14:20:00,194.335,194.335,194.18,194.18,976.0,BURL
2024-04-10 14:18:00,194.385,194.385,194.385,194.385,709.0,BURL
2024-04-10 14:17:00,194.73,194.741,194.48,194.48,2065.0,BURL
2024-04-10 14:16:00,194.58,194.58,194.58,194.58,226.0,BURL
2024-04-10 14:15:00,194.73,194.73,194.59,194.73,1096.0,BURL
2024-04-10 14:14:00,194.56,194.72,194.56,194.6,982.0,BURL
2024-04-10 14:13:00,194.71,194.71,194.57,194.57,878.0,BURL
2024-04-10 14:12:00,194.915,194.93,194.79,194.79,1880.0,BURL
2024-04-10 14:11:00,194.91,194.98,194.8,194.895,2120.0,BURL
2024-04-10 14:10:00,194.99,195.01,194.97,194.97,10494.0,BURL
2024-04-10 14:09:00,195.185,195.185,195.0,195.02,1121.0,BURL
2024-04-10 14:08:00,195.28,195.34,195.18,195.18,417.0,BURL
2024-04-10 14:07:00,194.97,194.97,194.97,194.97,288.0,BURL
2024-04-10 14:06:00,195.465,195.465,195.465,195.465,123.0,BURL
2024-04-10 14:05:00,195.235,195.47,194.96,195.47,2146.0,BURL
2024-04-10 14:04:00,195.23,195.23,195.23,195.23,206.0,BURL
2024-04-10 14:01:00,195.225,195.225,195.225,195.225,408.0,BURL
2024-04-10 14:00:00,195.32,195.335,194.95,194.99,1805.0,BURL
2024-04-10 13:59:00,195.055,195.22,195.055,195.21,724.0,BURL
2024-04-10 13:58:00,195.31,195.38,195.21,195.21,2039.0,BURL
2024-04-10 13:57:00,195.595,195.595,195.595,195.595,145.0,BURL
2024-04-10 13:56:00,195.06,195.39,194.95,195.39,5118.0,BURL
2024-04-10 13:55:00,195.06,195.065,194.92,194.925,1858.0,BURL
2024-04-10 13:54:00,195.2,195.2,195.2,195.2,227.0,BURL
2024-04-10 13:53:00,195.06,195.06,195.06,195.06,349.0,BURL
2024-04-10 13:51:00,195.03,195.185,195.03,195.185,268.0,BURL
2024-04-10 13:50:00,195.02,195.045,195.02,195.045,1429.0,BURL
2024-04-10 13:49:00,194.97,194.97,194.97,194.97,679.0,BURL
2024-04-10 13:47:00,194.87,194.9,194.87,194.89,489.0,BURL
2024-04-10 13:46:00,194.66,194.75,194.66,194.68,1253.0,BURL
2024-04-10 13:45:00,194.67,194.7,194.56,194.565,2570.0,BURL
2024-04-10 13:44:00,194.797,194.805,194.797,194.805,413.0,BURL
2024-04-10 13:43:00,194.795,194.875,194.795,194.875,696.0,BURL
2024-04-10 13:42:00,194.79,194.79,194.79,194.79,635.0,BURL
2024-04-10 13:41:00,194.73,194.85,194.73,194.85,583.0,BURL
2024-04-10 13:40:00,194.79,194.82,194.625,194.63,2914.0,BURL
2024-04-10 13:39:00,194.67,194.67,194.67,194.67,432.0,BURL
2024-04-10 13:38:00,194.74,194.74,194.73,194.73,357.0,BURL
2024-04-10 13:36:00,194.84,194.84,194.84,194.84,359.0,BURL
2024-04-10 13:35:00,195.2,195.21,194.88,194.88,2132.0,BURL
2024-04-10 13:33:00,195.11,195.25,195.085,195.12,2647.0,BURL
2024-04-10 13:32:00,195.33,195.35,195.23,195.23,918.0,BURL
2024-04-10 13:31:00,195.5,195.53,195.35,195.53,2268.0,BURL
2024-04-10 13:30:00,195.58,195.585,195.58,195.585,961.0,BURL
2024-04-10 13:29:00,195.72,195.72,195.59,195.635,1398.0,BURL
2024-04-10 13:28:00,195.92,195.925,195.82,195.82,820.0,BURL
2024-04-10 13:27:00,196.15,196.15,195.93,195.95,1543.0,BURL
2024-04-10 13:26:00,195.905,195.905,195.89,195.89,295.0,BURL
2024-04-10 13:25:00,195.75,195.99,195.75,195.94,1338.0,BURL
2024-04-10 13:23:00,195.97,195.97,195.97,195.97,150.0,BURL
2024-04-10 13:22:00,195.7,196.01,195.7,196.01,1445.0,BURL
2024-04-10 13:21:00,195.56,195.7,195.56,195.66,1190.0,BURL
2024-04-10 13:20:00,195.25,195.39,195.25,195.39,788.0,BURL
2024-04-10 13:19:00,195.15,195.275,195.15,195.275,2323.0,BURL
2024-04-10 13:18:00,195.02,195.02,195.02,195.02,410.0,BURL
2024-04-10 13:17:00,195.1,195.16,195.1,195.16,1110.0,BURL
2024-04-10 13:16:00,194.97,195.085,194.965,195.085,396.0,BURL
2024-04-10 13:15:00,195.045,195.045,194.9,194.975,1202.0,BURL
2024-04-10 13:14:00,195.005,195.04,194.98,195.04,2199.0,BURL
2024-04-10 13:13:00,194.95,195.05,194.95,195.05,1369.0,BURL
2024-04-10 13:12:00,194.915,194.93,194.89,194.92,1136.0,BURL
2024-04-10 13:10:00,194.75,194.9,194.745,194.9,874.0,BURL
2024-04-10 13:09:00,194.94,194.94,194.91,194.92,727.0,BURL
2024-04-10 13:07:00,194.87,194.95,194.86,194.95,1721.0,BURL
2024-04-10 13:06:00,194.795,194.84,194.72,194.78,3266.0,BURL
2024-04-10 13:05:00,194.802,194.88,194.8,194.88,1914.0,BURL
2024-04-10 13:04:00,194.975,194.98,194.81,194.88,5268.0,BURL
2024-04-10 13:03:00,194.95,194.965,194.95,194.965,1430.0,BURL
2024-04-10 13:02:00,194.9,194.97,194.9,194.955,634.0,BURL
2024-04-10 13:01:00,195.11,195.24,194.88,194.995,6164.0,BURL
2024-04-10 13:00:00,195.105,195.105,195.105,195.105,409.0,BURL
2024-04-10 12:59:00,195.12,195.12,195.01,195.06,1993.0,BURL
2024-04-10 12:58:00,195.02,195.18,195.02,195.155,1717.0,BURL
2024-04-10 12:57:00,195.01,195.21,194.995,195.04,994.0,BURL
2024-04-10 12:54:00,195.117,195.125,195.117,195.122,547.0,BURL
2024-04-10 12:53:00,195.125,195.13,195.125,195.13,312.0,BURL
2024-04-10 12:52:00,195.19,195.2,195.19,195.2,1408.0,BURL
2024-04-10 12:51:00,195.11,195.12,195.11,195.11,1445.0,BURL
2024-04-10 12:50:00,195.415,195.415,195.01,195.03,10295.0,BURL
2024-04-10 12:48:00,195.325,195.46,195.325,195.46,1160.0,BURL
2024-04-10 12:47:00,195.33,195.33,195.325,195.325,925.0,BURL
2024-04-10 12:45:00,195.495,195.495,195.495,195.495,459.0,BURL
2024-04-10 12:44:00,195.69,195.75,195.55,195.55,6019.0,BURL
2024-04-10 12:42:00,195.77,195.89,195.77,195.805,4979.0,BURL
2024-04-10 12:41:00,195.77,195.77,195.725,195.77,13524.0,BURL
2024-04-10 12:40:00,195.72,195.72,195.72,195.72,241.0,BURL
2024-04-10 12:39:00,195.75,195.75,195.75,195.75,566.0,BURL
2024-04-10 12:38:00,195.74,195.74,195.725,195.725,1149.0,BURL
2024-04-10 12:37:00,195.79,195.79,195.79,195.79,832.0,BURL
2024-04-10 12:35:00,195.86,195.92,195.86,195.92,1249.0,BURL
2024-04-10 12:34:00,195.8,195.82,195.8,195.81,1641.0,BURL
2024-04-10 12:33:00,195.72,195.725,195.72,195.725,1191.0,BURL
2024-04-10 12:32:00,195.74,195.74,195.62,195.72,1949.0,BURL
2024-04-10 12:31:00,195.78,195.82,195.74,195.74,1827.0,BURL
2024-04-10 12:30:00,195.67,195.8,195.67,195.688,2294.0,BURL
2024-04-10 12:29:00,195.655,195.67,195.61,195.67,1910.0,BURL
2024-04-10 12:27:00,195.74,195.74,195.74,195.74,152.0,BURL
2024-04-10 12:26:00,195.67,195.73,195.67,195.72,671.0,BURL
2024-04-10 12:25:00,195.7,195.72,195.7,195.72,828.0,BURL
2024-04-10 12:24:00,195.545,195.545,195.545,195.545,255.0,BURL
2024-04-10 12:23:00,195.585,195.585,195.585,195.585,640.0,BURL
2024-04-10 12:22:00,195.58,195.58,195.58,195.58,207.0,BURL
2024-04-10 12:21:00,195.58,195.58,195.57,195.57,957.0,BURL
2024-04-10 12:20:00,195.43,195.485,195.33,195.483,4647.0,BURL
2024-04-10 12:19:00,195.455,195.455,195.45,195.455,1211.0,BURL
2024-04-10 12:18:00,195.45,195.45,195.445,195.45,477.0,BURL
2024-04-10 12:17:00,195.42,195.53,195.37,195.45,2090.0,BURL
2024-04-10 12:16:00,195.49,195.49,195.49,195.49,142.0,BURL
2024-04-10 12:15:00,195.495,195.495,195.49,195.49,364.0,BURL
2024-04-10 12:14:00,195.41,195.51,195.41,195.51,259.0,BURL
2024-04-10 12:13:00,195.51,195.51,195.51,195.51,219.0,BURL
2024-04-10 12:12:00,195.575,195.575,195.575,195.575,646.0,BURL
2024-04-10 12:10:00,195.51,195.52,195.51,195.52,507.0,BURL
2024-04-10 12:09:00,195.49,195.54,195.49,195.516,1111.0,BURL
2024-04-10 12:08:00,195.555,195.555,195.46,195.46,1210.0,BURL
2024-04-10 12:07:00,195.41,195.56,195.41,195.48,1736.0,BURL
2024-04-10 12:05:00,195.572,195.572,195.4,195.548,1900.0,BURL
2024-04-10 12:04:00,195.37,195.38,195.37,195.37,426.0,BURL
2024-04-10 12:03:00,195.68,195.735,195.44,195.44,3324.0,BURL
2024-04-10 12:00:00,195.78,195.78,195.78,195.78,390.0,BURL
2024-04-10 11:59:00,195.9,195.9,195.9,195.9,649.0,BURL
2024-04-10 11:58:00,195.83,195.93,195.79,195.79,1109.0,BURL
2024-04-10 11:57:00,195.66,195.77,195.66,195.765,1290.0,BURL
2024-04-10 11:56:00,195.95,195.96,195.625,195.625,8088.0,BURL
2024-04-10 11:55:00,195.855,195.9,195.855,195.9,385.0,BURL
2024-04-10 11:54:00,195.875,195.875,195.875,195.875,214.0,BURL
2024-04-10 11:53:00,195.895,195.895,195.895,195.895,281.0,BURL
2024-04-10 11:52:00,195.7,195.86,195.7,195.86,1584.0,BURL
2024-04-10 11:51:00,195.45,195.69,195.45,195.69,1760.0,BURL
2024-04-10 11:50:00,195.355,195.48,195.355,195.48,939.0,BURL
2024-04-10 11:49:00,195.41,195.5,195.38,195.465,2722.0,BURL
2024-04-10 11:48:00,195.47,195.57,195.465,195.57,1491.0,BURL
2024-04-10 11:47:00,195.45,195.465,195.45,195.465,648.0,BURL
2024-04-10 11:46:00,195.405,195.48,195.22,195.48,11921.0,BURL
2024-04-10 11:45:00,195.41,195.51,195.345,195.345,4199.0,BURL
2024-04-10 11:44:00,195.22,195.225,195.22,195.225,390.0,BURL
2024-04-10 11:43:00,195.26,195.26,195.215,195.22,1740.0,BURL
2024-04-10 11:40:00,195.29,195.29,195.29,195.29,707.0,BURL
2024-04-10 11:39:00,195.175,195.38,195.17,195.33,1575.0,BURL
2024-04-10 11:38:00,195.35,195.35,195.19,195.23,1142.0,BURL
2024-04-10 11:37:00,195.42,195.435,195.42,195.435,580.0,BURL
2024-04-10 11:36:00,195.52,195.72,195.36,195.36,7903.0,BURL
2024-04-10 11:35:00,195.52,195.52,195.52,195.52,317.0,BURL
2024-04-10 11:34:00,195.52,195.52,195.52,195.52,178.0,BURL
2024-04-10 11:33:00,195.56,195.57,195.47,195.56,3227.0,BURL
2024-04-10 11:32:00,195.73,195.73,195.59,195.59,694.0,BURL
2024-04-10 11:31:00,195.93,195.93,195.805,195.805,1249.0,BURL
2024-04-10 11:30:00,196.05,196.065,195.94,195.98,1370.0,BURL
2024-04-10 11:29:00,196.065,196.065,196.065,196.065,224.0,BURL
2024-04-10 11:27:00,195.955,195.98,195.955,195.98,416.0,BURL
2024-04-10 11:26:00,195.84,195.84,195.84,195.84,953.0,BURL
2024-04-10 11:25:00,195.74,195.74,195.72,195.72,392.0,BURL
2024-04-10 11:23:00,195.51,195.63,195.495,195.63,1577.0,BURL
2024-04-10 11:22:00,195.525,195.525,195.525,195.525,226.0,BURL
2024-04-10 11:21:00,195.46,195.56,195.46,195.56,948.0,BURL
2024-04-10 11:19:00,194.89,195.305,194.89,195.305,3760.0,BURL
2024-04-10 11:18:00,194.94,195.04,194.93,194.93,824.0,BURL
2024-04-10 11:17:00,195.08,195.08,194.95,194.98,791.0,BURL
2024-04-10 11:16:00,195.212,195.375,195.212,195.265,703.0,BURL
2024-04-10 11:15:00,195.47,195.47,195.28,195.415,1052.0,BURL
2024-04-10 11:13:00,195.63,195.71,195.565,195.62,3282.0,BURL
2024-04-10 11:12:00,195.54,195.6,195.5,195.56,2317.0,BURL
2024-04-10 11:11:00,195.62,195.87,195.615,195.615,5974.0,BURL
2024-04-10 11:10:00,195.89,195.89,195.62,195.62,4272.0,BURL
2024-04-10 11:09:00,196.01,196.06,195.68,195.89,39578.0,BURL
2024-04-10 11:08:00,196.08,196.275,196.01,196.163,10187.0,BURL
2024-04-10 11:07:00,195.8,196.07,195.8,196.07,3868.0,BURL
2024-04-10 11:06:00,195.63,195.87,195.625,195.78,4970.0,BURL
2024-04-10 11:05:00,196.045,196.045,195.6,195.6,3572.0,BURL
2024-04-10 11:04:00,196.07,196.07,196.045,196.045,696.0,BURL
2024-04-10 11:03:00,195.999,195.999,195.92,195.98,1309.0,BURL
2024-04-10 11:02:00,196.17,196.18,196.17,196.18,694.0,BURL
2024-04-10 11:01:00,196.28,196.28,196.01,196.01,6248.0,BURL
2024-04-10 11:00:00,196.065,196.49,195.875,196.245,11528.0,BURL
2024-04-10 10:59:00,195.9,195.9,195.9,195.9,407.0,BURL
2024-04-10 10:58:00,195.915,195.915,195.88,195.88,410.0,BURL
2024-04-10 10:57:00,196.08,196.08,196.08,196.08,333.0,BURL
2024-04-10 10:56:00,196.075,196.075,196.075,196.075,168.0,BURL
2024-04-10 10:55:00,196.06,196.21,196.06,196.21,1391.0,BURL
2024-04-10 10:54:00,195.97,195.97,195.97,195.97,446.0,BURL
2024-04-10 10:52:00,196.15,196.16,196.15,196.16,536.0,BURL
2024-04-10 10:51:00,196.39,196.39,196.02,196.09,1913.0,BURL
2024-04-10 10:50:00,196.455,196.585,196.455,196.585,458.0,BURL
2024-04-10 10:49:00,196.61,196.67,196.44,196.44,1937.0,BURL
2024-04-10 10:48:00,196.47,196.47,196.465,196.465,339.0,BURL
2024-04-10 10:47:00,196.48,196.48,196.465,196.465,1268.0,BURL
2024-04-10 10:46:00,196.518,196.517,196.517,196.518,214.0,BURL
2024-04-10 10:45:00,196.72,196.72,196.72,196.72,269.0,BURL
2024-04-10 10:43:00,196.865,196.865,196.865,196.865,584.0,BURL
2024-04-10 10:42:00,196.98,196.98,196.98,196.98,995.0,BURL
2024-04-10 10:39:00,197.365,197.365,197.015,197.015,1376.0,BURL
2024-04-10 10:38:00,197.41,197.58,197.31,197.37,8389.0,BURL
2024-04-10 10:36:00,196.945,197.35,196.945,197.34,941.0,BURL
2024-04-10 10:34:00,197.12,197.12,197.12,197.12,705.0,BURL
2024-04-10 10:33:00,197.13,197.2,197.085,197.085,446.0,BURL
2024-04-10 10:32:00,196.66,196.97,196.55,196.83,2881.0,BURL
2024-04-10 10:30:00,196.94,196.94,196.94,196.94,289.0,BURL
2024-04-10 10:28:00,197.1,197.1,197.09,197.09,609.0,BURL
2024-04-10 10:27:00,196.815,196.865,196.815,196.865,598.0,BURL
2024-04-10 10:26:00,196.78,196.87,196.67,196.87,2381.0,BURL
2024-04-10 10:24:00,196.91,196.91,196.91,196.91,465.0,BURL
2024-04-10 10:23:00,196.88,197.155,196.88,197.155,680.0,BURL
2024-04-10 10:20:00,196.93,196.93,196.93,196.93,278.0,BURL
2024-04-10 10:19:00,196.815,196.815,196.815,196.815,1028.0,BURL
2024-04-10 10:18:00,196.6,196.8,196.6,196.67,1259.0,BURL
2024-04-10 10:17:00,196.42,196.5,196.42,196.46,2197.0,BURL
2024-04-10 10:16:00,196.245,196.245,196.24,196.24,337.0,BURL
2024-04-10 10:15:00,196.47,196.47,196.25,196.25,749.0,BURL
2024-04-10 10:14:00,196.575,196.575,196.575,196.575,308.0,BURL
2024-04-10 10:13:00,196.71,196.91,196.71,196.91,801.0,BURL
2024-04-10 10:12:00,196.715,196.715,196.715,196.715,105.0,BURL
2024-04-10 10:11:00,196.71,196.94,196.71,196.94,1335.0,BURL
2024-04-10 10:10:00,196.7,196.74,196.49,196.49,602.0,BURL
2024-04-10 10:09:00,196.655,196.655,196.42,196.42,716.0,BURL
2024-04-10 10:08:00,196.38,196.595,196.38,196.595,2252.0,BURL
2024-04-10 10:07:00,196.2,196.21,196.2,196.21,704.0,BURL
2024-04-10 10:06:00,196.06,196.06,195.845,196.03,1850.0,BURL
2024-04-10 10:04:00,196.31,196.31,196.22,196.22,426.0,BURL
2024-04-10 10:03:00,196.15,196.45,196.15,196.45,350.0,BURL
2024-04-10 10:02:00,196.225,196.54,196.22,196.22,1350.0,BURL
2024-04-10 10:01:00,196.15,196.455,196.12,196.455,2105.0,BURL
2024-04-10 10:00:00,196.335,196.335,195.875,195.89,4800.0,BURL
2024-04-10 09:59:00,196.24,196.52,196.235,196.52,5242.0,BURL
2024-04-10 09:57:00,196.7,196.765,196.69,196.765,1903.0,BURL
2024-04-10 09:56:00,196.34,196.72,196.34,196.66,3989.0,BURL
2024-04-10 09:55:00,196.23,196.25,196.12,196.135,1494.0,BURL
2024-04-10 09:54:00,196.33,196.34,196.31,196.31,563.0,BURL
2024-04-10 09:52:00,196.22,196.22,196.22,196.22,340.0,BURL
2024-04-10 09:50:00,195.99,196.26,195.99,196.26,1499.0,BURL
2024-04-10 09:49:00,196.0,196.0,196.0,196.0,314.0,BURL
2024-04-10 09:48:00,196.295,196.315,196.09,196.09,694.0,BURL
2024-04-10 09:47:00,196.5,196.5,196.22,196.22,1288.0,BURL
2024-04-10 09:46:00,196.76,196.89,196.76,196.89,661.0,BURL
2024-04-10 09:45:00,196.18,196.63,196.18,196.62,4284.0,BURL
2024-04-10 09:44:00,195.99,196.15,195.99,196.115,5585.0,BURL
2024-04-10 09:43:00,195.63,195.92,195.53,195.73,12826.0,BURL
2024-04-10 09:42:00,195.3,195.485,195.3,195.485,2802.0,BURL
2024-04-10 09:41:00,195.75,195.8,195.24,195.3,5034.0,BURL
2024-04-10 09:40:00,195.405,195.6,195.2,195.6,3957.0,BURL
2024-04-10 09:39:00,195.7,195.7,195.39,195.53,2619.0,BURL
2024-04-10 09:38:00,194.11,195.97,194.11,195.55,8886.0,BURL
2024-04-10 09:37:00,193.75,194.22,193.75,194.115,5100.0,BURL
2024-04-10 09:36:00,193.17,193.66,193.17,193.31,1570.0,BURL
2024-04-10 09:35:00,193.92,193.92,193.39,193.39,1184.0,BURL
2024-04-10 09:34:00,194.71,194.73,193.92,193.92,4089.0,BURL
2024-04-10 09:33:00,194.575,194.855,194.575,194.855,924.0,BURL
2024-04-10 09:32:00,193.63,194.265,193.54,194.265,7054.0,BURL
2024-04-10 09:31:00,194.08,194.08,192.65,192.65,7123.0,BURL
2024-04-10 09:30:00,195.83,195.9,194.09,194.09,22172.0,BURL
2024-04-10 08:47:00,199.45,199.45,199.45,199.45,1.0,BURL
2024-04-10 08:43:00,199.45,199.45,199.45,199.45,26.0,BURL
2024-04-10 08:40:00,195.45,195.45,195.45,195.45,1.0,BURL
2024-04-10 08:37:00,195.03,195.03,195.03,195.03,20.0,BURL
2024-04-10 08:30:00,199.42,199.5,198.0,198.0,68.0,BURL
2024-04-10 08:04:00,199.45,199.5,199.45,199.5,2.0,BURL
2024-04-10 08:01:00,199.45,199.45,199.45,199.45,1339.0,BURL
2024-04-10 08:00:00,199.45,199.45,199.45,199.45,10.0,BURL
2024-04-09 19:00:00,199.45,199.45,199.45,199.45,127314.0,BURL
2024-04-09 18:30:00,199.45,199.45,199.45,199.45,127314.0,BURL
2024-04-09 16:51:00,199.45,199.45,199.45,199.45,6380.0,BURL
2024-04-09 16:37:00,199.45,199.45,199.45,199.45,528.0,BURL
2024-04-09 16:29:00,199.5,199.5,199.5,199.5,29100.0,BURL
2024-04-09 16:10:00,199.45,199.45,199.45,199.45,127314.0,BURL
2024-04-09 16:00:00,199.42,199.45,199.42,199.45,264710.0,BURL
2024-04-09 15:59:00,199.59,199.63,199.415,199.42,36327.0,BURL
2024-04-09 15:58:00,199.51,199.59,199.46,199.58,15306.0,BURL
2024-04-09 15:57:00,199.63,199.67,199.37,199.5,26794.0,BURL
2024-04-09 15:56:00,199.55,199.63,199.5,199.62,12726.0,BURL
2024-04-09 15:55:00,199.72,199.72,199.29,199.55,20351.0,BURL
2024-04-09 15:54:00,199.525,199.57,199.35,199.51,9503.0,BURL
2024-04-09 15:53:00,199.57,199.57,199.424,199.51,7755.0,BURL
2024-04-09 15:52:00,199.51,199.66,199.48,199.57,8612.0,BURL
2024-04-09 15:51:00,199.42,199.48,199.41,199.48,5129.0,BURL
2024-04-09 15:50:00,199.42,199.49,199.37,199.435,6599.0,BURL
2024-04-09 15:49:00,199.54,199.54,199.42,199.54,6921.0,BURL
2024-04-09 15:48:00,199.465,199.64,199.465,199.61,5530.0,BURL
2024-04-09 15:47:00,199.335,199.51,199.335,199.44,6825.0,BURL
2024-04-09 15:46:00,199.32,199.34,199.29,199.34,5013.0,BURL
2024-04-09 15:45:00,199.46,199.49,199.33,199.33,5328.0,BURL
2024-04-09 15:44:00,199.46,199.49,199.41,199.45,3619.0,BURL
2024-04-09 15:43:00,199.55,199.555,199.45,199.45,5386.0,BURL
2024-04-09 15:42:00,199.381,199.565,199.381,199.55,4073.0,BURL
2024-04-09 15:41:00,199.565,199.58,199.45,199.45,5329.0,BURL
2024-04-09 15:40:00,199.433,199.56,199.42,199.535,2561.0,BURL
2024-04-09 15:39:00,199.54,199.54,199.381,199.381,5360.0,BURL
2024-04-09 15:38:00,199.565,199.565,199.5,199.55,3656.0,BURL
2024-04-09 15:37:00,199.69,199.69,199.56,199.56,2249.0,BURL
2024-04-09 15:36:00,199.695,199.695,199.581,199.67,4315.0,BURL
2024-04-09 15:35:00,199.66,199.71,199.66,199.69,2039.0,BURL
2024-04-09 15:34:00,199.79,199.79,199.665,199.665,3443.0,BURL
2024-04-09 15:33:00,199.75,199.85,199.72,199.78,8740.0,BURL
2024-04-09 15:32:00,200.05,200.05,199.8,199.8,5306.0,BURL
2024-04-09 15:31:00,199.82,200.01,199.82,199.94,5643.0,BURL
2024-04-09 15:30:00,199.78,199.78,199.64,199.77,6575.0,BURL
2024-04-09 15:29:00,199.65,199.83,199.65,199.83,3644.0,BURL
2024-04-09 15:28:00,199.58,199.65,199.55,199.581,2569.0,BURL
2024-04-09 15:27:00,199.59,199.61,199.53,199.58,2504.0,BURL
2024-04-09 15:26:00,199.605,199.68,199.58,199.635,3155.0,BURL
2024-04-09 15:25:00,199.55,199.65,199.545,199.605,3019.0,BURL
2024-04-09 15:24:00,199.681,199.72,199.55,199.561,5902.0,BURL
2024-04-09 15:23:00,199.85,199.85,199.69,199.71,4757.0,BURL
2024-04-09 15:22:00,199.74,199.85,199.74,199.85,1878.0,BURL
2024-04-09 15:21:00,199.77,199.77,199.675,199.695,3372.0,BURL
2024-04-09 15:20:00,199.7,199.775,199.7,199.775,1319.0,BURL
2024-04-09 15:19:00,199.7,199.71,199.65,199.71,1536.0,BURL
2024-04-09 15:18:00,199.62,199.68,199.62,199.62,3257.0,BURL
2024-04-09 15:17:00,199.575,199.65,199.575,199.62,3107.0,BURL
2024-04-09 15:16:00,199.54,199.6,199.5,199.575,2433.0,BURL
2024-04-09 15:15:00,199.49,199.54,199.49,199.5,2179.0,BURL
2024-04-09 15:14:00,199.46,199.51,199.455,199.48,1952.0,BURL
2024-04-09 15:13:00,199.42,199.47,199.42,199.46,1944.0,BURL
2024-04-09 15:12:00,199.43,199.43,199.35,199.41,3324.0,BURL
2024-04-09 15:11:00,199.395,199.395,199.33,199.395,1519.0,BURL
2024-04-09 15:10:00,199.28,199.42,199.25,199.415,4978.0,BURL
2024-04-09 15:09:00,199.25,199.4,199.25,199.4,548.0,BURL
2024-04-09 15:08:00,199.32,199.325,199.305,199.305,1091.0,BURL
2024-04-09 15:07:00,199.33,199.4,199.32,199.4,4188.0,BURL
2024-04-09 15:06:00,199.41,199.41,199.34,199.35,1794.0,BURL
2024-04-09 15:05:00,199.41,199.41,199.41,199.41,876.0,BURL
2024-04-09 15:04:00,199.45,199.45,199.37,199.41,2765.0,BURL
2024-04-09 15:03:00,199.46,199.51,199.445,199.46,2783.0,BURL
2024-04-09 15:02:00,199.48,199.56,199.44,199.5,5186.0,BURL
2024-04-09 15:01:00,199.53,199.535,199.51,199.535,2129.0,BURL
2024-04-09 15:00:00,199.625,199.64,199.585,199.585,1608.0,BURL
2024-04-09 14:59:00,199.65,199.65,199.58,199.625,1300.0,BURL
2024-04-09 14:58:00,199.6,199.64,199.6,199.64,500.0,BURL
2024-04-09 14:57:00,199.59,199.6,199.56,199.57,881.0,BURL
2024-04-09 14:56:00,199.61,199.61,199.54,199.59,2497.0,BURL
2024-04-09 14:55:00,199.575,199.61,199.555,199.61,1542.0,BURL
2024-04-09 14:54:00,199.515,199.515,199.515,199.515,310.0,BURL
2024-04-09 14:53:00,199.7,199.71,199.55,199.58,8629.0,BURL
2024-04-09 14:52:00,199.79,199.79,199.765,199.765,955.0,BURL
2024-04-09 14:51:00,199.765,199.765,199.765,199.765,1098.0,BURL
2024-04-09 14:50:00,199.78,199.78,199.7,199.78,2820.0,BURL
2024-04-09 14:49:00,199.85,199.85,199.85,199.85,632.0,BURL
2024-04-09 14:48:00,199.82,199.91,199.82,199.84,2224.0,BURL
2024-04-09 14:47:00,199.815,199.89,199.74,199.82,2271.0,BURL
2024-04-09 14:46:00,199.82,199.82,199.82,199.82,572.0,BURL
2024-04-09 14:45:00,199.82,199.9,199.75,199.75,1044.0,BURL
2024-04-09 14:44:00,199.805,199.88,199.805,199.815,784.0,BURL
2024-04-09 14:43:00,199.805,199.805,199.805,199.805,345.0,BURL
2024-04-09 14:42:00,199.85,199.85,199.84,199.85,469.0,BURL
2024-04-09 14:41:00,199.75,199.765,199.69,199.69,1233.0,BURL
2024-04-09 14:39:00,199.84,199.84,199.76,199.83,2031.0,BURL
2024-04-09 14:38:00,199.93,199.96,199.93,199.96,790.0,BURL
2024-04-09 14:37:00,200.02,200.02,199.95,199.95,2035.0,BURL
2024-04-09 14:36:00,200.075,200.085,200.075,200.085,414.0,BURL
2024-04-09 14:35:00,199.88,200.07,199.88,200.05,1974.0,BURL
2024-04-09 14:33:00,199.84,199.84,199.82,199.82,2062.0,BURL
2024-04-09 14:32:00,199.81,199.88,199.81,199.88,768.0,BURL
2024-04-09 14:31:00,199.765,199.765,199.765,199.765,106.0,BURL
2024-04-09 14:30:00,199.76,199.86,199.72,199.72,5507.0,BURL
2024-04-09 14:29:00,199.725,199.79,199.725,199.79,596.0,BURL
2024-04-09 14:28:00,199.79,199.79,199.68,199.725,1770.0,BURL
2024-04-09 14:27:00,199.97,199.97,199.8,199.825,3993.0,BURL
2024-04-09 14:26:00,200.025,200.025,200.02,200.02,252.0,BURL
2024-04-09 14:25:00,200.08,200.08,199.975,200.025,1731.0,BURL
2024-04-09 14:24:00,200.02,200.04,199.97,199.97,1381.0,BURL
2024-04-09 14:23:00,200.1,200.1,200.05,200.05,2495.0,BURL
2024-04-09 14:22:00,200.15,200.17,200.15,200.17,916.0,BURL
2024-04-09 14:21:00,200.15,200.15,200.15,200.15,545.0,BURL
2024-04-09 14:20:00,200.17,200.17,200.13,200.13,919.0,BURL
2024-04-09 14:19:00,200.17,200.17,200.17,200.17,938.0,BURL
2024-04-09 14:18:00,200.17,200.18,200.1,200.175,3606.0,BURL
2024-04-09 14:16:00,200.125,200.15,200.1,200.1,1083.0,BURL
2024-04-09 14:15:00,200.16,200.24,200.13,200.17,2141.0,BURL
2024-04-09 14:14:00,200.115,200.16,200.115,200.16,450.0,BURL
2024-04-09 14:13:00,200.08,200.08,200.08,200.08,846.0,BURL
2024-04-09 14:12:00,200.115,200.2,200.115,200.115,1850.0,BURL
2024-04-09 14:11:00,200.2,200.2,200.04,200.04,358.0,BURL
2024-04-09 14:10:00,200.115,200.115,200.115,200.115,392.0,BURL
2024-04-09 14:09:00,200.055,200.115,200.055,200.115,770.0,BURL
2024-04-09 14:08:00,200.045,200.05,200.045,200.05,612.0,BURL
2024-04-09 14:07:00,200.04,200.04,199.98,200.0,1572.0,BURL
2024-04-09 14:06:00,200.115,200.115,200.115,200.115,279.0,BURL
2024-04-09 14:05:00,200.115,200.115,200.115,200.115,233.0,BURL
2024-04-09 14:04:00,200.03,200.085,200.03,200.085,1431.0,BURL
2024-04-09 14:03:00,200.025,200.035,200.025,200.03,816.0,BURL
2024-04-09 14:02:00,199.96,200.0,199.85,199.995,2383.0,BURL
2024-04-09 14:01:00,200.145,200.145,200.01,200.01,15495.0,BURL
2024-04-09 14:00:00,200.26,200.26,200.14,200.14,3576.0,BURL
2024-04-09 13:59:00,200.38,200.38,200.34,200.34,1339.0,BURL
2024-04-09 13:58:00,200.32,200.32,200.275,200.275,22052.0,BURL
2024-04-09 13:57:00,200.38,200.38,200.38,200.38,588.0,BURL
2024-04-09 13:56:00,200.38,200.38,200.38,200.38,1362.0,BURL
2024-04-09 13:55:00,200.375,200.45,200.375,200.375,739.0,BURL
2024-04-09 13:54:00,200.375,200.375,200.3,200.375,652.0,BURL
2024-04-09 13:53:00,200.36,200.36,200.36,200.36,190.0,BURL
2024-04-09 13:52:00,200.32,200.32,200.32,200.32,755.0,BURL
2024-04-09 13:51:00,200.47,200.47,200.395,200.47,4200.0,BURL
2024-04-09 13:50:00,200.395,200.395,200.395,200.395,534.0,BURL
2024-04-09 13:49:00,200.39,200.395,200.39,200.395,1589.0,BURL
2024-04-09 13:48:00,200.34,200.34,200.3,200.3,1638.0,BURL
2024-04-09 13:47:00,200.405,200.405,200.405,200.405,415.0,BURL
2024-04-09 13:46:00,200.335,200.47,200.335,200.405,2925.0,BURL
2024-04-09 13:44:00,200.375,200.375,200.28,200.28,1803.0,BURL
2024-04-09 13:43:00,200.4,200.43,200.365,200.37,1473.0,BURL
2024-04-09 13:42:00,200.33,200.33,200.275,200.31,1936.0,BURL
2024-04-09 13:41:00,200.385,200.405,200.385,200.405,998.0,BURL
2024-04-09 13:40:00,200.295,200.4,200.225,200.385,2554.0,BURL
2024-04-09 13:39:00,200.275,200.37,200.19,200.29,868.0,BURL
2024-04-09 13:38:00,200.24,200.265,200.2,200.265,1373.0,BURL
2024-04-09 13:37:00,200.16,200.16,200.16,200.16,539.0,BURL
2024-04-09 13:36:00,200.175,200.18,200.175,200.18,1486.0,BURL
2024-04-09 13:35:00,200.165,200.165,200.1,200.165,804.0,BURL
2024-04-09 13:34:00,200.09,200.16,200.09,200.09,918.0,BURL
2024-04-09 13:33:00,200.085,200.085,200.085,200.085,163.0,BURL
2024-04-09 13:32:00,200.09,200.09,200.09,200.09,133.0,BURL
2024-04-09 13:31:00,200.09,200.095,199.98,199.995,3453.0,BURL
2024-04-09 13:30:00,200.165,200.165,200.165,200.165,264.0,BURL
2024-04-09 13:28:00,200.09,200.16,200.07,200.16,2430.0,BURL
2024-04-09 13:27:00,200.28,200.28,200.105,200.12,3544.0,BURL
2024-04-09 13:26:00,200.28,200.28,200.28,200.28,408.0,BURL
2024-04-09 13:25:00,200.05,200.26,200.05,200.24,5365.0,BURL
2024-04-09 13:24:00,200.075,200.075,199.93,199.97,4004.0,BURL
2024-04-09 13:22:00,199.985,200.09,199.985,200.03,7379.0,BURL
2024-04-09 13:21:00,199.935,200.06,199.935,199.99,4153.0,BURL
2024-04-09 13:20:00,199.935,199.98,199.935,199.98,446.0,BURL
2024-04-09 13:19:00,199.97,199.97,199.935,199.935,1653.0,BURL
2024-04-09 13:18:00,199.945,200.0,199.945,199.97,3789.0,BURL
2024-04-09 13:17:00,199.96,200.0,199.855,199.945,5545.0,BURL
2024-04-09 13:16:00,200.0,200.0,199.925,199.925,330.0,BURL
2024-04-09 13:15:00,199.89,199.95,199.89,199.92,829.0,BURL
2024-04-09 13:14:00,199.87,199.885,199.83,199.885,1243.0,BURL
2024-04-09 13:13:00,199.72,199.815,199.72,199.815,4136.0,BURL
2024-04-09 13:12:00,199.715,199.72,199.715,199.72,2738.0,BURL
2024-04-09 13:11:00,199.75,199.78,199.715,199.715,1780.0,BURL
2024-04-09 13:10:00,199.715,199.715,199.715,199.715,358.0,BURL
2024-04-09 13:09:00,199.65,199.65,199.65,199.65,280.0,BURL
2024-04-09 13:08:00,199.63,199.645,199.63,199.645,1153.0,BURL
2024-04-09 13:07:00,199.71,199.77,199.63,199.63,1673.0,BURL
2024-04-09 13:06:00,199.58,199.75,199.58,199.72,1794.0,BURL
2024-04-09 13:05:00,199.63,199.63,199.63,199.63,431.0,BURL
2024-04-09 13:04:00,199.64,199.69,199.64,199.69,990.0,BURL
2024-04-09 13:03:00,199.705,199.715,199.705,199.715,890.0,BURL
2024-04-09 13:02:00,199.68,199.68,199.59,199.68,2617.0,BURL
2024-04-09 13:01:00,199.77,199.77,199.67,199.745,3830.0,BURL
2024-04-09 12:59:00,199.675,199.71,199.675,199.71,213.0,BURL
2024-04-09 12:58:00,199.67,199.69,199.67,199.67,1049.0,BURL
2024-04-09 12:57:00,199.85,199.86,199.785,199.785,3326.0,BURL
2024-04-09 12:56:00,199.775,199.775,199.775,199.775,279.0,BURL
2024-04-09 12:55:00,199.85,199.85,199.76,199.775,735.0,BURL
2024-04-09 12:54:00,199.67,199.67,199.67,199.67,697.0,BURL
2024-04-09 12:53:00,199.97,199.97,199.67,199.8,10478.0,BURL
2024-04-09 12:51:00,200.03,200.04,200.0,200.0,1108.0,BURL
2024-04-09 12:50:00,200.055,200.055,200.01,200.035,940.0,BURL
2024-04-09 12:49:00,200.04,200.095,200.01,200.01,1007.0,BURL
2024-04-09 12:48:00,200.08,200.11,200.06,200.06,927.0,BURL
2024-04-09 12:47:00,200.125,200.165,200.09,200.135,1909.0,BURL
2024-04-09 12:46:00,200.135,200.135,200.135,200.135,312.0,BURL
2024-04-09 12:45:00,200.225,200.28,200.1,200.1,3532.0,BURL
2024-04-09 12:44:00,200.275,200.295,200.19,200.225,2793.0,BURL
2024-04-09 12:43:00,200.215,200.29,200.21,200.265,963.0,BURL
2024-04-09 12:42:00,200.29,200.34,200.29,200.29,562.0,BURL
2024-04-09 12:41:00,200.285,200.37,200.28,200.3,4367.0,BURL
2024-04-09 12:40:00,200.29,200.37,200.29,200.29,8171.0,BURL
2024-04-09 12:39:00,200.285,200.29,200.285,200.29,1032.0,BURL
2024-04-09 12:38:00,200.28,200.28,200.28,200.28,178.0,BURL
2024-04-09 12:37:00,200.315,200.38,200.2,200.24,3166.0,BURL
2024-04-09 12:36:00,200.28,200.335,200.28,200.33,1341.0,BURL
2024-04-09 12:35:00,200.31,200.36,200.3,200.33,1114.0,BURL
2024-04-09 12:34:00,200.34,200.43,200.31,200.345,3588.0,BURL
2024-04-09 12:33:00,200.315,200.34,200.31,200.33,2338.0,BURL
2024-04-09 12:32:00,200.31,200.31,200.24,200.25,875.0,BURL
2024-04-09 12:31:00,200.25,200.31,200.25,200.31,804.0,BURL
2024-04-09 12:30:00,200.31,200.31,200.29,200.29,1195.0,BURL
2024-04-09 12:29:00,200.405,200.405,200.405,200.405,258.0,BURL
2024-04-09 12:28:00,200.32,200.4,200.315,200.4,2120.0,BURL
2024-04-09 12:27:00,200.405,200.41,200.4,200.41,1317.0,BURL
2024-04-09 12:26:00,200.36,200.395,200.36,200.395,771.0,BURL
2024-04-09 12:24:00,200.355,200.355,200.355,200.355,243.0,BURL
2024-04-09 12:22:00,200.27,200.27,200.27,200.27,374.0,BURL
2024-04-09 12:21:00,200.62,200.63,200.31,200.31,10336.0,BURL
2024-04-09 12:20:00,200.535,200.535,200.535,200.535,297.0,BURL
2024-04-09 12:19:00,200.46,200.57,200.435,200.57,2344.0,BURL
2024-04-09 12:18:00,200.56,200.56,200.43,200.45,2726.0,BURL
2024-04-09 12:17:00,200.45,200.62,200.45,200.52,3970.0,BURL
2024-04-09 12:16:00,200.405,200.46,200.405,200.435,3277.0,BURL
2024-04-09 12:15:00,200.425,200.425,200.41,200.425,745.0,BURL
2024-04-09 12:13:00,200.345,200.41,200.33,200.33,1514.0,BURL
2024-04-09 12:12:00,200.25,200.41,200.24,200.353,4981.0,BURL
2024-04-09 12:11:00,200.255,200.255,200.25,200.25,348.0,BURL
2024-04-09 12:10:00,200.19,200.265,200.17,200.22,2153.0,BURL
2024-04-09 12:09:00,200.15,200.29,200.07,200.28,7819.0,BURL
2024-04-09 12:08:00,200.015,200.15,200.015,200.07,7911.0,BURL
2024-04-09 12:07:00,200.02,200.07,199.94,200.06,9977.0,BURL
2024-04-09 12:06:00,200.115,200.16,200.03,200.06,6491.0,BURL
2024-04-09 12:05:00,200.01,200.11,200.01,200.07,4018.0,BURL
2024-04-09 12:04:00,199.98,200.05,199.98,200.01,2888.0,BURL
2024-04-09 12:03:00,199.925,200.03,199.88,199.975,12085.0,BURL
2024-04-09 12:02:00,199.9,199.92,199.86,199.9,3541.0,BURL
2024-04-09 12:01:00,199.91,199.925,199.84,199.9,3538.0,BURL
2024-04-09 12:00:00,199.9,199.96,199.86,199.91,7712.0,BURL
2024-04-09 11:59:00,199.88,199.9,199.88,199.9,1091.0,BURL
2024-04-09 11:58:00,199.88,199.89,199.88,199.88,1065.0,BURL
2024-04-09 11:57:00,199.88,199.88,199.88,199.88,183.0,BURL
2024-04-09 11:56:00,199.84,199.88,199.84,199.88,243.0,BURL
2024-04-09 11:55:00,199.9,199.9,199.84,199.88,3450.0,BURL
2024-04-09 11:54:00,199.9,199.9,199.9,199.9,914.0,BURL
2024-04-09 11:53:00,199.9,199.9,199.86,199.87,1622.0,BURL
2024-04-09 11:52:00,199.9,199.92,199.86,199.92,1875.0,BURL
2024-04-09 11:51:00,199.94,199.957,199.85,199.958,2604.0,BURL
2024-04-09 11:50:00,199.94,199.975,199.92,199.975,1297.0,BURL
2024-04-09 11:49:00,199.92,200.0,199.92,199.92,3815.0,BURL
2024-04-09 11:48:00,199.845,199.92,199.74,199.92,19154.0,BURL
2024-04-09 11:47:00,199.85,199.87,199.845,199.845,722.0,BURL
2024-04-09 11:46:00,199.83,199.89,199.76,199.845,4798.0,BURL
2024-04-09 11:45:00,199.61,199.845,199.61,199.845,8693.0,BURL
2024-04-09 11:44:00,199.635,199.74,199.61,199.675,13003.0,BURL
2024-04-09 11:43:00,199.59,199.66,199.59,199.635,2862.0,BURL
2024-04-09 11:42:00,199.61,199.66,199.54,199.59,5200.0,BURL
2024-04-09 11:39:00,199.587,199.587,199.585,199.585,1138.0,BURL
2024-04-09 11:37:00,199.645,199.645,199.52,199.52,3660.0,BURL
2024-04-09 11:36:00,199.61,199.71,199.6,199.645,5201.0,BURL
2024-04-09 11:34:00,199.6,199.6,199.52,199.52,325.0,BURL
2024-04-09 11:32:00,199.5,199.5,199.5,199.5,441.0,BURL
2024-04-09 11:31:00,199.65,199.65,199.51,199.51,2432.0,BURL
2024-04-09 11:30:00,199.645,199.645,199.645,199.645,817.0,BURL
2024-04-09 11:29:00,199.55,199.63,199.55,199.63,438.0,BURL
2024-04-09 11:28:00,199.62,199.62,199.615,199.615,641.0,BURL
2024-04-09 11:27:00,199.655,199.675,199.59,199.59,3696.0,BURL
2024-04-09 11:26:00,199.6,199.75,199.51,199.675,4058.0,BURL
2024-04-09 11:25:00,199.6,199.6,199.6,199.6,1887.0,BURL
2024-04-09 11:24:00,199.59,199.66,199.49,199.595,2885.0,BURL
2024-04-09 11:22:00,199.7,199.7,199.675,199.7,1333.0,BURL
2024-04-09 11:21:00,199.695,199.695,199.695,199.695,528.0,BURL
2024-04-09 11:20:00,199.725,199.725,199.58,199.58,1302.0,BURL
2024-04-09 11:19:00,199.63,199.72,199.61,199.64,580.0,BURL
2024-04-09 11:18:00,199.62,199.63,199.62,199.63,1013.0,BURL
2024-04-09 11:17:00,199.7,199.769,199.656,199.69,7120.0,BURL
2024-04-09 11:16:00,199.745,199.78,199.73,199.78,1090.0,BURL
2024-04-09 11:15:00,199.91,199.93,199.73,199.73,4405.0,BURL
2024-04-09 11:14:00,199.865,199.87,199.865,199.87,922.0,BURL
2024-04-09 11:13:00,199.95,199.95,199.84,199.86,3154.0,BURL
2024-04-09 11:12:00,199.87,199.93,199.845,199.93,1354.0,BURL
2024-04-09 11:11:00,199.95,200.015,199.765,199.765,10665.0,BURL
2024-04-09 11:10:00,199.96,199.96,199.82,199.91,5180.0,BURL
2024-04-09 11:09:00,199.985,200.08,199.95,199.96,7588.0,BURL
2024-04-09 11:08:00,199.96,199.96,199.925,199.925,609.0,BURL
2024-04-09 11:07:00,199.865,200.05,199.865,199.94,1696.0,BURL
2024-04-09 11:06:00,199.7,199.86,199.67,199.79,6730.0,BURL
2024-04-09 11:05:00,199.715,199.715,199.67,199.675,2202.0,BURL
2024-04-09 11:04:00,199.71,199.71,199.62,199.67,1621.0,BURL
2024-04-09 11:03:00,199.65,199.785,199.65,199.71,7012.0,BURL
2024-04-09 11:02:00,199.767,199.8,199.67,199.69,4844.0,BURL
2024-04-09 11:01:00,199.79,199.8,199.73,199.735,3569.0,BURL
2024-04-09 11:00:00,199.865,199.98,199.865,199.89,3758.0,BURL
2024-04-09 10:59:00,199.86,199.865,199.835,199.865,2265.0,BURL
2024-04-09 10:58:00,199.64,199.86,199.61,199.86,4356.0,BURL
2024-04-09 10:57:00,199.575,199.665,199.46,199.56,7680.0,BURL
2024-04-09 10:56:00,199.53,199.595,199.485,199.53,1192.0,BURL
2024-04-09 10:55:00,199.475,199.6,199.39,199.48,5127.0,BURL
2024-04-09 10:54:00,199.46,199.53,199.46,199.53,782.0,BURL
2024-04-09 10:52:00,199.51,199.51,199.39,199.39,1448.0,BURL
2024-04-09 10:51:00,199.51,199.62,199.51,199.62,945.0,BURL
2024-04-09 10:50:00,199.41,199.55,199.41,199.505,666.0,BURL
2024-04-09 10:49:00,199.46,199.46,199.335,199.335,752.0,BURL
2024-04-09 10:47:00,199.425,199.46,199.29,199.46,3165.0,BURL
2024-04-09 10:46:00,199.57,199.57,199.57,199.57,978.0,BURL
2024-04-09 10:44:00,199.55,199.65,199.51,199.515,2494.0,BURL
2024-04-09 10:43:00,199.44,199.44,199.43,199.43,927.0,BURL
2024-04-09 10:42:00,199.585,199.585,199.46,199.46,1101.0,BURL
2024-04-09 10:41:00,199.685,199.685,199.51,199.51,2775.0,BURL
2024-04-09 10:40:00,199.735,199.75,199.6,199.66,1916.0,BURL
2024-04-09 10:39:00,199.72,199.72,199.67,199.72,1247.0,BURL
2024-04-09 10:38:00,199.82,199.94,199.76,199.94,3225.0,BURL
2024-04-09 10:37:00,199.63,199.745,199.63,199.745,1407.0,BURL
2024-04-09 10:36:00,199.67,199.785,199.67,199.77,2796.0,BURL
2024-04-09 10:35:00,199.96,199.96,199.7,199.825,1504.0,BURL
2024-04-09 10:33:00,199.84,199.9,199.74,199.74,2161.0,BURL
2024-04-09 10:32:00,199.6,199.64,199.6,199.64,648.0,BURL
2024-04-09 10:31:00,199.51,199.51,199.51,199.51,1030.0,BURL
2024-04-09 10:30:00,199.38,199.45,199.29,199.45,2940.0,BURL
2024-04-09 10:29:00,199.635,199.635,199.54,199.58,1774.0,BURL
2024-04-09 10:28:00,200.0,200.045,199.64,199.64,7593.0,BURL
2024-04-09 10:27:00,200.12,200.12,200.04,200.04,1078.0,BURL
2024-04-09 10:26:00,200.11,200.17,200.11,200.15,1289.0,BURL
2024-04-09 10:25:00,200.005,200.005,199.96,199.99,1396.0,BURL
2024-04-09 10:24:00,200.165,200.165,200.02,200.02,1002.0,BURL
2024-04-09 10:23:00,200.165,200.165,200.13,200.16,1988.0,BURL
2024-04-09 10:22:00,199.98,200.165,199.98,200.165,3242.0,BURL
2024-04-09 10:21:00,199.77,199.875,199.77,199.875,964.0,BURL
2024-04-09 10:20:00,199.885,199.885,199.77,199.88,3850.0,BURL
2024-04-09 10:19:00,199.89,200.01,199.89,199.89,879.0,BURL
2024-04-09 10:18:00,199.885,199.89,199.885,199.89,743.0,BURL
2024-04-09 10:17:00,199.9,199.9,199.78,199.885,336.0,BURL
2024-04-09 10:16:00,199.86,199.98,199.83,199.905,2017.0,BURL
2024-04-09 10:15:00,199.72,199.85,199.72,199.85,1114.0,BURL
2024-04-09 10:14:00,199.67,199.7,199.59,199.59,675.0,BURL
2024-04-09 10:13:00,199.72,199.93,199.57,199.73,4014.0,BURL
2024-04-09 10:12:00,199.56,199.56,199.56,199.56,438.0,BURL
2024-04-09 10:11:00,199.54,199.54,199.54,199.54,723.0,BURL
2024-04-09 10:10:00,199.92,199.97,199.585,199.585,3801.0,BURL
2024-04-09 10:09:00,199.98,200.05,199.83,200.05,6030.0,BURL
2024-04-09 10:08:00,200.0,200.0,200.0,200.0,242.0,BURL
2024-04-09 10:07:00,200.0,200.0,199.94,199.94,575.0,BURL
2024-04-09 10:06:00,199.9,200.0,199.885,199.885,1549.0,BURL
2024-04-09 10:05:00,199.71,199.75,199.71,199.72,1099.0,BURL
2024-04-09 10:04:00,199.77,199.78,199.53,199.595,2955.0,BURL
2024-04-09 10:03:00,200.0,200.15,199.75,200.0,5347.0,BURL
2024-04-09 10:02:00,200.0,200.02,199.895,199.9,906.0,BURL
2024-04-09 10:01:00,199.52,200.2,199.385,200.2,2964.0,BURL
2024-04-09 10:00:00,199.38,199.56,199.38,199.46,7320.0,BURL
2024-04-09 09:59:00,199.38,199.58,199.38,199.58,466.0,BURL
2024-04-09 09:58:00,199.52,199.52,199.295,199.355,3179.0,BURL
2024-04-09 09:57:00,199.58,199.58,199.58,199.58,217.0,BURL
2024-04-09 09:55:00,199.315,199.54,199.315,199.48,944.0,BURL
2024-04-09 09:54:00,199.41,199.42,199.32,199.32,558.0,BURL
2024-04-09 09:53:00,199.355,199.49,199.355,199.49,1483.0,BURL
2024-04-09 09:52:00,199.49,199.5,199.26,199.28,13194.0,BURL
2024-04-09 09:51:00,199.31,199.37,199.31,199.37,740.0,BURL
2024-04-09 09:50:00,199.61,199.61,199.0,199.33,4493.0,BURL
2024-04-09 09:49:00,199.57,199.59,199.57,199.57,758.0,BURL
2024-04-09 09:48:00,199.485,199.84,199.465,199.84,1442.0,BURL
2024-04-09 09:47:00,199.73,199.73,199.505,199.505,1117.0,BURL
2024-04-09 09:46:00,199.595,200.15,199.595,199.88,3016.0,BURL
2024-04-09 09:45:00,199.01,199.82,199.01,199.58,1709.0,BURL
2024-04-09 09:44:00,199.29,199.345,199.02,199.2,5903.0,BURL
2024-04-09 09:43:00,199.61,199.73,199.345,199.345,2116.0,BURL
2024-04-09 09:42:00,199.69,199.75,199.54,199.73,2257.0,BURL
2024-04-09 09:41:00,199.94,199.94,199.7,199.7,1641.0,BURL
2024-04-09 09:40:00,199.42,199.75,199.41,199.75,2492.0,BURL
2024-04-09 09:39:00,199.25,199.68,199.25,199.68,309.0,BURL
2024-04-09 09:38:00,199.61,199.67,199.41,199.41,2199.0,BURL
2024-04-09 09:37:00,199.84,199.84,199.83,199.84,927.0,BURL
2024-04-09 09:36:00,200.08,200.235,200.0,200.0,2225.0,BURL
2024-04-09 09:35:00,199.93,200.21,199.47,199.47,7001.0,BURL
2024-04-09 09:34:00,200.2,200.31,199.95,200.2,6657.0,BURL
2024-04-09 09:33:00,200.33,200.33,199.95,200.0,1235.0,BURL
2024-04-09 09:32:00,198.99,200.25,198.99,200.225,1681.0,BURL
2024-04-09 09:31:00,200.775,200.775,198.98,198.98,10435.0,BURL
2024-04-09 09:30:00,199.99,200.75,199.86,200.75,3645.0,BURL
2024-04-09 09:27:00,199.3,199.3,199.3,199.3,525.0,BURL
2024-04-09 08:54:00,199.3,199.3,199.3,199.3,35000.0,BURL
2024-04-09 08:52:00,181.68,181.68,181.68,181.68,17500.0,BURL
2024-04-09 08:00:00,207.19,207.19,207.19,207.19,1.0,BURL
2024-04-08 19:00:00,199.3,199.3,199.3,199.3,68610.0,BURL
2024-04-08 18:43:00,198.51,198.51,198.51,198.51,1.0,BURL
2024-04-08 18:30:00,199.3,199.3,199.3,199.3,68610.0,BURL
2024-04-08 16:51:00,199.3,199.3,199.3,199.3,22202.0,BURL
2024-04-08 16:48:00,199.3,199.3,199.3,199.3,643.0,BURL
2024-04-08 16:35:00,199.3,199.3,199.3,199.3,1856.0,BURL
2024-04-08 16:10:00,199.3,199.3,199.3,199.3,68610.0,BURL
2024-04-08 16:03:00,199.3,199.3,199.3,199.3,90.0,BURL
2024-04-08 16:02:00,199.3,199.3,199.3,199.3,5606.0,BURL
2024-04-08 16:01:00,199.3,199.3,199.3,199.3,1431.0,BURL
2024-04-08 16:00:00,199.3,199.38,199.3,199.3,147322.0,BURL
2024-04-08 15:59:00,199.41,199.46,199.26,199.3,27917.0,BURL
2024-04-08 15:58:00,199.52,199.56,199.26,199.33,34307.0,BURL
2024-04-08 15:57:00,199.33,199.52,199.27,199.52,17786.0,BURL
2024-04-08 15:56:00,199.415,199.45,199.33,199.35,16441.0,BURL
2024-04-08 15:55:00,199.56,199.63,199.415,199.415,11969.0,BURL
2024-04-08 15:54:00,199.79,199.79,199.475,199.56,10479.0,BURL
2024-04-08 15:53:00,199.92,200.01,199.85,199.85,9712.0,BURL
2024-04-08 15:52:00,199.84,199.92,199.67,199.92,11642.0,BURL
2024-04-08 15:51:00,199.99,200.0,199.86,199.86,6657.0,BURL
2024-04-08 15:50:00,200.04,200.16,199.93,200.1,6015.0,BURL
2024-04-08 15:49:00,199.835,200.07,199.81,200.07,5394.0,BURL
2024-04-08 15:48:00,199.78,199.82,199.725,199.82,3431.0,BURL
2024-04-08 15:47:00,199.75,199.81,199.75,199.81,1950.0,BURL
2024-04-08 15:46:00,199.73,199.79,199.72,199.79,2730.0,BURL
2024-04-08 15:45:00,199.74,199.74,199.57,199.71,3467.0,BURL
2024-04-08 15:44:00,199.7,199.735,199.7,199.735,1234.0,BURL
2024-04-08 15:43:00,199.78,199.79,199.72,199.74,3548.0,BURL
2024-04-08 15:42:00,199.77,199.82,199.75,199.8,2827.0,BURL
2024-04-08 15:41:00,199.91,199.955,199.765,199.765,5569.0,BURL
2024-04-08 15:40:00,199.935,199.98,199.92,199.98,3361.0,BURL
2024-04-08 15:39:00,199.84,199.89,199.84,199.89,1459.0,BURL
2024-04-08 15:38:00,199.71,199.79,199.71,199.78,2077.0,BURL
2024-04-08 15:36:00,199.7,199.765,199.7,199.74,665.0,BURL
2024-04-08 15:35:00,199.82,199.86,199.74,199.77,1143.0,BURL
2024-04-08 15:34:00,199.85,199.915,199.82,199.915,3175.0,BURL
2024-04-08 15:33:00,199.64,199.8,199.64,199.785,2275.0,BURL
2024-04-08 15:32:00,199.72,199.72,199.57,199.7,4747.0,BURL
2024-04-08 15:31:00,199.82,199.82,199.72,199.72,1016.0,BURL
2024-04-08 15:30:00,199.77,199.815,199.73,199.73,1332.0,BURL
2024-04-08 15:29:00,199.72,199.8,199.72,199.8,1400.0,BURL
2024-04-08 15:28:00,199.85,199.86,199.75,199.805,669.0,BURL
2024-04-08 15:27:00,199.82,199.82,199.812,199.813,398.0,BURL
2024-04-08 15:26:00,199.83,199.92,199.82,199.82,3451.0,BURL
2024-04-08 15:24:00,199.92,199.92,199.73,199.87,4071.0,BURL
2024-04-08 15:23:00,200.13,200.13,200.05,200.05,1486.0,BURL
2024-04-08 15:21:00,200.17,200.17,200.17,200.17,1322.0,BURL
2024-04-08 15:20:00,200.18,200.212,200.17,200.17,658.0,BURL
2024-04-08 15:19:00,200.39,200.44,200.2,200.253,4171.0,BURL
2024-04-08 15:18:00,200.46,200.46,200.42,200.42,789.0,BURL
2024-04-08 15:17:00,200.505,200.55,200.44,200.44,1219.0,BURL
2024-04-08 15:16:00,200.56,200.6,200.49,200.49,2522.0,BURL
2024-04-08 15:15:00,200.55,200.68,200.55,200.63,1214.0,BURL
2024-04-08 15:14:00,200.59,200.59,200.59,200.59,919.0,BURL
2024-04-08 15:12:00,200.47,200.61,200.47,200.59,880.0,BURL
2024-04-08 15:10:00,200.44,200.46,200.44,200.46,882.0,BURL
2024-04-08 15:09:00,200.48,200.563,200.48,200.55,3427.0,BURL
2024-04-08 15:07:00,200.48,200.48,200.45,200.45,1110.0,BURL
2024-04-08 15:06:00,200.55,200.61,200.45,200.61,1570.0,BURL
2024-04-08 15:05:00,200.63,200.63,200.63,200.63,670.0,BURL
2024-04-08 15:04:00,200.68,200.685,200.68,200.685,382.0,BURL
2024-04-08 15:03:00,200.815,200.815,200.68,200.69,1611.0,BURL
2024-04-08 15:02:00,200.87,200.87,200.79,200.79,934.0,BURL
2024-04-08 15:01:00,200.68,200.68,200.68,200.68,246.0,BURL
2024-04-08 15:00:00,200.75,200.75,200.7,200.7,1628.0,BURL
2024-04-08 14:59:00,200.67,200.67,200.67,200.67,610.0,BURL
2024-04-08 14:58:00,200.61,200.69,200.61,200.69,2926.0,BURL
2024-04-08 14:57:00,200.51,200.62,200.51,200.565,1664.0,BURL
2024-04-08 14:56:00,200.52,200.52,200.52,200.52,1022.0,BURL
2024-04-08 14:55:00,200.575,200.575,200.575,200.575,254.0,BURL
2024-04-08 14:54:00,200.52,200.57,200.52,200.57,466.0,BURL
2024-04-08 14:53:00,200.64,200.64,200.64,200.64,234.0,BURL
2024-04-08 14:52:00,200.64,200.64,200.64,200.64,157.0,BURL
2024-04-08 14:51:00,200.52,200.575,200.5,200.575,1489.0,BURL
2024-04-08 14:50:00,200.56,200.56,200.53,200.53,697.0,BURL
2024-04-08 14:49:00,200.62,200.62,200.59,200.59,712.0,BURL
2024-04-08 14:48:00,200.53,200.53,200.53,200.53,868.0,BURL
2024-04-08 14:47:00,200.57,200.615,200.57,200.615,572.0,BURL
2024-04-08 14:46:00,200.53,200.53,200.505,200.505,818.0,BURL
2024-04-08 14:45:00,200.53,200.59,200.53,200.59,1698.0,BURL
2024-04-08 14:43:00,200.38,200.38,200.36,200.36,1726.0,BURL
2024-04-08 14:42:00,200.55,200.55,200.38,200.38,269.0,BURL
2024-04-08 14:41:00,200.54,200.54,200.45,200.475,1093.0,BURL
2024-04-08 14:40:00,200.67,200.67,200.54,200.54,3759.0,BURL
2024-04-08 14:39:00,200.605,200.605,200.605,200.605,151.0,BURL
2024-04-08 14:38:00,200.6,200.6,200.6,200.6,342.0,BURL
2024-04-08 14:36:00,200.635,200.635,200.53,200.59,657.0,BURL
2024-04-08 14:35:00,200.735,200.735,200.59,200.59,1321.0,BURL
2024-04-08 14:33:00,200.65,200.65,200.65,200.65,478.0,BURL
2024-04-08 14:32:00,200.66,200.78,200.66,200.78,1123.0,BURL
2024-04-08 14:31:00,200.61,200.61,200.61,200.61,132.0,BURL
2024-04-08 14:30:00,200.56,200.605,200.5,200.58,1129.0,BURL
2024-04-08 14:29:00,200.49,200.6,200.49,200.6,983.0,BURL
2024-04-08 14:28:00,200.56,200.56,200.56,200.56,560.0,BURL
2024-04-08 14:27:00,200.57,200.57,200.57,200.57,438.0,BURL
2024-04-08 14:26:00,200.62,200.66,200.614,200.66,780.0,BURL
2024-04-08 14:25:00,200.55,200.57,200.54,200.57,1766.0,BURL
2024-04-08 14:24:00,200.54,200.54,200.54,200.54,1103.0,BURL
2024-04-08 14:23:00,200.61,200.65,200.61,200.65,1097.0,BURL
2024-04-08 14:22:00,200.695,200.695,200.695,200.695,254.0,BURL
2024-04-08 14:21:00,200.67,200.69,200.56,200.685,3142.0,BURL
2024-04-08 14:20:00,200.79,200.79,200.79,200.79,390.0,BURL
2024-04-08 14:19:00,200.755,200.755,200.755,200.755,907.0,BURL
2024-04-08 14:18:00,200.69,200.75,200.69,200.75,1448.0,BURL
2024-04-08 14:17:00,200.75,200.76,200.75,200.76,320.0,BURL
2024-04-08 14:16:00,200.84,200.85,200.75,200.765,1671.0,BURL
2024-04-08 14:15:00,200.84,200.855,200.78,200.78,1249.0,BURL
2024-04-08 14:14:00,200.67,200.81,200.67,200.81,1934.0,BURL
2024-04-08 14:13:00,200.675,200.675,200.67,200.67,956.0,BURL
2024-04-08 14:12:00,200.67,200.67,200.61,200.61,968.0,BURL
2024-04-08 14:11:00,200.74,200.765,200.68,200.765,639.0,BURL
2024-04-08 14:10:00,200.74,200.795,200.74,200.795,434.0,BURL
2024-04-08 14:09:00,200.82,200.83,200.73,200.83,4869.0,BURL
2024-04-08 14:08:00,200.765,200.785,200.765,200.785,427.0,BURL
2024-04-08 14:07:00,200.69,200.83,200.66,200.73,4342.0,BURL
2024-04-08 14:06:00,200.69,200.705,200.558,200.64,883.0,BURL
2024-04-08 14:05:00,200.665,200.715,200.595,200.65,4162.0,BURL
2024-04-08 14:04:00,200.59,200.59,200.59,200.59,536.0,BURL
2024-04-08 14:03:00,200.6,200.61,200.54,200.54,642.0,BURL
2024-04-08 14:01:00,200.665,200.665,200.43,200.59,1281.0,BURL
2024-04-08 14:00:00,200.88,200.9,200.57,200.66,8946.0,BURL
2024-04-08 13:59:00,200.92,200.945,200.88,200.885,1180.0,BURL
2024-04-08 13:58:00,201.035,201.035,200.97,200.97,878.0,BURL
2024-04-08 13:57:00,201.06,201.06,200.92,200.92,663.0,BURL
2024-04-08 13:56:00,200.97,200.985,200.97,200.985,516.0,BURL
2024-04-08 13:55:00,200.85,200.955,200.83,200.955,1436.0,BURL
2024-04-08 13:54:00,200.675,200.735,200.675,200.735,2243.0,BURL
2024-04-08 13:52:00,200.44,200.59,200.44,200.58,4110.0,BURL
2024-04-08 13:51:00,200.51,200.52,200.39,200.39,2547.0,BURL
2024-04-08 13:49:00,200.42,200.5,200.42,200.5,369.0,BURL
2024-04-08 13:48:00,200.545,200.545,200.43,200.43,1833.0,BURL
2024-04-08 13:47:00,200.48,200.62,200.475,200.545,3261.0,BURL
2024-04-08 13:46:00,200.43,200.43,200.43,200.43,435.0,BURL
2024-04-08 13:45:00,200.395,200.435,200.37,200.43,2342.0,BURL
2024-04-08 13:44:00,200.395,200.395,200.395,200.395,1117.0,BURL
2024-04-08 13:43:00,200.415,200.47,200.36,200.42,1606.0,BURL
2024-04-08 13:42:00,200.415,200.415,200.38,200.4,529.0,BURL
2024-04-08 13:41:00,200.415,200.415,200.415,200.415,462.0,BURL
2024-04-08 13:40:00,200.415,200.47,200.415,200.415,1975.0,BURL
2024-04-08 13:39:00,200.4,200.4,200.4,200.4,787.0,BURL
2024-04-08 13:38:00,200.46,200.46,200.36,200.415,3455.0,BURL
2024-04-08 13:37:00,200.47,200.47,200.47,200.47,663.0,BURL
2024-04-08 13:36:00,200.43,200.5,200.43,200.47,1938.0,BURL
2024-04-08 13:35:00,200.49,200.555,200.43,200.43,1850.0,BURL
2024-04-08 13:34:00,200.55,200.55,200.55,200.55,194.0,BURL
2024-04-08 13:33:00,200.565,200.57,200.565,200.57,227.0,BURL
2024-04-08 13:32:00,200.565,200.565,200.565,200.565,125.0,BURL
2024-04-08 13:31:00,200.565,200.565,200.565,200.565,415.0,BURL
2024-04-08 13:30:00,200.56,200.67,200.56,200.57,2859.0,BURL
2024-04-08 13:28:00,200.495,200.495,200.495,200.495,395.0,BURL
2024-04-08 13:27:00,200.595,200.595,200.44,200.46,2245.0,BURL
2024-04-08 13:26:00,200.595,200.595,200.595,200.595,639.0,BURL
2024-04-08 13:25:00,200.5,200.67,200.5,200.58,7985.0,BURL
2024-04-08 13:24:00,200.535,200.535,200.47,200.47,697.0,BURL
2024-04-08 13:23:00,200.535,200.63,200.51,200.535,6852.0,BURL
2024-04-08 13:22:00,200.58,200.59,200.51,200.55,5546.0,BURL
2024-04-08 13:21:00,200.58,200.58,200.58,200.58,333.0,BURL
2024-04-08 13:20:00,200.54,200.61,200.51,200.565,1147.0,BURL
2024-04-08 13:19:00,200.71,200.71,200.61,200.63,2182.0,BURL
2024-04-08 13:18:00,200.62,200.705,200.62,200.705,431.0,BURL
2024-04-08 13:17:00,200.78,200.795,200.71,200.73,3471.0,BURL
2024-04-08 13:16:00,200.78,200.78,200.7,200.71,6056.0,BURL
2024-04-08 13:15:00,200.775,200.78,200.73,200.73,472.0,BURL
2024-04-08 13:14:00,200.775,200.775,200.775,200.775,259.0,BURL
2024-04-08 13:12:00,200.79,200.79,200.77,200.77,389.0,BURL
2024-04-08 13:11:00,201.0,201.0,200.71,200.793,4561.0,BURL
2024-04-08 13:10:00,200.66,200.922,200.65,200.915,8407.0,BURL
2024-04-08 13:09:00,200.64,200.64,200.63,200.63,911.0,BURL
2024-04-08 13:08:00,200.69,200.69,200.69,200.69,328.0,BURL
2024-04-08 13:07:00,200.67,200.71,200.67,200.71,1468.0,BURL
2024-04-08 13:06:00,200.75,200.75,200.75,200.75,519.0,BURL
2024-04-08 13:05:00,200.73,200.76,200.71,200.745,701.0,BURL
2024-04-08 13:01:00,200.69,200.69,200.66,200.66,447.0,BURL
2024-04-08 13:00:00,200.74,200.745,200.74,200.745,514.0,BURL
2024-04-08 12:59:00,200.42,200.745,200.42,200.71,3519.0,BURL
2024-04-08 12:58:00,200.49,200.49,200.39,200.39,1835.0,BURL
2024-04-08 12:57:00,200.59,200.59,200.47,200.505,4240.0,BURL
2024-04-08 12:55:00,200.525,200.527,200.46,200.46,1031.0,BURL
2024-04-08 12:54:00,200.48,200.53,200.48,200.52,1299.0,BURL
2024-04-08 12:53:00,200.5,200.56,200.5,200.56,1309.0,BURL
2024-04-08 12:52:00,200.435,200.467,200.435,200.468,672.0,BURL
2024-04-08 12:51:00,200.505,200.505,200.36,200.36,1188.0,BURL
2024-04-08 12:50:00,200.505,200.505,200.505,200.505,257.0,BURL
2024-04-08 12:49:00,200.49,200.52,200.49,200.52,971.0,BURL
2024-04-08 12:48:00,200.52,200.64,200.44,200.44,6428.0,BURL
2024-04-08 12:47:00,200.522,200.56,200.522,200.56,539.0,BURL
2024-04-08 12:46:00,200.57,200.57,200.57,200.57,466.0,BURL
2024-04-08 12:45:00,200.565,200.565,200.51,200.51,647.0,BURL
2024-04-08 12:44:00,200.59,200.59,200.59,200.59,382.0,BURL
2024-04-08 12:43:00,200.56,200.59,200.48,200.59,1107.0,BURL
2024-04-08 12:42:00,200.435,200.57,200.435,200.56,2474.0,BURL
2024-04-08 12:41:00,200.435,200.435,200.435,200.435,407.0,BURL
2024-04-08 12:40:00,200.25,200.47,200.25,200.37,3533.0,BURL
2024-04-08 12:39:00,200.36,200.36,200.34,200.34,571.0,BURL
2024-04-08 12:38:00,200.355,200.365,200.355,200.365,377.0,BURL
2024-04-08 12:37:00,200.48,200.495,200.48,200.495,936.0,BURL
2024-04-08 12:36:00,200.36,200.5,200.34,200.48,2620.0,BURL
2024-04-08 12:35:00,200.5,200.5,200.34,200.36,5402.0,BURL
2024-04-08 12:34:00,200.49,200.49,200.49,200.49,166.0,BURL
2024-04-08 12:33:00,200.56,200.575,200.4,200.43,1188.0,BURL
2024-04-08 12:32:00,200.58,200.58,200.57,200.57,573.0,BURL
2024-04-08 12:31:00,200.71,200.77,200.66,200.66,2588.0,BURL
2024-04-08 12:30:00,200.77,200.88,200.77,200.83,3173.0,BURL
2024-04-08 12:29:00,200.99,200.99,200.79,200.79,1868.0,BURL
2024-04-08 12:28:00,200.64,201.0,200.64,200.983,2860.0,BURL
2024-04-08 12:27:00,200.73,200.75,200.61,200.7,2038.0,BURL
2024-04-08 12:26:00,200.72,200.79,200.69,200.7,2350.0,BURL
2024-04-08 12:25:00,200.62,200.66,200.62,200.66,707.0,BURL
2024-04-08 12:24:00,200.67,200.67,200.58,200.58,573.0,BURL
2024-04-08 12:23:00,200.695,200.72,200.572,200.62,1718.0,BURL
2024-04-08 12:22:00,200.58,200.768,200.53,200.74,3731.0,BURL
2024-04-08 12:21:00,201.01,201.01,200.53,200.58,9879.0,BURL
2024-04-08 12:20:00,200.162,200.97,200.162,200.94,10774.0,BURL
2024-04-08 12:19:00,200.12,200.19,200.11,200.11,556.0,BURL
2024-04-08 12:18:00,200.13,200.13,200.13,200.13,164.0,BURL
2024-04-08 12:17:00,200.15,200.15,200.08,200.1,1335.0,BURL
2024-04-08 12:16:00,200.21,200.21,200.21,200.21,856.0,BURL
2024-04-08 12:15:00,200.09,200.205,200.09,200.205,1780.0,BURL
2024-04-08 12:14:00,200.125,200.185,200.09,200.09,2236.0,BURL
2024-04-08 12:13:00,200.0,200.12,200.0,200.12,948.0,BURL
2024-04-08 12:12:00,200.12,200.12,199.985,199.985,688.0,BURL
2024-04-08 12:11:00,200.08,200.1,200.02,200.05,2318.0,BURL
2024-04-08 12:10:00,200.02,200.03,199.975,199.975,1225.0,BURL
2024-04-08 12:09:00,200.02,200.075,200.0,200.0,1366.0,BURL
2024-04-08 12:08:00,200.09,200.16,200.08,200.085,3321.0,BURL
2024-04-08 12:07:00,200.1,200.1,200.02,200.02,1018.0,BURL
2024-04-08 12:06:00,200.165,200.165,200.01,200.095,787.0,BURL
2024-04-08 12:04:00,200.18,200.18,200.05,200.12,1011.0,BURL
2024-04-08 12:03:00,199.85,200.245,199.85,200.2,6814.0,BURL
2024-04-08 12:02:00,199.765,199.765,199.67,199.765,479.0,BURL
2024-04-08 12:01:00,199.68,199.812,199.67,199.813,879.0,BURL
2024-04-08 12:00:00,199.835,199.87,199.74,199.785,1255.0,BURL
2024-04-08 11:59:00,200.0,200.0,199.75,199.835,5519.0,BURL
2024-04-08 11:58:00,199.905,200.14,199.88,200.023,7648.0,BURL
2024-04-08 11:57:00,199.83,199.94,199.83,199.905,11669.0,BURL
2024-04-08 11:56:00,199.81,199.88,199.81,199.835,1707.0,BURL
2024-04-08 11:55:00,200.025,200.025,199.79,199.815,4166.0,BURL
2024-04-08 11:54:00,200.05,200.11,200.03,200.03,4862.0,BURL
2024-04-08 11:53:00,200.185,200.24,199.97,200.02,8753.0,BURL
2024-04-08 11:52:00,200.24,200.25,200.2,200.2,860.0,BURL
2024-04-08 11:51:00,200.255,200.3,200.255,200.3,772.0,BURL
2024-04-08 11:49:00,200.31,200.31,200.24,200.24,647.0,BURL
2024-04-08 11:48:00,200.44,200.45,200.19,200.19,3884.0,BURL
2024-04-08 11:47:00,200.29,200.31,200.27,200.27,877.0,BURL
2024-04-08 11:46:00,200.395,200.49,200.35,200.35,660.0,BURL
2024-04-08 11:45:00,200.33,200.395,200.33,200.395,1325.0,BURL
2024-04-08 11:44:00,200.33,200.45,200.33,200.45,902.0,BURL
2024-04-08 11:43:00,200.16,200.29,200.16,200.29,1388.0,BURL
2024-04-08 11:42:00,200.27,200.33,200.255,200.33,1354.0,BURL
2024-04-08 11:41:00,200.22,200.22,200.22,200.22,210.0,BURL
2024-04-08 11:40:00,200.23,200.23,200.23,200.23,382.0,BURL
2024-04-08 11:39:00,200.13,200.235,200.13,200.23,3355.0,BURL
2024-04-08 11:38:00,200.07,200.07,200.055,200.055,1208.0,BURL
2024-04-08 11:37:00,200.12,200.12,199.97,200.1,6588.0,BURL
2024-04-08 11:36:00,200.11,200.242,200.11,200.243,3462.0,BURL
2024-04-08 11:35:00,200.0,200.04,200.0,200.04,1752.0,BURL
2024-04-08 11:34:00,199.97,200.0,199.92,200.0,671.0,BURL
2024-04-08 11:33:00,200.01,200.04,200.01,200.02,1327.0,BURL
2024-04-08 11:32:00,199.98,200.0,199.98,199.99,1129.0,BURL
2024-04-08 11:31:00,199.82,199.82,199.82,199.82,306.0,BURL
2024-04-08 11:30:00,199.88,199.93,199.84,199.87,1327.0,BURL
2024-04-08 11:29:00,199.96,200.01,199.93,199.98,3299.0,BURL
2024-04-08 11:28:00,200.087,200.1,199.86,199.9,8504.0,BURL
2024-04-08 11:27:00,200.09,200.09,200.08,200.08,1542.0,BURL
2024-04-08 11:26:00,200.13,200.19,200.12,200.14,2231.0,BURL
2024-04-08 11:25:00,200.08,200.19,200.03,200.13,4882.0,BURL
2024-04-08 11:24:00,200.11,200.18,200.11,200.18,1405.0,BURL
2024-04-08 11:22:00,200.215,200.215,200.12,200.21,899.0,BURL
2024-04-08 11:21:00,200.23,200.32,200.2,200.21,2713.0,BURL
2024-04-08 11:20:00,200.23,200.23,200.165,200.165,1417.0,BURL
2024-04-08 11:19:00,200.155,200.305,200.09,200.18,5373.0,BURL
2024-04-08 11:18:00,200.115,200.23,200.115,200.2,1522.0,BURL
2024-04-08 11:16:00,200.04,200.135,200.04,200.135,357.0,BURL
2024-04-08 11:14:00,200.07,200.155,200.07,200.155,2111.0,BURL
2024-04-08 11:13:00,199.89,200.05,199.89,199.99,3011.0,BURL
2024-04-08 11:12:00,199.79,199.93,199.78,199.93,1882.0,BURL
2024-04-08 11:11:00,199.92,199.92,199.92,199.92,206.0,BURL
2024-04-08 11:10:00,200.0,200.01,199.9,199.935,3036.0,BURL
2024-04-08 11:09:00,199.88,200.0,199.88,200.0,323.0,BURL
2024-04-08 11:08:00,199.762,199.92,199.762,199.91,2001.0,BURL
2024-04-08 11:07:00,199.68,199.68,199.68,199.68,663.0,BURL
2024-04-08 11:06:00,199.67,199.795,199.66,199.66,818.0,BURL
2024-04-08 11:05:00,199.835,199.91,199.815,199.815,580.0,BURL
2024-04-08 11:04:00,200.015,200.12,199.83,199.92,4726.0,BURL
2024-04-08 11:03:00,199.94,200.03,199.94,200.03,1182.0,BURL
2024-04-08 11:02:00,200.03,200.03,199.87,200.03,2387.0,BURL
2024-04-08 11:01:00,200.33,200.33,200.26,200.26,693.0,BURL
2024-04-08 11:00:00,200.35,200.38,200.2,200.37,1719.0,BURL
2024-04-08 10:59:00,200.44,200.44,200.44,200.44,214.0,BURL
2024-04-08 10:58:00,200.24,200.55,200.24,200.55,470.0,BURL
2024-04-08 10:57:00,200.5,200.5,200.44,200.44,601.0,BURL
2024-04-08 10:55:00,200.435,200.475,200.31,200.47,881.0,BURL
2024-04-08 10:54:00,200.0,200.48,199.95,200.48,4339.0,BURL
2024-04-08 10:53:00,200.0,200.0,200.0,200.0,1770.0,BURL
2024-04-08 10:52:00,199.895,200.07,199.895,199.995,2441.0,BURL
2024-04-08 10:51:00,199.98,200.0,199.93,200.0,1957.0,BURL
2024-04-08 10:50:00,200.02,200.025,199.87,199.87,3405.0,BURL
2024-04-08 10:49:00,200.03,200.05,200.03,200.04,1841.0,BURL
2024-04-08 10:48:00,199.88,200.0,199.88,200.0,1497.0,BURL
2024-04-08 10:47:00,200.0,200.02,199.82,199.86,4327.0,BURL
2024-04-08 10:46:00,199.83,199.88,199.83,199.88,1066.0,BURL
2024-04-08 10:45:00,199.83,199.87,199.83,199.87,2091.0,BURL
2024-04-08 10:44:00,199.95,199.95,199.71,199.78,3945.0,BURL
2024-04-08 10:43:00,200.0,200.0,199.93,199.99,1831.0,BURL
2024-04-08 10:42:00,200.035,200.09,199.97,199.97,4696.0,BURL
2024-04-08 10:41:00,200.01,200.04,199.975,200.04,1636.0,BURL
2024-04-08 10:40:00,199.87,200.0,199.83,199.975,1810.0,BURL
2024-04-08 10:39:00,200.0,200.0,199.95,199.95,781.0,BURL
2024-04-08 10:38:00,200.1,200.105,199.99,200.0,1148.0,BURL
2024-04-08 10:37:00,199.79,200.175,199.79,200.1,5098.0,BURL
2024-04-08 10:36:00,199.63,199.76,199.63,199.76,4738.0,BURL
2024-04-08 10:35:00,199.753,199.753,199.51,199.63,3291.0,BURL
2024-04-08 10:34:00,199.7,199.73,199.7,199.73,797.0,BURL
2024-04-08 10:33:00,199.81,200.0,199.79,199.805,4853.0,BURL
2024-04-08 10:32:00,199.81,199.81,199.81,199.81,223.0,BURL
2024-04-08 10:31:00,199.43,199.63,199.43,199.61,1263.0,BURL
2024-04-08 10:30:00,199.56,199.56,199.56,199.56,233.0,BURL
2024-04-08 10:29:00,199.485,199.485,199.485,199.485,394.0,BURL
2024-04-08 10:28:00,198.96,199.5,198.96,199.44,3741.0,BURL
2024-04-08 10:27:00,199.105,199.24,199.095,199.16,1464.0,BURL
2024-04-08 10:26:00,199.11,199.11,199.105,199.105,433.0,BURL
2024-04-08 10:25:00,199.155,199.27,199.05,199.05,2888.0,BURL
2024-04-08 10:24:00,199.17,199.17,199.06,199.06,841.0,BURL
2024-04-08 10:23:00,199.18,199.25,199.06,199.15,1894.0,BURL
2024-04-08 10:22:00,199.27,199.27,199.13,199.175,1736.0,BURL
2024-04-08 10:21:00,198.685,199.17,198.55,199.148,9330.0,BURL
2024-04-08 10:20:00,198.695,198.695,198.658,198.685,836.0,BURL
2024-04-08 10:19:00,198.63,198.695,198.51,198.67,2513.0,BURL
2024-04-08 10:18:00,198.7,198.74,198.69,198.695,2634.0,BURL
2024-04-08 10:17:00,198.595,198.82,198.595,198.73,1901.0,BURL
2024-04-08 10:16:00,198.69,198.69,198.52,198.54,1626.0,BURL
2024-04-08 10:15:00,198.54,198.81,198.54,198.81,3145.0,BURL
2024-04-08 10:14:00,198.735,198.92,198.43,198.555,7876.0,BURL
2024-04-08 10:13:00,198.81,198.81,198.7,198.7,1723.0,BURL
2024-04-08 10:11:00,198.875,199.06,198.875,199.05,2384.0,BURL
2024-04-08 10:10:00,199.07,199.07,198.89,198.89,549.0,BURL
2024-04-08 10:09:00,198.97,198.97,198.83,198.83,1174.0,BURL
2024-04-08 10:08:00,198.77,199.12,198.77,198.95,1755.0,BURL
2024-04-08 10:07:00,198.9,199.02,198.73,198.75,1650.0,BURL
2024-04-08 10:06:00,199.2,199.2,198.765,198.86,1693.0,BURL
2024-04-08 10:05:00,199.165,199.205,199.165,199.205,489.0,BURL
2024-04-08 10:04:00,199.265,199.285,199.265,199.285,224.0,BURL
2024-04-08 10:03:00,199.58,199.67,199.11,199.29,3601.0,BURL
2024-04-08 10:02:00,199.49,199.81,199.49,199.81,1626.0,BURL
2024-04-08 10:01:00,199.4,199.4,199.3,199.3,999.0,BURL
2024-04-08 10:00:00,199.71,199.71,199.6,199.69,1665.0,BURL
2024-04-08 09:59:00,199.82,199.82,199.68,199.68,572.0,BURL
2024-04-08 09:58:00,200.2,200.2,199.6,199.6,1898.0,BURL
2024-04-08 09:57:00,200.03,200.23,200.03,200.03,731.0,BURL
2024-04-08 09:56:00,200.515,201.0,200.05,200.05,8981.0,BURL
2024-04-08 09:55:00,200.505,200.51,200.505,200.51,712.0,BURL
2024-04-08 09:54:00,200.48,200.69,200.475,200.69,755.0,BURL
2024-04-08 09:53:00,200.05,200.52,199.97,200.47,10379.0,BURL
2024-04-08 09:52:00,199.88,199.88,199.88,199.88,246.0,BURL
2024-04-08 09:51:00,199.695,200.01,199.695,199.9,3746.0,BURL
2024-04-08 09:50:00,200.14,200.14,199.6,199.715,6015.0,BURL
2024-04-08 09:49:00,200.0,200.0,199.97,199.98,1175.0,BURL
2024-04-08 09:48:00,199.995,200.1,199.83,200.0,571.0,BURL
2024-04-08 09:47:00,199.83,199.992,199.83,199.993,432.0,BURL
2024-04-08 09:46:00,199.95,199.995,199.95,199.995,248.0,BURL
2024-04-08 09:45:00,200.09,200.18,199.832,199.95,7372.0,BURL
2024-04-08 09:44:00,199.82,200.17,199.82,200.02,27089.0,BURL
2024-04-08 09:43:00,200.205,200.205,199.67,199.763,3840.0,BURL
2024-04-08 09:42:00,200.11,200.205,200.05,200.205,5083.0,BURL
2024-04-08 09:41:00,199.845,200.29,199.845,200.21,7318.0,BURL
2024-04-08 09:40:00,200.0,200.0,199.78,199.84,3021.0,BURL
2024-04-08 09:39:00,200.65,200.65,200.11,200.11,4501.0,BURL
2024-04-08 09:38:00,200.775,201.11,200.65,200.67,11113.0,BURL
2024-04-08 09:37:00,201.11,201.11,200.46,200.825,3565.0,BURL
2024-04-08 09:36:00,201.38,201.41,201.11,201.41,2198.0,BURL
2024-04-08 09:35:00,201.45,201.45,201.12,201.34,779.0,BURL
2024-04-08 09:34:00,201.5,201.51,201.46,201.51,1596.0,BURL
2024-04-08 09:33:00,202.03,202.235,201.57,201.57,3289.0,BURL
2024-04-08 09:32:00,202.245,202.26,202.245,202.26,1220.0,BURL
2024-04-08 09:31:00,201.27,202.127,201.27,202.128,662.0,BURL
2024-04-08 09:30:00,200.41,202.38,200.41,201.88,9649.0,BURL
2024-04-08 08:07:00,200.02,200.02,200.02,200.02,1.0,BURL
2024-04-08 08:01:00,199.91,199.91,199.91,199.91,1.0,BURL
2024-04-08 07:42:00,200.02,200.02,200.02,200.02,20.0,BURL
2024-04-08 07:00:00,200.51,200.51,200.5,200.5,3.0,BURL
2024-04-05 19:59:00,201.72,205.72,201.59,201.59,10.0,BURL
2024-04-05 19:54:00,198.01,198.01,198.01,198.01,7.0,BURL
2024-04-05 19:53:00,199.705,199.705,199.68,199.68,8.0,BURL
2024-04-05 19:00:00,199.91,199.91,199.91,199.91,95046.0,BURL
2024-04-05 18:30:00,199.91,199.91,199.91,199.91,95046.0,BURL
2024-04-05 18:29:00,200.0,200.0,200.0,200.0,1.0,BURL
2024-04-05 16:19:00,200.24,200.24,200.24,200.24,1.0,BURL
2024-04-05 16:13:00,200.25,200.25,200.25,200.25,1.0,BURL
2024-04-05 16:10:00,199.91,199.91,199.91,199.91,95046.0,BURL
2024-04-05 16:02:00,199.91,199.91,199.91,199.91,566.0,BURL
2024-04-05 16:01:00,199.91,200.5,199.91,200.5,11257.0,BURL
2024-04-05 16:00:00,199.92,199.92,199.91,199.91,195377.0,BURL
2024-04-05 15:59:00,200.0,200.07,199.92,199.92,56591.0,BURL
2024-04-05 15:58:00,199.92,199.99,199.86,199.97,23921.0,BURL
2024-04-05 15:57:00,199.855,199.92,199.855,199.9,15498.0,BURL
2024-04-05 15:56:00,199.95,200.045,199.83,199.865,34579.0,BURL
2024-04-05 15:55:00,200.26,200.35,199.945,199.975,27307.0,BURL
2024-04-05 15:54:00,200.22,200.26,200.08,200.235,22845.0,BURL
2024-04-05 15:53:00,200.31,200.43,200.22,200.22,13975.0,BURL
2024-04-05 15:52:00,200.27,200.3,200.09,200.29,8114.0,BURL
2024-04-05 15:51:00,200.17,200.32,200.14,200.3,10278.0,BURL
2024-04-05 15:50:00,200.06,200.56,200.06,200.19,16388.0,BURL
2024-04-05 15:49:00,199.98,200.045,199.97,200.04,12395.0,BURL
2024-04-05 15:48:00,200.18,200.22,199.93,199.93,11592.0,BURL
2024-04-05 15:47:00,200.21,200.3,200.195,200.195,7956.0,BURL
2024-04-05 15:46:00,200.39,200.4,200.18,200.24,10298.0,BURL
2024-04-05 15:45:00,200.62,200.62,200.4,200.4,10650.0,BURL
2024-04-05 15:44:00,200.69,200.69,200.61,200.61,1806.0,BURL
2024-04-05 15:43:00,200.73,200.73,200.7,200.73,1372.0,BURL
2024-04-05 15:42:00,200.905,200.905,200.76,200.76,2002.0,BURL
2024-04-05 15:41:00,201.05,201.05,200.94,200.94,1391.0,BURL
2024-04-05 15:40:00,201.14,201.17,201.045,201.055,2710.0,BURL
2024-04-05 15:39:00,201.11,201.14,201.07,201.13,18788.0,BURL
2024-04-05 15:38:00,200.99,201.07,200.985,201.07,3140.0,BURL
2024-04-05 15:37:00,201.19,201.19,200.99,200.99,4977.0,BURL
2024-04-05 15:36:00,201.37,201.37,201.18,201.21,4190.0,BURL
2024-04-05 15:35:00,201.465,201.47,201.39,201.39,4358.0,BURL
2024-04-05 15:34:00,201.435,201.5,201.435,201.47,2671.0,BURL
2024-04-05 15:33:00,201.3,201.44,201.3,201.43,2764.0,BURL
2024-04-05 15:32:00,201.285,201.34,201.25,201.29,2790.0,BURL
2024-04-05 15:31:00,201.31,201.335,201.27,201.275,3589.0,BURL
2024-04-05 15:30:00,201.375,201.385,201.25,201.255,4551.0,BURL
2024-04-05 15:29:00,201.38,201.38,201.31,201.355,4982.0,BURL
2024-04-05 15:28:00,201.15,201.39,201.15,201.39,4722.0,BURL
2024-04-05 15:26:00,201.09,201.14,201.09,201.14,1090.0,BURL
2024-04-05 15:24:00,201.16,201.16,201.04,201.11,3972.0,BURL
2024-04-05 15:23:00,201.1,201.16,201.1,201.16,740.0,BURL
2024-04-05 15:22:00,201.11,201.17,201.105,201.17,1349.0,BURL
2024-04-05 15:21:00,200.97,201.09,200.94,201.09,3916.0,BURL
2024-04-05 15:20:00,200.835,200.96,200.835,200.89,2979.0,BURL
2024-04-05 15:19:00,200.82,200.84,200.8,200.84,1855.0,BURL
2024-04-05 15:18:00,200.76,200.84,200.75,200.84,1360.0,BURL
2024-04-05 15:17:00,200.665,200.73,200.62,200.71,5098.0,BURL
2024-04-05 15:16:00,200.685,200.685,200.62,200.62,1863.0,BURL
2024-04-05 15:15:00,200.74,200.74,200.67,200.7,2209.0,BURL
2024-04-05 15:14:00,200.67,200.675,200.67,200.675,2305.0,BURL
2024-04-05 15:13:00,200.67,200.67,200.67,200.67,428.0,BURL
2024-04-05 15:12:00,200.66,200.66,200.65,200.65,1614.0,BURL
2024-04-05 15:11:00,200.7,200.71,200.7,200.71,771.0,BURL
2024-04-05 15:10:00,200.81,200.81,200.68,200.68,1384.0,BURL
2024-04-05 15:08:00,200.82,200.82,200.73,200.73,2784.0,BURL
2024-04-05 15:07:00,200.91,200.95,200.89,200.92,2401.0,BURL
2024-04-05 15:06:00,200.801,200.855,200.79,200.8,3140.0,BURL
2024-04-05 15:05:00,200.78,200.78,200.77,200.78,1750.0,BURL
2024-04-05 15:04:00,200.75,200.75,200.75,200.75,932.0,BURL
2024-04-05 15:03:00,200.66,200.69,200.65,200.69,1325.0,BURL
2024-04-05 15:02:00,200.715,200.76,200.715,200.76,677.0,BURL
2024-04-05 14:59:00,200.68,200.72,200.68,200.7,1427.0,BURL
2024-04-05 14:58:00,200.64,200.64,200.64,200.64,688.0,BURL
2024-04-05 14:57:00,200.54,200.64,200.52,200.64,2974.0,BURL
2024-04-05 14:56:00,200.65,200.65,200.57,200.57,1025.0,BURL
2024-04-05 14:55:00,200.75,200.75,200.63,200.63,2379.0,BURL
2024-04-05 14:54:00,200.75,200.79,200.75,200.75,1859.0,BURL
2024-04-05 14:53:00,200.61,200.61,200.61,200.61,879.0,BURL
2024-04-05 14:52:00,200.61,200.61,200.61,200.61,317.0,BURL
2024-04-05 14:51:00,200.68,200.68,200.63,200.63,1127.0,BURL
2024-04-05 14:50:00,200.68,200.69,200.68,200.69,1578.0,BURL
2024-04-05 14:48:00,200.67,200.67,200.67,200.67,707.0,BURL
2024-04-05 14:47:00,200.69,200.69,200.54,200.54,1061.0,BURL
2024-04-05 14:45:00,200.46,200.64,200.46,200.64,4672.0,BURL
2024-04-05 14:44:00,200.63,200.63,200.611,200.611,2153.0,BURL
2024-04-05 14:42:00,200.56,200.56,200.56,200.56,1109.0,BURL
2024-04-05 14:41:00,200.72,200.73,200.67,200.67,1677.0,BURL
2024-04-05 14:40:00,200.85,200.85,200.85,200.85,1096.0,BURL
2024-04-05 14:37:00,200.9,200.9,200.77,200.77,1460.0,BURL
2024-04-05 14:36:00,200.84,200.86,200.82,200.82,918.0,BURL
2024-04-05 14:35:00,200.71,200.79,200.69,200.79,2390.0,BURL
2024-04-05 14:33:00,200.78,200.78,200.65,200.65,2170.0,BURL
2024-04-05 14:31:00,200.55,200.73,200.55,200.73,2436.0,BURL
2024-04-05 14:30:00,200.65,200.75,200.65,200.7,2092.0,BURL
2024-04-05 14:29:00,200.81,200.835,200.67,200.67,2661.0,BURL
2024-04-05 14:28:00,201.0,201.0,200.87,200.87,2450.0,BURL
2024-04-05 14:26:00,201.04,201.11,201.04,201.05,2144.0,BURL
2024-04-05 14:25:00,200.99,201.04,200.99,200.99,800.0,BURL
2024-04-05 14:24:00,201.13,201.15,201.02,201.04,1194.0,BURL
2024-04-05 14:23:00,201.26,201.33,201.19,201.19,2732.0,BURL
2024-04-05 14:22:00,201.28,201.28,201.26,201.26,2859.0,BURL
2024-04-05 14:21:00,201.35,201.35,201.35,201.35,779.0,BURL
2024-04-05 14:20:00,201.31,201.315,201.31,201.315,687.0,BURL
2024-04-05 14:19:00,201.26,201.26,201.235,201.235,1281.0,BURL
2024-04-05 14:18:00,201.185,201.185,201.185,201.185,544.0,BURL
2024-04-05 14:17:00,201.17,201.17,201.17,201.17,774.0,BURL
2024-04-05 14:16:00,201.24,201.25,201.035,201.035,1701.0,BURL
2024-04-05 14:14:00,201.315,201.315,201.315,201.315,206.0,BURL
2024-04-05 14:13:00,201.27,201.37,201.26,201.37,2385.0,BURL
2024-04-05 14:12:00,201.33,201.33,201.22,201.24,1696.0,BURL
2024-04-05 14:11:00,201.39,201.39,201.38,201.38,1168.0,BURL
2024-04-05 14:10:00,201.565,201.565,201.565,201.565,445.0,BURL
2024-04-05 14:09:00,201.33,201.51,201.33,201.51,998.0,BURL
2024-04-05 14:07:00,200.96,201.315,200.96,201.315,1659.0,BURL
2024-04-05 14:06:00,200.82,200.82,200.8,200.8,2090.0,BURL
2024-04-05 14:05:00,200.87,200.91,200.81,200.91,1581.0,BURL
2024-04-05 14:04:00,200.74,200.865,200.74,200.865,1443.0,BURL
2024-04-05 14:02:00,200.635,200.7,200.635,200.68,2767.0,BURL
2024-04-05 14:01:00,200.68,200.75,200.68,200.75,854.0,BURL
2024-04-05 14:00:00,200.76,200.77,200.76,200.77,750.0,BURL
2024-04-05 13:58:00,200.945,200.95,200.68,200.95,3511.0,BURL
2024-04-05 13:57:00,201.295,201.295,200.84,200.93,2562.0,BURL
2024-04-05 13:56:00,201.35,201.35,201.33,201.35,534.0,BURL
2024-04-05 13:55:00,201.19,201.225,201.19,201.225,1699.0,BURL
2024-04-05 13:53:00,201.04,201.105,201.04,201.105,490.0,BURL
2024-04-05 13:52:00,201.24,201.24,201.13,201.13,1696.0,BURL
2024-04-05 13:51:00,201.385,201.385,201.292,201.293,1453.0,BURL
2024-04-05 13:50:00,201.37,201.38,201.36,201.38,685.0,BURL
2024-04-05 13:49:00,201.28,201.28,201.28,201.28,302.0,BURL
2024-04-05 13:47:00,201.27,201.27,201.27,201.27,992.0,BURL
2024-04-05 13:46:00,201.27,201.27,201.27,201.27,487.0,BURL
2024-04-05 13:45:00,201.51,201.51,201.39,201.41,1074.0,BURL
2024-04-05 13:44:00,201.47,201.47,201.47,201.47,880.0,BURL
2024-04-05 13:43:00,201.38,201.38,201.38,201.38,644.0,BURL
2024-04-05 13:41:00,201.49,201.54,201.48,201.54,980.0,BURL
2024-04-05 13:40:00,201.66,201.66,201.66,201.66,351.0,BURL
2024-04-05 13:39:00,201.68,201.68,201.555,201.555,1428.0,BURL
2024-04-05 13:38:00,201.65,201.8,201.643,201.8,2531.0,BURL
2024-04-05 13:37:00,201.51,201.56,201.51,201.56,659.0,BURL
2024-04-05 13:36:00,201.71,201.71,201.635,201.645,1195.0,BURL
2024-04-05 13:35:00,201.86,201.86,201.78,201.78,2161.0,BURL
2024-04-05 13:33:00,201.84,201.93,201.84,201.93,2453.0,BURL
2024-04-05 13:32:00,201.844,201.844,201.73,201.73,1110.0,BURL
2024-04-05 13:31:00,201.81,201.81,201.81,201.81,500.0,BURL
2024-04-05 13:29:00,201.77,201.79,201.77,201.78,1641.0,BURL
2024-04-05 13:28:00,201.8,201.85,201.8,201.8,1712.0,BURL
2024-04-05 13:27:00,201.88,201.88,201.87,201.87,1240.0,BURL
2024-04-05 13:24:00,201.97,201.97,201.97,201.97,376.0,BURL
2024-04-05 13:22:00,201.91,202.01,201.91,201.91,1938.0,BURL
2024-04-05 13:21:00,201.91,201.91,201.91,201.91,1969.0,BURL
2024-04-05 13:20:00,201.89,201.95,201.85,201.95,1813.0,BURL
2024-04-05 13:18:00,201.735,201.84,201.735,201.775,1336.0,BURL
2024-04-05 13:17:00,201.84,201.905,201.81,201.81,1837.0,BURL
2024-04-05 13:16:00,201.88,201.88,201.87,201.87,385.0,BURL
2024-04-05 13:15:00,201.93,201.94,201.93,201.94,304.0,BURL
2024-04-05 13:14:00,202.02,202.03,201.96,202.03,759.0,BURL
2024-04-05 13:13:00,202.18,202.18,202.06,202.06,1662.0,BURL
2024-04-05 13:11:00,202.07,202.2,202.06,202.2,1817.0,BURL
2024-04-05 13:10:00,202.11,202.14,202.08,202.08,860.0,BURL
2024-04-05 13:09:00,201.924,202.06,201.924,202.04,1281.0,BURL
2024-04-05 13:08:00,202.05,202.05,201.895,201.895,926.0,BURL
2024-04-05 13:07:00,202.27,202.27,202.06,202.06,6028.0,BURL
2024-04-05 13:06:00,202.195,202.4,202.19,202.26,1965.0,BURL
2024-04-05 13:05:00,201.98,202.1,201.96,202.075,1566.0,BURL
2024-04-05 13:04:00,201.86,201.98,201.86,201.98,1341.0,BURL
2024-04-05 13:01:00,202.07,202.07,201.95,201.95,1069.0,BURL
2024-04-05 13:00:00,202.09,202.135,202.08,202.135,696.0,BURL
2024-04-05 12:59:00,202.02,202.15,202.02,202.15,1457.0,BURL
2024-04-05 12:58:00,202.03,202.03,201.93,201.96,3565.0,BURL
2024-04-05 12:57:00,201.995,202.0,201.995,202.0,1017.0,BURL
2024-04-05 12:56:00,201.95,201.98,201.95,201.98,853.0,BURL
2024-04-05 12:55:00,201.885,201.96,201.84,201.96,2228.0,BURL
2024-04-05 12:54:00,201.88,201.91,201.82,201.91,3823.0,BURL
2024-04-05 12:53:00,201.87,201.87,201.87,201.87,128.0,BURL
2024-04-05 12:51:00,201.83,201.83,201.82,201.82,378.0,BURL
2024-04-05 12:49:00,201.86,201.86,201.86,201.86,872.0,BURL
2024-04-05 12:48:00,201.95,201.95,201.95,201.95,669.0,BURL
2024-04-05 12:46:00,202.18,202.24,202.0,202.015,3159.0,BURL
2024-04-05 12:45:00,202.28,202.28,202.18,202.18,2011.0,BURL
2024-04-05 12:44:00,202.27,202.35,202.27,202.35,524.0,BURL
2024-04-05 12:43:00,202.32,202.32,202.31,202.31,749.0,BURL
2024-04-05 12:42:00,202.25,202.25,202.225,202.225,824.0,BURL
2024-04-05 12:41:00,202.13,202.25,202.13,202.25,1149.0,BURL
2024-04-05 12:40:00,202.25,202.27,202.205,202.205,554.0,BURL
2024-04-05 12:39:00,202.25,202.27,202.25,202.27,977.0,BURL
2024-04-05 12:38:00,202.19,202.19,202.19,202.19,469.0,BURL
2024-04-05 12:37:00,202.12,202.185,202.12,202.185,722.0,BURL
2024-04-05 12:34:00,202.12,202.12,202.12,202.12,427.0,BURL
2024-04-05 12:33:00,201.98,202.09,201.98,202.09,1313.0,BURL
2024-04-05 12:32:00,201.97,201.97,201.86,201.87,3020.0,BURL
2024-04-05 12:31:00,202.12,202.12,202.03,202.03,1296.0,BURL
2024-04-05 12:30:00,202.11,202.18,202.06,202.175,2788.0,BURL
2024-04-05 12:29:00,202.19,202.21,202.12,202.12,1015.0,BURL
2024-04-05 12:28:00,202.24,202.27,202.16,202.16,1690.0,BURL
2024-04-05 12:25:00,202.52,202.52,202.36,202.41,1273.0,BURL
2024-04-05 12:23:00,202.51,202.51,202.45,202.45,2491.0,BURL
2024-04-05 12:22:00,202.41,202.41,202.41,202.41,559.0,BURL
2024-04-05 12:21:00,202.47,202.56,202.47,202.47,1637.0,BURL
2024-04-05 12:20:00,202.715,202.715,202.5,202.5,5343.0,BURL
2024-04-05 12:19:00,202.715,202.715,202.65,202.71,555.0,BURL
2024-04-05 12:18:00,202.72,202.72,202.72,202.72,128.0,BURL
2024-04-05 12:17:00,202.735,202.755,202.735,202.755,848.0,BURL
2024-04-05 12:16:00,202.72,202.72,202.72,202.72,1269.0,BURL
2024-04-05 12:15:00,202.665,202.87,202.665,202.8,4217.0,BURL
2024-04-05 12:14:00,202.655,202.655,202.655,202.655,272.0,BURL
2024-04-05 12:13:00,202.33,202.74,202.33,202.645,9446.0,BURL
2024-04-05 12:10:00,202.4,202.48,202.35,202.4,2170.0,BURL
2024-04-05 12:09:00,202.505,202.51,202.44,202.47,2051.0,BURL
2024-04-05 12:08:00,202.44,202.49,202.44,202.49,974.0,BURL
2024-04-05 12:07:00,202.39,202.445,202.35,202.44,1306.0,BURL
2024-04-05 12:06:00,202.32,202.32,202.32,202.32,157.0,BURL
2024-04-05 12:05:00,202.41,202.41,202.36,202.36,1182.0,BURL
2024-04-05 12:04:00,202.405,202.48,202.405,202.48,255.0,BURL
2024-04-05 12:03:00,202.375,202.44,202.37,202.44,617.0,BURL
2024-04-05 12:02:00,202.35,202.4,202.35,202.37,1240.0,BURL
2024-04-05 12:01:00,202.27,202.27,202.26,202.26,686.0,BURL
2024-04-05 12:00:00,202.2,202.31,202.16,202.31,2082.0,BURL
2024-04-05 11:59:00,202.28,202.28,202.28,202.28,324.0,BURL
2024-04-05 11:57:00,202.35,202.35,202.29,202.31,2173.0,BURL
2024-04-05 11:56:00,202.44,202.49,202.41,202.44,2078.0,BURL
2024-04-05 11:55:00,202.37,202.47,202.24,202.4,1940.0,BURL
2024-04-05 11:54:00,202.305,202.305,202.305,202.305,196.0,BURL
2024-04-05 11:53:00,202.37,202.37,202.37,202.37,130.0,BURL
2024-04-05 11:52:00,202.37,202.37,202.275,202.275,405.0,BURL
2024-04-05 11:50:00,202.195,202.335,202.195,202.335,1837.0,BURL
2024-04-05 11:49:00,202.49,202.49,202.21,202.21,2741.0,BURL
2024-04-05 11:48:00,202.44,202.44,202.4,202.4,371.0,BURL
2024-04-05 11:47:00,202.43,202.43,202.355,202.355,1382.0,BURL
2024-04-05 11:46:00,202.43,202.44,202.415,202.425,1497.0,BURL
2024-04-05 11:45:00,202.325,202.325,202.325,202.325,293.0,BURL
2024-04-05 11:44:00,202.26,202.26,202.26,202.26,793.0,BURL
2024-04-05 11:43:00,202.165,202.36,202.165,202.345,2688.0,BURL
2024-04-05 11:42:00,202.17,202.17,202.09,202.13,1435.0,BURL
2024-04-05 11:41:00,202.02,202.19,202.02,202.16,7232.0,BURL
2024-04-05 11:40:00,201.95,201.98,201.86,201.98,2864.0,BURL
2024-04-05 11:39:00,201.855,201.95,201.855,201.95,516.0,BURL
2024-04-05 11:38:00,201.93,201.98,201.87,201.91,1980.0,BURL
2024-04-05 11:37:00,202.07,202.07,202.06,202.07,1829.0,BURL
2024-04-05 11:36:00,202.11,202.11,201.975,201.98,4745.0,BURL
2024-04-05 11:35:00,202.19,202.2,202.19,202.2,789.0,BURL
2024-04-05 11:34:00,202.25,202.28,202.185,202.185,2097.0,BURL
2024-04-05 11:33:00,202.32,202.365,202.31,202.33,2786.0,BURL
2024-04-05 11:32:00,202.43,202.44,202.39,202.44,1376.0,BURL
2024-04-05 11:31:00,202.33,202.35,202.33,202.35,460.0,BURL
2024-04-05 11:30:00,202.405,202.405,202.405,202.405,263.0,BURL
2024-04-05 11:29:00,202.27,202.37,202.27,202.37,1383.0,BURL
2024-04-05 11:28:00,202.235,202.235,202.235,202.235,225.0,BURL
2024-04-05 11:27:00,202.3,202.33,202.21,202.21,1765.0,BURL
2024-04-05 11:26:00,202.44,202.465,202.31,202.31,5667.0,BURL
2024-04-05 11:25:00,202.38,202.45,202.37,202.38,1964.0,BURL
2024-04-05 11:24:00,202.35,202.36,202.34,202.34,990.0,BURL
2024-04-05 11:23:00,202.34,202.35,202.34,202.35,689.0,BURL
2024-04-05 11:22:00,202.34,202.34,202.34,202.34,263.0,BURL
2024-04-05 11:21:00,202.34,202.35,202.34,202.35,844.0,BURL
2024-04-05 11:20:00,202.15,202.305,202.15,202.25,1860.0,BURL
2024-04-05 11:19:00,201.91,202.14,201.91,202.14,1455.0,BURL
2024-04-05 11:18:00,202.07,202.08,201.98,201.98,708.0,BURL
2024-04-05 11:17:00,202.06,202.115,202.05,202.115,909.0,BURL
2024-04-05 11:16:00,202.12,202.15,202.03,202.09,4862.0,BURL
2024-04-05 11:15:00,202.16,202.18,202.12,202.12,1264.0,BURL
2024-04-05 11:13:00,202.24,202.33,202.24,202.24,437.0,BURL
2024-04-05 11:12:00,202.29,202.29,202.245,202.245,1188.0,BURL
2024-04-05 11:11:00,202.36,202.445,202.275,202.275,4249.0,BURL
2024-04-05 11:10:00,202.16,202.29,202.15,202.29,3635.0,BURL
2024-04-05 11:09:00,202.28,202.31,202.26,202.26,1191.0,BURL
2024-04-05 11:07:00,202.245,202.33,202.245,202.305,1107.0,BURL
2024-04-05 11:06:00,202.44,202.51,202.15,202.27,7060.0,BURL
2024-04-05 11:05:00,202.34,202.445,202.34,202.385,1430.0,BURL
2024-04-05 11:04:00,202.26,202.26,202.26,202.26,224.0,BURL
2024-04-05 11:03:00,202.0,202.36,202.0,202.36,3436.0,BURL
2024-04-05 11:02:00,201.95,202.04,201.95,202.04,649.0,BURL
2024-04-05 11:01:00,202.35,202.39,202.08,202.08,7254.0,BURL
2024-04-05 11:00:00,202.515,202.515,202.4,202.44,2307.0,BURL
2024-04-05 10:58:00,202.535,202.535,202.47,202.49,1861.0,BURL
2024-04-05 10:57:00,202.48,202.64,202.48,202.52,4201.0,BURL
2024-04-05 10:56:00,202.62,202.64,202.41,202.42,7593.0,BURL
2024-04-05 10:55:00,202.555,202.555,202.48,202.48,646.0,BURL
2024-04-05 10:54:00,202.59,202.59,202.495,202.57,2419.0,BURL
2024-04-05 10:53:00,202.49,202.58,202.4,202.58,3327.0,BURL
2024-04-05 10:52:00,202.595,202.595,202.595,202.595,1186.0,BURL
2024-04-05 10:51:00,202.76,202.76,202.55,202.595,5569.0,BURL
2024-04-05 10:50:00,202.68,202.68,202.59,202.68,1514.0,BURL
2024-04-05 10:49:00,202.59,202.64,202.495,202.61,2561.0,BURL
2024-04-05 10:48:00,202.54,202.56,202.475,202.475,2604.0,BURL
2024-04-05 10:47:00,202.485,202.485,202.42,202.42,1026.0,BURL
2024-04-05 10:46:00,202.6,202.62,202.48,202.48,6723.0,BURL
2024-04-05 10:45:00,202.625,202.75,202.47,202.54,4810.0,BURL
2024-04-05 10:44:00,202.705,202.76,202.5,202.5,4178.0,BURL
2024-04-05 10:43:00,202.66,202.66,202.66,202.66,133.0,BURL
2024-04-05 10:41:00,202.83,202.92,202.72,202.72,3320.0,BURL
2024-04-05 10:40:00,202.82,202.82,202.67,202.68,1474.0,BURL
2024-04-05 10:39:00,203.1,203.1,202.88,202.95,4159.0,BURL
2024-04-05 10:38:00,202.81,203.08,202.805,203.045,2960.0,BURL
2024-04-05 10:37:00,202.8,202.815,202.71,202.81,2138.0,BURL
2024-04-05 10:36:00,202.355,202.785,202.355,202.64,5446.0,BURL
2024-04-05 10:35:00,202.55,202.55,202.32,202.32,5577.0,BURL
2024-04-05 10:34:00,202.525,202.545,202.45,202.49,1241.0,BURL
2024-04-05 10:33:00,202.78,202.8,202.48,202.53,5430.0,BURL
2024-04-05 10:32:00,202.34,202.67,202.34,202.67,1682.0,BURL
2024-04-05 10:31:00,202.18,202.48,202.18,202.48,3309.0,BURL
2024-04-05 10:30:00,202.23,202.25,202.08,202.09,4118.0,BURL
2024-04-05 10:29:00,202.44,202.54,202.3,202.43,3279.0,BURL
2024-04-05 10:28:00,202.32,202.44,202.19,202.21,1700.0,BURL
2024-04-05 10:27:00,202.32,202.32,202.21,202.21,1499.0,BURL
2024-04-05 10:26:00,202.33,202.33,202.33,202.33,2025.0,BURL
2024-04-05 10:25:00,202.48,202.49,202.4,202.445,1903.0,BURL
2024-04-05 10:24:00,202.43,202.56,202.43,202.49,2330.0,BURL
2024-04-05 10:23:00,202.46,202.46,202.29,202.29,2592.0,BURL
2024-04-05 10:22:00,202.46,202.46,202.3,202.365,1725.0,BURL
2024-04-05 10:21:00,202.28,202.28,202.26,202.26,1734.0,BURL
2024-04-05 10:20:00,202.26,202.52,202.26,202.52,1357.0,BURL
2024-04-05 10:19:00,202.23,202.57,202.23,202.355,719.0,BURL
2024-04-05 10:18:00,202.5,202.5,202.4,202.41,1759.0,BURL
2024-04-05 10:17:00,202.69,202.69,202.46,202.46,691.0,BURL
2024-04-05 10:16:00,202.64,202.65,202.41,202.425,3422.0,BURL
2024-04-05 10:15:00,202.555,202.64,202.52,202.52,1781.0,BURL
2024-04-05 10:14:00,202.66,202.66,202.36,202.545,3382.0,BURL
2024-04-05 10:13:00,202.48,202.69,202.43,202.665,5289.0,BURL
2024-04-05 10:12:00,202.175,202.53,202.13,202.325,4466.0,BURL
2024-04-05 10:11:00,202.02,202.2,201.93,202.135,4509.0,BURL
2024-04-05 10:10:00,201.86,202.0,201.83,201.855,3432.0,BURL
2024-04-05 10:09:00,201.85,202.1,201.79,202.1,13760.0,BURL
2024-04-05 10:07:00,202.32,202.51,202.032,202.035,5364.0,BURL
2024-04-05 10:06:00,202.35,202.525,202.35,202.405,1845.0,BURL
2024-04-05 10:05:00,201.97,202.16,201.97,202.16,1875.0,BURL
2024-04-05 10:04:00,201.2,201.97,201.2,201.93,5697.0,BURL
2024-04-05 10:03:00,201.41,201.41,201.25,201.25,394.0,BURL
2024-04-05 10:02:00,201.85,201.935,201.43,201.44,6101.0,BURL
2024-04-05 10:01:00,201.77,202.02,201.77,202.02,1729.0,BURL
2024-04-05 10:00:00,201.76,201.99,201.59,201.77,5864.0,BURL
2024-04-05 09:59:00,201.77,201.77,201.77,201.77,281.0,BURL
2024-04-05 09:58:00,201.93,201.93,201.69,201.69,635.0,BURL
2024-04-05 09:57:00,202.05,202.05,201.89,201.93,603.0,BURL
2024-04-05 09:56:00,202.44,202.55,201.94,202.005,7302.0,BURL
2024-04-05 09:54:00,202.24,202.24,202.16,202.21,730.0,BURL
2024-04-05 09:53:00,202.37,202.37,202.28,202.33,788.0,BURL
2024-04-05 09:52:00,202.18,202.53,202.18,202.39,3327.0,BURL
2024-04-05 09:51:00,202.08,202.08,202.0,202.0,512.0,BURL
2024-04-05 09:50:00,201.97,202.14,201.93,202.13,1854.0,BURL
2024-04-05 09:49:00,202.33,202.33,202.065,202.15,1370.0,BURL
2024-04-05 09:48:00,202.52,202.73,202.43,202.43,1059.0,BURL
2024-04-05 09:47:00,201.935,202.5,201.935,202.5,2115.0,BURL
2024-04-05 09:46:00,201.94,201.94,201.94,201.94,209.0,BURL
2024-04-05 09:45:00,201.98,201.98,201.98,201.98,678.0,BURL
2024-04-05 09:44:00,201.85,201.88,201.77,201.87,846.0,BURL
2024-04-05 09:43:00,201.95,201.95,201.95,201.95,328.0,BURL
2024-04-05 09:42:00,201.64,201.83,201.64,201.68,1173.0,BURL
2024-04-05 09:41:00,201.395,201.395,201.36,201.36,216.0,BURL
2024-04-05 09:40:00,201.37,201.44,201.34,201.44,884.0,BURL
2024-04-05 09:39:00,201.34,201.64,201.14,201.59,5185.0,BURL
2024-04-05 09:38:00,202.02,202.02,202.02,202.02,534.0,BURL
2024-04-05 09:37:00,202.39,202.39,202.3,202.3,2182.0,BURL
2024-04-05 09:36:00,201.54,202.4,201.54,202.34,2240.0,BURL
2024-04-05 09:35:00,201.27,201.79,201.27,201.76,1716.0,BURL
2024-04-05 09:34:00,202.13,202.13,201.6,201.6,1411.0,BURL
2024-04-05 09:33:00,201.95,201.95,201.6,201.6,1769.0,BURL
2024-04-05 09:32:00,201.7,202.11,201.29,202.11,3825.0,BURL
2024-04-05 09:31:00,201.85,201.98,200.98,200.98,1607.0,BURL
2024-04-05 09:30:00,202.2,202.2,202.2,202.2,5447.0,BURL
2024-04-05 09:12:00,202.44,202.44,202.44,202.44,123.0,BURL
2024-04-05 09:09:00,202.5,202.5,202.5,202.5,100.0,BURL
2024-04-05 09:06:00,202.51,202.51,202.49,202.49,75.0,BURL
2024-04-05 09:03:00,202.65,202.65,202.47,202.47,145.0,BURL
2024-04-05 08:53:00,202.65,202.65,202.65,202.65,10.0,BURL
2024-04-05 08:50:00,202.45,202.75,202.45,202.51,68.0,BURL
2024-04-05 08:40:00,202.45,202.45,202.45,202.45,8.0,BURL
2024-04-05 08:34:00,207.192,207.192,207.192,207.192,100.0,BURL
2024-04-05 08:00:00,205.0,205.0,204.0,204.0,10.0,BURL
2024-04-05 07:07:00,206.0,206.0,206.0,206.0,5.0,BURL
2024-04-05 07:00:00,204.04,206.99,204.04,206.99,50.0,BURL
2024-04-04 19:55:00,202.45,202.45,202.44,202.44,35.0,BURL
2024-04-04 19:41:00,202.44,202.44,202.44,202.44,1.0,BURL
2024-04-04 19:00:00,202.44,202.44,202.44,202.44,180592.0,BURL
2024-04-04 18:30:00,202.44,202.44,202.44,202.44,180592.0,BURL
2024-04-04 17:32:00,202.7,202.75,202.7,202.74,261.0,BURL
2024-04-04 17:24:00,200.0,200.0,200.0,200.0,1.0,BURL
2024-04-04 17:04:00,202.44,202.44,202.44,202.44,41.0,BURL
2024-04-04 16:52:00,202.44,202.44,202.44,202.44,20300.0,BURL
2024-04-04 16:35:00,202.44,202.44,202.44,202.44,1300.0,BURL
2024-04-04 16:32:00,202.44,202.44,202.44,202.44,5100.0,BURL
2024-04-04 16:10:00,202.44,202.44,202.44,202.44,180592.0,BURL
2024-04-04 16:02:00,202.44,202.44,202.44,202.44,64097.0,BURL
2024-04-04 16:01:00,202.44,202.44,202.44,202.44,58.0,BURL
2024-04-04 16:00:00,202.47,202.99,202.44,202.44,368068.0,BURL
2024-04-04 15:59:00,202.29,202.56,202.19,202.47,79210.0,BURL
2024-04-04 15:58:00,202.32,202.345,202.17,202.29,46448.0,BURL
2024-04-04 15:57:00,202.405,202.405,202.15,202.3,44232.0,BURL
2024-04-04 15:56:00,202.33,202.45,202.21,202.405,60216.0,BURL
2024-04-04 15:55:00,203.36,203.4,202.26,202.33,56021.0,BURL
2024-04-04 15:54:00,202.97,203.41,202.93,203.41,32544.0,BURL
2024-04-04 15:53:00,203.4,203.41,202.879,202.925,11987.0,BURL
2024-04-04 15:52:00,203.295,203.5,203.115,203.46,25086.0,BURL
2024-04-04 15:51:00,202.59,203.38,202.55,203.29,21398.0,BURL
2024-04-04 15:50:00,202.98,203.13,202.57,202.59,15875.0,BURL
2024-04-04 15:49:00,202.505,202.9,202.505,202.865,17727.0,BURL
2024-04-04 15:48:00,202.64,202.64,202.42,202.505,16895.0,BURL
2024-04-04 15:47:00,202.41,202.62,202.4,202.59,15206.0,BURL
2024-04-04 15:46:00,202.79,202.9,202.51,202.55,14734.0,BURL
2024-04-04 15:45:00,202.55,202.8,202.49,202.8,13797.0,BURL
2024-04-04 15:44:00,202.58,202.87,202.51,202.57,20031.0,BURL
2024-04-04 15:43:00,202.61,202.625,202.405,202.625,9125.0,BURL
2024-04-04 15:42:00,202.715,202.76,202.46,202.56,14083.0,BURL
2024-04-04 15:41:00,202.765,202.84,202.59,202.715,10538.0,BURL
2024-04-04 15:40:00,202.755,202.77,202.6,202.765,8643.0,BURL
2024-04-04 15:39:00,202.795,202.81,202.65,202.755,6465.0,BURL
2024-04-04 15:38:00,202.795,202.93,202.73,202.735,9770.0,BURL
2024-04-04 15:37:00,202.605,202.86,202.56,202.86,26723.0,BURL
2024-04-04 15:36:00,202.815,202.89,202.55,202.635,9353.0,BURL
2024-04-04 15:35:00,203.09,203.09,202.79,202.815,5527.0,BURL
2024-04-04 15:34:00,203.42,203.44,203.14,203.26,8070.0,BURL
2024-04-04 15:33:00,203.02,203.53,203.02,203.43,16906.0,BURL
2024-04-04 15:32:00,202.99,203.06,202.81,202.97,8204.0,BURL
2024-04-04 15:31:00,203.16,203.16,202.95,202.95,3540.0,BURL
2024-04-04 15:30:00,203.11,203.37,203.09,203.115,9713.0,BURL
2024-04-04 15:29:00,203.065,203.27,203.01,203.18,10765.0,BURL
2024-04-04 15:28:00,203.21,203.285,202.97,203.04,8398.0,BURL
2024-04-04 15:27:00,203.49,203.66,203.34,203.35,9033.0,BURL
2024-04-04 15:26:00,203.51,203.57,203.4,203.49,5628.0,BURL
2024-04-04 15:25:00,203.71,203.849,203.5,203.5,4488.0,BURL
2024-04-04 15:24:00,203.8,203.85,203.49,203.7,8842.0,BURL
2024-04-04 15:23:00,203.92,203.92,203.77,203.855,3040.0,BURL
2024-04-04 15:22:00,203.7,204.02,203.7,203.93,5891.0,BURL
2024-04-04 15:21:00,204.07,204.09,203.69,203.69,4557.0,BURL
2024-04-04 15:20:00,204.13,204.265,204.13,204.175,5036.0,BURL
2024-04-04 15:19:00,204.01,204.22,203.99,204.095,7507.0,BURL
2024-04-04 15:18:00,203.97,204.095,203.89,203.89,1715.0,BURL
2024-04-04 15:17:00,204.12,204.155,203.98,203.98,3291.0,BURL
2024-04-04 15:16:00,204.075,204.72,204.075,204.4,22198.0,BURL
2024-04-04 15:15:00,204.325,204.325,203.97,204.065,2976.0,BURL
2024-04-04 15:14:00,204.69,204.69,204.48,204.57,4145.0,BURL
2024-04-04 15:11:00,204.66,204.78,204.66,204.75,1811.0,BURL
2024-04-04 15:10:00,204.975,205.0,204.59,204.66,6205.0,BURL
2024-04-04 15:09:00,204.93,205.08,204.78,205.08,4944.0,BURL
2024-04-04 15:08:00,204.99,205.045,204.64,204.863,6777.0,BURL
2024-04-04 15:07:00,205.04,205.11,205.04,205.11,828.0,BURL
2024-04-04 15:06:00,204.77,205.05,204.77,205.02,3269.0,BURL
2024-04-04 15:05:00,204.65,204.85,204.63,204.85,1750.0,BURL
2024-04-04 15:04:00,204.73,204.76,204.5,204.57,5526.0,BURL
2024-04-04 15:03:00,204.41,204.85,204.41,204.77,3451.0,BURL
2024-04-04 15:02:00,203.84,204.285,203.84,204.285,4102.0,BURL
2024-04-04 15:01:00,203.84,203.845,203.84,203.84,1147.0,BURL
2024-04-04 15:00:00,204.2,204.2,203.82,203.88,3014.0,BURL
2024-04-04 14:59:00,204.11,204.27,204.11,204.21,3263.0,BURL
2024-04-04 14:58:00,204.11,204.16,203.89,204.07,4846.0,BURL
2024-04-04 14:57:00,204.18,204.35,204.11,204.11,2607.0,BURL
2024-04-04 14:56:00,204.215,204.33,204.215,204.23,4123.0,BURL
2024-04-04 14:55:00,204.36,204.39,204.098,204.225,5629.0,BURL
2024-04-04 14:54:00,204.4,204.661,204.4,204.661,767.0,BURL
2024-04-04 14:53:00,204.54,204.575,204.54,204.54,1468.0,BURL
2024-04-04 14:52:00,205.1,205.1,204.66,204.73,4002.0,BURL
2024-04-04 14:51:00,205.27,205.33,205.27,205.33,405.0,BURL
2024-04-04 14:50:00,205.24,205.27,205.205,205.205,1049.0,BURL
2024-04-04 14:49:00,205.0,205.27,204.992,205.26,5019.0,BURL
2024-04-04 14:48:00,204.95,205.08,204.95,205.0,885.0,BURL
2024-04-04 14:47:00,204.8,205.08,204.785,205.04,3460.0,BURL
2024-04-04 14:46:00,204.735,204.84,204.69,204.81,3108.0,BURL
2024-04-04 14:45:00,204.65,204.75,204.585,204.73,3300.0,BURL
2024-04-04 14:44:00,204.742,204.742,204.43,204.43,1598.0,BURL
2024-04-04 14:43:00,204.82,204.82,204.68,204.68,425.0,BURL
2024-04-04 14:42:00,205.01,205.11,204.79,204.8,3774.0,BURL
2024-04-04 14:41:00,205.19,205.19,204.84,204.84,1447.0,BURL
2024-04-04 14:40:00,204.92,205.25,204.92,205.25,6194.0,BURL
2024-04-04 14:39:00,205.01,205.09,204.95,204.95,1809.0,BURL
2024-04-04 14:38:00,205.09,205.17,205.01,205.01,3587.0,BURL
2024-04-04 14:37:00,204.95,205.12,204.95,205.12,1543.0,BURL
2024-04-04 14:36:00,204.63,204.83,204.63,204.79,4058.0,BURL
2024-04-04 14:35:00,204.4,204.5,204.4,204.5,551.0,BURL
2024-04-04 14:34:00,204.46,204.5,204.46,204.5,663.0,BURL
2024-04-04 14:33:00,204.69,204.69,204.47,204.58,2289.0,BURL
2024-04-04 14:32:00,204.74,204.74,204.475,204.51,5447.0,BURL
2024-04-04 14:31:00,205.07,205.18,204.775,204.83,6655.0,BURL
2024-04-04 14:30:00,205.47,205.47,204.94,205.065,4373.0,BURL
2024-04-04 14:29:00,205.71,205.71,205.56,205.57,1492.0,BURL
2024-04-04 14:28:00,205.825,205.94,205.68,205.835,5717.0,BURL
2024-04-04 14:27:00,206.37,206.43,205.72,205.83,9422.0,BURL
2024-04-04 14:26:00,206.38,206.49,206.35,206.365,3476.0,BURL
2024-04-04 14:25:00,206.555,206.555,206.46,206.46,821.0,BURL
2024-04-04 14:24:00,206.55,206.55,206.55,206.55,746.0,BURL
2024-04-04 14:23:00,206.55,206.55,206.55,206.55,687.0,BURL
2024-04-04 14:22:00,206.475,206.58,206.475,206.54,2985.0,BURL
2024-04-04 14:21:00,206.44,206.46,206.44,206.46,891.0,BURL
2024-04-04 14:20:00,206.24,206.46,206.07,206.4,8532.0,BURL
2024-04-04 14:19:00,206.32,206.4,206.25,206.4,888.0,BURL
2024-04-04 14:18:00,206.575,206.6,206.385,206.395,5815.0,BURL
2024-04-04 14:17:00,206.73,206.73,206.59,206.59,1781.0,BURL
2024-04-04 14:16:00,206.995,206.995,206.56,206.73,3904.0,BURL
2024-04-04 14:15:00,207.12,207.12,206.985,206.995,2348.0,BURL
2024-04-04 14:14:00,207.12,207.22,207.12,207.12,1816.0,BURL
2024-04-04 14:13:00,206.89,207.12,206.89,207.12,5126.0,BURL
2024-04-04 14:12:00,206.99,206.995,206.99,206.995,388.0,BURL
2024-04-04 14:11:00,206.795,206.98,206.795,206.97,2485.0,BURL
2024-04-04 14:10:00,207.21,207.21,206.7,206.88,4470.0,BURL
2024-04-04 14:09:00,207.27,207.27,207.27,207.27,404.0,BURL
2024-04-04 14:08:00,207.47,207.54,207.23,207.29,8110.0,BURL
2024-04-04 14:07:00,207.23,207.52,207.21,207.52,4683.0,BURL
2024-04-04 14:06:00,207.31,207.31,207.18,207.225,4406.0,BURL
2024-04-04 14:05:00,207.32,207.37,207.32,207.36,3210.0,BURL
2024-04-04 14:04:00,207.47,207.48,207.24,207.275,6679.0,BURL
2024-04-04 14:03:00,207.451,207.55,207.385,207.55,1903.0,BURL
2024-04-04 14:02:00,206.99,207.4,206.99,207.4,8100.0,BURL
2024-04-04 14:01:00,206.955,207.0,206.955,206.99,1143.0,BURL
2024-04-04 14:00:00,207.02,207.11,206.955,207.0,13491.0,BURL
2024-04-04 13:59:00,207.075,207.11,207.02,207.11,1287.0,BURL
2024-04-04 13:58:00,207.22,207.31,207.02,207.16,9774.0,BURL
2024-04-04 13:57:00,207.095,207.11,207.095,207.11,847.0,BURL
2024-04-04 13:56:00,206.96,207.13,206.94,207.06,2610.0,BURL
2024-04-04 13:55:00,207.11,207.11,207.01,207.01,765.0,BURL
2024-04-04 13:54:00,206.955,206.965,206.94,206.965,418.0,BURL
2024-04-04 13:53:00,206.555,207.11,206.4,206.95,11345.0,BURL
2024-04-04 13:52:00,206.555,206.63,206.555,206.63,374.0,BURL
2024-04-04 13:50:00,206.592,206.592,206.567,206.568,316.0,BURL
2024-04-04 13:49:00,206.64,206.64,206.535,206.535,1611.0,BURL
2024-04-04 13:48:00,206.45,206.67,206.45,206.67,2253.0,BURL
2024-04-04 13:47:00,206.465,206.52,206.36,206.52,1813.0,BURL
2024-04-04 13:46:00,206.47,206.47,206.46,206.46,1451.0,BURL
2024-04-04 13:45:00,206.365,206.37,206.365,206.37,407.0,BURL
2024-04-04 13:44:00,206.49,206.5,206.35,206.45,3555.0,BURL
2024-04-04 13:43:00,206.54,206.57,206.5,206.53,1303.0,BURL
2024-04-04 13:42:00,206.605,206.64,206.605,206.64,526.0,BURL
2024-04-04 13:41:00,206.415,206.64,206.38,206.64,1586.0,BURL
2024-04-04 13:40:00,206.61,206.72,206.39,206.415,5106.0,BURL
2024-04-04 13:39:00,206.605,206.637,206.56,206.56,1096.0,BURL
2024-04-04 13:38:00,206.675,206.675,206.58,206.58,1177.0,BURL
2024-04-04 13:37:00,206.81,206.81,206.67,206.72,1408.0,BURL
2024-04-04 13:36:00,206.805,206.805,206.805,206.805,350.0,BURL
2024-04-04 13:35:00,206.55,206.69,206.55,206.69,2719.0,BURL
2024-04-04 13:34:00,206.43,206.51,206.405,206.51,1545.0,BURL
2024-04-04 13:33:00,206.34,206.5,206.34,206.5,2517.0,BURL
2024-04-04 13:32:00,206.44,206.44,206.29,206.38,3861.0,BURL
2024-04-04 13:31:00,206.59,206.595,206.49,206.49,2033.0,BURL
2024-04-04 13:30:00,206.66,206.7,206.66,206.68,1079.0,BURL
2024-04-04 13:29:00,206.25,206.5,206.175,206.5,3860.0,BURL
2024-04-04 13:28:00,206.17,206.25,206.17,206.25,447.0,BURL
2024-04-04 13:27:00,205.89,206.28,205.89,206.151,9106.0,BURL
2024-04-04 13:26:00,206.09,206.09,205.86,205.86,4171.0,BURL
2024-04-04 13:25:00,206.27,206.27,206.05,206.05,20862.0,BURL
2024-04-04 13:24:00,206.25,206.41,206.25,206.41,656.0,BURL
2024-04-04 13:23:00,206.37,206.38,206.25,206.26,2647.0,BURL
2024-04-04 13:22:00,206.63,206.74,206.465,206.465,5834.0,BURL
2024-04-04 13:21:00,206.63,206.67,206.63,206.65,1082.0,BURL
2024-04-04 13:20:00,206.63,206.63,206.605,206.62,1313.0,BURL
2024-04-04 13:19:00,206.68,206.68,206.675,206.675,291.0,BURL
2024-04-04 13:18:00,206.58,206.675,206.58,206.675,1974.0,BURL
2024-04-04 13:17:00,206.665,206.72,206.63,206.655,2588.0,BURL
2024-04-04 13:16:00,206.59,206.66,206.56,206.66,4538.0,BURL
2024-04-04 13:14:00,206.61,206.61,206.61,206.61,517.0,BURL
2024-04-04 13:12:00,206.6,206.64,206.6,206.61,1410.0,BURL
2024-04-04 13:11:00,206.64,206.65,206.64,206.65,1153.0,BURL
2024-04-04 13:10:00,206.72,206.72,206.67,206.715,906.0,BURL
2024-04-04 13:08:00,206.705,206.73,206.63,206.63,650.0,BURL
2024-04-04 13:07:00,206.665,206.74,206.665,206.73,2079.0,BURL
2024-04-04 13:05:00,206.65,206.66,206.65,206.66,731.0,BURL
2024-04-04 13:04:00,206.675,206.75,206.675,206.73,1140.0,BURL
2024-04-04 13:03:00,206.67,206.67,206.66,206.66,603.0,BURL
2024-04-04 13:02:00,206.76,206.79,206.67,206.73,2729.0,BURL
2024-04-04 13:01:00,206.695,206.695,206.695,206.695,434.0,BURL
2024-04-04 13:00:00,206.43,206.75,206.39,206.75,7208.0,BURL
2024-04-04 12:59:00,206.51,206.55,206.44,206.44,548.0,BURL
2024-04-04 12:58:00,206.47,206.47,206.45,206.47,715.0,BURL
2024-04-04 12:57:00,206.535,206.535,206.44,206.44,1354.0,BURL
2024-04-04 12:56:00,206.53,206.53,206.53,206.53,377.0,BURL
2024-04-04 12:55:00,206.45,206.525,206.3,206.405,4045.0,BURL
2024-04-04 12:54:00,206.43,206.43,206.43,206.43,406.0,BURL
2024-04-04 12:53:00,206.36,206.485,206.36,206.485,558.0,BURL
2024-04-04 12:52:00,206.39,206.425,206.39,206.425,484.0,BURL
2024-04-04 12:51:00,206.45,206.5,206.39,206.39,1199.0,BURL
2024-04-04 12:50:00,206.48,206.61,206.43,206.57,4280.0,BURL
2024-04-04 12:49:00,206.51,206.615,206.51,206.54,567.0,BURL
2024-04-04 12:48:00,206.72,206.745,206.57,206.58,3128.0,BURL
2024-04-04 12:47:00,206.94,206.94,206.745,206.795,4083.0,BURL
2024-04-04 12:46:00,207.04,207.04,207.04,207.04,228.0,BURL
2024-04-04 12:45:00,206.84,207.13,206.785,207.13,6764.0,BURL
2024-04-04 12:44:00,206.935,206.935,206.935,206.935,261.0,BURL
2024-04-04 12:43:00,206.83,207.08,206.75,207.02,3616.0,BURL
2024-04-04 12:42:00,207.495,207.495,206.99,207.02,2766.0,BURL
2024-04-04 12:41:00,207.495,207.495,207.495,207.495,482.0,BURL
2024-04-04 12:40:00,207.005,207.51,207.005,207.51,4405.0,BURL
2024-04-04 12:39:00,207.11,207.11,206.88,207.005,3076.0,BURL
2024-04-04 12:38:00,207.13,207.23,207.09,207.158,5194.0,BURL
2024-04-04 12:37:00,207.235,207.24,207.23,207.23,496.0,BURL
2024-04-04 12:36:00,207.225,207.225,207.13,207.225,542.0,BURL
2024-04-04 12:35:00,207.11,207.2,207.11,207.2,2047.0,BURL
2024-04-04 12:34:00,207.39,207.505,207.155,207.155,10190.0,BURL
2024-04-04 12:33:00,207.505,207.505,207.505,207.505,387.0,BURL
2024-04-04 12:32:00,207.295,207.64,207.295,207.58,3921.0,BURL
2024-04-04 12:31:00,207.365,207.37,207.34,207.34,417.0,BURL
2024-04-04 12:30:00,207.49,207.6,207.245,207.354,8380.0,BURL
2024-04-04 12:29:00,207.895,207.895,207.54,207.69,4656.0,BURL
2024-04-04 12:28:00,207.875,207.875,207.875,207.875,421.0,BURL
2024-04-04 12:27:00,207.97,207.985,207.76,207.86,6155.0,BURL
2024-04-04 12:26:00,207.99,207.99,207.96,207.99,1946.0,BURL
2024-04-04 12:25:00,207.855,207.98,207.84,207.98,4355.0,BURL
2024-04-04 12:24:00,207.84,207.84,207.82,207.84,722.0,BURL
2024-04-04 12:23:00,207.88,208.02,207.825,207.95,3515.0,BURL
2024-04-04 12:22:00,208.015,208.015,208.015,208.015,472.0,BURL
2024-04-04 12:20:00,208.03,208.03,208.02,208.03,857.0,BURL
2024-04-04 12:19:00,208.0,208.09,207.725,208.015,10590.0,BURL
2024-04-04 12:18:00,208.12,208.145,208.01,208.01,4340.0,BURL
2024-04-04 12:17:00,207.97,208.205,207.97,208.11,3044.0,BURL
2024-04-04 12:16:00,207.96,207.96,207.96,207.96,421.0,BURL
2024-04-04 12:15:00,207.89,208.03,207.89,208.03,2189.0,BURL
2024-04-04 12:14:00,207.75,207.815,207.66,207.815,2970.0,BURL
2024-04-04 12:13:00,207.83,207.83,207.705,207.705,4410.0,BURL
2024-04-04 12:12:00,207.39,207.885,207.35,207.85,6945.0,BURL
2024-04-04 12:10:00,207.42,207.575,207.42,207.49,2845.0,BURL
2024-04-04 12:09:00,207.5,207.62,207.34,207.42,8381.0,BURL
2024-04-04 12:08:00,207.515,207.515,207.5,207.5,783.0,BURL
2024-04-04 12:07:00,207.475,207.515,207.475,207.515,1805.0,BURL
2024-04-04 12:06:00,207.43,207.43,207.43,207.43,315.0,BURL
2024-04-04 12:05:00,207.26,207.315,207.26,207.315,1355.0,BURL
2024-04-04 12:04:00,207.205,207.205,207.205,207.205,223.0,BURL
2024-04-04 12:03:00,207.43,207.43,207.205,207.205,1843.0,BURL
2024-04-04 12:02:00,207.39,207.39,207.37,207.37,821.0,BURL
2024-04-04 12:01:00,206.96,207.29,206.95,207.215,5282.0,BURL
2024-04-04 11:59:00,207.36,207.36,207.06,207.06,2237.0,BURL
2024-04-04 11:58:00,207.23,207.23,207.215,207.216,473.0,BURL
2024-04-04 11:55:00,207.19,207.265,207.1,207.215,3139.0,BURL
2024-04-04 11:54:00,207.445,207.445,207.26,207.29,2069.0,BURL
2024-04-04 11:53:00,207.37,207.48,207.29,207.48,1780.0,BURL
2024-04-04 11:52:00,207.36,207.36,207.36,207.36,145.0,BURL
2024-04-04 11:51:00,207.21,207.21,207.21,207.21,384.0,BURL
2024-04-04 11:50:00,207.14,207.17,207.03,207.17,4059.0,BURL
2024-04-04 11:49:00,206.87,207.46,206.775,207.31,8888.0,BURL
2024-04-04 11:47:00,206.725,206.735,206.7,206.7,1038.0,BURL
2024-04-04 11:46:00,206.73,206.73,206.7,206.72,1713.0,BURL
2024-04-04 11:45:00,206.83,206.84,206.825,206.825,916.0,BURL
2024-04-04 11:44:00,207.025,207.05,206.92,206.93,1518.0,BURL
2024-04-04 11:43:00,207.145,207.225,207.035,207.045,2286.0,BURL
2024-04-04 11:42:00,207.24,207.29,207.24,207.29,326.0,BURL
2024-04-04 11:41:00,207.298,207.298,207.23,207.245,822.0,BURL
2024-04-04 11:40:00,207.7,207.7,207.0,207.235,10090.0,BURL
2024-04-04 11:39:00,207.7,207.7,207.7,207.7,683.0,BURL
2024-04-04 11:38:00,207.7,207.7,207.7,207.7,1334.0,BURL
2024-04-04 11:37:00,207.6,207.74,207.6,207.7,2738.0,BURL
2024-04-04 11:36:00,207.575,207.595,207.575,207.595,832.0,BURL
2024-04-04 11:35:00,207.575,207.575,207.575,207.575,513.0,BURL
2024-04-04 11:34:00,207.63,207.69,207.39,207.565,6634.0,BURL
2024-04-04 11:33:00,207.62,207.62,207.62,207.62,711.0,BURL
2024-04-04 11:32:00,207.425,207.435,207.425,207.435,911.0,BURL
2024-04-04 11:31:00,207.17,207.412,207.12,207.413,4899.0,BURL
2024-04-04 11:30:00,207.055,207.06,207.055,207.06,392.0,BURL
2024-04-04 11:29:00,207.04,207.08,207.04,207.05,1179.0,BURL
2024-04-04 11:28:00,206.89,207.04,206.765,206.91,3496.0,BURL
2024-04-04 11:27:00,206.875,206.875,206.83,206.875,647.0,BURL
2024-04-04 11:26:00,206.795,206.97,206.65,206.87,8222.0,BURL
2024-04-04 11:25:00,206.68,206.79,206.68,206.79,1173.0,BURL
2024-04-04 11:24:00,206.72,206.72,206.72,206.72,147.0,BURL
2024-04-04 11:23:00,206.785,206.79,206.66,206.72,1461.0,BURL
2024-04-04 11:22:00,206.995,207.08,206.73,206.73,4234.0,BURL
2024-04-04 11:21:00,207.165,207.165,206.995,206.995,2617.0,BURL
2024-04-04 11:20:00,207.05,207.25,207.03,207.165,2894.0,BURL
2024-04-04 11:19:00,207.17,207.17,207.17,207.17,221.0,BURL
2024-04-04 11:18:00,207.2,207.26,207.17,207.17,1860.0,BURL
2024-04-04 11:17:00,207.55,207.55,207.12,207.13,4684.0,BURL
2024-04-04 11:16:00,207.5,207.5,207.38,207.48,1511.0,BURL
2024-04-04 11:15:00,207.425,207.48,207.315,207.48,2188.0,BURL
2024-04-04 11:14:00,207.305,207.305,207.305,207.305,692.0,BURL
2024-04-04 11:13:00,207.33,207.45,207.21,207.3,3326.0,BURL
2024-04-04 11:12:00,207.26,207.35,207.1,207.235,5179.0,BURL
2024-04-04 11:11:00,207.3,207.3,207.17,207.195,1125.0,BURL
2024-04-04 11:10:00,207.17,207.32,207.17,207.27,2028.0,BURL
2024-04-04 11:09:00,207.32,207.43,207.17,207.17,2736.0,BURL
2024-04-04 11:08:00,207.495,207.495,206.998,207.14,1940.0,BURL
2024-04-04 11:07:00,207.78,207.78,207.34,207.34,4860.0,BURL
2024-04-04 11:06:00,207.8,207.94,207.76,207.88,3364.0,BURL
2024-04-04 11:05:00,207.84,207.855,207.83,207.855,2948.0,BURL
2024-04-04 11:04:00,207.93,207.99,207.83,207.915,6434.0,BURL
2024-04-04 11:03:00,207.78,207.78,207.78,207.78,392.0,BURL
2024-04-04 11:02:00,207.835,207.835,207.64,207.64,3308.0,BURL
2024-04-04 11:01:00,207.835,207.835,207.835,207.835,670.0,BURL
2024-04-04 11:00:00,207.72,207.9,207.72,207.84,1752.0,BURL
2024-04-04 10:59:00,207.71,207.71,207.58,207.615,1361.0,BURL
2024-04-04 10:58:00,207.84,207.84,207.56,207.705,1400.0,BURL
2024-04-04 10:57:00,207.99,208.0,207.81,207.84,4556.0,BURL
2024-04-04 10:56:00,208.105,208.105,208.105,208.105,276.0,BURL
2024-04-04 10:55:00,208.14,208.28,208.08,208.08,2066.0,BURL
2024-04-04 10:54:00,208.39,208.5,208.16,208.24,3997.0,BURL
2024-04-04 10:53:00,207.77,208.37,207.77,208.37,4411.0,BURL
2024-04-04 10:52:00,207.775,207.795,207.7,207.79,1653.0,BURL
2024-04-04 10:51:00,207.805,207.805,207.61,207.634,3819.0,BURL
2024-04-04 10:50:00,207.78,207.78,207.78,207.78,358.0,BURL
2024-04-04 10:49:00,207.995,208.07,207.73,207.77,6237.0,BURL
2024-04-04 10:48:00,208.16,208.16,208.06,208.06,2893.0,BURL
2024-04-04 10:47:00,208.025,208.38,207.98,208.34,5138.0,BURL
2024-04-04 10:46:00,207.92,208.075,207.91,208.04,5420.0,BURL
2024-04-04 10:45:00,207.765,207.91,207.63,207.89,7530.0,BURL
2024-04-04 10:44:00,207.825,207.85,207.66,207.77,3553.0,BURL
2024-04-04 10:43:00,207.55,207.79,207.54,207.7,6192.0,BURL
2024-04-04 10:42:00,207.51,207.67,207.51,207.61,4956.0,BURL
2024-04-04 10:41:00,207.1,207.64,207.04,207.35,10828.0,BURL
2024-04-04 10:40:00,206.9,207.19,206.71,207.16,5835.0,BURL
2024-04-04 10:39:00,207.17,207.42,207.16,207.16,7263.0,BURL
2024-04-04 10:38:00,207.41,207.41,206.56,206.84,16835.0,BURL
2024-04-04 10:37:00,207.58,207.67,207.4,207.4,9011.0,BURL
2024-04-04 10:36:00,207.57,207.67,207.34,207.34,3503.0,BURL
2024-04-04 10:35:00,207.825,207.97,207.585,207.65,5506.0,BURL
2024-04-04 10:34:00,207.842,207.88,207.645,207.88,4558.0,BURL
2024-04-04 10:33:00,207.56,207.98,207.56,207.92,8957.0,BURL
2024-04-04 10:32:00,207.825,208.1,207.465,207.56,34447.0,BURL
2024-04-04 10:31:00,207.63,207.76,207.24,207.7,83342.0,BURL
2024-04-04 10:30:00,208.11,208.11,207.61,207.66,11032.0,BURL
2024-04-04 10:29:00,208.31,208.32,208.1,208.1,2921.0,BURL
2024-04-04 10:28:00,208.195,208.43,208.065,208.39,7193.0,BURL
2024-04-04 10:27:00,207.93,208.18,207.93,208.18,1035.0,BURL
2024-04-04 10:26:00,207.93,208.14,207.92,207.93,2885.0,BURL
2024-04-04 10:25:00,208.33,208.33,208.14,208.205,2471.0,BURL
2024-04-04 10:24:00,208.6,208.6,208.38,208.5,2945.0,BURL
2024-04-04 10:23:00,208.785,208.79,208.375,208.725,10805.0,BURL
2024-04-04 10:22:00,208.88,208.98,208.695,208.84,10310.0,BURL
2024-04-04 10:21:00,209.0,209.0,208.9,208.91,1241.0,BURL
2024-04-04 10:20:00,209.19,209.19,209.18,209.18,1447.0,BURL
2024-04-04 10:19:00,209.21,209.24,209.16,209.19,1545.0,BURL
2024-04-04 10:18:00,209.49,209.62,209.16,209.16,7532.0,BURL
2024-04-04 10:17:00,209.51,209.51,209.41,209.445,1348.0,BURL
2024-04-04 10:16:00,209.53,209.735,209.34,209.52,1747.0,BURL
2024-04-04 10:15:00,210.17,210.17,209.56,209.6,9784.0,BURL
2024-04-04 10:14:00,210.075,210.27,210.075,210.15,6432.0,BURL
2024-04-04 10:13:00,210.07,210.07,210.07,210.07,305.0,BURL
2024-04-04 10:12:00,209.695,210.32,209.49,210.21,8984.0,BURL
2024-04-04 10:11:00,209.47,209.63,209.47,209.6,4628.0,BURL
2024-04-04 10:10:00,209.41,209.41,209.29,209.33,1700.0,BURL
2024-04-04 10:09:00,209.5,209.54,209.42,209.42,1913.0,BURL
2024-04-04 10:08:00,209.07,209.37,209.07,209.37,5970.0,BURL
2024-04-04 10:07:00,209.23,209.23,208.88,208.88,4272.0,BURL
2024-04-04 10:06:00,209.36,209.36,209.355,209.355,670.0,BURL
2024-04-04 10:05:00,209.57,209.57,209.225,209.33,4705.0,BURL
2024-04-04 10:04:00,209.51,209.51,209.34,209.47,2815.0,BURL
2024-04-04 10:03:00,209.41,209.73,209.41,209.72,2908.0,BURL
2024-04-04 10:02:00,209.57,209.57,209.57,209.57,291.0,BURL
2024-04-04 10:01:00,209.165,209.67,209.165,209.53,5220.0,BURL
2024-04-04 10:00:00,209.055,209.35,208.895,208.95,6049.0,BURL
2024-04-04 09:59:00,209.175,209.175,208.75,209.03,6334.0,BURL
2024-04-04 09:58:00,209.18,209.27,209.12,209.245,3022.0,BURL
2024-04-04 09:57:00,209.46,209.46,209.3,209.3,582.0,BURL
2024-04-04 09:56:00,209.645,209.645,209.32,209.645,907.0,BURL
2024-04-04 09:55:00,209.74,209.745,209.635,209.635,415.0,BURL
2024-04-04 09:54:00,210.03,210.085,209.98,210.0,2859.0,BURL
2024-04-04 09:53:00,209.62,210.135,209.49,209.8,8999.0,BURL
2024-04-04 09:52:00,210.14,210.14,209.81,209.96,1595.0,BURL
2024-04-04 09:50:00,210.15,210.16,210.145,210.15,693.0,BURL
2024-04-04 09:49:00,210.22,210.47,210.22,210.37,1631.0,BURL
2024-04-04 09:48:00,209.55,210.29,209.55,210.17,8452.0,BURL
2024-04-04 09:47:00,210.0,210.0,209.41,209.41,4529.0,BURL
2024-04-04 09:46:00,210.5,210.52,209.29,209.29,8327.0,BURL
2024-04-04 09:45:00,210.33,210.42,210.03,210.385,3679.0,BURL
2024-04-04 09:44:00,210.54,210.54,210.33,210.33,720.0,BURL
2024-04-04 09:43:00,210.795,210.795,210.385,210.43,2514.0,BURL
2024-04-04 09:42:00,210.372,210.95,210.372,210.795,6136.0,BURL
2024-04-04 09:41:00,210.86,211.01,210.025,210.64,22194.0,BURL
2024-04-04 09:40:00,211.06,211.095,210.8,211.095,786.0,BURL
2024-04-04 09:39:00,212.02,212.13,211.24,211.445,3744.0,BURL
2024-04-04 09:38:00,212.51,212.51,212.375,212.375,474.0,BURL
2024-04-04 09:37:00,212.9,212.9,212.285,212.285,1782.0,BURL
2024-04-04 09:36:00,212.9,212.9,212.9,212.9,561.0,BURL
2024-04-04 09:35:00,213.425,213.425,213.425,213.425,858.0,BURL
2024-04-04 09:34:00,213.33,213.48,212.925,213.48,3498.0,BURL
2024-04-04 09:33:00,213.045,214.25,213.04,214.01,8170.0,BURL
2024-04-04 09:32:00,213.76,213.76,213.71,213.71,1934.0,BURL
2024-04-04 09:30:00,213.98,213.98,213.98,213.98,4392.0,BURL
2024-04-04 08:33:00,213.32,213.32,213.32,213.32,7.0,BURL
2024-04-04 08:13:00,211.95,211.95,211.95,211.95,1.0,BURL
2024-04-04 08:01:00,211.95,211.95,211.95,211.95,1.0,BURL
2024-04-03 19:44:00,213.32,213.32,213.32,213.32,2.0,BURL
2024-04-03 19:00:00,211.95,211.95,211.95,211.95,120161.0,BURL
2024-04-03 18:30:00,211.95,211.95,211.95,211.95,120161.0,BURL
2024-04-03 16:51:00,211.95,211.95,211.95,211.95,4823.0,BURL
2024-04-03 16:20:00,211.95,211.95,211.95,211.95,67.0,BURL
2024-04-03 16:15:00,212.1,212.1,211.95,211.95,18048.0,BURL
2024-04-03 16:10:00,211.95,211.95,211.95,211.95,120770.0,BURL
2024-04-03 16:01:00,211.95,211.95,211.95,211.95,83.0,BURL
2024-04-03 16:00:00,212.1,212.11,211.95,211.95,256502.0,BURL
2024-04-03 15:59:00,211.91,212.11,211.72,212.1,37284.0,BURL
2024-04-03 15:58:00,211.87,211.985,211.73,211.91,22171.0,BURL
2024-04-03 15:57:00,211.89,212.02,211.88,211.96,21998.0,BURL
2024-04-03 15:56:00,211.93,211.98,211.53,211.89,24986.0,BURL
2024-04-03 15:55:00,212.16,212.16,211.77,211.9,24743.0,BURL
2024-04-03 15:54:00,211.935,212.12,211.85,212.1,17832.0,BURL
2024-04-03 15:53:00,212.26,212.31,212.005,212.005,18795.0,BURL
2024-04-03 15:52:00,212.185,212.33,212.185,212.255,6256.0,BURL
2024-04-03 15:51:00,212.485,212.485,211.96,212.24,15134.0,BURL
2024-04-03 15:50:00,212.47,212.552,212.26,212.553,7052.0,BURL
2024-04-03 15:49:00,212.225,212.595,212.225,212.55,12943.0,BURL
2024-04-03 15:48:00,212.64,212.65,212.28,212.28,9564.0,BURL
2024-04-03 15:47:00,212.97,212.97,212.57,212.71,4603.0,BURL
2024-04-03 15:46:00,213.17,213.17,212.97,212.97,4349.0,BURL
2024-04-03 15:45:00,213.1,213.14,212.75,213.09,10777.0,BURL
2024-04-03 15:44:00,213.355,213.355,213.08,213.1,4266.0,BURL
2024-04-03 15:43:00,213.23,213.53,213.22,213.345,4836.0,BURL
2024-04-03 15:42:00,213.245,213.25,213.23,213.23,3525.0,BURL
2024-04-03 15:41:00,213.125,213.3,212.97,213.26,13545.0,BURL
2024-04-03 15:40:00,213.17,213.17,213.05,213.13,2831.0,BURL
2024-04-03 15:39:00,213.21,213.28,213.09,213.18,3673.0,BURL
2024-04-03 15:38:00,213.08,213.27,212.995,213.21,4329.0,BURL
2024-04-03 15:37:00,212.808,213.01,212.79,213.0,4293.0,BURL
2024-04-03 15:36:00,213.09,213.11,212.82,212.83,4875.0,BURL
2024-04-03 15:35:00,213.085,213.16,212.99,213.035,9240.0,BURL
2024-04-03 15:34:00,213.1,213.11,213.08,213.08,1115.0,BURL
2024-04-03 15:33:00,213.085,213.175,213.085,213.13,1042.0,BURL
2024-04-03 15:32:00,213.38,213.38,213.1,213.2,4341.0,BURL
2024-04-03 15:31:00,212.835,213.26,212.835,213.26,5320.0,BURL
2024-04-03 15:30:00,212.63,212.87,212.6,212.87,7355.0,BURL
2024-04-03 15:29:00,212.69,212.77,212.63,212.755,3440.0,BURL
2024-04-03 15:28:00,212.95,213.09,212.69,212.69,6953.0,BURL
2024-04-03 15:27:00,212.92,213.02,212.84,212.95,3303.0,BURL
2024-04-03 15:26:00,212.99,212.99,212.89,212.92,1766.0,BURL
2024-04-03 15:25:00,213.1,213.1,212.835,213.055,4616.0,BURL
2024-04-03 15:24:00,213.26,213.26,212.89,213.045,8526.0,BURL
2024-04-03 15:23:00,213.37,213.4,213.29,213.29,2856.0,BURL
2024-04-03 15:22:00,213.65,213.66,213.38,213.38,6238.0,BURL
2024-04-03 15:21:00,213.435,213.62,213.435,213.62,7127.0,BURL
2024-04-03 15:20:00,213.455,213.5,213.375,213.445,5783.0,BURL
2024-04-03 15:19:00,213.375,213.48,213.375,213.45,2335.0,BURL
2024-04-03 15:18:00,213.345,213.42,213.31,213.42,1472.0,BURL
2024-04-03 15:17:00,213.35,213.35,213.27,213.32,1893.0,BURL
2024-04-03 15:16:00,213.375,213.485,213.31,213.36,3314.0,BURL
2024-04-03 15:15:00,213.245,213.56,213.245,213.515,9880.0,BURL
2024-04-03 15:14:00,213.54,213.54,213.12,213.12,2547.0,BURL
2024-04-03 15:13:00,213.55,213.595,213.51,213.51,1065.0,BURL
2024-04-03 15:12:00,213.62,213.705,213.54,213.69,1787.0,BURL
2024-04-03 15:11:00,213.83,213.83,213.66,213.72,2596.0,BURL
2024-04-03 15:10:00,213.885,214.0,213.885,213.94,4972.0,BURL
2024-04-03 15:09:00,213.92,213.92,213.82,213.83,1853.0,BURL
2024-04-03 15:08:00,213.93,213.93,213.85,213.87,4307.0,BURL
2024-04-03 15:07:00,214.0,214.03,213.92,213.92,432.0,BURL
2024-04-03 15:06:00,214.04,214.12,213.99,214.025,2644.0,BURL
2024-04-03 15:05:00,213.98,213.985,213.85,213.985,605.0,BURL
2024-04-03 15:04:00,213.95,213.96,213.87,213.96,978.0,BURL
2024-04-03 15:03:00,214.025,214.025,214.025,214.025,593.0,BURL
2024-04-03 15:02:00,213.81,214.025,213.81,214.025,392.0,BURL
2024-04-03 15:01:00,213.835,213.835,213.835,213.835,347.0,BURL
2024-04-03 15:00:00,213.98,214.128,213.82,213.99,1964.0,BURL
2024-04-03 14:59:00,213.77,214.17,213.69,213.935,7369.0,BURL
2024-04-03 14:58:00,213.66,213.7,213.47,213.66,7314.0,BURL
2024-04-03 14:57:00,213.785,213.785,213.68,213.68,1338.0,BURL
2024-04-03 14:56:00,213.82,213.91,213.68,213.68,3043.0,BURL
2024-04-03 14:55:00,214.05,214.05,213.81,213.82,1486.0,BURL
2024-04-03 14:54:00,213.945,213.945,213.94,213.94,1572.0,BURL
2024-04-03 14:53:00,214.2,214.23,214.05,214.05,4679.0,BURL
2024-04-03 14:52:00,214.43,214.43,214.21,214.21,2246.0,BURL
2024-04-03 14:51:00,213.95,214.35,213.95,214.27,13971.0,BURL
2024-04-03 14:50:00,213.9,214.15,213.835,214.095,5907.0,BURL
2024-04-03 14:49:00,214.09,214.21,213.835,213.835,13737.0,BURL
2024-04-03 14:48:00,214.16,214.16,213.81,213.82,3815.0,BURL
2024-04-03 14:47:00,214.15,214.15,214.06,214.06,706.0,BURL
2024-04-03 14:46:00,214.33,214.36,214.02,214.02,4282.0,BURL
2024-04-03 14:45:00,214.5,214.52,214.315,214.37,3908.0,BURL
2024-04-03 14:44:00,214.52,214.595,214.52,214.595,283.0,BURL
2024-04-03 14:43:00,214.52,214.52,214.51,214.51,863.0,BURL
2024-04-03 14:42:00,214.81,214.81,214.57,214.62,4651.0,BURL
2024-04-03 14:41:00,214.805,214.805,214.75,214.75,283.0,BURL
2024-04-03 14:40:00,214.7,214.795,214.675,214.675,557.0,BURL
2024-04-03 14:39:00,214.957,214.957,214.68,214.68,2414.0,BURL
2024-04-03 14:38:00,214.945,214.95,214.945,214.95,832.0,BURL
2024-04-03 14:37:00,214.83,215.02,214.72,214.935,3193.0,BURL
2024-04-03 14:36:00,214.945,214.945,214.71,214.74,2913.0,BURL
2024-04-03 14:35:00,214.71,215.04,214.71,215.035,2700.0,BURL
2024-04-03 14:33:00,214.395,214.76,214.395,214.76,5085.0,BURL
2024-04-03 14:31:00,214.255,214.39,214.155,214.23,7080.0,BURL
2024-04-03 14:30:00,214.28,214.435,214.13,214.34,2393.0,BURL
2024-04-03 14:29:00,214.44,214.44,214.29,214.29,259.0,BURL
2024-04-03 14:28:00,214.58,214.61,214.28,214.45,6175.0,BURL
2024-04-03 14:27:00,214.49,214.49,214.49,214.49,338.0,BURL
2024-04-03 14:26:00,214.48,214.71,214.48,214.71,1240.0,BURL
2024-04-03 14:25:00,214.43,214.69,214.43,214.46,1035.0,BURL
2024-04-03 14:24:00,214.71,214.795,214.61,214.61,816.0,BURL
2024-04-03 14:23:00,214.95,215.085,214.855,214.855,2684.0,BURL
2024-04-03 14:22:00,215.225,215.268,215.05,215.15,1678.0,BURL
2024-04-03 14:21:00,215.49,215.49,215.34,215.34,1898.0,BURL
2024-04-03 14:20:00,215.595,215.7,215.41,215.585,7358.0,BURL
2024-04-03 14:19:00,215.59,215.59,215.48,215.59,3028.0,BURL
2024-04-03 14:18:00,215.53,215.61,215.53,215.61,1514.0,BURL
2024-04-03 14:17:00,215.515,215.6,215.42,215.515,1643.0,BURL
2024-04-03 14:16:00,215.49,215.515,215.49,215.515,1102.0,BURL
2024-04-03 14:15:00,215.08,215.68,214.82,215.61,14004.0,BURL
2024-04-03 14:14:00,215.195,215.195,215.06,215.08,775.0,BURL
2024-04-03 14:13:00,215.08,215.2,215.07,215.07,445.0,BURL
2024-04-03 14:12:00,215.325,215.325,214.96,214.96,3071.0,BURL
2024-04-03 14:11:00,215.36,215.52,215.26,215.26,5016.0,BURL
2024-04-03 14:10:00,215.765,215.78,215.48,215.48,2387.0,BURL
2024-04-03 14:09:00,215.78,215.95,215.71,215.81,3634.0,BURL
2024-04-03 14:08:00,215.8,215.87,215.8,215.87,1550.0,BURL
2024-04-03 14:07:00,215.88,215.88,215.78,215.79,2488.0,BURL
2024-04-03 14:06:00,215.825,215.89,215.825,215.89,1656.0,BURL
2024-04-03 14:05:00,215.83,215.89,215.78,215.82,2108.0,BURL
2024-04-03 14:04:00,216.02,216.02,215.745,215.81,4626.0,BURL
2024-04-03 14:03:00,216.01,216.01,215.88,215.945,1229.0,BURL
2024-04-03 14:02:00,215.935,216.01,215.91,215.91,1695.0,BURL
2024-04-03 14:01:00,215.99,216.02,215.935,215.935,4691.0,BURL
2024-04-03 14:00:00,215.91,215.93,215.87,215.875,3465.0,BURL
2024-04-03 13:59:00,215.905,215.98,215.875,215.963,6546.0,BURL
2024-04-03 13:58:00,215.95,216.085,215.89,215.905,2051.0,BURL
2024-04-03 13:57:00,216.03,216.105,215.98,215.98,1051.0,BURL
2024-04-03 13:56:00,216.29,216.29,216.08,216.08,10408.0,BURL
2024-04-03 13:55:00,216.12,216.18,216.12,216.165,1278.0,BURL
2024-04-03 13:54:00,216.365,216.365,216.12,216.285,2780.0,BURL
2024-04-03 13:53:00,216.46,216.46,216.46,216.46,262.0,BURL
2024-04-03 13:52:00,216.345,216.35,216.345,216.35,443.0,BURL
2024-04-03 13:51:00,216.34,216.34,216.27,216.27,1285.0,BURL
2024-04-03 13:50:00,216.35,216.365,216.24,216.25,5241.0,BURL
2024-04-03 13:49:00,216.35,216.35,216.35,216.35,314.0,BURL
2024-04-03 13:48:00,216.345,216.345,216.21,216.23,623.0,BURL
2024-04-03 13:47:00,216.28,216.305,216.28,216.305,821.0,BURL
2024-04-03 13:45:00,216.475,216.475,216.475,216.475,305.0,BURL
2024-04-03 13:44:00,216.475,216.475,216.475,216.475,486.0,BURL
2024-04-03 13:43:00,216.575,216.575,216.42,216.42,955.0,BURL
2024-04-03 13:42:00,216.58,216.58,216.575,216.575,306.0,BURL
2024-04-03 13:41:00,216.635,216.72,216.55,216.56,2376.0,BURL
2024-04-03 13:40:00,216.5,216.64,216.5,216.64,1413.0,BURL
2024-04-03 13:39:00,215.875,216.425,215.875,216.425,9321.0,BURL
2024-04-03 13:38:00,215.855,215.87,215.845,215.87,1078.0,BURL
2024-04-03 13:37:00,216.025,216.025,215.91,215.94,1869.0,BURL
2024-04-03 13:36:00,216.17,216.25,215.96,216.025,4837.0,BURL
2024-04-03 13:35:00,216.18,216.21,216.16,216.17,1780.0,BURL
2024-04-03 13:34:00,215.92,216.17,215.92,216.17,6024.0,BURL
2024-04-03 13:33:00,215.92,215.92,215.92,215.92,226.0,BURL
2024-04-03 13:32:00,215.94,215.94,215.86,215.92,3157.0,BURL
2024-04-03 13:31:00,215.91,215.91,215.91,215.91,126.0,BURL
2024-04-03 13:30:00,215.985,215.985,215.91,215.91,436.0,BURL
2024-04-03 13:29:00,215.985,215.985,215.88,215.9,996.0,BURL
2024-04-03 13:27:00,216.06,216.06,215.9,215.9,1247.0,BURL
2024-04-03 13:26:00,216.02,216.17,216.02,216.14,1144.0,BURL
2024-04-03 13:25:00,216.18,216.2,216.07,216.08,3081.0,BURL
2024-04-03 13:24:00,216.08,216.115,216.03,216.03,2068.0,BURL
2024-04-03 13:23:00,216.11,216.11,216.11,216.11,611.0,BURL
2024-04-03 13:22:00,216.19,216.27,216.14,216.14,1259.0,BURL
2024-04-03 13:21:00,216.3,216.3,216.245,216.245,649.0,BURL
2024-04-03 13:20:00,216.395,216.49,216.27,216.27,2112.0,BURL
2024-04-03 13:19:00,216.27,216.38,216.22,216.22,1354.0,BURL
2024-04-03 13:18:00,216.3,216.39,216.3,216.39,682.0,BURL
2024-04-03 13:16:00,216.56,216.56,216.56,216.56,565.0,BURL
2024-04-03 13:15:00,216.69,216.69,216.69,216.69,606.0,BURL
2024-04-03 13:14:00,216.83,216.83,216.83,216.83,330.0,BURL
2024-04-03 13:13:00,216.72,216.81,216.72,216.72,2152.0,BURL
2024-04-03 13:12:00,216.72,216.75,216.72,216.74,372.0,BURL
2024-04-03 13:11:00,216.7,216.8,216.7,216.74,480.0,BURL
2024-04-03 13:10:00,216.75,216.8,216.71,216.8,523.0,BURL
2024-04-03 13:09:00,217.135,217.135,216.9,216.9,5351.0,BURL
2024-04-03 13:07:00,217.16,217.2,217.03,217.125,2958.0,BURL
2024-04-03 13:06:00,216.79,217.07,216.75,217.07,4258.0,BURL
2024-04-03 13:05:00,216.8,216.815,216.8,216.8,720.0,BURL
2024-04-03 13:04:00,216.9,216.96,216.825,216.94,1687.0,BURL
2024-04-03 13:03:00,217.0,217.0,216.8,216.925,2346.0,BURL
2024-04-03 13:02:00,217.0,217.065,216.94,216.975,3326.0,BURL
2024-04-03 13:01:00,217.16,217.2,217.085,217.085,4653.0,BURL
2024-04-03 13:00:00,217.07,217.07,217.07,217.07,343.0,BURL
2024-04-03 12:59:00,217.05,217.13,217.01,217.13,1397.0,BURL
2024-04-03 12:58:00,217.13,217.13,217.13,217.13,199.0,BURL
2024-04-03 12:57:00,217.11,217.11,217.04,217.04,237.0,BURL
2024-04-03 12:56:00,217.14,217.15,217.11,217.15,1105.0,BURL
2024-04-03 12:55:00,217.14,217.14,217.14,217.14,452.0,BURL
2024-04-03 12:54:00,216.99,217.14,216.99,217.14,2147.0,BURL
2024-04-03 12:53:00,217.1,217.125,216.99,216.99,467.0,BURL
2024-04-03 12:52:00,217.06,217.145,217.06,217.12,796.0,BURL
2024-04-03 12:51:00,217.11,217.27,217.08,217.11,4259.0,BURL
2024-04-03 12:50:00,217.23,217.23,217.23,217.23,227.0,BURL
2024-04-03 12:49:00,217.13,217.3,217.1,217.3,1701.0,BURL
2024-04-03 12:47:00,217.36,217.36,217.16,217.16,788.0,BURL
2024-04-03 12:46:00,217.32,217.32,217.32,217.32,264.0,BURL
2024-04-03 12:45:00,217.41,217.41,217.41,217.41,457.0,BURL
2024-04-03 12:44:00,217.46,217.46,217.46,217.46,246.0,BURL
2024-04-03 12:43:00,217.56,217.58,217.56,217.58,320.0,BURL
2024-04-03 12:42:00,217.33,217.535,217.33,217.505,1970.0,BURL
2024-04-03 12:41:00,217.35,217.42,217.34,217.34,785.0,BURL
2024-04-03 12:40:00,217.305,217.44,217.305,217.43,1188.0,BURL
2024-04-03 12:39:00,217.21,217.21,217.2,217.2,513.0,BURL
2024-04-03 12:38:00,217.21,217.21,217.045,217.055,572.0,BURL
2024-04-03 12:37:00,217.44,217.555,217.29,217.32,4256.0,BURL
2024-04-03 12:36:00,217.29,217.47,217.285,217.405,1884.0,BURL
2024-04-03 12:35:00,217.085,217.23,217.015,217.23,2639.0,BURL
2024-04-03 12:34:00,217.31,217.31,217.06,217.06,2239.0,BURL
2024-04-03 12:33:00,217.44,217.44,217.36,217.36,875.0,BURL
2024-04-03 12:32:00,217.42,217.44,217.38,217.435,1935.0,BURL
2024-04-03 12:31:00,217.505,217.62,217.42,217.42,2017.0,BURL
2024-04-03 12:30:00,217.51,217.51,217.375,217.375,1404.0,BURL
2024-04-03 12:29:00,217.425,217.52,217.425,217.52,1339.0,BURL
2024-04-03 12:28:00,217.425,217.425,217.38,217.38,607.0,BURL
2024-04-03 12:27:00,217.37,217.52,217.37,217.5,2463.0,BURL
2024-04-03 12:25:00,217.36,217.445,217.36,217.445,342.0,BURL
2024-04-03 12:24:00,217.48,217.55,217.48,217.525,930.0,BURL
2024-04-03 12:23:00,217.47,217.49,217.47,217.49,1105.0,BURL
2024-04-03 12:22:00,217.27,217.46,217.27,217.36,809.0,BURL
2024-04-03 12:20:00,217.325,217.43,217.32,217.355,1755.0,BURL
2024-04-03 12:19:00,216.94,217.315,216.93,217.27,2986.0,BURL
2024-04-03 12:18:00,217.03,217.12,216.97,216.97,4074.0,BURL
2024-04-03 12:17:00,216.96,217.03,216.91,216.91,1707.0,BURL
2024-04-03 12:16:00,216.82,216.97,216.735,216.87,2867.0,BURL
2024-04-03 12:15:00,216.91,216.92,216.77,216.77,659.0,BURL
2024-04-03 12:13:00,216.945,216.99,216.775,216.775,1665.0,BURL
2024-04-03 12:12:00,217.07,217.165,216.91,216.91,1373.0,BURL
2024-04-03 12:11:00,217.14,217.325,217.05,217.05,1407.0,BURL
2024-04-03 12:10:00,217.475,217.475,217.18,217.18,1192.0,BURL
2024-04-03 12:09:00,217.48,217.505,217.48,217.505,671.0,BURL
2024-04-03 12:08:00,217.61,217.645,217.39,217.39,2428.0,BURL
2024-04-03 12:07:00,217.68,217.68,217.675,217.68,1339.0,BURL
2024-04-03 12:06:00,217.64,217.64,217.64,217.64,119.0,BURL
2024-04-03 12:05:00,217.605,217.84,217.605,217.765,1620.0,BURL
2024-04-03 12:04:00,217.7,217.73,217.7,217.73,1309.0,BURL
2024-04-03 12:03:00,217.85,217.855,217.71,217.845,4929.0,BURL
2024-04-03 12:02:00,218.055,218.055,217.83,217.83,362.0,BURL
2024-04-03 12:01:00,218.05,218.05,218.05,218.05,202.0,BURL
2024-04-03 12:00:00,218.285,218.3,218.02,218.3,6090.0,BURL
2024-04-03 11:59:00,218.745,218.79,218.21,218.21,2539.0,BURL
2024-04-03 11:58:00,218.74,218.74,218.74,218.74,387.0,BURL
2024-04-03 11:57:00,218.66,218.725,218.6,218.725,667.0,BURL
2024-04-03 11:56:00,218.62,218.62,218.62,218.62,184.0,BURL
2024-04-03 11:55:00,218.65,218.755,218.63,218.66,1237.0,BURL
2024-04-03 11:54:00,218.69,218.77,218.69,218.77,831.0,BURL
2024-04-03 11:53:00,218.81,218.81,218.81,218.81,230.0,BURL
2024-04-03 11:52:00,218.86,218.86,218.86,218.86,400.0,BURL
2024-04-03 11:51:00,219.04,219.1,218.82,218.82,2279.0,BURL
2024-04-03 11:50:00,219.12,219.19,219.12,219.12,1684.0,BURL
2024-04-03 11:49:00,219.215,219.215,219.12,219.12,1201.0,BURL
2024-04-03 11:48:00,219.23,219.23,219.12,219.12,1073.0,BURL
2024-04-03 11:47:00,219.185,219.26,219.15,219.15,1092.0,BURL
2024-04-03 11:46:00,219.076,219.076,219.04,219.04,1233.0,BURL
2024-04-03 11:45:00,219.09,219.2,219.09,219.18,880.0,BURL
2024-04-03 11:44:00,219.23,219.265,219.14,219.19,3533.0,BURL
2024-04-03 11:43:00,219.31,219.31,219.23,219.23,375.0,BURL
2024-04-03 11:42:00,219.255,219.34,219.21,219.34,3465.0,BURL
2024-04-03 11:40:00,219.21,219.245,219.21,219.245,506.0,BURL
2024-04-03 11:39:00,219.33,219.33,219.235,219.235,592.0,BURL
2024-04-03 11:38:00,219.19,219.312,219.19,219.235,594.0,BURL
2024-04-03 11:37:00,219.2,219.2,219.2,219.2,120.0,BURL
2024-04-03 11:36:00,219.13,219.2,219.13,219.2,1275.0,BURL
2024-04-03 11:35:00,219.31,219.31,219.2,219.2,1139.0,BURL
2024-04-03 11:34:00,219.2,219.28,219.2,219.28,229.0,BURL
2024-04-03 11:33:00,219.29,219.29,219.29,219.29,187.0,BURL
2024-04-03 11:32:00,219.19,219.35,219.19,219.275,2178.0,BURL
2024-04-03 11:31:00,219.06,219.07,219.02,219.04,1595.0,BURL
2024-04-03 11:30:00,219.05,219.05,219.05,219.05,276.0,BURL
2024-04-03 11:29:00,219.145,219.145,218.99,218.99,307.0,BURL
2024-04-03 11:28:00,219.115,219.12,218.94,218.94,311.0,BURL
2024-04-03 11:27:00,218.92,218.92,218.92,218.92,198.0,BURL
2024-04-03 11:26:00,219.2,219.285,219.15,219.17,923.0,BURL
2024-04-03 11:25:00,219.38,219.48,219.27,219.27,1461.0,BURL
2024-04-03 11:24:00,219.3,219.3,219.3,219.3,128.0,BURL
2024-04-03 11:23:00,219.35,219.37,219.34,219.37,1146.0,BURL
2024-04-03 11:22:00,219.32,219.46,219.32,219.38,1476.0,BURL
2024-04-03 11:21:00,218.95,219.4,218.95,219.31,4722.0,BURL
2024-04-03 11:20:00,218.97,218.98,218.97,218.98,623.0,BURL
2024-04-03 11:18:00,218.93,219.15,218.93,219.04,1241.0,BURL
2024-04-03 11:17:00,219.165,219.165,219.04,219.04,778.0,BURL
2024-04-03 11:16:00,219.21,219.21,219.14,219.14,2029.0,BURL
2024-04-03 11:15:00,219.3,219.3,219.3,219.3,590.0,BURL
2024-04-03 11:14:00,219.305,219.305,219.19,219.19,251.0,BURL
2024-04-03 11:13:00,219.37,219.37,219.33,219.34,536.0,BURL
2024-04-03 11:12:00,219.385,219.46,219.32,219.46,905.0,BURL
2024-04-03 11:11:00,219.5,219.5,219.27,219.27,2037.0,BURL
2024-04-03 11:10:00,219.4,219.52,219.4,219.52,2160.0,BURL
2024-04-03 11:09:00,219.3,219.38,219.3,219.34,710.0,BURL
2024-04-03 11:08:00,219.19,219.19,219.19,219.19,271.0,BURL
2024-04-03 11:07:00,219.3,219.3,219.27,219.27,641.0,BURL
2024-04-03 11:06:00,219.14,219.32,219.04,219.265,5931.0,BURL
2024-04-03 11:05:00,219.14,219.14,219.14,219.14,631.0,BURL
2024-04-03 11:04:00,219.41,219.41,219.215,219.215,2727.0,BURL
2024-04-03 11:03:00,219.43,219.43,219.335,219.335,1176.0,BURL
2024-04-03 11:02:00,219.42,219.517,219.42,219.518,822.0,BURL
2024-04-03 11:01:00,219.53,219.53,219.45,219.45,825.0,BURL
2024-04-03 11:00:00,219.5,219.64,219.5,219.53,5290.0,BURL
2024-04-03 10:59:00,219.57,219.61,219.57,219.61,410.0,BURL
2024-04-03 10:58:00,219.46,219.59,219.46,219.57,2232.0,BURL
2024-04-03 10:57:00,219.455,219.455,219.455,219.455,404.0,BURL
2024-04-03 10:56:00,219.475,219.5,219.475,219.5,742.0,BURL
2024-04-03 10:55:00,219.49,219.5,219.49,219.5,494.0,BURL
2024-04-03 10:54:00,219.64,219.645,219.48,219.48,1395.0,BURL
2024-04-03 10:53:00,219.595,219.63,219.51,219.63,736.0,BURL
2024-04-03 10:52:00,219.835,219.835,219.62,219.73,2559.0,BURL
2024-04-03 10:51:00,219.825,219.825,219.73,219.73,248.0,BURL
2024-04-03 10:50:00,219.71,219.9,219.71,219.83,2120.0,BURL
2024-04-03 10:49:00,219.64,219.645,219.64,219.645,688.0,BURL
2024-04-03 10:48:00,219.56,219.62,219.56,219.58,737.0,BURL
2024-04-03 10:47:00,219.47,219.47,219.47,219.47,373.0,BURL
2024-04-03 10:46:00,219.25,219.465,219.13,219.32,6824.0,BURL
2024-04-03 10:45:00,219.07,219.15,218.98,219.11,2901.0,BURL
2024-04-03 10:44:00,218.86,218.86,218.86,218.86,323.0,BURL
2024-04-03 10:43:00,218.88,218.98,218.88,218.98,475.0,BURL
2024-04-03 10:42:00,218.8,218.8,218.76,218.76,418.0,BURL
2024-04-03 10:41:00,219.115,219.115,219.115,219.115,288.0,BURL
2024-04-03 10:40:00,219.02,219.11,219.02,219.11,256.0,BURL
2024-04-03 10:39:00,219.1,219.115,219.02,219.02,852.0,BURL
2024-04-03 10:38:00,219.49,219.49,219.19,219.22,3093.0,BURL
2024-04-03 10:37:00,219.27,219.29,219.27,219.29,293.0,BURL
2024-04-03 10:36:00,219.08,219.265,219.08,219.265,356.0,BURL
2024-04-03 10:35:00,218.97,219.22,218.925,219.22,2565.0,BURL
2024-04-03 10:34:00,218.78,218.875,218.78,218.84,1840.0,BURL
2024-04-03 10:33:00,218.77,218.87,218.77,218.87,510.0,BURL
2024-04-03 10:32:00,218.98,218.99,218.925,218.925,672.0,BURL
2024-04-03 10:31:00,218.59,218.98,218.59,218.93,3579.0,BURL
2024-04-03 10:30:00,218.62,218.73,218.61,218.725,2250.0,BURL
2024-04-03 10:29:00,218.7,218.72,218.58,218.62,2762.0,BURL
2024-04-03 10:28:00,218.49,218.79,218.29,218.605,3767.0,BURL
2024-04-03 10:27:00,218.42,218.74,218.18,218.44,4740.0,BURL
2024-04-03 10:26:00,218.81,218.81,218.43,218.74,5177.0,BURL
2024-04-03 10:25:00,218.915,218.915,218.81,218.81,1104.0,BURL
2024-04-03 10:24:00,219.21,219.21,218.81,218.81,1658.0,BURL
2024-04-03 10:23:00,218.662,219.21,218.662,219.03,7801.0,BURL
2024-04-03 10:22:00,219.05,219.155,218.5,218.5,3682.0,BURL
2024-04-03 10:21:00,219.29,219.29,219.065,219.07,870.0,BURL
2024-04-03 10:20:00,219.49,219.49,219.44,219.455,1316.0,BURL
2024-04-03 10:19:00,219.755,219.755,219.565,219.605,654.0,BURL
2024-04-03 10:18:00,219.705,219.715,219.59,219.59,647.0,BURL
2024-04-03 10:17:00,219.51,219.63,219.51,219.63,705.0,BURL
2024-04-03 10:16:00,219.735,219.735,219.735,219.735,211.0,BURL
2024-04-03 10:15:00,219.79,219.81,219.68,219.725,1280.0,BURL
2024-04-03 10:14:00,219.42,219.55,219.175,219.51,2962.0,BURL
2024-04-03 10:13:00,219.54,219.54,219.53,219.53,406.0,BURL
2024-04-03 10:12:00,219.7,219.7,219.5,219.5,420.0,BURL
2024-04-03 10:11:00,219.565,219.71,219.565,219.71,597.0,BURL
2024-04-03 10:10:00,219.56,219.76,219.56,219.76,1278.0,BURL
2024-04-03 10:09:00,219.61,219.61,219.61,219.61,391.0,BURL
2024-04-03 10:08:00,219.57,219.787,219.57,219.788,292.0,BURL
2024-04-03 10:07:00,219.74,219.82,219.54,219.795,1838.0,BURL
2024-04-03 10:06:00,219.87,219.87,219.84,219.84,1060.0,BURL
2024-04-03 10:05:00,220.43,220.43,220.07,220.095,2177.0,BURL
2024-04-03 10:04:00,220.58,220.58,220.43,220.43,633.0,BURL
2024-04-03 10:03:00,220.585,220.585,220.43,220.58,1705.0,BURL
2024-04-03 10:02:00,220.535,220.7,220.41,220.64,2829.0,BURL
2024-04-03 10:01:00,220.4,220.53,220.4,220.525,1244.0,BURL
2024-04-03 10:00:00,219.905,220.52,219.905,220.515,2520.0,BURL
2024-04-03 09:59:00,220.16,220.17,219.94,219.94,1380.0,BURL
2024-04-03 09:58:00,220.09,220.09,220.05,220.055,582.0,BURL
2024-04-03 09:57:00,219.82,220.09,219.82,220.08,1847.0,BURL
2024-04-03 09:56:00,219.57,219.78,219.38,219.78,387.0,BURL
2024-04-03 09:55:00,219.93,220.05,219.57,219.57,825.0,BURL
2024-04-03 09:53:00,219.51,219.51,219.5,219.5,297.0,BURL
2024-04-03 09:52:00,219.99,219.99,219.91,219.91,1025.0,BURL
2024-04-03 09:51:00,219.85,220.25,219.53,219.53,1163.0,BURL
2024-04-03 09:50:00,220.44,220.44,220.02,220.02,1468.0,BURL
2024-04-03 09:49:00,220.43,220.47,220.42,220.43,1402.0,BURL
2024-04-03 09:48:00,220.46,220.47,220.46,220.47,203.0,BURL
2024-04-03 09:47:00,220.66,220.66,220.66,220.66,110.0,BURL
2024-04-03 09:46:00,221.03,221.03,220.73,220.73,580.0,BURL
2024-04-03 09:45:00,220.8,220.8,220.8,220.8,208.0,BURL
2024-04-03 09:43:00,221.01,221.01,220.76,220.89,467.0,BURL
2024-04-03 09:42:00,221.01,221.035,221.0,221.035,801.0,BURL
2024-04-03 09:41:00,221.02,221.03,221.0,221.0,666.0,BURL
2024-04-03 09:40:00,221.05,221.1,221.05,221.1,609.0,BURL
2024-04-03 09:38:00,220.6,220.6,220.6,220.6,104.0,BURL
2024-04-03 09:36:00,220.96,220.96,220.54,220.54,311.0,BURL
2024-04-03 09:35:00,221.29,221.29,221.28,221.28,567.0,BURL
2024-04-03 09:34:00,220.66,220.66,220.66,220.66,306.0,BURL
2024-04-03 09:30:00,220.75,220.9,220.05,220.05,3137.0,BURL
2024-04-03 08:06:00,221.75,221.75,221.75,221.75,1551.0,BURL
2024-04-03 08:03:00,221.75,221.75,221.75,221.75,552.0,BURL
2024-04-02 19:52:00,221.75,221.75,221.75,221.75,1.0,BURL
2024-04-02 19:45:00,221.75,221.75,221.75,221.75,10.0,BURL
2024-04-02 19:00:00,221.75,221.75,221.75,221.75,84732.0,BURL
2024-04-02 18:51:00,229.98,229.98,229.98,229.98,1.0,BURL
2024-04-02 18:30:00,221.75,221.75,221.75,221.75,84732.0,BURL
2024-04-02 17:32:00,220.4,220.4,220.4,220.4,108.0,BURL
2024-04-02 17:23:00,221.75,221.75,221.75,221.75,40.0,BURL
2024-04-02 17:06:00,221.75,221.75,221.75,221.75,15900.0,BURL
2024-04-02 16:52:00,221.75,221.75,221.75,221.75,2601.0,BURL
2024-04-02 16:51:00,221.75,221.75,221.75,221.75,51953.0,BURL
2024-04-02 16:33:00,221.5,221.5,221.5,221.5,3.0,BURL
2024-04-02 16:20:00,221.75,221.75,221.75,221.75,97.0,BURL
2024-04-02 16:10:00,221.75,221.75,221.75,221.75,84732.0,BURL
2024-04-02 16:05:00,221.75,221.75,221.75,221.75,4080.0,BURL
2024-04-02 16:04:00,221.7,221.748,221.7,221.748,6142.0,BURL
2024-04-02 16:03:00,221.8,221.8,221.8,221.8,5700.0,BURL
2024-04-02 16:02:00,221.75,221.75,221.75,221.75,1277.0,BURL
2024-04-02 16:01:00,221.75,221.75,221.75,221.75,726.0,BURL
2024-04-02 16:00:00,221.62,221.75,221.62,221.75,180387.0,BURL
2024-04-02 15:59:00,221.81,221.87,221.64,221.64,27045.0,BURL
2024-04-02 15:58:00,221.82,221.86,221.72,221.84,27592.0,BURL
2024-04-02 15:57:00,221.525,221.885,221.493,221.82,30006.0,BURL
2024-04-02 15:56:00,221.75,221.86,221.43,221.56,29385.0,BURL
2024-04-02 15:55:00,222.1,222.245,221.78,221.78,21191.0,BURL
2024-04-02 15:54:00,222.065,222.11,222.0,222.06,13829.0,BURL
2024-04-02 15:53:00,221.92,222.07,221.91,222.065,10429.0,BURL
2024-04-02 15:52:00,221.94,222.05,221.89,221.89,10564.0,BURL
2024-04-02 15:51:00,222.005,222.005,221.89,221.94,8740.0,BURL
2024-04-02 15:50:00,222.17,222.17,221.99,222.02,17124.0,BURL
2024-04-02 15:49:00,222.09,222.19,222.07,222.18,11983.0,BURL
2024-04-02 15:48:00,221.98,222.09,221.98,222.03,8407.0,BURL
2024-04-02 15:47:00,221.98,222.16,221.9,221.94,21374.0,BURL
2024-04-02 15:46:00,222.025,222.055,221.93,222.0,4491.0,BURL
2024-04-02 15:45:00,221.96,222.07,221.93,222.06,8078.0,BURL
2024-04-02 15:44:00,222.06,222.065,222.025,222.025,1677.0,BURL
2024-04-02 15:43:00,222.08,222.08,221.99,222.025,2410.0,BURL
2024-04-02 15:42:00,221.96,222.14,221.96,222.13,4210.0,BURL
2024-04-02 15:41:00,222.105,222.11,222.05,222.08,3095.0,BURL
2024-04-02 15:40:00,222.16,222.23,222.06,222.13,5689.0,BURL
2024-04-02 15:39:00,222.43,222.44,222.23,222.23,6301.0,BURL
2024-04-02 15:38:00,222.42,222.42,222.41,222.41,700.0,BURL
2024-04-02 15:37:00,222.51,222.52,222.415,222.5,1853.0,BURL
2024-04-02 15:36:00,222.075,222.48,222.075,222.48,7446.0,BURL
2024-04-02 15:35:00,222.06,222.13,222.05,222.075,5419.0,BURL
2024-04-02 15:34:00,222.045,222.085,222.045,222.085,1205.0,BURL
2024-04-02 15:33:00,222.04,222.04,222.01,222.04,2042.0,BURL
2024-04-02 15:32:00,222.03,222.03,222.03,222.03,1022.0,BURL
2024-04-02 15:31:00,221.88,222.025,221.815,222.025,7497.0,BURL
2024-04-02 15:30:00,221.9,221.93,221.76,221.81,3448.0,BURL
2024-04-02 15:29:00,221.91,221.91,221.83,221.9,788.0,BURL
2024-04-02 15:28:00,221.94,221.99,221.78,221.79,1825.0,BURL
2024-04-02 15:27:00,222.02,222.025,221.94,221.985,1723.0,BURL
2024-04-02 15:26:00,222.065,222.065,221.99,222.02,3642.0,BURL
2024-04-02 15:25:00,222.04,222.065,221.98,222.06,1270.0,BURL
2024-04-02 15:24:00,222.06,222.1,221.96,221.98,4918.0,BURL
2024-04-02 15:23:00,221.995,222.01,221.93,222.01,2099.0,BURL
2024-04-02 15:22:00,222.04,222.04,221.995,222.04,660.0,BURL
2024-04-02 15:21:00,222.1,222.11,221.99,222.04,3745.0,BURL
2024-04-02 15:20:00,222.03,222.11,222.0,222.065,5510.0,BURL
2024-04-02 15:19:00,222.0,222.01,221.925,221.94,2184.0,BURL
2024-04-02 15:18:00,221.885,221.93,221.885,221.915,976.0,BURL
2024-04-02 15:17:00,221.91,221.91,221.91,221.91,378.0,BURL
2024-04-02 15:16:00,221.935,221.935,221.87,221.9,1690.0,BURL
2024-04-02 15:15:00,221.93,222.02,221.9,221.94,4100.0,BURL
2024-04-02 15:14:00,222.0,222.0,221.94,221.94,1578.0,BURL
2024-04-02 15:13:00,221.985,222.01,221.985,222.0,1366.0,BURL
2024-04-02 15:12:00,221.98,221.99,221.95,221.99,926.0,BURL
2024-04-02 15:11:00,222.0,222.05,222.0,222.02,4372.0,BURL
2024-04-02 15:10:00,222.0,222.03,221.975,221.98,5008.0,BURL
2024-04-02 15:09:00,222.01,222.01,221.89,221.89,3557.0,BURL
2024-04-02 15:08:00,222.055,222.1,222.055,222.055,1901.0,BURL
2024-04-02 15:07:00,222.022,222.13,221.91,222.055,6234.0,BURL
2024-04-02 15:06:00,222.0,222.03,221.9,222.03,971.0,BURL
2024-04-02 15:05:00,222.11,222.115,221.96,222.01,5452.0,BURL
2024-04-02 15:04:00,222.08,222.16,222.06,222.103,1119.0,BURL
2024-04-02 15:03:00,222.11,222.152,222.11,222.153,577.0,BURL
2024-04-02 15:02:00,222.105,222.105,222.105,222.105,374.0,BURL
2024-04-02 15:01:00,222.105,222.105,222.105,222.105,235.0,BURL
2024-04-02 15:00:00,222.04,222.17,222.02,222.105,1308.0,BURL
2024-04-02 14:57:00,222.13,222.21,222.1,222.13,1086.0,BURL
2024-04-02 14:55:00,222.15,222.265,222.15,222.265,1102.0,BURL
2024-04-02 14:54:00,222.23,222.23,222.12,222.12,992.0,BURL
2024-04-02 14:53:00,222.27,222.32,222.18,222.22,4340.0,BURL
2024-04-02 14:52:00,222.43,222.43,222.3,222.4,1950.0,BURL
2024-04-02 14:51:00,222.6,222.6,222.45,222.515,1756.0,BURL
2024-04-02 14:50:00,222.5,222.685,222.5,222.685,2178.0,BURL
2024-04-02 14:48:00,222.255,222.47,222.255,222.46,2418.0,BURL
2024-04-02 14:47:00,222.33,222.33,222.25,222.25,865.0,BURL
2024-04-02 14:46:00,222.215,222.26,222.215,222.26,1160.0,BURL
2024-04-02 14:45:00,222.315,222.315,222.28,222.28,858.0,BURL
2024-04-02 14:43:00,222.06,222.32,222.04,222.32,5473.0,BURL
2024-04-02 14:42:00,222.137,222.137,222.137,222.138,227.0,BURL
2024-04-02 14:41:00,222.145,222.23,222.12,222.13,932.0,BURL
2024-04-02 14:39:00,222.18,222.18,222.18,222.18,272.0,BURL
2024-04-02 14:37:00,222.23,222.23,222.23,222.23,211.0,BURL
2024-04-02 14:36:00,222.165,222.23,222.165,222.23,1708.0,BURL
2024-04-02 14:35:00,222.065,222.065,222.065,222.065,528.0,BURL
2024-04-02 14:34:00,222.1,222.12,222.1,222.12,1038.0,BURL
2024-04-02 14:33:00,222.31,222.4,222.31,222.4,931.0,BURL
2024-04-02 14:31:00,222.03,222.29,222.03,222.29,3629.0,BURL
2024-04-02 14:30:00,222.02,222.02,222.02,222.02,529.0,BURL
2024-04-02 14:29:00,222.095,222.095,222.01,222.01,1478.0,BURL
2024-04-02 14:28:00,222.12,222.12,222.095,222.095,588.0,BURL
2024-04-02 14:27:00,222.2,222.2,222.095,222.095,3072.0,BURL
2024-04-02 14:26:00,222.37,222.37,222.22,222.25,1183.0,BURL
2024-04-02 14:25:00,222.4,222.4,222.39,222.39,296.0,BURL
2024-04-02 14:24:00,222.37,222.375,222.37,222.375,548.0,BURL
2024-04-02 14:23:00,222.42,222.42,222.42,222.42,217.0,BURL
2024-04-02 14:22:00,222.42,222.42,222.42,222.42,799.0,BURL
2024-04-02 14:21:00,222.19,222.42,222.17,222.42,5263.0,BURL
2024-04-02 14:20:00,222.28,222.28,222.11,222.11,934.0,BURL
2024-04-02 14:19:00,222.24,222.24,222.24,222.24,536.0,BURL
2024-04-02 14:18:00,222.36,222.41,222.36,222.41,519.0,BURL
2024-04-02 14:17:00,222.45,222.53,222.26,222.445,1652.0,BURL
2024-04-02 14:16:00,222.65,222.65,222.46,222.53,2876.0,BURL
2024-04-02 14:15:00,222.7,222.74,222.69,222.74,663.0,BURL
2024-04-02 14:14:00,222.64,222.64,222.64,222.64,438.0,BURL
2024-04-02 14:13:00,222.715,222.715,222.715,222.715,233.0,BURL
2024-04-02 14:12:00,222.67,222.67,222.63,222.63,740.0,BURL
2024-04-02 14:11:00,222.594,222.715,222.594,222.715,1022.0,BURL
2024-04-02 14:10:00,222.795,222.795,222.795,222.795,392.0,BURL
2024-04-02 14:09:00,222.8,222.82,222.724,222.82,976.0,BURL
2024-04-02 14:08:00,222.835,222.84,222.73,222.73,957.0,BURL
2024-04-02 14:06:00,222.82,222.82,222.52,222.52,740.0,BURL
2024-04-02 14:03:00,222.845,222.87,222.7,222.7,568.0,BURL
2024-04-02 14:02:00,222.57,222.79,222.57,222.79,549.0,BURL
2024-04-02 14:01:00,222.705,222.71,222.705,222.71,1072.0,BURL
2024-04-02 13:59:00,222.74,222.74,222.74,222.74,263.0,BURL
2024-04-02 13:58:00,222.76,222.76,222.735,222.735,659.0,BURL
2024-04-02 13:57:00,222.51,222.76,222.51,222.76,2855.0,BURL
2024-04-02 13:56:00,222.4,222.4,222.4,222.4,428.0,BURL
2024-04-02 13:55:00,222.28,222.33,222.18,222.33,1462.0,BURL
2024-04-02 13:54:00,222.31,222.34,222.22,222.22,496.0,BURL
2024-04-02 13:52:00,222.34,222.345,222.31,222.31,821.0,BURL
2024-04-02 13:51:00,222.31,222.31,222.31,222.31,388.0,BURL
2024-04-02 13:50:00,222.3,222.3,222.3,222.3,415.0,BURL
2024-04-02 13:49:00,222.42,222.44,222.42,222.42,1179.0,BURL
2024-04-02 13:48:00,222.36,222.42,222.135,222.38,6537.0,BURL
2024-04-02 13:46:00,222.41,222.41,222.315,222.41,1669.0,BURL
2024-04-02 13:45:00,222.31,222.37,222.31,222.37,1720.0,BURL
2024-04-02 13:40:00,222.24,222.24,222.24,222.24,885.0,BURL
2024-04-02 13:38:00,222.45,222.45,222.14,222.2,3875.0,BURL
2024-04-02 13:36:00,222.6,222.68,222.6,222.68,1550.0,BURL
2024-04-02 13:35:00,222.52,222.62,222.45,222.6,2346.0,BURL
2024-04-02 13:33:00,222.645,222.645,222.645,222.645,493.0,BURL
2024-04-02 13:32:00,222.62,222.62,222.62,222.62,665.0,BURL
2024-04-02 13:31:00,222.66,222.74,222.66,222.74,314.0,BURL
2024-04-02 13:30:00,222.73,222.73,222.64,222.665,1076.0,BURL
2024-04-02 13:29:00,222.68,222.73,222.53,222.73,4232.0,BURL
2024-04-02 13:28:00,222.79,222.815,222.68,222.68,1109.0,BURL
2024-04-02 13:27:00,222.262,222.645,222.262,222.645,5132.0,BURL
2024-04-02 13:26:00,222.33,222.33,222.27,222.27,1180.0,BURL
2024-04-02 13:21:00,222.22,222.22,222.22,222.22,394.0,BURL
2024-04-02 13:20:00,222.22,222.275,222.22,222.275,800.0,BURL
2024-04-02 13:19:00,222.395,222.395,222.17,222.17,2295.0,BURL
2024-04-02 13:18:00,222.42,222.42,222.42,222.42,316.0,BURL
2024-04-02 13:17:00,222.43,222.53,222.39,222.42,2802.0,BURL
2024-04-02 13:16:00,222.41,222.41,222.41,222.41,404.0,BURL
2024-04-02 13:14:00,222.31,222.33,222.3,222.33,1948.0,BURL
2024-04-02 13:12:00,222.31,222.31,222.155,222.155,576.0,BURL
2024-04-02 13:11:00,222.23,222.23,222.17,222.21,1446.0,BURL
2024-04-02 13:10:00,222.332,222.332,222.31,222.31,917.0,BURL
2024-04-02 13:08:00,222.58,222.58,222.46,222.46,1466.0,BURL
2024-04-02 13:07:00,222.65,222.65,222.45,222.45,1051.0,BURL
2024-04-02 13:06:00,222.705,222.71,222.705,222.71,1138.0,BURL
2024-04-02 13:02:00,222.315,222.51,222.265,222.51,4962.0,BURL
2024-04-02 13:01:00,222.05,222.3,222.05,222.29,722.0,BURL
2024-04-02 13:00:00,222.19,222.28,222.08,222.19,1055.0,BURL
2024-04-02 12:59:00,222.145,222.145,222.135,222.135,649.0,BURL
2024-04-02 12:52:00,222.51,222.51,222.19,222.19,2453.0,BURL
2024-04-02 12:51:00,222.64,222.64,222.64,222.64,318.0,BURL
2024-04-02 12:49:00,222.67,222.67,222.67,222.67,348.0,BURL
2024-04-02 12:48:00,222.48,222.66,222.44,222.66,1913.0,BURL
2024-04-02 12:47:00,222.73,222.735,222.59,222.59,2007.0,BURL
2024-04-02 12:46:00,222.66,222.76,222.56,222.76,2014.0,BURL
2024-04-02 12:45:00,222.45,222.53,222.45,222.475,1198.0,BURL
2024-04-02 12:44:00,222.305,222.43,222.305,222.43,1490.0,BURL
2024-04-02 12:42:00,222.38,222.38,222.38,222.38,868.0,BURL
2024-04-02 12:41:00,222.265,222.31,222.14,222.305,1254.0,BURL
2024-04-02 12:39:00,222.11,222.11,222.11,222.11,442.0,BURL
2024-04-02 12:38:00,221.84,222.29,221.81,222.29,5464.0,BURL
2024-04-02 12:37:00,222.22,222.22,222.04,222.04,326.0,BURL
2024-04-02 12:36:00,222.055,222.055,222.055,222.055,723.0,BURL
2024-04-02 12:35:00,222.055,222.265,222.055,222.265,769.0,BURL
2024-04-02 12:33:00,222.01,222.01,222.01,222.01,693.0,BURL
2024-04-02 12:32:00,222.068,222.067,222.067,222.068,398.0,BURL
2024-04-02 12:31:00,221.8,222.01,221.8,222.0,1919.0,BURL
2024-04-02 12:30:00,221.72,221.845,221.72,221.72,806.0,BURL
2024-04-02 12:29:00,221.67,221.86,221.67,221.86,7941.0,BURL
2024-04-02 12:28:00,221.74,221.84,221.58,221.7,2629.0,BURL
2024-04-02 12:27:00,221.845,221.88,221.77,221.805,1410.0,BURL
2024-04-02 12:25:00,222.08,222.08,222.07,222.07,301.0,BURL
2024-04-02 12:24:00,221.98,222.11,221.98,222.11,1831.0,BURL
2024-04-02 12:23:00,221.805,221.98,221.655,221.98,4472.0,BURL
2024-04-02 12:22:00,222.0,222.0,221.89,221.89,630.0,BURL
2024-04-02 12:21:00,222.085,222.092,221.87,222.05,1529.0,BURL
2024-04-02 12:20:00,222.23,222.32,222.1,222.1,7823.0,BURL
2024-04-02 12:19:00,222.32,222.32,222.32,222.32,439.0,BURL
2024-04-02 12:18:00,221.93,222.08,221.93,222.08,1815.0,BURL
2024-04-02 12:17:00,221.88,222.0,221.88,222.0,1480.0,BURL
2024-04-02 12:16:00,221.86,221.86,221.81,221.86,648.0,BURL
2024-04-02 12:14:00,221.63,221.67,221.63,221.67,589.0,BURL
2024-04-02 12:13:00,221.46,221.57,221.46,221.55,2842.0,BURL
2024-04-02 12:12:00,221.32,221.37,221.32,221.37,12717.0,BURL
2024-04-02 12:11:00,221.33,221.35,221.25,221.32,2304.0,BURL
2024-04-02 12:10:00,221.51,221.51,221.32,221.44,1213.0,BURL
2024-04-02 12:09:00,221.325,221.43,221.325,221.43,428.0,BURL
2024-04-02 12:08:00,221.36,221.36,221.36,221.36,1843.0,BURL
2024-04-02 12:07:00,221.56,221.56,221.56,221.56,414.0,BURL
2024-04-02 12:05:00,221.49,221.49,221.49,221.49,666.0,BURL
2024-04-02 12:04:00,221.33,221.48,221.33,221.48,822.0,BURL
2024-04-02 12:03:00,221.32,221.32,221.32,221.32,502.0,BURL
2024-04-02 12:02:00,221.36,221.36,221.26,221.26,686.0,BURL
2024-04-02 12:01:00,221.035,221.38,220.87,221.33,6140.0,BURL
2024-04-02 12:00:00,221.03,221.1,220.94,221.04,1277.0,BURL
2024-04-02 11:59:00,221.51,221.52,221.255,221.265,2670.0,BURL
2024-04-02 11:58:00,221.63,221.63,221.63,221.63,878.0,BURL
2024-04-02 11:57:00,221.59,221.7,221.58,221.67,4285.0,BURL
2024-04-02 11:56:00,221.63,221.63,221.63,221.63,203.0,BURL
2024-04-02 11:53:00,221.665,221.665,221.665,221.665,414.0,BURL
2024-04-02 11:51:00,221.68,221.69,221.61,221.68,2337.0,BURL
2024-04-02 11:50:00,221.63,221.67,221.6,221.67,811.0,BURL
2024-04-02 11:49:00,221.58,221.61,221.58,221.59,1000.0,BURL
2024-04-02 11:48:00,221.7,221.7,221.7,221.7,503.0,BURL
2024-04-02 11:46:00,221.945,221.945,221.71,221.71,1566.0,BURL
2024-04-02 11:45:00,222.05,222.06,221.935,221.935,2598.0,BURL
2024-04-02 11:44:00,222.06,222.06,222.06,222.06,525.0,BURL
2024-04-02 11:43:00,221.98,222.06,221.98,222.06,1312.0,BURL
2024-04-02 11:42:00,221.94,221.94,221.94,221.94,667.0,BURL
2024-04-02 11:41:00,221.97,221.97,221.97,221.97,214.0,BURL
2024-04-02 11:39:00,221.82,221.83,221.82,221.83,620.0,BURL
2024-04-02 11:38:00,221.8,221.8,221.8,221.8,521.0,BURL
2024-04-02 11:37:00,221.32,221.67,221.29,221.645,3622.0,BURL
2024-04-02 11:36:00,221.47,221.47,221.42,221.42,926.0,BURL
2024-04-02 11:35:00,221.66,221.66,221.47,221.47,2141.0,BURL
2024-04-02 11:34:00,221.76,221.76,221.715,221.715,684.0,BURL
2024-04-02 11:33:00,221.754,221.754,221.55,221.66,2257.0,BURL
2024-04-02 11:31:00,221.58,221.71,221.58,221.71,1687.0,BURL
2024-04-02 11:30:00,221.61,221.61,221.61,221.61,897.0,BURL
2024-04-02 11:29:00,221.48,221.7,221.48,221.7,3584.0,BURL
2024-04-02 11:28:00,221.54,221.54,221.54,221.54,286.0,BURL
2024-04-02 11:27:00,221.49,221.65,221.49,221.575,1664.0,BURL
2024-04-02 11:26:00,221.775,221.775,221.54,221.54,3025.0,BURL
2024-04-02 11:25:00,221.775,221.78,221.775,221.78,514.0,BURL
2024-04-02 11:24:00,221.71,221.71,221.7,221.71,776.0,BURL
2024-04-02 11:23:00,221.7,221.7,221.65,221.655,451.0,BURL
2024-04-02 11:22:00,221.66,221.66,221.66,221.66,389.0,BURL
2024-04-02 11:21:00,221.34,221.754,221.34,221.754,5178.0,BURL
2024-04-02 11:20:00,221.345,221.345,221.3,221.3,607.0,BURL
2024-04-02 11:19:00,221.43,221.48,221.08,221.2,3463.0,BURL
2024-04-02 11:18:00,221.44,221.75,221.44,221.655,777.0,BURL
2024-04-02 11:17:00,221.635,221.645,221.635,221.645,1770.0,BURL
2024-04-02 11:16:00,221.635,221.635,221.635,221.635,969.0,BURL
2024-04-02 11:15:00,221.8,221.854,221.63,221.63,866.0,BURL
2024-04-02 11:14:00,221.73,221.85,221.56,221.63,1574.0,BURL
2024-04-02 11:13:00,221.39,221.72,221.39,221.72,1896.0,BURL
2024-04-02 11:12:00,221.21,221.29,221.21,221.29,666.0,BURL
2024-04-02 11:11:00,220.87,221.12,220.87,221.12,2546.0,BURL
2024-04-02 11:10:00,220.81,220.88,220.7,220.83,1791.0,BURL
2024-04-02 11:09:00,220.85,220.91,220.7,220.81,2358.0,BURL
2024-04-02 11:08:00,220.74,221.098,220.74,221.098,1144.0,BURL
2024-04-02 11:07:00,220.88,220.95,220.72,220.78,1884.0,BURL
2024-04-02 11:05:00,220.835,221.09,220.74,221.04,2406.0,BURL
2024-04-02 11:04:00,220.89,220.9,220.73,220.73,2065.0,BURL
2024-04-02 11:03:00,220.885,220.905,220.88,220.88,572.0,BURL
2024-04-02 11:01:00,220.595,220.97,220.595,220.945,2911.0,BURL
2024-04-02 11:00:00,220.71,220.71,220.48,220.5,2227.0,BURL
2024-04-02 10:59:00,221.01,221.01,220.9,220.9,944.0,BURL
2024-04-02 10:58:00,221.18,221.29,221.03,221.15,1067.0,BURL
2024-04-02 10:57:00,221.31,221.31,221.15,221.29,1367.0,BURL
2024-04-02 10:56:00,221.41,221.6,221.37,221.41,2008.0,BURL
2024-04-02 10:55:00,221.7,221.71,221.53,221.71,2182.0,BURL
2024-04-02 10:54:00,221.465,221.67,221.35,221.67,3190.0,BURL
2024-04-02 10:53:00,221.46,221.47,221.34,221.47,879.0,BURL
2024-04-02 10:52:00,221.62,221.62,221.51,221.51,1566.0,BURL
2024-04-02 10:51:00,221.775,221.79,221.66,221.765,850.0,BURL
2024-04-02 10:50:00,221.775,221.775,221.775,221.775,229.0,BURL
2024-04-02 10:49:00,221.76,221.76,221.75,221.76,572.0,BURL
2024-04-02 10:48:00,222.12,222.26,221.755,221.91,4668.0,BURL
2024-04-02 10:47:00,222.29,222.29,222.28,222.28,857.0,BURL
2024-04-02 10:46:00,222.18,222.55,222.18,222.55,1595.0,BURL
2024-04-02 10:45:00,222.16,222.252,222.16,222.253,1295.0,BURL
2024-04-02 10:44:00,222.36,222.36,222.36,222.36,652.0,BURL
2024-04-02 10:43:00,221.995,222.21,221.995,222.21,3894.0,BURL
2024-04-02 10:42:00,221.54,221.965,221.54,221.965,2761.0,BURL
2024-04-02 10:41:00,221.52,221.52,221.52,221.52,390.0,BURL
2024-04-02 10:40:00,221.52,221.52,221.52,221.52,366.0,BURL
2024-04-02 10:39:00,221.22,221.54,221.205,221.46,1655.0,BURL
2024-04-02 10:38:00,221.28,221.34,221.16,221.21,2309.0,BURL
2024-04-02 10:37:00,221.13,221.18,221.13,221.155,967.0,BURL
2024-04-02 10:36:00,220.82,221.22,220.71,221.075,7411.0,BURL
2024-04-02 10:35:00,220.76,220.87,220.76,220.81,3650.0,BURL
2024-04-02 10:34:00,220.75,220.75,220.73,220.73,850.0,BURL
2024-04-02 10:33:00,220.77,220.82,220.55,220.55,2354.0,BURL
2024-04-02 10:32:00,220.8,220.86,220.8,220.86,1378.0,BURL
2024-04-02 10:31:00,220.961,220.961,220.73,220.74,1752.0,BURL
2024-04-02 10:30:00,220.72,220.855,220.59,220.715,3727.0,BURL
2024-04-02 10:29:00,220.57,220.74,220.37,220.58,2298.0,BURL
2024-04-02 10:28:00,220.5,220.62,220.35,220.555,6322.0,BURL
2024-04-02 10:27:00,220.5,220.725,220.5,220.5,890.0,BURL
2024-04-02 10:26:00,220.51,220.76,220.51,220.725,1121.0,BURL
2024-04-02 10:25:00,220.52,220.785,220.5,220.735,3299.0,BURL
2024-04-02 10:24:00,220.71,220.75,220.71,220.74,596.0,BURL
2024-04-02 10:23:00,220.22,220.675,220.22,220.675,6283.0,BURL
2024-04-02 10:22:00,220.06,220.185,220.0,220.04,939.0,BURL
2024-04-02 10:21:00,220.3,220.3,219.852,219.852,3078.0,BURL
2024-04-02 10:20:00,220.41,220.54,220.14,220.435,7247.0,BURL
2024-04-02 10:19:00,220.391,220.58,220.37,220.475,6953.0,BURL
2024-04-02 10:18:00,220.355,220.42,220.355,220.365,2973.0,BURL
2024-04-02 10:17:00,220.17,220.57,220.17,220.38,6277.0,BURL
2024-04-02 10:16:00,220.07,220.07,220.07,220.07,284.0,BURL
2024-04-02 10:15:00,220.07,220.56,220.07,220.11,5281.0,BURL
2024-04-02 10:14:00,220.13,220.31,220.13,220.31,888.0,BURL
2024-04-02 10:13:00,220.4,220.42,220.02,220.07,8568.0,BURL
2024-04-02 10:12:00,220.56,220.88,220.56,220.58,2603.0,BURL
2024-04-02 10:11:00,221.23,221.23,221.09,221.09,917.0,BURL
2024-04-02 10:10:00,221.845,221.845,221.23,221.27,1414.0,BURL
2024-04-02 10:09:00,221.52,221.75,221.52,221.75,925.0,BURL
2024-04-02 10:08:00,222.44,222.47,221.96,222.07,6167.0,BURL
2024-04-02 10:07:00,222.77,222.805,222.56,222.62,680.0,BURL
2024-04-02 10:06:00,222.62,222.62,222.44,222.615,976.0,BURL
2024-04-02 10:05:00,222.93,222.93,222.48,222.48,1231.0,BURL
2024-04-02 10:04:00,222.64,222.67,222.64,222.67,1683.0,BURL
2024-04-02 10:03:00,222.57,222.78,222.54,222.54,1680.0,BURL
2024-04-02 10:02:00,221.72,222.36,221.715,222.36,13181.0,BURL
2024-04-02 10:01:00,221.72,221.86,221.72,221.86,1634.0,BURL
2024-04-02 10:00:00,221.875,221.875,221.47,221.725,1346.0,BURL
2024-04-02 09:59:00,221.71,221.73,221.42,221.73,687.0,BURL
2024-04-02 09:58:00,221.69,221.99,221.51,221.71,1644.0,BURL
2024-04-02 09:57:00,221.535,221.91,221.5,221.585,5173.0,BURL
2024-04-02 09:56:00,221.62,221.62,221.15,221.24,2494.0,BURL
2024-04-02 09:55:00,221.4,221.43,221.4,221.43,729.0,BURL
2024-04-02 09:54:00,222.08,222.43,221.72,222.07,2415.0,BURL
2024-04-02 09:53:00,222.09,222.09,221.794,221.794,1581.0,BURL
2024-04-02 09:52:00,222.36,222.36,222.05,222.05,515.0,BURL
2024-04-02 09:51:00,224.06,224.06,222.5,222.5,9841.0,BURL
2024-04-02 09:50:00,224.055,224.24,224.05,224.065,3077.0,BURL
2024-04-02 09:49:00,224.24,224.28,224.045,224.045,2710.0,BURL
2024-04-02 09:48:00,224.21,224.23,223.785,224.0,4282.0,BURL
2024-04-02 09:47:00,223.64,224.08,223.07,223.715,1374.0,BURL
2024-04-02 09:46:00,223.735,223.735,223.65,223.65,446.0,BURL
2024-04-02 09:45:00,224.17,224.17,223.74,223.74,1075.0,BURL
2024-04-02 09:43:00,223.67,224.35,223.07,224.35,922.0,BURL
2024-04-02 09:42:00,223.635,223.89,223.0,223.76,2431.0,BURL
2024-04-02 09:41:00,224.01,224.13,223.56,223.58,2415.0,BURL
2024-04-02 09:39:00,224.12,224.395,224.05,224.395,910.0,BURL
2024-04-02 09:38:00,224.375,224.375,224.37,224.37,248.0,BURL
2024-04-02 09:37:00,224.49,224.8,224.355,224.355,3622.0,BURL
2024-04-02 09:36:00,224.19,224.48,224.18,224.48,1670.0,BURL
2024-04-02 09:35:00,224.42,224.42,224.42,224.42,402.0,BURL
2024-04-02 09:34:00,224.285,224.46,224.285,224.285,1289.0,BURL
2024-04-02 09:33:00,224.58,224.585,224.325,224.325,3755.0,BURL
2024-04-02 09:32:00,224.405,224.405,224.405,224.405,896.0,BURL
2024-04-02 09:31:00,224.93,224.93,224.775,224.8,2407.0,BURL
2024-04-02 09:30:00,225.0,225.715,224.88,225.715,5055.0,BURL
2024-04-02 09:23:00,226.01,226.01,226.01,226.01,50.0,BURL
2024-04-02 08:48:00,228.73,228.73,228.73,228.73,1.0,BURL
2024-04-02 08:19:00,228.73,228.73,228.73,228.73,1.0,BURL
2024-04-02 08:12:00,215.66,215.66,215.66,215.66,3.0,BURL
2024-04-02 08:11:00,228.72,228.72,228.72,228.72,1.0,BURL
2024-04-02 08:00:00,227.01,227.01,227.01,227.01,100.0,BURL
2024-04-01 19:50:00,227.5,227.7,226.18,227.7,18.0,BURL
2024-04-01 19:00:00,228.73,228.73,228.73,228.73,82257.0,BURL
2024-04-01 18:44:00,227.71,227.71,227.71,227.71,3.0,BURL
2024-04-01 18:30:00,228.73,228.73,228.73,228.73,82257.0,BURL
2024-04-01 17:12:00,228.73,228.73,228.73,228.73,125931.0,BURL
2024-04-01 16:53:00,223.96,223.96,223.96,223.96,1.0,BURL
2024-04-01 16:50:00,228.73,228.73,228.73,228.73,1375.0,BURL
2024-04-01 16:11:00,228.73,228.73,228.73,228.73,197.0,BURL
2024-04-01 16:10:00,228.73,228.73,228.73,228.73,82257.0,BURL
2024-04-01 16:02:00,225.456,225.456,225.456,225.456,25.0,BURL
2024-04-01 16:00:00,228.76,228.76,228.73,228.73,171861.0,BURL
2024-04-01 15:59:00,228.55,228.78,228.537,228.76,23656.0,BURL
2024-04-01 15:58:00,228.75,228.75,228.5,228.5,18606.0,BURL
2024-04-01 15:57:00,228.76,228.8,228.715,228.77,14010.0,BURL
2024-04-01 15:56:00,228.915,228.915,228.75,228.76,13678.0,BURL
2024-04-01 15:55:00,228.7,229.04,228.665,228.915,13780.0,BURL
2024-04-01 15:54:00,228.53,228.65,228.53,228.65,8994.0,BURL
2024-04-01 15:53:00,228.47,228.53,228.44,228.53,7343.0,BURL
2024-04-01 15:52:00,228.38,228.49,228.355,228.44,4857.0,BURL
2024-04-01 15:51:00,228.15,228.35,228.11,228.35,9778.0,BURL
2024-04-01 15:50:00,227.99,228.17,227.94,228.17,8490.0,BURL
2024-04-01 15:49:00,227.85,227.97,227.85,227.955,2903.0,BURL
2024-04-01 15:48:00,227.78,227.87,227.73,227.855,7678.0,BURL
2024-04-01 15:47:00,227.87,227.905,227.77,227.775,7218.0,BURL
2024-04-01 15:46:00,227.95,227.97,227.84,227.87,7843.0,BURL
2024-04-01 15:45:00,228.05,228.09,227.99,227.99,3665.0,BURL
2024-04-01 15:44:00,228.17,228.22,228.025,228.025,2887.0,BURL
2024-04-01 15:43:00,228.24,228.27,228.14,228.17,6765.0,BURL
2024-04-01 15:42:00,228.32,228.32,228.28,228.31,2968.0,BURL
2024-04-01 15:41:00,228.26,228.355,228.26,228.32,2102.0,BURL
2024-04-01 15:40:00,228.085,228.25,228.085,228.175,2585.0,BURL
2024-04-01 15:39:00,228.15,228.25,228.12,228.12,2944.0,BURL
2024-04-01 15:38:00,227.99,228.18,227.96,228.14,8272.0,BURL
2024-04-01 15:37:00,228.16,228.16,227.92,227.99,5167.0,BURL
2024-04-01 15:36:00,228.335,228.36,228.1,228.13,5026.0,BURL
2024-04-01 15:35:00,228.53,228.53,228.335,228.335,4224.0,BURL
2024-04-01 15:34:00,228.42,228.56,228.42,228.525,2413.0,BURL
2024-04-01 15:33:00,228.33,228.42,228.33,228.42,2339.0,BURL
2024-04-01 15:32:00,228.23,228.36,228.2,228.35,3337.0,BURL
2024-04-01 15:31:00,228.09,228.22,228.03,228.19,3922.0,BURL
2024-04-01 15:30:00,228.29,228.29,228.075,228.1,3412.0,BURL
2024-04-01 15:29:00,228.5,228.5,228.245,228.29,7293.0,BURL
2024-04-01 15:28:00,228.45,228.64,228.45,228.55,2543.0,BURL
2024-04-01 15:27:00,228.265,228.53,228.22,228.53,5096.0,BURL
2024-04-01 15:26:00,228.15,228.28,228.15,228.25,22317.0,BURL
2024-04-01 15:25:00,228.13,228.2,228.12,228.135,7920.0,BURL
2024-04-01 15:24:00,228.18,228.2,228.1,228.19,3525.0,BURL
2024-04-01 15:23:00,228.13,228.16,228.1,228.13,1888.0,BURL
2024-04-01 15:22:00,228.195,228.2,228.16,228.185,2416.0,BURL
2024-04-01 15:21:00,228.17,228.24,228.145,228.2,5622.0,BURL
2024-04-01 15:20:00,228.095,228.135,228.095,228.135,1000.0,BURL
2024-04-01 15:19:00,228.0,228.15,228.0,228.125,8680.0,BURL
2024-04-01 15:18:00,227.99,228.03,227.97,228.0,5171.0,BURL
2024-04-01 15:17:00,228.07,228.07,227.95,228.0,8338.0,BURL
2024-04-01 15:16:00,227.96,227.96,227.96,227.96,535.0,BURL
2024-04-01 15:15:00,227.95,228.07,227.95,228.015,4005.0,BURL
2024-04-01 15:14:00,228.02,228.02,228.0,228.0,491.0,BURL
2024-04-01 15:13:00,227.975,228.03,227.95,228.02,3586.0,BURL
2024-04-01 15:12:00,228.0,228.02,227.97,227.975,1903.0,BURL
2024-04-01 15:11:00,227.99,228.035,227.93,227.93,2154.0,BURL
2024-04-01 15:10:00,227.99,228.05,227.97,227.97,1881.0,BURL
2024-04-01 15:09:00,228.12,228.12,228.02,228.02,1218.0,BURL
2024-04-01 15:08:00,228.165,228.165,228.165,228.165,582.0,BURL
2024-04-01 15:07:00,228.195,228.195,228.195,228.195,754.0,BURL
2024-04-01 15:06:00,228.16,228.26,228.16,228.23,4548.0,BURL
2024-04-01 15:05:00,228.34,228.34,228.22,228.22,3892.0,BURL
2024-04-01 15:04:00,228.3,228.315,228.3,228.315,541.0,BURL
2024-04-01 15:03:00,228.34,228.34,228.305,228.31,875.0,BURL
2024-04-01 15:01:00,228.21,228.34,228.21,228.3,2505.0,BURL
2024-04-01 15:00:00,228.26,228.35,228.21,228.21,1775.0,BURL
2024-04-01 14:59:00,228.27,228.27,228.18,228.26,1590.0,BURL
2024-04-01 14:58:00,228.31,228.31,228.255,228.255,604.0,BURL
2024-04-01 14:57:00,228.44,228.49,228.39,228.455,2463.0,BURL
2024-04-01 14:56:00,228.5,228.5,228.46,228.49,1177.0,BURL
2024-04-01 14:55:00,228.55,228.55,228.54,228.54,740.0,BURL
2024-04-01 14:54:00,228.8,228.8,228.64,228.64,2673.0,BURL
2024-04-01 14:53:00,228.72,228.72,228.72,228.72,337.0,BURL
2024-04-01 14:52:00,228.72,228.78,228.72,228.78,502.0,BURL
2024-04-01 14:51:00,228.89,228.89,228.71,228.77,3623.0,BURL
2024-04-01 14:50:00,228.83,228.89,228.83,228.85,1553.0,BURL
2024-04-01 14:49:00,228.91,228.91,228.91,228.91,314.0,BURL
2024-04-01 14:48:00,228.89,228.94,228.815,228.94,2081.0,BURL
2024-04-01 14:47:00,228.75,228.92,228.75,228.84,4230.0,BURL
2024-04-01 14:46:00,228.92,228.929,228.88,228.88,1701.0,BURL
2024-04-01 14:45:00,229.14,229.14,228.92,229.02,1181.0,BURL
2024-04-01 14:44:00,228.97,229.03,228.97,229.03,523.0,BURL
2024-04-01 14:43:00,229.013,229.03,229.012,229.02,715.0,BURL
2024-04-01 14:42:00,229.24,229.24,229.03,229.03,2666.0,BURL
2024-04-01 14:41:00,229.23,229.23,229.07,229.145,1847.0,BURL
2024-04-01 14:39:00,229.25,229.25,229.18,229.19,2628.0,BURL
2024-04-01 14:38:00,229.07,229.25,229.07,229.153,3771.0,BURL
2024-04-01 14:37:00,229.25,229.25,229.16,229.16,273.0,BURL
2024-04-01 14:36:00,229.25,229.25,229.07,229.07,871.0,BURL
2024-04-01 14:35:00,228.97,229.19,228.96,229.06,4337.0,BURL
2024-04-01 14:33:00,228.875,228.92,228.875,228.893,1912.0,BURL
2024-04-01 14:30:00,228.97,228.97,228.97,228.97,587.0,BURL
2024-04-01 14:29:00,228.81,228.84,228.81,228.84,637.0,BURL
2024-04-01 14:28:00,228.91,228.91,228.89,228.895,1373.0,BURL
2024-04-01 14:27:00,229.0,229.05,228.97,228.97,1315.0,BURL
2024-04-01 14:26:00,229.0,229.0,228.92,229.0,765.0,BURL
2024-04-01 14:25:00,228.99,229.02,228.98,228.99,1418.0,BURL
2024-04-01 14:24:00,229.09,229.09,228.95,229.05,2885.0,BURL
2024-04-01 14:23:00,228.92,229.02,228.845,228.9,5649.0,BURL
2024-04-01 14:22:00,228.86,228.86,228.86,228.86,561.0,BURL
2024-04-01 14:21:00,229.09,229.09,228.955,228.955,994.0,BURL
2024-04-01 14:20:00,228.94,228.94,228.921,228.921,604.0,BURL
2024-04-01 14:19:00,229.075,229.075,228.97,228.97,1458.0,BURL
2024-04-01 14:18:00,229.13,229.13,229.04,229.07,1262.0,BURL
2024-04-01 14:17:00,229.045,229.045,229.045,229.045,229.0,BURL
2024-04-01 14:16:00,229.0,229.03,229.0,229.0,733.0,BURL
2024-04-01 14:15:00,229.05,229.1,229.05,229.07,947.0,BURL
2024-04-01 14:14:00,229.06,229.07,229.05,229.05,537.0,BURL
2024-04-01 14:13:00,228.96,228.96,228.96,228.96,776.0,BURL
2024-04-01 14:12:00,229.17,229.17,228.99,228.99,1130.0,BURL
2024-04-01 14:11:00,228.99,229.11,228.97,228.97,943.0,BURL
2024-04-01 14:10:00,229.1,229.11,229.09,229.11,993.0,BURL
2024-04-01 14:09:00,229.3,229.3,229.14,229.19,2641.0,BURL
2024-04-01 14:08:00,229.26,229.26,229.17,229.17,581.0,BURL
2024-04-01 14:07:00,229.24,229.25,229.135,229.215,2126.0,BURL
2024-04-01 14:06:00,229.16,229.27,229.16,229.27,2298.0,BURL
2024-04-01 14:05:00,229.21,229.25,229.14,229.19,3030.0,BURL
2024-04-01 14:04:00,229.21,229.24,229.15,229.18,2673.0,BURL
2024-04-01 14:03:00,229.34,229.35,229.21,229.29,1144.0,BURL
2024-04-01 14:00:00,229.25,229.37,229.23,229.3,2006.0,BURL
2024-04-01 13:59:00,229.31,229.31,229.28,229.28,1110.0,BURL
2024-04-01 13:58:00,229.41,229.41,229.31,229.31,652.0,BURL
2024-04-01 13:57:00,229.29,229.52,229.29,229.415,1923.0,BURL
2024-04-01 13:56:00,229.44,229.45,229.44,229.45,647.0,BURL
2024-04-01 13:55:00,229.41,229.41,229.27,229.27,1385.0,BURL
2024-04-01 13:54:00,229.44,229.44,229.36,229.36,643.0,BURL
2024-04-01 13:52:00,229.27,229.32,229.23,229.32,1589.0,BURL
2024-04-01 13:51:00,229.24,229.56,229.24,229.35,918.0,BURL
2024-04-01 13:50:00,229.23,229.325,229.23,229.325,902.0,BURL
2024-04-01 13:49:00,229.36,229.36,229.3,229.3,1029.0,BURL
2024-04-01 13:48:00,229.48,229.48,229.13,229.25,1443.0,BURL
2024-04-01 13:47:00,229.27,229.32,229.27,229.27,1499.0,BURL
2024-04-01 13:45:00,229.5,229.5,229.28,229.28,945.0,BURL
2024-04-01 13:44:00,229.2,229.335,229.2,229.335,1113.0,BURL
2024-04-01 13:42:00,229.085,229.28,229.085,229.12,3633.0,BURL
2024-04-01 13:41:00,229.17,229.17,228.98,229.085,1621.0,BURL
2024-04-01 13:40:00,229.2,229.2,229.2,229.2,133.0,BURL
2024-04-01 13:39:00,229.13,229.28,229.04,229.175,2033.0,BURL
2024-04-01 13:38:00,229.04,229.04,228.95,229.04,556.0,BURL
2024-04-01 13:37:00,228.985,229.01,228.92,229.01,2079.0,BURL
2024-04-01 13:36:00,229.26,229.26,229.075,229.075,1312.0,BURL
2024-04-01 13:35:00,229.245,229.245,229.245,229.245,184.0,BURL
2024-04-01 13:33:00,229.46,229.46,229.18,229.25,1624.0,BURL
2024-04-01 13:31:00,229.265,229.322,229.06,229.24,3378.0,BURL
2024-04-01 13:30:00,229.56,229.62,229.115,229.115,4431.0,BURL
2024-04-01 13:29:00,229.56,229.62,229.43,229.445,2972.0,BURL
2024-04-01 13:28:00,229.415,229.52,229.36,229.36,4081.0,BURL
2024-04-01 13:27:00,229.395,229.5,229.32,229.415,1882.0,BURL
2024-04-01 13:26:00,229.4,229.4,229.3,229.3,741.0,BURL
2024-04-01 13:24:00,229.43,229.47,229.4,229.4,733.0,BURL
2024-04-01 13:22:00,229.4,229.4,229.33,229.395,573.0,BURL
2024-04-01 13:21:00,229.4,229.5,229.4,229.5,775.0,BURL
2024-04-01 13:20:00,229.39,229.43,229.34,229.38,2455.0,BURL
2024-04-01 13:19:00,229.545,229.545,229.44,229.44,3232.0,BURL
2024-04-01 13:18:00,229.63,229.63,229.63,229.63,711.0,BURL
2024-04-01 13:16:00,229.533,229.532,229.532,229.533,292.0,BURL
2024-04-01 13:15:00,229.525,229.63,229.525,229.63,728.0,BURL
2024-04-01 13:14:00,229.43,229.58,229.43,229.53,2242.0,BURL
2024-04-01 13:13:00,229.46,229.48,229.4,229.4,1283.0,BURL
2024-04-01 13:12:00,229.27,229.445,229.24,229.445,6273.0,BURL
2024-04-01 13:11:00,229.18,229.18,229.16,229.175,1306.0,BURL
2024-04-01 13:10:00,229.255,229.255,229.19,229.245,1476.0,BURL
2024-04-01 13:09:00,229.18,229.26,229.18,229.25,2025.0,BURL
2024-04-01 13:08:00,229.14,229.18,229.14,229.18,819.0,BURL
2024-04-01 13:07:00,229.34,229.34,229.172,229.19,1652.0,BURL
2024-04-01 13:06:00,229.34,229.34,229.34,229.34,545.0,BURL
2024-04-01 13:05:00,229.19,229.19,229.19,229.19,148.0,BURL
2024-04-01 13:03:00,229.34,229.34,229.19,229.21,2155.0,BURL
2024-04-01 13:02:00,229.33,229.34,229.22,229.225,2095.0,BURL
2024-04-01 13:01:00,229.37,229.37,229.27,229.3,1256.0,BURL
2024-04-01 13:00:00,229.205,229.29,229.205,229.245,1135.0,BURL
2024-04-01 12:59:00,229.205,229.22,229.04,229.22,1041.0,BURL
2024-04-01 12:58:00,229.26,229.26,229.26,229.26,358.0,BURL
2024-04-01 12:57:00,229.44,229.44,229.38,229.38,590.0,BURL
2024-04-01 12:56:00,229.375,229.375,229.375,229.375,346.0,BURL
2024-04-01 12:55:00,229.69,229.7,229.37,229.37,2892.0,BURL
2024-04-01 12:54:00,229.68,229.78,229.68,229.685,2457.0,BURL
2024-04-01 12:53:00,229.65,229.85,229.65,229.765,2746.0,BURL
2024-04-01 12:52:00,229.66,229.66,229.66,229.66,327.0,BURL
2024-04-01 12:51:00,229.47,229.64,229.45,229.55,3295.0,BURL
2024-04-01 12:50:00,229.4,229.4,229.4,229.4,364.0,BURL
2024-04-01 12:49:00,229.47,229.48,229.38,229.38,2093.0,BURL
2024-04-01 12:48:00,229.47,229.47,229.29,229.37,754.0,BURL
2024-04-01 12:47:00,229.33,229.385,229.27,229.375,1188.0,BURL
2024-04-01 12:46:00,229.55,229.587,229.36,229.49,3043.0,BURL
2024-04-01 12:45:00,229.32,229.5,229.312,229.465,6674.0,BURL
2024-04-01 12:44:00,229.45,229.5,229.215,229.27,7136.0,BURL
2024-04-01 12:43:00,229.695,229.695,229.48,229.49,10371.0,BURL
2024-04-01 12:42:00,229.7,229.81,229.69,229.69,1072.0,BURL
2024-04-01 12:40:00,229.66,229.66,229.66,229.66,1789.0,BURL
2024-04-01 12:39:00,229.67,229.81,229.62,229.65,3832.0,BURL
2024-04-01 12:38:00,229.57,229.62,229.56,229.62,725.0,BURL
2024-04-01 12:37:00,229.76,229.76,229.59,229.64,2011.0,BURL
2024-04-01 12:36:00,229.88,229.98,229.8,229.8,961.0,BURL
2024-04-01 12:35:00,229.83,229.9,229.815,229.815,1407.0,BURL
2024-04-01 12:34:00,229.7,229.88,229.7,229.81,2192.0,BURL
2024-04-01 12:33:00,229.97,230.02,229.76,229.82,2491.0,BURL
2024-04-01 12:32:00,229.905,229.905,229.71,229.725,1143.0,BURL
2024-04-01 12:30:00,230.09,230.09,229.88,229.925,1452.0,BURL
2024-04-01 12:29:00,229.935,230.005,229.89,229.99,1654.0,BURL
2024-04-01 12:28:00,230.0,230.005,230.0,230.005,745.0,BURL
2024-04-01 12:27:00,229.96,230.11,229.955,230.01,1858.0,BURL
2024-04-01 12:26:00,229.96,229.96,229.96,229.96,523.0,BURL
2024-04-01 12:25:00,229.96,229.96,229.96,229.96,537.0,BURL
2024-04-01 12:24:00,230.63,230.63,230.07,230.07,4717.0,BURL
2024-04-01 12:23:00,230.34,230.34,230.34,230.34,541.0,BURL
2024-04-01 12:22:00,230.5,230.5,230.485,230.485,259.0,BURL
2024-04-01 12:21:00,230.49,230.49,230.435,230.44,1412.0,BURL
2024-04-01 12:20:00,230.56,230.6,230.56,230.59,363.0,BURL
2024-04-01 12:18:00,230.5,230.54,230.49,230.54,848.0,BURL
2024-04-01 12:17:00,230.39,230.39,230.39,230.39,234.0,BURL
2024-04-01 12:15:00,230.53,230.53,230.405,230.405,663.0,BURL
2024-04-01 12:14:00,230.2,230.3,230.2,230.3,995.0,BURL
2024-04-01 12:12:00,230.19,230.19,230.055,230.085,1366.0,BURL
2024-04-01 12:11:00,230.01,230.01,229.97,229.97,679.0,BURL
2024-04-01 12:10:00,230.115,230.115,230.03,230.035,1024.0,BURL
2024-04-01 12:09:00,230.17,230.22,229.96,230.0,1761.0,BURL
2024-04-01 12:08:00,230.0,230.17,229.94,230.115,2352.0,BURL
2024-04-01 12:07:00,229.98,230.11,229.98,230.065,1663.0,BURL
2024-04-01 12:06:00,230.11,230.11,229.885,229.885,819.0,BURL
2024-04-01 12:04:00,230.433,230.432,230.1,230.1,1636.0,BURL
2024-04-01 12:03:00,230.58,230.58,230.58,230.58,450.0,BURL
2024-04-01 12:02:00,230.5,230.5,230.385,230.385,549.0,BURL
2024-04-01 12:00:00,230.44,230.44,230.28,230.28,605.0,BURL
2024-04-01 11:59:00,230.21,230.34,230.21,230.34,317.0,BURL
2024-04-01 11:58:00,230.35,230.35,230.35,230.35,761.0,BURL
2024-04-01 11:57:00,230.14,230.22,230.14,230.21,611.0,BURL
2024-04-01 11:56:00,230.545,230.545,230.14,230.14,1828.0,BURL
2024-04-01 11:54:00,230.78,230.78,230.615,230.615,512.0,BURL
2024-04-01 11:53:00,230.57,230.57,230.41,230.48,1910.0,BURL
2024-04-01 11:52:00,230.735,230.735,230.735,230.735,145.0,BURL
2024-04-01 11:51:00,230.79,230.83,230.79,230.83,6405.0,BURL
2024-04-01 11:50:00,230.755,230.755,230.755,230.755,153.0,BURL
2024-04-01 11:48:00,230.0,230.715,230.0,230.715,5948.0,BURL
2024-04-01 11:47:00,229.96,230.0,229.85,230.0,1414.0,BURL
2024-04-01 11:46:00,229.95,229.98,229.84,229.855,3047.0,BURL
2024-04-01 11:45:00,230.0,230.0,229.72,229.835,889.0,BURL
2024-04-01 11:44:00,229.81,229.84,229.81,229.81,2058.0,BURL
2024-04-01 11:43:00,229.94,229.94,229.86,229.9,1797.0,BURL
2024-04-01 11:42:00,229.935,230.04,229.935,230.025,2358.0,BURL
2024-04-01 11:41:00,229.99,230.055,229.9,229.9,2477.0,BURL
2024-04-01 11:40:00,230.2,230.26,230.02,230.055,6208.0,BURL
2024-04-01 11:39:00,230.15,230.24,230.13,230.155,2146.0,BURL
2024-04-01 11:38:00,230.01,230.01,230.01,230.01,270.0,BURL
2024-04-01 11:37:00,230.155,230.155,230.155,230.155,366.0,BURL
2024-04-01 11:36:00,230.165,230.165,230.13,230.13,554.0,BURL
2024-04-01 11:35:00,230.01,230.03,230.01,230.03,340.0,BURL
2024-04-01 11:34:00,230.01,230.01,230.01,230.01,343.0,BURL
2024-04-01 11:33:00,230.04,230.2,230.04,230.175,819.0,BURL
2024-04-01 11:32:00,230.05,230.06,230.05,230.06,493.0,BURL
2024-04-01 11:31:00,230.07,230.07,230.07,230.07,517.0,BURL
2024-04-01 11:30:00,230.23,230.23,230.08,230.08,742.0,BURL
2024-04-01 11:28:00,230.2,230.2,230.165,230.165,666.0,BURL
2024-04-01 11:27:00,230.155,230.21,230.155,230.155,761.0,BURL
2024-04-01 11:26:00,230.155,230.155,230.09,230.09,411.0,BURL
2024-04-01 11:25:00,230.15,230.15,230.1,230.1,603.0,BURL
2024-04-01 11:24:00,230.2,230.35,230.12,230.12,1356.0,BURL
2024-04-01 11:23:00,230.19,230.27,230.15,230.23,2252.0,BURL
2024-04-01 11:22:00,230.17,230.17,230.17,230.17,321.0,BURL
2024-04-01 11:21:00,230.575,230.575,230.14,230.14,2569.0,BURL
2024-04-01 11:20:00,230.65,230.71,230.605,230.605,1772.0,BURL
2024-04-01 11:18:00,230.6,230.6,230.535,230.535,487.0,BURL
2024-04-01 11:17:00,230.6,230.6,230.535,230.535,1581.0,BURL
2024-04-01 11:16:00,230.76,230.76,230.76,230.76,528.0,BURL
2024-04-01 11:15:00,230.855,230.855,230.77,230.85,1813.0,BURL
2024-04-01 11:14:00,230.76,230.86,230.76,230.86,575.0,BURL
2024-04-01 11:13:00,231.08,231.18,230.75,230.75,64830.0,BURL
2024-04-01 11:12:00,231.22,231.28,231.22,231.28,11882.0,BURL
2024-04-01 11:11:00,231.235,231.26,231.235,231.25,976.0,BURL
2024-04-01 11:10:00,231.59,231.625,231.235,231.235,2435.0,BURL
2024-04-01 11:09:00,231.46,231.53,231.42,231.42,789.0,BURL
2024-04-01 11:08:00,231.26,231.34,231.26,231.34,592.0,BURL
2024-04-01 11:07:00,231.19,231.19,231.19,231.19,404.0,BURL
2024-04-01 11:06:00,231.16,231.16,231.05,231.05,971.0,BURL
2024-04-01 11:05:00,231.1,231.105,231.1,231.105,343.0,BURL
2024-04-01 11:04:00,231.1,231.1,231.1,231.1,218.0,BURL
2024-04-01 11:03:00,230.92,231.005,230.92,231.005,3226.0,BURL
2024-04-01 11:02:00,230.785,230.81,230.78,230.78,1002.0,BURL
2024-04-01 11:01:00,231.115,231.115,230.775,230.85,4465.0,BURL
2024-04-01 11:00:00,231.22,231.29,231.135,231.14,1495.0,BURL
2024-04-01 10:58:00,230.93,231.01,230.85,231.01,988.0,BURL
2024-04-01 10:57:00,230.82,230.89,230.82,230.88,546.0,BURL
2024-04-01 10:56:00,230.87,230.87,230.87,230.87,1015.0,BURL
2024-04-01 10:54:00,230.76,230.76,230.76,230.76,594.0,BURL
2024-04-01 10:53:00,230.37,230.63,230.3,230.63,2142.0,BURL
2024-04-01 10:52:00,230.17,230.24,230.14,230.24,2393.0,BURL
2024-04-01 10:51:00,230.47,230.47,230.47,230.47,404.0,BURL
2024-04-01 10:50:00,230.3,230.38,230.23,230.23,3233.0,BURL
2024-04-01 10:49:00,230.215,230.215,230.215,230.215,220.0,BURL
2024-04-01 10:48:00,230.43,230.43,230.23,230.27,2679.0,BURL
2024-04-01 10:47:00,230.32,230.32,230.32,230.32,216.0,BURL
2024-04-01 10:45:00,230.48,230.48,230.48,230.48,641.0,BURL
2024-04-01 10:44:00,230.45,230.45,230.45,230.45,466.0,BURL
2024-04-01 10:42:00,230.19,230.26,230.14,230.26,2328.0,BURL
2024-04-01 10:39:00,230.53,230.53,230.53,230.53,647.0,BURL
2024-04-01 10:38:00,230.28,230.42,230.28,230.39,1137.0,BURL
2024-04-01 10:37:00,230.18,230.18,230.11,230.11,759.0,BURL
2024-04-01 10:36:00,230.0,230.14,230.0,230.05,1493.0,BURL
2024-04-01 10:35:00,229.91,230.07,229.905,229.905,2252.0,BURL
2024-04-01 10:34:00,230.07,230.07,230.07,230.07,403.0,BURL
2024-04-01 10:33:00,230.0,230.15,230.0,230.09,809.0,BURL
2024-04-01 10:32:00,229.815,230.0,229.815,230.0,989.0,BURL
2024-04-01 10:31:00,229.795,229.815,229.795,229.815,477.0,BURL
2024-04-01 10:30:00,230.0,230.0,230.0,230.0,738.0,BURL
2024-04-01 10:29:00,229.925,229.925,229.74,229.74,1142.0,BURL
2024-04-01 10:27:00,230.08,230.12,229.94,229.94,2183.0,BURL
2024-04-01 10:25:00,230.15,230.15,230.1,230.1,637.0,BURL
2024-04-01 10:24:00,230.65,230.65,230.3,230.3,750.0,BURL
2024-04-01 10:23:00,230.41,230.41,230.39,230.41,705.0,BURL
2024-04-01 10:22:00,230.27,230.45,230.27,230.43,2634.0,BURL
2024-04-01 10:21:00,230.77,230.77,230.36,230.36,1515.0,BURL
2024-04-01 10:19:00,230.7,230.7,230.51,230.66,1676.0,BURL
2024-04-01 10:18:00,230.91,231.26,230.79,230.79,3539.0,BURL
2024-04-01 10:17:00,231.06,231.11,230.78,230.805,2866.0,BURL
2024-04-01 10:16:00,231.225,231.225,231.225,231.225,268.0,BURL
2024-04-01 10:15:00,231.47,231.47,231.19,231.19,992.0,BURL
2024-04-01 10:12:00,231.07,231.31,231.06,231.31,1891.0,BURL
2024-04-01 10:11:00,230.78,230.78,230.765,230.765,309.0,BURL
2024-04-01 10:10:00,230.87,231.06,230.81,230.81,1684.0,BURL
2024-04-01 10:09:00,230.66,230.92,230.66,230.92,1171.0,BURL
2024-04-01 10:08:00,230.675,230.81,230.525,230.695,4030.0,BURL
2024-04-01 10:07:00,231.21,231.28,230.685,230.685,2378.0,BURL
2024-04-01 10:06:00,231.54,231.67,231.21,231.21,2786.0,BURL
2024-04-01 10:05:00,231.49,231.49,231.42,231.42,330.0,BURL
2024-04-01 10:04:00,231.78,231.78,231.42,231.48,1155.0,BURL
2024-04-01 10:03:00,231.77,232.13,231.77,231.875,2849.0,BURL
2024-04-01 10:02:00,231.78,231.78,231.77,231.77,1272.0,BURL
2024-04-01 10:01:00,231.785,231.785,231.785,231.785,187.0,BURL
2024-04-01 10:00:00,231.86,231.9,231.39,231.39,3976.0,BURL
2024-04-01 09:59:00,232.215,232.34,231.92,232.34,2259.0,BURL
2024-04-01 09:58:00,232.15,232.25,232.15,232.215,1855.0,BURL
2024-04-01 09:57:00,231.73,231.83,231.72,231.83,1533.0,BURL
2024-04-01 09:56:00,231.42,231.63,231.42,231.63,2927.0,BURL
2024-04-01 09:55:00,231.68,231.68,231.26,231.4,728.0,BURL
2024-04-01 09:54:00,231.7,231.73,231.7,231.7,655.0,BURL
2024-04-01 09:53:00,231.17,231.455,231.135,231.14,1571.0,BURL
2024-04-01 09:52:00,231.11,231.11,231.11,231.11,334.0,BURL
2024-04-01 09:51:00,230.75,230.875,230.75,230.875,1658.0,BURL
2024-04-01 09:50:00,230.455,230.455,230.455,230.455,432.0,BURL
2024-04-01 09:48:00,230.75,230.77,230.36,230.36,1835.0,BURL
2024-04-01 09:47:00,230.39,230.39,230.39,230.39,594.0,BURL
2024-04-01 09:46:00,230.2,230.2,230.2,230.2,1048.0,BURL
2024-04-01 09:45:00,230.86,230.86,230.015,230.015,1615.0,BURL
2024-04-01 09:44:00,230.625,230.625,230.39,230.39,518.0,BURL
2024-04-01 09:43:00,230.62,230.67,230.505,230.63,2370.0,BURL
2024-04-01 09:42:00,231.055,231.33,230.57,230.688,6330.0,BURL
2024-04-01 09:41:00,231.08,231.12,230.9,230.9,2853.0,BURL
2024-04-01 09:40:00,230.42,230.86,230.42,230.86,773.0,BURL
2024-04-01 09:39:00,230.84,231.31,230.84,231.31,622.0,BURL
2024-04-01 09:38:00,230.525,230.525,230.525,230.525,191.0,BURL
2024-04-01 09:37:00,230.46,230.46,230.405,230.405,550.0,BURL
2024-04-01 09:36:00,230.3,230.78,230.155,230.78,3154.0,BURL
2024-04-01 09:35:00,231.07,231.07,229.915,229.915,2329.0,BURL
2024-04-01 09:34:00,230.6,230.6,230.02,230.02,336.0,BURL
2024-04-01 09:33:00,231.22,231.22,231.22,231.22,649.0,BURL
2024-04-01 09:32:00,230.705,230.705,229.98,230.65,1164.0,BURL
2024-04-01 09:31:00,231.13,231.625,230.615,230.705,7447.0,BURL
2024-04-01 09:30:00,231.56,231.805,231.13,231.13,5789.0,BURL
2024-04-01 09:03:00,232.19,232.19,232.19,232.19,1.0,BURL
2024-04-01 08:35:00,233.29,233.29,233.29,233.29,1.0,BURL
2024-04-01 07:29:00,232.99,232.99,232.99,232.99,10.0,BURL
2024-04-01 07:23:00,232.99,232.99,232.99,232.99,4.0,BURL
2024-04-01 07:00:00,233.0,233.0,233.0,233.0,1.0,BURL
2024-03-28 19:00:00,232.19,232.19,232.19,232.19,105317.0,BURL
2024-03-28 18:54:00,232.99,233.0,232.99,233.0,2.0,BURL
2024-03-28 18:30:00,232.19,232.19,232.19,232.19,105317.0,BURL
2024-03-28 17:56:00,233.076,233.076,233.076,233.076,22.0,BURL
2024-03-28 17:29:00,231.19,231.19,231.19,231.19,15.0,BURL
2024-03-28 17:12:00,232.19,232.19,232.19,232.19,7881.0,BURL
2024-03-28 16:51:00,232.19,232.19,232.19,232.19,51953.0,BURL
2024-03-28 16:36:00,230.11,230.11,230.11,230.11,200.0,BURL
2024-03-28 16:23:00,232.19,232.19,232.19,232.19,5286.0,BURL
2024-03-28 16:22:00,230.0,230.0,230.0,230.0,10.0,BURL
2024-03-28 16:21:00,230.0,230.0,230.0,230.0,100.0,BURL
2024-03-28 16:20:00,232.19,232.19,232.19,232.19,94.0,BURL
2024-03-28 16:14:00,232.19,232.19,232.19,232.19,49.0,BURL
2024-03-28 16:10:00,232.19,232.19,232.19,232.19,105317.0,BURL
2024-03-28 16:02:00,232.19,232.19,232.19,232.19,258.0,BURL
2024-03-28 16:01:00,232.191,232.191,232.189,232.19,4558.0,BURL
2024-03-28 16:00:00,232.08,232.19,232.08,232.19,217669.0,BURL
2024-03-28 15:59:00,232.19,232.46,231.95,232.08,25424.0,BURL
2024-03-28 15:58:00,232.18,232.25,232.08,232.18,12762.0,BURL
2024-03-28 15:57:00,231.96,232.2,231.875,232.1,11285.0,BURL
2024-03-28 15:56:00,232.13,232.14,231.79,231.79,16641.0,BURL
2024-03-28 15:55:00,232.35,232.46,232.115,232.115,10760.0,BURL
2024-03-28 15:54:00,231.955,232.24,231.955,232.24,7273.0,BURL
2024-03-28 15:53:00,231.91,232.03,231.905,231.93,4490.0,BURL
2024-03-28 15:52:00,232.04,232.07,231.89,231.91,10215.0,BURL
2024-03-28 15:51:00,231.665,231.995,231.665,231.995,3373.0,BURL
2024-03-28 15:50:00,231.89,231.89,231.45,231.62,10845.0,BURL
2024-03-28 15:49:00,231.9,232.01,231.9,231.91,4024.0,BURL
2024-03-28 15:48:00,232.05,232.05,231.895,231.895,3480.0,BURL
2024-03-28 15:47:00,232.06,232.125,232.05,232.06,2312.0,BURL
2024-03-28 15:46:00,231.95,232.06,231.91,232.04,2789.0,BURL
2024-03-28 15:45:00,231.88,231.96,231.88,231.92,928.0,BURL
2024-03-28 15:44:00,231.61,231.88,231.61,231.88,2338.0,BURL
2024-03-28 15:43:00,231.6,231.66,231.575,231.61,1892.0,BURL
2024-03-28 15:42:00,231.61,231.64,231.47,231.62,5003.0,BURL
2024-03-28 15:41:00,231.593,231.61,231.585,231.61,874.0,BURL
2024-03-28 15:40:00,231.64,231.693,231.58,231.6,3599.0,BURL
2024-03-28 15:39:00,231.68,231.68,231.68,231.68,357.0,BURL
2024-03-28 15:38:00,231.92,231.98,231.68,231.68,5382.0,BURL
2024-03-28 15:37:00,232.03,232.1,232.02,232.02,921.0,BURL
2024-03-28 15:36:00,231.83,231.865,231.83,231.865,782.0,BURL
2024-03-28 15:35:00,231.46,231.78,231.46,231.765,3603.0,BURL
2024-03-28 15:34:00,231.4,231.487,231.4,231.487,1532.0,BURL
2024-03-28 15:33:00,231.36,231.42,231.36,231.365,1067.0,BURL
2024-03-28 15:32:00,231.25,231.35,231.23,231.35,2681.0,BURL
2024-03-28 15:31:00,231.365,231.365,231.365,231.365,330.0,BURL
2024-03-28 15:30:00,231.32,231.39,231.3,231.3,997.0,BURL
2024-03-28 15:29:00,231.28,231.315,231.27,231.27,1005.0,BURL
2024-03-28 15:28:00,231.22,231.26,231.2,231.26,1585.0,BURL
2024-03-28 15:27:00,231.26,231.26,231.21,231.21,905.0,BURL
2024-03-28 15:26:00,231.26,231.31,231.25,231.3,1919.0,BURL
2024-03-28 15:25:00,231.19,231.29,231.19,231.29,1491.0,BURL
2024-03-28 15:24:00,231.12,231.2,231.1,231.2,1365.0,BURL
2024-03-28 15:23:00,231.125,231.19,231.0,231.115,3753.0,BURL
2024-03-28 15:22:00,231.125,231.18,231.125,231.18,457.0,BURL
2024-03-28 15:21:00,231.08,231.17,231.08,231.17,1948.0,BURL
2024-03-28 15:20:00,231.11,231.11,231.08,231.08,1285.0,BURL
2024-03-28 15:19:00,231.07,231.07,231.04,231.05,1419.0,BURL
2024-03-28 15:18:00,231.1,231.107,231.1,231.108,342.0,BURL
2024-03-28 15:17:00,231.14,231.14,231.06,231.06,1428.0,BURL
2024-03-28 15:16:00,231.1,231.17,231.1,231.17,558.0,BURL
2024-03-28 15:15:00,231.1,231.13,231.1,231.13,476.0,BURL
2024-03-28 15:14:00,231.105,231.18,231.06,231.18,1647.0,BURL
2024-03-28 15:13:00,230.95,231.12,230.95,231.12,1166.0,BURL
2024-03-28 15:12:00,230.955,230.99,230.955,230.99,604.0,BURL
2024-03-28 15:11:00,230.88,230.98,230.86,230.95,1038.0,BURL
2024-03-28 15:10:00,230.84,230.91,230.84,230.88,1117.0,BURL
2024-03-28 15:09:00,230.73,230.753,230.73,230.753,562.0,BURL
2024-03-28 15:08:00,230.66,230.775,230.62,230.775,3400.0,BURL
2024-03-28 15:07:00,230.49,230.49,230.41,230.41,941.0,BURL
2024-03-28 15:06:00,230.51,230.51,230.51,230.51,482.0,BURL
2024-03-28 15:05:00,230.54,230.63,230.53,230.63,571.0,BURL
2024-03-28 15:04:00,230.81,230.81,230.464,230.464,1059.0,BURL
2024-03-28 15:03:00,230.8,230.8,230.8,230.8,291.0,BURL
2024-03-28 15:02:00,231.29,231.3,230.93,230.93,4335.0,BURL
2024-03-28 15:01:00,231.385,231.385,231.385,231.385,300.0,BURL
2024-03-28 15:00:00,231.385,231.45,231.385,231.45,443.0,BURL
2024-03-28 14:58:00,231.45,231.45,231.45,231.45,312.0,BURL
2024-03-28 14:57:00,231.23,231.45,231.23,231.45,5518.0,BURL
2024-03-28 14:56:00,230.86,231.04,230.84,231.04,2227.0,BURL
2024-03-28 14:55:00,230.82,230.825,230.82,230.825,243.0,BURL
2024-03-28 14:54:00,230.75,230.81,230.75,230.81,981.0,BURL
2024-03-28 14:53:00,230.86,230.86,230.76,230.76,1278.0,BURL
2024-03-28 14:52:00,230.88,230.88,230.82,230.855,834.0,BURL
2024-03-28 14:51:00,230.735,230.85,230.735,230.78,2097.0,BURL
2024-03-28 14:50:00,230.725,230.74,230.7,230.7,480.0,BURL
2024-03-28 14:49:00,230.64,230.75,230.64,230.75,545.0,BURL
2024-03-28 14:48:00,230.77,230.77,230.692,230.77,2029.0,BURL
2024-03-28 14:47:00,230.83,230.84,230.77,230.8,482.0,BURL
2024-03-28 14:46:00,230.865,230.865,230.77,230.77,440.0,BURL
2024-03-28 14:45:00,230.865,230.865,230.83,230.865,698.0,BURL
2024-03-28 14:44:00,230.825,230.88,230.825,230.84,746.0,BURL
2024-03-28 14:43:00,230.77,230.88,230.77,230.88,1016.0,BURL
2024-03-28 14:42:00,230.69,230.75,230.69,230.725,1380.0,BURL
2024-03-28 14:41:00,230.72,230.86,230.62,230.775,5722.0,BURL
2024-03-28 14:40:00,230.51,230.51,230.5,230.5,465.0,BURL
2024-03-28 14:39:00,230.56,230.56,230.53,230.53,574.0,BURL
2024-03-28 14:38:00,230.53,230.75,230.53,230.75,2842.0,BURL
2024-03-28 14:37:00,230.69,230.69,230.68,230.68,754.0,BURL
2024-03-28 14:36:00,230.72,230.72,230.72,230.72,534.0,BURL
2024-03-28 14:35:00,230.675,230.76,230.675,230.75,1039.0,BURL
2024-03-28 14:34:00,230.73,230.73,230.67,230.69,726.0,BURL
2024-03-28 14:33:00,230.68,230.7,230.67,230.67,415.0,BURL
2024-03-28 14:32:00,230.68,230.74,230.68,230.68,518.0,BURL
2024-03-28 14:31:00,230.7,230.75,230.7,230.75,354.0,BURL
2024-03-28 14:30:00,230.8,230.8,230.75,230.75,425.0,BURL
2024-03-28 14:29:00,230.875,230.875,230.78,230.82,326.0,BURL
2024-03-28 14:28:00,230.83,230.875,230.83,230.875,513.0,BURL
2024-03-28 14:27:00,231.16,231.19,230.875,230.875,3952.0,BURL
2024-03-28 14:26:00,231.17,231.18,231.17,231.17,1980.0,BURL
2024-03-28 14:25:00,231.18,231.18,231.18,231.18,216.0,BURL
2024-03-28 14:24:00,231.273,231.272,231.272,231.273,120.0,BURL
2024-03-28 14:23:00,231.355,231.355,231.17,231.22,1156.0,BURL
2024-03-28 14:22:00,231.35,231.44,231.35,231.355,554.0,BURL
2024-03-28 14:21:00,231.32,231.32,231.32,231.32,141.0,BURL
2024-03-28 14:20:00,231.39,231.4,231.35,231.35,514.0,BURL
2024-03-28 14:19:00,230.96,231.38,230.96,231.275,7759.0,BURL
2024-03-28 14:18:00,230.99,231.01,230.93,230.96,3223.0,BURL
2024-03-28 14:17:00,230.95,230.95,230.95,230.95,449.0,BURL
2024-03-28 14:16:00,231.0,231.0,231.0,231.0,312.0,BURL
2024-03-28 14:15:00,230.995,230.995,230.995,230.995,397.0,BURL
2024-03-28 14:14:00,231.015,231.015,231.015,231.015,479.0,BURL
2024-03-28 14:12:00,231.1,231.1,231.1,231.1,562.0,BURL
2024-03-28 14:11:00,231.14,231.14,231.09,231.09,520.0,BURL
2024-03-28 14:10:00,231.04,231.04,231.04,231.04,216.0,BURL
2024-03-28 14:09:00,231.01,231.08,231.01,231.04,603.0,BURL
2024-03-28 14:08:00,231.05,231.05,231.05,231.05,156.0,BURL
2024-03-28 14:07:00,230.935,231.04,230.935,231.04,588.0,BURL
2024-03-28 14:06:00,230.875,231.01,230.875,230.945,738.0,BURL
2024-03-28 14:05:00,230.875,230.875,230.875,230.875,104.0,BURL
2024-03-28 14:04:00,230.7,230.87,230.665,230.86,2605.0,BURL
2024-03-28 14:03:00,230.62,230.665,230.61,230.665,1617.0,BURL
2024-03-28 14:02:00,230.675,230.77,230.67,230.67,2273.0,BURL
2024-03-28 14:01:00,230.71,230.71,230.64,230.64,477.0,BURL
2024-03-28 13:59:00,230.63,230.68,230.63,230.68,259.0,BURL
2024-03-28 13:58:00,230.69,230.69,230.605,230.69,710.0,BURL
2024-03-28 13:57:00,230.5,230.69,230.5,230.605,3347.0,BURL
2024-03-28 13:56:00,230.5,230.5,230.49,230.49,431.0,BURL
2024-03-28 13:54:00,230.59,230.59,230.55,230.55,546.0,BURL
2024-03-28 13:53:00,230.56,230.6,230.56,230.6,409.0,BURL
2024-03-28 13:52:00,230.61,230.61,230.61,230.61,255.0,BURL
2024-03-28 13:51:00,230.72,230.73,230.64,230.64,1231.0,BURL
2024-03-28 13:50:00,230.715,230.715,230.67,230.67,229.0,BURL
2024-03-28 13:49:00,230.7,230.7,230.7,230.7,270.0,BURL
2024-03-28 13:48:00,230.73,230.73,230.73,230.73,124.0,BURL
2024-03-28 13:47:00,230.915,230.915,230.8,230.83,1462.0,BURL
2024-03-28 13:46:00,230.895,230.91,230.82,230.82,392.0,BURL
2024-03-28 13:45:00,230.79,230.895,230.79,230.895,932.0,BURL
2024-03-28 13:44:00,230.711,230.711,230.711,230.711,1343.0,BURL
2024-03-28 13:42:00,230.59,230.74,230.585,230.65,2379.0,BURL
2024-03-28 13:41:00,230.52,230.72,230.52,230.61,2344.0,BURL
2024-03-28 13:40:00,230.83,230.83,230.57,230.57,2659.0,BURL
2024-03-28 13:39:00,230.86,230.86,230.845,230.845,867.0,BURL
2024-03-28 13:38:00,230.74,230.75,230.74,230.75,215.0,BURL
2024-03-28 13:37:00,230.82,230.83,230.742,230.742,397.0,BURL
2024-03-28 13:36:00,230.8,230.83,230.76,230.76,1450.0,BURL
2024-03-28 13:33:00,230.83,231.01,230.83,230.92,1275.0,BURL
2024-03-28 13:31:00,230.632,230.93,230.632,230.82,6796.0,BURL
2024-03-28 13:30:00,230.57,230.63,230.55,230.603,1428.0,BURL
2024-03-28 13:29:00,230.56,230.65,230.56,230.57,819.0,BURL
2024-03-28 13:28:00,230.64,230.64,230.56,230.56,698.0,BURL
2024-03-28 13:27:00,230.7,230.7,230.685,230.69,826.0,BURL
2024-03-28 13:26:00,230.7,230.7,230.69,230.69,344.0,BURL
2024-03-28 13:25:00,230.54,230.65,230.54,230.65,1089.0,BURL
2024-03-28 13:24:00,230.46,230.56,230.39,230.56,2360.0,BURL
2024-03-28 13:23:00,230.445,230.445,230.445,230.445,213.0,BURL
2024-03-28 13:22:00,230.44,230.44,230.44,230.44,200.0,BURL
2024-03-28 13:21:00,230.46,230.46,230.46,230.46,264.0,BURL
2024-03-28 13:20:00,230.57,230.57,230.57,230.57,545.0,BURL
2024-03-28 13:19:00,230.655,230.655,230.61,230.61,769.0,BURL
2024-03-28 13:18:00,230.7,230.7,230.62,230.62,845.0,BURL
2024-03-28 13:17:00,230.735,230.735,230.735,230.735,370.0,BURL
2024-03-28 13:16:00,230.91,230.91,230.69,230.69,2465.0,BURL
2024-03-28 13:15:00,231.01,231.01,230.94,230.94,476.0,BURL
2024-03-28 13:14:00,230.97,231.03,230.97,231.03,738.0,BURL
2024-03-28 13:11:00,231.025,231.025,230.94,230.94,397.0,BURL
2024-03-28 13:10:00,230.895,231.02,230.895,231.015,2098.0,BURL
2024-03-28 13:09:00,230.865,230.925,230.84,230.84,908.0,BURL
2024-03-28 13:08:00,230.91,230.91,230.91,230.91,305.0,BURL
2024-03-28 13:07:00,230.84,230.94,230.84,230.9,1881.0,BURL
2024-03-28 13:06:00,230.86,230.86,230.77,230.77,602.0,BURL
2024-03-28 13:05:00,230.8,230.87,230.8,230.86,2033.0,BURL
2024-03-28 13:04:00,230.765,230.765,230.66,230.66,416.0,BURL
2024-03-28 13:03:00,230.805,230.805,230.695,230.7,580.0,BURL
2024-03-28 13:02:00,230.78,230.78,230.78,230.78,476.0,BURL
2024-03-28 13:01:00,230.75,230.75,230.75,230.75,370.0,BURL
2024-03-28 13:00:00,230.905,230.905,230.79,230.79,1594.0,BURL
2024-03-28 12:59:00,230.86,230.885,230.81,230.885,777.0,BURL
2024-03-28 12:58:00,230.745,230.745,230.745,230.745,226.0,BURL
2024-03-28 12:57:00,230.75,230.75,230.75,230.75,102.0,BURL
2024-03-28 12:56:00,231.18,231.18,230.83,230.83,1255.0,BURL
2024-03-28 12:55:00,231.33,231.33,231.26,231.26,835.0,BURL
2024-03-28 12:54:00,231.31,231.31,231.31,231.31,121.0,BURL
2024-03-28 12:53:00,231.405,231.405,231.405,231.405,223.0,BURL
2024-03-28 12:52:00,231.4,231.405,231.4,231.405,312.0,BURL
2024-03-28 12:51:00,231.395,231.395,231.395,231.395,225.0,BURL
2024-03-28 12:50:00,231.265,231.49,231.265,231.49,2917.0,BURL
2024-03-28 12:49:00,231.298,231.298,231.28,231.28,1655.0,BURL
2024-03-28 12:48:00,231.315,231.5,231.315,231.375,2377.0,BURL
2024-03-28 12:47:00,231.3,231.3,231.245,231.245,972.0,BURL
2024-03-28 12:46:00,231.35,231.5,231.32,231.35,3875.0,BURL
2024-03-28 12:44:00,231.435,231.435,231.435,231.435,109.0,BURL
2024-03-28 12:43:00,231.435,231.435,231.435,231.435,167.0,BURL
2024-03-28 12:42:00,231.435,231.435,231.435,231.435,155.0,BURL
2024-03-28 12:41:00,231.335,231.42,231.33,231.405,1910.0,BURL
2024-03-28 12:40:00,231.51,231.51,231.235,231.235,520.0,BURL
2024-03-28 12:39:00,231.55,231.55,231.42,231.468,1069.0,BURL
2024-03-28 12:38:00,231.67,231.67,231.64,231.66,859.0,BURL
2024-03-28 12:36:00,231.68,231.68,231.68,231.68,217.0,BURL
2024-03-28 12:34:00,231.83,231.83,231.73,231.73,451.0,BURL
2024-03-28 12:33:00,232.16,232.19,231.78,231.78,4672.0,BURL
2024-03-28 12:32:00,232.215,232.33,232.13,232.195,7257.0,BURL
2024-03-28 12:29:00,232.26,232.26,232.26,232.26,241.0,BURL
2024-03-28 12:27:00,232.14,232.14,232.06,232.09,2121.0,BURL
2024-03-28 12:26:00,232.14,232.235,232.14,232.14,877.0,BURL
2024-03-28 12:25:00,232.14,232.195,232.14,232.195,491.0,BURL
2024-03-28 12:23:00,232.34,232.34,232.14,232.14,1882.0,BURL
2024-03-28 12:22:00,232.33,232.33,232.33,232.33,141.0,BURL
2024-03-28 12:21:00,232.29,232.38,232.29,232.33,806.0,BURL
2024-03-28 12:20:00,232.3,232.3,232.285,232.285,533.0,BURL
2024-03-28 12:19:00,232.18,232.46,232.18,232.305,4769.0,BURL
2024-03-28 12:18:00,232.22,232.22,232.22,232.22,116.0,BURL
2024-03-28 12:17:00,232.175,232.175,232.175,232.175,242.0,BURL
2024-03-28 12:16:00,232.14,232.14,232.14,232.14,275.0,BURL
2024-03-28 12:15:00,232.155,232.155,232.155,232.155,222.0,BURL
2024-03-28 12:14:00,232.21,232.21,232.21,232.21,149.0,BURL
2024-03-28 12:13:00,232.1,232.22,232.1,232.2,2030.0,BURL
2024-03-28 12:12:00,232.095,232.095,232.095,232.095,100.0,BURL
2024-03-28 12:11:00,232.085,232.085,231.99,231.995,704.0,BURL
2024-03-28 12:10:00,232.08,232.08,232.08,232.08,122.0,BURL
2024-03-28 12:08:00,232.07,232.07,232.07,232.07,355.0,BURL
2024-03-28 12:07:00,231.96,232.07,231.96,232.05,3166.0,BURL
2024-03-28 12:06:00,232.18,232.18,232.1,232.1,846.0,BURL
2024-03-28 12:05:00,232.175,232.18,232.175,232.18,552.0,BURL
2024-03-28 12:04:00,232.175,232.175,232.175,232.175,256.0,BURL
2024-03-28 12:01:00,232.0,232.0,232.0,232.0,100.0,BURL
2024-03-28 12:00:00,232.11,232.11,232.11,232.11,670.0,BURL
2024-03-28 11:59:00,232.24,232.24,232.24,232.24,505.0,BURL
2024-03-28 11:58:00,232.42,232.425,232.12,232.32,5723.0,BURL
2024-03-28 11:56:00,232.33,232.44,232.31,232.43,2139.0,BURL
2024-03-28 11:55:00,232.42,232.42,232.41,232.41,241.0,BURL
2024-03-28 11:53:00,232.48,232.55,232.48,232.48,1174.0,BURL
2024-03-28 11:52:00,232.37,232.37,232.37,232.37,156.0,BURL
2024-03-28 11:51:00,232.12,232.38,231.98,232.38,3779.0,BURL
2024-03-28 11:50:00,231.97,231.985,231.92,231.985,861.0,BURL
2024-03-28 11:49:00,232.055,232.055,232.055,232.055,142.0,BURL
2024-03-28 11:48:00,231.96,232.09,231.96,232.05,1682.0,BURL
2024-03-28 11:47:00,231.815,231.88,231.815,231.88,345.0,BURL
2024-03-28 11:46:00,231.9,231.96,231.86,231.9,4210.0,BURL
2024-03-28 11:44:00,231.97,231.97,231.97,231.97,412.0,BURL
2024-03-28 11:43:00,231.96,231.96,231.96,231.96,134.0,BURL
2024-03-28 11:42:00,231.96,231.96,231.96,231.96,548.0,BURL
2024-03-28 11:41:00,232.2,232.2,232.1,232.1,828.0,BURL
2024-03-28 11:38:00,232.32,232.32,232.32,232.32,195.0,BURL
2024-03-28 11:37:00,232.31,232.315,232.31,232.315,561.0,BURL
2024-03-28 11:36:00,232.595,232.63,232.265,232.39,9558.0,BURL
2024-03-28 11:35:00,232.595,232.6,232.58,232.58,937.0,BURL
2024-03-28 11:33:00,232.59,232.62,232.52,232.59,1462.0,BURL
2024-03-28 11:31:00,232.42,232.53,232.42,232.52,4796.0,BURL
2024-03-28 11:30:00,232.42,232.42,232.42,232.42,209.0,BURL
2024-03-28 11:29:00,232.46,232.46,232.419,232.419,254.0,BURL
2024-03-28 11:28:00,232.455,232.455,232.455,232.455,199.0,BURL
2024-03-28 11:27:00,232.42,232.42,232.38,232.42,787.0,BURL
2024-03-28 11:24:00,232.47,232.49,232.435,232.49,1110.0,BURL
2024-03-28 11:23:00,232.485,232.485,232.43,232.43,289.0,BURL
2024-03-28 11:22:00,232.485,232.485,232.485,232.485,125.0,BURL
2024-03-28 11:21:00,232.67,232.67,232.42,232.483,2125.0,BURL
2024-03-28 11:20:00,232.63,232.68,232.59,232.665,1086.0,BURL
2024-03-28 11:19:00,232.57,232.69,232.57,232.665,466.0,BURL
2024-03-28 11:18:00,232.36,232.59,232.335,232.59,3065.0,BURL
2024-03-28 11:17:00,232.42,232.42,232.42,232.42,521.0,BURL
2024-03-28 11:16:00,232.285,232.295,232.285,232.295,509.0,BURL
2024-03-28 11:15:00,232.27,232.41,232.27,232.36,416.0,BURL
2024-03-28 11:14:00,232.365,232.365,232.28,232.28,662.0,BURL
2024-03-28 11:13:00,232.26,232.27,232.26,232.27,544.0,BURL
2024-03-28 11:11:00,232.38,232.38,232.05,232.05,2191.0,BURL
2024-03-28 11:10:00,231.33,232.31,231.25,232.31,12145.0,BURL
2024-03-28 11:07:00,231.33,231.33,231.33,231.33,115.0,BURL
2024-03-28 11:06:00,231.32,231.37,231.26,231.33,2140.0,BURL
2024-03-28 11:05:00,231.26,231.26,231.2,231.2,573.0,BURL
2024-03-28 11:04:00,231.26,231.26,231.2,231.2,546.0,BURL
2024-03-28 11:02:00,231.31,231.31,231.24,231.24,1670.0,BURL
2024-03-28 11:01:00,231.39,231.41,231.39,231.41,503.0,BURL
2024-03-28 11:00:00,231.475,231.475,231.38,231.38,1408.0,BURL
2024-03-28 10:58:00,231.57,231.57,231.475,231.475,982.0,BURL
2024-03-28 10:53:00,231.08,231.31,231.03,231.29,5857.0,BURL
2024-03-28 10:52:00,230.97,231.03,230.97,230.995,1376.0,BURL
2024-03-28 10:51:00,231.0,231.0,230.98,230.995,922.0,BURL
2024-03-28 10:50:00,230.98,230.98,230.87,230.87,481.0,BURL
2024-03-28 10:49:00,230.625,231.04,230.62,230.99,5250.0,BURL
2024-03-28 10:48:00,230.79,230.79,230.505,230.505,10876.0,BURL
2024-03-28 10:46:00,230.88,230.89,230.78,230.78,585.0,BURL
2024-03-28 10:45:00,231.16,231.16,230.84,230.84,2111.0,BURL
2024-03-28 10:44:00,231.07,231.19,231.07,231.19,412.0,BURL
2024-03-28 10:43:00,231.05,231.05,231.05,231.05,237.0,BURL
2024-03-28 10:42:00,231.15,231.15,231.15,231.15,213.0,BURL
2024-03-28 10:41:00,231.15,231.15,231.04,231.04,321.0,BURL
2024-03-28 10:40:00,231.145,231.145,231.145,231.145,417.0,BURL
2024-03-28 10:39:00,231.145,231.145,231.145,231.145,110.0,BURL
2024-03-28 10:38:00,231.02,231.02,231.02,231.02,277.0,BURL
2024-03-28 10:37:00,231.14,231.14,231.14,231.14,404.0,BURL
2024-03-28 10:36:00,231.125,231.13,231.125,231.13,465.0,BURL
2024-03-28 10:35:00,231.01,231.125,231.01,231.125,382.0,BURL
2024-03-28 10:34:00,231.125,231.125,231.125,231.125,242.0,BURL
2024-03-28 10:33:00,231.161,231.161,231.03,231.05,1238.0,BURL
2024-03-28 10:32:00,231.17,231.17,231.1,231.13,1491.0,BURL
2024-03-28 10:31:00,231.14,231.375,231.14,231.375,1978.0,BURL
2024-03-28 10:30:00,231.175,231.175,231.175,231.175,440.0,BURL
2024-03-28 10:29:00,231.16,231.16,231.16,231.16,103.0,BURL
2024-03-28 10:28:00,231.03,231.25,231.03,231.155,2170.0,BURL
2024-03-28 10:27:00,230.855,231.02,230.855,230.935,2269.0,BURL
2024-03-28 10:26:00,230.74,230.74,230.73,230.74,378.0,BURL
2024-03-28 10:25:00,230.865,230.865,230.72,230.72,535.0,BURL
2024-03-28 10:24:00,230.87,230.87,230.87,230.87,388.0,BURL
2024-03-28 10:23:00,231.33,231.33,231.11,231.23,1478.0,BURL
2024-03-28 10:22:00,231.34,231.43,231.33,231.43,740.0,BURL
2024-03-28 10:21:00,231.85,231.85,231.47,231.58,2019.0,BURL
2024-03-28 10:20:00,232.02,232.06,231.79,232.0,2613.0,BURL
2024-03-28 10:19:00,232.03,232.16,232.03,232.16,328.0,BURL
2024-03-28 10:18:00,232.01,232.01,232.01,232.01,1055.0,BURL
2024-03-28 10:17:00,232.005,232.005,231.975,231.975,391.0,BURL
2024-03-28 10:16:00,231.95,231.95,231.935,231.935,559.0,BURL
2024-03-28 10:15:00,231.58,231.8,231.58,231.73,1969.0,BURL
2024-03-28 10:14:00,231.365,231.51,231.365,231.51,754.0,BURL
2024-03-28 10:13:00,231.4,231.41,231.39,231.41,602.0,BURL
2024-03-28 10:12:00,231.625,231.625,231.625,231.625,368.0,BURL
2024-03-28 10:11:00,231.46,231.75,231.4,231.65,3093.0,BURL
2024-03-28 10:10:00,231.4,231.4,231.4,231.4,443.0,BURL
2024-03-28 10:07:00,231.69,231.69,231.41,231.41,1805.0,BURL
2024-03-28 10:05:00,231.78,231.78,231.75,231.77,939.0,BURL
2024-03-28 10:04:00,231.77,231.88,231.77,231.88,661.0,BURL
2024-03-28 10:03:00,231.81,231.915,231.79,231.81,2029.0,BURL
2024-03-28 10:02:00,231.745,231.79,231.69,231.79,1467.0,BURL
2024-03-28 10:01:00,231.1,231.74,231.1,231.675,2148.0,BURL
2024-03-28 09:58:00,230.8,230.82,230.8,230.82,300.0,BURL
2024-03-28 09:57:00,230.795,230.795,230.795,230.795,129.0,BURL
2024-03-28 09:56:00,230.73,230.74,230.73,230.73,331.0,BURL
2024-03-28 09:54:00,230.77,230.77,230.68,230.68,529.0,BURL
2024-03-28 09:53:00,230.9,230.9,230.81,230.81,702.0,BURL
2024-03-28 09:52:00,230.64,230.985,230.64,230.9,4559.0,BURL
2024-03-28 09:50:00,230.47,230.65,230.47,230.65,522.0,BURL
2024-03-28 09:49:00,230.91,230.91,230.59,230.59,2189.0,BURL
2024-03-28 09:48:00,230.91,230.955,230.87,230.955,2077.0,BURL
2024-03-28 09:47:00,230.91,230.965,230.74,230.94,1052.0,BURL
2024-03-28 09:46:00,230.885,230.885,230.885,230.885,359.0,BURL
2024-03-28 09:44:00,230.885,230.885,230.885,230.885,307.0,BURL
2024-03-28 09:42:00,230.64,230.65,230.61,230.61,856.0,BURL
2024-03-28 09:40:00,230.67,230.915,230.67,230.915,1212.0,BURL
2024-03-28 09:39:00,230.995,231.45,230.67,230.67,2338.0,BURL
2024-03-28 09:38:00,231.005,231.005,230.985,230.985,474.0,BURL
2024-03-28 09:37:00,231.0,231.005,231.0,231.0,680.0,BURL
2024-03-28 09:36:00,230.335,231.025,230.335,231.015,1907.0,BURL
2024-03-28 09:35:00,230.945,231.045,230.28,231.04,1013.0,BURL
2024-03-28 09:34:00,230.935,230.945,230.935,230.945,305.0,BURL
2024-03-28 09:32:00,230.875,230.895,230.875,230.895,1113.0,BURL
2024-03-28 09:31:00,230.875,230.875,230.875,230.875,121.0,BURL
2024-03-28 09:30:00,230.65,231.23,230.65,230.95,4390.0,BURL
2024-03-28 09:15:00,230.62,230.62,230.62,230.62,48367.0,BURL
2024-03-28 08:12:00,230.62,230.62,230.62,230.62,45.0,BURL
