date,1. open,2. high,3. low,4. close,5. volume,Ticker
2023-07-27 19:22:00,37.59,37.59,37.59,37.59,2.0,CAKE
2023-07-27 18:40:00,36.5,36.5,36.5,36.5,1.0,CAKE
2023-07-27 18:28:00,37.01,37.01,37.01,37.01,1.0,CAKE
2023-07-27 18:23:00,37.01,37.01,37.01,37.01,2.0,CAKE
2023-07-27 18:20:00,37.62,37.62,37.62,37.62,60.0,CAKE
2023-07-27 17:29:00,36.0,36.0,36.0,36.0,5.0,CAKE
2023-07-27 17:00:00,36.81,36.81,36.81,36.81,16.0,CAKE
2023-07-27 16:57:00,36.5,36.5,36.5,36.5,1.0,CAKE
2023-07-27 16:39:00,37.01,37.01,37.01,37.01,25.0,CAKE
2023-07-27 16:34:00,37.01,37.01,37.01,37.01,3.0,CAKE
2023-07-27 16:12:00,36.55,36.55,36.42,36.42,7.0,CAKE
2023-07-27 16:10:00,36.81,36.81,36.81,36.81,71.0,CAKE
2023-07-27 16:01:00,36.81,36.81,36.81,36.81,1839.0,CAKE
2023-07-27 16:00:00,36.8,36.88,36.8,36.81,158582.0,CAKE
2023-07-27 15:59:00,36.8,36.81,36.79,36.8,13999.0,CAKE
2023-07-27 15:58:00,36.79,36.81,36.775,36.8,11369.0,CAKE
2023-07-27 15:57:00,36.72,36.78,36.72,36.78,12794.0,CAKE
2023-07-27 15:56:00,36.73,36.74,36.71,36.72,11644.0,CAKE
2023-07-27 15:55:00,36.77,36.77,36.74,36.74,8625.0,CAKE
2023-07-27 15:54:00,36.72,36.78,36.72,36.765,9042.0,CAKE
2023-07-27 15:53:00,36.74,36.74,36.725,36.725,3214.0,CAKE
2023-07-27 15:52:00,36.74,36.76,36.73,36.73,4459.0,CAKE
2023-07-27 15:51:00,36.72,36.75,36.71,36.74,5274.0,CAKE
2023-07-27 15:50:00,36.64,36.7,36.64,36.7,4013.0,CAKE
2023-07-27 15:49:00,36.605,36.64,36.601,36.64,3053.0,CAKE
2023-07-27 15:48:00,36.6,36.6,36.58,36.6,3517.0,CAKE
2023-07-27 15:47:00,36.62,36.625,36.6,36.61,2830.0,CAKE
2023-07-27 15:46:00,36.66,36.66,36.6,36.61,4154.0,CAKE
2023-07-27 15:45:00,36.68,36.685,36.65,36.66,3428.0,CAKE
2023-07-27 15:44:00,36.68,36.695,36.68,36.695,3382.0,CAKE
2023-07-27 15:43:00,36.69,36.69,36.67,36.689,1244.0,CAKE
2023-07-27 15:42:00,36.72,36.72,36.69,36.69,4045.0,CAKE
2023-07-27 15:41:00,36.78,36.78,36.75,36.75,3202.0,CAKE
2023-07-27 15:40:00,36.81,36.81,36.8,36.8,4052.0,CAKE
2023-07-27 15:39:00,36.83,36.83,36.82,36.82,673.0,CAKE
2023-07-27 15:38:00,36.85,36.86,36.82,36.83,3446.0,CAKE
2023-07-27 15:37:00,36.85,36.87,36.85,36.86,1962.0,CAKE
2023-07-27 15:36:00,36.82,36.84,36.82,36.84,1606.0,CAKE
2023-07-27 15:35:00,36.855,36.86,36.813,36.813,3118.0,CAKE
2023-07-27 15:34:00,36.841,36.865,36.841,36.845,2911.0,CAKE
2023-07-27 15:33:00,36.87,36.87,36.85,36.85,640.0,CAKE
2023-07-27 15:32:00,36.86,36.895,36.855,36.88,3264.0,CAKE
2023-07-27 15:31:00,36.86,36.88,36.86,36.87,701.0,CAKE
2023-07-27 15:30:00,36.84,36.85,36.84,36.85,1960.0,CAKE
2023-07-27 15:29:00,36.83,36.83,36.83,36.83,687.0,CAKE
2023-07-27 15:28:00,36.87,36.9,36.835,36.835,2887.0,CAKE
2023-07-27 15:27:00,36.85,36.86,36.85,36.85,1364.0,CAKE
2023-07-27 15:26:00,36.89,36.89,36.86,36.86,1384.0,CAKE
2023-07-27 15:25:00,36.89,36.89,36.88,36.88,923.0,CAKE
2023-07-27 15:24:00,36.87,36.87,36.87,36.87,1552.0,CAKE
2023-07-27 15:23:00,36.89,36.89,36.88,36.88,816.0,CAKE
2023-07-27 15:22:00,36.89,36.89,36.89,36.89,314.0,CAKE
2023-07-27 15:21:00,36.86,36.88,36.85,36.88,2028.0,CAKE
2023-07-27 15:20:00,36.89,36.89,36.865,36.87,2118.0,CAKE
2023-07-27 15:19:00,36.9,36.91,36.9,36.9,1409.0,CAKE
2023-07-27 15:18:00,36.89,36.89,36.89,36.89,743.0,CAKE
2023-07-27 15:17:00,36.88,36.885,36.87,36.87,1350.0,CAKE
2023-07-27 15:16:00,36.9,36.9,36.895,36.895,1240.0,CAKE
2023-07-27 15:15:00,36.86,36.86,36.86,36.86,463.0,CAKE
2023-07-27 15:14:00,36.88,36.895,36.86,36.87,3055.0,CAKE
2023-07-27 15:13:00,36.85,36.87,36.85,36.87,1054.0,CAKE
2023-07-27 15:12:00,36.85,36.85,36.82,36.83,3047.0,CAKE
2023-07-27 15:11:00,36.86,36.86,36.842,36.842,520.0,CAKE
2023-07-27 15:10:00,36.82,36.83,36.82,36.83,638.0,CAKE
2023-07-27 15:09:00,36.76,36.81,36.75,36.81,2797.0,CAKE
2023-07-27 15:08:00,36.76,36.76,36.76,36.76,606.0,CAKE
2023-07-27 15:07:00,36.745,36.745,36.725,36.74,1274.0,CAKE
2023-07-27 15:06:00,36.76,36.76,36.745,36.75,1509.0,CAKE
2023-07-27 15:05:00,36.76,36.76,36.76,36.76,183.0,CAKE
2023-07-27 15:04:00,36.72,36.75,36.72,36.75,1719.0,CAKE
2023-07-27 15:03:00,36.75,36.76,36.71,36.72,3101.0,CAKE
2023-07-27 15:02:00,36.76,36.76,36.76,36.76,254.0,CAKE
2023-07-27 15:01:00,36.77,36.77,36.76,36.76,1260.0,CAKE
2023-07-27 15:00:00,36.74,36.765,36.73,36.765,2920.0,CAKE
2023-07-27 14:59:00,36.76,36.76,36.73,36.73,1349.0,CAKE
2023-07-27 14:58:00,36.75,36.77,36.75,36.77,1188.0,CAKE
2023-07-27 14:57:00,36.77,36.77,36.72,36.75,5813.0,CAKE
2023-07-27 14:56:00,36.765,36.775,36.765,36.775,1594.0,CAKE
2023-07-27 14:55:00,36.79,36.79,36.77,36.78,2092.0,CAKE
2023-07-27 14:54:00,36.8,36.8,36.79,36.795,1131.0,CAKE
2023-07-27 14:53:00,36.815,36.815,36.81,36.81,552.0,CAKE
2023-07-27 14:52:00,36.83,36.84,36.82,36.825,1791.0,CAKE
2023-07-27 14:51:00,36.81,36.82,36.81,36.82,1448.0,CAKE
2023-07-27 14:50:00,36.81,36.81,36.81,36.81,269.0,CAKE
2023-07-27 14:49:00,36.81,36.825,36.81,36.82,2408.0,CAKE
2023-07-27 14:47:00,36.83,36.835,36.83,36.835,1611.0,CAKE
2023-07-27 14:46:00,36.83,36.83,36.81,36.81,1342.0,CAKE
2023-07-27 14:45:00,36.845,36.845,36.84,36.84,1691.0,CAKE
2023-07-27 14:44:00,36.855,36.855,36.84,36.84,777.0,CAKE
2023-07-27 14:43:00,36.87,36.87,36.86,36.86,514.0,CAKE
2023-07-27 14:42:00,36.91,36.91,36.88,36.88,1132.0,CAKE
2023-07-27 14:41:00,36.86,36.895,36.86,36.89,2255.0,CAKE
2023-07-27 14:40:00,36.855,36.855,36.855,36.855,276.0,CAKE
2023-07-27 14:39:00,36.84,36.86,36.84,36.86,858.0,CAKE
2023-07-27 14:38:00,36.85,36.85,36.84,36.84,737.0,CAKE
2023-07-27 14:37:00,36.83,36.85,36.83,36.85,1195.0,CAKE
2023-07-27 14:36:00,36.91,36.91,36.85,36.85,875.0,CAKE
2023-07-27 14:35:00,36.94,36.94,36.92,36.93,1950.0,CAKE
2023-07-27 14:34:00,36.94,36.94,36.92,36.92,1998.0,CAKE
2023-07-27 14:33:00,36.99,37.01,36.94,36.94,13188.0,CAKE
2023-07-27 14:32:00,36.99,37.0,36.97,36.97,5540.0,CAKE
2023-07-27 14:31:00,37.015,37.027,36.98,37.02,2906.0,CAKE
2023-07-27 14:30:00,36.99,37.02,36.99,37.01,1765.0,CAKE
2023-07-27 14:29:00,37.02,37.03,36.985,36.985,1071.0,CAKE
2023-07-27 14:28:00,37.025,37.05,37.025,37.04,718.0,CAKE
2023-07-27 14:27:00,37.015,37.02,37.01,37.018,1603.0,CAKE
2023-07-27 14:26:00,37.06,37.07,37.035,37.035,885.0,CAKE
2023-07-27 14:25:00,37.07,37.07,37.05,37.05,700.0,CAKE
2023-07-27 14:24:00,37.075,37.1,37.05,37.079,8817.0,CAKE
2023-07-27 14:23:00,37.14,37.14,37.09,37.09,1193.0,CAKE
2023-07-27 14:22:00,37.125,37.14,37.125,37.14,1443.0,CAKE
2023-07-27 14:21:00,37.13,37.13,37.125,37.125,1312.0,CAKE
2023-07-27 14:20:00,37.13,37.14,37.13,37.14,1230.0,CAKE
2023-07-27 14:17:00,37.13,37.14,37.12,37.13,4545.0,CAKE
2023-07-27 14:16:00,37.092,37.11,37.092,37.11,1201.0,CAKE
2023-07-27 14:15:00,37.105,37.12,37.105,37.117,3807.0,CAKE
2023-07-27 14:14:00,37.11,37.11,37.1,37.105,727.0,CAKE
2023-07-27 14:13:00,37.15,37.15,37.125,37.13,4162.0,CAKE
2023-07-27 14:12:00,37.14,37.14,37.14,37.14,765.0,CAKE
2023-07-27 14:11:00,37.175,37.18,37.155,37.155,2331.0,CAKE
2023-07-27 14:10:00,37.2,37.2,37.17,37.17,1606.0,CAKE
2023-07-27 14:09:00,37.24,37.24,37.23,37.23,636.0,CAKE
2023-07-27 14:08:00,37.25,37.255,37.25,37.255,867.0,CAKE
2023-07-27 14:07:00,37.27,37.27,37.27,37.27,423.0,CAKE
2023-07-27 14:06:00,37.29,37.29,37.29,37.29,487.0,CAKE
2023-07-27 14:05:00,37.29,37.31,37.29,37.31,506.0,CAKE
2023-07-27 14:04:00,37.34,37.34,37.31,37.31,956.0,CAKE
2023-07-27 14:03:00,37.31,37.31,37.31,37.31,596.0,CAKE
2023-07-27 14:02:00,37.28,37.31,37.28,37.308,1667.0,CAKE
2023-07-27 14:01:00,37.3,37.3,37.28,37.28,1772.0,CAKE
2023-07-27 14:00:00,37.31,37.31,37.31,37.31,116.0,CAKE
2023-07-27 13:58:00,37.33,37.33,37.32,37.32,1819.0,CAKE
2023-07-27 13:56:00,37.32,37.33,37.31,37.33,405.0,CAKE
2023-07-27 13:55:00,37.29,37.3,37.28,37.3,566.0,CAKE
2023-07-27 13:54:00,37.3,37.32,37.3,37.31,2568.0,CAKE
2023-07-27 13:53:00,37.31,37.31,37.31,37.31,458.0,CAKE
2023-07-27 13:52:00,37.35,37.35,37.31,37.31,2344.0,CAKE
2023-07-27 13:51:00,37.35,37.35,37.35,37.35,2104.0,CAKE
2023-07-27 13:50:00,37.38,37.38,37.34,37.34,6242.0,CAKE
2023-07-27 13:49:00,37.395,37.395,37.395,37.395,261.0,CAKE
2023-07-27 13:48:00,37.41,37.425,37.405,37.425,1757.0,CAKE
2023-07-27 13:47:00,37.416,37.416,37.405,37.405,857.0,CAKE
2023-07-27 13:45:00,37.455,37.455,37.43,37.43,659.0,CAKE
2023-07-27 13:44:00,37.45,37.45,37.45,37.45,232.0,CAKE
2023-07-27 13:43:00,37.45,37.45,37.45,37.45,1214.0,CAKE
2023-07-27 13:40:00,37.42,37.43,37.41,37.43,1450.0,CAKE
2023-07-27 13:39:00,37.43,37.43,37.43,37.43,111.0,CAKE
2023-07-27 13:37:00,37.42,37.43,37.41,37.43,1139.0,CAKE
2023-07-27 13:36:00,37.4,37.44,37.4,37.44,1241.0,CAKE
2023-07-27 13:35:00,37.4,37.4,37.4,37.4,1100.0,CAKE
2023-07-27 13:34:00,37.45,37.45,37.43,37.43,1010.0,CAKE
2023-07-27 13:33:00,37.45,37.48,37.45,37.48,1164.0,CAKE
2023-07-27 13:32:00,37.44,37.44,37.421,37.43,1733.0,CAKE
2023-07-27 13:31:00,37.45,37.45,37.45,37.45,451.0,CAKE
2023-07-27 13:30:00,37.48,37.48,37.47,37.47,430.0,CAKE
2023-07-27 13:29:00,37.47,37.47,37.47,37.47,315.0,CAKE
2023-07-27 13:28:00,37.49,37.49,37.46,37.46,1523.0,CAKE
2023-07-27 13:26:00,37.48,37.48,37.48,37.48,339.0,CAKE
2023-07-27 13:25:00,37.45,37.46,37.45,37.46,454.0,CAKE
2023-07-27 13:24:00,37.48,37.48,37.48,37.48,511.0,CAKE
2023-07-27 13:23:00,37.46,37.49,37.46,37.485,1912.0,CAKE
2023-07-27 13:22:00,37.45,37.45,37.45,37.45,344.0,CAKE
2023-07-27 13:20:00,37.47,37.47,37.45,37.451,754.0,CAKE
2023-07-27 13:19:00,37.53,37.53,37.49,37.49,1125.0,CAKE
2023-07-27 13:18:00,37.54,37.54,37.52,37.52,736.0,CAKE
2023-07-27 13:17:00,37.54,37.57,37.54,37.57,1900.0,CAKE
2023-07-27 13:15:00,37.59,37.59,37.57,37.57,782.0,CAKE
2023-07-27 13:14:00,37.61,37.62,37.61,37.62,828.0,CAKE
2023-07-27 13:13:00,37.595,37.6,37.595,37.6,366.0,CAKE
2023-07-27 13:12:00,37.63,37.64,37.61,37.61,1052.0,CAKE
2023-07-27 13:11:00,37.65,37.65,37.64,37.64,344.0,CAKE
2023-07-27 13:09:00,37.62,37.62,37.62,37.62,620.0,CAKE
2023-07-27 13:08:00,37.55,37.58,37.55,37.58,745.0,CAKE
2023-07-27 13:07:00,37.58,37.58,37.555,37.57,1415.0,CAKE
2023-07-27 13:06:00,37.61,37.62,37.61,37.62,440.0,CAKE
2023-07-27 13:05:00,37.62,37.63,37.58,37.59,1220.0,CAKE
2023-07-27 13:04:00,37.62,37.62,37.61,37.61,735.0,CAKE
2023-07-27 13:03:00,37.59,37.612,37.59,37.612,695.0,CAKE
2023-07-27 13:02:00,37.59,37.59,37.59,37.59,350.0,CAKE
2023-07-27 13:00:00,37.56,37.56,37.56,37.56,420.0,CAKE
2023-07-27 12:58:00,37.522,37.58,37.52,37.56,4368.0,CAKE
2023-07-27 12:57:00,37.56,37.56,37.535,37.535,576.0,CAKE
2023-07-27 12:56:00,37.57,37.57,37.57,37.57,275.0,CAKE
2023-07-27 12:55:00,37.57,37.59,37.57,37.585,1778.0,CAKE
2023-07-27 12:54:00,37.53,37.57,37.525,37.56,1635.0,CAKE
2023-07-27 12:53:00,37.51,37.51,37.5,37.505,602.0,CAKE
2023-07-27 12:52:00,37.47,37.5,37.47,37.485,1002.0,CAKE
2023-07-27 12:51:00,37.47,37.475,37.465,37.465,621.0,CAKE
2023-07-27 12:50:00,37.51,37.535,37.51,37.52,1639.0,CAKE
2023-07-27 12:49:00,37.485,37.485,37.485,37.485,425.0,CAKE
2023-07-27 12:47:00,37.475,37.5,37.475,37.495,1598.0,CAKE
2023-07-27 12:46:00,37.47,37.48,37.47,37.48,483.0,CAKE
2023-07-27 12:45:00,37.49,37.49,37.49,37.49,236.0,CAKE
2023-07-27 12:44:00,37.5,37.5,37.495,37.495,298.0,CAKE
2023-07-27 12:42:00,37.495,37.502,37.49,37.49,2056.0,CAKE
2023-07-27 12:41:00,37.49,37.5,37.49,37.5,302.0,CAKE
2023-07-27 12:40:00,37.53,37.53,37.49,37.49,1231.0,CAKE
2023-07-27 12:39:00,37.54,37.55,37.53,37.53,2965.0,CAKE
2023-07-27 12:38:00,37.56,37.565,37.54,37.54,605.0,CAKE
2023-07-27 12:37:00,37.56,37.56,37.56,37.56,891.0,CAKE
2023-07-27 12:36:00,37.575,37.575,37.575,37.575,108.0,CAKE
2023-07-27 12:35:00,37.55,37.58,37.55,37.58,433.0,CAKE
2023-07-27 12:34:00,37.52,37.53,37.5,37.53,1947.0,CAKE
2023-07-27 12:33:00,37.51,37.545,37.51,37.53,1863.0,CAKE
2023-07-27 12:30:00,37.54,37.54,37.53,37.53,2059.0,CAKE
2023-07-27 12:29:00,37.54,37.54,37.54,37.54,133.0,CAKE
2023-07-27 12:28:00,37.52,37.53,37.52,37.53,879.0,CAKE
2023-07-27 12:27:00,37.5,37.52,37.5,37.52,1987.0,CAKE
2023-07-27 12:26:00,37.51,37.51,37.5,37.5,974.0,CAKE
2023-07-27 12:25:00,37.515,37.53,37.51,37.527,1171.0,CAKE
2023-07-27 12:24:00,37.53,37.53,37.53,37.53,175.0,CAKE
2023-07-27 12:23:00,37.55,37.55,37.545,37.545,703.0,CAKE
2023-07-27 12:22:00,37.605,37.605,37.57,37.57,1287.0,CAKE
2023-07-27 12:21:00,37.62,37.63,37.605,37.61,2413.0,CAKE
2023-07-27 12:20:00,37.63,37.63,37.615,37.615,447.0,CAKE
2023-07-27 12:18:00,37.6,37.625,37.599,37.615,2173.0,CAKE
2023-07-27 12:17:00,37.625,37.65,37.625,37.647,698.0,CAKE
2023-07-27 12:16:00,37.64,37.657,37.64,37.657,221.0,CAKE
2023-07-27 12:15:00,37.63,37.63,37.63,37.63,1181.0,CAKE
2023-07-27 12:14:00,37.6,37.63,37.6,37.63,960.0,CAKE
2023-07-27 12:13:00,37.619,37.62,37.619,37.62,611.0,CAKE
2023-07-27 12:12:00,37.6,37.61,37.59,37.605,1045.0,CAKE
2023-07-27 12:11:00,37.61,37.61,37.59,37.61,3416.0,CAKE
2023-07-27 12:10:00,37.63,37.64,37.63,37.64,590.0,CAKE
2023-07-27 12:09:00,37.62,37.62,37.62,37.62,249.0,CAKE
2023-07-27 12:08:00,37.6,37.6,37.6,37.6,603.0,CAKE
2023-07-27 12:06:00,37.585,37.585,37.57,37.57,1010.0,CAKE
2023-07-27 12:05:00,37.57,37.58,37.57,37.58,845.0,CAKE
2023-07-27 12:04:00,37.52,37.53,37.51,37.525,1293.0,CAKE
2023-07-27 12:03:00,37.5,37.505,37.5,37.505,1035.0,CAKE
2023-07-27 12:02:00,37.5,37.5,37.48,37.48,1014.0,CAKE
2023-07-27 12:01:00,37.49,37.49,37.49,37.49,464.0,CAKE
2023-07-27 12:00:00,37.505,37.505,37.49,37.49,356.0,CAKE
2023-07-27 11:59:00,37.46,37.49,37.46,37.49,1226.0,CAKE
2023-07-27 11:58:00,37.47,37.47,37.46,37.46,375.0,CAKE
2023-07-27 11:56:00,37.48,37.48,37.48,37.48,132.0,CAKE
2023-07-27 11:55:00,37.42,37.45,37.39,37.448,2237.0,CAKE
2023-07-27 11:54:00,37.43,37.44,37.43,37.44,397.0,CAKE
2023-07-27 11:53:00,37.38,37.41,37.38,37.41,1118.0,CAKE
2023-07-27 11:52:00,37.34,37.38,37.33,37.38,2976.0,CAKE
2023-07-27 11:51:00,37.34,37.34,37.34,37.34,530.0,CAKE
2023-07-27 11:50:00,37.36,37.36,37.32,37.32,1389.0,CAKE
2023-07-27 11:49:00,37.35,37.38,37.35,37.38,1648.0,CAKE
2023-07-27 11:48:00,37.4,37.4,37.373,37.373,1848.0,CAKE
2023-07-27 11:47:00,37.402,37.402,37.402,37.402,683.0,CAKE
2023-07-27 11:46:00,37.42,37.44,37.42,37.43,1564.0,CAKE
2023-07-27 11:45:00,37.41,37.42,37.41,37.42,1254.0,CAKE
2023-07-27 11:44:00,37.43,37.45,37.4,37.4,1844.0,CAKE
2023-07-27 11:43:00,37.47,37.47,37.47,37.47,710.0,CAKE
2023-07-27 11:42:00,37.52,37.52,37.48,37.48,1722.0,CAKE
2023-07-27 11:41:00,37.52,37.52,37.51,37.52,1074.0,CAKE
2023-07-27 11:40:00,37.53,37.53,37.53,37.53,222.0,CAKE
2023-07-27 11:39:00,37.515,37.52,37.515,37.52,733.0,CAKE
2023-07-27 11:38:00,37.475,37.51,37.475,37.51,2003.0,CAKE
2023-07-27 11:37:00,37.48,37.5,37.47,37.5,1039.0,CAKE
2023-07-27 11:36:00,37.5,37.5,37.49,37.49,849.0,CAKE
2023-07-27 11:35:00,37.49,37.49,37.49,37.49,214.0,CAKE
2023-07-27 11:34:00,37.48,37.48,37.48,37.48,474.0,CAKE
2023-07-27 11:33:00,37.51,37.515,37.5,37.5,868.0,CAKE
2023-07-27 11:32:00,37.51,37.53,37.5,37.52,2221.0,CAKE
2023-07-27 11:31:00,37.55,37.55,37.53,37.53,1416.0,CAKE
2023-07-27 11:30:00,37.57,37.58,37.565,37.565,2075.0,CAKE
2023-07-27 11:28:00,37.575,37.6,37.575,37.59,8116.0,CAKE
2023-07-27 11:27:00,37.575,37.6,37.565,37.57,3881.0,CAKE
2023-07-27 11:26:00,37.58,37.58,37.55,37.565,2581.0,CAKE
2023-07-27 11:25:00,37.555,37.58,37.54,37.57,3914.0,CAKE
2023-07-27 11:24:00,37.555,37.555,37.545,37.545,377.0,CAKE
2023-07-27 11:23:00,37.54,37.555,37.54,37.555,200.0,CAKE
2023-07-27 11:22:00,37.53,37.55,37.53,37.55,892.0,CAKE
2023-07-27 11:21:00,37.57,37.57,37.525,37.525,1061.0,CAKE
2023-07-27 11:20:00,37.57,37.57,37.555,37.555,434.0,CAKE
2023-07-27 11:19:00,37.47,37.53,37.47,37.53,2079.0,CAKE
2023-07-27 11:18:00,37.45,37.47,37.43,37.47,1443.0,CAKE
2023-07-27 11:17:00,37.44,37.47,37.44,37.465,750.0,CAKE
2023-07-27 11:16:00,37.39,37.44,37.39,37.43,1117.0,CAKE
2023-07-27 11:15:00,37.34,37.34,37.34,37.34,551.0,CAKE
2023-07-27 11:14:00,37.335,37.335,37.335,37.335,213.0,CAKE
2023-07-27 11:13:00,37.285,37.315,37.285,37.315,2220.0,CAKE
2023-07-27 11:12:00,37.33,37.33,37.3,37.3,604.0,CAKE
2023-07-27 11:11:00,37.33,37.33,37.33,37.33,320.0,CAKE
2023-07-27 11:10:00,37.37,37.385,37.36,37.36,1526.0,CAKE
2023-07-27 11:09:00,37.34,37.38,37.34,37.365,1237.0,CAKE
2023-07-27 11:08:00,37.395,37.395,37.33,37.33,2431.0,CAKE
2023-07-27 11:07:00,37.4,37.4,37.37,37.38,2269.0,CAKE
2023-07-27 11:06:00,37.41,37.41,37.4,37.4,404.0,CAKE
2023-07-27 11:04:00,37.52,37.53,37.425,37.43,4304.0,CAKE
2023-07-27 11:03:00,37.49,37.51,37.485,37.505,1608.0,CAKE
2023-07-27 11:02:00,37.51,37.51,37.51,37.51,538.0,CAKE
2023-07-27 11:01:00,37.48,37.51,37.47,37.51,1806.0,CAKE
2023-07-27 11:00:00,37.49,37.52,37.47,37.47,5475.0,CAKE
2023-07-27 10:59:00,37.5,37.5,37.49,37.49,680.0,CAKE
2023-07-27 10:58:00,37.57,37.57,37.52,37.52,6758.0,CAKE
2023-07-27 10:57:00,37.563,37.562,37.563,37.562,106.0,CAKE
2023-07-27 10:56:00,37.555,37.555,37.54,37.555,898.0,CAKE
2023-07-27 10:55:00,37.555,37.555,37.53,37.53,356.0,CAKE
2023-07-27 10:54:00,37.56,37.575,37.52,37.575,1848.0,CAKE
2023-07-27 10:53:00,37.56,37.575,37.56,37.575,202.0,CAKE
2023-07-27 10:52:00,37.58,37.59,37.565,37.565,313.0,CAKE
2023-07-27 10:51:00,37.62,37.62,37.59,37.59,226.0,CAKE
2023-07-27 10:50:00,37.58,37.58,37.58,37.58,203.0,CAKE
2023-07-27 10:49:00,37.45,37.59,37.45,37.56,3644.0,CAKE
2023-07-27 10:48:00,37.505,37.505,37.44,37.44,1090.0,CAKE
2023-07-27 10:47:00,37.53,37.55,37.52,37.52,973.0,CAKE
2023-07-27 10:46:00,37.535,37.535,37.52,37.52,1126.0,CAKE
2023-07-27 10:45:00,37.47,37.53,37.47,37.53,1617.0,CAKE
2023-07-27 10:43:00,37.48,37.48,37.46,37.465,2853.0,CAKE
2023-07-27 10:42:00,37.43,37.475,37.43,37.46,1409.0,CAKE
2023-07-27 10:41:00,37.43,37.43,37.43,37.43,273.0,CAKE
2023-07-27 10:40:00,37.46,37.47,37.44,37.44,1157.0,CAKE
2023-07-27 10:39:00,37.44,37.46,37.44,37.46,1201.0,CAKE
2023-07-27 10:38:00,37.44,37.44,37.44,37.44,493.0,CAKE
2023-07-27 10:37:00,37.46,37.46,37.425,37.425,770.0,CAKE
2023-07-27 10:36:00,37.46,37.49,37.46,37.49,1599.0,CAKE
2023-07-27 10:35:00,37.4,37.47,37.4,37.43,3039.0,CAKE
2023-07-27 10:34:00,37.37,37.38,37.37,37.38,1334.0,CAKE
2023-07-27 10:33:00,37.41,37.41,37.38,37.38,2309.0,CAKE
2023-07-27 10:32:00,37.385,37.41,37.385,37.41,302.0,CAKE
2023-07-27 10:31:00,37.41,37.41,37.38,37.41,497.0,CAKE
2023-07-27 10:30:00,37.38,37.41,37.38,37.41,769.0,CAKE
2023-07-27 10:29:00,37.39,37.41,37.39,37.41,582.0,CAKE
2023-07-27 10:28:00,37.4,37.4,37.37,37.37,316.0,CAKE
2023-07-27 10:27:00,37.395,37.395,37.395,37.395,110.0,CAKE
2023-07-27 10:26:00,37.36,37.36,37.36,37.36,301.0,CAKE
2023-07-27 10:25:00,37.34,37.36,37.28,37.36,2210.0,CAKE
2023-07-27 10:24:00,37.37,37.41,37.34,37.345,1535.0,CAKE
2023-07-27 10:23:00,37.39,37.41,37.37,37.41,525.0,CAKE
2023-07-27 10:22:00,37.39,37.39,37.39,37.39,102.0,CAKE
2023-07-27 10:21:00,37.39,37.39,37.39,37.39,100.0,CAKE
2023-07-27 10:20:00,37.385,37.385,37.385,37.385,110.0,CAKE
2023-07-27 10:19:00,37.31,37.38,37.31,37.38,2460.0,CAKE
2023-07-27 10:18:00,37.29,37.29,37.28,37.28,381.0,CAKE
2023-07-27 10:17:00,37.28,37.31,37.28,37.31,1340.0,CAKE
2023-07-27 10:16:00,37.26,37.26,37.26,37.26,181.0,CAKE
2023-07-27 10:15:00,37.29,37.29,37.29,37.29,147.0,CAKE
2023-07-27 10:14:00,37.22,37.29,37.195,37.29,2772.0,CAKE
2023-07-27 10:13:00,37.21,37.21,37.21,37.21,264.0,CAKE
2023-07-27 10:12:00,37.215,37.26,37.215,37.22,2842.0,CAKE
2023-07-27 10:11:00,37.26,37.26,37.2,37.2,283.0,CAKE
2023-07-27 10:10:00,37.335,37.335,37.27,37.27,1289.0,CAKE
2023-07-27 10:09:00,37.35,37.35,37.35,37.35,136.0,CAKE
2023-07-27 10:08:00,37.37,37.37,37.331,37.33,1998.0,CAKE
2023-07-27 10:06:00,37.31,37.36,37.31,37.36,1828.0,CAKE
2023-07-27 10:05:00,37.33,37.35,37.31,37.31,1391.0,CAKE
2023-07-27 10:04:00,37.386,37.44,37.375,37.375,2682.0,CAKE
2023-07-27 10:03:00,37.46,37.46,37.44,37.44,724.0,CAKE
2023-07-27 10:02:00,37.5,37.5,37.5,37.5,101.0,CAKE
2023-07-27 10:01:00,37.54,37.55,37.52,37.52,1830.0,CAKE
2023-07-27 10:00:00,37.52,37.54,37.52,37.54,2239.0,CAKE
2023-07-27 09:59:00,37.485,37.51,37.442,37.51,1694.0,CAKE
2023-07-27 09:56:00,37.55,37.56,37.51,37.51,836.0,CAKE
2023-07-27 09:55:00,37.65,37.655,37.6,37.6,1315.0,CAKE
2023-07-27 09:54:00,37.645,37.645,37.645,37.645,171.0,CAKE
2023-07-27 09:53:00,37.59,37.63,37.59,37.63,1150.0,CAKE
2023-07-27 09:52:00,37.565,37.565,37.565,37.565,160.0,CAKE
2023-07-27 09:51:00,37.575,37.575,37.575,37.575,497.0,CAKE
2023-07-27 09:50:00,37.56,37.56,37.56,37.56,423.0,CAKE
2023-07-27 09:49:00,37.5,37.525,37.5,37.525,875.0,CAKE
2023-07-27 09:48:00,37.47,37.51,37.47,37.51,274.0,CAKE
2023-07-27 09:47:00,37.425,37.43,37.425,37.43,650.0,CAKE
2023-07-27 09:45:00,37.39,37.39,37.39,37.39,231.0,CAKE
2023-07-27 09:43:00,37.43,37.43,37.43,37.43,124.0,CAKE
2023-07-27 09:42:00,37.5,37.5,37.5,37.5,179.0,CAKE
2023-07-27 09:40:00,37.6,37.6,37.6,37.6,312.0,CAKE
2023-07-27 09:39:00,37.63,37.71,37.63,37.67,1524.0,CAKE
2023-07-27 09:38:00,37.555,37.555,37.555,37.555,673.0,CAKE
2023-07-27 09:37:00,37.53,37.53,37.53,37.53,206.0,CAKE
2023-07-27 09:35:00,37.68,37.69,37.53,37.53,1388.0,CAKE
2023-07-27 09:34:00,37.69,37.75,37.67,37.712,3879.0,CAKE
2023-07-27 09:33:00,37.67,37.67,37.67,37.67,125.0,CAKE
2023-07-27 09:32:00,37.6,37.66,37.595,37.66,1595.0,CAKE
2023-07-27 09:31:00,37.55,37.64,37.54,37.59,2075.0,CAKE
2023-07-27 09:30:00,37.55,37.55,37.5,37.5,8937.0,CAKE
2023-07-27 09:29:00,37.48,37.49,37.48,37.49,301.0,CAKE
2023-07-27 09:27:00,37.45,37.45,37.29,37.29,3.0,CAKE
2023-07-27 09:04:00,37.5,37.5,37.5,37.5,100.0,CAKE
2023-07-27 09:01:00,37.589,37.589,37.589,37.589,10.0,CAKE
2023-07-27 08:55:00,37.61,37.61,37.51,37.51,429.0,CAKE
2023-07-27 08:36:00,37.61,37.61,37.61,37.61,100.0,CAKE
2023-07-27 08:34:00,37.7,37.7,37.7,37.7,20.0,CAKE
2023-07-27 08:33:00,37.7,37.7,37.7,37.7,50.0,CAKE
2023-07-27 08:27:00,37.52,37.52,37.52,37.52,100.0,CAKE
2023-07-27 08:17:00,37.68,37.68,37.68,37.68,16.0,CAKE
2023-07-27 08:14:00,37.69,37.69,37.69,37.69,1.0,CAKE
2023-07-27 08:02:00,37.68,37.68,37.68,37.68,80.0,CAKE
2023-07-27 08:00:00,37.69,37.69,37.45,37.45,24.0,CAKE
2023-07-27 06:37:00,37.5,37.5,37.5,37.5,2.0,CAKE
2023-07-27 05:50:00,37.44,37.45,37.44,37.45,13.0,CAKE
2023-07-26 19:58:00,37.7,37.7,37.7,37.7,10.0,CAKE
2023-07-26 19:45:00,37.7,37.7,37.7,37.7,1.0,CAKE
2023-07-26 19:39:00,37.5,37.5,37.5,37.5,3.0,CAKE
2023-07-26 19:21:00,37.45,37.5,37.45,37.5,2.0,CAKE
2023-07-26 19:11:00,37.22,37.45,37.22,37.45,5.0,CAKE
2023-07-26 17:13:00,37.45,37.45,37.45,37.45,104.0,CAKE
2023-07-26 16:50:00,37.83,37.83,37.83,37.83,1.0,CAKE
2023-07-26 16:45:00,37.83,37.83,37.83,37.83,1.0,CAKE
2023-07-26 16:13:00,37.83,37.83,37.83,37.83,2.0,CAKE
2023-07-26 16:07:00,37.45,37.45,37.45,37.45,1122.0,CAKE
2023-07-26 16:03:00,36.9,36.9,36.9,36.9,1.0,CAKE
2023-07-26 16:01:00,37.45,37.45,37.45,37.45,1369.0,CAKE
2023-07-26 16:00:00,37.47,37.47,37.45,37.45,167247.0,CAKE
2023-07-26 15:59:00,37.47,37.48,37.45,37.47,16175.0,CAKE
2023-07-26 15:58:00,37.445,37.465,37.435,37.465,7671.0,CAKE
2023-07-26 15:57:00,37.41,37.46,37.41,37.445,11248.0,CAKE
2023-07-26 15:56:00,37.35,37.41,37.35,37.41,8941.0,CAKE
2023-07-26 15:55:00,37.41,37.41,37.36,37.36,7402.0,CAKE
2023-07-26 15:54:00,37.42,37.425,37.37,37.41,5906.0,CAKE
2023-07-26 15:53:00,37.41,37.42,37.4,37.415,6742.0,CAKE
2023-07-26 15:52:00,37.42,37.43,37.4,37.402,7631.0,CAKE
2023-07-26 15:51:00,37.431,37.445,37.41,37.415,5688.0,CAKE
2023-07-26 15:50:00,37.45,37.47,37.43,37.445,6036.0,CAKE
2023-07-26 15:49:00,37.44,37.47,37.43,37.44,5491.0,CAKE
2023-07-26 15:48:00,37.45,37.45,37.43,37.43,3757.0,CAKE
2023-07-26 15:47:00,37.42,37.44,37.42,37.44,3991.0,CAKE
2023-07-26 15:46:00,37.39,37.43,37.39,37.41,2727.0,CAKE
2023-07-26 15:45:00,37.385,37.39,37.38,37.39,4047.0,CAKE
2023-07-26 15:44:00,37.31,37.38,37.3,37.375,2047.0,CAKE
2023-07-26 15:43:00,37.28,37.33,37.28,37.315,3220.0,CAKE
2023-07-26 15:42:00,37.26,37.28,37.26,37.28,1065.0,CAKE
2023-07-26 15:41:00,37.235,37.29,37.235,37.26,3437.0,CAKE
2023-07-26 15:40:00,37.23,37.24,37.21,37.24,4516.0,CAKE
2023-07-26 15:39:00,37.23,37.23,37.23,37.23,980.0,CAKE
2023-07-26 15:38:00,37.2,37.23,37.19,37.21,3862.0,CAKE
2023-07-26 15:37:00,37.24,37.24,37.18,37.18,1000.0,CAKE
2023-07-26 15:36:00,37.31,37.31,37.24,37.24,3279.0,CAKE
2023-07-26 15:35:00,37.315,37.33,37.305,37.31,10136.0,CAKE
2023-07-26 15:34:00,37.305,37.32,37.305,37.31,6056.0,CAKE
2023-07-26 15:33:00,37.31,37.31,37.29,37.31,3963.0,CAKE
2023-07-26 15:32:00,37.31,37.32,37.3,37.31,3282.0,CAKE
2023-07-26 15:31:00,37.29,37.32,37.29,37.31,2473.0,CAKE
2023-07-26 15:30:00,37.35,37.35,37.3,37.3,4858.0,CAKE
2023-07-26 15:29:00,37.35,37.36,37.35,37.36,1801.0,CAKE
2023-07-26 15:27:00,37.33,37.34,37.32,37.34,4806.0,CAKE
2023-07-26 15:26:00,37.31,37.31,37.31,37.31,1476.0,CAKE
2023-07-26 15:25:00,37.32,37.32,37.29,37.31,2021.0,CAKE
2023-07-26 15:24:00,37.29,37.32,37.29,37.31,2658.0,CAKE
2023-07-26 15:23:00,37.27,37.285,37.27,37.285,1334.0,CAKE
2023-07-26 15:22:00,37.29,37.29,37.275,37.275,1112.0,CAKE
2023-07-26 15:21:00,37.285,37.29,37.285,37.29,625.0,CAKE
2023-07-26 15:20:00,37.29,37.29,37.28,37.28,1866.0,CAKE
2023-07-26 15:19:00,37.215,37.24,37.18,37.24,3401.0,CAKE
2023-07-26 15:18:00,37.24,37.25,37.23,37.23,2884.0,CAKE
2023-07-26 15:17:00,37.25,37.26,37.25,37.26,987.0,CAKE
2023-07-26 15:16:00,37.25,37.26,37.25,37.26,1078.0,CAKE
2023-07-26 15:15:00,37.23,37.26,37.23,37.25,1660.0,CAKE
2023-07-26 15:14:00,37.25,37.25,37.24,37.24,1205.0,CAKE
2023-07-26 15:13:00,37.24,37.24,37.24,37.24,714.0,CAKE
2023-07-26 15:12:00,37.25,37.27,37.23,37.24,2145.0,CAKE
2023-07-26 15:11:00,37.28,37.3,37.28,37.29,589.0,CAKE
2023-07-26 15:10:00,37.25,37.26,37.25,37.25,1313.0,CAKE
2023-07-26 15:09:00,37.23,37.26,37.23,37.26,445.0,CAKE
2023-07-26 15:08:00,37.275,37.275,37.175,37.25,2472.0,CAKE
2023-07-26 15:07:00,37.29,37.31,37.26,37.26,1572.0,CAKE
2023-07-26 15:06:00,37.35,37.35,37.33,37.34,1100.0,CAKE
2023-07-26 15:05:00,37.34,37.37,37.34,37.37,1436.0,CAKE
2023-07-26 15:04:00,37.34,37.34,37.33,37.33,832.0,CAKE
2023-07-26 15:03:00,37.36,37.36,37.3,37.32,3336.0,CAKE
2023-07-26 15:02:00,37.41,37.41,37.41,37.41,599.0,CAKE
2023-07-26 15:01:00,37.36,37.4,37.34,37.4,1930.0,CAKE
2023-07-26 15:00:00,37.35,37.39,37.35,37.385,890.0,CAKE
2023-07-26 14:59:00,37.27,37.33,37.26,37.33,5467.0,CAKE
2023-07-26 14:58:00,37.33,37.33,37.3,37.3,3485.0,CAKE
2023-07-26 14:57:00,37.3,37.3,37.3,37.3,1025.0,CAKE
2023-07-26 14:56:00,37.29,37.32,37.29,37.32,825.0,CAKE
2023-07-26 14:55:00,37.26,37.29,37.25,37.25,2324.0,CAKE
2023-07-26 14:54:00,37.27,37.27,37.27,37.27,538.0,CAKE
2023-07-26 14:53:00,37.28,37.28,37.28,37.28,734.0,CAKE
2023-07-26 14:52:00,37.26,37.28,37.26,37.27,608.0,CAKE
2023-07-26 14:51:00,37.23,37.23,37.23,37.23,330.0,CAKE
2023-07-26 14:50:00,37.215,37.215,37.195,37.195,484.0,CAKE
2023-07-26 14:49:00,37.2,37.24,37.16,37.24,3744.0,CAKE
2023-07-26 14:48:00,37.24,37.24,37.2,37.2,934.0,CAKE
2023-07-26 14:47:00,37.24,37.26,37.235,37.26,874.0,CAKE
2023-07-26 14:46:00,37.28,37.29,37.27,37.29,1545.0,CAKE
2023-07-26 14:45:00,37.285,37.285,37.26,37.26,1086.0,CAKE
2023-07-26 14:44:00,37.24,37.285,37.24,37.285,474.0,CAKE
2023-07-26 14:43:00,37.27,37.29,37.26,37.26,1557.0,CAKE
2023-07-26 14:42:00,37.3,37.3,37.24,37.24,4300.0,CAKE
2023-07-26 14:41:00,37.32,37.32,37.28,37.28,4533.0,CAKE
2023-07-26 14:40:00,37.25,37.32,37.25,37.285,6005.0,CAKE
2023-07-26 14:39:00,37.24,37.3,37.24,37.25,3479.0,CAKE
2023-07-26 14:38:00,37.23,37.23,37.23,37.23,755.0,CAKE
2023-07-26 14:37:00,37.19,37.22,37.19,37.22,4096.0,CAKE
2023-07-26 14:36:00,37.22,37.22,37.16,37.21,11359.0,CAKE
2023-07-26 14:35:00,37.13,37.2,37.13,37.2,2425.0,CAKE
2023-07-26 14:33:00,37.12,37.12,37.11,37.115,1535.0,CAKE
2023-07-26 14:32:00,37.11,37.13,37.11,37.13,1083.0,CAKE
2023-07-26 14:31:00,37.08,37.11,37.08,37.11,1370.0,CAKE
2023-07-26 14:30:00,37.09,37.09,37.08,37.08,1618.0,CAKE
2023-07-26 14:28:00,37.11,37.11,37.11,37.11,655.0,CAKE
2023-07-26 14:27:00,37.08,37.09,37.08,37.09,998.0,CAKE
2023-07-26 14:26:00,37.09,37.09,37.09,37.09,239.0,CAKE
2023-07-26 14:25:00,37.13,37.13,37.095,37.095,2389.0,CAKE
2023-07-26 14:23:00,37.11,37.15,37.11,37.15,1394.0,CAKE
2023-07-26 14:22:00,37.11,37.11,37.1,37.1,1217.0,CAKE
2023-07-26 14:21:00,37.12,37.13,37.1,37.1,4018.0,CAKE
2023-07-26 14:20:00,37.1,37.16,37.1,37.12,11292.0,CAKE
2023-07-26 14:19:00,37.105,37.13,37.105,37.115,584.0,CAKE
2023-07-26 14:18:00,37.11,37.11,37.105,37.105,553.0,CAKE
2023-07-26 14:17:00,37.07,37.09,37.07,37.09,2133.0,CAKE
2023-07-26 14:16:00,37.07,37.07,37.07,37.07,315.0,CAKE
2023-07-26 14:15:00,37.07,37.07,37.07,37.07,435.0,CAKE
2023-07-26 14:14:00,37.07,37.07,37.07,37.07,922.0,CAKE
2023-07-26 14:13:00,37.06,37.06,37.06,37.06,528.0,CAKE
2023-07-26 14:12:00,37.07,37.07,37.07,37.07,421.0,CAKE
2023-07-26 14:11:00,37.04,37.07,37.04,37.07,2463.0,CAKE
2023-07-26 14:10:00,37.035,37.08,37.035,37.07,2138.0,CAKE
2023-07-26 14:09:00,37.035,37.05,37.035,37.05,583.0,CAKE
2023-07-26 14:08:00,37.04,37.06,37.04,37.06,1236.0,CAKE
2023-07-26 14:07:00,37.04,37.04,37.04,37.04,624.0,CAKE
2023-07-26 14:06:00,37.01,37.04,37.01,37.04,223.0,CAKE
2023-07-26 14:04:00,37.03,37.03,37.03,37.03,105.0,CAKE
2023-07-26 14:03:00,37.03,37.03,37.03,37.03,219.0,CAKE
2023-07-26 14:02:00,37.04,37.04,37.04,37.04,926.0,CAKE
2023-07-26 14:01:00,37.02,37.03,37.01,37.03,1806.0,CAKE
2023-07-26 14:00:00,37.0,37.04,37.0,37.04,2305.0,CAKE
2023-07-26 13:59:00,37.02,37.025,37.01,37.02,1626.0,CAKE
2023-07-26 13:57:00,37.01,37.03,37.01,37.03,1247.0,CAKE
2023-07-26 13:56:00,37.01,37.01,37.01,37.01,635.0,CAKE
2023-07-26 13:55:00,37.0,37.02,37.0,37.02,1220.0,CAKE
2023-07-26 13:54:00,36.99,37.0,36.99,37.0,1063.0,CAKE
2023-07-26 13:52:00,36.985,36.985,36.985,36.985,159.0,CAKE
2023-07-26 13:51:00,36.99,36.99,36.99,36.99,597.0,CAKE
2023-07-26 13:50:00,36.975,36.99,36.975,36.99,553.0,CAKE
2023-07-26 13:49:00,37.0,37.0,36.98,36.98,2331.0,CAKE
2023-07-26 13:48:00,36.99,36.99,36.99,36.99,136.0,CAKE
2023-07-26 13:47:00,36.99,36.99,36.99,36.99,133.0,CAKE
2023-07-26 13:46:00,37.0,37.0,36.99,36.99,1688.0,CAKE
2023-07-26 13:45:00,36.99,37.015,36.99,37.015,1148.0,CAKE
2023-07-26 13:43:00,36.99,36.997,36.99,36.99,917.0,CAKE
2023-07-26 13:42:00,36.95,36.98,36.945,36.97,2355.0,CAKE
2023-07-26 13:41:00,36.95,36.95,36.95,36.95,1241.0,CAKE
2023-07-26 13:39:00,36.96,36.96,36.96,36.96,303.0,CAKE
2023-07-26 13:38:00,36.965,36.98,36.94,36.96,3978.0,CAKE
2023-07-26 13:37:00,36.98,36.98,36.965,36.965,947.0,CAKE
2023-07-26 13:36:00,36.955,36.955,36.955,36.955,389.0,CAKE
2023-07-26 13:33:00,36.97,36.97,36.97,36.97,215.0,CAKE
2023-07-26 13:31:00,36.97,36.97,36.954,36.954,1323.0,CAKE
2023-07-26 13:30:00,36.94,36.95,36.94,36.95,1017.0,CAKE
2023-07-26 13:29:00,36.96,36.96,36.93,36.935,1864.0,CAKE
2023-07-26 13:28:00,36.95,36.95,36.95,36.95,429.0,CAKE
2023-07-26 13:25:00,36.93,36.94,36.93,36.93,1769.0,CAKE
2023-07-26 13:24:00,36.915,36.915,36.915,36.915,164.0,CAKE
2023-07-26 13:23:00,36.92,36.92,36.915,36.915,743.0,CAKE
2023-07-26 13:22:00,36.92,36.92,36.92,36.92,124.0,CAKE
2023-07-26 13:18:00,36.91,36.92,36.91,36.92,1207.0,CAKE
2023-07-26 13:16:00,36.932,36.932,36.902,36.902,423.0,CAKE
2023-07-26 13:14:00,36.94,36.95,36.94,36.95,411.0,CAKE
2023-07-26 13:13:00,36.92,36.935,36.915,36.915,1177.0,CAKE
2023-07-26 13:12:00,36.89,36.9,36.875,36.9,2266.0,CAKE
2023-07-26 13:11:00,36.97,36.97,36.92,36.92,895.0,CAKE
2023-07-26 13:10:00,37.0,37.0,37.0,37.0,760.0,CAKE
2023-07-26 13:09:00,36.97,36.99,36.97,36.99,1196.0,CAKE
2023-07-26 13:08:00,36.96,36.96,36.96,36.96,201.0,CAKE
2023-07-26 13:07:00,36.98,36.98,36.97,36.98,1874.0,CAKE
2023-07-26 13:06:00,36.96,36.96,36.96,36.96,110.0,CAKE
2023-07-26 13:05:00,37.055,37.055,36.96,36.96,4978.0,CAKE
2023-07-26 13:04:00,37.055,37.055,37.055,37.055,103.0,CAKE
2023-07-26 13:03:00,37.055,37.055,37.055,37.055,100.0,CAKE
2023-07-26 13:02:00,37.06,37.06,37.06,37.06,1097.0,CAKE
2023-07-26 13:01:00,37.05,37.05,37.04,37.04,505.0,CAKE
2023-07-26 13:00:00,37.065,37.096,37.02,37.045,24865.0,CAKE
2023-07-26 12:59:00,37.05,37.06,37.05,37.06,724.0,CAKE
2023-07-26 12:57:00,37.05,37.05,37.03,37.04,1108.0,CAKE
2023-07-26 12:55:00,37.05,37.05,37.05,37.05,296.0,CAKE
2023-07-26 12:54:00,37.03,37.04,37.03,37.04,908.0,CAKE
2023-07-26 12:53:00,37.0,37.01,36.99,37.01,1076.0,CAKE
2023-07-26 12:52:00,37.09,37.09,37.02,37.02,1889.0,CAKE
2023-07-26 12:51:00,37.1,37.1,37.1,37.1,548.0,CAKE
2023-07-26 12:50:00,37.13,37.13,37.13,37.13,199.0,CAKE
2023-07-26 12:48:00,37.08,37.12,37.08,37.12,1149.0,CAKE
2023-07-26 12:47:00,37.07,37.07,37.07,37.07,293.0,CAKE
2023-07-26 12:46:00,37.055,37.06,37.055,37.055,373.0,CAKE
2023-07-26 12:44:00,37.025,37.05,37.025,37.05,1223.0,CAKE
2023-07-26 12:42:00,37.03,37.04,37.03,37.03,1731.0,CAKE
2023-07-26 12:41:00,37.03,37.03,37.02,37.02,354.0,CAKE
2023-07-26 12:40:00,37.05,37.05,37.04,37.04,800.0,CAKE
2023-07-26 12:39:00,37.09,37.09,37.08,37.08,973.0,CAKE
2023-07-26 12:38:00,37.125,37.125,37.12,37.12,308.0,CAKE
2023-07-26 12:37:00,37.089,37.125,37.089,37.125,3746.0,CAKE
2023-07-26 12:36:00,37.13,37.13,37.087,37.087,2290.0,CAKE
2023-07-26 12:34:00,37.13,37.16,37.13,37.16,1218.0,CAKE
2023-07-26 12:33:00,37.11,37.12,37.11,37.12,856.0,CAKE
2023-07-26 12:32:00,37.09,37.105,37.09,37.105,827.0,CAKE
2023-07-26 12:31:00,37.09,37.09,37.08,37.08,3295.0,CAKE
2023-07-26 12:30:00,37.09,37.09,37.09,37.09,757.0,CAKE
2023-07-26 12:29:00,37.09,37.09,37.09,37.09,116.0,CAKE
2023-07-26 12:28:00,37.125,37.125,37.125,37.125,239.0,CAKE
2023-07-26 12:27:00,37.1,37.1,37.1,37.1,133.0,CAKE
2023-07-26 12:26:00,37.06,37.09,37.06,37.09,2039.0,CAKE
2023-07-26 12:25:00,37.062,37.062,37.062,37.062,305.0,CAKE
2023-07-26 12:24:00,37.06,37.06,37.06,37.06,464.0,CAKE
2023-07-26 12:23:00,37.06,37.06,37.06,37.06,996.0,CAKE
2023-07-26 12:22:00,37.08,37.08,37.08,37.08,113.0,CAKE
2023-07-26 12:21:00,37.06,37.09,37.06,37.085,1477.0,CAKE
2023-07-26 12:20:00,37.04,37.05,37.04,37.05,769.0,CAKE
2023-07-26 12:17:00,37.028,37.028,37.028,37.028,279.0,CAKE
2023-07-26 12:16:00,37.0,37.02,37.0,37.02,944.0,CAKE
2023-07-26 12:15:00,36.99,37.0,36.989,37.0,1150.0,CAKE
2023-07-26 12:13:00,36.955,36.98,36.955,36.98,1205.0,CAKE
2023-07-26 12:11:00,36.97,36.97,36.94,36.94,277.0,CAKE
2023-07-26 12:10:00,36.94,36.94,36.94,36.94,186.0,CAKE
2023-07-26 12:07:00,36.95,36.95,36.95,36.95,611.0,CAKE
2023-07-26 12:06:00,36.93,36.95,36.93,36.95,940.0,CAKE
2023-07-26 12:05:00,36.96,36.96,36.92,36.92,969.0,CAKE
2023-07-26 12:03:00,37.03,37.03,37.01,37.01,974.0,CAKE
2023-07-26 12:02:00,37.05,37.05,37.045,37.045,829.0,CAKE
2023-07-26 12:01:00,37.027,37.038,37.02,37.038,550.0,CAKE
2023-07-26 12:00:00,37.08,37.08,37.035,37.035,3354.0,CAKE
2023-07-26 11:58:00,37.095,37.095,37.095,37.095,224.0,CAKE
2023-07-26 11:56:00,37.1,37.1,37.1,37.1,161.0,CAKE
2023-07-26 11:55:00,37.07,37.1,37.07,37.1,562.0,CAKE
2023-07-26 11:54:00,37.055,37.07,37.055,37.07,738.0,CAKE
2023-07-26 11:53:00,37.03,37.05,37.03,37.05,693.0,CAKE
2023-07-26 11:52:00,37.0,37.02,36.99,37.02,2823.0,CAKE
2023-07-26 11:51:00,36.98,37.0,36.98,37.0,1078.0,CAKE
2023-07-26 11:50:00,36.95,36.98,36.95,36.97,2354.0,CAKE
2023-07-26 11:49:00,36.95,36.96,36.95,36.96,969.0,CAKE
2023-07-26 11:47:00,36.935,36.935,36.935,36.935,293.0,CAKE
2023-07-26 11:45:00,36.94,36.95,36.94,36.95,1075.0,CAKE
2023-07-26 11:44:00,36.92,36.92,36.92,36.92,281.0,CAKE
2023-07-26 11:41:00,36.917,36.917,36.917,36.917,149.0,CAKE
2023-07-26 11:40:00,36.9,36.93,36.9,36.92,1123.0,CAKE
2023-07-26 11:38:00,36.86,36.9,36.86,36.86,2197.0,CAKE
2023-07-26 11:37:00,36.82,36.86,36.81,36.86,1924.0,CAKE
2023-07-26 11:36:00,36.792,36.81,36.792,36.81,1562.0,CAKE
2023-07-26 11:35:00,36.79,36.81,36.79,36.79,998.0,CAKE
2023-07-26 11:34:00,36.77,36.78,36.77,36.78,1440.0,CAKE
2023-07-26 11:32:00,36.79,36.79,36.78,36.79,579.0,CAKE
2023-07-26 11:31:00,36.816,36.816,36.816,36.816,124.0,CAKE
2023-07-26 11:29:00,36.8,36.825,36.8,36.81,845.0,CAKE
2023-07-26 11:28:00,36.83,36.83,36.81,36.82,1482.0,CAKE
2023-07-26 11:27:00,36.86,36.86,36.85,36.85,469.0,CAKE
2023-07-26 11:26:00,36.8,36.87,36.8,36.83,2554.0,CAKE
2023-07-26 11:25:00,36.83,36.83,36.815,36.815,894.0,CAKE
2023-07-26 11:23:00,36.85,36.85,36.83,36.83,1144.0,CAKE
2023-07-26 11:22:00,36.85,36.85,36.85,36.85,497.0,CAKE
2023-07-26 11:21:00,36.86,36.86,36.86,36.86,288.0,CAKE
2023-07-26 11:20:00,36.87,36.87,36.87,36.87,455.0,CAKE
2023-07-26 11:19:00,36.94,36.95,36.895,36.895,1461.0,CAKE
2023-07-26 11:17:00,36.98,36.98,36.98,36.98,404.0,CAKE
2023-07-26 11:16:00,36.99,36.99,36.97,36.97,1121.0,CAKE
2023-07-26 11:15:00,36.99,36.99,36.98,36.98,531.0,CAKE
2023-07-26 11:14:00,36.98,36.98,36.98,36.98,334.0,CAKE
2023-07-26 11:13:00,36.96,36.96,36.95,36.955,906.0,CAKE
2023-07-26 11:12:00,36.97,36.99,36.97,36.99,771.0,CAKE
2023-07-26 11:10:00,36.94,36.95,36.94,36.95,760.0,CAKE
2023-07-26 11:09:00,36.92,36.925,36.9,36.922,3409.0,CAKE
2023-07-26 11:08:00,36.9,36.9,36.9,36.9,1135.0,CAKE
2023-07-26 11:07:00,36.85,36.87,36.85,36.87,1084.0,CAKE
2023-07-26 11:06:00,36.83,36.84,36.83,36.84,925.0,CAKE
2023-07-26 11:05:00,36.8,36.83,36.8,36.83,3258.0,CAKE
2023-07-26 11:01:00,36.83,36.83,36.83,36.83,519.0,CAKE
2023-07-26 11:00:00,36.83,36.83,36.83,36.83,681.0,CAKE
2023-07-26 10:59:00,36.82,36.82,36.81,36.81,868.0,CAKE
2023-07-26 10:58:00,36.89,36.89,36.845,36.845,1391.0,CAKE
2023-07-26 10:57:00,36.91,36.91,36.91,36.91,594.0,CAKE
2023-07-26 10:56:00,36.91,36.91,36.91,36.91,294.0,CAKE
2023-07-26 10:55:00,36.885,36.895,36.885,36.895,240.0,CAKE
2023-07-26 10:54:00,36.88,36.9,36.87,36.9,964.0,CAKE
2023-07-26 10:53:00,36.85,36.86,36.84,36.86,1571.0,CAKE
2023-07-26 10:52:00,36.84,36.84,36.84,36.84,246.0,CAKE
2023-07-26 10:51:00,36.825,36.825,36.825,36.825,190.0,CAKE
2023-07-26 10:50:00,36.85,36.85,36.82,36.83,1886.0,CAKE
2023-07-26 10:48:00,36.93,36.93,36.88,36.89,915.0,CAKE
2023-07-26 10:47:00,36.915,36.94,36.915,36.93,740.0,CAKE
2023-07-26 10:46:00,36.94,36.94,36.94,36.94,269.0,CAKE
2023-07-26 10:45:00,36.91,36.91,36.91,36.91,757.0,CAKE
2023-07-26 10:44:00,36.88,36.9,36.88,36.89,963.0,CAKE
2023-07-26 10:43:00,36.845,36.88,36.845,36.88,416.0,CAKE
2023-07-26 10:41:00,36.86,36.87,36.86,36.87,639.0,CAKE
2023-07-26 10:40:00,36.845,36.88,36.81,36.86,4820.0,CAKE
2023-07-26 10:39:00,36.84,36.85,36.84,36.845,814.0,CAKE
2023-07-26 10:38:00,36.83,36.83,36.82,36.82,699.0,CAKE
2023-07-26 10:37:00,36.82,36.85,36.82,36.85,2042.0,CAKE
2023-07-26 10:36:00,36.83,36.83,36.8,36.805,1407.0,CAKE
2023-07-26 10:35:00,36.86,36.86,36.83,36.86,941.0,CAKE
2023-07-26 10:34:00,36.905,36.93,36.89,36.9,2953.0,CAKE
2023-07-26 10:33:00,36.86,36.92,36.86,36.902,2309.0,CAKE
2023-07-26 10:32:00,36.84,36.84,36.81,36.81,614.0,CAKE
2023-07-26 10:31:00,36.88,36.88,36.88,36.88,324.0,CAKE
2023-07-26 10:30:00,36.985,36.985,36.905,36.905,1153.0,CAKE
2023-07-26 10:29:00,36.975,36.975,36.975,36.975,257.0,CAKE
2023-07-26 10:28:00,37.05,37.06,36.99,37.01,4194.0,CAKE
2023-07-26 10:27:00,37.0,37.03,36.995,37.03,36996.0,CAKE
2023-07-26 10:26:00,36.99,37.0,36.985,36.985,2053.0,CAKE
2023-07-26 10:25:00,36.982,37.0,36.965,36.97,2012.0,CAKE
2023-07-26 10:24:00,37.1,37.1,37.0,37.0,8956.0,CAKE
2023-07-26 10:23:00,37.08,37.08,37.03,37.07,2951.0,CAKE
2023-07-26 10:22:00,37.04,37.1,37.04,37.1,1563.0,CAKE
2023-07-26 10:21:00,37.041,37.06,37.02,37.03,3345.0,CAKE
2023-07-26 10:20:00,36.96,37.05,36.96,37.05,2280.0,CAKE
2023-07-26 10:18:00,36.99,36.99,36.96,36.96,12509.0,CAKE
2023-07-26 10:17:00,36.91,36.98,36.91,36.98,2128.0,CAKE
2023-07-26 10:16:00,36.92,36.94,36.92,36.94,696.0,CAKE
2023-07-26 10:15:00,36.9,36.9,36.89,36.89,531.0,CAKE
2023-07-26 10:14:00,36.96,36.96,36.95,36.95,412.0,CAKE
2023-07-26 10:13:00,36.98,36.98,36.94,36.95,3428.0,CAKE
2023-07-26 10:12:00,36.98,36.98,36.96,36.96,1548.0,CAKE
2023-07-26 10:11:00,36.98,36.98,36.98,36.98,137.0,CAKE
2023-07-26 10:10:00,36.98,36.98,36.98,36.98,308.0,CAKE
2023-07-26 10:08:00,37.075,37.075,36.98,36.98,6607.0,CAKE
2023-07-26 10:07:00,36.87,37.06,36.86,37.06,5579.0,CAKE
2023-07-26 10:06:00,36.85,36.89,36.85,36.89,549.0,CAKE
2023-07-26 10:05:00,36.78,36.78,36.781,36.78,109.0,CAKE
2023-07-26 10:04:00,36.79,36.83,36.76,36.8,1410.0,CAKE
2023-07-26 10:03:00,36.725,36.76,36.725,36.76,643.0,CAKE
2023-07-26 10:02:00,36.725,36.725,36.725,36.725,251.0,CAKE
2023-07-26 10:01:00,36.72,36.735,36.72,36.735,567.0,CAKE
2023-07-26 09:58:00,36.9,36.9,36.88,36.88,1307.0,CAKE
2023-07-26 09:55:00,36.923,36.923,36.923,36.923,117.0,CAKE
2023-07-26 09:54:00,37.06,37.06,36.98,36.98,1202.0,CAKE
2023-07-26 09:52:00,37.1,37.12,37.09,37.11,1258.0,CAKE
2023-07-26 09:50:00,37.09,37.09,37.09,37.09,134.0,CAKE
2023-07-26 09:49:00,37.055,37.061,37.0,37.061,716.0,CAKE
2023-07-26 09:48:00,37.13,37.18,37.08,37.08,6899.0,CAKE
2023-07-26 09:47:00,36.98,37.14,36.98,37.11,4270.0,CAKE
2023-07-26 09:46:00,37.045,37.045,36.98,36.98,1292.0,CAKE
2023-07-26 09:44:00,36.98,37.1,36.98,37.05,885.0,CAKE
2023-07-26 09:43:00,36.91,36.95,36.895,36.93,3224.0,CAKE
2023-07-26 09:42:00,36.87,36.9,36.79,36.9,2478.0,CAKE
2023-07-26 09:41:00,36.91,36.91,36.91,36.91,244.0,CAKE
2023-07-26 09:40:00,36.88,36.92,36.85,36.918,2135.0,CAKE
2023-07-26 09:38:00,36.83,36.83,36.83,36.83,258.0,CAKE
2023-07-26 09:36:00,36.82,36.82,36.82,36.82,314.0,CAKE
2023-07-26 09:35:00,36.82,36.82,36.82,36.82,425.0,CAKE
2023-07-26 09:32:00,36.59,36.75,36.59,36.75,572.0,CAKE
2023-07-26 09:31:00,36.52,36.54,36.52,36.54,321.0,CAKE
2023-07-26 09:30:00,36.16,36.46,36.16,36.46,13102.0,CAKE
2023-07-26 09:27:00,35.97,36.12,35.97,36.12,6.0,CAKE
2023-07-26 09:22:00,35.9,35.9,35.9,35.9,2.0,CAKE
2023-07-26 09:19:00,35.9,35.9,35.9,35.9,120.0,CAKE
2023-07-26 09:17:00,35.96,35.96,35.96,35.96,4.0,CAKE
2023-07-26 09:11:00,35.93,35.93,35.93,35.93,4.0,CAKE
2023-07-26 08:42:00,35.99,35.99,35.93,35.93,5.0,CAKE
2023-07-26 08:30:00,35.96,35.96,35.96,35.96,10.0,CAKE
2023-07-26 08:03:00,35.97,35.97,35.97,35.97,100.0,CAKE
2023-07-26 08:01:00,35.95,35.95,35.95,35.95,2.0,CAKE
2023-07-26 08:00:00,35.15,35.97,35.15,35.97,132.0,CAKE
2023-07-26 07:33:00,36.0,36.0,36.0,36.0,90.0,CAKE
2023-07-26 07:32:00,36.01,36.01,36.0,36.0,27.0,CAKE
2023-07-26 07:10:00,36.29,36.29,36.29,36.29,100.0,CAKE
2023-07-25 19:24:00,35.92,35.92,35.92,35.92,25.0,CAKE
2023-07-25 19:22:00,35.92,35.92,35.92,35.92,4.0,CAKE
2023-07-25 19:19:00,36.15,36.15,36.15,36.15,2.0,CAKE
2023-07-25 18:39:00,36.59,36.59,36.59,36.59,1.0,CAKE
2023-07-25 17:38:00,36.45,36.45,36.45,36.45,6.0,CAKE
2023-07-25 17:32:00,36.63,36.63,35.92,35.92,6.0,CAKE
2023-07-25 17:20:00,37.06,37.06,37.06,37.06,1.0,CAKE
2023-07-25 17:00:00,36.95,36.95,36.95,36.95,3.0,CAKE
2023-07-25 16:46:00,36.5,36.5,36.5,36.5,78.0,CAKE
2023-07-25 16:45:00,36.5,36.5,36.5,36.5,452.0,CAKE
2023-07-25 16:17:00,36.59,36.59,36.59,36.59,2700.0,CAKE
2023-07-25 16:10:00,36.59,36.59,36.59,36.59,1.0,CAKE
2023-07-25 16:06:00,36.59,36.59,36.59,36.59,34.0,CAKE
2023-07-25 16:01:00,36.59,36.59,36.59,36.59,1265.0,CAKE
2023-07-25 16:00:00,36.59,36.59,36.58,36.59,124185.0,CAKE
2023-07-25 15:59:00,36.565,36.58,36.553,36.58,16580.0,CAKE
2023-07-25 15:58:00,36.56,36.567,36.54,36.56,17818.0,CAKE
2023-07-25 15:57:00,36.575,36.575,36.54,36.555,12236.0,CAKE
2023-07-25 15:56:00,36.585,36.59,36.57,36.58,8395.0,CAKE
2023-07-25 15:55:00,36.56,36.61,36.55,36.585,12981.0,CAKE
2023-07-25 15:54:00,36.58,36.58,36.54,36.54,5459.0,CAKE
2023-07-25 15:53:00,36.58,36.59,36.575,36.58,5864.0,CAKE
2023-07-25 15:52:00,36.59,36.61,36.585,36.585,6978.0,CAKE
2023-07-25 15:51:00,36.675,36.675,36.58,36.58,10430.0,CAKE
2023-07-25 15:50:00,36.69,36.69,36.665,36.675,6005.0,CAKE
2023-07-25 15:49:00,36.685,36.7,36.685,36.7,3710.0,CAKE
2023-07-25 15:48:00,36.74,36.745,36.685,36.69,6017.0,CAKE
2023-07-25 15:47:00,36.74,36.76,36.733,36.75,4856.0,CAKE
2023-07-25 15:46:00,36.755,36.77,36.72,36.74,3706.0,CAKE
2023-07-25 15:45:00,36.755,36.77,36.755,36.77,2159.0,CAKE
2023-07-25 15:44:00,36.76,36.76,36.74,36.75,1548.0,CAKE
2023-07-25 15:43:00,36.74,36.76,36.74,36.74,1362.0,CAKE
2023-07-25 15:42:00,36.74,36.76,36.74,36.755,1791.0,CAKE
2023-07-25 15:41:00,36.735,36.74,36.72,36.73,4387.0,CAKE
2023-07-25 15:40:00,36.755,36.755,36.73,36.73,2045.0,CAKE
2023-07-25 15:39:00,36.76,36.76,36.744,36.76,1232.0,CAKE
2023-07-25 15:38:00,36.73,36.76,36.73,36.75,6194.0,CAKE
2023-07-25 15:37:00,36.74,36.75,36.74,36.75,1302.0,CAKE
2023-07-25 15:36:00,36.735,36.74,36.72,36.74,1752.0,CAKE
2023-07-25 15:35:00,36.705,36.73,36.705,36.73,1540.0,CAKE
2023-07-25 15:34:00,36.74,36.74,36.7,36.705,5583.0,CAKE
2023-07-25 15:33:00,36.731,36.74,36.73,36.735,3024.0,CAKE
2023-07-25 15:32:00,36.74,36.75,36.72,36.74,3881.0,CAKE
2023-07-25 15:31:00,36.73,36.75,36.73,36.744,1715.0,CAKE
2023-07-25 15:30:00,36.695,36.725,36.69,36.725,2084.0,CAKE
2023-07-25 15:29:00,36.685,36.695,36.661,36.695,2182.0,CAKE
2023-07-25 15:28:00,36.72,36.72,36.685,36.685,5432.0,CAKE
2023-07-25 15:27:00,36.7,36.72,36.7,36.72,3701.0,CAKE
2023-07-25 15:26:00,36.715,36.73,36.715,36.73,955.0,CAKE
2023-07-25 15:25:00,36.7,36.7,36.7,36.7,2090.0,CAKE
2023-07-25 15:24:00,36.665,36.7,36.665,36.7,1485.0,CAKE
2023-07-25 15:23:00,36.68,36.68,36.68,36.68,1231.0,CAKE
2023-07-25 15:22:00,36.72,36.73,36.68,36.68,3884.0,CAKE
2023-07-25 15:21:00,36.71,36.72,36.71,36.71,538.0,CAKE
2023-07-25 15:20:00,36.68,36.72,36.68,36.71,4348.0,CAKE
2023-07-25 15:19:00,36.67,36.67,36.66,36.661,2760.0,CAKE
2023-07-25 15:18:00,36.66,36.67,36.66,36.67,2711.0,CAKE
2023-07-25 15:17:00,36.62,36.67,36.62,36.67,2414.0,CAKE
2023-07-25 15:16:00,36.6,36.62,36.6,36.62,5127.0,CAKE
2023-07-25 15:15:00,36.6,36.6,36.597,36.6,1339.0,CAKE
2023-07-25 15:14:00,36.555,36.6,36.54,36.6,8015.0,CAKE
2023-07-25 15:13:00,36.56,36.56,36.54,36.54,1874.0,CAKE
2023-07-25 15:12:00,36.55,36.55,36.54,36.54,298.0,CAKE
2023-07-25 15:11:00,36.555,36.565,36.55,36.55,2841.0,CAKE
2023-07-25 15:10:00,36.56,36.56,36.555,36.56,735.0,CAKE
2023-07-25 15:09:00,36.535,36.555,36.535,36.555,1694.0,CAKE
2023-07-25 15:08:00,36.54,36.55,36.53,36.53,2793.0,CAKE
2023-07-25 15:07:00,36.53,36.535,36.53,36.535,795.0,CAKE
2023-07-25 15:06:00,36.525,36.53,36.52,36.53,1006.0,CAKE
2023-07-25 15:05:00,36.56,36.56,36.53,36.53,3858.0,CAKE
2023-07-25 15:04:00,36.552,36.552,36.552,36.552,236.0,CAKE
2023-07-25 15:03:00,36.575,36.58,36.56,36.56,1304.0,CAKE
2023-07-25 15:02:00,36.65,36.65,36.59,36.59,1824.0,CAKE
2023-07-25 15:01:00,36.65,36.655,36.645,36.65,1978.0,CAKE
2023-07-25 15:00:00,36.64,36.65,36.64,36.65,1102.0,CAKE
2023-07-25 14:59:00,36.63,36.635,36.62,36.63,1844.0,CAKE
2023-07-25 14:58:00,36.62,36.645,36.62,36.645,562.0,CAKE
2023-07-25 14:57:00,36.63,36.64,36.62,36.63,2463.0,CAKE
2023-07-25 14:56:00,36.65,36.65,36.63,36.63,1689.0,CAKE
2023-07-25 14:55:00,36.63,36.65,36.63,36.65,799.0,CAKE
2023-07-25 14:54:00,36.63,36.63,36.625,36.63,915.0,CAKE
2023-07-25 14:53:00,36.615,36.63,36.615,36.62,1560.0,CAKE
2023-07-25 14:52:00,36.59,36.615,36.59,36.61,1847.0,CAKE
2023-07-25 14:51:00,36.605,36.605,36.6,36.6,846.0,CAKE
2023-07-25 14:50:00,36.63,36.63,36.6,36.6,775.0,CAKE
2023-07-25 14:49:00,36.635,36.655,36.63,36.65,3210.0,CAKE
2023-07-25 14:48:00,36.62,36.64,36.62,36.635,2104.0,CAKE
2023-07-25 14:47:00,36.64,36.64,36.62,36.62,928.0,CAKE
2023-07-25 14:46:00,36.65,36.655,36.65,36.655,625.0,CAKE
2023-07-25 14:45:00,36.64,36.65,36.63,36.65,2394.0,CAKE
2023-07-25 14:44:00,36.66,36.66,36.645,36.655,803.0,CAKE
2023-07-25 14:43:00,36.6,36.64,36.6,36.635,1962.0,CAKE
2023-07-25 14:42:00,36.67,36.67,36.58,36.58,7522.0,CAKE
2023-07-25 14:41:00,36.675,36.675,36.67,36.67,1731.0,CAKE
2023-07-25 14:39:00,36.675,36.68,36.63,36.68,6473.0,CAKE
2023-07-25 14:38:00,36.62,36.65,36.62,36.65,1917.0,CAKE
2023-07-25 14:37:00,36.64,36.64,36.6,36.6,4880.0,CAKE
2023-07-25 14:36:00,36.65,36.66,36.63,36.645,4612.0,CAKE
2023-07-25 14:35:00,36.665,36.665,36.665,36.665,305.0,CAKE
2023-07-25 14:34:00,36.665,36.665,36.665,36.665,336.0,CAKE
2023-07-25 14:33:00,36.665,36.665,36.665,36.665,386.0,CAKE
2023-07-25 14:32:00,36.67,36.67,36.663,36.665,823.0,CAKE
2023-07-25 14:31:00,36.66,36.69,36.66,36.67,2781.0,CAKE
2023-07-25 14:30:00,36.67,36.675,36.65,36.65,2048.0,CAKE
2023-07-25 14:29:00,36.65,36.67,36.65,36.67,2035.0,CAKE
2023-07-25 14:28:00,36.67,36.67,36.65,36.65,1698.0,CAKE
2023-07-25 14:27:00,36.67,36.67,36.67,36.67,412.0,CAKE
2023-07-25 14:26:00,36.67,36.67,36.67,36.67,1317.0,CAKE
2023-07-25 14:25:00,36.67,36.68,36.67,36.68,325.0,CAKE
2023-07-25 14:24:00,36.68,36.68,36.68,36.68,136.0,CAKE
2023-07-25 14:22:00,36.655,36.67,36.655,36.67,1655.0,CAKE
2023-07-25 14:21:00,36.68,36.69,36.67,36.67,2564.0,CAKE
2023-07-25 14:20:00,36.67,36.69,36.67,36.69,1042.0,CAKE
2023-07-25 14:19:00,36.67,36.67,36.67,36.67,294.0,CAKE
2023-07-25 14:18:00,36.68,36.68,36.67,36.67,330.0,CAKE
2023-07-25 14:16:00,36.625,36.67,36.615,36.67,3361.0,CAKE
2023-07-25 14:15:00,36.65,36.65,36.64,36.64,1614.0,CAKE
2023-07-25 14:14:00,36.65,36.65,36.65,36.65,150.0,CAKE
2023-07-25 14:13:00,36.65,36.65,36.647,36.65,985.0,CAKE
2023-07-25 14:12:00,36.65,36.65,36.65,36.65,356.0,CAKE
2023-07-25 14:11:00,36.65,36.655,36.65,36.655,528.0,CAKE
2023-07-25 14:10:00,36.7,36.7,36.65,36.65,3011.0,CAKE
2023-07-25 14:09:00,36.68,36.7,36.68,36.7,1743.0,CAKE
2023-07-25 14:08:00,36.68,36.68,36.675,36.675,693.0,CAKE
2023-07-25 14:07:00,36.67,36.68,36.67,36.68,1139.0,CAKE
2023-07-25 14:06:00,36.68,36.68,36.68,36.68,593.0,CAKE
2023-07-25 14:05:00,36.67,36.68,36.67,36.67,783.0,CAKE
2023-07-25 14:04:00,36.66,36.665,36.66,36.665,1445.0,CAKE
2023-07-25 14:03:00,36.65,36.65,36.64,36.65,552.0,CAKE
2023-07-25 14:02:00,36.645,36.65,36.645,36.65,1225.0,CAKE
2023-07-25 14:00:00,36.67,36.67,36.66,36.66,2412.0,CAKE
2023-07-25 13:59:00,36.64,36.66,36.64,36.66,1542.0,CAKE
2023-07-25 13:58:00,36.625,36.64,36.625,36.64,1637.0,CAKE
2023-07-25 13:57:00,36.62,36.63,36.61,36.63,948.0,CAKE
2023-07-25 13:56:00,36.62,36.62,36.62,36.62,279.0,CAKE
2023-07-25 13:55:00,36.61,36.62,36.61,36.62,1299.0,CAKE
2023-07-25 13:54:00,36.61,36.61,36.61,36.61,369.0,CAKE
2023-07-25 13:53:00,36.62,36.62,36.605,36.61,514.0,CAKE
2023-07-25 13:52:00,36.61,36.61,36.605,36.605,587.0,CAKE
2023-07-25 13:51:00,36.6,36.6,36.6,36.6,380.0,CAKE
2023-07-25 13:50:00,36.59,36.6,36.59,36.6,1627.0,CAKE
2023-07-25 13:49:00,36.575,36.575,36.575,36.575,321.0,CAKE
2023-07-25 13:48:00,36.58,36.58,36.575,36.575,646.0,CAKE
2023-07-25 13:47:00,36.61,36.61,36.595,36.595,1177.0,CAKE
2023-07-25 13:45:00,36.64,36.64,36.625,36.625,2324.0,CAKE
2023-07-25 13:43:00,36.62,36.63,36.62,36.63,1250.0,CAKE
2023-07-25 13:42:00,36.62,36.62,36.615,36.615,604.0,CAKE
2023-07-25 13:41:00,36.61,36.62,36.6,36.6,2070.0,CAKE
2023-07-25 13:40:00,36.59,36.59,36.59,36.59,173.0,CAKE
2023-07-25 13:39:00,36.63,36.63,36.62,36.62,1070.0,CAKE
2023-07-25 13:38:00,36.62,36.64,36.62,36.63,1018.0,CAKE
2023-07-25 13:37:00,36.61,36.61,36.61,36.61,156.0,CAKE
2023-07-25 13:36:00,36.65,36.65,36.6,36.6,1704.0,CAKE
2023-07-25 13:35:00,36.63,36.67,36.63,36.66,2626.0,CAKE
2023-07-25 13:34:00,36.64,36.64,36.62,36.62,1056.0,CAKE
2023-07-25 13:33:00,36.645,36.65,36.63,36.635,1735.0,CAKE
2023-07-25 13:32:00,36.65,36.65,36.645,36.645,1149.0,CAKE
2023-07-25 13:31:00,36.648,36.648,36.64,36.64,397.0,CAKE
2023-07-25 13:29:00,36.605,36.64,36.605,36.625,1347.0,CAKE
2023-07-25 13:28:00,36.625,36.63,36.62,36.62,1925.0,CAKE
2023-07-25 13:27:00,36.66,36.66,36.65,36.65,1094.0,CAKE
2023-07-25 13:25:00,36.69,36.69,36.665,36.665,1702.0,CAKE
2023-07-25 13:24:00,36.68,36.69,36.68,36.69,1046.0,CAKE
2023-07-25 13:22:00,36.7,36.7,36.69,36.69,1300.0,CAKE
2023-07-25 13:21:00,36.67,36.69,36.67,36.69,933.0,CAKE
2023-07-25 13:20:00,36.66,36.66,36.66,36.66,155.0,CAKE
2023-07-25 13:19:00,36.69,36.69,36.67,36.67,1375.0,CAKE
2023-07-25 13:18:00,36.62,36.69,36.62,36.69,1293.0,CAKE
2023-07-25 13:17:00,36.56,36.62,36.56,36.62,2489.0,CAKE
2023-07-25 13:16:00,36.555,36.56,36.551,36.555,886.0,CAKE
2023-07-25 13:15:00,36.6,36.61,36.57,36.57,1904.0,CAKE
2023-07-25 13:14:00,36.6,36.6,36.6,36.6,355.0,CAKE
2023-07-25 13:13:00,36.61,36.61,36.6,36.6,1386.0,CAKE
2023-07-25 13:12:00,36.56,36.59,36.56,36.58,1432.0,CAKE
2023-07-25 13:11:00,36.545,36.545,36.545,36.545,350.0,CAKE
2023-07-25 13:10:00,36.52,36.53,36.52,36.53,1336.0,CAKE
2023-07-25 13:09:00,36.53,36.535,36.53,36.535,1320.0,CAKE
2023-07-25 13:07:00,36.51,36.515,36.51,36.51,1436.0,CAKE
2023-07-25 13:06:00,36.51,36.53,36.51,36.52,2605.0,CAKE
2023-07-25 13:05:00,36.555,36.6,36.555,36.58,5314.0,CAKE
2023-07-25 13:04:00,36.545,36.545,36.515,36.53,2353.0,CAKE
2023-07-25 13:03:00,36.525,36.55,36.525,36.55,459.0,CAKE
2023-07-25 13:02:00,36.51,36.54,36.51,36.53,2497.0,CAKE
2023-07-25 13:01:00,36.525,36.525,36.5,36.5,1344.0,CAKE
2023-07-25 13:00:00,36.52,36.53,36.52,36.53,774.0,CAKE
2023-07-25 12:59:00,36.49,36.525,36.49,36.52,1545.0,CAKE
2023-07-25 12:58:00,36.47,36.47,36.47,36.47,406.0,CAKE
2023-07-25 12:57:00,36.465,36.47,36.46,36.46,1107.0,CAKE
2023-07-25 12:56:00,36.455,36.47,36.455,36.47,787.0,CAKE
2023-07-25 12:55:00,36.45,36.46,36.43,36.45,1737.0,CAKE
2023-07-25 12:54:00,36.44,36.44,36.44,36.44,107.0,CAKE
2023-07-25 12:53:00,36.505,36.505,36.46,36.46,1643.0,CAKE
2023-07-25 12:52:00,36.505,36.505,36.505,36.505,422.0,CAKE
2023-07-25 12:51:00,36.47,36.485,36.47,36.485,1054.0,CAKE
2023-07-25 12:50:00,36.455,36.455,36.455,36.455,185.0,CAKE
2023-07-25 12:49:00,36.42,36.45,36.42,36.45,1594.0,CAKE
2023-07-25 12:48:00,36.5,36.5,36.425,36.435,2360.0,CAKE
2023-07-25 12:47:00,36.495,36.51,36.495,36.5,1360.0,CAKE
2023-07-25 12:46:00,36.49,36.49,36.49,36.49,243.0,CAKE
2023-07-25 12:45:00,36.49,36.49,36.49,36.49,292.0,CAKE
2023-07-25 12:44:00,36.45,36.47,36.45,36.47,4111.0,CAKE
2023-07-25 12:43:00,36.44,36.44,36.44,36.44,202.0,CAKE
2023-07-25 12:41:00,36.515,36.515,36.49,36.49,2255.0,CAKE
2023-07-25 12:40:00,36.48,36.5,36.48,36.48,771.0,CAKE
2023-07-25 12:39:00,36.48,36.48,36.46,36.466,506.0,CAKE
2023-07-25 12:38:00,36.44,36.46,36.425,36.46,3521.0,CAKE
2023-07-25 12:37:00,36.44,36.44,36.44,36.44,446.0,CAKE
2023-07-25 12:36:00,36.435,36.44,36.435,36.44,835.0,CAKE
2023-07-25 12:35:00,36.375,36.45,36.375,36.45,4358.0,CAKE
2023-07-25 12:34:00,36.39,36.4,36.385,36.39,444.0,CAKE
2023-07-25 12:33:00,36.385,36.385,36.385,36.385,738.0,CAKE
2023-07-25 12:32:00,36.385,36.385,36.385,36.385,330.0,CAKE
2023-07-25 12:31:00,36.38,36.39,36.37,36.38,2671.0,CAKE
2023-07-25 12:30:00,36.42,36.42,36.41,36.41,1183.0,CAKE
2023-07-25 12:29:00,36.42,36.42,36.42,36.42,541.0,CAKE
2023-07-25 12:28:00,36.49,36.49,36.425,36.425,1377.0,CAKE
2023-07-25 12:27:00,36.495,36.495,36.49,36.49,315.0,CAKE
2023-07-25 12:26:00,36.425,36.51,36.425,36.505,2877.0,CAKE
2023-07-25 12:25:00,36.425,36.425,36.425,36.425,1075.0,CAKE
2023-07-25 12:24:00,36.44,36.445,36.415,36.43,4899.0,CAKE
2023-07-25 12:23:00,36.465,36.465,36.45,36.45,1226.0,CAKE
2023-07-25 12:22:00,36.475,36.475,36.475,36.475,249.0,CAKE
2023-07-25 12:21:00,36.45,36.475,36.45,36.475,919.0,CAKE
2023-07-25 12:20:00,36.425,36.425,36.425,36.425,722.0,CAKE
2023-07-25 12:19:00,36.42,36.44,36.42,36.425,658.0,CAKE
2023-07-25 12:18:00,36.4,36.41,36.39,36.41,1484.0,CAKE
2023-07-25 12:17:00,36.35,36.39,36.345,36.39,2478.0,CAKE
2023-07-25 12:16:00,36.345,36.345,36.345,36.345,543.0,CAKE
2023-07-25 12:15:00,36.33,36.345,36.32,36.34,1937.0,CAKE
2023-07-25 12:14:00,36.31,36.32,36.31,36.32,4990.0,CAKE
2023-07-25 12:13:00,36.32,36.32,36.29,36.3,1859.0,CAKE
2023-07-25 12:11:00,36.32,36.32,36.32,36.32,101.0,CAKE
2023-07-25 12:10:00,36.31,36.33,36.31,36.32,5040.0,CAKE
2023-07-25 12:09:00,36.3,36.31,36.3,36.31,3280.0,CAKE
2023-07-25 12:08:00,36.305,36.305,36.3,36.3,890.0,CAKE
2023-07-25 12:07:00,36.305,36.305,36.3,36.3,536.0,CAKE
2023-07-25 12:06:00,36.32,36.32,36.295,36.302,4271.0,CAKE
2023-07-25 12:05:00,36.32,36.32,36.32,36.32,947.0,CAKE
2023-07-25 12:04:00,36.315,36.315,36.3,36.315,422.0,CAKE
2023-07-25 12:03:00,36.31,36.32,36.31,36.31,1150.0,CAKE
2023-07-25 12:02:00,36.315,36.317,36.3,36.305,2393.0,CAKE
2023-07-25 12:01:00,36.315,36.33,36.31,36.31,4501.0,CAKE
2023-07-25 12:00:00,36.32,36.32,36.32,36.32,485.0,CAKE
2023-07-25 11:59:00,36.315,36.32,36.3,36.31,9867.0,CAKE
2023-07-25 11:58:00,36.32,36.32,36.315,36.315,729.0,CAKE
2023-07-25 11:57:00,36.3,36.32,36.3,36.32,2284.0,CAKE
2023-07-25 11:56:00,36.29,36.29,36.29,36.29,430.0,CAKE
2023-07-25 11:55:00,36.26,36.31,36.26,36.3,832.0,CAKE
2023-07-25 11:53:00,36.23,36.26,36.215,36.26,3660.0,CAKE
2023-07-25 11:52:00,36.24,36.24,36.24,36.24,192.0,CAKE
2023-07-25 11:51:00,36.27,36.27,36.26,36.26,678.0,CAKE
2023-07-25 11:50:00,36.28,36.28,36.28,36.28,602.0,CAKE
2023-07-25 11:49:00,36.29,36.3,36.29,36.3,476.0,CAKE
2023-07-25 11:48:00,36.29,36.3,36.29,36.3,1206.0,CAKE
2023-07-25 11:47:00,36.27,36.31,36.27,36.27,1404.0,CAKE
2023-07-25 11:45:00,36.38,36.38,36.334,36.334,1390.0,CAKE
2023-07-25 11:44:00,36.37,36.39,36.37,36.39,2324.0,CAKE
2023-07-25 11:42:00,36.386,36.386,36.37,36.37,806.0,CAKE
2023-07-25 11:41:00,36.395,36.395,36.395,36.395,223.0,CAKE
2023-07-25 11:40:00,36.41,36.41,36.39,36.39,928.0,CAKE
2023-07-25 11:39:00,36.44,36.44,36.42,36.42,1258.0,CAKE
2023-07-25 11:38:00,36.45,36.45,36.4,36.4,1150.0,CAKE
2023-07-25 11:37:00,36.455,36.46,36.455,36.46,481.0,CAKE
2023-07-25 11:36:00,36.49,36.49,36.43,36.43,1370.0,CAKE
2023-07-25 11:35:00,36.495,36.495,36.48,36.48,913.0,CAKE
2023-07-25 11:34:00,36.49,36.49,36.49,36.49,458.0,CAKE
2023-07-25 11:33:00,36.46,36.48,36.46,36.475,2926.0,CAKE
2023-07-25 11:32:00,36.46,36.48,36.46,36.48,340.0,CAKE
2023-07-25 11:31:00,36.54,36.54,36.46,36.46,847.0,CAKE
2023-07-25 11:30:00,36.51,36.54,36.51,36.54,2028.0,CAKE
2023-07-25 11:28:00,36.51,36.51,36.51,36.51,274.0,CAKE
2023-07-25 11:27:00,36.51,36.52,36.51,36.52,1330.0,CAKE
2023-07-25 11:26:00,36.49,36.49,36.49,36.49,484.0,CAKE
2023-07-25 11:25:00,36.48,36.52,36.48,36.51,1796.0,CAKE
2023-07-25 11:23:00,36.47,36.47,36.45,36.47,979.0,CAKE
2023-07-25 11:21:00,36.46,36.48,36.45,36.48,2234.0,CAKE
2023-07-25 11:20:00,36.415,36.46,36.415,36.455,2062.0,CAKE
2023-07-25 11:19:00,36.46,36.46,36.46,36.46,573.0,CAKE
2023-07-25 11:17:00,36.45,36.485,36.435,36.485,1979.0,CAKE
2023-07-25 11:16:00,36.51,36.51,36.45,36.465,751.0,CAKE
2023-07-25 11:15:00,36.57,36.57,36.57,36.57,862.0,CAKE
2023-07-25 11:14:00,36.635,36.64,36.635,36.64,365.0,CAKE
2023-07-25 11:13:00,36.61,36.64,36.61,36.63,1790.0,CAKE
2023-07-25 11:12:00,36.64,36.64,36.62,36.62,1286.0,CAKE
2023-07-25 11:11:00,36.65,36.65,36.65,36.65,338.0,CAKE
2023-07-25 11:10:00,36.69,36.69,36.67,36.68,1405.0,CAKE
2023-07-25 11:09:00,36.7,36.71,36.7,36.705,1358.0,CAKE
2023-07-25 11:08:00,36.69,36.69,36.68,36.68,849.0,CAKE
2023-07-25 11:07:00,36.69,36.69,36.675,36.675,735.0,CAKE
2023-07-25 11:06:00,36.695,36.695,36.68,36.69,750.0,CAKE
2023-07-25 11:05:00,36.68,36.71,36.67,36.69,1650.0,CAKE
2023-07-25 11:04:00,36.705,36.705,36.705,36.705,237.0,CAKE
2023-07-25 11:03:00,36.67,36.69,36.67,36.69,1518.0,CAKE
2023-07-25 11:02:00,36.685,36.7,36.645,36.645,2273.0,CAKE
2023-07-25 11:01:00,36.69,36.69,36.69,36.69,106.0,CAKE
2023-07-25 11:00:00,36.64,36.695,36.64,36.695,1587.0,CAKE
2023-07-25 10:59:00,36.66,36.66,36.64,36.64,636.0,CAKE
2023-07-25 10:58:00,36.59,36.62,36.59,36.62,1060.0,CAKE
2023-07-25 10:57:00,36.585,36.585,36.55,36.55,1236.0,CAKE
2023-07-25 10:56:00,36.59,36.6,36.57,36.58,1128.0,CAKE
2023-07-25 10:55:00,36.56,36.58,36.56,36.58,587.0,CAKE
2023-07-25 10:54:00,36.54,36.55,36.54,36.55,752.0,CAKE
2023-07-25 10:53:00,36.52,36.55,36.52,36.55,1062.0,CAKE
2023-07-25 10:52:00,36.505,36.51,36.505,36.51,686.0,CAKE
2023-07-25 10:51:00,36.46,36.505,36.46,36.505,1060.0,CAKE
2023-07-25 10:50:00,36.46,36.46,36.46,36.46,452.0,CAKE
2023-07-25 10:49:00,36.45,36.45,36.45,36.45,581.0,CAKE
2023-07-25 10:48:00,36.39,36.45,36.39,36.45,1535.0,CAKE
2023-07-25 10:47:00,36.39,36.39,36.39,36.39,267.0,CAKE
2023-07-25 10:46:00,36.39,36.39,36.375,36.375,384.0,CAKE
2023-07-25 10:45:00,36.38,36.43,36.38,36.41,1275.0,CAKE
2023-07-25 10:44:00,36.33,36.36,36.325,36.36,1122.0,CAKE
2023-07-25 10:43:00,36.405,36.405,36.34,36.35,1472.0,CAKE
2023-07-25 10:42:00,36.39,36.4,36.39,36.4,720.0,CAKE
2023-07-25 10:41:00,36.32,36.33,36.31,36.325,938.0,CAKE
2023-07-25 10:40:00,36.29,36.31,36.27,36.31,2393.0,CAKE
2023-07-25 10:39:00,36.32,36.32,36.29,36.29,624.0,CAKE
2023-07-25 10:38:00,36.33,36.33,36.33,36.33,264.0,CAKE
2023-07-25 10:37:00,36.335,36.335,36.33,36.33,621.0,CAKE
2023-07-25 10:35:00,36.33,36.35,36.33,36.35,564.0,CAKE
2023-07-25 10:34:00,36.275,36.32,36.275,36.32,1843.0,CAKE
2023-07-25 10:33:00,36.26,36.285,36.26,36.285,428.0,CAKE
2023-07-25 10:32:00,36.22,36.26,36.22,36.26,995.0,CAKE
2023-07-25 10:31:00,36.17,36.18,36.17,36.175,1502.0,CAKE
2023-07-25 10:30:00,36.2,36.2,36.17,36.17,1313.0,CAKE
2023-07-25 10:29:00,36.285,36.29,36.27,36.27,459.0,CAKE
2023-07-25 10:28:00,36.245,36.285,36.245,36.27,1717.0,CAKE
2023-07-25 10:27:00,36.23,36.25,36.23,36.23,799.0,CAKE
2023-07-25 10:26:00,36.23,36.24,36.23,36.24,313.0,CAKE
2023-07-25 10:25:00,36.22,36.24,36.205,36.21,2569.0,CAKE
2023-07-25 10:24:00,36.212,36.212,36.212,36.212,549.0,CAKE
2023-07-25 10:23:00,36.19,36.19,36.19,36.19,176.0,CAKE
2023-07-25 10:22:00,36.245,36.245,36.23,36.23,544.0,CAKE
2023-07-25 10:20:00,36.27,36.32,36.25,36.25,1789.0,CAKE
2023-07-25 10:19:00,36.16,36.26,36.16,36.245,1988.0,CAKE
2023-07-25 10:18:00,36.18,36.18,36.16,36.162,907.0,CAKE
2023-07-25 10:17:00,36.14,36.173,36.12,36.173,1735.0,CAKE
2023-07-25 10:15:00,36.21,36.21,36.185,36.185,881.0,CAKE
2023-07-25 10:14:00,36.21,36.28,36.21,36.24,2356.0,CAKE
2023-07-25 10:13:00,36.21,36.21,36.21,36.21,347.0,CAKE
2023-07-25 10:12:00,36.2,36.23,36.2,36.22,1887.0,CAKE
2023-07-25 10:11:00,36.19,36.2,36.165,36.2,2068.0,CAKE
2023-07-25 10:10:00,36.17,36.17,36.17,36.17,171.0,CAKE
2023-07-25 10:09:00,36.12,36.17,36.12,36.17,1516.0,CAKE
2023-07-25 10:08:00,36.18,36.18,36.135,36.135,4137.0,CAKE
2023-07-25 10:07:00,36.125,36.125,36.125,36.125,352.0,CAKE
2023-07-25 10:06:00,36.13,36.2,36.13,36.2,1293.0,CAKE
2023-07-25 10:05:00,36.16,36.16,36.15,36.15,530.0,CAKE
2023-07-25 10:04:00,36.2,36.22,36.16,36.22,4027.0,CAKE
2023-07-25 10:03:00,36.215,36.23,36.215,36.23,1283.0,CAKE
2023-07-25 10:02:00,36.215,36.215,36.215,36.215,201.0,CAKE
2023-07-25 10:01:00,36.32,36.32,36.225,36.225,1691.0,CAKE
2023-07-25 10:00:00,36.26,36.3,36.26,36.3,1801.0,CAKE
2023-07-25 09:59:00,36.275,36.275,36.275,36.275,204.0,CAKE
2023-07-25 09:58:00,36.313,36.313,36.313,36.313,561.0,CAKE
2023-07-25 09:57:00,36.25,36.28,36.25,36.28,1401.0,CAKE
2023-07-25 09:56:00,36.26,36.26,36.24,36.24,1437.0,CAKE
2023-07-25 09:55:00,36.32,36.32,36.32,36.32,785.0,CAKE
2023-07-25 09:54:00,36.355,36.355,36.355,36.355,384.0,CAKE
2023-07-25 09:53:00,36.32,36.39,36.32,36.38,1829.0,CAKE
2023-07-25 09:50:00,36.265,36.34,36.265,36.34,657.0,CAKE
2023-07-25 09:49:00,36.333,36.333,36.24,36.245,1897.0,CAKE
2023-07-25 09:48:00,36.2,36.31,36.2,36.31,2163.0,CAKE
2023-07-25 09:47:00,36.33,36.37,36.25,36.25,5872.0,CAKE
2023-07-25 09:46:00,36.31,36.31,36.31,36.31,107.0,CAKE
2023-07-25 09:45:00,36.46,36.46,36.315,36.315,551.0,CAKE
2023-07-25 09:44:00,36.395,36.55,36.395,36.55,453.0,CAKE
2023-07-25 09:42:00,36.535,36.535,36.535,36.535,321.0,CAKE
2023-07-25 09:41:00,36.662,36.662,36.57,36.57,1302.0,CAKE
2023-07-25 09:40:00,36.7,36.7,36.67,36.67,615.0,CAKE
2023-07-25 09:39:00,36.75,36.75,36.75,36.75,329.0,CAKE
2023-07-25 09:38:00,36.8,36.8,36.8,36.8,1015.0,CAKE
2023-07-25 09:37:00,36.87,36.87,36.77,36.822,4207.0,CAKE
2023-07-25 09:35:00,36.845,36.845,36.77,36.77,594.0,CAKE
2023-07-25 09:34:00,36.694,36.8,36.694,36.765,5310.0,CAKE
2023-07-25 09:33:00,36.62,36.7,36.62,36.7,3357.0,CAKE
2023-07-25 09:32:00,36.495,36.495,36.495,36.495,100.0,CAKE
2023-07-25 09:31:00,36.856,36.856,36.856,36.856,603.0,CAKE
2023-07-25 09:30:00,36.73,36.73,36.73,36.73,3072.0,CAKE
2023-07-25 04:32:00,36.94,36.95,36.94,36.95,2.0,CAKE
2023-07-24 19:39:00,37.35,37.35,37.35,37.35,1.0,CAKE
2023-07-24 17:38:00,37.3,37.3,37.3,37.3,1.0,CAKE
2023-07-24 17:06:00,37.49,37.49,37.49,37.49,2.0,CAKE
2023-07-24 17:00:00,36.95,36.95,36.95,36.95,1.0,CAKE
2023-07-24 16:42:00,37.3,37.3,37.3,37.3,1.0,CAKE
2023-07-24 16:16:00,36.75,36.75,36.75,36.75,3.0,CAKE
2023-07-24 16:04:00,36.95,36.95,36.95,36.95,228.0,CAKE
2023-07-24 16:00:00,36.94,36.95,36.94,36.95,156181.0,CAKE
2023-07-24 15:59:00,36.995,37.0,36.92,36.94,22938.0,CAKE
2023-07-24 15:58:00,36.97,37.0,36.96,36.995,13724.0,CAKE
2023-07-24 15:57:00,36.98,36.99,36.96,36.965,13143.0,CAKE
2023-07-24 15:56:00,36.96,36.98,36.94,36.975,10886.0,CAKE
2023-07-24 15:55:00,37.0,37.0,36.96,36.96,9745.0,CAKE
2023-07-24 15:54:00,36.975,36.995,36.975,36.99,7593.0,CAKE
2023-07-24 15:53:00,36.96,36.98,36.955,36.98,2941.0,CAKE
2023-07-24 15:52:00,36.97,36.99,36.96,36.965,7734.0,CAKE
2023-07-24 15:51:00,36.99,36.99,36.98,36.99,2378.0,CAKE
2023-07-24 15:50:00,37.04,37.04,36.995,37.0,4943.0,CAKE
2023-07-24 15:49:00,37.04,37.055,37.04,37.05,3346.0,CAKE
2023-07-24 15:48:00,37.055,37.06,37.045,37.06,3692.0,CAKE
2023-07-24 15:47:00,37.03,37.06,37.03,37.06,1551.0,CAKE
2023-07-24 15:46:00,37.05,37.06,37.02,37.03,7128.0,CAKE
2023-07-24 15:45:00,37.01,37.05,37.01,37.05,3212.0,CAKE
2023-07-24 15:44:00,36.98,37.01,36.98,37.004,6216.0,CAKE
2023-07-24 15:43:00,36.98,36.99,36.98,36.985,1115.0,CAKE
2023-07-24 15:42:00,36.98,36.98,36.97,36.98,1097.0,CAKE
2023-07-24 15:41:00,36.94,36.97,36.939,36.97,3637.0,CAKE
2023-07-24 15:40:00,36.96,36.96,36.94,36.94,3464.0,CAKE
2023-07-24 15:39:00,36.94,36.96,36.935,36.952,1353.0,CAKE
2023-07-24 15:38:00,36.93,36.93,36.905,36.92,3189.0,CAKE
2023-07-24 15:37:00,36.92,36.92,36.915,36.915,1383.0,CAKE
2023-07-24 15:36:00,36.89,36.915,36.87,36.915,8515.0,CAKE
2023-07-24 15:35:00,36.875,36.89,36.875,36.89,1263.0,CAKE
2023-07-24 15:34:00,36.87,36.88,36.87,36.87,1710.0,CAKE
2023-07-24 15:33:00,36.84,36.86,36.835,36.86,2970.0,CAKE
2023-07-24 15:32:00,36.82,36.84,36.82,36.83,1685.0,CAKE
2023-07-24 15:31:00,36.785,36.82,36.785,36.82,2589.0,CAKE
2023-07-24 15:30:00,36.785,36.79,36.775,36.785,2311.0,CAKE
2023-07-24 15:29:00,36.77,36.78,36.77,36.78,913.0,CAKE
2023-07-24 15:28:00,36.79,36.79,36.775,36.775,3157.0,CAKE
2023-07-24 15:27:00,36.79,36.81,36.79,36.8,2944.0,CAKE
2023-07-24 15:26:00,36.8,36.8,36.78,36.78,2874.0,CAKE
2023-07-24 15:25:00,36.8,36.805,36.8,36.805,651.0,CAKE
2023-07-24 15:24:00,36.82,36.82,36.81,36.81,428.0,CAKE
2023-07-24 15:23:00,36.81,36.82,36.81,36.81,1777.0,CAKE
2023-07-24 15:22:00,36.81,36.81,36.8,36.8,1839.0,CAKE
2023-07-24 15:21:00,36.825,36.825,36.825,36.825,404.0,CAKE
2023-07-24 15:20:00,36.8,36.83,36.8,36.82,1836.0,CAKE
2023-07-24 15:19:00,36.8,36.8,36.8,36.8,353.0,CAKE
2023-07-24 15:18:00,36.805,36.805,36.8,36.8,437.0,CAKE
2023-07-24 15:17:00,36.8,36.8,36.8,36.8,1054.0,CAKE
2023-07-24 15:16:00,36.77,36.8,36.76,36.79,2268.0,CAKE
2023-07-24 15:15:00,36.79,36.79,36.78,36.78,1393.0,CAKE
2023-07-24 15:14:00,36.79,36.79,36.79,36.79,361.0,CAKE
2023-07-24 15:12:00,36.77,36.78,36.74,36.77,3174.0,CAKE
2023-07-24 15:11:00,36.77,36.77,36.77,36.77,149.0,CAKE
2023-07-24 15:10:00,36.78,36.79,36.77,36.78,2056.0,CAKE
2023-07-24 15:09:00,36.775,36.775,36.77,36.77,420.0,CAKE
2023-07-24 15:08:00,36.775,36.775,36.77,36.77,543.0,CAKE
2023-07-24 15:07:00,36.78,36.78,36.78,36.78,735.0,CAKE
2023-07-24 15:06:00,36.78,36.78,36.78,36.78,747.0,CAKE
2023-07-24 15:05:00,36.76,36.77,36.76,36.77,814.0,CAKE
2023-07-24 15:04:00,36.73,36.74,36.725,36.74,2324.0,CAKE
2023-07-24 15:03:00,36.765,36.765,36.75,36.75,1543.0,CAKE
2023-07-24 15:02:00,36.75,36.78,36.75,36.78,1968.0,CAKE
2023-07-24 15:01:00,36.76,36.76,36.76,36.76,3135.0,CAKE
2023-07-24 15:00:00,36.77,36.77,36.765,36.765,1061.0,CAKE
2023-07-24 14:59:00,36.77,36.77,36.76,36.76,471.0,CAKE
2023-07-24 14:57:00,36.765,36.78,36.755,36.78,2678.0,CAKE
2023-07-24 14:55:00,36.77,36.78,36.765,36.77,2753.0,CAKE
2023-07-24 14:54:00,36.77,36.78,36.77,36.78,825.0,CAKE
2023-07-24 14:53:00,36.74,36.76,36.74,36.76,1349.0,CAKE
2023-07-24 14:52:00,36.73,36.73,36.73,36.73,1037.0,CAKE
2023-07-24 14:51:00,36.72,36.72,36.72,36.72,150.0,CAKE
2023-07-24 14:50:00,36.76,36.76,36.735,36.735,1541.0,CAKE
2023-07-24 14:48:00,36.755,36.76,36.75,36.76,1699.0,CAKE
2023-07-24 14:47:00,36.73,36.75,36.73,36.74,1020.0,CAKE
2023-07-24 14:46:00,36.73,36.73,36.73,36.73,755.0,CAKE
2023-07-24 14:45:00,36.69,36.73,36.69,36.73,1773.0,CAKE
2023-07-24 14:43:00,36.68,36.69,36.68,36.69,1760.0,CAKE
2023-07-24 14:42:00,36.69,36.69,36.67,36.67,1307.0,CAKE
2023-07-24 14:41:00,36.69,36.7,36.68,36.7,1043.0,CAKE
2023-07-24 14:40:00,36.72,36.72,36.685,36.69,1402.0,CAKE
2023-07-24 14:39:00,36.73,36.73,36.72,36.72,1016.0,CAKE
2023-07-24 14:38:00,36.73,36.73,36.73,36.73,386.0,CAKE
2023-07-24 14:37:00,36.74,36.74,36.74,36.74,647.0,CAKE
2023-07-24 14:36:00,36.753,36.753,36.75,36.75,1228.0,CAKE
2023-07-24 14:35:00,36.77,36.77,36.75,36.75,2144.0,CAKE
2023-07-24 14:34:00,36.779,36.779,36.75,36.75,579.0,CAKE
2023-07-24 14:33:00,36.77,36.77,36.75,36.75,451.0,CAKE
2023-07-24 14:30:00,36.76,36.77,36.75,36.77,1893.0,CAKE
2023-07-24 14:28:00,36.73,36.79,36.725,36.78,2933.0,CAKE
2023-07-24 14:27:00,36.73,36.74,36.73,36.74,664.0,CAKE
2023-07-24 14:26:00,36.73,36.73,36.72,36.72,1357.0,CAKE
2023-07-24 14:25:00,36.72,36.72,36.72,36.72,393.0,CAKE
2023-07-24 14:23:00,36.715,36.72,36.715,36.72,1134.0,CAKE
2023-07-24 14:22:00,36.71,36.71,36.71,36.71,593.0,CAKE
2023-07-24 14:21:00,36.715,36.727,36.715,36.727,1042.0,CAKE
2023-07-24 14:20:00,36.74,36.74,36.72,36.72,761.0,CAKE
2023-07-24 14:19:00,36.74,36.74,36.74,36.74,315.0,CAKE
2023-07-24 14:18:00,36.76,36.76,36.725,36.74,1054.0,CAKE
2023-07-24 14:17:00,36.75,36.79,36.75,36.76,2522.0,CAKE
2023-07-24 14:15:00,36.73,36.73,36.73,36.73,866.0,CAKE
2023-07-24 14:14:00,36.74,36.74,36.73,36.74,1553.0,CAKE
2023-07-24 14:13:00,36.75,36.75,36.74,36.74,1329.0,CAKE
2023-07-24 14:12:00,36.75,36.75,36.75,36.75,501.0,CAKE
2023-07-24 14:11:00,36.755,36.755,36.745,36.745,872.0,CAKE
2023-07-24 14:10:00,36.75,36.75,36.75,36.75,413.0,CAKE
2023-07-24 14:09:00,36.752,36.752,36.75,36.75,2237.0,CAKE
2023-07-24 14:08:00,36.77,36.77,36.76,36.768,861.0,CAKE
2023-07-24 14:07:00,36.77,36.77,36.755,36.76,1716.0,CAKE
2023-07-24 14:06:00,36.79,36.79,36.77,36.77,1899.0,CAKE
2023-07-24 14:04:00,36.785,36.79,36.78,36.78,2431.0,CAKE
2023-07-24 14:03:00,36.78,36.78,36.78,36.78,677.0,CAKE
2023-07-24 14:02:00,36.79,36.79,36.79,36.79,108.0,CAKE
2023-07-24 14:01:00,36.77,36.79,36.77,36.79,825.0,CAKE
2023-07-24 14:00:00,36.765,36.765,36.765,36.765,145.0,CAKE
2023-07-24 13:58:00,36.77,36.77,36.77,36.77,720.0,CAKE
2023-07-24 13:57:00,36.75,36.78,36.75,36.78,958.0,CAKE
2023-07-24 13:56:00,36.73,36.75,36.73,36.75,1416.0,CAKE
2023-07-24 13:54:00,36.76,36.77,36.75,36.75,2487.0,CAKE
2023-07-24 13:53:00,36.74,36.76,36.74,36.75,830.0,CAKE
2023-07-24 13:52:00,36.749,36.749,36.72,36.74,563.0,CAKE
2023-07-24 13:50:00,36.74,36.75,36.74,36.75,881.0,CAKE
2023-07-24 13:49:00,36.75,36.75,36.75,36.75,1183.0,CAKE
2023-07-24 13:48:00,36.76,36.76,36.76,36.76,270.0,CAKE
2023-07-24 13:47:00,36.77,36.77,36.75,36.75,1010.0,CAKE
2023-07-24 13:46:00,36.76,36.76,36.76,36.76,297.0,CAKE
2023-07-24 13:45:00,36.72,36.75,36.71,36.75,2526.0,CAKE
2023-07-24 13:44:00,36.72,36.743,36.72,36.743,505.0,CAKE
2023-07-24 13:43:00,36.77,36.77,36.75,36.75,874.0,CAKE
2023-07-24 13:42:00,36.806,36.806,36.77,36.77,1646.0,CAKE
2023-07-24 13:40:00,36.805,36.805,36.805,36.805,168.0,CAKE
2023-07-24 13:39:00,36.795,36.83,36.795,36.805,1220.0,CAKE
2023-07-24 13:38:00,36.82,36.82,36.795,36.795,976.0,CAKE
2023-07-24 13:37:00,36.795,36.84,36.795,36.82,1281.0,CAKE
2023-07-24 13:36:00,36.795,36.8,36.795,36.8,862.0,CAKE
2023-07-24 13:35:00,36.85,36.86,36.85,36.855,970.0,CAKE
2023-07-24 13:34:00,36.874,36.874,36.865,36.865,449.0,CAKE
2023-07-24 13:33:00,36.89,36.9,36.89,36.89,476.0,CAKE
2023-07-24 13:32:00,36.91,36.91,36.9,36.9,1744.0,CAKE
2023-07-24 13:31:00,36.91,36.91,36.91,36.91,324.0,CAKE
2023-07-24 13:30:00,36.88,36.88,36.88,36.88,156.0,CAKE
2023-07-24 13:29:00,36.83,36.88,36.83,36.88,1642.0,CAKE
2023-07-24 13:28:00,36.86,36.86,36.83,36.83,1370.0,CAKE
2023-07-24 13:27:00,36.867,36.867,36.867,36.867,501.0,CAKE
2023-07-24 13:26:00,36.85,36.86,36.84,36.855,1339.0,CAKE
2023-07-24 13:25:00,36.85,36.86,36.85,36.85,1416.0,CAKE
2023-07-24 13:24:00,36.82,36.82,36.82,36.82,172.0,CAKE
2023-07-24 13:23:00,36.83,36.84,36.79,36.83,2396.0,CAKE
2023-07-24 13:22:00,36.83,36.83,36.83,36.83,100.0,CAKE
2023-07-24 13:21:00,36.88,36.88,36.855,36.855,706.0,CAKE
2023-07-24 13:19:00,36.9,36.91,36.89,36.895,2500.0,CAKE
2023-07-24 13:18:00,36.92,36.92,36.92,36.92,438.0,CAKE
2023-07-24 13:17:00,36.91,36.94,36.91,36.93,2404.0,CAKE
2023-07-24 13:16:00,36.891,36.9,36.891,36.9,437.0,CAKE
2023-07-24 13:15:00,36.87,36.91,36.87,36.87,4369.0,CAKE
2023-07-24 13:14:00,36.81,36.85,36.81,36.85,2632.0,CAKE
2023-07-24 13:13:00,36.8,36.83,36.8,36.83,318.0,CAKE
2023-07-24 13:12:00,36.76,36.78,36.76,36.78,932.0,CAKE
2023-07-24 13:11:00,36.72,36.75,36.72,36.75,1128.0,CAKE
2023-07-24 13:10:00,36.73,36.73,36.705,36.705,251.0,CAKE
2023-07-24 13:09:00,36.635,36.7,36.635,36.7,2360.0,CAKE
2023-07-24 13:08:00,36.65,36.65,36.65,36.65,127.0,CAKE
2023-07-24 13:07:00,36.64,36.64,36.64,36.64,557.0,CAKE
2023-07-24 13:06:00,36.63,36.65,36.63,36.65,1124.0,CAKE
2023-07-24 13:05:00,36.665,36.67,36.63,36.63,1121.0,CAKE
2023-07-24 13:04:00,36.66,36.68,36.66,36.68,3331.0,CAKE
2023-07-24 13:03:00,36.65,36.665,36.645,36.665,2048.0,CAKE
2023-07-24 13:02:00,36.64,36.64,36.64,36.64,325.0,CAKE
2023-07-24 13:01:00,36.63,36.65,36.62,36.64,1142.0,CAKE
2023-07-24 13:00:00,36.59,36.61,36.59,36.61,1552.0,CAKE
2023-07-24 12:59:00,36.58,36.59,36.58,36.59,975.0,CAKE
2023-07-24 12:58:00,36.58,36.58,36.58,36.58,209.0,CAKE
2023-07-24 12:57:00,36.57,36.6,36.57,36.6,1460.0,CAKE
2023-07-24 12:56:00,36.562,36.562,36.562,36.562,485.0,CAKE
2023-07-24 12:55:00,36.6,36.6,36.595,36.595,1294.0,CAKE
2023-07-24 12:53:00,36.6,36.62,36.6,36.62,1189.0,CAKE
2023-07-24 12:52:00,36.6,36.61,36.585,36.59,1626.0,CAKE
2023-07-24 12:50:00,36.58,36.58,36.58,36.58,103.0,CAKE
2023-07-24 12:49:00,36.6,36.6,36.595,36.595,309.0,CAKE
2023-07-24 12:48:00,36.63,36.64,36.62,36.62,1515.0,CAKE
2023-07-24 12:47:00,36.62,36.63,36.605,36.63,1322.0,CAKE
2023-07-24 12:46:00,36.66,36.66,36.63,36.63,1730.0,CAKE
2023-07-24 12:45:00,36.62,36.65,36.615,36.65,2768.0,CAKE
2023-07-24 12:44:00,36.62,36.635,36.62,36.635,1505.0,CAKE
2023-07-24 12:43:00,36.63,36.63,36.63,36.63,721.0,CAKE
2023-07-24 12:42:00,36.635,36.635,36.635,36.635,150.0,CAKE
2023-07-24 12:41:00,36.62,36.62,36.62,36.62,1861.0,CAKE
2023-07-24 12:40:00,36.62,36.63,36.61,36.63,1637.0,CAKE
2023-07-24 12:39:00,36.59,36.61,36.59,36.61,2200.0,CAKE
2023-07-24 12:38:00,36.6,36.6,36.58,36.58,1959.0,CAKE
2023-07-24 12:37:00,36.6,36.6,36.6,36.6,210.0,CAKE
2023-07-24 12:36:00,36.61,36.61,36.6,36.6,891.0,CAKE
2023-07-24 12:35:00,36.64,36.64,36.61,36.61,2138.0,CAKE
2023-07-24 12:34:00,36.63,36.65,36.63,36.65,2432.0,CAKE
2023-07-24 12:33:00,36.645,36.652,36.645,36.652,288.0,CAKE
2023-07-24 12:32:00,36.64,36.64,36.63,36.63,1356.0,CAKE
2023-07-24 12:31:00,36.665,36.665,36.645,36.645,940.0,CAKE
2023-07-24 12:30:00,36.655,36.665,36.655,36.665,1457.0,CAKE
2023-07-24 12:29:00,36.65,36.65,36.64,36.64,2417.0,CAKE
2023-07-24 12:28:00,36.637,36.637,36.637,36.637,143.0,CAKE
2023-07-24 12:27:00,36.63,36.63,36.63,36.63,331.0,CAKE
2023-07-24 12:26:00,36.59,36.614,36.59,36.614,1268.0,CAKE
2023-07-24 12:25:00,36.61,36.61,36.58,36.58,2326.0,CAKE
2023-07-24 12:24:00,36.62,36.62,36.62,36.62,366.0,CAKE
2023-07-24 12:23:00,36.62,36.63,36.62,36.63,1082.0,CAKE
2023-07-24 12:22:00,36.63,36.63,36.62,36.62,1004.0,CAKE
2023-07-24 12:21:00,36.63,36.64,36.63,36.64,850.0,CAKE
2023-07-24 12:20:00,36.61,36.61,36.585,36.61,2094.0,CAKE
2023-07-24 12:19:00,36.63,36.63,36.615,36.615,409.0,CAKE
2023-07-24 12:18:00,36.62,36.62,36.62,36.62,149.0,CAKE
2023-07-24 12:17:00,36.614,36.614,36.614,36.614,222.0,CAKE
2023-07-24 12:16:00,36.55,36.61,36.54,36.61,4410.0,CAKE
2023-07-24 12:15:00,36.54,36.54,36.53,36.54,433.0,CAKE
2023-07-24 12:14:00,36.58,36.58,36.54,36.54,2279.0,CAKE
2023-07-24 12:13:00,36.58,36.585,36.58,36.58,1083.0,CAKE
2023-07-24 12:12:00,36.59,36.59,36.57,36.572,2033.0,CAKE
2023-07-24 12:11:00,36.595,36.595,36.595,36.595,817.0,CAKE
2023-07-24 12:10:00,36.6,36.6,36.6,36.6,363.0,CAKE
2023-07-24 12:09:00,36.645,36.645,36.61,36.61,389.0,CAKE
2023-07-24 12:08:00,36.68,36.69,36.66,36.67,3337.0,CAKE
2023-07-24 12:07:00,36.7,36.7,36.69,36.69,2281.0,CAKE
2023-07-24 12:05:00,36.701,36.71,36.701,36.71,856.0,CAKE
2023-07-24 12:04:00,36.7,36.705,36.7,36.705,487.0,CAKE
2023-07-24 12:03:00,36.73,36.73,36.705,36.705,2200.0,CAKE
2023-07-24 12:02:00,36.74,36.74,36.71,36.72,6188.0,CAKE
2023-07-24 11:59:00,36.715,36.74,36.71,36.71,5814.0,CAKE
2023-07-24 11:58:00,36.68,36.72,36.68,36.71,1879.0,CAKE
2023-07-24 11:57:00,36.69,36.69,36.69,36.69,435.0,CAKE
2023-07-24 11:56:00,36.72,36.72,36.72,36.72,494.0,CAKE
2023-07-24 11:55:00,36.77,36.775,36.74,36.74,2168.0,CAKE
2023-07-24 11:54:00,36.75,36.755,36.75,36.755,588.0,CAKE
2023-07-24 11:53:00,36.7,36.79,36.7,36.77,3271.0,CAKE
2023-07-24 11:52:00,36.67,36.69,36.67,36.69,503.0,CAKE
2023-07-24 11:50:00,36.69,36.7,36.69,36.69,1376.0,CAKE
2023-07-24 11:49:00,36.695,36.7,36.695,36.7,819.0,CAKE
2023-07-24 11:48:00,36.675,36.71,36.675,36.7,3038.0,CAKE
2023-07-24 11:47:00,36.71,36.71,36.675,36.675,2521.0,CAKE
2023-07-24 11:46:00,36.72,36.725,36.71,36.72,2335.0,CAKE
2023-07-24 11:45:00,36.7,36.72,36.7,36.72,2213.0,CAKE
2023-07-24 11:44:00,36.69,36.7,36.681,36.7,1063.0,CAKE
2023-07-24 11:43:00,36.7,36.7,36.7,36.7,169.0,CAKE
2023-07-24 11:42:00,36.7,36.73,36.7,36.7,2426.0,CAKE
2023-07-24 11:41:00,36.7,36.724,36.7,36.724,664.0,CAKE
2023-07-24 11:40:00,36.67,36.7,36.67,36.7,2765.0,CAKE
2023-07-24 11:39:00,36.69,36.69,36.67,36.67,1622.0,CAKE
2023-07-24 11:38:00,36.705,36.705,36.705,36.705,305.0,CAKE
2023-07-24 11:37:00,36.66,36.705,36.66,36.705,3615.0,CAKE
2023-07-24 11:36:00,36.66,36.68,36.66,36.68,2582.0,CAKE
2023-07-24 11:35:00,36.67,36.679,36.67,36.679,408.0,CAKE
2023-07-24 11:34:00,36.68,36.68,36.655,36.67,1358.0,CAKE
2023-07-24 11:33:00,36.68,36.68,36.675,36.68,2128.0,CAKE
2023-07-24 11:32:00,36.69,36.69,36.69,36.69,569.0,CAKE
2023-07-24 11:31:00,36.7,36.71,36.69,36.7,2281.0,CAKE
2023-07-24 11:30:00,36.695,36.707,36.69,36.705,1696.0,CAKE
2023-07-24 11:29:00,36.72,36.72,36.71,36.71,1412.0,CAKE
2023-07-24 11:28:00,36.71,36.74,36.71,36.74,754.0,CAKE
2023-07-24 11:27:00,36.69,36.71,36.69,36.7,2353.0,CAKE
2023-07-24 11:26:00,36.69,36.69,36.68,36.68,1281.0,CAKE
2023-07-24 11:25:00,36.7,36.705,36.698,36.698,2171.0,CAKE
2023-07-24 11:24:00,36.7,36.73,36.7,36.72,2910.0,CAKE
2023-07-24 11:23:00,36.71,36.73,36.68,36.7,5793.0,CAKE
2023-07-24 11:22:00,36.67,36.68,36.67,36.68,1002.0,CAKE
2023-07-24 11:21:00,36.72,36.72,36.669,36.67,1918.0,CAKE
2023-07-24 11:20:00,36.73,36.77,36.71,36.715,8441.0,CAKE
2023-07-24 11:19:00,36.75,36.75,36.7,36.71,2584.0,CAKE
2023-07-24 11:18:00,36.76,36.76,36.75,36.76,1302.0,CAKE
2023-07-24 11:17:00,36.78,36.79,36.775,36.79,869.0,CAKE
2023-07-24 11:16:00,36.77,36.78,36.75,36.76,1606.0,CAKE
2023-07-24 11:15:00,36.78,36.78,36.75,36.75,3686.0,CAKE
2023-07-24 11:14:00,36.79,36.79,36.77,36.77,1612.0,CAKE
2023-07-24 11:13:00,36.77,36.78,36.75,36.76,1960.0,CAKE
2023-07-24 11:12:00,36.73,36.78,36.72,36.765,2246.0,CAKE
2023-07-24 11:11:00,36.73,36.73,36.71,36.72,1967.0,CAKE
2023-07-24 11:10:00,36.73,36.75,36.73,36.75,333.0,CAKE
2023-07-24 11:09:00,36.725,36.735,36.72,36.73,850.0,CAKE
2023-07-24 11:08:00,36.71,36.71,36.71,36.71,655.0,CAKE
2023-07-24 11:07:00,36.7,36.71,36.7,36.71,1377.0,CAKE
2023-07-24 11:06:00,36.6,36.63,36.58,36.61,1405.0,CAKE
2023-07-24 11:05:00,36.6,36.6,36.57,36.57,3628.0,CAKE
2023-07-24 11:04:00,36.59,36.59,36.575,36.585,1290.0,CAKE
2023-07-24 11:03:00,36.565,36.59,36.565,36.58,897.0,CAKE
2023-07-24 11:02:00,36.515,36.56,36.515,36.56,2557.0,CAKE
2023-07-24 11:01:00,36.46,36.49,36.46,36.49,1814.0,CAKE
2023-07-24 11:00:00,36.445,36.455,36.445,36.45,313.0,CAKE
2023-07-24 10:59:00,36.41,36.45,36.39,36.42,2889.0,CAKE
2023-07-24 10:58:00,36.42,36.43,36.41,36.43,921.0,CAKE
2023-07-24 10:57:00,36.4,36.45,36.38,36.43,5465.0,CAKE
2023-07-24 10:56:00,36.54,36.55,36.4,36.42,1877.0,CAKE
2023-07-24 10:55:00,36.575,36.575,36.57,36.57,560.0,CAKE
2023-07-24 10:54:00,36.56,36.61,36.56,36.575,2505.0,CAKE
2023-07-24 10:53:00,36.61,36.61,36.56,36.56,3875.0,CAKE
2023-07-24 10:52:00,36.56,36.595,36.56,36.56,1805.0,CAKE
2023-07-24 10:51:00,36.63,36.63,36.57,36.6,5050.0,CAKE
2023-07-24 10:50:00,36.7,36.72,36.605,36.63,2199.0,CAKE
2023-07-24 10:49:00,36.69,36.73,36.69,36.705,2212.0,CAKE
2023-07-24 10:48:00,36.69,36.7,36.66,36.69,2214.0,CAKE
2023-07-24 10:47:00,36.69,36.69,36.69,36.69,820.0,CAKE
2023-07-24 10:46:00,36.645,36.68,36.645,36.65,1247.0,CAKE
2023-07-24 10:45:00,36.645,36.67,36.645,36.645,744.0,CAKE
2023-07-24 10:44:00,36.7,36.7,36.68,36.68,361.0,CAKE
2023-07-24 10:43:00,36.65,36.69,36.63,36.69,5371.0,CAKE
2023-07-24 10:42:00,36.665,36.665,36.66,36.66,629.0,CAKE
2023-07-24 10:41:00,36.67,36.67,36.66,36.665,1032.0,CAKE
2023-07-24 10:40:00,36.71,36.72,36.665,36.7,2942.0,CAKE
2023-07-24 10:39:00,36.71,36.73,36.71,36.719,630.0,CAKE
2023-07-24 10:38:00,36.72,36.73,36.68,36.715,2046.0,CAKE
2023-07-24 10:37:00,36.76,36.77,36.72,36.72,2497.0,CAKE
2023-07-24 10:36:00,36.81,36.81,36.75,36.75,1766.0,CAKE
2023-07-24 10:35:00,36.77,36.79,36.745,36.79,3113.0,CAKE
2023-07-24 10:34:00,36.695,36.79,36.695,36.785,3298.0,CAKE
2023-07-24 10:33:00,36.71,36.71,36.71,36.71,694.0,CAKE
2023-07-24 10:32:00,36.75,36.75,36.71,36.71,1640.0,CAKE
2023-07-24 10:31:00,36.8,36.81,36.775,36.8,2185.0,CAKE
2023-07-24 10:30:00,36.85,36.85,36.78,36.8,2469.0,CAKE
2023-07-24 10:29:00,36.845,36.88,36.845,36.846,3040.0,CAKE
2023-07-24 10:28:00,36.845,36.845,36.828,36.828,268.0,CAKE
2023-07-24 10:27:00,36.81,36.84,36.81,36.84,836.0,CAKE
2023-07-24 10:26:00,36.83,36.853,36.82,36.84,1984.0,CAKE
2023-07-24 10:25:00,36.835,36.86,36.79,36.825,2548.0,CAKE
2023-07-24 10:24:00,36.83,36.83,36.79,36.82,1637.0,CAKE
2023-07-24 10:23:00,36.83,36.85,36.81,36.81,1661.0,CAKE
2023-07-24 10:22:00,36.805,36.88,36.805,36.84,1930.0,CAKE
2023-07-24 10:21:00,36.77,36.85,36.77,36.84,2095.0,CAKE
2023-07-24 10:20:00,36.66,36.73,36.66,36.73,4567.0,CAKE
2023-07-24 10:19:00,36.79,36.8,36.66,36.67,5072.0,CAKE
2023-07-24 10:18:00,36.81,36.832,36.7,36.73,3638.0,CAKE
2023-07-24 10:17:00,36.89,36.93,36.85,36.85,7583.0,CAKE
2023-07-24 10:16:00,36.94,37.0,36.89,36.89,5118.0,CAKE
2023-07-24 10:15:00,36.95,37.0,36.92,36.97,3254.0,CAKE
2023-07-24 10:14:00,36.96,37.0,36.94,36.99,2095.0,CAKE
2023-07-24 10:13:00,36.95,36.96,36.9,36.935,1852.0,CAKE
2023-07-24 10:12:00,36.925,36.99,36.925,36.96,3285.0,CAKE
2023-07-24 10:11:00,36.85,36.89,36.83,36.89,5214.0,CAKE
2023-07-24 10:10:00,37.07,37.07,36.84,36.85,45834.0,CAKE
2023-07-24 10:09:00,37.02,37.1,37.02,37.1,1067.0,CAKE
2023-07-24 10:08:00,36.98,37.05,36.98,37.05,1286.0,CAKE
2023-07-24 10:07:00,36.85,36.945,36.849,36.945,2486.0,CAKE
2023-07-24 10:06:00,36.93,36.94,36.89,36.89,2306.0,CAKE
2023-07-24 10:05:00,37.0,37.0,36.89,36.917,3066.0,CAKE
2023-07-24 10:04:00,36.99,37.01,36.965,36.97,4081.0,CAKE
2023-07-24 10:03:00,37.03,37.03,36.99,36.99,3903.0,CAKE
2023-07-24 10:02:00,37.045,37.045,37.045,37.045,403.0,CAKE
2023-07-24 10:01:00,37.19,37.19,37.1,37.1,7775.0,CAKE
2023-07-24 10:00:00,37.19,37.2,37.19,37.2,711.0,CAKE
2023-07-24 09:59:00,37.19,37.19,37.151,37.16,460.0,CAKE
2023-07-24 09:58:00,37.08,37.1,37.08,37.1,1606.0,CAKE
2023-07-24 09:57:00,37.06,37.07,37.06,37.07,1561.0,CAKE
2023-07-24 09:56:00,37.16,37.16,37.1,37.1,2727.0,CAKE
2023-07-24 09:55:00,37.19,37.2,37.19,37.2,820.0,CAKE
2023-07-24 09:54:00,37.12,37.17,37.12,37.165,2841.0,CAKE
2023-07-24 09:53:00,37.155,37.155,37.13,37.14,727.0,CAKE
2023-07-24 09:52:00,37.124,37.16,37.124,37.16,1463.0,CAKE
2023-07-24 09:51:00,37.3,37.3,37.13,37.13,1580.0,CAKE
2023-07-24 09:50:00,37.339,37.339,37.26,37.305,4043.0,CAKE
2023-07-24 09:49:00,37.365,37.365,37.33,37.35,1152.0,CAKE
2023-07-24 09:48:00,37.41,37.41,37.36,37.364,2690.0,CAKE
2023-07-24 09:47:00,37.4,37.41,37.39,37.41,1351.0,CAKE
2023-07-24 09:46:00,37.526,37.526,37.42,37.42,3834.0,CAKE
2023-07-24 09:45:00,37.5,37.54,37.48,37.53,1638.0,CAKE
2023-07-24 09:44:00,37.49,37.54,37.48,37.54,1750.0,CAKE
2023-07-24 09:43:00,37.45,37.49,37.45,37.46,1258.0,CAKE
2023-07-24 09:42:00,37.43,37.48,37.43,37.48,2060.0,CAKE
2023-07-24 09:41:00,37.36,37.43,37.35,37.43,964.0,CAKE
2023-07-24 09:40:00,37.349,37.36,37.315,37.36,2399.0,CAKE
2023-07-24 09:39:00,37.4,37.4,37.35,37.358,5764.0,CAKE
2023-07-24 09:38:00,37.4,37.45,37.38,37.41,3936.0,CAKE
2023-07-24 09:37:00,37.285,37.405,37.285,37.405,3860.0,CAKE
2023-07-24 09:36:00,37.14,37.27,37.14,37.27,1566.0,CAKE
2023-07-24 09:35:00,37.19,37.19,37.12,37.165,2417.0,CAKE
2023-07-24 09:34:00,37.09,37.18,37.09,37.18,2083.0,CAKE
2023-07-24 09:33:00,36.99,37.02,36.99,37.02,1419.0,CAKE
2023-07-24 09:32:00,37.0,37.0,37.0,37.0,135.0,CAKE
2023-07-24 09:31:00,37.045,37.045,37.045,37.045,155.0,CAKE
2023-07-24 09:30:00,37.05,37.05,37.02,37.02,5496.0,CAKE
2023-07-24 09:20:00,37.33,37.83,37.33,37.83,98.0,CAKE
2023-07-24 08:59:00,36.86,36.86,36.86,36.86,1.0,CAKE
2023-07-24 08:58:00,37.83,37.83,37.83,37.83,1.0,CAKE
2023-07-24 08:00:00,37.83,37.83,37.83,37.83,1.0,CAKE
2023-07-21 19:59:00,36.88,36.88,36.88,36.88,3.0,CAKE
2023-07-21 19:38:00,37.95,37.95,37.95,37.95,3.0,CAKE
2023-07-21 19:11:00,37.95,37.95,37.95,37.95,1.0,CAKE
2023-07-21 19:09:00,36.86,36.86,36.86,36.86,4.0,CAKE
2023-07-21 18:51:00,37.575,37.575,37.575,37.575,2.0,CAKE
2023-07-21 18:31:00,36.86,36.86,36.86,36.86,45.0,CAKE
2023-07-21 18:15:00,37.02,37.02,37.02,37.02,1.0,CAKE
2023-07-21 18:07:00,36.84,36.84,36.56,36.56,5.0,CAKE
2023-07-21 17:44:00,36.5,36.5,36.5,36.5,13.0,CAKE
2023-07-21 16:18:00,36.51,36.51,36.51,36.51,1.0,CAKE
2023-07-21 16:02:00,36.86,36.86,36.86,36.86,7417.0,CAKE
2023-07-21 16:01:00,36.86,36.86,36.86,36.86,852.0,CAKE
2023-07-21 16:00:00,36.85,36.86,36.85,36.86,143018.0,CAKE
2023-07-21 15:59:00,36.84,36.85,36.81,36.85,22248.0,CAKE
2023-07-21 15:58:00,36.83,36.85,36.83,36.84,8766.0,CAKE
2023-07-21 15:57:00,36.85,36.855,36.83,36.83,9795.0,CAKE
2023-07-21 15:56:00,36.85,36.86,36.85,36.85,8625.0,CAKE
2023-07-21 15:55:00,36.83,36.86,36.83,36.85,9836.0,CAKE
2023-07-21 15:54:00,36.82,36.84,36.79,36.83,6862.0,CAKE
2023-07-21 15:53:00,36.82,36.825,36.82,36.82,4469.0,CAKE
2023-07-21 15:52:00,36.78,36.84,36.78,36.82,6150.0,CAKE
2023-07-21 15:51:00,36.795,36.795,36.78,36.78,3086.0,CAKE
2023-07-21 15:50:00,36.8,36.8,36.76,36.8,3662.0,CAKE
2023-07-21 15:49:00,36.8,36.8,36.78,36.78,2630.0,CAKE
2023-07-21 15:48:00,36.79,36.81,36.79,36.8,2726.0,CAKE
2023-07-21 15:47:00,36.81,36.815,36.8,36.8,2161.0,CAKE
2023-07-21 15:46:00,36.84,36.84,36.78,36.8,5303.0,CAKE
2023-07-21 15:45:00,36.82,36.84,36.82,36.82,3949.0,CAKE
2023-07-21 15:44:00,36.86,36.87,36.82,36.82,3867.0,CAKE
2023-07-21 15:43:00,36.85,36.86,36.85,36.86,1453.0,CAKE
2023-07-21 15:42:00,36.86,36.86,36.85,36.85,981.0,CAKE
2023-07-21 15:41:00,36.86,36.86,36.85,36.85,1705.0,CAKE
2023-07-21 15:40:00,36.865,36.865,36.85,36.85,1086.0,CAKE
2023-07-21 15:39:00,36.91,36.91,36.85,36.85,2911.0,CAKE
2023-07-21 15:38:00,36.87,36.9,36.87,36.9,2518.0,CAKE
2023-07-21 15:37:00,36.91,36.912,36.88,36.88,2703.0,CAKE
2023-07-21 15:36:00,36.94,36.94,36.91,36.91,2000.0,CAKE
2023-07-21 15:35:00,36.96,36.96,36.94,36.94,2732.0,CAKE
2023-07-21 15:34:00,36.96,36.97,36.96,36.96,1399.0,CAKE
2023-07-21 15:33:00,36.97,36.97,36.96,36.96,2550.0,CAKE
2023-07-21 15:32:00,36.97,36.97,36.97,36.97,1082.0,CAKE
2023-07-21 15:31:00,36.96,36.98,36.96,36.98,953.0,CAKE
2023-07-21 15:30:00,36.95,36.98,36.95,36.97,1212.0,CAKE
2023-07-21 15:29:00,36.98,36.98,36.96,36.96,1568.0,CAKE
2023-07-21 15:28:00,36.96,36.97,36.95,36.96,1887.0,CAKE
2023-07-21 15:27:00,36.93,36.95,36.93,36.95,2236.0,CAKE
2023-07-21 15:26:00,36.955,36.955,36.95,36.95,434.0,CAKE
2023-07-21 15:25:00,36.92,36.945,36.92,36.94,732.0,CAKE
2023-07-21 15:24:00,36.95,36.95,36.92,36.95,802.0,CAKE
2023-07-21 15:23:00,36.95,36.95,36.95,36.95,129.0,CAKE
2023-07-21 15:22:00,36.985,36.985,36.95,36.97,3032.0,CAKE
2023-07-21 15:21:00,36.99,36.99,36.985,36.985,504.0,CAKE
2023-07-21 15:20:00,37.03,37.05,37.02,37.02,2356.0,CAKE
2023-07-21 15:19:00,36.99,37.01,36.99,37.01,734.0,CAKE
2023-07-21 15:18:00,37.005,37.005,37.005,37.005,269.0,CAKE
2023-07-21 15:17:00,36.98,36.995,36.98,36.995,959.0,CAKE
2023-07-21 15:16:00,36.98,37.01,36.98,36.99,1389.0,CAKE
2023-07-21 15:15:00,36.98,37.0,36.976,37.0,2623.0,CAKE
2023-07-21 15:14:00,36.95,36.98,36.95,36.98,2625.0,CAKE
2023-07-21 15:13:00,36.96,36.96,36.94,36.95,1756.0,CAKE
2023-07-21 15:12:00,36.97,36.97,36.96,36.96,868.0,CAKE
2023-07-21 15:11:00,36.98,36.98,36.97,36.97,1313.0,CAKE
2023-07-21 15:10:00,36.98,36.99,36.97,36.97,2204.0,CAKE
2023-07-21 15:09:00,36.97,36.995,36.97,36.99,3559.0,CAKE
2023-07-21 15:08:00,36.985,36.985,36.985,36.985,783.0,CAKE
2023-07-21 15:07:00,37.06,37.06,36.99,36.99,2317.0,CAKE
2023-07-21 15:06:00,37.03,37.055,37.025,37.055,2198.0,CAKE
2023-07-21 15:05:00,37.05,37.05,37.04,37.04,1152.0,CAKE
2023-07-21 15:04:00,37.04,37.04,37.035,37.04,1295.0,CAKE
2023-07-21 15:03:00,37.045,37.045,37.045,37.045,366.0,CAKE
2023-07-21 15:02:00,37.06,37.06,37.04,37.045,2284.0,CAKE
2023-07-21 15:01:00,37.055,37.06,37.055,37.06,769.0,CAKE
2023-07-21 15:00:00,37.02,37.05,37.02,37.05,2100.0,CAKE
2023-07-21 14:59:00,36.98,37.005,36.98,36.99,2450.0,CAKE
2023-07-21 14:58:00,36.975,36.98,36.97,36.97,1592.0,CAKE
2023-07-21 14:57:00,37.0,37.0,36.975,36.975,1810.0,CAKE
2023-07-21 14:56:00,36.98,37.01,36.97,36.99,1469.0,CAKE
2023-07-21 14:55:00,37.01,37.01,36.98,36.98,1462.0,CAKE
2023-07-21 14:54:00,37.03,37.03,37.01,37.01,677.0,CAKE
2023-07-21 14:53:00,37.04,37.04,37.03,37.03,726.0,CAKE
2023-07-21 14:52:00,37.04,37.04,37.04,37.04,355.0,CAKE
2023-07-21 14:51:00,37.04,37.04,37.04,37.04,531.0,CAKE
2023-07-21 14:50:00,37.05,37.06,37.04,37.05,1351.0,CAKE
2023-07-21 14:49:00,37.08,37.08,37.05,37.06,1034.0,CAKE
2023-07-21 14:48:00,37.08,37.08,37.05,37.05,525.0,CAKE
2023-07-21 14:47:00,37.08,37.095,37.08,37.095,1412.0,CAKE
2023-07-21 14:46:00,37.125,37.125,37.11,37.11,1134.0,CAKE
2023-07-21 14:45:00,37.08,37.13,37.08,37.12,2085.0,CAKE
2023-07-21 14:44:00,37.08,37.08,37.08,37.08,823.0,CAKE
2023-07-21 14:43:00,37.12,37.12,37.09,37.095,1538.0,CAKE
2023-07-21 14:42:00,37.125,37.125,37.12,37.12,1102.0,CAKE
2023-07-21 14:41:00,37.13,37.14,37.11,37.12,1784.0,CAKE
2023-07-21 14:40:00,37.1,37.14,37.095,37.135,5758.0,CAKE
2023-07-21 14:39:00,37.105,37.105,37.09,37.09,1261.0,CAKE
2023-07-21 14:38:00,37.115,37.115,37.1,37.1,1775.0,CAKE
2023-07-21 14:37:00,37.11,37.115,37.11,37.115,345.0,CAKE
2023-07-21 14:36:00,37.11,37.115,37.11,37.11,643.0,CAKE
2023-07-21 14:35:00,37.1,37.1,37.1,37.1,109.0,CAKE
2023-07-21 14:34:00,37.11,37.11,37.1,37.1,538.0,CAKE
2023-07-21 14:33:00,37.07,37.105,37.07,37.1,1440.0,CAKE
2023-07-21 14:32:00,37.08,37.08,37.08,37.08,321.0,CAKE
2023-07-21 14:31:00,37.09,37.09,37.07,37.07,1663.0,CAKE
2023-07-21 14:30:00,37.1,37.1,37.09,37.1,508.0,CAKE
2023-07-21 14:29:00,37.1,37.1,37.1,37.1,330.0,CAKE
2023-07-21 14:27:00,37.13,37.13,37.12,37.12,906.0,CAKE
2023-07-21 14:26:00,37.13,37.14,37.13,37.14,1032.0,CAKE
2023-07-21 14:25:00,37.115,37.13,37.115,37.13,1917.0,CAKE
2023-07-21 14:24:00,37.15,37.15,37.13,37.13,1990.0,CAKE
2023-07-21 14:22:00,37.15,37.16,37.15,37.16,1133.0,CAKE
2023-07-21 14:21:00,37.145,37.145,37.145,37.145,258.0,CAKE
2023-07-21 14:20:00,37.18,37.18,37.17,37.17,687.0,CAKE
2023-07-21 14:19:00,37.2,37.2,37.19,37.19,1681.0,CAKE
2023-07-21 14:18:00,37.17,37.18,37.17,37.18,791.0,CAKE
2023-07-21 14:17:00,37.15,37.15,37.15,37.15,300.0,CAKE
2023-07-21 14:16:00,37.14,37.15,37.14,37.15,878.0,CAKE
2023-07-21 14:15:00,37.14,37.14,37.14,37.14,1267.0,CAKE
2023-07-21 14:14:00,37.15,37.16,37.145,37.16,1173.0,CAKE
2023-07-21 14:12:00,37.18,37.18,37.17,37.17,431.0,CAKE
2023-07-21 14:11:00,37.23,37.23,37.2,37.2,1795.0,CAKE
2023-07-21 14:10:00,37.21,37.235,37.21,37.235,1663.0,CAKE
2023-07-21 14:09:00,37.2,37.2,37.2,37.2,1091.0,CAKE
2023-07-21 14:08:00,37.21,37.21,37.21,37.21,1079.0,CAKE
2023-07-21 14:07:00,37.2,37.2,37.2,37.2,156.0,CAKE
2023-07-21 14:06:00,37.22,37.22,37.205,37.205,532.0,CAKE
2023-07-21 14:05:00,37.23,37.23,37.22,37.225,412.0,CAKE
2023-07-21 14:04:00,37.25,37.25,37.23,37.23,794.0,CAKE
2023-07-21 14:03:00,37.25,37.25,37.25,37.25,117.0,CAKE
2023-07-21 14:02:00,37.28,37.28,37.265,37.265,1043.0,CAKE
2023-07-21 14:01:00,37.29,37.29,37.29,37.29,835.0,CAKE
2023-07-21 14:00:00,37.315,37.315,37.31,37.31,830.0,CAKE
2023-07-21 13:59:00,37.32,37.32,37.32,37.32,253.0,CAKE
2023-07-21 13:58:00,37.32,37.32,37.32,37.32,687.0,CAKE
2023-07-21 13:56:00,37.29,37.3,37.29,37.3,480.0,CAKE
2023-07-21 13:55:00,37.32,37.32,37.31,37.31,1285.0,CAKE
2023-07-21 13:54:00,37.33,37.33,37.33,37.33,119.0,CAKE
2023-07-21 13:53:00,37.325,37.325,37.325,37.325,125.0,CAKE
2023-07-21 13:52:00,37.26,37.3,37.26,37.3,1366.0,CAKE
2023-07-21 13:51:00,37.26,37.26,37.26,37.26,1303.0,CAKE
2023-07-21 13:50:00,37.27,37.28,37.27,37.27,1518.0,CAKE
2023-07-21 13:49:00,37.24,37.24,37.24,37.24,277.0,CAKE
2023-07-21 13:48:00,37.23,37.24,37.23,37.24,687.0,CAKE
2023-07-21 13:47:00,37.22,37.23,37.22,37.23,441.0,CAKE
2023-07-21 13:46:00,37.21,37.215,37.21,37.215,511.0,CAKE
2023-07-21 13:45:00,37.23,37.23,37.22,37.22,797.0,CAKE
2023-07-21 13:43:00,37.24,37.24,37.24,37.24,102.0,CAKE
2023-07-21 13:42:00,37.21,37.23,37.19,37.23,2650.0,CAKE
2023-07-21 13:41:00,37.21,37.21,37.21,37.21,898.0,CAKE
2023-07-21 13:40:00,37.21,37.21,37.21,37.21,533.0,CAKE
2023-07-21 13:39:00,37.22,37.22,37.21,37.215,1592.0,CAKE
2023-07-21 13:38:00,37.23,37.23,37.23,37.23,230.0,CAKE
2023-07-21 13:37:00,37.21,37.22,37.21,37.22,587.0,CAKE
2023-07-21 13:36:00,37.21,37.22,37.21,37.21,923.0,CAKE
2023-07-21 13:34:00,37.2,37.21,37.2,37.21,2496.0,CAKE
2023-07-21 13:32:00,37.19,37.19,37.18,37.19,1552.0,CAKE
2023-07-21 13:31:00,37.18,37.18,37.18,37.18,887.0,CAKE
2023-07-21 13:30:00,37.18,37.18,37.16,37.16,1591.0,CAKE
2023-07-21 13:29:00,37.175,37.175,37.17,37.17,1119.0,CAKE
2023-07-21 13:27:00,37.17,37.17,37.17,37.17,260.0,CAKE
2023-07-21 13:26:00,37.165,37.165,37.165,37.165,240.0,CAKE
2023-07-21 13:25:00,37.16,37.16,37.16,37.16,572.0,CAKE
2023-07-21 13:24:00,37.17,37.17,37.16,37.16,581.0,CAKE
2023-07-21 13:23:00,37.18,37.18,37.17,37.17,594.0,CAKE
2023-07-21 13:22:00,37.19,37.19,37.19,37.19,199.0,CAKE
2023-07-21 13:21:00,37.205,37.205,37.205,37.205,461.0,CAKE
2023-07-21 13:20:00,37.22,37.23,37.22,37.23,1220.0,CAKE
2023-07-21 13:19:00,37.21,37.215,37.21,37.215,405.0,CAKE
2023-07-21 13:18:00,37.22,37.22,37.21,37.21,2238.0,CAKE
2023-07-21 13:17:00,37.23,37.24,37.23,37.23,463.0,CAKE
2023-07-21 13:16:00,37.215,37.22,37.215,37.22,920.0,CAKE
2023-07-21 13:15:00,37.21,37.22,37.21,37.22,529.0,CAKE
2023-07-21 13:14:00,37.22,37.22,37.22,37.22,101.0,CAKE
2023-07-21 13:13:00,37.2,37.215,37.2,37.21,1453.0,CAKE
2023-07-21 13:12:00,37.21,37.21,37.21,37.21,221.0,CAKE
2023-07-21 13:11:00,37.22,37.22,37.2,37.215,1456.0,CAKE
2023-07-21 13:10:00,37.225,37.225,37.22,37.22,406.0,CAKE
2023-07-21 13:09:00,37.23,37.23,37.225,37.225,643.0,CAKE
2023-07-21 13:07:00,37.165,37.18,37.165,37.18,499.0,CAKE
2023-07-21 13:06:00,37.165,37.165,37.165,37.165,203.0,CAKE
2023-07-21 13:05:00,37.17,37.17,37.17,37.17,691.0,CAKE
2023-07-21 13:04:00,37.176,37.176,37.16,37.16,839.0,CAKE
2023-07-21 13:03:00,37.13,37.16,37.13,37.16,654.0,CAKE
2023-07-21 13:02:00,37.15,37.15,37.15,37.15,146.0,CAKE
2023-07-21 13:01:00,37.18,37.18,37.16,37.16,1292.0,CAKE
2023-07-21 13:00:00,37.16,37.19,37.16,37.19,1038.0,CAKE
2023-07-21 12:59:00,37.15,37.17,37.15,37.17,10811.0,CAKE
2023-07-21 12:58:00,37.14,37.15,37.14,37.14,2160.0,CAKE
2023-07-21 12:57:00,37.14,37.14,37.13,37.13,975.0,CAKE
2023-07-21 12:56:00,37.13,37.14,37.13,37.14,704.0,CAKE
2023-07-21 12:55:00,37.13,37.13,37.13,37.13,151.0,CAKE
2023-07-21 12:53:00,37.125,37.125,37.125,37.125,147.0,CAKE
2023-07-21 12:52:00,37.13,37.13,37.13,37.13,664.0,CAKE
2023-07-21 12:51:00,37.16,37.16,37.12,37.12,2157.0,CAKE
2023-07-21 12:50:00,37.155,37.17,37.155,37.16,327.0,CAKE
2023-07-21 12:48:00,37.15,37.16,37.15,37.16,434.0,CAKE
2023-07-21 12:46:00,37.15,37.17,37.15,37.17,2587.0,CAKE
2023-07-21 12:45:00,37.13,37.14,37.13,37.14,855.0,CAKE
2023-07-21 12:44:00,37.125,37.125,37.125,37.125,302.0,CAKE
2023-07-21 12:42:00,37.13,37.13,37.11,37.11,1017.0,CAKE
2023-07-21 12:41:00,37.13,37.16,37.13,37.16,1978.0,CAKE
2023-07-21 12:40:00,37.12,37.12,37.115,37.12,1594.0,CAKE
2023-07-21 12:39:00,37.14,37.14,37.12,37.12,935.0,CAKE
2023-07-21 12:38:00,37.16,37.16,37.14,37.15,2717.0,CAKE
2023-07-21 12:37:00,37.2,37.2,37.18,37.18,1742.0,CAKE
2023-07-21 12:36:00,37.24,37.24,37.24,37.24,105.0,CAKE
2023-07-21 12:34:00,37.22,37.22,37.22,37.22,104.0,CAKE
2023-07-21 12:33:00,37.24,37.24,37.22,37.22,667.0,CAKE
2023-07-21 12:32:00,37.19,37.22,37.19,37.22,1390.0,CAKE
2023-07-21 12:30:00,37.19,37.195,37.18,37.195,1027.0,CAKE
2023-07-21 12:28:00,37.185,37.2,37.185,37.195,1544.0,CAKE
2023-07-21 12:27:00,37.2,37.2,37.17,37.17,724.0,CAKE
2023-07-21 12:26:00,37.215,37.215,37.215,37.215,295.0,CAKE
2023-07-21 12:25:00,37.24,37.24,37.23,37.23,1822.0,CAKE
2023-07-21 12:23:00,37.26,37.26,37.25,37.25,569.0,CAKE
2023-07-21 12:22:00,37.24,37.25,37.24,37.25,793.0,CAKE
2023-07-21 12:20:00,37.23,37.24,37.23,37.24,664.0,CAKE
2023-07-21 12:19:00,37.23,37.235,37.229,37.229,3109.0,CAKE
2023-07-21 12:18:00,37.22,37.22,37.22,37.22,316.0,CAKE
2023-07-21 12:17:00,37.24,37.24,37.22,37.22,1663.0,CAKE
2023-07-21 12:16:00,37.25,37.25,37.25,37.25,180.0,CAKE
2023-07-21 12:14:00,37.205,37.24,37.205,37.24,703.0,CAKE
2023-07-21 12:11:00,37.19,37.19,37.19,37.19,1642.0,CAKE
2023-07-21 12:09:00,37.16,37.2,37.16,37.2,905.0,CAKE
2023-07-21 12:08:00,37.14,37.14,37.13,37.13,789.0,CAKE
2023-07-21 12:07:00,37.12,37.12,37.12,37.12,422.0,CAKE
2023-07-21 12:06:00,37.15,37.15,37.11,37.11,1024.0,CAKE
2023-07-21 12:04:00,37.18,37.19,37.18,37.19,832.0,CAKE
2023-07-21 12:03:00,37.22,37.22,37.17,37.17,1938.0,CAKE
2023-07-21 12:02:00,37.22,37.22,37.205,37.205,670.0,CAKE
2023-07-21 12:01:00,37.21,37.23,37.21,37.23,620.0,CAKE
2023-07-21 12:00:00,37.241,37.241,37.241,37.241,176.0,CAKE
2023-07-21 11:59:00,37.21,37.22,37.21,37.22,312.0,CAKE
2023-07-21 11:58:00,37.2,37.2,37.2,37.2,541.0,CAKE
2023-07-21 11:57:00,37.18,37.19,37.18,37.19,1092.0,CAKE
2023-07-21 11:56:00,37.18,37.19,37.17,37.19,2016.0,CAKE
2023-07-21 11:55:00,37.21,37.21,37.21,37.21,268.0,CAKE
2023-07-21 11:53:00,37.21,37.22,37.21,37.22,400.0,CAKE
2023-07-21 11:52:00,37.27,37.27,37.25,37.25,615.0,CAKE
2023-07-21 11:51:00,37.33,37.33,37.29,37.29,1668.0,CAKE
2023-07-21 11:49:00,37.33,37.33,37.33,37.33,110.0,CAKE
2023-07-21 11:48:00,37.32,37.33,37.32,37.33,776.0,CAKE
2023-07-21 11:47:00,37.3,37.3,37.3,37.3,630.0,CAKE
2023-07-21 11:46:00,37.29,37.29,37.28,37.29,2093.0,CAKE
2023-07-21 11:43:00,37.3,37.3,37.3,37.3,779.0,CAKE
2023-07-21 11:42:00,37.31,37.31,37.31,37.31,964.0,CAKE
2023-07-21 11:41:00,37.32,37.32,37.305,37.305,723.0,CAKE
2023-07-21 11:40:00,37.35,37.35,37.35,37.35,488.0,CAKE
2023-07-21 11:39:00,37.3,37.31,37.3,37.31,1259.0,CAKE
2023-07-21 11:38:00,37.255,37.3,37.255,37.28,1672.0,CAKE
2023-07-21 11:37:00,37.27,37.27,37.27,37.27,485.0,CAKE
2023-07-21 11:36:00,37.28,37.3,37.28,37.3,607.0,CAKE
2023-07-21 11:35:00,37.24,37.24,37.24,37.24,155.0,CAKE
2023-07-21 11:34:00,37.23,37.23,37.23,37.23,146.0,CAKE
2023-07-21 11:33:00,37.25,37.25,37.22,37.22,1289.0,CAKE
2023-07-21 11:32:00,37.25,37.26,37.25,37.26,1428.0,CAKE
2023-07-21 11:31:00,37.23,37.25,37.23,37.249,2924.0,CAKE
2023-07-21 11:30:00,37.22,37.22,37.21,37.22,961.0,CAKE
2023-07-21 11:27:00,37.19,37.19,37.17,37.17,281.0,CAKE
2023-07-21 11:26:00,37.21,37.21,37.192,37.192,749.0,CAKE
2023-07-21 11:25:00,37.18,37.19,37.18,37.19,555.0,CAKE
2023-07-21 11:24:00,37.155,37.185,37.155,37.185,793.0,CAKE
2023-07-21 11:23:00,37.17,37.17,37.15,37.15,1065.0,CAKE
2023-07-21 11:22:00,37.19,37.19,37.19,37.19,232.0,CAKE
2023-07-21 11:21:00,37.185,37.185,37.18,37.18,469.0,CAKE
2023-07-21 11:20:00,37.18,37.205,37.17,37.205,1650.0,CAKE
2023-07-21 11:18:00,37.15,37.17,37.15,37.17,703.0,CAKE
2023-07-21 11:16:00,37.1,37.12,37.1,37.12,1071.0,CAKE
2023-07-21 11:15:00,37.09,37.09,37.09,37.09,303.0,CAKE
2023-07-21 11:12:00,37.11,37.12,37.1,37.1,1204.0,CAKE
2023-07-21 11:11:00,37.12,37.12,37.12,37.12,591.0,CAKE
2023-07-21 11:10:00,37.135,37.135,37.135,37.135,278.0,CAKE
2023-07-21 11:09:00,37.13,37.13,37.13,37.13,420.0,CAKE
2023-07-21 11:08:00,37.14,37.15,37.14,37.15,365.0,CAKE
2023-07-21 11:07:00,37.08,37.08,37.04,37.04,251.0,CAKE
2023-07-21 11:06:00,37.06,37.1,37.06,37.075,793.0,CAKE
2023-07-21 11:05:00,37.0,37.03,37.0,37.03,1901.0,CAKE
2023-07-21 11:04:00,37.015,37.015,36.99,36.99,250.0,CAKE
2023-07-21 11:03:00,37.03,37.03,37.01,37.01,408.0,CAKE
2023-07-21 11:02:00,37.05,37.05,37.05,37.05,595.0,CAKE
2023-07-21 11:01:00,37.08,37.08,37.08,37.08,100.0,CAKE
2023-07-21 11:00:00,37.08,37.08,37.08,37.08,125.0,CAKE
2023-07-21 10:59:00,37.075,37.075,37.052,37.07,813.0,CAKE
2023-07-21 10:58:00,37.04,37.06,37.04,37.06,734.0,CAKE
2023-07-21 10:56:00,37.037,37.037,37.037,37.037,531.0,CAKE
2023-07-21 10:55:00,37.05,37.05,36.97,37.03,3221.0,CAKE
2023-07-21 10:53:00,37.045,37.09,37.04,37.09,1742.0,CAKE
2023-07-21 10:52:00,37.04,37.04,37.04,37.04,494.0,CAKE
2023-07-21 10:51:00,37.079,37.079,37.079,37.079,310.0,CAKE
2023-07-21 10:50:00,37.1,37.12,37.09,37.09,906.0,CAKE
2023-07-21 10:48:00,37.09,37.1,37.09,37.1,902.0,CAKE
2023-07-21 10:46:00,37.15,37.15,37.07,37.07,2308.0,CAKE
2023-07-21 10:45:00,37.175,37.175,37.17,37.17,316.0,CAKE
2023-07-21 10:44:00,37.17,37.18,37.17,37.18,746.0,CAKE
2023-07-21 10:43:00,37.18,37.18,37.155,37.155,816.0,CAKE
2023-07-21 10:42:00,37.18,37.18,37.18,37.18,1076.0,CAKE
2023-07-21 10:41:00,37.23,37.24,37.15,37.15,1479.0,CAKE
2023-07-21 10:40:00,37.21,37.21,37.19,37.19,351.0,CAKE
2023-07-21 10:37:00,37.185,37.22,37.185,37.22,1264.0,CAKE
2023-07-21 10:36:00,37.1,37.19,37.1,37.19,2193.0,CAKE
2023-07-21 10:35:00,37.02,37.08,37.02,37.08,464.0,CAKE
2023-07-21 10:33:00,37.05,37.055,37.05,37.055,410.0,CAKE
2023-07-21 10:31:00,37.06,37.06,37.06,37.06,581.0,CAKE
2023-07-21 10:30:00,37.05,37.065,37.05,37.065,362.0,CAKE
2023-07-21 10:29:00,37.0,37.08,37.0,37.08,1871.0,CAKE
2023-07-21 10:28:00,37.04,37.04,37.04,37.04,164.0,CAKE
2023-07-21 10:27:00,37.08,37.08,37.04,37.04,486.0,CAKE
2023-07-21 10:26:00,37.095,37.095,37.08,37.08,201.0,CAKE
2023-07-21 10:25:00,37.095,37.095,37.086,37.086,602.0,CAKE
2023-07-21 10:24:00,37.14,37.14,37.07,37.09,1220.0,CAKE
2023-07-21 10:23:00,37.22,37.22,37.14,37.14,1538.0,CAKE
2023-07-21 10:17:00,37.2,37.2,37.2,37.2,251.0,CAKE
2023-07-21 10:16:00,37.19,37.21,37.19,37.21,566.0,CAKE
2023-07-21 10:15:00,37.15,37.15,37.15,37.15,685.0,CAKE
2023-07-21 10:14:00,37.16,37.16,37.13,37.13,1030.0,CAKE
2023-07-21 10:13:00,37.19,37.21,37.19,37.21,412.0,CAKE
2023-07-21 10:12:00,37.14,37.19,37.14,37.16,1207.0,CAKE
2023-07-21 10:10:00,37.08,37.12,37.08,37.12,1241.0,CAKE
2023-07-21 10:09:00,37.11,37.11,37.075,37.075,750.0,CAKE
2023-07-21 10:08:00,37.1,37.11,37.1,37.11,685.0,CAKE
2023-07-21 10:06:00,37.08,37.09,37.07,37.07,1515.0,CAKE
2023-07-21 10:05:00,37.04,37.04,37.04,37.04,308.0,CAKE
2023-07-21 10:04:00,37.03,37.04,37.03,37.04,917.0,CAKE
2023-07-21 10:03:00,37.025,37.025,37.025,37.025,202.0,CAKE
2023-07-21 10:02:00,37.0,37.04,37.0,37.04,1199.0,CAKE
2023-07-21 10:01:00,36.96,37.0,36.94,36.955,1030.0,CAKE
2023-07-21 09:59:00,37.07,37.07,36.97,36.995,1552.0,CAKE
2023-07-21 09:58:00,37.05,37.05,37.05,37.05,127.0,CAKE
2023-07-21 09:57:00,37.05,37.06,37.02,37.035,1744.0,CAKE
2023-07-21 09:56:00,37.105,37.11,37.08,37.08,1086.0,CAKE
2023-07-21 09:55:00,37.105,37.15,37.105,37.105,2859.0,CAKE
2023-07-21 09:54:00,37.05,37.1,37.04,37.1,756.0,CAKE
2023-07-21 09:53:00,37.02,37.02,37.02,37.02,331.0,CAKE
2023-07-21 09:52:00,37.02,37.02,36.98,36.99,1215.0,CAKE
2023-07-21 09:49:00,37.13,37.13,37.13,37.13,108.0,CAKE
2023-07-21 09:48:00,37.03,37.092,37.03,37.03,1592.0,CAKE
2023-07-21 09:46:00,36.99,37.02,36.99,37.01,862.0,CAKE
2023-07-21 09:44:00,37.2,37.2,37.08,37.08,1812.0,CAKE
2023-07-21 09:42:00,37.21,37.21,37.21,37.21,302.0,CAKE
2023-07-21 09:41:00,37.215,37.215,37.175,37.175,216.0,CAKE
2023-07-21 09:40:00,37.3,37.3,37.25,37.28,1413.0,CAKE
2023-07-21 09:38:00,37.37,37.37,37.37,37.37,695.0,CAKE
2023-07-21 09:37:00,37.37,37.37,37.365,37.365,765.0,CAKE
2023-07-21 09:31:00,37.29,37.29,37.29,37.29,118.0,CAKE
2023-07-21 09:30:00,37.39,37.45,37.31,37.405,24619.0,CAKE
2023-07-21 08:47:00,37.95,37.95,37.95,37.95,1.0,CAKE
2023-07-21 08:18:00,37.55,37.55,37.55,37.55,1.0,CAKE
2023-07-21 08:10:00,37.02,37.02,37.02,37.02,4.0,CAKE
2023-07-21 08:00:00,35.85,37.95,35.85,37.95,6.0,CAKE
2023-07-20 19:42:00,37.14,37.14,37.14,37.14,1.0,CAKE
2023-07-20 19:29:00,37.14,37.14,36.9,36.9,21.0,CAKE
2023-07-20 19:21:00,36.85,36.85,36.85,36.85,1.0,CAKE
2023-07-20 18:53:00,36.68,36.68,36.68,36.68,110.0,CAKE
2023-07-20 18:49:00,37.15,37.15,37.15,37.15,9.0,CAKE
2023-07-20 18:46:00,37.15,37.15,37.15,37.15,6.0,CAKE
2023-07-20 17:53:00,37.13,37.15,37.13,37.15,6.0,CAKE
2023-07-20 17:34:00,36.68,36.68,36.68,36.68,20.0,CAKE
2023-07-20 17:33:00,36.66,36.66,36.66,36.66,2.0,CAKE
2023-07-20 16:42:00,37.274,37.274,37.274,37.274,5.0,CAKE
2023-07-20 16:28:00,37.04,37.04,37.04,37.04,1.0,CAKE
2023-07-20 16:23:00,37.04,37.04,37.04,37.04,300.0,CAKE
2023-07-20 16:04:00,37.04,37.04,37.04,37.04,151.0,CAKE
2023-07-20 16:02:00,37.04,37.04,37.04,37.04,134.0,CAKE
2023-07-20 16:01:00,37.04,37.04,37.04,37.04,2385.0,CAKE
2023-07-20 16:00:00,37.04,37.04,37.04,37.04,123009.0,CAKE
2023-07-20 15:59:00,37.06,37.07,37.04,37.04,15165.0,CAKE
2023-07-20 15:58:00,37.03,37.07,37.03,37.07,9803.0,CAKE
2023-07-20 15:57:00,37.05,37.05,37.02,37.02,6752.0,CAKE
2023-07-20 15:56:00,37.042,37.05,37.04,37.04,7624.0,CAKE
2023-07-20 15:55:00,37.03,37.075,37.03,37.045,10357.0,CAKE
2023-07-20 15:54:00,37.01,37.04,37.01,37.04,7867.0,CAKE
2023-07-20 15:53:00,37.001,37.01,37.0,37.005,2974.0,CAKE
2023-07-20 15:52:00,37.0,37.03,36.99,37.01,6040.0,CAKE
2023-07-20 15:51:00,36.98,37.0,36.95,37.0,6395.0,CAKE
2023-07-20 15:50:00,37.01,37.01,36.96,36.97,3646.0,CAKE
2023-07-20 15:49:00,36.97,37.0,36.97,36.995,4706.0,CAKE
2023-07-20 15:48:00,36.97,36.98,36.96,36.96,1655.0,CAKE
2023-07-20 15:47:00,36.99,36.99,36.97,36.97,956.0,CAKE
2023-07-20 15:46:00,36.94,36.99,36.94,36.99,1924.0,CAKE
2023-07-20 15:45:00,36.935,36.94,36.935,36.935,2322.0,CAKE
2023-07-20 15:44:00,36.931,36.94,36.93,36.935,2636.0,CAKE
2023-07-20 15:43:00,36.932,36.94,36.93,36.935,3671.0,CAKE
2023-07-20 15:42:00,36.935,36.939,36.93,36.939,978.0,CAKE
2023-07-20 15:41:00,36.94,36.94,36.93,36.935,1128.0,CAKE
2023-07-20 15:40:00,36.97,36.97,36.96,36.96,1703.0,CAKE
2023-07-20 15:39:00,36.97,36.97,36.96,36.96,957.0,CAKE
2023-07-20 15:38:00,36.95,36.96,36.95,36.96,2050.0,CAKE
2023-07-20 15:37:00,36.95,36.97,36.95,36.955,1963.0,CAKE
2023-07-20 15:36:00,36.94,36.95,36.925,36.95,2992.0,CAKE
2023-07-20 15:35:00,36.94,36.94,36.925,36.94,1533.0,CAKE
2023-07-20 15:34:00,36.94,36.94,36.92,36.94,2267.0,CAKE
2023-07-20 15:33:00,36.97,36.97,36.95,36.95,2548.0,CAKE
2023-07-20 15:32:00,36.99,36.99,36.97,36.97,1502.0,CAKE
2023-07-20 15:31:00,36.975,36.975,36.95,36.97,3557.0,CAKE
2023-07-20 15:30:00,36.94,36.98,36.94,36.98,1918.0,CAKE
2023-07-20 15:29:00,36.92,36.93,36.92,36.93,2060.0,CAKE
2023-07-20 15:27:00,36.92,36.935,36.92,36.93,1921.0,CAKE
2023-07-20 15:26:00,36.93,36.93,36.915,36.915,524.0,CAKE
2023-07-20 15:25:00,36.95,36.95,36.925,36.94,4149.0,CAKE
2023-07-20 15:24:00,36.96,36.96,36.95,36.95,250.0,CAKE
2023-07-20 15:23:00,37.02,37.02,36.98,36.98,2935.0,CAKE
2023-07-20 15:22:00,37.03,37.03,37.03,37.03,111.0,CAKE
2023-07-20 15:21:00,37.03,37.03,37.02,37.02,1142.0,CAKE
2023-07-20 15:20:00,37.03,37.03,37.015,37.02,2369.0,CAKE
2023-07-20 15:18:00,37.03,37.04,37.03,37.04,1447.0,CAKE
2023-07-20 15:17:00,37.015,37.015,37.015,37.015,410.0,CAKE
2023-07-20 15:16:00,37.02,37.02,37.02,37.02,981.0,CAKE
2023-07-20 15:15:00,37.06,37.06,37.05,37.05,1171.0,CAKE
2023-07-20 15:14:00,37.07,37.07,37.07,37.07,471.0,CAKE
2023-07-20 15:13:00,37.08,37.08,37.07,37.07,1617.0,CAKE
2023-07-20 15:12:00,37.07,37.095,37.07,37.095,1541.0,CAKE
2023-07-20 15:11:00,37.07,37.07,37.07,37.07,112.0,CAKE
2023-07-20 15:10:00,37.06,37.06,37.06,37.06,717.0,CAKE
2023-07-20 15:09:00,37.09,37.09,37.07,37.07,1679.0,CAKE
2023-07-20 15:08:00,37.06,37.1,37.06,37.1,1590.0,CAKE
2023-07-20 15:07:00,37.05,37.06,37.05,37.06,2602.0,CAKE
2023-07-20 15:05:00,37.05,37.05,37.05,37.05,548.0,CAKE
2023-07-20 15:04:00,37.06,37.06,37.05,37.05,1204.0,CAKE
2023-07-20 15:03:00,37.03,37.05,37.03,37.04,2701.0,CAKE
2023-07-20 15:02:00,37.03,37.03,37.02,37.02,2076.0,CAKE
2023-07-20 15:01:00,37.055,37.08,37.04,37.04,2320.0,CAKE
2023-07-20 15:00:00,37.07,37.07,37.04,37.055,3304.0,CAKE
2023-07-20 14:59:00,37.07,37.079,37.07,37.079,792.0,CAKE
2023-07-20 14:57:00,37.081,37.095,37.08,37.08,2356.0,CAKE
2023-07-20 14:56:00,37.085,37.09,37.085,37.09,1340.0,CAKE
2023-07-20 14:55:00,37.11,37.11,37.105,37.105,612.0,CAKE
2023-07-20 14:54:00,37.125,37.125,37.11,37.12,2461.0,CAKE
2023-07-20 14:53:00,37.14,37.14,37.119,37.119,3326.0,CAKE
2023-07-20 14:52:00,37.15,37.15,37.15,37.15,1823.0,CAKE
2023-07-20 14:51:00,37.13,37.13,37.11,37.11,327.0,CAKE
2023-07-20 14:49:00,37.17,37.17,37.16,37.16,1207.0,CAKE
2023-07-20 14:48:00,37.18,37.19,37.18,37.19,737.0,CAKE
2023-07-20 14:47:00,37.18,37.18,37.18,37.18,1443.0,CAKE
2023-07-20 14:45:00,37.19,37.19,37.188,37.188,735.0,CAKE
2023-07-20 14:43:00,37.175,37.175,37.175,37.175,327.0,CAKE
2023-07-20 14:42:00,37.22,37.22,37.2,37.2,1203.0,CAKE
2023-07-20 14:41:00,37.23,37.24,37.22,37.22,2625.0,CAKE
2023-07-20 14:40:00,37.21,37.24,37.21,37.24,2907.0,CAKE
2023-07-20 14:39:00,37.21,37.21,37.21,37.21,244.0,CAKE
2023-07-20 14:38:00,37.24,37.24,37.21,37.21,974.0,CAKE
2023-07-20 14:37:00,37.23,37.235,37.225,37.225,677.0,CAKE
2023-07-20 14:35:00,37.21,37.22,37.21,37.22,1732.0,CAKE
2023-07-20 14:34:00,37.2,37.2,37.2,37.2,238.0,CAKE
2023-07-20 14:32:00,37.18,37.18,37.165,37.18,1786.0,CAKE
2023-07-20 14:31:00,37.16,37.19,37.16,37.19,1770.0,CAKE
2023-07-20 14:30:00,37.145,37.145,37.145,37.145,183.0,CAKE
2023-07-20 14:29:00,37.2,37.2,37.14,37.14,2306.0,CAKE
2023-07-20 14:28:00,37.22,37.227,37.205,37.22,2406.0,CAKE
2023-07-20 14:27:00,37.21,37.22,37.21,37.22,1095.0,CAKE
2023-07-20 14:26:00,37.2,37.21,37.2,37.21,462.0,CAKE
2023-07-20 14:25:00,37.18,37.2,37.18,37.195,640.0,CAKE
2023-07-20 14:24:00,37.18,37.18,37.17,37.17,931.0,CAKE
2023-07-20 14:23:00,37.18,37.19,37.18,37.19,651.0,CAKE
2023-07-20 14:22:00,37.18,37.18,37.17,37.17,989.0,CAKE
2023-07-20 14:21:00,37.135,37.17,37.135,37.17,2392.0,CAKE
2023-07-20 14:20:00,37.14,37.14,37.125,37.13,1149.0,CAKE
2023-07-20 14:19:00,37.17,37.175,37.15,37.15,2467.0,CAKE
2023-07-20 14:17:00,37.17,37.17,37.168,37.168,635.0,CAKE
2023-07-20 14:16:00,37.15,37.16,37.15,37.16,1029.0,CAKE
2023-07-20 14:15:00,37.16,37.16,37.15,37.16,1574.0,CAKE
2023-07-20 14:14:00,37.2,37.2,37.16,37.16,1831.0,CAKE
2023-07-20 14:13:00,37.2,37.215,37.2,37.215,1354.0,CAKE
2023-07-20 14:12:00,37.18,37.19,37.18,37.19,1424.0,CAKE
2023-07-20 14:11:00,37.18,37.18,37.18,37.18,803.0,CAKE
2023-07-20 14:10:00,37.18,37.18,37.18,37.18,206.0,CAKE
2023-07-20 14:09:00,37.16,37.16,37.16,37.16,203.0,CAKE
2023-07-20 14:08:00,37.22,37.22,37.2,37.2,1881.0,CAKE
2023-07-20 14:07:00,37.202,37.22,37.202,37.22,618.0,CAKE
2023-07-20 14:04:00,37.2,37.21,37.2,37.21,1115.0,CAKE
2023-07-20 14:03:00,37.18,37.19,37.178,37.19,1217.0,CAKE
2023-07-20 14:02:00,37.19,37.2,37.19,37.2,1135.0,CAKE
2023-07-20 14:01:00,37.19,37.19,37.19,37.19,514.0,CAKE
2023-07-20 14:00:00,37.21,37.21,37.2,37.2,1342.0,CAKE
2023-07-20 13:59:00,37.19,37.23,37.19,37.23,2314.0,CAKE
2023-07-20 13:58:00,37.2,37.2,37.2,37.2,461.0,CAKE
2023-07-20 13:57:00,37.21,37.21,37.2,37.2,468.0,CAKE
2023-07-20 13:56:00,37.18,37.19,37.18,37.19,2080.0,CAKE
2023-07-20 13:55:00,37.19,37.195,37.18,37.18,583.0,CAKE
2023-07-20 13:54:00,37.22,37.22,37.2,37.2,1062.0,CAKE
2023-07-20 13:53:00,37.26,37.26,37.25,37.26,1034.0,CAKE
2023-07-20 13:52:00,37.27,37.27,37.27,37.27,726.0,CAKE
2023-07-20 13:51:00,37.27,37.27,37.27,37.27,113.0,CAKE
2023-07-20 13:50:00,37.27,37.27,37.27,37.27,661.0,CAKE
2023-07-20 13:49:00,37.26,37.28,37.26,37.28,649.0,CAKE
2023-07-20 13:48:00,37.3,37.3,37.26,37.26,2465.0,CAKE
2023-07-20 13:46:00,37.26,37.28,37.26,37.28,550.0,CAKE
2023-07-20 13:45:00,37.26,37.26,37.25,37.25,342.0,CAKE
2023-07-20 13:44:00,37.231,37.24,37.231,37.24,662.0,CAKE
2023-07-20 13:42:00,37.25,37.255,37.24,37.24,1513.0,CAKE
2023-07-20 13:41:00,37.24,37.245,37.235,37.245,1538.0,CAKE
2023-07-20 13:40:00,37.235,37.235,37.235,37.235,123.0,CAKE
2023-07-20 13:39:00,37.24,37.24,37.24,37.24,835.0,CAKE
2023-07-20 13:38:00,37.3,37.3,37.26,37.26,1175.0,CAKE
2023-07-20 13:37:00,37.26,37.28,37.26,37.27,1351.0,CAKE
2023-07-20 13:36:00,37.31,37.31,37.26,37.26,3736.0,CAKE
2023-07-20 13:35:00,37.345,37.345,37.31,37.32,2664.0,CAKE
2023-07-20 13:34:00,37.33,37.34,37.33,37.34,1804.0,CAKE
2023-07-20 13:33:00,37.378,37.378,37.36,37.36,3577.0,CAKE
2023-07-20 13:32:00,37.41,37.41,37.4,37.4,824.0,CAKE
2023-07-20 13:31:00,37.41,37.415,37.41,37.415,296.0,CAKE
2023-07-20 13:30:00,37.395,37.41,37.395,37.4,1376.0,CAKE
2023-07-20 13:27:00,37.4,37.4,37.39,37.39,370.0,CAKE
2023-07-20 13:26:00,37.37,37.38,37.37,37.37,723.0,CAKE
2023-07-20 13:24:00,37.35,37.355,37.34,37.34,1514.0,CAKE
2023-07-20 13:23:00,37.34,37.34,37.34,37.34,332.0,CAKE
2023-07-20 13:22:00,37.365,37.375,37.35,37.35,2031.0,CAKE
2023-07-20 13:21:00,37.35,37.365,37.35,37.365,954.0,CAKE
2023-07-20 13:19:00,37.38,37.38,37.34,37.34,809.0,CAKE
2023-07-20 13:18:00,37.38,37.385,37.38,37.38,940.0,CAKE
2023-07-20 13:17:00,37.415,37.415,37.39,37.39,1920.0,CAKE
2023-07-20 13:16:00,37.42,37.43,37.42,37.42,2053.0,CAKE
2023-07-20 13:15:00,37.41,37.42,37.405,37.42,1465.0,CAKE
2023-07-20 13:14:00,37.41,37.42,37.41,37.415,1980.0,CAKE
2023-07-20 13:13:00,37.4,37.41,37.4,37.4,588.0,CAKE
2023-07-20 13:07:00,37.39,37.39,37.365,37.365,1225.0,CAKE
2023-07-20 13:06:00,37.38,37.39,37.38,37.39,987.0,CAKE
2023-07-20 13:05:00,37.4,37.4,37.38,37.38,406.0,CAKE
2023-07-20 13:04:00,37.46,37.46,37.43,37.44,2150.0,CAKE
2023-07-20 13:03:00,37.43,37.46,37.43,37.46,2226.0,CAKE
2023-07-20 13:02:00,37.42,37.42,37.42,37.42,908.0,CAKE
2023-07-20 13:01:00,37.435,37.435,37.435,37.435,136.0,CAKE
2023-07-20 13:00:00,37.445,37.445,37.42,37.435,869.0,CAKE
2023-07-20 12:58:00,37.46,37.46,37.45,37.45,723.0,CAKE
2023-07-20 12:57:00,37.48,37.48,37.47,37.47,691.0,CAKE
2023-07-20 12:56:00,37.48,37.49,37.48,37.49,681.0,CAKE
2023-07-20 12:55:00,37.49,37.49,37.48,37.48,3222.0,CAKE
2023-07-20 12:54:00,37.491,37.491,37.491,37.491,1190.0,CAKE
2023-07-20 12:53:00,37.505,37.505,37.505,37.505,136.0,CAKE
2023-07-20 12:52:00,37.49,37.49,37.47,37.49,5353.0,CAKE
2023-07-20 12:50:00,37.505,37.505,37.505,37.505,110.0,CAKE
2023-07-20 12:49:00,37.48,37.48,37.48,37.48,209.0,CAKE
2023-07-20 12:47:00,37.45,37.46,37.45,37.46,1804.0,CAKE
2023-07-20 12:46:00,37.43,37.44,37.43,37.44,652.0,CAKE
2023-07-20 12:45:00,37.43,37.43,37.43,37.43,329.0,CAKE
2023-07-20 12:44:00,37.42,37.42,37.42,37.42,687.0,CAKE
2023-07-20 12:43:00,37.39,37.41,37.39,37.41,594.0,CAKE
2023-07-20 12:42:00,37.36,37.37,37.36,37.37,1301.0,CAKE
2023-07-20 12:41:00,37.31,37.35,37.31,37.35,1096.0,CAKE
2023-07-20 12:40:00,37.31,37.31,37.3,37.3,547.0,CAKE
2023-07-20 12:39:00,37.34,37.34,37.33,37.33,948.0,CAKE
2023-07-20 12:38:00,37.34,37.35,37.34,37.35,1832.0,CAKE
2023-07-20 12:37:00,37.33,37.33,37.315,37.32,831.0,CAKE
2023-07-20 12:36:00,37.34,37.34,37.34,37.34,574.0,CAKE
2023-07-20 12:35:00,37.34,37.34,37.34,37.34,115.0,CAKE
2023-07-20 12:34:00,37.36,37.36,37.36,37.36,162.0,CAKE
2023-07-20 12:33:00,37.37,37.37,37.37,37.37,239.0,CAKE
2023-07-20 12:32:00,37.41,37.41,37.41,37.41,285.0,CAKE
2023-07-20 12:31:00,37.43,37.43,37.43,37.43,605.0,CAKE
2023-07-20 12:30:00,37.43,37.43,37.43,37.43,160.0,CAKE
2023-07-20 12:29:00,37.45,37.45,37.43,37.43,1702.0,CAKE
2023-07-20 12:28:00,37.45,37.46,37.45,37.46,307.0,CAKE
2023-07-20 12:27:00,37.41,37.44,37.41,37.44,2049.0,CAKE
2023-07-20 12:26:00,37.41,37.42,37.41,37.42,1256.0,CAKE
2023-07-20 12:25:00,37.39,37.39,37.39,37.39,205.0,CAKE
2023-07-20 12:23:00,37.39,37.43,37.39,37.43,289.0,CAKE
2023-07-20 12:22:00,37.46,37.46,37.4,37.4,953.0,CAKE
2023-07-20 12:21:00,37.46,37.46,37.46,37.46,845.0,CAKE
2023-07-20 12:20:00,37.46,37.46,37.46,37.46,406.0,CAKE
2023-07-20 12:18:00,37.52,37.52,37.48,37.48,1251.0,CAKE
2023-07-20 12:17:00,37.535,37.535,37.525,37.53,2018.0,CAKE
2023-07-20 12:16:00,37.52,37.53,37.52,37.53,1610.0,CAKE
2023-07-20 12:15:00,37.51,37.52,37.51,37.52,454.0,CAKE
2023-07-20 12:14:00,37.5,37.5,37.5,37.5,472.0,CAKE
2023-07-20 12:13:00,37.5,37.51,37.49,37.49,2527.0,CAKE
2023-07-20 12:12:00,37.48,37.5,37.48,37.5,1082.0,CAKE
2023-07-20 12:11:00,37.45,37.45,37.42,37.45,911.0,CAKE
2023-07-20 12:10:00,37.39,37.42,37.39,37.42,2403.0,CAKE
2023-07-20 12:09:00,37.4,37.4,37.4,37.4,454.0,CAKE
2023-07-20 12:07:00,37.395,37.395,37.38,37.38,1211.0,CAKE
2023-07-20 12:05:00,37.375,37.39,37.35,37.35,1266.0,CAKE
2023-07-20 12:03:00,37.402,37.402,37.402,37.402,248.0,CAKE
2023-07-20 12:02:00,37.33,37.35,37.33,37.35,1142.0,CAKE
2023-07-20 12:01:00,37.28,37.31,37.28,37.305,1017.0,CAKE
2023-07-20 12:00:00,37.24,37.28,37.24,37.28,830.0,CAKE
2023-07-20 11:59:00,37.2,37.23,37.2,37.23,1190.0,CAKE
2023-07-20 11:58:00,37.22,37.22,37.2,37.2,994.0,CAKE
2023-07-20 11:57:00,37.2,37.23,37.2,37.23,1590.0,CAKE
2023-07-20 11:56:00,37.16,37.18,37.155,37.18,1339.0,CAKE
2023-07-20 11:55:00,37.19,37.19,37.18,37.18,672.0,CAKE
2023-07-20 11:54:00,37.2,37.21,37.2,37.2,1070.0,CAKE
2023-07-20 11:52:00,37.165,37.18,37.16,37.18,2210.0,CAKE
2023-07-20 11:50:00,37.17,37.17,37.151,37.16,2312.0,CAKE
2023-07-20 11:49:00,37.18,37.18,37.17,37.17,246.0,CAKE
2023-07-20 11:48:00,37.17,37.18,37.17,37.18,1067.0,CAKE
2023-07-20 11:47:00,37.175,37.175,37.175,37.175,982.0,CAKE
2023-07-20 11:46:00,37.22,37.22,37.19,37.19,591.0,CAKE
2023-07-20 11:45:00,37.27,37.28,37.25,37.25,3376.0,CAKE
2023-07-20 11:44:00,37.265,37.265,37.26,37.26,1837.0,CAKE
2023-07-20 11:43:00,37.24,37.24,37.24,37.24,1410.0,CAKE
2023-07-20 11:42:00,37.25,37.25,37.221,37.221,1076.0,CAKE
2023-07-20 11:40:00,37.23,37.24,37.23,37.24,1469.0,CAKE
2023-07-20 11:39:00,37.245,37.245,37.22,37.24,1731.0,CAKE
2023-07-20 11:37:00,37.26,37.26,37.26,37.26,909.0,CAKE
2023-07-20 11:36:00,37.24,37.24,37.215,37.24,1180.0,CAKE
2023-07-20 11:35:00,37.28,37.28,37.27,37.27,1482.0,CAKE
2023-07-20 11:34:00,37.3,37.3,37.28,37.28,3842.0,CAKE
2023-07-20 11:33:00,37.27,37.33,37.26,37.315,25600.0,CAKE
2023-07-20 11:32:00,37.24,37.26,37.24,37.26,1941.0,CAKE
2023-07-20 11:31:00,37.26,37.26,37.24,37.24,1498.0,CAKE
2023-07-20 11:30:00,37.24,37.29,37.24,37.27,6495.0,CAKE
2023-07-20 11:29:00,37.235,37.235,37.22,37.22,1343.0,CAKE
2023-07-20 11:28:00,37.22,37.25,37.22,37.23,1227.0,CAKE
2023-07-20 11:27:00,37.23,37.24,37.22,37.22,714.0,CAKE
2023-07-20 11:26:00,37.255,37.255,37.21,37.23,3013.0,CAKE
2023-07-20 11:25:00,37.22,37.265,37.22,37.25,2130.0,CAKE
2023-07-20 11:24:00,37.29,37.29,37.28,37.28,2822.0,CAKE
2023-07-20 11:23:00,37.27,37.3,37.27,37.29,25584.0,CAKE
2023-07-20 11:22:00,37.26,37.27,37.26,37.27,701.0,CAKE
2023-07-20 11:21:00,37.28,37.28,37.26,37.26,625.0,CAKE
2023-07-20 11:20:00,37.29,37.29,37.29,37.29,1079.0,CAKE
2023-07-20 11:19:00,37.29,37.29,37.29,37.29,2091.0,CAKE
2023-07-20 11:18:00,37.3,37.32,37.3,37.3,1408.0,CAKE
2023-07-20 11:17:00,37.29,37.29,37.27,37.27,436.0,CAKE
2023-07-20 11:16:00,37.3,37.315,37.3,37.302,2045.0,CAKE
2023-07-20 11:15:00,37.3,37.3,37.29,37.29,1413.0,CAKE
2023-07-20 11:14:00,37.23,37.29,37.23,37.29,1318.0,CAKE
2023-07-20 11:12:00,37.27,37.27,37.26,37.26,1224.0,CAKE
2023-07-20 11:11:00,37.31,37.31,37.28,37.28,3031.0,CAKE
2023-07-20 11:10:00,37.29,37.29,37.29,37.29,102.0,CAKE
2023-07-20 11:09:00,37.24,37.29,37.23,37.29,1963.0,CAKE
2023-07-20 11:08:00,37.22,37.23,37.22,37.23,2232.0,CAKE
2023-07-20 11:07:00,37.21,37.24,37.21,37.23,2711.0,CAKE
2023-07-20 11:06:00,37.22,37.23,37.2,37.2,651.0,CAKE
2023-07-20 11:05:00,37.25,37.27,37.23,37.23,2077.0,CAKE
2023-07-20 11:04:00,37.24,37.26,37.24,37.25,2632.0,CAKE
2023-07-20 11:03:00,37.24,37.24,37.23,37.23,1222.0,CAKE
2023-07-20 11:02:00,37.3,37.3,37.26,37.26,877.0,CAKE
2023-07-20 11:01:00,37.3,37.3,37.3,37.3,845.0,CAKE
2023-07-20 11:00:00,37.33,37.33,37.31,37.31,1892.0,CAKE
2023-07-20 10:59:00,37.3,37.34,37.29,37.32,1871.0,CAKE
2023-07-20 10:58:00,37.27,37.28,37.27,37.28,1460.0,CAKE
2023-07-20 10:57:00,37.25,37.26,37.25,37.26,625.0,CAKE
2023-07-20 10:56:00,37.24,37.245,37.24,37.24,1359.0,CAKE
2023-07-20 10:55:00,37.3,37.3,37.25,37.25,2305.0,CAKE
2023-07-20 10:54:00,37.262,37.29,37.262,37.29,1312.0,CAKE
2023-07-20 10:53:00,37.29,37.29,37.28,37.285,1202.0,CAKE
2023-07-20 10:52:00,37.255,37.29,37.255,37.29,1318.0,CAKE
2023-07-20 10:51:00,37.26,37.26,37.24,37.24,1155.0,CAKE
2023-07-20 10:50:00,37.19,37.24,37.19,37.24,2457.0,CAKE
2023-07-20 10:49:00,37.17,37.17,37.17,37.17,649.0,CAKE
2023-07-20 10:48:00,37.16,37.17,37.16,37.16,587.0,CAKE
2023-07-20 10:47:00,37.2,37.21,37.18,37.18,1602.0,CAKE
2023-07-20 10:46:00,37.17,37.19,37.166,37.19,2513.0,CAKE
2023-07-20 10:45:00,37.17,37.17,37.17,37.17,313.0,CAKE
2023-07-20 10:44:00,37.175,37.175,37.175,37.175,301.0,CAKE
2023-07-20 10:43:00,37.19,37.19,37.19,37.19,1461.0,CAKE
2023-07-20 10:42:00,37.22,37.22,37.19,37.19,1167.0,CAKE
2023-07-20 10:41:00,37.24,37.24,37.215,37.22,484.0,CAKE
2023-07-20 10:40:00,37.125,37.21,37.125,37.21,2011.0,CAKE
2023-07-20 10:38:00,37.21,37.21,37.16,37.18,969.0,CAKE
2023-07-20 10:37:00,37.18,37.21,37.18,37.19,2476.0,CAKE
2023-07-20 10:35:00,37.22,37.22,37.19,37.19,3140.0,CAKE
2023-07-20 10:34:00,37.16,37.19,37.16,37.19,1254.0,CAKE
2023-07-20 10:33:00,37.14,37.14,37.11,37.135,3421.0,CAKE
2023-07-20 10:32:00,37.14,37.14,37.14,37.14,547.0,CAKE
2023-07-20 10:31:00,37.21,37.21,37.18,37.18,1150.0,CAKE
2023-07-20 10:30:00,37.225,37.225,37.225,37.225,533.0,CAKE
2023-07-20 10:29:00,37.16,37.24,37.16,37.21,2774.0,CAKE
2023-07-20 10:28:00,37.21,37.21,37.21,37.21,605.0,CAKE
2023-07-20 10:27:00,37.225,37.225,37.21,37.21,433.0,CAKE
2023-07-20 10:25:00,37.295,37.295,37.295,37.295,451.0,CAKE
2023-07-20 10:24:00,37.365,37.38,37.35,37.36,1812.0,CAKE
2023-07-20 10:23:00,37.37,37.37,37.37,37.37,603.0,CAKE
2023-07-20 10:22:00,37.43,37.455,37.37,37.37,4692.0,CAKE
2023-07-20 10:21:00,37.48,37.49,37.455,37.49,2012.0,CAKE
2023-07-20 10:20:00,37.46,37.48,37.421,37.45,829.0,CAKE
2023-07-20 10:19:00,37.445,37.47,37.445,37.47,310.0,CAKE
2023-07-20 10:18:00,37.435,37.475,37.41,37.45,1744.0,CAKE
2023-07-20 10:17:00,37.455,37.455,37.435,37.435,320.0,CAKE
2023-07-20 10:16:00,37.411,37.435,37.411,37.435,482.0,CAKE
2023-07-20 10:15:00,37.38,37.43,37.38,37.43,2679.0,CAKE
2023-07-20 10:14:00,37.39,37.39,37.38,37.38,5751.0,CAKE
2023-07-20 10:13:00,37.47,37.47,37.38,37.38,4075.0,CAKE
2023-07-20 10:12:00,37.47,37.47,37.47,37.47,649.0,CAKE
2023-07-20 10:11:00,37.43,37.46,37.43,37.44,1139.0,CAKE
2023-07-20 10:10:00,37.31,37.43,37.31,37.43,9718.0,CAKE
2023-07-20 10:09:00,37.315,37.315,37.29,37.29,1107.0,CAKE
2023-07-20 10:08:00,37.325,37.325,37.325,37.325,299.0,CAKE
2023-07-20 10:07:00,37.27,37.32,37.24,37.315,3050.0,CAKE
2023-07-20 10:06:00,37.295,37.295,37.295,37.295,448.0,CAKE
2023-07-20 10:05:00,37.37,37.38,37.3,37.3,3432.0,CAKE
2023-07-20 10:04:00,37.37,37.37,37.37,37.37,1126.0,CAKE
2023-07-20 10:03:00,37.38,37.385,37.38,37.38,308.0,CAKE
2023-07-20 10:02:00,37.43,37.43,37.4,37.4,1627.0,CAKE
2023-07-20 10:01:00,37.46,37.475,37.42,37.42,4833.0,CAKE
2023-07-20 10:00:00,37.45,37.49,37.43,37.46,6161.0,CAKE
2023-07-20 09:59:00,37.24,37.41,37.24,37.41,17312.0,CAKE
2023-07-20 09:57:00,37.25,37.25,37.25,37.25,116.0,CAKE
2023-07-20 09:56:00,37.24,37.25,37.24,37.25,582.0,CAKE
2023-07-20 09:55:00,37.26,37.28,37.25,37.28,1380.0,CAKE
2023-07-20 09:54:00,37.28,37.28,37.28,37.28,103.0,CAKE
2023-07-20 09:53:00,37.25,37.27,37.215,37.27,1380.0,CAKE
2023-07-20 09:52:00,37.22,37.225,37.16,37.185,1621.0,CAKE
2023-07-20 09:51:00,37.295,37.33,37.23,37.23,744.0,CAKE
2023-07-20 09:50:00,37.13,37.23,37.12,37.22,1440.0,CAKE
2023-07-20 09:49:00,37.15,37.24,37.13,37.13,6938.0,CAKE
2023-07-20 09:48:00,37.09,37.125,37.09,37.125,1447.0,CAKE
2023-07-20 09:47:00,37.04,37.125,37.04,37.125,840.0,CAKE
2023-07-20 09:45:00,36.97,37.04,36.97,37.04,1185.0,CAKE
2023-07-20 09:44:00,37.03,37.03,36.93,36.97,1692.0,CAKE
2023-07-20 09:43:00,37.15,37.15,37.02,37.02,1759.0,CAKE
2023-07-20 09:42:00,37.12,37.12,37.11,37.11,749.0,CAKE
2023-07-20 09:40:00,37.05,37.05,37.04,37.04,521.0,CAKE
2023-07-20 09:39:00,37.235,37.235,37.12,37.12,2656.0,CAKE
2023-07-20 09:38:00,37.18,37.32,37.18,37.235,1714.0,CAKE
2023-07-20 09:37:00,37.14,37.145,37.14,37.145,1002.0,CAKE
2023-07-20 09:36:00,37.03,37.13,37.03,37.13,1253.0,CAKE
2023-07-20 09:35:00,37.07,37.07,36.93,36.99,3537.0,CAKE
2023-07-20 09:34:00,37.3,37.3,37.16,37.16,3574.0,CAKE
2023-07-20 09:33:00,37.29,37.35,37.25,37.295,4328.0,CAKE
2023-07-20 09:32:00,37.46,37.474,37.32,37.32,3581.0,CAKE
2023-07-20 09:31:00,37.505,37.505,37.505,37.505,263.0,CAKE
2023-07-20 09:30:00,37.44,37.55,37.37,37.53,16300.0,CAKE
2023-07-20 09:28:00,37.46,37.47,37.46,37.47,53.0,CAKE
2023-07-20 08:46:00,36.48,36.48,36.48,36.48,1.0,CAKE
2023-07-20 08:45:00,37.466,37.466,37.466,37.466,5.0,CAKE
2023-07-20 08:26:00,37.47,37.47,37.47,37.47,2.0,CAKE
2023-07-20 08:24:00,36.074,36.074,36.074,36.074,130.0,CAKE
2023-07-20 08:14:00,35.55,35.55,35.55,35.55,6.0,CAKE
2023-07-20 08:05:00,37.47,37.47,37.47,37.47,1.0,CAKE
2023-07-20 08:00:00,37.22,37.26,37.22,37.26,101.0,CAKE
2023-07-20 07:59:00,37.22,37.22,36.99,37.0,283.0,CAKE
2023-07-20 07:31:00,37.22,37.22,37.22,37.22,70.0,CAKE
2023-07-20 07:11:00,37.23,37.23,37.23,37.23,6.0,CAKE
2023-07-19 19:23:00,36.54,36.54,36.54,36.54,4.0,CAKE
2023-07-19 19:21:00,35.99,35.99,35.99,35.99,2.0,CAKE
2023-07-19 18:56:00,35.99,35.99,35.99,35.99,5.0,CAKE
2023-07-19 18:52:00,37.25,37.25,37.25,37.25,10.0,CAKE
2023-07-19 18:05:00,37.24,37.24,37.24,37.24,2.0,CAKE
2023-07-19 18:00:00,37.25,37.25,37.25,37.25,1.0,CAKE
2023-07-19 17:14:00,36.25,37.22,36.25,37.22,228.0,CAKE
2023-07-19 16:54:00,36.48,36.48,36.48,36.48,1.0,CAKE
2023-07-19 16:52:00,37.2,37.2,37.2,37.2,1.0,CAKE
2023-07-19 16:51:00,37.2,37.2,37.2,37.2,100.0,CAKE
2023-07-19 16:50:00,36.48,36.48,36.48,36.48,19.0,CAKE
2023-07-19 16:45:00,36.48,36.48,36.48,36.48,1.0,CAKE
2023-07-19 16:28:00,37.19,37.19,37.19,37.19,30.0,CAKE
2023-07-19 16:25:00,35.8,35.8,35.8,35.8,3.0,CAKE
2023-07-19 16:17:00,37.15,37.15,37.15,37.15,50.0,CAKE
2023-07-19 16:13:00,37.22,37.22,37.22,37.22,69.0,CAKE
2023-07-19 16:03:00,36.66,36.66,36.66,36.66,1.0,CAKE
2023-07-19 16:02:00,37.22,37.22,37.22,37.22,239.0,CAKE
2023-07-19 16:01:00,37.22,37.22,37.22,37.22,1908.0,CAKE
2023-07-19 16:00:00,37.21,37.23,37.21,37.22,272837.0,CAKE
2023-07-19 15:59:00,37.24,37.26,37.21,37.23,34756.0,CAKE
2023-07-19 15:58:00,37.23,37.24,37.225,37.24,13951.0,CAKE
2023-07-19 15:57:00,37.24,37.24,37.22,37.23,13909.0,CAKE
2023-07-19 15:56:00,37.26,37.27,37.22,37.24,9987.0,CAKE
2023-07-19 15:55:00,37.24,37.29,37.185,37.27,20178.0,CAKE
2023-07-19 15:54:00,37.23,37.24,37.18,37.18,12117.0,CAKE
2023-07-19 15:53:00,37.235,37.24,37.23,37.235,5955.0,CAKE
2023-07-19 15:52:00,37.27,37.27,37.231,37.24,8656.0,CAKE
2023-07-19 15:51:00,37.22,37.27,37.21,37.265,7055.0,CAKE
2023-07-19 15:50:00,37.11,37.22,37.11,37.22,15092.0,CAKE
2023-07-19 15:49:00,37.115,37.115,37.1,37.105,1829.0,CAKE
2023-07-19 15:48:00,37.11,37.115,37.11,37.11,1913.0,CAKE
2023-07-19 15:47:00,37.16,37.16,37.12,37.12,3356.0,CAKE
2023-07-19 15:46:00,37.08,37.15,37.08,37.15,4451.0,CAKE
2023-07-19 15:45:00,37.065,37.09,37.065,37.08,8578.0,CAKE
2023-07-19 15:44:00,37.105,37.105,37.06,37.065,3951.0,CAKE
2023-07-19 15:43:00,37.135,37.135,37.1,37.105,2608.0,CAKE
2023-07-19 15:42:00,37.145,37.145,37.135,37.135,3808.0,CAKE
2023-07-19 15:41:00,37.15,37.15,37.14,37.145,3959.0,CAKE
2023-07-19 15:40:00,37.12,37.15,37.12,37.15,7099.0,CAKE
2023-07-19 15:39:00,37.165,37.175,37.125,37.125,6122.0,CAKE
2023-07-19 15:38:00,37.14,37.18,37.14,37.165,9176.0,CAKE
2023-07-19 15:37:00,37.135,37.135,37.12,37.13,6340.0,CAKE
2023-07-19 15:36:00,37.11,37.145,37.11,37.135,2841.0,CAKE
2023-07-19 15:35:00,37.155,37.17,37.11,37.11,4352.0,CAKE
2023-07-19 15:34:00,37.175,37.175,37.14,37.14,5420.0,CAKE
2023-07-19 15:33:00,37.09,37.16,37.09,37.16,2749.0,CAKE
2023-07-19 15:32:00,37.11,37.11,37.07,37.09,3555.0,CAKE
2023-07-19 15:31:00,37.14,37.145,37.12,37.12,3148.0,CAKE
2023-07-19 15:30:00,37.13,37.145,37.12,37.13,3236.0,CAKE
2023-07-19 15:29:00,37.15,37.15,37.12,37.14,2917.0,CAKE
2023-07-19 15:28:00,37.19,37.2,37.15,37.15,3914.0,CAKE
2023-07-19 15:27:00,37.18,37.19,37.175,37.19,1825.0,CAKE
2023-07-19 15:26:00,37.195,37.2,37.175,37.175,2159.0,CAKE
2023-07-19 15:25:00,37.18,37.2,37.17,37.195,4263.0,CAKE
2023-07-19 15:24:00,37.175,37.185,37.17,37.18,1907.0,CAKE
2023-07-19 15:23:00,37.175,37.175,37.175,37.175,1105.0,CAKE
2023-07-19 15:22:00,37.205,37.205,37.17,37.175,1985.0,CAKE
2023-07-19 15:21:00,37.165,37.2,37.165,37.2,2796.0,CAKE
2023-07-19 15:20:00,37.21,37.21,37.165,37.165,1747.0,CAKE
2023-07-19 15:19:00,37.25,37.25,37.205,37.205,4904.0,CAKE
2023-07-19 15:18:00,37.25,37.27,37.24,37.26,5574.0,CAKE
2023-07-19 15:17:00,37.245,37.25,37.245,37.25,890.0,CAKE
2023-07-19 15:16:00,37.235,37.24,37.235,37.24,995.0,CAKE
2023-07-19 15:15:00,37.22,37.23,37.22,37.23,1310.0,CAKE
2023-07-19 15:14:00,37.24,37.25,37.215,37.225,3526.0,CAKE
2023-07-19 15:13:00,37.215,37.235,37.215,37.235,1638.0,CAKE
2023-07-19 15:12:00,37.21,37.22,37.21,37.22,925.0,CAKE
2023-07-19 15:11:00,37.25,37.26,37.21,37.22,5310.0,CAKE
2023-07-19 15:10:00,37.24,37.245,37.24,37.245,854.0,CAKE
2023-07-19 15:09:00,37.2,37.245,37.2,37.24,2340.0,CAKE
2023-07-19 15:08:00,37.205,37.21,37.2,37.205,2675.0,CAKE
2023-07-19 15:07:00,37.19,37.205,37.18,37.205,4060.0,CAKE
2023-07-19 15:06:00,37.2,37.21,37.19,37.19,2507.0,CAKE
2023-07-19 15:05:00,37.185,37.195,37.185,37.195,1258.0,CAKE
2023-07-19 15:04:00,37.165,37.19,37.165,37.185,2034.0,CAKE
2023-07-19 15:03:00,37.17,37.17,37.165,37.17,1891.0,CAKE
2023-07-19 15:02:00,37.15,37.185,37.14,37.17,4340.0,CAKE
2023-07-19 15:01:00,37.13,37.14,37.13,37.14,720.0,CAKE
2023-07-19 15:00:00,37.09,37.13,37.09,37.13,3105.0,CAKE
2023-07-19 14:59:00,37.08,37.09,37.08,37.09,525.0,CAKE
2023-07-19 14:58:00,37.08,37.08,37.08,37.08,372.0,CAKE
2023-07-19 14:57:00,37.09,37.09,37.08,37.085,3178.0,CAKE
2023-07-19 14:56:00,37.085,37.1,37.085,37.09,975.0,CAKE
2023-07-19 14:55:00,37.09,37.09,37.09,37.09,1075.0,CAKE
2023-07-19 14:54:00,37.07,37.09,37.065,37.08,3431.0,CAKE
2023-07-19 14:53:00,37.07,37.07,37.07,37.07,132.0,CAKE
2023-07-19 14:52:00,37.11,37.11,37.08,37.08,1138.0,CAKE
2023-07-19 14:51:00,37.115,37.12,37.115,37.115,957.0,CAKE
2023-07-19 14:50:00,37.13,37.13,37.11,37.115,1372.0,CAKE
2023-07-19 14:49:00,37.165,37.165,37.135,37.135,1744.0,CAKE
2023-07-19 14:48:00,37.16,37.17,37.155,37.17,1957.0,CAKE
2023-07-19 14:47:00,37.21,37.21,37.17,37.17,2299.0,CAKE
2023-07-19 14:46:00,37.2,37.21,37.2,37.21,666.0,CAKE
2023-07-19 14:45:00,37.2,37.2,37.2,37.2,551.0,CAKE
2023-07-19 14:44:00,37.225,37.225,37.19,37.2,1999.0,CAKE
2023-07-19 14:43:00,37.21,37.225,37.21,37.225,1059.0,CAKE
2023-07-19 14:42:00,37.205,37.21,37.205,37.205,651.0,CAKE
2023-07-19 14:41:00,37.21,37.21,37.21,37.21,910.0,CAKE
2023-07-19 14:40:00,37.205,37.25,37.205,37.225,2820.0,CAKE
2023-07-19 14:39:00,37.18,37.21,37.17,37.19,1447.0,CAKE
2023-07-19 14:38:00,37.155,37.155,37.155,37.155,401.0,CAKE
2023-07-19 14:37:00,37.12,37.14,37.11,37.14,1574.0,CAKE
2023-07-19 14:36:00,37.09,37.12,37.09,37.12,2093.0,CAKE
2023-07-19 14:35:00,37.11,37.11,37.1,37.1,494.0,CAKE
2023-07-19 14:34:00,37.2,37.2,37.13,37.13,1278.0,CAKE
2023-07-19 14:33:00,37.245,37.27,37.215,37.215,5396.0,CAKE
2023-07-19 14:32:00,37.23,37.26,37.23,37.26,1848.0,CAKE
2023-07-19 14:31:00,37.21,37.23,37.21,37.225,1922.0,CAKE
2023-07-19 14:30:00,37.22,37.22,37.21,37.21,1686.0,CAKE
2023-07-19 14:29:00,37.235,37.235,37.23,37.23,897.0,CAKE
2023-07-19 14:28:00,37.19,37.23,37.18,37.23,2668.0,CAKE
2023-07-19 14:27:00,37.195,37.195,37.195,37.195,158.0,CAKE
2023-07-19 14:26:00,37.2,37.2,37.2,37.2,748.0,CAKE
2023-07-19 14:25:00,37.245,37.255,37.21,37.22,3205.0,CAKE
2023-07-19 14:24:00,37.17,37.24,37.17,37.24,1620.0,CAKE
2023-07-19 14:22:00,37.18,37.19,37.18,37.19,1513.0,CAKE
2023-07-19 14:21:00,37.19,37.19,37.172,37.172,697.0,CAKE
2023-07-19 14:20:00,37.14,37.18,37.14,37.18,3343.0,CAKE
2023-07-19 14:19:00,37.1,37.13,37.1,37.13,4880.0,CAKE
2023-07-19 14:18:00,37.175,37.175,37.12,37.12,1023.0,CAKE
2023-07-19 14:17:00,37.26,37.26,37.2,37.2,1288.0,CAKE
2023-07-19 14:16:00,37.27,37.27,37.27,37.27,461.0,CAKE
2023-07-19 14:15:00,37.28,37.28,37.26,37.26,1497.0,CAKE
2023-07-19 14:14:00,37.31,37.31,37.28,37.29,2404.0,CAKE
2023-07-19 14:13:00,37.35,37.36,37.31,37.315,5464.0,CAKE
2023-07-19 14:12:00,37.34,37.35,37.34,37.35,2676.0,CAKE
2023-07-19 14:11:00,37.335,37.335,37.335,37.335,301.0,CAKE
2023-07-19 14:10:00,37.34,37.34,37.34,37.34,1125.0,CAKE
2023-07-19 14:09:00,37.34,37.34,37.33,37.34,1302.0,CAKE
2023-07-19 14:08:00,37.37,37.37,37.33,37.345,1987.0,CAKE
2023-07-19 14:07:00,37.37,37.37,37.36,37.37,3529.0,CAKE
2023-07-19 14:06:00,37.375,37.375,37.375,37.375,282.0,CAKE
2023-07-19 14:05:00,37.39,37.4,37.38,37.38,3988.0,CAKE
2023-07-19 14:04:00,37.375,37.38,37.375,37.38,1260.0,CAKE
2023-07-19 14:03:00,37.37,37.38,37.37,37.371,603.0,CAKE
2023-07-19 14:02:00,37.375,37.38,37.372,37.372,1335.0,CAKE
2023-07-19 14:01:00,37.38,37.385,37.38,37.38,3039.0,CAKE
2023-07-19 13:59:00,37.34,37.39,37.34,37.39,1955.0,CAKE
2023-07-19 13:58:00,37.34,37.34,37.335,37.34,846.0,CAKE
2023-07-19 13:57:00,37.33,37.33,37.33,37.33,1531.0,CAKE
2023-07-19 13:56:00,37.33,37.33,37.32,37.33,2184.0,CAKE
2023-07-19 13:55:00,37.35,37.35,37.335,37.335,1241.0,CAKE
2023-07-19 13:54:00,37.35,37.35,37.34,37.345,3710.0,CAKE
2023-07-19 13:53:00,37.32,37.345,37.32,37.345,1402.0,CAKE
2023-07-19 13:52:00,37.31,37.325,37.31,37.325,2437.0,CAKE
2023-07-19 13:51:00,37.34,37.34,37.26,37.31,9975.0,CAKE
2023-07-19 13:50:00,37.34,37.345,37.34,37.34,3226.0,CAKE
2023-07-19 13:49:00,37.29,37.345,37.29,37.345,2524.0,CAKE
2023-07-19 13:48:00,37.28,37.3,37.275,37.29,2051.0,CAKE
2023-07-19 13:47:00,37.265,37.28,37.265,37.28,4437.0,CAKE
2023-07-19 13:46:00,37.29,37.29,37.265,37.265,4677.0,CAKE
2023-07-19 13:45:00,37.29,37.3,37.29,37.295,2154.0,CAKE
2023-07-19 13:44:00,37.305,37.305,37.29,37.29,1720.0,CAKE
2023-07-19 13:43:00,37.36,37.36,37.31,37.315,4847.0,CAKE
2023-07-19 13:42:00,37.36,37.36,37.36,37.36,363.0,CAKE
2023-07-19 13:41:00,37.33,37.36,37.33,37.36,2161.0,CAKE
2023-07-19 13:40:00,37.34,37.345,37.325,37.33,5726.0,CAKE
2023-07-19 13:39:00,37.34,37.35,37.34,37.345,3338.0,CAKE
2023-07-19 13:38:00,37.34,37.34,37.33,37.34,5421.0,CAKE
2023-07-19 13:37:00,37.345,37.35,37.335,37.345,6295.0,CAKE
2023-07-19 13:36:00,37.36,37.365,37.345,37.345,4349.0,CAKE
2023-07-19 13:35:00,37.4,37.4,37.36,37.365,7839.0,CAKE
2023-07-19 13:34:00,37.35,37.4,37.35,37.4,2007.0,CAKE
2023-07-19 13:33:00,37.345,37.36,37.345,37.36,1840.0,CAKE
2023-07-19 13:32:00,37.34,37.35,37.34,37.35,829.0,CAKE
2023-07-19 13:31:00,37.34,37.34,37.335,37.335,819.0,CAKE
2023-07-19 13:30:00,37.34,37.345,37.34,37.34,851.0,CAKE
2023-07-19 13:29:00,37.355,37.36,37.32,37.36,7390.0,CAKE
2023-07-19 13:28:00,37.34,37.36,37.34,37.35,824.0,CAKE
2023-07-19 13:27:00,37.33,37.34,37.33,37.34,745.0,CAKE
2023-07-19 13:26:00,37.29,37.33,37.28,37.33,2527.0,CAKE
2023-07-19 13:25:00,37.29,37.297,37.29,37.29,786.0,CAKE
2023-07-19 13:24:00,37.29,37.29,37.28,37.29,2828.0,CAKE
2023-07-19 13:23:00,37.28,37.29,37.28,37.29,1267.0,CAKE
2023-07-19 13:22:00,37.285,37.285,37.27,37.28,2401.0,CAKE
2023-07-19 13:21:00,37.29,37.29,37.29,37.29,855.0,CAKE
2023-07-19 13:20:00,37.27,37.29,37.268,37.29,1169.0,CAKE
2023-07-19 13:19:00,37.3,37.315,37.27,37.27,5328.0,CAKE
2023-07-19 13:17:00,37.285,37.295,37.285,37.295,891.0,CAKE
2023-07-19 13:16:00,37.275,37.277,37.275,37.277,404.0,CAKE
2023-07-19 13:15:00,37.295,37.295,37.28,37.295,1944.0,CAKE
2023-07-19 13:14:00,37.275,37.29,37.275,37.28,2230.0,CAKE
2023-07-19 13:13:00,37.3,37.3,37.28,37.28,3042.0,CAKE
2023-07-19 13:12:00,37.28,37.3,37.28,37.3,1660.0,CAKE
2023-07-19 13:11:00,37.26,37.28,37.26,37.28,2582.0,CAKE
2023-07-19 13:10:00,37.25,37.265,37.245,37.245,2887.0,CAKE
2023-07-19 13:09:00,37.245,37.25,37.245,37.25,787.0,CAKE
2023-07-19 13:08:00,37.19,37.245,37.19,37.245,3311.0,CAKE
2023-07-19 13:07:00,37.2,37.205,37.2,37.205,650.0,CAKE
2023-07-19 13:06:00,37.235,37.235,37.22,37.22,1052.0,CAKE
2023-07-19 13:05:00,37.25,37.25,37.23,37.235,1987.0,CAKE
2023-07-19 13:04:00,37.32,37.32,37.255,37.255,2936.0,CAKE
2023-07-19 13:03:00,37.395,37.41,37.32,37.32,17177.0,CAKE
2023-07-19 13:02:00,37.405,37.405,37.39,37.4,1751.0,CAKE
2023-07-19 13:01:00,37.41,37.415,37.4,37.405,3566.0,CAKE
2023-07-19 13:00:00,37.425,37.425,37.4,37.4,3101.0,CAKE
2023-07-19 12:59:00,37.425,37.43,37.42,37.425,1267.0,CAKE
2023-07-19 12:58:00,37.45,37.46,37.42,37.42,3625.0,CAKE
2023-07-19 12:57:00,37.44,37.45,37.44,37.45,379.0,CAKE
2023-07-19 12:56:00,37.415,37.44,37.41,37.44,3224.0,CAKE
2023-07-19 12:55:00,37.415,37.415,37.415,37.415,638.0,CAKE
2023-07-19 12:54:00,37.4,37.41,37.392,37.41,942.0,CAKE
2023-07-19 12:53:00,37.4,37.4,37.4,37.4,756.0,CAKE
2023-07-19 12:52:00,37.415,37.415,37.4,37.4,2234.0,CAKE
2023-07-19 12:51:00,37.42,37.42,37.4,37.41,823.0,CAKE
2023-07-19 12:49:00,37.355,37.38,37.355,37.38,1694.0,CAKE
2023-07-19 12:48:00,37.335,37.335,37.335,37.335,388.0,CAKE
2023-07-19 12:47:00,37.34,37.365,37.335,37.335,4095.0,CAKE
2023-07-19 12:46:00,37.255,37.33,37.255,37.32,2448.0,CAKE
2023-07-19 12:44:00,37.26,37.26,37.26,37.26,413.0,CAKE
2023-07-19 12:43:00,37.26,37.27,37.26,37.27,248.0,CAKE
2023-07-19 12:42:00,37.26,37.26,37.26,37.26,298.0,CAKE
2023-07-19 12:41:00,37.23,37.26,37.23,37.245,2238.0,CAKE
2023-07-19 12:40:00,37.235,37.24,37.21,37.24,1261.0,CAKE
2023-07-19 12:39:00,37.22,37.235,37.191,37.235,5654.0,CAKE
2023-07-19 12:38:00,37.265,37.265,37.225,37.23,2535.0,CAKE
2023-07-19 12:37:00,37.28,37.28,37.26,37.27,3236.0,CAKE
2023-07-19 12:36:00,37.315,37.315,37.29,37.295,2550.0,CAKE
2023-07-19 12:35:00,37.325,37.325,37.31,37.315,1656.0,CAKE
2023-07-19 12:34:00,37.33,37.34,37.32,37.32,2467.0,CAKE
2023-07-19 12:33:00,37.3,37.33,37.3,37.33,1147.0,CAKE
2023-07-19 12:32:00,37.3,37.305,37.3,37.305,1040.0,CAKE
2023-07-19 12:31:00,37.32,37.32,37.29,37.3,2285.0,CAKE
2023-07-19 12:30:00,37.355,37.355,37.324,37.34,3198.0,CAKE
2023-07-19 12:29:00,37.38,37.38,37.35,37.355,4160.0,CAKE
2023-07-19 12:28:00,37.37,37.37,37.35,37.37,2198.0,CAKE
2023-07-19 12:27:00,37.37,37.37,37.37,37.37,551.0,CAKE
2023-07-19 12:26:00,37.36,37.39,37.36,37.37,796.0,CAKE
2023-07-19 12:25:00,37.4,37.44,37.33,37.37,8071.0,CAKE
2023-07-19 12:24:00,37.37,37.4,37.37,37.395,1744.0,CAKE
2023-07-19 12:23:00,37.295,37.38,37.295,37.361,2119.0,CAKE
2023-07-19 12:22:00,37.31,37.315,37.297,37.297,3436.0,CAKE
2023-07-19 12:21:00,37.345,37.345,37.32,37.32,4937.0,CAKE
2023-07-19 12:20:00,37.345,37.36,37.34,37.345,2713.0,CAKE
2023-07-19 12:19:00,37.35,37.36,37.32,37.35,5450.0,CAKE
2023-07-19 12:18:00,37.375,37.375,37.36,37.36,3703.0,CAKE
2023-07-19 12:17:00,37.375,37.375,37.37,37.375,1392.0,CAKE
2023-07-19 12:16:00,37.365,37.38,37.365,37.37,2456.0,CAKE
2023-07-19 12:15:00,37.36,37.37,37.36,37.365,1137.0,CAKE
2023-07-19 12:14:00,37.31,37.36,37.31,37.36,4301.0,CAKE
2023-07-19 12:13:00,37.315,37.33,37.315,37.32,1793.0,CAKE
2023-07-19 12:12:00,37.305,37.315,37.305,37.315,1533.0,CAKE
2023-07-19 12:11:00,37.31,37.31,37.3,37.3,1636.0,CAKE
2023-07-19 12:10:00,37.32,37.32,37.31,37.31,1165.0,CAKE
2023-07-19 12:09:00,37.3,37.32,37.3,37.32,2200.0,CAKE
2023-07-19 12:08:00,37.29,37.3,37.27,37.3,5217.0,CAKE
2023-07-19 12:07:00,37.29,37.29,37.28,37.28,1128.0,CAKE
2023-07-19 12:06:00,37.25,37.29,37.25,37.29,1654.0,CAKE
2023-07-19 12:05:00,37.245,37.25,37.24,37.24,1460.0,CAKE
2023-07-19 12:04:00,37.265,37.27,37.24,37.245,4635.0,CAKE
2023-07-19 12:03:00,37.274,37.28,37.255,37.26,1589.0,CAKE
2023-07-19 12:02:00,37.21,37.271,37.21,37.271,1158.0,CAKE
2023-07-19 12:01:00,37.205,37.21,37.16,37.2,7005.0,CAKE
2023-07-19 12:00:00,37.21,37.22,37.21,37.21,1400.0,CAKE
2023-07-19 11:59:00,37.215,37.215,37.215,37.215,167.0,CAKE
2023-07-19 11:58:00,37.22,37.24,37.215,37.215,2169.0,CAKE
2023-07-19 11:57:00,37.17,37.21,37.17,37.21,1282.0,CAKE
2023-07-19 11:56:00,37.17,37.18,37.17,37.18,965.0,CAKE
2023-07-19 11:55:00,37.14,37.18,37.13,37.18,2329.0,CAKE
2023-07-19 11:54:00,37.16,37.16,37.13,37.13,2720.0,CAKE
2023-07-19 11:53:00,37.15,37.18,37.15,37.155,2990.0,CAKE
2023-07-19 11:52:00,37.155,37.155,37.14,37.15,2921.0,CAKE
2023-07-19 11:51:00,37.17,37.17,37.155,37.155,1405.0,CAKE
2023-07-19 11:50:00,37.19,37.19,37.15,37.17,5464.0,CAKE
2023-07-19 11:49:00,37.205,37.21,37.2,37.205,2131.0,CAKE
2023-07-19 11:48:00,37.23,37.235,37.2,37.205,1905.0,CAKE
2023-07-19 11:47:00,37.22,37.22,37.195,37.21,3277.0,CAKE
2023-07-19 11:46:00,37.19,37.24,37.19,37.24,3674.0,CAKE
2023-07-19 11:45:00,37.17,37.17,37.17,37.17,140.0,CAKE
2023-07-19 11:44:00,37.18,37.18,37.16,37.17,3066.0,CAKE
2023-07-19 11:43:00,37.115,37.18,37.111,37.18,5496.0,CAKE
2023-07-19 11:42:00,37.12,37.12,37.12,37.12,249.0,CAKE
2023-07-19 11:41:00,37.125,37.125,37.115,37.12,1974.0,CAKE
2023-07-19 11:40:00,37.12,37.13,37.111,37.13,4069.0,CAKE
2023-07-19 11:39:00,37.14,37.14,37.1,37.11,6763.0,CAKE
2023-07-19 11:38:00,37.14,37.16,37.132,37.16,4012.0,CAKE
2023-07-19 11:37:00,37.13,37.15,37.13,37.14,1423.0,CAKE
2023-07-19 11:36:00,37.12,37.145,37.11,37.145,4061.0,CAKE
2023-07-19 11:35:00,37.125,37.125,37.11,37.12,3074.0,CAKE
2023-07-19 11:34:00,37.12,37.14,37.12,37.13,2877.0,CAKE
2023-07-19 11:33:00,37.13,37.16,37.11,37.12,9978.0,CAKE
2023-07-19 11:32:00,37.125,37.125,37.125,37.125,681.0,CAKE
2023-07-19 11:31:00,37.125,37.125,37.125,37.125,1519.0,CAKE
2023-07-19 11:30:00,37.11,37.12,37.1,37.12,1188.0,CAKE
2023-07-19 11:29:00,37.09,37.11,37.09,37.095,2759.0,CAKE
2023-07-19 11:28:00,37.098,37.098,37.08,37.08,883.0,CAKE
2023-07-19 11:27:00,37.03,37.09,37.03,37.09,6843.0,CAKE
2023-07-19 11:26:00,36.98,37.025,36.98,37.025,2470.0,CAKE
2023-07-19 11:25:00,36.99,37.0,36.975,36.99,3848.0,CAKE
2023-07-19 11:24:00,36.99,37.06,36.99,37.0,19096.0,CAKE
2023-07-19 11:23:00,36.96,36.995,36.945,36.99,4995.0,CAKE
2023-07-19 11:22:00,36.91,36.93,36.91,36.93,2531.0,CAKE
2023-07-19 11:21:00,36.92,36.92,36.89,36.9,5505.0,CAKE
2023-07-19 11:20:00,36.94,36.94,36.91,36.92,3876.0,CAKE
2023-07-19 11:19:00,36.83,36.915,36.83,36.915,1197.0,CAKE
2023-07-19 11:18:00,36.88,36.88,36.83,36.83,2630.0,CAKE
2023-07-19 11:17:00,36.85,36.89,36.85,36.89,1144.0,CAKE
2023-07-19 11:16:00,36.81,36.83,36.785,36.83,1929.0,CAKE
2023-07-19 11:15:00,36.73,36.77,36.73,36.77,1376.0,CAKE
2023-07-19 11:14:00,36.73,36.73,36.73,36.73,288.0,CAKE
2023-07-19 11:13:00,36.728,36.75,36.728,36.73,2081.0,CAKE
2023-07-19 11:12:00,36.705,36.72,36.7,36.72,2316.0,CAKE
2023-07-19 11:11:00,36.715,36.715,36.66,36.705,4096.0,CAKE
2023-07-19 11:10:00,36.68,36.725,36.68,36.715,5023.0,CAKE
2023-07-19 11:09:00,36.71,36.71,36.66,36.67,2882.0,CAKE
2023-07-19 11:08:00,36.77,36.775,36.71,36.72,3295.0,CAKE
2023-07-19 11:07:00,36.785,36.785,36.77,36.775,1567.0,CAKE
2023-07-19 11:06:00,36.8,36.83,36.78,36.78,4105.0,CAKE
2023-07-19 11:05:00,36.84,36.84,36.795,36.795,2693.0,CAKE
2023-07-19 11:04:00,36.85,36.85,36.85,36.85,446.0,CAKE
2023-07-19 11:03:00,36.82,36.85,36.82,36.85,1606.0,CAKE
2023-07-19 11:02:00,36.87,36.88,36.82,36.82,4045.0,CAKE
2023-07-19 11:01:00,36.88,36.88,36.87,36.87,2056.0,CAKE
2023-07-19 11:00:00,36.895,36.92,36.895,36.895,1686.0,CAKE
2023-07-19 10:59:00,36.88,36.9,36.86,36.9,3579.0,CAKE
2023-07-19 10:58:00,36.88,36.89,36.88,36.89,2514.0,CAKE
2023-07-19 10:57:00,36.84,36.895,36.84,36.895,2804.0,CAKE
2023-07-19 10:56:00,36.81,36.84,36.81,36.84,1361.0,CAKE
2023-07-19 10:55:00,36.79,36.825,36.78,36.81,3021.0,CAKE
2023-07-19 10:54:00,36.82,36.85,36.8,36.815,4299.0,CAKE
2023-07-19 10:53:00,36.845,36.87,36.791,36.81,7434.0,CAKE
2023-07-19 10:52:00,36.8,36.85,36.79,36.845,2311.0,CAKE
2023-07-19 10:51:00,36.76,36.785,36.75,36.785,2811.0,CAKE
2023-07-19 10:49:00,36.74,36.75,36.72,36.75,3352.0,CAKE
2023-07-19 10:48:00,36.685,36.76,36.685,36.76,1925.0,CAKE
2023-07-19 10:47:00,36.725,36.76,36.635,36.7,13105.0,CAKE
2023-07-19 10:46:00,36.85,36.86,36.71,36.725,4078.0,CAKE
2023-07-19 10:45:00,36.79,36.89,36.785,36.85,4275.0,CAKE
2023-07-19 10:44:00,36.77,36.83,36.77,36.83,1663.0,CAKE
2023-07-19 10:43:00,36.78,36.79,36.77,36.77,1459.0,CAKE
2023-07-19 10:42:00,36.865,36.875,36.8,36.8,10007.0,CAKE
2023-07-19 10:41:00,36.85,36.86,36.85,36.86,905.0,CAKE
2023-07-19 10:40:00,36.905,36.92,36.86,36.86,4054.0,CAKE
2023-07-19 10:39:00,36.92,36.92,36.88,36.91,2568.0,CAKE
2023-07-19 10:38:00,36.92,36.94,36.91,36.91,4146.0,CAKE
2023-07-19 10:37:00,36.865,36.91,36.865,36.91,3262.0,CAKE
2023-07-19 10:36:00,36.9,36.9,36.86,36.86,1843.0,CAKE
2023-07-19 10:35:00,36.9,36.93,36.89,36.895,4182.0,CAKE
2023-07-19 10:34:00,36.915,36.925,36.9,36.925,910.0,CAKE
2023-07-19 10:33:00,36.91,36.915,36.9,36.91,447.0,CAKE
2023-07-19 10:32:00,36.92,36.92,36.84,36.9,4988.0,CAKE
2023-07-19 10:31:00,36.836,36.91,36.836,36.9,2772.0,CAKE
2023-07-19 10:30:00,36.74,36.86,36.74,36.84,4103.0,CAKE
2023-07-19 10:29:00,36.765,36.765,36.71,36.715,1545.0,CAKE
2023-07-19 10:28:00,36.76,36.78,36.73,36.75,4888.0,CAKE
2023-07-19 10:27:00,36.645,36.71,36.645,36.71,19631.0,CAKE
2023-07-19 10:26:00,36.62,36.645,36.61,36.645,1934.0,CAKE
2023-07-19 10:25:00,36.63,36.65,36.63,36.63,2575.0,CAKE
2023-07-19 10:24:00,36.58,36.61,36.58,36.61,24748.0,CAKE
2023-07-19 10:23:00,36.58,36.59,36.58,36.59,597.0,CAKE
2023-07-19 10:22:00,36.54,36.57,36.54,36.57,3027.0,CAKE
2023-07-19 10:21:00,36.64,36.64,36.511,36.54,2989.0,CAKE
2023-07-19 10:20:00,36.535,36.63,36.535,36.63,27071.0,CAKE
2023-07-19 10:19:00,36.49,36.535,36.49,36.535,2565.0,CAKE
2023-07-19 10:18:00,36.525,36.55,36.52,36.52,4175.0,CAKE
2023-07-19 10:17:00,36.43,36.53,36.41,36.525,4171.0,CAKE
2023-07-19 10:16:00,36.24,36.39,36.24,36.39,2848.0,CAKE
2023-07-19 10:15:00,36.24,36.24,36.24,36.24,264.0,CAKE
2023-07-19 10:14:00,36.285,36.285,36.2,36.27,5973.0,CAKE
2023-07-19 10:13:00,36.19,36.28,36.19,36.28,2183.0,CAKE
2023-07-19 10:12:00,36.17,36.175,36.15,36.165,9631.0,CAKE
2023-07-19 10:11:00,36.18,36.26,36.18,36.2,10766.0,CAKE
2023-07-19 10:10:00,36.165,36.22,36.165,36.18,3235.0,CAKE
2023-07-19 10:09:00,36.11,36.205,36.11,36.175,27091.0,CAKE
2023-07-19 10:08:00,36.13,36.145,36.105,36.105,3306.0,CAKE
2023-07-19 10:07:00,36.06,36.08,36.06,36.08,1155.0,CAKE
2023-07-19 10:06:00,35.97,36.025,35.97,36.025,776.0,CAKE
2023-07-19 10:05:00,36.075,36.075,35.95,35.96,3334.0,CAKE
2023-07-19 10:04:00,36.01,36.025,36.005,36.025,2058.0,CAKE
2023-07-19 10:03:00,36.025,36.04,36.025,36.04,934.0,CAKE
2023-07-19 10:02:00,36.09,36.09,36.04,36.04,652.0,CAKE
2023-07-19 10:01:00,36.12,36.12,36.1,36.1,1473.0,CAKE
2023-07-19 10:00:00,36.165,36.165,36.133,36.133,1010.0,CAKE
2023-07-19 09:59:00,36.15,36.16,36.14,36.16,847.0,CAKE
2023-07-19 09:58:00,36.165,36.165,36.11,36.14,1613.0,CAKE
2023-07-19 09:57:00,36.17,36.17,36.165,36.17,542.0,CAKE
2023-07-19 09:56:00,36.155,36.17,36.15,36.17,1305.0,CAKE
2023-07-19 09:55:00,36.16,36.17,36.15,36.15,2090.0,CAKE
2023-07-19 09:54:00,36.12,36.14,36.12,36.14,931.0,CAKE
2023-07-19 09:53:00,36.09,36.1,36.09,36.09,1484.0,CAKE
2023-07-19 09:52:00,36.12,36.12,36.08,36.08,1577.0,CAKE
2023-07-19 09:51:00,36.1,36.11,36.09,36.09,1363.0,CAKE
2023-07-19 09:50:00,36.07,36.17,36.07,36.11,6797.0,CAKE
2023-07-19 09:49:00,36.1,36.1,36.04,36.04,1722.0,CAKE
2023-07-19 09:48:00,36.15,36.15,36.109,36.12,1034.0,CAKE
2023-07-19 09:47:00,36.18,36.185,36.13,36.15,2094.0,CAKE
2023-07-19 09:46:00,36.14,36.175,36.14,36.175,1945.0,CAKE
2023-07-19 09:44:00,36.13,36.16,36.1,36.1,2822.0,CAKE
2023-07-19 09:43:00,36.09,36.09,36.09,36.09,143.0,CAKE
2023-07-19 09:42:00,36.05,36.09,36.05,36.09,872.0,CAKE
2023-07-19 09:41:00,36.05,36.055,36.05,36.055,914.0,CAKE
2023-07-19 09:40:00,36.025,36.025,36.01,36.01,527.0,CAKE
2023-07-19 09:39:00,36.02,36.03,35.96,35.975,869.0,CAKE
2023-07-19 09:38:00,36.02,36.02,35.99,35.99,510.0,CAKE
2023-07-19 09:37:00,36.14,36.14,36.08,36.08,764.0,CAKE
2023-07-19 09:36:00,36.18,36.19,36.095,36.095,2205.0,CAKE
2023-07-19 09:35:00,36.18,36.2,36.15,36.2,1058.0,CAKE
2023-07-19 09:33:00,36.195,36.195,36.18,36.19,540.0,CAKE
2023-07-19 09:31:00,36.24,36.24,36.12,36.2,1112.0,CAKE
2023-07-19 09:30:00,36.22,36.3,36.22,36.3,5563.0,CAKE
2023-07-19 09:25:00,36.48,36.48,36.19,36.2,48.0,CAKE
2023-07-19 08:52:00,36.3,36.3,36.3,36.3,17.0,CAKE
2023-07-19 08:43:00,36.86,36.86,36.86,36.86,2.0,CAKE
2023-07-19 08:28:00,36.88,36.88,36.88,36.88,2.0,CAKE
2023-07-18 18:56:00,36.1,36.1,36.1,36.1,1.0,CAKE
2023-07-18 18:25:00,36.1,36.1,36.1,36.1,45.0,CAKE
2023-07-18 17:56:00,36.09,36.09,36.09,36.09,5.0,CAKE
2023-07-18 17:40:00,35.65,35.65,35.65,35.65,1.0,CAKE
2023-07-18 17:34:00,36.0,36.0,36.0,36.0,1.0,CAKE
2023-07-18 17:33:00,35.72,35.72,35.72,35.72,21.0,CAKE
2023-07-18 16:49:00,36.1,36.1,36.1,36.1,1.0,CAKE
2023-07-18 16:44:00,36.07,36.07,36.07,36.07,42.0,CAKE
2023-07-18 16:15:00,36.07,36.2,36.07,36.2,427.0,CAKE
2023-07-18 16:02:00,36.07,36.07,36.07,36.07,439.0,CAKE
2023-07-18 16:01:00,36.07,36.07,36.07,36.07,4096.0,CAKE
2023-07-18 16:00:00,36.07,36.07,36.07,36.07,254282.0,CAKE
2023-07-18 15:59:00,36.14,36.14,36.07,36.07,46121.0,CAKE
2023-07-18 15:58:00,36.125,36.16,36.125,36.135,24190.0,CAKE
2023-07-18 15:57:00,36.125,36.17,36.1,36.125,29677.0,CAKE
2023-07-18 15:56:00,36.065,36.13,36.065,36.12,21052.0,CAKE
2023-07-18 15:55:00,36.17,36.17,36.02,36.06,23602.0,CAKE
2023-07-18 15:54:00,36.195,36.2,36.16,36.165,16721.0,CAKE
2023-07-18 15:53:00,36.17,36.2,36.15,36.195,9645.0,CAKE
2023-07-18 15:52:00,36.16,36.165,36.13,36.16,12765.0,CAKE
2023-07-18 15:51:00,36.125,36.155,36.105,36.155,11738.0,CAKE
2023-07-18 15:50:00,36.14,36.17,36.125,36.13,10652.0,CAKE
2023-07-18 15:49:00,36.165,36.165,36.11,36.13,14918.0,CAKE
2023-07-18 15:48:00,36.125,36.169,36.12,36.169,7873.0,CAKE
2023-07-18 15:47:00,36.08,36.14,36.065,36.14,9745.0,CAKE
2023-07-18 15:46:00,36.06,36.085,36.055,36.085,4537.0,CAKE
2023-07-18 15:45:00,36.01,36.06,36.0,36.06,4959.0,CAKE
2023-07-18 15:44:00,36.01,36.03,36.005,36.005,8599.0,CAKE
2023-07-18 15:43:00,35.99,36.01,35.99,36.01,2619.0,CAKE
2023-07-18 15:42:00,35.975,36.0,35.96,35.985,11983.0,CAKE
2023-07-18 15:41:00,35.97,35.98,35.97,35.975,3021.0,CAKE
2023-07-18 15:40:00,35.93,35.965,35.93,35.965,3859.0,CAKE
2023-07-18 15:39:00,35.875,35.915,35.875,35.915,2982.0,CAKE
2023-07-18 15:38:00,35.89,35.895,35.875,35.875,9904.0,CAKE
2023-07-18 15:37:00,35.89,35.9,35.89,35.895,2905.0,CAKE
2023-07-18 15:36:00,35.88,35.9,35.87,35.895,10580.0,CAKE
2023-07-18 15:35:00,35.85,35.879,35.85,35.879,1325.0,CAKE
2023-07-18 15:34:00,35.85,35.859,35.85,35.859,1915.0,CAKE
2023-07-18 15:33:00,35.84,35.84,35.835,35.84,4349.0,CAKE
2023-07-18 15:32:00,35.88,35.89,35.85,35.85,5043.0,CAKE
2023-07-18 15:31:00,35.9,35.9,35.88,35.88,3905.0,CAKE
2023-07-18 15:30:00,35.935,35.935,35.9,35.9,5371.0,CAKE
2023-07-18 15:29:00,35.88,35.92,35.88,35.92,2374.0,CAKE
2023-07-18 15:28:00,35.905,35.905,35.88,35.88,2532.0,CAKE
2023-07-18 15:27:00,35.87,35.91,35.87,35.91,2961.0,CAKE
2023-07-18 15:26:00,35.87,35.88,35.86,35.87,7727.0,CAKE
2023-07-18 15:25:00,35.85,35.875,35.85,35.875,1085.0,CAKE
2023-07-18 15:24:00,35.81,35.83,35.805,35.83,2097.0,CAKE
2023-07-18 15:23:00,35.77,35.819,35.77,35.805,2896.0,CAKE
2023-07-18 15:22:00,35.775,35.775,35.77,35.77,547.0,CAKE
2023-07-18 15:21:00,35.758,35.775,35.758,35.775,1180.0,CAKE
2023-07-18 15:20:00,35.805,35.82,35.75,35.75,3653.0,CAKE
2023-07-18 15:19:00,35.865,35.865,35.79,35.805,2215.0,CAKE
2023-07-18 15:18:00,35.87,35.87,35.85,35.86,1860.0,CAKE
2023-07-18 15:17:00,35.865,35.905,35.865,35.87,4054.0,CAKE
2023-07-18 15:16:00,35.94,35.94,35.865,35.865,2585.0,CAKE
2023-07-18 15:15:00,35.935,35.95,35.92,35.92,3776.0,CAKE
2023-07-18 15:14:00,35.91,35.915,35.895,35.915,1353.0,CAKE
2023-07-18 15:13:00,35.885,35.945,35.885,35.895,4146.0,CAKE
2023-07-18 15:12:00,35.92,35.945,35.9,35.9,24004.0,CAKE
2023-07-18 15:11:00,35.84,35.92,35.835,35.92,83002.0,CAKE
2023-07-18 15:10:00,35.78,35.84,35.77,35.84,38438.0,CAKE
2023-07-18 15:09:00,35.825,35.825,35.77,35.77,4244.0,CAKE
2023-07-18 15:08:00,35.825,35.825,35.791,35.805,7505.0,CAKE
2023-07-18 15:07:00,35.815,35.825,35.815,35.825,2517.0,CAKE
2023-07-18 15:06:00,35.82,35.82,35.81,35.81,2504.0,CAKE
2023-07-18 15:05:00,35.79,35.82,35.79,35.82,2730.0,CAKE
2023-07-18 15:04:00,35.81,35.81,35.795,35.795,1039.0,CAKE
2023-07-18 15:03:00,35.78,35.81,35.78,35.8,784.0,CAKE
2023-07-18 15:02:00,35.765,35.78,35.76,35.78,2807.0,CAKE
2023-07-18 15:01:00,35.75,35.76,35.75,35.76,1944.0,CAKE
2023-07-18 15:00:00,35.76,35.76,35.75,35.75,464.0,CAKE
2023-07-18 14:59:00,35.755,35.755,35.745,35.75,2862.0,CAKE
2023-07-18 14:58:00,35.75,35.755,35.74,35.755,1837.0,CAKE
2023-07-18 14:57:00,35.71,35.73,35.71,35.73,2786.0,CAKE
2023-07-18 14:55:00,35.73,35.73,35.705,35.72,1127.0,CAKE
2023-07-18 14:54:00,35.75,35.76,35.75,35.75,3918.0,CAKE
2023-07-18 14:53:00,35.76,35.765,35.76,35.765,1234.0,CAKE
2023-07-18 14:52:00,35.745,35.745,35.73,35.73,1115.0,CAKE
2023-07-18 14:51:00,35.71,35.73,35.71,35.73,22909.0,CAKE
2023-07-18 14:50:00,35.75,35.75,35.7,35.7,10555.0,CAKE
2023-07-18 14:49:00,35.74,35.76,35.735,35.75,4025.0,CAKE
2023-07-18 14:48:00,35.72,35.75,35.72,35.73,4987.0,CAKE
2023-07-18 14:47:00,35.67,35.72,35.67,35.72,1756.0,CAKE
2023-07-18 14:46:00,35.625,35.65,35.625,35.65,1426.0,CAKE
2023-07-18 14:45:00,35.625,35.625,35.625,35.625,353.0,CAKE
2023-07-18 14:44:00,35.585,35.62,35.585,35.62,1861.0,CAKE
2023-07-18 14:43:00,35.585,35.59,35.58,35.58,904.0,CAKE
2023-07-18 14:42:00,35.6,35.61,35.585,35.585,3299.0,CAKE
2023-07-18 14:41:00,35.6,35.6,35.59,35.59,1997.0,CAKE
2023-07-18 14:40:00,35.61,35.62,35.59,35.59,2900.0,CAKE
2023-07-18 14:39:00,35.62,35.62,35.62,35.62,320.0,CAKE
2023-07-18 14:38:00,35.62,35.62,35.61,35.62,662.0,CAKE
2023-07-18 14:37:00,35.64,35.65,35.615,35.62,5883.0,CAKE
2023-07-18 14:36:00,35.63,35.64,35.63,35.64,399.0,CAKE
2023-07-18 14:35:00,35.645,35.645,35.63,35.64,3079.0,CAKE
2023-07-18 14:34:00,35.63,35.645,35.63,35.645,704.0,CAKE
2023-07-18 14:33:00,35.665,35.665,35.65,35.65,1393.0,CAKE
2023-07-18 14:32:00,35.71,35.71,35.65,35.65,7281.0,CAKE
2023-07-18 14:31:00,35.72,35.72,35.71,35.71,1572.0,CAKE
2023-07-18 14:30:00,35.705,35.705,35.705,35.705,245.0,CAKE
2023-07-18 14:29:00,35.66,35.71,35.66,35.69,3856.0,CAKE
2023-07-18 14:28:00,35.65,35.65,35.64,35.65,1051.0,CAKE
2023-07-18 14:26:00,35.65,35.65,35.64,35.64,215.0,CAKE
2023-07-18 14:25:00,35.68,35.68,35.62,35.64,6740.0,CAKE
2023-07-18 14:24:00,35.68,35.685,35.68,35.685,1001.0,CAKE
2023-07-18 14:23:00,35.66,35.68,35.655,35.68,4317.0,CAKE
2023-07-18 14:22:00,35.63,35.67,35.63,35.66,8111.0,CAKE
2023-07-18 14:21:00,35.63,35.63,35.63,35.63,500.0,CAKE
2023-07-18 14:20:00,35.625,35.63,35.62,35.63,962.0,CAKE
2023-07-18 14:19:00,35.615,35.63,35.6,35.63,4009.0,CAKE
2023-07-18 14:18:00,35.595,35.62,35.595,35.62,4202.0,CAKE
2023-07-18 14:17:00,35.55,35.595,35.55,35.595,4514.0,CAKE
2023-07-18 14:16:00,35.555,35.555,35.55,35.55,1415.0,CAKE
2023-07-18 14:15:00,35.555,35.555,35.55,35.551,696.0,CAKE
2023-07-18 14:14:00,35.615,35.615,35.55,35.55,3867.0,CAKE
2023-07-18 14:13:00,35.615,35.62,35.61,35.61,2289.0,CAKE
2023-07-18 14:12:00,35.62,35.62,35.61,35.615,715.0,CAKE
2023-07-18 14:11:00,35.615,35.62,35.61,35.62,768.0,CAKE
2023-07-18 14:10:00,35.64,35.64,35.61,35.61,3462.0,CAKE
2023-07-18 14:09:00,35.64,35.64,35.64,35.64,102.0,CAKE
2023-07-18 14:08:00,35.65,35.65,35.63,35.63,5212.0,CAKE
2023-07-18 14:07:00,35.635,35.65,35.635,35.64,1881.0,CAKE
2023-07-18 14:06:00,35.63,35.63,35.63,35.63,300.0,CAKE
2023-07-18 14:05:00,35.59,35.64,35.59,35.64,1507.0,CAKE
2023-07-18 14:04:00,35.55,35.58,35.55,35.56,2723.0,CAKE
2023-07-18 14:03:00,35.555,35.555,35.55,35.55,404.0,CAKE
2023-07-18 14:02:00,35.58,35.58,35.55,35.55,2454.0,CAKE
2023-07-18 14:01:00,35.6,35.6,35.58,35.58,1332.0,CAKE
2023-07-18 14:00:00,35.6,35.6,35.59,35.59,963.0,CAKE
2023-07-18 13:59:00,35.61,35.61,35.58,35.59,3109.0,CAKE
2023-07-18 13:58:00,35.6,35.615,35.6,35.615,2252.0,CAKE
2023-07-18 13:57:00,35.59,35.63,35.59,35.61,3206.0,CAKE
2023-07-18 13:56:00,35.55,35.589,35.55,35.589,853.0,CAKE
2023-07-18 13:55:00,35.54,35.555,35.52,35.54,60964.0,CAKE
2023-07-18 13:54:00,35.56,35.56,35.53,35.55,2938.0,CAKE
2023-07-18 13:53:00,35.56,35.575,35.56,35.56,3021.0,CAKE
2023-07-18 13:52:00,35.55,35.55,35.55,35.55,345.0,CAKE
2023-07-18 13:51:00,35.549,35.55,35.549,35.55,550.0,CAKE
2023-07-18 13:50:00,35.57,35.57,35.55,35.55,1774.0,CAKE
2023-07-18 13:48:00,35.56,35.57,35.56,35.56,2033.0,CAKE
2023-07-18 13:47:00,35.57,35.57,35.55,35.555,4027.0,CAKE
2023-07-18 13:46:00,35.57,35.57,35.565,35.57,702.0,CAKE
2023-07-18 13:45:00,35.56,35.59,35.56,35.57,4247.0,CAKE
2023-07-18 13:44:00,35.595,35.6,35.57,35.58,4229.0,CAKE
2023-07-18 13:43:00,35.575,35.575,35.575,35.575,733.0,CAKE
2023-07-18 13:42:00,35.575,35.575,35.575,35.575,330.0,CAKE
2023-07-18 13:41:00,35.54,35.555,35.54,35.555,287.0,CAKE
2023-07-18 13:40:00,35.495,35.55,35.49,35.54,5051.0,CAKE
2023-07-18 13:39:00,35.49,35.495,35.48,35.495,1259.0,CAKE
2023-07-18 13:38:00,35.485,35.485,35.48,35.485,604.0,CAKE
2023-07-18 13:37:00,35.465,35.49,35.465,35.49,875.0,CAKE
2023-07-18 13:36:00,35.495,35.495,35.45,35.465,2262.0,CAKE
2023-07-18 13:35:00,35.48,35.5,35.48,35.495,4027.0,CAKE
2023-07-18 13:34:00,35.487,35.487,35.48,35.48,712.0,CAKE
2023-07-18 13:33:00,35.49,35.49,35.49,35.49,313.0,CAKE
2023-07-18 13:32:00,35.51,35.51,35.485,35.485,1166.0,CAKE
2023-07-18 13:30:00,35.54,35.54,35.51,35.51,3415.0,CAKE
2023-07-18 13:29:00,35.54,35.54,35.54,35.54,824.0,CAKE
2023-07-18 13:28:00,35.58,35.58,35.55,35.55,2906.0,CAKE
2023-07-18 13:27:00,35.55,35.57,35.55,35.57,2251.0,CAKE
2023-07-18 13:26:00,35.53,35.57,35.53,35.56,2507.0,CAKE
2023-07-18 13:25:00,35.51,35.51,35.5,35.5,667.0,CAKE
2023-07-18 13:24:00,35.51,35.51,35.49,35.49,3135.0,CAKE
2023-07-18 13:23:00,35.45,35.49,35.45,35.49,1235.0,CAKE
2023-07-18 13:22:00,35.43,35.45,35.43,35.44,461.0,CAKE
2023-07-18 13:21:00,35.445,35.445,35.42,35.42,220.0,CAKE
2023-07-18 13:20:00,35.38,35.44,35.37,35.43,3144.0,CAKE
2023-07-18 13:19:00,35.39,35.45,35.38,35.38,3490.0,CAKE
2023-07-18 13:18:00,35.39,35.4,35.38,35.38,651.0,CAKE
2023-07-18 13:17:00,35.38,35.409,35.38,35.39,6456.0,CAKE
2023-07-18 13:16:00,35.38,35.41,35.37,35.39,11885.0,CAKE
2023-07-18 13:15:00,35.4,35.4,35.38,35.395,1097.0,CAKE
2023-07-18 13:14:00,35.37,35.395,35.37,35.395,1543.0,CAKE
2023-07-18 13:13:00,35.355,35.365,35.355,35.365,1079.0,CAKE
2023-07-18 13:12:00,35.35,35.355,35.35,35.35,1065.0,CAKE
2023-07-18 13:11:00,35.32,35.35,35.32,35.345,1384.0,CAKE
2023-07-18 13:10:00,35.33,35.33,35.317,35.32,2750.0,CAKE
2023-07-18 13:09:00,35.321,35.325,35.321,35.325,604.0,CAKE
2023-07-18 13:08:00,35.31,35.33,35.31,35.32,570.0,CAKE
2023-07-18 13:07:00,35.32,35.32,35.3,35.31,1014.0,CAKE
2023-07-18 13:06:00,35.33,35.33,35.33,35.33,644.0,CAKE
2023-07-18 13:05:00,35.38,35.38,35.34,35.34,3638.0,CAKE
2023-07-18 13:04:00,35.39,35.4,35.39,35.39,2067.0,CAKE
2023-07-18 13:03:00,35.375,35.375,35.375,35.375,1026.0,CAKE
2023-07-18 13:02:00,35.325,35.37,35.325,35.37,1304.0,CAKE
2023-07-18 13:01:00,35.325,35.325,35.325,35.325,100.0,CAKE
2023-07-18 12:59:00,35.34,35.34,35.32,35.33,1520.0,CAKE
2023-07-18 12:58:00,35.29,35.365,35.29,35.355,2887.0,CAKE
2023-07-18 12:57:00,35.265,35.27,35.265,35.27,522.0,CAKE
2023-07-18 12:55:00,35.28,35.28,35.26,35.265,2410.0,CAKE
2023-07-18 12:54:00,35.29,35.29,35.29,35.29,252.0,CAKE
2023-07-18 12:53:00,35.29,35.3,35.28,35.29,4791.0,CAKE
2023-07-18 12:52:00,35.32,35.32,35.29,35.29,1959.0,CAKE
2023-07-18 12:51:00,35.36,35.36,35.33,35.34,1529.0,CAKE
2023-07-18 12:50:00,35.31,35.34,35.31,35.34,2111.0,CAKE
2023-07-18 12:49:00,35.3,35.3,35.295,35.295,860.0,CAKE
2023-07-18 12:48:00,35.29,35.3,35.29,35.3,572.0,CAKE
2023-07-18 12:47:00,35.29,35.295,35.28,35.28,2077.0,CAKE
2023-07-18 12:46:00,35.3,35.3,35.27,35.29,2779.0,CAKE
2023-07-18 12:45:00,35.3,35.301,35.3,35.301,1244.0,CAKE
2023-07-18 12:44:00,35.3,35.31,35.3,35.31,1115.0,CAKE
2023-07-18 12:43:00,35.215,35.29,35.215,35.29,3064.0,CAKE
2023-07-18 12:42:00,35.24,35.24,35.212,35.215,2290.0,CAKE
2023-07-18 12:41:00,35.23,35.24,35.23,35.24,1996.0,CAKE
2023-07-18 12:40:00,35.24,35.25,35.24,35.25,670.0,CAKE
2023-07-18 12:39:00,35.255,35.255,35.24,35.24,2023.0,CAKE
2023-07-18 12:38:00,35.24,35.25,35.24,35.25,2815.0,CAKE
2023-07-18 12:37:00,35.23,35.23,35.23,35.23,203.0,CAKE
2023-07-18 12:36:00,35.205,35.23,35.205,35.23,1115.0,CAKE
2023-07-18 12:35:00,35.2,35.21,35.2,35.21,1190.0,CAKE
2023-07-18 12:34:00,35.22,35.22,35.2,35.2,994.0,CAKE
2023-07-18 12:33:00,35.24,35.27,35.23,35.25,3228.0,CAKE
2023-07-18 12:32:00,35.195,35.26,35.195,35.25,1686.0,CAKE
2023-07-18 12:31:00,35.16,35.195,35.16,35.195,1652.0,CAKE
2023-07-18 12:30:00,35.14,35.15,35.14,35.15,1870.0,CAKE
2023-07-18 12:29:00,35.2,35.2,35.19,35.19,628.0,CAKE
2023-07-18 12:28:00,35.27,35.27,35.22,35.22,5973.0,CAKE
2023-07-18 12:27:00,35.245,35.26,35.245,35.26,3091.0,CAKE
2023-07-18 12:26:00,35.29,35.29,35.245,35.245,2306.0,CAKE
2023-07-18 12:25:00,35.31,35.31,35.28,35.28,3122.0,CAKE
2023-07-18 12:24:00,35.35,35.35,35.3,35.3,3167.0,CAKE
2023-07-18 12:23:00,35.4,35.4,35.36,35.365,2759.0,CAKE
2023-07-18 12:22:00,35.3,35.39,35.29,35.39,9369.0,CAKE
2023-07-18 12:21:00,35.3,35.33,35.3,35.3,4516.0,CAKE
2023-07-18 12:20:00,35.26,35.29,35.26,35.285,2531.0,CAKE
2023-07-18 12:19:00,35.265,35.265,35.24,35.25,744.0,CAKE
2023-07-18 12:18:00,35.275,35.275,35.26,35.265,845.0,CAKE
2023-07-18 12:17:00,35.24,35.285,35.24,35.28,4639.0,CAKE
2023-07-18 12:16:00,35.3,35.3,35.2,35.2,2313.0,CAKE
2023-07-18 12:15:00,35.37,35.37,35.33,35.33,853.0,CAKE
2023-07-18 12:14:00,35.4,35.4,35.36,35.38,2543.0,CAKE
2023-07-18 12:13:00,35.41,35.43,35.4,35.4,10587.0,CAKE
2023-07-18 12:12:00,35.485,35.49,35.4,35.415,6933.0,CAKE
2023-07-18 12:11:00,35.425,35.5,35.425,35.485,2563.0,CAKE
2023-07-18 12:10:00,35.545,35.545,35.42,35.425,2452.0,CAKE
2023-07-18 12:09:00,35.55,35.55,35.54,35.55,805.0,CAKE
2023-07-18 12:08:00,35.55,35.56,35.54,35.55,3071.0,CAKE
2023-07-18 12:07:00,35.53,35.535,35.53,35.535,403.0,CAKE
2023-07-18 12:06:00,35.535,35.55,35.535,35.54,3038.0,CAKE
2023-07-18 12:05:00,35.56,35.56,35.54,35.55,1013.0,CAKE
2023-07-18 12:04:00,35.62,35.62,35.61,35.61,769.0,CAKE
2023-07-18 12:03:00,35.63,35.63,35.63,35.63,203.0,CAKE
2023-07-18 12:02:00,35.67,35.67,35.63,35.63,3490.0,CAKE
2023-07-18 12:01:00,35.68,35.68,35.68,35.68,1203.0,CAKE
2023-07-18 12:00:00,35.68,35.685,35.67,35.681,2708.0,CAKE
2023-07-18 11:59:00,35.62,35.665,35.62,35.66,3347.0,CAKE
2023-07-18 11:58:00,35.65,35.655,35.61,35.615,3517.0,CAKE
2023-07-18 11:57:00,35.57,35.63,35.55,35.63,34710.0,CAKE
2023-07-18 11:56:00,35.59,35.6,35.58,35.58,10850.0,CAKE
2023-07-18 11:55:00,35.62,35.62,35.58,35.59,3463.0,CAKE
2023-07-18 11:54:00,35.55,35.6,35.55,35.6,5697.0,CAKE
2023-07-18 11:53:00,35.54,35.57,35.52,35.55,6711.0,CAKE
2023-07-18 11:52:00,35.59,35.63,35.58,35.58,4924.0,CAKE
2023-07-18 11:51:00,35.55,35.565,35.51,35.565,5335.0,CAKE
2023-07-18 11:50:00,35.49,35.555,35.49,35.54,8749.0,CAKE
2023-07-18 11:49:00,35.54,35.54,35.46,35.49,8060.0,CAKE
2023-07-18 11:48:00,35.54,35.55,35.52,35.52,2601.0,CAKE
2023-07-18 11:47:00,35.658,35.66,35.54,35.54,7417.0,CAKE
2023-07-18 11:46:00,35.58,35.67,35.561,35.66,25619.0,CAKE
2023-07-18 11:45:00,35.675,35.675,35.58,35.58,2468.0,CAKE
2023-07-18 11:44:00,35.72,35.72,35.665,35.67,3416.0,CAKE
2023-07-18 11:43:00,35.76,35.76,35.715,35.715,903.0,CAKE
2023-07-18 11:42:00,35.83,35.83,35.78,35.79,12481.0,CAKE
2023-07-18 11:41:00,35.86,35.86,35.82,35.835,4294.0,CAKE
2023-07-18 11:40:00,35.87,35.87,35.87,35.87,1585.0,CAKE
2023-07-18 11:39:00,35.85,35.87,35.825,35.87,3585.0,CAKE
2023-07-18 11:38:00,35.85,35.85,35.845,35.845,1356.0,CAKE
2023-07-18 11:37:00,35.82,35.84,35.82,35.84,1952.0,CAKE
2023-07-18 11:36:00,35.79,35.82,35.79,35.82,2121.0,CAKE
2023-07-18 11:35:00,35.785,35.79,35.78,35.78,2501.0,CAKE
2023-07-18 11:34:00,35.78,35.8,35.78,35.78,969.0,CAKE
2023-07-18 11:33:00,35.81,35.81,35.79,35.79,1983.0,CAKE
2023-07-18 11:32:00,35.78,35.8,35.78,35.8,1474.0,CAKE
2023-07-18 11:31:00,35.79,35.79,35.77,35.77,2275.0,CAKE
2023-07-18 11:30:00,35.805,35.805,35.79,35.79,951.0,CAKE
2023-07-18 11:29:00,35.765,35.78,35.73,35.77,4488.0,CAKE
2023-07-18 11:28:00,35.775,35.78,35.77,35.77,2068.0,CAKE
2023-07-18 11:27:00,35.78,35.79,35.77,35.78,3023.0,CAKE
2023-07-18 11:26:00,35.8,35.81,35.78,35.8,2960.0,CAKE
2023-07-18 11:25:00,35.79,35.81,35.776,35.776,4716.0,CAKE
2023-07-18 11:24:00,35.8,35.8,35.79,35.79,319.0,CAKE
2023-07-18 11:23:00,35.85,35.85,35.8,35.8,5120.0,CAKE
2023-07-18 11:22:00,35.84,35.86,35.84,35.845,4729.0,CAKE
2023-07-18 11:21:00,35.745,35.835,35.74,35.835,7816.0,CAKE
2023-07-18 11:20:00,35.73,35.75,35.73,35.745,4504.0,CAKE
2023-07-18 11:19:00,35.64,35.72,35.64,35.72,4804.0,CAKE
2023-07-18 11:17:00,35.65,35.65,35.625,35.64,5936.0,CAKE
2023-07-18 11:16:00,35.635,35.64,35.635,35.64,1887.0,CAKE
2023-07-18 11:15:00,35.595,35.635,35.595,35.635,1795.0,CAKE
2023-07-18 11:14:00,35.59,35.6,35.59,35.6,1306.0,CAKE
2023-07-18 11:13:00,35.58,35.59,35.58,35.59,4529.0,CAKE
2023-07-18 11:12:00,35.56,35.56,35.54,35.55,421.0,CAKE
2023-07-18 11:11:00,35.63,35.63,35.54,35.54,2006.0,CAKE
2023-07-18 11:10:00,35.64,35.685,35.635,35.635,2495.0,CAKE
2023-07-18 11:09:00,35.57,35.615,35.57,35.615,1587.0,CAKE
2023-07-18 11:08:00,35.57,35.57,35.57,35.57,207.0,CAKE
2023-07-18 11:07:00,35.51,35.58,35.51,35.56,3412.0,CAKE
2023-07-18 11:05:00,35.57,35.57,35.51,35.53,4322.0,CAKE
2023-07-18 11:04:00,35.6,35.605,35.56,35.56,2322.0,CAKE
2023-07-18 11:03:00,35.64,35.64,35.6,35.61,2383.0,CAKE
2023-07-18 11:02:00,35.655,35.655,35.655,35.655,345.0,CAKE
2023-07-18 11:01:00,35.635,35.66,35.62,35.66,833.0,CAKE
2023-07-18 11:00:00,35.64,35.64,35.63,35.63,1589.0,CAKE
2023-07-18 10:59:00,35.63,35.63,35.63,35.63,1180.0,CAKE
2023-07-18 10:58:00,35.63,35.655,35.63,35.64,2579.0,CAKE
2023-07-18 10:57:00,35.65,35.65,35.58,35.62,3041.0,CAKE
2023-07-18 10:56:00,35.68,35.68,35.65,35.65,2843.0,CAKE
2023-07-18 10:55:00,35.621,35.655,35.615,35.655,12566.0,CAKE
2023-07-18 10:54:00,35.62,35.64,35.6,35.64,1560.0,CAKE
2023-07-18 10:53:00,35.57,35.62,35.57,35.6,1809.0,CAKE
2023-07-18 10:52:00,35.62,35.62,35.565,35.57,1855.0,CAKE
2023-07-18 10:51:00,35.66,35.66,35.615,35.64,4566.0,CAKE
2023-07-18 10:50:00,35.57,35.665,35.57,35.665,1828.0,CAKE
2023-07-18 10:49:00,35.62,35.62,35.55,35.55,1898.0,CAKE
2023-07-18 10:48:00,35.65,35.66,35.63,35.63,3538.0,CAKE
2023-07-18 10:47:00,35.62,35.65,35.615,35.645,797.0,CAKE
2023-07-18 10:46:00,35.565,35.63,35.565,35.62,6548.0,CAKE
2023-07-18 10:45:00,35.48,35.57,35.48,35.55,8834.0,CAKE
2023-07-18 10:44:00,35.46,35.495,35.46,35.495,2074.0,CAKE
2023-07-18 10:43:00,35.44,35.49,35.44,35.47,4960.0,CAKE
2023-07-18 10:42:00,35.395,35.44,35.395,35.44,3628.0,CAKE
2023-07-18 10:41:00,35.34,35.37,35.33,35.37,3848.0,CAKE
2023-07-18 10:40:00,35.33,35.36,35.33,35.35,2441.0,CAKE
2023-07-18 10:39:00,35.305,35.33,35.305,35.32,3159.0,CAKE
2023-07-18 10:38:00,35.33,35.33,35.28,35.29,4864.0,CAKE
2023-07-18 10:37:00,35.27,35.34,35.27,35.32,3824.0,CAKE
2023-07-18 10:36:00,35.28,35.29,35.255,35.26,3686.0,CAKE
2023-07-18 10:35:00,35.26,35.26,35.225,35.25,3588.0,CAKE
2023-07-18 10:34:00,35.225,35.255,35.225,35.255,1622.0,CAKE
2023-07-18 10:33:00,35.225,35.23,35.22,35.22,1832.0,CAKE
2023-07-18 10:32:00,35.21,35.23,35.205,35.23,5515.0,CAKE
2023-07-18 10:31:00,35.21,35.25,35.21,35.21,5067.0,CAKE
2023-07-18 10:30:00,35.37,35.37,35.23,35.25,2697.0,CAKE
2023-07-18 10:29:00,35.36,35.4,35.36,35.38,3084.0,CAKE
2023-07-18 10:28:00,35.4,35.4,35.355,35.355,3835.0,CAKE
2023-07-18 10:27:00,35.38,35.42,35.38,35.42,970.0,CAKE
2023-07-18 10:26:00,35.42,35.43,35.4,35.4,2038.0,CAKE
2023-07-18 10:25:00,35.385,35.42,35.385,35.415,2819.0,CAKE
2023-07-18 10:24:00,35.39,35.4,35.375,35.385,1811.0,CAKE
2023-07-18 10:23:00,35.39,35.396,35.355,35.36,3561.0,CAKE
2023-07-18 10:22:00,35.38,35.4,35.36,35.4,1340.0,CAKE
2023-07-18 10:21:00,35.36,35.375,35.36,35.375,524.0,CAKE
2023-07-18 10:20:00,35.38,35.38,35.34,35.36,1705.0,CAKE
2023-07-18 10:19:00,35.3,35.36,35.3,35.36,1322.0,CAKE
2023-07-18 10:18:00,35.31,35.315,35.27,35.27,1738.0,CAKE
2023-07-18 10:17:00,35.375,35.375,35.34,35.34,943.0,CAKE
2023-07-18 10:16:00,35.35,35.37,35.32,35.35,2518.0,CAKE
2023-07-18 10:15:00,35.395,35.4,35.36,35.365,2663.0,CAKE
2023-07-18 10:14:00,35.36,35.4,35.31,35.4,4041.0,CAKE
2023-07-18 10:13:00,35.34,35.36,35.34,35.36,1802.0,CAKE
2023-07-18 10:12:00,35.33,35.34,35.32,35.34,970.0,CAKE
2023-07-18 10:11:00,35.33,35.33,35.3,35.31,2553.0,CAKE
2023-07-18 10:10:00,35.27,35.32,35.27,35.32,3534.0,CAKE
2023-07-18 10:09:00,35.26,35.28,35.25,35.28,6019.0,CAKE
2023-07-18 10:08:00,35.27,35.285,35.255,35.275,3303.0,CAKE
2023-07-18 10:07:00,35.26,35.29,35.25,35.25,3298.0,CAKE
2023-07-18 10:06:00,35.34,35.35,35.26,35.26,6531.0,CAKE
2023-07-18 10:05:00,35.265,35.339,35.265,35.339,3922.0,CAKE
2023-07-18 10:04:00,35.22,35.26,35.22,35.26,2505.0,CAKE
2023-07-18 10:03:00,35.19,35.24,35.19,35.22,7019.0,CAKE
2023-07-18 10:02:00,35.17,35.19,35.16,35.16,1960.0,CAKE
2023-07-18 10:01:00,35.17,35.2,35.14,35.18,6178.0,CAKE
2023-07-18 10:00:00,35.15,35.15,35.15,35.15,702.0,CAKE
2023-07-18 09:59:00,35.185,35.185,35.185,35.185,457.0,CAKE
2023-07-18 09:58:00,35.19,35.21,35.19,35.19,2242.0,CAKE
2023-07-18 09:57:00,35.2,35.2,35.16,35.16,1911.0,CAKE
2023-07-18 09:56:00,35.15,35.15,35.15,35.15,308.0,CAKE
2023-07-18 09:55:00,35.15,35.15,35.13,35.13,903.0,CAKE
2023-07-18 09:54:00,35.02,35.11,35.01,35.11,2259.0,CAKE
2023-07-18 09:53:00,35.04,35.04,34.97,34.97,2071.0,CAKE
2023-07-18 09:52:00,35.02,35.02,35.01,35.01,396.0,CAKE
2023-07-18 09:51:00,35.09,35.12,35.02,35.04,4207.0,CAKE
2023-07-18 09:50:00,34.985,35.07,34.985,35.046,2660.0,CAKE
2023-07-18 09:49:00,35.01,35.02,34.95,34.985,2121.0,CAKE
2023-07-18 09:48:00,34.9,35.045,34.9,35.045,1453.0,CAKE
2023-07-18 09:47:00,34.89,34.95,34.89,34.913,4468.0,CAKE
2023-07-18 09:46:00,34.965,34.965,34.89,34.94,2108.0,CAKE
2023-07-18 09:45:00,35.1,35.1,34.93,34.955,4375.0,CAKE
2023-07-18 09:44:00,35.04,35.06,35.01,35.02,1421.0,CAKE
2023-07-18 09:43:00,34.98,35.07,34.97,35.07,2085.0,CAKE
2023-07-18 09:42:00,34.99,34.99,34.94,34.97,2990.0,CAKE
2023-07-18 09:41:00,34.96,35.005,34.85,34.93,2004.0,CAKE
2023-07-18 09:40:00,34.875,35.02,34.875,35.015,2100.0,CAKE
2023-07-18 09:39:00,34.801,34.875,34.765,34.875,4413.0,CAKE
2023-07-18 09:38:00,34.79,34.9,34.76,34.76,5518.0,CAKE
2023-07-18 09:37:00,34.6,34.79,34.6,34.79,1185.0,CAKE
2023-07-18 09:36:00,34.72,34.78,34.59,34.59,2724.0,CAKE
2023-07-18 09:35:00,34.465,34.61,34.465,34.59,2828.0,CAKE
2023-07-18 09:34:00,34.46,34.46,34.42,34.455,1543.0,CAKE
2023-07-18 09:33:00,34.76,34.76,34.51,34.51,3898.0,CAKE
2023-07-18 09:32:00,35.15,35.15,34.78,34.78,4484.0,CAKE
2023-07-18 09:31:00,35.27,35.27,35.13,35.175,6222.0,CAKE
2023-07-18 09:30:00,34.95,35.27,34.95,35.27,17986.0,CAKE
2023-07-18 09:27:00,35.31,35.31,35.31,35.31,2.0,CAKE
2023-07-18 09:25:00,34.97,35.33,34.77,34.77,1882.0,CAKE
2023-07-18 09:13:00,35.8,35.8,35.8,35.8,2.0,CAKE
2023-07-18 08:47:00,35.64,35.64,35.64,35.64,1.0,CAKE
2023-07-18 08:40:00,35.8,35.8,35.8,35.8,1.0,CAKE
2023-07-18 08:05:00,35.79,35.79,35.79,35.79,2.0,CAKE
2023-07-18 08:00:00,35.0,35.0,35.0,35.0,25.0,CAKE
2023-07-18 04:29:00,35.0,35.0,35.0,35.0,10.0,CAKE
2023-07-18 04:00:00,35.1,35.1,35.0,35.0,35.0,CAKE
2023-07-17 19:56:00,35.0,35.0,35.0,35.0,1.0,CAKE
2023-07-17 19:20:00,35.73,35.73,35.73,35.73,10.0,CAKE
2023-07-17 19:13:00,35.73,35.73,35.73,35.73,2.0,CAKE
2023-07-17 18:16:00,35.75,35.75,35.75,35.75,1.0,CAKE
2023-07-17 18:08:00,35.74,35.74,35.74,35.74,50.0,CAKE
2023-07-17 17:38:00,35.71,35.71,35.71,35.71,2.0,CAKE
2023-07-17 17:35:00,35.71,35.71,35.71,35.71,208.0,CAKE
2023-07-17 17:17:00,35.75,35.75,35.75,35.75,50.0,CAKE
2023-07-17 16:58:00,35.32,35.32,35.32,35.32,10.0,CAKE
2023-07-17 16:44:00,35.75,35.75,35.75,35.75,2.0,CAKE
2023-07-17 16:30:00,35.32,35.32,35.32,35.32,250.0,CAKE
2023-07-17 16:20:00,36.45,36.45,36.45,36.45,100.0,CAKE
2023-07-17 16:16:00,36.01,36.01,36.01,36.01,2.0,CAKE
2023-07-17 16:15:00,36.01,36.01,36.01,36.01,1.0,CAKE
2023-07-17 16:14:00,36.45,36.45,36.45,36.45,10.0,CAKE
2023-07-17 16:11:00,36.45,36.45,36.45,36.45,50.0,CAKE
2023-07-17 16:09:00,35.31,35.31,35.31,35.31,1078.0,CAKE
2023-07-17 16:07:00,35.88,35.88,35.88,35.88,8.0,CAKE
2023-07-17 16:06:00,35.26,35.26,35.26,35.26,1.0,CAKE
2023-07-17 16:03:00,35.17,35.17,35.17,35.17,1.0,CAKE
2023-07-17 16:01:00,35.31,35.31,35.31,35.31,1870.0,CAKE
2023-07-17 16:00:00,35.31,35.31,35.31,35.31,146200.0,CAKE
2023-07-17 15:59:00,35.32,35.35,35.3,35.31,36461.0,CAKE
2023-07-17 15:58:00,35.33,35.34,35.31,35.33,18560.0,CAKE
2023-07-17 15:57:00,35.33,35.35,35.33,35.335,12159.0,CAKE
2023-07-17 15:56:00,35.35,35.36,35.325,35.33,16058.0,CAKE
2023-07-17 15:55:00,35.33,35.36,35.33,35.34,15571.0,CAKE
2023-07-17 15:54:00,35.38,35.39,35.34,35.34,17472.0,CAKE
2023-07-17 15:53:00,35.42,35.43,35.37,35.375,10681.0,CAKE
2023-07-17 15:52:00,35.41,35.425,35.38,35.41,14103.0,CAKE
2023-07-17 15:51:00,35.44,35.44,35.39,35.41,11008.0,CAKE
2023-07-17 15:50:00,35.46,35.47,35.42,35.43,12935.0,CAKE
2023-07-17 15:49:00,35.495,35.495,35.46,35.46,3180.0,CAKE
2023-07-17 15:48:00,35.515,35.52,35.48,35.48,6024.0,CAKE
2023-07-17 15:47:00,35.53,35.53,35.51,35.515,3985.0,CAKE
2023-07-17 15:46:00,35.53,35.545,35.51,35.53,7679.0,CAKE
2023-07-17 15:45:00,35.59,35.59,35.54,35.54,6234.0,CAKE
2023-07-17 15:44:00,35.6,35.605,35.595,35.605,1154.0,CAKE
2023-07-17 15:43:00,35.595,35.595,35.595,35.595,624.0,CAKE
2023-07-17 15:42:00,35.625,35.625,35.59,35.6,7465.0,CAKE
2023-07-17 15:41:00,35.62,35.625,35.61,35.62,1901.0,CAKE
2023-07-17 15:40:00,35.595,35.61,35.595,35.61,864.0,CAKE
2023-07-17 15:39:00,35.59,35.595,35.58,35.595,2909.0,CAKE
2023-07-17 15:38:00,35.595,35.595,35.59,35.59,549.0,CAKE
2023-07-17 15:37:00,35.6,35.605,35.59,35.59,2392.0,CAKE
2023-07-17 15:36:00,35.585,35.59,35.585,35.59,1037.0,CAKE
2023-07-17 15:35:00,35.59,35.59,35.573,35.58,3173.0,CAKE
2023-07-17 15:34:00,35.59,35.615,35.59,35.6,3033.0,CAKE
2023-07-17 15:33:00,35.56,35.585,35.56,35.565,4823.0,CAKE
2023-07-17 15:32:00,35.55,35.565,35.55,35.55,722.0,CAKE
2023-07-17 15:31:00,35.575,35.575,35.55,35.565,2945.0,CAKE
2023-07-17 15:30:00,35.6,35.6,35.57,35.57,2317.0,CAKE
2023-07-17 15:28:00,35.585,35.61,35.585,35.61,3339.0,CAKE
2023-07-17 15:27:00,35.56,35.585,35.56,35.585,11016.0,CAKE
2023-07-17 15:26:00,35.58,35.58,35.565,35.565,2089.0,CAKE
2023-07-17 15:25:00,35.578,35.58,35.578,35.58,945.0,CAKE
2023-07-17 15:24:00,35.56,35.58,35.56,35.57,2440.0,CAKE
2023-07-17 15:22:00,35.593,35.605,35.57,35.57,2795.0,CAKE
2023-07-17 15:21:00,35.64,35.65,35.6,35.6,5059.0,CAKE
2023-07-17 15:20:00,35.65,35.65,35.65,35.65,681.0,CAKE
2023-07-17 15:19:00,35.615,35.659,35.615,35.64,2767.0,CAKE
2023-07-17 15:18:00,35.61,35.63,35.61,35.615,1216.0,CAKE
2023-07-17 15:17:00,35.57,35.615,35.57,35.61,3742.0,CAKE
2023-07-17 15:16:00,35.56,35.57,35.56,35.57,304.0,CAKE
2023-07-17 15:15:00,35.56,35.56,35.56,35.56,376.0,CAKE
2023-07-17 15:13:00,35.59,35.59,35.565,35.57,5311.0,CAKE
2023-07-17 15:11:00,35.59,35.59,35.59,35.59,1620.0,CAKE
2023-07-17 15:10:00,35.595,35.61,35.59,35.59,3912.0,CAKE
2023-07-17 15:09:00,35.55,35.57,35.55,35.57,2067.0,CAKE
2023-07-17 15:08:00,35.555,35.555,35.555,35.555,209.0,CAKE
2023-07-17 15:07:00,35.555,35.559,35.55,35.555,1139.0,CAKE
2023-07-17 15:06:00,35.54,35.55,35.53,35.55,3347.0,CAKE
2023-07-17 15:05:00,35.58,35.58,35.56,35.56,1478.0,CAKE
2023-07-17 15:04:00,35.585,35.585,35.58,35.58,2378.0,CAKE
2023-07-17 15:03:00,35.59,35.595,35.585,35.585,1555.0,CAKE
2023-07-17 15:01:00,35.595,35.595,35.595,35.595,207.0,CAKE
2023-07-17 15:00:00,35.62,35.62,35.595,35.595,2834.0,CAKE
2023-07-17 14:58:00,35.6,35.64,35.6,35.64,4104.0,CAKE
2023-07-17 14:57:00,35.6,35.6,35.59,35.59,4569.0,CAKE
2023-07-17 14:56:00,35.595,35.605,35.595,35.605,2545.0,CAKE
2023-07-17 14:55:00,35.59,35.6,35.59,35.595,1437.0,CAKE
2023-07-17 14:54:00,35.6,35.6,35.597,35.597,598.0,CAKE
2023-07-17 14:53:00,35.59,35.59,35.59,35.59,209.0,CAKE
2023-07-17 14:52:00,35.58,35.58,35.58,35.58,451.0,CAKE
2023-07-17 14:51:00,35.585,35.59,35.585,35.59,659.0,CAKE
2023-07-17 14:50:00,35.58,35.58,35.58,35.58,480.0,CAKE
2023-07-17 14:49:00,35.59,35.59,35.59,35.59,450.0,CAKE
2023-07-17 14:48:00,35.625,35.625,35.61,35.61,865.0,CAKE
2023-07-17 14:47:00,35.67,35.67,35.63,35.64,4042.0,CAKE
2023-07-17 14:46:00,35.67,35.67,35.67,35.67,544.0,CAKE
2023-07-17 14:45:00,35.675,35.675,35.675,35.675,761.0,CAKE
2023-07-17 14:44:00,35.675,35.675,35.675,35.675,212.0,CAKE
2023-07-17 14:43:00,35.695,35.695,35.68,35.68,2006.0,CAKE
2023-07-17 14:42:00,35.695,35.695,35.695,35.695,453.0,CAKE
2023-07-17 14:40:00,35.69,35.69,35.69,35.69,309.0,CAKE
2023-07-17 14:39:00,35.68,35.69,35.68,35.685,633.0,CAKE
2023-07-17 14:38:00,35.695,35.695,35.69,35.69,1221.0,CAKE
2023-07-17 14:37:00,35.695,35.7,35.695,35.7,227.0,CAKE
2023-07-17 14:36:00,35.7,35.7,35.695,35.695,1051.0,CAKE
2023-07-17 14:35:00,35.71,35.71,35.71,35.71,1054.0,CAKE
2023-07-17 14:34:00,35.695,35.7,35.695,35.7,910.0,CAKE
2023-07-17 14:33:00,35.705,35.705,35.7,35.7,1018.0,CAKE
2023-07-17 14:31:00,35.72,35.72,35.71,35.71,628.0,CAKE
2023-07-17 14:30:00,35.73,35.73,35.72,35.72,1012.0,CAKE
2023-07-17 14:29:00,35.74,35.75,35.74,35.74,987.0,CAKE
2023-07-17 14:28:00,35.74,35.75,35.74,35.75,390.0,CAKE
2023-07-17 14:27:00,35.76,35.76,35.74,35.75,1727.0,CAKE
2023-07-17 14:26:00,35.77,35.77,35.77,35.77,354.0,CAKE
2023-07-17 14:25:00,35.77,35.775,35.769,35.771,2309.0,CAKE
2023-07-17 14:24:00,35.74,35.769,35.74,35.769,914.0,CAKE
2023-07-17 14:23:00,35.74,35.74,35.74,35.74,744.0,CAKE
2023-07-17 14:22:00,35.72,35.72,35.72,35.72,168.0,CAKE
2023-07-17 14:21:00,35.76,35.76,35.71,35.71,2070.0,CAKE
2023-07-17 14:20:00,35.72,35.77,35.72,35.755,2465.0,CAKE
2023-07-17 14:19:00,35.67,35.71,35.66,35.7,3419.0,CAKE
2023-07-17 14:18:00,35.71,35.71,35.69,35.7,2445.0,CAKE
2023-07-17 14:17:00,35.751,35.754,35.71,35.71,5321.0,CAKE
2023-07-17 14:16:00,35.75,35.75,35.74,35.74,424.0,CAKE
2023-07-17 14:15:00,35.755,35.755,35.755,35.755,276.0,CAKE
2023-07-17 14:14:00,35.71,35.74,35.71,35.74,1298.0,CAKE
2023-07-17 14:13:00,35.7,35.7,35.7,35.7,326.0,CAKE
2023-07-17 14:12:00,35.7,35.71,35.69,35.69,2705.0,CAKE
2023-07-17 14:11:00,35.7,35.7,35.7,35.7,143.0,CAKE
2023-07-17 14:08:00,35.7,35.7,35.7,35.7,503.0,CAKE
2023-07-17 14:07:00,35.7,35.7,35.695,35.695,1330.0,CAKE
2023-07-17 14:06:00,35.71,35.71,35.71,35.71,360.0,CAKE
2023-07-17 14:05:00,35.68,35.72,35.68,35.72,1127.0,CAKE
2023-07-17 14:04:00,35.685,35.69,35.67,35.69,1448.0,CAKE
2023-07-17 14:03:00,35.665,35.68,35.665,35.68,1212.0,CAKE
2023-07-17 14:01:00,35.67,35.67,35.67,35.67,557.0,CAKE
2023-07-17 14:00:00,35.65,35.66,35.65,35.66,1642.0,CAKE
2023-07-17 13:58:00,35.61,35.64,35.61,35.64,960.0,CAKE
2023-07-17 13:57:00,35.61,35.62,35.61,35.61,835.0,CAKE
2023-07-17 13:55:00,35.61,35.61,35.61,35.61,900.0,CAKE
2023-07-17 13:54:00,35.61,35.61,35.61,35.61,490.0,CAKE
2023-07-17 13:53:00,35.62,35.62,35.62,35.62,1037.0,CAKE
2023-07-17 13:52:00,35.61,35.61,35.61,35.61,797.0,CAKE
2023-07-17 13:50:00,35.63,35.63,35.62,35.62,347.0,CAKE
2023-07-17 13:49:00,35.63,35.63,35.63,35.63,178.0,CAKE
2023-07-17 13:48:00,35.61,35.62,35.61,35.62,430.0,CAKE
2023-07-17 13:47:00,35.6,35.6,35.6,35.6,313.0,CAKE
2023-07-17 13:46:00,35.6,35.6,35.6,35.6,730.0,CAKE
2023-07-17 13:45:00,35.65,35.65,35.6,35.6,2015.0,CAKE
2023-07-17 13:42:00,35.678,35.678,35.66,35.66,349.0,CAKE
2023-07-17 13:41:00,35.69,35.69,35.659,35.659,2510.0,CAKE
2023-07-17 13:40:00,35.7,35.7,35.69,35.69,1041.0,CAKE
2023-07-17 13:39:00,35.716,35.716,35.705,35.705,1654.0,CAKE
2023-07-17 13:36:00,35.75,35.75,35.72,35.72,1800.0,CAKE
2023-07-17 13:35:00,35.75,35.76,35.75,35.76,1512.0,CAKE
2023-07-17 13:33:00,35.74,35.745,35.74,35.745,2116.0,CAKE
2023-07-17 13:32:00,35.73,35.74,35.73,35.74,657.0,CAKE
2023-07-17 13:30:00,35.705,35.715,35.705,35.715,402.0,CAKE
2023-07-17 13:29:00,35.69,35.7,35.69,35.7,947.0,CAKE
2023-07-17 13:28:00,35.685,35.685,35.685,35.685,618.0,CAKE
2023-07-17 13:27:00,35.68,35.69,35.68,35.69,1163.0,CAKE
2023-07-17 13:26:00,35.675,35.675,35.675,35.675,126.0,CAKE
2023-07-17 13:25:00,35.67,35.67,35.67,35.67,933.0,CAKE
2023-07-17 13:24:00,35.68,35.68,35.665,35.665,1010.0,CAKE
2023-07-17 13:21:00,35.65,35.68,35.65,35.68,1649.0,CAKE
2023-07-17 13:20:00,35.67,35.67,35.655,35.655,1725.0,CAKE
2023-07-17 13:17:00,35.69,35.69,35.69,35.69,250.0,CAKE
2023-07-17 13:16:00,35.7,35.7,35.68,35.68,1122.0,CAKE
2023-07-17 13:15:00,35.7,35.7,35.685,35.7,2981.0,CAKE
2023-07-17 13:14:00,35.69,35.69,35.69,35.69,380.0,CAKE
2023-07-17 13:13:00,35.67,35.67,35.67,35.67,242.0,CAKE
2023-07-17 13:12:00,35.69,35.69,35.69,35.69,234.0,CAKE
2023-07-17 13:10:00,35.66,35.685,35.66,35.685,882.0,CAKE
2023-07-17 13:09:00,35.655,35.655,35.63,35.65,2959.0,CAKE
2023-07-17 13:08:00,35.64,35.655,35.64,35.655,278.0,CAKE
2023-07-17 13:06:00,35.66,35.66,35.65,35.65,648.0,CAKE
2023-07-17 13:05:00,35.67,35.67,35.66,35.66,356.0,CAKE
2023-07-17 13:04:00,35.68,35.68,35.68,35.68,301.0,CAKE
2023-07-17 13:02:00,35.67,35.67,35.67,35.67,455.0,CAKE
2023-07-17 13:00:00,35.68,35.68,35.67,35.67,999.0,CAKE
2023-07-17 12:59:00,35.685,35.685,35.685,35.685,312.0,CAKE
2023-07-17 12:58:00,35.715,35.716,35.69,35.69,2530.0,CAKE
2023-07-17 12:57:00,35.71,35.71,35.71,35.71,289.0,CAKE
2023-07-17 12:55:00,35.71,35.72,35.7,35.72,3299.0,CAKE
2023-07-17 12:54:00,35.72,35.72,35.72,35.72,242.0,CAKE
2023-07-17 12:53:00,35.715,35.72,35.715,35.72,1276.0,CAKE
2023-07-17 12:52:00,35.73,35.73,35.715,35.715,697.0,CAKE
2023-07-17 12:51:00,35.74,35.74,35.73,35.73,600.0,CAKE
2023-07-17 12:50:00,35.77,35.77,35.76,35.76,1189.0,CAKE
2023-07-17 12:47:00,35.75,35.765,35.75,35.765,449.0,CAKE
2023-07-17 12:46:00,35.73,35.738,35.73,35.738,1028.0,CAKE
2023-07-17 12:45:00,35.74,35.75,35.73,35.73,2756.0,CAKE
2023-07-17 12:43:00,35.75,35.75,35.735,35.739,2338.0,CAKE
2023-07-17 12:42:00,35.77,35.77,35.76,35.76,1010.0,CAKE
2023-07-17 12:41:00,35.75,35.76,35.75,35.755,615.0,CAKE
2023-07-17 12:40:00,35.74,35.75,35.73,35.73,2727.0,CAKE
2023-07-17 12:39:00,35.712,35.712,35.712,35.712,755.0,CAKE
2023-07-17 12:38:00,35.714,35.72,35.69,35.712,3219.0,CAKE
2023-07-17 12:37:00,35.72,35.72,35.72,35.72,887.0,CAKE
2023-07-17 12:34:00,35.7,35.72,35.7,35.72,1466.0,CAKE
2023-07-17 12:33:00,35.71,35.71,35.71,35.71,388.0,CAKE
2023-07-17 12:32:00,35.72,35.72,35.72,35.72,574.0,CAKE
2023-07-17 12:31:00,35.74,35.746,35.73,35.736,3731.0,CAKE
2023-07-17 12:30:00,35.735,35.74,35.73,35.74,1420.0,CAKE
2023-07-17 12:29:00,35.69,35.728,35.69,35.728,1435.0,CAKE
2023-07-17 12:28:00,35.685,35.685,35.685,35.685,280.0,CAKE
2023-07-17 12:27:00,35.66,35.68,35.66,35.68,1221.0,CAKE
2023-07-17 12:25:00,35.66,35.66,35.66,35.66,404.0,CAKE
2023-07-17 12:24:00,35.645,35.65,35.645,35.65,314.0,CAKE
2023-07-17 12:23:00,35.63,35.63,35.63,35.63,375.0,CAKE
2023-07-17 12:22:00,35.61,35.63,35.61,35.63,924.0,CAKE
2023-07-17 12:21:00,35.61,35.61,35.605,35.61,1005.0,CAKE
2023-07-17 12:20:00,35.62,35.62,35.62,35.62,159.0,CAKE
2023-07-17 12:19:00,35.62,35.62,35.62,35.62,696.0,CAKE
2023-07-17 12:18:00,35.62,35.63,35.62,35.63,735.0,CAKE
2023-07-17 12:17:00,35.61,35.61,35.61,35.61,512.0,CAKE
2023-07-17 12:16:00,35.62,35.62,35.61,35.61,1061.0,CAKE
2023-07-17 12:13:00,35.662,35.662,35.63,35.63,826.0,CAKE
2023-07-17 12:12:00,35.71,35.71,35.67,35.67,1830.0,CAKE
2023-07-17 12:11:00,35.67,35.71,35.67,35.71,699.0,CAKE
2023-07-17 12:10:00,35.62,35.67,35.62,35.66,1576.0,CAKE
2023-07-17 12:08:00,35.64,35.64,35.62,35.62,1011.0,CAKE
2023-07-17 12:07:00,35.64,35.64,35.64,35.64,753.0,CAKE
2023-07-17 12:06:00,35.64,35.66,35.64,35.64,1391.0,CAKE
2023-07-17 12:05:00,35.63,35.65,35.63,35.64,2361.0,CAKE
2023-07-17 12:04:00,35.62,35.625,35.62,35.625,582.0,CAKE
2023-07-17 12:03:00,35.64,35.64,35.62,35.62,936.0,CAKE
2023-07-17 12:02:00,35.66,35.66,35.645,35.645,1384.0,CAKE
2023-07-17 12:01:00,35.675,35.69,35.67,35.68,1812.0,CAKE
2023-07-17 12:00:00,35.69,35.69,35.67,35.68,1415.0,CAKE
2023-07-17 11:59:00,35.68,35.7,35.68,35.7,746.0,CAKE
2023-07-17 11:58:00,35.68,35.68,35.67,35.67,1087.0,CAKE
2023-07-17 11:57:00,35.7,35.7,35.695,35.695,720.0,CAKE
2023-07-17 11:55:00,35.72,35.73,35.72,35.73,1233.0,CAKE
2023-07-17 11:53:00,35.73,35.73,35.71,35.71,1044.0,CAKE
2023-07-17 11:52:00,35.73,35.73,35.73,35.73,745.0,CAKE
2023-07-17 11:51:00,35.73,35.73,35.73,35.73,361.0,CAKE
2023-07-17 11:50:00,35.71,35.71,35.71,35.71,403.0,CAKE
2023-07-17 11:49:00,35.74,35.74,35.71,35.71,1162.0,CAKE
2023-07-17 11:48:00,35.75,35.75,35.74,35.74,345.0,CAKE
2023-07-17 11:47:00,35.76,35.76,35.75,35.75,640.0,CAKE
2023-07-17 11:46:00,35.77,35.77,35.77,35.77,1034.0,CAKE
2023-07-17 11:45:00,35.79,35.79,35.79,35.79,554.0,CAKE
2023-07-17 11:44:00,35.77,35.77,35.77,35.77,107.0,CAKE
2023-07-17 11:43:00,35.77,35.775,35.77,35.775,360.0,CAKE
2023-07-17 11:42:00,35.77,35.77,35.77,35.77,121.0,CAKE
2023-07-17 11:41:00,35.783,35.783,35.783,35.783,179.0,CAKE
2023-07-17 11:40:00,35.78,35.79,35.77,35.77,1878.0,CAKE
2023-07-17 11:39:00,35.78,35.78,35.755,35.755,1549.0,CAKE
2023-07-17 11:38:00,35.81,35.81,35.8,35.8,1024.0,CAKE
2023-07-17 11:37:00,35.8,35.8,35.78,35.795,1915.0,CAKE
2023-07-17 11:36:00,35.84,35.84,35.81,35.81,1912.0,CAKE
2023-07-17 11:35:00,35.79,35.855,35.79,35.855,1200.0,CAKE
2023-07-17 11:34:00,35.751,35.79,35.751,35.79,1425.0,CAKE
2023-07-17 11:33:00,35.75,35.77,35.736,35.76,4185.0,CAKE
2023-07-17 11:32:00,35.745,35.745,35.745,35.745,293.0,CAKE
2023-07-17 11:31:00,35.74,35.75,35.727,35.75,1385.0,CAKE
2023-07-17 11:30:00,35.76,35.76,35.75,35.76,1009.0,CAKE
2023-07-17 11:29:00,35.73,35.73,35.73,35.73,279.0,CAKE
2023-07-17 11:28:00,35.74,35.74,35.71,35.72,1206.0,CAKE
2023-07-17 11:27:00,35.71,35.745,35.71,35.729,2356.0,CAKE
2023-07-17 11:26:00,35.67,35.69,35.665,35.68,1681.0,CAKE
2023-07-17 11:25:00,35.71,35.71,35.69,35.69,1128.0,CAKE
2023-07-17 11:24:00,35.715,35.715,35.715,35.715,381.0,CAKE
2023-07-17 11:23:00,35.71,35.715,35.71,35.715,638.0,CAKE
2023-07-17 11:22:00,35.67,35.7,35.665,35.7,1575.0,CAKE
2023-07-17 11:21:00,35.7,35.7,35.675,35.675,910.0,CAKE
2023-07-17 11:20:00,35.705,35.71,35.705,35.71,833.0,CAKE
2023-07-17 11:19:00,35.72,35.72,35.705,35.705,1656.0,CAKE
2023-07-17 11:18:00,35.81,35.81,35.724,35.724,5148.0,CAKE
2023-07-17 11:17:00,35.77,35.81,35.755,35.81,1096.0,CAKE
2023-07-17 11:16:00,35.74,35.76,35.735,35.74,3779.0,CAKE
2023-07-17 11:15:00,35.74,35.74,35.723,35.723,1591.0,CAKE
2023-07-17 11:14:00,35.73,35.75,35.73,35.75,1468.0,CAKE
2023-07-17 11:13:00,35.73,35.73,35.705,35.72,2548.0,CAKE
2023-07-17 11:12:00,35.74,35.748,35.74,35.748,537.0,CAKE
2023-07-17 11:11:00,35.75,35.75,35.75,35.75,235.0,CAKE
2023-07-17 11:10:00,35.75,35.755,35.75,35.75,679.0,CAKE
2023-07-17 11:09:00,35.75,35.75,35.735,35.75,852.0,CAKE
2023-07-17 11:08:00,35.71,35.75,35.71,35.75,2203.0,CAKE
2023-07-17 11:07:00,35.75,35.75,35.725,35.73,2323.0,CAKE
2023-07-17 11:06:00,35.715,35.74,35.715,35.74,2626.0,CAKE
2023-07-17 11:05:00,35.75,35.75,35.7,35.7,1813.0,CAKE
2023-07-17 11:04:00,35.775,35.775,35.775,35.775,148.0,CAKE
2023-07-17 11:03:00,35.77,35.77,35.77,35.77,448.0,CAKE
2023-07-17 11:02:00,35.675,35.77,35.675,35.77,2502.0,CAKE
2023-07-17 11:01:00,35.67,35.69,35.67,35.675,891.0,CAKE
2023-07-17 10:58:00,35.62,35.66,35.615,35.66,2020.0,CAKE
2023-07-17 10:57:00,35.65,35.65,35.603,35.62,2018.0,CAKE
2023-07-17 10:56:00,35.62,35.625,35.62,35.625,689.0,CAKE
2023-07-17 10:55:00,35.635,35.635,35.62,35.62,1033.0,CAKE
2023-07-17 10:54:00,35.65,35.65,35.62,35.63,2029.0,CAKE
2023-07-17 10:53:00,35.73,35.73,35.68,35.68,5270.0,CAKE
2023-07-17 10:51:00,35.81,35.81,35.74,35.74,1269.0,CAKE
2023-07-17 10:50:00,35.83,35.86,35.81,35.82,3403.0,CAKE
2023-07-17 10:49:00,35.795,35.82,35.795,35.81,2851.0,CAKE
2023-07-17 10:48:00,35.82,35.83,35.81,35.81,948.0,CAKE
2023-07-17 10:47:00,35.82,35.84,35.807,35.82,2262.0,CAKE
2023-07-17 10:46:00,35.789,35.82,35.789,35.81,973.0,CAKE
2023-07-17 10:45:00,35.78,35.82,35.775,35.775,3368.0,CAKE
2023-07-17 10:44:00,35.72,35.77,35.72,35.766,5302.0,CAKE
2023-07-17 10:43:00,35.73,35.75,35.72,35.72,637.0,CAKE
2023-07-17 10:42:00,35.73,35.73,35.71,35.71,768.0,CAKE
2023-07-17 10:41:00,35.77,35.78,35.75,35.756,1868.0,CAKE
2023-07-17 10:40:00,35.76,35.79,35.76,35.79,1981.0,CAKE
2023-07-17 10:39:00,35.79,35.79,35.76,35.76,1543.0,CAKE
2023-07-17 10:38:00,35.75,35.78,35.735,35.78,2689.0,CAKE
2023-07-17 10:37:00,35.73,35.75,35.72,35.735,1149.0,CAKE
2023-07-17 10:36:00,35.75,35.75,35.725,35.73,1296.0,CAKE
2023-07-17 10:35:00,35.775,35.775,35.77,35.77,508.0,CAKE
2023-07-17 10:34:00,35.75,35.76,35.75,35.76,1512.0,CAKE
2023-07-17 10:33:00,35.74,35.74,35.725,35.73,1806.0,CAKE
2023-07-17 10:32:00,35.78,35.78,35.74,35.74,1828.0,CAKE
2023-07-17 10:30:00,35.78,35.78,35.78,35.78,203.0,CAKE
2023-07-17 10:29:00,35.748,35.8,35.748,35.78,3044.0,CAKE
2023-07-17 10:28:00,35.71,35.73,35.71,35.73,841.0,CAKE
2023-07-17 10:27:00,35.695,35.71,35.695,35.71,937.0,CAKE
2023-07-17 10:26:00,35.715,35.715,35.7,35.71,1128.0,CAKE
2023-07-17 10:25:00,35.68,35.72,35.66,35.705,2942.0,CAKE
2023-07-17 10:24:00,35.73,35.73,35.71,35.71,766.0,CAKE
2023-07-17 10:23:00,35.77,35.775,35.735,35.735,2791.0,CAKE
2023-07-17 10:22:00,35.72,35.77,35.72,35.77,2004.0,CAKE
2023-07-17 10:21:00,35.81,35.82,35.73,35.73,4139.0,CAKE
2023-07-17 10:20:00,35.84,35.84,35.84,35.84,1382.0,CAKE
2023-07-17 10:19:00,35.85,35.856,35.84,35.84,3460.0,CAKE
2023-07-17 10:18:00,35.84,35.87,35.84,35.87,1056.0,CAKE
2023-07-17 10:17:00,35.86,35.86,35.86,35.86,435.0,CAKE
2023-07-17 10:16:00,35.85,35.89,35.84,35.85,1217.0,CAKE
2023-07-17 10:15:00,35.785,35.82,35.785,35.82,1782.0,CAKE
2023-07-17 10:14:00,35.83,35.83,35.81,35.81,1020.0,CAKE
2023-07-17 10:13:00,35.895,35.9,35.82,35.82,3137.0,CAKE
2023-07-17 10:12:00,35.88,35.895,35.85,35.895,946.0,CAKE
2023-07-17 10:11:00,35.86,35.86,35.85,35.85,667.0,CAKE
2023-07-17 10:10:00,35.9,35.92,35.87,35.87,963.0,CAKE
2023-07-17 10:09:00,36.0,36.0,35.95,35.95,1191.0,CAKE
2023-07-17 10:08:00,36.02,36.02,36.01,36.01,1198.0,CAKE
2023-07-17 10:06:00,36.0,36.03,36.0,36.03,370.0,CAKE
2023-07-17 10:05:00,36.05,36.05,35.99,36.04,2310.0,CAKE
2023-07-17 10:04:00,36.05,36.1,36.05,36.07,3514.0,CAKE
2023-07-17 10:03:00,36.1,36.1,36.06,36.07,1915.0,CAKE
2023-07-17 10:02:00,36.07,36.07,36.07,36.07,438.0,CAKE
2023-07-17 10:01:00,36.135,36.135,36.135,36.135,526.0,CAKE
2023-07-17 10:00:00,36.095,36.16,36.095,36.125,2767.0,CAKE
2023-07-17 09:59:00,36.095,36.095,36.095,36.095,479.0,CAKE
2023-07-17 09:58:00,36.1,36.1,36.045,36.045,1024.0,CAKE
2023-07-17 09:56:00,36.165,36.17,36.165,36.17,629.0,CAKE
2023-07-17 09:55:00,36.16,36.16,36.1,36.11,2092.0,CAKE
2023-07-17 09:54:00,36.19,36.19,36.17,36.17,733.0,CAKE
2023-07-17 09:53:00,36.2,36.2,36.2,36.2,484.0,CAKE
2023-07-17 09:52:00,36.2,36.2,36.2,36.2,712.0,CAKE
2023-07-17 09:51:00,36.14,36.2,36.115,36.2,1275.0,CAKE
2023-07-17 09:50:00,36.17,36.18,36.09,36.09,2340.0,CAKE
2023-07-17 09:49:00,36.1,36.13,36.07,36.13,947.0,CAKE
2023-07-17 09:48:00,36.025,36.08,36.025,36.07,1095.0,CAKE
2023-07-17 09:47:00,35.985,36.03,35.985,36.025,2590.0,CAKE
2023-07-17 09:46:00,36.0,36.065,35.95,35.96,4507.0,CAKE
2023-07-17 09:45:00,35.95,36.0,35.95,36.0,1032.0,CAKE
2023-07-17 09:44:00,35.9,35.93,35.9,35.93,1247.0,CAKE
2023-07-17 09:43:00,35.88,35.88,35.84,35.85,1651.0,CAKE
2023-07-17 09:42:00,35.9,35.955,35.86,35.905,3036.0,CAKE
2023-07-17 09:41:00,35.855,35.87,35.8,35.8,1241.0,CAKE
2023-07-17 09:40:00,35.86,35.86,35.758,35.81,2387.0,CAKE
2023-07-17 09:39:00,35.81,35.82,35.76,35.82,1621.0,CAKE
2023-07-17 09:38:00,35.975,35.975,35.81,35.86,3196.0,CAKE
2023-07-17 09:37:00,35.945,36.015,35.9,35.91,4321.0,CAKE
2023-07-17 09:36:00,35.855,35.935,35.81,35.935,1913.0,CAKE
2023-07-17 09:35:00,35.86,35.88,35.77,35.88,1126.0,CAKE
2023-07-17 09:34:00,35.845,35.85,35.75,35.75,1599.0,CAKE
2023-07-17 09:33:00,35.845,35.85,35.845,35.845,1073.0,CAKE
2023-07-17 09:32:00,35.835,35.835,35.835,35.835,738.0,CAKE
2023-07-17 09:31:00,35.835,35.835,35.835,35.835,126.0,CAKE
2023-07-17 09:30:00,35.82,36.17,35.7,35.855,8925.0,CAKE
2023-07-17 09:25:00,36.17,36.17,36.17,36.17,24.0,CAKE
2023-07-17 09:14:00,35.85,35.85,35.85,35.85,15.0,CAKE
2023-07-17 08:47:00,35.83,35.83,35.83,35.83,1.0,CAKE
2023-07-17 08:29:00,37.377,37.377,37.377,37.377,3.0,CAKE
2023-07-17 08:22:00,35.85,35.85,35.85,35.85,1.0,CAKE
2023-07-17 07:17:00,35.85,35.85,35.85,35.85,1.0,CAKE
2023-07-17 07:00:00,36.07,36.07,35.99,35.99,20.0,CAKE
2023-07-17 04:13:00,35.95,35.95,35.95,35.95,1.0,CAKE
2023-07-14 19:52:00,36.04,36.04,36.04,36.04,1.0,CAKE
2023-07-14 19:10:00,36.05,36.05,36.05,36.05,1.0,CAKE
2023-07-14 18:55:00,35.83,36.17,35.83,36.17,4.0,CAKE
2023-07-14 17:50:00,35.98,35.98,35.98,35.98,5.0,CAKE
2023-07-14 17:32:00,36.17,36.17,36.17,36.17,1.0,CAKE
2023-07-14 17:12:00,36.16,36.16,36.16,36.16,5.0,CAKE
2023-07-14 17:10:00,36.8,36.8,36.8,36.8,5.0,CAKE
2023-07-14 17:06:00,35.83,35.83,35.83,35.83,232.0,CAKE
2023-07-14 17:03:00,36.8,36.8,36.8,36.8,2.0,CAKE
2023-07-14 16:57:00,36.53,36.53,36.53,36.53,1.0,CAKE
2023-07-14 16:54:00,35.83,35.83,35.83,35.83,232.0,CAKE
2023-07-14 16:47:00,35.83,35.83,35.83,35.83,155.0,CAKE
2023-07-14 16:43:00,36.8,36.8,36.8,36.8,1.0,CAKE
2023-07-14 16:40:00,36.8,36.8,36.8,36.8,1.0,CAKE
2023-07-14 16:36:00,36.0,36.0,36.0,36.0,5.0,CAKE
2023-07-14 16:16:00,35.51,35.51,35.43,35.45,50.0,CAKE
2023-07-14 16:07:00,36.39,36.39,35.51,35.51,140.0,CAKE
2023-07-14 16:01:00,35.83,36.8,35.83,35.83,1208.0,CAKE
2023-07-14 16:00:00,35.83,35.93,35.83,35.83,133672.0,CAKE
2023-07-14 15:59:00,35.85,35.85,35.82,35.83,22049.0,CAKE
2023-07-14 15:58:00,35.83,35.85,35.83,35.85,8743.0,CAKE
2023-07-14 15:57:00,35.86,35.86,35.82,35.825,11584.0,CAKE
2023-07-14 15:56:00,35.87,35.895,35.86,35.86,13624.0,CAKE
2023-07-14 15:55:00,35.855,35.89,35.839,35.86,14680.0,CAKE
2023-07-14 15:54:00,36.15,36.15,35.89,35.89,13639.0,CAKE
2023-07-14 15:53:00,36.08,36.169,36.08,36.16,14486.0,CAKE
2023-07-14 15:52:00,36.0,36.1,35.99,36.08,17616.0,CAKE
2023-07-14 15:51:00,35.87,35.995,35.865,35.99,32217.0,CAKE
2023-07-14 15:50:00,35.66,35.87,35.65,35.87,14379.0,CAKE
2023-07-14 15:49:00,35.685,35.685,35.655,35.67,7633.0,CAKE
2023-07-14 15:48:00,35.69,35.69,35.68,35.685,3269.0,CAKE
2023-07-14 15:47:00,35.74,35.74,35.69,35.69,3392.0,CAKE
2023-07-14 15:46:00,35.76,35.76,35.74,35.74,3015.0,CAKE
2023-07-14 15:45:00,35.755,35.77,35.755,35.76,3161.0,CAKE
2023-07-14 15:44:00,35.76,35.77,35.76,35.76,2241.0,CAKE
2023-07-14 15:43:00,35.81,35.81,35.79,35.79,2325.0,CAKE
2023-07-14 15:42:00,35.81,35.819,35.805,35.805,2650.0,CAKE
2023-07-14 15:41:00,35.795,35.795,35.795,35.795,359.0,CAKE
2023-07-14 15:40:00,35.82,35.82,35.8,35.8,662.0,CAKE
2023-07-14 15:39:00,35.83,35.83,35.82,35.83,1849.0,CAKE
2023-07-14 15:38:00,35.843,35.85,35.84,35.84,1396.0,CAKE
2023-07-14 15:37:00,35.85,35.85,35.835,35.84,2724.0,CAKE
2023-07-14 15:36:00,35.85,35.855,35.85,35.855,1335.0,CAKE
2023-07-14 15:35:00,35.86,35.865,35.85,35.85,2637.0,CAKE
2023-07-14 15:34:00,35.87,35.87,35.865,35.865,4193.0,CAKE
2023-07-14 15:33:00,35.86,35.87,35.851,35.865,2304.0,CAKE
2023-07-14 15:32:00,35.837,35.85,35.83,35.85,1365.0,CAKE
2023-07-14 15:31:00,35.83,35.84,35.83,35.83,1402.0,CAKE
2023-07-14 15:30:00,35.82,35.83,35.82,35.83,2236.0,CAKE
2023-07-14 15:29:00,35.81,35.81,35.81,35.81,509.0,CAKE
2023-07-14 15:28:00,35.805,35.81,35.8,35.805,812.0,CAKE
2023-07-14 15:27:00,35.83,35.83,35.81,35.82,1917.0,CAKE
2023-07-14 15:26:00,35.835,35.835,35.835,35.835,499.0,CAKE
2023-07-14 15:25:00,35.84,35.855,35.835,35.855,2067.0,CAKE
2023-07-14 15:24:00,35.84,35.84,35.84,35.84,683.0,CAKE
2023-07-14 15:23:00,35.833,35.85,35.83,35.845,2930.0,CAKE
2023-07-14 15:22:00,35.88,35.88,35.845,35.845,1526.0,CAKE
2023-07-14 15:21:00,35.89,35.89,35.89,35.89,329.0,CAKE
2023-07-14 15:20:00,35.88,35.89,35.88,35.89,733.0,CAKE
2023-07-14 15:19:00,35.89,35.9,35.88,35.89,2913.0,CAKE
2023-07-14 15:18:00,35.92,35.92,35.89,35.895,1976.0,CAKE
2023-07-14 15:17:00,35.87,35.9,35.87,35.9,661.0,CAKE
2023-07-14 15:16:00,35.875,35.89,35.875,35.89,288.0,CAKE
2023-07-14 15:15:00,35.87,35.87,35.87,35.87,1437.0,CAKE
2023-07-14 15:14:00,35.86,35.86,35.86,35.86,783.0,CAKE
2023-07-14 15:13:00,35.85,35.86,35.84,35.86,2429.0,CAKE
2023-07-14 15:12:00,35.84,35.85,35.837,35.845,2722.0,CAKE
2023-07-14 15:11:00,35.845,35.845,35.845,35.845,312.0,CAKE
2023-07-14 15:10:00,35.85,35.855,35.845,35.85,4692.0,CAKE
2023-07-14 15:09:00,35.85,35.85,35.845,35.845,2126.0,CAKE
2023-07-14 15:08:00,35.835,35.835,35.83,35.83,1860.0,CAKE
2023-07-14 15:07:00,35.805,35.84,35.805,35.84,2580.0,CAKE
2023-07-14 15:06:00,35.79,35.805,35.79,35.805,1111.0,CAKE
2023-07-14 15:05:00,35.8,35.805,35.8,35.805,2101.0,CAKE
2023-07-14 15:04:00,35.815,35.815,35.8,35.815,598.0,CAKE
2023-07-14 15:03:00,35.8,35.815,35.8,35.815,1844.0,CAKE
2023-07-14 15:02:00,35.82,35.83,35.82,35.82,2161.0,CAKE
2023-07-14 15:01:00,35.82,35.825,35.82,35.825,803.0,CAKE
2023-07-14 15:00:00,35.73,35.82,35.72,35.8,7161.0,CAKE
2023-07-14 14:59:00,35.73,35.73,35.73,35.73,738.0,CAKE
2023-07-14 14:58:00,35.7,35.7,35.698,35.7,5175.0,CAKE
2023-07-14 14:57:00,35.73,35.73,35.72,35.72,2136.0,CAKE
2023-07-14 14:56:00,35.725,35.73,35.72,35.72,2894.0,CAKE
2023-07-14 14:55:00,35.73,35.74,35.73,35.73,1532.0,CAKE
2023-07-14 14:54:00,35.725,35.73,35.72,35.73,842.0,CAKE
2023-07-14 14:53:00,35.73,35.73,35.725,35.725,313.0,CAKE
2023-07-14 14:52:00,35.71,35.73,35.71,35.722,1702.0,CAKE
2023-07-14 14:50:00,35.7,35.7,35.7,35.7,274.0,CAKE
2023-07-14 14:49:00,35.71,35.71,35.71,35.71,236.0,CAKE
2023-07-14 14:48:00,35.71,35.73,35.71,35.71,2742.0,CAKE
2023-07-14 14:47:00,35.71,35.71,35.71,35.71,365.0,CAKE
2023-07-14 14:46:00,35.75,35.75,35.73,35.73,915.0,CAKE
2023-07-14 14:45:00,35.745,35.75,35.745,35.75,1027.0,CAKE
2023-07-14 14:44:00,35.75,35.75,35.745,35.745,219.0,CAKE
2023-07-14 14:43:00,35.745,35.745,35.745,35.745,135.0,CAKE
2023-07-14 14:42:00,35.755,35.755,35.745,35.745,1258.0,CAKE
2023-07-14 14:41:00,35.755,35.755,35.755,35.755,372.0,CAKE
2023-07-14 14:39:00,35.76,35.76,35.76,35.76,235.0,CAKE
2023-07-14 14:38:00,35.71,35.74,35.71,35.74,2306.0,CAKE
2023-07-14 14:37:00,35.73,35.73,35.71,35.71,886.0,CAKE
2023-07-14 14:36:00,35.74,35.74,35.74,35.74,1259.0,CAKE
2023-07-14 14:35:00,35.75,35.75,35.75,35.75,342.0,CAKE
2023-07-14 14:34:00,35.76,35.76,35.76,35.76,1433.0,CAKE
2023-07-14 14:33:00,35.76,35.76,35.75,35.76,1876.0,CAKE
2023-07-14 14:32:00,35.75,35.75,35.75,35.75,224.0,CAKE
2023-07-14 14:31:00,35.76,35.76,35.75,35.76,953.0,CAKE
2023-07-14 14:30:00,35.76,35.76,35.76,35.76,234.0,CAKE
2023-07-14 14:29:00,35.8,35.8,35.79,35.79,674.0,CAKE
2023-07-14 14:28:00,35.8,35.8,35.8,35.8,959.0,CAKE
2023-07-14 14:27:00,35.81,35.82,35.81,35.82,1001.0,CAKE
2023-07-14 14:26:00,35.81,35.81,35.8,35.8,1150.0,CAKE
2023-07-14 14:24:00,35.81,35.811,35.8,35.8,1182.0,CAKE
2023-07-14 14:23:00,35.84,35.84,35.815,35.818,903.0,CAKE
2023-07-14 14:22:00,35.84,35.84,35.84,35.84,214.0,CAKE
2023-07-14 14:21:00,35.84,35.84,35.84,35.84,1050.0,CAKE
2023-07-14 14:20:00,35.85,35.85,35.83,35.85,2367.0,CAKE
2023-07-14 14:19:00,35.85,35.85,35.84,35.84,249.0,CAKE
2023-07-14 14:18:00,35.85,35.85,35.83,35.83,1155.0,CAKE
2023-07-14 14:17:00,35.85,35.86,35.85,35.86,480.0,CAKE
2023-07-14 14:16:00,35.845,35.86,35.845,35.854,2168.0,CAKE
2023-07-14 14:15:00,35.845,35.845,35.845,35.845,135.0,CAKE
2023-07-14 14:14:00,35.85,35.85,35.847,35.85,1784.0,CAKE
2023-07-14 14:13:00,35.87,35.87,35.83,35.83,1323.0,CAKE
2023-07-14 14:11:00,35.88,35.88,35.88,35.88,272.0,CAKE
2023-07-14 14:10:00,35.88,35.88,35.88,35.88,1222.0,CAKE
2023-07-14 14:09:00,35.88,35.885,35.88,35.885,325.0,CAKE
2023-07-14 14:08:00,35.885,35.885,35.885,35.885,179.0,CAKE
2023-07-14 14:07:00,35.9,35.9,35.88,35.88,1140.0,CAKE
2023-07-14 14:06:00,35.91,35.91,35.9,35.9,523.0,CAKE
2023-07-14 14:05:00,35.92,35.92,35.92,35.92,618.0,CAKE
2023-07-14 14:04:00,35.89,35.891,35.89,35.891,514.0,CAKE
2023-07-14 14:02:00,35.9,35.91,35.9,35.91,519.0,CAKE
2023-07-14 14:00:00,35.89,35.91,35.88,35.91,3056.0,CAKE
2023-07-14 13:59:00,35.905,35.92,35.905,35.905,795.0,CAKE
2023-07-14 13:58:00,35.92,35.92,35.92,35.92,301.0,CAKE
2023-07-14 13:57:00,35.91,35.91,35.91,35.91,660.0,CAKE
2023-07-14 13:56:00,35.93,35.93,35.92,35.92,656.0,CAKE
2023-07-14 13:55:00,35.9,35.93,35.9,35.93,2541.0,CAKE
2023-07-14 13:54:00,35.89,35.89,35.89,35.89,258.0,CAKE
2023-07-14 13:53:00,35.89,35.89,35.89,35.89,295.0,CAKE
2023-07-14 13:52:00,35.905,35.905,35.905,35.905,254.0,CAKE
2023-07-14 13:51:00,35.93,35.93,35.93,35.93,207.0,CAKE
2023-07-14 13:50:00,35.97,35.97,35.935,35.95,1738.0,CAKE
2023-07-14 13:49:00,35.99,35.99,35.98,35.98,775.0,CAKE
2023-07-14 13:48:00,35.99,36.01,35.99,36.01,654.0,CAKE
2023-07-14 13:47:00,36.0,36.0,36.0,36.0,182.0,CAKE
2023-07-14 13:46:00,36.01,36.01,36.01,36.01,137.0,CAKE
2023-07-14 13:44:00,36.02,36.02,36.01,36.01,535.0,CAKE
2023-07-14 13:43:00,36.02,36.025,36.01,36.025,1173.0,CAKE
2023-07-14 13:42:00,36.03,36.03,36.03,36.03,418.0,CAKE
2023-07-14 13:41:00,36.04,36.04,36.04,36.04,463.0,CAKE
2023-07-14 13:40:00,36.0,36.01,36.0,36.01,1270.0,CAKE
2023-07-14 13:38:00,35.965,36.0,35.965,36.0,1112.0,CAKE
2023-07-14 13:37:00,35.95,35.96,35.94,35.96,1658.0,CAKE
2023-07-14 13:36:00,35.96,35.98,35.96,35.98,1555.0,CAKE
2023-07-14 13:35:00,35.95,35.95,35.95,35.95,223.0,CAKE
2023-07-14 13:34:00,35.93,35.95,35.93,35.95,1294.0,CAKE
2023-07-14 13:33:00,35.92,35.93,35.92,35.93,360.0,CAKE
2023-07-14 13:32:00,35.94,35.94,35.94,35.94,289.0,CAKE
2023-07-14 13:31:00,35.97,35.97,35.97,35.97,488.0,CAKE
2023-07-14 13:30:00,35.96,35.98,35.96,35.98,829.0,CAKE
2023-07-14 13:28:00,35.96,35.96,35.96,35.96,328.0,CAKE
2023-07-14 13:27:00,35.93,35.97,35.93,35.97,837.0,CAKE
2023-07-14 13:26:00,35.92,35.92,35.91,35.92,617.0,CAKE
2023-07-14 13:25:00,35.94,35.94,35.925,35.93,923.0,CAKE
2023-07-14 13:24:00,35.94,35.95,35.94,35.95,365.0,CAKE
2023-07-14 13:23:00,35.96,35.96,35.96,35.96,416.0,CAKE
2023-07-14 13:22:00,35.975,35.99,35.975,35.99,355.0,CAKE
2023-07-14 13:21:00,35.99,35.99,35.99,35.99,403.0,CAKE
2023-07-14 13:20:00,35.97,35.97,35.97,35.97,335.0,CAKE
2023-07-14 13:19:00,35.96,35.99,35.95,35.99,1133.0,CAKE
2023-07-14 13:18:00,35.9,35.93,35.9,35.93,1118.0,CAKE
2023-07-14 13:14:00,35.99,35.99,35.96,35.96,1237.0,CAKE
2023-07-14 13:13:00,35.99,36.0,35.99,36.0,343.0,CAKE
2023-07-14 13:11:00,35.99,36.04,35.99,36.02,20952.0,CAKE
2023-07-14 13:10:00,35.93,35.96,35.93,35.96,592.0,CAKE
2023-07-14 13:08:00,35.91,35.91,35.91,35.91,417.0,CAKE
2023-07-14 13:07:00,35.87,35.9,35.87,35.89,1085.0,CAKE
2023-07-14 13:06:00,35.9,35.9,35.9,35.9,538.0,CAKE
2023-07-14 13:05:00,35.92,35.93,35.905,35.905,1673.0,CAKE
2023-07-14 13:04:00,35.915,35.915,35.915,35.915,201.0,CAKE
2023-07-14 13:03:00,35.9,35.92,35.9,35.915,707.0,CAKE
2023-07-14 13:02:00,35.9,35.9,35.87,35.875,990.0,CAKE
2023-07-14 13:00:00,35.938,35.938,35.938,35.938,412.0,CAKE
2023-07-14 12:59:00,35.9,35.91,35.9,35.91,787.0,CAKE
2023-07-14 12:58:00,35.865,35.865,35.86,35.865,1180.0,CAKE
2023-07-14 12:57:00,35.86,35.86,35.86,35.86,211.0,CAKE
2023-07-14 12:56:00,35.87,35.87,35.87,35.87,248.0,CAKE
2023-07-14 12:55:00,35.92,35.92,35.89,35.89,1190.0,CAKE
2023-07-14 12:53:00,35.91,35.91,35.9,35.9,397.0,CAKE
2023-07-14 12:52:00,35.91,35.92,35.91,35.92,724.0,CAKE
2023-07-14 12:51:00,35.93,35.93,35.915,35.915,627.0,CAKE
2023-07-14 12:50:00,35.93,35.935,35.93,35.935,606.0,CAKE
2023-07-14 12:47:00,35.97,35.97,35.97,35.97,200.0,CAKE
2023-07-14 12:45:00,36.06,36.07,36.05,36.07,1057.0,CAKE
2023-07-14 12:44:00,36.048,36.057,36.048,36.057,755.0,CAKE
2023-07-14 12:43:00,36.025,36.025,36.025,36.025,177.0,CAKE
2023-07-14 12:42:00,35.99,36.02,35.977,36.02,1510.0,CAKE
2023-07-14 12:41:00,35.97,35.98,35.97,35.975,563.0,CAKE
2023-07-14 12:40:00,35.98,35.98,35.95,35.95,615.0,CAKE
2023-07-14 12:39:00,36.004,36.01,35.99,35.99,1359.0,CAKE
2023-07-14 12:38:00,35.99,36.0,35.99,35.99,1673.0,CAKE
2023-07-14 12:37:00,35.96,35.99,35.96,35.98,11696.0,CAKE
2023-07-14 12:36:00,35.935,35.95,35.935,35.95,2059.0,CAKE
2023-07-14 12:35:00,35.93,35.93,35.92,35.93,1245.0,CAKE
2023-07-14 12:34:00,35.94,35.94,35.94,35.94,179.0,CAKE
2023-07-14 12:33:00,35.91,35.94,35.91,35.94,410.0,CAKE
2023-07-14 12:32:00,35.89,35.89,35.89,35.89,222.0,CAKE
2023-07-14 12:31:00,35.895,35.895,35.895,35.895,302.0,CAKE
2023-07-14 12:30:00,35.87,35.89,35.87,35.89,1098.0,CAKE
2023-07-14 12:29:00,35.87,35.88,35.87,35.87,852.0,CAKE
2023-07-14 12:28:00,35.86,35.87,35.85,35.85,1461.0,CAKE
2023-07-14 12:27:00,35.858,35.858,35.858,35.858,323.0,CAKE
2023-07-14 12:26:00,35.82,35.82,35.82,35.82,216.0,CAKE
2023-07-14 12:25:00,35.835,35.84,35.835,35.84,636.0,CAKE
2023-07-14 12:24:00,35.84,35.84,35.84,35.84,212.0,CAKE
2023-07-14 12:23:00,35.82,35.864,35.82,35.864,481.0,CAKE
2023-07-14 12:22:00,35.84,35.84,35.84,35.84,312.0,CAKE
2023-07-14 12:21:00,35.865,35.865,35.865,35.865,357.0,CAKE
2023-07-14 12:20:00,35.85,35.85,35.85,35.85,802.0,CAKE
2023-07-14 12:19:00,35.795,35.85,35.795,35.84,1982.0,CAKE
2023-07-14 12:18:00,35.81,35.81,35.81,35.81,537.0,CAKE
2023-07-14 12:17:00,35.8,35.82,35.8,35.82,1000.0,CAKE
2023-07-14 12:16:00,35.765,35.79,35.765,35.79,887.0,CAKE
2023-07-14 12:15:00,35.76,35.765,35.76,35.765,317.0,CAKE
2023-07-14 12:14:00,35.77,35.77,35.77,35.77,464.0,CAKE
2023-07-14 12:13:00,35.79,35.79,35.775,35.78,787.0,CAKE
2023-07-14 12:11:00,35.79,35.81,35.79,35.805,713.0,CAKE
2023-07-14 12:10:00,35.78,35.78,35.78,35.78,636.0,CAKE
2023-07-14 12:09:00,35.78,35.8,35.78,35.8,1062.0,CAKE
2023-07-14 12:08:00,35.78,35.785,35.745,35.785,2262.0,CAKE
2023-07-14 12:07:00,35.77,35.77,35.77,35.77,223.0,CAKE
2023-07-14 12:06:00,35.76,35.78,35.76,35.78,375.0,CAKE
2023-07-14 12:05:00,35.8,35.8,35.76,35.775,875.0,CAKE
2023-07-14 12:04:00,35.8,35.81,35.8,35.81,526.0,CAKE
2023-07-14 12:02:00,35.835,35.835,35.83,35.83,455.0,CAKE
2023-07-14 12:01:00,35.86,35.86,35.83,35.83,1322.0,CAKE
2023-07-14 11:57:00,35.77,35.84,35.77,35.82,4578.0,CAKE
2023-07-14 11:56:00,35.76,35.77,35.76,35.765,1197.0,CAKE
2023-07-14 11:55:00,35.785,35.8,35.76,35.76,1032.0,CAKE
2023-07-14 11:54:00,35.78,35.78,35.78,35.78,872.0,CAKE
2023-07-14 11:53:00,35.8,35.8,35.8,35.8,168.0,CAKE
2023-07-14 11:52:00,35.83,35.83,35.82,35.82,535.0,CAKE
2023-07-14 11:50:00,35.815,35.84,35.79,35.83,1653.0,CAKE
2023-07-14 11:49:00,35.85,35.86,35.84,35.84,1231.0,CAKE
2023-07-14 11:47:00,35.8,35.845,35.8,35.845,2749.0,CAKE
2023-07-14 11:46:00,35.78,35.808,35.78,35.808,324.0,CAKE
2023-07-14 11:45:00,35.815,35.82,35.785,35.79,974.0,CAKE
2023-07-14 11:44:00,35.86,35.86,35.85,35.86,635.0,CAKE
2023-07-14 11:41:00,35.85,35.919,35.84,35.88,21287.0,CAKE
2023-07-14 11:40:00,35.91,35.91,35.83,35.83,4845.0,CAKE
2023-07-14 11:39:00,36.005,36.01,35.91,35.91,2657.0,CAKE
2023-07-14 11:38:00,35.955,36.005,35.955,36.005,901.0,CAKE
2023-07-14 11:37:00,35.96,35.96,35.91,35.93,1115.0,CAKE
2023-07-14 11:35:00,35.839,35.88,35.839,35.87,464.0,CAKE
2023-07-14 11:34:00,35.76,35.76,35.76,35.76,576.0,CAKE
2023-07-14 11:33:00,35.675,35.76,35.675,35.76,1744.0,CAKE
2023-07-14 11:32:00,35.64,35.675,35.635,35.675,6110.0,CAKE
2023-07-14 11:31:00,35.69,35.69,35.62,35.64,2397.0,CAKE
2023-07-14 11:30:00,35.655,35.71,35.655,35.71,1774.0,CAKE
2023-07-14 11:29:00,35.595,35.66,35.595,35.65,2374.0,CAKE
2023-07-14 11:28:00,35.645,35.66,35.56,35.56,5923.0,CAKE
2023-07-14 11:27:00,35.715,35.715,35.69,35.69,1060.0,CAKE
2023-07-14 11:26:00,35.715,35.725,35.715,35.72,1447.0,CAKE
2023-07-14 11:25:00,35.76,35.76,35.72,35.72,1081.0,CAKE
2023-07-14 11:24:00,35.78,35.78,35.78,35.78,202.0,CAKE
2023-07-14 11:23:00,35.765,35.765,35.765,35.765,296.0,CAKE
2023-07-14 11:22:00,35.81,35.81,35.79,35.79,1674.0,CAKE
2023-07-14 11:21:00,35.81,35.83,35.81,35.83,1560.0,CAKE
2023-07-14 11:20:00,35.76,35.81,35.76,35.81,10569.0,CAKE
2023-07-14 11:19:00,35.76,35.77,35.76,35.768,4063.0,CAKE
2023-07-14 11:18:00,35.715,35.765,35.715,35.765,3071.0,CAKE
2023-07-14 11:17:00,35.71,35.73,35.71,35.71,1774.0,CAKE
2023-07-14 11:16:00,35.66,35.7,35.66,35.68,2184.0,CAKE
2023-07-14 11:15:00,35.68,35.719,35.68,35.69,4517.0,CAKE
2023-07-14 11:14:00,35.68,35.68,35.66,35.675,644.0,CAKE
2023-07-14 11:13:00,35.72,35.72,35.68,35.68,2728.0,CAKE
2023-07-14 11:12:00,35.75,35.75,35.73,35.735,1429.0,CAKE
2023-07-14 11:11:00,35.75,35.75,35.73,35.74,1304.0,CAKE
2023-07-14 11:10:00,35.76,35.78,35.76,35.76,3762.0,CAKE
2023-07-14 11:09:00,35.8,35.8,35.76,35.76,960.0,CAKE
2023-07-14 11:08:00,35.84,35.87,35.82,35.82,4035.0,CAKE
2023-07-14 11:07:00,35.86,35.865,35.86,35.865,573.0,CAKE
2023-07-14 11:06:00,35.89,35.89,35.87,35.87,921.0,CAKE
2023-07-14 11:05:00,35.87,35.87,35.87,35.87,701.0,CAKE
2023-07-14 11:02:00,35.98,35.98,35.93,35.93,1564.0,CAKE
2023-07-14 11:01:00,35.99,35.99,35.98,35.98,430.0,CAKE
2023-07-14 11:00:00,35.99,36.0,35.99,36.0,880.0,CAKE
2023-07-14 10:59:00,35.98,35.98,35.98,35.98,595.0,CAKE
2023-07-14 10:58:00,36.01,36.018,36.01,36.018,887.0,CAKE
2023-07-14 10:57:00,36.0,36.0,35.96,35.96,1031.0,CAKE
2023-07-14 10:56:00,36.0,36.02,35.99,36.01,3157.0,CAKE
2023-07-14 10:54:00,35.91,35.96,35.91,35.95,1288.0,CAKE
2023-07-14 10:52:00,35.86,35.875,35.84,35.875,2049.0,CAKE
2023-07-14 10:51:00,35.85,35.9,35.85,35.9,1987.0,CAKE
2023-07-14 10:50:00,35.89,35.895,35.84,35.84,1913.0,CAKE
2023-07-14 10:49:00,35.88,35.89,35.865,35.89,2143.0,CAKE
2023-07-14 10:48:00,35.915,35.915,35.915,35.915,342.0,CAKE
2023-07-14 10:47:00,35.95,35.95,35.92,35.92,1919.0,CAKE
2023-07-14 10:46:00,36.0,36.0,36.0,36.0,593.0,CAKE
2023-07-14 10:45:00,36.04,36.04,36.02,36.02,527.0,CAKE
2023-07-14 10:44:00,36.04,36.04,36.04,36.04,632.0,CAKE
2023-07-14 10:42:00,36.05,36.05,36.05,36.05,250.0,CAKE
2023-07-14 10:41:00,36.075,36.075,36.035,36.048,2728.0,CAKE
2023-07-14 10:40:00,36.01,36.06,36.01,36.05,2861.0,CAKE
2023-07-14 10:39:00,36.0,36.01,35.985,36.0,1288.0,CAKE
2023-07-14 10:38:00,35.96,35.98,35.96,35.98,2646.0,CAKE
2023-07-14 10:37:00,35.87,35.93,35.87,35.93,1890.0,CAKE
2023-07-14 10:36:00,35.94,35.94,35.91,35.91,1617.0,CAKE
2023-07-14 10:35:00,35.9,35.94,35.9,35.94,1230.0,CAKE
2023-07-14 10:34:00,35.865,35.875,35.86,35.87,1082.0,CAKE
2023-07-14 10:33:00,35.94,35.94,35.87,35.87,1703.0,CAKE
2023-07-14 10:32:00,35.97,35.97,35.97,35.97,397.0,CAKE
2023-07-14 10:31:00,36.02,36.02,35.94,35.98,3442.0,CAKE
2023-07-14 10:30:00,36.03,36.042,36.03,36.035,940.0,CAKE
2023-07-14 10:29:00,36.02,36.02,36.02,36.02,115.0,CAKE
2023-07-14 10:28:00,36.03,36.03,36.03,36.03,1130.0,CAKE
2023-07-14 10:27:00,35.985,36.04,35.985,36.03,3200.0,CAKE
2023-07-14 10:26:00,36.025,36.025,35.97,35.995,747.0,CAKE
2023-07-14 10:25:00,36.08,36.08,36.01,36.01,1166.0,CAKE
2023-07-14 10:24:00,36.12,36.12,36.12,36.12,945.0,CAKE
2023-07-14 10:23:00,36.145,36.17,36.145,36.165,1635.0,CAKE
2023-07-14 10:22:00,36.15,36.175,36.15,36.175,2772.0,CAKE
2023-07-14 10:21:00,36.18,36.205,36.16,36.16,13056.0,CAKE
2023-07-14 10:20:00,36.175,36.175,36.175,36.175,378.0,CAKE
2023-07-14 10:19:00,36.175,36.195,36.175,36.19,2630.0,CAKE
2023-07-14 10:18:00,36.175,36.175,36.16,36.16,577.0,CAKE
2023-07-14 10:17:00,36.2,36.23,36.17,36.17,4390.0,CAKE
2023-07-14 10:16:00,36.2,36.2,36.193,36.193,687.0,CAKE
2023-07-14 10:15:00,36.215,36.255,36.215,36.23,2013.0,CAKE
2023-07-14 10:14:00,36.225,36.225,36.22,36.22,578.0,CAKE
2023-07-14 10:13:00,36.26,36.26,36.21,36.21,1630.0,CAKE
2023-07-14 10:12:00,36.32,36.32,36.27,36.27,1293.0,CAKE
2023-07-14 10:11:00,36.28,36.28,36.28,36.28,369.0,CAKE
2023-07-14 10:10:00,36.305,36.36,36.305,36.36,941.0,CAKE
2023-07-14 10:09:00,36.35,36.35,36.3,36.3,1309.0,CAKE
2023-07-14 10:08:00,36.34,36.34,36.34,36.34,575.0,CAKE
2023-07-14 10:07:00,36.36,36.36,36.36,36.36,265.0,CAKE
2023-07-14 10:06:00,36.275,36.38,36.275,36.34,3077.0,CAKE
2023-07-14 10:05:00,36.3,36.31,36.26,36.28,4678.0,CAKE
2023-07-14 10:04:00,36.31,36.32,36.3,36.315,1248.0,CAKE
2023-07-14 10:02:00,36.31,36.31,36.29,36.29,1013.0,CAKE
2023-07-14 10:01:00,36.385,36.385,36.3,36.3,934.0,CAKE
2023-07-14 10:00:00,36.39,36.39,36.39,36.39,571.0,CAKE
2023-07-14 09:58:00,36.42,36.42,36.41,36.42,871.0,CAKE
2023-07-14 09:56:00,36.54,36.54,36.5,36.5,1146.0,CAKE
2023-07-14 09:55:00,36.56,36.56,36.54,36.54,378.0,CAKE
2023-07-14 09:54:00,36.6,36.6,36.6,36.6,514.0,CAKE
2023-07-14 09:53:00,36.56,36.6,36.56,36.6,1320.0,CAKE
2023-07-14 09:52:00,36.52,36.58,36.52,36.57,1608.0,CAKE
2023-07-14 09:50:00,36.6,36.61,36.6,36.6,1385.0,CAKE
2023-07-14 09:49:00,36.64,36.64,36.64,36.64,135.0,CAKE
2023-07-14 09:47:00,36.65,36.65,36.65,36.65,180.0,CAKE
2023-07-14 09:46:00,36.67,36.67,36.65,36.65,663.0,CAKE
2023-07-14 09:45:00,36.71,36.74,36.7,36.74,1950.0,CAKE
2023-07-14 09:44:00,36.71,36.722,36.71,36.72,602.0,CAKE
2023-07-14 09:42:00,36.73,36.73,36.73,36.73,235.0,CAKE
2023-07-14 09:41:00,36.725,36.725,36.725,36.725,218.0,CAKE
2023-07-14 09:40:00,36.725,36.725,36.725,36.725,209.0,CAKE
2023-07-14 09:39:00,36.65,36.762,36.65,36.73,1288.0,CAKE
2023-07-14 09:38:00,36.64,36.64,36.64,36.64,185.0,CAKE
2023-07-14 09:35:00,36.69,36.695,36.61,36.695,1239.0,CAKE
2023-07-14 09:34:00,36.735,36.735,36.735,36.735,225.0,CAKE
2023-07-14 09:32:00,36.81,36.81,36.81,36.81,456.0,CAKE
2023-07-14 09:31:00,36.82,36.82,36.82,36.82,666.0,CAKE
2023-07-14 09:30:00,36.79,36.96,36.67,36.83,6442.0,CAKE
2023-07-14 09:29:00,36.82,36.99,36.82,36.99,168.0,CAKE
2023-07-14 09:26:00,37.19,37.19,37.19,37.19,3.0,CAKE
2023-07-14 09:07:00,37.86,37.86,37.86,37.86,3.0,CAKE
2023-07-14 09:06:00,37.86,37.86,37.86,37.86,1.0,CAKE
2023-07-14 09:05:00,37.21,37.21,37.21,37.21,2.0,CAKE
2023-07-14 09:03:00,37.1,37.1,36.92,36.92,14.0,CAKE
2023-07-14 08:41:00,36.92,36.92,36.92,36.92,1.0,CAKE
2023-07-14 08:26:00,37.33,37.33,37.33,37.33,1.0,CAKE
2023-07-14 08:22:00,37.33,37.33,37.33,37.33,1.0,CAKE
2023-07-14 04:00:00,37.1,37.1,37.1,37.1,3.0,CAKE
2023-07-13 19:20:00,37.15,37.15,37.15,37.15,88.0,CAKE
2023-07-13 19:05:00,37.2,37.2,37.2,37.2,1.0,CAKE
2023-07-13 18:39:00,37.29,37.29,37.29,37.29,30.0,CAKE
2023-07-13 18:24:00,36.206,36.206,36.206,36.206,74.0,CAKE
2023-07-13 17:53:00,36.18,36.18,36.18,36.18,2.0,CAKE
2023-07-13 17:37:00,37.74,37.74,37.74,37.74,13.0,CAKE
2023-07-13 17:18:00,36.8,36.8,36.8,36.8,1.0,CAKE
2023-07-13 17:15:00,37.3,37.3,37.3,37.3,10.0,CAKE
2023-07-13 16:57:00,37.74,37.74,37.74,37.74,2.0,CAKE
2023-07-13 16:56:00,37.0,37.0,36.92,36.92,133.0,CAKE
2023-07-13 16:25:00,36.93,36.93,36.93,36.93,1.0,CAKE
2023-07-13 16:19:00,36.92,36.92,36.92,36.92,56.0,CAKE
2023-07-13 16:15:00,37.74,37.74,37.74,37.74,1.0,CAKE
2023-07-13 16:03:00,36.8,36.8,36.8,36.8,1.0,CAKE
2023-07-13 16:01:00,36.92,36.92,36.92,36.92,5234.0,CAKE
2023-07-13 16:00:00,36.93,36.93,36.92,36.92,123195.0,CAKE
2023-07-13 15:59:00,36.915,36.93,36.91,36.93,13870.0,CAKE
2023-07-13 15:58:00,36.925,36.93,36.91,36.91,10489.0,CAKE
2023-07-13 15:57:00,36.94,36.95,36.915,36.925,16365.0,CAKE
2023-07-13 15:56:00,36.94,36.94,36.915,36.94,13584.0,CAKE
2023-07-13 15:55:00,36.95,36.96,36.95,36.95,2268.0,CAKE
2023-07-13 15:54:00,36.96,36.96,36.94,36.94,1163.0,CAKE
2023-07-13 15:53:00,36.98,37.0,36.96,36.96,4898.0,CAKE
2023-07-13 15:52:00,36.97,36.99,36.97,36.975,6575.0,CAKE
2023-07-13 15:51:00,37.02,37.02,36.98,36.99,6415.0,CAKE
2023-07-13 15:50:00,37.04,37.04,37.01,37.01,5258.0,CAKE
2023-07-13 15:49:00,37.06,37.06,37.02,37.03,1300.0,CAKE
2023-07-13 15:48:00,37.085,37.09,37.05,37.065,6754.0,CAKE
2023-07-13 15:47:00,37.085,37.1,37.08,37.085,5642.0,CAKE
2023-07-13 15:46:00,37.1,37.1,37.07,37.08,3020.0,CAKE
2023-07-13 15:45:00,37.12,37.12,37.1,37.11,5418.0,CAKE
2023-07-13 15:44:00,37.07,37.14,37.07,37.125,5485.0,CAKE
2023-07-13 15:43:00,37.055,37.07,37.055,37.055,684.0,CAKE
2023-07-13 15:42:00,37.065,37.07,37.05,37.055,3988.0,CAKE
2023-07-13 15:41:00,37.02,37.065,37.01,37.065,1558.0,CAKE
2023-07-13 15:40:00,36.96,37.0,36.96,36.995,3022.0,CAKE
2023-07-13 15:39:00,36.98,36.99,36.97,36.97,1386.0,CAKE
2023-07-13 15:38:00,37.06,37.06,36.98,36.98,1943.0,CAKE
2023-07-13 15:37:00,37.075,37.085,37.065,37.065,3802.0,CAKE
2023-07-13 15:36:00,37.09,37.09,37.07,37.08,3512.0,CAKE
2023-07-13 15:35:00,37.085,37.085,37.08,37.08,567.0,CAKE
2023-07-13 15:34:00,37.08,37.085,37.08,37.085,802.0,CAKE
2023-07-13 15:33:00,37.11,37.11,37.08,37.08,2657.0,CAKE
2023-07-13 15:32:00,37.07,37.105,37.065,37.105,2533.0,CAKE
2023-07-13 15:31:00,37.07,37.08,37.06,37.06,871.0,CAKE
2023-07-13 15:30:00,37.095,37.1,37.07,37.09,2644.0,CAKE
2023-07-13 15:29:00,37.1,37.1,37.095,37.1,1757.0,CAKE
2023-07-13 15:28:00,37.1,37.105,37.085,37.105,1990.0,CAKE
2023-07-13 15:27:00,37.08,37.09,37.08,37.09,4099.0,CAKE
2023-07-13 15:26:00,37.07,37.08,37.07,37.07,1352.0,CAKE
2023-07-13 15:25:00,37.07,37.07,37.07,37.07,224.0,CAKE
2023-07-13 15:24:00,37.088,37.09,37.07,37.07,2989.0,CAKE
2023-07-13 15:23:00,37.07,37.07,37.07,37.07,1382.0,CAKE
2023-07-13 15:22:00,37.06,37.06,37.06,37.06,322.0,CAKE
2023-07-13 15:21:00,37.06,37.065,37.05,37.055,1837.0,CAKE
2023-07-13 15:20:00,37.04,37.04,37.04,37.04,718.0,CAKE
2023-07-13 15:19:00,37.03,37.03,37.03,37.03,935.0,CAKE
2023-07-13 15:18:00,37.04,37.04,37.03,37.03,1229.0,CAKE
2023-07-13 15:17:00,37.04,37.04,37.04,37.04,998.0,CAKE
2023-07-13 15:16:00,37.03,37.045,37.03,37.04,2441.0,CAKE
2023-07-13 15:15:00,37.06,37.06,37.04,37.04,2533.0,CAKE
2023-07-13 15:13:00,37.12,37.13,37.07,37.07,4040.0,CAKE
2023-07-13 15:12:00,37.11,37.115,37.11,37.115,1099.0,CAKE
2023-07-13 15:11:00,37.095,37.1,37.095,37.1,2186.0,CAKE
2023-07-13 15:10:00,37.11,37.11,37.1,37.1,1581.0,CAKE
2023-07-13 15:09:00,37.12,37.12,37.1,37.11,1840.0,CAKE
2023-07-13 15:08:00,37.125,37.125,37.12,37.12,332.0,CAKE
2023-07-13 15:07:00,37.111,37.135,37.11,37.13,2777.0,CAKE
2023-07-13 15:06:00,37.14,37.15,37.11,37.11,1771.0,CAKE
2023-07-13 15:05:00,37.18,37.18,37.13,37.13,3073.0,CAKE
2023-07-13 15:04:00,37.19,37.199,37.19,37.19,832.0,CAKE
2023-07-13 15:03:00,37.19,37.2,37.19,37.2,903.0,CAKE
2023-07-13 15:02:00,37.19,37.19,37.19,37.19,1248.0,CAKE
2023-07-13 15:01:00,37.19,37.19,37.185,37.19,536.0,CAKE
2023-07-13 15:00:00,37.24,37.24,37.17,37.17,4681.0,CAKE
2023-07-13 14:59:00,37.235,37.245,37.235,37.245,1721.0,CAKE
2023-07-13 14:58:00,37.235,37.235,37.235,37.235,151.0,CAKE
2023-07-13 14:57:00,37.235,37.235,37.23,37.23,2378.0,CAKE
2023-07-13 14:56:00,37.22,37.23,37.22,37.23,918.0,CAKE
2023-07-13 14:55:00,37.22,37.22,37.22,37.22,1925.0,CAKE
2023-07-13 14:54:00,37.19,37.22,37.19,37.2,7067.0,CAKE
2023-07-13 14:53:00,37.19,37.19,37.185,37.185,576.0,CAKE
2023-07-13 14:52:00,37.19,37.19,37.175,37.19,2774.0,CAKE
2023-07-13 14:51:00,37.19,37.19,37.19,37.19,539.0,CAKE
2023-07-13 14:50:00,37.175,37.18,37.17,37.175,1425.0,CAKE
2023-07-13 14:49:00,37.15,37.18,37.14,37.17,3698.0,CAKE
2023-07-13 14:48:00,37.14,37.14,37.14,37.14,458.0,CAKE
2023-07-13 14:47:00,37.15,37.15,37.14,37.14,3310.0,CAKE
2023-07-13 14:46:00,37.14,37.14,37.14,37.14,251.0,CAKE
2023-07-13 14:45:00,37.125,37.14,37.125,37.14,1677.0,CAKE
2023-07-13 14:44:00,37.121,37.135,37.121,37.13,1090.0,CAKE
2023-07-13 14:43:00,37.13,37.13,37.13,37.13,1070.0,CAKE
2023-07-13 14:42:00,37.145,37.15,37.13,37.13,2261.0,CAKE
2023-07-13 14:41:00,37.135,37.145,37.135,37.145,1050.0,CAKE
2023-07-13 14:40:00,37.13,37.135,37.13,37.135,1083.0,CAKE
2023-07-13 14:39:00,37.14,37.15,37.14,37.14,606.0,CAKE
2023-07-13 14:38:00,37.16,37.16,37.13,37.14,1940.0,CAKE
2023-07-13 14:37:00,37.21,37.21,37.17,37.17,1924.0,CAKE
2023-07-13 14:36:00,37.23,37.24,37.2,37.205,2711.0,CAKE
2023-07-13 14:35:00,37.235,37.235,37.225,37.225,1040.0,CAKE
2023-07-13 14:34:00,37.25,37.25,37.23,37.235,2059.0,CAKE
2023-07-13 14:32:00,37.24,37.245,37.24,37.245,1527.0,CAKE
2023-07-13 14:31:00,37.22,37.24,37.22,37.24,1254.0,CAKE
2023-07-13 14:30:00,37.21,37.22,37.21,37.21,2538.0,CAKE
2023-07-13 14:29:00,37.195,37.195,37.195,37.195,122.0,CAKE
2023-07-13 14:28:00,37.18,37.195,37.18,37.195,575.0,CAKE
2023-07-13 14:27:00,37.205,37.205,37.2,37.2,684.0,CAKE
2023-07-13 14:26:00,37.22,37.225,37.21,37.22,1700.0,CAKE
2023-07-13 14:25:00,37.255,37.255,37.225,37.225,2060.0,CAKE
2023-07-13 14:24:00,37.25,37.26,37.25,37.26,508.0,CAKE
2023-07-13 14:23:00,37.245,37.25,37.245,37.25,996.0,CAKE
2023-07-13 14:22:00,37.25,37.25,37.24,37.245,1568.0,CAKE
2023-07-13 14:21:00,37.275,37.275,37.26,37.26,983.0,CAKE
2023-07-13 14:20:00,37.255,37.29,37.255,37.28,2571.0,CAKE
2023-07-13 14:19:00,37.24,37.26,37.24,37.255,894.0,CAKE
2023-07-13 14:18:00,37.23,37.24,37.23,37.23,1233.0,CAKE
2023-07-13 14:17:00,37.23,37.24,37.23,37.24,1377.0,CAKE
2023-07-13 14:16:00,37.22,37.23,37.22,37.23,497.0,CAKE
2023-07-13 14:14:00,37.22,37.22,37.22,37.22,211.0,CAKE
2023-07-13 14:13:00,37.21,37.21,37.21,37.21,102.0,CAKE
2023-07-13 14:12:00,37.22,37.22,37.22,37.22,462.0,CAKE
2023-07-13 14:10:00,37.23,37.23,37.23,37.23,385.0,CAKE
2023-07-13 14:09:00,37.24,37.24,37.22,37.22,1440.0,CAKE
2023-07-13 14:08:00,37.22,37.25,37.22,37.25,1353.0,CAKE
2023-07-13 14:07:00,37.2,37.21,37.195,37.2,1244.0,CAKE
2023-07-13 14:06:00,37.18,37.2,37.18,37.2,1840.0,CAKE
2023-07-13 14:05:00,37.17,37.17,37.17,37.17,313.0,CAKE
2023-07-13 14:04:00,37.17,37.18,37.17,37.17,631.0,CAKE
2023-07-13 14:03:00,37.16,37.18,37.16,37.18,922.0,CAKE
2023-07-13 14:01:00,37.15,37.16,37.145,37.16,1875.0,CAKE
2023-07-13 14:00:00,37.16,37.16,37.16,37.16,514.0,CAKE
2023-07-13 13:57:00,37.205,37.205,37.16,37.17,2175.0,CAKE
2023-07-13 13:56:00,37.2,37.21,37.2,37.2,655.0,CAKE
2023-07-13 13:55:00,37.215,37.215,37.2,37.2,626.0,CAKE
2023-07-13 13:54:00,37.215,37.215,37.215,37.215,259.0,CAKE
2023-07-13 13:53:00,37.19,37.23,37.19,37.205,2533.0,CAKE
2023-07-13 13:52:00,37.2,37.2,37.18,37.18,715.0,CAKE
2023-07-13 13:51:00,37.18,37.18,37.18,37.18,427.0,CAKE
2023-07-13 13:50:00,37.21,37.22,37.21,37.22,1364.0,CAKE
2023-07-13 13:49:00,37.19,37.19,37.19,37.19,262.0,CAKE
2023-07-13 13:47:00,37.21,37.21,37.18,37.19,1173.0,CAKE
2023-07-13 13:46:00,37.21,37.21,37.21,37.21,329.0,CAKE
2023-07-13 13:45:00,37.17,37.21,37.16,37.21,2202.0,CAKE
2023-07-13 13:44:00,37.135,37.16,37.135,37.16,433.0,CAKE
2023-07-13 13:43:00,37.16,37.16,37.16,37.16,113.0,CAKE
2023-07-13 13:42:00,37.15,37.15,37.13,37.13,499.0,CAKE
2023-07-13 13:41:00,37.17,37.18,37.17,37.17,917.0,CAKE
2023-07-13 13:40:00,37.165,37.18,37.165,37.17,846.0,CAKE
2023-07-13 13:39:00,37.18,37.185,37.158,37.158,931.0,CAKE
2023-07-13 13:38:00,37.14,37.175,37.14,37.175,2088.0,CAKE
2023-07-13 13:37:00,37.14,37.15,37.135,37.135,1206.0,CAKE
2023-07-13 13:35:00,37.19,37.19,37.16,37.17,1426.0,CAKE
2023-07-13 13:34:00,37.17,37.18,37.17,37.175,673.0,CAKE
2023-07-13 13:33:00,37.18,37.18,37.17,37.17,655.0,CAKE
2023-07-13 13:32:00,37.18,37.19,37.18,37.19,2433.0,CAKE
2023-07-13 13:30:00,37.16,37.18,37.16,37.18,1319.0,CAKE
2023-07-13 13:29:00,37.15,37.15,37.15,37.15,475.0,CAKE
2023-07-13 13:28:00,37.135,37.145,37.13,37.145,1104.0,CAKE
2023-07-13 13:27:00,37.135,37.135,37.13,37.13,1327.0,CAKE
2023-07-13 13:26:00,37.125,37.135,37.125,37.135,1174.0,CAKE
2023-07-13 13:25:00,37.115,37.13,37.1,37.13,3168.0,CAKE
2023-07-13 13:24:00,37.11,37.11,37.11,37.11,665.0,CAKE
2023-07-13 13:23:00,37.12,37.12,37.115,37.115,628.0,CAKE
2023-07-13 13:22:00,37.15,37.15,37.13,37.13,1222.0,CAKE
2023-07-13 13:21:00,37.135,37.15,37.135,37.15,988.0,CAKE
2023-07-13 13:20:00,37.2,37.2,37.16,37.16,1458.0,CAKE
2023-07-13 13:19:00,37.215,37.24,37.2,37.2,1213.0,CAKE
2023-07-13 13:18:00,37.215,37.215,37.215,37.215,321.0,CAKE
2023-07-13 13:17:00,37.22,37.22,37.22,37.22,283.0,CAKE
2023-07-13 13:16:00,37.26,37.26,37.225,37.225,1635.0,CAKE
2023-07-13 13:15:00,37.265,37.265,37.26,37.26,251.0,CAKE
2023-07-13 13:14:00,37.25,37.26,37.25,37.26,649.0,CAKE
2023-07-13 13:13:00,37.225,37.25,37.225,37.24,1242.0,CAKE
2023-07-13 13:12:00,37.2,37.225,37.2,37.225,1573.0,CAKE
2023-07-13 13:10:00,37.21,37.23,37.21,37.23,450.0,CAKE
2023-07-13 13:09:00,37.24,37.24,37.24,37.24,810.0,CAKE
2023-07-13 13:08:00,37.25,37.25,37.25,37.25,668.0,CAKE
2023-07-13 13:07:00,37.24,37.25,37.24,37.25,1530.0,CAKE
2023-07-13 13:05:00,37.21,37.23,37.21,37.23,1886.0,CAKE
2023-07-13 13:04:00,37.22,37.22,37.21,37.21,878.0,CAKE
2023-07-13 13:02:00,37.26,37.26,37.23,37.23,738.0,CAKE
2023-07-13 13:01:00,37.24,37.24,37.21,37.23,2302.0,CAKE
2023-07-13 13:00:00,37.25,37.27,37.24,37.27,643.0,CAKE
2023-07-13 12:58:00,37.23,37.24,37.23,37.24,1886.0,CAKE
2023-07-13 12:56:00,37.21,37.23,37.19,37.22,1148.0,CAKE
2023-07-13 12:55:00,37.23,37.23,37.205,37.23,1560.0,CAKE
2023-07-13 12:54:00,37.25,37.25,37.25,37.25,928.0,CAKE
2023-07-13 12:53:00,37.24,37.24,37.24,37.24,375.0,CAKE
2023-07-13 12:52:00,37.235,37.235,37.235,37.235,297.0,CAKE
2023-07-13 12:51:00,37.25,37.27,37.23,37.235,3161.0,CAKE
2023-07-13 12:49:00,37.2,37.245,37.2,37.245,2400.0,CAKE
2023-07-13 12:48:00,37.225,37.225,37.204,37.204,633.0,CAKE
2023-07-13 12:47:00,37.225,37.225,37.21,37.21,364.0,CAKE
2023-07-13 12:46:00,37.23,37.23,37.23,37.23,317.0,CAKE
2023-07-13 12:45:00,37.25,37.25,37.2,37.2,1477.0,CAKE
2023-07-13 12:44:00,37.26,37.26,37.25,37.25,783.0,CAKE
2023-07-13 12:43:00,37.24,37.24,37.22,37.22,634.0,CAKE
2023-07-13 12:42:00,37.255,37.255,37.24,37.24,568.0,CAKE
2023-07-13 12:41:00,37.29,37.29,37.26,37.26,1870.0,CAKE
2023-07-13 12:40:00,37.3,37.3,37.3,37.3,1409.0,CAKE
2023-07-13 12:39:00,37.305,37.305,37.29,37.29,2278.0,CAKE
2023-07-13 12:38:00,37.305,37.305,37.305,37.305,107.0,CAKE
2023-07-13 12:37:00,37.315,37.315,37.315,37.315,946.0,CAKE
2023-07-13 12:36:00,37.325,37.33,37.31,37.32,1945.0,CAKE
2023-07-13 12:35:00,37.31,37.32,37.31,37.32,865.0,CAKE
2023-07-13 12:34:00,37.3,37.3,37.3,37.3,335.0,CAKE
2023-07-13 12:33:00,37.28,37.28,37.28,37.28,549.0,CAKE
2023-07-13 12:32:00,37.28,37.28,37.25,37.25,712.0,CAKE
2023-07-13 12:31:00,37.26,37.3,37.26,37.3,426.0,CAKE
2023-07-13 12:30:00,37.28,37.29,37.28,37.29,1012.0,CAKE
2023-07-13 12:29:00,37.32,37.32,37.29,37.29,1949.0,CAKE
2023-07-13 12:26:00,37.32,37.32,37.32,37.32,363.0,CAKE
2023-07-13 12:25:00,37.29,37.31,37.29,37.31,1426.0,CAKE
2023-07-13 12:24:00,37.3,37.3,37.3,37.3,667.0,CAKE
2023-07-13 12:23:00,37.31,37.31,37.31,37.31,1724.0,CAKE
2023-07-13 12:22:00,37.33,37.33,37.33,37.33,177.0,CAKE
2023-07-13 12:21:00,37.33,37.33,37.33,37.33,328.0,CAKE
2023-07-13 12:20:00,37.325,37.325,37.305,37.32,1917.0,CAKE
2023-07-13 12:18:00,37.315,37.33,37.315,37.33,3222.0,CAKE
2023-07-13 12:17:00,37.31,37.31,37.31,37.31,823.0,CAKE
2023-07-13 12:16:00,37.28,37.295,37.28,37.295,1839.0,CAKE
2023-07-13 12:15:00,37.3,37.3,37.28,37.29,1551.0,CAKE
2023-07-13 12:14:00,37.26,37.26,37.26,37.26,693.0,CAKE
2023-07-13 12:13:00,37.24,37.27,37.24,37.25,2620.0,CAKE
2023-07-13 12:12:00,37.17,37.23,37.17,37.23,2258.0,CAKE
2023-07-13 12:11:00,37.19,37.19,37.18,37.19,1692.0,CAKE
2023-07-13 12:10:00,37.21,37.215,37.205,37.205,1556.0,CAKE
2023-07-13 12:08:00,37.16,37.17,37.16,37.17,548.0,CAKE
2023-07-13 12:06:00,37.13,37.15,37.12,37.12,1051.0,CAKE
2023-07-13 12:05:00,37.18,37.18,37.15,37.15,1084.0,CAKE
2023-07-13 12:03:00,37.12,37.165,37.12,37.165,1445.0,CAKE
2023-07-13 12:02:00,37.145,37.145,37.145,37.145,201.0,CAKE
2023-07-13 12:01:00,37.18,37.18,37.14,37.14,1795.0,CAKE
2023-07-13 11:59:00,37.21,37.21,37.19,37.19,906.0,CAKE
2023-07-13 11:58:00,37.17,37.2,37.17,37.2,1411.0,CAKE
2023-07-13 11:57:00,37.19,37.19,37.17,37.17,2534.0,CAKE
2023-07-13 11:56:00,37.19,37.19,37.175,37.175,209.0,CAKE
2023-07-13 11:53:00,37.15,37.18,37.15,37.17,1742.0,CAKE
2023-07-13 11:52:00,37.15,37.15,37.15,37.15,764.0,CAKE
2023-07-13 11:51:00,37.14,37.145,37.14,37.145,2156.0,CAKE
2023-07-13 11:50:00,37.14,37.15,37.14,37.15,971.0,CAKE
2023-07-13 11:49:00,37.14,37.14,37.13,37.13,1217.0,CAKE
2023-07-13 11:48:00,37.138,37.138,37.13,37.13,761.0,CAKE
2023-07-13 11:47:00,37.1,37.1,37.1,37.1,225.0,CAKE
2023-07-13 11:46:00,37.13,37.13,37.13,37.13,267.0,CAKE
2023-07-13 11:44:00,37.15,37.15,37.127,37.13,1646.0,CAKE
2023-07-13 11:43:00,37.16,37.16,37.16,37.16,1304.0,CAKE
2023-07-13 11:42:00,37.125,37.125,37.125,37.125,171.0,CAKE
2023-07-13 11:41:00,37.13,37.13,37.13,37.13,1537.0,CAKE
2023-07-13 11:40:00,37.125,37.16,37.125,37.14,1150.0,CAKE
2023-07-13 11:38:00,37.15,37.15,37.08,37.125,752.0,CAKE
2023-07-13 11:37:00,37.15,37.18,37.15,37.17,1178.0,CAKE
2023-07-13 11:36:00,37.164,37.17,37.164,37.17,1376.0,CAKE
2023-07-13 11:35:00,37.16,37.16,37.16,37.16,901.0,CAKE
2023-07-13 11:34:00,37.15,37.159,37.15,37.159,597.0,CAKE
2023-07-13 11:33:00,37.16,37.16,37.12,37.12,349.0,CAKE
2023-07-13 11:32:00,37.13,37.13,37.13,37.13,160.0,CAKE
2023-07-13 11:31:00,37.18,37.18,37.14,37.16,1248.0,CAKE
2023-07-13 11:30:00,37.18,37.19,37.17,37.19,2001.0,CAKE
2023-07-13 11:29:00,37.155,37.18,37.155,37.18,1087.0,CAKE
2023-07-13 11:28:00,37.17,37.17,37.155,37.155,908.0,CAKE
2023-07-13 11:27:00,37.2,37.22,37.19,37.21,4764.0,CAKE
2023-07-13 11:26:00,37.16,37.21,37.14,37.21,2347.0,CAKE
2023-07-13 11:25:00,37.165,37.165,37.165,37.165,404.0,CAKE
2023-07-13 11:24:00,37.215,37.24,37.17,37.17,2375.0,CAKE
2023-07-13 11:23:00,37.155,37.19,37.155,37.19,1214.0,CAKE
2023-07-13 11:22:00,37.13,37.15,37.13,37.15,1130.0,CAKE
2023-07-13 11:21:00,37.14,37.16,37.14,37.14,1823.0,CAKE
2023-07-13 11:20:00,37.12,37.13,37.08,37.13,2151.0,CAKE
2023-07-13 11:19:00,37.1,37.11,37.1,37.11,476.0,CAKE
2023-07-13 11:18:00,37.06,37.11,37.06,37.11,2140.0,CAKE
2023-07-13 11:17:00,37.01,37.06,37.01,37.06,1736.0,CAKE
2023-07-13 11:15:00,37.0,37.035,37.0,37.03,2259.0,CAKE
2023-07-13 11:14:00,37.03,37.03,37.01,37.01,2169.0,CAKE
2023-07-13 11:13:00,37.03,37.035,37.03,37.035,797.0,CAKE
2023-07-13 11:12:00,37.0,37.03,37.0,37.03,1891.0,CAKE
2023-07-13 11:11:00,37.03,37.03,37.02,37.02,810.0,CAKE
2023-07-13 11:10:00,37.05,37.05,37.05,37.05,136.0,CAKE
2023-07-13 11:09:00,37.07,37.07,37.06,37.06,1716.0,CAKE
2023-07-13 11:08:00,37.045,37.07,37.045,37.07,1117.0,CAKE
2023-07-13 11:07:00,37.07,37.07,37.05,37.05,1020.0,CAKE
2023-07-13 11:06:00,37.08,37.08,37.05,37.05,1230.0,CAKE
2023-07-13 11:05:00,37.1,37.1,37.07,37.084,1298.0,CAKE
2023-07-13 11:04:00,37.115,37.115,37.1,37.11,1131.0,CAKE
2023-07-13 11:03:00,37.085,37.115,37.085,37.115,2375.0,CAKE
2023-07-13 11:02:00,37.095,37.095,37.08,37.08,1270.0,CAKE
2023-07-13 11:01:00,37.105,37.108,37.095,37.095,1035.0,CAKE
2023-07-13 11:00:00,37.115,37.115,37.06,37.09,2282.0,CAKE
2023-07-13 10:59:00,37.07,37.095,37.07,37.095,617.0,CAKE
2023-07-13 10:58:00,37.04,37.07,37.04,37.07,1468.0,CAKE
2023-07-13 10:57:00,37.03,37.03,37.01,37.01,1198.0,CAKE
2023-07-13 10:56:00,37.03,37.03,37.03,37.03,279.0,CAKE
2023-07-13 10:55:00,37.005,37.005,37.0,37.0,804.0,CAKE
2023-07-13 10:54:00,37.0,37.0,37.0,37.0,784.0,CAKE
2023-07-13 10:53:00,36.975,36.99,36.975,36.99,1499.0,CAKE
2023-07-13 10:52:00,36.99,36.995,36.98,36.985,3371.0,CAKE
2023-07-13 10:51:00,36.99,36.995,36.99,36.99,2873.0,CAKE
2023-07-13 10:50:00,37.0,37.0,36.98,36.98,2287.0,CAKE
2023-07-13 10:49:00,37.02,37.02,37.02,37.02,391.0,CAKE
2023-07-13 10:48:00,37.05,37.05,37.03,37.03,1645.0,CAKE
2023-07-13 10:47:00,37.04,37.045,37.035,37.035,964.0,CAKE
2023-07-13 10:46:00,37.02,37.02,37.02,37.02,561.0,CAKE
2023-07-13 10:45:00,36.97,37.0,36.97,36.985,2007.0,CAKE
2023-07-13 10:44:00,36.975,36.975,36.95,36.96,3227.0,CAKE
2023-07-13 10:43:00,36.975,36.975,36.96,36.975,1480.0,CAKE
2023-07-13 10:42:00,36.965,36.965,36.96,36.96,413.0,CAKE
2023-07-13 10:41:00,36.975,36.99,36.97,36.99,893.0,CAKE
2023-07-13 10:40:00,37.01,37.01,36.96,36.992,4376.0,CAKE
2023-07-13 10:39:00,37.0,37.0,37.0,37.0,2311.0,CAKE
2023-07-13 10:38:00,37.05,37.05,37.0,37.0,1268.0,CAKE
2023-07-13 10:37:00,37.14,37.14,37.05,37.05,2588.0,CAKE
2023-07-13 10:36:00,37.075,37.13,37.075,37.11,4470.0,CAKE
2023-07-13 10:35:00,37.075,37.075,37.075,37.075,400.0,CAKE
2023-07-13 10:34:00,37.075,37.075,37.075,37.075,303.0,CAKE
2023-07-13 10:33:00,37.068,37.075,37.068,37.075,2340.0,CAKE
2023-07-13 10:32:00,37.06,37.064,37.02,37.02,1825.0,CAKE
2023-07-13 10:31:00,37.07,37.08,37.07,37.07,711.0,CAKE
2023-07-13 10:30:00,36.97,37.1,36.95,37.1,10393.0,CAKE
2023-07-13 10:29:00,36.97,36.99,36.97,36.99,451.0,CAKE
2023-07-13 10:28:00,36.96,36.99,36.95,36.99,1171.0,CAKE
2023-07-13 10:27:00,36.885,36.93,36.885,36.93,664.0,CAKE
2023-07-13 10:26:00,36.91,36.91,36.905,36.905,693.0,CAKE
2023-07-13 10:25:00,36.93,36.94,36.926,36.926,1312.0,CAKE
2023-07-13 10:24:00,36.86,36.91,36.85,36.91,1537.0,CAKE
2023-07-13 10:23:00,36.82,36.84,36.82,36.84,653.0,CAKE
2023-07-13 10:22:00,36.83,36.83,36.82,36.82,526.0,CAKE
2023-07-13 10:21:00,36.83,36.83,36.82,36.82,1216.0,CAKE
2023-07-13 10:20:00,36.88,36.88,36.84,36.87,1089.0,CAKE
2023-07-13 10:19:00,36.835,36.88,36.835,36.88,1697.0,CAKE
2023-07-13 10:18:00,36.79,36.83,36.79,36.82,1727.0,CAKE
2023-07-13 10:17:00,36.805,36.805,36.805,36.805,243.0,CAKE
2023-07-13 10:16:00,36.87,36.87,36.8,36.8,2984.0,CAKE
2023-07-13 10:15:00,36.84,36.88,36.83,36.88,1261.0,CAKE
2023-07-13 10:14:00,36.84,36.84,36.81,36.81,1089.0,CAKE
2023-07-13 10:13:00,36.79,36.88,36.79,36.86,1363.0,CAKE
2023-07-13 10:12:00,36.76,36.775,36.76,36.775,818.0,CAKE
2023-07-13 10:11:00,36.725,36.725,36.71,36.71,339.0,CAKE
2023-07-13 10:10:00,36.795,36.795,36.77,36.77,1675.0,CAKE
2023-07-13 10:09:00,36.86,36.86,36.795,36.795,1515.0,CAKE
2023-07-13 10:08:00,36.85,36.855,36.83,36.855,3262.0,CAKE
2023-07-13 10:07:00,36.86,36.86,36.85,36.85,673.0,CAKE
2023-07-13 10:06:00,36.91,36.91,36.88,36.895,2073.0,CAKE
2023-07-13 10:05:00,36.91,36.94,36.91,36.94,1269.0,CAKE
2023-07-13 10:04:00,36.885,36.885,36.885,36.885,566.0,CAKE
2023-07-13 10:03:00,36.88,36.9,36.88,36.9,472.0,CAKE
2023-07-13 10:02:00,36.84,36.85,36.82,36.82,1478.0,CAKE
2023-07-13 10:01:00,36.88,36.88,36.83,36.83,1708.0,CAKE
2023-07-13 10:00:00,36.9,36.9,36.89,36.9,1614.0,CAKE
2023-07-13 09:59:00,36.91,36.91,36.91,36.91,525.0,CAKE
2023-07-13 09:58:00,36.92,36.92,36.91,36.91,1525.0,CAKE
2023-07-13 09:57:00,36.9,36.92,36.9,36.92,1343.0,CAKE
2023-07-13 09:56:00,36.86,36.9,36.86,36.9,917.0,CAKE
2023-07-13 09:55:00,36.92,36.92,36.84,36.84,976.0,CAKE
2023-07-13 09:53:00,36.89,36.91,36.89,36.9,1738.0,CAKE
2023-07-13 09:52:00,36.89,36.89,36.87,36.88,3590.0,CAKE
2023-07-13 09:51:00,36.85,36.88,36.85,36.88,1058.0,CAKE
2023-07-13 09:50:00,36.845,36.85,36.845,36.85,561.0,CAKE
2023-07-13 09:49:00,36.86,36.86,36.84,36.85,930.0,CAKE
2023-07-13 09:48:00,36.82,36.84,36.82,36.82,2191.0,CAKE
2023-07-13 09:47:00,36.76,36.8,36.76,36.8,1432.0,CAKE
2023-07-13 09:46:00,36.76,36.77,36.76,36.77,966.0,CAKE
2023-07-13 09:45:00,36.798,36.85,36.79,36.8,2275.0,CAKE
2023-07-13 09:44:00,36.67,36.8,36.67,36.79,2311.0,CAKE
2023-07-13 09:43:00,36.68,36.68,36.65,36.65,718.0,CAKE
2023-07-13 09:42:00,36.71,36.72,36.63,36.658,3826.0,CAKE
2023-07-13 09:41:00,36.75,36.75,36.75,36.75,1271.0,CAKE
2023-07-13 09:40:00,36.71,36.71,36.71,36.71,182.0,CAKE
2023-07-13 09:39:00,36.69,36.69,36.66,36.66,1060.0,CAKE
2023-07-13 09:38:00,36.675,36.72,36.66,36.72,2708.0,CAKE
2023-07-13 09:37:00,36.685,36.685,36.685,36.685,589.0,CAKE
2023-07-13 09:36:00,36.66,36.68,36.64,36.68,2274.0,CAKE
2023-07-13 09:35:00,36.62,36.71,36.62,36.71,798.0,CAKE
2023-07-13 09:34:00,36.63,36.71,36.626,36.664,1422.0,CAKE
2023-07-13 09:33:00,36.54,36.58,36.54,36.58,907.0,CAKE
2023-07-13 09:32:00,36.515,36.515,36.515,36.515,119.0,CAKE
2023-07-13 09:31:00,36.65,36.65,36.53,36.53,555.0,CAKE
2023-07-13 09:30:00,36.72,36.72,36.645,36.645,5201.0,CAKE
2023-07-13 09:29:00,36.79,36.79,36.79,36.79,100.0,CAKE
2023-07-13 09:06:00,36.45,36.75,36.45,36.75,4.0,CAKE
2023-07-13 09:04:00,36.75,36.75,36.75,36.75,35.0,CAKE
2023-07-13 09:02:00,36.45,36.45,36.45,36.45,222.0,CAKE
2023-07-13 09:01:00,36.46,36.46,36.45,36.45,58.0,CAKE
2023-07-13 08:56:00,36.75,36.75,36.75,36.75,1.0,CAKE
2023-07-13 08:54:00,36.9,36.9,36.75,36.75,6.0,CAKE
2023-07-13 08:52:00,36.45,36.45,36.45,36.45,1.0,CAKE
2023-07-13 08:51:00,36.66,36.66,36.66,36.66,1.0,CAKE
2023-07-13 08:42:00,36.46,36.46,36.45,36.45,4.0,CAKE
2023-07-13 08:41:00,35.0,35.0,35.0,35.0,100.0,CAKE
2023-07-13 08:37:00,36.9,36.9,36.9,36.9,10.0,CAKE
2023-07-13 08:29:00,36.66,36.66,36.66,36.66,10.0,CAKE
2023-07-13 08:12:00,36.775,36.775,36.775,36.775,2.0,CAKE
2023-07-13 08:05:00,36.45,36.45,36.45,36.45,50.0,CAKE
2023-07-12 19:30:00,36.58,36.58,36.58,36.58,1.0,CAKE
2023-07-12 19:26:00,36.58,36.58,36.58,36.58,1.0,CAKE
2023-07-12 19:20:00,36.53,36.53,36.53,36.53,3.0,CAKE
2023-07-12 18:40:00,36.58,36.58,36.58,36.58,1.0,CAKE
2023-07-12 18:22:00,36.59,36.59,36.59,36.59,1.0,CAKE
2023-07-12 18:09:00,36.58,36.58,36.58,36.58,109.0,CAKE
2023-07-12 17:02:00,36.59,36.59,36.59,36.59,7.0,CAKE
2023-07-12 17:00:00,35.36,35.36,35.36,35.36,2.0,CAKE
2023-07-12 16:55:00,36.45,36.45,36.45,36.45,220.0,CAKE
2023-07-12 16:11:00,36.45,36.45,36.45,36.45,1979.0,CAKE
2023-07-12 16:07:00,36.59,36.59,36.59,36.59,1.0,CAKE
2023-07-12 16:02:00,36.45,36.45,36.45,36.45,1066.0,CAKE
2023-07-12 16:01:00,36.45,36.45,36.45,36.45,6683.0,CAKE
2023-07-12 16:00:00,36.45,36.45,36.45,36.45,133981.0,CAKE
2023-07-12 15:59:00,36.44,36.45,36.435,36.45,13339.0,CAKE
2023-07-12 15:58:00,36.445,36.45,36.44,36.44,10985.0,CAKE
2023-07-12 15:57:00,36.455,36.46,36.44,36.44,8118.0,CAKE
2023-07-12 15:56:00,36.45,36.46,36.45,36.455,8842.0,CAKE
2023-07-12 15:55:00,36.47,36.48,36.45,36.455,5849.0,CAKE
2023-07-12 15:54:00,36.46,36.48,36.46,36.47,3941.0,CAKE
2023-07-12 15:53:00,36.45,36.47,36.45,36.455,3267.0,CAKE
2023-07-12 15:52:00,36.48,36.48,36.45,36.46,6320.0,CAKE
2023-07-12 15:51:00,36.49,36.49,36.465,36.47,5472.0,CAKE
2023-07-12 15:50:00,36.51,36.52,36.49,36.49,4858.0,CAKE
2023-07-12 15:49:00,36.54,36.54,36.52,36.52,3165.0,CAKE
2023-07-12 15:48:00,36.55,36.555,36.53,36.53,2098.0,CAKE
2023-07-12 15:47:00,36.55,36.57,36.55,36.56,3916.0,CAKE
2023-07-12 15:46:00,36.56,36.58,36.56,36.57,2925.0,CAKE
2023-07-12 15:45:00,36.57,36.59,36.555,36.57,7128.0,CAKE
2023-07-12 15:44:00,36.54,36.57,36.54,36.57,2578.0,CAKE
2023-07-12 15:43:00,36.56,36.56,36.55,36.55,2031.0,CAKE
2023-07-12 15:42:00,36.52,36.56,36.52,36.56,2955.0,CAKE
2023-07-12 15:41:00,36.51,36.51,36.508,36.51,3238.0,CAKE
2023-07-12 15:40:00,36.45,36.49,36.44,36.49,6143.0,CAKE
2023-07-12 15:39:00,36.465,36.465,36.46,36.46,987.0,CAKE
2023-07-12 15:38:00,36.5,36.5,36.47,36.47,6104.0,CAKE
2023-07-12 15:37:00,36.47,36.5,36.47,36.49,4577.0,CAKE
2023-07-12 15:36:00,36.465,36.47,36.46,36.46,2084.0,CAKE
2023-07-12 15:35:00,36.48,36.48,36.46,36.46,1729.0,CAKE
2023-07-12 15:34:00,36.47,36.48,36.47,36.48,438.0,CAKE
2023-07-12 15:33:00,36.49,36.49,36.47,36.47,2083.0,CAKE
2023-07-12 15:32:00,36.46,36.5,36.46,36.5,1575.0,CAKE
2023-07-12 15:31:00,36.475,36.48,36.45,36.45,2774.0,CAKE
2023-07-12 15:30:00,36.475,36.475,36.47,36.47,538.0,CAKE
2023-07-12 15:29:00,36.48,36.49,36.47,36.47,2357.0,CAKE
2023-07-12 15:28:00,36.45,36.47,36.445,36.47,3007.0,CAKE
2023-07-12 15:27:00,36.46,36.46,36.45,36.455,1091.0,CAKE
2023-07-12 15:26:00,36.44,36.46,36.44,36.46,1644.0,CAKE
2023-07-12 15:25:00,36.45,36.45,36.43,36.43,901.0,CAKE
2023-07-12 15:24:00,36.49,36.49,36.45,36.45,1505.0,CAKE
2023-07-12 15:23:00,36.49,36.5,36.484,36.5,1269.0,CAKE
2023-07-12 15:22:00,36.53,36.53,36.51,36.51,781.0,CAKE
2023-07-12 15:21:00,36.535,36.535,36.53,36.53,1793.0,CAKE
2023-07-12 15:20:00,36.57,36.57,36.545,36.545,4177.0,CAKE
2023-07-12 15:19:00,36.57,36.575,36.57,36.575,1363.0,CAKE
2023-07-12 15:18:00,36.56,36.56,36.56,36.56,442.0,CAKE
2023-07-12 15:17:00,36.565,36.57,36.55,36.555,2142.0,CAKE
2023-07-12 15:16:00,36.56,36.56,36.56,36.56,645.0,CAKE
2023-07-12 15:15:00,36.57,36.57,36.55,36.55,742.0,CAKE
2023-07-12 15:14:00,36.55,36.55,36.54,36.55,684.0,CAKE
2023-07-12 15:13:00,36.53,36.54,36.53,36.54,1260.0,CAKE
2023-07-12 15:12:00,36.49,36.51,36.49,36.51,873.0,CAKE
2023-07-12 15:11:00,36.48,36.489,36.47,36.489,1074.0,CAKE
2023-07-12 15:10:00,36.49,36.496,36.48,36.48,1897.0,CAKE
2023-07-12 15:08:00,36.46,36.46,36.46,36.46,1000.0,CAKE
2023-07-12 15:07:00,36.44,36.47,36.44,36.47,1862.0,CAKE
2023-07-12 15:06:00,36.42,36.42,36.42,36.42,304.0,CAKE
2023-07-12 15:05:00,36.43,36.43,36.43,36.43,1504.0,CAKE
2023-07-12 15:04:00,36.43,36.435,36.43,36.43,1512.0,CAKE
2023-07-12 15:03:00,36.465,36.465,36.42,36.42,2168.0,CAKE
2023-07-12 15:02:00,36.46,36.468,36.46,36.468,229.0,CAKE
2023-07-12 15:01:00,36.49,36.49,36.47,36.47,2093.0,CAKE
2023-07-12 15:00:00,36.505,36.505,36.5,36.5,583.0,CAKE
2023-07-12 14:59:00,36.51,36.51,36.494,36.494,1139.0,CAKE
2023-07-12 14:57:00,36.51,36.51,36.5,36.51,1101.0,CAKE
2023-07-12 14:55:00,36.51,36.51,36.51,36.51,707.0,CAKE
2023-07-12 14:54:00,36.5,36.5,36.49,36.5,2445.0,CAKE
2023-07-12 14:53:00,36.508,36.508,36.508,36.508,164.0,CAKE
2023-07-12 14:52:00,36.53,36.53,36.51,36.51,2408.0,CAKE
2023-07-12 14:51:00,36.52,36.53,36.52,36.53,859.0,CAKE
2023-07-12 14:50:00,36.52,36.52,36.52,36.52,127.0,CAKE
2023-07-12 14:49:00,36.52,36.52,36.52,36.52,484.0,CAKE
2023-07-12 14:48:00,36.52,36.52,36.52,36.52,870.0,CAKE
2023-07-12 14:47:00,36.53,36.53,36.52,36.52,2986.0,CAKE
2023-07-12 14:45:00,36.545,36.545,36.545,36.545,327.0,CAKE
2023-07-12 14:44:00,36.548,36.55,36.53,36.55,1151.0,CAKE
2023-07-12 14:43:00,36.54,36.54,36.54,36.54,803.0,CAKE
2023-07-12 14:42:00,36.53,36.53,36.53,36.53,249.0,CAKE
2023-07-12 14:41:00,36.54,36.543,36.54,36.543,953.0,CAKE
2023-07-12 14:39:00,36.59,36.59,36.56,36.56,3414.0,CAKE
2023-07-12 14:38:00,36.56,36.59,36.56,36.59,872.0,CAKE
2023-07-12 14:37:00,36.55,36.56,36.55,36.56,368.0,CAKE
2023-07-12 14:35:00,36.54,36.55,36.54,36.55,1172.0,CAKE
2023-07-12 14:34:00,36.56,36.56,36.53,36.53,1947.0,CAKE
2023-07-12 14:33:00,36.565,36.565,36.565,36.565,230.0,CAKE
2023-07-12 14:32:00,36.562,36.57,36.562,36.57,888.0,CAKE
2023-07-12 14:31:00,36.552,36.565,36.552,36.565,585.0,CAKE
2023-07-12 14:30:00,36.56,36.56,36.56,36.56,1648.0,CAKE
2023-07-12 14:29:00,36.56,36.56,36.56,36.56,266.0,CAKE
2023-07-12 14:28:00,36.56,36.56,36.56,36.56,1210.0,CAKE
2023-07-12 14:27:00,36.6,36.6,36.56,36.56,5182.0,CAKE
2023-07-12 14:26:00,36.6,36.6,36.6,36.6,314.0,CAKE
2023-07-12 14:25:00,36.62,36.62,36.6,36.6,319.0,CAKE
2023-07-12 14:24:00,36.603,36.61,36.603,36.61,390.0,CAKE
2023-07-12 14:23:00,36.61,36.62,36.61,36.62,526.0,CAKE
2023-07-12 14:22:00,36.61,36.61,36.6,36.605,1544.0,CAKE
2023-07-12 14:21:00,36.6,36.6,36.6,36.6,728.0,CAKE
2023-07-12 14:20:00,36.54,36.56,36.54,36.56,948.0,CAKE
2023-07-12 14:18:00,36.51,36.53,36.51,36.53,1545.0,CAKE
2023-07-12 14:17:00,36.54,36.54,36.515,36.515,3295.0,CAKE
2023-07-12 14:16:00,36.54,36.54,36.54,36.54,329.0,CAKE
2023-07-12 14:15:00,36.55,36.55,36.55,36.55,265.0,CAKE
2023-07-12 14:13:00,36.49,36.53,36.49,36.525,3275.0,CAKE
2023-07-12 14:12:00,36.5,36.5,36.5,36.5,615.0,CAKE
2023-07-12 14:11:00,36.51,36.525,36.5,36.505,4445.0,CAKE
2023-07-12 14:10:00,36.52,36.54,36.52,36.52,1216.0,CAKE
2023-07-12 14:09:00,36.49,36.5,36.48,36.5,1762.0,CAKE
2023-07-12 14:08:00,36.5,36.5,36.5,36.5,245.0,CAKE
2023-07-12 14:07:00,36.5,36.5,36.5,36.5,144.0,CAKE
2023-07-12 14:06:00,36.483,36.483,36.483,36.483,131.0,CAKE
2023-07-12 14:05:00,36.44,36.48,36.44,36.48,505.0,CAKE
2023-07-12 14:03:00,36.39,36.43,36.39,36.43,1203.0,CAKE
2023-07-12 14:02:00,36.385,36.39,36.385,36.39,834.0,CAKE
2023-07-12 14:01:00,36.39,36.39,36.37,36.37,2186.0,CAKE
2023-07-12 14:00:00,36.39,36.39,36.385,36.385,490.0,CAKE
2023-07-12 13:59:00,36.361,36.37,36.361,36.37,507.0,CAKE
2023-07-12 13:57:00,36.38,36.38,36.36,36.36,844.0,CAKE
2023-07-12 13:56:00,36.36,36.38,36.36,36.38,1565.0,CAKE
2023-07-12 13:55:00,36.355,36.355,36.35,36.35,502.0,CAKE
2023-07-12 13:54:00,36.351,36.36,36.35,36.35,2047.0,CAKE
2023-07-12 13:53:00,36.35,36.355,36.35,36.355,2934.0,CAKE
2023-07-12 13:52:00,36.37,36.37,36.35,36.35,568.0,CAKE
2023-07-12 13:51:00,36.39,36.39,36.38,36.38,1251.0,CAKE
2023-07-12 13:50:00,36.39,36.39,36.39,36.39,741.0,CAKE
2023-07-12 13:49:00,36.39,36.39,36.39,36.39,474.0,CAKE
2023-07-12 13:48:00,36.41,36.41,36.41,36.41,234.0,CAKE
2023-07-12 13:47:00,36.41,36.415,36.41,36.415,1944.0,CAKE
2023-07-12 13:46:00,36.42,36.42,36.415,36.418,2717.0,CAKE
2023-07-12 13:45:00,36.45,36.45,36.42,36.42,3210.0,CAKE
2023-07-12 13:44:00,36.455,36.46,36.453,36.46,6984.0,CAKE
2023-07-12 13:43:00,36.45,36.458,36.44,36.458,1361.0,CAKE
2023-07-12 13:42:00,36.48,36.48,36.44,36.44,1823.0,CAKE
2023-07-12 13:41:00,36.49,36.49,36.49,36.49,827.0,CAKE
2023-07-12 13:40:00,36.5,36.5,36.49,36.49,1275.0,CAKE
2023-07-12 13:38:00,36.48,36.5,36.48,36.5,1473.0,CAKE
2023-07-12 13:37:00,36.5,36.5,36.49,36.49,2519.0,CAKE
2023-07-12 13:36:00,36.51,36.51,36.51,36.51,1373.0,CAKE
2023-07-12 13:35:00,36.52,36.52,36.51,36.51,710.0,CAKE
2023-07-12 13:34:00,36.518,36.518,36.518,36.518,176.0,CAKE
2023-07-12 13:33:00,36.47,36.52,36.47,36.52,2418.0,CAKE
2023-07-12 13:32:00,36.48,36.48,36.48,36.48,369.0,CAKE
2023-07-12 13:31:00,36.47,36.48,36.47,36.48,12061.0,CAKE
2023-07-12 13:30:00,36.455,36.47,36.45,36.47,1426.0,CAKE
2023-07-12 13:29:00,36.465,36.465,36.46,36.46,1484.0,CAKE
2023-07-12 13:28:00,36.47,36.47,36.465,36.465,862.0,CAKE
2023-07-12 13:27:00,36.485,36.485,36.47,36.47,1216.0,CAKE
2023-07-12 13:26:00,36.485,36.49,36.48,36.48,900.0,CAKE
2023-07-12 13:24:00,36.495,36.495,36.49,36.49,838.0,CAKE
2023-07-12 13:23:00,36.48,36.49,36.48,36.49,1185.0,CAKE
2023-07-12 13:22:00,36.46,36.47,36.46,36.47,1987.0,CAKE
2023-07-12 13:21:00,36.475,36.475,36.47,36.47,3642.0,CAKE
2023-07-12 13:20:00,36.48,36.48,36.472,36.472,529.0,CAKE
2023-07-12 13:19:00,36.47,36.48,36.46,36.48,1406.0,CAKE
2023-07-12 13:18:00,36.43,36.45,36.43,36.45,3154.0,CAKE
2023-07-12 13:17:00,36.44,36.44,36.43,36.432,1969.0,CAKE
2023-07-12 13:16:00,36.46,36.46,36.445,36.445,1337.0,CAKE
2023-07-12 13:15:00,36.44,36.45,36.44,36.45,438.0,CAKE
2023-07-12 13:14:00,36.438,36.44,36.438,36.44,1083.0,CAKE
2023-07-12 13:13:00,36.401,36.41,36.401,36.41,370.0,CAKE
2023-07-12 13:12:00,36.375,36.38,36.375,36.38,1185.0,CAKE
2023-07-12 13:11:00,36.39,36.39,36.385,36.385,1135.0,CAKE
2023-07-12 13:10:00,36.385,36.385,36.385,36.385,137.0,CAKE
2023-07-12 13:08:00,36.36,36.38,36.36,36.38,1568.0,CAKE
2023-07-12 13:07:00,36.34,36.35,36.34,36.35,848.0,CAKE
2023-07-12 13:06:00,36.34,36.34,36.34,36.34,423.0,CAKE
2023-07-12 13:05:00,36.36,36.36,36.335,36.34,2265.0,CAKE
2023-07-12 13:04:00,36.36,36.36,36.36,36.36,580.0,CAKE
2023-07-12 13:03:00,36.37,36.37,36.37,36.37,604.0,CAKE
2023-07-12 13:02:00,36.37,36.37,36.37,36.37,352.0,CAKE
2023-07-12 13:01:00,36.38,36.38,36.37,36.37,875.0,CAKE
2023-07-12 12:59:00,36.345,36.36,36.345,36.36,745.0,CAKE
2023-07-12 12:58:00,36.37,36.37,36.35,36.35,370.0,CAKE
2023-07-12 12:57:00,36.41,36.41,36.4,36.4,977.0,CAKE
2023-07-12 12:56:00,36.45,36.45,36.42,36.42,3151.0,CAKE
2023-07-12 12:55:00,36.434,36.434,36.434,36.434,1254.0,CAKE
2023-07-12 12:52:00,36.425,36.43,36.425,36.43,778.0,CAKE
2023-07-12 12:51:00,36.42,36.42,36.42,36.42,1139.0,CAKE
2023-07-12 12:49:00,36.38,36.39,36.38,36.39,562.0,CAKE
2023-07-12 12:48:00,36.36,36.36,36.36,36.36,953.0,CAKE
2023-07-12 12:47:00,36.35,36.35,36.35,36.35,320.0,CAKE
2023-07-12 12:46:00,36.36,36.36,36.36,36.36,406.0,CAKE
2023-07-12 12:45:00,36.37,36.37,36.37,36.37,763.0,CAKE
2023-07-12 12:44:00,36.37,36.37,36.37,36.37,223.0,CAKE
2023-07-12 12:43:00,36.38,36.39,36.38,36.38,618.0,CAKE
2023-07-12 12:42:00,36.37,36.37,36.37,36.37,577.0,CAKE
2023-07-12 12:41:00,36.355,36.37,36.355,36.37,504.0,CAKE
2023-07-12 12:40:00,36.37,36.39,36.35,36.35,2775.0,CAKE
2023-07-12 12:39:00,36.37,36.37,36.37,36.37,115.0,CAKE
2023-07-12 12:37:00,36.39,36.39,36.36,36.37,3492.0,CAKE
2023-07-12 12:36:00,36.4,36.4,36.39,36.39,942.0,CAKE
2023-07-12 12:35:00,36.39,36.41,36.39,36.41,543.0,CAKE
2023-07-12 12:34:00,36.38,36.39,36.38,36.39,1560.0,CAKE
2023-07-12 12:33:00,36.37,36.378,36.37,36.375,582.0,CAKE
2023-07-12 12:32:00,36.36,36.365,36.36,36.365,715.0,CAKE
2023-07-12 12:31:00,36.37,36.37,36.369,36.369,1027.0,CAKE
2023-07-12 12:30:00,36.35,36.37,36.35,36.37,2125.0,CAKE
2023-07-12 12:28:00,36.33,36.35,36.33,36.35,848.0,CAKE
2023-07-12 12:27:00,36.315,36.34,36.315,36.34,1850.0,CAKE
2023-07-12 12:26:00,36.34,36.34,36.31,36.31,1825.0,CAKE
2023-07-12 12:25:00,36.35,36.35,36.35,36.35,890.0,CAKE
2023-07-12 12:23:00,36.32,36.345,36.32,36.34,1391.0,CAKE
2023-07-12 12:21:00,36.3,36.3,36.3,36.3,668.0,CAKE
2023-07-12 12:20:00,36.29,36.29,36.28,36.29,1045.0,CAKE
2023-07-12 12:19:00,36.285,36.285,36.28,36.28,624.0,CAKE
2023-07-12 12:17:00,36.31,36.31,36.3,36.3,459.0,CAKE
2023-07-12 12:16:00,36.27,36.3,36.27,36.3,1495.0,CAKE
2023-07-12 12:15:00,36.33,36.33,36.31,36.31,1683.0,CAKE
2023-07-12 12:14:00,36.33,36.33,36.33,36.33,1306.0,CAKE
2023-07-12 12:13:00,36.32,36.33,36.32,36.33,969.0,CAKE
2023-07-12 12:12:00,36.29,36.29,36.29,36.29,795.0,CAKE
2023-07-12 12:11:00,36.27,36.29,36.27,36.29,1224.0,CAKE
2023-07-12 12:10:00,36.25,36.26,36.25,36.26,735.0,CAKE
2023-07-12 12:09:00,36.25,36.25,36.25,36.25,961.0,CAKE
2023-07-12 12:08:00,36.27,36.27,36.27,36.27,555.0,CAKE
2023-07-12 12:07:00,36.27,36.29,36.27,36.28,2246.0,CAKE
2023-07-12 12:06:00,36.265,36.265,36.255,36.265,2366.0,CAKE
2023-07-12 12:04:00,36.27,36.27,36.265,36.265,638.0,CAKE
2023-07-12 12:03:00,36.275,36.275,36.275,36.275,126.0,CAKE
2023-07-12 12:02:00,36.28,36.28,36.28,36.28,803.0,CAKE
2023-07-12 12:01:00,36.29,36.29,36.29,36.29,364.0,CAKE
2023-07-12 12:00:00,36.25,36.28,36.24,36.28,1273.0,CAKE
2023-07-12 11:59:00,36.26,36.26,36.25,36.25,525.0,CAKE
2023-07-12 11:58:00,36.272,36.272,36.26,36.26,675.0,CAKE
2023-07-12 11:57:00,36.245,36.28,36.245,36.28,1320.0,CAKE
2023-07-12 11:56:00,36.29,36.29,36.27,36.27,1231.0,CAKE
2023-07-12 11:55:00,36.26,36.295,36.255,36.295,2482.0,CAKE
2023-07-12 11:54:00,36.26,36.26,36.26,36.26,133.0,CAKE
2023-07-12 11:53:00,36.27,36.27,36.265,36.27,885.0,CAKE
2023-07-12 11:52:00,36.29,36.29,36.28,36.28,1336.0,CAKE
2023-07-12 11:51:00,36.29,36.29,36.29,36.29,1038.0,CAKE
2023-07-12 11:50:00,36.27,36.28,36.27,36.28,1541.0,CAKE
2023-07-12 11:49:00,36.27,36.275,36.262,36.275,1531.0,CAKE
2023-07-12 11:47:00,36.3,36.3,36.265,36.265,2734.0,CAKE
2023-07-12 11:46:00,36.3,36.3,36.29,36.3,1054.0,CAKE
2023-07-12 11:45:00,36.29,36.3,36.26,36.3,2704.0,CAKE
2023-07-12 11:44:00,36.29,36.29,36.29,36.29,262.0,CAKE
2023-07-12 11:43:00,36.3,36.3,36.3,36.3,442.0,CAKE
2023-07-12 11:42:00,36.26,36.29,36.26,36.29,1789.0,CAKE
2023-07-12 11:41:00,36.25,36.26,36.25,36.26,1189.0,CAKE
2023-07-12 11:40:00,36.26,36.26,36.24,36.24,1665.0,CAKE
2023-07-12 11:39:00,36.25,36.25,36.24,36.245,1097.0,CAKE
2023-07-12 11:37:00,36.25,36.27,36.25,36.265,1472.0,CAKE
2023-07-12 11:36:00,36.275,36.28,36.24,36.25,2505.0,CAKE
2023-07-12 11:35:00,36.29,36.29,36.29,36.29,818.0,CAKE
2023-07-12 11:34:00,36.29,36.305,36.28,36.28,1912.0,CAKE
2023-07-12 11:33:00,36.28,36.28,36.28,36.28,302.0,CAKE
2023-07-12 11:32:00,36.28,36.28,36.275,36.275,285.0,CAKE
2023-07-12 11:31:00,36.28,36.292,36.28,36.28,2485.0,CAKE
2023-07-12 11:28:00,36.3,36.3,36.27,36.27,1228.0,CAKE
2023-07-12 11:27:00,36.27,36.29,36.25,36.29,2608.0,CAKE
2023-07-12 11:26:00,36.28,36.28,36.28,36.28,490.0,CAKE
2023-07-12 11:24:00,36.27,36.28,36.27,36.27,484.0,CAKE
2023-07-12 11:23:00,36.265,36.28,36.25,36.28,776.0,CAKE
2023-07-12 11:22:00,36.24,36.26,36.24,36.26,1530.0,CAKE
2023-07-12 11:21:00,36.265,36.265,36.23,36.23,1623.0,CAKE
2023-07-12 11:20:00,36.3,36.31,36.27,36.27,3550.0,CAKE
2023-07-12 11:19:00,36.31,36.31,36.305,36.305,1662.0,CAKE
2023-07-12 11:18:00,36.33,36.33,36.33,36.33,238.0,CAKE
2023-07-12 11:17:00,36.28,36.32,36.28,36.32,1389.0,CAKE
2023-07-12 11:16:00,36.26,36.27,36.26,36.27,1052.0,CAKE
2023-07-12 11:15:00,36.28,36.28,36.26,36.26,1733.0,CAKE
2023-07-12 11:14:00,36.3,36.3,36.3,36.3,170.0,CAKE
2023-07-12 11:13:00,36.276,36.276,36.276,36.276,260.0,CAKE
2023-07-12 11:12:00,36.27,36.27,36.259,36.265,2154.0,CAKE
2023-07-12 11:11:00,36.26,36.285,36.26,36.285,912.0,CAKE
2023-07-12 11:10:00,36.23,36.23,36.23,36.23,273.0,CAKE
2023-07-12 11:09:00,36.19,36.23,36.19,36.23,2507.0,CAKE
2023-07-12 11:08:00,36.21,36.21,36.19,36.19,1323.0,CAKE
2023-07-12 11:07:00,36.2,36.2,36.18,36.18,1058.0,CAKE
2023-07-12 11:06:00,36.185,36.19,36.185,36.19,462.0,CAKE
2023-07-12 11:05:00,36.18,36.19,36.18,36.19,653.0,CAKE
2023-07-12 11:04:00,36.18,36.199,36.18,36.199,1384.0,CAKE
2023-07-12 11:03:00,36.19,36.19,36.185,36.185,2130.0,CAKE
2023-07-12 11:02:00,36.17,36.18,36.17,36.18,884.0,CAKE
2023-07-12 11:01:00,36.16,36.175,36.16,36.175,2815.0,CAKE
2023-07-12 11:00:00,36.12,36.14,36.12,36.14,292.0,CAKE
2023-07-12 10:59:00,36.095,36.145,36.095,36.145,2422.0,CAKE
2023-07-12 10:57:00,36.105,36.105,36.07,36.07,1659.0,CAKE
2023-07-12 10:56:00,36.049,36.09,36.049,36.09,2015.0,CAKE
2023-07-12 10:55:00,36.025,36.04,36.025,36.04,690.0,CAKE
2023-07-12 10:54:00,36.025,36.025,36.01,36.01,272.0,CAKE
2023-07-12 10:53:00,36.025,36.025,36.025,36.025,236.0,CAKE
2023-07-12 10:52:00,36.04,36.04,36.01,36.025,835.0,CAKE
2023-07-12 10:51:00,36.1,36.1,36.045,36.05,2706.0,CAKE
2023-07-12 10:50:00,36.13,36.13,36.125,36.125,409.0,CAKE
2023-07-12 10:49:00,36.08,36.08,36.08,36.08,478.0,CAKE
2023-07-12 10:48:00,36.015,36.04,36.0,36.04,1250.0,CAKE
2023-07-12 10:46:00,35.96,36.01,35.955,36.01,2080.0,CAKE
2023-07-12 10:45:00,35.93,35.97,35.92,35.97,1896.0,CAKE
2023-07-12 10:44:00,35.93,35.94,35.93,35.94,444.0,CAKE
2023-07-12 10:43:00,35.99,35.99,35.955,35.955,866.0,CAKE
2023-07-12 10:42:00,36.0,36.0,35.995,35.998,1682.0,CAKE
2023-07-12 10:41:00,36.05,36.05,36.02,36.02,1664.0,CAKE
2023-07-12 10:39:00,36.06,36.07,36.055,36.055,1010.0,CAKE
2023-07-12 10:38:00,36.1,36.1,36.06,36.06,2147.0,CAKE
2023-07-12 10:37:00,36.108,36.129,36.09,36.115,2650.0,CAKE
2023-07-12 10:36:00,36.135,36.135,36.1,36.1,2491.0,CAKE
2023-07-12 10:35:00,36.11,36.17,36.11,36.117,1596.0,CAKE
2023-07-12 10:34:00,36.1,36.1,36.1,36.1,1155.0,CAKE
2023-07-12 10:33:00,36.07,36.1,36.06,36.08,976.0,CAKE
2023-07-12 10:32:00,36.005,36.055,36.005,36.055,2722.0,CAKE
2023-07-12 10:31:00,35.98,36.02,35.95,36.02,1163.0,CAKE
2023-07-12 10:30:00,35.895,35.92,35.895,35.92,499.0,CAKE
2023-07-12 10:29:00,35.87,35.89,35.87,35.89,211.0,CAKE
2023-07-12 10:28:00,35.82,35.88,35.815,35.88,1362.0,CAKE
2023-07-12 10:27:00,35.81,35.83,35.81,35.83,356.0,CAKE
2023-07-12 10:26:00,35.78,35.78,35.75,35.75,318.0,CAKE
2023-07-12 10:25:00,35.74,35.74,35.74,35.74,447.0,CAKE
2023-07-12 10:24:00,35.69,35.69,35.69,35.69,500.0,CAKE
2023-07-12 10:23:00,35.715,35.715,35.715,35.715,307.0,CAKE
2023-07-12 10:22:00,35.7,35.74,35.7,35.73,722.0,CAKE
2023-07-12 10:21:00,35.66,35.68,35.66,35.68,695.0,CAKE
2023-07-12 10:20:00,35.643,35.65,35.635,35.65,1232.0,CAKE
2023-07-12 10:19:00,35.668,35.668,35.668,35.668,163.0,CAKE
2023-07-12 10:18:00,35.715,35.715,35.67,35.675,1580.0,CAKE
2023-07-12 10:17:00,35.715,35.715,35.715,35.715,139.0,CAKE
2023-07-12 10:16:00,35.72,35.72,35.71,35.71,223.0,CAKE
2023-07-12 10:15:00,35.77,35.77,35.75,35.75,526.0,CAKE
2023-07-12 10:14:00,35.8,35.81,35.75,35.75,1607.0,CAKE
2023-07-12 10:13:00,35.82,35.82,35.81,35.81,710.0,CAKE
2023-07-12 10:11:00,35.76,35.78,35.76,35.78,557.0,CAKE
2023-07-12 10:08:00,35.76,35.76,35.76,35.76,609.0,CAKE
2023-07-12 10:07:00,35.74,35.755,35.74,35.755,546.0,CAKE
2023-07-12 10:06:00,35.667,35.72,35.667,35.715,747.0,CAKE
2023-07-12 10:05:00,35.74,35.74,35.74,35.74,788.0,CAKE
2023-07-12 10:03:00,35.75,35.75,35.74,35.74,704.0,CAKE
2023-07-12 10:02:00,35.795,35.795,35.75,35.775,1487.0,CAKE
2023-07-12 10:01:00,35.8,35.82,35.79,35.82,1921.0,CAKE
2023-07-12 10:00:00,35.82,35.82,35.82,35.82,435.0,CAKE
2023-07-12 09:59:00,35.82,35.82,35.76,35.76,1100.0,CAKE
2023-07-12 09:58:00,35.86,35.86,35.86,35.86,482.0,CAKE
2023-07-12 09:57:00,35.81,35.86,35.81,35.86,844.0,CAKE
2023-07-12 09:55:00,35.77,35.77,35.77,35.77,435.0,CAKE
2023-07-12 09:54:00,35.84,35.85,35.82,35.82,739.0,CAKE
2023-07-12 09:53:00,35.93,35.97,35.85,35.85,2408.0,CAKE
2023-07-12 09:52:00,35.91,35.91,35.91,35.91,548.0,CAKE
2023-07-12 09:51:00,35.81,35.88,35.81,35.88,890.0,CAKE
2023-07-12 09:50:00,35.86,35.86,35.8,35.8,1756.0,CAKE
2023-07-12 09:49:00,35.831,35.87,35.82,35.85,3332.0,CAKE
2023-07-12 09:48:00,35.88,35.88,35.87,35.87,597.0,CAKE
2023-07-12 09:47:00,35.88,35.91,35.85,35.85,3590.0,CAKE
2023-07-12 09:45:00,35.85,35.88,35.85,35.88,229.0,CAKE
2023-07-12 09:43:00,35.89,35.89,35.89,35.89,246.0,CAKE
2023-07-12 09:42:00,35.89,35.89,35.885,35.885,210.0,CAKE
2023-07-12 09:41:00,35.94,35.94,35.885,35.905,1088.0,CAKE
2023-07-12 09:40:00,36.0,36.0,35.99,35.99,261.0,CAKE
2023-07-12 09:39:00,36.15,36.15,36.045,36.045,1052.0,CAKE
2023-07-12 09:38:00,36.18,36.25,36.15,36.15,3098.0,CAKE
2023-07-12 09:37:00,36.255,36.255,36.16,36.2,1564.0,CAKE
2023-07-12 09:36:00,36.315,36.315,36.315,36.315,381.0,CAKE
2023-07-12 09:35:00,36.235,36.33,36.235,36.26,359.0,CAKE
2023-07-12 09:34:00,36.24,36.24,36.24,36.24,181.0,CAKE
2023-07-12 09:33:00,36.34,36.34,36.17,36.24,2016.0,CAKE
2023-07-12 09:32:00,36.27,36.27,36.27,36.27,265.0,CAKE
2023-07-12 09:31:00,36.15,36.3,36.15,36.3,1215.0,CAKE
2023-07-12 09:30:00,36.12,36.12,36.01,36.048,5146.0,CAKE
2023-07-12 09:29:00,36.0,36.06,35.96,35.96,45.0,CAKE
2023-07-12 09:16:00,36.6,36.6,36.6,36.6,50.0,CAKE
2023-07-12 09:14:00,36.6,36.6,35.6,35.6,3.0,CAKE
2023-07-12 09:10:00,36.0,36.0,36.0,36.0,2.0,CAKE
2023-07-12 09:07:00,36.0,36.0,36.0,36.0,1.0,CAKE
2023-07-12 09:00:00,36.0,36.0,36.0,36.0,50.0,CAKE
2023-07-12 08:50:00,36.0,36.0,36.0,36.0,5.0,CAKE
2023-07-12 08:45:00,36.0,36.0,36.0,36.0,50.0,CAKE
2023-07-12 08:42:00,36.0,36.0,35.54,35.54,1000.0,CAKE
2023-07-12 08:40:00,36.0,36.0,36.0,36.0,100.0,CAKE
2023-07-12 08:33:00,35.99,35.99,35.99,35.99,25.0,CAKE
2023-07-12 08:26:00,36.0,36.0,36.0,36.0,15.0,CAKE
2023-07-12 08:16:00,35.99,35.99,35.99,35.99,1.0,CAKE
2023-07-12 08:13:00,35.0,35.0,35.0,35.0,1.0,CAKE
2023-07-12 08:00:00,35.56,36.9,35.54,36.9,81.0,CAKE
2023-07-12 07:21:00,35.56,35.56,35.56,35.56,75.0,CAKE
2023-07-12 07:18:00,35.56,35.56,35.56,35.56,5.0,CAKE
2023-07-12 07:00:00,35.87,35.87,35.87,35.87,1.0,CAKE
2023-07-11 19:46:00,35.27,35.27,35.27,35.27,1.0,CAKE
2023-07-11 19:44:00,35.92,35.92,35.92,35.92,1.0,CAKE
2023-07-11 19:13:00,35.56,35.56,35.56,35.56,1.0,CAKE
2023-07-11 18:33:00,35.0,35.0,35.0,35.0,1.0,CAKE
2023-07-11 17:44:00,35.56,35.56,35.56,35.56,144.0,CAKE
2023-07-11 17:23:00,35.6,35.6,35.42,35.42,2.0,CAKE
2023-07-11 16:59:00,34.43,35.99,34.43,35.99,200.0,CAKE
2023-07-11 16:45:00,36.11,36.11,36.11,36.11,100.0,CAKE
2023-07-11 16:41:00,34.63,34.63,34.63,34.63,3.0,CAKE
2023-07-11 16:37:00,36.45,36.45,36.45,36.45,10.0,CAKE
2023-07-11 16:28:00,34.63,34.63,34.63,34.63,1.0,CAKE
2023-07-11 16:05:00,35.56,35.56,35.56,35.56,674.0,CAKE
2023-07-11 16:01:00,35.56,35.56,35.56,35.56,2006.0,CAKE
2023-07-11 16:00:00,35.58,35.58,35.25,35.25,112190.0,CAKE
2023-07-11 15:59:00,35.605,35.61,35.56,35.58,14726.0,CAKE
2023-07-11 15:58:00,35.605,35.61,35.6,35.605,4116.0,CAKE
2023-07-11 15:57:00,35.585,35.61,35.585,35.605,6620.0,CAKE
2023-07-11 15:56:00,35.61,35.61,35.575,35.585,7375.0,CAKE
2023-07-11 15:55:00,35.59,35.61,35.59,35.605,4888.0,CAKE
2023-07-11 15:54:00,35.65,35.65,35.615,35.62,9382.0,CAKE
2023-07-11 15:53:00,35.63,35.64,35.625,35.64,4395.0,CAKE
2023-07-11 15:52:00,35.625,35.639,35.62,35.62,2680.0,CAKE
2023-07-11 15:51:00,35.65,35.65,35.625,35.625,3737.0,CAKE
2023-07-11 15:50:00,35.67,35.67,35.65,35.655,3347.0,CAKE
2023-07-11 15:49:00,35.62,35.62,35.62,35.62,1201.0,CAKE
2023-07-11 15:48:00,35.59,35.63,35.59,35.63,1707.0,CAKE
2023-07-11 15:47:00,35.56,35.585,35.56,35.585,2065.0,CAKE
2023-07-11 15:46:00,35.57,35.58,35.56,35.57,2437.0,CAKE
2023-07-11 15:45:00,35.55,35.575,35.55,35.575,2656.0,CAKE
2023-07-11 15:44:00,35.53,35.55,35.53,35.55,1630.0,CAKE
2023-07-11 15:43:00,35.53,35.53,35.515,35.525,2678.0,CAKE
2023-07-11 15:42:00,35.49,35.52,35.485,35.52,2391.0,CAKE
2023-07-11 15:41:00,35.48,35.489,35.48,35.489,13201.0,CAKE
2023-07-11 15:40:00,35.479,35.479,35.475,35.475,288.0,CAKE
2023-07-11 15:39:00,35.48,35.495,35.47,35.47,2477.0,CAKE
2023-07-11 15:38:00,35.48,35.48,35.475,35.475,1035.0,CAKE
2023-07-11 15:37:00,35.5,35.5,35.48,35.49,3593.0,CAKE
2023-07-11 15:36:00,35.45,35.485,35.445,35.485,2715.0,CAKE
2023-07-11 15:35:00,35.445,35.445,35.445,35.445,251.0,CAKE
2023-07-11 15:34:00,35.46,35.46,35.445,35.45,2096.0,CAKE
2023-07-11 15:33:00,35.46,35.47,35.46,35.469,1324.0,CAKE
2023-07-11 15:32:00,35.46,35.46,35.45,35.45,1412.0,CAKE
2023-07-11 15:31:00,35.48,35.48,35.47,35.47,1740.0,CAKE
2023-07-11 15:30:00,35.49,35.49,35.48,35.48,2303.0,CAKE
2023-07-11 15:29:00,35.5,35.505,35.48,35.49,2227.0,CAKE
2023-07-11 15:28:00,35.49,35.5,35.49,35.5,1230.0,CAKE
2023-07-11 15:27:00,35.475,35.49,35.475,35.48,908.0,CAKE
2023-07-11 15:26:00,35.48,35.48,35.475,35.475,916.0,CAKE
2023-07-11 15:25:00,35.495,35.495,35.49,35.49,1125.0,CAKE
2023-07-11 15:24:00,35.47,35.5,35.47,35.5,2384.0,CAKE
2023-07-11 15:23:00,35.46,35.469,35.45,35.469,726.0,CAKE
2023-07-11 15:22:00,35.445,35.46,35.445,35.46,1150.0,CAKE
2023-07-11 15:21:00,35.47,35.47,35.44,35.44,734.0,CAKE
2023-07-11 15:20:00,35.46,35.46,35.46,35.46,1446.0,CAKE
2023-07-11 15:19:00,35.45,35.455,35.445,35.445,530.0,CAKE
2023-07-11 15:18:00,35.43,35.45,35.42,35.45,2134.0,CAKE
2023-07-11 15:17:00,35.42,35.435,35.41,35.435,2109.0,CAKE
2023-07-11 15:16:00,35.43,35.43,35.425,35.425,1092.0,CAKE
2023-07-11 15:15:00,35.41,35.435,35.41,35.435,1658.0,CAKE
2023-07-11 15:14:00,35.425,35.425,35.41,35.41,975.0,CAKE
2023-07-11 15:13:00,35.425,35.43,35.42,35.43,1531.0,CAKE
2023-07-11 15:12:00,35.42,35.42,35.42,35.42,189.0,CAKE
2023-07-11 15:11:00,35.44,35.44,35.42,35.425,1823.0,CAKE
2023-07-11 15:10:00,35.445,35.445,35.445,35.445,280.0,CAKE
2023-07-11 15:09:00,35.46,35.46,35.445,35.455,3286.0,CAKE
2023-07-11 15:08:00,35.46,35.46,35.459,35.459,370.0,CAKE
2023-07-11 15:07:00,35.47,35.47,35.46,35.46,942.0,CAKE
2023-07-11 15:06:00,35.485,35.485,35.47,35.47,1596.0,CAKE
2023-07-11 15:05:00,35.485,35.485,35.485,35.485,244.0,CAKE
2023-07-11 15:04:00,35.485,35.485,35.485,35.485,292.0,CAKE
2023-07-11 15:03:00,35.49,35.49,35.485,35.485,1095.0,CAKE
2023-07-11 15:02:00,35.52,35.52,35.48,35.48,2545.0,CAKE
2023-07-11 15:01:00,35.52,35.53,35.52,35.52,619.0,CAKE
2023-07-11 15:00:00,35.5,35.52,35.5,35.52,809.0,CAKE
2023-07-11 14:59:00,35.485,35.49,35.485,35.49,1119.0,CAKE
2023-07-11 14:58:00,35.47,35.49,35.47,35.49,1231.0,CAKE
2023-07-11 14:57:00,35.465,35.473,35.465,35.473,851.0,CAKE
2023-07-11 14:56:00,35.455,35.469,35.455,35.469,843.0,CAKE
2023-07-11 14:55:00,35.45,35.46,35.45,35.455,2647.0,CAKE
2023-07-11 14:54:00,35.445,35.445,35.445,35.445,340.0,CAKE
2023-07-11 14:53:00,35.47,35.48,35.45,35.45,2530.0,CAKE
2023-07-11 14:52:00,35.46,35.465,35.46,35.465,921.0,CAKE
2023-07-11 14:51:00,35.495,35.495,35.47,35.47,1409.0,CAKE
2023-07-11 14:50:00,35.495,35.499,35.495,35.495,533.0,CAKE
2023-07-11 14:49:00,35.5,35.5,35.49,35.49,1003.0,CAKE
2023-07-11 14:48:00,35.5,35.5,35.5,35.5,386.0,CAKE
2023-07-11 14:47:00,35.5,35.5,35.49,35.495,924.0,CAKE
2023-07-11 14:46:00,35.51,35.515,35.51,35.515,936.0,CAKE
2023-07-11 14:45:00,35.51,35.51,35.51,35.51,383.0,CAKE
2023-07-11 14:44:00,35.505,35.51,35.5,35.51,1102.0,CAKE
2023-07-11 14:43:00,35.48,35.48,35.48,35.48,154.0,CAKE
2023-07-11 14:42:00,35.46,35.49,35.46,35.49,1865.0,CAKE
2023-07-11 14:41:00,35.46,35.46,35.46,35.46,741.0,CAKE
2023-07-11 14:40:00,35.429,35.475,35.429,35.475,1860.0,CAKE
2023-07-11 14:39:00,35.43,35.43,35.43,35.43,190.0,CAKE
2023-07-11 14:36:00,35.43,35.43,35.43,35.43,243.0,CAKE
2023-07-11 14:35:00,35.42,35.42,35.42,35.42,1111.0,CAKE
2023-07-11 14:34:00,35.43,35.43,35.4,35.41,1251.0,CAKE
2023-07-11 14:33:00,35.42,35.43,35.42,35.43,510.0,CAKE
2023-07-11 14:32:00,35.47,35.47,35.44,35.44,1617.0,CAKE
2023-07-11 14:30:00,35.485,35.485,35.485,35.485,294.0,CAKE
2023-07-11 14:29:00,35.475,35.489,35.475,35.48,607.0,CAKE
2023-07-11 14:28:00,35.495,35.495,35.475,35.475,1124.0,CAKE
2023-07-11 14:27:00,35.485,35.5,35.485,35.5,1165.0,CAKE
2023-07-11 14:26:00,35.47,35.475,35.47,35.475,932.0,CAKE
2023-07-11 14:25:00,35.48,35.48,35.47,35.475,618.0,CAKE
2023-07-11 14:24:00,35.49,35.49,35.47,35.47,1349.0,CAKE
2023-07-11 14:23:00,35.48,35.48,35.48,35.48,311.0,CAKE
2023-07-11 14:22:00,35.49,35.49,35.485,35.485,853.0,CAKE
2023-07-11 14:21:00,35.49,35.49,35.49,35.49,627.0,CAKE
2023-07-11 14:20:00,35.495,35.495,35.49,35.49,896.0,CAKE
2023-07-11 14:19:00,35.515,35.515,35.5,35.5,1199.0,CAKE
2023-07-11 14:18:00,35.51,35.515,35.51,35.515,289.0,CAKE
2023-07-11 14:17:00,35.51,35.51,35.51,35.51,424.0,CAKE
2023-07-11 14:16:00,35.51,35.53,35.51,35.51,2430.0,CAKE
2023-07-11 14:15:00,35.48,35.5,35.48,35.5,1880.0,CAKE
2023-07-11 14:13:00,35.495,35.495,35.47,35.49,2743.0,CAKE
2023-07-11 14:11:00,35.515,35.515,35.5,35.5,689.0,CAKE
2023-07-11 14:10:00,35.545,35.545,35.51,35.51,1492.0,CAKE
2023-07-11 14:09:00,35.55,35.55,35.54,35.545,2683.0,CAKE
2023-07-11 14:08:00,35.585,35.585,35.55,35.55,2527.0,CAKE
2023-07-11 14:07:00,35.59,35.59,35.59,35.59,192.0,CAKE
2023-07-11 14:06:00,35.59,35.59,35.585,35.59,357.0,CAKE
2023-07-11 14:05:00,35.585,35.585,35.585,35.585,276.0,CAKE
2023-07-11 14:04:00,35.59,35.59,35.59,35.59,1229.0,CAKE
2023-07-11 14:03:00,35.59,35.61,35.59,35.6,1754.0,CAKE
2023-07-11 14:02:00,35.57,35.589,35.57,35.589,1267.0,CAKE
2023-07-11 14:00:00,35.565,35.565,35.565,35.565,151.0,CAKE
2023-07-11 13:59:00,35.54,35.55,35.54,35.55,1391.0,CAKE
2023-07-11 13:58:00,35.545,35.548,35.53,35.54,1364.0,CAKE
2023-07-11 13:57:00,35.555,35.56,35.55,35.55,1536.0,CAKE
2023-07-11 13:56:00,35.56,35.56,35.555,35.555,642.0,CAKE
2023-07-11 13:55:00,35.56,35.56,35.56,35.56,232.0,CAKE
2023-07-11 13:54:00,35.57,35.57,35.56,35.57,1433.0,CAKE
2023-07-11 13:53:00,35.585,35.585,35.585,35.585,887.0,CAKE
2023-07-11 13:51:00,35.58,35.59,35.58,35.58,1097.0,CAKE
2023-07-11 13:49:00,35.585,35.585,35.57,35.58,744.0,CAKE
2023-07-11 13:48:00,35.56,35.58,35.56,35.58,679.0,CAKE
2023-07-11 13:47:00,35.57,35.57,35.57,35.57,542.0,CAKE
2023-07-11 13:46:00,35.57,35.575,35.57,35.57,791.0,CAKE
2023-07-11 13:45:00,35.57,35.58,35.57,35.58,839.0,CAKE
2023-07-11 13:44:00,35.58,35.58,35.58,35.58,460.0,CAKE
2023-07-11 13:42:00,35.58,35.58,35.58,35.58,191.0,CAKE
2023-07-11 13:41:00,35.58,35.58,35.58,35.58,647.0,CAKE
2023-07-11 13:40:00,35.55,35.58,35.55,35.58,1337.0,CAKE
2023-07-11 13:39:00,35.56,35.56,35.56,35.56,205.0,CAKE
2023-07-11 13:38:00,35.575,35.575,35.56,35.56,1271.0,CAKE
2023-07-11 13:37:00,35.565,35.57,35.565,35.57,525.0,CAKE
2023-07-11 13:36:00,35.56,35.565,35.56,35.56,987.0,CAKE
2023-07-11 13:35:00,35.56,35.57,35.56,35.565,655.0,CAKE
2023-07-11 13:34:00,35.56,35.56,35.56,35.56,315.0,CAKE
2023-07-11 13:33:00,35.59,35.59,35.57,35.57,825.0,CAKE
2023-07-11 13:32:00,35.585,35.585,35.58,35.58,1346.0,CAKE
2023-07-11 13:30:00,35.58,35.59,35.58,35.59,647.0,CAKE
2023-07-11 13:28:00,35.59,35.59,35.59,35.59,173.0,CAKE
2023-07-11 13:26:00,35.59,35.6,35.59,35.595,936.0,CAKE
2023-07-11 13:25:00,35.575,35.59,35.575,35.59,1443.0,CAKE
2023-07-11 13:24:00,35.57,35.57,35.57,35.57,194.0,CAKE
2023-07-11 13:22:00,35.6,35.6,35.57,35.58,1747.0,CAKE
2023-07-11 13:21:00,35.61,35.61,35.61,35.61,124.0,CAKE
2023-07-11 13:20:00,35.605,35.62,35.605,35.62,379.0,CAKE
2023-07-11 13:19:00,35.63,35.63,35.605,35.605,2317.0,CAKE
2023-07-11 13:17:00,35.6,35.61,35.6,35.61,1982.0,CAKE
2023-07-11 13:16:00,35.59,35.601,35.59,35.601,1111.0,CAKE
2023-07-11 13:15:00,35.6,35.605,35.585,35.585,1709.0,CAKE
2023-07-11 13:14:00,35.595,35.6,35.595,35.6,228.0,CAKE
2023-07-11 13:13:00,35.595,35.595,35.595,35.595,521.0,CAKE
2023-07-11 13:12:00,35.595,35.6,35.595,35.595,660.0,CAKE
2023-07-11 13:11:00,35.595,35.595,35.595,35.595,130.0,CAKE
2023-07-11 13:09:00,35.6,35.6,35.6,35.6,139.0,CAKE
2023-07-11 13:08:00,35.61,35.61,35.6,35.6,254.0,CAKE
2023-07-11 13:07:00,35.59,35.61,35.59,35.61,733.0,CAKE
2023-07-11 13:06:00,35.6,35.6,35.6,35.6,723.0,CAKE
2023-07-11 13:05:00,35.6,35.62,35.6,35.62,1198.0,CAKE
2023-07-11 13:04:00,35.605,35.605,35.601,35.601,1244.0,CAKE
2023-07-11 13:02:00,35.56,35.61,35.56,35.61,2706.0,CAKE
2023-07-11 13:01:00,35.57,35.57,35.57,35.57,681.0,CAKE
2023-07-11 13:00:00,35.58,35.585,35.57,35.57,1349.0,CAKE
2023-07-11 12:59:00,35.58,35.58,35.58,35.58,110.0,CAKE
2023-07-11 12:58:00,35.58,35.58,35.58,35.58,229.0,CAKE
2023-07-11 12:57:00,35.595,35.595,35.57,35.57,1073.0,CAKE
2023-07-11 12:56:00,35.58,35.58,35.58,35.58,145.0,CAKE
2023-07-11 12:55:00,35.595,35.595,35.595,35.595,400.0,CAKE
2023-07-11 12:54:00,35.59,35.59,35.59,35.59,281.0,CAKE
2023-07-11 12:53:00,35.6,35.6,35.6,35.6,119.0,CAKE
2023-07-11 12:51:00,35.615,35.615,35.6,35.6,814.0,CAKE
2023-07-11 12:50:00,35.615,35.615,35.615,35.615,205.0,CAKE
2023-07-11 12:49:00,35.61,35.61,35.61,35.61,301.0,CAKE
2023-07-11 12:48:00,35.58,35.6,35.57,35.595,2354.0,CAKE
2023-07-11 12:47:00,35.59,35.6,35.59,35.59,671.0,CAKE
2023-07-11 12:43:00,35.61,35.61,35.6,35.6,1089.0,CAKE
2023-07-11 12:42:00,35.59,35.6,35.585,35.6,2526.0,CAKE
2023-07-11 12:41:00,35.57,35.58,35.57,35.58,459.0,CAKE
2023-07-11 12:40:00,35.57,35.57,35.565,35.565,539.0,CAKE
2023-07-11 12:39:00,35.585,35.585,35.57,35.57,421.0,CAKE
2023-07-11 12:38:00,35.58,35.58,35.58,35.58,419.0,CAKE
2023-07-11 12:35:00,35.56,35.57,35.55,35.57,2042.0,CAKE
2023-07-11 12:34:00,35.625,35.625,35.58,35.58,842.0,CAKE
2023-07-11 12:33:00,35.625,35.625,35.6,35.625,498.0,CAKE
2023-07-11 12:32:00,35.625,35.625,35.625,35.625,193.0,CAKE
2023-07-11 12:31:00,35.58,35.62,35.58,35.62,633.0,CAKE
2023-07-11 12:30:00,35.58,35.58,35.57,35.572,1245.0,CAKE
2023-07-11 12:29:00,35.56,35.57,35.56,35.57,397.0,CAKE
2023-07-11 12:28:00,35.56,35.569,35.53,35.569,2442.0,CAKE
2023-07-11 12:27:00,35.62,35.62,35.57,35.57,740.0,CAKE
2023-07-11 12:26:00,35.69,35.69,35.65,35.65,1211.0,CAKE
2023-07-11 12:25:00,35.7,35.7,35.7,35.7,269.0,CAKE
2023-07-11 12:24:00,35.71,35.71,35.7,35.7,553.0,CAKE
2023-07-11 12:23:00,35.71,35.735,35.71,35.72,1999.0,CAKE
2023-07-11 12:22:00,35.69,35.711,35.68,35.695,9661.0,CAKE
2023-07-11 12:21:00,35.645,35.68,35.63,35.68,2594.0,CAKE
2023-07-11 12:20:00,35.645,35.645,35.645,35.645,269.0,CAKE
2023-07-11 12:19:00,35.64,35.64,35.64,35.64,470.0,CAKE
2023-07-11 12:18:00,35.67,35.67,35.65,35.65,582.0,CAKE
2023-07-11 12:17:00,35.66,35.66,35.655,35.66,610.0,CAKE
2023-07-11 12:16:00,35.64,35.65,35.64,35.65,1254.0,CAKE
2023-07-11 12:15:00,35.65,35.655,35.65,35.65,1408.0,CAKE
2023-07-11 12:14:00,35.635,35.64,35.635,35.64,716.0,CAKE
2023-07-11 12:13:00,35.62,35.635,35.62,35.635,1169.0,CAKE
2023-07-11 12:12:00,35.615,35.62,35.615,35.615,1583.0,CAKE
2023-07-11 12:11:00,35.61,35.61,35.61,35.61,228.0,CAKE
2023-07-11 12:10:00,35.6,35.61,35.6,35.61,747.0,CAKE
2023-07-11 12:09:00,35.63,35.63,35.59,35.59,2205.0,CAKE
2023-07-11 12:08:00,35.64,35.64,35.63,35.64,1565.0,CAKE
2023-07-11 12:07:00,35.63,35.64,35.63,35.64,787.0,CAKE
2023-07-11 12:06:00,35.63,35.64,35.62,35.62,810.0,CAKE
2023-07-11 12:05:00,35.63,35.63,35.615,35.615,499.0,CAKE
2023-07-11 12:04:00,35.615,35.615,35.615,35.615,254.0,CAKE
2023-07-11 12:03:00,35.59,35.615,35.59,35.615,6127.0,CAKE
2023-07-11 12:01:00,35.58,35.585,35.57,35.57,693.0,CAKE
2023-07-11 12:00:00,35.585,35.585,35.575,35.575,791.0,CAKE
2023-07-11 11:59:00,35.57,35.58,35.57,35.58,720.0,CAKE
2023-07-11 11:58:00,35.58,35.58,35.58,35.58,732.0,CAKE
2023-07-11 11:57:00,35.58,35.58,35.58,35.58,466.0,CAKE
2023-07-11 11:55:00,35.58,35.58,35.555,35.57,1694.0,CAKE
2023-07-11 11:54:00,35.57,35.58,35.57,35.58,1283.0,CAKE
2023-07-11 11:53:00,35.58,35.58,35.58,35.58,384.0,CAKE
2023-07-11 11:52:00,35.56,35.58,35.56,35.575,1715.0,CAKE
2023-07-11 11:51:00,35.55,35.555,35.55,35.555,431.0,CAKE
2023-07-11 11:50:00,35.56,35.565,35.56,35.56,638.0,CAKE
2023-07-11 11:49:00,35.56,35.56,35.56,35.56,260.0,CAKE
2023-07-11 11:48:00,35.578,35.578,35.56,35.56,397.0,CAKE
2023-07-11 11:47:00,35.58,35.58,35.58,35.58,473.0,CAKE
2023-07-11 11:45:00,35.6,35.6,35.58,35.58,1499.0,CAKE
2023-07-11 11:44:00,35.62,35.62,35.61,35.61,382.0,CAKE
2023-07-11 11:42:00,35.61,35.61,35.61,35.61,213.0,CAKE
2023-07-11 11:41:00,35.62,35.62,35.62,35.62,642.0,CAKE
2023-07-11 11:40:00,35.61,35.63,35.61,35.625,1634.0,CAKE
2023-07-11 11:39:00,35.605,35.605,35.605,35.605,171.0,CAKE
2023-07-11 11:38:00,35.61,35.61,35.61,35.61,566.0,CAKE
2023-07-11 11:37:00,35.565,35.59,35.565,35.59,869.0,CAKE
2023-07-11 11:36:00,35.53,35.55,35.53,35.55,1025.0,CAKE
2023-07-11 11:35:00,35.53,35.541,35.51,35.52,3343.0,CAKE
2023-07-11 11:34:00,35.53,35.54,35.53,35.54,359.0,CAKE
2023-07-11 11:32:00,35.53,35.53,35.52,35.52,548.0,CAKE
2023-07-11 11:31:00,35.54,35.54,35.53,35.53,612.0,CAKE
2023-07-11 11:30:00,35.56,35.56,35.55,35.555,734.0,CAKE
2023-07-11 11:29:00,35.583,35.583,35.583,35.583,198.0,CAKE
2023-07-11 11:28:00,35.57,35.57,35.55,35.57,712.0,CAKE
2023-07-11 11:27:00,35.54,35.57,35.54,35.57,1724.0,CAKE
2023-07-11 11:26:00,35.615,35.615,35.585,35.585,984.0,CAKE
2023-07-11 11:25:00,35.61,35.61,35.61,35.61,928.0,CAKE
2023-07-11 11:24:00,35.62,35.62,35.6,35.6,1224.0,CAKE
2023-07-11 11:23:00,35.63,35.649,35.63,35.649,1836.0,CAKE
2023-07-11 11:22:00,35.65,35.65,35.62,35.63,1276.0,CAKE
2023-07-11 11:21:00,35.56,35.62,35.56,35.59,1343.0,CAKE
2023-07-11 11:20:00,35.51,35.55,35.51,35.55,1466.0,CAKE
2023-07-11 11:19:00,35.52,35.52,35.5,35.51,894.0,CAKE
2023-07-11 11:18:00,35.5,35.51,35.495,35.51,1188.0,CAKE
2023-07-11 11:17:00,35.53,35.53,35.5,35.5,1650.0,CAKE
2023-07-11 11:16:00,35.59,35.59,35.55,35.555,1803.0,CAKE
2023-07-11 11:15:00,35.6,35.6,35.59,35.599,2816.0,CAKE
2023-07-11 11:14:00,35.61,35.61,35.58,35.59,1372.0,CAKE
2023-07-11 11:13:00,35.54,35.59,35.54,35.59,915.0,CAKE
2023-07-11 11:12:00,35.48,35.5,35.47,35.5,4661.0,CAKE
2023-07-11 11:11:00,35.4,35.44,35.39,35.43,26748.0,CAKE
2023-07-11 11:10:00,35.42,35.45,35.4,35.4,4408.0,CAKE
2023-07-11 11:09:00,35.445,35.445,35.41,35.41,1255.0,CAKE
2023-07-11 11:08:00,35.44,35.45,35.44,35.445,724.0,CAKE
2023-07-11 11:07:00,35.47,35.47,35.47,35.47,1062.0,CAKE
2023-07-11 11:06:00,35.48,35.49,35.46,35.46,1004.0,CAKE
2023-07-11 11:05:00,35.49,35.5,35.49,35.5,1759.0,CAKE
2023-07-11 11:04:00,35.477,35.5,35.477,35.5,333.0,CAKE
2023-07-11 11:03:00,35.53,35.53,35.485,35.485,850.0,CAKE
2023-07-11 11:02:00,35.555,35.555,35.555,35.555,680.0,CAKE
2023-07-11 11:01:00,35.56,35.56,35.56,35.56,240.0,CAKE
2023-07-11 11:00:00,35.61,35.625,35.56,35.56,2725.0,CAKE
2023-07-11 10:59:00,35.6,35.6,35.59,35.6,1489.0,CAKE
2023-07-11 10:58:00,35.549,35.57,35.535,35.57,1713.0,CAKE
2023-07-11 10:57:00,35.575,35.575,35.54,35.54,667.0,CAKE
2023-07-11 10:56:00,35.575,35.6,35.575,35.6,362.0,CAKE
2023-07-11 10:55:00,35.63,35.63,35.61,35.61,603.0,CAKE
2023-07-11 10:54:00,35.655,35.655,35.655,35.655,151.0,CAKE
2023-07-11 10:53:00,35.68,35.7,35.67,35.68,4126.0,CAKE
2023-07-11 10:52:00,35.635,35.68,35.635,35.68,1162.0,CAKE
2023-07-11 10:51:00,35.68,35.68,35.62,35.63,768.0,CAKE
2023-07-11 10:50:00,35.685,35.685,35.67,35.67,389.0,CAKE
2023-07-11 10:49:00,35.71,35.71,35.68,35.68,1045.0,CAKE
2023-07-11 10:48:00,35.695,35.695,35.695,35.695,211.0,CAKE
2023-07-11 10:47:00,35.74,35.75,35.7,35.7,1954.0,CAKE
2023-07-11 10:46:00,35.75,35.76,35.745,35.76,1186.0,CAKE
2023-07-11 10:45:00,35.795,35.795,35.77,35.78,729.0,CAKE
2023-07-11 10:44:00,35.78,35.79,35.78,35.79,693.0,CAKE
2023-07-11 10:43:00,35.77,35.77,35.75,35.75,900.0,CAKE
2023-07-11 10:42:00,35.799,35.799,35.775,35.775,1074.0,CAKE
2023-07-11 10:41:00,35.765,35.79,35.765,35.78,691.0,CAKE
2023-07-11 10:40:00,35.745,35.8,35.74,35.79,2033.0,CAKE
2023-07-11 10:39:00,35.75,35.75,35.75,35.75,614.0,CAKE
2023-07-11 10:38:00,35.81,35.81,35.73,35.75,2000.0,CAKE
2023-07-11 10:37:00,35.88,35.88,35.855,35.855,1476.0,CAKE
2023-07-11 10:36:00,35.81,35.86,35.81,35.86,1257.0,CAKE
2023-07-11 10:34:00,35.85,35.85,35.805,35.805,1496.0,CAKE
2023-07-11 10:33:00,35.875,35.875,35.875,35.875,140.0,CAKE
2023-07-11 10:32:00,35.875,35.875,35.875,35.875,340.0,CAKE
2023-07-11 10:31:00,35.88,35.88,35.88,35.88,395.0,CAKE
2023-07-11 10:30:00,35.86,35.93,35.86,35.9,2519.0,CAKE
2023-07-11 10:29:00,35.95,35.97,35.88,35.89,1835.0,CAKE
2023-07-11 10:28:00,35.96,35.96,35.96,35.96,432.0,CAKE
2023-07-11 10:27:00,35.97,35.975,35.94,35.965,2005.0,CAKE
2023-07-11 10:26:00,35.985,36.0,35.985,36.0,1106.0,CAKE
2023-07-11 10:25:00,35.95,35.975,35.95,35.975,382.0,CAKE
2023-07-11 10:24:00,36.0,36.01,35.99,36.01,679.0,CAKE
2023-07-11 10:23:00,36.06,36.06,36.02,36.02,2089.0,CAKE
2023-07-11 10:21:00,36.02,36.07,36.01,36.065,5004.0,CAKE
2023-07-11 10:20:00,36.035,36.06,36.02,36.04,5027.0,CAKE
2023-07-11 10:19:00,35.97,36.035,35.97,36.035,5341.0,CAKE
2023-07-11 10:18:00,35.89,35.98,35.89,35.98,3541.0,CAKE
2023-07-11 10:17:00,35.835,35.85,35.835,35.85,425.0,CAKE
2023-07-11 10:16:00,35.85,35.85,35.83,35.84,1924.0,CAKE
2023-07-11 10:15:00,35.925,35.925,35.87,35.87,46294.0,CAKE
2023-07-11 10:14:00,35.94,35.94,35.94,35.94,237.0,CAKE
2023-07-11 10:13:00,35.84,35.92,35.84,35.92,997.0,CAKE
2023-07-11 10:12:00,35.93,35.93,35.79,35.79,2166.0,CAKE
2023-07-11 10:11:00,35.92,35.92,35.92,35.92,825.0,CAKE
2023-07-11 10:10:00,35.81,35.87,35.79,35.87,11932.0,CAKE
2023-07-11 10:09:00,35.74,35.8,35.74,35.78,3880.0,CAKE
2023-07-11 10:08:00,35.76,35.77,35.7,35.71,4896.0,CAKE
2023-07-11 10:07:00,35.79,35.81,35.77,35.77,2715.0,CAKE
2023-07-11 10:06:00,35.8,35.81,35.8,35.81,1015.0,CAKE
2023-07-11 10:05:00,35.79,35.8,35.78,35.785,2100.0,CAKE
2023-07-11 10:04:00,35.8,35.8,35.78,35.78,1469.0,CAKE
2023-07-11 10:03:00,35.76,35.8,35.76,35.8,1234.0,CAKE
2023-07-11 10:02:00,35.8,35.8,35.78,35.78,1577.0,CAKE
2023-07-11 10:01:00,35.8,35.805,35.8,35.805,484.0,CAKE
2023-07-11 10:00:00,35.73,35.83,35.73,35.83,1666.0,CAKE
2023-07-11 09:59:00,35.72,35.72,35.715,35.715,499.0,CAKE
2023-07-11 09:58:00,35.69,35.71,35.67,35.71,3703.0,CAKE
2023-07-11 09:57:00,35.71,35.72,35.68,35.69,3314.0,CAKE
2023-07-11 09:56:00,35.68,35.7,35.67,35.7,1606.0,CAKE
2023-07-11 09:55:00,35.615,35.68,35.615,35.68,1300.0,CAKE
2023-07-11 09:54:00,35.59,35.615,35.56,35.615,4350.0,CAKE
2023-07-11 09:53:00,35.6,35.619,35.6,35.619,1766.0,CAKE
2023-07-11 09:52:00,35.635,35.635,35.635,35.635,180.0,CAKE
2023-07-11 09:51:00,35.635,35.635,35.635,35.635,133.0,CAKE
2023-07-11 09:50:00,35.69,35.72,35.635,35.635,1092.0,CAKE
2023-07-11 09:49:00,35.65,35.65,35.65,35.65,629.0,CAKE
2023-07-11 09:48:00,35.6,35.605,35.59,35.605,1245.0,CAKE
2023-07-11 09:47:00,35.56,35.56,35.56,35.56,446.0,CAKE
2023-07-11 09:46:00,35.49,35.532,35.49,35.525,1254.0,CAKE
2023-07-11 09:45:00,35.39,35.44,35.39,35.44,885.0,CAKE
2023-07-11 09:44:00,35.42,35.42,35.32,35.32,1999.0,CAKE
2023-07-11 09:43:00,35.52,35.52,35.42,35.47,1871.0,CAKE
2023-07-11 09:42:00,35.55,35.55,35.51,35.51,462.0,CAKE
2023-07-11 09:41:00,35.49,35.55,35.49,35.54,959.0,CAKE
2023-07-11 09:40:00,35.35,35.35,35.35,35.35,461.0,CAKE
2023-07-11 09:39:00,35.42,35.42,35.37,35.405,1256.0,CAKE
2023-07-11 09:38:00,35.52,35.52,35.4,35.4,2611.0,CAKE
2023-07-11 09:37:00,35.43,35.48,35.42,35.45,1902.0,CAKE
2023-07-11 09:36:00,35.37,35.37,35.37,35.37,117.0,CAKE
2023-07-11 09:35:00,35.38,35.405,35.38,35.395,433.0,CAKE
2023-07-11 09:34:00,35.41,35.42,35.41,35.41,5176.0,CAKE
2023-07-11 09:33:00,35.63,35.63,35.41,35.41,1118.0,CAKE
2023-07-11 09:32:00,35.605,35.605,35.605,35.605,201.0,CAKE
2023-07-11 09:31:00,35.46,35.6,35.46,35.53,2750.0,CAKE
2023-07-11 09:30:00,35.38,35.46,35.34,35.44,6696.0,CAKE
2023-07-11 09:25:00,35.71,35.73,35.67,35.67,36.0,CAKE
2023-07-11 09:09:00,35.74,35.74,35.74,35.74,10.0,CAKE
2023-07-11 09:05:00,35.17,35.17,35.17,35.17,1.0,CAKE
2023-07-11 08:57:00,35.21,35.21,35.21,35.21,2.0,CAKE
2023-07-11 08:34:00,35.65,35.65,35.64,35.64,5.0,CAKE
2023-07-11 08:17:00,35.64,35.64,35.64,35.64,1.0,CAKE
2023-07-11 08:10:00,35.64,35.64,35.64,35.64,1.0,CAKE
2023-07-11 08:00:00,35.65,35.743,35.65,35.743,21.0,CAKE
2023-07-11 04:50:00,35.3,35.3,35.3,35.3,52.0,CAKE
2023-07-10 19:12:00,35.4,35.4,35.4,35.4,1.0,CAKE
2023-07-10 18:25:00,35.17,35.17,35.17,35.17,10.0,CAKE
2023-07-10 17:39:00,35.17,35.17,35.17,35.17,10.0,CAKE
2023-07-10 17:16:00,35.42,35.42,35.42,35.42,10.0,CAKE
2023-07-10 17:11:00,35.5,35.5,35.5,35.5,4.0,CAKE
2023-07-10 17:00:00,35.17,35.17,35.17,35.17,15.0,CAKE
2023-07-10 16:58:00,35.5,35.5,35.5,35.5,50.0,CAKE
2023-07-10 16:55:00,35.17,35.17,35.17,35.17,140.0,CAKE
2023-07-10 16:48:00,35.75,35.75,35.75,35.75,10.0,CAKE
2023-07-10 16:46:00,35.75,35.75,35.75,35.75,5.0,CAKE
2023-07-10 16:40:00,35.17,35.17,35.17,35.17,10.0,CAKE
2023-07-10 16:22:00,35.17,35.17,35.17,35.17,171.0,CAKE
2023-07-10 16:18:00,35.42,35.47,35.42,35.47,5.0,CAKE
2023-07-10 16:11:00,35.46,35.46,35.46,35.46,10.0,CAKE
2023-07-10 16:07:00,35.5,35.5,35.5,35.5,2.0,CAKE
2023-07-10 16:03:00,34.88,34.88,34.88,34.88,1.0,CAKE
2023-07-10 16:02:00,35.17,35.17,35.17,35.17,1259.0,CAKE
2023-07-10 16:01:00,35.17,35.17,35.17,35.17,1460.0,CAKE
2023-07-10 16:00:00,35.17,35.17,35.17,35.17,115666.0,CAKE
2023-07-10 15:59:00,35.125,35.17,35.11,35.17,16717.0,CAKE
2023-07-10 15:58:00,35.1,35.13,35.1,35.125,6976.0,CAKE
2023-07-10 15:57:00,35.08,35.1,35.075,35.095,13412.0,CAKE
2023-07-10 15:56:00,35.09,35.1,35.08,35.085,6765.0,CAKE
2023-07-10 15:55:00,35.07,35.09,35.06,35.09,7958.0,CAKE
2023-07-10 15:54:00,35.045,35.079,35.045,35.07,3746.0,CAKE
2023-07-10 15:53:00,35.025,35.049,35.0,35.045,4828.0,CAKE
2023-07-10 15:52:00,35.02,35.045,34.995,35.02,9379.0,CAKE
2023-07-10 15:51:00,35.01,35.01,35.0,35.0,1462.0,CAKE
2023-07-10 15:50:00,35.0,35.02,35.0,35.01,3215.0,CAKE
2023-07-10 15:49:00,35.01,35.01,35.01,35.01,441.0,CAKE
2023-07-10 15:48:00,35.0,35.01,35.0,35.005,2645.0,CAKE
2023-07-10 15:47:00,35.03,35.03,35.02,35.02,899.0,CAKE
2023-07-10 15:46:00,35.03,35.045,35.03,35.045,1336.0,CAKE
2023-07-10 15:45:00,35.04,35.04,35.01,35.02,2886.0,CAKE
2023-07-10 15:44:00,35.037,35.06,35.037,35.04,4132.0,CAKE
2023-07-10 15:43:00,35.03,35.035,35.03,35.035,1112.0,CAKE
2023-07-10 15:42:00,35.04,35.04,35.01,35.03,4180.0,CAKE
2023-07-10 15:41:00,35.058,35.058,35.058,35.058,809.0,CAKE
2023-07-10 15:40:00,35.04,35.06,35.04,35.05,2915.0,CAKE
2023-07-10 15:39:00,35.01,35.03,35.01,35.03,1116.0,CAKE
2023-07-10 15:38:00,35.01,35.01,35.005,35.01,2468.0,CAKE
2023-07-10 15:37:00,34.985,35.005,34.985,35.0,1757.0,CAKE
2023-07-10 15:36:00,34.95,34.99,34.95,34.99,7507.0,CAKE
2023-07-10 15:35:00,34.945,34.945,34.945,34.945,475.0,CAKE
2023-07-10 15:34:00,34.95,34.95,34.94,34.94,1664.0,CAKE
2023-07-10 15:33:00,34.96,34.96,34.93,34.94,3394.0,CAKE
2023-07-10 15:32:00,34.97,34.97,34.97,34.97,462.0,CAKE
2023-07-10 15:30:00,35.0,35.0,34.97,34.97,3941.0,CAKE
2023-07-10 15:29:00,34.98,34.99,34.98,34.99,1084.0,CAKE
2023-07-10 15:28:00,34.98,34.98,34.975,34.975,832.0,CAKE
2023-07-10 15:27:00,34.95,34.975,34.95,34.975,1205.0,CAKE
2023-07-10 15:26:00,34.945,34.95,34.945,34.945,659.0,CAKE
2023-07-10 15:25:00,34.95,34.955,34.945,34.95,1577.0,CAKE
2023-07-10 15:24:00,34.97,34.98,34.955,34.96,2009.0,CAKE
2023-07-10 15:23:00,34.985,34.99,34.96,34.97,3112.0,CAKE
2023-07-10 15:22:00,34.98,34.99,34.98,34.99,1018.0,CAKE
2023-07-10 15:21:00,34.98,34.99,34.98,34.99,3039.0,CAKE
2023-07-10 15:19:00,34.96,34.96,34.95,34.96,1805.0,CAKE
2023-07-10 15:18:00,34.94,34.97,34.94,34.97,3102.0,CAKE
2023-07-10 15:17:00,34.935,34.935,34.93,34.93,425.0,CAKE
2023-07-10 15:16:00,34.93,34.935,34.93,34.935,2541.0,CAKE
2023-07-10 15:14:00,34.93,34.93,34.93,34.93,315.0,CAKE
2023-07-10 15:13:00,34.92,34.94,34.92,34.94,277.0,CAKE
2023-07-10 15:12:00,34.94,34.94,34.93,34.93,331.0,CAKE
2023-07-10 15:11:00,34.915,34.94,34.915,34.94,801.0,CAKE
2023-07-10 15:10:00,34.92,34.92,34.915,34.915,314.0,CAKE
2023-07-10 15:09:00,34.94,34.95,34.93,34.93,1526.0,CAKE
2023-07-10 15:08:00,34.93,34.94,34.93,34.93,1081.0,CAKE
2023-07-10 15:07:00,34.92,34.93,34.92,34.93,1438.0,CAKE
2023-07-10 15:06:00,34.94,34.945,34.92,34.92,3230.0,CAKE
2023-07-10 15:02:00,34.945,34.97,34.945,34.97,1711.0,CAKE
2023-07-10 15:01:00,34.98,34.98,34.95,34.95,1497.0,CAKE
2023-07-10 15:00:00,35.01,35.01,34.99,34.99,2519.0,CAKE
2023-07-10 14:59:00,35.0,35.0,35.0,35.0,346.0,CAKE
2023-07-10 14:58:00,35.0,35.01,35.0,35.01,527.0,CAKE
2023-07-10 14:57:00,35.02,35.02,35.0,35.0,1528.0,CAKE
2023-07-10 14:56:00,35.02,35.02,35.015,35.02,2282.0,CAKE
2023-07-10 14:55:00,35.02,35.02,35.02,35.02,725.0,CAKE
2023-07-10 14:54:00,35.025,35.025,35.02,35.02,394.0,CAKE
2023-07-10 14:53:00,35.03,35.04,35.02,35.02,2580.0,CAKE
2023-07-10 14:52:00,35.04,35.04,35.04,35.04,369.0,CAKE
2023-07-10 14:51:00,35.04,35.04,35.04,35.04,382.0,CAKE
2023-07-10 14:50:00,35.03,35.04,35.03,35.04,1385.0,CAKE
2023-07-10 14:49:00,35.015,35.02,35.015,35.02,1046.0,CAKE
2023-07-10 14:48:00,35.01,35.01,35.01,35.01,442.0,CAKE
2023-07-10 14:47:00,35.005,35.02,35.005,35.02,1409.0,CAKE
2023-07-10 14:46:00,35.035,35.035,35.02,35.02,696.0,CAKE
2023-07-10 14:45:00,35.04,35.04,35.04,35.04,507.0,CAKE
2023-07-10 14:44:00,35.065,35.065,35.04,35.04,2391.0,CAKE
2023-07-10 14:43:00,35.085,35.085,35.07,35.07,1019.0,CAKE
2023-07-10 14:42:00,35.09,35.09,35.09,35.09,313.0,CAKE
2023-07-10 14:41:00,35.095,35.1,35.095,35.1,1259.0,CAKE
2023-07-10 14:40:00,35.095,35.1,35.095,35.095,341.0,CAKE
2023-07-10 14:39:00,35.115,35.115,35.095,35.095,1408.0,CAKE
2023-07-10 14:38:00,35.1,35.12,35.1,35.115,1660.0,CAKE
2023-07-10 14:37:00,35.09,35.1,35.09,35.1,564.0,CAKE
2023-07-10 14:36:00,35.095,35.095,35.095,35.095,686.0,CAKE
2023-07-10 14:34:00,35.1,35.1,35.095,35.1,986.0,CAKE
2023-07-10 14:32:00,35.06,35.1,35.06,35.1,803.0,CAKE
2023-07-10 14:31:00,35.07,35.07,35.05,35.06,2080.0,CAKE
2023-07-10 14:30:00,35.08,35.08,35.08,35.08,350.0,CAKE
2023-07-10 14:29:00,35.09,35.115,35.09,35.09,1459.0,CAKE
2023-07-10 14:28:00,35.085,35.085,35.085,35.085,152.0,CAKE
2023-07-10 14:27:00,35.07,35.085,35.07,35.085,1034.0,CAKE
2023-07-10 14:26:00,35.09,35.09,35.06,35.06,623.0,CAKE
2023-07-10 14:25:00,35.095,35.095,35.095,35.095,244.0,CAKE
2023-07-10 14:23:00,35.04,35.08,35.04,35.07,2500.0,CAKE
2023-07-10 14:22:00,35.05,35.059,35.05,35.059,922.0,CAKE
2023-07-10 14:21:00,35.05,35.05,35.02,35.03,1658.0,CAKE
2023-07-10 14:20:00,35.07,35.07,35.05,35.05,705.0,CAKE
2023-07-10 14:19:00,35.07,35.07,35.05,35.05,447.0,CAKE
2023-07-10 14:18:00,35.11,35.11,35.08,35.08,1530.0,CAKE
2023-07-10 14:17:00,35.12,35.12,35.12,35.12,204.0,CAKE
2023-07-10 14:16:00,35.12,35.12,35.12,35.12,200.0,CAKE
2023-07-10 14:15:00,35.17,35.17,35.14,35.156,2032.0,CAKE
2023-07-10 14:14:00,35.15,35.18,35.15,35.15,2032.0,CAKE
2023-07-10 14:13:00,35.145,35.145,35.145,35.145,203.0,CAKE
2023-07-10 14:12:00,35.165,35.165,35.15,35.15,1231.0,CAKE
2023-07-10 14:10:00,35.17,35.17,35.17,35.17,301.0,CAKE
2023-07-10 14:09:00,35.17,35.17,35.165,35.165,900.0,CAKE
2023-07-10 14:08:00,35.19,35.19,35.18,35.18,659.0,CAKE
2023-07-10 14:07:00,35.2,35.209,35.2,35.209,217.0,CAKE
2023-07-10 14:06:00,35.19,35.19,35.19,35.19,581.0,CAKE
2023-07-10 14:05:00,35.17,35.17,35.17,35.17,454.0,CAKE
2023-07-10 14:04:00,35.17,35.17,35.15,35.165,1573.0,CAKE
2023-07-10 14:02:00,35.16,35.17,35.155,35.155,809.0,CAKE
2023-07-10 14:01:00,35.17,35.17,35.11,35.17,590.0,CAKE
2023-07-10 14:00:00,35.2,35.2,35.19,35.19,720.0,CAKE
2023-07-10 13:59:00,35.239,35.24,35.2,35.21,3003.0,CAKE
2023-07-10 13:58:00,35.225,35.225,35.225,35.225,202.0,CAKE
2023-07-10 13:56:00,35.22,35.22,35.22,35.22,259.0,CAKE
2023-07-10 13:55:00,35.24,35.24,35.21,35.21,1087.0,CAKE
2023-07-10 13:52:00,35.21,35.255,35.21,35.255,1732.0,CAKE
2023-07-10 13:51:00,35.195,35.195,35.18,35.18,530.0,CAKE
2023-07-10 13:50:00,35.18,35.195,35.18,35.18,764.0,CAKE
2023-07-10 13:49:00,35.17,35.195,35.15,35.195,1893.0,CAKE
2023-07-10 13:48:00,35.22,35.23,35.16,35.18,3356.0,CAKE
2023-07-10 13:47:00,35.29,35.29,35.24,35.24,2698.0,CAKE
2023-07-10 13:46:00,35.3,35.3,35.29,35.29,1644.0,CAKE
2023-07-10 13:45:00,35.3,35.305,35.29,35.3,1445.0,CAKE
2023-07-10 13:44:00,35.298,35.315,35.298,35.315,663.0,CAKE
2023-07-10 13:43:00,35.24,35.26,35.23,35.26,2637.0,CAKE
2023-07-10 13:41:00,35.24,35.24,35.23,35.23,574.0,CAKE
2023-07-10 13:40:00,35.225,35.24,35.225,35.23,429.0,CAKE
2023-07-10 13:39:00,35.23,35.23,35.23,35.23,125.0,CAKE
2023-07-10 13:37:00,35.205,35.205,35.2,35.2,404.0,CAKE
2023-07-10 13:36:00,35.22,35.22,35.19,35.19,2421.0,CAKE
2023-07-10 13:35:00,35.17,35.224,35.17,35.205,3117.0,CAKE
2023-07-10 13:34:00,35.15,35.17,35.15,35.17,638.0,CAKE
2023-07-10 13:33:00,35.11,35.13,35.11,35.13,1410.0,CAKE
2023-07-10 13:32:00,35.1,35.1,35.09,35.09,527.0,CAKE
2023-07-10 13:31:00,35.09,35.1,35.09,35.1,261.0,CAKE
2023-07-10 13:30:00,35.08,35.11,35.08,35.1,2260.0,CAKE
2023-07-10 13:29:00,35.04,35.04,35.04,35.04,227.0,CAKE
2023-07-10 13:28:00,35.06,35.07,35.04,35.065,3427.0,CAKE
2023-07-10 13:27:00,35.07,35.075,35.06,35.06,2107.0,CAKE
2023-07-10 13:26:00,35.07,35.07,35.07,35.07,161.0,CAKE
2023-07-10 13:25:00,35.04,35.07,35.04,35.06,1719.0,CAKE
2023-07-10 13:24:00,35.045,35.045,35.045,35.045,258.0,CAKE
2023-07-10 13:23:00,35.02,35.05,35.02,35.05,3821.0,CAKE
2023-07-10 13:22:00,35.02,35.03,35.01,35.02,2434.0,CAKE
2023-07-10 13:21:00,35.02,35.02,35.01,35.01,371.0,CAKE
2023-07-10 13:20:00,35.02,35.02,35.02,35.02,1100.0,CAKE
2023-07-10 13:19:00,35.035,35.04,34.98,35.01,11475.0,CAKE
2023-07-10 13:18:00,35.04,35.049,35.04,35.049,1559.0,CAKE
2023-07-10 13:17:00,35.03,35.05,35.03,35.04,1841.0,CAKE
2023-07-10 13:16:00,35.02,35.02,35.02,35.02,339.0,CAKE
2023-07-10 13:15:00,35.05,35.05,35.03,35.03,852.0,CAKE
2023-07-10 13:14:00,35.02,35.02,35.02,35.02,179.0,CAKE
2023-07-10 13:13:00,35.005,35.005,34.995,35.0,962.0,CAKE
2023-07-10 13:12:00,35.0,35.0,35.0,35.0,100.0,CAKE
2023-07-10 13:11:00,35.01,35.01,35.01,35.01,350.0,CAKE
2023-07-10 13:10:00,34.97,35.0,34.97,35.0,1079.0,CAKE
2023-07-10 13:09:00,34.945,34.98,34.94,34.96,2780.0,CAKE
2023-07-10 13:07:00,34.91,34.93,34.91,34.93,1813.0,CAKE
2023-07-10 13:06:00,34.915,34.915,34.905,34.905,256.0,CAKE
2023-07-10 13:05:00,34.88,34.91,34.88,34.91,1711.0,CAKE
2023-07-10 13:04:00,34.87,34.88,34.87,34.879,907.0,CAKE
2023-07-10 13:03:00,34.87,34.87,34.865,34.865,660.0,CAKE
2023-07-10 13:02:00,34.865,34.865,34.865,34.865,214.0,CAKE
2023-07-10 13:01:00,34.87,34.87,34.87,34.87,731.0,CAKE
2023-07-10 13:00:00,34.88,34.88,34.87,34.87,757.0,CAKE
2023-07-10 12:57:00,34.9,34.9,34.89,34.89,1572.0,CAKE
2023-07-10 12:56:00,34.885,34.89,34.885,34.89,586.0,CAKE
2023-07-10 12:55:00,34.899,34.899,34.891,34.891,300.0,CAKE
2023-07-10 12:53:00,34.9,34.9,34.895,34.895,551.0,CAKE
2023-07-10 12:52:00,34.895,34.9,34.89,34.9,1330.0,CAKE
2023-07-10 12:51:00,34.91,34.91,34.91,34.91,1167.0,CAKE
2023-07-10 12:50:00,34.935,34.94,34.93,34.93,1072.0,CAKE
2023-07-10 12:49:00,34.939,34.94,34.93,34.93,987.0,CAKE
2023-07-10 12:48:00,34.93,34.93,34.93,34.93,444.0,CAKE
2023-07-10 12:47:00,34.92,34.92,34.91,34.91,708.0,CAKE
2023-07-10 12:46:00,34.92,34.92,34.92,34.92,155.0,CAKE
2023-07-10 12:45:00,34.91,34.91,34.91,34.91,134.0,CAKE
2023-07-10 12:43:00,34.89,34.89,34.89,34.89,1134.0,CAKE
2023-07-10 12:42:00,34.88,34.88,34.88,34.88,646.0,CAKE
2023-07-10 12:41:00,34.879,34.879,34.879,34.879,399.0,CAKE
2023-07-10 12:40:00,34.88,34.88,34.86,34.87,1503.0,CAKE
2023-07-10 12:39:00,34.89,34.9,34.89,34.9,850.0,CAKE
2023-07-10 12:38:00,34.93,34.93,34.91,34.91,290.0,CAKE
2023-07-10 12:37:00,34.93,34.93,34.93,34.93,473.0,CAKE
2023-07-10 12:36:00,34.865,34.9,34.865,34.9,1972.0,CAKE
2023-07-10 12:35:00,34.89,34.9,34.87,34.87,2023.0,CAKE
2023-07-10 12:33:00,34.9,34.9,34.9,34.9,662.0,CAKE
2023-07-10 12:32:00,34.89,34.89,34.89,34.89,512.0,CAKE
2023-07-10 12:31:00,34.94,34.94,34.87,34.87,2407.0,CAKE
2023-07-10 12:30:00,34.93,34.965,34.93,34.945,1942.0,CAKE
2023-07-10 12:29:00,34.925,34.925,34.922,34.922,525.0,CAKE
2023-07-10 12:28:00,34.93,34.93,34.925,34.925,682.0,CAKE
2023-07-10 12:27:00,34.93,34.94,34.93,34.935,1858.0,CAKE
2023-07-10 12:26:00,34.91,34.931,34.91,34.931,1185.0,CAKE
2023-07-10 12:25:00,34.91,34.91,34.9,34.9,1378.0,CAKE
2023-07-10 12:24:00,34.94,34.94,34.9,34.9,1987.0,CAKE
2023-07-10 12:23:00,34.935,34.96,34.935,34.95,1488.0,CAKE
2023-07-10 12:22:00,34.939,34.94,34.935,34.935,1255.0,CAKE
2023-07-10 12:20:00,34.92,34.94,34.92,34.94,1134.0,CAKE
2023-07-10 12:19:00,34.92,34.92,34.915,34.915,831.0,CAKE
2023-07-10 12:18:00,34.92,34.92,34.91,34.91,2302.0,CAKE
2023-07-10 12:17:00,34.89,34.92,34.89,34.92,1900.0,CAKE
2023-07-10 12:16:00,34.89,34.89,34.89,34.89,549.0,CAKE
2023-07-10 12:15:00,34.89,34.89,34.886,34.89,1152.0,CAKE
2023-07-10 12:14:00,34.89,34.9,34.885,34.898,586.0,CAKE
2023-07-10 12:13:00,34.885,34.885,34.885,34.885,295.0,CAKE
2023-07-10 12:12:00,34.865,34.88,34.865,34.88,624.0,CAKE
2023-07-10 12:11:00,34.84,34.86,34.84,34.86,2510.0,CAKE
2023-07-10 12:10:00,34.85,34.85,34.84,34.84,326.0,CAKE
2023-07-10 12:09:00,34.86,34.86,34.86,34.86,487.0,CAKE
2023-07-10 12:08:00,34.89,34.89,34.89,34.89,279.0,CAKE
2023-07-10 12:07:00,34.9,34.9,34.899,34.899,363.0,CAKE
2023-07-10 12:06:00,34.915,34.92,34.915,34.92,462.0,CAKE
2023-07-10 12:05:00,34.945,34.945,34.945,34.945,279.0,CAKE
2023-07-10 12:04:00,34.92,34.96,34.91,34.945,2669.0,CAKE
2023-07-10 12:03:00,34.9,34.92,34.89,34.92,2496.0,CAKE
2023-07-10 12:02:00,34.96,34.96,34.89,34.891,3791.0,CAKE
2023-07-10 12:00:00,34.98,34.98,34.98,34.98,505.0,CAKE
2023-07-10 11:59:00,34.97,34.97,34.97,34.97,489.0,CAKE
2023-07-10 11:58:00,34.95,34.975,34.95,34.96,1409.0,CAKE
2023-07-10 11:57:00,34.97,34.97,34.97,34.97,190.0,CAKE
2023-07-10 11:56:00,34.97,34.97,34.97,34.97,242.0,CAKE
2023-07-10 11:55:00,34.98,34.999,34.98,34.98,655.0,CAKE
2023-07-10 11:54:00,34.97,34.97,34.97,34.97,933.0,CAKE
2023-07-10 11:53:00,34.97,35.0,34.97,35.0,501.0,CAKE
2023-07-10 11:51:00,35.025,35.025,34.96,34.98,2556.0,CAKE
2023-07-10 11:50:00,35.02,35.04,35.02,35.04,953.0,CAKE
2023-07-10 11:49:00,34.95,34.98,34.95,34.98,1788.0,CAKE
2023-07-10 11:48:00,34.96,34.96,34.9,34.925,3622.0,CAKE
2023-07-10 11:47:00,34.975,34.98,34.96,34.98,5297.0,CAKE
2023-07-10 11:46:00,34.96,34.97,34.96,34.97,479.0,CAKE
2023-07-10 11:45:00,34.984,34.989,34.97,34.97,415.0,CAKE
2023-07-10 11:44:00,34.97,34.984,34.97,34.984,721.0,CAKE
2023-07-10 11:43:00,34.976,34.976,34.965,34.97,486.0,CAKE
2023-07-10 11:42:00,34.93,34.98,34.93,34.98,1947.0,CAKE
2023-07-10 11:41:00,34.935,34.935,34.935,34.935,280.0,CAKE
2023-07-10 11:40:00,34.925,34.925,34.925,34.925,200.0,CAKE
2023-07-10 11:39:00,34.96,34.96,34.96,34.96,606.0,CAKE
2023-07-10 11:38:00,34.925,34.96,34.925,34.96,1927.0,CAKE
2023-07-10 11:36:00,34.925,34.925,34.925,34.925,700.0,CAKE
2023-07-10 11:35:00,34.93,34.93,34.92,34.92,737.0,CAKE
2023-07-10 11:34:00,34.93,34.93,34.92,34.92,2059.0,CAKE
2023-07-10 11:33:00,34.97,34.97,34.96,34.96,738.0,CAKE
2023-07-10 11:32:00,35.02,35.02,35.0,35.0,1040.0,CAKE
2023-07-10 11:31:00,35.05,35.05,35.03,35.04,1186.0,CAKE
2023-07-10 11:30:00,35.058,35.07,35.058,35.06,1025.0,CAKE
2023-07-10 11:29:00,35.05,35.055,35.05,35.055,870.0,CAKE
2023-07-10 11:28:00,35.05,35.05,35.05,35.05,606.0,CAKE
2023-07-10 11:27:00,35.09,35.09,35.06,35.06,416.0,CAKE
2023-07-10 11:25:00,35.06,35.07,35.06,35.07,526.0,CAKE
2023-07-10 11:24:00,35.04,35.04,35.03,35.03,752.0,CAKE
2023-07-10 11:23:00,35.04,35.06,35.04,35.04,2179.0,CAKE
2023-07-10 11:22:00,35.021,35.035,35.021,35.03,3913.0,CAKE
2023-07-10 11:21:00,35.05,35.05,35.05,35.05,302.0,CAKE
2023-07-10 11:20:00,35.05,35.07,35.05,35.07,778.0,CAKE
2023-07-10 11:19:00,35.075,35.075,35.06,35.06,332.0,CAKE
2023-07-10 11:18:00,35.09,35.09,35.07,35.07,1158.0,CAKE
2023-07-10 11:17:00,35.1,35.109,35.1,35.109,363.0,CAKE
2023-07-10 11:16:00,35.12,35.12,35.11,35.11,683.0,CAKE
2023-07-10 11:14:00,35.11,35.14,35.11,35.14,854.0,CAKE
2023-07-10 11:13:00,35.12,35.13,35.1,35.1,940.0,CAKE
2023-07-10 11:12:00,35.125,35.14,35.1,35.1,1168.0,CAKE
2023-07-10 11:10:00,35.13,35.13,35.13,35.13,440.0,CAKE
2023-07-10 11:08:00,35.13,35.15,35.11,35.15,1620.0,CAKE
2023-07-10 11:07:00,35.2,35.2,35.16,35.162,561.0,CAKE
2023-07-10 11:06:00,35.26,35.26,35.24,35.24,741.0,CAKE
2023-07-10 11:05:00,35.24,35.24,35.24,35.24,154.0,CAKE
2023-07-10 11:04:00,35.21,35.26,35.21,35.26,1237.0,CAKE
2023-07-10 11:03:00,35.3,35.3,35.22,35.22,1753.0,CAKE
2023-07-10 11:02:00,35.33,35.34,35.32,35.32,828.0,CAKE
2023-07-10 11:01:00,35.31,35.31,35.31,35.31,682.0,CAKE
2023-07-10 11:00:00,35.34,35.34,35.33,35.33,1020.0,CAKE
2023-07-10 10:59:00,35.34,35.34,35.33,35.34,1411.0,CAKE
2023-07-10 10:58:00,35.32,35.32,35.32,35.32,447.0,CAKE
2023-07-10 10:57:00,35.34,35.35,35.3,35.3,1823.0,CAKE
2023-07-10 10:56:00,35.32,35.33,35.314,35.314,2038.0,CAKE
2023-07-10 10:55:00,35.32,35.32,35.32,35.32,207.0,CAKE
2023-07-10 10:54:00,35.32,35.325,35.32,35.325,314.0,CAKE
2023-07-10 10:53:00,35.36,35.36,35.345,35.345,18880.0,CAKE
2023-07-10 10:52:00,35.38,35.385,35.375,35.375,557.0,CAKE
2023-07-10 10:51:00,35.465,35.465,35.4,35.4,1347.0,CAKE
2023-07-10 10:50:00,35.49,35.5,35.47,35.5,2138.0,CAKE
2023-07-10 10:49:00,35.51,35.52,35.51,35.52,203.0,CAKE
2023-07-10 10:47:00,35.45,35.45,35.45,35.45,666.0,CAKE
2023-07-10 10:46:00,35.41,35.41,35.39,35.41,1351.0,CAKE
2023-07-10 10:45:00,35.43,35.44,35.43,35.44,772.0,CAKE
2023-07-10 10:44:00,35.375,35.41,35.375,35.41,1176.0,CAKE
2023-07-10 10:43:00,35.41,35.41,35.39,35.396,1183.0,CAKE
2023-07-10 10:42:00,35.41,35.41,35.41,35.41,279.0,CAKE
2023-07-10 10:40:00,35.4,35.42,35.4,35.41,1103.0,CAKE
2023-07-10 10:39:00,35.373,35.373,35.373,35.373,323.0,CAKE
2023-07-10 10:37:00,35.36,35.38,35.36,35.38,1205.0,CAKE
2023-07-10 10:36:00,35.33,35.35,35.32,35.35,1356.0,CAKE
2023-07-10 10:35:00,35.319,35.35,35.319,35.35,1818.0,CAKE
2023-07-10 10:34:00,35.29,35.3,35.29,35.3,622.0,CAKE
2023-07-10 10:33:00,35.37,35.37,35.35,35.35,1116.0,CAKE
2023-07-10 10:32:00,35.4,35.4,35.4,35.4,826.0,CAKE
2023-07-10 10:31:00,35.405,35.405,35.405,35.405,460.0,CAKE
2023-07-10 10:29:00,35.47,35.47,35.47,35.47,243.0,CAKE
2023-07-10 10:28:00,35.41,35.49,35.41,35.49,1925.0,CAKE
2023-07-10 10:27:00,35.51,35.54,35.42,35.42,5059.0,CAKE
2023-07-10 10:25:00,35.52,35.52,35.5,35.5,1017.0,CAKE
2023-07-10 10:24:00,35.517,35.52,35.51,35.51,1686.0,CAKE
2023-07-10 10:22:00,35.5,35.52,35.49,35.515,4894.0,CAKE
2023-07-10 10:20:00,35.53,35.53,35.52,35.52,449.0,CAKE
2023-07-10 10:18:00,35.54,35.55,35.49,35.51,2402.0,CAKE
2023-07-10 10:17:00,35.49,35.515,35.49,35.515,2262.0,CAKE
2023-07-10 10:16:00,35.49,35.5,35.47,35.47,1502.0,CAKE
2023-07-10 10:15:00,35.516,35.516,35.47,35.49,1767.0,CAKE
2023-07-10 10:14:00,35.485,35.52,35.45,35.52,2428.0,CAKE
2023-07-10 10:13:00,35.54,35.54,35.53,35.53,1004.0,CAKE
2023-07-10 10:12:00,35.64,35.64,35.58,35.584,2641.0,CAKE
2023-07-10 10:11:00,35.67,35.675,35.65,35.65,1036.0,CAKE
2023-07-10 10:10:00,35.66,35.7,35.65,35.675,4090.0,CAKE
2023-07-10 10:09:00,35.64,35.65,35.62,35.65,799.0,CAKE
2023-07-10 10:08:00,35.59,35.65,35.58,35.63,3775.0,CAKE
2023-07-10 10:07:00,35.61,35.61,35.56,35.56,2110.0,CAKE
2023-07-10 10:06:00,35.6,35.6,35.6,35.6,429.0,CAKE
2023-07-10 10:05:00,35.57,35.59,35.57,35.59,958.0,CAKE
2023-07-10 10:04:00,35.55,35.58,35.55,35.58,679.0,CAKE
2023-07-10 10:03:00,35.48,35.53,35.48,35.53,1576.0,CAKE
2023-07-10 10:02:00,35.52,35.53,35.48,35.485,4287.0,CAKE
2023-07-10 10:01:00,35.58,35.6,35.53,35.53,1993.0,CAKE
2023-07-10 10:00:00,35.448,35.6,35.41,35.59,5932.0,CAKE
2023-07-10 09:59:00,35.395,35.467,35.395,35.467,976.0,CAKE
2023-07-10 09:58:00,35.35,35.4,35.34,35.365,1766.0,CAKE
2023-07-10 09:57:00,35.33,35.36,35.315,35.36,627.0,CAKE
2023-07-10 09:56:00,35.34,35.34,35.34,35.34,1132.0,CAKE
2023-07-10 09:55:00,35.3,35.32,35.3,35.32,863.0,CAKE
2023-07-10 09:54:00,35.26,35.3,35.26,35.3,1330.0,CAKE
2023-07-10 09:53:00,35.22,35.28,35.22,35.26,3405.0,CAKE
2023-07-10 09:52:00,35.17,35.24,35.17,35.22,2733.0,CAKE
2023-07-10 09:51:00,35.13,35.13,35.13,35.13,136.0,CAKE
2023-07-10 09:50:00,35.16,35.22,35.13,35.13,2809.0,CAKE
2023-07-10 09:49:00,35.06,35.12,35.06,35.12,2031.0,CAKE
2023-07-10 09:48:00,35.08,35.08,35.08,35.08,230.0,CAKE
2023-07-10 09:47:00,34.98,35.061,34.97,35.061,1597.0,CAKE
2023-07-10 09:46:00,34.995,34.995,34.972,34.972,502.0,CAKE
2023-07-10 09:45:00,34.97,35.0,34.97,35.0,1086.0,CAKE
2023-07-10 09:44:00,34.97,34.97,34.95,34.95,440.0,CAKE
2023-07-10 09:42:00,34.93,34.93,34.92,34.92,702.0,CAKE
2023-07-10 09:41:00,34.89,34.93,34.85,34.93,627.0,CAKE
2023-07-10 09:40:00,34.81,34.81,34.81,34.81,312.0,CAKE
2023-07-10 09:39:00,34.8,34.81,34.79,34.81,838.0,CAKE
2023-07-10 09:38:00,34.85,34.85,34.83,34.83,761.0,CAKE
2023-07-10 09:37:00,34.77,34.84,34.77,34.84,775.0,CAKE
2023-07-10 09:36:00,34.8,34.812,34.75,34.812,1171.0,CAKE
2023-07-10 09:33:00,34.82,34.85,34.78,34.805,1674.0,CAKE
2023-07-10 09:32:00,34.812,34.812,34.812,34.812,467.0,CAKE
2023-07-10 09:31:00,34.595,34.77,34.595,34.725,2051.0,CAKE
2023-07-10 09:30:00,34.49,34.52,34.49,34.52,6727.0,CAKE
2023-07-10 09:29:00,34.45,34.55,34.44,34.55,134.0,CAKE
2023-07-10 09:26:00,34.5,34.5,34.5,34.5,22.0,CAKE
2023-07-10 09:25:00,34.88,34.88,34.88,34.88,5.0,CAKE
2023-07-10 09:12:00,35.08,35.08,35.08,35.08,2.0,CAKE
2023-07-10 09:05:00,34.5,34.5,34.5,34.5,10.0,CAKE
2023-07-10 08:52:00,35.13,35.13,35.13,35.13,1.0,CAKE
2023-07-10 08:47:00,35.14,35.14,35.14,35.14,5.0,CAKE
2023-07-10 08:41:00,35.15,35.15,35.15,35.15,5.0,CAKE
2023-07-10 08:40:00,34.52,34.52,34.52,34.52,12.0,CAKE
2023-07-10 08:36:00,35.03,35.03,35.03,35.03,5.0,CAKE
2023-07-10 08:30:00,34.76,34.76,34.76,34.76,45.0,CAKE
2023-07-10 08:26:00,35.415,35.415,35.415,35.415,4.0,CAKE
2023-07-10 08:10:00,34.74,34.79,34.74,34.79,9.0,CAKE
2023-07-10 08:07:00,34.81,34.81,34.81,34.81,4.0,CAKE
2023-07-10 08:04:00,34.76,34.76,34.76,34.76,100.0,CAKE
2023-07-10 08:02:00,34.58,34.58,34.58,34.58,2.0,CAKE
2023-07-10 07:57:00,34.59,34.59,34.59,34.59,4.0,CAKE
2023-07-10 07:19:00,34.52,34.52,34.52,34.52,1.0,CAKE
2023-07-10 07:00:00,35.0,35.09,34.45,34.5,259.0,CAKE
2023-07-10 06:49:00,34.65,34.65,34.65,34.65,1.0,CAKE
2023-07-10 04:00:00,34.52,34.69,34.3,34.68,133.0,CAKE
2023-07-07 19:47:00,34.52,34.52,34.52,34.52,4.0,CAKE
2023-07-07 19:36:00,34.92,34.92,34.91,34.92,66.0,CAKE
2023-07-07 19:32:00,34.91,34.91,34.91,34.91,25.0,CAKE
2023-07-07 19:28:00,34.91,34.91,34.91,34.91,20.0,CAKE
2023-07-07 19:14:00,34.91,34.91,34.91,34.91,1.0,CAKE
2023-07-07 19:13:00,34.91,34.91,34.91,34.91,10.0,CAKE
2023-07-07 19:02:00,34.93,34.93,34.93,34.93,1.0,CAKE
2023-07-07 18:49:00,35.0,35.0,35.0,35.0,15.0,CAKE
2023-07-07 18:04:00,35.0,35.0,35.0,35.0,30.0,CAKE
2023-07-07 18:02:00,34.33,34.33,34.33,34.33,8.0,CAKE
2023-07-07 17:52:00,34.5,34.5,34.33,34.33,75.0,CAKE
2023-07-07 17:46:00,35.0,35.0,35.0,35.0,10.0,CAKE
2023-07-07 17:44:00,35.0,35.0,35.0,35.0,2.0,CAKE
2023-07-07 17:33:00,34.84,34.84,34.84,34.84,1.0,CAKE
2023-07-07 17:31:00,35.0,35.0,35.0,35.0,560.0,CAKE
2023-07-07 17:26:00,35.0,35.0,35.0,35.0,1.0,CAKE
2023-07-07 17:25:00,35.0,35.0,35.0,35.0,1.0,CAKE
2023-07-07 17:21:00,34.73,34.73,34.73,34.73,2.0,CAKE
2023-07-07 17:16:00,34.73,34.73,34.72,34.73,30.0,CAKE
2023-07-07 17:15:00,35.0,35.0,35.0,35.0,20.0,CAKE
2023-07-07 17:14:00,34.0,34.0,34.0,34.0,25.0,CAKE
2023-07-07 17:12:00,34.9,34.9,34.9,34.9,100.0,CAKE
2023-07-07 16:52:00,35.0,35.0,35.0,35.0,10.0,CAKE
2023-07-07 16:48:00,34.32,34.32,34.32,34.32,139.0,CAKE
2023-07-07 16:46:00,35.0,35.0,35.0,35.0,40.0,CAKE
2023-07-07 16:45:00,35.0,35.0,35.0,35.0,10.0,CAKE
2023-07-07 16:41:00,35.0,35.0,34.89,34.89,11.0,CAKE
2023-07-07 16:39:00,34.9,34.9,34.89,34.89,22.0,CAKE
2023-07-07 16:31:00,34.9,34.9,34.9,34.9,5.0,CAKE
2023-07-07 16:30:00,36.0,36.0,34.36,34.9,115.0,CAKE
2023-07-07 16:26:00,36.0,36.0,36.0,36.0,6.0,CAKE
2023-07-07 16:25:00,36.0,36.0,36.0,36.0,10.0,CAKE
2023-07-07 16:23:00,34.32,34.32,34.32,34.32,4.0,CAKE
2023-07-07 16:19:00,34.89,34.89,34.89,34.89,1.0,CAKE
2023-07-07 16:16:00,36.0,36.0,36.0,36.0,50.0,CAKE
2023-07-07 16:13:00,36.0,36.0,36.0,36.0,1.0,CAKE
2023-07-07 16:02:00,34.86,34.86,34.86,34.86,5.0,CAKE
2023-07-07 16:01:00,34.32,34.32,34.32,34.32,919.0,CAKE
2023-07-07 16:00:00,34.34,34.34,34.32,34.32,142528.0,CAKE
2023-07-07 15:59:00,34.3,34.34,34.295,34.34,19258.0,CAKE
2023-07-07 15:58:00,34.275,34.295,34.27,34.295,3886.0,CAKE
2023-07-07 15:57:00,34.26,34.275,34.255,34.27,5592.0,CAKE
2023-07-07 15:56:00,34.255,34.28,34.25,34.255,8204.0,CAKE
2023-07-07 15:55:00,34.24,34.255,34.23,34.255,4784.0,CAKE
2023-07-07 15:54:00,34.28,34.28,34.24,34.24,6467.0,CAKE
2023-07-07 15:53:00,34.31,34.31,34.29,34.29,3444.0,CAKE
2023-07-07 15:52:00,34.265,34.315,34.265,34.31,4436.0,CAKE
2023-07-07 15:51:00,34.235,34.26,34.235,34.26,6757.0,CAKE
2023-07-07 15:50:00,34.28,34.28,34.221,34.225,2803.0,CAKE
2023-07-07 15:49:00,34.28,34.28,34.27,34.27,1498.0,CAKE
2023-07-07 15:48:00,34.295,34.295,34.28,34.29,2428.0,CAKE
2023-07-07 15:47:00,34.272,34.29,34.272,34.29,3081.0,CAKE
2023-07-07 15:46:00,34.281,34.285,34.28,34.285,742.0,CAKE
2023-07-07 15:45:00,34.29,34.29,34.29,34.29,1714.0,CAKE
2023-07-07 15:44:00,34.33,34.33,34.33,34.33,575.0,CAKE
2023-07-07 15:43:00,34.345,34.345,34.33,34.33,1199.0,CAKE
2023-07-07 15:42:00,34.355,34.36,34.35,34.35,796.0,CAKE
2023-07-07 15:41:00,34.35,34.36,34.35,34.351,1769.0,CAKE
2023-07-07 15:40:00,34.38,34.39,34.37,34.37,1262.0,CAKE
2023-07-07 15:39:00,34.44,34.44,34.39,34.39,3517.0,CAKE
2023-07-07 15:38:00,34.41,34.437,34.41,34.437,2060.0,CAKE
2023-07-07 15:37:00,34.44,34.44,34.415,34.415,1518.0,CAKE
2023-07-07 15:36:00,34.49,34.49,34.45,34.45,3303.0,CAKE
2023-07-07 15:34:00,34.49,34.508,34.49,34.49,2313.0,CAKE
2023-07-07 15:33:00,34.47,34.48,34.47,34.48,635.0,CAKE
2023-07-07 15:32:00,34.46,34.46,34.45,34.45,1174.0,CAKE
2023-07-07 15:31:00,34.44,34.46,34.44,34.46,2068.0,CAKE
2023-07-07 15:30:00,34.46,34.46,34.425,34.445,3434.0,CAKE
2023-07-07 15:29:00,34.479,34.479,34.45,34.45,3192.0,CAKE
2023-07-07 15:28:00,34.48,34.48,34.48,34.48,437.0,CAKE
2023-07-07 15:26:00,34.42,34.49,34.42,34.48,2434.0,CAKE
2023-07-07 15:25:00,34.39,34.42,34.39,34.42,3388.0,CAKE
2023-07-07 15:23:00,34.38,34.38,34.38,34.38,251.0,CAKE
2023-07-07 15:22:00,34.4,34.4,34.38,34.38,1017.0,CAKE
2023-07-07 15:21:00,34.39,34.4,34.39,34.39,1237.0,CAKE
2023-07-07 15:20:00,34.37,34.38,34.37,34.38,210.0,CAKE
2023-07-07 15:19:00,34.38,34.38,34.37,34.37,550.0,CAKE
2023-07-07 15:18:00,34.38,34.38,34.38,34.38,699.0,CAKE
2023-07-07 15:17:00,34.38,34.39,34.38,34.39,1158.0,CAKE
2023-07-07 15:16:00,34.43,34.43,34.388,34.39,4017.0,CAKE
2023-07-07 15:15:00,34.4,34.438,34.4,34.435,3128.0,CAKE
2023-07-07 15:14:00,34.405,34.405,34.405,34.405,394.0,CAKE
2023-07-07 15:13:00,34.4,34.405,34.4,34.405,865.0,CAKE
2023-07-07 15:12:00,34.41,34.41,34.395,34.4,1566.0,CAKE
2023-07-07 15:11:00,34.43,34.43,34.42,34.42,1071.0,CAKE
2023-07-07 15:10:00,34.41,34.43,34.41,34.43,1424.0,CAKE
2023-07-07 15:09:00,34.42,34.42,34.415,34.415,1571.0,CAKE
2023-07-07 15:08:00,34.43,34.43,34.43,34.43,404.0,CAKE
2023-07-07 15:07:00,34.431,34.431,34.43,34.43,915.0,CAKE
2023-07-07 15:06:00,34.42,34.435,34.42,34.435,1345.0,CAKE
2023-07-07 15:05:00,34.44,34.44,34.42,34.42,1883.0,CAKE
2023-07-07 15:04:00,34.44,34.44,34.44,34.44,386.0,CAKE
2023-07-07 15:03:00,34.448,34.448,34.44,34.44,710.0,CAKE
2023-07-07 15:02:00,34.43,34.449,34.43,34.449,1146.0,CAKE
2023-07-07 15:01:00,34.42,34.42,34.42,34.42,1615.0,CAKE
2023-07-07 15:00:00,34.41,34.425,34.41,34.425,1396.0,CAKE
2023-07-07 14:59:00,34.4,34.4,34.4,34.4,524.0,CAKE
2023-07-07 14:58:00,34.395,34.395,34.395,34.395,332.0,CAKE
2023-07-07 14:56:00,34.39,34.398,34.39,34.398,625.0,CAKE
2023-07-07 14:55:00,34.38,34.39,34.38,34.38,598.0,CAKE
2023-07-07 14:52:00,34.39,34.39,34.385,34.385,1044.0,CAKE
2023-07-07 14:51:00,34.4,34.415,34.4,34.415,1123.0,CAKE
2023-07-07 14:50:00,34.39,34.39,34.39,34.39,1217.0,CAKE
2023-07-07 14:49:00,34.399,34.399,34.392,34.395,714.0,CAKE
2023-07-07 14:48:00,34.4,34.4,34.4,34.4,636.0,CAKE
2023-07-07 14:47:00,34.39,34.42,34.39,34.42,1715.0,CAKE
2023-07-07 14:46:00,34.35,34.38,34.35,34.38,2177.0,CAKE
2023-07-07 14:45:00,34.35,34.35,34.35,34.35,731.0,CAKE
2023-07-07 14:44:00,34.36,34.368,34.36,34.368,741.0,CAKE
2023-07-07 14:43:00,34.39,34.39,34.38,34.38,741.0,CAKE
2023-07-07 14:42:00,34.38,34.39,34.38,34.39,1270.0,CAKE
2023-07-07 14:41:00,34.38,34.38,34.38,34.38,643.0,CAKE
2023-07-07 14:40:00,34.385,34.385,34.385,34.385,348.0,CAKE
2023-07-07 14:39:00,34.41,34.41,34.4,34.4,959.0,CAKE
2023-07-07 14:37:00,34.45,34.45,34.43,34.43,903.0,CAKE
2023-07-07 14:36:00,34.46,34.46,34.45,34.45,400.0,CAKE
2023-07-07 14:35:00,34.42,34.45,34.42,34.45,2127.0,CAKE
2023-07-07 14:34:00,34.42,34.42,34.41,34.41,617.0,CAKE
2023-07-07 14:33:00,34.43,34.43,34.43,34.43,322.0,CAKE
2023-07-07 14:32:00,34.46,34.46,34.44,34.44,1872.0,CAKE
2023-07-07 14:31:00,34.49,34.49,34.47,34.47,1053.0,CAKE
2023-07-07 14:30:00,34.53,34.53,34.52,34.52,1530.0,CAKE
2023-07-07 14:29:00,34.53,34.54,34.53,34.54,721.0,CAKE
2023-07-07 14:27:00,34.53,34.53,34.53,34.53,949.0,CAKE
2023-07-07 14:25:00,34.525,34.54,34.525,34.54,1506.0,CAKE
2023-07-07 14:24:00,34.525,34.525,34.525,34.525,242.0,CAKE
2023-07-07 14:23:00,34.52,34.52,34.52,34.52,290.0,CAKE
2023-07-07 14:22:00,34.515,34.52,34.515,34.52,1842.0,CAKE
2023-07-07 14:20:00,34.52,34.52,34.515,34.515,766.0,CAKE
2023-07-07 14:19:00,34.525,34.525,34.525,34.525,786.0,CAKE
2023-07-07 14:18:00,34.53,34.53,34.53,34.53,645.0,CAKE
2023-07-07 14:16:00,34.54,34.54,34.54,34.54,165.0,CAKE
2023-07-07 14:15:00,34.53,34.53,34.52,34.53,1487.0,CAKE
2023-07-07 14:13:00,34.545,34.545,34.53,34.53,1475.0,CAKE
2023-07-07 14:12:00,34.525,34.54,34.525,34.54,1216.0,CAKE
2023-07-07 14:10:00,34.515,34.53,34.515,34.52,1141.0,CAKE
2023-07-07 14:09:00,34.52,34.52,34.52,34.52,422.0,CAKE
2023-07-07 14:08:00,34.55,34.55,34.55,34.55,886.0,CAKE
2023-07-07 14:07:00,34.555,34.555,34.555,34.555,650.0,CAKE
2023-07-07 14:05:00,34.56,34.56,34.56,34.56,433.0,CAKE
2023-07-07 14:04:00,34.55,34.56,34.55,34.56,1466.0,CAKE
2023-07-07 14:01:00,34.6,34.6,34.6,34.6,1101.0,CAKE
2023-07-07 13:58:00,34.62,34.63,34.62,34.62,1035.0,CAKE
2023-07-07 13:57:00,34.61,34.61,34.608,34.608,1142.0,CAKE
2023-07-07 13:56:00,34.635,34.635,34.63,34.63,751.0,CAKE
2023-07-07 13:55:00,34.62,34.63,34.62,34.63,1208.0,CAKE
2023-07-07 13:54:00,34.64,34.64,34.63,34.635,1183.0,CAKE
2023-07-07 13:53:00,34.65,34.65,34.648,34.65,476.0,CAKE
2023-07-07 13:52:00,34.645,34.645,34.645,34.645,200.0,CAKE
2023-07-07 13:51:00,34.65,34.65,34.65,34.65,224.0,CAKE
2023-07-07 13:50:00,34.66,34.66,34.66,34.66,471.0,CAKE
2023-07-07 13:49:00,34.63,34.64,34.62,34.64,1827.0,CAKE
2023-07-07 13:48:00,34.66,34.66,34.66,34.66,567.0,CAKE
2023-07-07 13:47:00,34.675,34.675,34.66,34.66,1207.0,CAKE
2023-07-07 13:46:00,34.67,34.68,34.67,34.68,921.0,CAKE
2023-07-07 13:45:00,34.64,34.67,34.64,34.67,925.0,CAKE
2023-07-07 13:44:00,34.67,34.67,34.64,34.64,1518.0,CAKE
2023-07-07 13:43:00,34.68,34.68,34.68,34.68,347.0,CAKE
2023-07-07 13:41:00,34.69,34.69,34.69,34.69,220.0,CAKE
2023-07-07 13:40:00,34.66,34.67,34.66,34.67,873.0,CAKE
2023-07-07 13:39:00,34.63,34.67,34.63,34.665,1209.0,CAKE
2023-07-07 13:38:00,34.67,34.67,34.65,34.65,476.0,CAKE
2023-07-07 13:37:00,34.66,34.665,34.66,34.665,592.0,CAKE
2023-07-07 13:36:00,34.675,34.675,34.675,34.675,232.0,CAKE
2023-07-07 13:35:00,34.7,34.7,34.7,34.7,634.0,CAKE
2023-07-07 13:34:00,34.71,34.71,34.71,34.71,526.0,CAKE
2023-07-07 13:33:00,34.715,34.73,34.71,34.73,1042.0,CAKE
2023-07-07 13:32:00,34.7,34.705,34.7,34.705,606.0,CAKE
2023-07-07 13:31:00,34.69,34.69,34.69,34.69,462.0,CAKE
2023-07-07 13:30:00,34.665,34.68,34.665,34.68,1620.0,CAKE
2023-07-07 13:29:00,34.7,34.7,34.7,34.7,586.0,CAKE
2023-07-07 13:28:00,34.7,34.7,34.69,34.69,588.0,CAKE
2023-07-07 13:27:00,34.71,34.71,34.7,34.7,1073.0,CAKE
2023-07-07 13:26:00,34.74,34.74,34.715,34.715,921.0,CAKE
2023-07-07 13:24:00,34.74,34.76,34.74,34.75,749.0,CAKE
2023-07-07 13:23:00,34.73,34.73,34.72,34.73,971.0,CAKE
2023-07-07 13:22:00,34.74,34.75,34.74,34.745,2583.0,CAKE
2023-07-07 13:21:00,34.73,34.74,34.73,34.73,1442.0,CAKE
2023-07-07 13:20:00,34.73,34.73,34.729,34.729,445.0,CAKE
2023-07-07 13:19:00,34.73,34.73,34.73,34.73,371.0,CAKE
2023-07-07 13:18:00,34.74,34.74,34.73,34.73,636.0,CAKE
2023-07-07 13:17:00,34.73,34.73,34.73,34.73,318.0,CAKE
2023-07-07 13:16:00,34.73,34.75,34.73,34.75,1949.0,CAKE
2023-07-07 13:15:00,34.7,34.71,34.7,34.71,1568.0,CAKE
2023-07-07 13:14:00,34.69,34.69,34.69,34.69,331.0,CAKE
2023-07-07 13:13:00,34.74,34.74,34.72,34.72,955.0,CAKE
2023-07-07 13:12:00,34.741,34.742,34.741,34.742,456.0,CAKE
2023-07-07 13:11:00,34.72,34.72,34.72,34.72,382.0,CAKE
2023-07-07 13:10:00,34.72,34.722,34.72,34.722,200.0,CAKE
2023-07-07 13:08:00,34.74,34.74,34.72,34.72,1233.0,CAKE
2023-07-07 13:07:00,34.78,34.78,34.765,34.765,1014.0,CAKE
2023-07-07 13:06:00,34.79,34.79,34.79,34.79,910.0,CAKE
2023-07-07 13:04:00,34.79,34.79,34.79,34.79,848.0,CAKE
2023-07-07 13:03:00,34.83,34.83,34.77,34.77,1514.0,CAKE
2023-07-07 13:02:00,34.839,34.839,34.81,34.81,1346.0,CAKE
2023-07-07 12:59:00,34.82,34.82,34.82,34.82,439.0,CAKE
2023-07-07 12:57:00,34.81,34.81,34.81,34.81,430.0,CAKE
2023-07-07 12:56:00,34.81,34.81,34.8,34.8,855.0,CAKE
2023-07-07 12:55:00,34.81,34.81,34.81,34.81,427.0,CAKE
2023-07-07 12:54:00,34.8,34.8,34.8,34.8,200.0,CAKE
2023-07-07 12:53:00,34.77,34.78,34.77,34.78,1085.0,CAKE
2023-07-07 12:51:00,34.76,34.76,34.76,34.76,172.0,CAKE
2023-07-07 12:49:00,34.8,34.8,34.8,34.8,347.0,CAKE
2023-07-07 12:48:00,34.82,34.82,34.81,34.81,644.0,CAKE
2023-07-07 12:47:00,34.83,34.83,34.83,34.83,338.0,CAKE
2023-07-07 12:46:00,34.84,34.84,34.84,34.84,410.0,CAKE
2023-07-07 12:45:00,34.84,34.84,34.84,34.84,886.0,CAKE
2023-07-07 12:42:00,34.78,34.84,34.78,34.84,2160.0,CAKE
2023-07-07 12:41:00,34.77,34.77,34.77,34.77,101.0,CAKE
2023-07-07 12:40:00,34.79,34.79,34.77,34.77,1340.0,CAKE
2023-07-07 12:39:00,34.785,34.79,34.78,34.79,452.0,CAKE
2023-07-07 12:38:00,34.748,34.77,34.74,34.77,1998.0,CAKE
2023-07-07 12:37:00,34.72,34.75,34.72,34.75,830.0,CAKE
2023-07-07 12:36:00,34.69,34.72,34.69,34.72,1162.0,CAKE
2023-07-07 12:35:00,34.69,34.69,34.69,34.69,862.0,CAKE
2023-07-07 12:33:00,34.65,34.685,34.65,34.685,1110.0,CAKE
2023-07-07 12:32:00,34.625,34.64,34.625,34.64,1050.0,CAKE
2023-07-07 12:29:00,34.62,34.62,34.62,34.62,195.0,CAKE
2023-07-07 12:28:00,34.66,34.66,34.65,34.65,1317.0,CAKE
2023-07-07 12:27:00,34.675,34.675,34.668,34.668,1109.0,CAKE
2023-07-07 12:25:00,34.69,34.69,34.67,34.67,2478.0,CAKE
2023-07-07 12:24:00,34.69,34.69,34.69,34.69,269.0,CAKE
2023-07-07 12:22:00,34.675,34.675,34.675,34.675,185.0,CAKE
2023-07-07 12:21:00,34.675,34.675,34.675,34.675,167.0,CAKE
2023-07-07 12:19:00,34.67,34.67,34.67,34.67,722.0,CAKE
2023-07-07 12:18:00,34.65,34.66,34.65,34.66,316.0,CAKE
2023-07-07 12:17:00,34.64,34.64,34.64,34.64,434.0,CAKE
2023-07-07 12:16:00,34.648,34.648,34.63,34.63,747.0,CAKE
2023-07-07 12:15:00,34.61,34.649,34.61,34.649,693.0,CAKE
2023-07-07 12:14:00,34.59,34.61,34.59,34.61,595.0,CAKE
2023-07-07 12:13:00,34.58,34.58,34.58,34.58,505.0,CAKE
2023-07-07 12:12:00,34.57,34.57,34.57,34.57,765.0,CAKE
2023-07-07 12:11:00,34.585,34.585,34.58,34.58,488.0,CAKE
2023-07-07 12:09:00,34.591,34.6,34.591,34.6,466.0,CAKE
2023-07-07 12:08:00,34.59,34.595,34.59,34.595,753.0,CAKE
2023-07-07 12:07:00,34.57,34.59,34.57,34.59,1669.0,CAKE
2023-07-07 12:06:00,34.55,34.56,34.55,34.56,879.0,CAKE
2023-07-07 12:05:00,34.53,34.54,34.53,34.54,220.0,CAKE
2023-07-07 12:03:00,34.54,34.54,34.54,34.54,268.0,CAKE
2023-07-07 12:02:00,34.54,34.54,34.54,34.54,501.0,CAKE
2023-07-07 12:01:00,34.55,34.55,34.55,34.55,528.0,CAKE
2023-07-07 12:00:00,34.55,34.55,34.55,34.55,545.0,CAKE
2023-07-07 11:59:00,34.555,34.555,34.555,34.555,211.0,CAKE
2023-07-07 11:58:00,34.57,34.57,34.56,34.56,1023.0,CAKE
2023-07-07 11:56:00,34.57,34.57,34.57,34.57,413.0,CAKE
2023-07-07 11:55:00,34.56,34.56,34.56,34.56,515.0,CAKE
2023-07-07 11:54:00,34.55,34.55,34.537,34.537,1152.0,CAKE
2023-07-07 11:53:00,34.585,34.585,34.57,34.57,625.0,CAKE
2023-07-07 11:52:00,34.59,34.59,34.59,34.59,254.0,CAKE
2023-07-07 11:51:00,34.59,34.59,34.59,34.59,412.0,CAKE
2023-07-07 11:50:00,34.6,34.6,34.58,34.58,600.0,CAKE
2023-07-07 11:49:00,34.64,34.64,34.61,34.61,662.0,CAKE
2023-07-07 11:48:00,34.6,34.63,34.6,34.63,1563.0,CAKE
2023-07-07 11:46:00,34.6,34.6,34.6,34.6,262.0,CAKE
2023-07-07 11:45:00,34.57,34.58,34.57,34.58,668.0,CAKE
2023-07-07 11:44:00,34.59,34.59,34.56,34.57,1193.0,CAKE
2023-07-07 11:43:00,34.609,34.609,34.609,34.609,136.0,CAKE
2023-07-07 11:42:00,34.6,34.6,34.6,34.6,244.0,CAKE
2023-07-07 11:41:00,34.58,34.58,34.58,34.58,101.0,CAKE
2023-07-07 11:40:00,34.58,34.58,34.58,34.58,111.0,CAKE
2023-07-07 11:39:00,34.64,34.64,34.62,34.62,3673.0,CAKE
2023-07-07 11:38:00,34.63,34.64,34.63,34.64,894.0,CAKE
2023-07-07 11:37:00,34.625,34.63,34.625,34.63,899.0,CAKE
2023-07-07 11:34:00,34.63,34.63,34.63,34.63,582.0,CAKE
2023-07-07 11:33:00,34.615,34.615,34.615,34.615,341.0,CAKE
2023-07-07 11:32:00,34.64,34.65,34.605,34.63,1365.0,CAKE
2023-07-07 11:31:00,34.65,34.65,34.64,34.64,440.0,CAKE
2023-07-07 11:29:00,34.685,34.685,34.68,34.68,779.0,CAKE
2023-07-07 11:28:00,34.68,34.68,34.672,34.68,1080.0,CAKE
2023-07-07 11:27:00,34.66,34.66,34.66,34.66,361.0,CAKE
2023-07-07 11:26:00,34.66,34.66,34.65,34.65,709.0,CAKE
2023-07-07 11:25:00,34.68,34.68,34.67,34.67,595.0,CAKE
2023-07-07 11:24:00,34.675,34.675,34.675,34.675,201.0,CAKE
2023-07-07 11:23:00,34.64,34.68,34.625,34.68,1621.0,CAKE
2023-07-07 11:20:00,34.65,34.65,34.63,34.635,1687.0,CAKE
2023-07-07 11:19:00,34.66,34.66,34.66,34.66,142.0,CAKE
2023-07-07 11:18:00,34.66,34.66,34.65,34.66,897.0,CAKE
2023-07-07 11:17:00,34.675,34.675,34.675,34.675,103.0,CAKE
2023-07-07 11:16:00,34.7,34.7,34.68,34.68,1135.0,CAKE
2023-07-07 11:15:00,34.67,34.7,34.67,34.7,1422.0,CAKE
2023-07-07 11:14:00,34.66,34.66,34.66,34.66,443.0,CAKE
2023-07-07 11:12:00,34.65,34.67,34.65,34.67,533.0,CAKE
2023-07-07 11:11:00,34.67,34.67,34.67,34.67,426.0,CAKE
2023-07-07 11:10:00,34.65,34.65,34.65,34.65,366.0,CAKE
2023-07-07 11:09:00,34.67,34.67,34.66,34.66,507.0,CAKE
2023-07-07 11:08:00,34.66,34.67,34.66,34.67,913.0,CAKE
2023-07-07 11:07:00,34.665,34.67,34.665,34.67,348.0,CAKE
2023-07-07 11:06:00,34.68,34.68,34.67,34.67,1235.0,CAKE
2023-07-07 11:05:00,34.67,34.675,34.63,34.665,3498.0,CAKE
2023-07-07 11:04:00,34.67,34.675,34.67,34.675,1682.0,CAKE
2023-07-07 11:03:00,34.68,34.68,34.65,34.66,1845.0,CAKE
2023-07-07 11:02:00,34.7,34.705,34.69,34.69,1019.0,CAKE
2023-07-07 11:01:00,34.65,34.68,34.65,34.68,1208.0,CAKE
2023-07-07 11:00:00,34.63,34.63,34.63,34.63,404.0,CAKE
2023-07-07 10:59:00,34.615,34.615,34.615,34.615,125.0,CAKE
2023-07-07 10:58:00,34.62,34.62,34.62,34.62,303.0,CAKE
2023-07-07 10:57:00,34.57,34.59,34.57,34.59,1132.0,CAKE
2023-07-07 10:56:00,34.605,34.605,34.555,34.56,1505.0,CAKE
2023-07-07 10:55:00,34.59,34.618,34.59,34.618,7657.0,CAKE
2023-07-07 10:54:00,34.59,34.59,34.59,34.59,918.0,CAKE
2023-07-07 10:52:00,34.53,34.53,34.53,34.53,503.0,CAKE
2023-07-07 10:51:00,34.52,34.52,34.47,34.49,2823.0,CAKE
2023-07-07 10:50:00,34.52,34.52,34.518,34.52,674.0,CAKE
2023-07-07 10:49:00,34.51,34.54,34.51,34.53,2260.0,CAKE
2023-07-07 10:48:00,34.48,34.51,34.48,34.51,2103.0,CAKE
2023-07-07 10:46:00,34.47,34.48,34.455,34.48,1613.0,CAKE
2023-07-07 10:44:00,34.49,34.498,34.47,34.47,758.0,CAKE
2023-07-07 10:43:00,34.48,34.49,34.48,34.49,979.0,CAKE
2023-07-07 10:42:00,34.48,34.48,34.48,34.48,276.0,CAKE
2023-07-07 10:41:00,34.5,34.51,34.48,34.485,1843.0,CAKE
2023-07-07 10:40:00,34.46,34.53,34.46,34.53,4902.0,CAKE
2023-07-07 10:39:00,34.38,34.47,34.38,34.47,10289.0,CAKE
2023-07-07 10:37:00,34.375,34.375,34.37,34.37,479.0,CAKE
2023-07-07 10:36:00,34.37,34.38,34.36,34.36,1997.0,CAKE
2023-07-07 10:35:00,34.35,34.38,34.35,34.38,1774.0,CAKE
2023-07-07 10:34:00,34.35,34.35,34.336,34.34,1007.0,CAKE
2023-07-07 10:33:00,34.34,34.355,34.34,34.355,1177.0,CAKE
2023-07-07 10:32:00,34.37,34.37,34.36,34.36,1174.0,CAKE
2023-07-07 10:31:00,34.35,34.35,34.35,34.35,424.0,CAKE
2023-07-07 10:30:00,34.355,34.355,34.34,34.34,264.0,CAKE
2023-07-07 10:29:00,34.36,34.36,34.341,34.341,466.0,CAKE
2023-07-07 10:28:00,34.36,34.36,34.36,34.36,143.0,CAKE
2023-07-07 10:27:00,34.36,34.36,34.36,34.36,180.0,CAKE
2023-07-07 10:26:00,34.4,34.4,34.38,34.38,585.0,CAKE
2023-07-07 10:25:00,34.42,34.42,34.4,34.4,944.0,CAKE
2023-07-07 10:24:00,34.44,34.44,34.43,34.43,1324.0,CAKE
2023-07-07 10:23:00,34.42,34.42,34.42,34.42,623.0,CAKE
2023-07-07 10:22:00,34.4,34.4,34.4,34.4,574.0,CAKE
2023-07-07 10:21:00,34.38,34.38,34.38,34.38,471.0,CAKE
2023-07-07 10:20:00,34.4,34.41,34.4,34.4,2189.0,CAKE
2023-07-07 10:19:00,34.379,34.39,34.37,34.39,1300.0,CAKE
2023-07-07 10:18:00,34.37,34.38,34.36,34.36,761.0,CAKE
2023-07-07 10:17:00,34.32,34.36,34.32,34.36,919.0,CAKE
2023-07-07 10:16:00,34.32,34.32,34.3,34.3,1246.0,CAKE
2023-07-07 10:14:00,34.34,34.34,34.34,34.34,107.0,CAKE
2023-07-07 10:12:00,34.3,34.3,34.3,34.3,275.0,CAKE
2023-07-07 10:11:00,34.32,34.32,34.3,34.3,1021.0,CAKE
2023-07-07 10:10:00,34.275,34.29,34.27,34.29,2703.0,CAKE
2023-07-07 10:09:00,34.19,34.245,34.19,34.245,7213.0,CAKE
2023-07-07 10:08:00,34.19,34.21,34.17,34.19,826.0,CAKE
2023-07-07 10:06:00,34.22,34.26,34.22,34.26,716.0,CAKE
2023-07-07 10:05:00,34.25,34.25,34.24,34.24,873.0,CAKE
2023-07-07 10:02:00,34.25,34.26,34.25,34.26,946.0,CAKE
2023-07-07 10:01:00,34.28,34.28,34.25,34.25,891.0,CAKE
2023-07-07 09:58:00,34.245,34.245,34.245,34.245,310.0,CAKE
2023-07-07 09:57:00,34.28,34.28,34.28,34.28,374.0,CAKE
2023-07-07 09:56:00,34.29,34.32,34.29,34.32,351.0,CAKE
2023-07-07 09:53:00,34.37,34.37,34.36,34.36,803.0,CAKE
2023-07-07 09:52:00,34.4,34.4,34.4,34.4,327.0,CAKE
2023-07-07 09:49:00,34.37,34.4,34.37,34.4,750.0,CAKE
2023-07-07 09:48:00,34.3,34.3,34.3,34.3,132.0,CAKE
2023-07-07 09:47:00,34.29,34.36,34.29,34.36,819.0,CAKE
2023-07-07 09:46:00,34.38,34.38,34.38,34.38,501.0,CAKE
2023-07-07 09:44:00,34.31,34.31,34.31,34.31,397.0,CAKE
2023-07-07 09:42:00,34.325,34.325,34.26,34.26,627.0,CAKE
2023-07-07 09:41:00,34.365,34.365,34.33,34.33,584.0,CAKE
2023-07-07 09:40:00,34.225,34.31,34.225,34.3,1552.0,CAKE
2023-07-07 09:38:00,34.205,34.205,34.205,34.205,314.0,CAKE
2023-07-07 09:34:00,34.16,34.21,34.12,34.21,978.0,CAKE
2023-07-07 09:32:00,34.215,34.215,34.215,34.215,304.0,CAKE
2023-07-07 09:31:00,34.21,34.21,34.1,34.1,510.0,CAKE
2023-07-07 09:30:00,34.2,34.25,34.2,34.25,4437.0,CAKE
2023-07-07 09:28:00,34.15,34.85,34.15,34.85,5.0,CAKE
2023-07-07 09:12:00,34.5,34.5,34.5,34.5,10.0,CAKE
2023-07-07 08:49:00,34.88,34.88,34.88,34.88,1.0,CAKE
2023-07-07 08:32:00,34.05,34.05,34.05,34.05,151.0,CAKE
2023-07-07 08:30:00,34.05,34.05,34.05,34.05,1.0,CAKE
2023-07-06 19:44:00,33.73,33.73,33.73,33.73,3.0,CAKE
2023-07-06 17:52:00,33.3,33.3,33.3,33.3,25.0,CAKE
2023-07-06 17:35:00,34.15,34.15,34.15,34.15,2.0,CAKE
2023-07-06 17:21:00,34.3,34.3,34.3,34.3,2.0,CAKE
2023-07-06 16:42:00,34.05,34.05,34.05,34.05,327.0,CAKE
2023-07-06 16:04:00,33.77,33.77,33.77,33.77,1.0,CAKE
2023-07-06 16:02:00,34.05,34.05,34.05,34.05,926.0,CAKE
2023-07-06 16:01:00,34.05,34.05,34.05,34.05,878.0,CAKE
2023-07-06 16:00:00,34.05,34.05,34.05,34.05,92967.0,CAKE
2023-07-06 15:59:00,34.09,34.095,34.03,34.05,15448.0,CAKE
2023-07-06 15:58:00,34.09,34.095,34.09,34.09,2467.0,CAKE
2023-07-06 15:57:00,34.065,34.09,34.06,34.09,4744.0,CAKE
2023-07-06 15:56:00,34.085,34.085,34.065,34.07,2757.0,CAKE
2023-07-06 15:55:00,34.09,34.09,34.07,34.09,4471.0,CAKE
2023-07-06 15:54:00,34.07,34.11,34.07,34.095,4963.0,CAKE
2023-07-06 15:53:00,34.09,34.09,34.06,34.07,2659.0,CAKE
2023-07-06 15:52:00,34.105,34.11,34.09,34.095,2477.0,CAKE
2023-07-06 15:51:00,34.06,34.095,34.06,34.095,4042.0,CAKE
2023-07-06 15:50:00,34.06,34.07,34.05,34.05,2804.0,CAKE
2023-07-06 15:49:00,34.04,34.05,34.04,34.05,2291.0,CAKE
2023-07-06 15:48:00,34.03,34.03,34.025,34.025,1392.0,CAKE
2023-07-06 15:47:00,34.01,34.035,34.01,34.035,3472.0,CAKE
2023-07-06 15:46:00,34.01,34.01,34.009,34.009,677.0,CAKE
2023-07-06 15:45:00,34.025,34.03,34.01,34.02,2590.0,CAKE
2023-07-06 15:44:00,34.01,34.03,34.001,34.03,1562.0,CAKE
2023-07-06 15:43:00,34.01,34.01,34.0,34.0,694.0,CAKE
2023-07-06 15:42:00,34.01,34.01,34.0,34.008,347.0,CAKE
2023-07-06 15:41:00,34.02,34.02,34.01,34.02,1292.0,CAKE
2023-07-06 15:40:00,33.99,34.01,33.99,34.01,1958.0,CAKE
2023-07-06 15:39:00,33.99,33.99,33.99,33.99,624.0,CAKE
2023-07-06 15:38:00,33.98,33.985,33.97,33.985,2242.0,CAKE
2023-07-06 15:37:00,34.0,34.0,33.985,33.99,1904.0,CAKE
2023-07-06 15:36:00,33.98,34.02,33.98,34.0,2351.0,CAKE
2023-07-06 15:35:00,33.965,33.979,33.965,33.975,1704.0,CAKE
2023-07-06 15:34:00,33.95,33.95,33.95,33.95,1148.0,CAKE
2023-07-06 15:33:00,33.95,33.97,33.94,33.97,3296.0,CAKE
2023-07-06 15:32:00,33.98,33.98,33.95,33.95,1341.0,CAKE
2023-07-06 15:31:00,33.995,34.0,33.98,33.98,2629.0,CAKE
2023-07-06 15:30:00,33.985,34.0,33.985,33.995,2021.0,CAKE
2023-07-06 15:29:00,33.98,33.99,33.98,33.99,1142.0,CAKE
2023-07-06 15:28:00,33.97,33.99,33.965,33.99,3537.0,CAKE
2023-07-06 15:27:00,33.99,33.99,33.96,33.97,2455.0,CAKE
2023-07-06 15:26:00,33.99,33.99,33.95,33.99,1441.0,CAKE
2023-07-06 15:25:00,33.94,33.99,33.935,33.99,1414.0,CAKE
2023-07-06 15:24:00,33.93,33.935,33.93,33.935,450.0,CAKE
2023-07-06 15:23:00,33.92,33.95,33.92,33.94,1739.0,CAKE
2023-07-06 15:22:00,33.95,33.95,33.92,33.938,911.0,CAKE
2023-07-06 15:21:00,33.88,33.92,33.875,33.92,1486.0,CAKE
2023-07-06 15:20:00,33.88,33.88,33.87,33.875,1229.0,CAKE
2023-07-06 15:19:00,33.89,33.89,33.89,33.89,810.0,CAKE
2023-07-06 15:18:00,33.86,33.88,33.86,33.88,1225.0,CAKE
2023-07-06 15:17:00,33.85,33.85,33.85,33.85,247.0,CAKE
2023-07-06 15:16:00,33.84,33.86,33.835,33.86,3091.0,CAKE
2023-07-06 15:15:00,33.835,33.835,33.81,33.83,2186.0,CAKE
2023-07-06 15:14:00,33.85,33.85,33.835,33.835,1717.0,CAKE
2023-07-06 15:13:00,33.85,33.868,33.85,33.855,1481.0,CAKE
2023-07-06 15:12:00,33.85,33.85,33.85,33.85,811.0,CAKE
2023-07-06 15:11:00,33.85,33.85,33.84,33.85,1136.0,CAKE
2023-07-06 15:10:00,33.88,33.88,33.85,33.85,1555.0,CAKE
2023-07-06 15:09:00,33.86,33.86,33.86,33.86,403.0,CAKE
2023-07-06 15:08:00,33.85,33.88,33.85,33.87,2081.0,CAKE
2023-07-06 15:07:00,33.865,33.865,33.86,33.86,847.0,CAKE
2023-07-06 15:06:00,33.84,33.865,33.84,33.86,1748.0,CAKE
2023-07-06 15:05:00,33.855,33.855,33.84,33.84,746.0,CAKE
2023-07-06 15:04:00,33.89,33.89,33.85,33.85,2222.0,CAKE
2023-07-06 15:03:00,33.86,33.88,33.86,33.88,2017.0,CAKE
2023-07-06 15:02:00,33.89,33.89,33.89,33.89,715.0,CAKE
2023-07-06 15:01:00,33.89,33.89,33.89,33.89,658.0,CAKE
2023-07-06 15:00:00,33.9,33.9,33.9,33.9,363.0,CAKE
2023-07-06 14:59:00,33.92,33.92,33.9,33.9,1515.0,CAKE
2023-07-06 14:58:00,33.9,33.93,33.9,33.93,890.0,CAKE
2023-07-06 14:57:00,33.885,33.89,33.88,33.89,1013.0,CAKE
2023-07-06 14:56:00,33.89,33.89,33.885,33.885,616.0,CAKE
2023-07-06 14:55:00,33.85,33.9,33.85,33.9,2183.0,CAKE
2023-07-06 14:54:00,33.85,33.85,33.85,33.85,187.0,CAKE
2023-07-06 14:53:00,33.845,33.85,33.845,33.85,1406.0,CAKE
2023-07-06 14:52:00,33.84,33.845,33.825,33.845,6045.0,CAKE
2023-07-06 14:51:00,33.83,33.845,33.83,33.83,473.0,CAKE
2023-07-06 14:50:00,33.855,33.855,33.845,33.845,686.0,CAKE
2023-07-06 14:49:00,33.85,33.85,33.85,33.85,576.0,CAKE
2023-07-06 14:48:00,33.865,33.875,33.865,33.875,1323.0,CAKE
2023-07-06 14:47:00,33.86,33.865,33.86,33.865,416.0,CAKE
2023-07-06 14:46:00,33.855,33.86,33.855,33.86,747.0,CAKE
2023-07-06 14:45:00,33.87,33.87,33.85,33.85,743.0,CAKE
2023-07-06 14:44:00,33.87,33.88,33.87,33.88,1460.0,CAKE
2023-07-06 14:43:00,33.86,33.865,33.85,33.865,715.0,CAKE
2023-07-06 14:42:00,33.865,33.865,33.865,33.865,433.0,CAKE
2023-07-06 14:41:00,33.875,33.885,33.87,33.87,1545.0,CAKE
2023-07-06 14:40:00,33.865,33.865,33.86,33.865,543.0,CAKE
2023-07-06 14:39:00,33.86,33.869,33.86,33.869,620.0,CAKE
2023-07-06 14:38:00,33.86,33.86,33.86,33.86,511.0,CAKE
2023-07-06 14:37:00,33.87,33.87,33.86,33.86,332.0,CAKE
2023-07-06 14:36:00,33.88,33.88,33.87,33.87,470.0,CAKE
2023-07-06 14:35:00,33.88,33.88,33.88,33.88,101.0,CAKE
2023-07-06 14:34:00,33.88,33.88,33.88,33.88,269.0,CAKE
2023-07-06 14:33:00,33.855,33.899,33.855,33.88,851.0,CAKE
2023-07-06 14:32:00,33.87,33.87,33.855,33.855,1217.0,CAKE
2023-07-06 14:31:00,33.88,33.88,33.87,33.87,475.0,CAKE
2023-07-06 14:30:00,33.915,33.915,33.895,33.9,1035.0,CAKE
2023-07-06 14:29:00,33.85,33.865,33.85,33.865,303.0,CAKE
2023-07-06 14:28:00,33.865,33.879,33.865,33.879,2083.0,CAKE
2023-07-06 14:27:00,33.83,33.865,33.83,33.865,1319.0,CAKE
2023-07-06 14:25:00,33.845,33.845,33.83,33.83,750.0,CAKE
2023-07-06 14:24:00,33.83,33.84,33.83,33.84,1474.0,CAKE
2023-07-06 14:23:00,33.825,33.825,33.825,33.825,497.0,CAKE
2023-07-06 14:22:00,33.82,33.825,33.82,33.825,696.0,CAKE
2023-07-06 14:20:00,33.82,33.83,33.82,33.825,1625.0,CAKE
2023-07-06 14:19:00,33.81,33.81,33.81,33.81,201.0,CAKE
2023-07-06 14:18:00,33.82,33.82,33.82,33.82,572.0,CAKE
2023-07-06 14:17:00,33.84,33.84,33.82,33.82,231.0,CAKE
2023-07-06 14:16:00,33.82,33.83,33.812,33.82,1004.0,CAKE
2023-07-06 14:14:00,33.81,33.81,33.81,33.81,360.0,CAKE
2023-07-06 14:13:00,33.8,33.825,33.8,33.825,1928.0,CAKE
2023-07-06 14:12:00,33.81,33.81,33.8,33.8,621.0,CAKE
2023-07-06 14:10:00,33.82,33.83,33.82,33.83,297.0,CAKE
2023-07-06 14:09:00,33.82,33.83,33.81,33.83,1463.0,CAKE
2023-07-06 14:08:00,33.82,33.82,33.82,33.82,458.0,CAKE
2023-07-06 14:07:00,33.82,33.82,33.82,33.82,512.0,CAKE
2023-07-06 14:06:00,33.83,33.83,33.82,33.82,437.0,CAKE
2023-07-06 14:05:00,33.82,33.82,33.82,33.82,103.0,CAKE
2023-07-06 14:04:00,33.82,33.82,33.82,33.82,315.0,CAKE
2023-07-06 14:03:00,33.85,33.85,33.85,33.85,130.0,CAKE
2023-07-06 14:02:00,33.83,33.84,33.815,33.84,1052.0,CAKE
2023-07-06 14:01:00,33.86,33.86,33.83,33.83,630.0,CAKE
2023-07-06 14:00:00,33.85,33.86,33.85,33.86,378.0,CAKE
2023-07-06 13:59:00,33.86,33.86,33.86,33.86,351.0,CAKE
2023-07-06 13:58:00,33.87,33.87,33.87,33.87,331.0,CAKE
2023-07-06 13:57:00,33.88,33.88,33.88,33.88,605.0,CAKE
2023-07-06 13:55:00,33.8,33.84,33.8,33.84,1802.0,CAKE
2023-07-06 13:54:00,33.8,33.8,33.77,33.795,1771.0,CAKE
2023-07-06 13:53:00,33.86,33.86,33.85,33.85,720.0,CAKE
2023-07-06 13:52:00,33.87,33.87,33.86,33.86,345.0,CAKE
2023-07-06 13:51:00,33.885,33.885,33.87,33.87,301.0,CAKE
2023-07-06 13:50:00,33.88,33.89,33.88,33.89,318.0,CAKE
2023-07-06 13:48:00,33.85,33.86,33.85,33.86,220.0,CAKE
2023-07-06 13:47:00,33.85,33.89,33.85,33.875,1836.0,CAKE
2023-07-06 13:46:00,33.79,33.86,33.79,33.83,9118.0,CAKE
2023-07-06 13:45:00,33.81,33.84,33.77,33.8,5623.0,CAKE
2023-07-06 13:44:00,33.83,33.83,33.82,33.82,524.0,CAKE
2023-07-06 13:43:00,33.82,33.82,33.82,33.82,210.0,CAKE
2023-07-06 13:42:00,33.84,33.84,33.83,33.83,473.0,CAKE
2023-07-06 13:41:00,33.83,33.83,33.82,33.825,1557.0,CAKE
2023-07-06 13:40:00,33.83,33.845,33.83,33.845,245.0,CAKE
2023-07-06 13:39:00,33.84,33.84,33.83,33.83,721.0,CAKE
2023-07-06 13:38:00,33.815,33.82,33.815,33.82,245.0,CAKE
2023-07-06 13:37:00,33.785,33.815,33.785,33.815,1715.0,CAKE
2023-07-06 13:36:00,33.76,33.76,33.76,33.76,331.0,CAKE
2023-07-06 13:35:00,33.77,33.775,33.76,33.76,1067.0,CAKE
2023-07-06 13:32:00,33.78,33.785,33.78,33.785,1188.0,CAKE
2023-07-06 13:31:00,33.77,33.78,33.77,33.78,481.0,CAKE
2023-07-06 13:30:00,33.785,33.785,33.78,33.78,293.0,CAKE
2023-07-06 13:29:00,33.8,33.8,33.79,33.79,715.0,CAKE
2023-07-06 13:28:00,33.77,33.785,33.77,33.785,926.0,CAKE
2023-07-06 13:27:00,33.77,33.77,33.77,33.77,388.0,CAKE
2023-07-06 13:26:00,33.76,33.77,33.76,33.77,1009.0,CAKE
2023-07-06 13:25:00,33.77,33.77,33.76,33.76,673.0,CAKE
2023-07-06 13:24:00,33.78,33.78,33.76,33.76,341.0,CAKE
2023-07-06 13:23:00,33.75,33.75,33.75,33.75,268.0,CAKE
2023-07-06 13:22:00,33.73,33.73,33.73,33.73,316.0,CAKE
2023-07-06 13:21:00,33.73,33.73,33.73,33.73,202.0,CAKE
2023-07-06 13:20:00,33.69,33.745,33.69,33.725,2577.0,CAKE
2023-07-06 13:19:00,33.7,33.7,33.7,33.7,754.0,CAKE
2023-07-06 13:18:00,33.7,33.7,33.69,33.69,482.0,CAKE
2023-07-06 13:17:00,33.695,33.7,33.69,33.7,1133.0,CAKE
2023-07-06 13:16:00,33.71,33.71,33.695,33.695,1067.0,CAKE
2023-07-06 13:15:00,33.73,33.73,33.72,33.725,716.0,CAKE
2023-07-06 13:14:00,33.715,33.735,33.715,33.735,2964.0,CAKE
2023-07-06 13:13:00,33.7,33.72,33.7,33.7,1245.0,CAKE
2023-07-06 13:12:00,33.77,33.77,33.71,33.71,3368.0,CAKE
2023-07-06 13:11:00,33.77,33.77,33.77,33.77,112.0,CAKE
2023-07-06 13:10:00,33.79,33.79,33.77,33.78,8551.0,CAKE
2023-07-06 13:09:00,33.785,33.795,33.785,33.795,1722.0,CAKE
2023-07-06 13:08:00,33.819,33.819,33.785,33.785,2416.0,CAKE
2023-07-06 13:07:00,33.8,33.81,33.8,33.81,309.0,CAKE
2023-07-06 13:06:00,33.8,33.8,33.8,33.8,378.0,CAKE
2023-07-06 13:05:00,33.82,33.82,33.815,33.815,371.0,CAKE
2023-07-06 13:02:00,33.82,33.825,33.82,33.82,1423.0,CAKE
2023-07-06 13:00:00,33.82,33.82,33.82,33.82,101.0,CAKE
2023-07-06 12:59:00,33.82,33.82,33.82,33.82,439.0,CAKE
2023-07-06 12:58:00,33.81,33.82,33.8,33.82,1020.0,CAKE
2023-07-06 12:57:00,33.82,33.82,33.82,33.82,251.0,CAKE
2023-07-06 12:56:00,33.86,33.86,33.84,33.84,863.0,CAKE
2023-07-06 12:55:00,33.86,33.87,33.86,33.86,536.0,CAKE
2023-07-06 12:54:00,33.835,33.87,33.83,33.87,2219.0,CAKE
2023-07-06 12:53:00,33.85,33.85,33.83,33.83,2040.0,CAKE
2023-07-06 12:50:00,33.86,33.87,33.86,33.87,344.0,CAKE
2023-07-06 12:49:00,33.84,33.84,33.83,33.83,1232.0,CAKE
2023-07-06 12:47:00,33.81,33.845,33.81,33.845,1292.0,CAKE
2023-07-06 12:46:00,33.8,33.8,33.8,33.8,190.0,CAKE
2023-07-06 12:45:00,33.78,33.79,33.78,33.79,1094.0,CAKE
2023-07-06 12:44:00,33.81,33.81,33.8,33.8,1699.0,CAKE
2023-07-06 12:43:00,33.855,33.855,33.83,33.83,652.0,CAKE
2023-07-06 12:42:00,33.85,33.87,33.84,33.84,482.0,CAKE
2023-07-06 12:41:00,33.84,33.87,33.84,33.862,998.0,CAKE
2023-07-06 12:40:00,33.81,33.855,33.81,33.855,2433.0,CAKE
2023-07-06 12:39:00,33.83,33.83,33.815,33.815,377.0,CAKE
2023-07-06 12:38:00,33.89,33.89,33.85,33.85,1400.0,CAKE
2023-07-06 12:37:00,33.91,33.91,33.895,33.895,1321.0,CAKE
2023-07-06 12:36:00,33.91,33.91,33.9,33.9,323.0,CAKE
2023-07-06 12:35:00,33.91,33.91,33.9,33.9,397.0,CAKE
2023-07-06 12:34:00,33.92,33.94,33.92,33.92,717.0,CAKE
2023-07-06 12:33:00,33.905,33.92,33.895,33.92,1157.0,CAKE
2023-07-06 12:32:00,33.89,33.92,33.88,33.92,3897.0,CAKE
2023-07-06 12:31:00,33.87,33.9,33.87,33.9,1089.0,CAKE
2023-07-06 12:30:00,33.85,33.86,33.85,33.86,635.0,CAKE
2023-07-06 12:29:00,33.88,33.88,33.849,33.849,1116.0,CAKE
2023-07-06 12:28:00,33.88,33.89,33.88,33.885,429.0,CAKE
2023-07-06 12:27:00,33.88,33.885,33.87,33.87,1361.0,CAKE
2023-07-06 12:26:00,33.89,33.9,33.89,33.9,496.0,CAKE
2023-07-06 12:25:00,33.86,33.89,33.86,33.89,1086.0,CAKE
2023-07-06 12:24:00,33.869,33.869,33.86,33.86,497.0,CAKE
2023-07-06 12:23:00,33.844,33.86,33.844,33.86,917.0,CAKE
2023-07-06 12:22:00,33.86,33.86,33.86,33.86,678.0,CAKE
2023-07-06 12:21:00,33.83,33.85,33.82,33.85,2611.0,CAKE
2023-07-06 12:20:00,33.83,33.83,33.83,33.83,285.0,CAKE
2023-07-06 12:19:00,33.79,33.82,33.79,33.82,1086.0,CAKE
2023-07-06 12:18:00,33.785,33.785,33.78,33.78,377.0,CAKE
2023-07-06 12:17:00,33.805,33.805,33.79,33.79,592.0,CAKE
2023-07-06 12:16:00,33.76,33.8,33.75,33.8,2038.0,CAKE
2023-07-06 12:15:00,33.71,33.755,33.7,33.755,2202.0,CAKE
2023-07-06 12:14:00,33.7,33.71,33.7,33.71,230.0,CAKE
2023-07-06 12:13:00,33.71,33.71,33.7,33.7,211.0,CAKE
2023-07-06 12:12:00,33.71,33.71,33.701,33.701,451.0,CAKE
2023-07-06 12:11:00,33.685,33.71,33.685,33.7,757.0,CAKE
2023-07-06 12:10:00,33.7,33.7,33.68,33.69,1619.0,CAKE
2023-07-06 12:09:00,33.7,33.7,33.7,33.7,648.0,CAKE
2023-07-06 12:08:00,33.69,33.69,33.69,33.69,316.0,CAKE
2023-07-06 12:07:00,33.71,33.71,33.7,33.705,2000.0,CAKE
2023-07-06 12:06:00,33.741,33.741,33.72,33.72,1672.0,CAKE
2023-07-06 12:05:00,33.72,33.73,33.72,33.73,1321.0,CAKE
2023-07-06 12:04:00,33.71,33.71,33.7,33.71,1078.0,CAKE
2023-07-06 12:03:00,33.73,33.73,33.72,33.73,1162.0,CAKE
2023-07-06 12:02:00,33.745,33.745,33.73,33.73,476.0,CAKE
2023-07-06 12:01:00,33.72,33.748,33.72,33.748,1217.0,CAKE
2023-07-06 12:00:00,33.72,33.72,33.72,33.72,158.0,CAKE
2023-07-06 11:58:00,33.66,33.67,33.65,33.67,1311.0,CAKE
2023-07-06 11:57:00,33.68,33.68,33.67,33.67,430.0,CAKE
2023-07-06 11:56:00,33.66,33.66,33.66,33.66,625.0,CAKE
2023-07-06 11:55:00,33.65,33.65,33.65,33.65,684.0,CAKE
2023-07-06 11:54:00,33.64,33.65,33.63,33.64,1441.0,CAKE
2023-07-06 11:53:00,33.63,33.66,33.63,33.66,697.0,CAKE
2023-07-06 11:52:00,33.6,33.629,33.6,33.62,1945.0,CAKE
2023-07-06 11:51:00,33.58,33.59,33.58,33.59,540.0,CAKE
2023-07-06 11:50:00,33.55,33.57,33.55,33.57,1067.0,CAKE
2023-07-06 11:49:00,33.54,33.54,33.54,33.54,489.0,CAKE
2023-07-06 11:48:00,33.53,33.53,33.53,33.53,102.0,CAKE
2023-07-06 11:47:00,33.54,33.54,33.52,33.53,1404.0,CAKE
2023-07-06 11:46:00,33.5,33.53,33.5,33.53,705.0,CAKE
2023-07-06 11:45:00,33.5,33.51,33.5,33.51,1252.0,CAKE
2023-07-06 11:44:00,33.51,33.51,33.51,33.51,563.0,CAKE
2023-07-06 11:42:00,33.52,33.53,33.52,33.53,834.0,CAKE
2023-07-06 11:41:00,33.51,33.52,33.51,33.51,1385.0,CAKE
2023-07-06 11:40:00,33.5,33.5,33.5,33.5,141.0,CAKE
2023-07-06 11:39:00,33.515,33.515,33.5,33.5,460.0,CAKE
2023-07-06 11:38:00,33.53,33.538,33.52,33.52,675.0,CAKE
2023-07-06 11:37:00,33.52,33.52,33.5,33.52,1196.0,CAKE
2023-07-06 11:36:00,33.59,33.59,33.53,33.53,6220.0,CAKE
2023-07-06 11:35:00,33.59,33.6,33.58,33.58,512.0,CAKE
2023-07-06 11:34:00,33.55,33.56,33.55,33.56,567.0,CAKE
2023-07-06 11:33:00,33.52,33.53,33.52,33.53,379.0,CAKE
2023-07-06 11:32:00,33.515,33.54,33.515,33.515,2598.0,CAKE
2023-07-06 11:31:00,33.51,33.52,33.51,33.52,446.0,CAKE
2023-07-06 11:30:00,33.48,33.48,33.48,33.48,211.0,CAKE
2023-07-06 11:28:00,33.49,33.49,33.49,33.49,469.0,CAKE
2023-07-06 11:27:00,33.51,33.53,33.495,33.5,2306.0,CAKE
2023-07-06 11:26:00,33.49,33.51,33.49,33.51,1849.0,CAKE
2023-07-06 11:25:00,33.49,33.49,33.45,33.49,2161.0,CAKE
2023-07-06 11:24:00,33.52,33.52,33.5,33.5,1525.0,CAKE
2023-07-06 11:23:00,33.48,33.51,33.48,33.51,1926.0,CAKE
2023-07-06 11:22:00,33.46,33.46,33.46,33.46,212.0,CAKE
2023-07-06 11:18:00,33.43,33.45,33.43,33.45,701.0,CAKE
2023-07-06 11:17:00,33.4,33.415,33.4,33.415,621.0,CAKE
2023-07-06 11:16:00,33.41,33.41,33.4,33.4,472.0,CAKE
2023-07-06 11:15:00,33.435,33.435,33.41,33.41,1130.0,CAKE
2023-07-06 11:14:00,33.44,33.44,33.43,33.44,984.0,CAKE
2023-07-06 11:13:00,33.455,33.455,33.455,33.455,208.0,CAKE
2023-07-06 11:12:00,33.455,33.455,33.455,33.455,113.0,CAKE
2023-07-06 11:11:00,33.415,33.465,33.415,33.465,939.0,CAKE
2023-07-06 11:10:00,33.42,33.42,33.4,33.41,2124.0,CAKE
2023-07-06 11:09:00,33.43,33.43,33.42,33.42,433.0,CAKE
2023-07-06 11:06:00,33.44,33.44,33.44,33.44,581.0,CAKE
2023-07-06 11:05:00,33.42,33.44,33.42,33.44,1036.0,CAKE
2023-07-06 11:04:00,33.44,33.44,33.41,33.41,758.0,CAKE
2023-07-06 11:03:00,33.45,33.45,33.44,33.44,650.0,CAKE
2023-07-06 11:02:00,33.45,33.45,33.45,33.45,436.0,CAKE
2023-07-06 11:01:00,33.44,33.44,33.411,33.43,2044.0,CAKE
2023-07-06 11:00:00,33.47,33.47,33.45,33.45,1199.0,CAKE
2023-07-06 10:59:00,33.47,33.47,33.47,33.47,435.0,CAKE
2023-07-06 10:58:00,33.48,33.5,33.48,33.5,1195.0,CAKE
2023-07-06 10:57:00,33.47,33.47,33.47,33.47,528.0,CAKE
2023-07-06 10:56:00,33.43,33.45,33.43,33.45,1489.0,CAKE
2023-07-06 10:55:00,33.43,33.43,33.41,33.41,631.0,CAKE
2023-07-06 10:54:00,33.46,33.46,33.42,33.42,1775.0,CAKE
2023-07-06 10:53:00,33.49,33.49,33.469,33.469,1060.0,CAKE
2023-07-06 10:51:00,33.499,33.51,33.49,33.505,4764.0,CAKE
2023-07-06 10:50:00,33.52,33.52,33.48,33.48,1859.0,CAKE
2023-07-06 10:49:00,33.55,33.55,33.55,33.55,465.0,CAKE
2023-07-06 10:48:00,33.62,33.62,33.58,33.58,1010.0,CAKE
2023-07-06 10:47:00,33.635,33.635,33.63,33.63,814.0,CAKE
2023-07-06 10:46:00,33.65,33.65,33.63,33.63,1830.0,CAKE
2023-07-06 10:45:00,33.675,33.675,33.675,33.675,258.0,CAKE
2023-07-06 10:44:00,33.66,33.67,33.66,33.67,923.0,CAKE
2023-07-06 10:43:00,33.63,33.655,33.63,33.655,1441.0,CAKE
2023-07-06 10:42:00,33.635,33.635,33.635,33.635,663.0,CAKE
2023-07-06 10:41:00,33.63,33.63,33.63,33.63,443.0,CAKE
2023-07-06 10:40:00,33.6,33.64,33.6,33.625,1497.0,CAKE
2023-07-06 10:39:00,33.585,33.619,33.585,33.619,1034.0,CAKE
2023-07-06 10:38:00,33.58,33.58,33.58,33.58,1283.0,CAKE
2023-07-06 10:37:00,33.605,33.605,33.605,33.605,633.0,CAKE
2023-07-06 10:36:00,33.665,33.665,33.63,33.63,943.0,CAKE
2023-07-06 10:35:00,33.67,33.67,33.67,33.67,248.0,CAKE
2023-07-06 10:34:00,33.63,33.66,33.63,33.65,1304.0,CAKE
2023-07-06 10:33:00,33.62,33.63,33.61,33.63,1491.0,CAKE
2023-07-06 10:32:00,33.645,33.645,33.63,33.63,895.0,CAKE
2023-07-06 10:31:00,33.6,33.63,33.58,33.63,2140.0,CAKE
2023-07-06 10:30:00,33.63,33.63,33.61,33.61,422.0,CAKE
2023-07-06 10:29:00,33.66,33.665,33.65,33.65,1022.0,CAKE
2023-07-06 10:28:00,33.65,33.65,33.65,33.65,604.0,CAKE
2023-07-06 10:27:00,33.71,33.71,33.68,33.68,1039.0,CAKE
2023-07-06 10:25:00,33.645,33.73,33.645,33.73,1438.0,CAKE
2023-07-06 10:24:00,33.61,33.64,33.61,33.64,2142.0,CAKE
2023-07-06 10:23:00,33.64,33.64,33.61,33.61,2073.0,CAKE
2023-07-06 10:22:00,33.64,33.67,33.62,33.67,5853.0,CAKE
2023-07-06 10:21:00,33.63,33.63,33.63,33.63,408.0,CAKE
2023-07-06 10:20:00,33.63,33.635,33.63,33.635,389.0,CAKE
2023-07-06 10:19:00,33.63,33.635,33.63,33.635,340.0,CAKE
2023-07-06 10:18:00,33.7,33.7,33.635,33.635,856.0,CAKE
2023-07-06 10:17:00,33.73,33.73,33.7,33.702,1571.0,CAKE
2023-07-06 10:15:00,33.76,33.77,33.76,33.77,382.0,CAKE
2023-07-06 10:14:00,33.74,33.75,33.69,33.74,3933.0,CAKE
2023-07-06 10:13:00,33.79,33.79,33.74,33.74,411.0,CAKE
2023-07-06 10:12:00,33.85,33.85,33.75,33.75,1194.0,CAKE
2023-07-06 10:11:00,33.81,33.85,33.81,33.85,2188.0,CAKE
2023-07-06 10:10:00,33.75,33.81,33.75,33.81,1473.0,CAKE
2023-07-06 10:09:00,33.725,33.735,33.72,33.735,2127.0,CAKE
2023-07-06 10:08:00,33.86,33.86,33.77,33.77,1026.0,CAKE
2023-07-06 10:07:00,33.89,33.9,33.86,33.86,788.0,CAKE
2023-07-06 10:06:00,33.96,33.96,33.9,33.9,3588.0,CAKE
2023-07-06 10:05:00,33.972,33.98,33.95,33.95,762.0,CAKE
2023-07-06 10:04:00,33.94,33.98,33.94,33.95,548.0,CAKE
2023-07-06 10:03:00,33.95,33.979,33.95,33.96,3328.0,CAKE
2023-07-06 10:02:00,33.98,34.0,33.96,33.97,3115.0,CAKE
2023-07-06 10:01:00,33.91,33.96,33.91,33.94,2290.0,CAKE
2023-07-06 10:00:00,33.9,33.9,33.83,33.83,933.0,CAKE
2023-07-06 09:59:00,33.86,33.88,33.84,33.84,382.0,CAKE
2023-07-06 09:58:00,33.94,33.96,33.94,33.94,1554.0,CAKE
2023-07-06 09:57:00,33.85,33.925,33.85,33.925,751.0,CAKE
2023-07-06 09:56:00,33.9,33.9,33.85,33.89,1416.0,CAKE
2023-07-06 09:55:00,33.94,33.94,33.9,33.925,1432.0,CAKE
2023-07-06 09:54:00,33.98,33.98,33.94,33.94,536.0,CAKE
2023-07-06 09:53:00,33.965,33.975,33.94,33.94,435.0,CAKE
2023-07-06 09:52:00,33.94,34.0,33.94,33.96,1983.0,CAKE
2023-07-06 09:51:00,33.955,33.955,33.91,33.928,795.0,CAKE
2023-07-06 09:50:00,33.95,33.95,33.91,33.92,731.0,CAKE
2023-07-06 09:49:00,33.935,34.0,33.93,34.0,1470.0,CAKE
2023-07-06 09:48:00,33.99,33.99,33.93,33.93,1481.0,CAKE
2023-07-06 09:47:00,34.0,34.01,33.99,33.99,1278.0,CAKE
2023-07-06 09:46:00,33.81,34.02,33.81,34.0,1686.0,CAKE
2023-07-06 09:45:00,33.815,33.815,33.815,33.815,323.0,CAKE
2023-07-06 09:44:00,33.82,33.83,33.82,33.83,746.0,CAKE
2023-07-06 09:43:00,33.83,33.9,33.83,33.84,1367.0,CAKE
2023-07-06 09:42:00,33.84,33.885,33.84,33.84,404.0,CAKE
2023-07-06 09:41:00,33.9,33.9,33.845,33.845,845.0,CAKE
2023-07-06 09:40:00,33.85,33.95,33.81,33.94,2446.0,CAKE
2023-07-06 09:39:00,33.87,33.885,33.85,33.85,567.0,CAKE
2023-07-06 09:38:00,33.78,33.872,33.78,33.872,3154.0,CAKE
2023-07-06 09:37:00,33.81,33.81,33.78,33.8,1862.0,CAKE
2023-07-06 09:36:00,33.86,33.86,33.81,33.81,921.0,CAKE
2023-07-06 09:35:00,33.86,33.86,33.86,33.86,502.0,CAKE
2023-07-06 09:34:00,33.83,33.83,33.83,33.83,525.0,CAKE
2023-07-06 09:33:00,33.835,33.835,33.82,33.82,673.0,CAKE
2023-07-06 09:32:00,33.925,33.925,33.86,33.86,685.0,CAKE
2023-07-06 09:31:00,33.83,33.85,33.83,33.85,302.0,CAKE
2023-07-06 09:30:00,33.87,33.895,33.81,33.895,2586.0,CAKE
2023-07-06 09:17:00,34.8,34.8,34.8,34.8,2.0,CAKE
2023-07-06 08:48:00,34.88,34.88,34.88,34.88,1.0,CAKE
2023-07-06 08:14:00,32.77,32.77,32.77,32.77,4.0,CAKE
2023-07-06 08:03:00,34.52,34.52,34.52,34.52,1.0,CAKE
2023-07-06 08:00:00,34.88,34.88,33.5,33.5,101.0,CAKE
2023-07-05 19:49:00,34.19,34.19,34.19,34.19,5.0,CAKE
2023-07-05 19:25:00,34.42,34.42,34.42,34.42,2.0,CAKE
2023-07-05 19:12:00,34.42,34.42,34.42,34.42,1.0,CAKE
2023-07-05 17:54:00,33.78,33.78,33.78,33.78,5.0,CAKE
2023-07-05 17:51:00,34.22,34.22,34.22,34.22,18.0,CAKE
2023-07-05 17:46:00,34.25,34.25,34.25,34.25,78.0,CAKE
2023-07-05 17:42:00,33.8,33.8,33.8,33.8,10.0,CAKE
2023-07-05 17:30:00,34.72,34.72,34.72,34.72,45.0,CAKE
2023-07-05 17:28:00,33.51,33.51,33.51,33.51,5.0,CAKE
2023-07-05 17:24:00,34.19,34.19,34.19,34.19,100.0,CAKE
2023-07-05 17:23:00,33.77,34.0,33.49,33.49,104.0,CAKE
2023-07-05 17:18:00,34.18,34.18,34.18,34.18,98.0,CAKE
2023-07-05 17:17:00,34.2,34.2,34.2,34.2,1.0,CAKE
2023-07-05 17:15:00,34.72,34.72,34.44,34.72,82.0,CAKE
2023-07-05 16:33:00,34.44,34.44,34.44,34.44,1.0,CAKE
2023-07-05 16:17:00,34.12,34.12,33.84,33.84,440.0,CAKE
2023-07-05 16:05:00,34.72,34.72,34.72,34.72,25.0,CAKE
2023-07-05 16:01:00,34.12,34.12,34.12,34.12,2327.0,CAKE
2023-07-05 16:00:00,34.13,34.19,34.12,34.12,277212.0,CAKE
2023-07-05 15:59:00,34.125,34.14,34.12,34.13,23936.0,CAKE
2023-07-05 15:58:00,34.13,34.13,34.125,34.13,8725.0,CAKE
2023-07-05 15:57:00,34.125,34.13,34.12,34.125,10415.0,CAKE
2023-07-05 15:56:00,34.122,34.13,34.122,34.125,6240.0,CAKE
2023-07-05 15:55:00,34.085,34.13,34.085,34.13,12342.0,CAKE
2023-07-05 15:54:00,34.16,34.16,34.09,34.09,26871.0,CAKE
2023-07-05 15:53:00,34.135,34.16,34.135,34.16,9665.0,CAKE
2023-07-05 15:52:00,34.145,34.145,34.13,34.135,4125.0,CAKE
2023-07-05 15:51:00,34.15,34.16,34.145,34.145,6871.0,CAKE
2023-07-05 15:50:00,34.18,34.19,34.145,34.155,10976.0,CAKE
2023-07-05 15:49:00,34.195,34.2,34.19,34.19,3762.0,CAKE
2023-07-05 15:48:00,34.195,34.23,34.17,34.195,7226.0,CAKE
2023-07-05 15:47:00,34.25,34.25,34.19,34.195,5892.0,CAKE
2023-07-05 15:46:00,34.235,34.255,34.234,34.245,6886.0,CAKE
2023-07-05 15:45:00,34.245,34.245,34.235,34.235,7013.0,CAKE
2023-07-05 15:44:00,34.25,34.25,34.244,34.245,1208.0,CAKE
2023-07-05 15:43:00,34.245,34.245,34.24,34.245,643.0,CAKE
2023-07-05 15:42:00,34.245,34.25,34.24,34.245,4110.0,CAKE
2023-07-05 15:41:00,34.24,34.25,34.24,34.245,4074.0,CAKE
2023-07-05 15:40:00,34.26,34.265,34.232,34.235,4506.0,CAKE
2023-07-05 15:39:00,34.275,34.275,34.262,34.265,2110.0,CAKE
2023-07-05 15:38:00,34.29,34.29,34.27,34.275,7387.0,CAKE
2023-07-05 15:37:00,34.295,34.295,34.29,34.295,804.0,CAKE
2023-07-05 15:36:00,34.28,34.295,34.27,34.295,4581.0,CAKE
2023-07-05 15:35:00,34.29,34.3,34.28,34.28,8042.0,CAKE
2023-07-05 15:34:00,34.27,34.29,34.27,34.29,2685.0,CAKE
2023-07-05 15:33:00,34.275,34.29,34.275,34.275,4791.0,CAKE
2023-07-05 15:32:00,34.275,34.28,34.275,34.28,2831.0,CAKE
2023-07-05 15:31:00,34.28,34.285,34.265,34.275,4819.0,CAKE
2023-07-05 15:30:00,34.295,34.295,34.28,34.28,1150.0,CAKE
2023-07-05 15:29:00,34.26,34.3,34.26,34.3,3161.0,CAKE
2023-07-05 15:28:00,34.28,34.28,34.255,34.255,5437.0,CAKE
2023-07-05 15:27:00,34.29,34.29,34.28,34.29,464.0,CAKE
2023-07-05 15:26:00,34.29,34.29,34.282,34.29,1149.0,CAKE
2023-07-05 15:25:00,34.3,34.3,34.29,34.29,2252.0,CAKE
2023-07-05 15:24:00,34.29,34.295,34.28,34.295,2270.0,CAKE
2023-07-05 15:23:00,34.29,34.29,34.29,34.29,837.0,CAKE
2023-07-05 15:22:00,34.3,34.3,34.29,34.3,1607.0,CAKE
2023-07-05 15:21:00,34.28,34.3,34.28,34.3,3033.0,CAKE
2023-07-05 15:20:00,34.28,34.28,34.26,34.28,4954.0,CAKE
2023-07-05 15:19:00,34.27,34.28,34.27,34.275,1136.0,CAKE
2023-07-05 15:18:00,34.27,34.27,34.27,34.27,1308.0,CAKE
2023-07-05 15:17:00,34.27,34.27,34.27,34.27,485.0,CAKE
2023-07-05 15:16:00,34.295,34.295,34.27,34.27,3251.0,CAKE
2023-07-05 15:15:00,34.255,34.3,34.255,34.295,6794.0,CAKE
2023-07-05 15:14:00,34.26,34.26,34.25,34.255,1751.0,CAKE
2023-07-05 15:13:00,34.265,34.265,34.255,34.26,1858.0,CAKE
2023-07-05 15:12:00,34.27,34.27,34.265,34.265,814.0,CAKE
2023-07-05 15:11:00,34.265,34.265,34.265,34.265,516.0,CAKE
2023-07-05 15:10:00,34.26,34.27,34.26,34.27,2391.0,CAKE
2023-07-05 15:09:00,34.275,34.275,34.26,34.26,1740.0,CAKE
2023-07-05 15:08:00,34.27,34.279,34.27,34.279,1694.0,CAKE
2023-07-05 15:07:00,34.29,34.29,34.26,34.27,5849.0,CAKE
2023-07-05 15:06:00,34.29,34.29,34.29,34.29,1216.0,CAKE
2023-07-05 15:05:00,34.3,34.3,34.29,34.29,1814.0,CAKE
2023-07-05 15:04:00,34.29,34.29,34.29,34.29,1050.0,CAKE
2023-07-05 15:03:00,34.29,34.3,34.29,34.29,1270.0,CAKE
2023-07-05 15:02:00,34.3,34.3,34.29,34.29,4281.0,CAKE
2023-07-05 15:01:00,34.29,34.3,34.29,34.295,1837.0,CAKE
2023-07-05 15:00:00,34.29,34.3,34.29,34.29,1171.0,CAKE
2023-07-05 14:59:00,34.28,34.28,34.28,34.28,296.0,CAKE
2023-07-05 14:58:00,34.29,34.29,34.28,34.29,569.0,CAKE
2023-07-05 14:57:00,34.31,34.312,34.29,34.3,3924.0,CAKE
2023-07-05 14:56:00,34.315,34.315,34.31,34.31,593.0,CAKE
2023-07-05 14:55:00,34.29,34.31,34.29,34.31,939.0,CAKE
2023-07-05 14:54:00,34.275,34.29,34.275,34.29,1061.0,CAKE
2023-07-05 14:53:00,34.27,34.28,34.27,34.28,1797.0,CAKE
2023-07-05 14:52:00,34.3,34.3,34.26,34.27,4438.0,CAKE
2023-07-05 14:51:00,34.295,34.295,34.295,34.295,218.0,CAKE
2023-07-05 14:50:00,34.32,34.32,34.29,34.29,1956.0,CAKE
2023-07-05 14:49:00,34.27,34.33,34.26,34.33,5825.0,CAKE
2023-07-05 14:48:00,34.28,34.285,34.26,34.275,13963.0,CAKE
2023-07-05 14:47:00,34.26,34.29,34.26,34.28,1774.0,CAKE
2023-07-05 14:46:00,34.25,34.27,34.24,34.27,3338.0,CAKE
2023-07-05 14:45:00,34.25,34.25,34.24,34.25,4171.0,CAKE
2023-07-05 14:44:00,34.22,34.24,34.215,34.23,3382.0,CAKE
2023-07-05 14:43:00,34.24,34.24,34.215,34.215,1764.0,CAKE
2023-07-05 14:42:00,34.24,34.245,34.24,34.245,1313.0,CAKE
2023-07-05 14:41:00,34.23,34.23,34.23,34.23,190.0,CAKE
2023-07-05 14:40:00,34.23,34.23,34.23,34.23,177.0,CAKE
2023-07-05 14:39:00,34.25,34.25,34.24,34.24,3342.0,CAKE
2023-07-05 14:38:00,34.25,34.25,34.245,34.245,677.0,CAKE
2023-07-05 14:37:00,34.24,34.26,34.24,34.245,3894.0,CAKE
2023-07-05 14:36:00,34.23,34.23,34.23,34.23,381.0,CAKE
2023-07-05 14:35:00,34.23,34.23,34.23,34.23,204.0,CAKE
2023-07-05 14:34:00,34.2,34.232,34.2,34.22,999.0,CAKE
2023-07-05 14:33:00,34.23,34.23,34.22,34.23,1140.0,CAKE
2023-07-05 14:32:00,34.29,34.29,34.2,34.215,4978.0,CAKE
2023-07-05 14:31:00,34.28,34.295,34.275,34.295,3527.0,CAKE
2023-07-05 14:30:00,34.285,34.29,34.28,34.29,983.0,CAKE
2023-07-05 14:29:00,34.282,34.282,34.282,34.282,342.0,CAKE
2023-07-05 14:28:00,34.29,34.29,34.285,34.285,1192.0,CAKE
2023-07-05 14:27:00,34.3,34.3,34.29,34.299,1751.0,CAKE
2023-07-05 14:25:00,34.235,34.26,34.235,34.26,1033.0,CAKE
2023-07-05 14:24:00,34.21,34.24,34.2,34.24,2705.0,CAKE
2023-07-05 14:23:00,34.21,34.21,34.195,34.195,982.0,CAKE
2023-07-05 14:22:00,34.22,34.22,34.22,34.22,1234.0,CAKE
2023-07-05 14:21:00,34.22,34.22,34.215,34.215,1332.0,CAKE
2023-07-05 14:20:00,34.24,34.24,34.23,34.23,1658.0,CAKE
2023-07-05 14:19:00,34.22,34.25,34.22,34.25,1286.0,CAKE
2023-07-05 14:18:00,34.25,34.25,34.24,34.24,467.0,CAKE
2023-07-05 14:17:00,34.245,34.245,34.245,34.245,239.0,CAKE
2023-07-05 14:16:00,34.24,34.24,34.24,34.24,133.0,CAKE
2023-07-05 14:15:00,34.26,34.26,34.24,34.25,2790.0,CAKE
2023-07-05 14:14:00,34.26,34.26,34.26,34.26,253.0,CAKE
2023-07-05 14:13:00,34.277,34.277,34.27,34.27,1382.0,CAKE
2023-07-05 14:12:00,34.265,34.27,34.265,34.27,1146.0,CAKE
2023-07-05 14:11:00,34.23,34.26,34.225,34.26,4951.0,CAKE
2023-07-05 14:10:00,34.24,34.24,34.22,34.23,2642.0,CAKE
2023-07-05 14:09:00,34.25,34.25,34.24,34.24,1009.0,CAKE
2023-07-05 14:08:00,34.26,34.26,34.26,34.26,440.0,CAKE
2023-07-05 14:07:00,34.26,34.27,34.25,34.25,1966.0,CAKE
2023-07-05 14:06:00,34.27,34.27,34.27,34.27,307.0,CAKE
2023-07-05 14:05:00,34.28,34.28,34.26,34.26,1692.0,CAKE
2023-07-05 14:04:00,34.27,34.285,34.27,34.285,358.0,CAKE
2023-07-05 14:03:00,34.28,34.285,34.27,34.27,1331.0,CAKE
2023-07-05 14:02:00,34.28,34.28,34.28,34.28,1039.0,CAKE
2023-07-05 14:00:00,34.29,34.29,34.29,34.29,821.0,CAKE
2023-07-05 13:58:00,34.28,34.31,34.28,34.28,7529.0,CAKE
2023-07-05 13:57:00,34.27,34.27,34.27,34.27,211.0,CAKE
2023-07-05 13:55:00,34.275,34.28,34.26,34.26,2011.0,CAKE
2023-07-05 13:54:00,34.275,34.28,34.27,34.28,1275.0,CAKE
2023-07-05 13:53:00,34.27,34.28,34.26,34.28,905.0,CAKE
2023-07-05 13:51:00,34.24,34.26,34.23,34.26,2016.0,CAKE
2023-07-05 13:50:00,34.25,34.26,34.24,34.24,2887.0,CAKE
2023-07-05 13:49:00,34.23,34.23,34.23,34.23,531.0,CAKE
2023-07-05 13:48:00,34.2,34.21,34.2,34.21,1139.0,CAKE
2023-07-05 13:46:00,34.2,34.2,34.19,34.19,440.0,CAKE
2023-07-05 13:45:00,34.16,34.2,34.15,34.19,4079.0,CAKE
2023-07-05 13:44:00,34.145,34.16,34.145,34.15,3638.0,CAKE
2023-07-05 13:43:00,34.145,34.145,34.145,34.145,301.0,CAKE
2023-07-05 13:42:00,34.141,34.141,34.14,34.14,2262.0,CAKE
2023-07-05 13:41:00,34.15,34.15,34.15,34.15,1076.0,CAKE
2023-07-05 13:40:00,34.15,34.15,34.15,34.15,459.0,CAKE
2023-07-05 13:39:00,34.15,34.15,34.14,34.15,3192.0,CAKE
2023-07-05 13:38:00,34.14,34.14,34.13,34.132,2442.0,CAKE
2023-07-05 13:36:00,34.12,34.132,34.11,34.13,2641.0,CAKE
2023-07-05 13:35:00,34.17,34.17,34.14,34.14,3175.0,CAKE
2023-07-05 13:34:00,34.19,34.19,34.17,34.17,1163.0,CAKE
2023-07-05 13:33:00,34.19,34.19,34.19,34.19,364.0,CAKE
2023-07-05 13:31:00,34.19,34.19,34.18,34.19,979.0,CAKE
2023-07-05 13:30:00,34.195,34.195,34.195,34.195,350.0,CAKE
2023-07-05 13:29:00,34.17,34.19,34.17,34.19,1062.0,CAKE
2023-07-05 13:28:00,34.145,34.16,34.145,34.16,1184.0,CAKE
2023-07-05 13:27:00,34.19,34.19,34.15,34.17,2324.0,CAKE
2023-07-05 13:26:00,34.2,34.2,34.19,34.19,496.0,CAKE
2023-07-05 13:25:00,34.19,34.2,34.19,34.2,2632.0,CAKE
2023-07-05 13:24:00,34.18,34.18,34.18,34.18,876.0,CAKE
2023-07-05 13:23:00,34.18,34.18,34.175,34.175,661.0,CAKE
2023-07-05 13:22:00,34.18,34.18,34.18,34.18,357.0,CAKE
2023-07-05 13:21:00,34.16,34.17,34.16,34.17,544.0,CAKE
2023-07-05 13:20:00,34.15,34.15,34.15,34.15,709.0,CAKE
2023-07-05 13:19:00,34.13,34.14,34.13,34.13,1383.0,CAKE
2023-07-05 13:18:00,34.13,34.13,34.13,34.13,461.0,CAKE
2023-07-05 13:17:00,34.14,34.14,34.14,34.14,130.0,CAKE
2023-07-05 13:15:00,34.12,34.12,34.12,34.12,195.0,CAKE
2023-07-05 13:14:00,34.12,34.12,34.12,34.12,438.0,CAKE
2023-07-05 13:13:00,34.12,34.13,34.12,34.13,2934.0,CAKE
2023-07-05 13:12:00,34.11,34.11,34.11,34.11,217.0,CAKE
2023-07-05 13:11:00,34.07,34.11,34.07,34.11,2832.0,CAKE
2023-07-05 13:10:00,34.09,34.09,34.065,34.065,1106.0,CAKE
2023-07-05 13:08:00,34.095,34.095,34.095,34.095,245.0,CAKE
2023-07-05 13:07:00,34.14,34.14,34.11,34.11,1367.0,CAKE
2023-07-05 13:06:00,34.14,34.14,34.14,34.14,355.0,CAKE
2023-07-05 13:05:00,34.11,34.145,34.105,34.145,4085.0,CAKE
2023-07-05 13:04:00,34.08,34.11,34.08,34.11,5068.0,CAKE
2023-07-05 13:03:00,34.09,34.09,34.09,34.09,264.0,CAKE
2023-07-05 13:02:00,34.11,34.11,34.09,34.1,1567.0,CAKE
2023-07-05 13:01:00,34.13,34.13,34.12,34.12,605.0,CAKE
2023-07-05 12:59:00,34.12,34.12,34.11,34.11,1131.0,CAKE
2023-07-05 12:58:00,34.13,34.13,34.12,34.12,717.0,CAKE
2023-07-05 12:57:00,34.13,34.13,34.13,34.13,100.0,CAKE
2023-07-05 12:56:00,34.14,34.15,34.14,34.15,938.0,CAKE
2023-07-05 12:55:00,34.105,34.135,34.105,34.13,1087.0,CAKE
2023-07-05 12:54:00,34.105,34.105,34.105,34.105,431.0,CAKE
2023-07-05 12:53:00,34.11,34.11,34.1,34.1,744.0,CAKE
2023-07-05 12:52:00,34.11,34.11,34.11,34.11,100.0,CAKE
2023-07-05 12:51:00,34.1,34.1,34.1,34.1,936.0,CAKE
2023-07-05 12:50:00,34.1,34.1,34.09,34.09,997.0,CAKE
2023-07-05 12:49:00,34.135,34.15,34.08,34.08,8730.0,CAKE
2023-07-05 12:48:00,34.12,34.13,34.11,34.13,3405.0,CAKE
2023-07-05 12:47:00,34.12,34.13,34.115,34.13,1541.0,CAKE
2023-07-05 12:45:00,34.12,34.12,34.12,34.12,272.0,CAKE
2023-07-05 12:44:00,34.14,34.14,34.14,34.14,388.0,CAKE
2023-07-05 12:43:00,34.13,34.13,34.13,34.13,464.0,CAKE
2023-07-05 12:42:00,34.15,34.15,34.12,34.13,1119.0,CAKE
2023-07-05 12:40:00,34.14,34.16,34.14,34.16,782.0,CAKE
2023-07-05 12:39:00,34.135,34.14,34.12,34.14,1148.0,CAKE
2023-07-05 12:38:00,34.13,34.14,34.12,34.14,1201.0,CAKE
2023-07-05 12:37:00,34.115,34.13,34.115,34.13,366.0,CAKE
2023-07-05 12:36:00,34.15,34.15,34.12,34.12,2437.0,CAKE
2023-07-05 12:35:00,34.15,34.18,34.15,34.17,1157.0,CAKE
2023-07-05 12:34:00,34.22,34.22,34.18,34.18,2614.0,CAKE
2023-07-05 12:33:00,34.22,34.22,34.22,34.22,102.0,CAKE
2023-07-05 12:31:00,34.23,34.23,34.23,34.23,101.0,CAKE
2023-07-05 12:30:00,34.22,34.22,34.22,34.22,664.0,CAKE
2023-07-05 12:29:00,34.23,34.23,34.23,34.23,443.0,CAKE
2023-07-05 12:28:00,34.21,34.23,34.2,34.23,3382.0,CAKE
2023-07-05 12:27:00,34.23,34.23,34.22,34.22,1222.0,CAKE
2023-07-05 12:26:00,34.23,34.25,34.23,34.235,1679.0,CAKE
2023-07-05 12:25:00,34.184,34.22,34.184,34.215,1043.0,CAKE
2023-07-05 12:24:00,34.13,34.2,34.13,34.19,5529.0,CAKE
2023-07-05 12:21:00,34.16,34.16,34.14,34.16,1185.0,CAKE
2023-07-05 12:20:00,34.178,34.178,34.178,34.178,103.0,CAKE
2023-07-05 12:19:00,34.21,34.21,34.16,34.16,230.0,CAKE
2023-07-05 12:18:00,34.17,34.2,34.17,34.2,3266.0,CAKE
2023-07-05 12:17:00,34.22,34.22,34.22,34.22,960.0,CAKE
2023-07-05 12:16:00,34.23,34.25,34.23,34.23,2097.0,CAKE
2023-07-05 12:15:00,34.18,34.22,34.18,34.22,3154.0,CAKE
2023-07-05 12:14:00,34.14,34.195,34.14,34.18,2781.0,CAKE
2023-07-05 12:13:00,34.16,34.17,34.14,34.14,1542.0,CAKE
2023-07-05 12:12:00,34.115,34.17,34.115,34.17,4136.0,CAKE
2023-07-05 12:11:00,34.13,34.13,34.12,34.12,910.0,CAKE
2023-07-05 12:09:00,34.13,34.13,34.12,34.13,1126.0,CAKE
2023-07-05 12:08:00,34.13,34.15,34.13,34.14,400.0,CAKE
2023-07-05 12:07:00,34.15,34.15,34.15,34.15,683.0,CAKE
2023-07-05 12:06:00,34.155,34.155,34.155,34.155,129.0,CAKE
2023-07-05 12:05:00,34.179,34.179,34.15,34.15,1637.0,CAKE
2023-07-05 12:03:00,34.09,34.13,34.09,34.12,4269.0,CAKE
2023-07-05 12:02:00,34.1,34.1,34.08,34.087,1051.0,CAKE
2023-07-05 12:01:00,34.08,34.08,34.08,34.08,189.0,CAKE
2023-07-05 12:00:00,34.17,34.17,34.11,34.11,1359.0,CAKE
2023-07-05 11:59:00,34.18,34.19,34.18,34.19,409.0,CAKE
2023-07-05 11:58:00,34.18,34.18,34.18,34.18,303.0,CAKE
2023-07-05 11:57:00,34.17,34.18,34.17,34.17,627.0,CAKE
2023-07-05 11:56:00,34.17,34.178,34.17,34.178,1365.0,CAKE
2023-07-05 11:55:00,34.14,34.185,34.14,34.185,3055.0,CAKE
2023-07-05 11:54:00,34.18,34.18,34.14,34.14,1338.0,CAKE
2023-07-05 11:53:00,34.19,34.19,34.19,34.19,154.0,CAKE
2023-07-05 11:52:00,34.23,34.23,34.19,34.205,2714.0,CAKE
2023-07-05 11:50:00,34.23,34.23,34.23,34.23,128.0,CAKE
2023-07-05 11:48:00,34.23,34.23,34.215,34.22,801.0,CAKE
2023-07-05 11:46:00,34.25,34.295,34.24,34.25,3752.0,CAKE
2023-07-05 11:45:00,34.23,34.24,34.23,34.235,2721.0,CAKE
2023-07-05 11:43:00,34.24,34.24,34.222,34.222,552.0,CAKE
2023-07-05 11:41:00,34.18,34.24,34.18,34.235,4114.0,CAKE
2023-07-05 11:40:00,34.21,34.21,34.18,34.18,556.0,CAKE
2023-07-05 11:39:00,34.23,34.24,34.23,34.23,2011.0,CAKE
2023-07-05 11:38:00,34.25,34.25,34.25,34.25,793.0,CAKE
2023-07-05 11:37:00,34.28,34.28,34.26,34.26,857.0,CAKE
2023-07-05 11:36:00,34.28,34.28,34.25,34.25,4827.0,CAKE
2023-07-05 11:35:00,34.256,34.29,34.256,34.29,1031.0,CAKE
2023-07-05 11:34:00,34.27,34.27,34.27,34.27,1505.0,CAKE
2023-07-05 11:32:00,34.21,34.25,34.21,34.25,565.0,CAKE
2023-07-05 11:31:00,34.156,34.17,34.156,34.16,530.0,CAKE
2023-07-05 11:30:00,34.045,34.17,34.045,34.14,4129.0,CAKE
2023-07-05 11:29:00,34.06,34.06,34.0,34.0,2766.0,CAKE
2023-07-05 11:28:00,34.07,34.11,34.06,34.06,5915.0,CAKE
2023-07-05 11:27:00,34.06,34.07,34.04,34.04,4565.0,CAKE
2023-07-05 11:26:00,34.06,34.06,34.04,34.05,2570.0,CAKE
2023-07-05 11:25:00,34.07,34.07,34.04,34.06,1006.0,CAKE
2023-07-05 11:24:00,34.1,34.1,34.07,34.088,3895.0,CAKE
2023-07-05 11:23:00,34.15,34.15,34.11,34.11,1305.0,CAKE
2023-07-05 11:22:00,34.23,34.247,34.16,34.16,3510.0,CAKE
2023-07-05 11:21:00,34.2,34.23,34.19,34.23,12193.0,CAKE
2023-07-05 11:20:00,34.17,34.185,34.17,34.175,8697.0,CAKE
2023-07-05 11:19:00,34.19,34.19,34.17,34.17,1666.0,CAKE
2023-07-05 11:18:00,34.2,34.2,34.19,34.19,1206.0,CAKE
2023-07-05 11:17:00,34.2,34.21,34.2,34.21,254.0,CAKE
2023-07-05 11:16:00,34.2,34.21,34.195,34.195,1851.0,CAKE
2023-07-05 11:14:00,34.2,34.21,34.19,34.19,2444.0,CAKE
2023-07-05 11:13:00,34.22,34.22,34.21,34.21,1185.0,CAKE
2023-07-05 11:12:00,34.26,34.26,34.22,34.22,914.0,CAKE
2023-07-05 11:11:00,34.28,34.29,34.26,34.26,3071.0,CAKE
2023-07-05 11:10:00,34.29,34.29,34.24,34.26,1976.0,CAKE
2023-07-05 11:09:00,34.31,34.31,34.26,34.26,1435.0,CAKE
2023-07-05 11:08:00,34.37,34.37,34.3,34.32,1529.0,CAKE
2023-07-05 11:07:00,34.4,34.4,34.372,34.372,800.0,CAKE
2023-07-05 11:06:00,34.4,34.405,34.35,34.405,4138.0,CAKE
2023-07-05 11:05:00,34.35,34.41,34.35,34.41,5212.0,CAKE
2023-07-05 11:04:00,34.36,34.36,34.36,34.36,430.0,CAKE
2023-07-05 11:02:00,34.375,34.375,34.36,34.36,910.0,CAKE
2023-07-05 11:01:00,34.36,34.37,34.341,34.37,313.0,CAKE
2023-07-05 11:00:00,34.4,34.4,34.39,34.39,756.0,CAKE
2023-07-05 10:59:00,34.485,34.49,34.43,34.457,5660.0,CAKE
2023-07-05 10:58:00,34.48,34.48,34.48,34.48,233.0,CAKE
2023-07-05 10:57:00,34.545,34.545,34.49,34.49,1701.0,CAKE
2023-07-05 10:56:00,34.52,34.54,34.52,34.54,1621.0,CAKE
2023-07-05 10:55:00,34.51,34.51,34.502,34.502,1695.0,CAKE
2023-07-05 10:53:00,34.48,34.49,34.475,34.49,610.0,CAKE
2023-07-05 10:51:00,34.415,34.45,34.395,34.45,2689.0,CAKE
2023-07-05 10:50:00,34.36,34.43,34.36,34.429,1883.0,CAKE
2023-07-05 10:49:00,34.34,34.36,34.32,34.36,5443.0,CAKE
2023-07-05 10:48:00,34.39,34.39,34.35,34.35,5599.0,CAKE
2023-07-05 10:47:00,34.39,34.39,34.39,34.39,165.0,CAKE
2023-07-05 10:46:00,34.36,34.4,34.36,34.39,2284.0,CAKE
2023-07-05 10:45:00,34.36,34.38,34.36,34.37,1818.0,CAKE
2023-07-05 10:44:00,34.39,34.39,34.35,34.35,6596.0,CAKE
2023-07-05 10:43:00,34.41,34.41,34.41,34.41,232.0,CAKE
2023-07-05 10:42:00,34.42,34.43,34.42,34.43,409.0,CAKE
2023-07-05 10:41:00,34.38,34.43,34.375,34.43,1683.0,CAKE
2023-07-05 10:40:00,34.37,34.37,34.33,34.36,4626.0,CAKE
2023-07-05 10:39:00,34.34,34.36,34.34,34.36,2122.0,CAKE
2023-07-05 10:38:00,34.35,34.358,34.33,34.35,2622.0,CAKE
2023-07-05 10:37:00,34.35,34.39,34.35,34.375,3606.0,CAKE
2023-07-05 10:36:00,34.4,34.4,34.37,34.37,2186.0,CAKE
2023-07-05 10:35:00,34.39,34.41,34.375,34.41,1831.0,CAKE
2023-07-05 10:34:00,34.39,34.4,34.36,34.36,2605.0,CAKE
2023-07-05 10:33:00,34.35,34.41,34.35,34.41,662.0,CAKE
2023-07-05 10:32:00,34.32,34.35,34.32,34.35,552.0,CAKE
2023-07-05 10:31:00,34.3,34.31,34.3,34.3,1601.0,CAKE
2023-07-05 10:30:00,34.255,34.3,34.255,34.293,1034.0,CAKE
2023-07-05 10:29:00,34.2,34.25,34.2,34.23,6021.0,CAKE
2023-07-05 10:28:00,34.18,34.18,34.17,34.175,1475.0,CAKE
2023-07-05 10:27:00,34.14,34.2,34.14,34.18,4326.0,CAKE
2023-07-05 10:26:00,34.11,34.14,34.11,34.13,2040.0,CAKE
2023-07-05 10:25:00,34.07,34.1,34.05,34.1,3123.0,CAKE
2023-07-05 10:24:00,34.07,34.07,34.06,34.07,1765.0,CAKE
2023-07-05 10:23:00,34.07,34.1,34.07,34.07,1333.0,CAKE
2023-07-05 10:22:00,34.111,34.111,34.09,34.09,2096.0,CAKE
2023-07-05 10:21:00,34.045,34.14,34.045,34.12,3477.0,CAKE
2023-07-05 10:20:00,34.1,34.1,34.06,34.06,2426.0,CAKE
2023-07-05 10:19:00,34.07,34.1,34.07,34.1,2738.0,CAKE
2023-07-05 10:18:00,34.04,34.05,34.025,34.05,2206.0,CAKE
2023-07-05 10:17:00,34.02,34.06,34.02,34.059,1724.0,CAKE
2023-07-05 10:16:00,34.079,34.079,34.035,34.035,1512.0,CAKE
2023-07-05 10:15:00,33.98,34.0,33.98,34.0,2081.0,CAKE
2023-07-05 10:14:00,33.95,33.97,33.95,33.97,1662.0,CAKE
2023-07-05 10:13:00,33.966,33.966,33.966,33.966,377.0,CAKE
2023-07-05 10:12:00,34.01,34.01,33.935,33.935,2649.0,CAKE
2023-07-05 10:11:00,34.033,34.04,34.033,34.04,335.0,CAKE
2023-07-05 10:10:00,33.91,34.01,33.9,34.0,4155.0,CAKE
2023-07-05 10:09:00,33.95,33.974,33.93,33.93,1668.0,CAKE
2023-07-05 10:08:00,34.01,34.01,33.95,33.99,18671.0,CAKE
2023-07-05 10:07:00,34.03,34.03,34.03,34.03,151.0,CAKE
2023-07-05 10:06:00,34.065,34.08,34.01,34.04,5410.0,CAKE
2023-07-05 10:05:00,34.21,34.22,34.08,34.08,10581.0,CAKE
2023-07-05 10:04:00,34.2,34.24,34.17,34.24,3505.0,CAKE
2023-07-05 10:03:00,34.22,34.22,34.18,34.18,5376.0,CAKE
2023-07-05 10:02:00,34.29,34.29,34.222,34.222,2038.0,CAKE
2023-07-05 10:01:00,34.24,34.31,34.24,34.31,1908.0,CAKE
2023-07-05 10:00:00,34.21,34.22,34.21,34.22,291.0,CAKE
2023-07-05 09:59:00,34.19,34.23,34.16,34.22,2380.0,CAKE
2023-07-05 09:58:00,34.2,34.21,34.145,34.19,3254.0,CAKE
2023-07-05 09:57:00,34.25,34.25,34.21,34.23,672.0,CAKE
2023-07-05 09:56:00,34.275,34.275,34.23,34.23,1851.0,CAKE
2023-07-05 09:55:00,34.25,34.25,34.25,34.25,278.0,CAKE
2023-07-05 09:54:00,34.221,34.34,34.22,34.31,3441.0,CAKE
2023-07-05 09:53:00,34.22,34.22,34.145,34.145,1526.0,CAKE
2023-07-05 09:52:00,34.355,34.355,34.24,34.24,2837.0,CAKE
2023-07-05 09:51:00,34.28,34.35,34.245,34.35,3129.0,CAKE
2023-07-05 09:50:00,34.35,34.36,34.34,34.34,939.0,CAKE
2023-07-05 09:49:00,34.385,34.409,34.38,34.38,735.0,CAKE
2023-07-05 09:48:00,34.33,34.4,34.325,34.4,2304.0,CAKE
2023-07-05 09:47:00,34.355,34.355,34.32,34.35,600.0,CAKE
2023-07-05 09:46:00,34.31,34.36,34.25,34.36,6011.0,CAKE
2023-07-05 09:45:00,34.415,34.424,34.31,34.31,5657.0,CAKE
2023-07-05 09:44:00,34.286,34.39,34.286,34.39,838.0,CAKE
2023-07-05 09:43:00,34.27,34.33,34.215,34.33,6508.0,CAKE
2023-07-05 09:42:00,34.335,34.335,34.28,34.28,5762.0,CAKE
2023-07-05 09:41:00,34.35,34.38,34.275,34.335,6291.0,CAKE
2023-07-05 09:40:00,34.475,34.5,34.45,34.45,1625.0,CAKE
2023-07-05 09:39:00,34.47,34.54,34.44,34.54,3447.0,CAKE
2023-07-05 09:38:00,34.38,34.48,34.38,34.43,3014.0,CAKE
2023-07-05 09:37:00,34.33,34.38,34.33,34.38,1029.0,CAKE
2023-07-05 09:36:00,34.525,34.535,34.35,34.41,5772.0,CAKE
2023-07-05 09:35:00,34.61,34.62,34.46,34.51,2731.0,CAKE
2023-07-05 09:34:00,34.76,34.76,34.64,34.7,1234.0,CAKE
2023-07-05 09:33:00,34.7,34.7,34.61,34.61,1097.0,CAKE
2023-07-05 09:32:00,34.885,34.885,34.82,34.82,573.0,CAKE
2023-07-05 09:31:00,35.04,35.04,34.9,34.9,1217.0,CAKE
2023-07-05 09:30:00,35.19,35.19,35.05,35.1,7544.0,CAKE
2023-07-05 09:29:00,35.18,35.19,35.18,35.19,282.0,CAKE
2023-07-05 09:26:00,35.423,35.423,35.423,35.423,3.0,CAKE
2023-07-05 09:13:00,35.01,35.01,35.01,35.01,1.0,CAKE
2023-07-05 09:05:00,36.05,36.05,36.05,36.05,1.0,CAKE
2023-07-05 08:47:00,35.0,35.0,35.0,35.0,1.0,CAKE
2023-07-05 08:38:00,36.05,36.05,36.05,36.05,5.0,CAKE
2023-07-05 08:00:00,35.0,35.25,35.0,35.25,11.0,CAKE
2023-07-05 06:49:00,35.5,35.5,35.5,35.5,19.0,CAKE
2023-07-03 16:45:00,35.71,35.71,35.71,35.71,2.0,CAKE
2023-07-03 16:32:00,35.75,35.75,35.75,35.75,1.0,CAKE
2023-07-03 16:17:00,35.7,35.7,35.7,35.7,1.0,CAKE
2023-07-03 16:01:00,35.7,35.7,35.7,35.7,1.0,CAKE
2023-07-03 15:56:00,35.68,35.68,35.68,35.68,1.0,CAKE
2023-07-03 15:55:00,35.68,35.68,35.68,35.68,9.0,CAKE
2023-07-03 15:54:00,35.68,35.68,35.68,35.68,23.0,CAKE
2023-07-03 15:53:00,35.68,35.68,35.67,35.67,26.0,CAKE
2023-07-03 14:51:00,35.3,35.3,35.3,35.3,79.0,CAKE
2023-07-03 14:50:00,35.3,35.3,35.3,35.3,1.0,CAKE
2023-07-03 14:44:00,35.68,35.68,35.68,35.68,3.0,CAKE
2023-07-03 14:41:00,35.3,35.3,35.3,35.3,2.0,CAKE
2023-07-03 14:39:00,35.3,35.3,35.3,35.3,1.0,CAKE
2023-07-03 14:10:00,35.35,35.35,35.35,35.35,177.0,CAKE
2023-07-03 13:51:00,35.05,35.05,35.05,35.05,3.0,CAKE
2023-07-03 13:47:00,35.05,35.05,35.05,35.05,2.0,CAKE
2023-07-03 13:34:00,36.05,36.05,36.05,36.05,2.0,CAKE
2023-07-03 13:29:00,35.31,35.31,35.31,35.31,3.0,CAKE
2023-07-03 13:24:00,35.7,35.7,35.7,35.7,1.0,CAKE
2023-07-03 13:16:00,35.6,35.6,35.6,35.6,1.0,CAKE
2023-07-03 13:11:00,35.35,35.35,35.35,35.35,837.0,CAKE
2023-07-03 13:08:00,35.35,35.35,35.35,35.35,195.0,CAKE
2023-07-03 13:07:00,35.35,35.35,35.35,35.35,1100.0,CAKE
2023-07-03 13:03:00,35.08,35.08,35.08,35.08,1.0,CAKE
2023-07-03 13:01:00,35.65,35.65,35.65,35.65,2.0,CAKE
2023-07-03 13:00:00,35.35,35.35,35.35,35.35,107233.0,CAKE
2023-07-03 12:59:00,35.37,35.37,35.35,35.35,7415.0,CAKE
2023-07-03 12:58:00,35.39,35.39,35.37,35.38,5781.0,CAKE
2023-07-03 12:57:00,35.4,35.4,35.36,35.4,10650.0,CAKE
2023-07-03 12:56:00,35.42,35.42,35.39,35.4,5909.0,CAKE
2023-07-03 12:55:00,35.58,35.58,35.41,35.42,31070.0,CAKE
2023-07-03 12:54:00,35.52,35.56,35.5,35.55,8963.0,CAKE
2023-07-03 12:53:00,35.51,35.57,35.5,35.55,8955.0,CAKE
2023-07-03 12:52:00,35.41,35.5,35.41,35.5,5881.0,CAKE
2023-07-03 12:51:00,35.42,35.42,35.37,35.41,7951.0,CAKE
2023-07-03 12:50:00,35.25,35.42,35.25,35.41,7519.0,CAKE
2023-07-03 12:49:00,35.28,35.285,35.25,35.25,1654.0,CAKE
2023-07-03 12:48:00,35.29,35.3,35.28,35.29,2615.0,CAKE
2023-07-03 12:47:00,35.27,35.29,35.27,35.29,2164.0,CAKE
2023-07-03 12:46:00,35.31,35.31,35.28,35.28,2025.0,CAKE
2023-07-03 12:45:00,35.34,35.34,35.31,35.31,3663.0,CAKE
2023-07-03 12:44:00,35.34,35.35,35.34,35.35,1342.0,CAKE
2023-07-03 12:43:00,35.34,35.35,35.34,35.35,805.0,CAKE
2023-07-03 12:42:00,35.33,35.34,35.325,35.34,1663.0,CAKE
2023-07-03 12:41:00,35.315,35.33,35.31,35.33,1821.0,CAKE
2023-07-03 12:40:00,35.305,35.32,35.3,35.315,4031.0,CAKE
2023-07-03 12:39:00,35.335,35.335,35.3,35.305,2834.0,CAKE
2023-07-03 12:38:00,35.33,35.34,35.33,35.34,1138.0,CAKE
2023-07-03 12:37:00,35.35,35.35,35.33,35.33,3240.0,CAKE
2023-07-03 12:36:00,35.34,35.34,35.34,35.34,311.0,CAKE
2023-07-03 12:35:00,35.26,35.35,35.26,35.35,2832.0,CAKE
2023-07-03 12:34:00,35.266,35.3,35.266,35.28,1174.0,CAKE
2023-07-03 12:33:00,35.28,35.3,35.27,35.28,3592.0,CAKE
2023-07-03 12:32:00,35.27,35.285,35.27,35.275,940.0,CAKE
2023-07-03 12:31:00,35.29,35.3,35.28,35.3,2008.0,CAKE
2023-07-03 12:30:00,35.31,35.31,35.27,35.29,2632.0,CAKE
2023-07-03 12:29:00,35.335,35.335,35.32,35.32,1346.0,CAKE
2023-07-03 12:28:00,35.335,35.335,35.335,35.335,422.0,CAKE
2023-07-03 12:27:00,35.33,35.34,35.33,35.34,1315.0,CAKE
2023-07-03 12:26:00,35.32,35.33,35.32,35.33,1466.0,CAKE
2023-07-03 12:25:00,35.3,35.315,35.3,35.31,2515.0,CAKE
2023-07-03 12:24:00,35.28,35.295,35.28,35.29,1993.0,CAKE
2023-07-03 12:23:00,35.27,35.28,35.27,35.28,2369.0,CAKE
2023-07-03 12:22:00,35.265,35.265,35.265,35.265,413.0,CAKE
2023-07-03 12:21:00,35.27,35.27,35.26,35.265,1434.0,CAKE
2023-07-03 12:20:00,35.285,35.285,35.27,35.27,1113.0,CAKE
2023-07-03 12:19:00,35.23,35.28,35.23,35.28,3176.0,CAKE
2023-07-03 12:18:00,35.28,35.29,35.265,35.285,2555.0,CAKE
2023-07-03 12:17:00,35.315,35.315,35.3,35.3,458.0,CAKE
2023-07-03 12:16:00,35.351,35.36,35.32,35.32,8391.0,CAKE
2023-07-03 12:15:00,35.37,35.37,35.36,35.36,908.0,CAKE
2023-07-03 12:14:00,35.37,35.38,35.365,35.37,3212.0,CAKE
2023-07-03 12:13:00,35.39,35.39,35.38,35.38,1396.0,CAKE
2023-07-03 12:12:00,35.4,35.4,35.39,35.39,2061.0,CAKE
2023-07-03 12:11:00,35.4,35.4,35.39,35.4,1028.0,CAKE
2023-07-03 12:10:00,35.38,35.39,35.38,35.39,1032.0,CAKE
2023-07-03 12:09:00,35.38,35.38,35.38,35.38,198.0,CAKE
2023-07-03 12:07:00,35.34,35.37,35.34,35.37,1172.0,CAKE
2023-07-03 12:06:00,35.33,35.34,35.325,35.33,3063.0,CAKE
2023-07-03 12:05:00,35.27,35.32,35.27,35.32,2627.0,CAKE
2023-07-03 12:04:00,35.24,35.285,35.24,35.285,2423.0,CAKE
2023-07-03 12:03:00,35.27,35.27,35.22,35.235,3146.0,CAKE
2023-07-03 12:02:00,35.33,35.33,35.28,35.28,741.0,CAKE
2023-07-03 12:01:00,35.325,35.345,35.325,35.33,2396.0,CAKE
2023-07-03 12:00:00,35.39,35.39,35.33,35.33,1945.0,CAKE
2023-07-03 11:59:00,35.42,35.42,35.42,35.42,169.0,CAKE
2023-07-03 11:58:00,35.4,35.405,35.39,35.39,996.0,CAKE
2023-07-03 11:57:00,35.465,35.465,35.415,35.415,1510.0,CAKE
2023-07-03 11:56:00,35.465,35.465,35.465,35.465,210.0,CAKE
2023-07-03 11:55:00,35.48,35.48,35.465,35.465,1292.0,CAKE
2023-07-03 11:54:00,35.44,35.48,35.44,35.48,1679.0,CAKE
2023-07-03 11:53:00,35.46,35.46,35.43,35.435,1609.0,CAKE
2023-07-03 11:52:00,35.48,35.49,35.46,35.46,1058.0,CAKE
2023-07-03 11:51:00,35.45,35.47,35.45,35.47,1502.0,CAKE
2023-07-03 11:50:00,35.46,35.47,35.455,35.455,1484.0,CAKE
2023-07-03 11:49:00,35.42,35.455,35.42,35.45,4148.0,CAKE
2023-07-03 11:48:00,35.405,35.415,35.4,35.415,2536.0,CAKE
2023-07-03 11:47:00,35.41,35.41,35.405,35.405,1282.0,CAKE
2023-07-03 11:46:00,35.42,35.42,35.42,35.42,953.0,CAKE
2023-07-03 11:45:00,35.43,35.43,35.42,35.42,667.0,CAKE
2023-07-03 11:44:00,35.42,35.42,35.42,35.42,714.0,CAKE
2023-07-03 11:42:00,35.41,35.42,35.39,35.395,3668.0,CAKE
2023-07-03 11:41:00,35.405,35.405,35.4,35.4,935.0,CAKE
2023-07-03 11:40:00,35.38,35.405,35.38,35.405,1728.0,CAKE
2023-07-03 11:39:00,35.39,35.4,35.39,35.39,879.0,CAKE
2023-07-03 11:38:00,35.365,35.4,35.365,35.4,3854.0,CAKE
2023-07-03 11:37:00,35.355,35.36,35.355,35.36,1007.0,CAKE
2023-07-03 11:36:00,35.37,35.37,35.355,35.355,305.0,CAKE
2023-07-03 11:35:00,35.345,35.36,35.345,35.36,635.0,CAKE
2023-07-03 11:34:00,35.37,35.37,35.36,35.36,1172.0,CAKE
2023-07-03 11:33:00,35.34,35.365,35.34,35.365,1542.0,CAKE
2023-07-03 11:32:00,35.37,35.37,35.34,35.34,2081.0,CAKE
2023-07-03 11:31:00,35.33,35.37,35.33,35.37,2234.0,CAKE
2023-07-03 11:30:00,35.33,35.33,35.32,35.32,1420.0,CAKE
2023-07-03 11:29:00,35.35,35.35,35.335,35.34,2581.0,CAKE
2023-07-03 11:28:00,35.36,35.375,35.36,35.36,1964.0,CAKE
2023-07-03 11:26:00,35.355,35.37,35.355,35.355,1399.0,CAKE
2023-07-03 11:25:00,35.34,35.345,35.34,35.345,793.0,CAKE
2023-07-03 11:24:00,35.31,35.33,35.31,35.33,2256.0,CAKE
2023-07-03 11:23:00,35.32,35.325,35.3,35.315,1985.0,CAKE
2023-07-03 11:22:00,35.335,35.335,35.335,35.335,124.0,CAKE
2023-07-03 11:21:00,35.29,35.31,35.29,35.31,1552.0,CAKE
2023-07-03 11:20:00,35.27,35.29,35.265,35.28,2646.0,CAKE
2023-07-03 11:19:00,35.285,35.3,35.285,35.3,1134.0,CAKE
2023-07-03 11:18:00,35.3,35.31,35.28,35.285,2208.0,CAKE
2023-07-03 11:17:00,35.3,35.31,35.29,35.29,2271.0,CAKE
2023-07-03 11:16:00,35.27,35.31,35.27,35.3,2076.0,CAKE
2023-07-03 11:15:00,35.26,35.27,35.25,35.27,1318.0,CAKE
2023-07-03 11:14:00,35.315,35.315,35.26,35.27,2589.0,CAKE
2023-07-03 11:13:00,35.32,35.34,35.31,35.32,3178.0,CAKE
2023-07-03 11:12:00,35.318,35.318,35.318,35.318,240.0,CAKE
2023-07-03 11:11:00,35.31,35.32,35.31,35.32,477.0,CAKE
2023-07-03 11:10:00,35.33,35.34,35.29,35.31,1655.0,CAKE
2023-07-03 11:09:00,35.28,35.3,35.28,35.3,1294.0,CAKE
2023-07-03 11:08:00,35.26,35.26,35.23,35.26,3233.0,CAKE
2023-07-03 11:07:00,35.26,35.26,35.23,35.23,1029.0,CAKE
2023-07-03 11:06:00,35.24,35.24,35.24,35.24,392.0,CAKE
2023-07-03 11:05:00,35.25,35.26,35.24,35.25,1835.0,CAKE
2023-07-03 11:04:00,35.225,35.23,35.21,35.23,2558.0,CAKE
2023-07-03 11:03:00,35.23,35.24,35.22,35.22,950.0,CAKE
2023-07-03 11:02:00,35.165,35.19,35.165,35.19,1933.0,CAKE
2023-07-03 11:01:00,35.15,35.17,35.11,35.16,4093.0,CAKE
2023-07-03 11:00:00,35.13,35.15,35.13,35.15,2404.0,CAKE
2023-07-03 10:59:00,35.12,35.135,35.1,35.13,2082.0,CAKE
2023-07-03 10:58:00,35.155,35.155,35.11,35.12,1136.0,CAKE
2023-07-03 10:57:00,35.14,35.17,35.14,35.17,823.0,CAKE
2023-07-03 10:56:00,35.12,35.12,35.12,35.12,192.0,CAKE
2023-07-03 10:55:00,35.09,35.11,35.07,35.11,1453.0,CAKE
2023-07-03 10:54:00,35.05,35.08,35.05,35.07,1371.0,CAKE
2023-07-03 10:53:00,35.07,35.07,35.01,35.02,2487.0,CAKE
2023-07-03 10:52:00,35.05,35.085,35.05,35.085,1718.0,CAKE
2023-07-03 10:51:00,35.105,35.105,35.06,35.06,1968.0,CAKE
2023-07-03 10:48:00,35.1,35.11,35.1,35.11,454.0,CAKE
2023-07-03 10:47:00,35.12,35.12,35.1,35.105,462.0,CAKE
2023-07-03 10:46:00,35.09,35.11,35.09,35.11,1436.0,CAKE
2023-07-03 10:45:00,35.1,35.1,35.08,35.09,1729.0,CAKE
2023-07-03 10:44:00,35.02,35.07,35.02,35.07,1319.0,CAKE
2023-07-03 10:43:00,35.015,35.015,35.0,35.0,1957.0,CAKE
2023-07-03 10:42:00,35.015,35.03,35.014,35.014,809.0,CAKE
2023-07-03 10:41:00,35.03,35.03,35.02,35.02,457.0,CAKE
2023-07-03 10:40:00,35.03,35.06,35.03,35.05,1144.0,CAKE
2023-07-03 10:39:00,34.96,35.02,34.94,35.02,2589.0,CAKE
2023-07-03 10:38:00,34.97,34.97,34.97,34.97,393.0,CAKE
2023-07-03 10:37:00,34.89,34.93,34.875,34.93,4150.0,CAKE
2023-07-03 10:36:00,34.93,34.93,34.88,34.9,908.0,CAKE
2023-07-03 10:35:00,35.03,35.03,35.03,35.03,653.0,CAKE
2023-07-03 10:34:00,35.11,35.11,35.03,35.03,631.0,CAKE
2023-07-03 10:33:00,35.13,35.13,35.13,35.13,526.0,CAKE
2023-07-03 10:32:00,35.18,35.18,35.13,35.13,1947.0,CAKE
2023-07-03 10:30:00,35.18,35.19,35.18,35.18,1496.0,CAKE
2023-07-03 10:29:00,35.18,35.18,35.14,35.15,1600.0,CAKE
2023-07-03 10:28:00,35.17,35.18,35.16,35.16,422.0,CAKE
2023-07-03 10:27:00,35.19,35.19,35.15,35.18,2115.0,CAKE
2023-07-03 10:26:00,35.22,35.23,35.2,35.2,1786.0,CAKE
2023-07-03 10:25:00,35.18,35.22,35.18,35.22,1786.0,CAKE
2023-07-03 10:24:00,35.17,35.17,35.17,35.17,116.0,CAKE
2023-07-03 10:23:00,35.15,35.17,35.15,35.166,1523.0,CAKE
2023-07-03 10:22:00,35.16,35.16,35.15,35.15,2406.0,CAKE
2023-07-03 10:21:00,35.18,35.18,35.17,35.18,817.0,CAKE
2023-07-03 10:20:00,35.16,35.2,35.16,35.18,2448.0,CAKE
2023-07-03 10:19:00,35.105,35.15,35.105,35.15,1204.0,CAKE
2023-07-03 10:18:00,35.151,35.151,35.1,35.105,2637.0,CAKE
2023-07-03 10:17:00,35.13,35.139,35.13,35.13,1568.0,CAKE
2023-07-03 10:16:00,35.06,35.075,35.06,35.075,1165.0,CAKE
2023-07-03 10:15:00,35.035,35.035,35.035,35.035,127.0,CAKE
2023-07-03 10:14:00,35.03,35.035,35.02,35.035,1576.0,CAKE
2023-07-03 10:13:00,35.0,35.02,34.965,35.02,2317.0,CAKE
2023-07-03 10:12:00,35.02,35.024,35.02,35.024,440.0,CAKE
2023-07-03 10:11:00,35.021,35.021,35.021,35.021,112.0,CAKE
2023-07-03 10:10:00,35.0,35.03,35.0,35.03,2393.0,CAKE
2023-07-03 10:09:00,35.055,35.07,35.0,35.0,3416.0,CAKE
2023-07-03 10:08:00,35.055,35.067,35.055,35.067,502.0,CAKE
2023-07-03 10:07:00,35.069,35.069,35.055,35.055,660.0,CAKE
2023-07-03 10:06:00,35.05,35.055,35.03,35.05,3079.0,CAKE
2023-07-03 10:05:00,34.96,35.03,34.96,35.03,6505.0,CAKE
2023-07-03 10:04:00,34.99,35.0,34.97,34.98,10383.0,CAKE
2023-07-03 10:03:00,34.91,34.96,34.91,34.96,2430.0,CAKE
2023-07-03 10:01:00,34.91,34.91,34.9,34.91,398.0,CAKE
2023-07-03 10:00:00,34.875,34.875,34.875,34.875,348.0,CAKE
2023-07-03 09:59:00,34.88,34.88,34.88,34.88,148.0,CAKE
2023-07-03 09:58:00,34.86,34.86,34.86,34.86,413.0,CAKE
2023-07-03 09:57:00,34.84,34.88,34.81,34.88,1866.0,CAKE
2023-07-03 09:56:00,34.78,34.83,34.76,34.82,2108.0,CAKE
2023-07-03 09:55:00,34.82,34.82,34.82,34.82,127.0,CAKE
2023-07-03 09:54:00,34.8,34.8,34.79,34.79,652.0,CAKE
2023-07-03 09:53:00,34.78,34.78,34.78,34.78,253.0,CAKE
2023-07-03 09:52:00,34.77,34.78,34.76,34.78,1914.0,CAKE
2023-07-03 09:51:00,34.82,34.82,34.74,34.74,627.0,CAKE
2023-07-03 09:50:00,34.75,34.76,34.74,34.74,554.0,CAKE
2023-07-03 09:49:00,34.78,34.82,34.75,34.75,701.0,CAKE
2023-07-03 09:48:00,34.85,34.85,34.85,34.85,348.0,CAKE
2023-07-03 09:46:00,34.98,34.98,34.965,34.98,822.0,CAKE
2023-07-03 09:45:00,34.99,34.99,34.92,34.97,3557.0,CAKE
2023-07-03 09:44:00,34.86,34.94,34.86,34.94,2048.0,CAKE
2023-07-03 09:43:00,34.83,34.83,34.83,34.83,955.0,CAKE
2023-07-03 09:41:00,34.9,34.9,34.89,34.9,668.0,CAKE
2023-07-03 09:40:00,34.9,34.95,34.84,34.87,2727.0,CAKE
2023-07-03 09:39:00,34.8,34.89,34.8,34.88,1498.0,CAKE
2023-07-03 09:38:00,34.83,34.83,34.83,34.83,370.0,CAKE
2023-07-03 09:37:00,34.84,34.84,34.84,34.84,183.0,CAKE
2023-07-03 09:36:00,34.8,34.81,34.76,34.76,950.0,CAKE
2023-07-03 09:35:00,34.71,34.75,34.71,34.75,1366.0,CAKE
2023-07-03 09:34:00,34.645,34.66,34.645,34.66,738.0,CAKE
2023-07-03 09:33:00,34.53,34.61,34.53,34.61,1134.0,CAKE
2023-07-03 09:30:00,34.5,34.5,34.39,34.39,4562.0,CAKE
2023-07-03 09:29:00,34.54,34.54,34.54,34.54,100.0,CAKE
2023-07-03 09:24:00,34.7,34.7,34.7,34.7,4.0,CAKE
2023-07-03 09:16:00,34.7,34.7,34.7,34.7,100.0,CAKE
2023-07-03 08:57:00,35.0,35.0,35.0,35.0,200.0,CAKE
2023-07-03 08:42:00,34.7,34.7,34.7,34.7,100.0,CAKE
2023-07-03 08:36:00,34.7,34.7,34.7,34.7,12.0,CAKE
2023-07-03 08:33:00,34.69,34.69,34.69,34.69,1.0,CAKE
2023-07-03 08:29:00,33.677,33.677,33.677,33.677,100.0,CAKE
2023-07-03 08:02:00,34.58,34.58,34.58,34.58,1.0,CAKE
2023-07-03 08:00:00,33.99,34.71,33.99,34.7,4.0,CAKE
2023-07-03 07:00:00,34.75,34.75,34.75,34.75,1.0,CAKE
2023-07-03 04:09:00,34.8,34.8,34.8,34.8,1.0,CAKE
2023-07-03 04:00:00,34.92,34.92,34.92,34.92,2.0,CAKE
2023-06-30 19:59:00,34.92,34.92,34.92,34.92,5.0,CAKE
2023-06-30 19:55:00,34.94,34.94,34.94,34.94,2.0,CAKE
2023-06-30 19:34:00,34.92,34.92,34.92,34.92,1.0,CAKE
2023-06-30 19:06:00,34.92,34.92,34.92,34.92,3.0,CAKE
2023-06-30 19:00:00,34.85,34.92,34.85,34.92,10.0,CAKE
2023-06-30 18:56:00,34.94,34.94,34.94,34.94,8.0,CAKE
2023-06-30 18:16:00,34.58,34.58,34.58,34.58,73.0,CAKE
2023-06-30 17:48:00,34.8,34.8,34.8,34.8,1.0,CAKE
2023-06-30 17:45:00,34.825,34.825,34.825,34.825,2.0,CAKE
2023-06-30 17:43:00,34.15,34.15,34.15,34.15,3.0,CAKE
2023-06-30 17:25:00,34.95,34.95,34.95,34.95,1.0,CAKE
2023-06-30 17:05:00,34.8,34.85,34.8,34.85,3.0,CAKE
2023-06-30 17:01:00,34.77,34.77,34.77,34.77,10.0,CAKE
2023-06-30 16:54:00,34.79,34.79,34.79,34.79,2.0,CAKE
2023-06-30 16:47:00,35.0,35.0,35.0,35.0,7.0,CAKE
2023-06-30 16:31:00,34.58,34.58,34.58,34.58,130.0,CAKE
2023-06-30 16:18:00,34.57,34.57,34.57,34.57,2.0,CAKE
2023-06-30 16:12:00,34.55,34.55,34.25,34.25,10.0,CAKE
2023-06-30 16:03:00,34.58,34.58,34.29,34.29,7178.0,CAKE
2023-06-30 16:02:00,34.58,34.58,34.58,34.58,989.0,CAKE
2023-06-30 16:01:00,34.58,34.58,34.58,34.58,848.0,CAKE
2023-06-30 16:00:00,34.57,34.58,34.57,34.58,156460.0,CAKE
2023-06-30 15:59:00,34.61,34.62,34.56,34.57,20361.0,CAKE
2023-06-30 15:58:00,34.615,34.62,34.6,34.605,8799.0,CAKE
2023-06-30 15:57:00,34.625,34.63,34.612,34.615,4525.0,CAKE
2023-06-30 15:56:00,34.625,34.635,34.625,34.625,6226.0,CAKE
2023-06-30 15:55:00,34.64,34.645,34.6,34.62,10271.0,CAKE
2023-06-30 15:54:00,34.65,34.655,34.63,34.635,5751.0,CAKE
2023-06-30 15:53:00,34.65,34.655,34.65,34.655,2291.0,CAKE
2023-06-30 15:52:00,34.625,34.66,34.625,34.64,3864.0,CAKE
2023-06-30 15:51:00,34.615,34.62,34.6,34.62,6663.0,CAKE
2023-06-30 15:50:00,34.57,34.625,34.57,34.62,4198.0,CAKE
2023-06-30 15:49:00,34.56,34.57,34.56,34.57,1932.0,CAKE
2023-06-30 15:48:00,34.615,34.615,34.58,34.58,4438.0,CAKE
2023-06-30 15:47:00,34.61,34.615,34.61,34.615,1339.0,CAKE
2023-06-30 15:46:00,34.58,34.61,34.58,34.61,2741.0,CAKE
2023-06-30 15:45:00,34.57,34.577,34.57,34.577,2640.0,CAKE
2023-06-30 15:44:00,34.56,34.585,34.56,34.58,3444.0,CAKE
2023-06-30 15:43:00,34.56,34.56,34.56,34.56,475.0,CAKE
2023-06-30 15:42:00,34.569,34.569,34.56,34.565,1223.0,CAKE
2023-06-30 15:41:00,34.58,34.58,34.56,34.565,1307.0,CAKE
2023-06-30 15:40:00,34.595,34.6,34.59,34.59,4496.0,CAKE
2023-06-30 15:39:00,34.58,34.595,34.58,34.595,3073.0,CAKE
2023-06-30 15:38:00,34.605,34.605,34.58,34.58,1617.0,CAKE
2023-06-30 15:37:00,34.62,34.625,34.61,34.61,2721.0,CAKE
2023-06-30 15:36:00,34.62,34.62,34.61,34.61,1240.0,CAKE
2023-06-30 15:35:00,34.62,34.62,34.61,34.61,1437.0,CAKE
2023-06-30 15:34:00,34.65,34.655,34.63,34.63,2739.0,CAKE
2023-06-30 15:33:00,34.66,34.66,34.645,34.645,444.0,CAKE
2023-06-30 15:32:00,34.64,34.665,34.64,34.665,3819.0,CAKE
2023-06-30 15:31:00,34.67,34.67,34.64,34.645,1719.0,CAKE
2023-06-30 15:30:00,34.675,34.68,34.67,34.67,1456.0,CAKE
2023-06-30 15:29:00,34.675,34.675,34.675,34.675,398.0,CAKE
2023-06-30 15:28:00,34.665,34.675,34.665,34.67,1766.0,CAKE
2023-06-30 15:27:00,34.665,34.67,34.665,34.67,496.0,CAKE
2023-06-30 15:26:00,34.67,34.67,34.66,34.66,459.0,CAKE
2023-06-30 15:25:00,34.67,34.67,34.67,34.67,562.0,CAKE
2023-06-30 15:24:00,34.68,34.68,34.675,34.675,1679.0,CAKE
2023-06-30 15:23:00,34.67,34.68,34.65,34.65,857.0,CAKE
2023-06-30 15:22:00,34.675,34.68,34.67,34.67,476.0,CAKE
2023-06-30 15:21:00,34.67,34.67,34.66,34.67,1454.0,CAKE
2023-06-30 15:20:00,34.72,34.72,34.68,34.68,3310.0,CAKE
2023-06-30 15:19:00,34.73,34.73,34.72,34.73,991.0,CAKE
2023-06-30 15:17:00,34.73,34.73,34.73,34.73,1284.0,CAKE
2023-06-30 15:14:00,34.72,34.72,34.71,34.71,542.0,CAKE
2023-06-30 15:13:00,34.72,34.72,34.72,34.72,190.0,CAKE
2023-06-30 15:12:00,34.71,34.72,34.71,34.72,393.0,CAKE
2023-06-30 15:10:00,34.73,34.73,34.72,34.72,1018.0,CAKE
2023-06-30 15:09:00,34.735,34.735,34.735,34.735,338.0,CAKE
2023-06-30 15:08:00,34.74,34.75,34.74,34.75,2020.0,CAKE
2023-06-30 15:07:00,34.73,34.73,34.73,34.73,260.0,CAKE
2023-06-30 15:06:00,34.725,34.725,34.725,34.725,331.0,CAKE
2023-06-30 15:05:00,34.76,34.76,34.74,34.74,1424.0,CAKE
2023-06-30 15:02:00,34.74,34.77,34.74,34.77,1488.0,CAKE
2023-06-30 15:01:00,34.72,34.735,34.71,34.735,2643.0,CAKE
2023-06-30 15:00:00,34.77,34.78,34.72,34.725,5677.0,CAKE
2023-06-30 14:59:00,34.765,34.77,34.765,34.77,2711.0,CAKE
2023-06-30 14:58:00,34.77,34.77,34.765,34.765,2413.0,CAKE
2023-06-30 14:57:00,34.775,34.79,34.76,34.775,24946.0,CAKE
2023-06-30 14:55:00,34.78,34.79,34.77,34.775,7609.0,CAKE
2023-06-30 14:54:00,34.79,34.79,34.79,34.79,316.0,CAKE
2023-06-30 14:53:00,34.78,34.785,34.78,34.785,722.0,CAKE
2023-06-30 14:52:00,34.77,34.775,34.77,34.775,743.0,CAKE
2023-06-30 14:51:00,34.77,34.77,34.77,34.77,492.0,CAKE
2023-06-30 14:50:00,34.75,34.77,34.75,34.765,1658.0,CAKE
2023-06-30 14:48:00,34.71,34.75,34.71,34.75,5991.0,CAKE
2023-06-30 14:47:00,34.71,34.71,34.71,34.71,639.0,CAKE
2023-06-30 14:45:00,34.71,34.71,34.71,34.71,1242.0,CAKE
2023-06-30 14:44:00,34.72,34.72,34.72,34.72,313.0,CAKE
2023-06-30 14:43:00,34.72,34.73,34.72,34.725,1808.0,CAKE
2023-06-30 14:42:00,34.745,34.745,34.72,34.72,2640.0,CAKE
2023-06-30 14:41:00,34.745,34.75,34.741,34.75,851.0,CAKE
2023-06-30 14:40:00,34.75,34.75,34.745,34.745,1296.0,CAKE
2023-06-30 14:39:00,34.75,34.75,34.745,34.745,384.0,CAKE
2023-06-30 14:38:00,34.75,34.75,34.75,34.75,455.0,CAKE
2023-06-30 14:37:00,34.745,34.745,34.745,34.745,301.0,CAKE
2023-06-30 14:36:00,34.76,34.76,34.75,34.75,535.0,CAKE
2023-06-30 14:35:00,34.75,34.76,34.75,34.76,711.0,CAKE
2023-06-30 14:34:00,34.7,34.74,34.7,34.74,2394.0,CAKE
2023-06-30 14:33:00,34.69,34.695,34.69,34.695,754.0,CAKE
2023-06-30 14:32:00,34.68,34.685,34.68,34.685,790.0,CAKE
2023-06-30 14:31:00,34.695,34.695,34.68,34.68,1335.0,CAKE
2023-06-30 14:30:00,34.68,34.695,34.68,34.695,2128.0,CAKE
2023-06-30 14:28:00,34.68,34.685,34.68,34.685,1318.0,CAKE
2023-06-30 14:27:00,34.685,34.685,34.68,34.68,968.0,CAKE
2023-06-30 14:26:00,34.69,34.69,34.69,34.69,120.0,CAKE
2023-06-30 14:25:00,34.685,34.685,34.685,34.685,188.0,CAKE
2023-06-30 14:23:00,34.671,34.671,34.671,34.671,529.0,CAKE
2023-06-30 14:22:00,34.68,34.68,34.671,34.675,555.0,CAKE
2023-06-30 14:21:00,34.685,34.685,34.68,34.685,662.0,CAKE
2023-06-30 14:19:00,34.69,34.69,34.69,34.69,1515.0,CAKE
2023-06-30 14:18:00,34.68,34.685,34.68,34.685,628.0,CAKE
2023-06-30 14:17:00,34.69,34.69,34.68,34.68,1406.0,CAKE
2023-06-30 14:16:00,34.685,34.685,34.685,34.685,307.0,CAKE
2023-06-30 14:15:00,34.67,34.68,34.67,34.68,3011.0,CAKE
2023-06-30 14:14:00,34.655,34.68,34.655,34.67,3525.0,CAKE
2023-06-30 14:13:00,34.655,34.655,34.655,34.655,152.0,CAKE
2023-06-30 14:12:00,34.65,34.66,34.65,34.66,993.0,CAKE
2023-06-30 14:11:00,34.66,34.66,34.65,34.655,629.0,CAKE
2023-06-30 14:10:00,34.665,34.67,34.665,34.665,322.0,CAKE
2023-06-30 14:08:00,34.66,34.665,34.66,34.66,1977.0,CAKE
2023-06-30 14:07:00,34.65,34.65,34.65,34.65,383.0,CAKE
2023-06-30 14:06:00,34.65,34.65,34.65,34.65,615.0,CAKE
2023-06-30 14:05:00,34.64,34.65,34.64,34.65,1856.0,CAKE
2023-06-30 14:04:00,34.72,34.72,34.635,34.635,2776.0,CAKE
2023-06-30 14:03:00,34.73,34.73,34.725,34.725,293.0,CAKE
2023-06-30 14:02:00,34.752,34.752,34.72,34.72,401.0,CAKE
2023-06-30 14:01:00,34.77,34.78,34.75,34.75,1361.0,CAKE
2023-06-30 14:00:00,34.788,34.788,34.78,34.78,634.0,CAKE
2023-06-30 13:59:00,34.78,34.78,34.78,34.78,1356.0,CAKE
2023-06-30 13:58:00,34.78,34.78,34.775,34.775,806.0,CAKE
2023-06-30 13:56:00,34.79,34.79,34.79,34.79,303.0,CAKE
2023-06-30 13:55:00,34.8,34.8,34.79,34.79,346.0,CAKE
2023-06-30 13:54:00,34.8,34.8,34.8,34.8,515.0,CAKE
2023-06-30 13:53:00,34.78,34.79,34.77,34.79,6367.0,CAKE
2023-06-30 13:52:00,34.793,34.793,34.78,34.78,392.0,CAKE
2023-06-30 13:51:00,34.8,34.8,34.79,34.79,877.0,CAKE
2023-06-30 13:50:00,34.82,34.82,34.81,34.81,767.0,CAKE
2023-06-30 13:49:00,34.835,34.835,34.82,34.82,1353.0,CAKE
2023-06-30 13:48:00,34.82,34.83,34.82,34.83,623.0,CAKE
2023-06-30 13:47:00,34.79,34.82,34.79,34.82,2801.0,CAKE
2023-06-30 13:45:00,34.79,34.79,34.79,34.79,393.0,CAKE
2023-06-30 13:44:00,34.83,34.83,34.805,34.805,689.0,CAKE
2023-06-30 13:43:00,34.845,34.845,34.835,34.835,1412.0,CAKE
2023-06-30 13:42:00,34.86,34.86,34.84,34.84,1029.0,CAKE
2023-06-30 13:41:00,34.86,34.86,34.855,34.855,278.0,CAKE
2023-06-30 13:40:00,34.87,34.87,34.855,34.855,1297.0,CAKE
2023-06-30 13:39:00,34.88,34.88,34.88,34.88,100.0,CAKE
2023-06-30 13:38:00,34.88,34.88,34.88,34.88,755.0,CAKE
2023-06-30 13:37:00,34.88,34.88,34.88,34.88,1334.0,CAKE
2023-06-30 13:36:00,34.915,34.915,34.875,34.875,1978.0,CAKE
2023-06-30 13:35:00,34.91,34.915,34.91,34.915,478.0,CAKE
2023-06-30 13:34:00,34.9,34.9,34.9,34.9,285.0,CAKE
2023-06-30 13:33:00,34.88,34.89,34.88,34.89,713.0,CAKE
2023-06-30 13:32:00,34.875,34.875,34.875,34.875,150.0,CAKE
2023-06-30 13:31:00,34.87,34.87,34.87,34.87,1230.0,CAKE
2023-06-30 13:29:00,34.855,34.865,34.855,34.865,1312.0,CAKE
2023-06-30 13:28:00,34.84,34.855,34.84,34.855,529.0,CAKE
2023-06-30 13:27:00,34.83,34.83,34.83,34.83,942.0,CAKE
2023-06-30 13:26:00,34.855,34.855,34.83,34.83,1421.0,CAKE
2023-06-30 13:24:00,34.85,34.85,34.85,34.85,1704.0,CAKE
2023-06-30 13:22:00,34.835,34.86,34.835,34.85,1382.0,CAKE
2023-06-30 13:21:00,34.82,34.83,34.82,34.83,1574.0,CAKE
2023-06-30 13:20:00,34.86,34.86,34.835,34.835,956.0,CAKE
2023-06-30 13:18:00,34.88,34.88,34.87,34.87,939.0,CAKE
2023-06-30 13:17:00,34.9,34.91,34.9,34.91,1453.0,CAKE
2023-06-30 13:16:00,34.89,34.89,34.89,34.89,252.0,CAKE
2023-06-30 13:15:00,34.89,34.89,34.89,34.89,1942.0,CAKE
2023-06-30 13:13:00,34.88,34.88,34.865,34.88,2650.0,CAKE
2023-06-30 13:12:00,34.905,34.905,34.89,34.89,2369.0,CAKE
2023-06-30 13:11:00,34.91,34.91,34.91,34.91,621.0,CAKE
2023-06-30 13:10:00,34.905,34.905,34.905,34.905,210.0,CAKE
2023-06-30 13:09:00,34.89,34.9,34.89,34.9,586.0,CAKE
2023-06-30 13:08:00,34.89,34.89,34.89,34.89,371.0,CAKE
2023-06-30 13:07:00,34.89,34.89,34.88,34.88,1675.0,CAKE
2023-06-30 13:06:00,34.9,34.905,34.9,34.9,1440.0,CAKE
2023-06-30 13:04:00,34.89,34.89,34.885,34.89,1486.0,CAKE
2023-06-30 13:03:00,34.9,34.9,34.9,34.9,401.0,CAKE
2023-06-30 13:02:00,34.915,34.915,34.9,34.9,2058.0,CAKE
2023-06-30 13:00:00,34.91,34.91,34.91,34.91,522.0,CAKE
2023-06-30 12:59:00,34.93,34.93,34.915,34.915,753.0,CAKE
2023-06-30 12:58:00,34.93,34.932,34.93,34.93,523.0,CAKE
2023-06-30 12:57:00,34.93,34.93,34.93,34.93,544.0,CAKE
2023-06-30 12:55:00,34.93,34.93,34.93,34.93,1711.0,CAKE
2023-06-30 12:54:00,34.93,34.93,34.93,34.93,127.0,CAKE
2023-06-30 12:53:00,34.945,34.95,34.94,34.94,910.0,CAKE
2023-06-30 12:52:00,34.965,34.965,34.95,34.95,1387.0,CAKE
2023-06-30 12:51:00,34.97,34.97,34.965,34.965,1171.0,CAKE
2023-06-30 12:50:00,34.955,34.96,34.955,34.96,2554.0,CAKE
2023-06-30 12:48:00,34.95,34.95,34.95,34.95,567.0,CAKE
2023-06-30 12:47:00,34.97,34.97,34.96,34.96,1172.0,CAKE
2023-06-30 12:46:00,34.978,34.978,34.978,34.978,283.0,CAKE
2023-06-30 12:45:00,34.98,34.98,34.98,34.98,952.0,CAKE
2023-06-30 12:44:00,34.99,34.99,34.985,34.985,877.0,CAKE
2023-06-30 12:42:00,34.945,34.96,34.945,34.96,734.0,CAKE
2023-06-30 12:41:00,34.95,34.95,34.95,34.95,611.0,CAKE
2023-06-30 12:39:00,34.96,34.965,34.932,34.932,1703.0,CAKE
2023-06-30 12:38:00,34.94,34.95,34.94,34.95,519.0,CAKE
2023-06-30 12:37:00,34.91,34.93,34.91,34.93,1247.0,CAKE
2023-06-30 12:36:00,34.905,34.91,34.905,34.91,343.0,CAKE
2023-06-30 12:33:00,34.9,34.905,34.89,34.89,1824.0,CAKE
2023-06-30 12:32:00,34.9,34.9,34.9,34.9,799.0,CAKE
2023-06-30 12:31:00,34.885,34.89,34.885,34.89,1047.0,CAKE
2023-06-30 12:29:00,34.86,34.87,34.86,34.87,1037.0,CAKE
2023-06-30 12:28:00,34.86,34.87,34.86,34.86,1668.0,CAKE
2023-06-30 12:27:00,34.84,34.84,34.84,34.84,614.0,CAKE
2023-06-30 12:23:00,34.831,34.831,34.831,34.831,276.0,CAKE
2023-06-30 12:22:00,34.82,34.82,34.82,34.82,574.0,CAKE
2023-06-30 12:21:00,34.82,34.82,34.81,34.81,1496.0,CAKE
2023-06-30 12:20:00,34.835,34.835,34.82,34.82,980.0,CAKE
2023-06-30 12:19:00,34.84,34.84,34.84,34.84,511.0,CAKE
2023-06-30 12:18:00,34.83,34.87,34.83,34.85,1511.0,CAKE
2023-06-30 12:16:00,34.8,34.83,34.8,34.83,1373.0,CAKE
2023-06-30 12:15:00,34.8,34.805,34.8,34.8,1178.0,CAKE
2023-06-30 12:14:00,34.8,34.805,34.8,34.805,662.0,CAKE
2023-06-30 12:13:00,34.784,34.784,34.784,34.784,180.0,CAKE
2023-06-30 12:12:00,34.79,34.8,34.79,34.8,378.0,CAKE
2023-06-30 12:11:00,34.79,34.79,34.79,34.79,718.0,CAKE
2023-06-30 12:10:00,34.77,34.785,34.77,34.785,886.0,CAKE
2023-06-30 12:09:00,34.82,34.82,34.78,34.78,1700.0,CAKE
2023-06-30 12:08:00,34.83,34.83,34.83,34.83,678.0,CAKE
2023-06-30 12:07:00,34.83,34.84,34.83,34.84,841.0,CAKE
2023-06-30 12:06:00,34.75,34.82,34.75,34.82,5471.0,CAKE
2023-06-30 12:05:00,34.74,34.76,34.74,34.76,1505.0,CAKE
2023-06-30 12:04:00,34.73,34.73,34.73,34.73,571.0,CAKE
2023-06-30 12:03:00,34.73,34.73,34.73,34.73,155.0,CAKE
2023-06-30 12:02:00,34.71,34.725,34.71,34.725,774.0,CAKE
2023-06-30 12:01:00,34.73,34.73,34.73,34.73,227.0,CAKE
2023-06-30 12:00:00,34.72,34.72,34.72,34.72,565.0,CAKE
2023-06-30 11:59:00,34.74,34.74,34.74,34.74,100.0,CAKE
2023-06-30 11:58:00,34.71,34.71,34.71,34.71,134.0,CAKE
2023-06-30 11:57:00,34.7,34.72,34.7,34.72,1350.0,CAKE
2023-06-30 11:56:00,34.66,34.695,34.66,34.695,1969.0,CAKE
2023-06-30 11:55:00,34.64,34.65,34.64,34.65,256.0,CAKE
2023-06-30 11:54:00,34.65,34.65,34.65,34.65,395.0,CAKE
2023-06-30 11:53:00,34.68,34.68,34.68,34.68,184.0,CAKE
2023-06-30 11:52:00,34.66,34.69,34.66,34.68,1583.0,CAKE
2023-06-30 11:51:00,34.66,34.66,34.659,34.659,528.0,CAKE
2023-06-30 11:50:00,34.67,34.682,34.665,34.68,2165.0,CAKE
2023-06-30 11:48:00,34.67,34.67,34.67,34.67,1032.0,CAKE
2023-06-30 11:47:00,34.67,34.67,34.665,34.67,1109.0,CAKE
2023-06-30 11:46:00,34.68,34.68,34.67,34.67,1467.0,CAKE
2023-06-30 11:45:00,34.69,34.69,34.69,34.69,486.0,CAKE
2023-06-30 11:44:00,34.69,34.69,34.69,34.69,246.0,CAKE
2023-06-30 11:43:00,34.69,34.695,34.69,34.69,954.0,CAKE
2023-06-30 11:40:00,34.69,34.69,34.68,34.68,1555.0,CAKE
2023-06-30 11:39:00,34.7,34.7,34.7,34.7,1262.0,CAKE
2023-06-30 11:38:00,34.71,34.72,34.71,34.72,666.0,CAKE
2023-06-30 11:37:00,34.7,34.71,34.7,34.71,861.0,CAKE
2023-06-30 11:36:00,34.68,34.68,34.68,34.68,200.0,CAKE
2023-06-30 11:35:00,34.68,34.68,34.68,34.68,107.0,CAKE
2023-06-30 11:34:00,34.68,34.68,34.68,34.68,121.0,CAKE
2023-06-30 11:33:00,34.7,34.7,34.69,34.69,734.0,CAKE
2023-06-30 11:32:00,34.69,34.7,34.69,34.7,566.0,CAKE
2023-06-30 11:31:00,34.67,34.69,34.67,34.69,535.0,CAKE
2023-06-30 11:30:00,34.705,34.705,34.68,34.68,1104.0,CAKE
2023-06-30 11:27:00,34.72,34.72,34.72,34.72,818.0,CAKE
2023-06-30 11:26:00,34.75,34.75,34.74,34.74,1044.0,CAKE
2023-06-30 11:25:00,34.74,34.74,34.74,34.74,296.0,CAKE
2023-06-30 11:24:00,34.77,34.77,34.75,34.76,2898.0,CAKE
2023-06-30 11:23:00,34.765,34.77,34.765,34.77,762.0,CAKE
2023-06-30 11:22:00,34.77,34.78,34.765,34.765,2666.0,CAKE
2023-06-30 11:21:00,34.76,34.76,34.76,34.76,1111.0,CAKE
2023-06-30 11:20:00,34.74,34.74,34.74,34.74,627.0,CAKE
2023-06-30 11:18:00,34.71,34.72,34.71,34.72,2231.0,CAKE
2023-06-30 11:17:00,34.7,34.7,34.7,34.7,100.0,CAKE
2023-06-30 11:15:00,34.7,34.7,34.69,34.7,998.0,CAKE
2023-06-30 11:14:00,34.705,34.705,34.705,34.705,704.0,CAKE
2023-06-30 11:12:00,34.7,34.705,34.7,34.7,1178.0,CAKE
2023-06-30 11:11:00,34.7,34.7,34.7,34.7,1331.0,CAKE
2023-06-30 11:10:00,34.7,34.7,34.7,34.7,1110.0,CAKE
2023-06-30 11:07:00,34.7,34.72,34.695,34.71,3836.0,CAKE
2023-06-30 11:06:00,34.71,34.71,34.71,34.71,289.0,CAKE
2023-06-30 11:05:00,34.72,34.72,34.72,34.72,322.0,CAKE
2023-06-30 11:04:00,34.71,34.71,34.71,34.71,488.0,CAKE
2023-06-30 11:03:00,34.72,34.72,34.72,34.72,633.0,CAKE
2023-06-30 11:02:00,34.695,34.73,34.695,34.73,1350.0,CAKE
2023-06-30 11:01:00,34.73,34.73,34.71,34.71,1665.0,CAKE
2023-06-30 11:00:00,34.74,34.74,34.739,34.739,432.0,CAKE
2023-06-30 10:59:00,34.735,34.745,34.73,34.74,2054.0,CAKE
2023-06-30 10:58:00,34.7,34.73,34.7,34.73,988.0,CAKE
2023-06-30 10:57:00,34.65,34.68,34.65,34.68,4033.0,CAKE
2023-06-30 10:56:00,34.66,34.66,34.66,34.66,849.0,CAKE
2023-06-30 10:55:00,34.65,34.65,34.65,34.65,507.0,CAKE
2023-06-30 10:54:00,34.62,34.63,34.62,34.63,581.0,CAKE
2023-06-30 10:52:00,34.6,34.6,34.6,34.6,304.0,CAKE
2023-06-30 10:51:00,34.57,34.58,34.57,34.58,1385.0,CAKE
2023-06-30 10:50:00,34.54,34.56,34.54,34.56,1523.0,CAKE
2023-06-30 10:49:00,34.56,34.565,34.52,34.53,2114.0,CAKE
2023-06-30 10:48:00,34.575,34.575,34.56,34.57,788.0,CAKE
2023-06-30 10:47:00,34.56,34.575,34.56,34.575,503.0,CAKE
2023-06-30 10:46:00,34.6,34.6,34.59,34.59,659.0,CAKE
2023-06-30 10:45:00,34.61,34.61,34.61,34.61,772.0,CAKE
2023-06-30 10:44:00,34.61,34.61,34.61,34.61,393.0,CAKE
2023-06-30 10:43:00,34.61,34.62,34.61,34.62,1923.0,CAKE
2023-06-30 10:42:00,34.65,34.65,34.61,34.61,1778.0,CAKE
2023-06-30 10:41:00,34.66,34.66,34.65,34.65,517.0,CAKE
2023-06-30 10:40:00,34.67,34.68,34.66,34.68,1245.0,CAKE
2023-06-30 10:39:00,34.64,34.66,34.64,34.66,631.0,CAKE
2023-06-30 10:38:00,34.64,34.64,34.62,34.64,1408.0,CAKE
2023-06-30 10:37:00,34.64,34.645,34.64,34.645,465.0,CAKE
2023-06-30 10:36:00,34.678,34.678,34.64,34.64,1068.0,CAKE
2023-06-30 10:35:00,34.71,34.71,34.64,34.66,2589.0,CAKE
2023-06-30 10:34:00,34.71,34.71,34.71,34.71,104.0,CAKE
2023-06-30 10:32:00,34.715,34.715,34.699,34.699,427.0,CAKE
2023-06-30 10:31:00,34.71,34.72,34.71,34.71,725.0,CAKE
2023-06-30 10:30:00,34.7,34.71,34.7,34.7,1050.0,CAKE
2023-06-30 10:29:00,34.711,34.715,34.699,34.699,2647.0,CAKE
2023-06-30 10:28:00,34.67,34.7,34.67,34.7,1382.0,CAKE
2023-06-30 10:27:00,34.67,34.68,34.66,34.66,2287.0,CAKE
2023-06-30 10:25:00,34.66,34.66,34.62,34.625,1213.0,CAKE
2023-06-30 10:24:00,34.64,34.64,34.64,34.64,323.0,CAKE
2023-06-30 10:22:00,34.68,34.69,34.66,34.66,2507.0,CAKE
2023-06-30 10:21:00,34.67,34.67,34.665,34.665,345.0,CAKE
2023-06-30 10:20:00,34.6,34.66,34.6,34.66,4709.0,CAKE
2023-06-30 10:19:00,34.65,34.65,34.58,34.58,2789.0,CAKE
2023-06-30 10:18:00,34.63,34.66,34.63,34.66,910.0,CAKE
2023-06-30 10:17:00,34.61,34.61,34.61,34.61,361.0,CAKE
2023-06-30 10:16:00,34.61,34.61,34.61,34.61,482.0,CAKE
2023-06-30 10:15:00,34.57,34.61,34.57,34.6,1087.0,CAKE
2023-06-30 10:14:00,34.56,34.57,34.56,34.57,615.0,CAKE
2023-06-30 10:13:00,34.58,34.58,34.55,34.55,536.0,CAKE
2023-06-30 10:12:00,34.58,34.58,34.575,34.575,477.0,CAKE
2023-06-30 10:11:00,34.57,34.57,34.56,34.57,2571.0,CAKE
2023-06-30 10:10:00,34.51,34.59,34.51,34.58,1723.0,CAKE
2023-06-30 10:09:00,34.48,34.5,34.48,34.49,706.0,CAKE
2023-06-30 10:08:00,34.47,34.48,34.47,34.48,1111.0,CAKE
2023-06-30 10:07:00,34.52,34.52,34.47,34.47,1233.0,CAKE
2023-06-30 10:06:00,34.475,34.5,34.475,34.5,908.0,CAKE
2023-06-30 10:03:00,34.48,34.49,34.48,34.49,235.0,CAKE
2023-06-30 10:02:00,34.49,34.49,34.475,34.475,1199.0,CAKE
2023-06-30 10:01:00,34.44,34.45,34.44,34.45,828.0,CAKE
2023-06-30 10:00:00,34.45,34.46,34.43,34.43,2594.0,CAKE
2023-06-30 09:59:00,34.465,34.465,34.465,34.465,227.0,CAKE
2023-06-30 09:58:00,34.5,34.5,34.47,34.48,601.0,CAKE
2023-06-30 09:57:00,34.5,34.51,34.485,34.485,661.0,CAKE
2023-06-30 09:56:00,34.475,34.475,34.475,34.475,107.0,CAKE
2023-06-30 09:54:00,34.475,34.475,34.475,34.475,107.0,CAKE
2023-06-30 09:52:00,34.45,34.46,34.45,34.46,683.0,CAKE
2023-06-30 09:51:00,34.41,34.41,34.41,34.41,342.0,CAKE
2023-06-30 09:50:00,34.43,34.43,34.43,34.43,996.0,CAKE
2023-06-30 09:49:00,34.44,34.44,34.4,34.4,885.0,CAKE
2023-06-30 09:48:00,34.425,34.425,34.425,34.425,160.0,CAKE
2023-06-30 09:47:00,34.46,34.46,34.42,34.42,3451.0,CAKE
2023-06-30 09:46:00,34.44,34.47,34.39,34.46,3611.0,CAKE
2023-06-30 09:44:00,34.52,34.52,34.484,34.484,618.0,CAKE
2023-06-30 09:43:00,34.403,34.51,34.403,34.51,3236.0,CAKE
2023-06-30 09:42:00,34.4,34.46,34.4,34.41,531.0,CAKE
2023-06-30 09:41:00,34.48,34.48,34.44,34.44,1104.0,CAKE
2023-06-30 09:40:00,34.43,34.47,34.43,34.47,734.0,CAKE
2023-06-30 09:39:00,34.4,34.4,34.4,34.4,1044.0,CAKE
2023-06-30 09:38:00,34.42,34.455,34.37,34.455,664.0,CAKE
2023-06-30 09:36:00,34.415,34.465,34.415,34.465,366.0,CAKE
2023-06-30 09:35:00,34.48,34.48,34.415,34.415,365.0,CAKE
2023-06-30 09:34:00,34.5,34.5,34.48,34.48,1108.0,CAKE
2023-06-30 09:33:00,34.47,34.5,34.45,34.465,1206.0,CAKE
2023-06-30 09:32:00,34.5,34.525,34.478,34.478,1762.0,CAKE
2023-06-30 09:31:00,34.455,34.455,34.4,34.4,783.0,CAKE
2023-06-30 09:30:00,34.45,34.51,34.45,34.499,6884.0,CAKE
2023-06-30 09:28:00,34.61,34.65,34.6,34.65,14.0,CAKE
2023-06-30 09:27:00,34.71,34.71,34.7,34.7,12.0,CAKE
2023-06-30 09:23:00,34.75,34.75,34.75,34.75,100.0,CAKE
2023-06-30 09:16:00,34.75,34.75,34.75,34.75,2.0,CAKE
2023-06-30 09:09:00,34.75,34.75,34.75,34.75,20.0,CAKE
2023-06-30 09:04:00,35.0,35.0,35.0,35.0,1.0,CAKE
2023-06-30 08:54:00,35.0,35.0,35.0,35.0,50.0,CAKE
2023-06-30 08:42:00,34.66,34.75,34.66,34.75,2.0,CAKE
2023-06-30 08:34:00,34.59,34.59,34.59,34.59,32.0,CAKE
2023-06-30 08:29:00,34.82,34.82,34.82,34.82,1.0,CAKE
2023-06-30 08:20:00,34.82,34.82,34.82,34.82,1.0,CAKE
2023-06-30 08:16:00,34.59,34.59,34.59,34.59,18.0,CAKE
2023-06-30 08:12:00,34.52,34.52,34.52,34.52,1.0,CAKE
2023-06-30 08:00:00,34.52,35.0,34.5,35.0,90.0,CAKE
2023-06-30 07:03:00,34.5,34.5,34.5,34.5,681.0,CAKE
2023-06-30 06:31:00,34.8,34.8,34.8,34.8,20.0,CAKE
2023-06-30 06:22:00,34.8,34.8,34.8,34.8,1.0,CAKE
2023-06-30 06:21:00,34.8,34.8,34.8,34.8,1.0,CAKE
2023-06-30 05:50:00,34.8,34.8,34.8,34.8,2.0,CAKE
2023-06-30 05:46:00,34.7,34.75,34.7,34.75,2.0,CAKE
2023-06-30 05:45:00,34.9,34.9,34.9,34.9,1.0,CAKE
2023-06-30 05:15:00,34.74,34.74,34.74,34.74,25.0,CAKE
2023-06-30 04:02:00,34.38,34.39,34.38,34.39,2.0,CAKE
2023-06-29 19:59:00,34.49,34.49,34.49,34.49,2.0,CAKE
2023-06-29 19:49:00,34.39,34.39,34.39,34.39,25.0,CAKE
2023-06-29 19:31:00,34.5,34.5,34.5,34.5,1.0,CAKE
2023-06-29 18:07:00,34.39,34.39,34.39,34.39,150.0,CAKE
2023-06-29 18:00:00,34.45,34.45,34.45,34.45,1.0,CAKE
2023-06-29 17:57:00,33.95,33.95,33.95,33.95,10.0,CAKE
2023-06-29 16:37:00,34.39,34.39,34.39,34.39,326.0,CAKE
2023-06-29 16:36:00,34.39,34.39,34.39,34.39,3.0,CAKE
2023-06-29 16:34:00,34.5,34.5,34.5,34.5,1.0,CAKE
2023-06-29 16:27:00,34.39,34.39,34.39,34.39,96.0,CAKE
2023-06-29 16:03:00,34.06,34.06,34.06,34.06,1.0,CAKE
2023-06-29 16:00:00,34.39,34.39,34.39,34.39,223746.0,CAKE
2023-06-29 15:59:00,34.38,34.39,34.375,34.38,24846.0,CAKE
2023-06-29 15:58:00,34.37,34.38,34.36,34.38,13487.0,CAKE
2023-06-29 15:57:00,34.345,34.37,34.345,34.37,4524.0,CAKE
2023-06-29 15:56:00,34.39,34.39,34.32,34.35,14064.0,CAKE
2023-06-29 15:55:00,34.38,34.39,34.36,34.39,9408.0,CAKE
2023-06-29 15:54:00,34.37,34.39,34.36,34.38,4594.0,CAKE
2023-06-29 15:53:00,34.35,34.37,34.34,34.37,2714.0,CAKE
2023-06-29 15:52:00,34.36,34.36,34.34,34.35,7766.0,CAKE
2023-06-29 15:51:00,34.32,34.35,34.32,34.35,4131.0,CAKE
2023-06-29 15:50:00,34.27,34.315,34.265,34.315,3508.0,CAKE
2023-06-29 15:49:00,34.265,34.27,34.255,34.265,6115.0,CAKE
2023-06-29 15:48:00,34.27,34.27,34.265,34.265,2047.0,CAKE
2023-06-29 15:47:00,34.255,34.29,34.255,34.27,3948.0,CAKE
2023-06-29 15:46:00,34.245,34.26,34.245,34.26,2627.0,CAKE
2023-06-29 15:45:00,34.245,34.25,34.245,34.25,1115.0,CAKE
2023-06-29 15:44:00,34.244,34.25,34.244,34.25,1327.0,CAKE
2023-06-29 15:43:00,34.24,34.26,34.24,34.25,2389.0,CAKE
2023-06-29 15:42:00,34.24,34.24,34.24,34.24,328.0,CAKE
2023-06-29 15:41:00,34.245,34.245,34.225,34.23,4523.0,CAKE
2023-06-29 15:40:00,34.25,34.26,34.245,34.245,1735.0,CAKE
2023-06-29 15:39:00,34.26,34.26,34.25,34.25,1661.0,CAKE
2023-06-29 15:38:00,34.255,34.27,34.255,34.27,700.0,CAKE
2023-06-29 15:37:00,34.25,34.26,34.24,34.26,5817.0,CAKE
2023-06-29 15:36:00,34.27,34.27,34.25,34.25,1451.0,CAKE
2023-06-29 15:35:00,34.25,34.26,34.25,34.26,1663.0,CAKE
2023-06-29 15:34:00,34.25,34.25,34.235,34.235,2877.0,CAKE
2023-06-29 15:33:00,34.247,34.247,34.247,34.247,395.0,CAKE
2023-06-29 15:32:00,34.25,34.25,34.25,34.25,580.0,CAKE
2023-06-29 15:31:00,34.23,34.24,34.23,34.24,1324.0,CAKE
2023-06-29 15:30:00,34.235,34.235,34.2,34.2,3644.0,CAKE
2023-06-29 15:29:00,34.225,34.24,34.225,34.24,1607.0,CAKE
2023-06-29 15:28:00,34.235,34.25,34.22,34.22,2881.0,CAKE
2023-06-29 15:27:00,34.23,34.24,34.23,34.23,1077.0,CAKE
2023-06-29 15:26:00,34.24,34.24,34.225,34.225,860.0,CAKE
2023-06-29 15:25:00,34.23,34.23,34.23,34.23,739.0,CAKE
2023-06-29 15:24:00,34.21,34.23,34.205,34.23,2620.0,CAKE
2023-06-29 15:23:00,34.21,34.23,34.21,34.21,2491.0,CAKE
2023-06-29 15:21:00,34.2,34.2,34.2,34.2,347.0,CAKE
2023-06-29 15:20:00,34.2,34.2,34.2,34.2,537.0,CAKE
2023-06-29 15:19:00,34.22,34.22,34.2,34.2,3287.0,CAKE
2023-06-29 15:18:00,34.22,34.22,34.215,34.215,711.0,CAKE
2023-06-29 15:17:00,34.21,34.21,34.21,34.21,842.0,CAKE
2023-06-29 15:16:00,34.22,34.22,34.195,34.22,4603.0,CAKE
2023-06-29 15:15:00,34.23,34.23,34.23,34.23,755.0,CAKE
2023-06-29 15:14:00,34.27,34.27,34.22,34.23,1842.0,CAKE
2023-06-29 15:11:00,34.29,34.29,34.27,34.27,1126.0,CAKE
2023-06-29 15:09:00,34.28,34.28,34.28,34.28,253.0,CAKE
2023-06-29 15:08:00,34.29,34.29,34.268,34.268,2328.0,CAKE
2023-06-29 15:07:00,34.32,34.32,34.3,34.3,1279.0,CAKE
2023-06-29 15:06:00,34.32,34.32,34.314,34.32,3795.0,CAKE
2023-06-29 15:05:00,34.32,34.33,34.32,34.33,346.0,CAKE
2023-06-29 15:04:00,34.28,34.31,34.28,34.31,3904.0,CAKE
2023-06-29 15:03:00,34.273,34.28,34.273,34.28,675.0,CAKE
2023-06-29 15:02:00,34.27,34.28,34.26,34.27,1478.0,CAKE
2023-06-29 15:01:00,34.27,34.272,34.27,34.272,1093.0,CAKE
2023-06-29 15:00:00,34.26,34.27,34.26,34.27,1138.0,CAKE
2023-06-29 14:59:00,34.26,34.26,34.26,34.26,364.0,CAKE
2023-06-29 14:57:00,34.26,34.26,34.26,34.26,185.0,CAKE
2023-06-29 14:56:00,34.261,34.261,34.257,34.257,1183.0,CAKE
2023-06-29 14:55:00,34.25,34.265,34.25,34.265,1202.0,CAKE
2023-06-29 14:54:00,34.245,34.245,34.245,34.245,131.0,CAKE
2023-06-29 14:53:00,34.24,34.24,34.24,34.24,682.0,CAKE
2023-06-29 14:52:00,34.22,34.24,34.22,34.24,894.0,CAKE
2023-06-29 14:51:00,34.23,34.23,34.17,34.21,10253.0,CAKE
2023-06-29 14:50:00,34.24,34.24,34.22,34.22,2196.0,CAKE
2023-06-29 14:49:00,34.245,34.25,34.245,34.25,332.0,CAKE
2023-06-29 14:48:00,34.25,34.25,34.245,34.245,324.0,CAKE
2023-06-29 14:46:00,34.24,34.24,34.24,34.24,1055.0,CAKE
2023-06-29 14:45:00,34.239,34.239,34.239,34.239,619.0,CAKE
2023-06-29 14:44:00,34.22,34.235,34.22,34.23,1614.0,CAKE
2023-06-29 14:43:00,34.22,34.22,34.215,34.22,1088.0,CAKE
2023-06-29 14:42:00,34.22,34.22,34.22,34.22,313.0,CAKE
2023-06-29 14:41:00,34.23,34.23,34.22,34.22,1196.0,CAKE
2023-06-29 14:40:00,34.24,34.25,34.24,34.25,603.0,CAKE
2023-06-29 14:39:00,34.24,34.24,34.24,34.24,395.0,CAKE
2023-06-29 14:38:00,34.235,34.235,34.231,34.231,358.0,CAKE
2023-06-29 14:37:00,34.24,34.24,34.24,34.24,1481.0,CAKE
2023-06-29 14:36:00,34.23,34.23,34.23,34.23,264.0,CAKE
2023-06-29 14:35:00,34.235,34.235,34.23,34.23,744.0,CAKE
2023-06-29 14:34:00,34.235,34.235,34.225,34.23,3443.0,CAKE
2023-06-29 14:33:00,34.27,34.27,34.24,34.24,1673.0,CAKE
2023-06-29 14:32:00,34.27,34.27,34.26,34.26,1011.0,CAKE
2023-06-29 14:31:00,34.28,34.28,34.28,34.28,740.0,CAKE
2023-06-29 14:26:00,34.24,34.255,34.24,34.24,1296.0,CAKE
2023-06-29 14:25:00,34.23,34.23,34.23,34.23,478.0,CAKE
2023-06-29 14:24:00,34.22,34.24,34.21,34.24,1886.0,CAKE
2023-06-29 14:23:00,34.25,34.26,34.22,34.22,8586.0,CAKE
2023-06-29 14:22:00,34.21,34.26,34.205,34.24,6126.0,CAKE
2023-06-29 14:21:00,34.23,34.23,34.22,34.22,1903.0,CAKE
2023-06-29 14:20:00,34.16,34.195,34.16,34.195,1035.0,CAKE
2023-06-29 14:19:00,34.14,34.16,34.14,34.16,1426.0,CAKE
2023-06-29 14:17:00,34.13,34.13,34.13,34.13,1097.0,CAKE
2023-06-29 14:14:00,34.125,34.125,34.125,34.125,258.0,CAKE
2023-06-29 14:13:00,34.11,34.13,34.11,34.13,1586.0,CAKE
2023-06-29 14:12:00,34.12,34.12,34.101,34.11,2644.0,CAKE
2023-06-29 14:11:00,34.13,34.13,34.13,34.13,1083.0,CAKE
2023-06-29 14:09:00,34.12,34.13,34.12,34.12,1456.0,CAKE
2023-06-29 14:08:00,34.14,34.14,34.11,34.11,3359.0,CAKE
2023-06-29 14:07:00,34.15,34.15,34.15,34.15,804.0,CAKE
2023-06-29 14:06:00,34.15,34.15,34.15,34.15,101.0,CAKE
2023-06-29 14:05:00,34.15,34.16,34.14,34.15,1517.0,CAKE
2023-06-29 14:04:00,34.14,34.15,34.14,34.15,1029.0,CAKE
2023-06-29 14:03:00,34.16,34.16,34.13,34.15,1384.0,CAKE
2023-06-29 14:02:00,34.17,34.17,34.16,34.16,1419.0,CAKE
2023-06-29 13:59:00,34.17,34.17,34.17,34.17,230.0,CAKE
2023-06-29 13:58:00,34.21,34.21,34.17,34.17,1168.0,CAKE
2023-06-29 13:56:00,34.255,34.255,34.25,34.25,360.0,CAKE
2023-06-29 13:54:00,34.26,34.28,34.24,34.24,1059.0,CAKE
2023-06-29 13:53:00,34.29,34.3,34.27,34.27,2843.0,CAKE
2023-06-29 13:52:00,34.29,34.29,34.29,34.29,420.0,CAKE
2023-06-29 13:51:00,34.28,34.28,34.28,34.28,458.0,CAKE
2023-06-29 13:50:00,34.27,34.28,34.27,34.28,427.0,CAKE
2023-06-29 13:49:00,34.28,34.28,34.27,34.27,441.0,CAKE
2023-06-29 13:46:00,34.24,34.24,34.24,34.24,250.0,CAKE
2023-06-29 13:45:00,34.23,34.23,34.22,34.23,1939.0,CAKE
2023-06-29 13:44:00,34.24,34.24,34.23,34.23,1683.0,CAKE
2023-06-29 13:42:00,34.23,34.23,34.23,34.23,440.0,CAKE
2023-06-29 13:40:00,34.24,34.24,34.23,34.23,715.0,CAKE
2023-06-29 13:39:00,34.225,34.23,34.225,34.23,727.0,CAKE
2023-06-29 13:38:00,34.22,34.22,34.22,34.22,247.0,CAKE
2023-06-29 13:37:00,34.235,34.235,34.19,34.19,2155.0,CAKE
2023-06-29 13:36:00,34.26,34.26,34.24,34.24,1588.0,CAKE
2023-06-29 13:35:00,34.25,34.25,34.25,34.25,615.0,CAKE
2023-06-29 13:34:00,34.25,34.25,34.25,34.25,373.0,CAKE
2023-06-29 13:33:00,34.25,34.25,34.25,34.25,255.0,CAKE
2023-06-29 13:32:00,34.225,34.23,34.225,34.23,886.0,CAKE
2023-06-29 13:31:00,34.2,34.22,34.2,34.22,687.0,CAKE
2023-06-29 13:30:00,34.21,34.21,34.2,34.2,467.0,CAKE
2023-06-29 13:29:00,34.2,34.205,34.2,34.205,454.0,CAKE
2023-06-29 13:28:00,34.21,34.21,34.2,34.2,666.0,CAKE
2023-06-29 13:27:00,34.22,34.22,34.22,34.22,1011.0,CAKE
2023-06-29 13:26:00,34.21,34.21,34.21,34.21,674.0,CAKE
2023-06-29 13:25:00,34.23,34.23,34.2,34.21,1609.0,CAKE
2023-06-29 13:24:00,34.235,34.235,34.23,34.23,458.0,CAKE
2023-06-29 13:22:00,34.23,34.24,34.23,34.24,566.0,CAKE
2023-06-29 13:21:00,34.23,34.23,34.23,34.23,100.0,CAKE
2023-06-29 13:20:00,34.24,34.24,34.23,34.23,1198.0,CAKE
2023-06-29 13:19:00,34.25,34.25,34.25,34.25,806.0,CAKE
2023-06-29 13:18:00,34.22,34.23,34.22,34.23,819.0,CAKE
2023-06-29 13:17:00,34.19,34.2,34.19,34.19,1177.0,CAKE
2023-06-29 13:16:00,34.23,34.23,34.185,34.19,2375.0,CAKE
2023-06-29 13:15:00,34.21,34.21,34.21,34.21,748.0,CAKE
2023-06-29 13:14:00,34.2,34.2,34.2,34.2,162.0,CAKE
2023-06-29 13:12:00,34.22,34.22,34.22,34.22,401.0,CAKE
2023-06-29 13:11:00,34.23,34.23,34.23,34.23,861.0,CAKE
2023-06-29 13:08:00,34.23,34.24,34.23,34.24,565.0,CAKE
2023-06-29 13:07:00,34.22,34.22,34.22,34.22,166.0,CAKE
2023-06-29 13:05:00,34.23,34.23,34.19,34.2,1259.0,CAKE
2023-06-29 13:04:00,34.235,34.235,34.235,34.235,685.0,CAKE
2023-06-29 13:02:00,34.26,34.26,34.25,34.25,591.0,CAKE
2023-06-29 13:01:00,34.26,34.26,34.26,34.26,377.0,CAKE
2023-06-29 12:59:00,34.23,34.23,34.22,34.22,1021.0,CAKE
2023-06-29 12:57:00,34.28,34.28,34.255,34.255,1364.0,CAKE
2023-06-29 12:56:00,34.28,34.28,34.28,34.28,410.0,CAKE
2023-06-29 12:55:00,34.33,34.33,34.3,34.31,2003.0,CAKE
2023-06-29 12:54:00,34.35,34.35,34.35,34.35,244.0,CAKE
2023-06-29 12:53:00,34.34,34.34,34.34,34.34,405.0,CAKE
2023-06-29 12:52:00,34.33,34.335,34.33,34.335,412.0,CAKE
2023-06-29 12:50:00,34.33,34.33,34.33,34.33,250.0,CAKE
2023-06-29 12:49:00,34.33,34.33,34.33,34.33,240.0,CAKE
2023-06-29 12:48:00,34.3,34.33,34.3,34.33,1460.0,CAKE
2023-06-29 12:46:00,34.35,34.35,34.3,34.315,1704.0,CAKE
2023-06-29 12:44:00,34.355,34.355,34.355,34.355,201.0,CAKE
2023-06-29 12:43:00,34.36,34.36,34.36,34.36,416.0,CAKE
2023-06-29 12:42:00,34.35,34.35,34.35,34.35,826.0,CAKE
2023-06-29 12:40:00,34.36,34.36,34.36,34.36,861.0,CAKE
2023-06-29 12:39:00,34.37,34.37,34.37,34.37,991.0,CAKE
2023-06-29 12:38:00,34.37,34.37,34.37,34.37,1027.0,CAKE
2023-06-29 12:37:00,34.36,34.37,34.36,34.37,490.0,CAKE
2023-06-29 12:36:00,34.37,34.37,34.36,34.37,732.0,CAKE
2023-06-29 12:35:00,34.36,34.36,34.36,34.36,748.0,CAKE
2023-06-29 12:34:00,34.35,34.35,34.35,34.35,195.0,CAKE
2023-06-29 12:33:00,34.35,34.35,34.35,34.35,705.0,CAKE
2023-06-29 12:31:00,34.33,34.33,34.33,34.33,448.0,CAKE
2023-06-29 12:30:00,34.34,34.35,34.34,34.35,912.0,CAKE
2023-06-29 12:28:00,34.36,34.36,34.35,34.35,1021.0,CAKE
2023-06-29 12:27:00,34.38,34.38,34.35,34.35,1501.0,CAKE
2023-06-29 12:26:00,34.35,34.375,34.35,34.375,594.0,CAKE
2023-06-29 12:25:00,34.345,34.35,34.345,34.35,694.0,CAKE
2023-06-29 12:23:00,34.37,34.37,34.35,34.35,1984.0,CAKE
2023-06-29 12:22:00,34.34,34.37,34.34,34.37,1340.0,CAKE
2023-06-29 12:20:00,34.34,34.34,34.34,34.34,180.0,CAKE
2023-06-29 12:19:00,34.345,34.345,34.345,34.345,215.0,CAKE
2023-06-29 12:18:00,34.34,34.349,34.34,34.34,623.0,CAKE
2023-06-29 12:17:00,34.343,34.35,34.33,34.33,1956.0,CAKE
2023-06-29 12:16:00,34.35,34.35,34.35,34.35,103.0,CAKE
2023-06-29 12:15:00,34.375,34.375,34.35,34.35,1011.0,CAKE
2023-06-29 12:14:00,34.33,34.365,34.33,34.365,993.0,CAKE
2023-06-29 12:11:00,34.32,34.32,34.32,34.32,275.0,CAKE
2023-06-29 12:10:00,34.28,34.32,34.28,34.32,827.0,CAKE
2023-06-29 12:09:00,34.25,34.26,34.25,34.26,779.0,CAKE
2023-06-29 12:08:00,34.275,34.275,34.245,34.245,5081.0,CAKE
2023-06-29 12:07:00,34.28,34.28,34.27,34.27,535.0,CAKE
2023-06-29 12:05:00,34.3,34.3,34.28,34.28,779.0,CAKE
2023-06-29 12:03:00,34.31,34.31,34.28,34.28,1412.0,CAKE
2023-06-29 12:02:00,34.29,34.3,34.29,34.3,743.0,CAKE
2023-06-29 12:00:00,34.27,34.29,34.27,34.29,3005.0,CAKE
2023-06-29 11:59:00,34.26,34.26,34.26,34.26,107.0,CAKE
2023-06-29 11:57:00,34.25,34.27,34.24,34.27,3250.0,CAKE
2023-06-29 11:56:00,34.29,34.29,34.26,34.26,1343.0,CAKE
2023-06-29 11:55:00,34.301,34.305,34.3,34.3,762.0,CAKE
2023-06-29 11:54:00,34.31,34.31,34.31,34.31,852.0,CAKE
2023-06-29 11:53:00,34.32,34.32,34.32,34.32,189.0,CAKE
2023-06-29 11:52:00,34.33,34.33,34.32,34.32,488.0,CAKE
2023-06-29 11:51:00,34.34,34.35,34.34,34.35,606.0,CAKE
2023-06-29 11:50:00,34.34,34.34,34.34,34.34,818.0,CAKE
2023-06-29 11:49:00,34.335,34.34,34.335,34.34,489.0,CAKE
2023-06-29 11:48:00,34.335,34.335,34.335,34.335,214.0,CAKE
2023-06-29 11:47:00,34.33,34.33,34.33,34.33,302.0,CAKE
2023-06-29 11:46:00,34.31,34.31,34.31,34.31,219.0,CAKE
2023-06-29 11:45:00,34.29,34.29,34.29,34.29,436.0,CAKE
2023-06-29 11:44:00,34.32,34.32,34.28,34.28,2191.0,CAKE
2023-06-29 11:43:00,34.335,34.335,34.335,34.335,108.0,CAKE
2023-06-29 11:40:00,34.33,34.35,34.33,34.335,1581.0,CAKE
2023-06-29 11:39:00,34.37,34.37,34.31,34.31,3683.0,CAKE
2023-06-29 11:37:00,34.37,34.37,34.37,34.37,409.0,CAKE
2023-06-29 11:35:00,34.36,34.36,34.35,34.35,1885.0,CAKE
2023-06-29 11:33:00,34.4,34.4,34.35,34.35,2389.0,CAKE
2023-06-29 11:32:00,34.39,34.415,34.39,34.4,2868.0,CAKE
2023-06-29 11:31:00,34.42,34.42,34.38,34.38,2440.0,CAKE
2023-06-29 11:30:00,34.41,34.44,34.41,34.425,2566.0,CAKE
2023-06-29 11:29:00,34.4,34.4,34.4,34.4,720.0,CAKE
2023-06-29 11:28:00,34.42,34.42,34.38,34.39,2214.0,CAKE
2023-06-29 11:27:00,34.4,34.412,34.4,34.405,923.0,CAKE
2023-06-29 11:26:00,34.35,34.4,34.35,34.4,2542.0,CAKE
2023-06-29 11:25:00,34.33,34.35,34.31,34.34,1485.0,CAKE
2023-06-29 11:23:00,34.37,34.37,34.34,34.34,662.0,CAKE
2023-06-29 11:22:00,34.38,34.44,34.38,34.39,4381.0,CAKE
2023-06-29 11:21:00,34.353,34.37,34.353,34.365,4370.0,CAKE
2023-06-29 11:20:00,34.35,34.35,34.3,34.35,10724.0,CAKE
2023-06-29 11:19:00,34.32,34.37,34.31,34.36,28045.0,CAKE
2023-06-29 11:18:00,34.33,34.33,34.33,34.33,101.0,CAKE
2023-06-29 11:17:00,34.32,34.32,34.31,34.32,5961.0,CAKE
2023-06-29 11:16:00,34.345,34.35,34.325,34.325,2473.0,CAKE
2023-06-29 11:15:00,34.3,34.355,34.3,34.33,3658.0,CAKE
2023-06-29 11:14:00,34.3,34.3,34.285,34.3,2168.0,CAKE
2023-06-29 11:13:00,34.31,34.31,34.25,34.251,5607.0,CAKE
2023-06-29 11:12:00,34.315,34.33,34.315,34.33,2993.0,CAKE
2023-06-29 11:11:00,34.315,34.315,34.31,34.31,462.0,CAKE
2023-06-29 11:10:00,34.25,34.305,34.25,34.305,2667.0,CAKE
2023-06-29 11:09:00,34.25,34.25,34.23,34.23,540.0,CAKE
2023-06-29 11:08:00,34.23,34.23,34.23,34.23,221.0,CAKE
2023-06-29 11:07:00,34.215,34.24,34.215,34.23,1192.0,CAKE
2023-06-29 11:06:00,34.23,34.23,34.2,34.21,3231.0,CAKE
2023-06-29 11:05:00,34.24,34.24,34.22,34.22,3905.0,CAKE
2023-06-29 11:02:00,34.15,34.17,34.15,34.17,1068.0,CAKE
2023-06-29 11:01:00,34.13,34.14,34.12,34.13,1468.0,CAKE
2023-06-29 11:00:00,34.11,34.15,34.11,34.15,1438.0,CAKE
2023-06-29 10:59:00,34.19,34.19,34.11,34.11,4212.0,CAKE
2023-06-29 10:58:00,34.21,34.21,34.2,34.2,1928.0,CAKE
2023-06-29 10:57:00,34.21,34.21,34.21,34.21,716.0,CAKE
2023-06-29 10:55:00,34.22,34.23,34.2,34.2,1804.0,CAKE
2023-06-29 10:54:00,34.21,34.21,34.18,34.2,1055.0,CAKE
2023-06-29 10:53:00,34.21,34.21,34.2,34.21,1507.0,CAKE
2023-06-29 10:52:00,34.19,34.24,34.19,34.22,2279.0,CAKE
2023-06-29 10:51:00,34.195,34.195,34.18,34.18,927.0,CAKE
2023-06-29 10:50:00,34.2,34.2,34.2,34.2,1079.0,CAKE
2023-06-29 10:49:00,34.145,34.19,34.145,34.19,1083.0,CAKE
2023-06-29 10:48:00,34.175,34.175,34.14,34.14,800.0,CAKE
2023-06-29 10:47:00,34.2,34.2,34.185,34.19,901.0,CAKE
2023-06-29 10:46:00,34.23,34.23,34.21,34.22,876.0,CAKE
2023-06-29 10:45:00,34.25,34.26,34.22,34.25,1741.0,CAKE
2023-06-29 10:44:00,34.255,34.255,34.21,34.24,2004.0,CAKE
2023-06-29 10:43:00,34.23,34.26,34.2,34.255,2255.0,CAKE
2023-06-29 10:42:00,34.22,34.23,34.22,34.221,820.0,CAKE
2023-06-29 10:41:00,34.19,34.19,34.16,34.19,2030.0,CAKE
2023-06-29 10:40:00,34.185,34.185,34.18,34.18,525.0,CAKE
2023-06-29 10:39:00,34.22,34.22,34.18,34.18,1128.0,CAKE
2023-06-29 10:38:00,34.24,34.25,34.23,34.23,1958.0,CAKE
2023-06-29 10:37:00,34.25,34.25,34.225,34.25,1765.0,CAKE
2023-06-29 10:36:00,34.25,34.27,34.25,34.255,1344.0,CAKE
2023-06-29 10:35:00,34.3,34.33,34.28,34.28,2771.0,CAKE
2023-06-29 10:33:00,34.25,34.295,34.25,34.295,1093.0,CAKE
2023-06-29 10:32:00,34.2,34.24,34.2,34.24,1104.0,CAKE
2023-06-29 10:31:00,34.22,34.225,34.18,34.18,2141.0,CAKE
2023-06-29 10:30:00,34.29,34.29,34.24,34.24,3166.0,CAKE
2023-06-29 10:29:00,34.21,34.23,34.21,34.23,1040.0,CAKE
2023-06-29 10:28:00,34.145,34.19,34.13,34.19,1572.0,CAKE
2023-06-29 10:27:00,34.215,34.215,34.15,34.15,6193.0,CAKE
2023-06-29 10:26:00,34.21,34.23,34.21,34.23,1361.0,CAKE
2023-06-29 10:25:00,34.16,34.22,34.16,34.205,2034.0,CAKE
2023-06-29 10:24:00,34.205,34.205,34.16,34.163,3962.0,CAKE
2023-06-29 10:23:00,34.22,34.225,34.2,34.22,3552.0,CAKE
2023-06-29 10:22:00,34.24,34.25,34.24,34.25,694.0,CAKE
2023-06-29 10:21:00,34.22,34.22,34.22,34.22,142.0,CAKE
2023-06-29 10:20:00,34.22,34.25,34.22,34.25,1532.0,CAKE
2023-06-29 10:19:00,34.35,34.36,34.21,34.21,4181.0,CAKE
2023-06-29 10:18:00,34.36,34.385,34.291,34.345,11971.0,CAKE
2023-06-29 10:17:00,34.26,34.35,34.24,34.35,2426.0,CAKE
2023-06-29 10:16:00,34.255,34.27,34.25,34.26,2944.0,CAKE
2023-06-29 10:15:00,34.22,34.25,34.215,34.25,1847.0,CAKE
2023-06-29 10:14:00,34.12,34.18,34.12,34.18,5060.0,CAKE
2023-06-29 10:13:00,34.08,34.09,34.08,34.08,1601.0,CAKE
2023-06-29 10:12:00,34.06,34.065,34.06,34.065,735.0,CAKE
2023-06-29 10:11:00,34.38,34.38,34.18,34.18,6787.0,CAKE
2023-06-29 10:10:00,34.4,34.4,34.37,34.372,3095.0,CAKE
2023-06-29 10:09:00,34.43,34.43,34.41,34.425,2063.0,CAKE
2023-06-29 10:08:00,34.4,34.44,34.37,34.44,2329.0,CAKE
2023-06-29 10:07:00,34.42,34.42,34.39,34.4,2818.0,CAKE
2023-06-29 10:06:00,34.42,34.44,34.42,34.44,421.0,CAKE
2023-06-29 10:05:00,34.38,34.43,34.38,34.42,1240.0,CAKE
2023-06-29 10:04:00,34.382,34.382,34.38,34.38,201.0,CAKE
2023-06-29 10:03:00,34.33,34.39,34.33,34.37,2931.0,CAKE
2023-06-29 10:02:00,34.34,34.34,34.305,34.305,6577.0,CAKE
2023-06-29 10:01:00,34.25,34.33,34.25,34.33,2098.0,CAKE
2023-06-29 10:00:00,34.21,34.24,34.21,34.24,1340.0,CAKE
2023-06-29 09:58:00,34.235,34.235,34.21,34.215,1379.0,CAKE
2023-06-29 09:57:00,34.19,34.23,34.19,34.225,2916.0,CAKE
2023-06-29 09:56:00,34.18,34.22,34.18,34.19,2406.0,CAKE
2023-06-29 09:55:00,34.14,34.16,34.14,34.16,1152.0,CAKE
2023-06-29 09:54:00,34.05,34.11,34.02,34.105,3125.0,CAKE
2023-06-29 09:53:00,34.0,34.02,33.98,34.01,4461.0,CAKE
2023-06-29 09:52:00,34.0,34.065,34.0,34.02,6001.0,CAKE
2023-06-29 09:51:00,33.98,33.98,33.96,33.98,1492.0,CAKE
2023-06-29 09:50:00,33.91,33.93,33.895,33.93,1599.0,CAKE
2023-06-29 09:49:00,33.88,33.9,33.875,33.9,2813.0,CAKE
2023-06-29 09:48:00,33.82,33.89,33.82,33.87,5121.0,CAKE
2023-06-29 09:46:00,33.8,33.8,33.8,33.8,555.0,CAKE
2023-06-29 09:45:00,33.79,33.82,33.79,33.79,506.0,CAKE
2023-06-29 09:44:00,33.81,33.81,33.78,33.78,863.0,CAKE
2023-06-29 09:43:00,33.69,33.825,33.69,33.8,4644.0,CAKE
2023-06-29 09:41:00,33.742,33.77,33.74,33.77,813.0,CAKE
2023-06-29 09:40:00,33.75,33.75,33.74,33.74,809.0,CAKE
2023-06-29 09:39:00,33.75,33.75,33.75,33.75,407.0,CAKE
2023-06-29 09:38:00,33.73,33.73,33.73,33.73,245.0,CAKE
2023-06-29 09:37:00,33.72,33.725,33.72,33.725,311.0,CAKE
2023-06-29 09:36:00,33.67,33.71,33.67,33.71,391.0,CAKE
2023-06-29 09:34:00,33.49,33.55,33.49,33.55,1425.0,CAKE
2023-06-29 09:33:00,33.36,33.545,33.36,33.545,1921.0,CAKE
2023-06-29 09:31:00,33.285,33.285,33.285,33.285,192.0,CAKE
2023-06-29 09:30:00,33.32,33.34,33.32,33.32,4297.0,CAKE
2023-06-29 09:29:00,33.46,33.46,33.271,33.271,6.0,CAKE
2023-06-29 09:27:00,33.59,33.6,33.59,33.6,7.0,CAKE
2023-06-29 09:25:00,33.46,33.46,33.46,33.46,1.0,CAKE
2023-06-29 09:16:00,33.5,33.5,33.45,33.5,1001.0,CAKE
2023-06-29 08:38:00,33.45,33.45,33.45,33.45,10.0,CAKE
2023-06-29 08:31:00,33.45,33.45,33.45,33.45,1.0,CAKE
2023-06-29 08:17:00,33.57,33.57,33.57,33.57,1.0,CAKE
