date,1. open,2. high,3. low,4. close,5. volume,Ticker
2023-06-26 19:00:00,47.73,47.73,47.73,47.73,42206.0,CALX
2023-06-26 18:30:00,47.73,47.73,47.73,47.73,42206.0,CALX
2023-06-26 16:37:00,47.94,47.94,47.94,47.94,1.0,CALX
2023-06-26 16:10:00,47.73,47.73,47.73,47.73,42206.0,CALX
2023-06-26 16:01:00,47.73,47.73,47.73,47.73,5184.0,CALX
2023-06-26 16:00:00,47.73,47.74,47.73,47.73,92624.0,CALX
2023-06-26 15:59:00,47.83,47.83,47.73,47.73,21207.0,CALX
2023-06-26 15:58:00,47.79,47.83,47.77,47.81,4171.0,CALX
2023-06-26 15:57:00,47.76,47.79,47.75,47.79,9510.0,CALX
2023-06-26 15:56:00,47.82,47.82,47.75,47.765,4800.0,CALX
2023-06-26 15:55:00,47.88,47.88,47.81,47.815,6186.0,CALX
2023-06-26 15:54:00,47.87,47.89,47.85,47.89,4900.0,CALX
2023-06-26 15:53:00,47.93,47.93,47.86,47.865,1924.0,CALX
2023-06-26 15:52:00,47.965,47.965,47.92,47.92,2774.0,CALX
2023-06-26 15:51:00,48.0,48.02,47.92,47.94,2735.0,CALX
2023-06-26 15:50:00,48.13,48.13,48.02,48.035,3841.0,CALX
2023-06-26 15:49:00,48.06,48.1,48.02,48.1,1757.0,CALX
2023-06-26 15:48:00,48.0,48.04,47.995,48.04,4463.0,CALX
2023-06-26 15:47:00,48.035,48.035,48.0,48.01,1432.0,CALX
2023-06-26 15:46:00,48.05,48.05,48.04,48.04,922.0,CALX
2023-06-26 15:45:00,48.12,48.12,48.05,48.08,2086.0,CALX
2023-06-26 15:44:00,48.1,48.12,48.1,48.12,532.0,CALX
2023-06-26 15:43:00,48.15,48.15,48.14,48.14,1047.0,CALX
2023-06-26 15:42:00,48.205,48.205,48.17,48.17,1408.0,CALX
2023-06-26 15:41:00,48.17,48.205,48.17,48.205,1282.0,CALX
2023-06-26 15:40:00,48.19,48.19,48.18,48.18,644.0,CALX
2023-06-26 15:39:00,48.19,48.19,48.19,48.19,424.0,CALX
2023-06-26 15:38:00,48.198,48.198,48.19,48.19,810.0,CALX
2023-06-26 15:37:00,48.18,48.2,48.18,48.2,765.0,CALX
2023-06-26 15:36:00,48.165,48.165,48.165,48.165,238.0,CALX
2023-06-26 15:35:00,48.17,48.17,48.17,48.17,118.0,CALX
2023-06-26 15:33:00,48.175,48.175,48.175,48.175,100.0,CALX
2023-06-26 15:32:00,48.123,48.22,48.123,48.22,1077.0,CALX
2023-06-26 15:31:00,48.1,48.13,48.1,48.13,743.0,CALX
2023-06-26 15:30:00,48.08,48.1,48.08,48.1,655.0,CALX
2023-06-26 15:29:00,48.09,48.09,48.09,48.09,315.0,CALX
2023-06-26 15:28:00,48.09,48.12,48.09,48.12,334.0,CALX
2023-06-26 15:27:00,48.135,48.135,48.135,48.135,595.0,CALX
2023-06-26 15:25:00,48.075,48.09,48.075,48.09,659.0,CALX
2023-06-26 15:24:00,48.108,48.108,48.075,48.1,1412.0,CALX
2023-06-26 15:23:00,48.06,48.06,48.06,48.06,264.0,CALX
2023-06-26 15:22:00,48.12,48.13,48.12,48.125,779.0,CALX
2023-06-26 15:21:00,48.15,48.16,48.14,48.16,693.0,CALX
2023-06-26 15:20:00,48.11,48.11,48.11,48.11,328.0,CALX
2023-06-26 15:18:00,48.12,48.13,48.12,48.13,554.0,CALX
2023-06-26 15:17:00,48.11,48.11,48.09,48.09,360.0,CALX
2023-06-26 15:15:00,48.12,48.12,48.1,48.105,762.0,CALX
2023-06-26 15:14:00,48.125,48.125,48.125,48.125,105.0,CALX
2023-06-26 15:13:00,48.15,48.15,48.13,48.13,957.0,CALX
2023-06-26 15:12:00,48.155,48.155,48.155,48.155,213.0,CALX
2023-06-26 15:10:00,48.16,48.16,48.16,48.16,121.0,CALX
2023-06-26 15:09:00,48.12,48.12,48.12,48.12,656.0,CALX
2023-06-26 15:08:00,48.145,48.145,48.11,48.11,423.0,CALX
2023-06-26 15:06:00,48.17,48.174,48.17,48.174,863.0,CALX
2023-06-26 15:05:00,48.18,48.18,48.18,48.18,372.0,CALX
2023-06-26 15:04:00,48.13,48.18,48.13,48.18,211.0,CALX
2023-06-26 15:00:00,48.07,48.09,48.07,48.09,736.0,CALX
2023-06-26 14:59:00,48.085,48.085,48.085,48.085,136.0,CALX
2023-06-26 14:58:00,48.07,48.07,48.07,48.07,164.0,CALX
2023-06-26 14:55:00,48.13,48.13,48.13,48.13,712.0,CALX
2023-06-26 14:53:00,48.125,48.125,48.11,48.11,461.0,CALX
2023-06-26 14:52:00,48.11,48.11,48.11,48.11,538.0,CALX
2023-06-26 14:51:00,48.13,48.13,48.11,48.13,695.0,CALX
2023-06-26 14:50:00,48.13,48.13,48.13,48.13,264.0,CALX
2023-06-26 14:48:00,48.125,48.125,48.125,48.125,351.0,CALX
2023-06-26 14:46:00,48.06,48.06,48.06,48.06,967.0,CALX
2023-06-26 14:45:00,48.065,48.065,48.03,48.03,314.0,CALX
2023-06-26 14:44:00,48.06,48.06,48.06,48.06,264.0,CALX
2023-06-26 14:43:00,48.11,48.12,48.055,48.07,1039.0,CALX
2023-06-26 14:42:00,48.125,48.15,48.125,48.15,361.0,CALX
2023-06-26 14:40:00,48.15,48.15,48.15,48.15,159.0,CALX
2023-06-26 14:39:00,48.11,48.12,48.11,48.12,639.0,CALX
2023-06-26 14:38:00,48.085,48.105,48.085,48.105,678.0,CALX
2023-06-26 14:37:00,48.07,48.08,48.07,48.08,694.0,CALX
2023-06-26 14:36:00,48.08,48.08,48.08,48.08,740.0,CALX
2023-06-26 14:35:00,48.11,48.11,48.11,48.11,147.0,CALX
2023-06-26 14:34:00,48.07,48.115,48.07,48.115,710.0,CALX
2023-06-26 14:32:00,48.04,48.04,48.04,48.04,246.0,CALX
2023-06-26 14:30:00,47.99,48.02,47.99,48.02,1235.0,CALX
2023-06-26 14:29:00,48.005,48.005,48.0,48.0,692.0,CALX
2023-06-26 14:28:00,48.01,48.01,48.01,48.01,544.0,CALX
2023-06-26 14:26:00,48.055,48.055,48.055,48.055,195.0,CALX
2023-06-26 14:25:00,48.03,48.055,48.03,48.055,332.0,CALX
2023-06-26 14:22:00,48.06,48.08,48.06,48.065,469.0,CALX
2023-06-26 14:21:00,48.04,48.06,48.04,48.06,452.0,CALX
2023-06-26 14:20:00,47.965,47.99,47.965,47.99,740.0,CALX
2023-06-26 14:19:00,47.98,47.98,47.97,47.97,949.0,CALX
2023-06-26 14:18:00,47.985,47.985,47.985,47.985,448.0,CALX
2023-06-26 14:15:00,47.98,47.98,47.98,47.98,208.0,CALX
2023-06-26 14:14:00,47.98,47.99,47.98,47.985,877.0,CALX
2023-06-26 14:13:00,47.96,47.96,47.96,47.96,134.0,CALX
2023-06-26 14:12:00,47.96,47.96,47.96,47.96,316.0,CALX
2023-06-26 14:11:00,47.93,47.965,47.93,47.965,1545.0,CALX
2023-06-26 14:09:00,47.92,47.92,47.92,47.92,141.0,CALX
2023-06-26 14:07:00,47.915,47.915,47.915,47.915,213.0,CALX
2023-06-26 14:06:00,47.92,47.92,47.92,47.92,425.0,CALX
2023-06-26 14:04:00,47.92,47.945,47.92,47.945,562.0,CALX
2023-06-26 14:03:00,47.91,47.91,47.91,47.91,341.0,CALX
2023-06-26 14:02:00,47.93,47.93,47.92,47.925,878.0,CALX
2023-06-26 14:01:00,47.9,47.92,47.895,47.92,1394.0,CALX
2023-06-26 14:00:00,47.88,47.9,47.88,47.9,606.0,CALX
2023-06-26 13:59:00,47.92,47.935,47.92,47.93,358.0,CALX
2023-06-26 13:58:00,47.93,47.93,47.92,47.92,283.0,CALX
2023-06-26 13:57:00,47.91,47.93,47.91,47.93,580.0,CALX
2023-06-26 13:56:00,47.969,47.969,47.95,47.95,534.0,CALX
2023-06-26 13:55:00,47.94,47.96,47.94,47.96,539.0,CALX
2023-06-26 13:54:00,47.97,47.97,47.97,47.97,335.0,CALX
2023-06-26 13:53:00,47.98,47.98,47.98,47.98,403.0,CALX
2023-06-26 13:51:00,48.02,48.02,48.02,48.02,302.0,CALX
2023-06-26 13:48:00,48.03,48.03,48.0,48.02,786.0,CALX
2023-06-26 13:47:00,48.02,48.02,48.02,48.02,440.0,CALX
2023-06-26 13:46:00,48.01,48.01,48.01,48.01,110.0,CALX
2023-06-26 13:45:00,47.895,47.91,47.89,47.905,2038.0,CALX
2023-06-26 13:41:00,47.9,47.9,47.9,47.9,343.0,CALX
2023-06-26 13:40:00,47.86,47.87,47.86,47.865,1304.0,CALX
2023-06-26 13:39:00,47.84,47.85,47.82,47.835,1839.0,CALX
2023-06-26 13:38:00,47.82,47.82,47.82,47.82,200.0,CALX
2023-06-26 13:36:00,47.82,47.82,47.82,47.82,252.0,CALX
2023-06-26 13:35:00,47.86,47.86,47.83,47.835,903.0,CALX
2023-06-26 13:33:00,47.84,47.9,47.84,47.9,1547.0,CALX
2023-06-26 13:31:00,47.825,47.825,47.825,47.825,126.0,CALX
2023-06-26 13:29:00,47.77,47.815,47.77,47.815,2077.0,CALX
2023-06-26 13:26:00,47.775,47.775,47.75,47.75,201.0,CALX
2023-06-26 13:25:00,47.72,47.775,47.7,47.775,4295.0,CALX
2023-06-26 13:24:00,47.75,47.75,47.75,47.75,812.0,CALX
2023-06-26 13:23:00,47.8,47.8,47.8,47.8,703.0,CALX
2023-06-26 13:22:00,47.84,47.84,47.84,47.84,582.0,CALX
2023-06-26 13:21:00,47.79,47.835,47.79,47.82,4235.0,CALX
2023-06-26 13:18:00,47.77,47.79,47.77,47.79,355.0,CALX
2023-06-26 13:17:00,47.78,47.78,47.78,47.78,848.0,CALX
2023-06-26 13:16:00,47.81,47.81,47.8,47.805,1391.0,CALX
2023-06-26 13:15:00,47.78,47.78,47.78,47.78,492.0,CALX
2023-06-26 13:14:00,47.8,47.8,47.79,47.79,632.0,CALX
2023-06-26 13:12:00,47.825,47.825,47.825,47.825,170.0,CALX
2023-06-26 13:10:00,47.81,47.81,47.81,47.81,207.0,CALX
2023-06-26 13:08:00,47.83,47.84,47.83,47.84,477.0,CALX
2023-06-26 13:07:00,47.83,47.83,47.83,47.83,102.0,CALX
2023-06-26 13:02:00,47.81,47.81,47.81,47.81,404.0,CALX
2023-06-26 13:01:00,47.815,47.815,47.815,47.815,181.0,CALX
2023-06-26 13:00:00,47.8,47.8,47.8,47.8,625.0,CALX
2023-06-26 12:52:00,47.695,47.76,47.695,47.76,310.0,CALX
2023-06-26 12:51:00,47.62,47.67,47.62,47.67,1111.0,CALX
2023-06-26 12:46:00,47.59,47.63,47.59,47.6,1387.0,CALX
2023-06-26 12:45:00,47.56,47.56,47.54,47.54,840.0,CALX
2023-06-26 12:43:00,47.54,47.54,47.54,47.54,388.0,CALX
2023-06-26 12:42:00,47.61,47.61,47.61,47.61,714.0,CALX
2023-06-26 12:41:00,47.6,47.61,47.6,47.61,332.0,CALX
2023-06-26 12:40:00,47.65,47.65,47.61,47.63,1180.0,CALX
2023-06-26 12:39:00,47.66,47.665,47.66,47.66,1778.0,CALX
2023-06-26 12:38:00,47.66,47.66,47.66,47.66,101.0,CALX
2023-06-26 12:37:00,47.61,47.66,47.61,47.66,796.0,CALX
2023-06-26 12:36:00,47.61,47.61,47.61,47.61,180.0,CALX
2023-06-26 12:33:00,47.62,47.62,47.57,47.57,715.0,CALX
2023-06-26 12:31:00,47.7,47.7,47.66,47.66,737.0,CALX
2023-06-26 12:26:00,47.76,47.76,47.76,47.76,170.0,CALX
2023-06-26 12:25:00,47.82,47.82,47.79,47.79,482.0,CALX
2023-06-26 12:24:00,47.84,47.84,47.84,47.84,590.0,CALX
2023-06-26 12:23:00,47.87,47.87,47.87,47.87,100.0,CALX
2023-06-26 12:22:00,47.835,47.87,47.835,47.87,1137.0,CALX
2023-06-26 12:21:00,47.81,47.81,47.81,47.81,201.0,CALX
2023-06-26 12:20:00,47.845,47.845,47.84,47.84,503.0,CALX
2023-06-26 12:19:00,47.84,47.84,47.84,47.84,1311.0,CALX
2023-06-26 12:17:00,47.94,47.94,47.94,47.94,552.0,CALX
2023-06-26 12:15:00,47.95,47.95,47.95,47.95,208.0,CALX
2023-06-26 12:14:00,47.86,47.88,47.86,47.87,1134.0,CALX
2023-06-26 12:12:00,47.92,47.92,47.85,47.85,627.0,CALX
2023-06-26 12:11:00,47.98,47.98,47.95,47.95,924.0,CALX
2023-06-26 12:10:00,48.02,48.05,47.98,47.98,5198.0,CALX
2023-06-26 12:09:00,48.04,48.04,48.04,48.04,392.0,CALX
2023-06-26 12:08:00,48.08,48.08,48.08,48.08,118.0,CALX
2023-06-26 12:07:00,48.095,48.11,48.07,48.07,1023.0,CALX
2023-06-26 12:06:00,48.04,48.09,48.035,48.09,1732.0,CALX
2023-06-26 12:05:00,48.06,48.06,48.0,48.015,917.0,CALX
2023-06-26 12:04:00,48.07,48.09,48.055,48.09,1087.0,CALX
2023-06-26 12:03:00,48.14,48.14,48.09,48.09,1252.0,CALX
2023-06-26 12:02:00,48.15,48.175,48.15,48.175,635.0,CALX
2023-06-26 12:01:00,48.2,48.2,48.2,48.2,817.0,CALX
2023-06-26 12:00:00,48.24,48.24,48.24,48.24,225.0,CALX
2023-06-26 11:59:00,48.16,48.27,48.16,48.26,4250.0,CALX
2023-06-26 11:57:00,48.16,48.16,48.14,48.14,2389.0,CALX
2023-06-26 11:55:00,48.148,48.148,48.11,48.13,997.0,CALX
2023-06-26 11:53:00,48.11,48.14,48.11,48.14,2049.0,CALX
2023-06-26 11:52:00,48.15,48.15,48.12,48.12,407.0,CALX
2023-06-26 11:51:00,48.12,48.14,48.12,48.14,437.0,CALX
2023-06-26 11:50:00,48.11,48.17,48.09,48.17,3254.0,CALX
2023-06-26 11:49:00,48.13,48.13,48.13,48.13,362.0,CALX
2023-06-26 11:48:00,48.135,48.135,48.135,48.135,124.0,CALX
2023-06-26 11:47:00,48.095,48.12,48.095,48.11,1625.0,CALX
2023-06-26 11:46:00,48.095,48.095,48.095,48.095,200.0,CALX
2023-06-26 11:45:00,48.08,48.12,48.08,48.085,2702.0,CALX
2023-06-26 11:43:00,48.085,48.085,48.085,48.085,462.0,CALX
2023-06-26 11:41:00,48.17,48.19,48.17,48.19,727.0,CALX
2023-06-26 11:40:00,48.2,48.2,48.2,48.2,110.0,CALX
2023-06-26 11:38:00,48.23,48.23,48.23,48.23,246.0,CALX
2023-06-26 11:37:00,48.23,48.23,48.23,48.23,217.0,CALX
2023-06-26 11:36:00,48.31,48.31,48.27,48.28,1174.0,CALX
2023-06-26 11:34:00,48.355,48.355,48.355,48.355,152.0,CALX
2023-06-26 11:32:00,48.345,48.345,48.345,48.345,158.0,CALX
2023-06-26 11:31:00,48.34,48.34,48.34,48.34,642.0,CALX
2023-06-26 11:30:00,48.3,48.3,48.3,48.3,214.0,CALX
2023-06-26 11:28:00,48.27,48.3,48.27,48.285,488.0,CALX
2023-06-26 11:27:00,48.26,48.27,48.22,48.27,1631.0,CALX
2023-06-26 11:24:00,48.2,48.2,48.2,48.2,623.0,CALX
2023-06-26 11:23:00,48.25,48.25,48.23,48.23,1054.0,CALX
2023-06-26 11:22:00,48.21,48.21,48.21,48.21,200.0,CALX
2023-06-26 11:21:00,48.35,48.35,48.21,48.21,4390.0,CALX
2023-06-26 11:18:00,48.41,48.41,48.385,48.385,601.0,CALX
2023-06-26 11:16:00,48.4,48.41,48.38,48.39,1140.0,CALX
2023-06-26 11:14:00,48.41,48.41,48.41,48.41,290.0,CALX
2023-06-26 11:13:00,48.41,48.41,48.41,48.41,222.0,CALX
2023-06-26 11:11:00,48.41,48.41,48.41,48.41,132.0,CALX
2023-06-26 11:10:00,48.41,48.41,48.41,48.41,104.0,CALX
2023-06-26 11:09:00,48.41,48.41,48.41,48.41,302.0,CALX
2023-06-26 11:07:00,48.42,48.42,48.41,48.41,343.0,CALX
2023-06-26 11:06:00,48.45,48.45,48.45,48.45,365.0,CALX
2023-06-26 11:05:00,48.505,48.505,48.505,48.505,268.0,CALX
2023-06-26 11:03:00,48.535,48.535,48.535,48.535,100.0,CALX
2023-06-26 11:02:00,48.475,48.515,48.45,48.515,4387.0,CALX
2023-06-26 11:00:00,48.51,48.51,48.51,48.51,101.0,CALX
2023-06-26 10:59:00,48.48,48.49,48.48,48.49,326.0,CALX
2023-06-26 10:58:00,48.49,48.49,48.48,48.48,322.0,CALX
2023-06-26 10:57:00,48.49,48.535,48.49,48.535,204.0,CALX
2023-06-26 10:56:00,48.54,48.54,48.54,48.54,760.0,CALX
2023-06-26 10:54:00,48.53,48.53,48.53,48.53,340.0,CALX
2023-06-26 10:53:00,48.55,48.57,48.52,48.57,884.0,CALX
2023-06-26 10:52:00,48.66,48.66,48.6,48.63,1246.0,CALX
2023-06-26 10:51:00,48.615,48.615,48.615,48.615,112.0,CALX
2023-06-26 10:50:00,48.64,48.64,48.64,48.64,1359.0,CALX
2023-06-26 10:49:00,48.595,48.595,48.595,48.595,204.0,CALX
2023-06-26 10:48:00,48.595,48.595,48.595,48.595,252.0,CALX
2023-06-26 10:46:00,48.66,48.66,48.61,48.61,1003.0,CALX
2023-06-26 10:44:00,48.66,48.66,48.66,48.66,108.0,CALX
2023-06-26 10:43:00,48.665,48.665,48.665,48.665,2634.0,CALX
2023-06-26 10:42:00,48.63,48.63,48.6,48.6,268.0,CALX
2023-06-26 10:40:00,48.63,48.63,48.63,48.63,393.0,CALX
2023-06-26 10:39:00,48.67,48.67,48.67,48.67,233.0,CALX
2023-06-26 10:36:00,48.715,48.715,48.715,48.715,105.0,CALX
2023-06-26 10:31:00,48.78,48.825,48.76,48.785,756.0,CALX
2023-06-26 10:30:00,48.82,48.82,48.82,48.82,476.0,CALX
2023-06-26 10:26:00,48.86,48.86,48.86,48.86,229.0,CALX
2023-06-26 10:25:00,48.86,48.86,48.86,48.86,125.0,CALX
2023-06-26 10:23:00,48.9,48.9,48.9,48.9,101.0,CALX
2023-06-26 10:20:00,48.95,48.95,48.95,48.95,380.0,CALX
2023-06-26 10:19:00,49.06,49.12,49.02,49.03,2669.0,CALX
2023-06-26 10:16:00,49.05,49.05,49.05,49.05,553.0,CALX
2023-06-26 10:15:00,48.939,49.044,48.939,49.044,1116.0,CALX
2023-06-26 10:12:00,48.75,48.86,48.75,48.86,222.0,CALX
2023-06-26 10:08:00,48.93,48.985,48.92,48.985,558.0,CALX
2023-06-26 10:06:00,48.97,49.0,48.97,49.0,511.0,CALX
2023-06-26 10:03:00,48.89,48.89,48.89,48.89,592.0,CALX
2023-06-26 10:01:00,48.91,48.97,48.91,48.97,1031.0,CALX
2023-06-26 09:58:00,49.0,49.0,48.985,48.985,1175.0,CALX
2023-06-26 09:57:00,49.024,49.024,49.024,49.024,162.0,CALX
2023-06-26 09:56:00,48.94,49.0,48.94,49.0,358.0,CALX
2023-06-26 09:54:00,49.1,49.12,49.03,49.04,2447.0,CALX
2023-06-26 09:53:00,49.17,49.17,49.17,49.17,100.0,CALX
2023-06-26 09:52:00,49.145,49.145,49.06,49.06,401.0,CALX
2023-06-26 09:51:00,49.1,49.12,49.015,49.12,1055.0,CALX
2023-06-26 09:50:00,48.975,49.03,48.975,49.015,1638.0,CALX
2023-06-26 09:49:00,48.99,48.99,48.99,48.99,482.0,CALX
2023-06-26 09:48:00,49.12,49.12,49.12,49.12,101.0,CALX
2023-06-26 09:47:00,49.06,49.06,49.03,49.03,386.0,CALX
2023-06-26 09:46:00,49.13,49.13,49.06,49.065,1097.0,CALX
2023-06-26 09:45:00,49.13,49.13,49.13,49.13,288.0,CALX
2023-06-26 09:44:00,49.055,49.08,49.0,49.08,846.0,CALX
2023-06-26 09:42:00,49.0,49.015,48.97,48.97,2800.0,CALX
2023-06-26 09:41:00,48.875,49.04,48.875,49.04,410.0,CALX
2023-06-26 09:39:00,49.02,49.02,49.02,49.02,108.0,CALX
2023-06-26 09:36:00,48.6,48.96,48.6,48.96,1253.0,CALX
2023-06-26 09:35:00,48.69,48.715,48.57,48.715,458.0,CALX
2023-06-26 09:34:00,48.54,48.54,48.54,48.54,102.0,CALX
2023-06-26 09:33:00,48.39,48.39,48.39,48.39,433.0,CALX
2023-06-26 09:30:00,48.21,48.21,48.21,48.21,1838.0,CALX
2023-06-26 08:00:00,48.58,48.58,48.58,48.58,1.0,CALX
2023-06-23 19:04:00,48.09,48.09,48.09,48.09,200.0,CALX
2023-06-23 19:00:00,48.58,48.58,48.58,48.58,352592.0,CALX
2023-06-23 18:30:00,48.58,48.58,48.58,48.58,352592.0,CALX
2023-06-23 17:44:00,48.58,48.58,48.58,48.58,14379.0,CALX
2023-06-23 17:08:00,48.58,48.58,48.58,48.58,14379.0,CALX
2023-06-23 17:00:00,48.58,48.58,48.58,48.58,531.0,CALX
2023-06-23 16:21:00,48.58,48.58,48.58,48.58,14379.0,CALX
2023-06-23 16:19:00,48.58,48.58,48.58,48.58,1569.0,CALX
2023-06-23 16:15:00,48.58,48.58,48.58,48.58,154931.0,CALX
2023-06-23 16:12:00,48.58,48.58,48.58,48.58,540.0,CALX
2023-06-23 16:11:00,48.578,48.58,48.578,48.58,12184.0,CALX
2023-06-23 16:10:00,48.58,48.58,48.578,48.578,353687.0,CALX
2023-06-23 16:08:00,48.58,48.58,48.58,48.58,793.0,CALX
2023-06-23 16:04:00,48.579,48.582,48.578,48.582,66401.0,CALX
2023-06-23 16:03:00,48.583,48.583,48.572,48.577,202525.0,CALX
2023-06-23 16:02:00,48.58,48.58,48.58,48.58,8152.0,CALX
2023-06-23 16:01:00,48.58,48.58,48.58,48.58,358.0,CALX
2023-06-23 16:00:00,48.56,48.61,48.56,48.58,707353.0,CALX
2023-06-23 15:59:00,48.65,48.7,48.56,48.56,96970.0,CALX
2023-06-23 15:58:00,48.51,48.66,48.51,48.65,33140.0,CALX
2023-06-23 15:57:00,48.43,48.54,48.4,48.51,9135.0,CALX
2023-06-23 15:56:00,48.53,48.53,48.39,48.415,14985.0,CALX
2023-06-23 15:55:00,48.59,48.59,48.52,48.53,6101.0,CALX
2023-06-23 15:54:00,48.54,48.59,48.54,48.58,7867.0,CALX
2023-06-23 15:53:00,48.52,48.53,48.48,48.52,21817.0,CALX
2023-06-23 15:52:00,48.415,48.53,48.415,48.53,20775.0,CALX
2023-06-23 15:51:00,48.32,48.44,48.305,48.415,9071.0,CALX
2023-06-23 15:50:00,48.29,48.335,48.25,48.31,28602.0,CALX
2023-06-23 15:49:00,48.28,48.31,48.28,48.31,1231.0,CALX
2023-06-23 15:48:00,48.27,48.31,48.27,48.29,1607.0,CALX
2023-06-23 15:47:00,48.23,48.25,48.22,48.25,3235.0,CALX
2023-06-23 15:46:00,48.24,48.28,48.24,48.24,1573.0,CALX
2023-06-23 15:45:00,48.26,48.29,48.23,48.23,3533.0,CALX
2023-06-23 15:44:00,48.25,48.26,48.25,48.26,1028.0,CALX
2023-06-23 15:43:00,48.22,48.24,48.22,48.24,1131.0,CALX
2023-06-23 15:42:00,48.18,48.24,48.18,48.24,2009.0,CALX
2023-06-23 15:41:00,48.17,48.17,48.17,48.17,430.0,CALX
2023-06-23 15:40:00,48.29,48.31,48.18,48.18,4165.0,CALX
2023-06-23 15:37:00,48.26,48.26,48.26,48.26,437.0,CALX
2023-06-23 15:36:00,48.31,48.315,48.29,48.29,3283.0,CALX
2023-06-23 15:35:00,48.3,48.3,48.3,48.3,523.0,CALX
2023-06-23 15:34:00,48.26,48.29,48.26,48.29,400.0,CALX
2023-06-23 15:33:00,48.26,48.27,48.25,48.25,2227.0,CALX
2023-06-23 15:32:00,48.35,48.35,48.28,48.3,4791.0,CALX
2023-06-23 15:31:00,48.34,48.35,48.34,48.35,1677.0,CALX
2023-06-23 15:30:00,48.36,48.36,48.355,48.355,1944.0,CALX
2023-06-23 15:28:00,48.34,48.34,48.31,48.34,2395.0,CALX
2023-06-23 15:27:00,48.3,48.3,48.3,48.3,125.0,CALX
2023-06-23 15:26:00,48.25,48.31,48.24,48.3,1760.0,CALX
2023-06-23 15:25:00,48.242,48.242,48.242,48.242,100.0,CALX
2023-06-23 15:24:00,48.25,48.25,48.25,48.25,1595.0,CALX
2023-06-23 15:23:00,48.21,48.21,48.21,48.21,869.0,CALX
2023-06-23 15:22:00,48.27,48.27,48.27,48.27,498.0,CALX
2023-06-23 15:20:00,48.26,48.27,48.24,48.27,2060.0,CALX
2023-06-23 15:19:00,48.29,48.29,48.25,48.25,2530.0,CALX
2023-06-23 15:18:00,48.26,48.26,48.24,48.24,802.0,CALX
2023-06-23 15:16:00,48.265,48.28,48.25,48.28,2617.0,CALX
2023-06-23 15:14:00,48.23,48.28,48.22,48.28,1682.0,CALX
2023-06-23 15:13:00,48.255,48.255,48.255,48.255,104.0,CALX
2023-06-23 15:12:00,48.27,48.27,48.26,48.27,1764.0,CALX
2023-06-23 15:11:00,48.24,48.26,48.19,48.19,1627.0,CALX
2023-06-23 15:10:00,48.23,48.24,48.23,48.24,836.0,CALX
2023-06-23 15:09:00,48.17,48.17,48.17,48.17,283.0,CALX
2023-06-23 15:07:00,48.16,48.2,48.16,48.2,1675.0,CALX
2023-06-23 15:05:00,48.103,48.16,48.103,48.16,1908.0,CALX
2023-06-23 15:01:00,48.075,48.12,48.075,48.12,3748.0,CALX
2023-06-23 15:00:00,48.16,48.16,48.14,48.14,708.0,CALX
2023-06-23 14:59:00,48.17,48.18,48.16,48.17,2015.0,CALX
2023-06-23 14:58:00,48.15,48.19,48.15,48.19,3868.0,CALX
2023-06-23 14:57:00,48.17,48.18,48.14,48.18,1931.0,CALX
2023-06-23 14:56:00,48.19,48.19,48.19,48.19,247.0,CALX
2023-06-23 14:55:00,48.17,48.17,48.17,48.17,244.0,CALX
2023-06-23 14:54:00,48.16,48.16,48.16,48.16,188.0,CALX
2023-06-23 14:53:00,48.14,48.18,48.12,48.17,4221.0,CALX
2023-06-23 14:52:00,48.17,48.17,48.17,48.17,144.0,CALX
2023-06-23 14:50:00,48.17,48.18,48.17,48.18,942.0,CALX
2023-06-23 14:49:00,48.15,48.15,48.15,48.15,101.0,CALX
2023-06-23 14:48:00,48.1,48.13,48.1,48.13,465.0,CALX
2023-06-23 14:47:00,48.18,48.18,48.08,48.09,3094.0,CALX
2023-06-23 14:46:00,48.11,48.16,48.11,48.15,1945.0,CALX
2023-06-23 14:45:00,48.09,48.09,48.08,48.09,1709.0,CALX
2023-06-23 14:44:00,48.11,48.11,48.11,48.11,250.0,CALX
2023-06-23 14:43:00,48.16,48.16,48.14,48.14,718.0,CALX
2023-06-23 14:42:00,48.223,48.23,48.2,48.23,900.0,CALX
2023-06-23 14:41:00,48.195,48.195,48.195,48.195,604.0,CALX
2023-06-23 14:40:00,48.18,48.2,48.18,48.195,945.0,CALX
2023-06-23 14:38:00,48.19,48.19,48.19,48.19,1002.0,CALX
2023-06-23 14:37:00,48.26,48.26,48.19,48.19,1344.0,CALX
2023-06-23 14:36:00,48.27,48.27,48.24,48.26,3126.0,CALX
2023-06-23 14:34:00,48.24,48.26,48.24,48.26,358.0,CALX
2023-06-23 14:33:00,48.3,48.31,48.26,48.28,2011.0,CALX
2023-06-23 14:32:00,48.32,48.32,48.27,48.27,1268.0,CALX
2023-06-23 14:31:00,48.275,48.32,48.27,48.305,5286.0,CALX
2023-06-23 14:30:00,48.33,48.37,48.24,48.3,5599.0,CALX
2023-06-23 14:29:00,48.28,48.31,48.26,48.31,2670.0,CALX
2023-06-23 14:28:00,48.19,48.19,48.19,48.19,915.0,CALX
2023-06-23 14:27:00,48.165,48.165,48.165,48.165,324.0,CALX
2023-06-23 14:26:00,48.16,48.18,48.16,48.18,578.0,CALX
2023-06-23 14:25:00,48.18,48.18,48.18,48.18,275.0,CALX
2023-06-23 14:23:00,48.18,48.18,48.16,48.16,912.0,CALX
2023-06-23 14:22:00,48.18,48.18,48.18,48.18,251.0,CALX
2023-06-23 14:21:00,48.15,48.15,48.15,48.15,320.0,CALX
2023-06-23 14:20:00,48.12,48.12,48.12,48.12,910.0,CALX
2023-06-23 14:19:00,48.055,48.055,48.03,48.03,590.0,CALX
2023-06-23 14:18:00,48.03,48.03,48.03,48.03,278.0,CALX
2023-06-23 14:17:00,47.98,48.07,47.975,48.07,2341.0,CALX
2023-06-23 14:15:00,48.045,48.045,48.0,48.0,755.0,CALX
2023-06-23 14:12:00,48.1,48.1,48.1,48.1,480.0,CALX
2023-06-23 14:11:00,48.12,48.12,48.12,48.12,125.0,CALX
2023-06-23 14:10:00,48.2,48.2,48.12,48.12,1216.0,CALX
2023-06-23 14:09:00,48.24,48.24,48.24,48.24,119.0,CALX
2023-06-23 14:08:00,48.27,48.27,48.24,48.24,872.0,CALX
2023-06-23 14:07:00,48.405,48.42,48.28,48.28,8246.0,CALX
2023-06-23 14:06:00,48.38,48.38,48.38,48.38,319.0,CALX
2023-06-23 14:04:00,48.4,48.47,48.4,48.47,3095.0,CALX
2023-06-23 14:03:00,48.42,48.42,48.42,48.42,220.0,CALX
2023-06-23 14:02:00,48.42,48.42,48.41,48.41,1063.0,CALX
2023-06-23 14:00:00,48.43,48.43,48.43,48.43,242.0,CALX
2023-06-23 13:56:00,48.41,48.43,48.41,48.43,1075.0,CALX
2023-06-23 13:54:00,48.397,48.397,48.397,48.397,116.0,CALX
2023-06-23 13:52:00,48.39,48.39,48.39,48.39,203.0,CALX
2023-06-23 13:49:00,48.405,48.405,48.405,48.405,166.0,CALX
2023-06-23 13:45:00,48.41,48.41,48.4,48.4,545.0,CALX
2023-06-23 13:44:00,48.41,48.41,48.41,48.41,343.0,CALX
2023-06-23 13:43:00,48.37,48.37,48.37,48.37,213.0,CALX
2023-06-23 13:41:00,48.37,48.37,48.37,48.37,325.0,CALX
2023-06-23 13:40:00,48.4,48.4,48.4,48.4,488.0,CALX
2023-06-23 13:39:00,48.38,48.38,48.38,48.38,105.0,CALX
2023-06-23 13:38:00,48.4,48.4,48.39,48.39,304.0,CALX
2023-06-23 13:37:00,48.44,48.44,48.42,48.42,975.0,CALX
2023-06-23 13:36:00,48.52,48.54,48.45,48.45,2233.0,CALX
2023-06-23 13:35:00,48.56,48.56,48.53,48.53,1005.0,CALX
2023-06-23 13:33:00,48.57,48.57,48.57,48.57,468.0,CALX
2023-06-23 13:31:00,48.6,48.6,48.6,48.6,632.0,CALX
2023-06-23 13:30:00,48.63,48.63,48.63,48.63,450.0,CALX
2023-06-23 13:22:00,48.6,48.6,48.57,48.57,749.0,CALX
2023-06-23 13:18:00,48.63,48.63,48.63,48.63,165.0,CALX
2023-06-23 13:15:00,48.7,48.7,48.65,48.65,824.0,CALX
2023-06-23 13:14:00,48.7,48.7,48.7,48.7,109.0,CALX
2023-06-23 13:11:00,48.72,48.72,48.72,48.72,206.0,CALX
2023-06-23 13:10:00,48.69,48.72,48.69,48.72,587.0,CALX
2023-06-23 13:08:00,48.66,48.66,48.66,48.66,114.0,CALX
2023-06-23 13:07:00,48.68,48.68,48.68,48.68,213.0,CALX
2023-06-23 13:06:00,48.65,48.65,48.65,48.65,147.0,CALX
2023-06-23 13:02:00,48.64,48.64,48.64,48.64,237.0,CALX
2023-06-23 12:58:00,48.68,48.68,48.68,48.68,311.0,CALX
2023-06-23 12:56:00,48.66,48.66,48.66,48.66,292.0,CALX
2023-06-23 12:54:00,48.65,48.65,48.64,48.64,433.0,CALX
2023-06-23 12:45:00,48.65,48.65,48.65,48.65,184.0,CALX
2023-06-23 12:37:00,48.61,48.64,48.61,48.64,604.0,CALX
2023-06-23 12:35:00,48.66,48.66,48.66,48.66,467.0,CALX
2023-06-23 12:29:00,48.615,48.65,48.615,48.64,608.0,CALX
2023-06-23 12:20:00,48.61,48.61,48.58,48.61,643.0,CALX
2023-06-23 12:09:00,48.45,48.45,48.45,48.45,112.0,CALX
2023-06-23 12:06:00,48.48,48.48,48.48,48.48,201.0,CALX
2023-06-23 12:01:00,48.445,48.445,48.445,48.445,123.0,CALX
2023-06-23 12:00:00,48.43,48.43,48.43,48.43,110.0,CALX
2023-06-23 11:59:00,48.39,48.411,48.38,48.411,3401.0,CALX
2023-06-23 11:57:00,48.42,48.42,48.37,48.41,1356.0,CALX
2023-06-23 11:56:00,48.395,48.395,48.395,48.395,697.0,CALX
2023-06-23 11:54:00,48.405,48.405,48.37,48.37,329.0,CALX
2023-06-23 11:52:00,48.39,48.39,48.39,48.39,283.0,CALX
2023-06-23 11:51:00,48.38,48.43,48.38,48.39,2748.0,CALX
2023-06-23 11:50:00,48.4,48.44,48.38,48.41,4209.0,CALX
2023-06-23 11:48:00,48.44,48.44,48.44,48.44,318.0,CALX
2023-06-23 11:46:00,48.51,48.51,48.41,48.41,3330.0,CALX
2023-06-23 11:45:00,48.58,48.58,48.58,48.58,106.0,CALX
2023-06-23 11:38:00,48.56,48.58,48.56,48.57,775.0,CALX
2023-06-23 11:36:00,48.57,48.6,48.57,48.595,1179.0,CALX
2023-06-23 11:35:00,48.56,48.58,48.56,48.57,846.0,CALX
2023-06-23 11:31:00,48.51,48.51,48.495,48.495,337.0,CALX
2023-06-23 11:30:00,48.49,48.49,48.455,48.485,1117.0,CALX
2023-06-23 11:29:00,48.49,48.49,48.46,48.46,911.0,CALX
2023-06-23 11:28:00,48.48,48.52,48.475,48.49,1801.0,CALX
2023-06-23 11:27:00,48.47,48.48,48.47,48.48,439.0,CALX
2023-06-23 11:26:00,48.46,48.47,48.44,48.47,527.0,CALX
2023-06-23 11:25:00,48.43,48.45,48.43,48.45,504.0,CALX
2023-06-23 11:24:00,48.43,48.45,48.43,48.44,676.0,CALX
2023-06-23 11:23:00,48.48,48.48,48.455,48.455,540.0,CALX
2023-06-23 11:22:00,48.43,48.46,48.43,48.46,401.0,CALX
2023-06-23 11:21:00,48.41,48.43,48.41,48.41,415.0,CALX
2023-06-23 11:20:00,48.41,48.41,48.345,48.38,1693.0,CALX
2023-06-23 11:19:00,48.47,48.47,48.42,48.44,744.0,CALX
2023-06-23 11:18:00,48.47,48.47,48.445,48.445,630.0,CALX
2023-06-23 11:17:00,48.46,48.47,48.46,48.47,668.0,CALX
2023-06-23 11:16:00,48.46,48.46,48.46,48.46,515.0,CALX
2023-06-23 11:14:00,48.49,48.49,48.47,48.48,1784.0,CALX
2023-06-23 11:13:00,48.44,48.44,48.44,48.44,120.0,CALX
2023-06-23 11:12:00,48.42,48.48,48.42,48.45,1454.0,CALX
2023-06-23 11:11:00,48.39,48.43,48.39,48.43,766.0,CALX
2023-06-23 11:10:00,48.41,48.41,48.41,48.41,526.0,CALX
2023-06-23 11:09:00,48.49,48.49,48.45,48.45,593.0,CALX
2023-06-23 11:08:00,48.438,48.48,48.43,48.46,2938.0,CALX
2023-06-23 11:07:00,48.5,48.52,48.46,48.46,1829.0,CALX
2023-06-23 11:06:00,48.51,48.51,48.51,48.51,262.0,CALX
2023-06-23 11:05:00,48.5,48.5,48.5,48.5,235.0,CALX
2023-06-23 11:03:00,48.55,48.55,48.55,48.55,123.0,CALX
2023-06-23 11:02:00,48.53,48.53,48.53,48.53,112.0,CALX
2023-06-23 10:59:00,48.54,48.54,48.53,48.53,524.0,CALX
2023-06-23 10:58:00,48.46,48.46,48.46,48.46,142.0,CALX
2023-06-23 10:57:00,48.46,48.46,48.46,48.46,760.0,CALX
2023-06-23 10:56:00,48.4,48.46,48.4,48.46,1125.0,CALX
2023-06-23 10:55:00,48.47,48.49,48.44,48.45,2905.0,CALX
2023-06-23 10:54:00,48.435,48.49,48.4,48.46,1596.0,CALX
2023-06-23 10:53:00,48.46,48.46,48.46,48.46,389.0,CALX
2023-06-23 10:51:00,48.46,48.46,48.46,48.46,109.0,CALX
2023-06-23 10:50:00,48.5,48.5,48.5,48.5,122.0,CALX
2023-06-23 10:49:00,48.43,48.53,48.42,48.53,4080.0,CALX
2023-06-23 10:48:00,48.51,48.51,48.42,48.49,3951.0,CALX
2023-06-23 10:46:00,48.545,48.545,48.545,48.545,133.0,CALX
2023-06-23 10:44:00,48.53,48.53,48.53,48.53,103.0,CALX
2023-06-23 10:43:00,48.55,48.55,48.55,48.55,288.0,CALX
2023-06-23 10:40:00,48.61,48.61,48.6,48.6,1173.0,CALX
2023-06-23 10:37:00,48.57,48.57,48.55,48.55,258.0,CALX
2023-06-23 10:36:00,48.64,48.64,48.57,48.57,2190.0,CALX
2023-06-23 10:35:00,48.58,48.675,48.58,48.675,1333.0,CALX
2023-06-23 10:34:00,48.54,48.54,48.54,48.54,161.0,CALX
2023-06-23 10:30:00,48.55,48.615,48.55,48.615,556.0,CALX
2023-06-23 10:29:00,48.49,48.49,48.49,48.49,214.0,CALX
2023-06-23 10:27:00,48.47,48.47,48.47,48.47,106.0,CALX
2023-06-23 10:26:00,48.495,48.54,48.44,48.44,1311.0,CALX
2023-06-23 10:25:00,48.515,48.515,48.515,48.515,103.0,CALX
2023-06-23 10:23:00,48.49,48.5,48.46,48.46,1252.0,CALX
2023-06-23 10:22:00,48.44,48.44,48.44,48.44,737.0,CALX
2023-06-23 10:21:00,48.48,48.48,48.48,48.48,245.0,CALX
2023-06-23 10:20:00,48.55,48.55,48.55,48.55,137.0,CALX
2023-06-23 10:19:00,48.59,48.59,48.5,48.535,1149.0,CALX
2023-06-23 10:18:00,48.64,48.64,48.64,48.64,235.0,CALX
2023-06-23 10:15:00,48.56,48.59,48.56,48.59,233.0,CALX
2023-06-23 10:14:00,48.61,48.61,48.58,48.58,398.0,CALX
2023-06-23 10:11:00,48.5,48.545,48.5,48.545,350.0,CALX
2023-06-23 10:06:00,48.495,48.495,48.495,48.495,272.0,CALX
2023-06-23 10:05:00,48.5,48.5,48.5,48.5,330.0,CALX
2023-06-23 10:01:00,48.49,48.515,48.49,48.515,821.0,CALX
2023-06-23 09:58:00,48.53,48.64,48.53,48.62,2154.0,CALX
2023-06-23 09:56:00,48.44,48.45,48.44,48.45,528.0,CALX
2023-06-23 09:51:00,48.22,48.22,48.22,48.22,351.0,CALX
2023-06-23 09:50:00,48.11,48.11,48.11,48.11,535.0,CALX
2023-06-23 09:48:00,48.2,48.2,48.2,48.2,172.0,CALX
2023-06-23 09:46:00,48.22,48.22,48.22,48.22,112.0,CALX
2023-06-23 09:44:00,48.23,48.23,48.135,48.21,382.0,CALX
2023-06-23 09:43:00,47.99,48.2,47.99,48.18,2229.0,CALX
2023-06-23 09:42:00,48.105,48.105,48.105,48.105,207.0,CALX
2023-06-23 09:41:00,47.99,47.99,47.99,47.99,429.0,CALX
2023-06-23 09:38:00,48.18,48.18,48.18,48.18,100.0,CALX
2023-06-23 09:37:00,48.185,48.185,48.185,48.185,116.0,CALX
2023-06-23 09:36:00,48.36,48.36,48.36,48.36,257.0,CALX
2023-06-23 09:34:00,47.98,47.98,47.98,47.98,425.0,CALX
2023-06-23 09:33:00,48.0,48.02,47.88,47.92,2648.0,CALX
2023-06-23 09:31:00,48.03,48.03,48.03,48.03,102.0,CALX
2023-06-23 09:30:00,48.23,48.23,48.23,48.23,2171.0,CALX
2023-06-22 19:00:00,48.99,48.99,48.99,48.99,44491.0,CALX
2023-06-22 18:30:00,48.99,48.99,48.99,48.99,44491.0,CALX
2023-06-22 16:56:00,48.99,48.99,48.99,48.99,21779.0,CALX
2023-06-22 16:44:00,48.99,48.99,48.99,48.99,4525.0,CALX
2023-06-22 16:11:00,48.99,48.99,48.99,48.99,389.0,CALX
2023-06-22 16:10:00,48.99,48.99,48.99,48.99,44491.0,CALX
2023-06-22 16:09:00,48.99,48.99,48.99,48.99,52.0,CALX
2023-06-22 16:01:00,48.99,48.99,48.99,48.99,2097.0,CALX
2023-06-22 16:00:00,48.98,48.99,48.98,48.99,99048.0,CALX
2023-06-22 15:59:00,49.01,49.05,48.95,48.98,19088.0,CALX
2023-06-22 15:58:00,49.0,49.01,49.0,49.0,3383.0,CALX
2023-06-22 15:57:00,48.935,49.0,48.935,49.0,3002.0,CALX
2023-06-22 15:56:00,48.93,48.95,48.93,48.935,2066.0,CALX
2023-06-22 15:55:00,49.01,49.01,48.95,48.95,2742.0,CALX
2023-06-22 15:54:00,48.94,48.99,48.94,48.99,2628.0,CALX
2023-06-22 15:53:00,48.92,48.94,48.92,48.94,1327.0,CALX
2023-06-22 15:52:00,48.95,48.95,48.94,48.94,1086.0,CALX
2023-06-22 15:51:00,48.975,48.975,48.95,48.95,763.0,CALX
2023-06-22 15:50:00,48.98,48.98,48.96,48.96,946.0,CALX
2023-06-22 15:49:00,48.97,48.97,48.94,48.96,1058.0,CALX
2023-06-22 15:48:00,48.91,48.96,48.91,48.96,3476.0,CALX
2023-06-22 15:47:00,48.91,48.91,48.91,48.91,251.0,CALX
2023-06-22 15:46:00,48.944,48.944,48.91,48.91,934.0,CALX
2023-06-22 15:45:00,48.95,48.95,48.935,48.935,364.0,CALX
2023-06-22 15:44:00,48.94,48.94,48.93,48.93,887.0,CALX
2023-06-22 15:43:00,48.94,48.95,48.94,48.95,747.0,CALX
2023-06-22 15:42:00,48.945,48.945,48.945,48.945,652.0,CALX
2023-06-22 15:41:00,48.97,48.97,48.97,48.97,162.0,CALX
2023-06-22 15:40:00,48.97,48.97,48.96,48.96,1120.0,CALX
2023-06-22 15:39:00,48.975,49.0,48.975,48.985,1227.0,CALX
2023-06-22 15:38:00,48.97,48.97,48.97,48.97,163.0,CALX
2023-06-22 15:37:00,48.975,48.975,48.975,48.975,144.0,CALX
2023-06-22 15:36:00,49.01,49.01,48.98,48.98,1009.0,CALX
2023-06-22 15:35:00,49.0,49.0,49.0,49.0,691.0,CALX
2023-06-22 15:32:00,48.975,48.975,48.955,48.955,623.0,CALX
2023-06-22 15:31:00,48.96,48.96,48.96,48.96,899.0,CALX
2023-06-22 15:30:00,48.92,48.94,48.905,48.92,1818.0,CALX
2023-06-22 15:29:00,48.93,48.93,48.9,48.9,1360.0,CALX
2023-06-22 15:28:00,48.95,48.95,48.93,48.93,1097.0,CALX
2023-06-22 15:26:00,48.98,48.98,48.98,48.98,207.0,CALX
2023-06-22 15:23:00,48.96,48.97,48.96,48.97,811.0,CALX
2023-06-22 15:22:00,48.96,48.96,48.96,48.96,105.0,CALX
2023-06-22 15:21:00,49.005,49.005,48.97,48.97,694.0,CALX
2023-06-22 15:18:00,49.02,49.02,49.02,49.02,257.0,CALX
2023-06-22 15:17:00,49.02,49.02,49.01,49.01,857.0,CALX
2023-06-22 15:16:00,49.04,49.04,49.04,49.04,120.0,CALX
2023-06-22 15:15:00,49.03,49.03,49.03,49.03,681.0,CALX
2023-06-22 15:14:00,49.01,49.01,49.01,49.01,351.0,CALX
2023-06-22 15:13:00,48.98,49.0,48.98,49.0,696.0,CALX
2023-06-22 15:11:00,49.045,49.045,49.025,49.025,1043.0,CALX
2023-06-22 15:10:00,49.02,49.04,49.015,49.04,1956.0,CALX
2023-06-22 15:09:00,48.99,48.99,48.99,48.99,147.0,CALX
2023-06-22 15:08:00,49.01,49.01,48.99,48.99,1025.0,CALX
2023-06-22 15:07:00,49.01,49.01,49.01,49.01,131.0,CALX
2023-06-22 15:05:00,49.04,49.04,49.04,49.04,525.0,CALX
2023-06-22 15:03:00,49.05,49.05,49.05,49.05,117.0,CALX
2023-06-22 15:01:00,49.09,49.09,49.06,49.06,715.0,CALX
2023-06-22 14:57:00,49.08,49.08,49.08,49.08,248.0,CALX
2023-06-22 14:56:00,49.07,49.07,49.07,49.07,311.0,CALX
2023-06-22 14:55:00,49.1,49.1,49.03,49.03,2163.0,CALX
2023-06-22 14:53:00,49.08,49.09,49.08,49.09,363.0,CALX
2023-06-22 14:49:00,49.06,49.06,49.06,49.06,633.0,CALX
2023-06-22 14:44:00,49.04,49.065,49.04,49.065,488.0,CALX
2023-06-22 14:43:00,49.01,49.01,49.01,49.01,886.0,CALX
2023-06-22 14:42:00,48.99,49.0,48.99,49.0,769.0,CALX
2023-06-22 14:41:00,49.01,49.01,49.01,49.01,485.0,CALX
2023-06-22 14:33:00,49.04,49.04,49.04,49.04,539.0,CALX
2023-06-22 14:32:00,49.09,49.09,49.09,49.09,412.0,CALX
2023-06-22 14:29:00,49.04,49.04,49.01,49.01,1224.0,CALX
2023-06-22 14:28:00,49.065,49.116,49.065,49.116,1174.0,CALX
2023-06-22 14:26:00,49.03,49.03,49.03,49.03,585.0,CALX
2023-06-22 14:25:00,48.99,48.99,48.99,48.99,120.0,CALX
2023-06-22 14:24:00,48.99,48.99,48.99,48.99,115.0,CALX
2023-06-22 14:23:00,48.995,48.995,48.995,48.995,123.0,CALX
2023-06-22 14:22:00,49.039,49.039,49.039,49.039,379.0,CALX
2023-06-22 14:20:00,49.02,49.02,48.96,48.96,1709.0,CALX
2023-06-22 14:18:00,48.97,48.97,48.97,48.97,1412.0,CALX
2023-06-22 14:16:00,48.94,48.95,48.94,48.95,346.0,CALX
2023-06-22 14:15:00,48.97,48.97,48.97,48.97,137.0,CALX
2023-06-22 14:11:00,48.91,48.92,48.91,48.92,826.0,CALX
2023-06-22 14:09:00,48.92,48.92,48.92,48.92,183.0,CALX
2023-06-22 14:07:00,48.92,48.92,48.92,48.92,326.0,CALX
2023-06-22 14:06:00,48.93,48.93,48.92,48.92,417.0,CALX
2023-06-22 14:02:00,48.89,48.89,48.89,48.89,163.0,CALX
2023-06-22 14:01:00,48.9,48.9,48.9,48.9,290.0,CALX
2023-06-22 13:57:00,48.9,48.9,48.89,48.9,1152.0,CALX
2023-06-22 13:53:00,48.86,48.86,48.86,48.86,774.0,CALX
2023-06-22 13:50:00,48.86,48.86,48.86,48.86,1589.0,CALX
2023-06-22 13:45:00,48.86,48.86,48.86,48.86,1880.0,CALX
2023-06-22 13:44:00,48.88,48.88,48.88,48.88,537.0,CALX
2023-06-22 13:43:00,48.86,48.86,48.86,48.86,112.0,CALX
2023-06-22 13:41:00,48.86,48.86,48.84,48.84,614.0,CALX
2023-06-22 13:40:00,48.86,48.86,48.86,48.86,460.0,CALX
2023-06-22 13:39:00,48.83,48.83,48.83,48.83,191.0,CALX
2023-06-22 13:38:00,48.805,48.805,48.805,48.805,201.0,CALX
2023-06-22 13:36:00,48.8,48.835,48.8,48.82,2530.0,CALX
2023-06-22 13:32:00,48.8,48.8,48.8,48.8,739.0,CALX
2023-06-22 13:28:00,48.8,48.8,48.8,48.8,246.0,CALX
2023-06-22 13:26:00,48.8,48.815,48.8,48.815,634.0,CALX
2023-06-22 13:25:00,48.78,48.81,48.74,48.81,2008.0,CALX
2023-06-22 13:24:00,48.735,48.735,48.735,48.735,451.0,CALX
2023-06-22 13:23:00,48.599,48.73,48.599,48.73,2010.0,CALX
2023-06-22 13:22:00,48.56,48.56,48.56,48.56,220.0,CALX
2023-06-22 13:20:00,48.65,48.65,48.65,48.65,116.0,CALX
2023-06-22 13:19:00,48.63,48.64,48.57,48.64,5979.0,CALX
2023-06-22 13:17:00,48.65,48.65,48.58,48.58,1293.0,CALX
2023-06-22 13:16:00,48.65,48.65,48.57,48.6,3233.0,CALX
2023-06-22 13:15:00,48.7,48.7,48.68,48.68,685.0,CALX
2023-06-22 13:14:00,48.72,48.72,48.72,48.72,321.0,CALX
2023-06-22 13:13:00,48.76,48.76,48.755,48.755,295.0,CALX
2023-06-22 13:10:00,48.735,48.735,48.735,48.735,113.0,CALX
2023-06-22 13:06:00,48.68,48.71,48.68,48.7,804.0,CALX
2023-06-22 13:05:00,48.73,48.73,48.73,48.73,337.0,CALX
2023-06-22 13:04:00,48.71,48.71,48.71,48.71,175.0,CALX
2023-06-22 13:02:00,48.85,48.85,48.76,48.76,1893.0,CALX
2023-06-22 13:00:00,48.86,48.86,48.86,48.86,153.0,CALX
2023-06-22 12:45:00,48.88,48.88,48.85,48.85,525.0,CALX
2023-06-22 12:39:00,48.999,48.999,48.999,48.999,264.0,CALX
2023-06-22 12:37:00,49.03,49.03,49.01,49.01,1699.0,CALX
2023-06-22 12:36:00,49.06,49.06,49.06,49.06,413.0,CALX
2023-06-22 12:33:00,49.03,49.03,49.03,49.03,343.0,CALX
2023-06-22 12:31:00,48.99,48.99,48.99,48.99,103.0,CALX
2023-06-22 12:30:00,48.99,48.99,48.99,48.99,200.0,CALX
2023-06-22 12:28:00,48.975,48.975,48.975,48.975,463.0,CALX
2023-06-22 12:26:00,48.96,48.96,48.96,48.96,1349.0,CALX
2023-06-22 12:25:00,48.98,49.01,48.96,48.96,1206.0,CALX
2023-06-22 12:24:00,48.92,48.97,48.92,48.97,2067.0,CALX
2023-06-22 12:23:00,48.9,48.9,48.9,48.9,280.0,CALX
2023-06-22 12:21:00,48.83,48.84,48.83,48.84,366.0,CALX
2023-06-22 12:20:00,48.81,48.81,48.81,48.81,100.0,CALX
2023-06-22 12:19:00,48.79,48.79,48.79,48.79,404.0,CALX
2023-06-22 12:18:00,48.8,48.8,48.8,48.8,656.0,CALX
2023-06-22 12:17:00,48.82,48.82,48.82,48.82,730.0,CALX
2023-06-22 12:16:00,48.8,48.8,48.795,48.795,310.0,CALX
2023-06-22 12:13:00,48.87,48.87,48.84,48.84,566.0,CALX
2023-06-22 12:06:00,48.83,48.83,48.83,48.83,508.0,CALX
2023-06-22 12:05:00,48.86,48.86,48.83,48.83,872.0,CALX
2023-06-22 12:01:00,48.99,48.99,48.99,48.99,475.0,CALX
2023-06-22 12:00:00,49.02,49.02,49.02,49.02,386.0,CALX
2023-06-22 11:59:00,49.0,49.0,49.0,49.0,451.0,CALX
2023-06-22 11:50:00,48.985,48.985,48.985,48.985,179.0,CALX
2023-06-22 11:48:00,48.95,48.95,48.95,48.95,181.0,CALX
2023-06-22 11:47:00,48.965,48.965,48.965,48.965,251.0,CALX
2023-06-22 11:46:00,48.92,48.94,48.92,48.94,544.0,CALX
2023-06-22 11:45:00,48.95,48.95,48.8,48.87,4598.0,CALX
2023-06-22 11:44:00,48.964,48.964,48.964,48.964,331.0,CALX
2023-06-22 11:43:00,48.95,48.97,48.95,48.97,406.0,CALX
2023-06-22 11:42:00,48.945,48.95,48.945,48.95,2559.0,CALX
2023-06-22 11:40:00,48.92,48.94,48.92,48.94,331.0,CALX
2023-06-22 11:37:00,48.92,48.92,48.91,48.92,602.0,CALX
2023-06-22 11:36:00,48.9,48.91,48.9,48.91,2149.0,CALX
2023-06-22 11:35:00,48.82,48.82,48.82,48.82,464.0,CALX
2023-06-22 11:32:00,48.75,48.79,48.75,48.79,547.0,CALX
2023-06-22 11:31:00,48.78,48.78,48.78,48.78,147.0,CALX
2023-06-22 11:29:00,48.72,48.78,48.72,48.78,1141.0,CALX
2023-06-22 11:28:00,48.68,48.74,48.65,48.715,4230.0,CALX
2023-06-22 11:27:00,48.68,48.68,48.68,48.68,260.0,CALX
2023-06-22 11:26:00,48.67,48.67,48.65,48.65,699.0,CALX
2023-06-22 11:25:00,48.52,48.625,48.52,48.625,911.0,CALX
2023-06-22 11:23:00,48.47,48.47,48.47,48.47,221.0,CALX
2023-06-22 11:22:00,48.53,48.53,48.48,48.48,725.0,CALX
2023-06-22 11:21:00,48.6,48.6,48.53,48.53,1929.0,CALX
2023-06-22 11:20:00,48.68,48.695,48.68,48.695,828.0,CALX
2023-06-22 11:19:00,48.645,48.645,48.645,48.645,118.0,CALX
2023-06-22 11:18:00,48.7,48.7,48.645,48.65,1089.0,CALX
2023-06-22 11:17:00,48.65,48.66,48.63,48.65,1921.0,CALX
2023-06-22 11:16:00,48.62,48.62,48.555,48.59,1133.0,CALX
2023-06-22 11:15:00,48.43,48.57,48.41,48.57,3168.0,CALX
2023-06-22 11:14:00,48.455,48.455,48.455,48.455,360.0,CALX
2023-06-22 11:13:00,48.58,48.58,48.49,48.49,2901.0,CALX
2023-06-22 11:12:00,48.59,48.6,48.58,48.58,1109.0,CALX
2023-06-22 11:10:00,48.73,48.74,48.73,48.74,647.0,CALX
2023-06-22 11:05:00,48.685,48.685,48.685,48.685,375.0,CALX
2023-06-22 11:03:00,48.7,48.7,48.7,48.7,162.0,CALX
2023-06-22 10:58:00,48.54,48.6,48.54,48.6,759.0,CALX
2023-06-22 10:57:00,48.49,48.6,48.48,48.6,2544.0,CALX
2023-06-22 10:55:00,48.43,48.44,48.43,48.44,1001.0,CALX
2023-06-22 10:54:00,48.49,48.51,48.44,48.51,442.0,CALX
2023-06-22 10:53:00,48.435,48.51,48.435,48.51,571.0,CALX
2023-06-22 10:52:00,48.435,48.435,48.435,48.435,301.0,CALX
2023-06-22 10:51:00,48.39,48.455,48.37,48.37,1666.0,CALX
2023-06-22 10:50:00,48.335,48.49,48.335,48.46,3400.0,CALX
2023-06-22 10:49:00,48.17,48.37,48.17,48.325,3996.0,CALX
2023-06-22 10:48:00,48.145,48.19,48.145,48.18,719.0,CALX
2023-06-22 10:45:00,48.18,48.18,48.135,48.135,647.0,CALX
2023-06-22 10:44:00,48.19,48.2,48.135,48.17,988.0,CALX
2023-06-22 10:43:00,48.16,48.19,48.16,48.18,783.0,CALX
2023-06-22 10:42:00,48.36,48.36,48.36,48.36,327.0,CALX
2023-06-22 10:41:00,48.495,48.495,48.36,48.36,883.0,CALX
2023-06-22 10:39:00,48.52,48.52,48.52,48.52,609.0,CALX
2023-06-22 10:38:00,48.53,48.53,48.53,48.53,306.0,CALX
2023-06-22 10:37:00,48.63,48.63,48.63,48.63,169.0,CALX
2023-06-22 10:36:00,48.75,48.75,48.68,48.68,1154.0,CALX
2023-06-22 10:35:00,48.827,48.827,48.75,48.79,1467.0,CALX
2023-06-22 10:34:00,48.75,48.84,48.75,48.84,2523.0,CALX
2023-06-22 10:33:00,48.6,48.77,48.6,48.75,4510.0,CALX
2023-06-22 10:32:00,48.56,48.56,48.56,48.56,467.0,CALX
2023-06-22 10:31:00,48.56,48.56,48.56,48.56,316.0,CALX
2023-06-22 10:28:00,48.5,48.57,48.5,48.57,1015.0,CALX
2023-06-22 10:27:00,48.51,48.57,48.495,48.495,1766.0,CALX
2023-06-22 10:26:00,48.46,48.46,48.46,48.46,181.0,CALX
2023-06-22 10:25:00,48.52,48.53,48.48,48.51,2194.0,CALX
2023-06-22 10:24:00,48.57,48.57,48.485,48.485,1955.0,CALX
2023-06-22 10:21:00,48.59,48.59,48.59,48.59,117.0,CALX
2023-06-22 10:20:00,48.64,48.64,48.64,48.64,202.0,CALX
2023-06-22 10:19:00,48.64,48.64,48.64,48.64,110.0,CALX
2023-06-22 10:16:00,48.62,48.62,48.62,48.62,653.0,CALX
2023-06-22 10:15:00,48.645,48.68,48.59,48.62,2831.0,CALX
2023-06-22 10:14:00,48.64,48.64,48.57,48.57,2395.0,CALX
2023-06-22 10:13:00,48.58,48.59,48.58,48.59,580.0,CALX
2023-06-22 10:12:00,48.6,48.61,48.57,48.59,3023.0,CALX
2023-06-22 10:11:00,48.52,48.64,48.52,48.64,648.0,CALX
2023-06-22 10:08:00,48.52,48.52,48.49,48.49,863.0,CALX
2023-06-22 10:01:00,48.68,48.68,48.68,48.68,103.0,CALX
2023-06-22 09:59:00,48.67,48.67,48.67,48.67,517.0,CALX
2023-06-22 09:56:00,48.68,48.745,48.68,48.72,850.0,CALX
2023-06-22 09:55:00,48.56,48.58,48.56,48.58,352.0,CALX
2023-06-22 09:54:00,48.57,48.59,48.55,48.55,536.0,CALX
2023-06-22 09:53:00,48.7,48.7,48.57,48.615,5385.0,CALX
2023-06-22 09:52:00,48.7,48.7,48.7,48.7,1342.0,CALX
2023-06-22 09:51:00,48.69,48.745,48.69,48.745,1118.0,CALX
2023-06-22 09:50:00,48.76,48.78,48.7,48.7,3427.0,CALX
2023-06-22 09:49:00,48.7,48.75,48.7,48.75,2720.0,CALX
2023-06-22 09:48:00,48.44,48.73,48.44,48.71,6006.0,CALX
2023-06-22 09:47:00,48.38,48.44,48.38,48.41,686.0,CALX
2023-06-22 09:46:00,48.41,48.41,48.41,48.41,193.0,CALX
2023-06-22 09:45:00,48.352,48.352,48.305,48.305,854.0,CALX
2023-06-22 09:44:00,48.4,48.4,48.28,48.305,600.0,CALX
2023-06-22 09:43:00,48.59,48.65,48.414,48.44,1731.0,CALX
2023-06-22 09:42:00,48.58,48.7,48.55,48.655,3731.0,CALX
2023-06-22 09:41:00,48.673,48.673,48.673,48.673,103.0,CALX
2023-06-22 09:39:00,48.685,48.685,48.685,48.685,128.0,CALX
2023-06-22 09:37:00,48.755,48.755,48.55,48.55,580.0,CALX
2023-06-22 09:36:00,48.93,48.945,48.55,48.945,2446.0,CALX
2023-06-22 09:35:00,48.99,49.02,48.99,48.99,494.0,CALX
2023-06-22 09:32:00,49.05,49.05,48.96,48.96,598.0,CALX
2023-06-22 09:30:00,49.43,49.43,48.98,49.09,1212.0,CALX
2023-06-22 08:07:00,49.47,49.47,49.47,49.47,1.0,CALX
2023-06-22 08:05:00,49.46,49.46,49.46,49.46,1.0,CALX
2023-06-21 19:00:00,49.47,49.47,49.47,49.47,45377.0,CALX
2023-06-21 18:30:00,49.47,49.47,49.47,49.47,45377.0,CALX
2023-06-21 17:23:00,49.47,49.47,49.47,49.47,2190.0,CALX
2023-06-21 16:20:00,49.47,49.47,49.47,49.47,67.0,CALX
2023-06-21 16:10:00,49.47,49.47,49.47,49.47,45377.0,CALX
2023-06-21 16:01:00,49.47,49.47,49.47,49.47,1863.0,CALX
2023-06-21 16:00:00,49.46,49.48,49.46,49.47,97770.0,CALX
2023-06-21 15:59:00,49.46,49.5,49.44,49.48,14354.0,CALX
2023-06-21 15:58:00,49.44,49.48,49.44,49.45,6649.0,CALX
2023-06-21 15:57:00,49.46,49.46,49.425,49.44,5156.0,CALX
2023-06-21 15:56:00,49.5,49.5,49.46,49.47,4626.0,CALX
2023-06-21 15:55:00,49.515,49.515,49.46,49.485,4654.0,CALX
2023-06-21 15:54:00,49.48,49.57,49.48,49.51,5673.0,CALX
2023-06-21 15:53:00,49.49,49.495,49.47,49.48,3302.0,CALX
2023-06-21 15:52:00,49.54,49.54,49.5,49.515,2778.0,CALX
2023-06-21 15:51:00,49.52,49.53,49.51,49.52,1894.0,CALX
2023-06-21 15:50:00,49.505,49.51,49.48,49.5,3443.0,CALX
2023-06-21 15:49:00,49.5,49.505,49.5,49.505,1172.0,CALX
2023-06-21 15:48:00,49.555,49.555,49.53,49.53,482.0,CALX
2023-06-21 15:47:00,49.57,49.585,49.54,49.57,2187.0,CALX
2023-06-21 15:46:00,49.54,49.54,49.54,49.54,382.0,CALX
2023-06-21 15:45:00,49.525,49.55,49.525,49.55,1499.0,CALX
2023-06-21 15:44:00,49.53,49.607,49.53,49.58,3577.0,CALX
2023-06-21 15:43:00,49.53,49.53,49.53,49.53,568.0,CALX
2023-06-21 15:40:00,49.52,49.53,49.5,49.53,1018.0,CALX
2023-06-21 15:39:00,49.48,49.485,49.46,49.485,1954.0,CALX
2023-06-21 15:38:00,49.51,49.529,49.51,49.529,894.0,CALX
2023-06-21 15:37:00,49.495,49.5,49.495,49.5,803.0,CALX
2023-06-21 15:36:00,49.51,49.518,49.5,49.518,2144.0,CALX
2023-06-21 15:35:00,49.54,49.54,49.53,49.54,636.0,CALX
2023-06-21 15:34:00,49.575,49.575,49.575,49.575,501.0,CALX
2023-06-21 15:32:00,49.645,49.645,49.63,49.63,1475.0,CALX
2023-06-21 15:31:00,49.53,49.6,49.53,49.6,2452.0,CALX
2023-06-21 15:30:00,49.535,49.55,49.52,49.52,1933.0,CALX
2023-06-21 15:29:00,49.535,49.535,49.535,49.535,117.0,CALX
2023-06-21 15:28:00,49.53,49.53,49.53,49.53,296.0,CALX
2023-06-21 15:27:00,49.52,49.559,49.52,49.559,963.0,CALX
2023-06-21 15:26:00,49.505,49.505,49.505,49.505,277.0,CALX
2023-06-21 15:25:00,49.5,49.5,49.5,49.5,981.0,CALX
2023-06-21 15:24:00,49.52,49.52,49.52,49.52,425.0,CALX
2023-06-21 15:22:00,49.54,49.54,49.53,49.53,665.0,CALX
2023-06-21 15:21:00,49.56,49.56,49.56,49.56,177.0,CALX
2023-06-21 15:20:00,49.57,49.57,49.565,49.565,911.0,CALX
2023-06-21 15:19:00,49.62,49.62,49.6,49.6,1521.0,CALX
2023-06-21 15:17:00,49.615,49.615,49.615,49.615,124.0,CALX
2023-06-21 15:16:00,49.63,49.63,49.63,49.63,371.0,CALX
2023-06-21 15:15:00,49.61,49.61,49.61,49.61,100.0,CALX
2023-06-21 15:13:00,49.59,49.605,49.58,49.58,633.0,CALX
2023-06-21 15:12:00,49.57,49.6,49.57,49.6,771.0,CALX
2023-06-21 15:10:00,49.55,49.55,49.55,49.55,332.0,CALX
2023-06-21 15:06:00,49.52,49.55,49.515,49.55,1041.0,CALX
2023-06-21 15:05:00,49.54,49.54,49.52,49.52,608.0,CALX
2023-06-21 15:04:00,49.55,49.55,49.54,49.55,1065.0,CALX
2023-06-21 15:03:00,49.58,49.58,49.58,49.58,173.0,CALX
2023-06-21 15:02:00,49.57,49.57,49.57,49.57,271.0,CALX
2023-06-21 15:01:00,49.59,49.59,49.56,49.56,982.0,CALX
2023-06-21 15:00:00,49.61,49.61,49.61,49.61,217.0,CALX
2023-06-21 14:57:00,49.64,49.64,49.64,49.64,522.0,CALX
2023-06-21 14:56:00,49.71,49.71,49.62,49.62,2118.0,CALX
2023-06-21 14:54:00,49.691,49.73,49.691,49.73,1425.0,CALX
2023-06-21 14:53:00,49.71,49.71,49.7,49.7,689.0,CALX
2023-06-21 14:52:00,49.68,49.68,49.68,49.68,816.0,CALX
2023-06-21 14:45:00,49.68,49.68,49.64,49.64,1061.0,CALX
2023-06-21 14:43:00,49.7,49.7,49.69,49.69,697.0,CALX
2023-06-21 14:42:00,49.73,49.73,49.725,49.725,636.0,CALX
2023-06-21 14:41:00,49.78,49.78,49.71,49.71,2337.0,CALX
2023-06-21 14:40:00,49.79,49.79,49.79,49.79,173.0,CALX
2023-06-21 14:39:00,49.8,49.81,49.8,49.8,584.0,CALX
2023-06-21 14:36:00,49.805,49.805,49.805,49.805,343.0,CALX
2023-06-21 14:32:00,49.81,49.81,49.81,49.81,182.0,CALX
2023-06-21 14:31:00,49.81,49.81,49.81,49.81,209.0,CALX
2023-06-21 14:30:00,49.81,49.82,49.81,49.81,842.0,CALX
2023-06-21 14:29:00,49.82,49.82,49.82,49.82,651.0,CALX
2023-06-21 14:26:00,49.81,49.82,49.76,49.76,1469.0,CALX
2023-06-21 14:24:00,49.845,49.845,49.845,49.845,178.0,CALX
2023-06-21 14:23:00,49.85,49.85,49.81,49.81,1087.0,CALX
2023-06-21 14:22:00,49.85,49.85,49.85,49.85,264.0,CALX
2023-06-21 14:21:00,49.865,49.865,49.865,49.865,523.0,CALX
2023-06-21 14:20:00,49.85,49.86,49.85,49.86,663.0,CALX
2023-06-21 14:18:00,49.81,49.83,49.81,49.83,787.0,CALX
2023-06-21 14:14:00,49.83,49.83,49.83,49.83,271.0,CALX
2023-06-21 14:11:00,49.81,49.82,49.77,49.77,1450.0,CALX
2023-06-21 14:07:00,49.795,49.795,49.795,49.795,112.0,CALX
2023-06-21 14:05:00,49.7,49.73,49.7,49.73,1025.0,CALX
2023-06-21 14:04:00,49.754,49.76,49.68,49.68,5329.0,CALX
2023-06-21 14:03:00,49.78,49.79,49.76,49.76,604.0,CALX
2023-06-21 14:02:00,49.72,49.73,49.7,49.72,1676.0,CALX
2023-06-21 14:01:00,49.78,49.78,49.78,49.78,241.0,CALX
2023-06-21 13:58:00,49.71,49.76,49.71,49.76,517.0,CALX
2023-06-21 13:57:00,49.71,49.71,49.71,49.71,357.0,CALX
2023-06-21 13:56:00,49.67,49.685,49.67,49.685,783.0,CALX
2023-06-21 13:55:00,49.64,49.64,49.61,49.61,721.0,CALX
2023-06-21 13:54:00,49.59,49.6,49.59,49.6,351.0,CALX
2023-06-21 13:53:00,49.59,49.6,49.55,49.55,1206.0,CALX
2023-06-21 13:52:00,49.575,49.59,49.575,49.59,843.0,CALX
2023-06-21 13:51:00,49.54,49.56,49.54,49.56,790.0,CALX
2023-06-21 13:49:00,49.515,49.515,49.515,49.515,167.0,CALX
2023-06-21 13:48:00,49.54,49.54,49.52,49.52,794.0,CALX
2023-06-21 13:47:00,49.575,49.575,49.575,49.575,463.0,CALX
2023-06-21 13:45:00,49.495,49.52,49.495,49.52,537.0,CALX
2023-06-21 13:43:00,49.505,49.525,49.49,49.495,1530.0,CALX
2023-06-21 13:42:00,49.51,49.51,49.47,49.47,1498.0,CALX
2023-06-21 13:41:00,49.51,49.51,49.51,49.51,577.0,CALX
2023-06-21 13:40:00,49.52,49.52,49.51,49.51,356.0,CALX
2023-06-21 13:39:00,49.5,49.5,49.485,49.5,640.0,CALX
2023-06-21 13:38:00,49.495,49.495,49.47,49.47,2033.0,CALX
2023-06-21 13:37:00,49.51,49.51,49.49,49.49,444.0,CALX
2023-06-21 13:36:00,49.55,49.55,49.495,49.5,1910.0,CALX
2023-06-21 13:35:00,49.57,49.58,49.56,49.56,1338.0,CALX
2023-06-21 13:30:00,49.525,49.525,49.525,49.525,279.0,CALX
2023-06-21 13:26:00,49.49,49.52,49.49,49.52,728.0,CALX
2023-06-21 13:25:00,49.5,49.5,49.5,49.5,301.0,CALX
2023-06-21 13:24:00,49.46,49.52,49.46,49.5,1788.0,CALX
2023-06-21 13:21:00,49.5,49.5,49.47,49.47,1602.0,CALX
2023-06-21 13:20:00,49.51,49.51,49.51,49.51,905.0,CALX
2023-06-21 13:18:00,49.53,49.53,49.53,49.53,101.0,CALX
2023-06-21 13:15:00,49.5,49.5,49.5,49.5,283.0,CALX
2023-06-21 13:14:00,49.51,49.51,49.51,49.51,422.0,CALX
2023-06-21 13:11:00,49.58,49.58,49.555,49.58,1207.0,CALX
2023-06-21 13:10:00,49.62,49.62,49.62,49.62,150.0,CALX
2023-06-21 13:09:00,49.61,49.61,49.61,49.61,126.0,CALX
2023-06-21 13:07:00,49.525,49.525,49.525,49.525,109.0,CALX
2023-06-21 13:04:00,49.52,49.52,49.52,49.52,372.0,CALX
2023-06-21 13:02:00,49.475,49.475,49.475,49.475,192.0,CALX
2023-06-21 13:01:00,49.5,49.5,49.45,49.45,1251.0,CALX
2023-06-21 13:00:00,49.5,49.5,49.5,49.5,228.0,CALX
2023-06-21 12:58:00,49.52,49.52,49.52,49.52,673.0,CALX
2023-06-21 12:57:00,49.5,49.5,49.48,49.495,724.0,CALX
2023-06-21 12:56:00,49.5,49.5,49.49,49.5,695.0,CALX
2023-06-21 12:55:00,49.54,49.54,49.5,49.51,1341.0,CALX
2023-06-21 12:54:00,49.52,49.56,49.52,49.56,1250.0,CALX
2023-06-21 12:52:00,49.56,49.56,49.55,49.55,235.0,CALX
2023-06-21 12:51:00,49.5,49.5,49.5,49.5,125.0,CALX
2023-06-21 12:50:00,49.485,49.485,49.485,49.485,323.0,CALX
2023-06-21 12:49:00,49.48,49.48,49.48,49.48,386.0,CALX
2023-06-21 12:48:00,49.45,49.45,49.45,49.45,634.0,CALX
2023-06-21 12:46:00,49.47,49.47,49.47,49.47,339.0,CALX
2023-06-21 12:45:00,49.45,49.45,49.44,49.44,1366.0,CALX
2023-06-21 12:43:00,49.48,49.485,49.48,49.48,1029.0,CALX
2023-06-21 12:40:00,49.48,49.48,49.48,49.48,127.0,CALX
2023-06-21 12:36:00,49.493,49.493,49.493,49.493,177.0,CALX
2023-06-21 12:34:00,49.51,49.51,49.48,49.48,1606.0,CALX
2023-06-21 12:33:00,49.55,49.55,49.55,49.55,222.0,CALX
2023-06-21 12:32:00,49.49,49.55,49.49,49.55,631.0,CALX
2023-06-21 12:31:00,49.46,49.46,49.45,49.45,456.0,CALX
2023-06-21 12:30:00,49.46,49.46,49.46,49.46,978.0,CALX
2023-06-21 12:28:00,49.45,49.45,49.44,49.445,1002.0,CALX
2023-06-21 12:26:00,49.465,49.465,49.465,49.465,200.0,CALX
2023-06-21 12:25:00,49.45,49.45,49.45,49.45,104.0,CALX
2023-06-21 12:23:00,49.42,49.42,49.42,49.42,1222.0,CALX
2023-06-21 12:21:00,49.46,49.46,49.46,49.46,372.0,CALX
2023-06-21 12:20:00,49.51,49.51,49.43,49.46,1961.0,CALX
2023-06-21 12:18:00,49.55,49.55,49.52,49.52,990.0,CALX
2023-06-21 12:17:00,49.52,49.535,49.52,49.535,817.0,CALX
2023-06-21 12:15:00,49.49,49.49,49.49,49.49,112.0,CALX
2023-06-21 12:13:00,49.485,49.485,49.485,49.485,105.0,CALX
2023-06-21 12:11:00,49.49,49.5,49.48,49.49,646.0,CALX
2023-06-21 12:10:00,49.49,49.5,49.49,49.49,779.0,CALX
2023-06-21 12:09:00,49.54,49.54,49.5,49.525,1140.0,CALX
2023-06-21 12:08:00,49.64,49.64,49.56,49.56,4291.0,CALX
2023-06-21 12:07:00,49.69,49.69,49.69,49.69,185.0,CALX
2023-06-21 12:05:00,49.61,49.61,49.59,49.59,452.0,CALX
2023-06-21 12:03:00,49.57,49.57,49.57,49.57,138.0,CALX
2023-06-21 12:01:00,49.48,49.555,49.47,49.555,4100.0,CALX
2023-06-21 11:58:00,49.55,49.55,49.55,49.55,237.0,CALX
2023-06-21 11:53:00,49.51,49.51,49.49,49.51,1395.0,CALX
2023-06-21 11:52:00,49.5,49.55,49.5,49.55,685.0,CALX
2023-06-21 11:51:00,49.51,49.51,49.51,49.51,299.0,CALX
2023-06-21 11:50:00,49.53,49.53,49.53,49.53,360.0,CALX
2023-06-21 11:48:00,49.55,49.55,49.55,49.55,225.0,CALX
2023-06-21 11:47:00,49.55,49.55,49.55,49.55,185.0,CALX
2023-06-21 11:45:00,49.52,49.52,49.52,49.52,541.0,CALX
2023-06-21 11:44:00,49.5,49.52,49.46,49.52,2663.0,CALX
2023-06-21 11:42:00,49.5,49.5,49.5,49.5,183.0,CALX
2023-06-21 11:40:00,49.55,49.55,49.55,49.55,252.0,CALX
2023-06-21 11:39:00,49.55,49.55,49.55,49.55,205.0,CALX
2023-06-21 11:37:00,49.55,49.55,49.55,49.55,628.0,CALX
2023-06-21 11:33:00,49.495,49.495,49.495,49.495,160.0,CALX
2023-06-21 11:32:00,49.49,49.5,49.45,49.5,855.0,CALX
2023-06-21 11:30:00,49.53,49.53,49.51,49.51,619.0,CALX
2023-06-21 11:29:00,49.555,49.555,49.555,49.555,196.0,CALX
2023-06-21 11:27:00,49.5,49.53,49.5,49.525,683.0,CALX
2023-06-21 11:26:00,49.5,49.5,49.5,49.5,184.0,CALX
2023-06-21 11:25:00,49.48,49.48,49.48,49.48,102.0,CALX
2023-06-21 11:24:00,49.47,49.5,49.43,49.43,2430.0,CALX
2023-06-21 11:23:00,49.41,49.43,49.35,49.43,3698.0,CALX
2023-06-21 11:22:00,49.29,49.35,49.19,49.35,3256.0,CALX
2023-06-21 11:20:00,49.07,49.23,49.07,49.23,466.0,CALX
2023-06-21 11:19:00,49.18,49.19,49.045,49.08,4915.0,CALX
2023-06-21 11:18:00,49.225,49.225,49.225,49.225,280.0,CALX
2023-06-21 11:17:00,49.24,49.29,49.195,49.2,3071.0,CALX
2023-06-21 11:16:00,49.285,49.285,49.285,49.285,460.0,CALX
2023-06-21 11:15:00,49.27,49.31,49.225,49.265,1401.0,CALX
2023-06-21 11:14:00,49.23,49.3,49.165,49.29,3489.0,CALX
2023-06-21 11:13:00,49.14,49.16,49.14,49.16,506.0,CALX
2023-06-21 11:12:00,49.1,49.11,49.1,49.105,1206.0,CALX
2023-06-21 11:11:00,49.04,49.08,49.02,49.019,800.0,CALX
2023-06-21 11:10:00,48.96,49.03,48.96,49.03,1062.0,CALX
2023-06-21 11:09:00,48.945,48.97,48.935,48.96,1309.0,CALX
2023-06-21 11:08:00,48.99,48.99,48.94,48.96,1306.0,CALX
2023-06-21 11:07:00,49.04,49.04,48.99,48.99,726.0,CALX
2023-06-21 11:06:00,49.06,49.065,49.04,49.06,1673.0,CALX
2023-06-21 11:05:00,49.06,49.105,49.06,49.07,355.0,CALX
2023-06-21 11:04:00,49.12,49.12,49.08,49.1,2543.0,CALX
2023-06-21 11:03:00,49.22,49.23,49.14,49.23,477.0,CALX
2023-06-21 11:02:00,49.165,49.165,49.165,49.165,104.0,CALX
2023-06-21 11:01:00,49.165,49.165,49.165,49.165,258.0,CALX
2023-06-21 11:00:00,49.095,49.25,49.095,49.185,2766.0,CALX
2023-06-21 10:59:00,49.0,49.13,49.0,49.095,4738.0,CALX
2023-06-21 10:58:00,49.07,49.07,49.0,49.05,744.0,CALX
2023-06-21 10:57:00,49.01,49.02,48.925,48.925,1453.0,CALX
2023-06-21 10:56:00,48.93,48.94,48.93,48.94,633.0,CALX
2023-06-21 10:55:00,48.98,49.01,48.98,49.01,666.0,CALX
2023-06-21 10:54:00,48.91,49.0,48.9,49.0,1204.0,CALX
2023-06-21 10:53:00,48.92,48.92,48.82,48.82,1289.0,CALX
2023-06-21 10:52:00,48.98,48.98,48.92,48.92,1648.0,CALX
2023-06-21 10:50:00,49.07,49.07,49.07,49.07,176.0,CALX
2023-06-21 10:49:00,49.07,49.07,49.07,49.07,212.0,CALX
2023-06-21 10:47:00,48.89,49.0,48.85,48.99,3715.0,CALX
2023-06-21 10:46:00,48.845,48.85,48.845,48.85,1044.0,CALX
2023-06-21 10:45:00,48.85,48.85,48.83,48.83,802.0,CALX
2023-06-21 10:44:00,48.97,48.97,48.92,48.92,601.0,CALX
2023-06-21 10:43:00,49.01,49.01,48.99,48.99,1038.0,CALX
2023-06-21 10:42:00,49.09,49.09,49.09,49.09,468.0,CALX
2023-06-21 10:41:00,49.15,49.15,49.15,49.15,228.0,CALX
2023-06-21 10:40:00,49.265,49.265,49.18,49.18,701.0,CALX
2023-06-21 10:38:00,49.27,49.3,49.21,49.21,1869.0,CALX
2023-06-21 10:37:00,49.26,49.27,49.255,49.255,520.0,CALX
2023-06-21 10:35:00,49.38,49.38,49.29,49.29,1122.0,CALX
2023-06-21 10:34:00,49.4,49.425,49.36,49.425,13948.0,CALX
2023-06-21 10:33:00,49.34,49.36,49.34,49.36,1316.0,CALX
2023-06-21 10:31:00,49.31,49.32,49.27,49.32,1405.0,CALX
2023-06-21 10:30:00,49.34,49.4,49.3,49.34,3502.0,CALX
2023-06-21 10:29:00,49.36,49.41,49.29,49.39,3400.0,CALX
2023-06-21 10:28:00,49.32,49.34,49.285,49.32,2542.0,CALX
2023-06-21 10:27:00,49.27,49.32,49.225,49.32,1849.0,CALX
2023-06-21 10:26:00,49.22,49.22,49.19,49.19,595.0,CALX
2023-06-21 10:25:00,49.25,49.25,49.2,49.23,845.0,CALX
2023-06-21 10:24:00,49.53,49.535,49.25,49.25,4235.0,CALX
2023-06-21 10:23:00,49.515,49.515,49.515,49.515,100.0,CALX
2023-06-21 10:22:00,49.62,49.62,49.57,49.57,1124.0,CALX
2023-06-21 10:21:00,49.675,49.675,49.675,49.675,538.0,CALX
2023-06-21 10:19:00,49.67,49.67,49.63,49.65,1228.0,CALX
2023-06-21 10:17:00,49.71,49.71,49.7,49.7,1664.0,CALX
2023-06-21 10:15:00,49.56,49.74,49.56,49.72,1978.0,CALX
2023-06-21 10:14:00,49.455,49.56,49.45,49.56,2872.0,CALX
2023-06-21 10:13:00,49.45,49.45,49.45,49.45,225.0,CALX
2023-06-21 10:12:00,49.32,49.47,49.32,49.4,5172.0,CALX
2023-06-21 10:11:00,49.28,49.3,49.19,49.3,2459.0,CALX
2023-06-21 10:10:00,49.36,49.36,49.36,49.36,544.0,CALX
2023-06-21 10:08:00,49.29,49.29,49.26,49.26,877.0,CALX
2023-06-21 10:06:00,49.33,49.35,49.295,49.295,892.0,CALX
2023-06-21 10:05:00,49.426,49.426,49.426,49.426,298.0,CALX
2023-06-21 10:04:00,49.43,49.43,49.331,49.4,1053.0,CALX
2023-06-21 10:03:00,49.34,49.43,49.34,49.43,615.0,CALX
2023-06-21 10:02:00,49.32,49.38,49.32,49.36,768.0,CALX
2023-06-21 10:01:00,49.29,49.29,49.25,49.25,1102.0,CALX
2023-06-21 10:00:00,49.465,49.465,49.4,49.4,1101.0,CALX
2023-06-21 09:59:00,49.455,49.455,49.455,49.455,119.0,CALX
2023-06-21 09:58:00,49.4,49.465,49.355,49.43,615.0,CALX
2023-06-21 09:57:00,49.43,49.43,49.4,49.4,725.0,CALX
2023-06-21 09:56:00,49.51,49.51,49.51,49.51,101.0,CALX
2023-06-21 09:55:00,49.45,49.505,49.45,49.505,2325.0,CALX
2023-06-21 09:52:00,49.4,49.4,49.4,49.4,852.0,CALX
2023-06-21 09:51:00,49.59,49.6,49.39,49.5,5598.0,CALX
2023-06-21 09:49:00,49.37,49.37,49.37,49.37,119.0,CALX
2023-06-21 09:48:00,49.284,49.49,49.284,49.49,767.0,CALX
2023-06-21 09:47:00,49.32,49.32,49.32,49.32,288.0,CALX
2023-06-21 09:46:00,49.24,49.24,49.24,49.24,125.0,CALX
2023-06-21 09:45:00,49.225,49.225,49.225,49.225,229.0,CALX
2023-06-21 09:43:00,49.22,49.32,49.13,49.13,635.0,CALX
2023-06-21 09:40:00,49.37,49.37,49.29,49.29,404.0,CALX
2023-06-21 09:39:00,49.25,49.26,49.25,49.26,468.0,CALX
2023-06-21 09:38:00,49.425,49.425,49.42,49.42,341.0,CALX
2023-06-21 09:36:00,49.415,49.415,49.415,49.415,152.0,CALX
2023-06-21 09:35:00,49.225,49.225,49.225,49.225,103.0,CALX
2023-06-21 09:33:00,49.43,49.43,49.145,49.2,2562.0,CALX
2023-06-21 09:32:00,49.535,49.62,49.395,49.395,1188.0,CALX
2023-06-21 09:31:00,49.34,49.34,49.34,49.34,309.0,CALX
2023-06-21 09:30:00,49.8,49.8,49.415,49.415,6111.0,CALX
2023-06-21 09:29:00,49.89,49.89,49.89,49.89,100.0,CALX
2023-06-21 08:31:00,50.28,50.28,50.28,50.28,1.0,CALX
2023-06-21 08:18:00,50.38,50.38,50.38,50.38,1.0,CALX
2023-06-20 19:00:00,50.38,50.38,50.38,50.38,79017.0,CALX
2023-06-20 18:30:00,50.38,50.38,50.38,50.38,79017.0,CALX
2023-06-20 17:01:00,50.38,50.49,50.38,50.49,50.0,CALX
2023-06-20 17:00:00,50.38,50.38,50.38,50.38,2.0,CALX
2023-06-20 16:58:00,50.38,50.38,50.38,50.38,10183.0,CALX
2023-06-20 16:10:00,50.38,50.38,50.38,50.38,79017.0,CALX
2023-06-20 16:06:00,50.02,50.02,50.02,50.02,1.0,CALX
2023-06-20 16:01:00,50.38,50.38,50.38,50.38,606.0,CALX
2023-06-20 16:00:00,50.41,50.41,50.38,50.38,172351.0,CALX
2023-06-20 15:59:00,50.34,50.41,50.32,50.41,15009.0,CALX
2023-06-20 15:58:00,50.37,50.37,50.34,50.34,2818.0,CALX
2023-06-20 15:57:00,50.4,50.4,50.36,50.375,4283.0,CALX
2023-06-20 15:56:00,50.39,50.41,50.39,50.41,4090.0,CALX
2023-06-20 15:55:00,50.38,50.4,50.37,50.39,3725.0,CALX
2023-06-20 15:54:00,50.44,50.45,50.36,50.39,4704.0,CALX
2023-06-20 15:53:00,50.45,50.45,50.43,50.43,1951.0,CALX
2023-06-20 15:52:00,50.43,50.44,50.43,50.44,1515.0,CALX
2023-06-20 15:51:00,50.45,50.45,50.42,50.43,1709.0,CALX
2023-06-20 15:50:00,50.44,50.48,50.44,50.45,4648.0,CALX
2023-06-20 15:49:00,50.4,50.42,50.4,50.42,2042.0,CALX
2023-06-20 15:47:00,50.38,50.39,50.36,50.39,1221.0,CALX
2023-06-20 15:46:00,50.39,50.39,50.365,50.38,3166.0,CALX
2023-06-20 15:45:00,50.425,50.425,50.4,50.4,2615.0,CALX
2023-06-20 15:44:00,50.39,50.425,50.39,50.425,2975.0,CALX
2023-06-20 15:43:00,50.39,50.39,50.39,50.39,1190.0,CALX
2023-06-20 15:42:00,50.38,50.38,50.38,50.38,278.0,CALX
2023-06-20 15:41:00,50.34,50.36,50.34,50.36,1043.0,CALX
2023-06-20 15:40:00,50.34,50.35,50.34,50.35,357.0,CALX
2023-06-20 15:39:00,50.34,50.34,50.34,50.34,1106.0,CALX
2023-06-20 15:38:00,50.37,50.37,50.36,50.36,907.0,CALX
2023-06-20 15:37:00,50.35,50.38,50.35,50.38,931.0,CALX
2023-06-20 15:35:00,50.35,50.35,50.35,50.35,183.0,CALX
2023-06-20 15:34:00,50.3,50.35,50.3,50.35,1318.0,CALX
2023-06-20 15:33:00,50.3,50.3,50.28,50.29,663.0,CALX
2023-06-20 15:31:00,50.395,50.41,50.31,50.31,3470.0,CALX
2023-06-20 15:30:00,50.35,50.35,50.35,50.35,505.0,CALX
2023-06-20 15:29:00,50.34,50.34,50.34,50.34,772.0,CALX
2023-06-20 15:28:00,50.31,50.31,50.31,50.31,178.0,CALX
2023-06-20 15:27:00,50.32,50.32,50.32,50.32,198.0,CALX
2023-06-20 15:26:00,50.33,50.33,50.33,50.33,521.0,CALX
2023-06-20 15:25:00,50.345,50.345,50.345,50.345,171.0,CALX
2023-06-20 15:24:00,50.33,50.33,50.33,50.33,317.0,CALX
2023-06-20 15:23:00,50.3,50.3,50.29,50.3,527.0,CALX
2023-06-20 15:22:00,50.26,50.28,50.26,50.28,994.0,CALX
2023-06-20 15:19:00,50.32,50.32,50.19,50.23,5850.0,CALX
2023-06-20 15:18:00,50.3,50.345,50.3,50.34,1066.0,CALX
2023-06-20 15:17:00,50.33,50.33,50.32,50.32,1030.0,CALX
2023-06-20 15:13:00,50.35,50.35,50.34,50.34,256.0,CALX
2023-06-20 15:11:00,50.3,50.3,50.3,50.3,207.0,CALX
2023-06-20 15:10:00,50.34,50.36,50.26,50.26,2190.0,CALX
2023-06-20 15:09:00,50.3,50.3,50.3,50.3,9236.0,CALX
2023-06-20 15:08:00,50.31,50.31,50.31,50.31,533.0,CALX
2023-06-20 15:06:00,50.36,50.36,50.32,50.32,1949.0,CALX
2023-06-20 15:03:00,50.38,50.38,50.38,50.38,370.0,CALX
2023-06-20 15:02:00,50.38,50.38,50.38,50.38,375.0,CALX
2023-06-20 15:01:00,50.365,50.365,50.365,50.365,188.0,CALX
2023-06-20 14:59:00,50.35,50.35,50.34,50.34,632.0,CALX
2023-06-20 14:58:00,50.34,50.36,50.32,50.35,1274.0,CALX
2023-06-20 14:56:00,50.255,50.305,50.255,50.305,847.0,CALX
2023-06-20 14:52:00,50.32,50.32,50.23,50.245,6509.0,CALX
2023-06-20 14:50:00,50.34,50.34,50.33,50.33,495.0,CALX
2023-06-20 14:49:00,50.32,50.32,50.32,50.32,218.0,CALX
2023-06-20 14:46:00,50.305,50.305,50.305,50.305,188.0,CALX
2023-06-20 14:44:00,50.21,50.25,50.21,50.25,881.0,CALX
2023-06-20 14:42:00,50.255,50.255,50.22,50.22,1304.0,CALX
2023-06-20 14:41:00,50.29,50.29,50.26,50.26,759.0,CALX
2023-06-20 14:40:00,50.32,50.32,50.292,50.292,967.0,CALX
2023-06-20 14:38:00,50.34,50.34,50.34,50.34,695.0,CALX
2023-06-20 14:37:00,50.36,50.36,50.31,50.31,1039.0,CALX
2023-06-20 14:34:00,50.41,50.41,50.4,50.4,988.0,CALX
2023-06-20 14:33:00,50.48,50.48,50.44,50.44,1758.0,CALX
2023-06-20 14:32:00,50.46,50.46,50.46,50.46,479.0,CALX
2023-06-20 14:31:00,50.445,50.445,50.445,50.445,256.0,CALX
2023-06-20 14:30:00,50.44,50.48,50.43,50.48,2296.0,CALX
2023-06-20 14:28:00,50.44,50.44,50.415,50.415,513.0,CALX
2023-06-20 14:27:00,50.44,50.44,50.44,50.44,130.0,CALX
2023-06-20 14:26:00,50.44,50.44,50.44,50.44,1057.0,CALX
2023-06-20 14:25:00,50.43,50.45,50.43,50.45,322.0,CALX
2023-06-20 14:24:00,50.38,50.38,50.38,50.38,360.0,CALX
2023-06-20 14:23:00,50.39,50.39,50.37,50.38,2771.0,CALX
2023-06-20 14:22:00,50.42,50.42,50.42,50.42,116.0,CALX
2023-06-20 14:21:00,50.42,50.42,50.42,50.42,118.0,CALX
2023-06-20 14:19:00,50.35,50.365,50.35,50.365,1480.0,CALX
2023-06-20 14:18:00,50.34,50.34,50.34,50.34,235.0,CALX
2023-06-20 14:17:00,50.33,50.33,50.33,50.33,395.0,CALX
2023-06-20 14:15:00,50.365,50.365,50.365,50.365,253.0,CALX
2023-06-20 14:14:00,50.36,50.36,50.36,50.36,321.0,CALX
2023-06-20 14:13:00,50.36,50.36,50.36,50.36,276.0,CALX
2023-06-20 14:12:00,50.45,50.45,50.38,50.38,13329.0,CALX
2023-06-20 14:10:00,50.4,50.4,50.4,50.4,223.0,CALX
2023-06-20 14:08:00,50.4,50.42,50.4,50.42,664.0,CALX
2023-06-20 14:07:00,50.39,50.39,50.39,50.39,311.0,CALX
2023-06-20 14:05:00,50.405,50.405,50.405,50.405,389.0,CALX
2023-06-20 14:04:00,50.41,50.41,50.405,50.405,629.0,CALX
2023-06-20 14:03:00,50.46,50.46,50.415,50.415,976.0,CALX
2023-06-20 14:01:00,50.435,50.47,50.435,50.445,573.0,CALX
2023-06-20 13:59:00,50.45,50.45,50.45,50.45,648.0,CALX
2023-06-20 13:58:00,50.485,50.485,50.44,50.44,538.0,CALX
2023-06-20 13:56:00,50.57,50.57,50.47,50.47,3295.0,CALX
2023-06-20 13:55:00,50.6,50.6,50.6,50.6,322.0,CALX
2023-06-20 13:53:00,50.6,50.6,50.6,50.6,386.0,CALX
2023-06-20 13:51:00,50.62,50.62,50.585,50.59,2978.0,CALX
2023-06-20 13:50:00,50.62,50.628,50.62,50.628,657.0,CALX
2023-06-20 13:48:00,50.61,50.61,50.61,50.61,171.0,CALX
2023-06-20 13:46:00,50.64,50.64,50.62,50.62,234.0,CALX
2023-06-20 13:44:00,50.62,50.63,50.6,50.625,2786.0,CALX
2023-06-20 13:40:00,50.65,50.65,50.645,50.645,1246.0,CALX
2023-06-20 13:38:00,50.64,50.64,50.63,50.635,830.0,CALX
2023-06-20 13:36:00,50.665,50.665,50.665,50.665,223.0,CALX
2023-06-20 13:32:00,50.67,50.67,50.65,50.65,790.0,CALX
2023-06-20 13:31:00,50.67,50.71,50.67,50.7,2056.0,CALX
2023-06-20 13:29:00,50.64,50.64,50.64,50.64,686.0,CALX
2023-06-20 13:28:00,50.67,50.67,50.67,50.67,431.0,CALX
2023-06-20 13:25:00,50.67,50.67,50.67,50.67,105.0,CALX
2023-06-20 13:24:00,50.67,50.67,50.67,50.67,483.0,CALX
2023-06-20 13:23:00,50.65,50.65,50.65,50.65,226.0,CALX
2023-06-20 13:22:00,50.7,50.7,50.65,50.68,8965.0,CALX
2023-06-20 13:20:00,50.6,50.6,50.6,50.6,618.0,CALX
2023-06-20 13:19:00,50.57,50.57,50.57,50.57,437.0,CALX
2023-06-20 13:17:00,50.59,50.6,50.59,50.6,1714.0,CALX
2023-06-20 13:16:00,50.7,50.74,50.61,50.61,4388.0,CALX
2023-06-20 13:14:00,50.67,50.711,50.67,50.711,653.0,CALX
2023-06-20 13:10:00,50.64,50.64,50.64,50.64,180.0,CALX
2023-06-20 13:09:00,50.619,50.619,50.619,50.619,136.0,CALX
2023-06-20 13:07:00,50.61,50.61,50.61,50.61,462.0,CALX
2023-06-20 13:03:00,50.586,50.586,50.586,50.586,345.0,CALX
2023-06-20 13:01:00,50.62,50.64,50.62,50.64,462.0,CALX
2023-06-20 13:00:00,50.81,50.81,50.63,50.63,3463.0,CALX
2023-06-20 12:59:00,50.73,50.73,50.73,50.73,215.0,CALX
2023-06-20 12:58:00,50.66,50.71,50.66,50.67,2532.0,CALX
2023-06-20 12:56:00,50.593,50.593,50.593,50.593,1383.0,CALX
2023-06-20 12:53:00,50.48,50.54,50.48,50.54,739.0,CALX
2023-06-20 12:52:00,50.46,50.47,50.46,50.47,820.0,CALX
2023-06-20 12:49:00,50.41,50.41,50.41,50.41,120.0,CALX
2023-06-20 12:36:00,50.34,50.34,50.34,50.34,399.0,CALX
2023-06-20 12:35:00,50.33,50.33,50.33,50.33,502.0,CALX
2023-06-20 12:34:00,50.31,50.31,50.27,50.29,1654.0,CALX
2023-06-20 12:31:00,50.32,50.32,50.3,50.3,1082.0,CALX
2023-06-20 12:30:00,50.32,50.32,50.31,50.31,541.0,CALX
2023-06-20 12:29:00,50.35,50.35,50.34,50.34,653.0,CALX
2023-06-20 12:27:00,50.391,50.391,50.391,50.391,565.0,CALX
2023-06-20 12:26:00,50.34,50.47,50.34,50.47,5954.0,CALX
2023-06-20 12:25:00,50.3,50.3,50.3,50.3,272.0,CALX
2023-06-20 12:24:00,50.25,50.255,50.25,50.255,992.0,CALX
2023-06-20 12:23:00,50.27,50.27,50.26,50.26,452.0,CALX
2023-06-20 12:21:00,50.27,50.28,50.27,50.28,564.0,CALX
2023-06-20 12:19:00,50.3,50.3,50.3,50.3,229.0,CALX
2023-06-20 12:18:00,50.35,50.37,50.3,50.3,2248.0,CALX
2023-06-20 12:17:00,50.42,50.42,50.37,50.37,810.0,CALX
2023-06-20 12:16:00,50.45,50.45,50.44,50.44,831.0,CALX
2023-06-20 12:15:00,50.48,50.48,50.48,50.48,407.0,CALX
2023-06-20 12:14:00,50.505,50.505,50.505,50.505,486.0,CALX
2023-06-20 12:13:00,50.46,50.51,50.46,50.505,531.0,CALX
2023-06-20 12:12:00,50.37,50.37,50.37,50.37,1084.0,CALX
2023-06-20 12:11:00,50.38,50.38,50.38,50.38,236.0,CALX
2023-06-20 12:10:00,50.34,50.37,50.34,50.37,285.0,CALX
2023-06-20 12:07:00,50.34,50.34,50.31,50.31,934.0,CALX
2023-06-20 12:04:00,50.32,50.32,50.3,50.307,1094.0,CALX
2023-06-20 12:03:00,50.38,50.38,50.38,50.38,324.0,CALX
2023-06-20 12:02:00,50.39,50.39,50.39,50.39,100.0,CALX
2023-06-20 12:01:00,50.43,50.43,50.4,50.4,333.0,CALX
2023-06-20 11:58:00,50.47,50.47,50.44,50.44,940.0,CALX
2023-06-20 11:57:00,50.504,50.504,50.504,50.504,376.0,CALX
2023-06-20 11:56:00,50.625,50.625,50.51,50.51,1367.0,CALX
2023-06-20 11:55:00,50.58,50.58,50.58,50.58,282.0,CALX
2023-06-20 11:54:00,50.545,50.545,50.545,50.545,105.0,CALX
2023-06-20 11:53:00,50.55,50.55,50.54,50.54,424.0,CALX
2023-06-20 11:52:00,50.53,50.53,50.53,50.53,543.0,CALX
2023-06-20 11:49:00,50.5,50.5,50.5,50.5,290.0,CALX
2023-06-20 11:48:00,50.505,50.505,50.505,50.505,149.0,CALX
2023-06-20 11:47:00,50.5,50.51,50.48,50.49,2123.0,CALX
2023-06-20 11:44:00,50.58,50.58,50.55,50.55,723.0,CALX
2023-06-20 11:43:00,50.605,50.605,50.605,50.605,151.0,CALX
2023-06-20 11:42:00,50.64,50.64,50.64,50.64,284.0,CALX
2023-06-20 11:41:00,50.595,50.64,50.595,50.61,1569.0,CALX
2023-06-20 11:36:00,50.54,50.54,50.54,50.54,468.0,CALX
2023-06-20 11:33:00,50.55,50.55,50.55,50.55,225.0,CALX
2023-06-20 11:32:00,50.54,50.54,50.54,50.54,493.0,CALX
2023-06-20 11:31:00,50.46,50.46,50.46,50.46,517.0,CALX
2023-06-20 11:30:00,50.46,50.46,50.46,50.46,592.0,CALX
2023-06-20 11:28:00,50.44,50.44,50.44,50.44,452.0,CALX
2023-06-20 11:27:00,50.403,50.44,50.403,50.44,585.0,CALX
2023-06-20 11:26:00,50.39,50.39,50.39,50.39,248.0,CALX
2023-06-20 11:25:00,50.35,50.35,50.35,50.35,129.0,CALX
2023-06-20 11:24:00,50.4,50.4,50.4,50.4,262.0,CALX
2023-06-20 11:23:00,50.41,50.43,50.39,50.393,1109.0,CALX
2023-06-20 11:22:00,50.47,50.47,50.41,50.41,1213.0,CALX
2023-06-20 11:20:00,50.435,50.435,50.435,50.435,572.0,CALX
2023-06-20 11:19:00,50.44,50.44,50.44,50.44,172.0,CALX
2023-06-20 11:18:00,50.38,50.4,50.38,50.4,790.0,CALX
2023-06-20 11:17:00,50.4,50.4,50.4,50.4,202.0,CALX
2023-06-20 11:16:00,50.34,50.34,50.325,50.34,1018.0,CALX
2023-06-20 11:15:00,50.3,50.31,50.3,50.31,4246.0,CALX
2023-06-20 11:14:00,50.31,50.31,50.303,50.303,794.0,CALX
2023-06-20 11:12:00,50.3,50.32,50.3,50.32,2090.0,CALX
2023-06-20 11:11:00,50.3,50.3,50.3,50.3,921.0,CALX
2023-06-20 11:08:00,50.3,50.3,50.3,50.3,1142.0,CALX
2023-06-20 11:07:00,50.3,50.3,50.3,50.3,482.0,CALX
2023-06-20 11:06:00,50.25,50.28,50.25,50.25,562.0,CALX
2023-06-20 11:04:00,50.21,50.21,50.21,50.21,279.0,CALX
2023-06-20 11:03:00,50.23,50.23,50.23,50.23,234.0,CALX
2023-06-20 11:01:00,50.17,50.17,50.16,50.16,486.0,CALX
2023-06-20 11:00:00,50.195,50.195,50.195,50.195,362.0,CALX
2023-06-20 10:59:00,50.12,50.14,50.12,50.14,364.0,CALX
2023-06-20 10:58:00,50.15,50.15,50.15,50.15,476.0,CALX
2023-06-20 10:57:00,50.22,50.22,50.22,50.22,462.0,CALX
2023-06-20 10:56:00,50.16,50.16,50.16,50.16,635.0,CALX
2023-06-20 10:53:00,50.1,50.12,50.1,50.12,329.0,CALX
2023-06-20 10:51:00,50.13,50.13,50.13,50.13,299.0,CALX
2023-06-20 10:48:00,50.16,50.16,50.16,50.16,538.0,CALX
2023-06-20 10:43:00,50.245,50.245,50.245,50.245,110.0,CALX
2023-06-20 10:41:00,50.25,50.25,50.25,50.25,538.0,CALX
2023-06-20 10:40:00,50.24,50.25,50.18,50.22,3193.0,CALX
2023-06-20 10:37:00,50.26,50.26,50.25,50.25,698.0,CALX
2023-06-20 10:36:00,50.32,50.32,50.32,50.32,359.0,CALX
2023-06-20 10:31:00,50.16,50.18,50.16,50.18,1016.0,CALX
2023-06-20 10:30:00,50.02,50.1,50.02,50.1,562.0,CALX
2023-06-20 10:29:00,49.99,49.99,49.99,49.99,499.0,CALX
2023-06-20 10:26:00,50.1,50.1,50.1,50.1,431.0,CALX
2023-06-20 10:24:00,50.23,50.23,50.23,50.23,263.0,CALX
2023-06-20 10:22:00,50.185,50.22,50.142,50.16,1724.0,CALX
2023-06-20 10:20:00,50.25,50.25,50.161,50.25,2249.0,CALX
2023-06-20 10:19:00,50.3,50.3,50.3,50.3,118.0,CALX
2023-06-20 10:15:00,50.39,50.39,50.35,50.35,600.0,CALX
2023-06-20 10:14:00,50.455,50.455,50.45,50.45,244.0,CALX
2023-06-20 10:13:00,50.49,50.49,50.44,50.48,964.0,CALX
2023-06-20 10:11:00,50.54,50.54,50.54,50.54,282.0,CALX
2023-06-20 10:10:00,50.55,50.56,50.55,50.55,796.0,CALX
2023-06-20 10:09:00,50.46,50.51,50.46,50.49,958.0,CALX
2023-06-20 10:04:00,50.535,50.535,50.535,50.535,106.0,CALX
2023-06-20 10:00:00,50.57,50.6,50.56,50.57,679.0,CALX
2023-06-20 09:58:00,50.73,50.73,50.73,50.73,730.0,CALX
2023-06-20 09:57:00,50.72,50.72,50.72,50.72,181.0,CALX
2023-06-20 09:56:00,50.73,50.73,50.73,50.73,198.0,CALX
2023-06-20 09:55:00,50.66,50.77,50.66,50.74,7809.0,CALX
2023-06-20 09:53:00,50.79,50.79,50.79,50.79,337.0,CALX
2023-06-20 09:52:00,50.55,50.76,50.54,50.76,2478.0,CALX
2023-06-20 09:49:00,50.61,50.61,50.61,50.61,271.0,CALX
2023-06-20 09:48:00,50.515,50.58,50.45,50.515,1870.0,CALX
2023-06-20 09:46:00,50.54,50.54,50.54,50.54,370.0,CALX
2023-06-20 09:45:00,50.585,50.585,50.49,50.49,1592.0,CALX
2023-06-20 09:42:00,50.587,50.587,50.587,50.587,318.0,CALX
2023-06-20 09:33:00,50.45,50.45,50.45,50.45,437.0,CALX
2023-06-20 09:32:00,50.2,50.42,50.16,50.2,4212.0,CALX
2023-06-20 09:31:00,50.345,50.345,50.16,50.16,228.0,CALX
2023-06-20 09:30:00,50.22,50.22,50.22,50.22,1927.0,CALX
2023-06-20 07:00:00,50.77,50.77,50.77,50.77,5.0,CALX
2023-06-16 19:00:00,50.77,50.77,50.77,50.77,249928.0,CALX
2023-06-16 18:30:00,50.77,50.77,50.77,50.77,249928.0,CALX
2023-06-16 17:15:00,51.14,51.14,51.14,51.14,1.0,CALX
2023-06-16 16:50:00,50.77,50.77,50.77,50.77,1437.0,CALX
2023-06-16 16:23:00,50.77,50.77,50.77,50.77,55947.0,CALX
2023-06-16 16:14:00,50.77,50.77,50.77,50.77,5633.0,CALX
2023-06-16 16:10:00,50.77,50.77,50.77,50.77,249928.0,CALX
2023-06-16 16:09:00,50.77,50.77,50.77,50.77,1131.0,CALX
2023-06-16 16:08:00,50.77,50.775,50.77,50.775,1591.0,CALX
2023-06-16 16:06:00,50.39,50.39,50.39,50.39,1.0,CALX
2023-06-16 16:04:00,50.77,50.77,50.77,50.77,1934.0,CALX
2023-06-16 16:03:00,50.77,50.77,50.77,50.77,667.0,CALX
2023-06-16 16:02:00,50.77,50.776,50.764,50.764,12784.0,CALX
2023-06-16 16:01:00,50.77,50.77,50.77,50.77,950.0,CALX
2023-06-16 16:00:00,50.76,50.77,50.76,50.77,514313.0,CALX
2023-06-16 15:59:00,50.84,50.84,50.71,50.76,34033.0,CALX
2023-06-16 15:58:00,50.87,50.88,50.84,50.84,6213.0,CALX
2023-06-16 15:57:00,50.87,50.89,50.84,50.875,16228.0,CALX
2023-06-16 15:56:00,50.88,50.88,50.85,50.85,4121.0,CALX
2023-06-16 15:55:00,50.93,50.93,50.86,50.88,5074.0,CALX
2023-06-16 15:54:00,50.94,50.95,50.92,50.935,4809.0,CALX
2023-06-16 15:53:00,50.96,50.98,50.93,50.93,4518.0,CALX
2023-06-16 15:52:00,51.0,51.0,50.95,50.95,4983.0,CALX
2023-06-16 15:51:00,51.02,51.04,51.02,51.04,3698.0,CALX
2023-06-16 15:50:00,50.98,51.07,50.98,51.04,6757.0,CALX
2023-06-16 15:49:00,51.02,51.02,50.89,50.98,10427.0,CALX
2023-06-16 15:48:00,50.93,51.03,50.928,51.03,4142.0,CALX
2023-06-16 15:47:00,50.96,50.96,50.92,50.94,5152.0,CALX
2023-06-16 15:46:00,50.9,50.9,50.9,50.9,945.0,CALX
2023-06-16 15:45:00,50.825,50.88,50.815,50.88,9858.0,CALX
2023-06-16 15:44:00,50.85,50.85,50.83,50.83,2228.0,CALX
2023-06-16 15:43:00,50.84,50.84,50.84,50.84,470.0,CALX
2023-06-16 15:41:00,50.79,50.82,50.79,50.82,1804.0,CALX
2023-06-16 15:40:00,50.89,50.89,50.83,50.83,2642.0,CALX
2023-06-16 15:37:00,50.83,50.87,50.827,50.85,2206.0,CALX
2023-06-16 15:36:00,50.85,50.85,50.83,50.83,1851.0,CALX
2023-06-16 15:35:00,50.9,50.9,50.86,50.86,1453.0,CALX
2023-06-16 15:34:00,50.88,50.88,50.88,50.88,321.0,CALX
2023-06-16 15:33:00,50.87,50.87,50.846,50.855,2262.0,CALX
2023-06-16 15:32:00,50.83,50.87,50.83,50.84,1228.0,CALX
2023-06-16 15:30:00,50.83,50.86,50.82,50.825,1799.0,CALX
2023-06-16 15:29:00,50.81,50.81,50.8,50.81,885.0,CALX
2023-06-16 15:28:00,50.83,50.83,50.8,50.8,1233.0,CALX
2023-06-16 15:27:00,50.84,50.84,50.835,50.835,926.0,CALX
2023-06-16 15:26:00,50.84,50.84,50.82,50.82,509.0,CALX
2023-06-16 15:25:00,50.87,50.87,50.855,50.855,1053.0,CALX
2023-06-16 15:24:00,50.91,50.91,50.89,50.89,434.0,CALX
2023-06-16 15:22:00,50.815,50.92,50.815,50.92,2843.0,CALX
2023-06-16 15:21:00,50.83,50.83,50.82,50.82,1281.0,CALX
2023-06-16 15:20:00,50.95,50.95,50.83,50.83,3284.0,CALX
2023-06-16 15:19:00,50.92,50.92,50.92,50.92,319.0,CALX
2023-06-16 15:18:00,50.92,50.92,50.92,50.92,863.0,CALX
2023-06-16 15:17:00,50.97,50.97,50.97,50.97,442.0,CALX
2023-06-16 15:15:00,50.91,50.97,50.91,50.97,776.0,CALX
2023-06-16 15:14:00,50.93,50.94,50.89,50.91,3336.0,CALX
2023-06-16 15:13:00,50.92,50.925,50.92,50.925,889.0,CALX
2023-06-16 15:12:00,50.92,50.92,50.92,50.92,361.0,CALX
2023-06-16 15:11:00,50.9,50.93,50.89,50.89,1533.0,CALX
2023-06-16 15:10:00,50.95,50.99,50.945,50.945,1854.0,CALX
2023-06-16 15:08:00,50.87,50.95,50.87,50.93,1142.0,CALX
2023-06-16 15:07:00,50.86,50.88,50.86,50.88,747.0,CALX
2023-06-16 15:06:00,50.845,50.905,50.845,50.905,1065.0,CALX
2023-06-16 15:05:00,51.01,51.03,50.81,50.82,10945.0,CALX
2023-06-16 15:04:00,50.93,51.03,50.93,51.01,1686.0,CALX
2023-06-16 15:03:00,50.93,50.93,50.93,50.93,820.0,CALX
2023-06-16 15:02:00,50.93,50.93,50.895,50.93,2595.0,CALX
2023-06-16 15:01:00,50.92,50.938,50.92,50.938,943.0,CALX
2023-06-16 15:00:00,50.92,50.95,50.915,50.915,957.0,CALX
2023-06-16 14:59:00,50.92,50.92,50.92,50.92,1113.0,CALX
2023-06-16 14:58:00,50.92,50.92,50.915,50.915,512.0,CALX
2023-06-16 14:57:00,50.85,50.91,50.85,50.91,1118.0,CALX
2023-06-16 14:56:00,50.85,50.94,50.83,50.89,3305.0,CALX
2023-06-16 14:55:00,50.92,50.92,50.86,50.86,1296.0,CALX
2023-06-16 14:54:00,50.945,50.95,50.92,50.93,1934.0,CALX
2023-06-16 14:53:00,50.87,50.93,50.82,50.93,3833.0,CALX
2023-06-16 14:52:00,51.08,51.11,50.87,50.87,6156.0,CALX
2023-06-16 14:51:00,51.03,51.14,51.03,51.14,1444.0,CALX
2023-06-16 14:50:00,51.05,51.05,50.99,51.01,2782.0,CALX
2023-06-16 14:49:00,51.0,51.03,50.96,51.03,2100.0,CALX
2023-06-16 14:48:00,50.9,50.95,50.9,50.93,772.0,CALX
2023-06-16 14:47:00,50.87,50.9,50.87,50.9,963.0,CALX
2023-06-16 14:46:00,50.77,50.81,50.77,50.81,818.0,CALX
2023-06-16 14:45:00,50.71,50.76,50.71,50.76,2203.0,CALX
2023-06-16 14:44:00,50.68,50.68,50.68,50.68,1016.0,CALX
2023-06-16 14:43:00,50.585,50.67,50.585,50.67,1862.0,CALX
2023-06-16 14:41:00,50.65,50.65,50.59,50.59,1354.0,CALX
2023-06-16 14:40:00,50.66,50.66,50.66,50.66,857.0,CALX
2023-06-16 14:39:00,50.68,50.68,50.68,50.68,167.0,CALX
2023-06-16 14:38:00,50.66,50.66,50.66,50.66,120.0,CALX
2023-06-16 14:37:00,50.61,50.65,50.61,50.65,713.0,CALX
2023-06-16 14:35:00,50.585,50.585,50.585,50.585,302.0,CALX
2023-06-16 14:34:00,50.535,50.57,50.51,50.57,3610.0,CALX
2023-06-16 14:33:00,50.525,50.54,50.525,50.535,1503.0,CALX
2023-06-16 14:31:00,50.527,50.527,50.527,50.527,169.0,CALX
2023-06-16 14:30:00,50.51,50.51,50.505,50.505,2757.0,CALX
2023-06-16 14:28:00,50.54,50.54,50.53,50.53,480.0,CALX
2023-06-16 14:27:00,50.55,50.55,50.52,50.52,1967.0,CALX
2023-06-16 14:26:00,50.545,50.57,50.545,50.57,1616.0,CALX
2023-06-16 14:25:00,50.53,50.53,50.53,50.53,442.0,CALX
2023-06-16 14:24:00,50.55,50.56,50.54,50.56,1078.0,CALX
2023-06-16 14:23:00,50.545,50.545,50.545,50.545,197.0,CALX
2023-06-16 14:21:00,50.54,50.54,50.534,50.54,900.0,CALX
2023-06-16 14:20:00,50.53,50.53,50.53,50.53,125.0,CALX
2023-06-16 14:16:00,50.53,50.53,50.53,50.53,547.0,CALX
2023-06-16 14:15:00,50.54,50.57,50.54,50.57,992.0,CALX
2023-06-16 14:14:00,50.57,50.57,50.57,50.57,481.0,CALX
2023-06-16 14:12:00,50.59,50.59,50.585,50.585,283.0,CALX
2023-06-16 14:11:00,50.62,50.62,50.6,50.6,990.0,CALX
2023-06-16 14:09:00,50.62,50.62,50.62,50.62,201.0,CALX
2023-06-16 14:06:00,50.62,50.62,50.62,50.62,451.0,CALX
2023-06-16 14:04:00,50.65,50.65,50.62,50.62,1833.0,CALX
2023-06-16 14:01:00,50.69,50.69,50.68,50.68,472.0,CALX
2023-06-16 13:59:00,50.76,50.76,50.76,50.76,468.0,CALX
2023-06-16 13:58:00,50.72,50.72,50.72,50.72,171.0,CALX
2023-06-16 13:57:00,50.78,50.78,50.74,50.78,1688.0,CALX
2023-06-16 13:56:00,50.89,50.89,50.89,50.89,549.0,CALX
2023-06-16 13:55:00,50.82,50.82,50.81,50.81,538.0,CALX
2023-06-16 13:54:00,50.76,50.79,50.76,50.79,942.0,CALX
2023-06-16 13:53:00,50.72,50.73,50.72,50.72,606.0,CALX
2023-06-16 13:52:00,50.69,50.69,50.66,50.66,1129.0,CALX
2023-06-16 13:49:00,50.63,50.63,50.63,50.63,101.0,CALX
2023-06-16 13:48:00,50.67,50.67,50.67,50.67,826.0,CALX
2023-06-16 13:46:00,50.65,50.65,50.65,50.65,242.0,CALX
2023-06-16 13:42:00,50.73,50.73,50.7,50.7,1732.0,CALX
2023-06-16 13:41:00,50.75,50.75,50.75,50.75,168.0,CALX
2023-06-16 13:39:00,50.755,50.755,50.755,50.755,126.0,CALX
2023-06-16 13:38:00,50.76,50.76,50.755,50.755,362.0,CALX
2023-06-16 13:37:00,50.79,50.79,50.77,50.78,1069.0,CALX
2023-06-16 13:36:00,50.8,50.8,50.8,50.8,193.0,CALX
2023-06-16 13:35:00,50.83,50.83,50.83,50.83,141.0,CALX
2023-06-16 13:34:00,50.83,50.83,50.83,50.83,346.0,CALX
2023-06-16 13:33:00,50.815,50.815,50.815,50.815,104.0,CALX
2023-06-16 13:32:00,50.82,50.82,50.8,50.8,491.0,CALX
2023-06-16 13:31:00,50.8,50.8,50.8,50.8,275.0,CALX
2023-06-16 13:30:00,50.86,50.86,50.82,50.85,1016.0,CALX
2023-06-16 13:28:00,50.82,50.87,50.82,50.87,657.0,CALX
2023-06-16 13:27:00,50.83,50.83,50.81,50.81,653.0,CALX
2023-06-16 13:26:00,50.84,50.84,50.84,50.84,290.0,CALX
2023-06-16 13:23:00,50.85,50.86,50.85,50.86,386.0,CALX
2023-06-16 13:22:00,50.84,50.85,50.8,50.82,2019.0,CALX
2023-06-16 13:19:00,50.85,50.85,50.85,50.85,445.0,CALX
2023-06-16 13:16:00,50.86,50.86,50.845,50.86,1048.0,CALX
2023-06-16 13:14:00,50.87,50.87,50.87,50.87,113.0,CALX
2023-06-16 13:11:00,50.84,50.84,50.84,50.84,313.0,CALX
2023-06-16 13:10:00,50.82,50.85,50.81,50.825,1046.0,CALX
2023-06-16 13:08:00,50.9,50.9,50.88,50.9,648.0,CALX
2023-06-16 13:06:00,50.935,50.935,50.91,50.925,429.0,CALX
2023-06-16 13:02:00,50.91,50.91,50.91,50.91,170.0,CALX
2023-06-16 13:01:00,50.93,50.93,50.9,50.9,367.0,CALX
2023-06-16 13:00:00,50.99,50.99,50.96,50.96,1914.0,CALX
2023-06-16 12:59:00,50.975,50.975,50.975,50.975,215.0,CALX
2023-06-16 12:57:00,50.99,50.99,50.98,50.98,1154.0,CALX
2023-06-16 12:55:00,51.02,51.02,50.98,50.98,1425.0,CALX
2023-06-16 12:54:00,51.02,51.02,51.02,51.02,316.0,CALX
2023-06-16 12:53:00,51.03,51.03,51.03,51.03,797.0,CALX
2023-06-16 12:51:00,51.03,51.03,51.03,51.03,313.0,CALX
2023-06-16 12:49:00,50.935,50.97,50.935,50.97,645.0,CALX
2023-06-16 12:46:00,50.895,50.895,50.895,50.895,264.0,CALX
2023-06-16 12:42:00,50.94,50.94,50.91,50.91,1234.0,CALX
2023-06-16 12:38:00,50.96,50.96,50.95,50.96,741.0,CALX
2023-06-16 12:36:00,51.01,51.01,50.99,50.99,1222.0,CALX
2023-06-16 12:35:00,51.04,51.04,51.04,51.04,306.0,CALX
2023-06-16 12:34:00,51.04,51.04,51.04,51.04,138.0,CALX
2023-06-16 12:33:00,51.0,51.0,51.0,51.0,179.0,CALX
2023-06-16 12:32:00,50.99,50.99,50.99,50.99,503.0,CALX
2023-06-16 12:31:00,50.93,50.95,50.91,50.95,682.0,CALX
2023-06-16 12:29:00,50.91,50.91,50.89,50.895,1591.0,CALX
2023-06-16 12:25:00,50.9,50.9,50.9,50.9,412.0,CALX
2023-06-16 12:24:00,50.89,50.89,50.875,50.89,763.0,CALX
2023-06-16 12:23:00,50.86,50.86,50.86,50.86,579.0,CALX
2023-06-16 12:20:00,50.82,50.82,50.82,50.82,323.0,CALX
2023-06-16 12:19:00,50.8,50.85,50.8,50.85,958.0,CALX
2023-06-16 12:18:00,50.78,50.78,50.76,50.76,566.0,CALX
2023-06-16 12:17:00,50.8,50.8,50.79,50.79,530.0,CALX
2023-06-16 12:16:00,50.725,50.75,50.725,50.75,663.0,CALX
2023-06-16 12:14:00,50.74,50.74,50.71,50.71,1135.0,CALX
2023-06-16 12:13:00,50.86,50.86,50.8,50.8,1699.0,CALX
2023-06-16 12:12:00,50.85,50.85,50.85,50.85,103.0,CALX
2023-06-16 12:09:00,50.81,50.81,50.81,50.81,103.0,CALX
2023-06-16 12:08:00,50.75,50.83,50.75,50.83,930.0,CALX
2023-06-16 12:07:00,50.74,50.74,50.74,50.74,592.0,CALX
2023-06-16 12:06:00,50.77,50.77,50.77,50.77,432.0,CALX
2023-06-16 12:03:00,50.78,50.78,50.78,50.78,109.0,CALX
2023-06-16 12:02:00,50.83,50.83,50.83,50.83,587.0,CALX
2023-06-16 12:01:00,50.86,50.86,50.78,50.78,2933.0,CALX
2023-06-16 12:00:00,50.875,50.875,50.875,50.875,214.0,CALX
2023-06-16 11:59:00,50.93,50.93,50.89,50.89,1239.0,CALX
2023-06-16 11:58:00,50.93,50.93,50.93,50.93,104.0,CALX
2023-06-16 11:56:00,50.88,50.88,50.88,50.88,262.0,CALX
2023-06-16 11:55:00,50.82,50.87,50.82,50.87,352.0,CALX
2023-06-16 11:54:00,50.7,50.7,50.69,50.69,372.0,CALX
2023-06-16 11:49:00,50.61,50.636,50.61,50.636,563.0,CALX
2023-06-16 11:48:00,50.67,50.67,50.64,50.64,663.0,CALX
2023-06-16 11:46:00,50.83,50.85,50.78,50.78,1205.0,CALX
2023-06-16 11:45:00,50.85,50.885,50.83,50.83,1580.0,CALX
2023-06-16 11:44:00,50.85,50.85,50.835,50.835,1104.0,CALX
2023-06-16 11:40:00,50.78,50.78,50.78,50.78,242.0,CALX
2023-06-16 11:39:00,50.74,50.74,50.74,50.74,220.0,CALX
2023-06-16 11:37:00,50.695,50.695,50.695,50.695,207.0,CALX
2023-06-16 11:36:00,50.755,50.755,50.74,50.74,991.0,CALX
2023-06-16 11:30:00,50.79,50.8,50.79,50.8,219.0,CALX
2023-06-16 11:27:00,50.65,50.65,50.5,50.6,6996.0,CALX
2023-06-16 11:26:00,50.69,50.69,50.67,50.67,645.0,CALX
2023-06-16 11:23:00,50.83,50.83,50.7,50.7,1785.0,CALX
2023-06-16 11:21:00,50.885,50.94,50.885,50.94,662.0,CALX
2023-06-16 11:20:00,50.75,50.9,50.75,50.9,1596.0,CALX
2023-06-16 11:19:00,50.83,50.84,50.78,50.78,1768.0,CALX
2023-06-16 11:18:00,50.95,51.01,50.88,50.89,2357.0,CALX
2023-06-16 11:16:00,50.86,50.97,50.86,50.92,1127.0,CALX
2023-06-16 11:14:00,50.8,50.86,50.8,50.86,229.0,CALX
2023-06-16 11:13:00,50.825,50.825,50.825,50.825,374.0,CALX
2023-06-16 11:11:00,50.766,50.766,50.766,50.766,108.0,CALX
2023-06-16 11:07:00,50.74,50.84,50.74,50.82,2259.0,CALX
2023-06-16 11:06:00,50.91,50.96,50.67,50.67,6901.0,CALX
2023-06-16 11:05:00,50.922,50.922,50.922,50.922,484.0,CALX
2023-06-16 11:04:00,50.96,50.96,50.96,50.96,201.0,CALX
2023-06-16 11:03:00,51.02,51.02,50.935,50.935,1823.0,CALX
2023-06-16 11:02:00,50.8,50.945,50.8,50.945,1039.0,CALX
2023-06-16 11:01:00,50.8,50.8,50.8,50.8,167.0,CALX
2023-06-16 11:00:00,50.77,50.83,50.76,50.765,2081.0,CALX
2023-06-16 10:59:00,50.5,50.71,50.5,50.71,4866.0,CALX
2023-06-16 10:58:00,50.55,50.55,50.45,50.48,6698.0,CALX
2023-06-16 10:57:00,50.54,50.54,50.505,50.505,2313.0,CALX
2023-06-16 10:56:00,50.34,50.62,50.31,50.575,7613.0,CALX
2023-06-16 10:55:00,50.29,50.39,50.23,50.385,6406.0,CALX
2023-06-16 10:54:00,50.725,50.725,50.32,50.32,31725.0,CALX
2023-06-16 10:53:00,50.9,50.9,50.63,50.66,27860.0,CALX
2023-06-16 10:52:00,50.925,50.94,50.82,50.82,3376.0,CALX
2023-06-16 10:51:00,51.07,51.07,51.03,51.04,2820.0,CALX
2023-06-16 10:50:00,51.17,51.2,51.07,51.07,2865.0,CALX
2023-06-16 10:49:00,51.1,51.13,51.1,51.13,791.0,CALX
2023-06-16 10:48:00,51.11,51.11,51.11,51.11,520.0,CALX
2023-06-16 10:47:00,51.05,51.1,51.05,51.1,1061.0,CALX
2023-06-16 10:46:00,51.07,51.07,51.0,51.06,3952.0,CALX
2023-06-16 10:44:00,51.15,51.15,51.13,51.13,555.0,CALX
2023-06-16 10:43:00,51.25,51.26,51.21,51.21,1323.0,CALX
2023-06-16 10:42:00,51.27,51.315,51.27,51.315,413.0,CALX
2023-06-16 10:41:00,51.38,51.385,51.27,51.27,3381.0,CALX
2023-06-16 10:40:00,51.46,51.46,51.36,51.385,1797.0,CALX
2023-06-16 10:39:00,51.465,51.465,51.4,51.4,1122.0,CALX
2023-06-16 10:38:00,51.14,51.48,51.14,51.43,2916.0,CALX
2023-06-16 10:37:00,51.17,51.245,51.14,51.24,1998.0,CALX
2023-06-16 10:35:00,51.2,51.26,51.2,51.26,623.0,CALX
2023-06-16 10:34:00,51.16,51.205,51.15,51.205,2303.0,CALX
2023-06-16 10:33:00,51.2,51.2,51.2,51.2,400.0,CALX
2023-06-16 10:32:00,51.23,51.25,51.23,51.25,645.0,CALX
2023-06-16 10:31:00,51.456,51.5,51.27,51.29,3073.0,CALX
2023-06-16 10:30:00,51.47,51.522,51.36,51.41,4231.0,CALX
2023-06-16 10:29:00,51.63,51.63,51.47,51.51,3636.0,CALX
2023-06-16 10:28:00,51.59,51.6,51.59,51.6,613.0,CALX
2023-06-16 10:27:00,51.525,51.525,51.525,51.525,103.0,CALX
2023-06-16 10:26:00,51.544,51.589,51.544,51.589,2358.0,CALX
2023-06-16 10:25:00,51.67,51.67,51.61,51.66,1262.0,CALX
2023-06-16 10:21:00,51.69,51.69,51.68,51.685,814.0,CALX
2023-06-16 10:19:00,51.7,51.7,51.64,51.7,1096.0,CALX
2023-06-16 10:17:00,51.79,51.83,51.79,51.83,457.0,CALX
2023-06-16 10:15:00,51.74,51.74,51.74,51.74,314.0,CALX
2023-06-16 10:14:00,51.85,51.85,51.85,51.85,298.0,CALX
2023-06-16 10:13:00,51.94,51.98,51.88,51.88,2571.0,CALX
2023-06-16 10:12:00,51.98,52.015,51.92,51.96,6769.0,CALX
2023-06-16 10:11:00,51.98,51.99,51.94,51.94,4288.0,CALX
2023-06-16 10:10:00,51.945,51.945,51.945,51.945,133.0,CALX
2023-06-16 10:09:00,51.98,51.98,51.98,51.98,520.0,CALX
2023-06-16 10:08:00,51.98,51.98,51.919,51.919,382.0,CALX
2023-06-16 10:07:00,51.98,51.98,51.91,51.91,1120.0,CALX
2023-06-16 10:06:00,51.905,51.98,51.905,51.98,968.0,CALX
2023-06-16 10:04:00,51.93,51.94,51.93,51.94,281.0,CALX
2023-06-16 10:03:00,51.91,51.965,51.88,51.915,1582.0,CALX
2023-06-16 10:00:00,51.92,51.92,51.9,51.9,641.0,CALX
2023-06-16 09:59:00,51.83,51.83,51.825,51.825,349.0,CALX
2023-06-16 09:57:00,51.72,51.735,51.72,51.735,507.0,CALX
2023-06-16 09:56:00,51.77,51.795,51.77,51.795,502.0,CALX
2023-06-16 09:55:00,51.68,51.71,51.68,51.68,828.0,CALX
2023-06-16 09:54:00,51.76,51.815,51.75,51.75,583.0,CALX
2023-06-16 09:52:00,51.864,51.864,51.76,51.8,1116.0,CALX
2023-06-16 09:51:00,52.0,52.0,51.86,51.86,4452.0,CALX
2023-06-16 09:49:00,51.925,51.99,51.925,51.99,219.0,CALX
2023-06-16 09:47:00,51.85,51.92,51.85,51.92,570.0,CALX
2023-06-16 09:45:00,51.68,51.72,51.68,51.72,410.0,CALX
2023-06-16 09:44:00,51.74,51.74,51.74,51.74,124.0,CALX
2023-06-16 09:43:00,51.75,51.75,51.74,51.74,1385.0,CALX
2023-06-16 09:42:00,51.83,51.86,51.76,51.855,516.0,CALX
2023-06-16 09:38:00,51.66,51.78,51.61,51.73,1915.0,CALX
2023-06-16 09:36:00,51.42,51.42,51.42,51.42,152.0,CALX
2023-06-16 09:35:00,51.405,51.405,51.405,51.405,104.0,CALX
2023-06-16 09:34:00,51.4,51.4,51.4,51.4,248.0,CALX
2023-06-16 09:33:00,51.45,51.45,51.45,51.45,245.0,CALX
2023-06-16 09:32:00,51.32,51.32,51.15,51.305,1853.0,CALX
2023-06-16 09:30:00,52.52,52.52,51.38,51.38,102303.0,CALX
2023-06-16 09:16:00,51.92,51.92,51.92,51.92,85.0,CALX
2023-06-15 19:00:00,51.92,51.92,51.92,51.92,60659.0,CALX
2023-06-15 18:30:00,51.92,51.92,51.92,51.92,60659.0,CALX
2023-06-15 17:44:00,52.6,52.6,52.6,52.6,5.0,CALX
2023-06-15 16:28:00,51.92,51.92,51.92,51.92,2.0,CALX
2023-06-15 16:10:00,51.92,51.92,51.51,51.51,60660.0,CALX
2023-06-15 16:06:00,51.001,51.001,51.002,51.001,1.0,CALX
2023-06-15 16:03:00,51.92,51.92,51.92,51.92,2294.0,CALX
2023-06-15 16:02:00,51.92,51.92,51.92,51.92,1601.0,CALX
2023-06-15 16:01:00,51.92,51.92,51.92,51.92,6508.0,CALX
2023-06-15 16:00:00,51.9,51.93,51.9,51.92,129244.0,CALX
2023-06-15 15:59:00,51.9,51.96,51.86,51.93,34166.0,CALX
2023-06-15 15:58:00,51.915,51.92,51.89,51.9,6888.0,CALX
2023-06-15 15:57:00,51.885,51.92,51.885,51.92,2533.0,CALX
2023-06-15 15:56:00,51.91,51.91,51.885,51.885,4477.0,CALX
2023-06-15 15:55:00,51.86,51.9,51.82,51.9,9826.0,CALX
2023-06-15 15:54:00,51.92,51.92,51.86,51.86,3885.0,CALX
2023-06-15 15:53:00,51.91,51.93,51.91,51.925,3007.0,CALX
2023-06-15 15:52:00,51.91,51.91,51.9,51.91,2658.0,CALX
2023-06-15 15:51:00,51.93,51.93,51.89,51.905,4274.0,CALX
2023-06-15 15:50:00,51.94,51.98,51.94,51.94,3646.0,CALX
2023-06-15 15:49:00,51.94,51.94,51.925,51.93,1582.0,CALX
2023-06-15 15:48:00,51.9,51.94,51.895,51.94,8301.0,CALX
2023-06-15 15:47:00,51.903,51.903,51.885,51.89,1377.0,CALX
2023-06-15 15:46:00,51.91,51.91,51.89,51.9,3753.0,CALX
2023-06-15 15:45:00,51.9,51.93,51.89,51.92,3291.0,CALX
2023-06-15 15:44:00,51.87,51.87,51.855,51.86,1780.0,CALX
2023-06-15 15:43:00,51.93,51.93,51.87,51.87,2962.0,CALX
2023-06-15 15:41:00,51.96,51.98,51.94,51.97,3382.0,CALX
2023-06-15 15:40:00,51.975,51.975,51.975,51.975,322.0,CALX
2023-06-15 15:39:00,52.02,52.02,51.97,51.97,2158.0,CALX
2023-06-15 15:38:00,51.98,52.03,51.98,52.011,3989.0,CALX
2023-06-15 15:37:00,51.98,51.98,51.98,51.98,250.0,CALX
2023-06-15 15:36:00,52.0,52.0,51.98,51.98,1289.0,CALX
2023-06-15 15:35:00,52.035,52.035,52.035,52.035,379.0,CALX
2023-06-15 15:34:00,52.01,52.06,52.01,52.06,1918.0,CALX
2023-06-15 15:33:00,52.02,52.02,52.01,52.01,1236.0,CALX
2023-06-15 15:32:00,52.095,52.095,52.03,52.03,2103.0,CALX
2023-06-15 15:31:00,52.12,52.12,52.087,52.087,814.0,CALX
2023-06-15 15:30:00,52.05,52.05,52.05,52.05,652.0,CALX
2023-06-15 15:29:00,52.01,52.01,52.005,52.005,434.0,CALX
2023-06-15 15:28:00,51.98,52.03,51.97,52.03,1506.0,CALX
2023-06-15 15:27:00,51.965,51.97,51.94,51.97,1861.0,CALX
2023-06-15 15:26:00,51.93,51.97,51.918,51.955,1819.0,CALX
2023-06-15 15:25:00,51.92,51.92,51.9,51.92,614.0,CALX
2023-06-15 15:23:00,51.995,51.995,51.93,51.95,1091.0,CALX
2023-06-15 15:22:00,51.99,51.99,51.98,51.99,1047.0,CALX
2023-06-15 15:21:00,51.995,52.01,51.995,52.01,596.0,CALX
2023-06-15 15:20:00,51.98,51.99,51.96,51.99,1021.0,CALX
2023-06-15 15:19:00,52.055,52.08,52.0,52.0,962.0,CALX
2023-06-15 15:17:00,52.1,52.1,52.03,52.05,1628.0,CALX
2023-06-15 15:16:00,52.162,52.162,52.12,52.12,2210.0,CALX
2023-06-15 15:15:00,52.17,52.18,52.17,52.18,747.0,CALX
2023-06-15 15:14:00,52.2,52.2,52.16,52.18,2449.0,CALX
2023-06-15 15:13:00,52.375,52.375,52.21,52.21,8281.0,CALX
2023-06-15 15:12:00,52.39,52.39,52.36,52.36,1477.0,CALX
2023-06-15 15:10:00,52.41,52.475,52.38,52.38,2203.0,CALX
2023-06-15 15:09:00,52.38,52.38,52.38,52.38,303.0,CALX
2023-06-15 15:08:00,52.38,52.38,52.38,52.38,270.0,CALX
2023-06-15 15:07:00,52.42,52.42,52.385,52.385,344.0,CALX
2023-06-15 15:06:00,52.39,52.39,52.385,52.385,363.0,CALX
2023-06-15 15:05:00,52.39,52.39,52.39,52.39,344.0,CALX
2023-06-15 15:04:00,52.38,52.39,52.36,52.39,1443.0,CALX
2023-06-15 15:03:00,52.38,52.42,52.38,52.42,894.0,CALX
2023-06-15 15:02:00,52.355,52.41,52.355,52.385,3125.0,CALX
2023-06-15 15:01:00,52.36,52.36,52.34,52.34,774.0,CALX
2023-06-15 15:00:00,52.39,52.39,52.37,52.37,874.0,CALX
2023-06-15 14:59:00,52.455,52.455,52.41,52.41,935.0,CALX
2023-06-15 14:58:00,52.41,52.455,52.41,52.455,1549.0,CALX
2023-06-15 14:57:00,52.39,52.39,52.37,52.37,355.0,CALX
2023-06-15 14:56:00,52.36,52.36,52.36,52.36,732.0,CALX
2023-06-15 14:55:00,52.39,52.39,52.39,52.39,201.0,CALX
2023-06-15 14:54:00,52.37,52.37,52.37,52.37,476.0,CALX
2023-06-15 14:53:00,52.33,52.33,52.32,52.32,772.0,CALX
2023-06-15 14:52:00,52.33,52.36,52.33,52.36,598.0,CALX
2023-06-15 14:51:00,52.29,52.355,52.29,52.355,964.0,CALX
2023-06-15 14:50:00,52.22,52.31,52.22,52.29,1471.0,CALX
2023-06-15 14:49:00,52.165,52.19,52.165,52.19,443.0,CALX
2023-06-15 14:47:00,52.1,52.12,52.085,52.1,1472.0,CALX
2023-06-15 14:46:00,52.09,52.09,52.05,52.05,1539.0,CALX
2023-06-15 14:43:00,52.11,52.13,52.11,52.11,1242.0,CALX
2023-06-15 14:42:00,52.13,52.14,52.07,52.085,3356.0,CALX
2023-06-15 14:40:00,52.17,52.17,52.17,52.17,272.0,CALX
2023-06-15 14:39:00,52.13,52.13,52.13,52.13,445.0,CALX
2023-06-15 14:38:00,52.16,52.16,52.16,52.16,185.0,CALX
2023-06-15 14:37:00,52.156,52.156,52.156,52.156,498.0,CALX
2023-06-15 14:36:00,52.19,52.19,52.16,52.16,969.0,CALX
2023-06-15 14:35:00,52.16,52.16,52.16,52.16,314.0,CALX
2023-06-15 14:32:00,52.15,52.15,52.15,52.15,503.0,CALX
2023-06-15 14:31:00,52.13,52.16,52.11,52.12,1798.0,CALX
2023-06-15 14:30:00,52.125,52.13,52.125,52.13,281.0,CALX
2023-06-15 14:29:00,52.13,52.13,52.13,52.13,288.0,CALX
2023-06-15 14:27:00,52.09,52.09,52.09,52.09,195.0,CALX
2023-06-15 14:26:00,52.11,52.121,52.085,52.11,1241.0,CALX
2023-06-15 14:25:00,52.08,52.08,52.08,52.08,388.0,CALX
2023-06-15 14:24:00,52.05,52.055,52.05,52.055,486.0,CALX
2023-06-15 14:22:00,52.09,52.09,52.02,52.03,3141.0,CALX
2023-06-15 14:21:00,52.065,52.1,52.065,52.08,1659.0,CALX
2023-06-15 14:20:00,52.065,52.065,52.065,52.065,391.0,CALX
2023-06-15 14:19:00,52.07,52.07,52.07,52.07,880.0,CALX
2023-06-15 14:18:00,52.11,52.125,52.11,52.125,1128.0,CALX
2023-06-15 14:16:00,52.15,52.15,52.12,52.12,578.0,CALX
2023-06-15 14:15:00,52.18,52.18,52.18,52.18,542.0,CALX
2023-06-15 14:14:00,52.22,52.22,52.19,52.19,917.0,CALX
2023-06-15 14:12:00,52.28,52.28,52.25,52.26,1150.0,CALX
2023-06-15 14:10:00,52.26,52.26,52.26,52.26,612.0,CALX
2023-06-15 14:08:00,52.29,52.3,52.26,52.26,1228.0,CALX
2023-06-15 14:07:00,52.35,52.38,52.31,52.34,4711.0,CALX
2023-06-15 14:06:00,52.32,52.32,52.32,52.32,278.0,CALX
2023-06-15 14:04:00,52.35,52.35,52.35,52.35,259.0,CALX
2023-06-15 14:01:00,52.37,52.37,52.35,52.35,336.0,CALX
2023-06-15 13:59:00,52.35,52.35,52.34,52.34,775.0,CALX
2023-06-15 13:58:00,52.37,52.4,52.37,52.38,1012.0,CALX
2023-06-15 13:57:00,52.35,52.35,52.35,52.35,259.0,CALX
2023-06-15 13:56:00,52.3,52.34,52.3,52.34,440.0,CALX
2023-06-15 13:55:00,52.39,52.39,52.33,52.33,2436.0,CALX
2023-06-15 13:54:00,52.39,52.39,52.36,52.36,321.0,CALX
2023-06-15 13:53:00,52.39,52.39,52.39,52.39,209.0,CALX
2023-06-15 13:51:00,52.34,52.34,52.34,52.34,108.0,CALX
2023-06-15 13:50:00,52.335,52.335,52.32,52.32,557.0,CALX
2023-06-15 13:47:00,52.33,52.33,52.33,52.33,213.0,CALX
2023-06-15 13:46:00,52.32,52.32,52.32,52.32,122.0,CALX
2023-06-15 13:45:00,52.32,52.32,52.32,52.32,172.0,CALX
2023-06-15 13:44:00,52.31,52.365,52.31,52.315,742.0,CALX
2023-06-15 13:42:00,52.2,52.2,52.2,52.2,328.0,CALX
2023-06-15 13:40:00,52.14,52.2,52.138,52.2,1506.0,CALX
2023-06-15 13:36:00,52.29,52.31,52.2,52.2,2481.0,CALX
2023-06-15 13:34:00,52.29,52.319,52.29,52.319,486.0,CALX
2023-06-15 13:33:00,52.27,52.27,52.27,52.27,507.0,CALX
2023-06-15 13:30:00,52.315,52.315,52.29,52.3,974.0,CALX
2023-06-15 13:29:00,52.29,52.3,52.29,52.3,905.0,CALX
2023-06-15 13:21:00,52.27,52.27,52.27,52.27,142.0,CALX
2023-06-15 13:20:00,52.12,52.12,52.12,52.12,390.0,CALX
2023-06-15 13:19:00,52.09,52.13,52.09,52.13,1061.0,CALX
2023-06-15 13:17:00,52.04,52.04,52.04,52.04,495.0,CALX
2023-06-15 13:16:00,52.11,52.11,52.08,52.08,320.0,CALX
2023-06-15 13:15:00,52.15,52.15,52.11,52.11,561.0,CALX
2023-06-15 13:14:00,52.27,52.27,52.18,52.19,2329.0,CALX
2023-06-15 13:12:00,52.28,52.28,52.28,52.28,128.0,CALX
2023-06-15 13:11:00,52.285,52.285,52.285,52.285,202.0,CALX
2023-06-15 13:10:00,52.27,52.27,52.27,52.27,274.0,CALX
2023-06-15 13:08:00,52.29,52.3,52.26,52.26,1185.0,CALX
2023-06-15 13:07:00,52.24,52.24,52.23,52.23,820.0,CALX
2023-06-15 13:06:00,52.31,52.31,52.25,52.25,1684.0,CALX
2023-06-15 13:05:00,52.35,52.35,52.35,52.35,289.0,CALX
2023-06-15 13:02:00,52.305,52.305,52.273,52.272,567.0,CALX
2023-06-15 13:01:00,52.31,52.31,52.31,52.31,178.0,CALX
2023-06-15 12:59:00,52.29,52.33,52.28,52.33,603.0,CALX
2023-06-15 12:56:00,52.26,52.26,52.26,52.26,127.0,CALX
2023-06-15 12:53:00,52.26,52.26,52.26,52.26,191.0,CALX
2023-06-15 12:52:00,52.16,52.19,52.16,52.185,461.0,CALX
2023-06-15 12:51:00,52.095,52.2,52.095,52.18,1404.0,CALX
2023-06-15 12:46:00,51.98,52.01,51.98,51.99,749.0,CALX
2023-06-15 12:44:00,52.01,52.04,52.01,52.02,1085.0,CALX
2023-06-15 12:43:00,52.06,52.06,52.05,52.05,681.0,CALX
2023-06-15 12:42:00,52.196,52.25,52.11,52.12,1349.0,CALX
2023-06-15 12:39:00,51.98,52.16,51.96,52.16,2563.0,CALX
2023-06-15 12:38:00,52.13,52.13,52.13,52.13,352.0,CALX
2023-06-15 12:37:00,52.05,52.05,52.05,52.05,268.0,CALX
2023-06-15 12:36:00,51.83,51.99,51.83,51.99,2702.0,CALX
2023-06-15 12:34:00,51.71,51.71,51.71,51.71,511.0,CALX
2023-06-15 12:33:00,51.7,51.707,51.595,51.68,2342.0,CALX
2023-06-15 12:32:00,52.2,52.2,51.72,51.745,39795.0,CALX
2023-06-15 12:31:00,52.35,52.35,52.22,52.22,1502.0,CALX
2023-06-15 12:30:00,52.32,52.4,52.32,52.4,1293.0,CALX
2023-06-15 12:29:00,52.36,52.36,52.33,52.33,2267.0,CALX
2023-06-15 12:28:00,52.53,52.53,52.38,52.38,8052.0,CALX
2023-06-15 12:27:00,52.54,52.54,52.54,52.54,402.0,CALX
2023-06-15 12:26:00,52.56,52.56,52.56,52.56,301.0,CALX
2023-06-15 12:24:00,52.6,52.6,52.58,52.58,684.0,CALX
2023-06-15 12:23:00,52.62,52.62,52.61,52.61,789.0,CALX
2023-06-15 12:21:00,52.65,52.65,52.63,52.65,404.0,CALX
2023-06-15 12:20:00,52.62,52.65,52.62,52.65,839.0,CALX
2023-06-15 12:19:00,52.58,52.6,52.58,52.6,775.0,CALX
2023-06-15 12:13:00,52.64,52.64,52.64,52.64,836.0,CALX
2023-06-15 12:12:00,52.68,52.68,52.67,52.67,521.0,CALX
2023-06-15 12:11:00,52.71,52.71,52.7,52.7,364.0,CALX
2023-06-15 12:10:00,52.74,52.74,52.73,52.73,537.0,CALX
2023-06-15 12:09:00,52.77,52.77,52.77,52.77,911.0,CALX
2023-06-15 12:06:00,52.805,52.805,52.805,52.805,152.0,CALX
2023-06-15 12:03:00,52.81,52.81,52.81,52.81,396.0,CALX
2023-06-15 12:02:00,52.79,52.79,52.78,52.78,1550.0,CALX
2023-06-15 12:01:00,52.82,52.82,52.82,52.82,436.0,CALX
2023-06-15 11:59:00,52.79,52.79,52.79,52.79,573.0,CALX
2023-06-15 11:57:00,52.74,52.755,52.73,52.75,802.0,CALX
2023-06-15 11:56:00,52.78,52.78,52.78,52.78,274.0,CALX
2023-06-15 11:55:00,52.695,52.76,52.695,52.76,741.0,CALX
2023-06-15 11:48:00,52.7,52.73,52.7,52.73,860.0,CALX
2023-06-15 11:47:00,52.72,52.72,52.72,52.72,424.0,CALX
2023-06-15 11:46:00,52.74,52.823,52.74,52.82,4704.0,CALX
2023-06-15 11:43:00,52.77,52.77,52.77,52.77,152.0,CALX
2023-06-15 11:42:00,52.76,52.84,52.75,52.76,1332.0,CALX
2023-06-15 11:41:00,52.86,52.86,52.86,52.86,109.0,CALX
2023-06-15 11:39:00,52.73,52.89,52.7,52.81,4371.0,CALX
2023-06-15 11:36:00,52.72,52.72,52.72,52.72,226.0,CALX
2023-06-15 11:35:00,52.71,52.71,52.69,52.69,719.0,CALX
2023-06-15 11:34:00,52.68,52.68,52.68,52.68,263.0,CALX
2023-06-15 11:33:00,52.635,52.635,52.635,52.635,215.0,CALX
2023-06-15 11:30:00,52.63,52.64,52.63,52.64,700.0,CALX
2023-06-15 11:28:00,52.56,52.67,52.55,52.63,1983.0,CALX
2023-06-15 11:26:00,52.52,52.52,52.52,52.52,593.0,CALX
2023-06-15 11:25:00,52.51,52.51,52.51,52.51,478.0,CALX
2023-06-15 11:24:00,52.62,52.62,52.54,52.56,1742.0,CALX
2023-06-15 11:23:00,52.68,52.68,52.68,52.68,420.0,CALX
2023-06-15 11:22:00,52.68,52.68,52.68,52.68,155.0,CALX
2023-06-15 11:21:00,52.64,52.66,52.64,52.66,514.0,CALX
2023-06-15 11:17:00,52.61,52.61,52.61,52.61,291.0,CALX
2023-06-15 11:16:00,52.58,52.58,52.58,52.58,211.0,CALX
2023-06-15 11:15:00,52.6,52.6,52.58,52.59,1360.0,CALX
2023-06-15 11:14:00,52.57,52.57,52.57,52.57,144.0,CALX
2023-06-15 11:13:00,52.6,52.6,52.51,52.55,648.0,CALX
2023-06-15 11:11:00,52.49,52.49,52.49,52.49,713.0,CALX
2023-06-15 11:09:00,52.46,52.46,52.46,52.46,233.0,CALX
2023-06-15 11:07:00,52.42,52.43,52.42,52.43,456.0,CALX
2023-06-15 11:02:00,52.35,52.35,52.35,52.35,842.0,CALX
2023-06-15 11:01:00,52.35,52.35,52.35,52.35,1179.0,CALX
2023-06-15 11:00:00,52.45,52.45,52.38,52.39,793.0,CALX
2023-06-15 10:59:00,52.525,52.55,52.52,52.55,1358.0,CALX
2023-06-15 10:58:00,52.59,52.59,52.59,52.59,169.0,CALX
2023-06-15 10:55:00,52.37,52.46,52.35,52.46,4890.0,CALX
2023-06-15 10:54:00,52.38,52.38,52.38,52.38,228.0,CALX
2023-06-15 10:53:00,52.495,52.495,52.4,52.4,1174.0,CALX
2023-06-15 10:52:00,52.47,52.48,52.47,52.48,676.0,CALX
2023-06-15 10:51:00,52.52,52.52,52.46,52.46,1327.0,CALX
2023-06-15 10:50:00,52.61,52.61,52.53,52.53,1043.0,CALX
2023-06-15 10:49:00,52.6,52.6,52.585,52.585,419.0,CALX
2023-06-15 10:48:00,52.5,52.6,52.455,52.6,740.0,CALX
2023-06-15 10:47:00,52.45,52.45,52.45,52.45,402.0,CALX
2023-06-15 10:46:00,52.5,52.5,52.5,52.5,128.0,CALX
2023-06-15 10:45:00,52.33,52.43,52.33,52.43,3741.0,CALX
2023-06-15 10:42:00,52.27,52.27,52.27,52.27,920.0,CALX
2023-06-15 10:34:00,52.17,52.17,52.17,52.17,223.0,CALX
2023-06-15 10:33:00,52.19,52.21,52.19,52.21,1063.0,CALX
2023-06-15 10:32:00,52.33,52.33,52.27,52.27,1185.0,CALX
2023-06-15 10:29:00,52.42,52.42,52.42,52.42,107.0,CALX
2023-06-15 10:25:00,52.31,52.31,52.31,52.31,470.0,CALX
2023-06-15 10:23:00,52.12,52.12,52.12,52.12,565.0,CALX
2023-06-15 10:22:00,52.21,52.21,52.21,52.21,106.0,CALX
2023-06-15 10:21:00,52.17,52.23,52.17,52.23,858.0,CALX
2023-06-15 10:20:00,52.06,52.07,52.05,52.05,1080.0,CALX
2023-06-15 10:19:00,51.965,51.965,51.965,51.965,311.0,CALX
2023-06-15 10:18:00,52.0,52.0,51.99,51.99,246.0,CALX
2023-06-15 10:17:00,52.04,52.04,52.04,52.04,133.0,CALX
2023-06-15 10:16:00,52.09,52.09,52.09,52.09,401.0,CALX
2023-06-15 10:15:00,52.12,52.12,52.07,52.095,1040.0,CALX
2023-06-15 10:14:00,52.22,52.22,52.2,52.2,1298.0,CALX
2023-06-15 10:10:00,52.21,52.21,52.21,52.21,316.0,CALX
2023-06-15 10:09:00,52.21,52.21,52.17,52.21,614.0,CALX
2023-06-15 10:06:00,52.12,52.15,52.085,52.085,1026.0,CALX
2023-06-15 10:05:00,52.1,52.12,52.08,52.12,625.0,CALX
2023-06-15 10:03:00,52.058,52.07,51.99,52.05,3274.0,CALX
2023-06-15 10:01:00,52.1,52.1,52.1,52.1,125.0,CALX
2023-06-15 10:00:00,52.08,52.145,52.08,52.1,525.0,CALX
2023-06-15 09:58:00,52.145,52.145,52.02,52.02,1137.0,CALX
2023-06-15 09:55:00,52.01,52.08,52.01,52.08,3083.0,CALX
2023-06-15 09:54:00,52.06,52.06,52.01,52.01,663.0,CALX
2023-06-15 09:52:00,52.21,52.21,52.08,52.09,861.0,CALX
2023-06-15 09:51:00,52.14,52.14,52.14,52.14,280.0,CALX
2023-06-15 09:50:00,52.07,52.07,52.07,52.07,318.0,CALX
2023-06-15 09:49:00,52.065,52.08,52.065,52.08,362.0,CALX
2023-06-15 09:47:00,52.13,52.13,52.13,52.13,137.0,CALX
2023-06-15 09:46:00,51.9,51.9,51.9,51.9,305.0,CALX
2023-06-15 09:44:00,51.84,51.84,51.83,51.83,334.0,CALX
2023-06-15 09:43:00,51.96,51.96,51.86,51.86,942.0,CALX
2023-06-15 09:42:00,52.0,52.0,52.0,52.0,295.0,CALX
2023-06-15 09:40:00,51.83,51.83,51.74,51.74,518.0,CALX
2023-06-15 09:39:00,51.83,51.98,51.8,51.98,713.0,CALX
2023-06-15 09:37:00,51.685,51.7,51.685,51.7,290.0,CALX
2023-06-15 09:35:00,51.5,51.535,51.5,51.535,781.0,CALX
2023-06-15 09:34:00,51.59,51.59,51.59,51.59,466.0,CALX
2023-06-15 09:33:00,51.52,51.52,51.52,51.52,307.0,CALX
2023-06-15 09:32:00,51.71,51.71,51.42,51.42,1381.0,CALX
2023-06-15 09:31:00,51.71,51.8,51.67,51.8,824.0,CALX
2023-06-15 09:30:00,51.66,51.66,51.545,51.545,2588.0,CALX
2023-06-15 08:42:00,52.06,52.06,52.06,52.06,1.0,CALX
2023-06-15 08:32:00,51.0,51.0,51.0,51.0,1.0,CALX
2023-06-14 19:00:00,52.06,52.06,52.06,52.06,57581.0,CALX
2023-06-14 18:30:00,52.06,52.06,52.06,52.06,57581.0,CALX
2023-06-14 17:00:00,52.79,52.79,52.79,52.79,2.0,CALX
2023-06-14 16:51:00,52.36,52.36,52.36,52.36,1.0,CALX
2023-06-14 16:10:00,52.06,52.06,52.06,52.06,57581.0,CALX
2023-06-14 16:08:00,52.06,52.06,52.06,52.06,427.0,CALX
2023-06-14 16:01:00,52.06,52.06,52.06,52.06,6013.0,CALX
2023-06-14 16:00:00,52.09,52.09,52.06,52.06,122501.0,CALX
2023-06-14 15:59:00,52.02,52.09,52.02,52.09,16295.0,CALX
2023-06-14 15:58:00,52.0,52.02,51.97,52.02,4571.0,CALX
2023-06-14 15:57:00,51.97,52.01,51.96,51.97,4972.0,CALX
2023-06-14 15:56:00,51.972,51.972,51.92,51.968,2968.0,CALX
2023-06-14 15:55:00,51.94,52.0,51.94,51.96,4715.0,CALX
2023-06-14 15:54:00,51.845,51.95,51.845,51.92,3709.0,CALX
2023-06-14 15:53:00,51.86,51.86,51.85,51.85,1275.0,CALX
2023-06-14 15:52:00,51.77,51.85,51.76,51.85,3459.0,CALX
2023-06-14 15:51:00,51.71,51.74,51.7,51.74,4013.0,CALX
2023-06-14 15:50:00,51.82,51.82,51.69,51.695,5667.0,CALX
2023-06-14 15:49:00,51.91,51.91,51.85,51.855,3581.0,CALX
2023-06-14 15:48:00,51.95,51.95,51.91,51.92,1459.0,CALX
2023-06-14 15:47:00,51.89,51.94,51.87,51.935,2662.0,CALX
2023-06-14 15:46:00,51.91,51.91,51.865,51.865,2740.0,CALX
2023-06-14 15:45:00,51.905,51.93,51.905,51.93,1057.0,CALX
2023-06-14 15:43:00,51.91,51.92,51.89,51.915,3093.0,CALX
2023-06-14 15:42:00,51.93,51.93,51.93,51.93,168.0,CALX
2023-06-14 15:41:00,51.93,51.94,51.93,51.94,394.0,CALX
2023-06-14 15:40:00,51.93,51.935,51.93,51.935,1037.0,CALX
2023-06-14 15:39:00,51.935,51.935,51.935,51.935,600.0,CALX
2023-06-14 15:36:00,51.94,51.94,51.94,51.94,202.0,CALX
2023-06-14 15:35:00,51.94,51.94,51.94,51.94,121.0,CALX
2023-06-14 15:34:00,52.01,52.01,51.92,51.92,1421.0,CALX
2023-06-14 15:33:00,51.95,51.99,51.95,51.99,399.0,CALX
2023-06-14 15:32:00,51.92,51.92,51.92,51.92,737.0,CALX
2023-06-14 15:31:00,51.82,51.885,51.815,51.885,1250.0,CALX
2023-06-14 15:30:00,51.93,51.93,51.86,51.86,372.0,CALX
2023-06-14 15:28:00,51.99,51.99,51.945,51.98,640.0,CALX
2023-06-14 15:27:00,52.02,52.04,52.02,52.04,306.0,CALX
2023-06-14 15:25:00,52.01,52.04,52.01,52.04,620.0,CALX
2023-06-14 15:24:00,52.01,52.01,51.96,51.96,1033.0,CALX
2023-06-14 15:23:00,51.945,51.97,51.945,51.97,217.0,CALX
2023-06-14 15:22:00,51.99,52.03,51.96,51.965,1811.0,CALX
2023-06-14 15:21:00,51.94,51.99,51.94,51.99,421.0,CALX
2023-06-14 15:19:00,51.86,51.86,51.86,51.86,440.0,CALX
2023-06-14 15:18:00,51.86,51.86,51.828,51.85,694.0,CALX
2023-06-14 15:17:00,51.85,51.85,51.84,51.85,830.0,CALX
2023-06-14 15:16:00,51.78,51.845,51.78,51.845,1284.0,CALX
2023-06-14 15:15:00,51.94,52.08,51.82,51.835,6024.0,CALX
2023-06-14 15:14:00,51.985,51.985,51.9,51.9,610.0,CALX
2023-06-14 15:13:00,52.05,52.05,52.05,52.05,748.0,CALX
2023-06-14 15:12:00,52.06,52.06,52.06,52.06,481.0,CALX
2023-06-14 15:11:00,52.15,52.15,52.11,52.11,1149.0,CALX
2023-06-14 15:10:00,52.21,52.21,52.115,52.115,869.0,CALX
2023-06-14 15:09:00,52.24,52.24,52.24,52.24,146.0,CALX
2023-06-14 15:08:00,52.26,52.26,52.25,52.25,462.0,CALX
2023-06-14 15:07:00,52.29,52.29,52.28,52.28,479.0,CALX
2023-06-14 15:06:00,52.19,52.23,52.17,52.23,1022.0,CALX
2023-06-14 15:05:00,52.225,52.27,52.225,52.24,863.0,CALX
2023-06-14 15:04:00,52.12,52.2,52.12,52.19,1330.0,CALX
2023-06-14 15:03:00,52.12,52.12,52.12,52.12,429.0,CALX
2023-06-14 15:00:00,52.15,52.18,52.15,52.18,636.0,CALX
2023-06-14 14:59:00,52.11,52.11,52.11,52.11,412.0,CALX
2023-06-14 14:58:00,52.23,52.23,52.17,52.17,1042.0,CALX
2023-06-14 14:57:00,52.23,52.23,52.19,52.205,673.0,CALX
2023-06-14 14:56:00,52.13,52.24,52.125,52.24,1558.0,CALX
2023-06-14 14:55:00,52.09,52.1,52.09,52.1,484.0,CALX
2023-06-14 14:54:00,52.11,52.11,52.11,52.11,443.0,CALX
2023-06-14 14:52:00,52.17,52.17,52.065,52.065,890.0,CALX
2023-06-14 14:51:00,52.25,52.25,52.16,52.16,935.0,CALX
2023-06-14 14:50:00,52.18,52.25,52.14,52.25,1750.0,CALX
2023-06-14 14:49:00,52.13,52.13,52.13,52.13,230.0,CALX
2023-06-14 14:48:00,51.97,51.97,51.97,51.97,265.0,CALX
2023-06-14 14:47:00,51.98,52.0,51.98,52.0,601.0,CALX
2023-06-14 14:46:00,51.93,51.93,51.93,51.93,650.0,CALX
2023-06-14 14:45:00,51.96,51.96,51.96,51.96,699.0,CALX
2023-06-14 14:44:00,51.91,52.01,51.91,52.01,830.0,CALX
2023-06-14 14:43:00,51.8,51.88,51.8,51.88,875.0,CALX
2023-06-14 14:41:00,51.86,51.91,51.855,51.91,897.0,CALX
2023-06-14 14:40:00,51.81,51.81,51.81,51.81,361.0,CALX
2023-06-14 14:39:00,51.85,51.87,51.785,51.785,1086.0,CALX
2023-06-14 14:38:00,51.83,51.83,51.83,51.83,584.0,CALX
2023-06-14 14:37:00,51.86,51.86,51.78,51.785,639.0,CALX
2023-06-14 14:36:00,51.8,51.8,51.8,51.8,493.0,CALX
2023-06-14 14:35:00,51.59,51.615,51.59,51.615,531.0,CALX
2023-06-14 14:34:00,51.68,51.68,51.665,51.665,511.0,CALX
2023-06-14 14:33:00,51.81,51.81,51.765,51.765,361.0,CALX
2023-06-14 14:32:00,51.61,51.64,51.6,51.64,968.0,CALX
2023-06-14 14:31:00,51.63,51.63,51.63,51.63,607.0,CALX
2023-06-14 14:30:00,51.64,51.68,51.64,51.66,1000.0,CALX
2023-06-14 14:29:00,51.65,51.65,51.65,51.65,2871.0,CALX
2023-06-14 14:28:00,51.64,51.65,51.64,51.65,554.0,CALX
2023-06-14 14:27:00,51.69,51.7,51.64,51.64,777.0,CALX
2023-06-14 14:25:00,51.58,51.58,51.58,51.58,420.0,CALX
2023-06-14 14:24:00,51.675,51.675,51.675,51.675,263.0,CALX
2023-06-14 14:23:00,51.65,51.65,51.65,51.65,157.0,CALX
2023-06-14 14:22:00,51.76,51.76,51.63,51.63,431.0,CALX
2023-06-14 14:21:00,51.76,51.81,51.76,51.81,403.0,CALX
2023-06-14 14:19:00,51.71,51.71,51.71,51.71,483.0,CALX
2023-06-14 14:18:00,51.76,51.82,51.695,51.82,1240.0,CALX
2023-06-14 14:17:00,51.8,51.82,51.78,51.785,1717.0,CALX
2023-06-14 14:16:00,51.845,51.907,51.8,51.907,841.0,CALX
2023-06-14 14:15:00,51.795,51.795,51.795,51.795,315.0,CALX
2023-06-14 14:14:00,51.79,51.86,51.79,51.85,419.0,CALX
2023-06-14 14:13:00,51.79,51.85,51.78,51.85,1044.0,CALX
2023-06-14 14:12:00,51.885,51.885,51.8,51.8,604.0,CALX
2023-06-14 14:11:00,51.97,51.97,51.865,51.885,694.0,CALX
2023-06-14 14:10:00,51.88,51.97,51.88,51.97,837.0,CALX
2023-06-14 14:09:00,51.78,51.79,51.78,51.78,572.0,CALX
2023-06-14 14:08:00,51.64,51.7,51.64,51.7,276.0,CALX
2023-06-14 14:07:00,51.83,51.83,51.75,51.75,767.0,CALX
2023-06-14 14:05:00,51.93,51.93,51.93,51.93,186.0,CALX
2023-06-14 14:04:00,51.99,52.05,51.98,52.02,1138.0,CALX
2023-06-14 14:02:00,52.11,52.11,52.03,52.07,663.0,CALX
2023-06-14 14:01:00,52.1,52.1,52.07,52.09,1089.0,CALX
2023-06-14 14:00:00,52.3,52.3,52.22,52.22,606.0,CALX
2023-06-14 13:55:00,52.29,52.34,52.29,52.34,803.0,CALX
2023-06-14 13:54:00,52.37,52.37,52.32,52.32,1961.0,CALX
2023-06-14 13:53:00,52.36,52.37,52.36,52.37,316.0,CALX
2023-06-14 13:52:00,52.39,52.39,52.39,52.39,330.0,CALX
2023-06-14 13:51:00,52.417,52.417,52.37,52.38,821.0,CALX
2023-06-14 13:48:00,52.39,52.39,52.39,52.39,314.0,CALX
2023-06-14 13:46:00,52.35,52.35,52.32,52.32,436.0,CALX
2023-06-14 13:44:00,52.355,52.355,52.355,52.355,215.0,CALX
2023-06-14 13:43:00,52.32,52.32,52.32,52.32,629.0,CALX
2023-06-14 13:37:00,52.28,52.28,52.27,52.28,944.0,CALX
2023-06-14 13:36:00,52.335,52.335,52.285,52.285,603.0,CALX
2023-06-14 13:33:00,52.31,52.31,52.31,52.31,285.0,CALX
2023-06-14 13:31:00,52.3,52.3,52.27,52.3,815.0,CALX
2023-06-14 13:30:00,52.37,52.37,52.28,52.28,488.0,CALX
2023-06-14 13:27:00,52.29,52.32,52.29,52.31,848.0,CALX
2023-06-14 13:25:00,52.28,52.28,52.28,52.28,207.0,CALX
2023-06-14 13:23:00,52.28,52.28,52.28,52.28,200.0,CALX
2023-06-14 13:22:00,52.27,52.27,52.26,52.26,409.0,CALX
2023-06-14 13:21:00,52.3,52.3,52.26,52.26,1273.0,CALX
2023-06-14 13:19:00,52.32,52.32,52.3,52.32,795.0,CALX
2023-06-14 13:16:00,52.34,52.36,52.31,52.36,1462.0,CALX
2023-06-14 13:15:00,52.34,52.34,52.34,52.34,595.0,CALX
2023-06-14 13:12:00,52.36,52.36,52.35,52.355,546.0,CALX
2023-06-14 13:11:00,52.37,52.37,52.37,52.37,637.0,CALX
2023-06-14 13:09:00,52.37,52.38,52.37,52.38,695.0,CALX
2023-06-14 13:05:00,52.33,52.34,52.33,52.34,890.0,CALX
2023-06-14 13:03:00,52.37,52.37,52.37,52.37,438.0,CALX
2023-06-14 13:00:00,52.4,52.4,52.4,52.4,735.0,CALX
2023-06-14 12:58:00,52.45,52.45,52.45,52.45,712.0,CALX
2023-06-14 12:57:00,52.42,52.42,52.41,52.41,1160.0,CALX
2023-06-14 12:56:00,52.42,52.42,52.42,52.42,101.0,CALX
2023-06-14 12:55:00,52.447,52.447,52.447,52.447,300.0,CALX
2023-06-14 12:52:00,52.45,52.45,52.45,52.45,353.0,CALX
2023-06-14 12:47:00,52.37,52.37,52.37,52.37,147.0,CALX
2023-06-14 12:46:00,52.37,52.37,52.37,52.37,185.0,CALX
2023-06-14 12:45:00,52.4,52.41,52.4,52.41,606.0,CALX
2023-06-14 12:40:00,52.38,52.39,52.38,52.385,444.0,CALX
2023-06-14 12:38:00,52.4,52.41,52.4,52.41,574.0,CALX
2023-06-14 12:36:00,52.44,52.47,52.43,52.43,807.0,CALX
2023-06-14 12:31:00,52.5,52.5,52.47,52.5,983.0,CALX
2023-06-14 12:30:00,52.5,52.5,52.5,52.5,100.0,CALX
2023-06-14 12:27:00,52.5,52.5,52.5,52.5,230.0,CALX
2023-06-14 12:26:00,52.5,52.5,52.5,52.5,272.0,CALX
2023-06-14 12:24:00,52.43,52.53,52.43,52.53,3803.0,CALX
2023-06-14 12:19:00,52.44,52.44,52.44,52.44,941.0,CALX
2023-06-14 12:17:00,52.39,52.39,52.39,52.39,686.0,CALX
2023-06-14 12:16:00,52.35,52.35,52.328,52.328,823.0,CALX
2023-06-14 12:14:00,52.35,52.35,52.35,52.35,280.0,CALX
2023-06-14 12:13:00,52.315,52.315,52.315,52.315,173.0,CALX
2023-06-14 12:07:00,52.28,52.28,52.28,52.28,397.0,CALX
2023-06-14 12:05:00,52.24,52.24,52.24,52.24,653.0,CALX
2023-06-14 12:04:00,52.34,52.34,52.23,52.23,1306.0,CALX
2023-06-14 12:03:00,52.39,52.39,52.39,52.39,346.0,CALX
2023-06-14 12:01:00,52.44,52.44,52.34,52.34,1627.0,CALX
2023-06-14 11:59:00,52.44,52.51,52.44,52.49,1007.0,CALX
2023-06-14 11:57:00,52.49,52.49,52.49,52.49,124.0,CALX
2023-06-14 11:56:00,52.49,52.49,52.49,52.49,601.0,CALX
2023-06-14 11:54:00,52.518,52.518,52.518,52.518,250.0,CALX
2023-06-14 11:53:00,52.48,52.49,52.48,52.49,541.0,CALX
2023-06-14 11:50:00,52.49,52.51,52.49,52.51,1302.0,CALX
2023-06-14 11:44:00,52.56,52.56,52.5,52.5,1417.0,CALX
2023-06-14 11:43:00,52.58,52.58,52.58,52.58,524.0,CALX
2023-06-14 11:42:00,52.551,52.551,52.551,52.551,206.0,CALX
2023-06-14 11:41:00,52.54,52.54,52.54,52.54,548.0,CALX
2023-06-14 11:40:00,52.58,52.58,52.58,52.58,208.0,CALX
2023-06-14 11:37:00,52.61,52.61,52.61,52.61,211.0,CALX
2023-06-14 11:34:00,52.51,52.51,52.51,52.51,711.0,CALX
2023-06-14 11:33:00,52.54,52.54,52.5,52.51,1019.0,CALX
2023-06-14 11:32:00,52.59,52.59,52.55,52.565,709.0,CALX
2023-06-14 11:30:00,52.65,52.65,52.65,52.65,313.0,CALX
2023-06-14 11:27:00,52.63,52.63,52.63,52.63,288.0,CALX
2023-06-14 11:25:00,52.66,52.66,52.66,52.66,120.0,CALX
2023-06-14 11:24:00,52.59,52.59,52.59,52.59,158.0,CALX
2023-06-14 11:23:00,52.58,52.58,52.58,52.58,204.0,CALX
2023-06-14 11:22:00,52.59,52.59,52.59,52.59,320.0,CALX
2023-06-14 11:21:00,52.53,52.55,52.53,52.55,450.0,CALX
2023-06-14 11:20:00,52.457,52.52,52.458,52.52,553.0,CALX
2023-06-14 11:19:00,52.44,52.44,52.44,52.44,138.0,CALX
2023-06-14 11:18:00,52.45,52.45,52.45,52.45,304.0,CALX
2023-06-14 11:16:00,52.39,52.39,52.39,52.39,259.0,CALX
2023-06-14 11:10:00,52.37,52.39,52.37,52.39,649.0,CALX
2023-06-14 11:09:00,52.315,52.315,52.315,52.315,137.0,CALX
2023-06-14 11:08:00,52.37,52.37,52.37,52.37,251.0,CALX
2023-06-14 11:04:00,52.4,52.424,52.4,52.424,542.0,CALX
2023-06-14 11:03:00,52.41,52.41,52.41,52.41,398.0,CALX
2023-06-14 10:59:00,52.436,52.436,52.31,52.34,1806.0,CALX
2023-06-14 10:58:00,52.46,52.46,52.42,52.42,1138.0,CALX
2023-06-14 10:56:00,52.51,52.51,52.51,52.51,1103.0,CALX
2023-06-14 10:55:00,52.51,52.51,52.51,52.51,417.0,CALX
2023-06-14 10:54:00,52.53,52.53,52.53,52.53,371.0,CALX
2023-06-14 10:50:00,52.47,52.47,52.47,52.47,211.0,CALX
2023-06-14 10:49:00,52.48,52.48,52.48,52.48,306.0,CALX
2023-06-14 10:48:00,52.61,52.61,52.5,52.5,609.0,CALX
2023-06-14 10:47:00,52.6,52.6,52.6,52.6,160.0,CALX
2023-06-14 10:45:00,52.73,52.73,52.63,52.63,945.0,CALX
2023-06-14 10:42:00,52.7,52.7,52.7,52.7,394.0,CALX
2023-06-14 10:40:00,52.76,52.775,52.74,52.775,877.0,CALX
2023-06-14 10:38:00,52.61,52.61,52.61,52.61,295.0,CALX
2023-06-14 10:35:00,52.635,52.635,52.59,52.615,711.0,CALX
2023-06-14 10:34:00,52.72,52.72,52.69,52.69,1242.0,CALX
2023-06-14 10:32:00,52.66,52.66,52.66,52.66,158.0,CALX
2023-06-14 10:30:00,52.59,52.59,52.59,52.59,142.0,CALX
2023-06-14 10:28:00,52.53,52.53,52.53,52.53,305.0,CALX
2023-06-14 10:25:00,52.64,52.64,52.57,52.57,1077.0,CALX
2023-06-14 10:24:00,52.63,52.72,52.57,52.67,2603.0,CALX
2023-06-14 10:22:00,52.61,52.61,52.61,52.61,116.0,CALX
2023-06-14 10:20:00,52.64,52.64,52.64,52.64,208.0,CALX
2023-06-14 10:18:00,52.64,52.64,52.62,52.64,869.0,CALX
2023-06-14 10:15:00,52.57,52.57,52.525,52.525,630.0,CALX
2023-06-14 10:14:00,52.58,52.58,52.58,52.58,293.0,CALX
2023-06-14 10:13:00,52.695,52.73,52.62,52.72,1229.0,CALX
2023-06-14 10:10:00,52.7,52.7,52.7,52.7,130.0,CALX
2023-06-14 10:08:00,52.695,52.695,52.645,52.645,353.0,CALX
2023-06-14 10:04:00,52.575,52.575,52.575,52.575,199.0,CALX
2023-06-14 10:02:00,52.57,52.57,52.57,52.57,315.0,CALX
2023-06-14 09:56:00,52.75,52.75,52.69,52.69,727.0,CALX
2023-06-14 09:55:00,52.845,52.93,52.75,52.888,4113.0,CALX
2023-06-14 09:53:00,52.89,52.89,52.76,52.86,2133.0,CALX
2023-06-14 09:52:00,53.01,53.01,53.01,53.01,123.0,CALX
2023-06-14 09:49:00,53.01,53.01,52.98,52.98,659.0,CALX
2023-06-14 09:47:00,53.46,53.46,53.01,53.01,2190.0,CALX
2023-06-14 09:44:00,53.18,53.18,53.18,53.18,106.0,CALX
2023-06-14 09:43:00,53.12,53.24,53.12,53.24,1781.0,CALX
2023-06-14 09:42:00,53.11,53.11,52.99,52.99,299.0,CALX
2023-06-14 09:41:00,52.96,53.04,52.87,53.01,759.0,CALX
2023-06-14 09:40:00,52.865,52.865,52.865,52.865,106.0,CALX
2023-06-14 09:38:00,52.92,52.92,52.92,52.92,246.0,CALX
2023-06-14 09:37:00,52.61,52.835,52.61,52.835,3383.0,CALX
2023-06-14 09:36:00,52.64,52.67,52.5,52.645,2474.0,CALX
2023-06-14 09:33:00,52.53,52.53,52.53,52.53,215.0,CALX
2023-06-14 09:32:00,52.565,52.565,52.55,52.55,388.0,CALX
2023-06-14 09:30:00,52.68,53.07,52.68,53.07,1631.0,CALX
2023-06-14 07:26:00,52.26,52.26,52.26,52.26,1.0,CALX
2023-06-13 19:00:00,52.79,52.79,52.79,52.79,94878.0,CALX
2023-06-13 18:44:00,52.32,52.32,52.32,52.32,11.0,CALX
2023-06-13 18:30:00,52.79,52.79,52.79,52.79,94878.0,CALX
2023-06-13 17:00:00,53.23,53.23,53.23,53.23,2.0,CALX
2023-06-13 16:54:00,52.79,52.79,52.79,52.79,1601.0,CALX
2023-06-13 16:15:00,52.9,52.9,52.9,52.9,1.0,CALX
2023-06-13 16:10:00,52.79,52.79,52.79,52.79,94878.0,CALX
2023-06-13 16:02:00,52.79,52.79,52.79,52.79,350.0,CALX
2023-06-13 16:01:00,52.79,52.79,52.79,52.79,6988.0,CALX
2023-06-13 16:00:00,52.79,52.79,52.79,52.79,200612.0,CALX
2023-06-13 15:59:00,52.705,52.8,52.7,52.79,20798.0,CALX
2023-06-13 15:58:00,52.71,52.71,52.7,52.705,6324.0,CALX
2023-06-13 15:57:00,52.72,52.725,52.71,52.71,4178.0,CALX
2023-06-13 15:56:00,52.625,52.73,52.62,52.72,8604.0,CALX
2023-06-13 15:55:00,52.61,52.635,52.61,52.62,3764.0,CALX
2023-06-13 15:54:00,52.635,52.65,52.62,52.62,5053.0,CALX
2023-06-13 15:53:00,52.63,52.635,52.63,52.63,988.0,CALX
2023-06-13 15:52:00,52.54,52.64,52.535,52.64,5618.0,CALX
2023-06-13 15:51:00,52.63,52.63,52.535,52.535,4049.0,CALX
2023-06-13 15:50:00,52.61,52.64,52.6,52.639,3634.0,CALX
2023-06-13 15:49:00,52.599,52.63,52.599,52.63,2498.0,CALX
2023-06-13 15:48:00,52.64,52.64,52.585,52.585,2085.0,CALX
2023-06-13 15:47:00,52.57,52.66,52.57,52.66,2679.0,CALX
2023-06-13 15:46:00,52.56,52.56,52.55,52.55,1105.0,CALX
2023-06-13 15:45:00,52.51,52.53,52.51,52.53,2939.0,CALX
2023-06-13 15:44:00,52.53,52.54,52.495,52.51,1889.0,CALX
2023-06-13 15:43:00,52.59,52.59,52.57,52.579,2656.0,CALX
2023-06-13 15:42:00,52.55,52.59,52.55,52.57,688.0,CALX
2023-06-13 15:41:00,52.566,52.57,52.55,52.56,1996.0,CALX
2023-06-13 15:40:00,52.55,52.57,52.55,52.57,1570.0,CALX
2023-06-13 15:39:00,52.53,52.55,52.53,52.55,799.0,CALX
2023-06-13 15:38:00,52.5,52.525,52.5,52.515,1485.0,CALX
2023-06-13 15:36:00,52.55,52.55,52.55,52.55,1212.0,CALX
2023-06-13 15:35:00,52.525,52.525,52.525,52.525,278.0,CALX
2023-06-13 15:34:00,52.525,52.525,52.5,52.5,393.0,CALX
2023-06-13 15:33:00,52.53,52.53,52.53,52.53,158.0,CALX
2023-06-13 15:32:00,52.6,52.6,52.54,52.56,2398.0,CALX
2023-06-13 15:31:00,52.67,52.69,52.6,52.6,8258.0,CALX
2023-06-13 15:30:00,52.62,52.64,52.62,52.64,2942.0,CALX
2023-06-13 15:29:00,52.62,52.62,52.62,52.62,125.0,CALX
2023-06-13 15:28:00,52.595,52.595,52.595,52.595,305.0,CALX
2023-06-13 15:27:00,52.5,52.595,52.48,52.595,5291.0,CALX
2023-06-13 15:26:00,52.509,52.51,52.5,52.5,985.0,CALX
2023-06-13 15:25:00,52.48,52.48,52.47,52.47,280.0,CALX
2023-06-13 15:24:00,52.53,52.53,52.47,52.47,1365.0,CALX
2023-06-13 15:23:00,52.61,52.61,52.54,52.54,1943.0,CALX
2023-06-13 15:22:00,52.59,52.59,52.59,52.59,271.0,CALX
2023-06-13 15:21:00,52.603,52.603,52.59,52.6,1137.0,CALX
2023-06-13 15:20:00,52.595,52.625,52.595,52.6,1671.0,CALX
2023-06-13 15:19:00,52.6,52.6,52.6,52.6,331.0,CALX
2023-06-13 15:18:00,52.64,52.64,52.64,52.64,427.0,CALX
2023-06-13 15:16:00,52.6,52.66,52.58,52.66,2627.0,CALX
2023-06-13 15:15:00,52.62,52.62,52.6,52.6,986.0,CALX
2023-06-13 15:14:00,52.62,52.62,52.62,52.62,211.0,CALX
2023-06-13 15:13:00,52.65,52.65,52.65,52.65,337.0,CALX
2023-06-13 15:12:00,52.62,52.62,52.62,52.62,521.0,CALX
2023-06-13 15:11:00,52.63,52.63,52.63,52.63,162.0,CALX
2023-06-13 15:10:00,52.68,52.68,52.64,52.64,442.0,CALX
2023-06-13 15:09:00,52.73,52.73,52.71,52.71,533.0,CALX
2023-06-13 15:08:00,52.74,52.74,52.74,52.74,205.0,CALX
2023-06-13 15:07:00,52.82,52.82,52.78,52.78,1249.0,CALX
2023-06-13 15:05:00,52.81,52.81,52.8,52.81,731.0,CALX
2023-06-13 15:04:00,52.83,52.83,52.8,52.81,958.0,CALX
2023-06-13 15:02:00,52.86,52.86,52.83,52.83,931.0,CALX
2023-06-13 15:01:00,52.82,52.89,52.82,52.88,2778.0,CALX
2023-06-13 14:59:00,52.81,52.81,52.81,52.81,453.0,CALX
2023-06-13 14:58:00,52.8,52.81,52.8,52.81,301.0,CALX
2023-06-13 14:56:00,52.82,52.82,52.8,52.8,356.0,CALX
2023-06-13 14:55:00,52.74,52.8,52.74,52.8,795.0,CALX
2023-06-13 14:53:00,52.73,52.73,52.72,52.72,1052.0,CALX
2023-06-13 14:52:00,52.71,52.71,52.71,52.71,139.0,CALX
2023-06-13 14:51:00,52.68,52.705,52.68,52.705,410.0,CALX
2023-06-13 14:50:00,52.7,52.7,52.7,52.7,262.0,CALX
2023-06-13 14:49:00,52.72,52.755,52.68,52.68,1153.0,CALX
2023-06-13 14:48:00,52.7,52.72,52.7,52.72,979.0,CALX
2023-06-13 14:46:00,52.63,52.65,52.63,52.65,1886.0,CALX
2023-06-13 14:45:00,52.63,52.63,52.63,52.63,227.0,CALX
2023-06-13 14:43:00,52.58,52.58,52.58,52.58,172.0,CALX
2023-06-13 14:40:00,52.63,52.63,52.63,52.63,787.0,CALX
2023-06-13 14:39:00,52.64,52.66,52.64,52.66,764.0,CALX
2023-06-13 14:36:00,52.6,52.615,52.6,52.615,405.0,CALX
2023-06-13 14:35:00,52.565,52.565,52.565,52.565,119.0,CALX
2023-06-13 14:34:00,52.54,52.56,52.53,52.55,1545.0,CALX
2023-06-13 14:32:00,52.55,52.58,52.54,52.58,1501.0,CALX
2023-06-13 14:31:00,52.56,52.56,52.56,52.56,591.0,CALX
2023-06-13 14:29:00,52.53,52.54,52.53,52.54,1333.0,CALX
2023-06-13 14:28:00,52.49,52.52,52.48,52.502,1855.0,CALX
2023-06-13 14:27:00,52.52,52.52,52.49,52.52,2366.0,CALX
2023-06-13 14:26:00,52.55,52.55,52.52,52.52,2799.0,CALX
2023-06-13 14:25:00,52.56,52.56,52.55,52.55,471.0,CALX
2023-06-13 14:23:00,52.59,52.59,52.59,52.59,241.0,CALX
2023-06-13 14:20:00,52.66,52.69,52.63,52.63,2425.0,CALX
2023-06-13 14:19:00,52.635,52.639,52.635,52.639,489.0,CALX
2023-06-13 14:15:00,52.65,52.68,52.65,52.66,901.0,CALX
2023-06-13 14:14:00,52.65,52.65,52.612,52.645,328.0,CALX
2023-06-13 14:12:00,52.5,52.65,52.47,52.65,3280.0,CALX
2023-06-13 14:11:00,52.52,52.52,52.5,52.5,639.0,CALX
2023-06-13 14:10:00,52.57,52.57,52.5,52.5,929.0,CALX
2023-06-13 14:08:00,52.6,52.6,52.6,52.6,606.0,CALX
2023-06-13 14:07:00,52.62,52.62,52.61,52.61,1208.0,CALX
2023-06-13 14:06:00,52.62,52.62,52.62,52.62,331.0,CALX
2023-06-13 14:02:00,52.79,52.79,52.75,52.75,544.0,CALX
2023-06-13 14:01:00,52.79,52.79,52.79,52.79,103.0,CALX
2023-06-13 14:00:00,52.815,52.815,52.815,52.815,273.0,CALX
2023-06-13 13:59:00,52.84,52.84,52.84,52.84,174.0,CALX
2023-06-13 13:58:00,52.8,52.83,52.8,52.83,651.0,CALX
2023-06-13 13:57:00,52.8,52.8,52.8,52.8,306.0,CALX
2023-06-13 13:56:00,52.83,52.84,52.83,52.84,924.0,CALX
2023-06-13 13:55:00,52.86,52.86,52.86,52.86,637.0,CALX
2023-06-13 13:52:00,52.87,52.87,52.83,52.83,656.0,CALX
2023-06-13 13:51:00,52.91,52.91,52.9,52.91,773.0,CALX
2023-06-13 13:50:00,52.92,52.92,52.92,52.92,330.0,CALX
2023-06-13 13:48:00,52.95,52.95,52.95,52.95,229.0,CALX
2023-06-13 13:47:00,52.96,52.965,52.95,52.95,903.0,CALX
2023-06-13 13:45:00,52.96,52.96,52.96,52.96,105.0,CALX
2023-06-13 13:44:00,53.0,53.0,53.0,53.0,243.0,CALX
2023-06-13 13:43:00,52.99,52.99,52.99,52.99,151.0,CALX
2023-06-13 13:42:00,52.97,52.99,52.97,52.99,949.0,CALX
2023-06-13 13:41:00,52.92,52.92,52.92,52.92,173.0,CALX
2023-06-13 13:39:00,52.92,52.92,52.92,52.92,487.0,CALX
2023-06-13 13:37:00,52.99,52.99,52.98,52.98,933.0,CALX
2023-06-13 13:35:00,52.96,52.97,52.96,52.96,1483.0,CALX
2023-06-13 13:34:00,52.94,52.94,52.94,52.94,122.0,CALX
2023-06-13 13:33:00,52.94,52.96,52.94,52.96,270.0,CALX
2023-06-13 13:31:00,52.95,52.95,52.95,52.95,204.0,CALX
2023-06-13 13:26:00,52.9,52.94,52.89,52.94,1922.0,CALX
2023-06-13 13:25:00,52.95,52.95,52.91,52.91,1396.0,CALX
2023-06-13 13:23:00,52.95,52.95,52.92,52.92,837.0,CALX
2023-06-13 13:21:00,52.92,52.92,52.92,52.92,103.0,CALX
2023-06-13 13:20:00,52.93,52.98,52.93,52.98,214.0,CALX
2023-06-13 13:19:00,52.98,52.98,52.96,52.96,588.0,CALX
2023-06-13 13:17:00,52.91,52.95,52.91,52.95,1458.0,CALX
2023-06-13 13:16:00,52.91,52.91,52.91,52.91,927.0,CALX
2023-06-13 13:14:00,52.86,52.86,52.86,52.86,134.0,CALX
2023-06-13 13:13:00,52.88,52.88,52.87,52.87,568.0,CALX
2023-06-13 13:11:00,52.91,52.91,52.91,52.91,517.0,CALX
2023-06-13 13:10:00,52.94,52.94,52.92,52.92,301.0,CALX
2023-06-13 13:08:00,53.05,53.05,52.97,52.97,1534.0,CALX
2023-06-13 13:07:00,53.04,53.04,53.04,53.04,220.0,CALX
2023-06-13 13:06:00,53.05,53.05,53.05,53.05,534.0,CALX
2023-06-13 13:00:00,53.0,53.0,53.0,53.0,258.0,CALX
2023-06-13 12:58:00,52.91,52.94,52.91,52.94,1618.0,CALX
2023-06-13 12:57:00,52.85,52.85,52.85,52.85,157.0,CALX
2023-06-13 12:55:00,52.85,52.85,52.85,52.85,370.0,CALX
2023-06-13 12:54:00,52.85,52.85,52.85,52.85,145.0,CALX
2023-06-13 12:53:00,52.85,52.91,52.85,52.91,474.0,CALX
2023-06-13 12:51:00,52.85,52.85,52.85,52.85,156.0,CALX
2023-06-13 12:50:00,52.86,52.86,52.86,52.86,111.0,CALX
2023-06-13 12:49:00,52.86,52.86,52.86,52.86,560.0,CALX
2023-06-13 12:48:00,52.88,52.88,52.88,52.88,125.0,CALX
2023-06-13 12:47:00,52.88,52.89,52.87,52.875,900.0,CALX
2023-06-13 12:46:00,52.88,52.88,52.88,52.88,206.0,CALX
2023-06-13 12:45:00,52.91,52.91,52.91,52.91,647.0,CALX
2023-06-13 12:44:00,52.87,52.87,52.87,52.87,245.0,CALX
2023-06-13 12:41:00,52.9,52.9,52.9,52.9,332.0,CALX
2023-06-13 12:39:00,52.92,52.92,52.88,52.88,811.0,CALX
2023-06-13 12:38:00,52.94,52.98,52.94,52.98,1236.0,CALX
2023-06-13 12:35:00,52.888,52.91,52.888,52.91,749.0,CALX
2023-06-13 12:34:00,52.86,52.86,52.86,52.86,154.0,CALX
2023-06-13 12:33:00,52.875,52.875,52.875,52.875,109.0,CALX
2023-06-13 12:32:00,52.81,52.85,52.81,52.85,791.0,CALX
2023-06-13 12:31:00,52.785,52.785,52.785,52.785,106.0,CALX
2023-06-13 12:30:00,52.66,52.82,52.66,52.81,2388.0,CALX
2023-06-13 12:28:00,52.68,52.68,52.68,52.68,117.0,CALX
2023-06-13 12:27:00,52.68,52.68,52.68,52.68,138.0,CALX
2023-06-13 12:26:00,52.71,52.71,52.71,52.71,238.0,CALX
2023-06-13 12:25:00,52.77,52.77,52.75,52.76,1206.0,CALX
2023-06-13 12:24:00,52.77,52.77,52.77,52.77,107.0,CALX
2023-06-13 12:22:00,52.78,52.78,52.78,52.78,145.0,CALX
2023-06-13 12:21:00,52.78,52.78,52.78,52.78,124.0,CALX
2023-06-13 12:20:00,52.82,52.84,52.79,52.815,693.0,CALX
2023-06-13 12:18:00,52.835,52.84,52.835,52.84,1601.0,CALX
2023-06-13 12:17:00,52.835,52.835,52.835,52.835,123.0,CALX
2023-06-13 12:16:00,52.85,52.85,52.85,52.85,599.0,CALX
2023-06-13 12:15:00,52.82,52.82,52.82,52.82,511.0,CALX
2023-06-13 12:14:00,52.855,52.855,52.855,52.855,519.0,CALX
2023-06-13 12:12:00,52.855,52.855,52.855,52.855,120.0,CALX
2023-06-13 12:11:00,52.82,52.84,52.82,52.84,972.0,CALX
2023-06-13 12:10:00,52.785,52.785,52.785,52.785,310.0,CALX
2023-06-13 12:06:00,52.75,52.75,52.75,52.75,1089.0,CALX
2023-06-13 12:05:00,52.7,52.75,52.69,52.72,904.0,CALX
2023-06-13 12:04:00,52.58,52.64,52.58,52.64,946.0,CALX
2023-06-13 12:03:00,52.58,52.58,52.58,52.58,108.0,CALX
2023-06-13 12:01:00,52.55,52.59,52.55,52.59,1234.0,CALX
2023-06-13 12:00:00,52.51,52.54,52.49,52.54,11848.0,CALX
2023-06-13 11:59:00,52.56,52.56,52.49,52.51,3612.0,CALX
2023-06-13 11:58:00,52.51,52.53,52.51,52.53,2082.0,CALX
2023-06-13 11:57:00,52.57,52.57,52.52,52.52,1241.0,CALX
2023-06-13 11:54:00,52.54,52.56,52.54,52.56,1033.0,CALX
2023-06-13 11:53:00,52.6,52.6,52.6,52.6,105.0,CALX
2023-06-13 11:52:00,52.57,52.6,52.57,52.6,557.0,CALX
2023-06-13 11:50:00,52.58,52.58,52.57,52.58,570.0,CALX
2023-06-13 11:43:00,52.63,52.63,52.63,52.63,215.0,CALX
2023-06-13 11:42:00,52.54,52.63,52.54,52.63,1286.0,CALX
2023-06-13 11:41:00,52.51,52.51,52.51,52.51,230.0,CALX
2023-06-13 11:40:00,52.51,52.58,52.51,52.51,2625.0,CALX
2023-06-13 11:39:00,52.51,52.52,52.51,52.51,359.0,CALX
2023-06-13 11:38:00,52.57,52.57,52.55,52.55,1021.0,CALX
2023-06-13 11:37:00,52.615,52.615,52.59,52.59,328.0,CALX
2023-06-13 11:36:00,52.59,52.59,52.59,52.59,241.0,CALX
2023-06-13 11:35:00,52.6,52.6,52.6,52.6,342.0,CALX
2023-06-13 11:34:00,52.64,52.64,52.6,52.6,306.0,CALX
2023-06-13 11:33:00,52.61,52.61,52.61,52.61,189.0,CALX
2023-06-13 11:31:00,52.72,52.72,52.72,52.72,101.0,CALX
2023-06-13 11:30:00,52.69,52.71,52.68,52.71,983.0,CALX
2023-06-13 11:28:00,52.6,52.6,52.6,52.6,531.0,CALX
2023-06-13 11:27:00,52.63,52.63,52.57,52.6,1298.0,CALX
2023-06-13 11:26:00,52.66,52.66,52.66,52.66,100.0,CALX
2023-06-13 11:25:00,52.68,52.68,52.655,52.68,495.0,CALX
2023-06-13 11:24:00,52.66,52.66,52.64,52.64,667.0,CALX
2023-06-13 11:23:00,52.79,52.79,52.73,52.73,3125.0,CALX
2023-06-13 11:20:00,52.755,52.755,52.72,52.72,712.0,CALX
2023-06-13 11:19:00,52.71,52.76,52.7,52.76,1102.0,CALX
2023-06-13 11:16:00,52.69,52.69,52.65,52.65,203.0,CALX
2023-06-13 11:15:00,52.62,52.71,52.62,52.7,1800.0,CALX
2023-06-13 11:14:00,52.7,52.71,52.7,52.71,256.0,CALX
2023-06-13 11:13:00,52.67,52.69,52.67,52.69,495.0,CALX
2023-06-13 11:12:00,52.63,52.67,52.63,52.67,1426.0,CALX
2023-06-13 11:11:00,52.59,52.59,52.59,52.59,109.0,CALX
2023-06-13 11:10:00,52.61,52.63,52.59,52.63,309.0,CALX
2023-06-13 11:09:00,52.59,52.59,52.59,52.59,105.0,CALX
2023-06-13 11:06:00,52.61,52.61,52.61,52.61,344.0,CALX
2023-06-13 11:05:00,52.66,52.705,52.66,52.705,374.0,CALX
2023-06-13 11:04:00,52.53,52.68,52.53,52.64,1768.0,CALX
2023-06-13 11:03:00,52.53,52.53,52.53,52.53,100.0,CALX
2023-06-13 11:02:00,52.575,52.59,52.56,52.58,1022.0,CALX
2023-06-13 11:01:00,52.6,52.6,52.6,52.6,208.0,CALX
2023-06-13 11:00:00,52.6,52.6,52.6,52.6,153.0,CALX
2023-06-13 10:59:00,52.68,52.68,52.6,52.655,1113.0,CALX
2023-06-13 10:57:00,52.73,52.73,52.73,52.73,487.0,CALX
2023-06-13 10:56:00,52.75,52.76,52.75,52.75,856.0,CALX
2023-06-13 10:54:00,52.661,52.661,52.661,52.661,101.0,CALX
2023-06-13 10:53:00,52.72,52.75,52.66,52.66,733.0,CALX
2023-06-13 10:51:00,52.76,52.76,52.66,52.66,971.0,CALX
2023-06-13 10:48:00,52.83,52.83,52.83,52.83,143.0,CALX
2023-06-13 10:47:00,52.64,52.85,52.59,52.85,12187.0,CALX
2023-06-13 10:46:00,52.82,52.82,52.71,52.71,1427.0,CALX
2023-06-13 10:45:00,52.89,52.89,52.81,52.87,1358.0,CALX
2023-06-13 10:44:00,52.91,52.91,52.91,52.91,376.0,CALX
2023-06-13 10:43:00,52.955,52.955,52.88,52.88,328.0,CALX
2023-06-13 10:42:00,53.005,53.005,53.005,53.005,463.0,CALX
2023-06-13 10:40:00,53.01,53.01,53.01,53.01,406.0,CALX
2023-06-13 10:39:00,53.09,53.095,53.09,53.095,511.0,CALX
2023-06-13 10:38:00,53.162,53.162,53.162,53.162,200.0,CALX
2023-06-13 10:37:00,53.07,53.07,53.07,53.07,475.0,CALX
2023-06-13 10:36:00,53.145,53.145,53.145,53.145,154.0,CALX
2023-06-13 10:35:00,53.07,53.07,53.07,53.07,511.0,CALX
2023-06-13 10:34:00,52.93,53.055,52.93,53.055,910.0,CALX
2023-06-13 10:33:00,52.93,52.93,52.93,52.93,421.0,CALX
2023-06-13 10:32:00,52.83,52.91,52.83,52.91,1095.0,CALX
2023-06-13 10:31:00,52.9,52.9,52.82,52.82,868.0,CALX
2023-06-13 10:30:00,52.9,52.92,52.9,52.9,1120.0,CALX
2023-06-13 10:29:00,52.89,52.89,52.89,52.89,887.0,CALX
2023-06-13 10:27:00,52.865,52.865,52.86,52.86,618.0,CALX
2023-06-13 10:26:00,52.75,52.84,52.75,52.84,1955.0,CALX
2023-06-13 10:25:00,52.695,52.695,52.695,52.695,131.0,CALX
2023-06-13 10:24:00,52.72,52.72,52.69,52.69,938.0,CALX
2023-06-13 10:23:00,52.73,52.765,52.73,52.765,1894.0,CALX
2023-06-13 10:22:00,52.68,52.68,52.63,52.63,305.0,CALX
2023-06-13 10:21:00,52.61,52.61,52.61,52.61,216.0,CALX
2023-06-13 10:20:00,52.61,52.61,52.61,52.61,103.0,CALX
2023-06-13 10:19:00,52.61,52.61,52.61,52.61,109.0,CALX
2023-06-13 10:18:00,52.73,52.73,52.6,52.6,323.0,CALX
2023-06-13 10:17:00,52.67,52.67,52.67,52.67,131.0,CALX
2023-06-13 10:15:00,52.85,52.85,52.81,52.81,758.0,CALX
2023-06-13 10:14:00,52.83,52.93,52.83,52.85,2131.0,CALX
2023-06-13 10:13:00,52.78,52.79,52.68,52.68,641.0,CALX
2023-06-13 10:12:00,52.93,52.93,52.93,52.93,1004.0,CALX
2023-06-13 10:10:00,52.85,52.93,52.85,52.93,1064.0,CALX
2023-06-13 10:07:00,52.84,52.86,52.84,52.86,362.0,CALX
2023-06-13 10:06:00,53.23,53.23,53.02,53.02,1451.0,CALX
2023-06-13 10:05:00,53.09,53.2,53.09,53.2,928.0,CALX
2023-06-13 10:04:00,53.02,53.03,52.91,53.01,3430.0,CALX
2023-06-13 10:03:00,52.91,53.03,52.91,52.98,4423.0,CALX
2023-06-13 10:01:00,52.87,52.97,52.87,52.97,1168.0,CALX
2023-06-13 10:00:00,52.83,52.83,52.83,52.83,693.0,CALX
2023-06-13 09:59:00,52.8,52.8,52.749,52.749,720.0,CALX
2023-06-13 09:58:00,52.71,52.71,52.71,52.71,201.0,CALX
2023-06-13 09:57:00,52.71,52.71,52.71,52.71,346.0,CALX
2023-06-13 09:56:00,52.75,52.75,52.75,52.75,139.0,CALX
2023-06-13 09:55:00,52.805,52.805,52.74,52.74,337.0,CALX
2023-06-13 09:54:00,52.74,52.74,52.74,52.74,160.0,CALX
2023-06-13 09:53:00,52.73,52.73,52.73,52.73,189.0,CALX
2023-06-13 09:52:00,52.72,52.72,52.72,52.72,118.0,CALX
2023-06-13 09:51:00,52.95,52.95,52.88,52.89,843.0,CALX
2023-06-13 09:49:00,52.78,52.92,52.73,52.92,2093.0,CALX
2023-06-13 09:48:00,52.99,52.99,52.8,52.86,1918.0,CALX
2023-06-13 09:47:00,53.14,53.14,53.1,53.1,691.0,CALX
2023-06-13 09:46:00,53.27,53.27,53.14,53.14,546.0,CALX
2023-06-13 09:45:00,53.355,53.41,53.355,53.41,368.0,CALX
2023-06-13 09:43:00,53.37,53.37,53.36,53.37,641.0,CALX
2023-06-13 09:42:00,53.4,53.55,53.4,53.53,842.0,CALX
2023-06-13 09:41:00,53.72,53.72,53.48,53.48,3158.0,CALX
2023-06-13 09:40:00,53.56,53.56,53.55,53.55,236.0,CALX
2023-06-13 09:37:00,53.48,53.48,53.43,53.43,728.0,CALX
2023-06-13 09:33:00,53.695,53.695,53.695,53.695,112.0,CALX
2023-06-13 09:30:00,53.72,53.895,53.72,53.895,3169.0,CALX
2023-06-13 08:43:00,54.0,54.0,54.0,54.0,1.0,CALX
2023-06-12 19:00:00,53.23,53.23,53.23,53.23,65215.0,CALX
2023-06-12 18:30:00,53.23,53.23,53.23,53.23,65215.0,CALX
2023-06-12 18:26:00,51.59,51.59,51.59,51.59,1.0,CALX
2023-06-12 18:22:00,51.59,51.59,51.59,51.59,1.0,CALX
2023-06-12 18:06:00,55.0,55.0,55.0,55.0,1.0,CALX
2023-06-12 17:39:00,53.56,53.56,53.56,53.56,50.0,CALX
2023-06-12 17:00:00,53.23,53.23,53.23,53.23,1.0,CALX
2023-06-12 16:10:00,53.23,53.23,53.23,53.23,65215.0,CALX
2023-06-12 16:01:00,53.23,53.23,53.23,53.23,2302.0,CALX
2023-06-12 16:00:00,53.25,53.25,53.23,53.23,142723.0,CALX
2023-06-12 15:59:00,53.32,53.33,53.2,53.25,32100.0,CALX
2023-06-12 15:58:00,53.355,53.36,53.31,53.315,6802.0,CALX
2023-06-12 15:57:00,53.37,53.4,53.355,53.355,9832.0,CALX
2023-06-12 15:56:00,53.35,53.38,53.35,53.37,5752.0,CALX
2023-06-12 15:55:00,53.33,53.395,53.32,53.35,7668.0,CALX
2023-06-12 15:54:00,53.39,53.39,53.325,53.33,8302.0,CALX
2023-06-12 15:53:00,53.26,53.39,53.26,53.39,8064.0,CALX
2023-06-12 15:52:00,53.27,53.34,53.27,53.27,5534.0,CALX
2023-06-12 15:51:00,53.32,53.32,53.225,53.25,5031.0,CALX
2023-06-12 15:50:00,53.38,53.405,53.32,53.32,4438.0,CALX
2023-06-12 15:49:00,53.33,53.369,53.33,53.36,2630.0,CALX
2023-06-12 15:48:00,53.37,53.38,53.34,53.34,3844.0,CALX
2023-06-12 15:47:00,53.36,53.38,53.345,53.38,3105.0,CALX
2023-06-12 15:46:00,53.28,53.35,53.28,53.345,1746.0,CALX
2023-06-12 15:45:00,53.23,53.28,53.23,53.28,5364.0,CALX
2023-06-12 15:44:00,53.25,53.25,53.24,53.24,1178.0,CALX
2023-06-12 15:43:00,53.25,53.25,53.22,53.24,1846.0,CALX
2023-06-12 15:42:00,53.265,53.265,53.23,53.23,1093.0,CALX
2023-06-12 15:41:00,53.26,53.26,53.24,53.24,808.0,CALX
2023-06-12 15:40:00,53.275,53.275,53.24,53.245,1955.0,CALX
2023-06-12 15:39:00,53.195,53.27,53.195,53.27,1949.0,CALX
2023-06-12 15:38:00,53.15,53.2,53.13,53.195,2186.0,CALX
2023-06-12 15:37:00,53.2,53.22,53.15,53.15,1146.0,CALX
2023-06-12 15:36:00,53.25,53.25,53.25,53.25,1085.0,CALX
2023-06-12 15:35:00,53.27,53.27,53.27,53.27,651.0,CALX
2023-06-12 15:34:00,53.29,53.3,53.275,53.29,1800.0,CALX
2023-06-12 15:33:00,53.25,53.285,53.245,53.27,2669.0,CALX
2023-06-12 15:32:00,53.385,53.385,53.28,53.28,2544.0,CALX
2023-06-12 15:31:00,53.37,53.385,53.37,53.385,774.0,CALX
2023-06-12 15:30:00,53.39,53.43,53.39,53.39,1369.0,CALX
2023-06-12 15:29:00,53.37,53.41,53.37,53.39,1071.0,CALX
2023-06-12 15:28:00,53.35,53.37,53.35,53.37,707.0,CALX
2023-06-12 15:27:00,53.35,53.35,53.35,53.35,737.0,CALX
2023-06-12 15:26:00,53.31,53.33,53.295,53.33,1919.0,CALX
2023-06-12 15:25:00,53.31,53.33,53.31,53.33,1245.0,CALX
2023-06-12 15:24:00,53.28,53.3,53.28,53.3,307.0,CALX
2023-06-12 15:22:00,53.3,53.3,53.275,53.3,738.0,CALX
2023-06-12 15:21:00,53.25,53.3,53.25,53.28,2038.0,CALX
2023-06-12 15:20:00,53.3,53.38,53.28,53.3,7220.0,CALX
2023-06-12 15:19:00,53.3,53.3,53.25,53.29,3328.0,CALX
2023-06-12 15:18:00,53.26,53.31,53.26,53.3,2980.0,CALX
2023-06-12 15:17:00,53.25,53.25,53.25,53.25,913.0,CALX
2023-06-12 15:16:00,53.24,53.24,53.24,53.24,623.0,CALX
2023-06-12 15:15:00,53.24,53.27,53.24,53.27,824.0,CALX
2023-06-12 15:14:00,53.29,53.29,53.24,53.24,1346.0,CALX
2023-06-12 15:13:00,53.26,53.27,53.255,53.27,808.0,CALX
2023-06-12 15:12:00,53.21,53.23,53.208,53.23,1285.0,CALX
2023-06-12 15:11:00,53.22,53.22,53.195,53.195,1371.0,CALX
2023-06-12 15:10:00,53.25,53.25,53.23,53.25,1060.0,CALX
2023-06-12 15:09:00,53.25,53.26,53.24,53.26,929.0,CALX
2023-06-12 15:08:00,53.21,53.23,53.21,53.23,827.0,CALX
2023-06-12 15:07:00,53.21,53.21,53.21,53.21,855.0,CALX
2023-06-12 15:06:00,53.21,53.21,53.17,53.17,1005.0,CALX
2023-06-12 15:05:00,53.25,53.25,53.22,53.22,1625.0,CALX
2023-06-12 15:04:00,53.23,53.235,53.23,53.235,769.0,CALX
2023-06-12 15:03:00,53.25,53.25,53.23,53.24,633.0,CALX
2023-06-12 15:02:00,53.25,53.25,53.25,53.25,318.0,CALX
2023-06-12 15:01:00,53.2,53.215,53.2,53.215,1038.0,CALX
2023-06-12 15:00:00,53.16,53.2,53.16,53.2,1545.0,CALX
2023-06-12 14:59:00,53.17,53.19,53.17,53.17,1710.0,CALX
2023-06-12 14:58:00,53.157,53.16,53.157,53.16,493.0,CALX
2023-06-12 14:57:00,53.13,53.16,53.13,53.16,830.0,CALX
2023-06-12 14:56:00,53.12,53.12,53.12,53.12,345.0,CALX
2023-06-12 14:55:00,53.14,53.14,53.1,53.1,2092.0,CALX
2023-06-12 14:52:00,53.09,53.165,53.09,53.156,3148.0,CALX
2023-06-12 14:51:00,53.07,53.07,53.07,53.07,663.0,CALX
2023-06-12 14:50:00,53.09,53.09,53.09,53.09,203.0,CALX
2023-06-12 14:49:00,53.08,53.08,53.08,53.08,709.0,CALX
2023-06-12 14:48:00,53.05,53.07,53.05,53.07,836.0,CALX
2023-06-12 14:47:00,53.02,53.02,53.02,53.02,313.0,CALX
2023-06-12 14:46:00,53.045,53.045,53.045,53.045,155.0,CALX
2023-06-12 14:45:00,52.99,53.045,52.99,53.045,2416.0,CALX
2023-06-12 14:44:00,52.97,52.97,52.97,52.97,121.0,CALX
2023-06-12 14:43:00,53.0,53.0,52.93,52.93,2084.0,CALX
2023-06-12 14:42:00,53.03,53.03,53.03,53.03,449.0,CALX
2023-06-12 14:41:00,53.005,53.02,53.005,53.02,905.0,CALX
2023-06-12 14:40:00,53.0,53.01,53.0,53.0,1725.0,CALX
2023-06-12 14:39:00,52.97,53.0,52.97,53.0,2109.0,CALX
2023-06-12 14:38:00,53.0,53.0,52.97,52.97,370.0,CALX
2023-06-12 14:37:00,53.04,53.04,53.0,53.0,840.0,CALX
2023-06-12 14:36:00,53.08,53.08,53.08,53.08,511.0,CALX
2023-06-12 14:35:00,53.08,53.08,53.08,53.08,662.0,CALX
2023-06-12 14:34:00,53.06,53.07,53.06,53.07,806.0,CALX
2023-06-12 14:33:00,53.06,53.09,53.06,53.09,914.0,CALX
2023-06-12 14:32:00,53.05,53.05,53.05,53.05,155.0,CALX
2023-06-12 14:31:00,53.025,53.05,53.0,53.02,1136.0,CALX
2023-06-12 14:30:00,52.95,53.04,52.95,53.04,3004.0,CALX
2023-06-12 14:29:00,52.97,52.97,52.97,52.97,259.0,CALX
2023-06-12 14:28:00,53.02,53.02,53.02,53.02,460.0,CALX
2023-06-12 14:26:00,53.04,53.04,53.015,53.015,310.0,CALX
2023-06-12 14:25:00,52.95,52.99,52.95,52.99,1172.0,CALX
2023-06-12 14:24:00,52.95,52.95,52.95,52.95,327.0,CALX
2023-06-12 14:23:00,52.905,52.93,52.905,52.91,2045.0,CALX
2023-06-12 14:22:00,52.99,52.99,52.93,52.93,1317.0,CALX
2023-06-12 14:21:00,52.99,52.99,52.99,52.99,735.0,CALX
2023-06-12 14:20:00,52.98,53.01,52.975,52.99,1984.0,CALX
2023-06-12 14:17:00,52.96,52.96,52.96,52.96,272.0,CALX
2023-06-12 14:16:00,52.95,52.96,52.95,52.96,698.0,CALX
2023-06-12 14:15:00,52.99,52.99,52.98,52.98,759.0,CALX
2023-06-12 14:14:00,52.99,52.99,52.97,52.97,889.0,CALX
2023-06-12 14:12:00,52.99,53.01,52.99,52.99,1763.0,CALX
2023-06-12 14:10:00,52.979,52.979,52.94,52.94,839.0,CALX
2023-06-12 14:09:00,52.95,52.95,52.95,52.95,856.0,CALX
2023-06-12 14:08:00,52.925,52.925,52.925,52.925,251.0,CALX
2023-06-12 14:07:00,52.92,52.925,52.92,52.925,4964.0,CALX
2023-06-12 14:06:00,52.9,52.92,52.9,52.9,1057.0,CALX
2023-06-12 14:05:00,52.86,52.86,52.855,52.855,993.0,CALX
2023-06-12 14:04:00,52.9,52.925,52.9,52.9,2035.0,CALX
2023-06-12 14:02:00,52.94,52.94,52.89,52.89,1147.0,CALX
2023-06-12 14:00:00,52.87,52.905,52.87,52.905,702.0,CALX
2023-06-12 13:58:00,52.83,52.83,52.83,52.83,190.0,CALX
2023-06-12 13:56:00,52.735,52.8,52.735,52.8,1814.0,CALX
2023-06-12 13:55:00,52.75,52.75,52.745,52.745,1217.0,CALX
2023-06-12 13:54:00,52.77,52.77,52.77,52.77,118.0,CALX
2023-06-12 13:52:00,52.76,52.76,52.76,52.76,438.0,CALX
2023-06-12 13:51:00,52.73,52.73,52.73,52.73,248.0,CALX
2023-06-12 13:50:00,52.755,52.768,52.755,52.768,918.0,CALX
2023-06-12 13:49:00,52.79,52.79,52.79,52.79,369.0,CALX
2023-06-12 13:47:00,52.694,52.73,52.694,52.73,246.0,CALX
2023-06-12 13:46:00,52.74,52.74,52.74,52.74,337.0,CALX
2023-06-12 13:45:00,52.72,52.72,52.72,52.72,426.0,CALX
2023-06-12 13:43:00,52.63,52.69,52.63,52.69,570.0,CALX
2023-06-12 13:42:00,52.57,52.63,52.57,52.63,2589.0,CALX
2023-06-12 13:41:00,52.57,52.57,52.57,52.57,775.0,CALX
2023-06-12 13:40:00,52.58,52.59,52.58,52.59,535.0,CALX
2023-06-12 13:37:00,52.6,52.6,52.55,52.55,685.0,CALX
2023-06-12 13:36:00,52.61,52.63,52.61,52.63,586.0,CALX
2023-06-12 13:35:00,52.62,52.62,52.61,52.61,1202.0,CALX
2023-06-12 13:34:00,52.45,52.635,52.44,52.635,8183.0,CALX
2023-06-12 13:33:00,52.58,52.58,52.49,52.49,1322.0,CALX
2023-06-12 13:30:00,52.64,52.68,52.6,52.6,1673.0,CALX
2023-06-12 13:29:00,52.69,52.69,52.66,52.66,566.0,CALX
2023-06-12 13:28:00,52.75,52.75,52.71,52.72,1798.0,CALX
2023-06-12 13:25:00,52.78,52.78,52.78,52.78,302.0,CALX
2023-06-12 13:24:00,52.76,52.76,52.75,52.75,552.0,CALX
2023-06-12 13:23:00,52.78,52.78,52.78,52.78,205.0,CALX
2023-06-12 13:22:00,52.754,52.76,52.75,52.76,832.0,CALX
2023-06-12 13:20:00,52.8,52.8,52.8,52.8,138.0,CALX
2023-06-12 13:19:00,52.732,52.77,52.732,52.77,1664.0,CALX
2023-06-12 13:15:00,52.727,52.745,52.727,52.745,304.0,CALX
2023-06-12 13:12:00,52.74,52.76,52.73,52.76,1137.0,CALX
2023-06-12 13:11:00,52.72,52.73,52.72,52.73,800.0,CALX
2023-06-12 13:09:00,52.65,52.68,52.65,52.65,970.0,CALX
2023-06-12 13:08:00,52.64,52.64,52.61,52.635,1203.0,CALX
2023-06-12 13:07:00,52.665,52.665,52.65,52.65,561.0,CALX
2023-06-12 13:06:00,52.68,52.68,52.68,52.68,107.0,CALX
2023-06-12 13:05:00,52.66,52.7,52.66,52.69,1557.0,CALX
2023-06-12 13:04:00,52.61,52.64,52.61,52.64,408.0,CALX
2023-06-12 13:03:00,52.62,52.64,52.62,52.63,1639.0,CALX
2023-06-12 13:02:00,52.59,52.59,52.59,52.59,610.0,CALX
2023-06-12 13:01:00,52.61,52.61,52.61,52.61,668.0,CALX
2023-06-12 13:00:00,52.6,52.61,52.6,52.61,851.0,CALX
2023-06-12 12:59:00,52.56,52.56,52.56,52.56,102.0,CALX
2023-06-12 12:57:00,52.57,52.57,52.57,52.57,547.0,CALX
2023-06-12 12:55:00,52.605,52.605,52.6,52.6,417.0,CALX
2023-06-12 12:52:00,52.63,52.63,52.58,52.605,1631.0,CALX
2023-06-12 12:50:00,52.63,52.63,52.63,52.63,104.0,CALX
2023-06-12 12:49:00,52.59,52.59,52.59,52.59,681.0,CALX
2023-06-12 12:48:00,52.55,52.55,52.55,52.55,635.0,CALX
2023-06-12 12:47:00,52.55,52.55,52.55,52.55,231.0,CALX
2023-06-12 12:46:00,52.52,52.55,52.52,52.55,430.0,CALX
2023-06-12 12:45:00,52.52,52.55,52.52,52.55,785.0,CALX
2023-06-12 12:44:00,52.495,52.495,52.495,52.495,300.0,CALX
2023-06-12 12:43:00,52.495,52.495,52.495,52.495,510.0,CALX
2023-06-12 12:41:00,52.48,52.5,52.48,52.49,1594.0,CALX
2023-06-12 12:40:00,52.5,52.5,52.48,52.48,1056.0,CALX
2023-06-12 12:39:00,52.535,52.535,52.535,52.535,316.0,CALX
2023-06-12 12:37:00,52.49,52.52,52.49,52.52,1385.0,CALX
2023-06-12 12:36:00,52.48,52.5,52.48,52.5,592.0,CALX
2023-06-12 12:35:00,52.48,52.48,52.48,52.48,182.0,CALX
2023-06-12 12:34:00,52.45,52.46,52.45,52.46,817.0,CALX
2023-06-12 12:32:00,52.425,52.44,52.425,52.44,307.0,CALX
2023-06-12 12:31:00,52.43,52.43,52.43,52.43,450.0,CALX
2023-06-12 12:30:00,52.4,52.445,52.37,52.445,1438.0,CALX
2023-06-12 12:29:00,52.38,52.38,52.38,52.38,157.0,CALX
2023-06-12 12:28:00,52.37,52.39,52.37,52.39,717.0,CALX
2023-06-12 12:27:00,52.4,52.44,52.4,52.42,1319.0,CALX
2023-06-12 12:24:00,52.355,52.4,52.355,52.4,1168.0,CALX
2023-06-12 12:23:00,52.34,52.34,52.34,52.34,282.0,CALX
2023-06-12 12:21:00,52.36,52.36,52.36,52.36,315.0,CALX
2023-06-12 12:20:00,52.4,52.4,52.37,52.38,1353.0,CALX
2023-06-12 12:17:00,52.41,52.41,52.41,52.41,319.0,CALX
2023-06-12 12:15:00,52.44,52.44,52.44,52.44,100.0,CALX
2023-06-12 12:14:00,52.42,52.425,52.42,52.425,271.0,CALX
2023-06-12 12:13:00,52.39,52.39,52.39,52.39,476.0,CALX
2023-06-12 12:12:00,52.35,52.37,52.35,52.37,585.0,CALX
2023-06-12 12:11:00,52.41,52.41,52.4,52.4,745.0,CALX
2023-06-12 12:09:00,52.47,52.48,52.46,52.46,878.0,CALX
2023-06-12 12:07:00,52.505,52.505,52.505,52.505,445.0,CALX
2023-06-12 12:03:00,52.53,52.54,52.5,52.52,1378.0,CALX
2023-06-12 12:02:00,52.53,52.63,52.53,52.63,765.0,CALX
2023-06-12 11:59:00,52.46,52.5,52.46,52.49,1358.0,CALX
2023-06-12 11:58:00,52.45,52.45,52.45,52.45,344.0,CALX
2023-06-12 11:57:00,52.41,52.41,52.41,52.41,270.0,CALX
2023-06-12 11:56:00,52.38,52.4,52.38,52.4,857.0,CALX
2023-06-12 11:55:00,52.3,52.32,52.3,52.32,941.0,CALX
2023-06-12 11:54:00,52.27,52.27,52.27,52.27,128.0,CALX
2023-06-12 11:53:00,52.24,52.25,52.24,52.25,319.0,CALX
2023-06-12 11:52:00,52.26,52.26,52.26,52.26,201.0,CALX
2023-06-12 11:50:00,52.22,52.22,52.22,52.22,781.0,CALX
2023-06-12 11:49:00,52.13,52.13,52.13,52.13,592.0,CALX
2023-06-12 11:48:00,52.06,52.11,52.06,52.11,1334.0,CALX
2023-06-12 11:47:00,52.12,52.12,52.07,52.08,1939.0,CALX
2023-06-12 11:46:00,52.12,52.125,52.11,52.11,1065.0,CALX
2023-06-12 11:45:00,52.09,52.09,52.09,52.09,1111.0,CALX
2023-06-12 11:42:00,52.11,52.12,52.11,52.12,531.0,CALX
2023-06-12 11:41:00,52.13,52.13,52.12,52.12,552.0,CALX
2023-06-12 11:40:00,52.16,52.16,52.145,52.145,559.0,CALX
2023-06-12 11:38:00,52.2,52.2,52.18,52.18,887.0,CALX
2023-06-12 11:36:00,52.14,52.24,52.14,52.24,1340.0,CALX
2023-06-12 11:35:00,52.17,52.17,52.17,52.17,556.0,CALX
2023-06-12 11:33:00,52.19,52.199,52.14,52.14,719.0,CALX
2023-06-12 11:32:00,52.17,52.17,52.17,52.17,211.0,CALX
2023-06-12 11:30:00,52.16,52.16,52.145,52.145,560.0,CALX
2023-06-12 11:28:00,52.12,52.12,52.12,52.12,208.0,CALX
2023-06-12 11:27:00,52.11,52.13,52.1,52.12,1048.0,CALX
2023-06-12 11:25:00,52.1,52.1,52.095,52.095,323.0,CALX
2023-06-12 11:24:00,52.06,52.09,52.06,52.09,818.0,CALX
2023-06-12 11:23:00,52.14,52.14,52.08,52.08,953.0,CALX
2023-06-12 11:22:00,52.16,52.16,52.16,52.16,362.0,CALX
2023-06-12 11:21:00,52.23,52.235,52.155,52.155,1284.0,CALX
2023-06-12 11:20:00,52.43,52.43,52.24,52.24,2382.0,CALX
2023-06-12 11:17:00,52.375,52.42,52.375,52.42,487.0,CALX
2023-06-12 11:16:00,52.4,52.4,52.38,52.38,493.0,CALX
2023-06-12 11:14:00,52.44,52.46,52.44,52.46,364.0,CALX
2023-06-12 11:13:00,52.34,52.435,52.33,52.435,1276.0,CALX
2023-06-12 11:12:00,52.31,52.31,52.31,52.31,913.0,CALX
2023-06-12 11:11:00,52.29,52.29,52.265,52.265,209.0,CALX
2023-06-12 11:09:00,52.37,52.37,52.27,52.27,1871.0,CALX
2023-06-12 11:08:00,52.365,52.365,52.365,52.365,445.0,CALX
2023-06-12 11:07:00,52.39,52.39,52.38,52.38,305.0,CALX
2023-06-12 11:06:00,52.48,52.49,52.43,52.43,2252.0,CALX
2023-06-12 11:05:00,52.455,52.455,52.455,52.455,101.0,CALX
2023-06-12 11:00:00,52.455,52.455,52.455,52.455,103.0,CALX
2023-06-12 10:59:00,52.475,52.475,52.47,52.47,424.0,CALX
2023-06-12 10:58:00,52.42,52.495,52.42,52.421,740.0,CALX
2023-06-12 10:57:00,52.5,52.5,52.5,52.5,460.0,CALX
2023-06-12 10:55:00,52.34,52.44,52.34,52.44,846.0,CALX
2023-06-12 10:54:00,52.42,52.42,52.39,52.39,1037.0,CALX
2023-06-12 10:53:00,52.46,52.46,52.46,52.46,254.0,CALX
2023-06-12 10:51:00,52.44,52.46,52.44,52.46,695.0,CALX
2023-06-12 10:50:00,52.39,52.39,52.39,52.39,153.0,CALX
2023-06-12 10:49:00,52.411,52.412,52.37,52.412,1410.0,CALX
2023-06-12 10:48:00,52.45,52.46,52.43,52.43,1284.0,CALX
2023-06-12 10:46:00,52.48,52.485,52.48,52.485,644.0,CALX
2023-06-12 10:45:00,52.42,52.51,52.42,52.51,1485.0,CALX
2023-06-12 10:44:00,52.435,52.435,52.435,52.435,304.0,CALX
2023-06-12 10:42:00,52.45,52.45,52.41,52.44,344.0,CALX
2023-06-12 10:39:00,52.43,52.43,52.43,52.43,200.0,CALX
2023-06-12 10:38:00,52.39,52.44,52.3,52.44,2134.0,CALX
2023-06-12 10:37:00,52.53,52.53,52.445,52.445,1814.0,CALX
2023-06-12 10:34:00,52.53,52.53,52.53,52.53,200.0,CALX
2023-06-12 10:32:00,52.53,52.53,52.53,52.53,101.0,CALX
2023-06-12 10:30:00,52.52,52.54,52.51,52.54,820.0,CALX
2023-06-12 10:28:00,52.54,52.54,52.53,52.53,819.0,CALX
2023-06-12 10:27:00,52.45,52.46,52.45,52.455,489.0,CALX
2023-06-12 10:26:00,52.41,52.441,52.41,52.441,501.0,CALX
2023-06-12 10:25:00,52.49,52.49,52.49,52.49,342.0,CALX
2023-06-12 10:23:00,52.55,52.6,52.49,52.49,1533.0,CALX
2023-06-12 10:22:00,52.63,52.69,52.6,52.61,1257.0,CALX
2023-06-12 10:20:00,52.78,52.78,52.78,52.78,308.0,CALX
2023-06-12 10:19:00,52.72,52.72,52.72,52.72,482.0,CALX
2023-06-12 10:18:00,52.6,52.66,52.6,52.66,1004.0,CALX
2023-06-12 10:17:00,52.62,52.62,52.62,52.62,114.0,CALX
2023-06-12 10:16:00,52.65,52.65,52.621,52.621,211.0,CALX
2023-06-12 10:15:00,52.72,52.72,52.66,52.68,915.0,CALX
2023-06-12 10:14:00,52.73,52.82,52.72,52.82,881.0,CALX
2023-06-12 10:13:00,52.82,52.83,52.721,52.721,2138.0,CALX
2023-06-12 10:12:00,52.84,52.91,52.75,52.76,2004.0,CALX
2023-06-12 10:11:00,52.84,52.84,52.84,52.84,161.0,CALX
2023-06-12 10:10:00,52.83,52.84,52.83,52.84,385.0,CALX
2023-06-12 10:09:00,52.82,52.83,52.6,52.72,3357.0,CALX
2023-06-12 10:08:00,53.024,53.024,52.82,52.9,1971.0,CALX
2023-06-12 10:07:00,53.01,53.01,52.97,52.97,1494.0,CALX
2023-06-12 10:06:00,52.945,52.945,52.945,52.945,343.0,CALX
2023-06-12 10:05:00,52.81,52.95,52.79,52.881,3393.0,CALX
2023-06-12 10:02:00,52.88,52.88,52.88,52.88,109.0,CALX
2023-06-12 10:01:00,52.86,52.94,52.86,52.94,716.0,CALX
2023-06-12 10:00:00,52.57,52.67,52.57,52.67,1323.0,CALX
2023-06-12 09:58:00,52.46,52.46,52.46,52.46,300.0,CALX
2023-06-12 09:57:00,52.46,52.5,52.46,52.5,479.0,CALX
2023-06-12 09:53:00,52.415,52.46,52.415,52.46,320.0,CALX
2023-06-12 09:52:00,52.395,52.395,52.395,52.395,143.0,CALX
2023-06-12 09:51:00,52.3,52.38,52.3,52.38,385.0,CALX
2023-06-12 09:49:00,52.215,52.28,52.215,52.28,772.0,CALX
2023-06-12 09:48:00,52.37,52.37,52.18,52.19,1045.0,CALX
2023-06-12 09:47:00,52.245,52.25,52.23,52.23,841.0,CALX
2023-06-12 09:46:00,52.2,52.35,52.2,52.35,585.0,CALX
2023-06-12 09:45:00,52.17,52.17,52.17,52.17,675.0,CALX
2023-06-12 09:42:00,52.063,52.31,52.063,52.31,2122.0,CALX
2023-06-12 09:41:00,51.99,52.12,51.99,52.11,641.0,CALX
2023-06-12 09:39:00,51.805,51.88,51.805,51.88,622.0,CALX
2023-06-12 09:38:00,51.67,51.75,51.647,51.647,866.0,CALX
2023-06-12 09:37:00,51.6,51.6,51.6,51.6,214.0,CALX
2023-06-12 09:36:00,51.45,51.45,51.45,51.45,201.0,CALX
2023-06-12 09:35:00,51.53,51.53,51.45,51.45,1117.0,CALX
2023-06-12 09:33:00,51.61,51.61,51.557,51.557,771.0,CALX
2023-06-12 09:31:00,51.245,51.27,51.245,51.27,200.0,CALX
2023-06-12 09:30:00,51.74,51.74,51.74,51.74,1041.0,CALX
2023-06-12 08:02:00,52.99,52.99,52.99,52.99,10.0,CALX
2023-06-09 19:00:00,51.56,51.56,51.56,51.56,66263.0,CALX
2023-06-09 18:30:00,51.56,51.56,51.56,51.56,66263.0,CALX
2023-06-09 16:10:00,51.56,51.56,51.56,51.56,66263.0,CALX
2023-06-09 16:02:00,51.56,51.56,51.56,51.56,426.0,CALX
2023-06-09 16:01:00,51.56,51.56,51.56,51.56,1296.0,CALX
2023-06-09 16:00:00,51.57,51.57,51.52,51.56,139824.0,CALX
2023-06-09 15:59:00,51.58,51.6,51.52,51.57,13343.0,CALX
2023-06-09 15:58:00,51.59,51.615,51.57,51.58,9976.0,CALX
2023-06-09 15:57:00,51.59,51.59,51.55,51.58,10460.0,CALX
2023-06-09 15:56:00,51.59,51.6,51.57,51.587,4392.0,CALX
2023-06-09 15:55:00,51.568,51.59,51.53,51.59,9722.0,CALX
2023-06-09 15:54:00,51.58,51.6,51.57,51.6,4198.0,CALX
2023-06-09 15:53:00,51.61,51.61,51.571,51.571,2022.0,CALX
2023-06-09 15:52:00,51.6,51.65,51.6,51.61,4121.0,CALX
2023-06-09 15:51:00,51.58,51.6,51.56,51.59,4075.0,CALX
2023-06-09 15:50:00,51.54,51.59,51.53,51.59,5541.0,CALX
2023-06-09 15:49:00,51.51,51.56,51.5,51.56,3003.0,CALX
2023-06-09 15:48:00,51.55,51.55,51.5,51.5,5643.0,CALX
2023-06-09 15:47:00,51.575,51.58,51.545,51.57,3415.0,CALX
2023-06-09 15:46:00,51.55,51.58,51.55,51.58,3143.0,CALX
2023-06-09 15:45:00,51.521,51.56,51.52,51.56,4838.0,CALX
2023-06-09 15:44:00,51.538,51.55,51.52,51.54,3175.0,CALX
2023-06-09 15:43:00,51.52,51.54,51.5,51.53,811.0,CALX
2023-06-09 15:42:00,51.49,51.54,51.49,51.525,2968.0,CALX
2023-06-09 15:41:00,51.47,51.49,51.47,51.49,1884.0,CALX
2023-06-09 15:40:00,51.495,51.495,51.47,51.49,664.0,CALX
2023-06-09 15:39:00,51.51,51.51,51.49,51.51,1196.0,CALX
2023-06-09 15:38:00,51.465,51.5,51.431,51.5,2469.0,CALX
2023-06-09 15:37:00,51.49,51.49,51.44,51.465,4969.0,CALX
2023-06-09 15:36:00,51.49,51.515,51.49,51.49,511.0,CALX
2023-06-09 15:35:00,51.54,51.54,51.5,51.53,877.0,CALX
2023-06-09 15:34:00,51.49,51.54,51.49,51.54,1266.0,CALX
2023-06-09 15:33:00,51.48,51.49,51.471,51.49,2421.0,CALX
2023-06-09 15:32:00,51.49,51.5,51.48,51.48,646.0,CALX
2023-06-09 15:31:00,51.495,51.53,51.48,51.48,1976.0,CALX
2023-06-09 15:30:00,51.515,51.515,51.46,51.49,5014.0,CALX
2023-06-09 15:29:00,51.53,51.53,51.48,51.515,2309.0,CALX
2023-06-09 15:27:00,51.47,51.52,51.47,51.51,3813.0,CALX
2023-06-09 15:26:00,51.51,51.51,51.5,51.5,758.0,CALX
2023-06-09 15:25:00,51.49,51.51,51.48,51.48,2242.0,CALX
2023-06-09 15:24:00,51.52,51.52,51.49,51.5,1249.0,CALX
2023-06-09 15:23:00,51.56,51.56,51.54,51.54,1057.0,CALX
2023-06-09 15:22:00,51.58,51.58,51.58,51.58,200.0,CALX
2023-06-09 15:21:00,51.61,51.61,51.58,51.59,1370.0,CALX
2023-06-09 15:20:00,51.55,51.58,51.55,51.58,1745.0,CALX
2023-06-09 15:19:00,51.53,51.54,51.53,51.54,837.0,CALX
2023-06-09 15:18:00,51.49,51.5,51.485,51.5,798.0,CALX
2023-06-09 15:17:00,51.47,51.47,51.47,51.47,264.0,CALX
2023-06-09 15:16:00,51.48,51.48,51.48,51.48,235.0,CALX
2023-06-09 15:15:00,51.55,51.55,51.51,51.51,980.0,CALX
2023-06-09 15:14:00,51.48,51.53,51.48,51.53,1514.0,CALX
2023-06-09 15:13:00,51.508,51.508,51.46,51.485,1350.0,CALX
2023-06-09 15:12:00,51.495,51.5,51.495,51.5,649.0,CALX
2023-06-09 15:11:00,51.5,51.5,51.495,51.5,1122.0,CALX
2023-06-09 15:10:00,51.475,51.475,51.475,51.475,331.0,CALX
2023-06-09 15:09:00,51.475,51.475,51.45,51.475,1062.0,CALX
2023-06-09 15:07:00,51.465,51.48,51.465,51.48,543.0,CALX
2023-06-09 15:06:00,51.45,51.47,51.44,51.455,1971.0,CALX
2023-06-09 15:05:00,51.5,51.5,51.47,51.47,799.0,CALX
2023-06-09 15:04:00,51.48,51.48,51.475,51.475,719.0,CALX
2023-06-09 15:03:00,51.45,51.47,51.45,51.47,662.0,CALX
2023-06-09 15:02:00,51.405,51.44,51.405,51.44,2411.0,CALX
2023-06-09 15:01:00,51.405,51.405,51.38,51.4,310.0,CALX
2023-06-09 15:00:00,51.41,51.41,51.38,51.38,2072.0,CALX
2023-06-09 14:59:00,51.415,51.415,51.41,51.41,340.0,CALX
2023-06-09 14:57:00,51.41,51.43,51.41,51.43,1474.0,CALX
2023-06-09 14:56:00,51.41,51.41,51.41,51.41,306.0,CALX
2023-06-09 14:55:00,51.39,51.42,51.39,51.42,1190.0,CALX
2023-06-09 14:54:00,51.4,51.4,51.39,51.39,1125.0,CALX
2023-06-09 14:53:00,51.425,51.425,51.42,51.42,765.0,CALX
2023-06-09 14:52:00,51.41,51.41,51.41,51.41,657.0,CALX
2023-06-09 14:51:00,51.395,51.395,51.39,51.39,327.0,CALX
2023-06-09 14:50:00,51.39,51.39,51.39,51.39,237.0,CALX
2023-06-09 14:49:00,51.4,51.4,51.37,51.39,4044.0,CALX
2023-06-09 14:48:00,51.41,51.43,51.41,51.43,828.0,CALX
2023-06-09 14:47:00,51.402,51.41,51.38,51.41,2936.0,CALX
2023-06-09 14:46:00,51.41,51.41,51.39,51.39,306.0,CALX
2023-06-09 14:44:00,51.42,51.42,51.41,51.41,514.0,CALX
2023-06-09 14:43:00,51.4,51.4,51.4,51.4,522.0,CALX
2023-06-09 14:42:00,51.38,51.4,51.37,51.4,2115.0,CALX
2023-06-09 14:41:00,51.4,51.4,51.38,51.38,1917.0,CALX
2023-06-09 14:40:00,51.34,51.39,51.33,51.39,5683.0,CALX
2023-06-09 14:38:00,51.37,51.38,51.32,51.355,1569.0,CALX
2023-06-09 14:37:00,51.4,51.4,51.36,51.37,1407.0,CALX
2023-06-09 14:36:00,51.405,51.405,51.405,51.405,199.0,CALX
2023-06-09 14:35:00,51.42,51.42,51.41,51.42,521.0,CALX
2023-06-09 14:34:00,51.375,51.41,51.375,51.41,1127.0,CALX
2023-06-09 14:33:00,51.363,51.38,51.363,51.38,858.0,CALX
2023-06-09 14:32:00,51.385,51.4,51.38,51.38,1460.0,CALX
2023-06-09 14:31:00,51.4,51.4,51.4,51.4,349.0,CALX
2023-06-09 14:30:00,51.345,51.4,51.345,51.4,2383.0,CALX
2023-06-09 14:29:00,51.33,51.366,51.33,51.366,296.0,CALX
2023-06-09 14:28:00,51.37,51.38,51.355,51.38,1593.0,CALX
2023-06-09 14:27:00,51.4,51.4,51.4,51.4,253.0,CALX
2023-06-09 14:25:00,51.4,51.402,51.4,51.402,609.0,CALX
2023-06-09 14:24:00,51.42,51.42,51.42,51.42,899.0,CALX
2023-06-09 14:22:00,51.395,51.395,51.395,51.395,113.0,CALX
2023-06-09 14:21:00,51.38,51.38,51.38,51.38,433.0,CALX
2023-06-09 14:20:00,51.395,51.395,51.38,51.38,348.0,CALX
2023-06-09 14:19:00,51.36,51.36,51.36,51.36,166.0,CALX
2023-06-09 14:16:00,51.33,51.36,51.33,51.356,969.0,CALX
2023-06-09 14:13:00,51.402,51.42,51.375,51.41,1599.0,CALX
2023-06-09 14:12:00,51.41,51.41,51.41,51.41,173.0,CALX
2023-06-09 14:10:00,51.38,51.38,51.38,51.38,593.0,CALX
2023-06-09 14:09:00,51.38,51.38,51.345,51.38,1631.0,CALX
2023-06-09 14:06:00,51.38,51.39,51.37,51.38,1151.0,CALX
2023-06-09 14:05:00,51.32,51.38,51.32,51.38,1240.0,CALX
2023-06-09 14:04:00,51.32,51.32,51.32,51.32,491.0,CALX
2023-06-09 14:02:00,51.32,51.32,51.32,51.32,195.0,CALX
2023-06-09 14:00:00,51.34,51.34,51.34,51.34,340.0,CALX
2023-06-09 13:59:00,51.285,51.326,51.285,51.326,326.0,CALX
2023-06-09 13:58:00,51.29,51.34,51.29,51.34,633.0,CALX
2023-06-09 13:57:00,51.235,51.235,51.235,51.235,113.0,CALX
2023-06-09 13:56:00,51.3,51.3,51.25,51.25,350.0,CALX
2023-06-09 13:55:00,51.15,51.15,51.15,51.15,143.0,CALX
2023-06-09 13:54:00,51.19,51.19,51.19,51.19,200.0,CALX
2023-06-09 13:52:00,51.05,51.17,51.05,51.14,1061.0,CALX
2023-06-09 13:51:00,51.05,51.05,51.05,51.05,210.0,CALX
2023-06-09 13:50:00,51.05,51.14,51.05,51.14,219.0,CALX
2023-06-09 13:49:00,51.18,51.22,51.12,51.12,1219.0,CALX
2023-06-09 13:48:00,51.27,51.27,51.27,51.27,181.0,CALX
2023-06-09 13:47:00,51.235,51.235,51.235,51.235,505.0,CALX
2023-06-09 13:45:00,51.2,51.28,51.2,51.28,716.0,CALX
2023-06-09 13:44:00,51.16,51.2,51.16,51.2,751.0,CALX
2023-06-09 13:43:00,51.065,51.09,51.04,51.09,1798.0,CALX
2023-06-09 13:42:00,51.07,51.09,51.04,51.065,1501.0,CALX
2023-06-09 13:41:00,51.035,51.035,51.035,51.035,100.0,CALX
2023-06-09 13:40:00,51.05,51.05,51.05,51.05,381.0,CALX
2023-06-09 13:39:00,51.08,51.08,51.04,51.04,406.0,CALX
2023-06-09 13:38:00,51.045,51.045,51.046,51.045,154.0,CALX
2023-06-09 13:37:00,50.96,50.99,50.96,50.99,855.0,CALX
2023-06-09 13:34:00,51.08,51.08,50.96,50.96,1781.0,CALX
2023-06-09 13:33:00,51.03,51.03,51.03,51.03,105.0,CALX
2023-06-09 13:32:00,51.09,51.09,51.03,51.05,1256.0,CALX
2023-06-09 13:30:00,51.095,51.095,51.095,51.095,160.0,CALX
2023-06-09 13:29:00,51.06,51.09,51.06,51.09,585.0,CALX
2023-06-09 13:28:00,51.0,51.01,51.0,51.01,687.0,CALX
2023-06-09 13:27:00,50.89,50.95,50.89,50.95,1668.0,CALX
2023-06-09 13:26:00,50.905,50.905,50.905,50.905,156.0,CALX
2023-06-09 13:24:00,50.96,50.96,50.96,50.96,217.0,CALX
2023-06-09 13:23:00,50.93,50.93,50.88,50.93,421.0,CALX
2023-06-09 13:22:00,50.78,50.85,50.77,50.85,3003.0,CALX
2023-06-09 13:21:00,50.84,50.84,50.815,50.83,827.0,CALX
2023-06-09 13:20:00,50.92,50.92,50.885,50.89,1388.0,CALX
2023-06-09 13:19:00,51.04,51.04,50.95,51.02,1833.0,CALX
2023-06-09 13:16:00,51.1,51.1,51.096,51.1,501.0,CALX
2023-06-09 13:15:00,51.1,51.1,51.1,51.1,501.0,CALX
2023-06-09 13:14:00,51.06,51.1,51.02,51.1,4081.0,CALX
2023-06-09 13:12:00,51.13,51.13,51.1,51.12,562.0,CALX
2023-06-09 13:11:00,51.08,51.08,51.08,51.08,809.0,CALX
2023-06-09 13:10:00,51.07,51.14,51.07,51.11,2185.0,CALX
2023-06-09 13:08:00,51.135,51.135,51.11,51.11,710.0,CALX
2023-06-09 13:07:00,51.155,51.18,51.155,51.18,317.0,CALX
2023-06-09 13:06:00,51.14,51.177,51.14,51.177,958.0,CALX
2023-06-09 13:05:00,51.17,51.18,51.15,51.18,1031.0,CALX
2023-06-09 13:04:00,51.2,51.2,51.2,51.2,108.0,CALX
2023-06-09 13:03:00,51.22,51.23,51.205,51.205,406.0,CALX
2023-06-09 13:02:00,51.27,51.27,51.27,51.27,397.0,CALX
2023-06-09 13:01:00,51.235,51.245,51.235,51.24,420.0,CALX
2023-06-09 13:00:00,51.19,51.19,51.19,51.19,267.0,CALX
2023-06-09 12:59:00,51.25,51.25,51.21,51.21,514.0,CALX
2023-06-09 12:58:00,51.29,51.29,51.29,51.29,200.0,CALX
2023-06-09 12:57:00,51.26,51.26,51.26,51.26,352.0,CALX
2023-06-09 12:56:00,51.25,51.26,51.22,51.26,2009.0,CALX
2023-06-09 12:55:00,51.3,51.34,51.27,51.29,1420.0,CALX
2023-06-09 12:54:00,51.32,51.345,51.32,51.345,329.0,CALX
2023-06-09 12:53:00,51.33,51.37,51.33,51.36,1035.0,CALX
2023-06-09 12:52:00,51.37,51.37,51.33,51.33,422.0,CALX
2023-06-09 12:51:00,51.33,51.37,51.33,51.37,591.0,CALX
2023-06-09 12:50:00,51.34,51.35,51.3,51.3,411.0,CALX
2023-06-09 12:49:00,51.32,51.34,51.32,51.34,572.0,CALX
2023-06-09 12:48:00,51.235,51.295,51.235,51.295,2489.0,CALX
2023-06-09 12:47:00,51.22,51.25,51.22,51.25,1332.0,CALX
2023-06-09 12:46:00,51.245,51.26,51.245,51.245,1315.0,CALX
2023-06-09 12:45:00,51.26,51.27,51.24,51.25,1239.0,CALX
2023-06-09 12:44:00,51.29,51.29,51.25,51.28,1399.0,CALX
2023-06-09 12:43:00,51.31,51.31,51.29,51.293,585.0,CALX
2023-06-09 12:42:00,51.27,51.31,51.27,51.306,559.0,CALX
2023-06-09 12:41:00,51.295,51.295,51.295,51.295,141.0,CALX
2023-06-09 12:40:00,51.3,51.3,51.3,51.3,357.0,CALX
2023-06-09 12:39:00,51.3,51.33,51.28,51.33,1778.0,CALX
2023-06-09 12:38:00,51.34,51.39,51.34,51.35,1690.0,CALX
2023-06-09 12:37:00,51.35,51.35,51.35,51.35,402.0,CALX
2023-06-09 12:36:00,51.34,51.39,51.33,51.35,4413.0,CALX
2023-06-09 12:35:00,51.316,51.34,51.315,51.325,1501.0,CALX
2023-06-09 12:34:00,51.38,51.38,51.32,51.335,601.0,CALX
2023-06-09 12:33:00,51.33,51.33,51.33,51.33,100.0,CALX
2023-06-09 12:32:00,51.34,51.34,51.33,51.33,337.0,CALX
2023-06-09 12:31:00,51.295,51.33,51.295,51.33,260.0,CALX
2023-06-09 12:30:00,51.31,51.31,51.31,51.31,696.0,CALX
2023-06-09 12:29:00,51.27,51.27,51.27,51.27,236.0,CALX
2023-06-09 12:28:00,51.275,51.275,51.27,51.27,205.0,CALX
2023-06-09 12:27:00,51.29,51.33,51.25,51.25,1600.0,CALX
2023-06-09 12:26:00,51.335,51.335,51.335,51.335,101.0,CALX
2023-06-09 12:25:00,51.335,51.335,51.335,51.335,181.0,CALX
2023-06-09 12:24:00,51.305,51.37,51.305,51.34,3193.0,CALX
2023-06-09 12:23:00,51.355,51.355,51.29,51.315,1168.0,CALX
2023-06-09 12:22:00,51.37,51.4,51.36,51.36,2719.0,CALX
2023-06-09 12:21:00,51.41,51.41,51.41,51.41,332.0,CALX
2023-06-09 12:20:00,51.42,51.43,51.42,51.43,695.0,CALX
2023-06-09 12:19:00,51.38,51.45,51.38,51.415,349.0,CALX
2023-06-09 12:18:00,51.41,51.43,51.36,51.43,2136.0,CALX
2023-06-09 12:17:00,51.44,51.44,51.44,51.44,140.0,CALX
2023-06-09 12:16:00,51.42,51.42,51.41,51.42,634.0,CALX
2023-06-09 12:15:00,51.46,51.46,51.46,51.46,201.0,CALX
2023-06-09 12:14:00,51.42,51.42,51.42,51.42,380.0,CALX
2023-06-09 12:13:00,51.42,51.42,51.42,51.42,193.0,CALX
2023-06-09 12:12:00,51.425,51.425,51.385,51.385,889.0,CALX
2023-06-09 12:11:00,51.35,51.49,51.35,51.415,1168.0,CALX
2023-06-09 12:10:00,51.35,51.35,51.35,51.35,111.0,CALX
2023-06-09 12:09:00,51.335,51.37,51.335,51.35,655.0,CALX
2023-06-09 12:08:00,51.37,51.42,51.33,51.355,682.0,CALX
2023-06-09 12:07:00,51.37,51.44,51.36,51.385,1714.0,CALX
2023-06-09 12:06:00,51.445,51.46,51.445,51.46,429.0,CALX
2023-06-09 12:04:00,51.5,51.5,51.5,51.5,100.0,CALX
2023-06-09 12:03:00,51.445,51.51,51.445,51.455,860.0,CALX
2023-06-09 12:02:00,51.42,51.5,51.42,51.445,1255.0,CALX
2023-06-09 12:01:00,51.39,51.45,51.385,51.43,1957.0,CALX
2023-06-09 12:00:00,51.4,51.43,51.39,51.43,914.0,CALX
2023-06-09 11:59:00,51.385,51.43,51.385,51.4,429.0,CALX
2023-06-09 11:58:00,51.41,51.43,51.39,51.39,583.0,CALX
2023-06-09 11:57:00,51.39,51.39,51.39,51.39,100.0,CALX
2023-06-09 11:56:00,51.425,51.425,51.38,51.39,1936.0,CALX
2023-06-09 11:55:00,51.41,51.415,51.41,51.415,638.0,CALX
2023-06-09 11:54:00,51.435,51.435,51.41,51.42,859.0,CALX
2023-06-09 11:53:00,51.445,51.47,51.445,51.46,484.0,CALX
2023-06-09 11:52:00,51.42,51.44,51.42,51.44,206.0,CALX
2023-06-09 11:50:00,51.46,51.46,51.44,51.44,558.0,CALX
2023-06-09 11:49:00,51.385,51.44,51.38,51.44,1484.0,CALX
2023-06-09 11:48:00,51.44,51.44,51.4,51.4,1041.0,CALX
2023-06-09 11:47:00,51.49,51.49,51.45,51.45,587.0,CALX
2023-06-09 11:46:00,51.5,51.5,51.45,51.49,873.0,CALX
2023-06-09 11:44:00,51.52,51.52,51.485,51.485,451.0,CALX
2023-06-09 11:43:00,51.53,51.53,51.5,51.5,845.0,CALX
2023-06-09 11:41:00,51.45,51.49,51.4,51.49,1904.0,CALX
2023-06-09 11:40:00,51.34,51.39,51.33,51.385,1145.0,CALX
2023-06-09 11:39:00,51.395,51.46,51.395,51.43,405.0,CALX
2023-06-09 11:37:00,51.415,51.415,51.415,51.415,200.0,CALX
2023-06-09 11:36:00,51.39,51.45,51.39,51.45,287.0,CALX
2023-06-09 11:35:00,51.35,51.46,51.345,51.385,1354.0,CALX
2023-06-09 11:34:00,51.29,51.33,51.29,51.33,728.0,CALX
2023-06-09 11:33:00,51.29,51.3,51.28,51.3,716.0,CALX
2023-06-09 11:32:00,51.23,51.29,51.23,51.29,467.0,CALX
2023-06-09 11:31:00,51.31,51.31,51.195,51.24,2954.0,CALX
2023-06-09 11:30:00,51.325,51.35,51.28,51.35,3250.0,CALX
2023-06-09 11:29:00,51.35,51.356,51.325,51.325,556.0,CALX
2023-06-09 11:28:00,51.325,51.36,51.32,51.325,682.0,CALX
2023-06-09 11:27:00,51.31,51.33,51.31,51.33,639.0,CALX
2023-06-09 11:26:00,51.345,51.38,51.305,51.305,962.0,CALX
2023-06-09 11:25:00,51.32,51.35,51.28,51.35,1952.0,CALX
2023-06-09 11:24:00,51.32,51.32,51.32,51.32,141.0,CALX
2023-06-09 11:23:00,51.336,51.34,51.31,51.32,789.0,CALX
2023-06-09 11:22:00,51.31,51.337,51.31,51.337,435.0,CALX
2023-06-09 11:21:00,51.35,51.36,51.32,51.34,2190.0,CALX
2023-06-09 11:20:00,51.35,51.355,51.35,51.355,211.0,CALX
2023-06-09 11:19:00,51.37,51.37,51.35,51.35,1484.0,CALX
2023-06-09 11:18:00,51.345,51.345,51.345,51.345,130.0,CALX
2023-06-09 11:17:00,51.345,51.345,51.31,51.345,914.0,CALX
2023-06-09 11:16:00,51.32,51.38,51.305,51.345,905.0,CALX
2023-06-09 11:15:00,51.29,51.325,51.25,51.275,1248.0,CALX
2023-06-09 11:14:00,51.29,51.29,51.29,51.29,121.0,CALX
2023-06-09 11:13:00,51.29,51.29,51.29,51.29,222.0,CALX
2023-06-09 11:12:00,51.39,51.39,51.29,51.29,1300.0,CALX
2023-06-09 11:11:00,51.345,51.345,51.345,51.345,1051.0,CALX
2023-06-09 11:10:00,51.37,51.39,51.36,51.36,647.0,CALX
2023-06-09 11:09:00,51.405,51.405,51.34,51.375,2761.0,CALX
2023-06-09 11:07:00,51.385,51.445,51.385,51.445,896.0,CALX
2023-06-09 11:06:00,51.385,51.385,51.385,51.385,250.0,CALX
2023-06-09 11:05:00,51.45,51.45,51.39,51.39,434.0,CALX
2023-06-09 11:04:00,51.375,51.43,51.37,51.37,511.0,CALX
2023-06-09 11:03:00,51.44,51.44,51.34,51.375,848.0,CALX
2023-06-09 11:02:00,51.36,51.39,51.36,51.39,587.0,CALX
2023-06-09 11:01:00,51.4,51.45,51.4,51.45,527.0,CALX
2023-06-09 11:00:00,51.4,51.4,51.4,51.4,155.0,CALX
2023-06-09 10:59:00,51.355,51.4,51.355,51.4,403.0,CALX
2023-06-09 10:58:00,51.36,51.38,51.355,51.355,747.0,CALX
2023-06-09 10:57:00,51.45,51.495,51.41,51.41,945.0,CALX
2023-06-09 10:55:00,51.445,51.52,51.445,51.52,1011.0,CALX
2023-06-09 10:54:00,51.445,51.48,51.445,51.445,826.0,CALX
2023-06-09 10:53:00,51.38,51.46,51.35,51.43,1466.0,CALX
2023-06-09 10:52:00,51.42,51.43,51.36,51.38,2941.0,CALX
2023-06-09 10:51:00,51.36,51.41,51.36,51.365,724.0,CALX
2023-06-09 10:50:00,51.405,51.45,51.35,51.375,2290.0,CALX
2023-06-09 10:49:00,51.41,51.43,51.35,51.35,1197.0,CALX
2023-06-09 10:47:00,51.44,51.44,51.44,51.44,160.0,CALX
2023-06-09 10:46:00,51.265,51.41,51.265,51.41,1064.0,CALX
2023-06-09 10:45:00,51.3,51.3,51.3,51.3,411.0,CALX
2023-06-09 10:43:00,51.32,51.33,51.27,51.305,5178.0,CALX
2023-06-09 10:42:00,51.36,51.385,51.32,51.32,1869.0,CALX
2023-06-09 10:41:00,51.39,51.39,51.38,51.385,2417.0,CALX
2023-06-09 10:39:00,51.4,51.42,51.36,51.42,1972.0,CALX
2023-06-09 10:38:00,51.41,51.41,51.4,51.4,1132.0,CALX
2023-06-09 10:36:00,51.37,51.435,51.37,51.43,2261.0,CALX
2023-06-09 10:35:00,51.44,51.44,51.44,51.44,1543.0,CALX
2023-06-09 10:34:00,51.435,51.5,51.39,51.5,1180.0,CALX
2023-06-09 10:33:00,51.42,51.485,51.42,51.47,638.0,CALX
2023-06-09 10:32:00,51.48,51.49,51.48,51.49,802.0,CALX
2023-06-09 10:31:00,51.67,51.67,51.54,51.54,3192.0,CALX
2023-06-09 10:29:00,51.605,51.605,51.605,51.605,302.0,CALX
2023-06-09 10:28:00,51.46,51.63,51.46,51.63,1352.0,CALX
2023-06-09 10:26:00,51.42,51.453,51.405,51.405,2284.0,CALX
2023-06-09 10:25:00,51.38,51.39,51.38,51.39,665.0,CALX
2023-06-09 10:24:00,51.42,51.42,51.315,51.42,3966.0,CALX
2023-06-09 10:23:00,51.35,51.49,51.35,51.47,4127.0,CALX
2023-06-09 10:21:00,51.365,51.37,51.365,51.37,254.0,CALX
2023-06-09 10:20:00,51.36,51.39,51.36,51.39,526.0,CALX
2023-06-09 10:19:00,51.36,51.37,51.36,51.37,490.0,CALX
2023-06-09 10:18:00,51.31,51.31,51.31,51.31,564.0,CALX
2023-06-09 10:17:00,51.28,51.31,51.28,51.31,642.0,CALX
2023-06-09 10:15:00,51.215,51.27,51.215,51.27,507.0,CALX
2023-06-09 10:12:00,51.22,51.22,51.22,51.22,208.0,CALX
2023-06-09 10:11:00,51.22,51.22,51.22,51.22,102.0,CALX
2023-06-09 10:10:00,51.2,51.21,51.2,51.21,1087.0,CALX
2023-06-09 10:09:00,51.12,51.12,51.12,51.12,333.0,CALX
2023-06-09 10:08:00,51.125,51.2,51.125,51.125,358.0,CALX
2023-06-09 10:06:00,51.03,51.13,50.91,51.13,2042.0,CALX
2023-06-09 10:05:00,50.955,51.03,50.95,51.03,953.0,CALX
2023-06-09 10:04:00,50.96,50.96,50.96,50.96,666.0,CALX
2023-06-09 10:03:00,51.15,51.15,51.15,51.15,141.0,CALX
2023-06-09 10:02:00,51.01,51.17,50.985,51.17,2638.0,CALX
2023-06-09 10:01:00,50.86,51.05,50.86,51.01,1788.0,CALX
2023-06-09 10:00:00,50.98,51.09,50.98,51.06,825.0,CALX
2023-06-09 09:59:00,51.11,51.11,51.11,51.11,244.0,CALX
2023-06-09 09:57:00,51.14,51.14,51.075,51.075,1240.0,CALX
2023-06-09 09:56:00,51.2,51.2,51.15,51.19,486.0,CALX
2023-06-09 09:55:00,51.21,51.21,51.205,51.205,415.0,CALX
2023-06-09 09:54:00,51.225,51.225,51.17,51.17,438.0,CALX
2023-06-09 09:53:00,51.24,51.24,51.24,51.24,109.0,CALX
2023-06-09 09:52:00,51.23,51.23,51.215,51.215,205.0,CALX
2023-06-09 09:51:00,51.21,51.21,51.21,51.21,564.0,CALX
2023-06-09 09:50:00,51.18,51.21,51.18,51.21,1293.0,CALX
2023-06-09 09:46:00,51.17,51.17,51.17,51.17,204.0,CALX
2023-06-09 09:45:00,51.17,51.17,51.16,51.16,463.0,CALX
2023-06-09 09:44:00,51.26,51.26,51.26,51.26,488.0,CALX
2023-06-09 09:43:00,51.09,51.22,51.09,51.22,272.0,CALX
2023-06-09 09:42:00,51.14,51.29,51.12,51.22,2314.0,CALX
2023-06-09 09:41:00,51.15,51.15,50.99,50.99,271.0,CALX
2023-06-09 09:40:00,51.06,51.067,50.925,50.925,1306.0,CALX
2023-06-09 09:39:00,51.05,51.06,51.05,51.06,205.0,CALX
2023-06-09 09:35:00,51.07,51.08,51.07,51.08,201.0,CALX
2023-06-09 09:34:00,51.085,51.085,50.93,50.93,304.0,CALX
2023-06-09 09:33:00,51.162,51.162,51.162,51.162,179.0,CALX
2023-06-09 09:31:00,51.305,51.305,51.005,51.27,303.0,CALX
2023-06-09 09:30:00,51.23,51.23,51.23,51.23,4363.0,CALX
2023-06-08 19:05:00,51.9,51.9,51.9,51.9,2.0,CALX
2023-06-08 19:00:00,51.19,51.19,51.19,51.19,106852.0,CALX
2023-06-08 18:30:00,51.19,51.19,51.19,51.19,106852.0,CALX
2023-06-08 16:10:00,51.19,51.19,51.19,51.19,106852.0,CALX
2023-06-08 16:00:00,51.2,51.2,51.185,51.19,229267.0,CALX
2023-06-08 15:59:00,51.365,51.365,51.17,51.2,34779.0,CALX
2023-06-08 15:58:00,51.34,51.37,51.33,51.36,11375.0,CALX
2023-06-08 15:57:00,51.36,51.39,51.3,51.341,14903.0,CALX
2023-06-08 15:56:00,51.28,51.35,51.225,51.34,17481.0,CALX
2023-06-08 15:55:00,51.295,51.31,51.25,51.28,2936.0,CALX
2023-06-08 15:54:00,51.35,51.35,51.29,51.295,6681.0,CALX
2023-06-08 15:53:00,51.32,51.36,51.32,51.34,3991.0,CALX
2023-06-08 15:52:00,51.325,51.33,51.28,51.311,6207.0,CALX
2023-06-08 15:51:00,51.34,51.35,51.32,51.33,2821.0,CALX
2023-06-08 15:50:00,51.34,51.44,51.32,51.34,9776.0,CALX
2023-06-08 15:49:00,51.3,51.37,51.3,51.34,7926.0,CALX
2023-06-08 15:48:00,51.335,51.345,51.3,51.3,3524.0,CALX
2023-06-08 15:47:00,51.38,51.39,51.32,51.34,4938.0,CALX
2023-06-08 15:46:00,51.41,51.41,51.38,51.405,2815.0,CALX
2023-06-08 15:45:00,51.39,51.42,51.37,51.42,3575.0,CALX
2023-06-08 15:44:00,51.43,51.43,51.37,51.41,6457.0,CALX
2023-06-08 15:43:00,51.51,51.52,51.48,51.48,5523.0,CALX
2023-06-08 15:42:00,51.491,51.53,51.491,51.515,3359.0,CALX
2023-06-08 15:41:00,51.52,51.53,51.495,51.495,2747.0,CALX
2023-06-08 15:40:00,51.47,51.51,51.45,51.51,6249.0,CALX
2023-06-08 15:39:00,51.475,51.475,51.47,51.47,761.0,CALX
2023-06-08 15:38:00,51.495,51.495,51.465,51.475,2833.0,CALX
2023-06-08 15:37:00,51.49,51.495,51.45,51.495,6591.0,CALX
2023-06-08 15:36:00,51.49,51.49,51.49,51.49,404.0,CALX
2023-06-08 15:35:00,51.47,51.47,51.47,51.47,334.0,CALX
2023-06-08 15:34:00,51.51,51.51,51.46,51.49,3850.0,CALX
2023-06-08 15:33:00,51.53,51.53,51.5,51.52,3994.0,CALX
2023-06-08 15:32:00,51.545,51.547,51.52,51.53,1992.0,CALX
2023-06-08 15:31:00,51.57,51.57,51.55,51.55,1631.0,CALX
2023-06-08 15:30:00,51.7,51.7,51.551,51.551,2617.0,CALX
2023-06-08 15:29:00,51.66,51.7,51.66,51.7,433.0,CALX
2023-06-08 15:28:00,51.5,51.685,51.49,51.685,7763.0,CALX
2023-06-08 15:27:00,51.52,51.52,51.455,51.51,4462.0,CALX
2023-06-08 15:26:00,51.535,51.535,51.535,51.535,300.0,CALX
2023-06-08 15:25:00,51.55,51.55,51.54,51.54,1037.0,CALX
2023-06-08 15:24:00,51.6,51.6,51.55,51.58,1793.0,CALX
2023-06-08 15:23:00,51.52,51.61,51.52,51.61,1903.0,CALX
2023-06-08 15:22:00,51.495,51.51,51.495,51.51,1023.0,CALX
2023-06-08 15:21:00,51.49,51.49,51.485,51.49,545.0,CALX
2023-06-08 15:20:00,51.46,51.504,51.46,51.485,3966.0,CALX
2023-06-08 15:19:00,51.48,51.485,51.45,51.455,2203.0,CALX
2023-06-08 15:18:00,51.465,51.49,51.45,51.49,5156.0,CALX
2023-06-08 15:17:00,51.47,51.485,51.441,51.47,2122.0,CALX
2023-06-08 15:16:00,51.45,51.48,51.45,51.48,1221.0,CALX
2023-06-08 15:15:00,51.39,51.45,51.39,51.45,4291.0,CALX
2023-06-08 15:14:00,51.42,51.42,51.388,51.39,2775.0,CALX
2023-06-08 15:13:00,51.435,51.435,51.435,51.435,296.0,CALX
2023-06-08 15:12:00,51.4,51.43,51.4,51.43,1724.0,CALX
2023-06-08 15:11:00,51.44,51.44,51.4,51.425,1775.0,CALX
2023-06-08 15:10:00,51.51,51.52,51.46,51.46,3068.0,CALX
2023-06-08 15:08:00,51.49,51.51,51.485,51.51,2882.0,CALX
2023-06-08 15:07:00,51.475,51.475,51.474,51.475,704.0,CALX
2023-06-08 15:06:00,51.4,51.47,51.4,51.47,2446.0,CALX
2023-06-08 15:05:00,51.372,51.4,51.373,51.4,319.0,CALX
2023-06-08 15:04:00,51.405,51.405,51.375,51.4,618.0,CALX
2023-06-08 15:03:00,51.46,51.46,51.42,51.42,480.0,CALX
2023-06-08 15:02:00,51.5,51.525,51.49,51.49,758.0,CALX
2023-06-08 15:01:00,51.525,51.56,51.525,51.56,437.0,CALX
2023-06-08 15:00:00,51.48,51.52,51.48,51.52,1674.0,CALX
2023-06-08 14:59:00,51.445,51.45,51.4,51.45,1422.0,CALX
2023-06-08 14:58:00,51.445,51.445,51.445,51.445,617.0,CALX
2023-06-08 14:57:00,51.485,51.485,51.42,51.48,2403.0,CALX
2023-06-08 14:56:00,51.485,51.485,51.485,51.485,354.0,CALX
2023-06-08 14:55:00,51.54,51.54,51.48,51.48,1137.0,CALX
2023-06-08 14:54:00,51.5,51.5,51.5,51.5,532.0,CALX
2023-06-08 14:53:00,51.43,51.5,51.43,51.5,1471.0,CALX
2023-06-08 14:52:00,51.395,51.45,51.39,51.45,2313.0,CALX
2023-06-08 14:51:00,51.385,51.39,51.385,51.39,378.0,CALX
2023-06-08 14:50:00,51.45,51.5,51.295,51.39,7327.0,CALX
2023-06-08 14:49:00,51.475,51.485,51.475,51.485,800.0,CALX
2023-06-08 14:48:00,51.5,51.54,51.45,51.492,10380.0,CALX
2023-06-08 14:47:00,51.495,51.5,51.475,51.5,1464.0,CALX
2023-06-08 14:46:00,51.495,51.5,51.495,51.5,1276.0,CALX
2023-06-08 14:45:00,51.42,51.54,51.42,51.535,4556.0,CALX
2023-06-08 14:42:00,51.39,51.39,51.34,51.385,4073.0,CALX
2023-06-08 14:41:00,51.37,51.38,51.355,51.375,1713.0,CALX
2023-06-08 14:40:00,51.3,51.36,51.3,51.35,3972.0,CALX
2023-06-08 14:39:00,51.275,51.275,51.275,51.275,229.0,CALX
2023-06-08 14:38:00,51.27,51.3,51.27,51.27,301.0,CALX
2023-06-08 14:37:00,51.293,51.293,51.27,51.27,299.0,CALX
2023-06-08 14:36:00,51.29,51.29,51.24,51.29,1331.0,CALX
2023-06-08 14:35:00,51.29,51.3,51.29,51.3,593.0,CALX
2023-06-08 14:34:00,51.14,51.235,51.14,51.235,4599.0,CALX
2023-06-08 14:33:00,51.16,51.17,51.16,51.17,1653.0,CALX
2023-06-08 14:32:00,51.13,51.16,51.13,51.16,226.0,CALX
2023-06-08 14:31:00,51.12,51.12,51.12,51.12,347.0,CALX
2023-06-08 14:30:00,51.12,51.12,51.12,51.12,1203.0,CALX
2023-06-08 14:27:00,51.11,51.11,51.11,51.11,148.0,CALX
2023-06-08 14:26:00,51.06,51.09,51.06,51.09,261.0,CALX
2023-06-08 14:24:00,51.13,51.13,51.08,51.085,2151.0,CALX
2023-06-08 14:23:00,51.11,51.11,51.11,51.11,336.0,CALX
2023-06-08 14:22:00,51.095,51.097,51.06,51.095,1486.0,CALX
2023-06-08 14:21:00,51.0,51.11,51.0,51.07,4593.0,CALX
2023-06-08 14:20:00,51.005,51.03,51.0,51.0,5641.0,CALX
2023-06-08 14:19:00,50.86,51.0,50.85,50.98,4070.0,CALX
2023-06-08 14:18:00,50.85,50.85,50.85,50.85,225.0,CALX
2023-06-08 14:17:00,50.83,50.83,50.83,50.83,777.0,CALX
2023-06-08 14:16:00,50.83,50.83,50.83,50.83,100.0,CALX
2023-06-08 14:15:00,50.81,50.81,50.785,50.785,834.0,CALX
2023-06-08 14:14:00,50.81,50.81,50.775,50.775,1241.0,CALX
2023-06-08 14:13:00,50.86,50.86,50.835,50.835,796.0,CALX
2023-06-08 14:12:00,50.765,50.84,50.765,50.83,1751.0,CALX
2023-06-08 14:10:00,50.78,50.78,50.78,50.78,370.0,CALX
2023-06-08 14:09:00,50.86,50.86,50.81,50.81,1089.0,CALX
2023-06-08 14:08:00,50.9,50.9,50.87,50.87,1153.0,CALX
2023-06-08 14:07:00,50.935,50.935,50.9,50.9,10919.0,CALX
2023-06-08 14:06:00,51.03,51.03,50.93,50.99,2695.0,CALX
2023-06-08 14:05:00,50.89,50.99,50.89,50.98,5303.0,CALX
2023-06-08 14:02:00,50.885,50.885,50.885,50.885,134.0,CALX
2023-06-08 14:01:00,50.885,50.91,50.87,50.9,2506.0,CALX
2023-06-08 14:00:00,50.88,50.88,50.86,50.86,274.0,CALX
2023-06-08 13:59:00,50.88,50.88,50.88,50.88,112.0,CALX
2023-06-08 13:58:00,50.86,50.91,50.86,50.88,3591.0,CALX
2023-06-08 13:57:00,50.87,50.87,50.87,50.87,1173.0,CALX
2023-06-08 13:56:00,50.93,50.93,50.9,50.9,1654.0,CALX
2023-06-08 13:55:00,50.91,50.915,50.9,50.915,1047.0,CALX
2023-06-08 13:54:00,50.9,50.9,50.895,50.895,1354.0,CALX
2023-06-08 13:53:00,50.905,50.92,50.89,50.915,4172.0,CALX
2023-06-08 13:52:00,50.9,50.94,50.88,50.92,6251.0,CALX
2023-06-08 13:50:00,50.9,50.9,50.87,50.9,1125.0,CALX
2023-06-08 13:49:00,50.945,50.945,50.9,50.9,1956.0,CALX
2023-06-08 13:47:00,50.945,50.95,50.94,50.945,1977.0,CALX
2023-06-08 13:46:00,50.97,50.97,50.95,50.95,1014.0,CALX
2023-06-08 13:45:00,51.0,51.0,50.96,50.97,3631.0,CALX
2023-06-08 13:44:00,50.975,51.01,50.96,51.01,2518.0,CALX
2023-06-08 13:43:00,50.97,50.995,50.97,50.975,1201.0,CALX
2023-06-08 13:42:00,50.95,50.96,50.95,50.96,934.0,CALX
2023-06-08 13:40:00,50.95,50.95,50.88,50.92,2102.0,CALX
2023-06-08 13:39:00,50.945,50.945,50.93,50.93,1483.0,CALX
2023-06-08 13:37:00,50.92,50.96,50.9,50.96,1969.0,CALX
2023-06-08 13:36:00,50.93,50.94,50.93,50.94,598.0,CALX
2023-06-08 13:35:00,50.78,50.93,50.78,50.93,3726.0,CALX
2023-06-08 13:34:00,50.77,50.82,50.77,50.8,1109.0,CALX
2023-06-08 13:33:00,50.75,50.755,50.74,50.755,930.0,CALX
2023-06-08 13:32:00,50.77,50.77,50.77,50.77,292.0,CALX
2023-06-08 13:31:00,50.78,50.81,50.75,50.81,1337.0,CALX
2023-06-08 13:30:00,50.84,50.84,50.84,50.84,510.0,CALX
2023-06-08 13:28:00,50.75,50.78,50.75,50.77,2064.0,CALX
2023-06-08 13:27:00,50.76,50.76,50.76,50.76,1166.0,CALX
2023-06-08 13:26:00,50.73,50.745,50.73,50.745,426.0,CALX
2023-06-08 13:25:00,50.76,50.76,50.759,50.759,883.0,CALX
2023-06-08 13:24:00,50.63,50.69,50.63,50.69,818.0,CALX
2023-06-08 13:23:00,50.61,50.64,50.61,50.64,1510.0,CALX
2023-06-08 13:22:00,50.62,50.62,50.58,50.58,1397.0,CALX
2023-06-08 13:20:00,50.66,50.66,50.63,50.63,1385.0,CALX
2023-06-08 13:19:00,50.695,50.695,50.66,50.66,200.0,CALX
2023-06-08 13:17:00,50.71,50.765,50.7,50.7,2178.0,CALX
2023-06-08 13:16:00,50.69,50.71,50.67,50.71,1235.0,CALX
2023-06-08 13:15:00,50.67,50.78,50.67,50.78,4443.0,CALX
2023-06-08 13:14:00,50.64,50.675,50.64,50.675,1791.0,CALX
2023-06-08 13:13:00,50.54,50.6,50.54,50.6,2322.0,CALX
2023-06-08 13:12:00,50.53,50.56,50.53,50.54,5019.0,CALX
2023-06-08 13:11:00,50.55,50.55,50.55,50.55,741.0,CALX
2023-06-08 13:10:00,50.55,50.57,50.54,50.54,1348.0,CALX
2023-06-08 13:09:00,50.565,50.59,50.54,50.57,1806.0,CALX
2023-06-08 13:08:00,50.57,50.57,50.57,50.57,406.0,CALX
2023-06-08 13:07:00,50.45,50.48,50.45,50.48,376.0,CALX
2023-06-08 13:06:00,50.36,50.44,50.36,50.44,948.0,CALX
2023-06-08 13:05:00,50.43,50.43,50.4,50.4,402.0,CALX
2023-06-08 13:04:00,50.37,50.402,50.37,50.402,786.0,CALX
2023-06-08 13:02:00,50.43,50.43,50.4,50.4,569.0,CALX
2023-06-08 13:01:00,50.27,50.35,50.27,50.34,5179.0,CALX
2023-06-08 13:00:00,50.29,50.29,50.29,50.29,160.0,CALX
2023-06-08 12:59:00,50.265,50.29,50.25,50.29,1669.0,CALX
2023-06-08 12:57:00,50.24,50.27,50.24,50.26,1975.0,CALX
2023-06-08 12:56:00,50.3,50.3,50.29,50.29,811.0,CALX
2023-06-08 12:54:00,50.29,50.29,50.29,50.29,588.0,CALX
2023-06-08 12:53:00,50.31,50.31,50.27,50.28,1414.0,CALX
2023-06-08 12:51:00,50.3,50.312,50.28,50.312,1592.0,CALX
2023-06-08 12:50:00,50.28,50.33,50.28,50.33,2382.0,CALX
2023-06-08 12:49:00,50.28,50.28,50.245,50.25,632.0,CALX
2023-06-08 12:48:00,50.31,50.31,50.31,50.31,370.0,CALX
2023-06-08 12:47:00,50.3,50.37,50.28,50.37,2779.0,CALX
2023-06-08 12:46:00,50.3,50.3,50.3,50.3,138.0,CALX
2023-06-08 12:45:00,50.28,50.31,50.255,50.255,2426.0,CALX
2023-06-08 12:44:00,50.25,50.25,50.25,50.25,331.0,CALX
2023-06-08 12:42:00,50.24,50.24,50.22,50.225,413.0,CALX
2023-06-08 12:41:00,50.18,50.265,50.18,50.265,2432.0,CALX
2023-06-08 12:40:00,50.16,50.175,50.16,50.175,413.0,CALX
2023-06-08 12:39:00,50.19,50.19,50.19,50.19,142.0,CALX
2023-06-08 12:38:00,50.22,50.22,50.22,50.22,386.0,CALX
2023-06-08 12:37:00,50.22,50.22,50.22,50.22,302.0,CALX
2023-06-08 12:36:00,50.225,50.225,50.225,50.225,286.0,CALX
2023-06-08 12:34:00,50.36,50.39,50.34,50.39,1662.0,CALX
2023-06-08 12:33:00,50.33,50.33,50.31,50.33,597.0,CALX
2023-06-08 12:32:00,50.3,50.34,50.285,50.34,1249.0,CALX
2023-06-08 12:31:00,50.33,50.33,50.33,50.33,453.0,CALX
2023-06-08 12:30:00,50.33,50.33,50.33,50.33,220.0,CALX
2023-06-08 12:28:00,50.28,50.38,50.28,50.33,1735.0,CALX
2023-06-08 12:26:00,50.32,50.38,50.29,50.315,1331.0,CALX
2023-06-08 12:25:00,50.32,50.32,50.32,50.32,309.0,CALX
2023-06-08 12:24:00,50.36,50.36,50.36,50.36,157.0,CALX
2023-06-08 12:23:00,50.4,50.4,50.4,50.4,456.0,CALX
2023-06-08 12:22:00,50.44,50.446,50.44,50.446,987.0,CALX
2023-06-08 12:21:00,50.42,50.44,50.38,50.38,1604.0,CALX
2023-06-08 12:20:00,50.36,50.36,50.36,50.36,370.0,CALX
2023-06-08 12:19:00,50.41,50.41,50.41,50.41,235.0,CALX
2023-06-08 12:18:00,50.41,50.42,50.41,50.42,478.0,CALX
2023-06-08 12:17:00,50.41,50.41,50.41,50.41,185.0,CALX
2023-06-08 12:16:00,50.44,50.44,50.44,50.44,320.0,CALX
2023-06-08 12:15:00,50.44,50.44,50.44,50.44,801.0,CALX
2023-06-08 12:14:00,50.51,50.51,50.49,50.49,1039.0,CALX
2023-06-08 12:12:00,50.54,50.54,50.54,50.54,1107.0,CALX
2023-06-08 12:10:00,50.48,50.49,50.48,50.49,300.0,CALX
2023-06-08 12:09:00,50.53,50.53,50.48,50.48,1217.0,CALX
2023-06-08 12:08:00,50.56,50.58,50.531,50.58,1658.0,CALX
2023-06-08 12:07:00,50.5,50.5,50.47,50.5,1329.0,CALX
2023-06-08 12:06:00,50.55,50.55,50.47,50.47,633.0,CALX
2023-06-08 12:05:00,50.51,50.51,50.5,50.51,572.0,CALX
2023-06-08 12:04:00,50.4,50.52,50.4,50.52,1945.0,CALX
2023-06-08 12:03:00,50.405,50.44,50.405,50.43,1342.0,CALX
2023-06-08 12:02:00,50.41,50.41,50.41,50.41,408.0,CALX
2023-06-08 12:01:00,50.44,50.44,50.44,50.44,814.0,CALX
2023-06-08 12:00:00,50.5,50.525,50.44,50.44,1385.0,CALX
2023-06-08 11:59:00,50.51,50.51,50.51,50.51,590.0,CALX
2023-06-08 11:58:00,50.58,50.58,50.55,50.55,1302.0,CALX
2023-06-08 11:57:00,50.61,50.61,50.57,50.57,1032.0,CALX
2023-06-08 11:56:00,50.645,50.645,50.645,50.645,105.0,CALX
2023-06-08 11:55:00,50.64,50.66,50.64,50.66,1273.0,CALX
2023-06-08 11:52:00,50.6,50.6,50.6,50.6,464.0,CALX
2023-06-08 11:51:00,50.61,50.61,50.61,50.61,237.0,CALX
2023-06-08 11:50:00,50.62,50.62,50.61,50.62,690.0,CALX
2023-06-08 11:49:00,50.64,50.64,50.63,50.63,907.0,CALX
2023-06-08 11:48:00,50.69,50.728,50.69,50.726,1230.0,CALX
2023-06-08 11:47:00,50.73,50.73,50.69,50.69,863.0,CALX
2023-06-08 11:46:00,50.76,50.76,50.69,50.72,1504.0,CALX
2023-06-08 11:45:00,50.74,50.82,50.74,50.82,961.0,CALX
2023-06-08 11:44:00,50.58,50.68,50.58,50.68,1085.0,CALX
2023-06-08 11:43:00,50.58,50.59,50.57,50.58,1932.0,CALX
2023-06-08 11:42:00,50.6,50.63,50.6,50.63,694.0,CALX
2023-06-08 11:41:00,50.54,50.55,50.54,50.55,1233.0,CALX
2023-06-08 11:40:00,50.5,50.52,50.46,50.52,2113.0,CALX
2023-06-08 11:39:00,50.505,50.505,50.505,50.505,318.0,CALX
2023-06-08 11:38:00,50.3,50.42,50.27,50.42,4535.0,CALX
2023-06-08 11:37:00,50.255,50.31,50.24,50.27,3296.0,CALX
2023-06-08 11:36:00,50.22,50.255,50.22,50.255,353.0,CALX
2023-06-08 11:35:00,50.3,50.3,50.22,50.22,1365.0,CALX
2023-06-08 11:33:00,50.295,50.34,50.27,50.27,640.0,CALX
2023-06-08 11:32:00,50.17,50.33,50.15,50.27,2547.0,CALX
2023-06-08 11:31:00,50.16,50.16,50.16,50.16,258.0,CALX
2023-06-08 11:30:00,50.225,50.225,50.17,50.17,1755.0,CALX
2023-06-08 11:29:00,50.16,50.25,50.16,50.21,2495.0,CALX
2023-06-08 11:28:00,50.11,50.16,50.1,50.16,3629.0,CALX
2023-06-08 11:27:00,50.12,50.12,50.12,50.12,385.0,CALX
2023-06-08 11:26:00,50.08,50.11,50.08,50.11,1226.0,CALX
2023-06-08 11:25:00,50.06,50.06,50.055,50.055,311.0,CALX
2023-06-08 11:24:00,50.04,50.04,50.04,50.04,147.0,CALX
2023-06-08 11:22:00,50.13,50.16,50.06,50.06,1553.0,CALX
2023-06-08 11:20:00,50.03,50.08,50.03,50.06,2694.0,CALX
2023-06-08 11:19:00,50.02,50.02,50.0,50.0,370.0,CALX
2023-06-08 11:18:00,49.995,49.995,49.995,49.995,217.0,CALX
2023-06-08 11:17:00,50.04,50.04,50.0,50.0,1754.0,CALX
2023-06-08 11:16:00,50.02,50.02,50.02,50.02,332.0,CALX
2023-06-08 11:15:00,49.97,49.972,49.97,49.972,482.0,CALX
2023-06-08 11:11:00,50.12,50.12,50.12,50.12,118.0,CALX
2023-06-08 11:10:00,50.16,50.18,50.14,50.14,1917.0,CALX
2023-06-08 11:08:00,50.105,50.105,50.105,50.105,145.0,CALX
2023-06-08 11:07:00,50.11,50.11,50.11,50.11,133.0,CALX
2023-06-08 11:06:00,50.175,50.175,50.175,50.175,367.0,CALX
2023-06-08 11:05:00,50.165,50.22,50.165,50.22,974.0,CALX
2023-06-08 11:03:00,50.21,50.23,50.175,50.175,862.0,CALX
2023-06-08 11:01:00,50.12,50.14,50.12,50.14,631.0,CALX
2023-06-08 11:00:00,50.14,50.2,50.14,50.2,1215.0,CALX
2023-06-08 10:57:00,50.14,50.19,50.14,50.19,999.0,CALX
2023-06-08 10:53:00,50.23,50.23,50.18,50.18,381.0,CALX
2023-06-08 10:52:00,50.1,50.18,50.1,50.16,2232.0,CALX
2023-06-08 10:50:00,50.09,50.09,50.01,50.01,881.0,CALX
2023-06-08 10:49:00,50.09,50.09,50.09,50.09,240.0,CALX
2023-06-08 10:47:00,50.22,50.22,50.22,50.22,212.0,CALX
2023-06-08 10:46:00,50.33,50.33,50.19,50.19,819.0,CALX
2023-06-08 10:44:00,50.35,50.35,50.35,50.35,510.0,CALX
2023-06-08 10:43:00,50.39,50.39,50.355,50.355,778.0,CALX
2023-06-08 10:41:00,50.36,50.36,50.36,50.36,257.0,CALX
2023-06-08 10:38:00,50.36,50.36,50.32,50.32,815.0,CALX
2023-06-08 10:35:00,50.31,50.42,50.31,50.42,1534.0,CALX
2023-06-08 10:34:00,50.24,50.31,50.225,50.31,1141.0,CALX
2023-06-08 10:33:00,50.31,50.31,50.31,50.31,813.0,CALX
2023-06-08 10:32:00,50.24,50.31,50.2,50.31,834.0,CALX
2023-06-08 10:31:00,50.185,50.185,50.185,50.185,220.0,CALX
2023-06-08 10:29:00,50.09,50.145,50.08,50.145,2293.0,CALX
2023-06-08 10:28:00,50.0,50.0,50.0,50.0,181.0,CALX
2023-06-08 10:27:00,50.0,50.0,50.0,50.0,877.0,CALX
2023-06-08 10:25:00,50.015,50.015,50.015,50.015,476.0,CALX
2023-06-08 10:24:00,50.17,50.17,50.15,50.15,596.0,CALX
2023-06-08 10:23:00,50.1,50.2,50.1,50.2,2245.0,CALX
2023-06-08 10:22:00,50.055,50.055,50.055,50.055,252.0,CALX
2023-06-08 10:20:00,50.07,50.07,50.06,50.07,1207.0,CALX
2023-06-08 10:18:00,50.1,50.1,50.1,50.1,126.0,CALX
2023-06-08 10:17:00,50.17,50.18,50.1,50.1,1086.0,CALX
2023-06-08 10:15:00,50.18,50.19,50.173,50.172,1007.0,CALX
2023-06-08 10:14:00,50.19,50.21,50.17,50.19,1157.0,CALX
2023-06-08 10:13:00,50.13,50.13,50.13,50.13,117.0,CALX
2023-06-08 10:12:00,50.23,50.23,50.215,50.215,447.0,CALX
2023-06-08 10:11:00,50.09,50.27,50.09,50.27,1992.0,CALX
2023-06-08 10:10:00,50.07,50.07,50.07,50.07,157.0,CALX
2023-06-08 10:09:00,50.065,50.065,50.065,50.065,124.0,CALX
2023-06-08 10:08:00,50.0,50.065,50.0,50.065,532.0,CALX
2023-06-08 10:07:00,50.06,50.06,50.06,50.06,437.0,CALX
2023-06-08 10:06:00,50.14,50.15,50.07,50.07,791.0,CALX
2023-06-08 10:05:00,50.1,50.13,50.08,50.08,1690.0,CALX
2023-06-08 10:04:00,50.06,50.06,50.06,50.06,237.0,CALX
2023-06-08 10:03:00,50.0,50.0,50.0,50.0,237.0,CALX
2023-06-08 10:01:00,50.08,50.11,50.08,50.11,542.0,CALX
2023-06-08 09:59:00,50.045,50.045,50.045,50.045,365.0,CALX
2023-06-08 09:58:00,50.18,50.18,50.065,50.065,275.0,CALX
2023-06-08 09:57:00,50.16,50.16,50.16,50.16,501.0,CALX
2023-06-08 09:56:00,49.93,49.95,49.93,49.945,818.0,CALX
2023-06-08 09:55:00,49.87,49.87,49.87,49.87,505.0,CALX
2023-06-08 09:54:00,49.67,49.83,49.67,49.79,1963.0,CALX
2023-06-08 09:53:00,49.98,49.98,49.83,49.86,2614.0,CALX
2023-06-08 09:52:00,49.95,50.01,49.95,49.98,1884.0,CALX
2023-06-08 09:51:00,49.7,49.94,49.7,49.94,2470.0,CALX
2023-06-08 09:50:00,49.84,49.91,49.53,49.7,3125.0,CALX
2023-06-08 09:48:00,50.0,50.0,49.955,49.98,634.0,CALX
2023-06-08 09:47:00,50.15,50.19,50.06,50.11,860.0,CALX
2023-06-08 09:46:00,50.295,50.295,50.295,50.295,145.0,CALX
2023-06-08 09:45:00,50.41,50.41,50.41,50.41,462.0,CALX
2023-06-08 09:43:00,50.67,50.67,50.67,50.67,129.0,CALX
2023-06-08 09:42:00,50.86,50.86,50.72,50.72,906.0,CALX
2023-06-08 09:41:00,50.72,50.79,50.72,50.79,618.0,CALX
2023-06-08 09:39:00,50.56,50.69,50.56,50.69,701.0,CALX
2023-06-08 09:37:00,50.54,50.6,50.54,50.6,889.0,CALX
2023-06-08 09:36:00,50.47,50.5,50.47,50.5,252.0,CALX
2023-06-08 09:35:00,50.18,50.18,50.18,50.18,107.0,CALX
2023-06-08 09:34:00,50.415,50.415,50.27,50.27,614.0,CALX
2023-06-08 09:32:00,50.47,50.47,50.37,50.37,256.0,CALX
2023-06-08 09:31:00,50.405,50.405,50.405,50.405,130.0,CALX
2023-06-08 09:30:00,50.15,50.15,50.15,50.15,4136.0,CALX
2023-06-08 09:29:00,50.15,50.15,50.15,50.15,100.0,CALX
2023-06-08 08:02:00,51.34,51.34,51.34,51.34,2.0,CALX
2023-06-07 19:00:00,50.76,50.76,50.76,50.76,81861.0,CALX
2023-06-07 18:30:00,50.76,50.76,50.76,50.76,81861.0,CALX
2023-06-07 16:51:00,50.76,50.76,50.76,50.76,142.0,CALX
2023-06-07 16:10:00,50.76,50.76,50.76,50.76,81861.0,CALX
2023-06-07 16:09:00,50.38,50.38,50.38,50.38,1.0,CALX
2023-06-07 16:06:00,49.602,49.601,49.602,49.601,1.0,CALX
2023-06-07 16:02:00,50.76,50.76,50.76,50.76,711.0,CALX
2023-06-07 16:01:00,50.76,50.76,50.76,50.76,5381.0,CALX
2023-06-07 16:00:00,50.76,50.77,50.76,50.76,173876.0,CALX
2023-06-07 15:59:00,50.84,50.84,50.73,50.76,18057.0,CALX
2023-06-07 15:58:00,50.78,50.86,50.78,50.845,18659.0,CALX
2023-06-07 15:57:00,50.8,50.83,50.79,50.79,8692.0,CALX
2023-06-07 15:56:00,50.78,50.82,50.78,50.81,8138.0,CALX
2023-06-07 15:55:00,50.72,50.8,50.72,50.78,7100.0,CALX
2023-06-07 15:54:00,50.77,50.83,50.72,50.72,7259.0,CALX
2023-06-07 15:53:00,50.67,50.76,50.67,50.76,3694.0,CALX
2023-06-07 15:52:00,50.605,50.67,50.6,50.67,4758.0,CALX
2023-06-07 15:51:00,50.62,50.65,50.54,50.61,12726.0,CALX
2023-06-07 15:50:00,50.62,50.67,50.61,50.612,8616.0,CALX
2023-06-07 15:49:00,50.56,50.61,50.54,50.6,7061.0,CALX
2023-06-07 15:48:00,50.49,50.55,50.49,50.545,3211.0,CALX
2023-06-07 15:47:00,50.445,50.491,50.445,50.491,3045.0,CALX
2023-06-07 15:46:00,50.47,50.47,50.381,50.441,10474.0,CALX
2023-06-07 15:45:00,50.46,50.5,50.431,50.49,3607.0,CALX
2023-06-07 15:44:00,50.48,50.49,50.455,50.47,7898.0,CALX
2023-06-07 15:43:00,50.5,50.51,50.42,50.445,11235.0,CALX
2023-06-07 15:42:00,50.52,50.53,50.48,50.501,14958.0,CALX
2023-06-07 15:41:00,50.53,50.54,50.51,50.53,24215.0,CALX
2023-06-07 15:40:00,50.631,50.631,50.55,50.55,2608.0,CALX
2023-06-07 15:39:00,50.63,50.63,50.63,50.63,550.0,CALX
2023-06-07 15:38:00,50.67,50.67,50.63,50.63,1293.0,CALX
2023-06-07 15:37:00,50.68,50.68,50.645,50.67,2706.0,CALX
2023-06-07 15:36:00,50.7,50.74,50.68,50.685,3294.0,CALX
2023-06-07 15:35:00,50.64,50.7,50.63,50.68,3997.0,CALX
2023-06-07 15:34:00,50.68,50.68,50.67,50.67,1767.0,CALX
2023-06-07 15:33:00,50.75,50.75,50.68,50.68,1231.0,CALX
2023-06-07 15:32:00,50.8,50.82,50.8,50.81,4358.0,CALX
2023-06-07 15:31:00,50.76,50.8,50.75,50.78,6211.0,CALX
2023-06-07 15:30:00,50.821,50.821,50.75,50.78,3882.0,CALX
2023-06-07 15:29:00,50.86,50.86,50.84,50.845,1036.0,CALX
2023-06-07 15:28:00,50.925,50.925,50.88,50.88,1559.0,CALX
2023-06-07 15:27:00,50.97,50.98,50.951,50.951,1022.0,CALX
2023-06-07 15:26:00,51.05,51.05,50.98,50.98,2067.0,CALX
2023-06-07 15:25:00,51.065,51.08,51.05,51.055,2922.0,CALX
2023-06-07 15:24:00,51.07,51.09,51.07,51.08,3349.0,CALX
2023-06-07 15:23:00,51.07,51.07,51.06,51.06,812.0,CALX
2023-06-07 15:22:00,51.11,51.11,51.09,51.09,2111.0,CALX
2023-06-07 15:21:00,51.11,51.11,51.11,51.11,764.0,CALX
2023-06-07 15:20:00,51.09,51.15,51.09,51.11,3404.0,CALX
2023-06-07 15:19:00,51.04,51.09,51.04,51.09,990.0,CALX
2023-06-07 15:18:00,51.029,51.06,51.029,51.03,3345.0,CALX
2023-06-07 15:17:00,51.03,51.03,50.99,50.99,1231.0,CALX
2023-06-07 15:15:00,51.04,51.04,51.04,51.04,502.0,CALX
2023-06-07 15:14:00,51.06,51.06,51.06,51.06,525.0,CALX
2023-06-07 15:13:00,51.08,51.08,51.08,51.08,821.0,CALX
2023-06-07 15:12:00,51.02,51.08,51.02,51.08,1837.0,CALX
2023-06-07 15:11:00,51.05,51.08,51.04,51.06,6068.0,CALX
2023-06-07 15:10:00,51.08,51.08,51.02,51.02,4753.0,CALX
2023-06-07 15:08:00,51.12,51.12,51.09,51.09,1400.0,CALX
2023-06-07 15:07:00,51.14,51.15,51.14,51.15,535.0,CALX
2023-06-07 15:06:00,51.22,51.22,51.19,51.19,1280.0,CALX
2023-06-07 15:05:00,51.18,51.23,51.18,51.22,1866.0,CALX
2023-06-07 15:04:00,51.19,51.2,51.12,51.14,4833.0,CALX
2023-06-07 15:03:00,51.17,51.2,51.165,51.2,1644.0,CALX
2023-06-07 15:02:00,51.22,51.22,51.18,51.18,1333.0,CALX
2023-06-07 15:01:00,51.25,51.25,51.25,51.25,175.0,CALX
2023-06-07 15:00:00,51.18,51.21,51.175,51.21,1379.0,CALX
2023-06-07 14:59:00,51.13,51.17,51.13,51.15,2205.0,CALX
2023-06-07 14:58:00,51.05,51.17,51.05,51.13,12297.0,CALX
2023-06-07 14:57:00,51.01,51.02,51.01,51.02,1396.0,CALX
2023-06-07 14:56:00,51.03,51.04,50.99,50.99,1987.0,CALX
2023-06-07 14:55:00,51.03,51.03,51.03,51.03,465.0,CALX
2023-06-07 14:54:00,50.97,50.99,50.97,50.99,1170.0,CALX
2023-06-07 14:53:00,50.95,50.975,50.95,50.96,1935.0,CALX
2023-06-07 14:52:00,50.92,50.95,50.92,50.95,980.0,CALX
2023-06-07 14:51:00,50.86,50.905,50.86,50.905,2677.0,CALX
2023-06-07 14:50:00,50.82,50.85,50.82,50.85,1070.0,CALX
2023-06-07 14:48:00,50.83,50.84,50.83,50.84,1641.0,CALX
2023-06-07 14:47:00,50.85,50.86,50.84,50.85,4008.0,CALX
2023-06-07 14:46:00,50.84,50.87,50.84,50.87,1504.0,CALX
2023-06-07 14:45:00,50.88,50.88,50.82,50.82,2595.0,CALX
2023-06-07 14:44:00,50.88,50.88,50.88,50.88,438.0,CALX
2023-06-07 14:43:00,50.915,50.915,50.88,50.88,1180.0,CALX
2023-06-07 14:42:00,50.88,50.9,50.88,50.9,1665.0,CALX
2023-06-07 14:41:00,50.91,50.91,50.86,50.86,1688.0,CALX
2023-06-07 14:39:00,50.92,50.94,50.92,50.94,1036.0,CALX
2023-06-07 14:38:00,50.94,50.94,50.94,50.94,497.0,CALX
2023-06-07 14:37:00,50.93,50.93,50.91,50.91,1274.0,CALX
2023-06-07 14:36:00,50.87,50.915,50.87,50.9,2755.0,CALX
2023-06-07 14:35:00,50.93,50.93,50.82,50.82,2608.0,CALX
2023-06-07 14:34:00,50.94,50.95,50.94,50.94,1362.0,CALX
2023-06-07 14:33:00,50.965,50.965,50.965,50.965,257.0,CALX
2023-06-07 14:32:00,50.93,50.98,50.93,50.98,1998.0,CALX
2023-06-07 14:31:00,50.94,50.94,50.93,50.93,593.0,CALX
2023-06-07 14:30:00,50.99,50.99,50.99,50.99,321.0,CALX
2023-06-07 14:28:00,50.97,50.97,50.96,50.96,515.0,CALX
2023-06-07 14:27:00,50.985,51.03,50.985,51.03,982.0,CALX
2023-06-07 14:26:00,51.02,51.02,51.01,51.02,2224.0,CALX
2023-06-07 14:25:00,51.1,51.12,51.09,51.12,1790.0,CALX
2023-06-07 14:24:00,51.09,51.09,51.05,51.07,1525.0,CALX
2023-06-07 14:23:00,51.1,51.1,51.05,51.05,320.0,CALX
2023-06-07 14:21:00,51.18,51.18,51.12,51.12,1298.0,CALX
2023-06-07 14:20:00,51.145,51.195,51.145,51.18,3491.0,CALX
2023-06-07 14:19:00,51.145,51.15,51.145,51.145,502.0,CALX
2023-06-07 14:18:00,51.145,51.145,51.145,51.145,201.0,CALX
2023-06-07 14:17:00,51.14,51.185,51.14,51.15,1395.0,CALX
2023-06-07 14:16:00,51.05,51.095,51.05,51.095,2693.0,CALX
2023-06-07 14:15:00,51.02,51.02,51.02,51.02,667.0,CALX
2023-06-07 14:14:00,50.99,50.99,50.99,50.99,112.0,CALX
2023-06-07 14:12:00,51.04,51.04,51.04,51.04,692.0,CALX
2023-06-07 14:11:00,51.26,51.26,51.1,51.14,4345.0,CALX
2023-06-07 14:10:00,51.15,51.25,51.15,51.2,4080.0,CALX
2023-06-07 14:09:00,51.13,51.13,51.12,51.125,1282.0,CALX
2023-06-07 14:08:00,51.095,51.13,51.078,51.13,1227.0,CALX
2023-06-07 14:06:00,51.11,51.12,51.11,51.12,416.0,CALX
2023-06-07 14:05:00,51.03,51.06,51.03,51.06,1732.0,CALX
2023-06-07 14:04:00,50.99,51.0,50.96,51.0,788.0,CALX
2023-06-07 14:03:00,50.91,50.99,50.91,50.99,2403.0,CALX
2023-06-07 14:01:00,50.78,50.91,50.78,50.83,2532.0,CALX
2023-06-07 14:00:00,50.7,50.78,50.7,50.78,1553.0,CALX
2023-06-07 13:59:00,50.67,50.69,50.65,50.69,1253.0,CALX
2023-06-07 13:58:00,50.75,50.75,50.75,50.75,200.0,CALX
2023-06-07 13:57:00,50.755,50.78,50.755,50.78,1407.0,CALX
2023-06-07 13:56:00,50.72,50.79,50.7,50.79,2640.0,CALX
2023-06-07 13:55:00,50.76,50.76,50.76,50.76,826.0,CALX
2023-06-07 13:52:00,50.68,50.73,50.66,50.72,3554.0,CALX
2023-06-07 13:51:00,50.75,50.75,50.73,50.73,411.0,CALX
2023-06-07 13:50:00,50.76,50.77,50.75,50.77,4501.0,CALX
2023-06-07 13:49:00,50.77,50.77,50.77,50.77,430.0,CALX
2023-06-07 13:48:00,50.61,50.75,50.61,50.75,2338.0,CALX
2023-06-07 13:47:00,50.455,50.57,50.455,50.57,3104.0,CALX
2023-06-07 13:46:00,50.545,50.545,50.465,50.465,5983.0,CALX
2023-06-07 13:45:00,50.67,50.67,50.58,50.58,1062.0,CALX
2023-06-07 13:44:00,50.67,50.67,50.67,50.67,605.0,CALX
2023-06-07 13:43:00,50.71,50.71,50.705,50.705,412.0,CALX
2023-06-07 13:42:00,50.68,50.68,50.68,50.68,460.0,CALX
2023-06-07 13:41:00,50.665,50.72,50.665,50.665,2417.0,CALX
2023-06-07 13:40:00,50.66,50.67,50.66,50.67,317.0,CALX
2023-06-07 13:39:00,50.79,50.79,50.69,50.705,3671.0,CALX
2023-06-07 13:38:00,50.91,50.91,50.84,50.84,1452.0,CALX
2023-06-07 13:37:00,50.99,51.0,50.9,50.9,4751.0,CALX
2023-06-07 13:36:00,51.06,51.06,50.97,50.99,1513.0,CALX
2023-06-07 13:35:00,51.1,51.105,51.1,51.105,523.0,CALX
2023-06-07 13:34:00,51.08,51.08,51.07,51.07,2744.0,CALX
2023-06-07 13:33:00,51.08,51.09,51.07,51.09,1020.0,CALX
2023-06-07 13:32:00,50.99,51.09,50.99,51.05,2959.0,CALX
2023-06-07 13:30:00,51.0,51.06,50.995,51.01,4129.0,CALX
2023-06-07 13:29:00,51.04,51.07,51.03,51.03,949.0,CALX
2023-06-07 13:28:00,51.07,51.11,51.07,51.075,4998.0,CALX
2023-06-07 13:27:00,51.07,51.07,51.07,51.07,328.0,CALX
2023-06-07 13:26:00,51.06,51.06,51.06,51.06,502.0,CALX
2023-06-07 13:25:00,51.12,51.13,51.06,51.06,3432.0,CALX
2023-06-07 13:24:00,51.15,51.2,51.12,51.15,6317.0,CALX
2023-06-07 13:23:00,51.32,51.32,51.2,51.2,2222.0,CALX
2023-06-07 13:22:00,51.35,51.4,51.32,51.32,2675.0,CALX
2023-06-07 13:21:00,51.36,51.36,51.36,51.36,949.0,CALX
2023-06-07 13:19:00,51.49,51.49,51.35,51.35,3028.0,CALX
2023-06-07 13:18:00,51.57,51.57,51.45,51.45,4705.0,CALX
2023-06-07 13:17:00,51.6,51.6,51.53,51.58,9200.0,CALX
2023-06-07 13:16:00,51.53,51.6,51.53,51.57,3254.0,CALX
2023-06-07 13:15:00,51.58,51.58,51.58,51.58,150.0,CALX
2023-06-07 13:14:00,51.55,51.58,51.53,51.58,2622.0,CALX
2023-06-07 13:13:00,51.58,51.59,51.58,51.58,1305.0,CALX
2023-06-07 13:12:00,51.56,51.56,51.54,51.54,1260.0,CALX
2023-06-07 13:11:00,51.58,51.6,51.56,51.57,3754.0,CALX
2023-06-07 13:10:00,51.7,51.7,51.59,51.59,6305.0,CALX
2023-06-07 13:09:00,51.7,51.7,51.7,51.7,217.0,CALX
2023-06-07 13:08:00,51.67,51.71,51.67,51.7,1003.0,CALX
2023-06-07 13:07:00,51.67,51.67,51.64,51.65,1284.0,CALX
2023-06-07 13:06:00,51.63,51.64,51.63,51.64,399.0,CALX
2023-06-07 13:05:00,51.49,51.58,51.49,51.58,2763.0,CALX
2023-06-07 13:04:00,51.5,51.5,51.5,51.5,509.0,CALX
2023-06-07 13:03:00,51.44,51.5,51.42,51.5,2514.0,CALX
2023-06-07 13:02:00,51.445,51.445,51.445,51.445,101.0,CALX
2023-06-07 13:01:00,51.5,51.5,51.445,51.445,794.0,CALX
2023-06-07 13:00:00,51.51,51.51,51.5,51.5,512.0,CALX
2023-06-07 12:59:00,51.505,51.535,51.505,51.535,351.0,CALX
2023-06-07 12:58:00,51.445,51.55,51.445,51.54,4141.0,CALX
2023-06-07 12:57:00,51.445,51.49,51.405,51.445,1935.0,CALX
2023-06-07 12:56:00,51.47,51.47,51.445,51.445,747.0,CALX
2023-06-07 12:55:00,51.44,51.465,51.43,51.435,2352.0,CALX
2023-06-07 12:54:00,51.43,51.47,51.42,51.44,3103.0,CALX
2023-06-07 12:53:00,51.46,51.46,51.435,51.435,485.0,CALX
2023-06-07 12:52:00,51.6,51.6,51.51,51.53,1535.0,CALX
2023-06-07 12:51:00,51.65,51.65,51.65,51.65,461.0,CALX
2023-06-07 12:50:00,51.7,51.705,51.64,51.64,1696.0,CALX
2023-06-07 12:49:00,51.715,51.715,51.715,51.715,318.0,CALX
2023-06-07 12:48:00,51.815,51.815,51.7,51.74,7917.0,CALX
2023-06-07 12:47:00,51.79,51.83,51.79,51.82,2627.0,CALX
2023-06-07 12:46:00,51.76,51.82,51.76,51.79,1746.0,CALX
2023-06-07 12:45:00,51.82,51.82,51.795,51.795,828.0,CALX
2023-06-07 12:44:00,51.95,51.95,51.78,51.78,4427.0,CALX
2023-06-07 12:43:00,51.865,51.97,51.84,51.95,5274.0,CALX
2023-06-07 12:42:00,51.865,51.865,51.865,51.865,385.0,CALX
2023-06-07 12:41:00,51.875,51.875,51.875,51.875,425.0,CALX
2023-06-07 12:40:00,51.86,51.93,51.86,51.93,1454.0,CALX
2023-06-07 12:39:00,51.76,51.85,51.76,51.85,1361.0,CALX
2023-06-07 12:38:00,51.7,51.78,51.7,51.77,2356.0,CALX
2023-06-07 12:37:00,51.735,51.76,51.705,51.705,3281.0,CALX
2023-06-07 12:36:00,51.75,51.77,51.7,51.735,4001.0,CALX
2023-06-07 12:35:00,51.74,51.74,51.69,51.69,1545.0,CALX
2023-06-07 12:34:00,51.86,51.86,51.74,51.74,2793.0,CALX
2023-06-07 12:33:00,51.92,51.955,51.86,51.86,3194.0,CALX
2023-06-07 12:32:00,51.98,52.0,51.83,51.945,10719.0,CALX
2023-06-07 12:31:00,51.95,51.95,51.95,51.95,282.0,CALX
2023-06-07 12:30:00,52.0,52.0,51.97,52.0,1885.0,CALX
2023-06-07 12:29:00,52.01,52.03,52.01,52.03,761.0,CALX
2023-06-07 12:28:00,51.98,52.0,51.94,51.99,3661.0,CALX
2023-06-07 12:27:00,52.15,52.15,52.04,52.04,1150.0,CALX
2023-06-07 12:26:00,52.08,52.11,52.08,52.11,1143.0,CALX
2023-06-07 12:25:00,52.19,52.19,52.14,52.14,650.0,CALX
2023-06-07 12:24:00,52.14,52.16,52.02,52.16,6513.0,CALX
2023-06-07 12:23:00,52.37,52.37,52.15,52.16,22115.0,CALX
2023-06-07 12:22:00,52.37,52.37,52.37,52.37,825.0,CALX
2023-06-07 12:21:00,52.37,52.45,52.37,52.42,7957.0,CALX
2023-06-07 12:20:00,52.43,52.45,52.383,52.41,1245.0,CALX
2023-06-07 12:19:00,52.35,52.395,52.35,52.395,1278.0,CALX
2023-06-07 12:18:00,52.38,52.38,52.26,52.32,9318.0,CALX
2023-06-07 12:17:00,52.415,52.415,52.355,52.39,1787.0,CALX
2023-06-07 12:16:00,52.56,52.56,52.415,52.415,2440.0,CALX
2023-06-07 12:15:00,52.61,52.61,52.59,52.6,1583.0,CALX
2023-06-07 12:14:00,52.59,52.59,52.57,52.57,1238.0,CALX
2023-06-07 12:13:00,52.74,52.74,52.56,52.56,732.0,CALX
2023-06-07 12:12:00,52.76,52.775,52.74,52.775,545.0,CALX
2023-06-07 12:11:00,52.8,52.895,52.725,52.75,19884.0,CALX
2023-06-07 12:10:00,52.83,52.84,52.785,52.785,2254.0,CALX
2023-06-07 12:09:00,52.8,52.85,52.8,52.8,4081.0,CALX
2023-06-07 12:08:00,52.75,52.86,52.73,52.835,6159.0,CALX
2023-06-07 12:07:00,52.825,52.825,52.77,52.77,1419.0,CALX
2023-06-07 12:06:00,52.905,52.905,52.88,52.88,846.0,CALX
2023-06-07 12:05:00,52.96,52.96,52.9,52.9,1094.0,CALX
2023-06-07 12:03:00,52.98,52.98,52.98,52.98,421.0,CALX
2023-06-07 12:02:00,53.01,53.01,53.01,53.01,501.0,CALX
2023-06-07 12:01:00,52.88,53.01,52.88,52.99,2138.0,CALX
2023-06-07 12:00:00,52.79,52.84,52.72,52.84,6189.0,CALX
2023-06-07 11:59:00,52.83,52.84,52.705,52.705,1933.0,CALX
2023-06-07 11:58:00,52.84,52.84,52.84,52.84,429.0,CALX
2023-06-07 11:57:00,52.855,52.92,52.855,52.865,3252.0,CALX
2023-06-07 11:56:00,52.95,52.95,52.86,52.86,742.0,CALX
2023-06-07 11:55:00,52.975,52.975,52.975,52.975,186.0,CALX
2023-06-07 11:53:00,53.0,53.02,52.98,52.99,865.0,CALX
2023-06-07 11:52:00,52.995,53.04,52.995,53.04,1022.0,CALX
2023-06-07 11:51:00,53.02,53.02,53.0,53.01,481.0,CALX
2023-06-07 11:50:00,53.06,53.06,52.995,53.0,1845.0,CALX
2023-06-07 11:47:00,52.97,53.06,52.97,53.06,3127.0,CALX
2023-06-07 11:46:00,52.93,52.93,52.93,52.93,863.0,CALX
2023-06-07 11:45:00,52.84,52.9,52.84,52.9,1055.0,CALX
2023-06-07 11:44:00,52.96,52.96,52.84,52.85,3609.0,CALX
2023-06-07 11:43:00,52.955,52.98,52.93,52.98,3325.0,CALX
2023-06-07 11:42:00,52.955,52.955,52.955,52.955,1263.0,CALX
2023-06-07 11:41:00,52.94,52.97,52.91,52.955,1391.0,CALX
2023-06-07 11:40:00,52.93,52.955,52.93,52.94,1904.0,CALX
2023-06-07 11:39:00,52.93,52.975,52.93,52.955,1351.0,CALX
2023-06-07 11:38:00,53.02,53.02,52.93,52.975,2927.0,CALX
2023-06-07 11:37:00,53.0,53.03,52.99,53.02,845.0,CALX
2023-06-07 11:35:00,53.04,53.04,53.0,53.0,284.0,CALX
2023-06-07 11:34:00,53.04,53.05,53.04,53.042,957.0,CALX
2023-06-07 11:33:00,53.03,53.09,53.03,53.03,2242.0,CALX
2023-06-07 11:32:00,52.99,53.0,52.9,52.965,3083.0,CALX
2023-06-07 11:31:00,53.12,53.12,53.105,53.105,486.0,CALX
2023-06-07 11:30:00,53.1,53.1,53.1,53.1,1312.0,CALX
2023-06-07 11:29:00,53.03,53.04,53.03,53.035,417.0,CALX
2023-06-07 11:28:00,53.001,53.1,53.001,53.06,1398.0,CALX
2023-06-07 11:27:00,53.05,53.05,53.0,53.0,1060.0,CALX
2023-06-07 11:25:00,53.0,53.08,53.0,53.06,989.0,CALX
2023-06-07 11:24:00,52.84,53.05,52.84,53.05,5503.0,CALX
2023-06-07 11:23:00,52.8,52.88,52.8,52.84,5459.0,CALX
2023-06-07 11:22:00,52.77,52.77,52.765,52.765,799.0,CALX
2023-06-07 11:21:00,52.75,52.81,52.75,52.77,1594.0,CALX
2023-06-07 11:20:00,52.76,52.76,52.76,52.76,115.0,CALX
2023-06-07 11:19:00,52.83,52.87,52.805,52.87,1054.0,CALX
2023-06-07 11:18:00,52.84,52.87,52.84,52.87,1709.0,CALX
2023-06-07 11:17:00,52.755,52.87,52.75,52.85,3091.0,CALX
2023-06-07 11:16:00,52.645,52.755,52.645,52.755,1301.0,CALX
2023-06-07 11:15:00,52.795,52.795,52.645,52.645,675.0,CALX
2023-06-07 11:13:00,52.78,52.86,52.76,52.795,16346.0,CALX
2023-06-07 11:12:00,52.82,52.935,52.765,52.765,14332.0,CALX
2023-06-07 11:11:00,52.815,52.815,52.775,52.78,1008.0,CALX
2023-06-07 11:10:00,52.88,52.88,52.87,52.88,851.0,CALX
2023-06-07 11:09:00,52.83,52.95,52.83,52.9,4588.0,CALX
2023-06-07 11:08:00,52.77,52.83,52.765,52.83,3558.0,CALX
2023-06-07 11:07:00,52.705,52.705,52.705,52.705,217.0,CALX
2023-06-07 11:06:00,52.75,52.75,52.71,52.71,226.0,CALX
2023-06-07 11:05:00,52.7,52.785,52.67,52.75,2547.0,CALX
2023-06-07 11:04:00,52.655,52.74,52.63,52.735,4282.0,CALX
2023-06-07 11:03:00,52.63,52.69,52.63,52.69,2153.0,CALX
2023-06-07 11:02:00,52.5,52.6,52.47,52.6,1431.0,CALX
2023-06-07 11:01:00,52.56,52.56,52.5,52.526,430.0,CALX
2023-06-07 11:00:00,52.46,52.56,52.4,52.505,4365.0,CALX
2023-06-07 10:58:00,52.5,52.59,52.5,52.51,2267.0,CALX
2023-06-07 10:57:00,52.47,52.47,52.47,52.47,382.0,CALX
2023-06-07 10:56:00,52.54,52.54,52.54,52.54,329.0,CALX
2023-06-07 10:55:00,52.61,52.64,52.61,52.64,10381.0,CALX
2023-06-07 10:54:00,52.5,52.6,52.495,52.58,3121.0,CALX
2023-06-07 10:53:00,52.21,52.51,52.21,52.51,3011.0,CALX
2023-06-07 10:52:00,52.36,52.435,52.275,52.34,1427.0,CALX
2023-06-07 10:51:00,52.4,52.52,52.37,52.5,13232.0,CALX
2023-06-07 10:50:00,52.445,52.445,52.43,52.43,723.0,CALX
2023-06-07 10:49:00,52.53,52.53,52.53,52.53,776.0,CALX
2023-06-07 10:48:00,52.43,52.5,52.43,52.48,2245.0,CALX
2023-06-07 10:47:00,52.32,52.415,52.31,52.415,1408.0,CALX
2023-06-07 10:46:00,52.38,52.38,52.33,52.33,356.0,CALX
2023-06-07 10:45:00,52.3,52.39,52.3,52.39,2160.0,CALX
2023-06-07 10:44:00,52.24,52.24,52.21,52.23,604.0,CALX
2023-06-07 10:43:00,52.27,52.28,52.27,52.28,634.0,CALX
2023-06-07 10:42:00,52.355,52.355,52.3,52.3,578.0,CALX
2023-06-07 10:41:00,52.25,52.38,52.245,52.38,1391.0,CALX
2023-06-07 10:40:00,52.24,52.295,52.24,52.26,687.0,CALX
2023-06-07 10:39:00,52.1,52.23,52.05,52.23,3513.0,CALX
2023-06-07 10:38:00,52.38,52.38,52.04,52.04,4613.0,CALX
2023-06-07 10:37:00,52.34,52.43,52.34,52.42,3836.0,CALX
2023-06-07 10:36:00,52.4,52.41,52.325,52.4,6273.0,CALX
2023-06-07 10:35:00,52.4,52.445,52.32,52.355,17059.0,CALX
2023-06-07 10:34:00,52.387,52.387,52.37,52.37,2475.0,CALX
2023-06-07 10:33:00,52.375,52.43,52.37,52.4,2276.0,CALX
2023-06-07 10:32:00,52.34,52.44,52.215,52.375,9650.0,CALX
2023-06-07 10:30:00,52.19,52.37,52.19,52.37,1453.0,CALX
2023-06-07 10:29:00,52.23,52.3,52.1,52.161,13250.0,CALX
2023-06-07 10:28:00,52.28,52.28,52.25,52.25,1793.0,CALX
2023-06-07 10:27:00,52.4,52.4,52.4,52.4,298.0,CALX
2023-06-07 10:26:00,52.4,52.45,52.39,52.39,2004.0,CALX
2023-06-07 10:25:00,52.47,52.47,52.35,52.4,26268.0,CALX
2023-06-07 10:24:00,52.455,52.47,52.35,52.425,5614.0,CALX
2023-06-07 10:23:00,52.41,52.53,52.41,52.53,3379.0,CALX
2023-06-07 10:22:00,52.49,52.49,52.475,52.475,648.0,CALX
2023-06-07 10:21:00,52.5,52.6,52.5,52.6,1833.0,CALX
2023-06-07 10:20:00,52.32,52.515,52.26,52.45,13303.0,CALX
2023-06-07 10:19:00,52.38,52.4,52.38,52.4,25115.0,CALX
2023-06-07 10:18:00,52.43,52.43,52.395,52.395,556.0,CALX
2023-06-07 10:16:00,52.42,52.42,52.42,52.42,337.0,CALX
2023-06-07 10:15:00,52.48,52.51,52.41,52.5,12292.0,CALX
2023-06-07 10:14:00,52.47,52.555,52.44,52.48,2056.0,CALX
2023-06-07 10:12:00,52.635,52.635,52.635,52.635,146.0,CALX
2023-06-07 10:11:00,52.51,52.59,52.45,52.52,1896.0,CALX
2023-06-07 10:10:00,52.47,52.58,52.47,52.58,4490.0,CALX
2023-06-07 10:09:00,52.24,52.46,52.17,52.46,18544.0,CALX
2023-06-07 10:08:00,52.09,52.26,52.02,52.23,9758.0,CALX
2023-06-07 10:07:00,52.09,52.09,52.08,52.09,382.0,CALX
2023-06-07 10:06:00,52.09,52.09,52.09,52.09,253.0,CALX
2023-06-07 10:05:00,51.84,52.09,51.84,52.09,4570.0,CALX
2023-06-07 10:04:00,51.721,51.721,51.721,51.721,144.0,CALX
2023-06-07 10:03:00,52.18,52.24,51.95,51.95,21217.0,CALX
2023-06-07 10:02:00,52.285,52.29,52.185,52.258,9371.0,CALX
2023-06-07 10:01:00,52.26,52.37,52.26,52.27,1529.0,CALX
2023-06-07 10:00:00,52.14,52.25,52.14,52.25,686.0,CALX
2023-06-07 09:59:00,52.176,52.176,52.176,52.176,543.0,CALX
2023-06-07 09:58:00,52.095,52.205,51.97,52.06,16711.0,CALX
2023-06-07 09:57:00,51.91,52.03,51.91,52.03,3016.0,CALX
2023-06-07 09:56:00,51.96,52.04,51.96,52.0,1184.0,CALX
2023-06-07 09:55:00,52.15,52.31,52.1,52.11,2847.0,CALX
2023-06-07 09:54:00,52.075,52.075,52.075,52.075,239.0,CALX
2023-06-07 09:53:00,52.028,52.1,52.0,52.08,1684.0,CALX
2023-06-07 09:52:00,52.0,52.105,52.0,52.105,674.0,CALX
2023-06-07 09:51:00,52.07,52.07,51.985,51.985,647.0,CALX
2023-06-07 09:50:00,51.69,52.0,51.69,51.995,5193.0,CALX
2023-06-07 09:49:00,51.61,51.61,51.61,51.61,378.0,CALX
2023-06-07 09:48:00,51.68,51.68,51.68,51.68,218.0,CALX
2023-06-07 09:45:00,51.7,51.7,51.7,51.7,134.0,CALX
2023-06-07 09:44:00,51.59,51.74,51.59,51.74,1498.0,CALX
2023-06-07 09:42:00,51.385,51.45,51.375,51.45,753.0,CALX
2023-06-07 09:41:00,51.57,51.57,51.24,51.36,1074.0,CALX
2023-06-07 09:40:00,51.475,51.475,51.475,51.475,545.0,CALX
2023-06-07 09:39:00,51.415,51.57,51.415,51.485,2998.0,CALX
2023-06-07 09:38:00,51.36,51.43,51.36,51.415,2263.0,CALX
2023-06-07 09:37:00,51.02,51.5,51.01,51.5,4784.0,CALX
2023-06-07 09:36:00,50.92,51.08,50.92,51.02,3381.0,CALX
2023-06-07 09:35:00,50.935,50.935,50.75,50.87,2398.0,CALX
2023-06-07 09:34:00,50.94,50.94,50.93,50.93,435.0,CALX
2023-06-07 09:33:00,50.86,50.86,50.86,50.86,283.0,CALX
2023-06-07 09:32:00,50.86,50.86,50.86,50.86,124.0,CALX
2023-06-07 09:31:00,50.845,50.845,50.8,50.8,519.0,CALX
2023-06-07 09:30:00,50.33,51.2,50.33,51.2,4679.0,CALX
2023-06-06 19:00:00,50.17,50.17,50.17,50.17,80584.0,CALX
2023-06-06 18:30:00,50.17,50.17,50.17,50.17,80584.0,CALX
2023-06-06 18:27:00,50.87,50.87,50.87,50.87,4.0,CALX
2023-06-06 16:46:00,50.17,50.17,50.17,50.17,52934.0,CALX
2023-06-06 16:24:00,50.17,50.17,50.17,50.17,1734.0,CALX
2023-06-06 16:21:00,50.176,50.176,50.176,50.176,26.0,CALX
2023-06-06 16:10:00,50.17,50.17,50.17,50.17,80584.0,CALX
2023-06-06 16:09:00,50.17,50.17,50.17,50.17,1.0,CALX
2023-06-06 16:06:00,48.701,49.77,48.701,49.77,2.0,CALX
2023-06-06 16:02:00,50.17,50.17,50.17,50.17,14993.0,CALX
2023-06-06 16:01:00,50.17,50.17,50.17,50.17,1557.0,CALX
2023-06-06 16:00:00,50.12,50.17,50.12,50.17,174814.0,CALX
2023-06-06 15:59:00,50.14,50.19,50.13,50.145,14993.0,CALX
2023-06-06 15:58:00,50.17,50.19,50.14,50.15,5448.0,CALX
2023-06-06 15:57:00,50.165,50.22,50.16,50.18,5307.0,CALX
2023-06-06 15:56:00,50.13,50.175,50.11,50.16,5547.0,CALX
2023-06-06 15:55:00,50.11,50.22,50.11,50.18,7468.0,CALX
2023-06-06 15:54:00,50.025,50.1,50.02,50.07,3465.0,CALX
2023-06-06 15:53:00,50.09,50.1,50.02,50.025,3641.0,CALX
2023-06-06 15:52:00,50.01,50.1,50.01,50.09,4370.0,CALX
2023-06-06 15:51:00,49.95,50.02,49.93,50.01,5471.0,CALX
2023-06-06 15:50:00,49.96,50.0,49.81,49.96,10753.0,CALX
2023-06-06 15:49:00,49.96,49.98,49.94,49.94,5234.0,CALX
2023-06-06 15:48:00,49.955,49.96,49.95,49.95,1133.0,CALX
2023-06-06 15:47:00,50.04,50.04,49.92,49.92,2668.0,CALX
2023-06-06 15:46:00,50.1,50.1,50.06,50.06,2447.0,CALX
2023-06-06 15:45:00,50.125,50.125,50.08,50.1,930.0,CALX
2023-06-06 15:44:00,50.08,50.09,50.03,50.09,1388.0,CALX
2023-06-06 15:43:00,50.08,50.08,50.08,50.08,362.0,CALX
2023-06-06 15:42:00,50.01,50.06,49.98,50.03,2358.0,CALX
2023-06-06 15:41:00,50.01,50.03,49.98,50.01,4244.0,CALX
2023-06-06 15:40:00,49.92,50.01,49.92,50.01,5933.0,CALX
2023-06-06 15:39:00,49.855,49.905,49.83,49.905,5181.0,CALX
2023-06-06 15:38:00,49.855,49.89,49.84,49.88,2232.0,CALX
2023-06-06 15:37:00,49.88,49.88,49.83,49.83,1135.0,CALX
2023-06-06 15:36:00,49.89,49.89,49.89,49.89,246.0,CALX
2023-06-06 15:35:00,49.89,49.89,49.87,49.89,1940.0,CALX
2023-06-06 15:34:00,49.9,49.9,49.9,49.9,141.0,CALX
2023-06-06 15:33:00,49.91,49.91,49.86,49.88,2043.0,CALX
2023-06-06 15:32:00,49.93,49.94,49.91,49.91,814.0,CALX
2023-06-06 15:31:00,49.91,49.91,49.86,49.885,2943.0,CALX
2023-06-06 15:30:00,49.95,49.95,49.93,49.93,346.0,CALX
2023-06-06 15:29:00,49.91,49.94,49.91,49.94,887.0,CALX
2023-06-06 15:28:00,49.91,49.91,49.88,49.905,546.0,CALX
2023-06-06 15:27:00,49.86,49.89,49.86,49.89,614.0,CALX
2023-06-06 15:26:00,49.84,49.84,49.79,49.84,4052.0,CALX
2023-06-06 15:25:00,49.84,49.84,49.81,49.83,517.0,CALX
2023-06-06 15:24:00,49.788,49.82,49.77,49.82,2489.0,CALX
2023-06-06 15:23:00,49.76,49.77,49.75,49.75,958.0,CALX
2023-06-06 15:22:00,49.75,49.75,49.69,49.69,1791.0,CALX
2023-06-06 15:20:00,49.71,49.71,49.71,49.71,351.0,CALX
2023-06-06 15:18:00,49.7,49.75,49.69,49.74,1491.0,CALX
2023-06-06 15:17:00,49.655,49.655,49.655,49.655,211.0,CALX
2023-06-06 15:16:00,49.66,49.66,49.66,49.66,115.0,CALX
2023-06-06 15:14:00,49.72,49.72,49.652,49.652,892.0,CALX
2023-06-06 15:08:00,49.88,49.93,49.81,49.81,2712.0,CALX
2023-06-06 15:07:00,49.87,49.87,49.87,49.87,398.0,CALX
2023-06-06 15:06:00,49.87,49.87,49.86,49.86,381.0,CALX
2023-06-06 15:05:00,49.88,49.88,49.85,49.86,1108.0,CALX
2023-06-06 15:04:00,49.95,49.95,49.88,49.88,2364.0,CALX
2023-06-06 15:03:00,49.97,50.0,49.91,49.95,9157.0,CALX
2023-06-06 15:02:00,49.9,49.94,49.9,49.9,985.0,CALX
2023-06-06 15:01:00,49.85,49.91,49.85,49.88,3356.0,CALX
2023-06-06 15:00:00,49.88,49.88,49.8,49.88,823.0,CALX
2023-06-06 14:57:00,49.81,49.81,49.79,49.79,435.0,CALX
2023-06-06 14:56:00,49.85,49.85,49.84,49.84,719.0,CALX
2023-06-06 14:55:00,49.79,49.83,49.79,49.83,3019.0,CALX
2023-06-06 14:54:00,49.81,49.81,49.81,49.81,425.0,CALX
2023-06-06 14:53:00,49.81,49.83,49.81,49.83,355.0,CALX
2023-06-06 14:51:00,49.867,49.89,49.865,49.87,752.0,CALX
2023-06-06 14:50:00,49.87,49.88,49.84,49.84,979.0,CALX
2023-06-06 14:49:00,49.85,49.85,49.85,49.85,888.0,CALX
2023-06-06 14:47:00,49.8,49.8,49.8,49.8,171.0,CALX
2023-06-06 14:44:00,49.81,49.81,49.81,49.81,952.0,CALX
2023-06-06 14:43:00,49.8,49.8,49.78,49.78,350.0,CALX
2023-06-06 14:39:00,49.73,49.77,49.73,49.76,2128.0,CALX
2023-06-06 14:37:00,49.71,49.71,49.71,49.71,167.0,CALX
2023-06-06 14:35:00,49.71,49.72,49.71,49.72,857.0,CALX
2023-06-06 14:33:00,49.74,49.74,49.74,49.74,130.0,CALX
2023-06-06 14:32:00,49.79,49.79,49.74,49.74,761.0,CALX
2023-06-06 14:30:00,49.76,49.78,49.76,49.78,744.0,CALX
2023-06-06 14:29:00,49.73,49.73,49.73,49.73,251.0,CALX
2023-06-06 14:28:00,49.71,49.72,49.71,49.71,603.0,CALX
2023-06-06 14:27:00,49.69,49.69,49.69,49.69,378.0,CALX
2023-06-06 14:26:00,49.73,49.73,49.73,49.73,550.0,CALX
2023-06-06 14:25:00,49.68,49.7,49.68,49.7,691.0,CALX
2023-06-06 14:24:00,49.63,49.635,49.63,49.635,491.0,CALX
2023-06-06 14:23:00,49.64,49.65,49.63,49.63,867.0,CALX
2023-06-06 14:22:00,49.58,49.6,49.58,49.6,500.0,CALX
2023-06-06 14:21:00,49.61,49.61,49.61,49.61,274.0,CALX
2023-06-06 14:20:00,49.63,49.64,49.58,49.64,684.0,CALX
2023-06-06 14:19:00,49.62,49.62,49.59,49.59,843.0,CALX
2023-06-06 14:18:00,49.67,49.67,49.62,49.62,484.0,CALX
2023-06-06 14:17:00,49.66,49.671,49.63,49.63,479.0,CALX
2023-06-06 14:16:00,49.63,49.67,49.63,49.67,1210.0,CALX
2023-06-06 14:14:00,49.67,49.67,49.67,49.67,283.0,CALX
2023-06-06 14:13:00,49.63,49.69,49.62,49.69,734.0,CALX
2023-06-06 14:12:00,49.65,49.65,49.65,49.65,444.0,CALX
2023-06-06 14:11:00,49.6,49.6,49.58,49.6,456.0,CALX
2023-06-06 14:09:00,49.55,49.55,49.5,49.5,586.0,CALX
2023-06-06 14:08:00,49.53,49.55,49.5,49.53,1527.0,CALX
2023-06-06 14:07:00,49.485,49.52,49.485,49.5,1265.0,CALX
2023-06-06 14:06:00,49.505,49.53,49.5,49.5,658.0,CALX
2023-06-06 14:02:00,49.58,49.58,49.58,49.58,527.0,CALX
2023-06-06 14:01:00,49.5,49.52,49.465,49.52,2357.0,CALX
2023-06-06 13:59:00,49.555,49.56,49.53,49.53,731.0,CALX
2023-06-06 13:58:00,49.58,49.58,49.52,49.56,898.0,CALX
2023-06-06 13:57:00,49.545,49.545,49.52,49.535,347.0,CALX
2023-06-06 13:56:00,49.55,49.58,49.53,49.54,3339.0,CALX
2023-06-06 13:55:00,49.57,49.58,49.49,49.53,14119.0,CALX
2023-06-06 13:54:00,49.55,49.575,49.49,49.575,2232.0,CALX
2023-06-06 13:53:00,49.52,49.52,49.52,49.52,100.0,CALX
2023-06-06 13:52:00,49.49,49.5,49.49,49.5,455.0,CALX
2023-06-06 13:51:00,49.52,49.52,49.52,49.52,245.0,CALX
2023-06-06 13:50:00,49.49,49.55,49.49,49.55,1304.0,CALX
2023-06-06 13:48:00,49.53,49.53,49.5,49.5,720.0,CALX
2023-06-06 13:46:00,49.57,49.57,49.52,49.53,1008.0,CALX
2023-06-06 13:44:00,49.54,49.57,49.51,49.51,1019.0,CALX
2023-06-06 13:40:00,49.51,49.53,49.485,49.485,2598.0,CALX
2023-06-06 13:37:00,49.472,49.472,49.472,49.472,294.0,CALX
2023-06-06 13:36:00,49.434,49.434,49.434,49.434,153.0,CALX
2023-06-06 13:35:00,49.47,49.485,49.43,49.48,2371.0,CALX
2023-06-06 13:34:00,49.47,49.47,49.47,49.47,276.0,CALX
2023-06-06 13:33:00,49.45,49.45,49.445,49.445,407.0,CALX
2023-06-06 13:32:00,49.4,49.43,49.4,49.43,1212.0,CALX
2023-06-06 13:31:00,49.44,49.51,49.435,49.435,2808.0,CALX
2023-06-06 13:30:00,49.48,49.48,49.48,49.48,231.0,CALX
2023-06-06 13:27:00,49.47,49.48,49.44,49.44,1147.0,CALX
2023-06-06 13:26:00,49.42,49.42,49.42,49.42,1027.0,CALX
2023-06-06 13:24:00,49.53,49.53,49.53,49.53,100.0,CALX
2023-06-06 13:22:00,49.59,49.59,49.59,49.59,540.0,CALX
2023-06-06 13:21:00,49.64,49.64,49.64,49.64,110.0,CALX
2023-06-06 13:20:00,49.6,49.6,49.6,49.6,304.0,CALX
2023-06-06 13:18:00,49.69,49.69,49.69,49.69,584.0,CALX
2023-06-06 13:15:00,49.77,49.77,49.77,49.77,169.0,CALX
2023-06-06 13:12:00,49.72,49.72,49.72,49.72,612.0,CALX
2023-06-06 13:11:00,49.67,49.67,49.64,49.64,865.0,CALX
2023-06-06 13:07:00,49.56,49.59,49.51,49.59,923.0,CALX
2023-06-06 13:05:00,49.51,49.54,49.5,49.54,763.0,CALX
2023-06-06 13:03:00,49.58,49.58,49.58,49.58,137.0,CALX
2023-06-06 13:02:00,49.55,49.55,49.55,49.55,143.0,CALX
2023-06-06 13:01:00,49.59,49.59,49.59,49.59,103.0,CALX
2023-06-06 13:00:00,49.53,49.62,49.53,49.62,1388.0,CALX
2023-06-06 12:59:00,49.59,49.59,49.48,49.505,1700.0,CALX
2023-06-06 12:57:00,49.64,49.675,49.61,49.61,1941.0,CALX
2023-06-06 12:56:00,49.69,49.7,49.66,49.68,1328.0,CALX
2023-06-06 12:55:00,49.67,49.68,49.67,49.68,1000.0,CALX
2023-06-06 12:54:00,49.685,49.75,49.67,49.67,6422.0,CALX
2023-06-06 12:53:00,49.72,49.75,49.67,49.73,3257.0,CALX
2023-06-06 12:52:00,49.75,49.75,49.74,49.74,201.0,CALX
2023-06-06 12:50:00,49.7,49.78,49.69,49.75,3282.0,CALX
2023-06-06 12:49:00,49.735,49.78,49.735,49.78,689.0,CALX
2023-06-06 12:48:00,49.75,49.75,49.75,49.75,100.0,CALX
2023-06-06 12:46:00,49.73,49.75,49.73,49.73,1693.0,CALX
2023-06-06 12:41:00,49.7,49.7,49.7,49.7,125.0,CALX
2023-06-06 12:40:00,49.69,49.73,49.69,49.73,433.0,CALX
2023-06-06 12:39:00,49.66,49.66,49.6,49.66,2322.0,CALX
2023-06-06 12:38:00,49.72,49.72,49.64,49.66,1711.0,CALX
2023-06-06 12:37:00,49.71,49.71,49.68,49.68,796.0,CALX
2023-06-06 12:34:00,49.92,49.94,49.9,49.905,1623.0,CALX
2023-06-06 12:33:00,49.91,49.91,49.88,49.88,992.0,CALX
2023-06-06 12:32:00,49.95,49.95,49.88,49.885,1371.0,CALX
2023-06-06 12:30:00,50.0,50.0,49.98,49.98,294.0,CALX
2023-06-06 12:29:00,49.985,49.985,49.985,49.985,380.0,CALX
2023-06-06 12:28:00,49.985,49.985,49.985,49.985,137.0,CALX
2023-06-06 12:27:00,50.0,50.0,49.95,49.985,1711.0,CALX
2023-06-06 12:22:00,50.05,50.05,49.98,49.98,637.0,CALX
2023-06-06 12:20:00,50.0,50.08,50.0,50.08,1764.0,CALX
2023-06-06 12:18:00,50.0,50.0,50.0,50.0,111.0,CALX
2023-06-06 12:17:00,50.0,50.0,50.0,50.0,276.0,CALX
2023-06-06 12:16:00,50.03,50.03,50.03,50.03,194.0,CALX
2023-06-06 12:15:00,49.97,50.0,49.97,50.0,1351.0,CALX
2023-06-06 12:14:00,49.96,49.97,49.96,49.97,593.0,CALX
2023-06-06 12:13:00,50.0,50.0,49.93,49.985,550.0,CALX
2023-06-06 12:12:00,50.0,50.0,50.0,50.0,176.0,CALX
2023-06-06 12:11:00,50.005,50.005,50.005,50.005,133.0,CALX
2023-06-06 12:10:00,50.04,50.04,50.0,50.0,1877.0,CALX
2023-06-06 12:08:00,49.96,49.98,49.94,49.94,687.0,CALX
2023-06-06 12:07:00,49.98,49.98,49.97,49.98,703.0,CALX
2023-06-06 12:06:00,49.96,50.03,49.95,49.96,3873.0,CALX
2023-06-06 12:05:00,50.01,50.02,49.97,49.99,1487.0,CALX
2023-06-06 12:04:00,50.04,50.07,50.04,50.07,632.0,CALX
2023-06-06 12:01:00,50.11,50.15,50.04,50.04,2055.0,CALX
2023-06-06 12:00:00,50.07,50.07,50.025,50.06,735.0,CALX
2023-06-06 11:59:00,50.11,50.11,50.11,50.11,732.0,CALX
2023-06-06 11:54:00,50.06,50.06,50.06,50.06,162.0,CALX
2023-06-06 11:53:00,50.04,50.093,50.035,50.093,1919.0,CALX
2023-06-06 11:52:00,50.075,50.11,50.04,50.09,1055.0,CALX
2023-06-06 11:51:00,50.16,50.16,50.035,50.09,1374.0,CALX
2023-06-06 11:50:00,50.18,50.2,50.13,50.17,2967.0,CALX
2023-06-06 11:49:00,50.09,50.2,50.08,50.2,3534.0,CALX
2023-06-06 11:48:00,50.08,50.08,50.08,50.08,185.0,CALX
2023-06-06 11:47:00,49.99,50.08,49.945,50.08,743.0,CALX
2023-06-06 11:45:00,49.77,49.86,49.77,49.86,2222.0,CALX
2023-06-06 11:44:00,49.81,49.81,49.71,49.77,1840.0,CALX
2023-06-06 11:43:00,49.76,49.76,49.68,49.68,269.0,CALX
2023-06-06 11:41:00,49.78,49.81,49.75,49.79,827.0,CALX
2023-06-06 11:39:00,49.74,49.79,49.68,49.79,2117.0,CALX
2023-06-06 11:38:00,49.637,49.67,49.605,49.67,406.0,CALX
2023-06-06 11:37:00,49.78,49.78,49.67,49.67,941.0,CALX
2023-06-06 11:36:00,49.79,49.79,49.79,49.79,117.0,CALX
2023-06-06 11:35:00,49.865,49.865,49.865,49.865,451.0,CALX
2023-06-06 11:34:00,49.82,49.85,49.82,49.835,1403.0,CALX
2023-06-06 11:31:00,49.85,49.89,49.835,49.89,1049.0,CALX
2023-06-06 11:29:00,49.78,49.78,49.78,49.78,485.0,CALX
2023-06-06 11:28:00,49.75,49.85,49.75,49.79,1004.0,CALX
2023-06-06 11:27:00,49.75,49.77,49.71,49.75,2431.0,CALX
2023-06-06 11:26:00,49.75,49.84,49.74,49.84,2364.0,CALX
2023-06-06 11:25:00,49.705,49.705,49.705,49.705,239.0,CALX
2023-06-06 11:24:00,49.8,49.805,49.74,49.76,1467.0,CALX
2023-06-06 11:23:00,49.805,49.805,49.805,49.805,1722.0,CALX
2023-06-06 11:22:00,49.815,49.815,49.815,49.815,732.0,CALX
2023-06-06 11:21:00,49.855,49.855,49.805,49.805,2359.0,CALX
2023-06-06 11:19:00,49.69,49.78,49.69,49.78,811.0,CALX
2023-06-06 11:17:00,49.74,49.74,49.7,49.72,1020.0,CALX
2023-06-06 11:16:00,49.625,49.7,49.625,49.7,1286.0,CALX
2023-06-06 11:15:00,49.67,49.67,49.59,49.625,1306.0,CALX
2023-06-06 11:14:00,49.79,49.79,49.747,49.747,959.0,CALX
2023-06-06 11:13:00,49.87,49.935,49.87,49.935,308.0,CALX
2023-06-06 11:11:00,49.815,49.93,49.77,49.885,3696.0,CALX
2023-06-06 11:10:00,49.775,49.842,49.775,49.842,340.0,CALX
2023-06-06 11:08:00,49.775,49.775,49.775,49.775,407.0,CALX
2023-06-06 11:06:00,49.81,49.81,49.81,49.81,264.0,CALX
2023-06-06 11:05:00,49.8,49.81,49.75,49.75,330.0,CALX
2023-06-06 11:04:00,49.8,49.8,49.75,49.75,762.0,CALX
2023-06-06 11:03:00,49.75,49.8,49.75,49.76,949.0,CALX
2023-06-06 11:02:00,49.74,49.81,49.735,49.796,832.0,CALX
2023-06-06 11:01:00,49.735,49.735,49.735,49.735,630.0,CALX
2023-06-06 11:00:00,49.87,49.87,49.81,49.87,978.0,CALX
2023-06-06 10:59:00,49.81,49.86,49.81,49.86,1148.0,CALX
2023-06-06 10:58:00,49.77,49.77,49.715,49.74,2378.0,CALX
2023-06-06 10:57:00,49.8,49.8,49.8,49.8,391.0,CALX
2023-06-06 10:55:00,49.8,49.8,49.8,49.8,741.0,CALX
2023-06-06 10:54:00,49.72,49.8,49.72,49.8,1489.0,CALX
2023-06-06 10:53:00,49.63,49.73,49.63,49.665,2219.0,CALX
2023-06-06 10:52:00,49.64,49.64,49.48,49.63,8628.0,CALX
2023-06-06 10:51:00,49.57,49.58,49.57,49.58,614.0,CALX
2023-06-06 10:50:00,49.5,49.5,49.46,49.49,643.0,CALX
2023-06-06 10:47:00,49.27,49.27,49.27,49.27,203.0,CALX
2023-06-06 10:46:00,49.312,49.38,49.288,49.38,1172.0,CALX
2023-06-06 10:45:00,49.28,49.28,49.28,49.28,848.0,CALX
2023-06-06 10:44:00,49.215,49.215,49.13,49.2,807.0,CALX
2023-06-06 10:42:00,49.22,49.24,49.21,49.21,712.0,CALX
2023-06-06 10:41:00,49.14,49.39,49.14,49.27,13336.0,CALX
2023-06-06 10:40:00,49.1,49.15,49.1,49.13,1795.0,CALX
2023-06-06 10:39:00,49.11,49.11,49.105,49.105,636.0,CALX
2023-06-06 10:37:00,49.115,49.12,49.115,49.12,289.0,CALX
2023-06-06 10:34:00,49.18,49.205,49.11,49.11,3855.0,CALX
2023-06-06 10:32:00,49.23,49.23,49.175,49.175,364.0,CALX
2023-06-06 10:31:00,49.18,49.18,49.11,49.15,1614.0,CALX
2023-06-06 10:30:00,49.09,49.18,49.09,49.17,2021.0,CALX
2023-06-06 10:29:00,49.17,49.17,49.13,49.15,619.0,CALX
2023-06-06 10:25:00,49.265,49.31,49.24,49.24,1768.0,CALX
2023-06-06 10:24:00,49.19,49.28,49.15,49.28,2711.0,CALX
2023-06-06 10:23:00,49.145,49.145,49.145,49.145,309.0,CALX
2023-06-06 10:22:00,49.13,49.145,49.09,49.145,1671.0,CALX
2023-06-06 10:21:00,49.14,49.14,49.14,49.14,642.0,CALX
2023-06-06 10:20:00,49.18,49.18,49.13,49.175,424.0,CALX
2023-06-06 10:19:00,49.25,49.25,49.25,49.25,263.0,CALX
2023-06-06 10:18:00,49.13,49.2,49.13,49.16,1225.0,CALX
2023-06-06 10:16:00,49.135,49.135,49.06,49.135,1415.0,CALX
2023-06-06 10:15:00,49.14,49.14,49.12,49.14,982.0,CALX
2023-06-06 10:14:00,49.25,49.3,49.205,49.205,486.0,CALX
2023-06-06 10:13:00,49.3,49.3,49.3,49.3,103.0,CALX
2023-06-06 10:12:00,49.57,49.57,49.27,49.41,2376.0,CALX
2023-06-06 10:11:00,49.275,49.52,49.275,49.52,3050.0,CALX
2023-06-06 10:10:00,49.265,49.265,49.265,49.265,101.0,CALX
2023-06-06 10:08:00,49.19,49.265,49.19,49.265,883.0,CALX
2023-06-06 10:05:00,49.19,49.27,49.19,49.27,946.0,CALX
2023-06-06 10:04:00,49.27,49.33,49.18,49.18,1097.0,CALX
2023-06-06 10:03:00,49.26,49.33,49.26,49.33,408.0,CALX
2023-06-06 10:02:00,49.25,49.26,49.25,49.26,297.0,CALX
2023-06-06 10:01:00,49.15,49.25,49.13,49.245,1937.0,CALX
2023-06-06 10:00:00,49.1,49.18,49.1,49.18,1562.0,CALX
2023-06-06 09:58:00,49.11,49.11,49.11,49.11,220.0,CALX
2023-06-06 09:56:00,49.125,49.125,49.12,49.12,533.0,CALX
2023-06-06 09:55:00,49.23,49.23,49.12,49.18,1753.0,CALX
2023-06-06 09:54:00,49.13,49.16,49.04,49.04,1782.0,CALX
2023-06-06 09:51:00,49.325,49.325,49.325,49.325,126.0,CALX
2023-06-06 09:50:00,49.397,49.397,49.398,49.397,113.0,CALX
2023-06-06 09:48:00,49.3,49.3,49.3,49.3,146.0,CALX
2023-06-06 09:46:00,49.135,49.135,49.12,49.12,545.0,CALX
2023-06-06 09:45:00,48.86,49.34,48.765,49.15,17622.0,CALX
2023-06-06 09:44:00,48.669,48.669,48.669,48.669,353.0,CALX
2023-06-06 09:43:00,48.79,48.79,48.79,48.79,166.0,CALX
2023-06-06 09:42:00,48.727,48.81,48.66,48.66,670.0,CALX
2023-06-06 09:40:00,48.785,48.91,48.74,48.91,705.0,CALX
2023-06-06 09:38:00,48.825,48.97,48.825,48.97,346.0,CALX
2023-06-06 09:37:00,48.415,48.82,48.415,48.82,1018.0,CALX
2023-06-06 09:36:00,48.84,48.855,48.415,48.415,1995.0,CALX
2023-06-06 09:35:00,48.875,48.875,48.875,48.875,140.0,CALX
2023-06-06 09:34:00,48.87,48.875,48.85,48.875,452.0,CALX
2023-06-06 09:33:00,48.845,48.865,48.845,48.865,252.0,CALX
2023-06-06 09:30:00,49.23,49.23,49.23,49.23,2213.0,CALX
2023-06-06 09:20:00,49.5,49.5,49.5,49.5,3.0,CALX
2023-06-06 08:49:00,49.5,49.5,49.5,49.5,2.0,CALX
2023-06-05 19:00:00,49.3,49.3,49.3,49.3,69415.0,CALX
2023-06-05 18:30:00,49.3,49.3,49.3,49.3,69415.0,CALX
2023-06-05 16:47:00,49.51,49.51,49.51,49.51,1.0,CALX
2023-06-05 16:10:00,49.3,49.3,49.3,49.3,69415.0,CALX
2023-06-05 16:02:00,49.3,49.3,49.3,49.3,224.0,CALX
2023-06-05 16:01:00,49.3,49.3,49.3,49.3,703.0,CALX
2023-06-05 16:00:00,49.3,49.3,49.3,49.3,158476.0,CALX
2023-06-05 15:59:00,49.305,49.31,49.29,49.3,29176.0,CALX
2023-06-05 15:58:00,49.23,49.34,49.21,49.31,31066.0,CALX
2023-06-05 15:57:00,49.225,49.23,49.22,49.22,4725.0,CALX
2023-06-05 15:56:00,49.21,49.26,49.21,49.23,13066.0,CALX
2023-06-05 15:55:00,49.19,49.22,49.18,49.22,9186.0,CALX
2023-06-05 15:54:00,49.24,49.25,49.19,49.19,9386.0,CALX
2023-06-05 15:53:00,49.22,49.25,49.22,49.245,3932.0,CALX
2023-06-05 15:52:00,49.14,49.21,49.14,49.21,7122.0,CALX
2023-06-05 15:51:00,49.195,49.2,49.115,49.15,10885.0,CALX
2023-06-05 15:50:00,49.19,49.26,49.19,49.195,9715.0,CALX
2023-06-05 15:49:00,49.185,49.185,49.16,49.185,3956.0,CALX
2023-06-05 15:48:00,49.18,49.2,49.18,49.18,5183.0,CALX
2023-06-05 15:47:00,49.15,49.175,49.145,49.17,5530.0,CALX
2023-06-05 15:46:00,49.15,49.15,49.13,49.15,2066.0,CALX
2023-06-05 15:45:00,49.18,49.18,49.14,49.14,2359.0,CALX
2023-06-05 15:44:00,49.19,49.2,49.17,49.19,3022.0,CALX
2023-06-05 15:43:00,49.2,49.2,49.19,49.195,991.0,CALX
2023-06-05 15:42:00,49.17,49.21,49.16,49.205,6516.0,CALX
2023-06-05 15:41:00,49.15,49.18,49.15,49.17,3071.0,CALX
2023-06-05 15:40:00,49.17,49.17,49.16,49.16,679.0,CALX
2023-06-05 15:39:00,49.17,49.17,49.12,49.14,1342.0,CALX
2023-06-05 15:38:00,49.145,49.145,49.145,49.145,682.0,CALX
2023-06-05 15:37:00,49.15,49.15,49.135,49.135,795.0,CALX
2023-06-05 15:36:00,49.09,49.17,49.09,49.142,3470.0,CALX
2023-06-05 15:35:00,49.085,49.13,49.085,49.085,3827.0,CALX
2023-06-05 15:34:00,49.01,49.085,48.99,49.085,4146.0,CALX
2023-06-05 15:33:00,49.06,49.06,49.04,49.04,1234.0,CALX
2023-06-05 15:32:00,49.06,49.1,49.06,49.07,2243.0,CALX
2023-06-05 15:31:00,49.14,49.15,48.985,49.02,7400.0,CALX
2023-06-05 15:30:00,49.28,49.295,49.14,49.14,3004.0,CALX
2023-06-05 15:29:00,49.36,49.36,49.31,49.325,487.0,CALX
2023-06-05 15:28:00,49.34,49.34,49.31,49.325,630.0,CALX
2023-06-05 15:27:00,49.335,49.34,49.335,49.34,1301.0,CALX
2023-06-05 15:26:00,49.345,49.35,49.31,49.32,2014.0,CALX
2023-06-05 15:25:00,49.35,49.37,49.35,49.37,1926.0,CALX
2023-06-05 15:24:00,49.35,49.36,49.33,49.345,2063.0,CALX
2023-06-05 15:21:00,49.35,49.35,49.34,49.34,1187.0,CALX
2023-06-05 15:20:00,49.28,49.32,49.28,49.29,1912.0,CALX
2023-06-05 15:19:00,49.27,49.34,49.27,49.31,4387.0,CALX
2023-06-05 15:18:00,49.255,49.27,49.255,49.27,728.0,CALX
2023-06-05 15:16:00,49.25,49.32,49.25,49.32,3291.0,CALX
2023-06-05 15:14:00,49.345,49.35,49.32,49.35,1090.0,CALX
2023-06-05 15:13:00,49.38,49.38,49.33,49.33,677.0,CALX
2023-06-05 15:12:00,49.36,49.36,49.35,49.36,500.0,CALX
2023-06-05 15:11:00,49.34,49.38,49.34,49.37,2495.0,CALX
2023-06-05 15:10:00,49.3,49.3,49.3,49.3,413.0,CALX
2023-06-05 15:09:00,49.35,49.37,49.35,49.37,346.0,CALX
2023-06-05 15:08:00,49.49,49.49,49.31,49.309,1125.0,CALX
2023-06-05 15:07:00,49.49,49.51,49.49,49.505,1647.0,CALX
2023-06-05 15:06:00,49.53,49.58,49.453,49.5,19026.0,CALX
2023-06-05 15:05:00,49.54,49.54,49.42,49.51,18494.0,CALX
2023-06-05 15:04:00,49.535,49.58,49.49,49.545,9767.0,CALX
2023-06-05 15:03:00,49.53,49.575,49.495,49.575,678.0,CALX
2023-06-05 15:02:00,49.535,49.545,49.535,49.545,661.0,CALX
2023-06-05 15:01:00,49.58,49.58,49.53,49.56,1719.0,CALX
2023-06-05 14:57:00,49.5,49.55,49.47,49.55,1754.0,CALX
2023-06-05 14:56:00,49.5,49.5,49.48,49.48,637.0,CALX
2023-06-05 14:55:00,49.53,49.55,49.53,49.55,1030.0,CALX
2023-06-05 14:54:00,49.465,49.48,49.465,49.48,1351.0,CALX
2023-06-05 14:53:00,49.4,49.46,49.4,49.46,560.0,CALX
2023-06-05 14:52:00,49.265,49.37,49.265,49.37,1670.0,CALX
2023-06-05 14:51:00,49.33,49.33,49.3,49.3,613.0,CALX
2023-06-05 14:50:00,49.35,49.35,49.35,49.35,353.0,CALX
2023-06-05 14:49:00,49.28,49.34,49.27,49.29,5715.0,CALX
2023-06-05 14:47:00,49.235,49.235,49.235,49.235,117.0,CALX
2023-06-05 14:45:00,49.185,49.285,49.185,49.24,5019.0,CALX
2023-06-05 14:44:00,49.25,49.25,49.18,49.18,1089.0,CALX
2023-06-05 14:43:00,49.36,49.36,49.26,49.26,1282.0,CALX
2023-06-05 14:42:00,49.495,49.495,49.44,49.44,342.0,CALX
2023-06-05 14:41:00,49.48,49.48,49.48,49.48,219.0,CALX
2023-06-05 14:40:00,49.56,49.6,49.52,49.52,1092.0,CALX
2023-06-05 14:39:00,49.6,49.6,49.595,49.595,210.0,CALX
2023-06-05 14:38:00,49.6,49.61,49.57,49.595,1305.0,CALX
2023-06-05 14:37:00,49.57,49.6,49.57,49.6,809.0,CALX
2023-06-05 14:36:00,49.57,49.63,49.56,49.61,1842.0,CALX
2023-06-05 14:35:00,49.48,49.49,49.48,49.48,623.0,CALX
2023-06-05 14:34:00,49.65,49.67,49.5,49.555,6518.0,CALX
2023-06-05 14:33:00,49.56,49.64,49.54,49.64,16090.0,CALX
2023-06-05 14:32:00,49.58,49.59,49.525,49.585,18701.0,CALX
2023-06-05 14:31:00,49.632,49.635,49.575,49.59,6856.0,CALX
2023-06-05 14:30:00,49.615,49.66,49.605,49.65,3608.0,CALX
2023-06-05 14:29:00,49.565,49.61,49.565,49.59,2320.0,CALX
2023-06-05 14:28:00,49.565,49.565,49.565,49.565,127.0,CALX
2023-06-05 14:27:00,49.61,49.61,49.58,49.58,1137.0,CALX
2023-06-05 14:26:00,49.6,49.6,49.575,49.575,2444.0,CALX
2023-06-05 14:25:00,49.61,49.62,49.61,49.62,218.0,CALX
2023-06-05 14:24:00,49.545,49.62,49.54,49.62,5155.0,CALX
2023-06-05 14:23:00,49.545,49.545,49.545,49.545,601.0,CALX
2023-06-05 14:22:00,49.51,49.545,49.51,49.545,300.0,CALX
2023-06-05 14:21:00,49.54,49.54,49.54,49.54,407.0,CALX
2023-06-05 14:20:00,49.54,49.54,49.53,49.54,925.0,CALX
2023-06-05 14:19:00,49.57,49.57,49.57,49.57,283.0,CALX
2023-06-05 14:18:00,49.56,49.56,49.56,49.56,631.0,CALX
2023-06-05 14:17:00,49.56,49.56,49.56,49.56,100.0,CALX
2023-06-05 14:16:00,49.56,49.56,49.56,49.56,202.0,CALX
2023-06-05 14:15:00,49.57,49.57,49.56,49.56,527.0,CALX
2023-06-05 14:14:00,49.555,49.555,49.555,49.555,106.0,CALX
2023-06-05 14:13:00,49.39,49.56,49.385,49.56,6992.0,CALX
2023-06-05 14:12:00,49.435,49.435,49.435,49.435,472.0,CALX
2023-06-05 14:11:00,49.42,49.435,49.42,49.435,487.0,CALX
2023-06-05 14:10:00,49.475,49.475,49.41,49.41,846.0,CALX
2023-06-05 14:09:00,49.48,49.48,49.47,49.47,463.0,CALX
2023-06-05 14:08:00,49.7,49.75,49.58,49.58,1824.0,CALX
2023-06-05 14:07:00,49.8,49.8,49.76,49.76,611.0,CALX
2023-06-05 14:06:00,49.82,49.82,49.8,49.8,958.0,CALX
2023-06-05 14:05:00,49.855,49.855,49.82,49.835,966.0,CALX
2023-06-05 14:04:00,49.86,49.88,49.85,49.88,1528.0,CALX
2023-06-05 14:03:00,49.845,49.845,49.83,49.835,813.0,CALX
2023-06-05 14:02:00,49.89,49.915,49.85,49.85,2395.0,CALX
2023-06-05 14:01:00,49.915,49.915,49.89,49.915,507.0,CALX
2023-06-05 14:00:00,49.995,50.0,49.895,49.915,6272.0,CALX
2023-06-05 13:58:00,49.92,50.0,49.92,50.0,3602.0,CALX
2023-06-05 13:57:00,49.85,49.9,49.85,49.9,765.0,CALX
2023-06-05 13:56:00,49.75,49.87,49.75,49.87,3487.0,CALX
2023-06-05 13:55:00,49.73,49.75,49.73,49.75,2007.0,CALX
2023-06-05 13:53:00,49.715,49.73,49.7,49.73,476.0,CALX
2023-06-05 13:52:00,49.69,49.73,49.69,49.695,2799.0,CALX
2023-06-05 13:51:00,49.74,49.74,49.74,49.74,387.0,CALX
2023-06-05 13:49:00,49.66,49.75,49.64,49.735,5789.0,CALX
2023-06-05 13:48:00,49.66,49.675,49.66,49.675,612.0,CALX
2023-06-05 13:47:00,49.675,49.675,49.67,49.67,633.0,CALX
2023-06-05 13:46:00,49.67,49.67,49.67,49.67,150.0,CALX
2023-06-05 13:44:00,49.685,49.685,49.685,49.685,239.0,CALX
2023-06-05 13:43:00,49.69,49.71,49.66,49.68,2733.0,CALX
2023-06-05 13:41:00,49.7,49.719,49.7,49.719,369.0,CALX
2023-06-05 13:40:00,49.72,49.72,49.7,49.72,946.0,CALX
2023-06-05 13:39:00,49.675,49.7,49.675,49.7,721.0,CALX
2023-06-05 13:37:00,49.63,49.67,49.63,49.67,755.0,CALX
2023-06-05 13:36:00,49.61,49.64,49.55,49.64,5330.0,CALX
2023-06-05 13:35:00,49.6,49.6,49.585,49.6,468.0,CALX
2023-06-05 13:34:00,49.6,49.61,49.587,49.61,1402.0,CALX
2023-06-05 13:33:00,49.6,49.6,49.58,49.58,463.0,CALX
2023-06-05 13:32:00,49.585,49.6,49.585,49.6,202.0,CALX
2023-06-05 13:31:00,49.58,49.592,49.58,49.592,300.0,CALX
2023-06-05 13:30:00,49.585,49.585,49.585,49.585,304.0,CALX
2023-06-05 13:29:00,49.595,49.6,49.595,49.6,680.0,CALX
2023-06-05 13:28:00,49.64,49.65,49.58,49.58,909.0,CALX
2023-06-05 13:27:00,49.64,49.66,49.635,49.66,991.0,CALX
2023-06-05 13:26:00,49.57,49.65,49.57,49.64,5360.0,CALX
2023-06-05 13:25:00,49.59,49.59,49.59,49.59,305.0,CALX
2023-06-05 13:24:00,49.59,49.59,49.59,49.59,386.0,CALX
2023-06-05 13:23:00,49.57,49.57,49.57,49.57,210.0,CALX
2023-06-05 13:22:00,49.585,49.59,49.585,49.59,203.0,CALX
2023-06-05 13:21:00,49.565,49.6,49.565,49.6,206.0,CALX
2023-06-05 13:20:00,49.59,49.6,49.585,49.6,656.0,CALX
2023-06-05 13:19:00,49.6,49.6,49.59,49.59,212.0,CALX
2023-06-05 13:18:00,49.63,49.63,49.6,49.6,1722.0,CALX
2023-06-05 13:17:00,49.62,49.62,49.565,49.61,2640.0,CALX
2023-06-05 13:16:00,49.6,49.6,49.6,49.6,441.0,CALX
2023-06-05 13:15:00,49.6,49.6,49.54,49.58,1658.0,CALX
2023-06-05 13:14:00,49.59,49.6,49.59,49.6,283.0,CALX
2023-06-05 13:13:00,49.61,49.61,49.61,49.61,101.0,CALX
2023-06-05 13:12:00,49.61,49.65,49.593,49.62,1858.0,CALX
2023-06-05 13:11:00,49.6,49.6,49.6,49.6,228.0,CALX
2023-06-05 13:10:00,49.63,49.66,49.61,49.61,1715.0,CALX
2023-06-05 13:09:00,49.6,49.62,49.6,49.62,1681.0,CALX
2023-06-05 13:07:00,49.59,49.6,49.59,49.6,657.0,CALX
2023-06-05 13:06:00,49.49,49.59,49.49,49.59,9206.0,CALX
2023-06-05 13:05:00,49.485,49.485,49.412,49.485,2008.0,CALX
2023-06-05 13:04:00,49.61,49.61,49.59,49.59,767.0,CALX
2023-06-05 13:02:00,49.65,49.65,49.65,49.65,255.0,CALX
2023-06-05 13:01:00,49.68,49.72,49.68,49.72,1527.0,CALX
2023-06-05 13:00:00,49.8,49.8,49.7,49.7,2158.0,CALX
2023-06-05 12:59:00,49.8,49.8,49.8,49.8,356.0,CALX
2023-06-05 12:57:00,49.74,49.74,49.74,49.74,380.0,CALX
2023-06-05 12:56:00,49.785,49.785,49.75,49.75,1167.0,CALX
2023-06-05 12:55:00,49.81,49.82,49.768,49.767,1633.0,CALX
2023-06-05 12:53:00,49.785,49.785,49.785,49.785,227.0,CALX
2023-06-05 12:51:00,49.84,49.84,49.84,49.84,663.0,CALX
2023-06-05 12:50:00,49.81,49.96,49.81,49.915,2828.0,CALX
2023-06-05 12:49:00,49.95,49.99,49.86,49.865,6568.0,CALX
2023-06-05 12:48:00,49.945,49.945,49.945,49.945,231.0,CALX
2023-06-05 12:47:00,49.89,49.89,49.89,49.89,111.0,CALX
2023-06-05 12:46:00,49.88,49.91,49.88,49.91,401.0,CALX
2023-06-05 12:45:00,49.89,49.95,49.89,49.95,377.0,CALX
2023-06-05 12:44:00,49.88,49.88,49.88,49.88,113.0,CALX
2023-06-05 12:43:00,50.16,50.16,49.96,49.96,1665.0,CALX
2023-06-05 12:41:00,50.24,50.26,50.24,50.26,250.0,CALX
2023-06-05 12:39:00,50.3,50.305,50.29,50.29,816.0,CALX
2023-06-05 12:37:00,50.34,50.345,50.315,50.315,949.0,CALX
2023-06-05 12:36:00,50.28,50.35,50.28,50.35,226.0,CALX
2023-06-05 12:33:00,50.395,50.42,50.34,50.39,2191.0,CALX
2023-06-05 12:32:00,50.337,50.41,50.338,50.4,3970.0,CALX
2023-06-05 12:31:00,50.31,50.37,50.31,50.33,2320.0,CALX
2023-06-05 12:30:00,50.335,50.36,50.335,50.35,477.0,CALX
2023-06-05 12:29:00,50.33,50.36,50.33,50.36,794.0,CALX
2023-06-05 12:28:00,50.3,50.32,50.3,50.32,1041.0,CALX
2023-06-05 12:27:00,50.24,50.28,50.24,50.26,1569.0,CALX
2023-06-05 12:25:00,50.24,50.25,50.18,50.18,535.0,CALX
2023-06-05 12:24:00,50.18,50.28,50.18,50.275,2677.0,CALX
2023-06-05 12:23:00,50.185,50.185,50.18,50.18,460.0,CALX
2023-06-05 12:22:00,50.2,50.24,50.195,50.2,1293.0,CALX
2023-06-05 12:21:00,50.265,50.265,50.225,50.225,563.0,CALX
2023-06-05 12:20:00,50.28,50.28,50.28,50.28,516.0,CALX
2023-06-05 12:19:00,50.25,50.295,50.225,50.295,3350.0,CALX
2023-06-05 12:18:00,50.3,50.3,50.3,50.3,197.0,CALX
2023-06-05 12:17:00,50.25,50.33,50.25,50.277,1057.0,CALX
2023-06-05 12:16:00,50.17,50.25,50.17,50.24,3873.0,CALX
2023-06-05 12:15:00,50.185,50.19,50.12,50.19,1354.0,CALX
2023-06-05 12:14:00,50.185,50.185,50.185,50.185,110.0,CALX
2023-06-05 12:13:00,50.185,50.185,50.185,50.185,100.0,CALX
2023-06-05 12:12:00,50.14,50.23,50.14,50.23,1892.0,CALX
2023-06-05 12:11:00,50.05,50.14,50.05,50.14,2637.0,CALX
2023-06-05 12:10:00,50.05,50.05,50.05,50.05,229.0,CALX
2023-06-05 12:07:00,50.04,50.04,50.04,50.04,210.0,CALX
2023-06-05 12:06:00,49.95,50.01,49.93,50.01,2924.0,CALX
2023-06-05 12:05:00,49.915,49.915,49.915,49.915,113.0,CALX
2023-06-05 12:04:00,49.92,49.97,49.92,49.97,2524.0,CALX
2023-06-05 12:03:00,50.0,50.03,49.935,49.94,2044.0,CALX
2023-06-05 12:02:00,50.095,50.095,49.94,50.04,6247.0,CALX
2023-06-05 12:01:00,50.11,50.115,50.05,50.095,4167.0,CALX
2023-06-05 12:00:00,50.15,50.19,50.103,50.102,2036.0,CALX
2023-06-05 11:58:00,49.995,50.115,49.995,50.115,3212.0,CALX
2023-06-05 11:57:00,50.005,50.005,49.975,49.99,1026.0,CALX
2023-06-05 11:56:00,50.055,50.055,50.055,50.055,107.0,CALX
2023-06-05 11:55:00,49.99,50.02,49.99,50.02,229.0,CALX
2023-06-05 11:52:00,49.89,50.005,49.89,50.005,2588.0,CALX
2023-06-05 11:51:00,49.83,49.89,49.83,49.855,2441.0,CALX
2023-06-05 11:49:00,49.755,49.82,49.75,49.81,1154.0,CALX
2023-06-05 11:48:00,49.75,49.81,49.75,49.81,751.0,CALX
2023-06-05 11:46:00,49.69,49.84,49.69,49.81,4282.0,CALX
2023-06-05 11:45:00,49.65,49.68,49.65,49.67,3479.0,CALX
2023-06-05 11:44:00,49.615,49.65,49.615,49.615,1426.0,CALX
2023-06-05 11:43:00,49.63,49.65,49.62,49.64,1617.0,CALX
2023-06-05 11:42:00,49.59,49.62,49.59,49.6,904.0,CALX
2023-06-05 11:40:00,49.615,49.615,49.615,49.615,237.0,CALX
2023-06-05 11:39:00,49.6,49.65,49.6,49.62,2171.0,CALX
2023-06-05 11:38:00,49.54,49.56,49.54,49.54,1552.0,CALX
2023-06-05 11:37:00,49.54,49.55,49.53,49.55,2683.0,CALX
2023-06-05 11:36:00,49.517,49.53,49.5,49.53,719.0,CALX
2023-06-05 11:35:00,49.515,49.53,49.5,49.505,708.0,CALX
2023-06-05 11:34:00,49.575,49.575,49.525,49.525,696.0,CALX
2023-06-05 11:32:00,49.565,49.565,49.565,49.565,595.0,CALX
2023-06-05 11:31:00,49.56,49.63,49.56,49.63,1530.0,CALX
2023-06-05 11:30:00,49.53,49.53,49.525,49.525,1274.0,CALX
2023-06-05 11:29:00,49.55,49.55,49.52,49.52,1122.0,CALX
2023-06-05 11:28:00,49.55,49.55,49.55,49.55,201.0,CALX
2023-06-05 11:26:00,49.53,49.58,49.53,49.565,1762.0,CALX
2023-06-05 11:25:00,49.49,49.49,49.49,49.49,316.0,CALX
2023-06-05 11:24:00,49.49,49.49,49.49,49.49,151.0,CALX
2023-06-05 11:23:00,49.49,49.49,49.49,49.49,200.0,CALX
2023-06-05 11:22:00,49.45,49.51,49.42,49.49,3237.0,CALX
2023-06-05 11:21:00,49.41,49.41,49.393,49.392,672.0,CALX
2023-06-05 11:20:00,49.395,49.44,49.395,49.44,3212.0,CALX
2023-06-05 11:19:00,49.39,49.39,49.355,49.355,300.0,CALX
2023-06-05 11:18:00,49.415,49.415,49.395,49.395,1903.0,CALX
2023-06-05 11:17:00,49.42,49.42,49.395,49.395,507.0,CALX
2023-06-05 11:16:00,49.49,49.5,49.405,49.46,4688.0,CALX
2023-06-05 11:15:00,49.475,49.51,49.475,49.505,1829.0,CALX
2023-06-05 11:14:00,49.5,49.52,49.48,49.5,1205.0,CALX
2023-06-05 11:13:00,49.585,49.585,49.41,49.53,9851.0,CALX
2023-06-05 11:09:00,49.525,49.525,49.525,49.525,268.0,CALX
2023-06-05 11:08:00,49.47,49.58,49.46,49.58,2007.0,CALX
2023-06-05 11:07:00,49.25,49.46,49.21,49.46,11493.0,CALX
2023-06-05 11:06:00,49.255,49.26,49.13,49.26,15838.0,CALX
2023-06-05 11:05:00,49.3,49.34,49.2,49.255,18978.0,CALX
2023-06-05 11:04:00,49.335,49.34,49.335,49.34,305.0,CALX
2023-06-05 11:03:00,49.34,49.34,49.33,49.335,818.0,CALX
2023-06-05 11:02:00,49.34,49.41,49.34,49.37,5611.0,CALX
2023-06-05 11:01:00,49.31,49.31,49.31,49.31,243.0,CALX
2023-06-05 11:00:00,49.31,49.31,49.31,49.31,135.0,CALX
2023-06-05 10:59:00,49.28,49.31,49.28,49.31,785.0,CALX
2023-06-05 10:58:00,49.3,49.3,49.3,49.3,309.0,CALX
2023-06-05 10:57:00,49.255,49.34,49.255,49.3,700.0,CALX
2023-06-05 10:56:00,49.31,49.33,49.21,49.28,4531.0,CALX
2023-06-05 10:55:00,49.33,49.415,49.32,49.32,8403.0,CALX
2023-06-05 10:54:00,49.055,49.42,49.055,49.42,7188.0,CALX
2023-06-05 10:52:00,49.055,49.055,49.055,49.055,330.0,CALX
2023-06-05 10:49:00,49.07,49.12,49.065,49.065,531.0,CALX
2023-06-05 10:48:00,48.99,49.09,48.98,49.09,3649.0,CALX
2023-06-05 10:47:00,49.04,49.08,48.98,48.98,1228.0,CALX
2023-06-05 10:46:00,49.25,49.3,49.035,49.04,6991.0,CALX
2023-06-05 10:45:00,49.215,49.23,49.215,49.23,806.0,CALX
2023-06-05 10:44:00,49.28,49.3,49.19,49.22,694.0,CALX
2023-06-05 10:43:00,49.3,49.31,49.23,49.23,451.0,CALX
2023-06-05 10:42:00,49.27,49.27,49.235,49.235,304.0,CALX
2023-06-05 10:41:00,49.24,49.24,49.24,49.24,231.0,CALX
2023-06-05 10:40:00,49.34,49.34,49.245,49.335,2091.0,CALX
2023-06-05 10:39:00,49.395,49.405,49.34,49.34,4803.0,CALX
2023-06-05 10:37:00,49.21,49.47,49.21,49.44,8848.0,CALX
2023-06-05 10:36:00,49.205,49.24,49.205,49.205,829.0,CALX
2023-06-05 10:34:00,49.22,49.22,49.21,49.21,701.0,CALX
2023-06-05 10:33:00,49.3,49.35,49.23,49.23,2944.0,CALX
2023-06-05 10:32:00,49.36,49.4,49.305,49.33,3476.0,CALX
2023-06-05 10:31:00,49.49,49.49,49.4,49.4,3169.0,CALX
2023-06-05 10:30:00,49.49,49.49,49.415,49.485,531.0,CALX
2023-06-05 10:29:00,49.49,49.49,49.475,49.475,442.0,CALX
2023-06-05 10:28:00,49.43,49.49,49.41,49.485,2266.0,CALX
2023-06-05 10:27:00,49.34,49.34,49.34,49.34,131.0,CALX
2023-06-05 10:26:00,49.37,49.432,49.35,49.35,2928.0,CALX
2023-06-05 10:25:00,49.43,49.43,49.305,49.305,926.0,CALX
2023-06-05 10:22:00,49.48,49.48,49.46,49.46,413.0,CALX
2023-06-05 10:21:00,49.265,49.475,49.265,49.4,1580.0,CALX
2023-06-05 10:20:00,49.365,49.365,49.24,49.265,918.0,CALX
2023-06-05 10:19:00,49.38,49.38,49.365,49.365,348.0,CALX
2023-06-05 10:18:00,49.39,49.49,49.365,49.49,1144.0,CALX
2023-06-05 10:17:00,49.29,49.32,49.18,49.3,2139.0,CALX
2023-06-05 10:16:00,49.17,49.28,49.17,49.22,2335.0,CALX
2023-06-05 10:14:00,49.2,49.34,49.17,49.17,1305.0,CALX
2023-06-05 10:13:00,49.28,49.28,49.235,49.235,645.0,CALX
2023-06-05 10:10:00,49.195,49.47,49.19,49.47,6142.0,CALX
2023-06-05 10:09:00,49.44,49.45,49.285,49.285,1218.0,CALX
2023-06-05 10:08:00,49.52,49.52,49.465,49.465,1270.0,CALX
2023-06-05 10:07:00,49.73,49.73,49.58,49.58,1137.0,CALX
2023-06-05 10:06:00,49.985,49.99,49.73,49.745,5172.0,CALX
2023-06-05 10:05:00,50.01,50.02,49.945,49.945,2827.0,CALX
2023-06-05 10:04:00,50.0,50.01,49.97,49.995,1887.0,CALX
2023-06-05 10:03:00,50.0,50.0,49.92,50.0,3253.0,CALX
2023-06-05 10:02:00,50.04,50.04,49.93,49.95,1929.0,CALX
2023-06-05 10:01:00,50.04,50.14,50.04,50.05,1272.0,CALX
2023-06-05 10:00:00,50.07,50.07,50.005,50.005,1043.0,CALX
2023-06-05 09:59:00,49.93,50.04,49.9,50.04,2533.0,CALX
2023-06-05 09:58:00,49.875,49.93,49.875,49.93,680.0,CALX
2023-06-05 09:57:00,49.9,49.99,49.9,49.92,2950.0,CALX
2023-06-05 09:56:00,50.02,50.13,49.99,50.1,4656.0,CALX
2023-06-05 09:55:00,50.06,50.11,50.05,50.07,759.0,CALX
2023-06-05 09:54:00,50.11,50.13,50.1,50.11,1155.0,CALX
2023-06-05 09:53:00,50.095,50.095,50.095,50.095,129.0,CALX
2023-06-05 09:52:00,50.13,50.13,50.13,50.13,345.0,CALX
2023-06-05 09:51:00,50.08,50.08,50.08,50.08,100.0,CALX
2023-06-05 09:50:00,50.11,50.13,50.06,50.13,867.0,CALX
2023-06-05 09:49:00,50.17,50.17,50.17,50.17,283.0,CALX
2023-06-05 09:48:00,50.095,50.24,50.095,50.13,1888.0,CALX
2023-06-05 09:47:00,50.095,50.095,50.095,50.095,280.0,CALX
2023-06-05 09:46:00,50.17,50.17,50.11,50.13,552.0,CALX
2023-06-05 09:45:00,50.16,50.17,50.16,50.17,417.0,CALX
2023-06-05 09:44:00,50.08,50.17,50.08,50.17,708.0,CALX
2023-06-05 09:43:00,50.08,50.08,50.08,50.08,124.0,CALX
2023-06-05 09:42:00,50.08,50.08,50.08,50.08,182.0,CALX
2023-06-05 09:41:00,50.14,50.14,50.14,50.14,153.0,CALX
2023-06-05 09:40:00,50.02,50.02,50.02,50.02,316.0,CALX
2023-06-05 09:39:00,50.135,50.14,50.07,50.1,435.0,CALX
2023-06-05 09:37:00,50.155,50.16,50.15,50.15,986.0,CALX
2023-06-05 09:36:00,50.155,50.3,50.155,50.155,664.0,CALX
2023-06-05 09:34:00,50.02,50.41,50.02,50.16,874.0,CALX
2023-06-05 09:32:00,50.18,50.2,50.18,50.2,296.0,CALX
2023-06-05 09:31:00,50.04,50.19,50.04,50.19,914.0,CALX
2023-06-05 09:30:00,49.96,50.11,49.96,49.96,403.0,CALX
2023-06-05 09:29:00,49.7,50.06,49.7,50.06,14583.0,CALX
2023-06-05 08:00:00,52.51,52.51,52.51,52.51,2.0,CALX
2023-06-02 19:29:00,48.53,48.53,48.53,48.53,75.0,CALX
2023-06-02 19:00:00,51.08,51.08,51.08,51.08,102678.0,CALX
2023-06-02 18:30:00,51.08,51.08,51.08,51.08,102678.0,CALX
2023-06-02 17:47:00,50.8,50.9,50.8,50.9,116.0,CALX
2023-06-02 17:22:00,50.82,50.82,50.82,50.82,13.0,CALX
2023-06-02 17:20:00,50.82,50.82,50.82,50.82,1.0,CALX
2023-06-02 17:19:00,50.82,50.82,50.82,50.82,1.0,CALX
2023-06-02 17:18:00,50.82,50.82,50.82,50.82,1.0,CALX
2023-06-02 17:17:00,50.82,50.82,50.82,50.82,1.0,CALX
2023-06-02 17:11:00,50.87,50.87,50.87,50.87,1.0,CALX
2023-06-02 17:10:00,50.86,50.86,50.86,50.86,1.0,CALX
2023-06-02 17:09:00,50.83,50.85,50.83,50.85,3.0,CALX
2023-06-02 17:08:00,50.82,50.82,50.82,50.82,1.0,CALX
2023-06-02 16:37:00,51.02,51.02,51.02,51.02,8.0,CALX
2023-06-02 16:36:00,51.02,51.02,51.02,51.02,1.0,CALX
2023-06-02 16:35:00,51.0,51.0,51.0,51.0,1.0,CALX
2023-06-02 16:33:00,50.87,50.87,50.87,50.87,1.0,CALX
2023-06-02 16:31:00,50.8,50.85,50.8,50.85,2.0,CALX
2023-06-02 16:19:00,50.06,50.06,50.06,50.06,1.0,CALX
2023-06-02 16:17:00,50.9,50.9,50.9,50.9,1.0,CALX
2023-06-02 16:10:00,51.08,51.08,51.08,51.08,102678.0,CALX
2023-06-02 16:02:00,51.08,51.08,51.08,51.08,5438.0,CALX
2023-06-02 16:01:00,51.08,51.08,50.97,50.97,6742.0,CALX
2023-06-02 16:00:00,51.09,51.09,51.07,51.08,216194.0,CALX
2023-06-02 15:59:00,51.12,51.165,51.03,51.09,38604.0,CALX
2023-06-02 15:58:00,51.19,51.22,51.11,51.12,24762.0,CALX
2023-06-02 15:57:00,51.195,51.23,51.18,51.21,19462.0,CALX
2023-06-02 15:56:00,51.11,51.2,51.095,51.2,17341.0,CALX
2023-06-02 15:55:00,51.085,51.11,51.05,51.095,10108.0,CALX
2023-06-02 15:54:00,51.135,51.15,51.04,51.08,21238.0,CALX
2023-06-02 15:53:00,51.05,51.16,51.04,51.135,16629.0,CALX
2023-06-02 15:52:00,51.16,51.16,51.01,51.01,13940.0,CALX
2023-06-02 15:51:00,51.18,51.21,51.14,51.155,12886.0,CALX
2023-06-02 15:50:00,51.07,51.15,51.01,51.15,13794.0,CALX
2023-06-02 15:49:00,51.14,51.14,51.025,51.08,9198.0,CALX
2023-06-02 15:48:00,51.055,51.16,51.055,51.14,12309.0,CALX
2023-06-02 15:47:00,51.04,51.07,51.04,51.055,6625.0,CALX
2023-06-02 15:46:00,51.075,51.09,51.02,51.05,10849.0,CALX
2023-06-02 15:45:00,51.045,51.1,51.045,51.09,6410.0,CALX
2023-06-02 15:44:00,51.005,51.07,50.99,51.07,5970.0,CALX
2023-06-02 15:43:00,51.06,51.065,51.0,51.005,3954.0,CALX
2023-06-02 15:42:00,50.985,51.02,50.985,51.02,5203.0,CALX
2023-06-02 15:41:00,50.99,51.005,50.99,50.99,1903.0,CALX
2023-06-02 15:40:00,51.0,51.06,50.97,51.04,9984.0,CALX
2023-06-02 15:39:00,50.985,50.99,50.97,50.98,3264.0,CALX
2023-06-02 15:38:00,50.88,51.0,50.88,50.99,9895.0,CALX
2023-06-02 15:37:00,50.905,50.92,50.9,50.9,953.0,CALX
2023-06-02 15:36:00,50.92,50.92,50.895,50.905,3481.0,CALX
2023-06-02 15:35:00,50.81,50.9,50.8,50.9,6238.0,CALX
2023-06-02 15:34:00,50.78,50.785,50.76,50.785,1596.0,CALX
2023-06-02 15:33:00,50.74,50.8,50.74,50.78,3551.0,CALX
2023-06-02 15:32:00,50.79,50.79,50.73,50.77,5886.0,CALX
2023-06-02 15:31:00,50.76,50.82,50.76,50.79,1684.0,CALX
2023-06-02 15:30:00,50.78,50.79,50.75,50.79,2322.0,CALX
2023-06-02 15:29:00,50.73,50.79,50.73,50.79,1669.0,CALX
2023-06-02 15:28:00,50.68,50.72,50.68,50.72,1987.0,CALX
2023-06-02 15:27:00,50.7,50.71,50.64,50.65,4141.0,CALX
2023-06-02 15:26:00,50.745,50.76,50.695,50.7,12950.0,CALX
2023-06-02 15:25:00,50.69,50.75,50.685,50.75,2891.0,CALX
2023-06-02 15:24:00,50.715,50.715,50.68,50.685,1661.0,CALX
2023-06-02 15:23:00,50.699,50.715,50.699,50.715,871.0,CALX
2023-06-02 15:22:00,50.71,50.76,50.71,50.72,1224.0,CALX
2023-06-02 15:21:00,50.69,50.76,50.68,50.715,3069.0,CALX
2023-06-02 15:20:00,50.66,50.66,50.62,50.64,1114.0,CALX
2023-06-02 15:19:00,50.755,50.755,50.62,50.67,5421.0,CALX
2023-06-02 15:18:00,50.77,50.78,50.75,50.77,3061.0,CALX
2023-06-02 15:17:00,50.795,50.795,50.78,50.78,2376.0,CALX
2023-06-02 15:16:00,50.79,50.81,50.79,50.79,1832.0,CALX
2023-06-02 15:15:00,50.74,50.79,50.74,50.785,1292.0,CALX
2023-06-02 15:14:00,50.725,50.76,50.68,50.75,4804.0,CALX
2023-06-02 15:13:00,50.65,50.72,50.65,50.72,1698.0,CALX
2023-06-02 15:12:00,50.56,50.63,50.56,50.63,1930.0,CALX
2023-06-02 15:11:00,50.51,50.55,50.49,50.55,3651.0,CALX
2023-06-02 15:10:00,50.475,50.53,50.475,50.515,2254.0,CALX
2023-06-02 15:09:00,50.485,50.485,50.451,50.475,1930.0,CALX
2023-06-02 15:08:00,50.55,50.55,50.485,50.5,3271.0,CALX
2023-06-02 15:07:00,50.57,50.57,50.545,50.565,2439.0,CALX
2023-06-02 15:06:00,50.46,50.55,50.46,50.53,6910.0,CALX
2023-06-02 15:05:00,50.42,50.44,50.42,50.44,561.0,CALX
2023-06-02 15:04:00,50.43,50.46,50.405,50.44,3825.0,CALX
2023-06-02 15:03:00,50.43,50.43,50.43,50.43,971.0,CALX
2023-06-02 15:02:00,50.38,50.44,50.36,50.44,1138.0,CALX
2023-06-02 15:01:00,50.4,50.4,50.395,50.395,1322.0,CALX
2023-06-02 15:00:00,50.33,50.4,50.33,50.37,4553.0,CALX
2023-06-02 14:59:00,50.28,50.39,50.28,50.35,4926.0,CALX
2023-06-02 14:58:00,50.26,50.26,50.255,50.255,421.0,CALX
2023-06-02 14:57:00,50.215,50.26,50.215,50.26,1874.0,CALX
2023-06-02 14:56:00,50.19,50.19,50.19,50.19,304.0,CALX
2023-06-02 14:55:00,50.19,50.195,50.14,50.14,1178.0,CALX
2023-06-02 14:54:00,50.275,50.275,50.15,50.2,2206.0,CALX
2023-06-02 14:53:00,50.245,50.28,50.245,50.28,823.0,CALX
2023-06-02 14:52:00,50.17,50.22,50.16,50.21,1571.0,CALX
2023-06-02 14:51:00,50.13,50.195,50.11,50.195,3202.0,CALX
2023-06-02 14:50:00,50.21,50.21,50.17,50.17,1075.0,CALX
2023-06-02 14:49:00,50.36,50.36,50.19,50.21,2117.0,CALX
2023-06-02 14:48:00,50.42,50.42,50.38,50.38,1293.0,CALX
2023-06-02 14:47:00,50.35,50.43,50.35,50.43,3095.0,CALX
2023-06-02 14:46:00,50.36,50.38,50.35,50.38,786.0,CALX
2023-06-02 14:45:00,50.38,50.38,50.38,50.38,477.0,CALX
2023-06-02 14:44:00,50.43,50.43,50.36,50.38,1367.0,CALX
2023-06-02 14:43:00,50.47,50.525,50.44,50.44,3528.0,CALX
2023-06-02 14:42:00,50.325,50.43,50.31,50.43,4498.0,CALX
2023-06-02 14:41:00,50.47,50.47,50.345,50.345,14051.0,CALX
2023-06-02 14:40:00,50.2,50.48,50.2,50.475,16063.0,CALX
2023-06-02 14:39:00,50.23,50.23,50.2,50.2,1182.0,CALX
2023-06-02 14:38:00,50.26,50.26,50.25,50.25,620.0,CALX
2023-06-02 14:37:00,50.47,50.49,50.25,50.25,11530.0,CALX
2023-06-02 14:36:00,50.325,50.48,50.325,50.47,20553.0,CALX
2023-06-02 14:35:00,50.16,50.38,50.16,50.25,3210.0,CALX
2023-06-02 14:34:00,50.25,50.25,50.19,50.19,2097.0,CALX
2023-06-02 14:33:00,50.28,50.28,50.24,50.24,2152.0,CALX
2023-06-02 14:32:00,50.26,50.28,50.26,50.28,842.0,CALX
2023-06-02 14:31:00,50.03,50.29,50.03,50.29,3624.0,CALX
2023-06-02 14:30:00,49.985,49.985,49.985,49.985,856.0,CALX
2023-06-02 14:29:00,50.0,50.0,49.96,49.975,1048.0,CALX
2023-06-02 14:28:00,50.05,50.05,50.0,50.02,594.0,CALX
2023-06-02 14:27:00,50.065,50.08,49.97,50.07,2425.0,CALX
2023-06-02 14:26:00,50.03,50.065,49.97,50.065,1463.0,CALX
2023-06-02 14:25:00,50.2,50.33,50.12,50.12,18259.0,CALX
2023-06-02 14:24:00,50.1,50.25,50.095,50.23,19371.0,CALX
2023-06-02 14:23:00,49.96,50.07,49.945,50.07,1961.0,CALX
2023-06-02 14:22:00,50.0,50.0,49.96,49.96,1459.0,CALX
2023-06-02 14:21:00,50.05,50.05,50.02,50.03,913.0,CALX
2023-06-02 14:20:00,49.99,50.11,49.99,50.08,1531.0,CALX
2023-06-02 14:19:00,49.94,50.02,49.94,49.99,2664.0,CALX
2023-06-02 14:18:00,49.95,49.97,49.86,49.97,2337.0,CALX
2023-06-02 14:17:00,50.04,50.04,49.95,49.95,1111.0,CALX
2023-06-02 14:16:00,50.235,50.235,50.07,50.07,2414.0,CALX
2023-06-02 14:14:00,50.4,50.47,50.205,50.205,13881.0,CALX
2023-06-02 14:13:00,50.3,50.4,50.28,50.37,3745.0,CALX
2023-06-02 14:12:00,50.1,50.255,50.09,50.255,3442.0,CALX
2023-06-02 14:11:00,50.35,50.35,50.14,50.14,2751.0,CALX
2023-06-02 14:10:00,50.41,50.43,50.4,50.43,1049.0,CALX
2023-06-02 14:09:00,50.365,50.45,50.365,50.44,2346.0,CALX
2023-06-02 14:08:00,50.335,50.38,50.335,50.365,2006.0,CALX
2023-06-02 14:07:00,50.38,50.41,50.33,50.33,1277.0,CALX
2023-06-02 14:06:00,50.495,50.495,50.36,50.38,3140.0,CALX
2023-06-02 14:05:00,50.495,50.495,50.495,50.495,628.0,CALX
2023-06-02 14:04:00,50.5,50.53,50.49,50.5,3837.0,CALX
2023-06-02 14:03:00,50.5,50.505,50.5,50.505,394.0,CALX
2023-06-02 14:02:00,50.61,50.61,50.54,50.54,2142.0,CALX
2023-06-02 14:01:00,50.49,50.585,50.49,50.585,3468.0,CALX
2023-06-02 14:00:00,50.54,50.54,50.475,50.5,3139.0,CALX
2023-06-02 13:59:00,50.473,50.531,50.473,50.515,2234.0,CALX
2023-06-02 13:58:00,50.5,50.51,50.48,50.48,1934.0,CALX
2023-06-02 13:57:00,50.6,50.6,50.49,50.505,3309.0,CALX
2023-06-02 13:56:00,50.62,50.65,50.6,50.645,1814.0,CALX
2023-06-02 13:55:00,50.6,50.6,50.57,50.57,1245.0,CALX
2023-06-02 13:54:00,50.5,50.595,50.49,50.595,4540.0,CALX
2023-06-02 13:53:00,50.54,50.54,50.51,50.51,1201.0,CALX
2023-06-02 13:52:00,50.56,50.56,50.56,50.56,556.0,CALX
2023-06-02 13:51:00,50.49,50.535,50.48,50.535,4434.0,CALX
2023-06-02 13:50:00,50.5,50.52,50.486,50.505,1498.0,CALX
2023-06-02 13:49:00,50.49,50.52,50.43,50.47,4742.0,CALX
2023-06-02 13:48:00,50.43,50.53,50.42,50.53,3165.0,CALX
2023-06-02 13:47:00,50.4,50.41,50.37,50.41,2180.0,CALX
2023-06-02 13:46:00,50.25,50.36,50.25,50.36,3490.0,CALX
2023-06-02 13:44:00,50.24,50.3,50.24,50.27,861.0,CALX
2023-06-02 13:43:00,50.31,50.335,50.25,50.25,1333.0,CALX
2023-06-02 13:42:00,50.35,50.39,50.32,50.32,3795.0,CALX
2023-06-02 13:41:00,50.26,50.35,50.26,50.35,4304.0,CALX
2023-06-02 13:40:00,50.2,50.25,50.2,50.23,2114.0,CALX
2023-06-02 13:38:00,50.13,50.19,50.12,50.19,1876.0,CALX
2023-06-02 13:37:00,50.12,50.12,50.12,50.12,927.0,CALX
2023-06-02 13:36:00,50.113,50.115,50.075,50.075,1348.0,CALX
2023-06-02 13:35:00,50.11,50.16,50.11,50.115,2804.0,CALX
2023-06-02 13:34:00,50.075,50.085,50.075,50.085,644.0,CALX
2023-06-02 13:33:00,50.085,50.085,50.075,50.075,346.0,CALX
2023-06-02 13:32:00,50.115,50.15,50.08,50.09,4041.0,CALX
2023-06-02 13:31:00,50.215,50.215,50.05,50.125,6843.0,CALX
2023-06-02 13:30:00,50.24,50.265,50.15,50.22,4610.0,CALX
2023-06-02 13:29:00,50.19,50.33,50.19,50.28,5004.0,CALX
2023-06-02 13:27:00,50.08,50.15,50.07,50.13,2156.0,CALX
2023-06-02 13:25:00,50.09,50.11,50.07,50.08,1084.0,CALX
2023-06-02 13:24:00,50.02,50.07,50.0,50.05,2074.0,CALX
2023-06-02 13:23:00,50.05,50.07,50.0,50.02,9628.0,CALX
2023-06-02 13:22:00,50.08,50.09,50.08,50.09,1189.0,CALX
2023-06-02 13:21:00,50.07,50.1,50.07,50.08,908.0,CALX
2023-06-02 13:20:00,50.025,50.05,50.025,50.05,1386.0,CALX
2023-06-02 13:19:00,50.025,50.05,50.005,50.005,1873.0,CALX
2023-06-02 13:18:00,50.229,50.229,50.024,50.025,3779.0,CALX
2023-06-02 13:17:00,50.1,50.22,50.1,50.19,4095.0,CALX
2023-06-02 13:16:00,50.04,50.065,50.04,50.065,227.0,CALX
2023-06-02 13:15:00,50.08,50.09,50.03,50.07,3051.0,CALX
2023-06-02 13:14:00,50.01,50.07,50.01,50.05,3914.0,CALX
2023-06-02 13:13:00,50.04,50.04,50.005,50.01,5463.0,CALX
2023-06-02 13:12:00,50.02,50.11,50.02,50.07,5142.0,CALX
2023-06-02 13:11:00,50.015,50.035,50.0,50.005,4547.0,CALX
2023-06-02 13:10:00,50.01,50.03,50.01,50.02,1555.0,CALX
2023-06-02 13:09:00,49.985,49.985,49.98,49.985,601.0,CALX
2023-06-02 13:08:00,49.98,50.02,49.98,50.02,2793.0,CALX
2023-06-02 13:07:00,49.98,49.98,49.98,49.98,1641.0,CALX
2023-06-02 13:06:00,50.0,50.02,49.95,49.98,5166.0,CALX
2023-06-02 13:05:00,49.928,49.95,49.9,49.92,3038.0,CALX
2023-06-02 13:04:00,49.89,49.93,49.85,49.925,11540.0,CALX
2023-06-02 13:03:00,49.84,49.89,49.83,49.875,2848.0,CALX
2023-06-02 13:02:00,49.79,49.835,49.79,49.82,1364.0,CALX
2023-06-02 13:01:00,49.79,49.82,49.75,49.79,3005.0,CALX
2023-06-02 13:00:00,49.76,49.8,49.755,49.755,2722.0,CALX
2023-06-02 12:59:00,49.73,49.88,49.63,49.775,32604.0,CALX
2023-06-02 12:58:00,49.68,49.725,49.675,49.725,1770.0,CALX
2023-06-02 12:57:00,49.65,49.65,49.65,49.65,348.0,CALX
2023-06-02 12:56:00,49.65,49.65,49.65,49.65,1041.0,CALX
2023-06-02 12:55:00,49.61,49.67,49.61,49.65,2382.0,CALX
2023-06-02 12:54:00,49.631,49.631,49.631,49.631,927.0,CALX
2023-06-02 12:53:00,49.575,49.64,49.56,49.64,4638.0,CALX
2023-06-02 12:52:00,49.575,49.575,49.575,49.575,200.0,CALX
2023-06-02 12:51:00,49.59,49.59,49.575,49.575,922.0,CALX
2023-06-02 12:50:00,49.525,49.56,49.525,49.56,863.0,CALX
2023-06-02 12:49:00,49.564,49.58,49.53,49.53,1771.0,CALX
2023-06-02 12:48:00,49.55,49.56,49.55,49.56,822.0,CALX
2023-06-02 12:47:00,49.52,49.547,49.52,49.54,2401.0,CALX
2023-06-02 12:46:00,49.58,49.58,49.5,49.54,3834.0,CALX
2023-06-02 12:45:00,49.49,49.54,49.49,49.54,1657.0,CALX
2023-06-02 12:44:00,49.45,49.45,49.45,49.45,5101.0,CALX
2023-06-02 12:43:00,49.42,49.5,49.42,49.48,1304.0,CALX
2023-06-02 12:42:00,49.31,49.39,49.3,49.39,3044.0,CALX
2023-06-02 12:41:00,49.35,49.35,49.31,49.31,1565.0,CALX
2023-06-02 12:40:00,49.29,49.31,49.26,49.31,4153.0,CALX
2023-06-02 12:39:00,49.235,49.28,49.22,49.265,2655.0,CALX
2023-06-02 12:38:00,49.235,49.235,49.22,49.235,921.0,CALX
2023-06-02 12:36:00,49.235,49.235,49.201,49.22,1291.0,CALX
2023-06-02 12:34:00,49.23,49.235,49.21,49.22,1002.0,CALX
2023-06-02 12:33:00,49.12,49.25,49.12,49.21,4329.0,CALX
2023-06-02 12:32:00,49.16,49.17,49.16,49.17,810.0,CALX
2023-06-02 12:31:00,49.125,49.125,49.125,49.125,171.0,CALX
2023-06-02 12:29:00,49.2,49.2,49.15,49.15,1626.0,CALX
2023-06-02 12:28:00,49.23,49.23,49.23,49.23,489.0,CALX
2023-06-02 12:27:00,49.192,49.23,49.192,49.23,1781.0,CALX
2023-06-02 12:26:00,49.23,49.26,49.23,49.26,859.0,CALX
2023-06-02 12:25:00,49.23,49.24,49.195,49.21,1413.0,CALX
2023-06-02 12:24:00,49.19,49.19,49.19,49.19,221.0,CALX
2023-06-02 12:23:00,49.19,49.19,49.19,49.19,210.0,CALX
2023-06-02 12:22:00,49.255,49.255,49.07,49.19,8391.0,CALX
2023-06-02 12:21:00,49.255,49.255,49.255,49.255,102.0,CALX
2023-06-02 12:20:00,49.23,49.25,49.23,49.24,1249.0,CALX
2023-06-02 12:19:00,49.2,49.2,49.2,49.2,130.0,CALX
2023-06-02 12:18:00,49.195,49.2,49.195,49.2,352.0,CALX
2023-06-02 12:17:00,49.2,49.2,49.2,49.2,691.0,CALX
2023-06-02 12:16:00,49.1,49.18,49.09,49.13,2642.0,CALX
2023-06-02 12:14:00,49.16,49.16,49.12,49.14,4681.0,CALX
2023-06-02 12:13:00,49.115,49.16,49.095,49.16,6438.0,CALX
2023-06-02 12:12:00,49.1,49.24,49.095,49.095,7655.0,CALX
2023-06-02 12:10:00,49.015,49.07,49.015,49.07,1174.0,CALX
2023-06-02 12:09:00,49.015,49.015,49.015,49.015,120.0,CALX
2023-06-02 12:08:00,49.03,49.03,48.984,49.01,1872.0,CALX
2023-06-02 12:07:00,48.955,49.04,48.93,49.03,5994.0,CALX
2023-06-02 12:06:00,48.87,48.95,48.87,48.95,4117.0,CALX
2023-06-02 12:05:00,48.79,48.89,48.79,48.89,2145.0,CALX
2023-06-02 12:02:00,48.81,48.81,48.78,48.795,2928.0,CALX
2023-06-02 12:01:00,48.82,48.86,48.8,48.82,2583.0,CALX
2023-06-02 12:00:00,48.76,48.86,48.76,48.86,4165.0,CALX
2023-06-02 11:58:00,48.67,48.77,48.627,48.76,4344.0,CALX
2023-06-02 11:57:00,48.58,48.67,48.58,48.67,1280.0,CALX
2023-06-02 11:56:00,48.53,48.53,48.53,48.53,238.0,CALX
2023-06-02 11:55:00,48.56,48.56,48.56,48.56,624.0,CALX
2023-06-02 11:54:00,48.45,48.5,48.44,48.46,6136.0,CALX
2023-06-02 11:53:00,48.38,48.415,48.38,48.415,1272.0,CALX
2023-06-02 11:52:00,48.39,48.42,48.385,48.385,2335.0,CALX
2023-06-02 11:51:00,48.42,48.45,48.35,48.42,7646.0,CALX
2023-06-02 11:50:00,48.4,48.42,48.36,48.42,3038.0,CALX
2023-06-02 11:48:00,48.28,48.43,48.28,48.43,3676.0,CALX
2023-06-02 11:47:00,48.25,48.25,48.25,48.25,453.0,CALX
2023-06-02 11:46:00,48.2,48.28,48.2,48.265,860.0,CALX
2023-06-02 11:43:00,48.31,48.315,48.18,48.18,4429.0,CALX
2023-06-02 11:42:00,48.14,48.41,48.14,48.35,17274.0,CALX
2023-06-02 11:41:00,48.095,48.14,48.095,48.12,1800.0,CALX
2023-06-02 11:40:00,48.05,48.08,48.05,48.08,944.0,CALX
2023-06-02 11:39:00,48.09,48.09,48.01,48.025,3096.0,CALX
2023-06-02 11:38:00,48.0,48.09,48.0,48.09,2948.0,CALX
2023-06-02 11:34:00,47.91,48.0,47.91,48.0,1357.0,CALX
2023-06-02 11:33:00,47.88,47.92,47.88,47.91,2744.0,CALX
2023-06-02 11:30:00,47.978,47.978,47.978,47.978,215.0,CALX
2023-06-02 11:29:00,47.87,47.95,47.87,47.95,1773.0,CALX
2023-06-02 11:27:00,47.85,47.86,47.85,47.86,523.0,CALX
2023-06-02 11:26:00,47.81,47.85,47.81,47.82,301.0,CALX
2023-06-02 11:25:00,47.82,47.82,47.82,47.82,111.0,CALX
2023-06-02 11:24:00,47.743,47.8,47.74,47.79,2303.0,CALX
2023-06-02 11:23:00,47.745,47.745,47.745,47.745,228.0,CALX
2023-06-02 11:22:00,47.73,47.785,47.72,47.745,2584.0,CALX
2023-06-02 11:21:00,47.623,47.67,47.6,47.67,2353.0,CALX
2023-06-02 11:20:00,47.57,47.62,47.57,47.62,725.0,CALX
2023-06-02 11:19:00,47.635,47.64,47.59,47.59,3727.0,CALX
2023-06-02 11:18:00,47.62,47.64,47.61,47.625,1611.0,CALX
2023-06-02 11:17:00,47.61,47.61,47.58,47.61,435.0,CALX
2023-06-02 11:15:00,47.62,47.62,47.59,47.59,533.0,CALX
2023-06-02 11:13:00,47.6,47.6,47.57,47.57,457.0,CALX
2023-06-02 11:12:00,47.5,47.62,47.465,47.6,14113.0,CALX
2023-06-02 11:10:00,47.44,47.445,47.44,47.445,453.0,CALX
2023-06-02 11:09:00,47.43,47.43,47.43,47.43,889.0,CALX
2023-06-02 11:08:00,47.385,47.385,47.38,47.385,637.0,CALX
2023-06-02 11:07:00,47.365,47.365,47.365,47.365,300.0,CALX
2023-06-02 11:05:00,47.385,47.43,47.385,47.39,462.0,CALX
2023-06-02 11:04:00,47.38,47.41,47.36,47.385,1464.0,CALX
2023-06-02 11:02:00,47.41,47.44,47.41,47.44,450.0,CALX
2023-06-02 11:00:00,47.39,47.4,47.35,47.35,673.0,CALX
2023-06-02 10:59:00,47.245,47.355,47.245,47.355,986.0,CALX
2023-06-02 10:58:00,47.21,47.21,47.21,47.21,110.0,CALX
2023-06-02 10:55:00,47.215,47.215,47.215,47.215,439.0,CALX
2023-06-02 10:54:00,47.27,47.27,47.18,47.24,2457.0,CALX
2023-06-02 10:53:00,47.165,47.31,47.165,47.31,1713.0,CALX
2023-06-02 10:51:00,47.21,47.21,47.21,47.21,202.0,CALX
2023-06-02 10:50:00,47.205,47.21,47.205,47.21,302.0,CALX
2023-06-02 10:49:00,47.236,47.236,47.175,47.175,804.0,CALX
2023-06-02 10:48:00,47.26,47.26,47.26,47.26,372.0,CALX
2023-06-02 10:47:00,47.25,47.33,47.25,47.33,1612.0,CALX
2023-06-02 10:46:00,47.19,47.19,47.19,47.19,137.0,CALX
2023-06-02 10:43:00,47.25,47.26,47.25,47.26,446.0,CALX
2023-06-02 10:42:00,47.246,47.246,47.246,47.246,100.0,CALX
2023-06-02 10:41:00,47.25,47.25,47.18,47.21,933.0,CALX
2023-06-02 10:40:00,47.23,47.285,47.23,47.285,1187.0,CALX
2023-06-02 10:39:00,47.16,47.16,47.16,47.16,295.0,CALX
2023-06-02 10:38:00,47.16,47.21,47.155,47.155,2108.0,CALX
2023-06-02 10:37:00,47.175,47.175,47.175,47.175,365.0,CALX
2023-06-02 10:36:00,47.25,47.25,47.16,47.175,1639.0,CALX
2023-06-02 10:33:00,47.26,47.27,47.245,47.265,1323.0,CALX
2023-06-02 10:32:00,47.275,47.275,47.21,47.21,1399.0,CALX
2023-06-02 10:31:00,47.275,47.33,47.22,47.275,2017.0,CALX
2023-06-02 10:30:00,47.275,47.275,47.275,47.275,202.0,CALX
2023-06-02 10:28:00,47.27,47.31,47.27,47.275,1150.0,CALX
2023-06-02 10:25:00,47.28,47.31,47.16,47.23,3684.0,CALX
2023-06-02 10:24:00,47.33,47.37,47.28,47.35,2337.0,CALX
2023-06-02 10:22:00,47.37,47.37,47.37,47.37,367.0,CALX
2023-06-02 10:21:00,47.42,47.43,47.37,47.375,1905.0,CALX
2023-06-02 10:20:00,47.435,47.48,47.38,47.42,5239.0,CALX
2023-06-02 10:19:00,47.45,47.45,47.44,47.44,303.0,CALX
2023-06-02 10:18:00,47.365,47.45,47.365,47.435,1795.0,CALX
2023-06-02 10:17:00,47.365,47.365,47.365,47.365,481.0,CALX
2023-06-02 10:16:00,47.32,47.39,47.32,47.37,638.0,CALX
2023-06-02 10:15:00,47.35,47.39,47.35,47.39,215.0,CALX
2023-06-02 10:14:00,47.415,47.415,47.415,47.415,101.0,CALX
2023-06-02 10:12:00,47.34,47.38,47.34,47.365,1715.0,CALX
2023-06-02 10:11:00,47.335,47.335,47.305,47.305,909.0,CALX
2023-06-02 10:10:00,47.34,47.34,47.3,47.3,481.0,CALX
2023-06-02 10:09:00,47.34,47.34,47.245,47.245,603.0,CALX
2023-06-02 10:07:00,47.415,47.415,47.39,47.39,538.0,CALX
2023-06-02 10:06:00,47.45,47.45,47.36,47.41,4004.0,CALX
2023-06-02 10:03:00,47.205,47.43,47.205,47.365,2506.0,CALX
2023-06-02 10:01:00,47.275,47.275,47.2,47.235,1555.0,CALX
2023-06-02 10:00:00,47.41,47.43,47.28,47.3,3491.0,CALX
2023-06-02 09:59:00,47.328,47.38,47.328,47.36,1247.0,CALX
2023-06-02 09:58:00,47.35,47.35,47.29,47.33,8033.0,CALX
2023-06-02 09:57:00,47.34,47.35,47.34,47.35,446.0,CALX
2023-06-02 09:56:00,47.43,47.45,47.43,47.45,615.0,CALX
2023-06-02 09:53:00,47.38,47.38,47.37,47.37,623.0,CALX
2023-06-02 09:52:00,47.34,47.36,47.3,47.36,859.0,CALX
2023-06-02 09:51:00,47.3,47.35,47.3,47.345,1070.0,CALX
2023-06-02 09:50:00,47.38,47.462,47.34,47.34,1240.0,CALX
2023-06-02 09:49:00,47.3,47.34,47.3,47.335,1997.0,CALX
2023-06-02 09:47:00,47.24,47.36,47.24,47.36,9461.0,CALX
2023-06-02 09:46:00,47.165,47.25,47.165,47.24,4106.0,CALX
2023-06-02 09:45:00,47.16,47.17,47.09,47.165,1544.0,CALX
2023-06-02 09:44:00,47.22,47.22,47.175,47.175,2432.0,CALX
2023-06-02 09:42:00,47.23,47.23,47.23,47.23,4768.0,CALX
2023-06-02 09:41:00,47.2,47.23,47.2,47.23,322.0,CALX
2023-06-02 09:39:00,47.32,47.32,47.23,47.23,947.0,CALX
2023-06-02 09:37:00,47.52,47.52,47.505,47.505,529.0,CALX
2023-06-02 09:35:00,47.495,47.495,47.495,47.495,630.0,CALX
2023-06-02 09:34:00,47.505,47.505,47.505,47.505,369.0,CALX
2023-06-02 09:33:00,47.35,47.35,47.3,47.3,337.0,CALX
2023-06-02 09:30:00,47.67,47.717,47.67,47.717,3390.0,CALX
2023-06-01 19:00:00,47.03,47.03,47.03,47.03,51573.0,CALX
2023-06-01 18:30:00,47.03,47.03,47.03,47.03,51573.0,CALX
2023-06-01 17:00:00,47.03,47.03,47.03,47.03,1.0,CALX
2023-06-01 16:21:00,47.03,47.03,47.03,47.03,345.0,CALX
2023-06-01 16:10:00,47.03,47.03,47.03,47.03,51573.0,CALX
2023-06-01 16:05:00,47.03,47.03,47.03,47.03,199.0,CALX
2023-06-01 16:04:00,47.03,47.03,47.03,47.03,383.0,CALX
2023-06-01 16:02:00,47.03,47.03,47.03,47.03,750.0,CALX
2023-06-01 16:01:00,47.03,47.03,47.03,47.03,16871.0,CALX
2023-06-01 16:00:00,47.03,47.03,47.01,47.03,109719.0,CALX
2023-06-01 15:59:00,46.98,47.03,46.975,47.03,18143.0,CALX
2023-06-01 15:58:00,46.96,46.99,46.96,46.99,10339.0,CALX
2023-06-01 15:57:00,46.97,46.97,46.95,46.97,6079.0,CALX
2023-06-01 15:56:00,46.89,46.97,46.87,46.95,10993.0,CALX
2023-06-01 15:55:00,46.83,46.89,46.83,46.889,4875.0,CALX
2023-06-01 15:54:00,46.78,46.83,46.77,46.805,4909.0,CALX
2023-06-01 15:53:00,46.75,46.84,46.75,46.815,3320.0,CALX
2023-06-01 15:52:00,46.83,46.83,46.79,46.79,2698.0,CALX
2023-06-01 15:51:00,46.74,46.83,46.73,46.83,3730.0,CALX
2023-06-01 15:50:00,46.75,46.75,46.723,46.73,5386.0,CALX
2023-06-01 15:49:00,46.82,46.82,46.75,46.75,2093.0,CALX
2023-06-01 15:48:00,46.825,46.84,46.815,46.815,2829.0,CALX
2023-06-01 15:47:00,46.8,46.83,46.8,46.83,1823.0,CALX
2023-06-01 15:46:00,46.82,46.82,46.775,46.775,1416.0,CALX
2023-06-01 15:45:00,46.81,46.84,46.81,46.835,2033.0,CALX
2023-06-01 15:44:00,46.745,46.8,46.735,46.8,2953.0,CALX
2023-06-01 15:43:00,46.765,46.765,46.745,46.745,941.0,CALX
2023-06-01 15:42:00,46.805,46.805,46.76,46.76,871.0,CALX
2023-06-01 15:41:00,46.755,46.84,46.69,46.805,9573.0,CALX
2023-06-01 15:40:00,46.74,46.75,46.74,46.75,9621.0,CALX
2023-06-01 15:39:00,46.635,46.74,46.635,46.68,5698.0,CALX
2023-06-01 15:38:00,46.73,46.73,46.635,46.635,1894.0,CALX
2023-06-01 15:37:00,46.76,46.76,46.725,46.725,907.0,CALX
2023-06-01 15:36:00,46.68,46.72,46.68,46.72,582.0,CALX
2023-06-01 15:35:00,46.67,46.715,46.67,46.715,796.0,CALX
2023-06-01 15:34:00,46.78,46.78,46.76,46.76,1216.0,CALX
2023-06-01 15:33:00,46.815,46.815,46.813,46.815,817.0,CALX
2023-06-01 15:32:00,46.92,46.92,46.82,46.82,5117.0,CALX
2023-06-01 15:31:00,46.96,46.97,46.91,46.91,4373.0,CALX
2023-06-01 15:30:00,46.95,46.97,46.95,46.95,1215.0,CALX
2023-06-01 15:29:00,46.95,46.955,46.95,46.955,714.0,CALX
2023-06-01 15:28:00,46.97,46.97,46.96,46.97,1172.0,CALX
2023-06-01 15:27:00,46.995,46.995,46.98,46.985,1384.0,CALX
2023-06-01 15:26:00,47.0,47.01,46.988,46.995,837.0,CALX
2023-06-01 15:25:00,46.985,47.0,46.985,47.0,784.0,CALX
2023-06-01 15:24:00,47.03,47.03,46.97,46.985,2061.0,CALX
2023-06-01 15:23:00,47.03,47.04,47.03,47.03,963.0,CALX
2023-06-01 15:22:00,47.01,47.01,47.0,47.01,1261.0,CALX
2023-06-01 15:21:00,47.04,47.04,47.03,47.03,780.0,CALX
2023-06-01 15:20:00,47.0,47.04,47.0,47.03,1907.0,CALX
2023-06-01 15:19:00,47.015,47.015,47.015,47.015,276.0,CALX
2023-06-01 15:17:00,47.05,47.05,47.03,47.035,1585.0,CALX
2023-06-01 15:16:00,47.065,47.065,47.065,47.065,244.0,CALX
2023-06-01 15:15:00,47.05,47.07,47.05,47.05,936.0,CALX
2023-06-01 15:14:00,47.05,47.05,47.05,47.05,194.0,CALX
2023-06-01 15:13:00,47.05,47.05,47.05,47.05,938.0,CALX
2023-06-01 15:12:00,47.05,47.05,47.05,47.05,197.0,CALX
2023-06-01 15:11:00,47.03,47.05,47.03,47.05,1076.0,CALX
2023-06-01 15:10:00,47.0,47.0,46.995,46.995,394.0,CALX
2023-06-01 15:09:00,47.01,47.01,46.98,47.0,1696.0,CALX
2023-06-01 15:08:00,47.03,47.042,47.01,47.01,1529.0,CALX
2023-06-01 15:07:00,47.06,47.06,47.06,47.06,332.0,CALX
2023-06-01 15:06:00,47.065,47.065,47.05,47.05,450.0,CALX
2023-06-01 15:05:00,47.095,47.095,47.05,47.05,1523.0,CALX
2023-06-01 15:03:00,47.095,47.095,47.095,47.095,135.0,CALX
2023-06-01 15:00:00,47.1,47.1,47.1,47.1,266.0,CALX
2023-06-01 14:59:00,47.065,47.1,47.065,47.1,727.0,CALX
2023-06-01 14:58:00,47.04,47.05,47.04,47.05,847.0,CALX
2023-06-01 14:57:00,47.04,47.04,47.04,47.04,350.0,CALX
2023-06-01 14:56:00,47.03,47.04,47.03,47.03,652.0,CALX
2023-06-01 14:55:00,47.01,47.03,46.99,47.03,2010.0,CALX
2023-06-01 14:54:00,46.99,46.99,46.99,46.99,599.0,CALX
2023-06-01 14:52:00,47.02,47.02,47.02,47.02,794.0,CALX
2023-06-01 14:50:00,47.065,47.065,47.065,47.065,100.0,CALX
2023-06-01 14:49:00,47.06,47.065,47.06,47.06,558.0,CALX
2023-06-01 14:48:00,47.07,47.07,47.04,47.06,1377.0,CALX
2023-06-01 14:47:00,47.11,47.12,47.11,47.12,345.0,CALX
2023-06-01 14:46:00,47.03,47.06,47.03,47.06,1674.0,CALX
2023-06-01 14:45:00,46.99,46.99,46.97,46.97,200.0,CALX
2023-06-01 14:44:00,47.04,47.04,46.97,46.98,4897.0,CALX
2023-06-01 14:43:00,47.035,47.035,47.035,47.035,348.0,CALX
2023-06-01 14:40:00,47.005,47.005,47.005,47.005,153.0,CALX
2023-06-01 14:39:00,47.035,47.035,47.02,47.02,1038.0,CALX
2023-06-01 14:38:00,47.03,47.045,47.03,47.04,1551.0,CALX
2023-06-01 14:37:00,47.02,47.02,47.02,47.02,480.0,CALX
2023-06-01 14:36:00,47.0,47.015,46.975,47.015,1177.0,CALX
2023-06-01 14:35:00,46.98,47.01,46.98,46.995,1574.0,CALX
2023-06-01 14:34:00,46.975,46.99,46.95,46.97,3413.0,CALX
2023-06-01 14:32:00,46.97,46.97,46.945,46.97,819.0,CALX
2023-06-01 14:31:00,46.98,46.99,46.97,46.97,1117.0,CALX
2023-06-01 14:30:00,46.97,46.98,46.965,46.965,423.0,CALX
2023-06-01 14:29:00,46.98,46.98,46.97,46.97,989.0,CALX
2023-06-01 14:28:00,46.97,46.97,46.97,46.97,347.0,CALX
2023-06-01 14:26:00,47.0,47.0,46.94,46.96,2558.0,CALX
2023-06-01 14:24:00,46.99,47.0,46.99,47.0,231.0,CALX
2023-06-01 14:23:00,46.995,47.01,46.995,47.01,485.0,CALX
2023-06-01 14:21:00,47.025,47.025,47.025,47.025,246.0,CALX
2023-06-01 14:20:00,47.025,47.025,47.025,47.025,181.0,CALX
2023-06-01 14:18:00,47.11,47.11,47.08,47.09,1153.0,CALX
2023-06-01 14:17:00,47.09,47.09,47.09,47.09,294.0,CALX
2023-06-01 14:16:00,47.15,47.16,47.13,47.13,947.0,CALX
2023-06-01 14:15:00,47.25,47.25,47.17,47.21,1425.0,CALX
2023-06-01 14:12:00,47.21,47.21,47.21,47.21,110.0,CALX
2023-06-01 14:11:00,47.26,47.26,47.18,47.21,2802.0,CALX
2023-06-01 14:10:00,47.24,47.24,47.225,47.235,9657.0,CALX
2023-06-01 14:08:00,47.23,47.23,47.23,47.23,142.0,CALX
2023-06-01 14:07:00,47.26,47.27,47.26,47.26,2488.0,CALX
2023-06-01 14:06:00,47.25,47.275,47.25,47.275,548.0,CALX
2023-06-01 14:05:00,47.275,47.275,47.275,47.275,160.0,CALX
2023-06-01 14:02:00,47.265,47.265,47.265,47.265,100.0,CALX
2023-06-01 14:01:00,47.275,47.275,47.275,47.275,246.0,CALX
2023-06-01 14:00:00,47.275,47.275,47.275,47.275,255.0,CALX
2023-06-01 13:59:00,47.24,47.24,47.24,47.24,313.0,CALX
2023-06-01 13:58:00,47.25,47.25,47.25,47.25,215.0,CALX
2023-06-01 13:56:00,47.335,47.35,47.335,47.35,1638.0,CALX
2023-06-01 13:55:00,47.355,47.355,47.335,47.335,909.0,CALX
2023-06-01 13:52:00,47.36,47.37,47.36,47.37,312.0,CALX
2023-06-01 13:51:00,47.34,47.35,47.335,47.335,1808.0,CALX
2023-06-01 13:50:00,47.34,47.34,47.295,47.295,353.0,CALX
2023-06-01 13:49:00,47.38,47.38,47.38,47.38,519.0,CALX
2023-06-01 13:48:00,47.38,47.42,47.38,47.42,256.0,CALX
2023-06-01 13:47:00,47.45,47.45,47.45,47.45,852.0,CALX
2023-06-01 13:46:00,47.445,47.455,47.445,47.445,917.0,CALX
2023-06-01 13:44:00,47.45,47.49,47.41,47.41,562.0,CALX
2023-06-01 13:43:00,47.45,47.45,47.45,47.45,189.0,CALX
2023-06-01 13:42:00,47.53,47.53,47.44,47.44,1240.0,CALX
2023-06-01 13:41:00,47.56,47.56,47.54,47.54,307.0,CALX
2023-06-01 13:38:00,47.555,47.57,47.555,47.57,519.0,CALX
2023-06-01 13:36:00,47.55,47.57,47.55,47.57,1130.0,CALX
2023-06-01 13:34:00,47.525,47.525,47.5,47.52,871.0,CALX
2023-06-01 13:33:00,47.53,47.53,47.53,47.53,180.0,CALX
2023-06-01 13:32:00,47.53,47.54,47.52,47.52,1324.0,CALX
2023-06-01 13:31:00,47.5,47.5,47.5,47.5,1412.0,CALX
2023-06-01 13:30:00,47.53,47.53,47.485,47.485,544.0,CALX
2023-06-01 13:25:00,47.49,47.49,47.49,47.49,101.0,CALX
2023-06-01 13:24:00,47.56,47.56,47.49,47.53,1333.0,CALX
2023-06-01 13:23:00,47.61,47.61,47.56,47.56,244.0,CALX
2023-06-01 13:22:00,47.55,47.64,47.55,47.59,1872.0,CALX
2023-06-01 13:21:00,47.565,47.565,47.53,47.55,799.0,CALX
2023-06-01 13:20:00,47.56,47.58,47.55,47.58,525.0,CALX
2023-06-01 13:19:00,47.58,47.58,47.565,47.565,613.0,CALX
2023-06-01 13:18:00,47.54,47.57,47.54,47.57,1454.0,CALX
2023-06-01 13:17:00,47.515,47.515,47.515,47.515,254.0,CALX
2023-06-01 13:16:00,47.491,47.525,47.491,47.525,359.0,CALX
2023-06-01 13:15:00,47.525,47.525,47.525,47.525,200.0,CALX
2023-06-01 13:13:00,47.53,47.53,47.525,47.525,246.0,CALX
2023-06-01 13:12:00,47.525,47.525,47.525,47.525,214.0,CALX
2023-06-01 13:09:00,47.51,47.51,47.51,47.51,138.0,CALX
2023-06-01 13:08:00,47.525,47.525,47.505,47.505,210.0,CALX
2023-06-01 13:06:00,47.565,47.59,47.54,47.55,1955.0,CALX
2023-06-01 13:05:00,47.575,47.575,47.565,47.575,315.0,CALX
2023-06-01 13:03:00,47.57,47.57,47.57,47.57,217.0,CALX
2023-06-01 13:01:00,47.57,47.57,47.57,47.57,130.0,CALX
2023-06-01 13:00:00,47.54,47.59,47.54,47.59,717.0,CALX
2023-06-01 12:59:00,47.5,47.52,47.5,47.52,1077.0,CALX
2023-06-01 12:58:00,47.5,47.5,47.465,47.465,1241.0,CALX
2023-06-01 12:56:00,47.59,47.59,47.59,47.59,288.0,CALX
2023-06-01 12:55:00,47.54,47.54,47.54,47.54,223.0,CALX
2023-06-01 12:54:00,47.58,47.58,47.58,47.58,123.0,CALX
2023-06-01 12:52:00,47.51,47.58,47.5,47.58,1096.0,CALX
2023-06-01 12:51:00,47.455,47.49,47.455,47.49,1181.0,CALX
2023-06-01 12:50:00,47.455,47.455,47.428,47.428,449.0,CALX
2023-06-01 12:49:00,47.45,47.45,47.45,47.45,434.0,CALX
2023-06-01 12:48:00,47.43,47.49,47.43,47.49,1501.0,CALX
2023-06-01 12:47:00,47.49,47.49,47.46,47.46,226.0,CALX
2023-06-01 12:46:00,47.45,47.48,47.42,47.48,1304.0,CALX
2023-06-01 12:45:00,47.5,47.5,47.5,47.5,161.0,CALX
2023-06-01 12:43:00,47.52,47.56,47.495,47.495,2494.0,CALX
2023-06-01 12:42:00,47.524,47.524,47.524,47.524,192.0,CALX
2023-06-01 12:40:00,47.53,47.53,47.53,47.53,201.0,CALX
2023-06-01 12:39:00,47.52,47.52,47.52,47.52,137.0,CALX
2023-06-01 12:38:00,47.28,47.51,47.28,47.49,4690.0,CALX
2023-06-01 12:37:00,47.31,47.34,47.25,47.28,2062.0,CALX
2023-06-01 12:36:00,47.43,47.43,47.39,47.39,25992.0,CALX
2023-06-01 12:35:00,47.58,47.62,47.29,47.35,40808.0,CALX
2023-06-01 12:34:00,47.55,47.77,47.55,47.69,35046.0,CALX
2023-06-01 12:33:00,47.52,47.52,47.52,47.52,232.0,CALX
2023-06-01 12:32:00,47.51,47.51,47.51,47.51,355.0,CALX
2023-06-01 12:31:00,47.55,47.56,47.52,47.56,819.0,CALX
2023-06-01 12:30:00,47.57,47.57,47.56,47.56,414.0,CALX
2023-06-01 12:29:00,47.515,47.54,47.515,47.515,866.0,CALX
2023-06-01 12:28:00,47.59,47.59,47.54,47.54,1778.0,CALX
2023-06-01 12:26:00,47.595,47.595,47.595,47.595,243.0,CALX
2023-06-01 12:24:00,47.585,47.585,47.58,47.58,212.0,CALX
2023-06-01 12:23:00,47.585,47.61,47.585,47.61,491.0,CALX
2023-06-01 12:22:00,47.64,47.64,47.64,47.64,195.0,CALX
2023-06-01 12:21:00,47.625,47.67,47.625,47.628,305.0,CALX
2023-06-01 12:20:00,47.56,47.646,47.56,47.63,2774.0,CALX
2023-06-01 12:19:00,47.58,47.58,47.58,47.58,276.0,CALX
2023-06-01 12:18:00,47.56,47.56,47.56,47.56,567.0,CALX
2023-06-01 12:16:00,47.51,47.51,47.505,47.505,354.0,CALX
2023-06-01 12:15:00,47.51,47.51,47.51,47.51,503.0,CALX
2023-06-01 12:14:00,47.57,47.57,47.51,47.52,1125.0,CALX
2023-06-01 12:13:00,47.45,47.62,47.45,47.62,2015.0,CALX
2023-06-01 12:12:00,47.49,47.49,47.49,47.49,462.0,CALX
2023-06-01 12:11:00,47.45,47.45,47.45,47.45,565.0,CALX
2023-06-01 12:10:00,47.3,47.49,47.28,47.455,13615.0,CALX
2023-06-01 12:09:00,47.25,47.25,47.25,47.25,130.0,CALX
2023-06-01 12:07:00,47.28,47.28,47.25,47.25,1084.0,CALX
2023-06-01 12:06:00,47.31,47.31,47.31,47.31,106.0,CALX
2023-06-01 12:04:00,47.295,47.311,47.295,47.311,1200.0,CALX
2023-06-01 12:03:00,47.31,47.31,47.28,47.28,1787.0,CALX
2023-06-01 12:02:00,47.35,47.35,47.35,47.35,111.0,CALX
2023-06-01 12:01:00,47.36,47.36,47.35,47.35,308.0,CALX
2023-06-01 11:59:00,47.31,47.36,47.31,47.36,1282.0,CALX
2023-06-01 11:58:00,47.35,47.35,47.305,47.305,515.0,CALX
2023-06-01 11:56:00,47.36,47.36,47.36,47.36,531.0,CALX
2023-06-01 11:55:00,47.33,47.34,47.31,47.31,631.0,CALX
2023-06-01 11:53:00,47.38,47.38,47.38,47.38,129.0,CALX
2023-06-01 11:52:00,47.385,47.385,47.385,47.385,592.0,CALX
2023-06-01 11:51:00,47.38,47.39,47.38,47.39,634.0,CALX
2023-06-01 11:50:00,47.35,47.38,47.35,47.38,391.0,CALX
2023-06-01 11:49:00,47.35,47.35,47.35,47.35,164.0,CALX
2023-06-01 11:47:00,47.237,47.38,47.237,47.32,1957.0,CALX
2023-06-01 11:46:00,47.23,47.23,47.23,47.23,718.0,CALX
2023-06-01 11:45:00,47.25,47.25,47.25,47.25,172.0,CALX
2023-06-01 11:44:00,47.25,47.27,47.25,47.25,1514.0,CALX
2023-06-01 11:43:00,47.27,47.27,47.27,47.27,127.0,CALX
2023-06-01 11:42:00,47.305,47.32,47.305,47.305,1315.0,CALX
2023-06-01 11:41:00,47.3,47.305,47.3,47.305,318.0,CALX
2023-06-01 11:40:00,47.3,47.32,47.275,47.315,1073.0,CALX
2023-06-01 11:39:00,47.22,47.29,47.22,47.275,3767.0,CALX
2023-06-01 11:38:00,47.27,47.27,47.23,47.25,1086.0,CALX
2023-06-01 11:36:00,47.37,47.37,47.37,47.37,277.0,CALX
2023-06-01 11:35:00,47.351,47.351,47.351,47.351,1035.0,CALX
2023-06-01 11:34:00,47.4,47.4,47.35,47.35,926.0,CALX
2023-06-01 11:33:00,47.415,47.43,47.39,47.39,1765.0,CALX
2023-06-01 11:32:00,47.42,47.42,47.39,47.39,961.0,CALX
2023-06-01 11:31:00,47.4,47.4,47.4,47.4,190.0,CALX
2023-06-01 11:30:00,47.385,47.44,47.385,47.395,1713.0,CALX
2023-06-01 11:29:00,47.44,47.448,47.37,47.39,1673.0,CALX
2023-06-01 11:28:00,47.43,47.46,47.43,47.45,3274.0,CALX
2023-06-01 11:27:00,47.405,47.405,47.4,47.4,208.0,CALX
2023-06-01 11:24:00,47.42,47.42,47.365,47.38,760.0,CALX
2023-06-01 11:23:00,47.38,47.38,47.38,47.38,251.0,CALX
2023-06-01 11:22:00,47.38,47.39,47.38,47.39,840.0,CALX
2023-06-01 11:21:00,47.31,47.38,47.3,47.38,1211.0,CALX
2023-06-01 11:20:00,47.32,47.32,47.255,47.255,910.0,CALX
2023-06-01 11:19:00,47.29,47.29,47.22,47.25,2066.0,CALX
2023-06-01 11:18:00,47.25,47.25,47.25,47.25,106.0,CALX
2023-06-01 11:17:00,47.29,47.29,47.29,47.29,143.0,CALX
2023-06-01 11:16:00,47.415,47.415,47.25,47.25,2151.0,CALX
2023-06-01 11:15:00,47.33,47.41,47.33,47.39,2339.0,CALX
2023-06-01 11:14:00,47.29,47.29,47.29,47.29,280.0,CALX
2023-06-01 11:12:00,47.3,47.3,47.27,47.27,671.0,CALX
2023-06-01 11:11:00,47.25,47.29,47.238,47.29,1662.0,CALX
2023-06-01 11:10:00,47.22,47.22,47.215,47.215,225.0,CALX
2023-06-01 11:09:00,47.22,47.22,47.22,47.22,530.0,CALX
2023-06-01 11:07:00,47.21,47.25,47.2,47.24,1729.0,CALX
2023-06-01 11:05:00,47.31,47.31,47.31,47.31,872.0,CALX
2023-06-01 11:04:00,47.32,47.32,47.32,47.32,132.0,CALX
2023-06-01 11:03:00,47.29,47.32,47.28,47.32,578.0,CALX
2023-06-01 11:02:00,47.25,47.26,47.25,47.26,501.0,CALX
2023-06-01 11:01:00,47.27,47.27,47.27,47.27,451.0,CALX
2023-06-01 11:00:00,47.27,47.35,47.27,47.335,2059.0,CALX
2023-06-01 10:59:00,47.233,47.232,47.233,47.232,465.0,CALX
2023-06-01 10:58:00,47.21,47.21,47.21,47.21,422.0,CALX
2023-06-01 10:56:00,47.21,47.25,47.21,47.24,4187.0,CALX
2023-06-01 10:55:00,47.24,47.26,47.24,47.25,1093.0,CALX
2023-06-01 10:54:00,47.22,47.27,47.22,47.22,1968.0,CALX
2023-06-01 10:53:00,47.17,47.17,47.145,47.145,340.0,CALX
2023-06-01 10:52:00,47.16,47.235,47.16,47.175,1584.0,CALX
2023-06-01 10:51:00,47.235,47.235,47.235,47.235,100.0,CALX
2023-06-01 10:50:00,47.31,47.31,47.24,47.265,1556.0,CALX
2023-06-01 10:49:00,47.27,47.29,47.27,47.275,1484.0,CALX
2023-06-01 10:48:00,47.36,47.36,47.2,47.25,2055.0,CALX
2023-06-01 10:46:00,47.37,47.42,47.289,47.4,1156.0,CALX
2023-06-01 10:45:00,47.32,47.37,47.32,47.35,2457.0,CALX
2023-06-01 10:44:00,47.41,47.41,47.28,47.28,2526.0,CALX
2023-06-01 10:43:00,47.32,47.415,47.28,47.4,11656.0,CALX
2023-06-01 10:42:00,47.23,47.328,47.23,47.32,831.0,CALX
2023-06-01 10:41:00,47.12,47.14,47.12,47.14,930.0,CALX
2023-06-01 10:40:00,47.12,47.12,47.12,47.12,148.0,CALX
2023-06-01 10:39:00,46.99,47.11,46.99,47.07,866.0,CALX
2023-06-01 10:38:00,46.85,46.89,46.85,46.89,2733.0,CALX
2023-06-01 10:37:00,46.81,46.81,46.81,46.81,207.0,CALX
2023-06-01 10:36:00,46.77,46.815,46.77,46.77,705.0,CALX
2023-06-01 10:35:00,46.71,46.71,46.7,46.7,925.0,CALX
2023-06-01 10:33:00,46.54,46.64,46.54,46.64,1191.0,CALX
2023-06-01 10:32:00,46.51,46.51,46.51,46.51,173.0,CALX
2023-06-01 10:31:00,46.5,46.57,46.495,46.555,7122.0,CALX
2023-06-01 10:30:00,46.61,46.61,46.61,46.61,111.0,CALX
2023-06-01 10:29:00,46.64,46.64,46.64,46.64,152.0,CALX
2023-06-01 10:28:00,46.565,46.565,46.565,46.565,493.0,CALX
2023-06-01 10:27:00,46.45,46.5,46.425,46.48,3364.0,CALX
2023-06-01 10:26:00,46.36,46.43,46.36,46.41,1817.0,CALX
2023-06-01 10:25:00,46.28,46.39,46.28,46.36,3951.0,CALX
2023-06-01 10:24:00,46.325,46.325,46.32,46.32,927.0,CALX
2023-06-01 10:23:00,46.39,46.4,46.33,46.33,1112.0,CALX
2023-06-01 10:22:00,46.42,46.42,46.305,46.42,11091.0,CALX
2023-06-01 10:21:00,46.46,46.47,46.425,46.47,1237.0,CALX
2023-06-01 10:20:00,46.37,46.49,46.37,46.49,2845.0,CALX
2023-06-01 10:19:00,46.42,46.49,46.42,46.49,2758.0,CALX
2023-06-01 10:18:00,46.42,46.42,46.42,46.42,275.0,CALX
2023-06-01 10:17:00,46.41,46.505,46.41,46.505,1475.0,CALX
2023-06-01 10:16:00,46.365,46.49,46.365,46.49,5515.0,CALX
2023-06-01 10:14:00,46.45,46.45,46.44,46.44,469.0,CALX
2023-06-01 10:13:00,46.43,46.6,46.35,46.37,8051.0,CALX
2023-06-01 10:12:00,46.28,46.36,46.23,46.36,5200.0,CALX
2023-06-01 10:11:00,46.39,46.39,46.23,46.28,1283.0,CALX
2023-06-01 10:08:00,46.51,46.51,46.45,46.51,474.0,CALX
2023-06-01 10:05:00,46.45,46.45,46.45,46.45,189.0,CALX
2023-06-01 10:04:00,46.45,46.54,46.4,46.54,1257.0,CALX
2023-06-01 10:00:00,46.3,46.34,46.29,46.29,608.0,CALX
2023-06-01 09:58:00,46.33,46.33,46.24,46.24,589.0,CALX
2023-06-01 09:57:00,46.2,46.2,46.2,46.2,351.0,CALX
2023-06-01 09:56:00,46.225,46.225,46.225,46.225,334.0,CALX
2023-06-01 09:55:00,46.34,46.34,46.34,46.34,111.0,CALX
2023-06-01 09:53:00,46.155,46.28,46.155,46.28,592.0,CALX
2023-06-01 09:52:00,46.06,46.06,46.06,46.06,603.0,CALX
2023-06-01 09:51:00,46.15,46.26,46.12,46.26,1621.0,CALX
2023-06-01 09:50:00,46.21,46.21,46.12,46.19,1785.0,CALX
2023-06-01 09:46:00,46.49,46.49,46.49,46.49,110.0,CALX
2023-06-01 09:44:00,46.46,46.46,46.46,46.46,537.0,CALX
2023-06-01 09:43:00,46.63,46.63,46.49,46.6,523.0,CALX
2023-06-01 09:42:00,46.76,46.76,46.6,46.625,1538.0,CALX
2023-06-01 09:41:00,46.75,46.89,46.75,46.89,996.0,CALX
2023-06-01 09:40:00,46.74,46.74,46.74,46.74,173.0,CALX
2023-06-01 09:38:00,46.75,46.75,46.75,46.75,105.0,CALX
2023-06-01 09:35:00,46.51,46.63,46.51,46.63,943.0,CALX
2023-06-01 09:32:00,46.4,46.4,46.39,46.39,246.0,CALX
2023-06-01 09:30:00,46.49,46.49,46.49,46.49,3176.0,CALX
2023-06-01 08:28:00,46.61,46.61,46.61,46.61,4442.0,CALX
2023-05-31 19:00:00,46.61,46.61,46.61,46.61,462955.0,CALX
2023-05-31 18:58:00,46.99,46.99,46.99,46.99,1.0,CALX
2023-05-31 18:30:00,46.61,46.61,46.61,46.61,462955.0,CALX
2023-05-31 18:25:00,46.98,46.98,46.98,46.98,10.0,CALX
2023-05-31 17:00:00,46.61,46.61,46.61,46.61,2.0,CALX
2023-05-31 16:24:00,46.61,46.61,46.61,46.61,1.0,CALX
2023-05-31 16:19:00,46.61,46.61,46.61,46.61,10314.0,CALX
2023-05-31 16:10:00,46.61,46.61,46.61,46.61,462955.0,CALX
2023-05-31 16:06:00,46.61,46.61,46.61,46.61,1.0,CALX
2023-05-31 16:03:00,46.61,46.61,46.61,46.61,312.0,CALX
2023-05-31 16:02:00,46.61,46.61,46.607,46.607,9641.0,CALX
2023-05-31 16:01:00,46.61,46.61,46.61,46.61,28402.0,CALX
2023-05-31 16:00:00,46.56,46.61,46.56,46.61,944362.0,CALX
2023-05-31 15:59:00,46.64,46.66,46.55,46.56,38076.0,CALX
2023-05-31 15:58:00,46.64,46.68,46.64,46.65,10424.0,CALX
2023-05-31 15:57:00,46.66,46.68,46.62,46.64,9078.0,CALX
2023-05-31 15:56:00,46.71,46.71,46.66,46.67,6836.0,CALX
2023-05-31 15:55:00,46.795,46.795,46.69,46.71,5554.0,CALX
2023-05-31 15:54:00,46.7,46.84,46.7,46.82,20777.0,CALX
2023-05-31 15:53:00,46.685,46.7,46.67,46.7,3800.0,CALX
2023-05-31 15:52:00,46.69,46.72,46.68,46.7,7680.0,CALX
2023-05-31 15:51:00,46.64,46.7,46.64,46.7,8160.0,CALX
2023-05-31 15:50:00,46.6,46.69,46.6,46.62,13911.0,CALX
2023-05-31 15:49:00,46.56,46.6,46.53,46.59,7012.0,CALX
2023-05-31 15:48:00,46.525,46.56,46.525,46.56,2754.0,CALX
2023-05-31 15:47:00,46.49,46.54,46.49,46.535,4322.0,CALX
2023-05-31 15:46:00,46.49,46.52,46.475,46.475,5765.0,CALX
2023-05-31 15:45:00,46.5,46.525,46.49,46.51,3529.0,CALX
2023-05-31 15:44:00,46.47,46.515,46.47,46.5,2054.0,CALX
2023-05-31 15:43:00,46.43,46.47,46.43,46.44,3817.0,CALX
2023-05-31 15:42:00,46.405,46.43,46.405,46.43,1416.0,CALX
2023-05-31 15:41:00,46.39,46.43,46.39,46.4,4095.0,CALX
2023-05-31 15:40:00,46.33,46.38,46.33,46.38,1272.0,CALX
2023-05-31 15:39:00,46.33,46.34,46.33,46.34,993.0,CALX
2023-05-31 15:38:00,46.32,46.32,46.32,46.32,446.0,CALX
2023-05-31 15:37:00,46.35,46.36,46.275,46.275,2672.0,CALX
2023-05-31 15:36:00,46.36,46.365,46.36,46.365,887.0,CALX
2023-05-31 15:35:00,46.21,46.32,46.19,46.285,4535.0,CALX
2023-05-31 15:34:00,46.135,46.16,46.135,46.16,1937.0,CALX
2023-05-31 15:33:00,46.2,46.2,46.12,46.127,42008.0,CALX
2023-05-31 15:32:00,46.19,46.2,46.185,46.185,1328.0,CALX
2023-05-31 15:31:00,46.21,46.21,46.18,46.19,2362.0,CALX
2023-05-31 15:30:00,46.19,46.206,46.19,46.2,1793.0,CALX
2023-05-31 15:29:00,46.2,46.2,46.19,46.19,1110.0,CALX
2023-05-31 15:28:00,46.21,46.21,46.19,46.19,688.0,CALX
2023-05-31 15:27:00,46.2,46.205,46.18,46.198,659.0,CALX
2023-05-31 15:26:00,46.17,46.22,46.17,46.185,2266.0,CALX
2023-05-31 15:25:00,46.18,46.2,46.18,46.18,1334.0,CALX
2023-05-31 15:24:00,46.18,46.2,46.18,46.2,2845.0,CALX
2023-05-31 15:23:00,46.15,46.18,46.15,46.175,1056.0,CALX
2023-05-31 15:22:00,46.18,46.19,46.15,46.17,701.0,CALX
2023-05-31 15:21:00,46.18,46.18,46.18,46.18,324.0,CALX
2023-05-31 15:20:00,46.18,46.18,46.175,46.175,558.0,CALX
2023-05-31 15:19:00,46.15,46.15,46.145,46.145,537.0,CALX
2023-05-31 15:17:00,46.205,46.205,46.14,46.15,1909.0,CALX
2023-05-31 15:16:00,46.2,46.224,46.2,46.2,2559.0,CALX
2023-05-31 15:15:00,46.19,46.195,46.19,46.19,837.0,CALX
2023-05-31 15:14:00,46.19,46.2,46.19,46.2,696.0,CALX
2023-05-31 15:13:00,46.15,46.2,46.15,46.2,1520.0,CALX
2023-05-31 15:12:00,46.11,46.11,46.105,46.105,1052.0,CALX
2023-05-31 15:11:00,46.12,46.12,46.12,46.12,1811.0,CALX
2023-05-31 15:10:00,46.16,46.16,46.13,46.13,1256.0,CALX
2023-05-31 15:07:00,46.13,46.15,46.125,46.15,1136.0,CALX
2023-05-31 15:06:00,46.125,46.125,46.1,46.125,646.0,CALX
2023-05-31 15:05:00,46.138,46.137,46.125,46.13,583.0,CALX
2023-05-31 15:04:00,46.12,46.15,46.113,46.15,2220.0,CALX
2023-05-31 15:03:00,46.15,46.15,46.11,46.12,1223.0,CALX
2023-05-31 15:01:00,46.17,46.17,46.15,46.15,562.0,CALX
2023-05-31 15:00:00,46.14,46.19,46.14,46.19,419.0,CALX
2023-05-31 14:59:00,46.175,46.175,46.175,46.175,639.0,CALX
2023-05-31 14:58:00,46.175,46.175,46.175,46.175,204.0,CALX
2023-05-31 14:57:00,46.2,46.2,46.2,46.2,243.0,CALX
2023-05-31 14:56:00,46.16,46.2,46.16,46.16,1108.0,CALX
2023-05-31 14:55:00,46.19,46.2,46.12,46.18,3443.0,CALX
2023-05-31 14:54:00,46.18,46.18,46.18,46.18,536.0,CALX
2023-05-31 14:53:00,46.17,46.17,46.17,46.17,503.0,CALX
2023-05-31 14:52:00,46.15,46.15,46.15,46.15,400.0,CALX
2023-05-31 14:51:00,46.15,46.15,46.13,46.13,1338.0,CALX
2023-05-31 14:50:00,46.135,46.135,46.09,46.115,2718.0,CALX
2023-05-31 14:49:00,46.12,46.14,46.12,46.135,772.0,CALX
2023-05-31 14:48:00,46.21,46.21,46.21,46.21,744.0,CALX
2023-05-31 14:47:00,46.25,46.25,46.21,46.21,1638.0,CALX
2023-05-31 14:46:00,46.25,46.25,46.25,46.25,343.0,CALX
2023-05-31 14:45:00,46.3,46.32,46.24,46.24,5321.0,CALX
2023-05-31 14:44:00,46.32,46.32,46.295,46.295,968.0,CALX
2023-05-31 14:43:00,46.32,46.33,46.29,46.29,2046.0,CALX
2023-05-31 14:42:00,46.22,46.33,46.22,46.33,1717.0,CALX
2023-05-31 14:40:00,46.11,46.19,46.11,46.19,1942.0,CALX
2023-05-31 14:38:00,46.105,46.105,46.07,46.09,1659.0,CALX
2023-05-31 14:36:00,46.06,46.08,46.055,46.08,3893.0,CALX
2023-05-31 14:35:00,46.05,46.05,46.03,46.04,2288.0,CALX
2023-05-31 14:34:00,46.05,46.06,46.035,46.055,4167.0,CALX
2023-05-31 14:32:00,46.09,46.09,46.05,46.05,1327.0,CALX
2023-05-31 14:30:00,46.06,46.1,46.06,46.1,588.0,CALX
2023-05-31 14:28:00,46.09,46.12,46.09,46.1,4082.0,CALX
2023-05-31 14:27:00,46.12,46.14,46.12,46.135,1216.0,CALX
2023-05-31 14:26:00,46.015,46.08,46.0,46.08,12718.0,CALX
2023-05-31 14:25:00,46.02,46.045,45.99,46.015,10753.0,CALX
2023-05-31 14:22:00,46.118,46.118,46.11,46.11,967.0,CALX
2023-05-31 14:21:00,46.12,46.125,46.12,46.125,524.0,CALX
2023-05-31 14:20:00,46.16,46.16,46.15,46.15,261.0,CALX
2023-05-31 14:18:00,46.025,46.025,46.025,46.025,631.0,CALX
2023-05-31 14:17:00,46.02,46.02,46.02,46.02,422.0,CALX
2023-05-31 14:16:00,45.9,46.02,45.87,46.01,5816.0,CALX
2023-05-31 14:15:00,45.9,45.9,45.9,45.9,2054.0,CALX
2023-05-31 14:14:00,45.89,45.92,45.89,45.92,1031.0,CALX
2023-05-31 14:13:00,45.9,45.91,45.9,45.9,523.0,CALX
2023-05-31 14:12:00,45.89,45.92,45.89,45.92,479.0,CALX
2023-05-31 14:11:00,45.9,45.9,45.9,45.9,892.0,CALX
2023-05-31 14:10:00,45.9,45.9,45.9,45.9,879.0,CALX
2023-05-31 14:09:00,45.875,45.9,45.85,45.9,4877.0,CALX
2023-05-31 14:08:00,45.81,45.83,45.78,45.83,3452.0,CALX
2023-05-31 14:07:00,45.87,45.87,45.835,45.835,1853.0,CALX
2023-05-31 14:06:00,45.935,45.935,45.88,45.9,17262.0,CALX
2023-05-31 14:05:00,45.935,45.935,45.92,45.935,657.0,CALX
2023-05-31 14:04:00,45.93,45.95,45.92,45.935,2316.0,CALX
2023-05-31 14:03:00,45.93,45.93,45.93,45.93,376.0,CALX
2023-05-31 14:02:00,45.95,45.95,45.92,45.92,2105.0,CALX
2023-05-31 14:01:00,45.95,45.95,45.92,45.925,4658.0,CALX
2023-05-31 14:00:00,45.915,45.95,45.915,45.95,705.0,CALX
2023-05-31 13:59:00,45.955,45.955,45.955,45.955,129.0,CALX
2023-05-31 13:58:00,45.95,45.95,45.93,45.93,528.0,CALX
2023-05-31 13:57:00,45.93,45.95,45.93,45.95,619.0,CALX
2023-05-31 13:56:00,45.95,45.95,45.925,45.95,821.0,CALX
2023-05-31 13:55:00,45.95,45.95,45.925,45.925,654.0,CALX
2023-05-31 13:54:00,45.95,45.95,45.92,45.925,642.0,CALX
2023-05-31 13:53:00,45.95,45.95,45.95,45.95,343.0,CALX
2023-05-31 13:52:00,45.925,45.93,45.925,45.93,300.0,CALX
2023-05-31 13:51:00,45.92,45.92,45.92,45.92,378.0,CALX
2023-05-31 13:50:00,45.95,45.95,45.91,45.91,1002.0,CALX
2023-05-31 13:49:00,45.95,45.95,45.95,45.95,389.0,CALX
2023-05-31 13:48:00,45.95,45.95,45.92,45.92,208.0,CALX
2023-05-31 13:47:00,45.95,45.95,45.935,45.935,421.0,CALX
2023-05-31 13:46:00,45.93,45.93,45.93,45.93,254.0,CALX
2023-05-31 13:45:00,45.93,45.93,45.93,45.93,351.0,CALX
2023-05-31 13:43:00,45.87,45.93,45.87,45.92,940.0,CALX
2023-05-31 13:41:00,45.88,45.9,45.86,45.9,704.0,CALX
2023-05-31 13:40:00,45.95,45.98,45.95,45.955,3880.0,CALX
2023-05-31 13:39:00,45.99,45.99,45.99,45.99,144.0,CALX
2023-05-31 13:38:00,45.95,45.95,45.94,45.95,1191.0,CALX
2023-05-31 13:37:00,45.98,45.99,45.93,45.96,10359.0,CALX
2023-05-31 13:36:00,45.98,46.03,45.98,46.0,1477.0,CALX
2023-05-31 13:35:00,46.012,46.05,45.94,45.97,5251.0,CALX
2023-05-31 13:34:00,45.84,46.03,45.84,46.03,2475.0,CALX
2023-05-31 13:33:00,45.75,45.815,45.75,45.815,10121.0,CALX
2023-05-31 13:32:00,45.745,45.745,45.745,45.745,139.0,CALX
2023-05-31 13:31:00,45.72,45.75,45.72,45.75,325.0,CALX
2023-05-31 13:30:00,45.75,45.75,45.745,45.75,1792.0,CALX
2023-05-31 13:29:00,45.75,45.75,45.75,45.75,567.0,CALX
2023-05-31 13:28:00,45.75,45.77,45.745,45.75,3125.0,CALX
2023-05-31 13:27:00,45.745,45.745,45.745,45.745,104.0,CALX
2023-05-31 13:25:00,45.763,45.763,45.735,45.735,1433.0,CALX
2023-05-31 13:24:00,45.735,45.75,45.735,45.75,326.0,CALX
2023-05-31 13:22:00,45.735,45.735,45.735,45.735,153.0,CALX
2023-05-31 13:21:00,45.73,45.73,45.73,45.73,519.0,CALX
2023-05-31 13:19:00,45.71,45.71,45.71,45.71,464.0,CALX
2023-05-31 13:18:00,45.755,45.755,45.7,45.75,2742.0,CALX
2023-05-31 13:17:00,45.75,45.75,45.75,45.75,1001.0,CALX
2023-05-31 13:16:00,45.75,45.76,45.7,45.7,4248.0,CALX
2023-05-31 13:11:00,45.75,45.75,45.72,45.72,1322.0,CALX
2023-05-31 13:10:00,45.73,45.75,45.71,45.75,4234.0,CALX
2023-05-31 13:09:00,45.74,45.75,45.67,45.72,9459.0,CALX
2023-05-31 13:07:00,45.75,45.75,45.75,45.75,300.0,CALX
2023-05-31 13:06:00,45.74,45.74,45.74,45.74,435.0,CALX
2023-05-31 13:03:00,45.71,45.71,45.7,45.7,322.0,CALX
2023-05-31 13:02:00,45.75,45.75,45.75,45.75,1865.0,CALX
2023-05-31 12:59:00,45.7,45.83,45.7,45.81,2191.0,CALX
2023-05-31 12:58:00,45.7,45.72,45.7,45.71,20738.0,CALX
2023-05-31 12:57:00,45.7,45.7,45.7,45.7,747.0,CALX
2023-05-31 12:55:00,45.7,45.7,45.69,45.69,944.0,CALX
2023-05-31 12:54:00,45.8,45.8,45.7,45.7,4007.0,CALX
2023-05-31 12:53:00,45.73,45.77,45.73,45.77,950.0,CALX
2023-05-31 12:52:00,45.73,45.74,45.72,45.72,2354.0,CALX
2023-05-31 12:51:00,45.73,45.79,45.72,45.74,2807.0,CALX
2023-05-31 12:50:00,45.78,45.78,45.77,45.77,518.0,CALX
2023-05-31 12:49:00,45.81,45.81,45.81,45.81,535.0,CALX
2023-05-31 12:48:00,45.8,45.89,45.8,45.85,1607.0,CALX
2023-05-31 12:47:00,45.8,45.81,45.75,45.8,6828.0,CALX
2023-05-31 12:46:00,45.72,45.8,45.72,45.8,1651.0,CALX
2023-05-31 12:45:00,45.75,45.76,45.72,45.75,1474.0,CALX
2023-05-31 12:44:00,45.79,45.8,45.79,45.8,1920.0,CALX
2023-05-31 12:42:00,45.79,45.8,45.77,45.79,1848.0,CALX
2023-05-31 12:39:00,45.8,45.8,45.7,45.7,2381.0,CALX
2023-05-31 12:38:00,45.75,45.8,45.75,45.8,2590.0,CALX
2023-05-31 12:37:00,45.79,45.79,45.79,45.79,257.0,CALX
2023-05-31 12:36:00,45.73,45.8,45.72,45.8,1045.0,CALX
2023-05-31 12:35:00,45.71,45.71,45.71,45.71,208.0,CALX
2023-05-31 12:34:00,45.53,45.7,45.525,45.69,3197.0,CALX
2023-05-31 12:33:00,45.545,45.59,45.53,45.53,1507.0,CALX
2023-05-31 12:32:00,45.72,45.72,45.54,45.54,2302.0,CALX
2023-05-31 12:31:00,45.765,45.765,45.765,45.765,421.0,CALX
2023-05-31 12:30:00,45.78,45.805,45.75,45.79,4369.0,CALX
2023-05-31 12:29:00,45.97,45.97,45.78,45.8,36659.0,CALX
2023-05-31 12:28:00,45.925,45.96,45.925,45.942,4939.0,CALX
2023-05-31 12:27:00,45.92,45.92,45.92,45.92,1062.0,CALX
2023-05-31 12:26:00,45.895,45.895,45.895,45.895,104.0,CALX
2023-05-31 12:25:00,45.88,45.88,45.88,45.88,392.0,CALX
2023-05-31 12:23:00,45.87,45.88,45.87,45.88,826.0,CALX
2023-05-31 12:22:00,45.806,45.85,45.74,45.85,8004.0,CALX
2023-05-31 12:20:00,45.73,45.8,45.73,45.8,1929.0,CALX
2023-05-31 12:19:00,45.72,45.72,45.695,45.72,4288.0,CALX
2023-05-31 12:17:00,45.705,45.705,45.705,45.705,223.0,CALX
2023-05-31 12:16:00,45.71,45.71,45.68,45.68,1323.0,CALX
2023-05-31 12:14:00,45.64,45.64,45.64,45.64,301.0,CALX
2023-05-31 12:13:00,45.59,45.62,45.59,45.62,1286.0,CALX
2023-05-31 12:12:00,45.56,45.56,45.56,45.56,284.0,CALX
2023-05-31 12:11:00,45.58,45.58,45.58,45.58,100.0,CALX
2023-05-31 12:10:00,45.58,45.58,45.58,45.58,134.0,CALX
2023-05-31 12:09:00,45.52,45.57,45.51,45.57,2724.0,CALX
2023-05-31 12:08:00,45.545,45.545,45.545,45.545,290.0,CALX
2023-05-31 12:07:00,45.55,45.55,45.55,45.55,888.0,CALX
2023-05-31 12:06:00,45.6,45.6,45.6,45.6,332.0,CALX
2023-05-31 12:05:00,45.61,45.61,45.61,45.61,417.0,CALX
2023-05-31 12:02:00,45.61,45.63,45.61,45.63,581.0,CALX
2023-05-31 12:01:00,45.57,45.6,45.57,45.58,1247.0,CALX
2023-05-31 12:00:00,45.54,45.54,45.54,45.54,104.0,CALX
2023-05-31 11:58:00,45.56,45.57,45.55,45.55,1217.0,CALX
2023-05-31 11:57:00,45.53,45.53,45.53,45.53,212.0,CALX
2023-05-31 11:56:00,45.57,45.57,45.57,45.57,167.0,CALX
2023-05-31 11:55:00,45.555,45.555,45.555,45.555,229.0,CALX
2023-05-31 11:54:00,45.56,45.57,45.56,45.57,562.0,CALX
2023-05-31 11:53:00,45.49,45.53,45.49,45.525,983.0,CALX
2023-05-31 11:52:00,45.41,45.45,45.41,45.45,1119.0,CALX
2023-05-31 11:50:00,45.44,45.44,45.41,45.41,1629.0,CALX
2023-05-31 11:49:00,45.4,45.45,45.4,45.42,1893.0,CALX
2023-05-31 11:47:00,45.375,45.375,45.375,45.375,222.0,CALX
2023-05-31 11:46:00,45.39,45.39,45.35,45.368,1075.0,CALX
2023-05-31 11:45:00,45.4,45.41,45.4,45.4,715.0,CALX
2023-05-31 11:44:00,45.315,45.36,45.315,45.36,2660.0,CALX
2023-05-31 11:43:00,45.33,45.33,45.33,45.33,501.0,CALX
2023-05-31 11:42:00,45.32,45.32,45.32,45.32,464.0,CALX
2023-05-31 11:39:00,45.375,45.375,45.32,45.32,639.0,CALX
2023-05-31 11:38:00,45.36,45.38,45.36,45.38,1249.0,CALX
2023-05-31 11:36:00,45.35,45.35,45.35,45.35,937.0,CALX
2023-05-31 11:35:00,45.37,45.375,45.37,45.375,1197.0,CALX
2023-05-31 11:33:00,45.35,45.35,45.345,45.345,1228.0,CALX
2023-05-31 11:32:00,45.315,45.315,45.298,45.315,404.0,CALX
2023-05-31 11:31:00,45.31,45.32,45.305,45.315,1453.0,CALX
2023-05-31 11:30:00,45.3,45.3,45.3,45.3,230.0,CALX
2023-05-31 11:29:00,45.32,45.32,45.29,45.32,774.0,CALX
2023-05-31 11:28:00,45.46,45.46,45.39,45.39,1928.0,CALX
2023-05-31 11:27:00,45.49,45.51,45.46,45.51,674.0,CALX
2023-05-31 11:25:00,45.45,45.47,45.45,45.47,592.0,CALX
2023-05-31 11:24:00,45.45,45.45,45.45,45.45,102.0,CALX
2023-05-31 11:23:00,45.42,45.42,45.42,45.42,229.0,CALX
2023-05-31 11:22:00,45.35,45.35,45.35,45.35,363.0,CALX
2023-05-31 11:21:00,45.34,45.36,45.329,45.36,1978.0,CALX
2023-05-31 11:20:00,45.315,45.315,45.315,45.315,607.0,CALX
2023-05-31 11:19:00,45.34,45.34,45.34,45.34,102.0,CALX
2023-05-31 11:18:00,45.34,45.34,45.34,45.34,289.0,CALX
2023-05-31 11:16:00,45.31,45.31,45.3,45.3,848.0,CALX
2023-05-31 11:15:00,45.31,45.335,45.31,45.335,892.0,CALX
2023-05-31 11:14:00,45.25,45.3,45.25,45.3,776.0,CALX
2023-05-31 11:13:00,45.25,45.26,45.24,45.26,983.0,CALX
2023-05-31 11:12:00,45.235,45.235,45.235,45.235,306.0,CALX
2023-05-31 11:11:00,45.24,45.25,45.23,45.25,741.0,CALX
2023-05-31 11:10:00,45.23,45.24,45.19,45.24,3490.0,CALX
2023-05-31 11:09:00,45.23,45.235,45.225,45.23,2242.0,CALX
2023-05-31 11:07:00,45.19,45.19,45.19,45.19,485.0,CALX
2023-05-31 11:05:00,45.175,45.2,45.08,45.16,13520.0,CALX
2023-05-31 11:03:00,45.175,45.175,45.175,45.175,158.0,CALX
2023-05-31 11:02:00,45.205,45.205,45.15,45.175,3910.0,CALX
2023-05-31 11:01:00,45.19,45.215,45.15,45.2,2685.0,CALX
2023-05-31 11:00:00,45.215,45.215,45.215,45.215,355.0,CALX
2023-05-31 10:58:00,45.22,45.235,45.21,45.215,1817.0,CALX
2023-05-31 10:57:00,45.25,45.275,45.23,45.275,1621.0,CALX
2023-05-31 10:54:00,45.26,45.26,45.26,45.26,296.0,CALX
2023-05-31 10:53:00,45.24,45.28,45.235,45.235,2557.0,CALX
2023-05-31 10:51:00,45.27,45.27,45.27,45.27,489.0,CALX
2023-05-31 10:50:00,45.21,45.22,45.21,45.22,567.0,CALX
2023-05-31 10:49:00,45.23,45.23,45.23,45.23,231.0,CALX
2023-05-31 10:48:00,45.18,45.27,45.11,45.2,2236.0,CALX
2023-05-31 10:47:00,45.175,45.175,45.14,45.14,1094.0,CALX
2023-05-31 10:46:00,45.12,45.24,45.12,45.24,355.0,CALX
2023-05-31 10:45:00,45.28,45.28,45.12,45.12,8457.0,CALX
2023-05-31 10:44:00,45.23,45.23,45.175,45.175,1114.0,CALX
2023-05-31 10:43:00,45.26,45.3,45.26,45.3,878.0,CALX
2023-05-31 10:42:00,45.25,45.325,45.25,45.325,1270.0,CALX
2023-05-31 10:41:00,45.25,45.25,45.25,45.25,152.0,CALX
2023-05-31 10:39:00,45.2,45.2,45.2,45.2,120.0,CALX
2023-05-31 10:38:00,45.02,45.12,45.0,45.12,4165.0,CALX
2023-05-31 10:37:00,45.25,45.26,45.1,45.1,3510.0,CALX
2023-05-31 10:36:00,45.26,45.3,45.26,45.285,979.0,CALX
2023-05-31 10:34:00,45.325,45.325,45.185,45.235,2584.0,CALX
2023-05-31 10:32:00,45.34,45.34,45.34,45.34,117.0,CALX
2023-05-31 10:31:00,45.36,45.36,45.36,45.36,223.0,CALX
2023-05-31 10:30:00,45.34,45.34,45.34,45.34,518.0,CALX
2023-05-31 10:29:00,45.36,45.36,45.36,45.36,595.0,CALX
2023-05-31 10:28:00,45.34,45.34,45.34,45.34,171.0,CALX
2023-05-31 10:27:00,45.31,45.34,45.31,45.325,2079.0,CALX
2023-05-31 10:26:00,45.32,45.32,45.25,45.3,1939.0,CALX
2023-05-31 10:25:00,45.34,45.34,45.34,45.34,488.0,CALX
2023-05-31 10:24:00,45.32,45.37,45.32,45.34,1309.0,CALX
2023-05-31 10:21:00,45.3,45.3,45.29,45.29,1155.0,CALX
2023-05-31 10:20:00,45.16,45.27,45.15,45.27,2993.0,CALX
2023-05-31 10:19:00,45.24,45.24,45.15,45.24,5001.0,CALX
2023-05-31 10:18:00,45.32,45.342,45.2,45.24,6393.0,CALX
2023-05-31 10:17:00,45.34,45.34,45.34,45.34,768.0,CALX
2023-05-31 10:15:00,45.365,45.365,45.365,45.365,581.0,CALX
2023-05-31 10:14:00,45.35,45.365,45.33,45.33,1448.0,CALX
2023-05-31 10:13:00,45.36,45.36,45.295,45.295,840.0,CALX
2023-05-31 10:12:00,45.45,45.45,45.4,45.4,2021.0,CALX
2023-05-31 10:11:00,45.46,45.48,45.46,45.48,659.0,CALX
2023-05-31 10:10:00,45.44,45.47,45.43,45.47,843.0,CALX
2023-05-31 10:09:00,45.51,45.51,45.51,45.51,110.0,CALX
2023-05-31 10:08:00,45.47,45.5,45.46,45.46,1365.0,CALX
2023-05-31 10:07:00,45.47,45.51,45.47,45.51,513.0,CALX
2023-05-31 10:06:00,45.495,45.53,45.44,45.44,934.0,CALX
2023-05-31 10:03:00,45.47,45.47,45.47,45.47,114.0,CALX
2023-05-31 10:02:00,45.66,45.66,45.65,45.65,1537.0,CALX
2023-05-31 10:01:00,45.65,45.65,45.65,45.65,827.0,CALX
2023-05-31 10:00:00,45.565,45.565,45.565,45.565,539.0,CALX
2023-05-31 09:59:00,45.65,45.65,45.565,45.565,2180.0,CALX
2023-05-31 09:58:00,45.575,45.575,45.575,45.575,328.0,CALX
2023-05-31 09:57:00,45.5,45.58,45.5,45.58,865.0,CALX
2023-05-31 09:56:00,45.425,45.425,45.425,45.425,146.0,CALX
2023-05-31 09:55:00,45.44,45.54,45.42,45.5,30222.0,CALX
2023-05-31 09:52:00,45.5,45.5,45.5,45.5,463.0,CALX
2023-05-31 09:51:00,45.51,45.53,45.51,45.53,708.0,CALX
2023-05-31 09:50:00,45.43,45.43,45.43,45.43,528.0,CALX
2023-05-31 09:49:00,45.4,45.46,45.35,45.35,341.0,CALX
2023-05-31 09:48:00,45.5,45.5,45.41,45.42,1891.0,CALX
2023-05-31 09:47:00,45.475,45.57,45.475,45.57,1443.0,CALX
2023-05-31 09:46:00,45.52,45.52,45.39,45.48,1985.0,CALX
2023-05-31 09:45:00,45.55,45.55,45.44,45.44,1583.0,CALX
2023-05-31 09:44:00,45.57,45.57,45.55,45.55,638.0,CALX
2023-05-31 09:43:00,45.5,45.58,45.41,45.41,1109.0,CALX
2023-05-31 09:42:00,45.75,45.75,45.41,45.41,2726.0,CALX
2023-05-31 09:41:00,45.675,45.75,45.675,45.75,403.0,CALX
2023-05-31 09:40:00,45.45,45.76,45.39,45.67,2979.0,CALX
2023-05-31 09:39:00,45.365,45.365,45.35,45.35,232.0,CALX
2023-05-31 09:37:00,45.425,45.54,45.31,45.425,9899.0,CALX
2023-05-31 09:36:00,45.425,45.425,45.425,45.425,278.0,CALX
2023-05-31 09:35:00,45.552,45.63,45.465,45.465,8862.0,CALX
2023-05-31 09:34:00,45.48,45.565,45.47,45.47,1228.0,CALX
2023-05-31 09:33:00,45.31,45.55,45.31,45.47,4459.0,CALX
2023-05-31 09:32:00,45.67,45.67,45.67,45.67,309.0,CALX
2023-05-31 09:31:00,45.34,45.64,45.33,45.64,558.0,CALX
2023-05-31 09:30:00,45.2,45.255,45.2,45.255,3279.0,CALX
2023-05-31 08:00:00,44.13,44.13,44.13,44.13,3.0,CALX
2023-05-31 07:00:00,46.0,46.0,46.0,46.0,8.0,CALX
2023-05-31 04:00:00,45.68,45.68,45.68,45.68,27.0,CALX
2023-05-30 19:00:00,45.68,45.68,45.68,45.68,29739.0,CALX
2023-05-30 18:30:00,45.68,45.68,45.68,45.68,29739.0,CALX
2023-05-30 16:47:00,45.68,45.68,45.68,45.68,409.0,CALX
2023-05-30 16:22:00,47.04,47.04,47.04,47.04,1.0,CALX
2023-05-30 16:13:00,45.68,45.68,45.68,45.68,2.0,CALX
2023-05-30 16:10:00,45.68,45.68,45.68,45.68,29739.0,CALX
2023-05-30 16:06:00,45.44,45.44,45.44,45.44,1.0,CALX
2023-05-30 16:01:00,45.68,45.68,45.68,45.68,913.0,CALX
2023-05-30 16:00:00,45.68,45.68,45.68,45.68,69852.0,CALX
2023-05-30 15:59:00,45.66,45.69,45.6,45.68,14593.0,CALX
2023-05-30 15:58:00,45.6,45.69,45.59,45.69,5010.0,CALX
2023-05-30 15:57:00,45.58,45.62,45.58,45.61,2596.0,CALX
2023-05-30 15:56:00,45.57,45.57,45.57,45.57,1147.0,CALX
2023-05-30 15:55:00,45.56,45.57,45.538,45.57,4212.0,CALX
2023-05-30 15:54:00,45.585,45.585,45.58,45.58,1773.0,CALX
2023-05-30 15:53:00,45.6,45.6,45.58,45.59,1196.0,CALX
2023-05-30 15:52:00,45.61,45.62,45.58,45.62,4054.0,CALX
2023-05-30 15:51:00,45.58,45.6,45.58,45.59,4448.0,CALX
2023-05-30 15:50:00,45.575,45.59,45.565,45.59,3074.0,CALX
2023-05-30 15:49:00,45.575,45.6,45.575,45.592,2731.0,CALX
2023-05-30 15:47:00,45.62,45.62,45.6,45.6,1319.0,CALX
2023-05-30 15:46:00,45.57,45.62,45.57,45.605,2664.0,CALX
2023-05-30 15:45:00,45.61,45.61,45.57,45.58,2328.0,CALX
2023-05-30 15:43:00,45.62,45.62,45.55,45.55,265.0,CALX
2023-05-30 15:42:00,45.57,45.57,45.57,45.57,153.0,CALX
2023-05-30 15:38:00,45.605,45.63,45.605,45.63,425.0,CALX
2023-05-30 15:37:00,45.61,45.62,45.61,45.61,819.0,CALX
2023-05-30 15:36:00,45.6,45.6,45.565,45.6,1514.0,CALX
2023-05-30 15:35:00,45.6,45.6,45.58,45.58,412.0,CALX
2023-05-30 15:34:00,45.6,45.6,45.6,45.6,246.0,CALX
2023-05-30 15:32:00,45.64,45.64,45.62,45.635,682.0,CALX
2023-05-30 15:31:00,45.66,45.665,45.64,45.66,1225.0,CALX
2023-05-30 15:30:00,45.59,45.63,45.585,45.63,2469.0,CALX
2023-05-30 15:29:00,45.58,45.58,45.58,45.58,367.0,CALX
2023-05-30 15:28:00,45.585,45.585,45.575,45.58,1574.0,CALX
2023-05-30 15:27:00,45.6,45.6,45.58,45.585,1420.0,CALX
2023-05-30 15:26:00,45.63,45.63,45.61,45.61,1175.0,CALX
2023-05-30 15:25:00,45.63,45.63,45.63,45.63,207.0,CALX
2023-05-30 15:23:00,45.6,45.6,45.6,45.6,361.0,CALX
2023-05-30 15:22:00,45.615,45.615,45.615,45.615,650.0,CALX
2023-05-30 15:21:00,45.659,45.659,45.62,45.64,709.0,CALX
2023-05-30 15:20:00,45.64,45.64,45.64,45.64,716.0,CALX
2023-05-30 15:19:00,45.6,45.6,45.6,45.6,209.0,CALX
2023-05-30 15:18:00,45.6,45.6,45.6,45.6,327.0,CALX
2023-05-30 15:17:00,45.59,45.59,45.58,45.58,323.0,CALX
2023-05-30 15:16:00,45.58,45.6,45.58,45.6,551.0,CALX
2023-05-30 15:15:00,45.58,45.58,45.58,45.58,215.0,CALX
2023-05-30 15:14:00,45.62,45.62,45.59,45.59,577.0,CALX
2023-05-30 15:13:00,45.645,45.645,45.645,45.645,292.0,CALX
2023-05-30 15:12:00,45.66,45.66,45.641,45.641,855.0,CALX
2023-05-30 15:11:00,45.66,45.66,45.65,45.65,882.0,CALX
2023-05-30 15:10:00,45.61,45.64,45.61,45.64,909.0,CALX
2023-05-30 15:09:00,45.6,45.6,45.6,45.6,414.0,CALX
2023-05-30 15:08:00,45.61,45.61,45.6,45.61,2336.0,CALX
2023-05-30 15:07:00,45.62,45.64,45.605,45.64,2209.0,CALX
2023-05-30 15:06:00,45.605,45.605,45.605,45.605,409.0,CALX
2023-05-30 15:05:00,45.555,45.6,45.555,45.6,2841.0,CALX
2023-05-30 15:03:00,45.58,45.58,45.57,45.57,847.0,CALX
2023-05-30 15:02:00,45.62,45.62,45.55,45.56,1820.0,CALX
2023-05-30 15:01:00,45.61,45.61,45.6,45.6,405.0,CALX
2023-05-30 15:00:00,45.61,45.61,45.61,45.61,689.0,CALX
2023-05-30 14:59:00,45.62,45.65,45.62,45.635,1785.0,CALX
2023-05-30 14:58:00,45.602,45.65,45.602,45.65,1224.0,CALX
2023-05-30 14:57:00,45.62,45.63,45.62,45.63,510.0,CALX
2023-05-30 14:55:00,45.685,45.685,45.685,45.685,224.0,CALX
2023-05-30 14:53:00,45.61,45.61,45.6,45.6,700.0,CALX
2023-05-30 14:52:00,45.64,45.64,45.64,45.64,326.0,CALX
2023-05-30 14:51:00,45.68,45.69,45.67,45.69,661.0,CALX
2023-05-30 14:50:00,45.615,45.64,45.58,45.64,1352.0,CALX
2023-05-30 14:48:00,45.61,45.61,45.61,45.61,166.0,CALX
2023-05-30 14:46:00,45.61,45.61,45.6,45.6,330.0,CALX
2023-05-30 14:45:00,45.66,45.66,45.63,45.64,1169.0,CALX
2023-05-30 14:44:00,45.64,45.67,45.61,45.67,761.0,CALX
2023-05-30 14:43:00,45.61,45.61,45.61,45.61,230.0,CALX
2023-05-30 14:42:00,45.63,45.63,45.63,45.63,505.0,CALX
2023-05-30 14:41:00,45.65,45.65,45.615,45.615,413.0,CALX
2023-05-30 14:40:00,45.65,45.65,45.61,45.61,732.0,CALX
2023-05-30 14:39:00,45.66,45.66,45.66,45.66,347.0,CALX
2023-05-30 14:38:00,45.6,45.6,45.6,45.6,200.0,CALX
2023-05-30 14:37:00,45.62,45.62,45.62,45.62,536.0,CALX
2023-05-30 14:36:00,45.675,45.675,45.621,45.621,452.0,CALX
2023-05-30 14:35:00,45.58,45.64,45.58,45.64,1616.0,CALX
2023-05-30 14:34:00,45.58,45.58,45.57,45.57,728.0,CALX
2023-05-30 14:33:00,45.68,45.68,45.65,45.65,855.0,CALX
2023-05-30 14:32:00,45.705,45.71,45.69,45.69,909.0,CALX
2023-05-30 14:31:00,45.69,45.69,45.69,45.69,204.0,CALX
2023-05-30 14:30:00,45.69,45.69,45.69,45.69,201.0,CALX
2023-05-30 14:29:00,45.7,45.72,45.7,45.72,485.0,CALX
2023-05-30 14:28:00,45.69,45.71,45.69,45.71,516.0,CALX
2023-05-30 14:27:00,45.635,45.69,45.62,45.69,1698.0,CALX
2023-05-30 14:26:00,45.61,45.61,45.605,45.61,890.0,CALX
2023-05-30 14:25:00,45.6,45.6,45.6,45.6,562.0,CALX
2023-05-30 14:23:00,45.59,45.59,45.56,45.577,1113.0,CALX
2023-05-30 14:22:00,45.61,45.61,45.61,45.61,115.0,CALX
2023-05-30 14:21:00,45.6,45.62,45.6,45.605,987.0,CALX
2023-05-30 14:20:00,45.58,45.59,45.57,45.58,1012.0,CALX
2023-05-30 14:19:00,45.64,45.64,45.59,45.59,2631.0,CALX
2023-05-30 14:18:00,45.6,45.63,45.6,45.62,2174.0,CALX
2023-05-30 14:15:00,45.58,45.58,45.58,45.58,306.0,CALX
2023-05-30 14:13:00,45.6,45.6,45.6,45.6,193.0,CALX
2023-05-30 14:11:00,45.605,45.605,45.605,45.605,320.0,CALX
2023-05-30 14:10:00,45.59,45.6,45.582,45.6,1000.0,CALX
2023-05-30 14:08:00,45.59,45.59,45.59,45.59,223.0,CALX
2023-05-30 14:07:00,45.62,45.62,45.62,45.62,176.0,CALX
2023-05-30 14:06:00,45.6,45.6,45.6,45.6,206.0,CALX
2023-05-30 14:02:00,45.59,45.59,45.59,45.59,103.0,CALX
2023-05-30 14:00:00,45.66,45.66,45.61,45.64,1355.0,CALX
2023-05-30 13:58:00,45.65,45.7,45.65,45.7,743.0,CALX
2023-05-30 13:56:00,45.68,45.68,45.65,45.65,487.0,CALX
2023-05-30 13:55:00,45.69,45.69,45.685,45.685,232.0,CALX
2023-05-30 13:53:00,45.71,45.71,45.71,45.71,136.0,CALX
2023-05-30 13:50:00,45.75,45.75,45.75,45.75,622.0,CALX
2023-05-30 13:48:00,45.735,45.75,45.64,45.64,2738.0,CALX
2023-05-30 13:47:00,45.7,45.76,45.7,45.76,507.0,CALX
2023-05-30 13:44:00,45.75,45.75,45.75,45.75,426.0,CALX
2023-05-30 13:43:00,45.75,45.75,45.75,45.75,490.0,CALX
2023-05-30 13:41:00,45.77,45.8,45.77,45.8,831.0,CALX
2023-05-30 13:38:00,45.802,45.803,45.78,45.78,1275.0,CALX
2023-05-30 13:36:00,45.705,45.77,45.705,45.77,946.0,CALX
2023-05-30 13:34:00,45.7,45.7,45.7,45.7,325.0,CALX
2023-05-30 13:33:00,45.71,45.71,45.71,45.71,636.0,CALX
2023-05-30 13:31:00,45.655,45.655,45.655,45.655,370.0,CALX
2023-05-30 13:30:00,45.68,45.68,45.68,45.68,199.0,CALX
2023-05-30 13:28:00,45.71,45.71,45.71,45.71,335.0,CALX
2023-05-30 13:27:00,45.73,45.73,45.73,45.73,240.0,CALX
2023-05-30 13:26:00,45.77,45.77,45.75,45.755,1927.0,CALX
2023-05-30 13:24:00,45.8,45.81,45.8,45.8,416.0,CALX
2023-05-30 13:23:00,45.82,45.82,45.82,45.82,242.0,CALX
2023-05-30 13:22:00,45.76,45.76,45.76,45.76,220.0,CALX
2023-05-30 13:21:00,45.79,45.79,45.79,45.79,506.0,CALX
2023-05-30 13:20:00,45.815,45.815,45.801,45.801,262.0,CALX
2023-05-30 13:16:00,45.825,45.825,45.825,45.825,134.0,CALX
2023-05-30 13:15:00,45.81,45.85,45.8,45.85,1739.0,CALX
2023-05-30 13:13:00,45.8,45.8,45.8,45.8,149.0,CALX
2023-05-30 13:09:00,45.89,45.89,45.89,45.89,364.0,CALX
2023-05-30 13:08:00,45.785,45.785,45.785,45.785,311.0,CALX
2023-05-30 13:06:00,45.91,45.93,45.89,45.89,445.0,CALX
2023-05-30 13:02:00,46.0,46.0,45.94,45.94,2581.0,CALX
2023-05-30 13:01:00,45.99,46.01,45.99,46.01,420.0,CALX
2023-05-30 12:59:00,46.01,46.05,46.01,46.03,2106.0,CALX
2023-05-30 12:58:00,45.99,46.01,45.99,46.01,636.0,CALX
2023-05-30 12:55:00,45.99,45.99,45.99,45.99,213.0,CALX
2023-05-30 12:51:00,45.9,45.9,45.9,45.9,221.0,CALX
2023-05-30 12:48:00,45.93,45.93,45.92,45.92,809.0,CALX
2023-05-30 12:45:00,45.78,45.78,45.78,45.78,796.0,CALX
2023-05-30 12:44:00,45.647,45.745,45.647,45.745,1626.0,CALX
2023-05-30 12:43:00,45.639,45.648,45.639,45.648,510.0,CALX
2023-05-30 12:42:00,45.665,45.71,45.629,45.639,753.0,CALX
2023-05-30 12:41:00,45.629,45.629,45.62,45.629,708.0,CALX
2023-05-30 12:40:00,45.668,45.73,45.638,45.638,667.0,CALX
2023-05-30 12:39:00,45.73,45.765,45.668,45.668,1254.0,CALX
2023-05-30 12:38:00,45.78,45.78,45.775,45.775,650.0,CALX
2023-05-30 12:37:00,45.785,45.79,45.78,45.78,756.0,CALX
2023-05-30 12:36:00,45.78,45.84,45.78,45.84,695.0,CALX
2023-05-30 12:34:00,45.788,45.82,45.788,45.82,356.0,CALX
2023-05-30 12:31:00,45.815,45.815,45.788,45.788,449.0,CALX
2023-05-30 12:29:00,45.789,45.789,45.789,45.789,225.0,CALX
2023-05-30 12:28:00,45.845,45.845,45.81,45.81,656.0,CALX
2023-05-30 12:27:00,45.85,45.85,45.84,45.84,774.0,CALX
2023-05-30 12:26:00,45.925,45.925,45.89,45.89,684.0,CALX
2023-05-30 12:23:00,45.92,45.92,45.92,45.92,511.0,CALX
2023-05-30 12:22:00,45.9,45.9,45.89,45.89,751.0,CALX
2023-05-30 12:21:00,45.845,45.9,45.845,45.88,1219.0,CALX
2023-05-30 12:18:00,45.87,45.87,45.84,45.84,311.0,CALX
2023-05-30 12:17:00,45.83,45.87,45.83,45.87,558.0,CALX
2023-05-30 12:16:00,45.875,45.875,45.875,45.875,249.0,CALX
2023-05-30 12:13:00,45.865,45.865,45.84,45.86,440.0,CALX
2023-05-30 12:12:00,45.865,45.865,45.865,45.865,389.0,CALX
2023-05-30 12:11:00,45.9,45.9,45.9,45.9,247.0,CALX
2023-05-30 12:09:00,45.845,45.845,45.845,45.845,234.0,CALX
2023-05-30 12:08:00,45.82,45.83,45.82,45.82,947.0,CALX
2023-05-30 12:06:00,45.766,45.766,45.766,45.766,125.0,CALX
2023-05-30 12:05:00,45.84,45.84,45.84,45.84,555.0,CALX
2023-05-30 12:04:00,45.87,45.87,45.855,45.87,1474.0,CALX
2023-05-30 12:03:00,45.877,45.877,45.877,45.877,168.0,CALX
2023-05-30 12:02:00,45.878,45.878,45.878,45.878,215.0,CALX
2023-05-30 12:00:00,45.881,45.91,45.881,45.91,467.0,CALX
2023-05-30 11:59:00,45.95,45.95,45.95,45.95,111.0,CALX
2023-05-30 11:58:00,45.95,45.95,45.95,45.95,418.0,CALX
2023-05-30 11:57:00,45.92,45.92,45.92,45.92,206.0,CALX
2023-05-30 11:56:00,45.98,45.98,45.95,45.95,375.0,CALX
2023-05-30 11:54:00,45.94,45.94,45.94,45.94,528.0,CALX
2023-05-30 11:52:00,45.9,45.9,45.87,45.9,954.0,CALX
2023-05-30 11:51:00,45.87,45.87,45.845,45.845,751.0,CALX
2023-05-30 11:49:00,45.88,45.905,45.877,45.877,418.0,CALX
2023-05-30 11:48:00,45.9,45.9,45.9,45.9,1220.0,CALX
2023-05-30 11:46:00,45.945,45.945,45.945,45.945,274.0,CALX
2023-05-30 11:45:00,45.93,45.93,45.93,45.93,122.0,CALX
2023-05-30 11:44:00,45.925,45.925,45.925,45.925,108.0,CALX
2023-05-30 11:43:00,45.93,45.93,45.93,45.93,338.0,CALX
2023-05-30 11:42:00,45.916,45.94,45.916,45.94,1769.0,CALX
2023-05-30 11:39:00,45.88,45.88,45.88,45.88,292.0,CALX
2023-05-30 11:38:00,45.855,45.92,45.79,45.84,1402.0,CALX
2023-05-30 11:36:00,45.79,45.79,45.79,45.79,105.0,CALX
2023-05-30 11:35:00,45.785,45.785,45.785,45.785,105.0,CALX
2023-05-30 11:33:00,45.834,45.833,45.834,45.833,133.0,CALX
2023-05-30 11:29:00,45.76,45.81,45.76,45.81,720.0,CALX
2023-05-30 11:28:00,45.66,45.66,45.66,45.66,484.0,CALX
2023-05-30 11:26:00,45.69,45.69,45.65,45.65,1469.0,CALX
2023-05-30 11:25:00,45.68,45.68,45.68,45.68,299.0,CALX
2023-05-30 11:24:00,45.685,45.685,45.685,45.685,216.0,CALX
2023-05-30 11:21:00,45.7,45.725,45.7,45.725,307.0,CALX
2023-05-30 11:20:00,45.77,45.77,45.735,45.735,414.0,CALX
2023-05-30 11:17:00,45.88,45.88,45.83,45.86,1584.0,CALX
2023-05-30 11:16:00,45.91,45.91,45.86,45.86,1192.0,CALX
2023-05-30 11:14:00,45.85,45.98,45.85,45.98,1658.0,CALX
2023-05-30 11:10:00,45.84,45.885,45.82,45.845,1822.0,CALX
2023-05-30 11:09:00,45.91,45.91,45.895,45.895,1264.0,CALX
2023-05-30 11:08:00,45.865,45.865,45.865,45.865,138.0,CALX
2023-05-30 11:07:00,45.865,45.865,45.865,45.865,170.0,CALX
2023-05-30 11:06:00,45.85,45.85,45.85,45.85,545.0,CALX
2023-05-30 11:02:00,45.845,45.91,45.845,45.89,658.0,CALX
2023-05-30 11:01:00,45.72,45.84,45.72,45.81,1275.0,CALX
2023-05-30 11:00:00,45.72,45.72,45.72,45.72,232.0,CALX
2023-05-30 10:58:00,45.74,45.74,45.72,45.72,1075.0,CALX
2023-05-30 10:56:00,45.82,45.82,45.82,45.82,230.0,CALX
2023-05-30 10:55:00,45.81,45.81,45.81,45.81,105.0,CALX
2023-05-30 10:54:00,45.845,45.845,45.79,45.79,981.0,CALX
2023-05-30 10:50:00,45.83,45.84,45.83,45.84,988.0,CALX
2023-05-30 10:48:00,45.69,45.76,45.68,45.76,1349.0,CALX
2023-05-30 10:47:00,45.65,45.69,45.65,45.651,2503.0,CALX
2023-05-30 10:43:00,45.715,45.715,45.715,45.715,158.0,CALX
2023-05-30 10:42:00,45.66,45.66,45.66,45.66,338.0,CALX
2023-05-30 10:39:00,45.8,45.82,45.7,45.75,2607.0,CALX
2023-05-30 10:36:00,45.75,45.75,45.75,45.75,303.0,CALX
2023-05-30 10:34:00,45.46,45.69,45.46,45.69,15923.0,CALX
2023-05-30 10:33:00,45.58,45.58,45.475,45.475,1557.0,CALX
2023-05-30 10:32:00,45.65,45.65,45.58,45.645,2218.0,CALX
2023-05-30 10:31:00,45.74,45.74,45.74,45.74,412.0,CALX
2023-05-30 10:30:00,45.84,45.845,45.74,45.74,837.0,CALX
2023-05-30 10:29:00,45.905,45.905,45.895,45.895,863.0,CALX
2023-05-30 10:28:00,46.0,46.02,45.94,45.94,1665.0,CALX
2023-05-30 10:27:00,46.07,46.07,46.0,46.035,1641.0,CALX
2023-05-30 10:26:00,46.11,46.11,46.11,46.11,102.0,CALX
2023-05-30 10:25:00,46.08,46.12,46.08,46.12,897.0,CALX
2023-05-30 10:23:00,46.12,46.12,46.08,46.12,1665.0,CALX
2023-05-30 10:22:00,46.19,46.19,46.07,46.18,3935.0,CALX
2023-05-30 10:21:00,46.208,46.25,46.208,46.25,1214.0,CALX
2023-05-30 10:19:00,46.0,46.07,46.0,46.07,1877.0,CALX
2023-05-30 10:18:00,45.95,45.95,45.95,45.95,906.0,CALX
2023-05-30 10:17:00,45.91,45.91,45.87,45.91,2002.0,CALX
2023-05-30 10:16:00,45.886,45.9,45.886,45.9,929.0,CALX
2023-05-30 10:14:00,45.855,45.9,45.855,45.9,1295.0,CALX
2023-05-30 10:13:00,45.76,45.9,45.76,45.9,716.0,CALX
2023-05-30 10:12:00,45.77,45.77,45.68,45.68,1689.0,CALX
2023-05-30 10:10:00,45.76,45.78,45.76,45.78,565.0,CALX
2023-05-30 10:09:00,45.66,45.77,45.64,45.77,2393.0,CALX
2023-05-30 10:08:00,45.72,45.72,45.72,45.72,293.0,CALX
2023-05-30 10:07:00,45.62,45.76,45.62,45.76,1971.0,CALX
2023-05-30 10:05:00,45.56,45.56,45.56,45.56,201.0,CALX
2023-05-30 10:01:00,45.44,45.58,45.36,45.57,4368.0,CALX
2023-05-30 09:59:00,45.46,45.46,45.46,45.46,692.0,CALX
2023-05-30 09:58:00,45.365,45.45,45.28,45.45,2929.0,CALX
2023-05-30 09:57:00,45.365,45.365,45.365,45.365,108.0,CALX
2023-05-30 09:56:00,45.365,45.365,45.365,45.365,315.0,CALX
2023-05-30 09:55:00,45.43,45.43,45.41,45.41,1145.0,CALX
2023-05-30 09:54:00,45.535,45.535,45.52,45.52,310.0,CALX
2023-05-30 09:53:00,45.43,45.54,45.41,45.535,2562.0,CALX
2023-05-30 09:52:00,45.45,45.45,45.43,45.43,1739.0,CALX
2023-05-30 09:51:00,45.56,45.56,45.47,45.47,306.0,CALX
2023-05-30 09:50:00,45.53,45.53,45.53,45.53,100.0,CALX
2023-05-30 09:49:00,45.655,45.67,45.54,45.6,2040.0,CALX
2023-05-30 09:46:00,45.64,45.66,45.63,45.66,719.0,CALX
2023-05-30 09:45:00,45.63,45.64,45.565,45.64,658.0,CALX
2023-05-30 09:42:00,45.545,45.545,45.545,45.545,655.0,CALX
2023-05-30 09:39:00,45.465,45.465,45.465,45.465,302.0,CALX
2023-05-30 09:36:00,45.51,45.52,45.51,45.51,977.0,CALX
2023-05-30 09:35:00,45.65,45.65,45.54,45.54,500.0,CALX
2023-05-30 09:34:00,45.69,45.69,45.69,45.69,153.0,CALX
2023-05-30 09:32:00,45.645,45.645,45.645,45.645,127.0,CALX
2023-05-30 09:31:00,45.67,45.67,45.475,45.475,223.0,CALX
2023-05-30 09:30:00,45.65,45.65,45.65,45.65,3689.0,CALX
2023-05-30 08:59:00,45.26,45.26,45.26,45.26,1.0,CALX
