date,1. open,2. high,3. low,4. close,5. volume,Ticker
2023-06-15 16:00:00,130.45,130.45,130.45,130.45,6238.0,CHKP
2023-06-15 15:59:00,130.49,130.49,130.37,130.43,26694.0,CHKP
2023-06-15 15:58:00,130.5,130.52,130.452,130.5,10102.0,CHKP
2023-06-15 15:57:00,130.51,130.53,130.475,130.5,8485.0,CHKP
2023-06-15 15:56:00,130.49,130.52,130.45,130.51,13282.0,CHKP
2023-06-15 15:55:00,130.7,130.7,130.47,130.495,5873.0,CHKP
2023-06-15 15:54:00,130.77,130.805,130.675,130.715,8025.0,CHKP
2023-06-15 15:53:00,130.725,130.845,130.72,130.75,8733.0,CHKP
2023-06-15 15:52:00,130.745,130.76,130.72,130.72,5575.0,CHKP
2023-06-15 15:51:00,130.65,130.73,130.64,130.73,4899.0,CHKP
2023-06-15 15:50:00,130.62,130.68,130.62,130.66,5965.0,CHKP
2023-06-15 15:49:00,130.6,130.61,130.56,130.6,2900.0,CHKP
2023-06-15 15:48:00,130.53,130.615,130.485,130.615,2805.0,CHKP
2023-06-15 15:47:00,130.5,130.51,130.49,130.495,1454.0,CHKP
2023-06-15 15:46:00,130.52,130.52,130.46,130.47,3179.0,CHKP
2023-06-15 15:45:00,130.43,130.56,130.42,130.56,6474.0,CHKP
2023-06-15 15:44:00,130.44,130.48,130.43,130.43,883.0,CHKP
2023-06-15 15:43:00,130.515,130.515,130.42,130.42,1219.0,CHKP
2023-06-15 15:42:00,130.61,130.61,130.495,130.51,2044.0,CHKP
2023-06-15 15:41:00,130.65,130.67,130.59,130.61,2689.0,CHKP
2023-06-15 15:40:00,130.58,130.67,130.58,130.66,2817.0,CHKP
2023-06-15 15:39:00,130.57,130.6,130.555,130.57,1371.0,CHKP
2023-06-15 15:38:00,130.61,130.61,130.54,130.55,1771.0,CHKP
2023-06-15 15:37:00,130.585,130.6125,130.53,130.58,2555.0,CHKP
2023-06-15 15:36:00,130.65,130.65,130.565,130.59,2723.0,CHKP
2023-06-15 15:35:00,130.6,130.66,130.58,130.66,4094.0,CHKP
2023-06-15 15:34:00,130.605,130.605,130.58,130.58,976.0,CHKP
2023-06-15 15:33:00,130.62,130.62,130.6,130.61,2217.0,CHKP
2023-06-15 15:32:00,130.7,130.7,130.64,130.64,1732.0,CHKP
2023-06-15 15:31:00,130.69,130.725,130.69,130.725,1928.0,CHKP
2023-06-15 15:30:00,130.69,130.75,130.69,130.705,4037.0,CHKP
2023-06-15 15:29:00,130.72,130.72,130.68,130.71,2278.0,CHKP
2023-06-15 15:28:00,130.67,130.74,130.66,130.74,1336.0,CHKP
2023-06-15 15:27:00,130.72,130.72,130.68,130.68,2681.0,CHKP
2023-06-15 15:26:00,130.705,130.74,130.705,130.71,1649.0,CHKP
2023-06-15 15:25:00,130.68,130.7,130.665,130.67,3191.0,CHKP
2023-06-15 15:24:00,130.675,130.695,130.675,130.695,822.0,CHKP
2023-06-15 15:23:00,130.7,130.7,130.7,130.7,182.0,CHKP
2023-06-15 15:22:00,130.72,130.73,130.685,130.685,1706.0,CHKP
2023-06-15 15:21:00,130.69,130.74,130.69,130.74,1913.0,CHKP
2023-06-15 15:20:00,130.73,130.73,130.67,130.67,1994.0,CHKP
2023-06-15 15:19:00,130.78,130.795,130.74,130.74,953.0,CHKP
2023-06-15 15:18:00,130.84,130.84,130.775,130.775,1838.0,CHKP
2023-06-15 15:17:00,130.79,130.855,130.78,130.855,4189.0,CHKP
2023-06-15 15:16:00,130.85,130.85,130.8,130.82,1423.0,CHKP
2023-06-15 15:15:00,130.81,130.87,130.81,130.82,1852.0,CHKP
2023-06-15 15:14:00,130.77,130.77,130.77,130.77,766.0,CHKP
2023-06-15 15:13:00,130.72,130.72,130.7,130.72,552.0,CHKP
2023-06-15 15:12:00,130.735,130.735,130.68,130.68,1474.0,CHKP
2023-06-15 15:11:00,130.695,130.715,130.68,130.7145,1224.0,CHKP
2023-06-15 15:10:00,130.67,130.67,130.67,130.67,387.0,CHKP
2023-06-15 15:09:00,130.7,130.72,130.6501,130.72,4043.0,CHKP
2023-06-15 15:08:00,130.69,130.74,130.69,130.72,679.0,CHKP
2023-06-15 15:07:00,130.61,130.65,130.6,130.65,2122.0,CHKP
2023-06-15 15:06:00,130.67,130.7099,130.62,130.6234,2225.0,CHKP
2023-06-15 15:05:00,130.625,130.67,130.6,130.67,519.0,CHKP
2023-06-15 15:04:00,130.66,130.66,130.62,130.62,476.0,CHKP
2023-06-15 15:03:00,130.66,130.68,130.65,130.67,956.0,CHKP
2023-06-15 15:02:00,130.62,130.65,130.6,130.65,1945.0,CHKP
2023-06-15 15:01:00,130.64,130.64,130.63,130.63,1128.0,CHKP
2023-06-15 15:00:00,130.6675,130.6675,130.65,130.65,895.0,CHKP
2023-06-15 14:59:00,130.675,130.7,130.6,130.65,7316.0,CHKP
2023-06-15 14:58:00,130.67,130.68,130.62,130.66,2073.0,CHKP
2023-06-15 14:57:00,130.66,130.68,130.64,130.68,2211.0,CHKP
2023-06-15 14:56:00,130.665,130.69,130.665,130.69,1187.0,CHKP
2023-06-15 14:55:00,130.69,130.69,130.651,130.68,1561.0,CHKP
2023-06-15 14:54:00,130.68,130.72,130.68,130.72,2731.0,CHKP
2023-06-15 14:53:00,130.64,130.69,130.64,130.68,1019.0,CHKP
2023-06-15 14:52:00,130.68,130.7,130.63,130.63,3598.0,CHKP
2023-06-15 14:51:00,130.65,130.7,130.65,130.7,452.0,CHKP
2023-06-15 14:50:00,130.69,130.69,130.65,130.68,995.0,CHKP
2023-06-15 14:49:00,130.69,130.69,130.67,130.67,1079.0,CHKP
2023-06-15 14:48:00,130.6724,130.69,130.6724,130.69,710.0,CHKP
2023-06-15 14:47:00,130.675,130.7,130.65,130.7,4803.0,CHKP
2023-06-15 14:45:00,130.69,130.69,130.6588,130.6588,1491.0,CHKP
2023-06-15 14:44:00,130.72,130.72,130.67,130.68,1938.0,CHKP
2023-06-15 14:43:00,130.705,130.715,130.7,130.715,409.0,CHKP
2023-06-15 14:42:00,130.725,130.725,130.685,130.685,1277.0,CHKP
2023-06-15 14:41:00,130.7,130.74,130.7,130.71,3838.0,CHKP
2023-06-15 14:40:00,130.59,130.68,130.59,130.6375,6667.0,CHKP
2023-06-15 14:38:00,130.55,130.55,130.55,130.55,247.0,CHKP
2023-06-15 14:37:00,130.55,130.59,130.54,130.59,1148.0,CHKP
2023-06-15 14:35:00,130.52,130.525,130.52,130.525,980.0,CHKP
2023-06-15 14:34:00,130.43,130.53,130.425,130.53,1421.0,CHKP
2023-06-15 14:33:00,130.46,130.46,130.4443,130.4443,682.0,CHKP
2023-06-15 14:32:00,130.45,130.45,130.45,130.45,568.0,CHKP
2023-06-15 14:31:00,130.5,130.5,130.46,130.46,862.0,CHKP
2023-06-15 14:30:00,130.45,130.45,130.44,130.44,518.0,CHKP
2023-06-15 14:29:00,130.41,130.42,130.41,130.42,1104.0,CHKP
2023-06-15 14:28:00,130.38,130.4,130.38,130.4,509.0,CHKP
2023-06-15 14:27:00,130.41,130.41,130.37,130.4003,876.0,CHKP
2023-06-15 14:26:00,130.47,130.47,130.42,130.42,2254.0,CHKP
2023-06-15 14:25:00,130.455,130.455,130.455,130.455,679.0,CHKP
2023-06-15 14:24:00,130.44,130.47,130.44,130.47,750.0,CHKP
2023-06-15 14:23:00,130.33,130.41,130.31,130.39,3659.0,CHKP
2023-06-15 14:21:00,130.27,130.27,130.27,130.27,495.0,CHKP
2023-06-15 14:20:00,130.24,130.2678,130.21,130.2678,1337.0,CHKP
2023-06-15 14:19:00,130.345,130.345,130.27,130.27,1199.0,CHKP
2023-06-15 14:17:00,130.3399,130.3399,130.3399,130.3399,552.0,CHKP
2023-06-15 14:16:00,130.3,130.3015,130.3,130.3015,431.0,CHKP
2023-06-15 14:15:00,130.26,130.26,130.26,130.26,843.0,CHKP
2023-06-15 14:14:00,130.265,130.31,130.265,130.31,2078.0,CHKP
2023-06-15 14:13:00,130.3,130.3,130.25,130.25,1856.0,CHKP
2023-06-15 14:12:00,130.33,130.37,130.32,130.362,4165.0,CHKP
2023-06-15 14:11:00,130.355,130.365,130.34,130.35,1858.0,CHKP
2023-06-15 14:10:00,130.355,130.355,130.355,130.355,279.0,CHKP
2023-06-15 14:09:00,130.3,130.345,130.3,130.345,1223.0,CHKP
2023-06-15 14:08:00,130.35,130.35,130.31,130.319,2173.0,CHKP
2023-06-15 14:07:00,130.355,130.355,130.355,130.355,224.0,CHKP
2023-06-15 14:05:00,130.35,130.35,130.34,130.34,382.0,CHKP
2023-06-15 14:04:00,130.37,130.37,130.32,130.34,989.0,CHKP
2023-06-15 14:02:00,130.44,130.44,130.41,130.41,2446.0,CHKP
2023-06-15 14:01:00,130.41,130.45,130.41,130.44,1051.0,CHKP
2023-06-15 14:00:00,130.41,130.41,130.41,130.41,194.0,CHKP
2023-06-15 13:59:00,130.38,130.38,130.35,130.36,727.0,CHKP
2023-06-15 13:58:00,130.38,130.41,130.37,130.41,1426.0,CHKP
2023-06-15 13:57:00,130.39,130.4,130.3684,130.3684,764.0,CHKP
2023-06-15 13:56:00,130.39,130.39,130.33,130.33,945.0,CHKP
2023-06-15 13:55:00,130.37,130.39,130.36,130.39,765.0,CHKP
2023-06-15 13:54:00,130.39,130.4,130.38,130.385,1115.0,CHKP
2023-06-15 13:53:00,130.35,130.36,130.35,130.36,373.0,CHKP
2023-06-15 13:52:00,130.34,130.34,130.34,130.34,355.0,CHKP
2023-06-15 13:51:00,130.33,130.33,130.31,130.31,516.0,CHKP
2023-06-15 13:50:00,130.38,130.38,130.32,130.32,2370.0,CHKP
2023-06-15 13:49:00,130.41,130.41,130.41,130.41,287.0,CHKP
2023-06-15 13:46:00,130.4,130.4,130.355,130.39,799.0,CHKP
2023-06-15 13:45:00,130.39,130.39,130.38,130.38,1789.0,CHKP
2023-06-15 13:44:00,130.35,130.35,130.3191,130.3191,519.0,CHKP
2023-06-15 13:43:00,130.335,130.335,130.29,130.3,866.0,CHKP
2023-06-15 13:42:00,130.26,130.3,130.24,130.3,1877.0,CHKP
2023-06-15 13:41:00,130.21,130.265,130.21,130.265,868.0,CHKP
2023-06-15 13:40:00,130.2049,130.2049,130.2049,130.2049,359.0,CHKP
2023-06-15 13:39:00,130.17,130.19,130.17,130.19,1455.0,CHKP
2023-06-15 13:38:00,130.2,130.2,130.15,130.16,1449.0,CHKP
2023-06-15 13:36:00,130.18,130.18,130.16,130.16,1368.0,CHKP
2023-06-15 13:35:00,130.21,130.24,130.195,130.195,794.0,CHKP
2023-06-15 13:34:00,130.18,130.18,130.18,130.18,440.0,CHKP
2023-06-15 13:33:00,130.16,130.16,130.14,130.14,1202.0,CHKP
2023-06-15 13:32:00,130.07,130.08,130.0,130.07,16698.0,CHKP
2023-06-15 13:31:00,130.14,130.14,130.095,130.095,1163.0,CHKP
2023-06-15 13:30:00,130.14,130.14,130.11,130.11,1720.0,CHKP
2023-06-15 13:27:00,130.16,130.19,130.16,130.19,479.0,CHKP
2023-06-15 13:26:00,130.14,130.16,130.14,130.16,1339.0,CHKP
2023-06-15 13:25:00,130.11,130.18,130.11,130.18,793.0,CHKP
2023-06-15 13:24:00,130.02,130.06,130.02,130.04,1645.0,CHKP
2023-06-15 13:23:00,129.99,130.0,129.98,129.98,1561.0,CHKP
2023-06-15 13:22:00,129.955,129.96,129.92,129.96,1013.0,CHKP
2023-06-15 13:21:00,129.99,130.0,129.87,129.93,7621.0,CHKP
2023-06-15 13:20:00,129.94,129.98,129.94,129.98,718.0,CHKP
2023-06-15 13:19:00,129.85,129.85,129.85,129.85,749.0,CHKP
2023-06-15 13:18:00,129.81,129.822,129.81,129.82,854.0,CHKP
2023-06-15 13:16:00,129.81,129.81,129.81,129.81,191.0,CHKP
2023-06-15 13:15:00,129.81,129.81,129.8,129.81,1240.0,CHKP
2023-06-15 13:14:00,129.83,129.83,129.83,129.83,145.0,CHKP
2023-06-15 13:13:00,129.82,129.82,129.82,129.82,353.0,CHKP
2023-06-15 13:12:00,129.78,129.815,129.78,129.815,830.0,CHKP
2023-06-15 13:10:00,129.72,129.735,129.7,129.73,1299.0,CHKP
2023-06-15 13:09:00,129.76,129.76,129.74,129.76,1947.0,CHKP
2023-06-15 13:08:00,129.69,129.69,129.6755,129.6755,999.0,CHKP
2023-06-15 13:07:00,129.65,129.65,129.65,129.65,351.0,CHKP
2023-06-15 13:06:00,129.675,129.675,129.63,129.63,1240.0,CHKP
2023-06-15 13:05:00,129.68,129.68,129.68,129.68,262.0,CHKP
2023-06-15 13:04:00,129.68,129.68,129.67,129.67,665.0,CHKP
2023-06-15 13:03:00,129.71,129.71,129.71,129.71,405.0,CHKP
2023-06-15 13:02:00,129.69,129.69,129.69,129.69,764.0,CHKP
2023-06-15 13:01:00,129.67,129.7,129.67,129.7,860.0,CHKP
2023-06-15 13:00:00,129.66,129.66,129.66,129.66,292.0,CHKP
2023-06-15 12:59:00,129.54,129.63,129.54,129.605,686.0,CHKP
2023-06-15 12:58:00,129.54,129.54,129.54,129.54,327.0,CHKP
2023-06-15 12:57:00,129.44,129.53,129.4145,129.53,3026.0,CHKP
2023-06-15 12:56:00,129.46,129.47,129.44,129.44,3257.0,CHKP
2023-06-15 12:55:00,129.53,129.53,129.46,129.46,1657.0,CHKP
2023-06-15 12:54:00,129.535,129.54,129.535,129.54,639.0,CHKP
2023-06-15 12:53:00,129.5315,129.54,129.53,129.53,822.0,CHKP
2023-06-15 12:52:00,129.54,129.555,129.54,129.555,1409.0,CHKP
2023-06-15 12:51:00,129.6,129.6,129.54,129.55,2510.0,CHKP
2023-06-15 12:50:00,129.63,129.63,129.61,129.62,919.0,CHKP
2023-06-15 12:49:00,129.58,129.62,129.58,129.615,3712.0,CHKP
2023-06-15 12:48:00,129.57,129.58,129.57,129.57,880.0,CHKP
2023-06-15 12:47:00,129.585,129.585,129.55,129.57,1302.0,CHKP
2023-06-15 12:46:00,129.57,129.6,129.57,129.585,1049.0,CHKP
2023-06-15 12:45:00,129.59,129.59,129.58,129.58,651.0,CHKP
2023-06-15 12:44:00,129.61,129.63,129.581,129.61,1884.0,CHKP
2023-06-15 12:43:00,129.59,129.63,129.58,129.625,1701.0,CHKP
2023-06-15 12:42:00,129.59,129.61,129.57,129.6,4675.0,CHKP
2023-06-15 12:41:00,129.57,129.58,129.57,129.58,1262.0,CHKP
2023-06-15 12:40:00,129.575,129.575,129.565,129.565,391.0,CHKP
2023-06-15 12:38:00,129.55,129.57,129.54,129.555,2170.0,CHKP
2023-06-15 12:37:00,129.525,129.53,129.525,129.525,487.0,CHKP
2023-06-15 12:36:00,129.54,129.55,129.52,129.52,1983.0,CHKP
2023-06-15 12:35:00,129.565,129.565,129.565,129.565,109.0,CHKP
2023-06-15 12:34:00,129.5671,129.5671,129.565,129.565,524.0,CHKP
2023-06-15 12:33:00,129.54,129.54,129.54,129.54,510.0,CHKP
2023-06-15 12:31:00,129.59,129.59,129.56,129.56,711.0,CHKP
2023-06-15 12:30:00,129.61,129.61,129.61,129.61,191.0,CHKP
2023-06-15 12:29:00,129.63,129.63,129.6,129.6,1051.0,CHKP
2023-06-15 12:28:00,129.635,129.635,129.635,129.635,892.0,CHKP
2023-06-15 12:27:00,129.635,129.635,129.635,129.635,586.0,CHKP
2023-06-15 12:26:00,129.55,129.625,129.55,129.625,2232.0,CHKP
2023-06-15 12:25:00,129.51,129.565,129.5,129.565,4295.0,CHKP
2023-06-15 12:24:00,129.54,129.54,129.51,129.52,3231.0,CHKP
2023-06-15 12:23:00,129.57,129.61,129.56,129.575,3619.0,CHKP
2023-06-15 12:22:00,129.55,129.585,129.53,129.585,4680.0,CHKP
2023-06-15 12:21:00,129.55,129.55,129.54,129.54,584.0,CHKP
2023-06-15 12:20:00,129.545,129.56,129.545,129.555,881.0,CHKP
2023-06-15 12:19:00,129.53,129.53,129.525,129.525,727.0,CHKP
2023-06-15 12:18:00,129.51,129.54,129.5,129.5,2048.0,CHKP
2023-06-15 12:17:00,129.54,129.54,129.53,129.54,1418.0,CHKP
2023-06-15 12:15:00,129.55,129.55,129.55,129.55,247.0,CHKP
2023-06-15 12:14:00,129.46,129.54,129.43,129.54,7030.0,CHKP
2023-06-15 12:13:00,129.46,129.475,129.46,129.475,1633.0,CHKP
2023-06-15 12:12:00,129.48,129.485,129.44,129.47,2140.0,CHKP
2023-06-15 12:11:00,129.5,129.5,129.48,129.485,925.0,CHKP
2023-06-15 12:10:00,129.495,129.505,129.48,129.5,3341.0,CHKP
2023-06-15 12:09:00,129.495,129.495,129.495,129.495,262.0,CHKP
2023-06-15 12:08:00,129.48,129.48,129.48,129.48,1015.0,CHKP
2023-06-15 12:07:00,129.51,129.51,129.46,129.48,2089.0,CHKP
2023-06-15 12:06:00,129.475,129.49,129.475,129.49,1364.0,CHKP
2023-06-15 12:04:00,129.47,129.475,129.47,129.475,884.0,CHKP
2023-06-15 12:03:00,129.48,129.48,129.44,129.445,1348.0,CHKP
2023-06-15 12:02:00,129.475,129.48,129.475,129.48,605.0,CHKP
2023-06-15 12:01:00,129.46,129.475,129.45,129.475,969.0,CHKP
2023-06-15 12:00:00,129.49,129.49,129.45,129.48,486.0,CHKP
2023-06-15 11:59:00,129.53,129.53,129.51,129.51,691.0,CHKP
2023-06-15 11:57:00,129.535,129.535,129.5,129.5,836.0,CHKP
2023-06-15 11:56:00,129.53,129.53,129.53,129.53,796.0,CHKP
2023-06-15 11:55:00,129.54,129.54,129.48,129.51,1730.0,CHKP
2023-06-15 11:54:00,129.56,129.57,129.55,129.55,1720.0,CHKP
2023-06-15 11:53:00,129.565,129.565,129.565,129.565,502.0,CHKP
2023-06-15 11:51:00,129.54,129.54,129.535,129.535,249.0,CHKP
2023-06-15 11:50:00,129.54,129.54,129.54,129.54,203.0,CHKP
2023-06-15 11:48:00,129.5,129.54,129.5,129.525,931.0,CHKP
2023-06-15 11:47:00,129.57,129.57,129.53,129.53,1228.0,CHKP
2023-06-15 11:45:00,129.59,129.6,129.59,129.6,1063.0,CHKP
2023-06-15 11:44:00,129.57,129.6,129.55,129.55,1804.0,CHKP
2023-06-15 11:43:00,129.6,129.6,129.6,129.6,350.0,CHKP
2023-06-15 11:42:00,129.64,129.64,129.64,129.64,1060.0,CHKP
2023-06-15 11:41:00,129.665,129.665,129.66,129.66,241.0,CHKP
2023-06-15 11:40:00,129.63,129.63,129.63,129.63,188.0,CHKP
2023-06-15 11:39:00,129.685,129.685,129.64,129.65,977.0,CHKP
2023-06-15 11:38:00,129.55,129.65,129.545,129.65,2266.0,CHKP
2023-06-15 11:37:00,129.52,129.52,129.52,129.52,290.0,CHKP
2023-06-15 11:36:00,129.51,129.53,129.5,129.51,5230.0,CHKP
2023-06-15 11:35:00,129.53,129.53,129.5,129.52,1478.0,CHKP
2023-06-15 11:34:00,129.56,129.56,129.55,129.56,883.0,CHKP
2023-06-15 11:33:00,129.5782,129.5782,129.5782,129.5782,554.0,CHKP
2023-06-15 11:32:00,129.59,129.59,129.57,129.57,324.0,CHKP
2023-06-15 11:31:00,129.61,129.61,129.61,129.61,214.0,CHKP
2023-06-15 11:30:00,129.64,129.64,129.61,129.62,991.0,CHKP
2023-06-15 11:29:00,129.61,129.68,129.6,129.68,1044.0,CHKP
2023-06-15 11:27:00,129.66,129.66,129.63,129.63,1222.0,CHKP
2023-06-15 11:26:00,129.65,129.65,129.63,129.635,1966.0,CHKP
2023-06-15 11:25:00,129.645,129.645,129.645,129.645,405.0,CHKP
2023-06-15 11:24:00,129.65,129.65,129.65,129.65,211.0,CHKP
2023-06-15 11:23:00,129.63,129.645,129.62,129.645,2100.0,CHKP
2023-06-15 11:21:00,129.64,129.64,129.61,129.61,845.0,CHKP
2023-06-15 11:20:00,129.64,129.64,129.64,129.64,397.0,CHKP
2023-06-15 11:18:00,129.6,129.615,129.59,129.59,920.0,CHKP
2023-06-15 11:17:00,129.64,129.675,129.64,129.65,939.0,CHKP
2023-06-15 11:16:00,129.69,129.71,129.67,129.675,1557.0,CHKP
2023-06-15 11:15:00,129.61,129.61,129.61,129.61,528.0,CHKP
2023-06-15 11:14:00,129.565,129.565,129.565,129.565,256.0,CHKP
2023-06-15 11:13:00,129.49,129.58,129.49,129.53,1589.0,CHKP
2023-06-15 11:12:00,129.521,129.521,129.521,129.521,217.0,CHKP
2023-06-15 11:11:00,129.53,129.53,129.45,129.49,2353.0,CHKP
2023-06-15 11:10:00,129.5,129.55,129.5,129.55,1078.0,CHKP
2023-06-15 11:09:00,129.41,129.52,129.4,129.52,2534.0,CHKP
2023-06-15 11:08:00,129.47,129.47,129.41,129.435,1630.0,CHKP
2023-06-15 11:07:00,129.5,129.5,129.49,129.49,701.0,CHKP
2023-06-15 11:06:00,129.54,129.59,129.53,129.59,1546.0,CHKP
2023-06-15 11:04:00,129.57,129.575,129.56,129.57,2229.0,CHKP
2023-06-15 11:03:00,129.47,129.545,129.47,129.545,624.0,CHKP
2023-06-15 11:02:00,129.445,129.445,129.445,129.445,284.0,CHKP
2023-06-15 11:01:00,129.43,129.455,129.43,129.455,1182.0,CHKP
2023-06-15 11:00:00,129.44,129.44,129.3931,129.44,500.0,CHKP
2023-06-15 10:59:00,129.43,129.43,129.43,129.43,229.0,CHKP
2023-06-15 10:58:00,129.435,129.5,129.38,129.38,1836.0,CHKP
2023-06-15 10:57:00,129.4,129.47,129.37,129.47,1175.0,CHKP
2023-06-15 10:56:00,129.42,129.44,129.39,129.435,1199.0,CHKP
2023-06-15 10:55:00,129.43,129.43,129.39,129.405,1739.0,CHKP
2023-06-15 10:54:00,129.335,129.4,129.335,129.4,858.0,CHKP
2023-06-15 10:53:00,129.33,129.33,129.33,129.33,571.0,CHKP
2023-06-15 10:51:00,129.32,129.33,129.28,129.31,2236.0,CHKP
2023-06-15 10:50:00,129.41,129.41,129.37,129.37,714.0,CHKP
2023-06-15 10:49:00,129.35,129.405,129.345,129.405,4926.0,CHKP
2023-06-15 10:48:00,129.44,129.46,129.415,129.46,1201.0,CHKP
2023-06-15 10:47:00,129.35,129.35,129.35,129.35,696.0,CHKP
2023-06-15 10:46:00,129.27,129.35,129.27,129.35,1307.0,CHKP
2023-06-15 10:45:00,129.28,129.28,129.24,129.24,1452.0,CHKP
2023-06-15 10:44:00,129.31,129.3136,129.28,129.28,709.0,CHKP
2023-06-15 10:43:00,129.32,129.32,129.24,129.24,1592.0,CHKP
2023-06-15 10:42:00,129.255,129.295,129.255,129.295,1049.0,CHKP
2023-06-15 10:41:00,129.26,129.26,129.24,129.24,1164.0,CHKP
2023-06-15 10:40:00,129.19,129.325,129.19,129.24,1195.0,CHKP
2023-06-15 10:39:00,129.145,129.15,129.11,129.15,2389.0,CHKP
2023-06-15 10:38:00,129.21,129.22,129.12,129.15,1954.0,CHKP
2023-06-15 10:37:00,129.25,129.26,129.21,129.25,3149.0,CHKP
2023-06-15 10:36:00,129.26,129.26,129.2,129.2,1796.0,CHKP
2023-06-15 10:35:00,129.295,129.295,129.27,129.27,610.0,CHKP
2023-06-15 10:34:00,129.22,129.28,129.21,129.28,1341.0,CHKP
2023-06-15 10:33:00,129.215,129.29,129.215,129.27,2213.0,CHKP
2023-06-15 10:32:00,129.265,129.265,129.17,129.215,3445.0,CHKP
2023-06-15 10:31:00,129.305,129.305,129.22,129.265,1309.0,CHKP
2023-06-15 10:30:00,129.405,129.45,129.29,129.3323,6364.0,CHKP
2023-06-15 10:29:00,129.37,129.435,129.37,129.405,3605.0,CHKP
2023-06-15 10:28:00,129.34,129.35,129.34,129.34,1104.0,CHKP
2023-06-15 10:27:00,129.395,129.395,129.31,129.34,1594.0,CHKP
2023-06-15 10:26:00,129.28,129.39,129.26,129.34,4232.0,CHKP
2023-06-15 10:25:00,129.235,129.29,129.22,129.29,1969.0,CHKP
2023-06-15 10:24:00,129.24,129.25,129.225,129.225,838.0,CHKP
2023-06-15 10:23:00,129.48,129.48,129.275,129.275,1828.0,CHKP
2023-06-15 10:22:00,129.55,129.55,129.535,129.535,496.0,CHKP
2023-06-15 10:20:00,129.46,129.46,129.45,129.45,388.0,CHKP
2023-06-15 10:19:00,129.33,129.41,129.33,129.41,909.0,CHKP
2023-06-15 10:18:00,129.26,129.26,129.26,129.26,912.0,CHKP
2023-06-15 10:17:00,129.35,129.35,129.29,129.29,738.0,CHKP
2023-06-15 10:16:00,129.33,129.395,129.32,129.395,2885.0,CHKP
2023-06-15 10:15:00,129.32,129.32,129.32,129.32,467.0,CHKP
2023-06-15 10:14:00,129.33,129.33,129.25,129.29,1285.0,CHKP
2023-06-15 10:13:00,129.38,129.38,129.36,129.38,1516.0,CHKP
2023-06-15 10:12:00,129.58,129.58,129.39,129.42,4150.0,CHKP
2023-06-15 10:11:00,129.63,129.635,129.63,129.635,667.0,CHKP
2023-06-15 10:10:00,129.495,129.71,129.495,129.635,19076.0,CHKP
2023-06-15 10:09:00,129.485,129.485,129.485,129.485,271.0,CHKP
2023-06-15 10:08:00,129.39,129.48,129.36,129.48,2219.0,CHKP
2023-06-15 10:07:00,129.385,129.41,129.385,129.39,686.0,CHKP
2023-06-15 10:06:00,129.31,129.35,129.3,129.35,1338.0,CHKP
2023-06-15 10:05:00,129.33,129.35,129.29,129.325,2661.0,CHKP
2023-06-15 10:04:00,129.34,129.34,129.34,129.34,267.0,CHKP
2023-06-15 10:02:00,129.2209,129.35,129.2209,129.335,1740.0,CHKP
2023-06-15 10:01:00,129.2,129.3,129.2,129.29,3025.0,CHKP
2023-06-15 10:00:00,129.26,129.3799,129.19,129.235,3754.0,CHKP
2023-06-15 09:59:00,129.255,129.255,129.255,129.255,131.0,CHKP
2023-06-15 09:58:00,129.285,129.285,129.19,129.21,1452.0,CHKP
2023-06-15 09:57:00,129.245,129.285,129.245,129.285,289.0,CHKP
2023-06-15 09:56:00,129.36,129.38,129.23,129.255,4638.0,CHKP
2023-06-15 09:55:00,129.32,129.32,129.2,129.23,1055.0,CHKP
2023-06-15 09:54:00,129.315,129.315,129.315,129.315,144.0,CHKP
2023-06-15 09:53:00,129.315,129.315,129.315,129.315,179.0,CHKP
2023-06-15 09:52:00,129.26,129.26,129.22,129.255,1207.0,CHKP
2023-06-15 09:50:00,129.265,129.265,129.265,129.265,432.0,CHKP
2023-06-15 09:48:00,129.22,129.275,129.21,129.265,724.0,CHKP
2023-06-15 09:47:00,129.24,129.24,129.2,129.2,357.0,CHKP
2023-06-15 09:46:00,129.19,129.205,129.19,129.205,828.0,CHKP
2023-06-15 09:45:00,129.28,129.28,129.27,129.275,903.0,CHKP
2023-06-15 09:44:00,129.4,129.4,129.4,129.4,243.0,CHKP
2023-06-15 09:43:00,129.28,129.28,129.22,129.25,723.0,CHKP
2023-06-15 09:42:00,129.34,129.34,129.34,129.34,233.0,CHKP
2023-06-15 09:41:00,129.225,129.225,129.225,129.225,405.0,CHKP
2023-06-15 09:40:00,129.08,129.08,129.08,129.08,351.0,CHKP
2023-06-15 09:39:00,128.84,129.02,128.84,129.02,1311.0,CHKP
2023-06-15 09:38:00,128.85,128.97,128.72,128.81,18970.0,CHKP
2023-06-15 09:37:00,129.06,129.06,128.885,128.885,1868.0,CHKP
2023-06-15 09:36:00,129.23,129.23,128.99,128.99,4471.0,CHKP
2023-06-15 09:35:00,129.335,129.335,129.335,129.335,309.0,CHKP
2023-06-15 09:33:00,129.39,129.39,129.135,129.275,2287.0,CHKP
2023-06-15 09:32:00,129.5,129.5,129.5,129.5,1113.0,CHKP
2023-06-15 09:31:00,129.42,129.695,129.42,129.49,2802.0,CHKP
2023-06-15 09:30:00,129.22,129.5,128.785,129.5,10747.0,CHKP
2023-06-14 16:00:00,128.87,128.87,128.87,128.87,7523.0,CHKP
2023-06-14 15:59:00,128.875,128.96,128.875,128.9,20556.0,CHKP
2023-06-14 15:58:00,128.85,128.88,128.84,128.87,12069.0,CHKP
2023-06-14 15:57:00,128.77,128.85,128.77,128.845,16191.0,CHKP
2023-06-14 15:56:00,128.735,128.79,128.72,128.76,12352.0,CHKP
2023-06-14 15:55:00,128.795,128.795,128.72,128.74,10124.0,CHKP
2023-06-14 15:54:00,128.76,128.85,128.73,128.8,17498.0,CHKP
2023-06-14 15:53:00,128.71,128.78,128.7,128.76,5637.0,CHKP
2023-06-14 15:52:00,128.66,128.73,128.66,128.73,7699.0,CHKP
2023-06-14 15:51:00,128.56,128.66,128.56,128.655,5395.0,CHKP
2023-06-14 15:50:00,128.57,128.625,128.511,128.54,11952.0,CHKP
2023-06-14 15:49:00,128.64,128.64,128.565,128.565,5355.0,CHKP
2023-06-14 15:48:00,128.66,128.7,128.61,128.64,7800.0,CHKP
2023-06-14 15:47:00,128.65,128.67,128.65,128.65,2255.0,CHKP
2023-06-14 15:46:00,128.74,128.74,128.64,128.6899,6670.0,CHKP
2023-06-14 15:45:00,128.75,128.785,128.74,128.74,5461.0,CHKP
2023-06-14 15:44:00,128.75,128.76,128.75,128.76,1369.0,CHKP
2023-06-14 15:43:00,128.72,128.76,128.72,128.76,2112.0,CHKP
2023-06-14 15:42:00,128.69,128.73,128.69,128.73,3244.0,CHKP
2023-06-14 15:41:00,128.71,128.71,128.67,128.67,5360.0,CHKP
2023-06-14 15:40:00,128.71,128.71,128.71,128.71,861.0,CHKP
2023-06-14 15:39:00,128.74,128.74,128.7,128.7,1256.0,CHKP
2023-06-14 15:38:00,128.77,128.77,128.75,128.75,1717.0,CHKP
2023-06-14 15:37:00,128.72,128.78,128.7,128.78,3670.0,CHKP
2023-06-14 15:36:00,128.81,128.81,128.74,128.74,3394.0,CHKP
2023-06-14 15:35:00,128.83,128.83,128.81,128.81,1020.0,CHKP
2023-06-14 15:34:00,128.85,128.87,128.84,128.87,2454.0,CHKP
2023-06-14 15:33:00,128.78,128.815,128.76,128.815,2906.0,CHKP
2023-06-14 15:32:00,128.775,128.85,128.775,128.79,3177.0,CHKP
2023-06-14 15:31:00,128.76,128.77,128.71,128.77,2916.0,CHKP
2023-06-14 15:30:00,128.86,128.86,128.74,128.74,1856.0,CHKP
2023-06-14 15:29:00,128.92,128.92,128.87,128.87,539.0,CHKP
2023-06-14 15:28:00,129.05,129.06,128.96,128.96,2847.0,CHKP
2023-06-14 15:27:00,129.1,129.1,129.06,129.09,2282.0,CHKP
2023-06-14 15:25:00,129.01,129.08,129.0,129.08,2498.0,CHKP
2023-06-14 15:24:00,129.03,129.03,128.975,128.975,1850.0,CHKP
2023-06-14 15:23:00,129.01,129.06,129.003,129.06,2680.0,CHKP
2023-06-14 15:22:00,129.0575,129.1,129.055,129.055,2226.0,CHKP
2023-06-14 15:21:00,129.05,129.05,129.05,129.05,674.0,CHKP
2023-06-14 15:20:00,128.9,129.03,128.9,129.03,2406.0,CHKP
2023-06-14 15:19:00,128.905,128.905,128.905,128.905,198.0,CHKP
2023-06-14 15:18:00,128.875,128.925,128.875,128.925,1842.0,CHKP
2023-06-14 15:17:00,128.9,128.907,128.832,128.85,1289.0,CHKP
2023-06-14 15:16:00,128.7,128.86,128.65,128.84,3641.0,CHKP
2023-06-14 15:15:00,128.7,128.74,128.7,128.73,2631.0,CHKP
2023-06-14 15:14:00,128.82,128.825,128.75,128.77,2738.0,CHKP
2023-06-14 15:13:00,128.82,128.82,128.81,128.81,568.0,CHKP
2023-06-14 15:12:00,128.87,128.87,128.87,128.87,776.0,CHKP
2023-06-14 15:11:00,128.9,128.92,128.9,128.9,977.0,CHKP
2023-06-14 15:10:00,129.115,129.115,128.89,128.915,4339.0,CHKP
2023-06-14 15:09:00,129.16,129.16,129.08,129.08,3440.0,CHKP
2023-06-14 15:08:00,129.05,129.13,129.05,129.055,2274.0,CHKP
2023-06-14 15:07:00,128.945,128.945,128.945,128.945,712.0,CHKP
2023-06-14 15:06:00,128.85,128.88,128.84,128.88,1240.0,CHKP
2023-06-14 15:05:00,128.82,128.87,128.82,128.87,1149.0,CHKP
2023-06-14 15:04:00,128.78,128.82,128.78,128.82,556.0,CHKP
2023-06-14 15:03:00,128.78,128.81,128.74,128.8,2763.0,CHKP
2023-06-14 15:02:00,128.84,128.86,128.75,128.79,3261.0,CHKP
2023-06-14 15:01:00,128.8,128.81,128.8,128.81,499.0,CHKP
2023-06-14 15:00:00,128.79,128.815,128.79,128.815,1439.0,CHKP
2023-06-14 14:59:00,128.695,128.79,128.695,128.79,2918.0,CHKP
2023-06-14 14:58:00,128.76,128.76,128.65,128.67,4204.0,CHKP
2023-06-14 14:57:00,128.76,128.8,128.75,128.76,2311.0,CHKP
2023-06-14 14:56:00,128.705,128.73,128.705,128.73,2019.0,CHKP
2023-06-14 14:54:00,128.73,128.73,128.73,128.73,732.0,CHKP
2023-06-14 14:53:00,128.69,128.7,128.62,128.69,2975.0,CHKP
2023-06-14 14:52:00,128.82,128.82,128.73,128.73,1995.0,CHKP
2023-06-14 14:51:00,128.82,128.87,128.79,128.79,3427.0,CHKP
2023-06-14 14:50:00,128.84,128.84,128.78,128.78,1997.0,CHKP
2023-06-14 14:49:00,128.81,128.85,128.81,128.85,590.0,CHKP
2023-06-14 14:48:00,128.635,128.84,128.635,128.84,2716.0,CHKP
2023-06-14 14:47:00,128.62,128.635,128.6,128.6,1095.0,CHKP
2023-06-14 14:46:00,128.65,128.65,128.62,128.63,495.0,CHKP
2023-06-14 14:45:00,128.68,128.715,128.62,128.62,1116.0,CHKP
2023-06-14 14:44:00,128.59,128.695,128.58,128.69,2306.0,CHKP
2023-06-14 14:43:00,128.54,128.57,128.54,128.57,763.0,CHKP
2023-06-14 14:42:00,128.52,128.54,128.5,128.5,1234.0,CHKP
2023-06-14 14:41:00,128.57,128.58,128.48,128.48,2737.0,CHKP
2023-06-14 14:39:00,128.575,128.575,128.55,128.55,1360.0,CHKP
2023-06-14 14:38:00,128.485,128.61,128.485,128.55,2498.0,CHKP
2023-06-14 14:37:00,128.615,128.615,128.5,128.5,3041.0,CHKP
2023-06-14 14:36:00,128.61,128.61,128.555,128.555,334.0,CHKP
2023-06-14 14:35:00,128.32,128.46,128.32,128.46,3959.0,CHKP
2023-06-14 14:34:00,128.36,128.36,128.28,128.33,3727.0,CHKP
2023-06-14 14:33:00,128.25,128.41,128.25,128.38,3869.0,CHKP
2023-06-14 14:32:00,128.165,128.175,128.15,128.175,737.0,CHKP
2023-06-14 14:31:00,128.31,128.31,128.19,128.25,2944.0,CHKP
2023-06-14 14:30:00,128.28,128.35,128.26,128.335,2227.0,CHKP
2023-06-14 14:29:00,128.21,128.275,128.21,128.275,1042.0,CHKP
2023-06-14 14:28:00,128.24,128.24,128.2,128.2,1945.0,CHKP
2023-06-14 14:27:00,128.24,128.26,128.24,128.26,1395.0,CHKP
2023-06-14 14:26:00,128.2,128.21,128.19,128.21,776.0,CHKP
2023-06-14 14:25:00,128.23,128.23,128.19,128.19,1947.0,CHKP
2023-06-14 14:24:00,128.21,128.22,128.21,128.22,819.0,CHKP
2023-06-14 14:23:00,128.15,128.2,128.1,128.2,1162.0,CHKP
2023-06-14 14:22:00,128.2,128.22,128.1,128.1,1189.0,CHKP
2023-06-14 14:21:00,128.29,128.29,128.24,128.24,2296.0,CHKP
2023-06-14 14:20:00,128.235,128.27,128.235,128.24,700.0,CHKP
2023-06-14 14:19:00,128.24,128.31,128.22,128.22,4325.0,CHKP
2023-06-14 14:18:00,128.35,128.35,128.24,128.26,1350.0,CHKP
2023-06-14 14:17:00,128.38,128.4,128.37,128.4,2084.0,CHKP
2023-06-14 14:16:00,128.45,128.45,128.39,128.4002,1376.0,CHKP
2023-06-14 14:15:00,128.31,128.35,128.31,128.35,811.0,CHKP
2023-06-14 14:14:00,128.31,128.31,128.28,128.28,950.0,CHKP
2023-06-14 14:13:00,128.21,128.32,128.21,128.32,1010.0,CHKP
2023-06-14 14:12:00,128.29,128.29,128.23,128.25,1731.0,CHKP
2023-06-14 14:11:00,128.36,128.36,128.27,128.27,2093.0,CHKP
2023-06-14 14:10:00,128.25,128.4,128.25,128.385,1714.0,CHKP
2023-06-14 14:09:00,128.25,128.37,128.22,128.26,5349.0,CHKP
2023-06-14 14:08:00,128.12,128.25,128.12,128.25,2402.0,CHKP
2023-06-14 14:07:00,128.285,128.285,128.125,128.125,1628.0,CHKP
2023-06-14 14:06:00,128.33,128.365,128.285,128.34,2309.0,CHKP
2023-06-14 14:05:00,128.47,128.51,128.29,128.355,3987.0,CHKP
2023-06-14 14:04:00,128.26,128.5,128.26,128.5,2589.0,CHKP
2023-06-14 14:03:00,128.14,128.2,128.0447,128.2,2062.0,CHKP
2023-06-14 14:02:00,128.13,128.13,128.105,128.105,835.0,CHKP
2023-06-14 14:01:00,128.18,128.27,128.18,128.27,1805.0,CHKP
2023-06-14 14:00:00,128.5,128.51,128.04,128.25,4961.0,CHKP
2023-06-14 13:59:00,128.51,128.55,128.51,128.51,2111.0,CHKP
2023-06-14 13:58:00,128.48,128.49,128.475,128.49,763.0,CHKP
2023-06-14 13:57:00,128.44,128.48,128.44,128.48,901.0,CHKP
2023-06-14 13:55:00,128.47,128.47,128.47,128.47,975.0,CHKP
2023-06-14 13:54:00,128.43,128.47,128.43,128.47,1709.0,CHKP
2023-06-14 13:52:00,128.42,128.42,128.41,128.41,493.0,CHKP
2023-06-14 13:51:00,128.47,128.47,128.38,128.38,1190.0,CHKP
2023-06-14 13:50:00,128.42,128.45,128.42,128.45,1031.0,CHKP
2023-06-14 13:49:00,128.38,128.42,128.38,128.42,4021.0,CHKP
2023-06-14 13:48:00,128.36,128.37,128.36,128.37,903.0,CHKP
2023-06-14 13:47:00,128.32,128.34,128.31,128.34,1556.0,CHKP
2023-06-14 13:46:00,128.38,128.38,128.33,128.33,817.0,CHKP
2023-06-14 13:44:00,128.39,128.41,128.39,128.41,432.0,CHKP
2023-06-14 13:43:00,128.41,128.41,128.34,128.38,1321.0,CHKP
2023-06-14 13:42:00,128.405,128.41,128.405,128.41,431.0,CHKP
2023-06-14 13:41:00,128.39,128.39,128.39,128.39,279.0,CHKP
2023-06-14 13:40:00,128.46,128.46,128.415,128.415,949.0,CHKP
2023-06-14 13:39:00,128.45,128.46,128.45,128.46,388.0,CHKP
2023-06-14 13:37:00,128.48,128.48,128.45,128.45,706.0,CHKP
2023-06-14 13:36:00,128.54,128.54,128.53,128.53,1254.0,CHKP
2023-06-14 13:35:00,128.45,128.545,128.45,128.545,1371.0,CHKP
2023-06-14 13:33:00,128.449,128.4675,128.44,128.4675,613.0,CHKP
2023-06-14 13:32:00,128.41,128.42,128.41,128.42,921.0,CHKP
2023-06-14 13:31:00,128.439,128.439,128.38,128.38,383.0,CHKP
2023-06-14 13:30:00,128.375,128.375,128.375,128.375,314.0,CHKP
2023-06-14 13:29:00,128.51,128.525,128.43,128.44,2813.0,CHKP
2023-06-14 13:27:00,128.6,128.6,128.59,128.59,967.0,CHKP
2023-06-14 13:26:00,128.6,128.6,128.6,128.6,390.0,CHKP
2023-06-14 13:25:00,128.65,128.65,128.63,128.63,635.0,CHKP
2023-06-14 13:24:00,128.6,128.62,128.6,128.62,1380.0,CHKP
2023-06-14 13:23:00,128.6,128.6,128.59,128.59,286.0,CHKP
2023-06-14 13:21:00,128.59,128.59,128.565,128.565,1287.0,CHKP
2023-06-14 13:20:00,128.6,128.6,128.6,128.6,1024.0,CHKP
2023-06-14 13:19:00,128.5595,128.59,128.5595,128.59,1122.0,CHKP
2023-06-14 13:18:00,128.49,128.53,128.49,128.52,1128.0,CHKP
2023-06-14 13:17:00,128.55,128.55,128.55,128.55,585.0,CHKP
2023-06-14 13:16:00,128.59,128.59,128.565,128.59,671.0,CHKP
2023-06-14 13:15:00,128.67,128.67,128.67,128.67,655.0,CHKP
2023-06-14 13:13:00,128.67,128.68,128.67,128.68,734.0,CHKP
2023-06-14 13:12:00,128.69,128.7,128.69,128.7,523.0,CHKP
2023-06-14 13:11:00,128.75,128.75,128.71,128.71,1586.0,CHKP
2023-06-14 13:10:00,128.76,128.765,128.76,128.765,421.0,CHKP
2023-06-14 13:09:00,128.755,128.755,128.755,128.755,332.0,CHKP
2023-06-14 13:08:00,128.77,128.77,128.74,128.74,1062.0,CHKP
2023-06-14 13:07:00,128.77,128.8,128.77,128.8,471.0,CHKP
2023-06-14 13:06:00,128.71,128.74,128.71,128.74,471.0,CHKP
2023-06-14 13:04:00,128.835,128.835,128.72,128.725,2510.0,CHKP
2023-06-14 13:03:00,128.87,128.87,128.84,128.84,1670.0,CHKP
2023-06-14 13:02:00,128.87,128.87,128.87,128.87,717.0,CHKP
2023-06-14 13:01:00,128.85,128.86,128.83,128.85,1992.0,CHKP
2023-06-14 13:00:00,128.88,128.88,128.84,128.84,2522.0,CHKP
2023-06-14 12:59:00,128.84,128.865,128.84,128.865,248.0,CHKP
2023-06-14 12:58:00,128.8,128.815,128.8,128.815,370.0,CHKP
2023-06-14 12:57:00,128.71,128.71,128.71,128.71,363.0,CHKP
2023-06-14 12:56:00,128.725,128.7457,128.7,128.7,2152.0,CHKP
2023-06-14 12:54:00,128.67,128.7,128.67,128.69,2352.0,CHKP
2023-06-14 12:53:00,128.89,128.89,128.66,128.68,7911.0,CHKP
2023-06-14 12:52:00,128.95,128.95,128.9,128.9,1293.0,CHKP
2023-06-14 12:51:00,128.925,128.925,128.925,128.925,273.0,CHKP
2023-06-14 12:50:00,128.94,128.94,128.9,128.9,1377.0,CHKP
2023-06-14 12:49:00,128.93,128.975,128.93,128.955,962.0,CHKP
2023-06-14 12:48:00,128.95,128.95,128.95,128.95,479.0,CHKP
2023-06-14 12:47:00,128.97,128.97,128.91,128.91,1587.0,CHKP
2023-06-14 12:46:00,128.93,128.93,128.93,128.93,103.0,CHKP
2023-06-14 12:45:00,128.98,129.0,128.96,129.0,2875.0,CHKP
2023-06-14 12:44:00,128.88,128.965,128.88,128.96,1746.0,CHKP
2023-06-14 12:43:00,128.82,128.855,128.82,128.855,622.0,CHKP
2023-06-14 12:42:00,128.82,128.82,128.8,128.8,454.0,CHKP
2023-06-14 12:41:00,128.68,128.71,128.66,128.71,1383.0,CHKP
2023-06-14 12:40:00,128.67,128.7,128.65,128.7,1586.0,CHKP
2023-06-14 12:39:00,128.66,128.67,128.655,128.655,640.0,CHKP
2023-06-14 12:38:00,128.65,128.65,128.64,128.64,1323.0,CHKP
2023-06-14 12:37:00,128.68,128.68,128.68,128.68,331.0,CHKP
2023-06-14 12:34:00,128.6,128.62,128.6,128.62,986.0,CHKP
2023-06-14 12:33:00,128.58,128.59,128.57,128.59,1519.0,CHKP
2023-06-14 12:32:00,128.63,128.64,128.63,128.64,522.0,CHKP
2023-06-14 12:31:00,128.62,128.62,128.62,128.62,1470.0,CHKP
2023-06-14 12:29:00,128.64,128.64,128.64,128.64,614.0,CHKP
2023-06-14 12:28:00,128.6342,128.6342,128.6342,128.6342,294.0,CHKP
2023-06-14 12:27:00,128.61,128.61,128.61,128.61,180.0,CHKP
2023-06-14 12:25:00,128.61,128.61,128.6,128.61,517.0,CHKP
2023-06-14 12:24:00,128.65,128.65,128.63,128.63,1154.0,CHKP
2023-06-14 12:22:00,128.65,128.65,128.635,128.64,957.0,CHKP
2023-06-14 12:21:00,128.665,128.675,128.665,128.67,603.0,CHKP
2023-06-14 12:19:00,128.685,128.685,128.65,128.65,1256.0,CHKP
2023-06-14 12:18:00,128.66,128.66,128.66,128.66,511.0,CHKP
2023-06-14 12:17:00,128.645,128.645,128.645,128.645,469.0,CHKP
2023-06-14 12:16:00,128.68,128.68,128.64,128.64,770.0,CHKP
2023-06-14 12:15:00,128.65,128.65,128.65,128.65,475.0,CHKP
2023-06-14 12:14:00,128.68,128.68,128.665,128.665,2087.0,CHKP
2023-06-14 12:13:00,128.68,128.68,128.68,128.68,510.0,CHKP
2023-06-14 12:12:00,128.65,128.65,128.65,128.65,173.0,CHKP
2023-06-14 12:11:00,128.65,128.65,128.65,128.65,319.0,CHKP
2023-06-14 12:10:00,128.66,128.68,128.66,128.68,323.0,CHKP
2023-06-14 12:09:00,128.61,128.61,128.61,128.61,883.0,CHKP
2023-06-14 12:07:00,128.53,128.53,128.53,128.53,407.0,CHKP
2023-06-14 12:06:00,128.5045,128.5045,128.5045,128.5045,554.0,CHKP
2023-06-14 12:05:00,128.49,128.49,128.47,128.47,733.0,CHKP
2023-06-14 12:04:00,128.58,128.58,128.49,128.49,1283.0,CHKP
2023-06-14 12:02:00,128.635,128.635,128.61,128.61,1156.0,CHKP
2023-06-14 12:01:00,128.62,128.625,128.62,128.625,404.0,CHKP
2023-06-14 11:59:00,128.6,128.62,128.59,128.6,1431.0,CHKP
2023-06-14 11:57:00,128.61,128.635,128.61,128.62,1201.0,CHKP
2023-06-14 11:56:00,128.585,128.59,128.585,128.59,481.0,CHKP
2023-06-14 11:55:00,128.6,128.6,128.6,128.6,1155.0,CHKP
2023-06-14 11:54:00,128.64,128.66,128.64,128.64,758.0,CHKP
2023-06-14 11:53:00,128.6,128.63,128.6,128.63,1152.0,CHKP
2023-06-14 11:51:00,128.58,128.58,128.565,128.565,543.0,CHKP
2023-06-14 11:50:00,128.58,128.58,128.55,128.56,1601.0,CHKP
2023-06-14 11:47:00,128.6177,128.6177,128.6177,128.6177,305.0,CHKP
2023-06-14 11:46:00,128.62,128.62,128.58,128.58,1252.0,CHKP
2023-06-14 11:45:00,128.64,128.66,128.64,128.66,303.0,CHKP
2023-06-14 11:44:00,128.59,128.66,128.59,128.66,2447.0,CHKP
2023-06-14 11:43:00,128.645,128.665,128.6275,128.6275,2154.0,CHKP
2023-06-14 11:41:00,128.55,128.55,128.55,128.55,1093.0,CHKP
2023-06-14 11:40:00,128.57,128.57,128.57,128.57,410.0,CHKP
2023-06-14 11:39:00,128.52,128.52,128.52,128.52,597.0,CHKP
2023-06-14 11:38:00,128.5,128.51,128.5,128.51,1104.0,CHKP
2023-06-14 11:37:00,128.56,128.59,128.53,128.54,1535.0,CHKP
2023-06-14 11:36:00,128.53,128.56,128.51,128.51,1265.0,CHKP
2023-06-14 11:35:00,128.5,128.5,128.5,128.5,388.0,CHKP
2023-06-14 11:34:00,128.525,128.525,128.525,128.525,1555.0,CHKP
2023-06-14 11:33:00,128.555,128.555,128.54,128.54,826.0,CHKP
2023-06-14 11:32:00,128.58,128.58,128.56,128.56,679.0,CHKP
2023-06-14 11:31:00,128.56,128.59,128.56,128.59,722.0,CHKP
2023-06-14 11:30:00,128.58,128.58,128.56,128.56,912.0,CHKP
2023-06-14 11:29:00,128.56,128.58,128.55,128.58,3010.0,CHKP
2023-06-14 11:28:00,128.56,128.56,128.53,128.53,2061.0,CHKP
2023-06-14 11:27:00,128.58,128.6,128.58,128.6,421.0,CHKP
2023-06-14 11:26:00,128.57,128.575,128.55,128.575,1171.0,CHKP
2023-06-14 11:24:00,128.51,128.575,128.51,128.575,608.0,CHKP
2023-06-14 11:23:00,128.47,128.47,128.47,128.47,440.0,CHKP
2023-06-14 11:21:00,128.485,128.5,128.485,128.5,1402.0,CHKP
2023-06-14 11:20:00,128.4745,128.4745,128.4745,128.4745,555.0,CHKP
2023-06-14 11:19:00,128.49,128.49,128.49,128.49,408.0,CHKP
2023-06-14 11:18:00,128.48,128.49,128.48,128.49,1391.0,CHKP
2023-06-14 11:16:00,128.48,128.48,128.48,128.48,380.0,CHKP
2023-06-14 11:15:00,128.475,128.515,128.475,128.49,1312.0,CHKP
2023-06-14 11:13:00,128.395,128.43,128.395,128.43,709.0,CHKP
2023-06-14 11:12:00,128.41,128.41,128.37,128.37,1582.0,CHKP
2023-06-14 11:11:00,128.26,128.365,128.26,128.365,1145.0,CHKP
2023-06-14 11:10:00,128.2,128.3,128.2,128.25,1506.0,CHKP
2023-06-14 11:09:00,128.185,128.185,128.185,128.185,654.0,CHKP
2023-06-14 11:07:00,128.155,128.19,128.15,128.19,2091.0,CHKP
2023-06-14 11:06:00,128.18,128.18,128.18,128.18,243.0,CHKP
2023-06-14 11:05:00,128.17,128.17,128.12,128.14,1477.0,CHKP
2023-06-14 11:04:00,128.235,128.25,128.16,128.17,1997.0,CHKP
2023-06-14 11:03:00,128.25,128.25,128.23,128.23,316.0,CHKP
2023-06-14 11:02:00,128.14,128.24,128.14,128.19,1285.0,CHKP
2023-06-14 11:01:00,128.03,128.11,128.03,128.09,2271.0,CHKP
2023-06-14 11:00:00,127.98,128.02,127.98,127.99,3905.0,CHKP
2023-06-14 10:59:00,127.93,127.96,127.93,127.96,1730.0,CHKP
2023-06-14 10:58:00,127.96,127.96,127.95,127.95,587.0,CHKP
2023-06-14 10:57:00,127.96,127.98,127.94,127.94,2479.0,CHKP
2023-06-14 10:56:00,127.95,127.965,127.95,127.95,1644.0,CHKP
2023-06-14 10:55:00,127.93,127.94,127.93,127.94,409.0,CHKP
2023-06-14 10:54:00,127.92,127.92,127.92,127.92,367.0,CHKP
2023-06-14 10:53:00,127.89,127.91,127.89,127.91,984.0,CHKP
2023-06-14 10:52:00,127.84,127.89,127.84,127.865,1013.0,CHKP
2023-06-14 10:51:00,127.81,127.82,127.81,127.82,561.0,CHKP
2023-06-14 10:49:00,127.71,127.79,127.71,127.79,843.0,CHKP
2023-06-14 10:48:00,127.76,127.775,127.76,127.76,1091.0,CHKP
2023-06-14 10:47:00,127.725,127.725,127.725,127.725,427.0,CHKP
2023-06-14 10:46:00,127.74,127.74,127.696,127.696,1125.0,CHKP
2023-06-14 10:44:00,127.77,127.84,127.77,127.84,1094.0,CHKP
2023-06-14 10:43:00,127.79,127.8,127.79,127.8,517.0,CHKP
2023-06-14 10:42:00,127.79,127.79,127.79,127.79,1011.0,CHKP
2023-06-14 10:41:00,127.78,127.78,127.78,127.78,401.0,CHKP
2023-06-14 10:40:00,127.71,127.72,127.71,127.71,1040.0,CHKP
2023-06-14 10:39:00,127.71,127.71,127.71,127.71,413.0,CHKP
2023-06-14 10:38:00,127.77,127.795,127.66,127.69,3035.0,CHKP
2023-06-14 10:36:00,127.725,127.75,127.69,127.75,869.0,CHKP
2023-06-14 10:35:00,127.83,127.83,127.76,127.76,1160.0,CHKP
2023-06-14 10:34:00,127.83,127.83,127.83,127.83,1209.0,CHKP
2023-06-14 10:33:00,127.84,127.84,127.84,127.84,339.0,CHKP
2023-06-14 10:32:00,127.81,127.82,127.81,127.82,640.0,CHKP
2023-06-14 10:31:00,127.76,127.77,127.76,127.77,843.0,CHKP
2023-06-14 10:30:00,127.825,127.825,127.75,127.75,1889.0,CHKP
2023-06-14 10:28:00,127.96,127.96,127.86,127.87,2261.0,CHKP
2023-06-14 10:27:00,127.92,127.96,127.92,127.96,587.0,CHKP
2023-06-14 10:26:00,127.87,127.89,127.87,127.89,573.0,CHKP
2023-06-14 10:25:00,127.87,127.87,127.825,127.825,2007.0,CHKP
2023-06-14 10:24:00,127.93,127.93,127.87,127.87,2059.0,CHKP
2023-06-14 10:23:00,127.89,127.89,127.88,127.88,572.0,CHKP
2023-06-14 10:22:00,127.92,127.95,127.88,127.88,1421.0,CHKP
2023-06-14 10:21:00,127.92,127.92,127.92,127.92,326.0,CHKP
2023-06-14 10:20:00,127.85,127.87,127.83,127.87,1691.0,CHKP
2023-06-14 10:18:00,127.98,127.98,127.87,127.89,3060.0,CHKP
2023-06-14 10:17:00,127.94,127.94,127.94,127.94,916.0,CHKP
2023-06-14 10:16:00,127.91,127.91,127.91,127.91,310.0,CHKP
2023-06-14 10:14:00,127.85,127.85,127.85,127.85,387.0,CHKP
2023-06-14 10:13:00,127.78,127.78,127.78,127.78,636.0,CHKP
2023-06-14 10:12:00,127.79,127.79,127.77,127.77,1141.0,CHKP
2023-06-14 10:11:00,127.87,127.87,127.8,127.83,2599.0,CHKP
2023-06-14 10:09:00,127.89,127.91,127.89,127.91,632.0,CHKP
2023-06-14 10:07:00,127.85,127.89,127.85,127.89,1355.0,CHKP
2023-06-14 10:06:00,127.85,127.85,127.835,127.835,1247.0,CHKP
2023-06-14 10:05:00,127.84,127.9,127.83,127.84,4239.0,CHKP
2023-06-14 10:04:00,127.7653,127.775,127.7499,127.7499,609.0,CHKP
2023-06-14 10:03:00,127.78,127.8,127.745,127.8,1202.0,CHKP
2023-06-14 10:02:00,127.75,127.8,127.71,127.71,3206.0,CHKP
2023-06-14 10:01:00,127.67,127.72,127.67,127.72,1603.0,CHKP
2023-06-14 10:00:00,127.685,127.685,127.685,127.685,188.0,CHKP
2023-06-14 09:58:00,127.63,127.64,127.63,127.63,828.0,CHKP
2023-06-14 09:57:00,127.59,127.59,127.59,127.59,723.0,CHKP
2023-06-14 09:55:00,127.61,127.61,127.61,127.61,152.0,CHKP
2023-06-14 09:54:00,127.61,127.64,127.61,127.64,594.0,CHKP
2023-06-14 09:52:00,127.7,127.75,127.66,127.66,3607.0,CHKP
2023-06-14 09:51:00,127.71,127.71,127.59,127.66,2390.0,CHKP
2023-06-14 09:50:00,127.84,127.84,127.84,127.84,183.0,CHKP
2023-06-14 09:49:00,127.72,127.73,127.72,127.73,1056.0,CHKP
2023-06-14 09:48:00,127.65,127.716,127.65,127.716,916.0,CHKP
2023-06-14 09:47:00,127.7,127.72,127.64,127.64,2534.0,CHKP
2023-06-14 09:46:00,127.76,127.76,127.76,127.76,103.0,CHKP
2023-06-14 09:44:00,127.65,127.75,127.65,127.725,749.0,CHKP
2023-06-14 09:43:00,127.57,127.61,127.53,127.61,1759.0,CHKP
2023-06-14 09:42:00,127.53,127.575,127.53,127.57,1489.0,CHKP
2023-06-14 09:41:00,127.4951,127.575,127.4951,127.51,3120.0,CHKP
2023-06-14 09:40:00,127.51,127.52,127.44,127.47,3227.0,CHKP
2023-06-14 09:39:00,127.49,127.505,127.49,127.5,1681.0,CHKP
2023-06-14 09:38:00,127.43,127.43,127.38,127.38,551.0,CHKP
2023-06-14 09:37:00,127.42,127.47,127.32,127.32,5111.0,CHKP
2023-06-14 09:36:00,127.37,127.37,127.37,127.37,137.0,CHKP
2023-06-14 09:35:00,127.41,127.53,127.35,127.46,3868.0,CHKP
2023-06-14 09:34:00,127.27,127.415,127.26,127.3,2138.0,CHKP
2023-06-14 09:33:00,127.42,127.42,127.42,127.42,333.0,CHKP
2023-06-14 09:32:00,127.22,127.4105,127.22,127.41,1633.0,CHKP
2023-06-14 09:31:00,127.12,127.12,127.12,127.12,159.0,CHKP
2023-06-14 09:30:00,127.16,127.16,127.07,127.07,5927.0,CHKP
2023-06-13 17:52:00,126.88,126.88,126.88,126.88,285.0,CHKP
2023-06-13 16:05:00,128.1,128.1,128.1,128.1,221.0,CHKP
2023-06-13 16:00:00,126.97,127.2,126.88,127.12,46461.0,CHKP
2023-06-13 15:59:00,126.94,127.015,126.87,126.88,54709.0,CHKP
2023-06-13 15:58:00,126.915,126.955,126.89,126.94,24489.0,CHKP
2023-06-13 15:57:00,126.9,126.95,126.86,126.92,27124.0,CHKP
2023-06-13 15:56:00,126.82,126.94,126.81,126.94,20379.0,CHKP
2023-06-13 15:55:00,126.83,126.93,126.69,126.82,26335.0,CHKP
2023-06-13 15:54:00,127.2,127.25,126.85,126.955,47596.0,CHKP
2023-06-13 15:53:00,127.17,127.22,127.17,127.205,5858.0,CHKP
2023-06-13 15:52:00,127.04,127.17,127.04,127.17,8739.0,CHKP
2023-06-13 15:51:00,127.135,127.135,127.01,127.035,5572.0,CHKP
2023-06-13 15:50:00,127.22,127.22,126.99,127.15,11220.0,CHKP
2023-06-13 15:49:00,127.23,127.24,127.21,127.21,3938.0,CHKP
2023-06-13 15:48:00,127.24,127.26,127.21,127.21,3670.0,CHKP
2023-06-13 15:47:00,127.14,127.26,127.14,127.24,4964.0,CHKP
2023-06-13 15:46:00,127.09,127.17,127.09,127.16,4808.0,CHKP
2023-06-13 15:45:00,127.19,127.19,127.09,127.12,3438.0,CHKP
2023-06-13 15:44:00,127.23,127.24,127.18,127.18,2363.0,CHKP
2023-06-13 15:43:00,127.225,127.23,127.2,127.2,1882.0,CHKP
2023-06-13 15:42:00,127.21,127.24,127.21,127.24,4229.0,CHKP
2023-06-13 15:41:00,127.16,127.195,127.13,127.19,4618.0,CHKP
2023-06-13 15:40:00,127.19,127.21,127.155,127.16,2242.0,CHKP
2023-06-13 15:39:00,127.195,127.24,127.15,127.205,5363.0,CHKP
2023-06-13 15:38:00,127.16,127.21,127.145,127.2075,3026.0,CHKP
2023-06-13 15:37:00,127.13,127.17,127.115,127.17,4390.0,CHKP
2023-06-13 15:36:00,127.115,127.125,127.09,127.11,5482.0,CHKP
2023-06-13 15:35:00,127.2135,127.2135,127.105,127.12,4034.0,CHKP
2023-06-13 15:34:00,127.165,127.215,127.165,127.215,1064.0,CHKP
2023-06-13 15:33:00,127.13,127.17,127.11,127.16,3094.0,CHKP
2023-06-13 15:32:00,127.09,127.138,127.09,127.115,3256.0,CHKP
2023-06-13 15:31:00,127.09,127.095,127.07,127.08,1868.0,CHKP
2023-06-13 15:30:00,127.095,127.11,127.095,127.11,1046.0,CHKP
2023-06-13 15:29:00,127.1,127.1,127.08,127.1,1874.0,CHKP
2023-06-13 15:28:00,127.07,127.12,127.07,127.12,2767.0,CHKP
2023-06-13 15:27:00,127.11,127.11,127.08,127.08,2336.0,CHKP
2023-06-13 15:26:00,127.13,127.13,127.105,127.105,892.0,CHKP
2023-06-13 15:25:00,127.1,127.1,127.08,127.1,1570.0,CHKP
2023-06-13 15:24:00,127.14,127.14,127.1,127.1,1580.0,CHKP
2023-06-13 15:23:00,127.22,127.22,127.11,127.11,2783.0,CHKP
2023-06-13 15:22:00,127.13,127.205,127.13,127.205,1807.0,CHKP
2023-06-13 15:21:00,127.09,127.12,127.075,127.12,3473.0,CHKP
2023-06-13 15:20:00,127.05,127.09,127.05,127.09,1310.0,CHKP
2023-06-13 15:19:00,127.03,127.06,127.03,127.06,655.0,CHKP
2023-06-13 15:18:00,126.98,127.03,126.9625,127.03,3822.0,CHKP
2023-06-13 15:17:00,126.99,127.01,126.98,127.01,660.0,CHKP
2023-06-13 15:16:00,126.91,126.97,126.91,126.97,2529.0,CHKP
2023-06-13 15:15:00,126.91,126.91,126.88,126.88,1734.0,CHKP
2023-06-13 15:14:00,126.855,126.89,126.855,126.89,1968.0,CHKP
2023-06-13 15:13:00,126.855,126.88,126.855,126.8775,741.0,CHKP
2023-06-13 15:12:00,126.86,126.87,126.86,126.87,516.0,CHKP
2023-06-13 15:11:00,126.88,126.88,126.88,126.88,812.0,CHKP
2023-06-13 15:10:00,126.855,126.87,126.79,126.87,7258.0,CHKP
2023-06-13 15:09:00,126.87,126.88,126.86,126.88,525.0,CHKP
2023-06-13 15:08:00,126.865,126.865,126.85,126.855,843.0,CHKP
2023-06-13 15:07:00,126.81,126.87,126.8,126.87,2320.0,CHKP
2023-06-13 15:06:00,126.81,126.84,126.81,126.82,823.0,CHKP
2023-06-13 15:05:00,126.76,126.79,126.76,126.76,1367.0,CHKP
2023-06-13 15:04:00,126.71,126.7425,126.71,126.74,1780.0,CHKP
2023-06-13 15:03:00,126.71,126.73,126.71,126.73,1283.0,CHKP
2023-06-13 15:02:00,126.7,126.71,126.7,126.7,907.0,CHKP
2023-06-13 15:01:00,126.68,126.68,126.67,126.67,574.0,CHKP
2023-06-13 15:00:00,126.68,126.68,126.64,126.68,1603.0,CHKP
2023-06-13 14:58:00,126.64,126.69,126.64,126.69,3957.0,CHKP
2023-06-13 14:57:00,126.73,126.73,126.695,126.7,1603.0,CHKP
2023-06-13 14:56:00,126.78,126.78,126.745,126.745,421.0,CHKP
2023-06-13 14:55:00,126.82,126.82,126.8,126.8,887.0,CHKP
2023-06-13 14:54:00,126.76,126.82,126.76,126.82,1511.0,CHKP
2023-06-13 14:52:00,126.7,126.72,126.7,126.72,2147.0,CHKP
2023-06-13 14:51:00,126.73,126.73,126.71,126.715,1739.0,CHKP
2023-06-13 14:50:00,126.72,126.72,126.72,126.72,322.0,CHKP
2023-06-13 14:49:00,126.715,126.73,126.715,126.7168,720.0,CHKP
2023-06-13 14:48:00,126.66,126.72,126.66,126.72,3016.0,CHKP
2023-06-13 14:47:00,126.61,126.65,126.61,126.65,1058.0,CHKP
2023-06-13 14:46:00,126.59,126.65,126.59,126.63,2005.0,CHKP
2023-06-13 14:45:00,126.67,126.67,126.62,126.62,1145.0,CHKP
2023-06-13 14:43:00,126.62,126.685,126.62,126.685,1846.0,CHKP
2023-06-13 14:42:00,126.5675,126.5675,126.5675,126.5675,561.0,CHKP
2023-06-13 14:41:00,126.6525,126.6525,126.63,126.645,1402.0,CHKP
2023-06-13 14:39:00,126.625,126.69,126.625,126.69,3625.0,CHKP
2023-06-13 14:38:00,126.65,126.66,126.62,126.66,724.0,CHKP
2023-06-13 14:37:00,126.67,126.67,126.62,126.65,1322.0,CHKP
2023-06-13 14:36:00,126.7,126.7,126.7,126.7,287.0,CHKP
2023-06-13 14:35:00,126.73,126.75,126.7,126.7,1302.0,CHKP
2023-06-13 14:34:00,126.78,126.78,126.72,126.72,1082.0,CHKP
2023-06-13 14:33:00,126.7856,126.805,126.7856,126.805,438.0,CHKP
2023-06-13 14:32:00,126.84,126.84,126.8,126.8,715.0,CHKP
2023-06-13 14:31:00,126.86,126.86,126.82,126.82,674.0,CHKP
2023-06-13 14:29:00,126.73,126.855,126.7,126.855,3640.0,CHKP
2023-06-13 14:28:00,126.79,126.79,126.71,126.76,933.0,CHKP
2023-06-13 14:27:00,126.85,126.855,126.8,126.8,1360.0,CHKP
2023-06-13 14:26:00,126.93,126.93,126.87,126.88,1106.0,CHKP
2023-06-13 14:25:00,126.93,126.98,126.93,126.98,650.0,CHKP
2023-06-13 14:24:00,127.0,127.0,126.955,126.955,632.0,CHKP
2023-06-13 14:23:00,127.02,127.07,127.01,127.01,1482.0,CHKP
2023-06-13 14:22:00,127.07,127.07,127.05,127.065,1176.0,CHKP
2023-06-13 14:21:00,127.16,127.16,127.13,127.13,1597.0,CHKP
2023-06-13 14:20:00,127.17,127.17,127.1625,127.1625,465.0,CHKP
2023-06-13 14:19:00,127.145,127.16,127.145,127.16,485.0,CHKP
2023-06-13 14:18:00,127.1,127.135,127.1,127.135,1469.0,CHKP
2023-06-13 14:17:00,127.04,127.08,127.03,127.08,2003.0,CHKP
2023-06-13 14:16:00,127.015,127.03,127.015,127.03,1500.0,CHKP
2023-06-13 14:15:00,126.985,127.01,126.975,127.01,771.0,CHKP
2023-06-13 14:14:00,126.975,126.975,126.975,126.975,536.0,CHKP
2023-06-13 14:13:00,126.95,127.0,126.95,126.98,1035.0,CHKP
2023-06-13 14:12:00,126.99,126.99,126.96,126.96,1204.0,CHKP
2023-06-13 14:11:00,127.07,127.12,127.05,127.05,11324.0,CHKP
2023-06-13 14:10:00,127.01,127.04,127.0,127.03,4179.0,CHKP
2023-06-13 14:09:00,127.02,127.025,126.99,127.025,541.0,CHKP
2023-06-13 14:08:00,127.03,127.045,127.02,127.02,1107.0,CHKP
2023-06-13 14:07:00,127.07,127.07,127.02,127.05,2516.0,CHKP
2023-06-13 14:06:00,127.07,127.07,127.02,127.055,1098.0,CHKP
2023-06-13 14:05:00,127.09,127.09,127.07,127.085,412.0,CHKP
2023-06-13 14:04:00,127.125,127.125,127.095,127.095,779.0,CHKP
2023-06-13 14:03:00,127.13,127.13,127.125,127.125,662.0,CHKP
2023-06-13 14:02:00,127.18,127.18,127.12,127.12,1432.0,CHKP
2023-06-13 14:01:00,127.17,127.21,127.17,127.2,1463.0,CHKP
2023-06-13 14:00:00,127.135,127.16,127.115,127.16,2089.0,CHKP
2023-06-13 13:59:00,127.105,127.135,127.105,127.135,684.0,CHKP
2023-06-13 13:58:00,127.115,127.13,127.115,127.13,318.0,CHKP
2023-06-13 13:57:00,127.11,127.155,127.1,127.1,2938.0,CHKP
2023-06-13 13:56:00,127.1,127.1,127.05,127.085,10015.0,CHKP
2023-06-13 13:55:00,127.13,127.16,127.1,127.1,1800.0,CHKP
2023-06-13 13:54:00,127.13,127.135,127.12,127.12,555.0,CHKP
2023-06-13 13:53:00,127.12,127.15,127.12,127.14,1677.0,CHKP
2023-06-13 13:52:00,127.115,127.115,127.09,127.095,1071.0,CHKP
2023-06-13 13:51:00,127.13,127.13,127.13,127.13,421.0,CHKP
2023-06-13 13:50:00,127.11,127.12,127.095,127.11,2207.0,CHKP
2023-06-13 13:49:00,127.145,127.15,127.13,127.13,689.0,CHKP
2023-06-13 13:48:00,127.16,127.16,127.16,127.16,313.0,CHKP
2023-06-13 13:47:00,127.14,127.16,127.135,127.14,461.0,CHKP
2023-06-13 13:46:00,127.08,127.14,127.08,127.13,3667.0,CHKP
2023-06-13 13:45:00,127.105,127.105,127.105,127.105,103.0,CHKP
2023-06-13 13:44:00,127.07,127.11,127.07,127.11,1190.0,CHKP
2023-06-13 13:43:00,127.03,127.05,127.015,127.05,4832.0,CHKP
2023-06-13 13:41:00,127.1,127.13,127.07,127.08,1893.0,CHKP
2023-06-13 13:40:00,126.99,127.05,126.99,127.05,3431.0,CHKP
2023-06-13 13:39:00,127.0,127.015,126.99,127.01,956.0,CHKP
2023-06-13 13:38:00,127.055,127.055,127.0,127.0,1538.0,CHKP
2023-06-13 13:37:00,127.115,127.115,127.1,127.1,922.0,CHKP
2023-06-13 13:36:00,127.115,127.115,127.115,127.115,303.0,CHKP
2023-06-13 13:35:00,127.08,127.115,127.08,127.115,1384.0,CHKP
2023-06-13 13:34:00,127.08,127.09,127.08,127.09,699.0,CHKP
2023-06-13 13:33:00,127.135,127.135,127.1,127.1,861.0,CHKP
2023-06-13 13:32:00,127.09,127.135,127.09,127.135,2236.0,CHKP
2023-06-13 13:31:00,127.055,127.09,127.03,127.09,3457.0,CHKP
2023-06-13 13:30:00,127.06,127.07,127.04,127.05,2396.0,CHKP
2023-06-13 13:29:00,127.05,127.05,127.03,127.045,767.0,CHKP
2023-06-13 13:28:00,127.06,127.06,127.055,127.055,605.0,CHKP
2023-06-13 13:27:00,127.035,127.04,127.02,127.03,3028.0,CHKP
2023-06-13 13:26:00,127.0466,127.0466,127.04,127.04,286.0,CHKP
2023-06-13 13:25:00,127.03,127.16,127.01,127.05,9297.0,CHKP
2023-06-13 13:24:00,126.91,127.03,126.91,127.03,2071.0,CHKP
2023-06-13 13:23:00,126.95,126.95,126.91,126.91,869.0,CHKP
2023-06-13 13:22:00,126.93,126.97,126.93,126.96,2758.0,CHKP
2023-06-13 13:21:00,126.93,126.93,126.93,126.93,324.0,CHKP
2023-06-13 13:20:00,126.92,126.955,126.92,126.93,948.0,CHKP
2023-06-13 13:19:00,126.92,126.94,126.92,126.93,906.0,CHKP
2023-06-13 13:18:00,126.99,126.99,126.94,126.94,897.0,CHKP
2023-06-13 13:17:00,127.03,127.03,127.0,127.0,266.0,CHKP
2023-06-13 13:16:00,127.02,127.03,127.0,127.0,611.0,CHKP
2023-06-13 13:15:00,127.03,127.03,126.99,126.99,928.0,CHKP
2023-06-13 13:14:00,126.96,127.06,126.96,127.05,2763.0,CHKP
2023-06-13 13:13:00,127.02,127.04,126.92,126.92,3172.0,CHKP
2023-06-13 13:12:00,127.005,127.04,127.005,127.04,885.0,CHKP
2023-06-13 13:10:00,126.92,127.025,126.92,126.98,2576.0,CHKP
2023-06-13 13:09:00,126.8725,126.92,126.8601,126.92,2365.0,CHKP
2023-06-13 13:08:00,126.89,126.91,126.87,126.9,2069.0,CHKP
2023-06-13 13:07:00,126.88,126.885,126.88,126.885,489.0,CHKP
2023-06-13 13:06:00,126.88,126.88,126.88,126.88,231.0,CHKP
2023-06-13 13:05:00,126.8,126.92,126.8,126.92,1608.0,CHKP
2023-06-13 13:04:00,126.83,126.86,126.83,126.84,1416.0,CHKP
2023-06-13 13:03:00,126.845,126.845,126.845,126.845,407.0,CHKP
2023-06-13 13:02:00,126.84,126.855,126.84,126.855,617.0,CHKP
2023-06-13 13:01:00,126.735,126.79,126.72,126.785,1733.0,CHKP
2023-06-13 13:00:00,126.76,126.76,126.72,126.735,1079.0,CHKP
2023-06-13 12:59:00,126.795,126.8,126.795,126.8,263.0,CHKP
2023-06-13 12:58:00,126.765,126.79,126.76,126.79,1066.0,CHKP
2023-06-13 12:57:00,126.765,126.775,126.765,126.765,487.0,CHKP
2023-06-13 12:56:00,126.69,126.75,126.69,126.75,1617.0,CHKP
2023-06-13 12:55:00,126.64,126.67,126.625,126.67,2518.0,CHKP
2023-06-13 12:54:00,126.62,126.64,126.6,126.64,1162.0,CHKP
2023-06-13 12:53:00,126.635,126.635,126.635,126.635,182.0,CHKP
2023-06-13 12:52:00,126.68,126.7054,126.62,126.62,1388.0,CHKP
2023-06-13 12:51:00,126.75,126.75,126.75,126.75,634.0,CHKP
2023-06-13 12:50:00,126.71,126.795,126.64,126.675,5836.0,CHKP
2023-06-13 12:49:00,126.69,126.71,126.69,126.71,487.0,CHKP
2023-06-13 12:48:00,126.67,126.67,126.67,126.67,921.0,CHKP
2023-06-13 12:47:00,126.63,126.68,126.63,126.635,1905.0,CHKP
2023-06-13 12:46:00,126.69,126.69,126.63,126.66,1654.0,CHKP
2023-06-13 12:45:00,126.77,126.77,126.67,126.69,4908.0,CHKP
2023-06-13 12:44:00,126.785,126.785,126.78,126.78,420.0,CHKP
2023-06-13 12:43:00,126.77,126.785,126.765,126.785,1789.0,CHKP
2023-06-13 12:42:00,126.75,126.75,126.74,126.74,305.0,CHKP
2023-06-13 12:41:00,126.7325,126.74,126.7325,126.74,453.0,CHKP
2023-06-13 12:40:00,126.67,126.755,126.655,126.755,1702.0,CHKP
2023-06-13 12:39:00,126.65,126.65,126.645,126.645,963.0,CHKP
2023-06-13 12:38:00,126.64,126.68,126.62,126.68,1617.0,CHKP
2023-06-13 12:37:00,126.66,126.69,126.63,126.635,2223.0,CHKP
2023-06-13 12:36:00,126.6,126.65,126.6,126.65,2562.0,CHKP
2023-06-13 12:35:00,126.61,126.62,126.579,126.579,1977.0,CHKP
2023-06-13 12:34:00,126.595,126.595,126.595,126.595,647.0,CHKP
2023-06-13 12:33:00,126.58,126.595,126.57,126.595,446.0,CHKP
2023-06-13 12:31:00,126.57,126.61,126.57,126.61,1774.0,CHKP
2023-06-13 12:30:00,126.6,126.63,126.6,126.63,508.0,CHKP
2023-06-13 12:29:00,126.55,126.63,126.55,126.565,3098.0,CHKP
2023-06-13 12:28:00,126.55,126.55,126.55,126.55,411.0,CHKP
2023-06-13 12:27:00,126.465,126.54,126.465,126.53,2968.0,CHKP
2023-06-13 12:26:00,126.45,126.485,126.45,126.485,593.0,CHKP
2023-06-13 12:25:00,126.5,126.5,126.43,126.485,1389.0,CHKP
2023-06-13 12:24:00,126.595,126.595,126.55,126.55,1052.0,CHKP
2023-06-13 12:22:00,126.59,126.59,126.59,126.59,365.0,CHKP
2023-06-13 12:21:00,126.58,126.59,126.58,126.59,489.0,CHKP
2023-06-13 12:20:00,126.61,126.64,126.56,126.57,2408.0,CHKP
2023-06-13 12:19:00,126.61,126.61,126.61,126.61,211.0,CHKP
2023-06-13 12:18:00,126.61,126.64,126.61,126.615,1866.0,CHKP
2023-06-13 12:17:00,126.7,126.7,126.62,126.62,2340.0,CHKP
2023-06-13 12:16:00,126.69,126.69,126.69,126.69,109.0,CHKP
2023-06-13 12:15:00,126.68,126.72,126.65,126.72,3130.0,CHKP
2023-06-13 12:13:00,126.74,126.74,126.6339,126.6339,2583.0,CHKP
2023-06-13 12:12:00,126.765,126.765,126.765,126.765,399.0,CHKP
2023-06-13 12:11:00,126.765,126.765,126.765,126.765,200.0,CHKP
2023-06-13 12:10:00,126.77,126.77,126.765,126.77,5709.0,CHKP
2023-06-13 12:09:00,126.685,126.75,126.685,126.74,1941.0,CHKP
2023-06-13 12:08:00,126.68,126.69,126.67,126.69,425.0,CHKP
2023-06-13 12:07:00,126.58,126.635,126.58,126.635,1183.0,CHKP
2023-06-13 12:06:00,126.5406,126.57,126.5406,126.57,1028.0,CHKP
2023-06-13 12:05:00,126.48,126.535,126.48,126.535,961.0,CHKP
2023-06-13 12:04:00,126.43,126.455,126.43,126.455,1162.0,CHKP
2023-06-13 12:03:00,126.435,126.435,126.39,126.4,764.0,CHKP
2023-06-13 12:02:00,126.425,126.425,126.425,126.425,233.0,CHKP
2023-06-13 12:01:00,126.45,126.45,126.45,126.45,645.0,CHKP
2023-06-13 12:00:00,126.43,126.43,126.314,126.42,4455.0,CHKP
2023-06-13 11:59:00,126.5,126.505,126.49,126.495,946.0,CHKP
2023-06-13 11:58:00,126.56,126.56,126.49,126.49,1636.0,CHKP
2023-06-13 11:57:00,126.6,126.62,126.6,126.605,1951.0,CHKP
2023-06-13 11:56:00,126.59,126.59,126.56,126.56,555.0,CHKP
2023-06-13 11:55:00,126.62,126.62,126.57,126.57,1249.0,CHKP
2023-06-13 11:54:00,126.65,126.6813,126.65,126.6813,1180.0,CHKP
2023-06-13 11:52:00,126.64,126.67,126.64,126.67,1542.0,CHKP
2023-06-13 11:51:00,126.625,126.69,126.625,126.69,1824.0,CHKP
2023-06-13 11:50:00,126.63,126.63,126.625,126.625,1303.0,CHKP
2023-06-13 11:49:00,126.63,126.63,126.63,126.63,420.0,CHKP
2023-06-13 11:48:00,126.55,126.63,126.55,126.63,1178.0,CHKP
2023-06-13 11:47:00,126.5,126.57,126.46,126.57,3993.0,CHKP
2023-06-13 11:46:00,126.635,126.635,126.54,126.54,1070.0,CHKP
2023-06-13 11:45:00,126.61,126.635,126.58,126.58,567.0,CHKP
2023-06-13 11:44:00,126.61,126.64,126.61,126.61,626.0,CHKP
2023-06-13 11:43:00,126.7,126.7,126.64,126.64,1635.0,CHKP
2023-06-13 11:42:00,126.69,126.71,126.67,126.67,621.0,CHKP
2023-06-13 11:41:00,126.75,126.77,126.72,126.75,1034.0,CHKP
2023-06-13 11:40:00,126.735,126.765,126.735,126.765,401.0,CHKP
2023-06-13 11:39:00,126.75,126.78,126.75,126.78,369.0,CHKP
2023-06-13 11:38:00,126.77,126.815,126.76,126.81,620.0,CHKP
2023-06-13 11:37:00,126.89,126.89,126.78,126.82,1089.0,CHKP
2023-06-13 11:36:00,126.85,126.92,126.85,126.92,1669.0,CHKP
2023-06-13 11:35:00,126.92,126.92,126.87,126.87,1127.0,CHKP
2023-06-13 11:34:00,127.005,127.005,126.94,126.94,1134.0,CHKP
2023-06-13 11:33:00,126.99,127.025,126.99,127.01,1705.0,CHKP
2023-06-13 11:32:00,127.01,127.055,127.01,127.03,2340.0,CHKP
2023-06-13 11:31:00,126.96,126.98,126.91,126.98,1232.0,CHKP
2023-06-13 11:30:00,127.022,127.03,126.89,126.93,6434.0,CHKP
2023-06-13 11:29:00,127.0,127.05,127.0,127.05,1663.0,CHKP
2023-06-13 11:28:00,126.91,127.0,126.91,127.0,1970.0,CHKP
2023-06-13 11:27:00,126.92,126.92,126.87,126.875,1479.0,CHKP
2023-06-13 11:26:00,126.85,126.975,126.85,126.975,1423.0,CHKP
2023-06-13 11:25:00,126.76,126.85,126.76,126.85,934.0,CHKP
2023-06-13 11:24:00,126.76,126.76,126.695,126.71,1554.0,CHKP
2023-06-13 11:23:00,126.75,126.82,126.75,126.81,2870.0,CHKP
2023-06-13 11:22:00,126.7,126.725,126.68,126.725,648.0,CHKP
2023-06-13 11:21:00,126.69,126.72,126.69,126.69,828.0,CHKP
2023-06-13 11:20:00,126.725,126.725,126.68,126.68,890.0,CHKP
2023-06-13 11:19:00,126.75,126.75,126.735,126.735,429.0,CHKP
2023-06-13 11:18:00,126.7,126.74,126.68,126.74,2214.0,CHKP
2023-06-13 11:17:00,126.76,126.8,126.71,126.71,2948.0,CHKP
2023-06-13 11:16:00,126.81,126.85,126.775,126.775,1548.0,CHKP
2023-06-13 11:15:00,126.815,126.845,126.815,126.845,870.0,CHKP
2023-06-13 11:14:00,126.89,126.89,126.84,126.84,1210.0,CHKP
2023-06-13 11:13:00,126.78,126.87,126.78,126.87,2253.0,CHKP
2023-06-13 11:12:00,126.74,126.74,126.73,126.73,788.0,CHKP
2023-06-13 11:11:00,126.81,126.82,126.74,126.76,3621.0,CHKP
2023-06-13 11:10:00,126.65,126.79,126.65,126.79,3208.0,CHKP
2023-06-13 11:09:00,126.72,126.76,126.71,126.73,1664.0,CHKP
2023-06-13 11:08:00,126.73,126.76,126.72,126.755,565.0,CHKP
2023-06-13 11:07:00,126.755,126.755,126.73,126.73,685.0,CHKP
2023-06-13 11:06:00,126.79,126.8,126.75,126.75,1270.0,CHKP
2023-06-13 11:05:00,126.81,126.82,126.81,126.82,607.0,CHKP
2023-06-13 11:04:00,126.73,126.77,126.7,126.755,2226.0,CHKP
2023-06-13 11:03:00,126.755,126.755,126.75,126.755,681.0,CHKP
2023-06-13 11:02:00,126.81,126.82,126.78,126.78,1921.0,CHKP
2023-06-13 11:01:00,126.78,126.84,126.78,126.84,985.0,CHKP
2023-06-13 11:00:00,126.815,126.8499,126.815,126.8499,449.0,CHKP
2023-06-13 10:59:00,126.69,126.8,126.69,126.78,3946.0,CHKP
2023-06-13 10:58:00,126.72,126.72,126.69,126.69,232.0,CHKP
2023-06-13 10:57:00,126.69,126.75,126.67,126.72,2333.0,CHKP
2023-06-13 10:56:00,126.82,126.82,126.7,126.72,3019.0,CHKP
2023-06-13 10:55:00,126.83,126.885,126.83,126.85,1253.0,CHKP
2023-06-13 10:54:00,126.89,126.89,126.82,126.82,383.0,CHKP
2023-06-13 10:53:00,126.93,126.93,126.93,126.93,351.0,CHKP
2023-06-13 10:52:00,126.9,126.92,126.875,126.92,2128.0,CHKP
2023-06-13 10:51:00,126.94,126.95,126.915,126.95,1405.0,CHKP
2023-06-13 10:50:00,126.94,126.99,126.915,126.93,2579.0,CHKP
2023-06-13 10:49:00,126.88,126.9,126.88,126.9,986.0,CHKP
2023-06-13 10:48:00,126.825,126.85,126.825,126.85,932.0,CHKP
2023-06-13 10:47:00,126.79,126.83,126.79,126.83,2204.0,CHKP
2023-06-13 10:46:00,126.79,126.79,126.74,126.77,2692.0,CHKP
2023-06-13 10:45:00,126.74,126.81,126.705,126.81,1710.0,CHKP
2023-06-13 10:44:00,126.75,126.78,126.7,126.78,682.0,CHKP
2023-06-13 10:43:00,126.765,126.765,126.73,126.73,910.0,CHKP
2023-06-13 10:42:00,126.65,126.75,126.61,126.75,2868.0,CHKP
2023-06-13 10:41:00,126.65,126.6825,126.65,126.68,512.0,CHKP
2023-06-13 10:40:00,126.66,126.72,126.64,126.72,2297.0,CHKP
2023-06-13 10:39:00,126.655,126.69,126.645,126.69,1340.0,CHKP
2023-06-13 10:38:00,126.72,126.725,126.67,126.67,1291.0,CHKP
2023-06-13 10:37:00,126.735,126.735,126.67,126.67,325.0,CHKP
2023-06-13 10:36:00,126.845,126.845,126.79,126.79,1977.0,CHKP
2023-06-13 10:35:00,126.81,126.815,126.81,126.815,718.0,CHKP
2023-06-13 10:33:00,126.72,126.76,126.715,126.76,989.0,CHKP
2023-06-13 10:32:00,126.6275,126.76,126.6275,126.71,3998.0,CHKP
2023-06-13 10:31:00,126.6525,126.6525,126.63,126.6316,1076.0,CHKP
2023-06-13 10:30:00,126.65,126.71,126.65,126.71,1911.0,CHKP
2023-06-13 10:29:00,126.625,126.625,126.615,126.615,652.0,CHKP
2023-06-13 10:28:00,126.57,126.65,126.57,126.65,1390.0,CHKP
2023-06-13 10:27:00,126.62,126.63,126.53,126.55,1336.0,CHKP
2023-06-13 10:26:00,126.575,126.58,126.5,126.54,3148.0,CHKP
2023-06-13 10:25:00,126.51,126.6,126.51,126.6,1468.0,CHKP
2023-06-13 10:24:00,126.515,126.59,126.51,126.55,826.0,CHKP
2023-06-13 10:23:00,126.51,126.6,126.51,126.6,702.0,CHKP
2023-06-13 10:22:00,126.585,126.585,126.585,126.585,119.0,CHKP
2023-06-13 10:21:00,126.288,126.55,126.2781,126.55,4450.0,CHKP
2023-06-13 10:20:00,126.2525,126.35,126.2,126.225,32636.0,CHKP
2023-06-13 10:19:00,126.26,126.28,126.21,126.26,681.0,CHKP
2023-06-13 10:18:00,126.27,126.27,126.21,126.21,1095.0,CHKP
2023-06-13 10:17:00,126.445,126.455,126.28,126.32,2859.0,CHKP
2023-06-13 10:16:00,126.46,126.5,126.45,126.5,767.0,CHKP
2023-06-13 10:15:00,126.48,126.485,126.46,126.46,547.0,CHKP
2023-06-13 10:14:00,126.4,126.49,126.4,126.49,1527.0,CHKP
2023-06-13 10:13:00,126.41,126.41,126.34,126.39,2530.0,CHKP
2023-06-13 10:12:00,126.405,126.43,126.38,126.43,1442.0,CHKP
2023-06-13 10:11:00,126.38,126.44,126.36,126.44,3620.0,CHKP
2023-06-13 10:10:00,126.38,126.439,126.305,126.43,4183.0,CHKP
2023-06-13 10:09:00,126.55,126.56,126.385,126.39,3068.0,CHKP
2023-06-13 10:08:00,126.67,126.67,126.615,126.62,1198.0,CHKP
2023-06-13 10:07:00,126.74,126.74,126.62,126.63,1591.0,CHKP
2023-06-13 10:06:00,126.64,126.74,126.59,126.695,3789.0,CHKP
2023-06-13 10:05:00,126.61,126.62,126.58,126.62,2328.0,CHKP
2023-06-13 10:04:00,126.55,126.67,126.51,126.585,5997.0,CHKP
2023-06-13 10:03:00,126.5,126.56,126.5,126.56,1002.0,CHKP
2023-06-13 10:02:00,126.505,126.505,126.505,126.505,207.0,CHKP
2023-06-13 10:01:00,126.435,126.49,126.43,126.49,1150.0,CHKP
2023-06-13 10:00:00,126.33,126.49,126.33,126.435,2962.0,CHKP
2023-06-13 09:59:00,126.325,126.325,126.24,126.24,2796.0,CHKP
2023-06-13 09:58:00,126.44,126.44,126.37,126.37,2253.0,CHKP
2023-06-13 09:57:00,126.505,126.505,126.43,126.47,2095.0,CHKP
2023-06-13 09:56:00,126.505,126.505,126.505,126.505,107.0,CHKP
2023-06-13 09:55:00,126.42,126.58,126.41,126.58,1516.0,CHKP
2023-06-13 09:54:00,126.22,126.37,126.16,126.35,2821.0,CHKP
2023-06-13 09:53:00,126.225,126.225,126.215,126.215,500.0,CHKP
2023-06-13 09:52:00,126.295,126.295,126.18,126.26,2626.0,CHKP
2023-06-13 09:51:00,126.305,126.305,126.305,126.305,181.0,CHKP
2023-06-13 09:50:00,126.38,126.405,126.255,126.3,2806.0,CHKP
2023-06-13 09:49:00,126.35,126.46,126.35,126.415,2898.0,CHKP
2023-06-13 09:48:00,126.275,126.34,126.21,126.275,949.0,CHKP
2023-06-13 09:47:00,126.29,126.335,126.27,126.31,1812.0,CHKP
2023-06-13 09:46:00,126.055,126.23,125.91,126.2,5172.0,CHKP
2023-06-13 09:45:00,126.23,126.26,126.07,126.07,979.0,CHKP
2023-06-13 09:44:00,126.48,126.48,126.24,126.24,1558.0,CHKP
2023-06-13 09:43:00,126.64,126.71,126.48,126.48,2988.0,CHKP
2023-06-13 09:42:00,126.69,126.72,126.69,126.71,859.0,CHKP
2023-06-13 09:41:00,126.77,126.845,126.74,126.74,1655.0,CHKP
2023-06-13 09:40:00,126.88,126.88,126.73,126.75,4000.0,CHKP
2023-06-13 09:39:00,126.83,126.93,126.83,126.89,1145.0,CHKP
2023-06-13 09:38:00,126.81,126.82,126.73,126.82,1924.0,CHKP
2023-06-13 09:37:00,126.72,126.8,126.6201,126.8,6706.0,CHKP
2023-06-13 09:36:00,126.65,126.74,126.61,126.72,6888.0,CHKP
2023-06-13 09:35:00,126.65,126.65,126.615,126.6325,4661.0,CHKP
2023-06-13 09:34:00,126.515,126.71,126.515,126.625,3567.0,CHKP
2023-06-13 09:33:00,126.58,126.58,126.58,126.58,164.0,CHKP
2023-06-13 09:32:00,126.5,126.62,126.41,126.53,4006.0,CHKP
2023-06-13 09:31:00,126.51,126.59,126.51,126.53,2694.0,CHKP
2023-06-13 09:30:00,126.18,126.6705,126.18,126.52,12547.0,CHKP
2023-06-12 16:00:00,125.6,125.6,125.6,125.6,2655.0,CHKP
2023-06-12 15:59:00,125.63,125.71,125.58,125.6,32134.0,CHKP
2023-06-12 15:58:00,125.63,125.648,125.61,125.64,13808.0,CHKP
2023-06-12 15:57:00,125.64,125.68,125.63,125.63,10584.0,CHKP
2023-06-12 15:56:00,125.66,125.66,125.55,125.625,9255.0,CHKP
2023-06-12 15:55:00,125.49,125.63,125.43,125.63,10325.0,CHKP
2023-06-12 15:54:00,125.775,125.82,125.36,125.49,31718.0,CHKP
2023-06-12 15:53:00,125.76,125.79,125.75,125.775,2474.0,CHKP
2023-06-12 15:52:00,125.87,125.875,125.78,125.78,7734.0,CHKP
2023-06-12 15:51:00,125.76,125.82,125.75,125.82,7155.0,CHKP
2023-06-12 15:50:00,125.755,125.79,125.745,125.77,7390.0,CHKP
2023-06-12 15:49:00,125.75,125.75,125.715,125.73,2264.0,CHKP
2023-06-12 15:48:00,125.72,125.75,125.72,125.74,2690.0,CHKP
2023-06-12 15:47:00,125.71,125.72,125.67,125.69,3398.0,CHKP
2023-06-12 15:46:00,125.61,125.67,125.61,125.67,4125.0,CHKP
2023-06-12 15:45:00,125.63,125.66,125.6,125.6,1748.0,CHKP
2023-06-12 15:44:00,125.7,125.7,125.67,125.68,1045.0,CHKP
2023-06-12 15:43:00,125.7,125.7,125.64,125.69,1062.0,CHKP
2023-06-12 15:42:00,125.7,125.74,125.65,125.65,4090.0,CHKP
2023-06-12 15:41:00,125.69,125.7,125.675,125.7,1112.0,CHKP
2023-06-12 15:40:00,125.7,125.7,125.655,125.665,2178.0,CHKP
2023-06-12 15:39:00,125.6003,125.7,125.6003,125.7,1246.0,CHKP
2023-06-12 15:38:00,125.53,125.61,125.53,125.605,1671.0,CHKP
2023-06-12 15:37:00,125.63,125.63,125.51,125.51,4711.0,CHKP
2023-06-12 15:36:00,125.54,125.625,125.52,125.625,2539.0,CHKP
2023-06-12 15:35:00,125.495,125.515,125.495,125.515,1442.0,CHKP
2023-06-12 15:34:00,125.47,125.495,125.47,125.495,1211.0,CHKP
2023-06-12 15:33:00,125.39,125.47,125.39,125.45,1534.0,CHKP
2023-06-12 15:32:00,125.43,125.43,125.34,125.34,2883.0,CHKP
2023-06-12 15:31:00,125.37,125.4,125.37,125.395,1707.0,CHKP
2023-06-12 15:30:00,125.38,125.38,125.38,125.38,1103.0,CHKP
2023-06-12 15:29:00,125.35,125.41,125.35,125.37,1543.0,CHKP
2023-06-12 15:28:00,125.31,125.36,125.31,125.36,1135.0,CHKP
2023-06-12 15:27:00,125.26,125.34,125.26,125.31,6321.0,CHKP
2023-06-12 15:26:00,125.285,125.34,125.285,125.29,2661.0,CHKP
2023-06-12 15:25:00,125.35,125.35,125.26,125.285,3547.0,CHKP
2023-06-12 15:24:00,125.33,125.35,125.31,125.35,1869.0,CHKP
2023-06-12 15:23:00,125.36,125.36,125.345,125.345,482.0,CHKP
2023-06-12 15:22:00,125.3587,125.36,125.3587,125.36,318.0,CHKP
2023-06-12 15:21:00,125.37,125.43,125.37,125.38,3344.0,CHKP
2023-06-12 15:20:00,125.41,125.41,125.33,125.33,2088.0,CHKP
2023-06-12 15:19:00,125.415,125.415,125.35,125.4,5543.0,CHKP
2023-06-12 15:18:00,125.45,125.475,125.4,125.415,3458.0,CHKP
2023-06-12 15:17:00,125.39,125.49,125.39,125.49,786.0,CHKP
2023-06-12 15:16:00,125.355,125.365,125.355,125.365,383.0,CHKP
2023-06-12 15:15:00,125.21,125.37,125.205,125.37,2253.0,CHKP
2023-06-12 15:14:00,125.25,125.25,125.19,125.2,3851.0,CHKP
2023-06-12 15:13:00,125.23,125.26,125.23,125.255,2039.0,CHKP
2023-06-12 15:12:00,125.185,125.21,125.185,125.21,872.0,CHKP
2023-06-12 15:11:00,125.195,125.22,125.17,125.185,2611.0,CHKP
2023-06-12 15:10:00,125.21,125.215,125.17,125.19,1274.0,CHKP
2023-06-12 15:09:00,125.18,125.18,125.18,125.18,143.0,CHKP
2023-06-12 15:08:00,125.17,125.18,125.15,125.18,2096.0,CHKP
2023-06-12 15:07:00,125.12,125.155,125.11,125.155,1891.0,CHKP
2023-06-12 15:06:00,125.15,125.15,125.12,125.12,1120.0,CHKP
2023-06-12 15:05:00,125.205,125.205,125.17,125.17,1686.0,CHKP
2023-06-12 15:04:00,125.19,125.2255,125.19,125.2255,989.0,CHKP
2023-06-12 15:03:00,125.155,125.2,125.15,125.2,771.0,CHKP
2023-06-12 15:02:00,125.16,125.16,125.14,125.14,459.0,CHKP
2023-06-12 15:01:00,125.12,125.12,125.12,125.12,380.0,CHKP
2023-06-12 15:00:00,125.21,125.26,125.12,125.14,5089.0,CHKP
2023-06-12 14:59:00,125.09,125.18,125.07,125.18,3505.0,CHKP
2023-06-12 14:58:00,125.05,125.05,125.05,125.05,613.0,CHKP
2023-06-12 14:57:00,125.1,125.1,125.04,125.04,1940.0,CHKP
2023-06-12 14:55:00,125.095,125.095,125.085,125.085,432.0,CHKP
2023-06-12 14:54:00,125.08,125.11,125.08,125.095,2571.0,CHKP
2023-06-12 14:52:00,125.12,125.13,125.12,125.125,745.0,CHKP
2023-06-12 14:51:00,125.14,125.16,125.13,125.13,3242.0,CHKP
2023-06-12 14:50:00,125.1,125.11,125.09,125.11,522.0,CHKP
2023-06-12 14:49:00,125.11,125.11,125.11,125.11,167.0,CHKP
2023-06-12 14:48:00,125.03,125.08,125.03,125.08,490.0,CHKP
2023-06-12 14:47:00,125.01,125.035,125.01,125.01,1553.0,CHKP
2023-06-12 14:46:00,125.075,125.075,125.005,125.005,2240.0,CHKP
2023-06-12 14:44:00,125.065,125.065,125.065,125.065,218.0,CHKP
2023-06-12 14:43:00,125.06,125.07,125.04,125.065,2159.0,CHKP
2023-06-12 14:42:00,125.03,125.03,125.02,125.03,847.0,CHKP
2023-06-12 14:41:00,125.15,125.15,125.03,125.03,2291.0,CHKP
2023-06-12 14:40:00,125.115,125.22,125.115,125.15,2745.0,CHKP
2023-06-12 14:39:00,125.12,125.13,125.12,125.13,628.0,CHKP
2023-06-12 14:38:00,125.095,125.095,125.095,125.095,308.0,CHKP
2023-06-12 14:36:00,124.92,125.02,124.92,125.02,900.0,CHKP
2023-06-12 14:35:00,124.9,124.92,124.9,124.92,995.0,CHKP
2023-06-12 14:34:00,124.91,124.93,124.91,124.91,1444.0,CHKP
2023-06-12 14:33:00,124.94,124.94,124.88,124.905,2700.0,CHKP
2023-06-12 14:32:00,124.91,125.0,124.91,124.97,17358.0,CHKP
2023-06-12 14:30:00,124.89,124.89,124.88,124.89,832.0,CHKP
2023-06-12 14:29:00,124.945,124.945,124.91,124.91,1645.0,CHKP
2023-06-12 14:28:00,124.935,124.945,124.935,124.945,412.0,CHKP
2023-06-12 14:26:00,124.86,124.9075,124.84,124.9075,1665.0,CHKP
2023-06-12 14:25:00,124.86,124.9,124.86,124.9,468.0,CHKP
2023-06-12 14:24:00,125.015,125.03,124.94,124.94,4044.0,CHKP
2023-06-12 14:23:00,125.015,125.015,125.015,125.015,162.0,CHKP
2023-06-12 14:22:00,125.01,125.03,125.0,125.015,1912.0,CHKP
2023-06-12 14:21:00,125.005,125.005,125.005,125.005,384.0,CHKP
2023-06-12 14:20:00,125.015,125.015,125.0,125.0,882.0,CHKP
2023-06-12 14:19:00,125.0005,125.07,125.0005,125.07,2209.0,CHKP
2023-06-12 14:18:00,125.025,125.05,125.025,125.05,779.0,CHKP
2023-06-12 14:17:00,125.0,125.0,125.0,125.0,333.0,CHKP
2023-06-12 14:16:00,125.02,125.08,125.01,125.01,1814.0,CHKP
2023-06-12 14:15:00,125.0,125.0,124.98,124.98,1026.0,CHKP
2023-06-12 14:14:00,125.01,125.04,125.01,125.025,906.0,CHKP
2023-06-12 14:13:00,124.98,125.05,124.98,124.995,1973.0,CHKP
2023-06-12 14:11:00,125.095,125.095,124.97,124.97,5464.0,CHKP
2023-06-12 14:10:00,125.12,125.12,125.1,125.1,928.0,CHKP
2023-06-12 14:09:00,125.08,125.08,125.07,125.07,448.0,CHKP
2023-06-12 14:08:00,125.12,125.12,125.1,125.1,786.0,CHKP
2023-06-12 14:07:00,125.08,125.12,125.08,125.12,1221.0,CHKP
2023-06-12 14:06:00,125.08,125.09,125.08,125.09,908.0,CHKP
2023-06-12 14:05:00,125.135,125.135,125.135,125.135,109.0,CHKP
2023-06-12 14:04:00,125.125,125.125,125.125,125.125,379.0,CHKP
2023-06-12 14:03:00,125.2,125.2,125.14,125.14,912.0,CHKP
2023-06-12 14:02:00,125.19,125.19,125.19,125.19,218.0,CHKP
2023-06-12 14:00:00,125.24,125.3,125.235,125.235,2387.0,CHKP
2023-06-12 13:59:00,125.205,125.21,125.205,125.21,443.0,CHKP
2023-06-12 13:58:00,125.2,125.21,125.2,125.2,1429.0,CHKP
2023-06-12 13:57:00,125.29,125.29,125.22,125.22,2537.0,CHKP
2023-06-12 13:56:00,125.26,125.305,125.26,125.3,1105.0,CHKP
2023-06-12 13:55:00,125.21,125.26,125.21,125.26,402.0,CHKP
2023-06-12 13:53:00,125.18,125.205,125.16,125.205,1192.0,CHKP
2023-06-12 13:52:00,125.15,125.16,125.15,125.15,1050.0,CHKP
2023-06-12 13:51:00,125.15,125.15,125.14,125.15,667.0,CHKP
2023-06-12 13:50:00,125.13,125.13,125.13,125.13,364.0,CHKP
2023-06-12 13:49:00,125.19,125.2399,125.19,125.19,2360.0,CHKP
2023-06-12 13:47:00,125.17,125.21,125.17,125.205,971.0,CHKP
2023-06-12 13:46:00,125.19,125.19,125.19,125.19,296.0,CHKP
2023-06-12 13:45:00,125.18,125.185,125.18,125.185,557.0,CHKP
2023-06-12 13:44:00,125.145,125.16,125.145,125.16,506.0,CHKP
2023-06-12 13:43:00,125.1,125.1525,125.09,125.1525,1545.0,CHKP
2023-06-12 13:41:00,125.09,125.09,125.08,125.08,603.0,CHKP
2023-06-12 13:40:00,125.13,125.13,125.13,125.13,368.0,CHKP
2023-06-12 13:38:00,125.15,125.15,125.13,125.13,1300.0,CHKP
2023-06-12 13:37:00,125.18,125.18,125.16,125.16,913.0,CHKP
2023-06-12 13:36:00,125.18,125.18,125.18,125.18,208.0,CHKP
2023-06-12 13:35:00,125.16,125.17,125.16,125.17,1847.0,CHKP
2023-06-12 13:34:00,125.135,125.135,125.13,125.13,229.0,CHKP
2023-06-12 13:33:00,125.18,125.18,125.13,125.16,1080.0,CHKP
2023-06-12 13:31:00,125.28,125.29,125.23,125.23,1286.0,CHKP
2023-06-12 13:29:00,125.27,125.3,125.27,125.28,673.0,CHKP
2023-06-12 13:28:00,125.22,125.22,125.21,125.21,477.0,CHKP
2023-06-12 13:26:00,125.07,125.17,125.07,125.17,3589.0,CHKP
2023-06-12 13:25:00,125.07,125.07,125.0496,125.0496,675.0,CHKP
2023-06-12 13:24:00,125.08,125.09,125.08,125.09,311.0,CHKP
2023-06-12 13:23:00,125.06,125.06,125.06,125.06,381.0,CHKP
2023-06-12 13:22:00,125.07,125.075,125.055,125.075,363.0,CHKP
2023-06-12 13:21:00,125.07,125.07,125.07,125.07,320.0,CHKP
2023-06-12 13:20:00,125.13,125.13,125.05,125.08,5889.0,CHKP
2023-06-12 13:19:00,125.12,125.12,125.12,125.12,440.0,CHKP
2023-06-12 13:18:00,125.115,125.14,125.115,125.14,218.0,CHKP
2023-06-12 13:17:00,125.17,125.185,125.125,125.125,2713.0,CHKP
2023-06-12 13:16:00,125.19,125.2,125.165,125.2,1042.0,CHKP
2023-06-12 13:15:00,125.095,125.15,125.095,125.15,1837.0,CHKP
2023-06-12 13:13:00,125.085,125.085,125.085,125.085,276.0,CHKP
2023-06-12 13:12:00,125.05,125.1,125.05,125.055,945.0,CHKP
2023-06-12 13:11:00,125.08,125.08,125.08,125.08,399.0,CHKP
2023-06-12 13:10:00,125.08,125.08,125.08,125.08,370.0,CHKP
2023-06-12 13:09:00,125.0705,125.11,125.0705,125.11,2093.0,CHKP
2023-06-12 13:07:00,125.15,125.15,125.1,125.11,1602.0,CHKP
2023-06-12 13:06:00,125.115,125.14,125.115,125.14,1068.0,CHKP
2023-06-12 13:05:00,125.135,125.16,125.13,125.13,666.0,CHKP
2023-06-12 13:04:00,125.13,125.14,125.13,125.14,492.0,CHKP
2023-06-12 13:02:00,125.16,125.16,125.15,125.16,1147.0,CHKP
2023-06-12 13:01:00,125.18,125.18,125.15,125.15,256.0,CHKP
2023-06-12 13:00:00,125.165,125.18,125.165,125.18,225.0,CHKP
2023-06-12 12:59:00,125.15,125.16,125.15,125.15,1520.0,CHKP
2023-06-12 12:58:00,125.2765,125.2765,125.13,125.13,1518.0,CHKP
2023-06-12 12:55:00,125.25,125.29,125.22,125.245,2757.0,CHKP
2023-06-12 12:54:00,125.25,125.25,125.17,125.19,1877.0,CHKP
2023-06-12 12:53:00,125.275,125.3,125.275,125.28,2234.0,CHKP
2023-06-12 12:52:00,125.27,125.27,125.27,125.27,288.0,CHKP
2023-06-12 12:51:00,125.26,125.26,125.26,125.26,128.0,CHKP
2023-06-12 12:50:00,125.385,125.4,125.245,125.25,5032.0,CHKP
2023-06-12 12:48:00,125.4,125.4,125.4,125.4,456.0,CHKP
2023-06-12 12:47:00,125.36,125.395,125.36,125.395,944.0,CHKP
2023-06-12 12:45:00,125.265,125.36,125.265,125.34,2430.0,CHKP
2023-06-12 12:44:00,125.27,125.28,125.245,125.245,1065.0,CHKP
2023-06-12 12:43:00,125.31,125.31,125.31,125.31,430.0,CHKP
2023-06-12 12:42:00,125.36,125.38,125.32,125.32,2194.0,CHKP
2023-06-12 12:41:00,125.37,125.37,125.35,125.36,933.0,CHKP
2023-06-12 12:40:00,125.36,125.36,125.36,125.36,219.0,CHKP
2023-06-12 12:38:00,125.39,125.43,125.34,125.34,2419.0,CHKP
2023-06-12 12:37:00,125.54,125.54,125.42,125.42,3231.0,CHKP
2023-06-12 12:36:00,125.54,125.565,125.54,125.565,641.0,CHKP
2023-06-12 12:35:00,125.54,125.54,125.5375,125.54,828.0,CHKP
2023-06-12 12:33:00,125.51,125.55,125.47,125.47,2686.0,CHKP
2023-06-12 12:32:00,125.5,125.505,125.5,125.505,397.0,CHKP
2023-06-12 12:31:00,125.37,125.44,125.37,125.44,1580.0,CHKP
2023-06-12 12:30:00,125.325,125.37,125.325,125.36,1050.0,CHKP
2023-06-12 12:29:00,125.32,125.36,125.32,125.36,783.0,CHKP
2023-06-12 12:28:00,125.38,125.38,125.31,125.31,3037.0,CHKP
2023-06-12 12:27:00,125.35,125.395,125.35,125.395,915.0,CHKP
2023-06-12 12:26:00,125.33,125.33,125.295,125.32,450.0,CHKP
2023-06-12 12:25:00,125.36,125.36,125.34,125.34,971.0,CHKP
2023-06-12 12:23:00,125.34,125.36,125.34,125.36,735.0,CHKP
2023-06-12 12:22:00,125.325,125.375,125.325,125.375,1291.0,CHKP
2023-06-12 12:21:00,125.31,125.31,125.3,125.3,726.0,CHKP
2023-06-12 12:19:00,125.15,125.265,125.15,125.265,1375.0,CHKP
2023-06-12 12:18:00,125.17,125.17,125.13,125.13,1081.0,CHKP
2023-06-12 12:17:00,125.08,125.08,125.08,125.08,485.0,CHKP
2023-06-12 12:16:00,124.99,125.07,124.98,125.07,2597.0,CHKP
2023-06-12 12:15:00,124.76,124.955,124.76,124.955,7103.0,CHKP
2023-06-12 12:14:00,125.06,125.06,124.8,124.8,10712.0,CHKP
2023-06-12 12:13:00,125.055,125.085,125.055,125.085,872.0,CHKP
2023-06-12 12:12:00,125.08,125.08,125.08,125.08,176.0,CHKP
2023-06-12 12:11:00,125.085,125.11,125.085,125.11,660.0,CHKP
2023-06-12 12:09:00,125.01,125.06,125.01,125.025,1569.0,CHKP
2023-06-12 12:06:00,124.93,124.93,124.93,124.93,651.0,CHKP
2023-06-12 12:05:00,125.145,125.145,124.95,124.95,2087.0,CHKP
2023-06-12 12:04:00,125.1,125.17,125.09,125.12,2975.0,CHKP
2023-06-12 12:03:00,125.21,125.21,125.09,125.09,2599.0,CHKP
2023-06-12 12:02:00,125.195,125.255,125.195,125.24,1012.0,CHKP
2023-06-12 12:01:00,125.26,125.26,125.23,125.23,852.0,CHKP
2023-06-12 12:00:00,125.5,125.52,125.33,125.35,3766.0,CHKP
2023-06-12 11:59:00,125.54,125.54,125.52,125.5319,1177.0,CHKP
2023-06-12 11:58:00,125.58,125.58,125.52,125.55,1233.0,CHKP
2023-06-12 11:57:00,125.68,125.68,125.63,125.6317,1124.0,CHKP
2023-06-12 11:56:00,125.63,125.67,125.63,125.67,761.0,CHKP
2023-06-12 11:55:00,125.65,125.66,125.63,125.63,561.0,CHKP
2023-06-12 11:54:00,125.62,125.62,125.6,125.6,904.0,CHKP
2023-06-12 11:53:00,125.69,125.705,125.67,125.68,1205.0,CHKP
2023-06-12 11:52:00,125.62,125.68,125.62,125.68,536.0,CHKP
2023-06-12 11:51:00,125.625,125.63,125.58,125.6,1660.0,CHKP
2023-06-12 11:50:00,125.455,125.54,125.43,125.525,2055.0,CHKP
2023-06-12 11:49:00,125.431,125.455,125.4,125.455,1947.0,CHKP
2023-06-12 11:48:00,125.622,125.64,125.54,125.54,4119.0,CHKP
2023-06-12 11:47:00,125.8427,125.8427,125.612,125.67,6830.0,CHKP
2023-06-12 11:46:00,125.81,125.88,125.81,125.88,2179.0,CHKP
2023-06-12 11:45:00,125.86,125.86,125.72,125.72,6203.0,CHKP
2023-06-12 11:44:00,125.91,125.92,125.81,125.81,5083.0,CHKP
2023-06-12 11:43:00,125.9275,125.94,125.91,125.94,940.0,CHKP
2023-06-12 11:42:00,125.9,125.91,125.88,125.91,756.0,CHKP
2023-06-12 11:41:00,125.88,125.88,125.85,125.85,531.0,CHKP
2023-06-12 11:40:00,125.94,125.995,125.88,125.88,3442.0,CHKP
2023-06-12 11:39:00,125.86,125.94,125.86,125.9,2586.0,CHKP
2023-06-12 11:38:00,125.89,125.89,125.89,125.89,409.0,CHKP
2023-06-12 11:37:00,125.83,125.91,125.83,125.87,1184.0,CHKP
2023-06-12 11:36:00,125.65,125.84,125.65,125.84,4896.0,CHKP
2023-06-12 11:35:00,125.58,125.58,125.58,125.58,431.0,CHKP
2023-06-12 11:34:00,125.6727,125.6727,125.58,125.58,6317.0,CHKP
2023-06-12 11:33:00,125.7,125.71,125.66,125.71,5646.0,CHKP
2023-06-12 11:32:00,125.74,125.74,125.7,125.73,3718.0,CHKP
2023-06-12 11:31:00,125.67,125.81,125.66,125.74,8666.0,CHKP
2023-06-12 11:30:00,125.6,125.76,125.6,125.671,3973.0,CHKP
2023-06-12 11:29:00,125.604,125.68,125.59,125.63,7043.0,CHKP
2023-06-12 11:28:00,125.752,125.76,125.6,125.6,5071.0,CHKP
2023-06-12 11:27:00,125.78,125.78,125.76,125.76,370.0,CHKP
2023-06-12 11:26:00,125.72,125.755,125.72,125.755,527.0,CHKP
2023-06-12 11:25:00,125.715,125.73,125.71,125.73,641.0,CHKP
2023-06-12 11:24:00,125.76,125.76,125.72,125.72,1409.0,CHKP
2023-06-12 11:23:00,125.73,125.73,125.7,125.72,2181.0,CHKP
2023-06-12 11:22:00,125.71,125.72,125.7,125.7,1439.0,CHKP
2023-06-12 11:21:00,125.74,125.74,125.71,125.715,1304.0,CHKP
2023-06-12 11:20:00,125.69,125.75,125.67,125.75,1168.0,CHKP
2023-06-12 11:19:00,125.56,125.69,125.55,125.68,1932.0,CHKP
2023-06-12 11:18:00,125.63,125.63,125.585,125.585,329.0,CHKP
2023-06-12 11:17:00,125.53,125.59,125.52,125.56,1945.0,CHKP
2023-06-12 11:16:00,125.525,125.525,125.5,125.5076,772.0,CHKP
2023-06-12 11:15:00,125.5,125.555,125.5,125.5,2757.0,CHKP
2023-06-12 11:14:00,125.45,125.52,125.45,125.52,1641.0,CHKP
2023-06-12 11:13:00,125.465,125.475,125.44,125.475,540.0,CHKP
2023-06-12 11:12:00,125.44,125.47,125.42,125.42,1005.0,CHKP
2023-06-12 11:11:00,125.4,125.4,125.39,125.4,779.0,CHKP
2023-06-12 11:10:00,125.435,125.5,125.39,125.39,1349.0,CHKP
2023-06-12 11:09:00,125.48,125.49,125.45,125.49,537.0,CHKP
2023-06-12 11:08:00,125.48,125.52,125.42,125.42,2600.0,CHKP
2023-06-12 11:07:00,125.45,125.45,125.45,125.45,200.0,CHKP
2023-06-12 11:06:00,125.54,125.54,125.48,125.5,1248.0,CHKP
2023-06-12 11:05:00,125.57,125.575,125.48,125.55,6597.0,CHKP
2023-06-12 11:04:00,125.6,125.6,125.6,125.6,250.0,CHKP
2023-06-12 11:03:00,125.6,125.605,125.57,125.605,409.0,CHKP
2023-06-12 11:02:00,125.66,125.68,125.61,125.61,2787.0,CHKP
2023-06-12 11:01:00,125.57,125.65,125.57,125.61,865.0,CHKP
2023-06-12 11:00:00,125.6,125.64,125.565,125.57,781.0,CHKP
2023-06-12 10:59:00,125.67,125.67,125.61,125.615,1728.0,CHKP
2023-06-12 10:58:00,125.715,125.715,125.67,125.67,502.0,CHKP
2023-06-12 10:57:00,125.72,125.72,125.67,125.67,1152.0,CHKP
2023-06-12 10:56:00,125.745,125.77,125.745,125.77,1301.0,CHKP
2023-06-12 10:55:00,125.79,125.85,125.68,125.68,3877.0,CHKP
2023-06-12 10:54:00,125.76,125.77,125.745,125.75,1036.0,CHKP
2023-06-12 10:53:00,125.77,125.795,125.74,125.74,5498.0,CHKP
2023-06-12 10:52:00,125.79,125.84,125.77,125.77,4923.0,CHKP
2023-06-12 10:51:00,125.7,125.75,125.69,125.75,771.0,CHKP
2023-06-12 10:50:00,125.64,125.67,125.57,125.65,9410.0,CHKP
2023-06-12 10:49:00,125.57,125.66,125.56,125.62,736.0,CHKP
2023-06-12 10:48:00,125.42,125.71,125.4,125.56,5216.0,CHKP
2023-06-12 10:47:00,125.51,125.52,125.47,125.47,2746.0,CHKP
2023-06-12 10:46:00,125.55,125.55,125.415,125.46,4115.0,CHKP
2023-06-12 10:45:00,125.44,125.545,125.405,125.41,3182.0,CHKP
2023-06-12 10:44:00,125.53,125.65,125.37,125.4,20660.0,CHKP
2023-06-12 10:43:00,125.52,125.53,125.47,125.525,1696.0,CHKP
2023-06-12 10:42:00,125.55,125.555,125.45,125.5,4110.0,CHKP
2023-06-12 10:41:00,125.49,125.52,125.49,125.52,441.0,CHKP
2023-06-12 10:40:00,125.37,125.48,125.365,125.45,1793.0,CHKP
2023-06-12 10:39:00,125.44,125.44,125.39,125.39,1435.0,CHKP
2023-06-12 10:38:00,125.43,125.44,125.405,125.405,584.0,CHKP
2023-06-12 10:37:00,125.515,125.525,125.43,125.44,3372.0,CHKP
2023-06-12 10:36:00,125.515,125.525,125.45,125.47,11243.0,CHKP
2023-06-12 10:35:00,125.525,125.53,125.45,125.46,3721.0,CHKP
2023-06-12 10:34:00,125.545,125.56,125.44,125.44,2156.0,CHKP
2023-06-12 10:33:00,125.515,125.55,125.51,125.54,873.0,CHKP
2023-06-12 10:32:00,125.48,125.64,125.475,125.475,4094.0,CHKP
2023-06-12 10:31:00,125.43,125.43,125.43,125.43,243.0,CHKP
2023-06-12 10:30:00,125.39,125.435,125.39,125.435,1118.0,CHKP
2023-06-12 10:29:00,125.47,125.52,125.37,125.435,4140.0,CHKP
2023-06-12 10:28:00,125.44,125.484,125.42,125.42,452.0,CHKP
2023-06-12 10:27:00,125.61,125.61,125.45,125.45,2125.0,CHKP
2023-06-12 10:26:00,125.54,125.67,125.47,125.61,3162.0,CHKP
2023-06-12 10:25:00,125.53,125.66,125.53,125.56,6238.0,CHKP
2023-06-12 10:24:00,125.485,125.545,125.43,125.515,2866.0,CHKP
2023-06-12 10:23:00,125.52,125.53,125.4,125.4,4430.0,CHKP
2023-06-12 10:22:00,125.45,125.48,125.415,125.48,1072.0,CHKP
2023-06-12 10:21:00,125.275,125.365,125.22,125.365,493.0,CHKP
2023-06-12 10:20:00,125.17,125.32,125.17,125.275,1441.0,CHKP
2023-06-12 10:19:00,125.13,125.13,125.115,125.115,440.0,CHKP
2023-06-12 10:18:00,124.91,125.12,124.91,125.12,1754.0,CHKP
2023-06-12 10:17:00,124.92,124.94,124.92,124.94,1178.0,CHKP
2023-06-12 10:15:00,125.125,125.125,124.875,124.875,2551.0,CHKP
2023-06-12 10:14:00,125.06,125.08,125.0,125.08,1862.0,CHKP
2023-06-12 10:13:00,124.895,125.04,124.895,125.04,2294.0,CHKP
2023-06-12 10:12:00,124.835,124.905,124.83,124.9,3468.0,CHKP
2023-06-12 10:10:00,125.0,125.0,124.87,124.9,2112.0,CHKP
2023-06-12 10:09:00,124.98,125.11,124.925,124.95,6941.0,CHKP
2023-06-12 10:08:00,124.91,125.01,124.81,124.94,6861.0,CHKP
2023-06-12 10:07:00,124.88,125.01,124.825,124.9,8213.0,CHKP
2023-06-12 10:06:00,124.78,124.88,124.78,124.855,1430.0,CHKP
2023-06-12 10:05:00,124.86,124.905,124.815,124.815,789.0,CHKP
2023-06-12 10:04:00,124.91,124.945,124.86,124.865,2995.0,CHKP
2023-06-12 10:03:00,124.895,124.98,124.86,124.93,2440.0,CHKP
2023-06-12 10:02:00,124.88,124.93,124.88,124.93,1580.0,CHKP
2023-06-12 10:01:00,125.135,125.16,124.82,124.82,3960.0,CHKP
2023-06-12 10:00:00,124.89,125.17,124.89,125.135,3193.0,CHKP
2023-06-12 09:59:00,125.14,125.21,124.885,124.89,7558.0,CHKP
2023-06-12 09:58:00,125.23,125.25,124.87,125.08,10127.0,CHKP
2023-06-12 09:57:00,125.22,125.34,125.15,125.23,1957.0,CHKP
2023-06-12 09:56:00,125.25,125.25,125.25,125.25,247.0,CHKP
2023-06-12 09:55:00,125.33,125.33,125.32,125.32,263.0,CHKP
2023-06-12 09:54:00,125.52,125.52,125.37,125.37,1925.0,CHKP
2023-06-12 09:53:00,125.57,125.58,125.52,125.525,1809.0,CHKP
2023-06-12 09:52:00,125.56,125.56,125.48,125.56,491.0,CHKP
2023-06-12 09:51:00,125.425,125.545,125.41,125.545,5517.0,CHKP
2023-06-12 09:50:00,125.91,125.91,125.43,125.43,2451.0,CHKP
2023-06-12 09:49:00,125.855,125.895,125.855,125.895,312.0,CHKP
2023-06-12 09:48:00,125.74,125.86,125.74,125.75,2639.0,CHKP
2023-06-12 09:47:00,125.51,125.67,125.51,125.67,2603.0,CHKP
2023-06-12 09:46:00,125.51,125.52,125.47,125.505,1432.0,CHKP
2023-06-12 09:45:00,125.52,125.52,125.29,125.38,4110.0,CHKP
2023-06-12 09:44:00,125.52,125.52,125.515,125.515,1020.0,CHKP
2023-06-12 09:43:00,125.475,125.5,125.37,125.5,7636.0,CHKP
2023-06-12 09:42:00,125.75,125.83,125.545,125.55,5160.0,CHKP
2023-06-12 09:41:00,125.755,125.755,125.755,125.755,318.0,CHKP
2023-06-12 09:39:00,126.24,126.24,125.86,125.86,1184.0,CHKP
2023-06-12 09:38:00,126.43,126.43,126.12,126.235,5997.0,CHKP
2023-06-12 09:37:00,126.405,126.405,126.405,126.405,232.0,CHKP
2023-06-12 09:36:00,126.35,126.355,126.35,126.355,808.0,CHKP
2023-06-12 09:35:00,126.545,126.545,126.45,126.47,1280.0,CHKP
2023-06-12 09:33:00,126.42,126.5,126.4,126.5,1640.0,CHKP
2023-06-12 09:32:00,126.285,126.29,126.18,126.18,690.0,CHKP
2023-06-12 09:31:00,126.53,126.53,126.18,126.18,441.0,CHKP
2023-06-12 09:30:00,126.14,126.28,126.14,126.28,12620.0,CHKP
2023-06-09 16:00:00,126.14,126.14,126.14,126.14,8048.0,CHKP
2023-06-09 15:59:00,126.0,126.16,125.99,126.125,31597.0,CHKP
2023-06-09 15:58:00,125.96,126.005,125.955,126.005,19318.0,CHKP
2023-06-09 15:57:00,125.9,125.93,125.84,125.92,10296.0,CHKP
2023-06-09 15:56:00,125.92,125.93,125.825,125.91,18470.0,CHKP
2023-06-09 15:55:00,125.75,125.92,125.75,125.92,12703.0,CHKP
2023-06-09 15:54:00,125.74,125.78,125.74,125.77,13904.0,CHKP
2023-06-09 15:53:00,125.77,125.79,125.71,125.745,8398.0,CHKP
2023-06-09 15:52:00,125.76,125.765,125.74,125.76,4347.0,CHKP
2023-06-09 15:51:00,125.73,125.75,125.705,125.72,5146.0,CHKP
2023-06-09 15:50:00,125.76,125.76,125.65,125.68,9728.0,CHKP
2023-06-09 15:49:00,125.75,125.78,125.75,125.77,4302.0,CHKP
2023-06-09 15:48:00,125.69,125.76,125.69,125.745,2864.0,CHKP
2023-06-09 15:47:00,125.7,125.71,125.68,125.68,2777.0,CHKP
2023-06-09 15:46:00,125.72,125.74,125.69,125.715,4690.0,CHKP
2023-06-09 15:45:00,125.7,125.72,125.7,125.71,3232.0,CHKP
2023-06-09 15:44:00,125.73,125.73,125.7,125.715,3319.0,CHKP
2023-06-09 15:43:00,125.685,125.73,125.66,125.73,4293.0,CHKP
2023-06-09 15:42:00,125.599,125.69,125.585,125.69,5388.0,CHKP
2023-06-09 15:41:00,125.6,125.6,125.56,125.58,2303.0,CHKP
2023-06-09 15:40:00,125.545,125.6,125.545,125.6,1946.0,CHKP
2023-06-09 15:39:00,125.5802,125.605,125.52,125.535,5878.0,CHKP
2023-06-09 15:38:00,125.58,125.61,125.58,125.59,1603.0,CHKP
2023-06-09 15:37:00,125.64,125.64,125.53,125.57,8445.0,CHKP
2023-06-09 15:36:00,125.59,125.64,125.59,125.64,2803.0,CHKP
2023-06-09 15:35:00,125.645,125.65,125.595,125.6,2969.0,CHKP
2023-06-09 15:34:00,125.675,125.675,125.62,125.64,2658.0,CHKP
2023-06-09 15:33:00,125.71,125.73,125.69,125.69,2667.0,CHKP
2023-06-09 15:32:00,125.71,125.73,125.71,125.73,1407.0,CHKP
2023-06-09 15:31:00,125.665,125.729,125.64,125.729,2702.0,CHKP
2023-06-09 15:30:00,125.7,125.7,125.67,125.67,4145.0,CHKP
2023-06-09 15:29:00,125.75,125.75,125.71,125.71,2430.0,CHKP
2023-06-09 15:28:00,125.79,125.795,125.765,125.765,1345.0,CHKP
2023-06-09 15:27:00,125.73,125.785,125.7,125.785,6942.0,CHKP
2023-06-09 15:26:00,125.7,125.745,125.7,125.73,2837.0,CHKP
2023-06-09 15:25:00,125.71,125.71,125.69,125.69,605.0,CHKP
2023-06-09 15:24:00,125.7,125.78,125.7,125.72,4148.0,CHKP
2023-06-09 15:23:00,125.64,125.69,125.605,125.69,3240.0,CHKP
2023-06-09 15:22:00,125.605,125.66,125.605,125.66,1624.0,CHKP
2023-06-09 15:21:00,125.62,125.63,125.57,125.605,4384.0,CHKP
2023-06-09 15:20:00,125.62,125.62,125.55,125.61,4382.0,CHKP
2023-06-09 15:19:00,125.63,125.68,125.62,125.62,3005.0,CHKP
2023-06-09 15:18:00,125.67,125.67,125.61,125.61,1478.0,CHKP
2023-06-09 15:17:00,125.7,125.7,125.67,125.67,449.0,CHKP
2023-06-09 15:16:00,125.66,125.76,125.66,125.72,5082.0,CHKP
2023-06-09 15:15:00,125.77,125.7938,125.7,125.7,2445.0,CHKP
2023-06-09 15:14:00,125.79,125.79,125.76,125.76,1035.0,CHKP
2023-06-09 15:13:00,125.79,125.79,125.73,125.735,2694.0,CHKP
2023-06-09 15:12:00,125.73,125.79,125.73,125.765,1740.0,CHKP
2023-06-09 15:11:00,125.715,125.73,125.7,125.73,1485.0,CHKP
2023-06-09 15:10:00,125.65,125.7,125.64,125.7,3070.0,CHKP
2023-06-09 15:09:00,125.715,125.72,125.67,125.67,3669.0,CHKP
2023-06-09 15:08:00,125.72,125.72,125.69,125.69,1545.0,CHKP
2023-06-09 15:07:00,125.7,125.74,125.7,125.74,2187.0,CHKP
2023-06-09 15:06:00,125.8,125.8,125.71,125.71,1932.0,CHKP
2023-06-09 15:05:00,125.83,125.85,125.82,125.82,1844.0,CHKP
2023-06-09 15:04:00,125.83,125.845,125.82,125.845,778.0,CHKP
2023-06-09 15:03:00,125.84,125.845,125.79,125.79,1876.0,CHKP
2023-06-09 15:02:00,125.79,125.845,125.79,125.845,891.0,CHKP
2023-06-09 15:01:00,125.755,125.77,125.755,125.77,386.0,CHKP
2023-06-09 15:00:00,125.76,125.79,125.7211,125.7211,2891.0,CHKP
2023-06-09 14:59:00,125.76,125.76,125.73,125.73,1036.0,CHKP
2023-06-09 14:58:00,125.775,125.775,125.75,125.76,824.0,CHKP
2023-06-09 14:57:00,125.79,125.805,125.79,125.79,2037.0,CHKP
2023-06-09 14:56:00,125.8,125.8,125.77,125.775,1641.0,CHKP
2023-06-09 14:55:00,125.785,125.79,125.785,125.79,759.0,CHKP
2023-06-09 14:54:00,125.7706,125.8,125.77,125.77,2174.0,CHKP
2023-06-09 14:53:00,125.75,125.76,125.74,125.74,2478.0,CHKP
2023-06-09 14:52:00,125.76,125.77,125.75,125.77,1052.0,CHKP
2023-06-09 14:51:00,125.78,125.81,125.78,125.78,3066.0,CHKP
2023-06-09 14:50:00,125.755,125.755,125.73,125.73,315.0,CHKP
2023-06-09 14:49:00,125.76,125.77,125.74,125.755,1564.0,CHKP
2023-06-09 14:48:00,125.76,125.79,125.76,125.77,1613.0,CHKP
2023-06-09 14:47:00,125.755,125.755,125.72,125.745,967.0,CHKP
2023-06-09 14:46:00,125.73,125.775,125.72,125.775,2161.0,CHKP
2023-06-09 14:45:00,125.71,125.76,125.7,125.75,1976.0,CHKP
2023-06-09 14:44:00,125.7,125.7,125.66,125.66,634.0,CHKP
2023-06-09 14:43:00,125.69,125.69,125.68,125.69,864.0,CHKP
2023-06-09 14:42:00,125.69,125.725,125.69,125.725,1032.0,CHKP
2023-06-09 14:41:00,125.67,125.715,125.67,125.715,424.0,CHKP
2023-06-09 14:40:00,125.655,125.7,125.655,125.7,2178.0,CHKP
2023-06-09 14:39:00,125.66,125.66,125.66,125.66,644.0,CHKP
2023-06-09 14:38:00,125.7,125.71,125.7,125.71,639.0,CHKP
2023-06-09 14:37:00,125.77,125.77,125.73,125.73,2729.0,CHKP
2023-06-09 14:36:00,125.76,125.77,125.76,125.77,1311.0,CHKP
2023-06-09 14:35:00,125.79,125.8,125.79,125.79,1118.0,CHKP
2023-06-09 14:34:00,125.79,125.79,125.79,125.79,181.0,CHKP
2023-06-09 14:33:00,125.82,125.83,125.805,125.83,1036.0,CHKP
2023-06-09 14:32:00,125.93,125.94,125.84,125.84,4239.0,CHKP
2023-06-09 14:31:00,125.95,125.95,125.95,125.95,367.0,CHKP
2023-06-09 14:30:00,126.0,126.005,125.98,125.98,1698.0,CHKP
2023-06-09 14:29:00,125.94,125.94,125.94,125.94,985.0,CHKP
2023-06-09 14:28:00,125.97,125.97,125.95,125.95,1421.0,CHKP
2023-06-09 14:27:00,125.98,125.985,125.98,125.985,434.0,CHKP
2023-06-09 14:26:00,126.0,126.0,125.975,125.975,1496.0,CHKP
2023-06-09 14:25:00,125.97,125.995,125.95,125.995,1375.0,CHKP
2023-06-09 14:23:00,125.9,125.99,125.9,125.98,1829.0,CHKP
2023-06-09 14:22:00,125.86,125.925,125.86,125.91,2387.0,CHKP
2023-06-09 14:21:00,125.875,125.875,125.86,125.86,389.0,CHKP
2023-06-09 14:20:00,125.8588,125.8588,125.8588,125.8588,348.0,CHKP
2023-06-09 14:19:00,125.91,125.91,125.87,125.87,1984.0,CHKP
2023-06-09 14:18:00,125.97,125.97,125.89,125.9,1949.0,CHKP
2023-06-09 14:16:00,125.99,126.03,125.98,125.98,3851.0,CHKP
2023-06-09 14:15:00,126.015,126.03,125.99,125.9961,1191.0,CHKP
2023-06-09 14:14:00,126.0105,126.0105,126.0105,126.0105,189.0,CHKP
2023-06-09 14:13:00,126.055,126.09,126.02,126.025,3644.0,CHKP
2023-06-09 14:12:00,126.11,126.11,126.0382,126.0382,1201.0,CHKP
2023-06-09 14:11:00,126.16,126.16,126.1,126.105,1560.0,CHKP
2023-06-09 14:10:00,126.185,126.185,126.15,126.15,918.0,CHKP
2023-06-09 14:09:00,126.17,126.2,126.16,126.18,1328.0,CHKP
2023-06-09 14:08:00,126.19,126.19,126.15,126.17,3168.0,CHKP
2023-06-09 14:07:00,126.165,126.165,126.165,126.165,358.0,CHKP
2023-06-09 14:05:00,126.18,126.195,126.17,126.17,909.0,CHKP
2023-06-09 14:04:00,126.295,126.295,126.2,126.2,2247.0,CHKP
2023-06-09 14:03:00,126.3,126.3,126.3,126.3,480.0,CHKP
2023-06-09 14:02:00,126.27,126.27,126.23,126.235,1181.0,CHKP
2023-06-09 14:01:00,126.18,126.2,126.18,126.2,1100.0,CHKP
2023-06-09 14:00:00,126.14,126.15,126.14,126.15,384.0,CHKP
2023-06-09 13:59:00,126.11,126.11,126.09,126.095,747.0,CHKP
2023-06-09 13:58:00,126.12,126.145,126.09,126.09,1074.0,CHKP
2023-06-09 13:57:00,126.05,126.1,126.05,126.095,1667.0,CHKP
2023-06-09 13:56:00,126.03,126.045,126.01,126.01,1288.0,CHKP
2023-06-09 13:55:00,126.09,126.09,126.01,126.06,753.0,CHKP
2023-06-09 13:54:00,126.145,126.145,126.105,126.105,1073.0,CHKP
2023-06-09 13:53:00,126.0,126.12,126.0,126.12,2236.0,CHKP
2023-06-09 13:52:00,126.045,126.07,125.98,125.98,3102.0,CHKP
2023-06-09 13:51:00,126.07,126.07,126.07,126.07,291.0,CHKP
2023-06-09 13:50:00,126.12,126.12,126.08,126.08,1308.0,CHKP
2023-06-09 13:49:00,126.15,126.18,126.12,126.12,4291.0,CHKP
2023-06-09 13:48:00,126.26,126.295,126.21,126.21,2934.0,CHKP
2023-06-09 13:47:00,126.235,126.26,126.235,126.26,700.0,CHKP
2023-06-09 13:46:00,126.21,126.22,126.21,126.22,986.0,CHKP
2023-06-09 13:45:00,126.15,126.19,126.12,126.175,2669.0,CHKP
2023-06-09 13:44:00,126.205,126.205,126.1,126.1,1127.0,CHKP
2023-06-09 13:43:00,126.31,126.31,126.18,126.18,1158.0,CHKP
2023-06-09 13:42:00,126.35,126.35,126.31,126.31,2044.0,CHKP
2023-06-09 13:41:00,126.38,126.4,126.38,126.39,1874.0,CHKP
2023-06-09 13:40:00,126.36,126.36,126.36,126.36,623.0,CHKP
2023-06-09 13:39:00,126.39,126.39,126.37,126.37,1271.0,CHKP
2023-06-09 13:38:00,126.495,126.495,126.35,126.4,6187.0,CHKP
2023-06-09 13:37:00,126.51,126.51,126.48,126.48,1165.0,CHKP
2023-06-09 13:36:00,126.54,126.58,126.46,126.5,6140.0,CHKP
2023-06-09 13:35:00,126.46,126.54,126.46,126.54,2434.0,CHKP
2023-06-09 13:34:00,126.51,126.51,126.46,126.46,2044.0,CHKP
2023-06-09 13:33:00,126.425,126.49,126.425,126.49,738.0,CHKP
2023-06-09 13:32:00,126.44,126.44,126.41,126.425,2043.0,CHKP
2023-06-09 13:31:00,126.43,126.46,126.42,126.46,1473.0,CHKP
2023-06-09 13:30:00,126.54,126.565,126.415,126.43,6763.0,CHKP
2023-06-09 13:29:00,126.5,126.51,126.48,126.48,1475.0,CHKP
2023-06-09 13:28:00,126.542,126.58,126.42,126.48,8792.0,CHKP
2023-06-09 13:27:00,126.44,126.61,126.44,126.61,1711.0,CHKP
2023-06-09 13:26:00,126.49,126.53,126.45,126.47,7094.0,CHKP
2023-06-09 13:25:00,126.48,126.51,126.37,126.485,10959.0,CHKP
2023-06-09 13:24:00,126.35,126.47,126.35,126.45,4781.0,CHKP
2023-06-09 13:23:00,126.345,126.385,126.31,126.35,5213.0,CHKP
2023-06-09 13:22:00,126.25,126.37,126.24,126.345,3993.0,CHKP
2023-06-09 13:21:00,126.255,126.275,126.255,126.26,2112.0,CHKP
2023-06-09 13:20:00,126.11,126.23,126.1,126.23,2645.0,CHKP
2023-06-09 13:19:00,126.2,126.2,126.1,126.135,4965.0,CHKP
2023-06-09 13:18:00,126.22,126.22,126.11,126.19,5245.0,CHKP
2023-06-09 13:17:00,126.22,126.24,126.22,126.225,947.0,CHKP
2023-06-09 13:16:00,126.24,126.24,126.13,126.195,4611.0,CHKP
2023-06-09 13:15:00,126.245,126.31,126.23,126.28,17506.0,CHKP
2023-06-09 13:14:00,126.235,126.26,126.235,126.26,944.0,CHKP
2023-06-09 13:13:00,126.24,126.265,126.21,126.23,4940.0,CHKP
2023-06-09 13:12:00,126.19,126.23,126.17,126.23,9982.0,CHKP
2023-06-09 13:11:00,126.15,126.17,126.13,126.17,1086.0,CHKP
2023-06-09 13:10:00,126.155,126.16,126.15,126.16,458.0,CHKP
2023-06-09 13:09:00,125.95,126.145,125.94,126.145,4327.0,CHKP
2023-06-09 13:08:00,125.95,126.07,125.945,125.95,4612.0,CHKP
2023-06-09 13:07:00,126.05,126.07,125.945,125.945,10310.0,CHKP
2023-06-09 13:06:00,126.03,126.05,126.01,126.05,2694.0,CHKP
2023-06-09 13:05:00,126.02,126.04,126.02,126.02,623.0,CHKP
2023-06-09 13:04:00,125.95,126.04,125.95,126.04,3065.0,CHKP
2023-06-09 13:03:00,125.925,125.95,125.925,125.95,569.0,CHKP
2023-06-09 13:02:00,125.8,125.945,125.77,125.935,4613.0,CHKP
2023-06-09 13:01:00,125.76,125.82,125.76,125.81,2360.0,CHKP
2023-06-09 13:00:00,125.75,125.83,125.75,125.79,1887.0,CHKP
2023-06-09 12:59:00,125.73,125.73,125.715,125.715,660.0,CHKP
2023-06-09 12:58:00,125.76,125.76,125.68,125.7,1067.0,CHKP
2023-06-09 12:57:00,125.8,125.82,125.8,125.815,2304.0,CHKP
2023-06-09 12:56:00,125.78,125.78,125.76,125.76,1673.0,CHKP
2023-06-09 12:55:00,125.69,125.755,125.68,125.755,4601.0,CHKP
2023-06-09 12:54:00,125.645,125.71,125.645,125.705,1540.0,CHKP
2023-06-09 12:53:00,125.615,125.645,125.615,125.645,1456.0,CHKP
2023-06-09 12:51:00,125.52,125.66,125.52,125.61,3058.0,CHKP
2023-06-09 12:50:00,125.63,125.63,125.53,125.54,3732.0,CHKP
2023-06-09 12:49:00,125.6801,125.6801,125.57,125.59,6669.0,CHKP
2023-06-09 12:48:00,125.69,125.73,125.68,125.68,2760.0,CHKP
2023-06-09 12:47:00,125.74,125.74,125.67,125.67,4125.0,CHKP
2023-06-09 12:46:00,125.81,125.81,125.74,125.75,3202.0,CHKP
2023-06-09 12:45:00,125.82,125.84,125.82,125.82,1389.0,CHKP
2023-06-09 12:44:00,125.83,125.85,125.83,125.85,2012.0,CHKP
2023-06-09 12:43:00,125.825,125.825,125.7796,125.7796,1598.0,CHKP
2023-06-09 12:42:00,125.8,125.825,125.79,125.8,2575.0,CHKP
2023-06-09 12:41:00,125.72,125.78,125.72,125.775,1230.0,CHKP
2023-06-09 12:40:00,125.695,125.7,125.65,125.68,4830.0,CHKP
2023-06-09 12:39:00,125.69,125.7,125.69,125.7,1034.0,CHKP
2023-06-09 12:38:00,125.66,125.69,125.65,125.675,1391.0,CHKP
2023-06-09 12:37:00,125.625,125.63,125.625,125.63,760.0,CHKP
2023-06-09 12:36:00,125.665,125.74,125.64,125.64,4689.0,CHKP
2023-06-09 12:35:00,125.555,125.665,125.555,125.665,2724.0,CHKP
2023-06-09 12:34:00,125.575,125.575,125.56,125.56,1041.0,CHKP
2023-06-09 12:33:00,125.6,125.6,125.56,125.56,3034.0,CHKP
2023-06-09 12:32:00,125.55,125.6,125.55,125.58,1226.0,CHKP
2023-06-09 12:31:00,125.53,125.55,125.5,125.53,1959.0,CHKP
2023-06-09 12:30:00,125.42,125.55,125.42,125.5,2292.0,CHKP
2023-06-09 12:29:00,125.415,125.47,125.415,125.46,1308.0,CHKP
2023-06-09 12:28:00,125.305,125.395,125.305,125.395,1694.0,CHKP
2023-06-09 12:27:00,125.425,125.425,125.28,125.28,1917.0,CHKP
2023-06-09 12:26:00,125.45,125.45,125.4,125.43,2396.0,CHKP
2023-06-09 12:25:00,125.47,125.505,125.47,125.495,1446.0,CHKP
2023-06-09 12:24:00,125.46,125.47,125.42,125.455,3221.0,CHKP
2023-06-09 12:22:00,125.385,125.41,125.36,125.41,3822.0,CHKP
2023-06-09 12:21:00,125.43,125.48,125.38,125.385,12447.0,CHKP
2023-06-09 12:20:00,125.435,125.46,125.435,125.44,642.0,CHKP
2023-06-09 12:19:00,125.335,125.41,125.3325,125.41,1451.0,CHKP
2023-06-09 12:18:00,125.375,125.375,125.35,125.35,1740.0,CHKP
2023-06-09 12:17:00,125.315,125.39,125.315,125.375,1902.0,CHKP
2023-06-09 12:16:00,125.305,125.33,125.305,125.315,917.0,CHKP
2023-06-09 12:15:00,125.38,125.38,125.31,125.31,3971.0,CHKP
2023-06-09 12:14:00,125.35,125.37,125.35,125.35,1399.0,CHKP
2023-06-09 12:13:00,125.3,125.31,125.3,125.31,851.0,CHKP
2023-06-09 12:12:00,125.245,125.28,125.22,125.28,1590.0,CHKP
2023-06-09 12:11:00,125.25,125.26,125.23,125.26,1951.0,CHKP
2023-06-09 12:10:00,125.2,125.23,125.2,125.22,832.0,CHKP
2023-06-09 12:09:00,125.19,125.19,125.19,125.19,982.0,CHKP
2023-06-09 12:08:00,125.18,125.18,125.14,125.16,4054.0,CHKP
2023-06-09 12:07:00,125.15,125.15,125.15,125.15,728.0,CHKP
2023-06-09 12:06:00,125.15,125.18,125.13,125.15,1611.0,CHKP
2023-06-09 12:05:00,125.05,125.095,125.05,125.095,1078.0,CHKP
2023-06-09 12:04:00,125.03,125.05,125.03,125.05,1276.0,CHKP
2023-06-09 12:03:00,124.99,125.01,124.98,125.01,967.0,CHKP
2023-06-09 12:02:00,124.905,124.98,124.905,124.98,1691.0,CHKP
2023-06-09 12:01:00,124.99,125.01,124.9,124.9,2422.0,CHKP
2023-06-09 12:00:00,125.0,125.05,125.0,125.02,3283.0,CHKP
2023-06-09 11:59:00,125.02,125.02,125.005,125.005,498.0,CHKP
2023-06-09 11:58:00,124.98,125.02,124.98,125.02,897.0,CHKP
2023-06-09 11:57:00,124.97,124.97,124.93,124.955,2128.0,CHKP
2023-06-09 11:56:00,124.96,124.99,124.96,124.99,1487.0,CHKP
2023-06-09 11:55:00,124.99,125.0,124.9,124.9,2573.0,CHKP
2023-06-09 11:54:00,124.98,124.995,124.98,124.995,812.0,CHKP
2023-06-09 11:53:00,125.0,125.0,125.0,125.0,725.0,CHKP
2023-06-09 11:52:00,125.03,125.05,124.965,124.965,2530.0,CHKP
2023-06-09 11:51:00,125.07,125.07,125.03,125.03,2482.0,CHKP
2023-06-09 11:50:00,125.07,125.07,125.07,125.07,450.0,CHKP
2023-06-09 11:49:00,125.07,125.07,124.96,125.06,3546.0,CHKP
2023-06-09 11:48:00,125.05,125.07,125.04,125.07,1151.0,CHKP
2023-06-09 11:47:00,125.05,125.07,125.05,125.06,2101.0,CHKP
2023-06-09 11:46:00,125.03,125.03,125.03,125.03,646.0,CHKP
2023-06-09 11:45:00,125.05,125.05,124.98,125.0114,3606.0,CHKP
2023-06-09 11:43:00,125.06,125.07,125.035,125.06,3677.0,CHKP
2023-06-09 11:42:00,125.06,125.085,125.06,125.085,808.0,CHKP
2023-06-09 11:41:00,125.06,125.06,125.06,125.06,156.0,CHKP
2023-06-09 11:40:00,125.08,125.08,125.07,125.07,1372.0,CHKP
2023-06-09 11:39:00,125.1,125.1,125.07,125.07,2094.0,CHKP
2023-06-09 11:38:00,125.13,125.13,125.13,125.13,160.0,CHKP
2023-06-09 11:37:00,125.07,125.13,125.07,125.13,821.0,CHKP
2023-06-09 11:36:00,125.01,125.05,124.99,125.05,3663.0,CHKP
2023-06-09 11:35:00,125.05,125.05,124.98,124.98,1489.0,CHKP
2023-06-09 11:34:00,124.995,125.04,124.995,125.04,659.0,CHKP
2023-06-09 11:33:00,125.07,125.085,125.0,125.0,4192.0,CHKP
2023-06-09 11:32:00,124.95,125.005,124.95,125.005,1745.0,CHKP
2023-06-09 11:31:00,124.97,125.0,124.92,124.94,1810.0,CHKP
2023-06-09 11:30:00,124.95,124.95,124.855,124.93,5279.0,CHKP
2023-06-09 11:29:00,124.98,124.98,124.98,124.98,483.0,CHKP
2023-06-09 11:28:00,125.07,125.07,124.92,124.96,7886.0,CHKP
2023-06-09 11:27:00,125.03,125.07,125.03,125.07,2096.0,CHKP
2023-06-09 11:26:00,125.08,125.085,125.035,125.05,1346.0,CHKP
2023-06-09 11:25:00,125.21,125.21,125.1,125.11,2454.0,CHKP
2023-06-09 11:24:00,125.33,125.33,125.24,125.24,2347.0,CHKP
2023-06-09 11:23:00,125.37,125.37,125.33,125.33,1468.0,CHKP
2023-06-09 11:22:00,125.39,125.39,125.33,125.33,2247.0,CHKP
2023-06-09 11:21:00,125.33,125.405,125.33,125.39,3128.0,CHKP
2023-06-09 11:20:00,125.25,125.375,125.25,125.33,1908.0,CHKP
2023-06-09 11:19:00,125.25,125.3,125.25,125.295,4193.0,CHKP
2023-06-09 11:17:00,125.345,125.345,125.21,125.21,1276.0,CHKP
2023-06-09 11:16:00,125.44,125.44,125.35,125.35,2232.0,CHKP
2023-06-09 11:15:00,125.41,125.47,125.41,125.44,3570.0,CHKP
2023-06-09 11:14:00,125.33,125.45,125.295,125.45,2979.0,CHKP
2023-06-09 11:13:00,125.26,125.2825,125.26,125.2825,1502.0,CHKP
2023-06-09 11:12:00,125.135,125.32,125.1,125.27,4480.0,CHKP
2023-06-09 11:11:00,125.06,125.115,125.06,125.1,2364.0,CHKP
2023-06-09 11:10:00,124.96,125.075,124.96,125.06,8952.0,CHKP
2023-06-09 11:09:00,125.015,125.015,124.94,124.96,3281.0,CHKP
2023-06-09 11:08:00,125.04,125.045,124.99,124.99,3235.0,CHKP
2023-06-09 11:07:00,125.035,125.04,125.0,125.01,1002.0,CHKP
2023-06-09 11:06:00,125.09,125.1,124.92,125.03,14211.0,CHKP
2023-06-09 11:05:00,124.95,125.12,124.945,125.12,8994.0,CHKP
2023-06-09 11:04:00,124.995,124.995,124.92,124.92,2871.0,CHKP
2023-06-09 11:02:00,124.985,124.985,124.95,124.985,2274.0,CHKP
2023-06-09 11:00:00,125.09,125.09,124.96,124.96,2884.0,CHKP
2023-06-09 10:59:00,125.12,125.13,125.04,125.13,2859.0,CHKP
2023-06-09 10:58:00,125.125,125.15,125.1,125.135,5012.0,CHKP
2023-06-09 10:57:00,125.06,125.11,125.04,125.06,3662.0,CHKP
2023-06-09 10:56:00,125.0,125.04,124.95,125.04,5294.0,CHKP
2023-06-09 10:55:00,124.92,124.97,124.865,124.97,7557.0,CHKP
2023-06-09 10:54:00,124.975,124.98,124.93,124.93,4752.0,CHKP
2023-06-09 10:53:00,124.835,124.99,124.835,124.94,5070.0,CHKP
2023-06-09 10:52:00,124.75,124.825,124.75,124.82,1465.0,CHKP
2023-06-09 10:51:00,124.86,124.86,124.76,124.76,3411.0,CHKP
2023-06-09 10:50:00,124.77,124.93,124.77,124.86,44485.0,CHKP
2023-06-09 10:49:00,124.83,124.84,124.77,124.77,4406.0,CHKP
2023-06-09 10:48:00,124.825,124.85,124.825,124.84,1318.0,CHKP
2023-06-09 10:47:00,124.785,124.825,124.77,124.825,1472.0,CHKP
2023-06-09 10:46:00,124.74,124.82,124.74,124.785,3853.0,CHKP
2023-06-09 10:45:00,124.68,124.74,124.66,124.74,1940.0,CHKP
2023-06-09 10:44:00,124.72,124.725,124.64,124.71,3135.0,CHKP
2023-06-09 10:43:00,124.71,124.76,124.71,124.76,3028.0,CHKP
2023-06-09 10:42:00,124.71,124.73,124.66,124.73,1349.0,CHKP
2023-06-09 10:41:00,124.79,124.79,124.67,124.74,3230.0,CHKP
2023-06-09 10:40:00,124.75,124.84,124.75,124.83,1914.0,CHKP
2023-06-09 10:39:00,124.81,124.82,124.76,124.76,2238.0,CHKP
2023-06-09 10:38:00,124.82,124.84,124.81,124.835,1108.0,CHKP
2023-06-09 10:37:00,124.8,124.875,124.8,124.85,1511.0,CHKP
2023-06-09 10:36:00,124.74,124.77,124.72,124.765,3259.0,CHKP
2023-06-09 10:35:00,124.705,124.745,124.68,124.74,1560.0,CHKP
2023-06-09 10:34:00,124.72,124.72,124.7,124.71,1211.0,CHKP
2023-06-09 10:33:00,124.79,124.79,124.74,124.74,4007.0,CHKP
2023-06-09 10:32:00,124.765,124.78,124.71,124.775,3192.0,CHKP
2023-06-09 10:31:00,124.76,124.78,124.76,124.765,2044.0,CHKP
2023-06-09 10:30:00,124.69,124.74,124.66,124.735,4520.0,CHKP
2023-06-09 10:29:00,124.66,124.73,124.66,124.695,2778.0,CHKP
2023-06-09 10:28:00,124.69,124.74,124.69,124.71,2196.0,CHKP
2023-06-09 10:27:00,124.74,124.77,124.69,124.69,3581.0,CHKP
2023-06-09 10:26:00,124.72,124.735,124.6,124.735,3665.0,CHKP
2023-06-09 10:25:00,124.7,124.77,124.7,124.74,5802.0,CHKP
2023-06-09 10:24:00,124.73,124.75,124.725,124.745,1448.0,CHKP
2023-06-09 10:23:00,124.63,124.68,124.63,124.65,607.0,CHKP
2023-06-09 10:22:00,124.64,124.64,124.64,124.64,148.0,CHKP
2023-06-09 10:21:00,124.76,124.815,124.71,124.73,3008.0,CHKP
2023-06-09 10:20:00,124.75,124.825,124.74,124.78,2767.0,CHKP
2023-06-09 10:19:00,124.645,124.82,124.645,124.82,21938.0,CHKP
2023-06-09 10:18:00,124.525,124.65,124.525,124.635,8574.0,CHKP
2023-06-09 10:17:00,124.55,124.55,124.5101,124.5101,1000.0,CHKP
2023-06-09 10:16:00,124.6497,124.6497,124.52,124.52,3425.0,CHKP
2023-06-09 10:15:00,124.55,124.64,124.55,124.64,2231.0,CHKP
2023-06-09 10:14:00,124.63,124.63,124.57,124.57,1828.0,CHKP
2023-06-09 10:13:00,124.69,124.69,124.63,124.63,3616.0,CHKP
2023-06-09 10:12:00,124.685,124.69,124.685,124.685,1110.0,CHKP
2023-06-09 10:11:00,124.63,124.67,124.63,124.665,2349.0,CHKP
2023-06-09 10:10:00,124.51,124.65,124.51,124.63,4850.0,CHKP
2023-06-09 10:09:00,124.54,124.54,124.54,124.54,296.0,CHKP
2023-06-09 10:08:00,124.62,124.62,124.54,124.54,2444.0,CHKP
2023-06-09 10:07:00,124.64,124.67,124.62,124.62,1755.0,CHKP
2023-06-09 10:06:00,124.6,124.6,124.6,124.6,245.0,CHKP
2023-06-09 10:05:00,124.59,124.64,124.59,124.64,1140.0,CHKP
2023-06-09 10:04:00,124.74,124.75,124.605,124.605,2292.0,CHKP
2023-06-09 10:03:00,124.77,124.77,124.74,124.7625,2185.0,CHKP
2023-06-09 10:02:00,124.75,124.765,124.75,124.75,2639.0,CHKP
2023-06-09 10:01:00,124.71,124.75,124.68,124.735,2999.0,CHKP
2023-06-09 10:00:00,124.785,124.8,124.64,124.69,9051.0,CHKP
2023-06-09 09:59:00,124.74,124.785,124.74,124.74,1347.0,CHKP
2023-06-09 09:58:00,124.77,124.82,124.77,124.78,1064.0,CHKP
2023-06-09 09:57:00,124.725,124.725,124.72,124.72,240.0,CHKP
2023-06-09 09:56:00,124.895,124.895,124.71,124.765,2905.0,CHKP
2023-06-09 09:55:00,124.855,124.895,124.8,124.82,1370.0,CHKP
2023-06-09 09:54:00,124.895,124.895,124.855,124.855,1244.0,CHKP
2023-06-09 09:53:00,124.84,124.84,124.84,124.84,405.0,CHKP
2023-06-09 09:52:00,124.825,124.825,124.8,124.8,225.0,CHKP
2023-06-09 09:51:00,124.665,124.78,124.61,124.78,6087.0,CHKP
2023-06-09 09:50:00,124.7,124.735,124.62,124.62,4378.0,CHKP
2023-06-09 09:49:00,124.65,124.705,124.65,124.705,1273.0,CHKP
2023-06-09 09:48:00,124.595,124.595,124.595,124.595,768.0,CHKP
2023-06-09 09:47:00,124.62,124.62,124.56,124.585,998.0,CHKP
2023-06-09 09:46:00,124.49,124.62,124.49,124.62,1090.0,CHKP
2023-06-09 09:45:00,124.45,124.45,124.365,124.435,1641.0,CHKP
2023-06-09 09:44:00,124.46,124.51,124.36,124.4,2842.0,CHKP
2023-06-09 09:43:00,124.34,124.43,124.31,124.43,2567.0,CHKP
2023-06-09 09:42:00,124.365,124.365,124.33,124.33,484.0,CHKP
2023-06-09 09:41:00,124.37,124.37,124.37,124.37,266.0,CHKP
2023-06-09 09:40:00,124.35,124.35,124.35,124.35,121.0,CHKP
2023-06-09 09:39:00,124.16,124.31,124.16,124.31,614.0,CHKP
2023-06-09 09:37:00,124.23,124.29,124.2,124.2,1919.0,CHKP
2023-06-09 09:36:00,124.23,124.23,124.23,124.23,151.0,CHKP
2023-06-09 09:35:00,124.36,124.36,124.17,124.21,2288.0,CHKP
2023-06-09 09:34:00,124.06,124.32,124.06,124.22,2367.0,CHKP
2023-06-09 09:33:00,124.09,124.11,124.09,124.11,452.0,CHKP
2023-06-09 09:32:00,124.21,124.21,124.01,124.01,648.0,CHKP
2023-06-09 09:31:00,124.38,124.38,124.14,124.18,1970.0,CHKP
2023-06-09 09:30:00,124.36,124.44,124.205,124.255,7519.0,CHKP
2023-06-08 16:00:00,123.88,123.88,123.88,123.88,30747.0,CHKP
2023-06-08 15:59:00,123.975,123.98,123.87,123.87,27483.0,CHKP
2023-06-08 15:58:00,124.02,124.02,123.92,123.98,11160.0,CHKP
2023-06-08 15:57:00,124.065,124.08,124.01,124.035,11735.0,CHKP
2023-06-08 15:56:00,123.975,124.065,123.975,124.065,6697.0,CHKP
2023-06-08 15:55:00,123.935,123.9775,123.91,123.9775,6738.0,CHKP
2023-06-08 15:54:00,124.0,124.0,123.94,123.95,5199.0,CHKP
2023-06-08 15:53:00,124.0,124.06,124.0,124.0,8298.0,CHKP
2023-06-08 15:52:00,123.975,124.0,123.96,123.985,4154.0,CHKP
2023-06-08 15:51:00,123.93,123.99,123.93,123.99,6692.0,CHKP
2023-06-08 15:50:00,123.975,123.99,123.925,123.93,5415.0,CHKP
2023-06-08 15:49:00,123.97,124.015,123.97,123.975,3329.0,CHKP
2023-06-08 15:48:00,123.95,124.04,123.89,123.98,3781.0,CHKP
2023-06-08 15:47:00,124.02,124.04,123.955,123.955,1643.0,CHKP
2023-06-08 15:46:00,124.02,124.02,123.94,123.97,1946.0,CHKP
2023-06-08 15:45:00,124.061,124.1,124.01,124.03,5755.0,CHKP
2023-06-08 15:44:00,123.99,124.1,123.99,124.07,6657.0,CHKP
2023-06-08 15:43:00,124.04,124.09,124.03,124.03,2709.0,CHKP
2023-06-08 15:42:00,124.055,124.09,124.05,124.08,1408.0,CHKP
2023-06-08 15:41:00,124.09,124.09,124.035,124.035,642.0,CHKP
2023-06-08 15:40:00,124.06,124.085,124.06,124.065,920.0,CHKP
2023-06-08 15:39:00,124.09,124.14,124.09,124.1,2814.0,CHKP
2023-06-08 15:38:00,124.12,124.14,124.08,124.08,1182.0,CHKP
2023-06-08 15:37:00,124.14,124.155,124.125,124.145,880.0,CHKP
2023-06-08 15:36:00,124.19,124.19,124.14,124.16,4231.0,CHKP
2023-06-08 15:35:00,124.22,124.225,124.22,124.22,1260.0,CHKP
2023-06-08 15:34:00,124.225,124.225,124.19,124.22,1083.0,CHKP
2023-06-08 15:33:00,124.2,124.22,124.15,124.21,3735.0,CHKP
2023-06-08 15:32:00,124.215,124.215,124.215,124.215,464.0,CHKP
2023-06-08 15:31:00,124.18,124.24,124.18,124.24,1705.0,CHKP
2023-06-08 15:30:00,124.18,124.18,124.14,124.155,1601.0,CHKP
2023-06-08 15:29:00,124.235,124.26,124.235,124.26,564.0,CHKP
2023-06-08 15:28:00,124.18,124.295,124.18,124.2725,5731.0,CHKP
2023-06-08 15:27:00,124.175,124.24,124.17,124.23,5659.0,CHKP
2023-06-08 15:26:00,124.205,124.205,124.1585,124.1585,521.0,CHKP
2023-06-08 15:25:00,124.21,124.22,124.175,124.21,2713.0,CHKP
2023-06-08 15:24:00,124.31,124.33,124.21,124.2176,4082.0,CHKP
2023-06-08 15:23:00,124.31,124.32,124.31,124.32,1449.0,CHKP
2023-06-08 15:22:00,124.3,124.34,124.27,124.28,6069.0,CHKP
2023-06-08 15:21:00,124.22,124.22,124.22,124.22,492.0,CHKP
2023-06-08 15:20:00,124.27,124.27,124.23,124.2525,883.0,CHKP
2023-06-08 15:19:00,124.24,124.265,124.23,124.23,546.0,CHKP
2023-06-08 15:18:00,124.305,124.32,124.26,124.27,1541.0,CHKP
2023-06-08 15:17:00,124.37,124.37,124.305,124.3337,2618.0,CHKP
2023-06-08 15:16:00,124.38,124.38,124.365,124.37,969.0,CHKP
2023-06-08 15:15:00,124.31,124.31,124.3,124.3,769.0,CHKP
2023-06-08 15:14:00,124.32,124.3375,124.28,124.28,5216.0,CHKP
2023-06-08 15:12:00,124.28,124.35,124.28,124.35,677.0,CHKP
2023-06-08 15:11:00,124.28,124.28,124.28,124.28,120.0,CHKP
2023-06-08 15:10:00,124.28,124.31,124.28,124.31,298.0,CHKP
2023-06-08 15:09:00,124.215,124.285,124.215,124.26,926.0,CHKP
2023-06-08 15:08:00,124.2425,124.2425,124.2425,124.2425,442.0,CHKP
2023-06-08 15:07:00,124.215,124.265,124.21,124.21,605.0,CHKP
2023-06-08 15:06:00,124.2187,124.24,124.2187,124.24,494.0,CHKP
2023-06-08 15:05:00,124.25,124.25,124.215,124.215,225.0,CHKP
2023-06-08 15:04:00,124.215,124.215,124.215,124.215,408.0,CHKP
2023-06-08 15:03:00,124.18,124.215,124.18,124.215,518.0,CHKP
2023-06-08 15:02:00,124.15,124.21,124.15,124.21,664.0,CHKP
2023-06-08 15:01:00,124.135,124.17,124.135,124.17,571.0,CHKP
2023-06-08 15:00:00,124.12,124.12,124.09,124.09,668.0,CHKP
2023-06-08 14:59:00,124.075,124.13,124.07,124.13,1314.0,CHKP
2023-06-08 14:58:00,124.12,124.12,124.065,124.065,421.0,CHKP
2023-06-08 14:57:00,124.065,124.065,124.065,124.065,183.0,CHKP
2023-06-08 14:56:00,124.13,124.13,124.065,124.065,500.0,CHKP
2023-06-08 14:55:00,124.1,124.1,124.075,124.075,308.0,CHKP
2023-06-08 14:54:00,124.15,124.15,124.09,124.09,1511.0,CHKP
2023-06-08 14:53:00,124.17,124.17,124.17,124.17,521.0,CHKP
2023-06-08 14:52:00,124.09,124.11,124.09,124.095,1000.0,CHKP
2023-06-08 14:51:00,124.12,124.12,124.05,124.05,640.0,CHKP
2023-06-08 14:49:00,123.93,124.02,123.93,124.015,3547.0,CHKP
2023-06-08 14:48:00,123.945,123.95,123.945,123.9472,1375.0,CHKP
2023-06-08 14:47:00,123.9375,123.97,123.92,123.97,730.0,CHKP
2023-06-08 14:46:00,124.0,124.0,123.96,123.96,1381.0,CHKP
2023-06-08 14:45:00,124.07,124.07,124.014,124.014,3791.0,CHKP
2023-06-08 14:44:00,124.06,124.07,124.06,124.07,604.0,CHKP
2023-06-08 14:43:00,124.01,124.01,124.0,124.0,540.0,CHKP
2023-06-08 14:42:00,124.05,124.0625,124.02,124.0625,1194.0,CHKP
2023-06-08 14:41:00,123.925,124.04,123.925,124.03,2103.0,CHKP
2023-06-08 14:40:00,124.05,124.05,123.94,123.95,2261.0,CHKP
2023-06-08 14:39:00,124.05,124.05,124.05,124.05,272.0,CHKP
2023-06-08 14:38:00,124.035,124.07,124.035,124.06,941.0,CHKP
2023-06-08 14:37:00,124.0,124.03,124.0,124.005,353.0,CHKP
2023-06-08 14:36:00,124.0,124.0,124.0,124.0,296.0,CHKP
2023-06-08 14:35:00,124.015,124.015,124.015,124.015,247.0,CHKP
2023-06-08 14:33:00,124.01,124.05,124.01,124.05,739.0,CHKP
2023-06-08 14:32:00,123.9688,123.98,123.95,123.95,655.0,CHKP
2023-06-08 14:31:00,124.0,124.0,124.0,124.0,100.0,CHKP
2023-06-08 14:30:00,123.945,124.0,123.945,124.0,1021.0,CHKP
2023-06-08 14:29:00,123.96,123.96,123.93,123.93,972.0,CHKP
2023-06-08 14:28:00,124.02,124.02,123.98,123.98,920.0,CHKP
2023-06-08 14:27:00,123.99,124.03,123.99,124.03,777.0,CHKP
2023-06-08 14:26:00,123.945,123.945,123.945,123.945,100.0,CHKP
2023-06-08 14:25:00,124.0,124.0,123.94,123.94,1296.0,CHKP
2023-06-08 14:24:00,123.965,124.03,123.965,124.03,1195.0,CHKP
2023-06-08 14:23:00,123.96,123.96,123.91,123.91,206.0,CHKP
2023-06-08 14:22:00,123.935,123.935,123.935,123.935,250.0,CHKP
2023-06-08 14:21:00,123.97,123.97,123.94,123.955,861.0,CHKP
2023-06-08 14:20:00,123.91,123.91,123.91,123.91,319.0,CHKP
2023-06-08 14:19:00,123.92,123.985,123.915,123.915,802.0,CHKP
2023-06-08 14:18:00,123.95,123.95,123.92,123.92,606.0,CHKP
2023-06-08 14:16:00,123.925,124.01,123.92,123.92,1840.0,CHKP
2023-06-08 14:15:00,123.86,123.93,123.86,123.9,546.0,CHKP
2023-06-08 14:14:00,123.83,123.86,123.82,123.86,1960.0,CHKP
2023-06-08 14:13:00,123.89,123.89,123.85,123.85,974.0,CHKP
2023-06-08 14:11:00,123.915,123.915,123.915,123.915,334.0,CHKP
2023-06-08 14:10:00,124.01,124.01,123.94,123.94,2616.0,CHKP
2023-06-08 14:09:00,124.0,124.01,124.0,124.0,995.0,CHKP
2023-06-08 14:08:00,124.04,124.04,124.03,124.03,576.0,CHKP
2023-06-08 14:07:00,124.02,124.045,124.005,124.03,1022.0,CHKP
2023-06-08 14:06:00,124.02,124.03,124.005,124.03,1410.0,CHKP
2023-06-08 14:05:00,124.04,124.04,124.04,124.04,551.0,CHKP
2023-06-08 14:04:00,124.0769,124.0769,124.04,124.06,534.0,CHKP
2023-06-08 14:03:00,124.09,124.09,124.06,124.06,442.0,CHKP
2023-06-08 14:02:00,124.06,124.0975,124.04,124.0975,1885.0,CHKP
2023-06-08 14:01:00,124.045,124.058,124.04,124.058,501.0,CHKP
2023-06-08 14:00:00,124.04,124.08,124.01,124.055,3530.0,CHKP
2023-06-08 13:59:00,123.96,124.02,123.96,124.01,1773.0,CHKP
2023-06-08 13:58:00,123.99,123.99,123.91,123.91,674.0,CHKP
2023-06-08 13:57:00,124.03,124.03,123.995,123.995,1159.0,CHKP
2023-06-08 13:56:00,123.99,124.04,123.98,124.03,820.0,CHKP
2023-06-08 13:55:00,124.025,124.025,124.01,124.01,540.0,CHKP
2023-06-08 13:54:00,124.06,124.06,124.02,124.02,1142.0,CHKP
2023-06-08 13:52:00,124.09,124.09,124.06,124.06,1788.0,CHKP
2023-06-08 13:51:00,124.02,124.02,124.02,124.02,408.0,CHKP
2023-06-08 13:50:00,124.05,124.09,124.0229,124.0229,1132.0,CHKP
2023-06-08 13:49:00,123.96,124.06,123.96,124.06,863.0,CHKP
2023-06-08 13:48:00,124.055,124.055,124.005,124.005,1289.0,CHKP
2023-06-08 13:47:00,124.025,124.025,124.025,124.025,154.0,CHKP
2023-06-08 13:46:00,124.02,124.09,124.02,124.05,422.0,CHKP
2023-06-08 13:45:00,124.06,124.06,124.01,124.01,527.0,CHKP
2023-06-08 13:44:00,124.13,124.13,124.08,124.12,1694.0,CHKP
2023-06-08 13:43:00,124.155,124.155,124.115,124.115,266.0,CHKP
2023-06-08 13:42:00,124.145,124.18,124.115,124.14,923.0,CHKP
2023-06-08 13:41:00,124.135,124.135,124.135,124.135,303.0,CHKP
2023-06-08 13:40:00,124.12,124.12,124.09,124.09,461.0,CHKP
2023-06-08 13:39:00,124.2,124.2,124.17,124.17,1031.0,CHKP
2023-06-08 13:38:00,124.24,124.24,124.24,124.24,638.0,CHKP
2023-06-08 13:37:00,124.2,124.29,124.2,124.29,1596.0,CHKP
2023-06-08 13:36:00,124.185,124.25,124.185,124.25,214.0,CHKP
2023-06-08 13:34:00,124.23,124.24,124.19,124.23,1079.0,CHKP
2023-06-08 13:33:00,124.21,124.21,124.18,124.21,3096.0,CHKP
2023-06-08 13:32:00,124.15,124.2,124.11,124.17,5655.0,CHKP
2023-06-08 13:31:00,124.175,124.21,124.08,124.185,8625.0,CHKP
2023-06-08 13:30:00,124.15,124.17,124.14,124.17,1712.0,CHKP
2023-06-08 13:29:00,124.235,124.235,124.22,124.22,725.0,CHKP
2023-06-08 13:28:00,124.2301,124.29,124.2301,124.29,530.0,CHKP
2023-06-08 13:27:00,124.28,124.28,124.245,124.245,562.0,CHKP
2023-06-08 13:26:00,124.27,124.3095,124.27,124.285,2353.0,CHKP
2023-06-08 13:25:00,124.29,124.37,124.22,124.23,7812.0,CHKP
2023-06-08 13:24:00,124.16,124.29,124.15,124.23,4770.0,CHKP
2023-06-08 13:23:00,124.17,124.25,124.15,124.2,5477.0,CHKP
2023-06-08 13:22:00,124.185,124.19,124.05,124.12,3982.0,CHKP
2023-06-08 13:21:00,124.18,124.26,124.18,124.21,7962.0,CHKP
2023-06-08 13:20:00,124.22,124.26,124.11,124.11,8355.0,CHKP
2023-06-08 13:19:00,124.23,124.23,124.14,124.15,1544.0,CHKP
2023-06-08 13:18:00,124.36,124.365,124.22,124.22,4401.0,CHKP
2023-06-08 13:17:00,124.238,124.34,124.2,124.29,10237.0,CHKP
2023-06-08 13:16:00,124.16,124.24,124.15,124.16,6038.0,CHKP
2023-06-08 13:15:00,124.25,124.29,124.19,124.19,2699.0,CHKP
2023-06-08 13:14:00,124.23,124.33,124.22,124.295,6275.0,CHKP
2023-06-08 13:13:00,124.316,124.32,124.16,124.19,4824.0,CHKP
2023-06-08 13:12:00,124.28,124.304,124.24,124.24,2789.0,CHKP
2023-06-08 13:11:00,124.236,124.29,124.22,124.26,4686.0,CHKP
2023-06-08 13:10:00,124.15,124.22,124.15,124.15,344.0,CHKP
2023-06-08 13:09:00,124.08,124.22,124.07,124.2,2574.0,CHKP
2023-06-08 13:08:00,124.17,124.17,124.09,124.09,1075.0,CHKP
2023-06-08 13:07:00,124.165,124.165,124.165,124.165,362.0,CHKP
2023-06-08 13:06:00,124.235,124.235,124.17,124.17,1393.0,CHKP
2023-06-08 13:05:00,124.24,124.24,124.24,124.24,395.0,CHKP
2023-06-08 13:04:00,124.235,124.2678,124.23,124.23,703.0,CHKP
2023-06-08 13:03:00,124.24,124.24,124.21,124.235,1578.0,CHKP
2023-06-08 13:02:00,124.265,124.3,124.265,124.27,1110.0,CHKP
2023-06-08 13:01:00,124.2,124.26,124.2,124.26,955.0,CHKP
2023-06-08 13:00:00,124.32,124.35,124.22,124.22,3186.0,CHKP
2023-06-08 12:59:00,124.325,124.325,124.325,124.325,419.0,CHKP
2023-06-08 12:58:00,124.335,124.335,124.29,124.29,10487.0,CHKP
2023-06-08 12:57:00,124.34,124.34,124.3,124.3,527.0,CHKP
2023-06-08 12:56:00,124.42,124.42,124.33,124.35,1400.0,CHKP
2023-06-08 12:55:00,124.43,124.46,124.43,124.46,1296.0,CHKP
2023-06-08 12:54:00,124.4,124.4,124.4,124.4,171.0,CHKP
2023-06-08 12:53:00,124.41,124.41,124.41,124.41,265.0,CHKP
2023-06-08 12:52:00,124.42,124.42,124.42,124.42,477.0,CHKP
2023-06-08 12:50:00,124.32,124.35,124.32,124.35,557.0,CHKP
2023-06-08 12:49:00,124.3,124.35,124.3,124.34,1252.0,CHKP
2023-06-08 12:48:00,124.245,124.31,124.2175,124.29,1659.0,CHKP
2023-06-08 12:47:00,124.315,124.315,124.29,124.29,621.0,CHKP
2023-06-08 12:46:00,124.365,124.4,124.33,124.33,1701.0,CHKP
2023-06-08 12:45:00,124.43,124.43,124.38,124.38,1166.0,CHKP
2023-06-08 12:44:00,124.47,124.47,124.47,124.47,242.0,CHKP
2023-06-08 12:43:00,124.47,124.47,124.47,124.47,277.0,CHKP
2023-06-08 12:42:00,124.485,124.51,124.48,124.48,1227.0,CHKP
2023-06-08 12:41:00,124.49,124.53,124.47,124.53,762.0,CHKP
2023-06-08 12:40:00,124.45,124.45,124.45,124.45,309.0,CHKP
2023-06-08 12:39:00,124.425,124.48,124.41,124.46,1683.0,CHKP
2023-06-08 12:38:00,124.44,124.44,124.39,124.415,1356.0,CHKP
2023-06-08 12:37:00,124.44,124.445,124.44,124.445,517.0,CHKP
2023-06-08 12:36:00,124.52,124.56,124.48,124.48,2253.0,CHKP
2023-06-08 12:35:00,124.48,124.56,124.48,124.56,947.0,CHKP
2023-06-08 12:34:00,124.54,124.54,124.54,124.54,316.0,CHKP
2023-06-08 12:33:00,124.575,124.575,124.52,124.53,1317.0,CHKP
2023-06-08 12:32:00,124.645,124.645,124.54,124.54,1626.0,CHKP
2023-06-08 12:31:00,124.56,124.62,124.56,124.59,3501.0,CHKP
2023-06-08 12:30:00,124.57,124.6,124.515,124.515,3579.0,CHKP
2023-06-08 12:29:00,124.59,124.65,124.57,124.58,5029.0,CHKP
2023-06-08 12:28:00,124.555,124.59,124.53,124.565,4635.0,CHKP
2023-06-08 12:27:00,124.555,124.555,124.52,124.555,610.0,CHKP
2023-06-08 12:26:00,124.54,124.61,124.52,124.52,5915.0,CHKP
2023-06-08 12:25:00,124.57,124.57,124.53,124.565,492.0,CHKP
2023-06-08 12:24:00,124.59,124.59,124.535,124.535,840.0,CHKP
2023-06-08 12:23:00,124.61,124.62,124.59,124.59,727.0,CHKP
2023-06-08 12:22:00,124.71,124.75,124.64,124.64,5926.0,CHKP
2023-06-08 12:21:00,124.63,124.74,124.63,124.71,21322.0,CHKP
2023-06-08 12:20:00,124.64,124.64,124.64,124.64,163.0,CHKP
2023-06-08 12:19:00,124.67,124.67,124.64,124.64,1075.0,CHKP
2023-06-08 12:18:00,124.6,124.685,124.6,124.6743,1380.0,CHKP
2023-06-08 12:16:00,124.51,124.615,124.51,124.615,2882.0,CHKP
2023-06-08 12:15:00,124.51,124.55,124.51,124.55,500.0,CHKP
2023-06-08 12:14:00,124.64,124.64,124.51,124.51,1254.0,CHKP
2023-06-08 12:13:00,124.58,124.63,124.57,124.62,2255.0,CHKP
2023-06-08 12:12:00,124.59,124.605,124.54,124.54,937.0,CHKP
2023-06-08 12:11:00,124.58,124.58,124.58,124.58,209.0,CHKP
2023-06-08 12:10:00,124.6,124.63,124.55,124.63,486.0,CHKP
2023-06-08 12:09:00,124.58,124.62,124.58,124.605,1969.0,CHKP
2023-06-08 12:08:00,124.62,124.62,124.59,124.59,205.0,CHKP
2023-06-08 12:07:00,124.48,124.59,124.48,124.55,561.0,CHKP
2023-06-08 12:06:00,124.59,124.59,124.54,124.54,715.0,CHKP
2023-06-08 12:05:00,124.72,124.72,124.63,124.63,2524.0,CHKP
2023-06-08 12:04:00,124.76,124.76,124.71,124.72,1767.0,CHKP
2023-06-08 12:03:00,124.59,124.75,124.59,124.72,2328.0,CHKP
2023-06-08 12:02:00,124.58,124.585,124.57,124.57,463.0,CHKP
2023-06-08 12:01:00,124.61,124.61,124.56,124.56,1248.0,CHKP
2023-06-08 12:00:00,124.66,124.66,124.55,124.6069,1130.0,CHKP
2023-06-08 11:59:00,124.7,124.7,124.6,124.6,1712.0,CHKP
2023-06-08 11:58:00,124.69,124.75,124.69,124.7,909.0,CHKP
2023-06-08 11:57:00,124.71,124.71,124.69,124.69,984.0,CHKP
2023-06-08 11:56:00,124.75,124.75,124.71,124.75,1061.0,CHKP
2023-06-08 11:55:00,124.76,124.76,124.72,124.75,936.0,CHKP
2023-06-08 11:54:00,124.82,124.86,124.76,124.78,3188.0,CHKP
2023-06-08 11:53:00,124.885,124.92,124.835,124.835,3822.0,CHKP
2023-06-08 11:52:00,124.89,124.89,124.89,124.89,329.0,CHKP
2023-06-08 11:51:00,124.89,124.89,124.87,124.89,922.0,CHKP
2023-06-08 11:50:00,124.945,124.975,124.87,124.87,1285.0,CHKP
2023-06-08 11:49:00,124.93,124.95,124.93,124.95,580.0,CHKP
2023-06-08 11:48:00,124.92,124.955,124.91,124.95,760.0,CHKP
2023-06-08 11:47:00,124.95,124.95,124.92,124.9213,685.0,CHKP
2023-06-08 11:46:00,124.94,124.97,124.92,124.95,970.0,CHKP
2023-06-08 11:45:00,124.975,125.005,124.94,124.94,1180.0,CHKP
2023-06-08 11:44:00,125.01,125.01,124.96,124.96,1094.0,CHKP
2023-06-08 11:43:00,124.98,125.005,124.97,125.005,1093.0,CHKP
2023-06-08 11:42:00,124.925,124.945,124.908,124.94,784.0,CHKP
2023-06-08 11:41:00,124.96,124.96,124.92,124.92,1025.0,CHKP
2023-06-08 11:40:00,124.99,124.99,124.94,124.94,713.0,CHKP
2023-06-08 11:39:00,125.0,125.0,124.965,124.965,471.0,CHKP
2023-06-08 11:38:00,125.02,125.02,124.98,125.0,1015.0,CHKP
2023-06-08 11:37:00,125.07,125.07,125.04,125.04,446.0,CHKP
2023-06-08 11:36:00,125.035,125.08,124.99,125.08,1898.0,CHKP
2023-06-08 11:35:00,125.05,125.05,124.99,124.99,1692.0,CHKP
2023-06-08 11:34:00,125.06,125.13,125.06,125.13,1359.0,CHKP
2023-06-08 11:33:00,125.075,125.08,125.045,125.045,548.0,CHKP
2023-06-08 11:32:00,125.03,125.1,125.03,125.1,977.0,CHKP
2023-06-08 11:31:00,124.97,125.02,124.97,125.02,697.0,CHKP
2023-06-08 11:30:00,125.12,125.12,124.99,124.99,2084.0,CHKP
2023-06-08 11:29:00,125.03,125.08,125.03,125.08,917.0,CHKP
2023-06-08 11:28:00,125.025,125.025,125.025,125.025,240.0,CHKP
2023-06-08 11:27:00,124.97,125.03,124.95,125.0,2491.0,CHKP
2023-06-08 11:26:00,124.95,124.95,124.95,124.95,457.0,CHKP
2023-06-08 11:24:00,125.06,125.06,124.98,124.98,1427.0,CHKP
2023-06-08 11:23:00,125.07,125.07,124.895,125.025,3330.0,CHKP
2023-06-08 11:22:00,125.06,125.1373,125.05,125.1373,1831.0,CHKP
2023-06-08 11:21:00,124.93,125.025,124.93,125.025,2882.0,CHKP
2023-06-08 11:20:00,124.895,125.03,124.895,124.935,4615.0,CHKP
2023-06-08 11:19:00,124.87,124.89,124.81,124.89,2436.0,CHKP
2023-06-08 11:18:00,124.86,124.92,124.86,124.89,2133.0,CHKP
2023-06-08 11:17:00,124.9,124.9,124.9,124.9,604.0,CHKP
2023-06-08 11:16:00,125.035,125.035,124.86,124.916,3410.0,CHKP
2023-06-08 11:15:00,125.001,125.04,124.975,125.04,2420.0,CHKP
2023-06-08 11:14:00,125.09,125.105,124.98,124.98,1995.0,CHKP
2023-06-08 11:13:00,125.11,125.13,125.0964,125.1005,1002.0,CHKP
2023-06-08 11:12:00,125.1,125.11,125.07,125.07,566.0,CHKP
2023-06-08 11:11:00,125.14,125.1846,125.1,125.11,2145.0,CHKP
2023-06-08 11:10:00,125.21,125.21,125.11,125.11,3217.0,CHKP
2023-06-08 11:09:00,125.26,125.26,125.21,125.235,1217.0,CHKP
2023-06-08 11:08:00,125.2,125.24,125.2,125.24,1697.0,CHKP
2023-06-08 11:07:00,125.16,125.2,125.14,125.15,1532.0,CHKP
2023-06-08 11:06:00,125.165,125.1876,125.165,125.1876,264.0,CHKP
2023-06-08 11:05:00,125.13,125.17,125.11,125.17,1168.0,CHKP
2023-06-08 11:04:00,125.175,125.205,125.13,125.13,3023.0,CHKP
2023-06-08 11:03:00,125.235,125.235,125.18,125.18,1807.0,CHKP
2023-06-08 11:02:00,125.175,125.23,125.175,125.23,1332.0,CHKP
2023-06-08 11:01:00,125.09,125.2,125.06,125.155,4051.0,CHKP
2023-06-08 11:00:00,125.06,125.06,125.03,125.03,446.0,CHKP
2023-06-08 10:59:00,125.055,125.055,125.055,125.055,330.0,CHKP
2023-06-08 10:58:00,125.055,125.09,125.055,125.06,1440.0,CHKP
2023-06-08 10:57:00,125.01,125.01,124.995,125.0,652.0,CHKP
2023-06-08 10:56:00,124.93,124.99,124.92,124.99,1445.0,CHKP
2023-06-08 10:55:00,124.885,124.895,124.87,124.895,604.0,CHKP
2023-06-08 10:54:00,124.995,124.995,124.87,124.885,2898.0,CHKP
2023-06-08 10:53:00,124.95,124.95,124.95,124.95,483.0,CHKP
2023-06-08 10:52:00,124.96,125.045,124.96,125.0,1055.0,CHKP
2023-06-08 10:51:00,125.015,125.015,124.985,125.0,827.0,CHKP
2023-06-08 10:50:00,124.905,125.02,124.905,124.97,3901.0,CHKP
2023-06-08 10:49:00,124.94,124.94,124.93,124.93,1527.0,CHKP
2023-06-08 10:48:00,124.97,125.0,124.89,124.93,4990.0,CHKP
2023-06-08 10:47:00,124.945,124.99,124.945,124.99,565.0,CHKP
2023-06-08 10:46:00,124.96,124.96,124.96,124.96,374.0,CHKP
2023-06-08 10:45:00,124.95,124.98,124.95,124.96,750.0,CHKP
2023-06-08 10:44:00,124.94,124.99,124.94,124.94,1349.0,CHKP
2023-06-08 10:43:00,124.885,124.885,124.885,124.885,321.0,CHKP
2023-06-08 10:42:00,124.89,124.93,124.84,124.87,2945.0,CHKP
2023-06-08 10:41:00,124.9,124.92,124.85,124.89,883.0,CHKP
2023-06-08 10:40:00,124.685,124.88,124.685,124.83,1419.0,CHKP
2023-06-08 10:39:00,124.705,124.765,124.705,124.705,1152.0,CHKP
2023-06-08 10:38:00,124.76,124.775,124.67,124.67,1051.0,CHKP
2023-06-08 10:37:00,124.89,124.89,124.76,124.76,1374.0,CHKP
2023-06-08 10:36:00,124.85,124.89,124.815,124.815,1358.0,CHKP
2023-06-08 10:35:00,124.785,124.92,124.785,124.91,1214.0,CHKP
2023-06-08 10:34:00,124.71,124.765,124.71,124.765,1616.0,CHKP
2023-06-08 10:33:00,124.77,124.77,124.67,124.67,691.0,CHKP
2023-06-08 10:32:00,124.77,124.78,124.72,124.725,1038.0,CHKP
2023-06-08 10:31:00,124.85,124.89,124.77,124.78,1739.0,CHKP
2023-06-08 10:30:00,124.95,124.95,124.87,124.87,1188.0,CHKP
2023-06-08 10:29:00,124.835,124.9499,124.835,124.91,3705.0,CHKP
2023-06-08 10:28:00,124.82,124.82,124.8,124.8,584.0,CHKP
2023-06-08 10:27:00,124.85,124.85,124.82,124.83,845.0,CHKP
2023-06-08 10:26:00,124.96,124.96,124.86,124.89,1801.0,CHKP
2023-06-08 10:25:00,124.8551,124.905,124.845,124.905,1564.0,CHKP
2023-06-08 10:24:00,124.9,124.95,124.9,124.95,390.0,CHKP
2023-06-08 10:23:00,124.76,124.825,124.76,124.825,814.0,CHKP
2023-06-08 10:22:00,124.755,124.76,124.71,124.76,914.0,CHKP
2023-06-08 10:21:00,124.835,124.85,124.75,124.75,1525.0,CHKP
2023-06-08 10:20:00,124.89,124.89,124.84,124.89,732.0,CHKP
2023-06-08 10:19:00,124.845,124.885,124.785,124.885,824.0,CHKP
2023-06-08 10:18:00,124.87,124.955,124.82,124.85,2698.0,CHKP
2023-06-08 10:17:00,124.88,124.9375,124.88,124.885,1265.0,CHKP
2023-06-08 10:16:00,124.875,124.915,124.87,124.875,631.0,CHKP
2023-06-08 10:15:00,125.015,125.015,124.9,124.92,3402.0,CHKP
2023-06-08 10:14:00,124.855,124.95,124.855,124.95,1182.0,CHKP
2023-06-08 10:13:00,124.79,124.895,124.72,124.865,1623.0,CHKP
2023-06-08 10:12:00,124.61,124.83,124.6,124.825,3074.0,CHKP
2023-06-08 10:11:00,124.6,124.65,124.54,124.54,938.0,CHKP
2023-06-08 10:10:00,124.48,124.595,124.48,124.52,2740.0,CHKP
2023-06-08 10:09:00,124.54,124.545,124.48,124.485,1368.0,CHKP
2023-06-08 10:08:00,124.66,124.73,124.54,124.55,1547.0,CHKP
2023-06-08 10:07:00,124.77,124.77,124.64,124.66,1278.0,CHKP
2023-06-08 10:06:00,124.895,125.04,124.84,124.86,64279.0,CHKP
2023-06-08 10:05:00,124.82,124.98,124.8,124.88,3308.0,CHKP
2023-06-08 10:04:00,124.7375,124.77,124.7375,124.77,269.0,CHKP
2023-06-08 10:03:00,124.76,124.76,124.66,124.74,1264.0,CHKP
2023-06-08 10:02:00,124.91,124.98,124.81,124.81,5922.0,CHKP
2023-06-08 10:01:00,124.895,124.905,124.85,124.8948,1654.0,CHKP
2023-06-08 10:00:00,124.72,124.885,124.72,124.83,2146.0,CHKP
2023-06-08 09:59:00,124.67,124.705,124.67,124.705,753.0,CHKP
2023-06-08 09:58:00,124.665,124.67,124.625,124.625,627.0,CHKP
2023-06-08 09:57:00,124.62,124.72,124.62,124.68,1676.0,CHKP
2023-06-08 09:56:00,124.635,124.655,124.57,124.655,1728.0,CHKP
2023-06-08 09:55:00,124.31,124.56,124.24,124.56,2139.0,CHKP
2023-06-08 09:54:00,124.375,124.375,124.16,124.165,1938.0,CHKP
2023-06-08 09:53:00,124.36,124.43,124.285,124.4,1845.0,CHKP
2023-06-08 09:52:00,124.36,124.39,124.335,124.335,1227.0,CHKP
2023-06-08 09:51:00,124.235,124.39,124.15,124.365,1345.0,CHKP
2023-06-08 09:50:00,124.125,124.27,124.125,124.17,2041.0,CHKP
2023-06-08 09:49:00,124.19,124.19,124.03,124.09,2751.0,CHKP
2023-06-08 09:48:00,124.065,124.21,124.03,124.16,2654.0,CHKP
2023-06-08 09:47:00,123.94,124.0,123.9,123.94,3161.0,CHKP
2023-06-08 09:46:00,123.91,123.98,123.91,123.98,1040.0,CHKP
2023-06-08 09:45:00,124.02,124.02,123.89,123.91,1884.0,CHKP
2023-06-08 09:44:00,124.19,124.19,124.03,124.03,2581.0,CHKP
2023-06-08 09:43:00,124.14,124.245,124.085,124.115,1681.0,CHKP
2023-06-08 09:41:00,124.075,124.19,124.075,124.075,1690.0,CHKP
2023-06-08 09:40:00,123.92,124.0,123.84,123.9975,4255.0,CHKP
2023-06-08 09:39:00,124.05,124.05,123.935,123.935,1796.0,CHKP
2023-06-08 09:38:00,124.045,124.36,124.045,124.145,5356.0,CHKP
2023-06-08 09:37:00,123.94,124.17,123.74,123.99,72916.0,CHKP
2023-06-08 09:36:00,123.94,124.18,123.69,123.69,23598.0,CHKP
2023-06-08 09:35:00,123.89,123.92,123.795,123.8,1373.0,CHKP
2023-06-08 09:34:00,123.89,123.89,123.89,123.89,395.0,CHKP
2023-06-08 09:33:00,123.715,123.79,123.65,123.65,627.0,CHKP
2023-06-08 09:32:00,123.64,123.87,123.64,123.825,1250.0,CHKP
2023-06-08 09:31:00,123.685,123.69,123.65,123.655,1299.0,CHKP
2023-06-08 09:30:00,123.93,123.93,123.64,123.86,6384.0,CHKP
2023-06-08 09:29:00,124.01,124.01,124.01,124.01,204.0,CHKP
2023-06-07 15:59:00,123.96,123.975,123.94,123.94,41229.0,CHKP
2023-06-07 15:58:00,124.01,124.05,123.95,123.96,19586.0,CHKP
2023-06-07 15:57:00,124.2,124.2,124.06,124.06,13785.0,CHKP
2023-06-07 15:56:00,124.17,124.21,124.13,124.2,10351.0,CHKP
2023-06-07 15:55:00,124.13,124.17,124.125,124.155,7826.0,CHKP
2023-06-07 15:54:00,124.28,124.29,124.14,124.155,9211.0,CHKP
2023-06-07 15:53:00,124.29,124.33,124.24,124.28,10608.0,CHKP
2023-06-07 15:52:00,124.33,124.33,124.28,124.298,9857.0,CHKP
2023-06-07 15:51:00,124.41,124.45,124.315,124.315,7979.0,CHKP
2023-06-07 15:50:00,124.49,124.49,124.3058,124.415,9489.0,CHKP
2023-06-07 15:49:00,124.43,124.47,124.41,124.44,5088.0,CHKP
2023-06-07 15:48:00,124.48,124.49,124.345,124.42,5673.0,CHKP
2023-06-07 15:47:00,124.33,124.46,124.305,124.455,4862.0,CHKP
2023-06-07 15:46:00,124.31,124.34,124.3,124.325,5318.0,CHKP
2023-06-07 15:45:00,124.335,124.335,124.29,124.31,7454.0,CHKP
2023-06-07 15:44:00,124.22,124.36,124.21,124.36,7823.0,CHKP
2023-06-07 15:43:00,124.14,124.22,124.14,124.22,5593.0,CHKP
2023-06-07 15:42:00,124.12,124.15,124.12,124.14,5127.0,CHKP
2023-06-07 15:41:00,124.095,124.13,124.095,124.1,2157.0,CHKP
2023-06-07 15:40:00,124.135,124.15,124.09,124.115,3448.0,CHKP
2023-06-07 15:39:00,124.17,124.17,124.13,124.13,2429.0,CHKP
2023-06-07 15:38:00,124.17,124.21,124.16,124.21,3645.0,CHKP
2023-06-07 15:37:00,124.2,124.2,124.155,124.18,2033.0,CHKP
2023-06-07 15:36:00,124.155,124.29,124.155,124.21,5392.0,CHKP
2023-06-07 15:35:00,124.09,124.21,123.95,124.21,38738.0,CHKP
2023-06-07 15:34:00,124.18,124.18,124.11,124.11,2328.0,CHKP
2023-06-07 15:33:00,124.155,124.155,124.115,124.15,1771.0,CHKP
2023-06-07 15:32:00,124.165,124.22,124.16,124.16,5413.0,CHKP
2023-06-07 15:31:00,124.16,124.195,124.14,124.165,2548.0,CHKP
2023-06-07 15:30:00,124.21,124.22,124.1,124.14,13260.0,CHKP
2023-06-07 15:29:00,124.18,124.23,124.175,124.23,2558.0,CHKP
2023-06-07 15:28:00,124.12,124.16,124.12,124.16,4702.0,CHKP
2023-06-07 15:27:00,124.12,124.12,124.105,124.11,1521.0,CHKP
2023-06-07 15:26:00,124.12,124.13,124.12,124.12,1792.0,CHKP
2023-06-07 15:25:00,124.12,124.155,124.11,124.155,3010.0,CHKP
2023-06-07 15:24:00,124.17,124.17,124.12,124.14,2179.0,CHKP
2023-06-07 15:23:00,124.105,124.205,124.08,124.16,4290.0,CHKP
2023-06-07 15:22:00,124.2,124.2,124.14,124.14,2636.0,CHKP
2023-06-07 15:21:00,124.22,124.225,124.2,124.21,2410.0,CHKP
2023-06-07 15:20:00,124.22,124.22,124.215,124.215,1028.0,CHKP
2023-06-07 15:19:00,124.135,124.135,124.12,124.13,1410.0,CHKP
2023-06-07 15:18:00,124.175,124.21,124.14,124.14,6071.0,CHKP
2023-06-07 15:17:00,124.21,124.21,124.16,124.165,4241.0,CHKP
2023-06-07 15:16:00,124.16,124.21,124.15,124.205,3083.0,CHKP
2023-06-07 15:15:00,124.1,124.17,124.1,124.17,2106.0,CHKP
2023-06-07 15:14:00,124.08,124.08,124.04,124.07,1431.0,CHKP
2023-06-07 15:13:00,124.04,124.07,124.04,124.06,1551.0,CHKP
2023-06-07 15:12:00,123.97,124.0,123.97,124.0,1458.0,CHKP
2023-06-07 15:11:00,123.98,123.99,123.95,123.96,2505.0,CHKP
2023-06-07 15:10:00,123.97,123.97,123.965,123.965,910.0,CHKP
2023-06-07 15:09:00,124.03,124.03,123.975,123.975,1099.0,CHKP
2023-06-07 15:08:00,124.03,124.03,124.0,124.02,1533.0,CHKP
2023-06-07 15:07:00,123.98,124.02,123.98,124.02,1750.0,CHKP
2023-06-07 15:06:00,124.06,124.06,123.99,124.005,3235.0,CHKP
2023-06-07 15:05:00,124.015,124.05,124.005,124.045,2809.0,CHKP
2023-06-07 15:04:00,124.025,124.05,123.99,124.015,2893.0,CHKP
2023-06-07 15:03:00,123.895,124.015,123.895,124.015,4630.0,CHKP
2023-06-07 15:02:00,123.92,123.92,123.88,123.88,2818.0,CHKP
2023-06-07 15:01:00,123.915,123.92,123.915,123.92,580.0,CHKP
2023-06-07 15:00:00,123.87,123.91,123.87,123.91,1007.0,CHKP
2023-06-07 14:59:00,123.85,123.875,123.785,123.87,23284.0,CHKP
2023-06-07 14:58:00,124.05,124.06,123.86,123.86,22559.0,CHKP
2023-06-07 14:57:00,124.03,124.05,124.03,124.04,1452.0,CHKP
2023-06-07 14:56:00,124.01,124.04,124.01,124.02,1385.0,CHKP
2023-06-07 14:55:00,124.065,124.065,124.0,124.0,2634.0,CHKP
2023-06-07 14:54:00,123.99,124.075,123.99,124.06,2220.0,CHKP
2023-06-07 14:53:00,124.165,124.165,123.87,123.95,18547.0,CHKP
2023-06-07 14:52:00,124.135,124.18,124.135,124.18,1560.0,CHKP
2023-06-07 14:51:00,124.12,124.16,124.12,124.135,1562.0,CHKP
2023-06-07 14:50:00,124.17,124.17,124.11,124.12,2734.0,CHKP
2023-06-07 14:49:00,124.17,124.175,124.14,124.175,726.0,CHKP
2023-06-07 14:48:00,124.185,124.22,124.175,124.2,1151.0,CHKP
2023-06-07 14:47:00,124.08,124.185,124.06,124.185,4275.0,CHKP
2023-06-07 14:46:00,124.0979,124.1,124.095,124.095,757.0,CHKP
2023-06-07 14:45:00,124.06,124.07,124.04,124.04,2322.0,CHKP
2023-06-07 14:44:00,124.07,124.07,124.07,124.07,510.0,CHKP
2023-06-07 14:43:00,124.05,124.07,124.05,124.05,857.0,CHKP
2023-06-07 14:42:00,123.97,124.075,123.97,124.05,2292.0,CHKP
2023-06-07 14:41:00,124.06,124.07,124.01,124.01,4659.0,CHKP
2023-06-07 14:40:00,124.06,124.08,124.06,124.06,2834.0,CHKP
2023-06-07 14:38:00,124.06,124.084,124.06,124.084,763.0,CHKP
2023-06-07 14:37:00,124.0575,124.0575,124.05,124.05,573.0,CHKP
2023-06-07 14:36:00,123.9893,124.055,123.9893,124.055,1694.0,CHKP
2023-06-07 14:35:00,124.0,124.0,123.92,123.95,3766.0,CHKP
2023-06-07 14:34:00,123.965,123.995,123.965,123.98,1206.0,CHKP
2023-06-07 14:33:00,123.945,123.98,123.945,123.96,1759.0,CHKP
2023-06-07 14:32:00,123.985,123.985,123.94,123.945,2558.0,CHKP
2023-06-07 14:31:00,123.96,123.985,123.96,123.985,239.0,CHKP
2023-06-07 14:30:00,123.99,123.99,123.99,123.99,305.0,CHKP
2023-06-07 14:29:00,124.005,124.005,124.005,124.005,131.0,CHKP
2023-06-07 14:28:00,124.01,124.02,124.01,124.02,1249.0,CHKP
2023-06-07 14:27:00,123.99,123.99,123.95,123.95,1258.0,CHKP
2023-06-07 14:26:00,124.05,124.08,124.035,124.035,858.0,CHKP
2023-06-07 14:25:00,124.065,124.09,124.0,124.03,2401.0,CHKP
2023-06-07 14:24:00,124.06,124.09,124.055,124.07,1466.0,CHKP
2023-06-07 14:23:00,124.07,124.07,124.03,124.03,717.0,CHKP
2023-06-07 14:22:00,124.065,124.065,124.065,124.065,492.0,CHKP
2023-06-07 14:21:00,124.135,124.135,124.135,124.135,171.0,CHKP
2023-06-07 14:20:00,124.21,124.22,124.16,124.16,3629.0,CHKP
2023-06-07 14:19:00,124.1,124.17,124.1,124.17,1750.0,CHKP
2023-06-07 14:18:00,124.105,124.105,124.08,124.08,2370.0,CHKP
2023-06-07 14:17:00,124.085,124.11,124.085,124.11,1268.0,CHKP
2023-06-07 14:16:00,124.09,124.1,124.08,124.08,564.0,CHKP
2023-06-07 14:15:00,124.11,124.11,124.11,124.11,703.0,CHKP
2023-06-07 14:14:00,123.96,124.02,123.96,124.0,963.0,CHKP
2023-06-07 14:13:00,123.96,123.98,123.96,123.98,232.0,CHKP
2023-06-07 14:12:00,123.96,123.96,123.95,123.95,1000.0,CHKP
2023-06-07 14:11:00,123.99,123.99,123.98,123.98,359.0,CHKP
2023-06-07 14:10:00,124.0,124.0,123.96,123.97,2500.0,CHKP
2023-06-07 14:09:00,123.97,124.0,123.97,123.99,1378.0,CHKP
2023-06-07 14:08:00,123.955,123.97,123.95,123.965,877.0,CHKP
2023-06-07 14:07:00,123.94,123.96,123.94,123.96,1392.0,CHKP
2023-06-07 14:06:00,123.95,123.95,123.95,123.95,1065.0,CHKP
2023-06-07 14:05:00,123.9,123.93,123.9,123.93,1626.0,CHKP
2023-06-07 14:04:00,123.9,123.92,123.87,123.89,2452.0,CHKP
2023-06-07 14:03:00,123.89,123.93,123.8817,123.93,1120.0,CHKP
2023-06-07 14:02:00,123.69,123.85,123.69,123.85,3792.0,CHKP
2023-06-07 14:01:00,123.67,123.67,123.67,123.67,589.0,CHKP
2023-06-07 14:00:00,123.55,123.64,123.55,123.64,2445.0,CHKP
2023-06-07 13:59:00,123.5,123.52,123.5,123.52,583.0,CHKP
2023-06-07 13:58:00,123.54,123.555,123.49,123.52,1877.0,CHKP
2023-06-07 13:57:00,123.52,123.555,123.52,123.555,1622.0,CHKP
2023-06-07 13:55:00,123.5,123.57,123.5,123.57,4014.0,CHKP
2023-06-07 13:53:00,123.53,123.53,123.47,123.52,506.0,CHKP
2023-06-07 13:52:00,123.69,123.69,123.48,123.51,11692.0,CHKP
2023-06-07 13:51:00,123.68,123.68,123.675,123.675,1164.0,CHKP
2023-06-07 13:50:00,123.655,123.68,123.64,123.665,1037.0,CHKP
2023-06-07 13:49:00,123.64,123.66,123.64,123.66,572.0,CHKP
2023-06-07 13:48:00,123.66,123.66,123.65,123.66,773.0,CHKP
2023-06-07 13:47:00,123.63,123.66,123.63,123.64,1928.0,CHKP
2023-06-07 13:46:00,123.64,123.64,123.56,123.6,5758.0,CHKP
2023-06-07 13:45:00,123.7,123.7,123.65,123.65,3728.0,CHKP
2023-06-07 13:44:00,123.615,123.62,123.615,123.62,486.0,CHKP
2023-06-07 13:43:00,123.54,123.57,123.54,123.57,819.0,CHKP
2023-06-07 13:42:00,123.4936,123.4936,123.49,123.49,523.0,CHKP
2023-06-07 13:41:00,123.45,123.5399,123.45,123.5399,1594.0,CHKP
2023-06-07 13:39:00,123.47,123.47,123.46,123.465,360.0,CHKP
2023-06-07 13:38:00,123.43,123.464,123.43,123.464,1366.0,CHKP
2023-06-07 13:37:00,123.4,123.4,123.4,123.4,1042.0,CHKP
2023-06-07 13:36:00,123.32,123.36,123.315,123.36,1755.0,CHKP
2023-06-07 13:35:00,123.33,123.33,123.295,123.295,202.0,CHKP
2023-06-07 13:34:00,123.31,123.33,123.295,123.305,1333.0,CHKP
2023-06-07 13:33:00,123.34,123.34,123.34,123.34,917.0,CHKP
2023-06-07 13:32:00,123.315,123.315,123.315,123.315,146.0,CHKP
2023-06-07 13:31:00,123.34,123.365,123.34,123.35,666.0,CHKP
2023-06-07 13:30:00,123.36,123.37,123.34,123.37,2453.0,CHKP
2023-06-07 13:29:00,123.365,123.365,123.31,123.335,2253.0,CHKP
2023-06-07 13:28:00,123.27,123.32,123.27,123.31,1126.0,CHKP
2023-06-07 13:27:00,123.19,123.28,123.19,123.28,2961.0,CHKP
2023-06-07 13:26:00,123.16,123.2,123.155,123.18,1791.0,CHKP
2023-06-07 13:25:00,123.16,123.16,123.16,123.16,100.0,CHKP
2023-06-07 13:24:00,123.19,123.225,123.11,123.16,14450.0,CHKP
2023-06-07 13:23:00,123.29,123.295,123.16,123.175,3328.0,CHKP
2023-06-07 13:22:00,123.23,123.25,123.18,123.24,4280.0,CHKP
2023-06-07 13:21:00,123.3,123.3,123.22,123.22,1066.0,CHKP
2023-06-07 13:20:00,123.29,123.325,123.28,123.29,1198.0,CHKP
2023-06-07 13:19:00,123.3516,123.3516,123.3,123.3,3057.0,CHKP
2023-06-07 13:17:00,123.26,123.38,123.26,123.38,1585.0,CHKP
2023-06-07 13:16:00,123.25,123.27,123.25,123.27,324.0,CHKP
2023-06-07 13:15:00,123.28,123.3299,123.25,123.25,4807.0,CHKP
2023-06-07 13:14:00,123.315,123.315,123.285,123.285,572.0,CHKP
2023-06-07 13:13:00,123.34,123.34,123.34,123.34,1902.0,CHKP
2023-06-07 13:12:00,123.49,123.49,123.385,123.385,2188.0,CHKP
2023-06-07 13:11:00,123.54,123.555,123.52,123.525,1798.0,CHKP
2023-06-07 13:10:00,123.45,123.6,123.45,123.56,1527.0,CHKP
2023-06-07 13:08:00,123.41,123.415,123.41,123.41,693.0,CHKP
2023-06-07 13:07:00,123.42,123.45,123.42,123.43,606.0,CHKP
2023-06-07 13:06:00,123.43,123.43,123.38,123.425,2869.0,CHKP
2023-06-07 13:05:00,123.455,123.455,123.455,123.455,276.0,CHKP
2023-06-07 13:04:00,123.45,123.45,123.45,123.45,201.0,CHKP
2023-06-07 13:03:00,123.46,123.46,123.455,123.455,1005.0,CHKP
2023-06-07 13:01:00,123.35,123.495,123.35,123.455,4603.0,CHKP
2023-06-07 13:00:00,123.36,123.3681,123.305,123.3681,1675.0,CHKP
2023-06-07 12:59:00,123.325,123.35,123.28,123.3,2321.0,CHKP
2023-06-07 12:58:00,123.25,123.325,123.25,123.325,802.0,CHKP
2023-06-07 12:57:00,123.44,123.44,123.31,123.37,2770.0,CHKP
2023-06-07 12:56:00,123.64,123.645,123.45,123.45,4667.0,CHKP
2023-06-07 12:55:00,123.79,123.8,123.6,123.64,16999.0,CHKP
2023-06-07 12:54:00,123.83,123.845,123.79,123.81,2392.0,CHKP
2023-06-07 12:53:00,123.855,123.86,123.855,123.86,378.0,CHKP
2023-06-07 12:52:00,123.905,123.905,123.83,123.83,2950.0,CHKP
2023-06-07 12:51:00,123.91,123.925,123.9,123.91,2302.0,CHKP
2023-06-07 12:50:00,123.885,123.885,123.88,123.88,661.0,CHKP
2023-06-07 12:49:00,123.86,123.88,123.85,123.88,1256.0,CHKP
2023-06-07 12:48:00,123.84,123.84,123.82,123.84,4316.0,CHKP
2023-06-07 12:47:00,123.85,123.85,123.835,123.835,1666.0,CHKP
2023-06-07 12:46:00,123.8275,123.9,123.8275,123.835,2449.0,CHKP
2023-06-07 12:45:00,123.81,123.835,123.81,123.835,877.0,CHKP
2023-06-07 12:44:00,123.835,123.835,123.835,123.835,442.0,CHKP
2023-06-07 12:43:00,123.73,123.815,123.72,123.8,4952.0,CHKP
2023-06-07 12:42:00,123.74,123.74,123.74,123.74,215.0,CHKP
2023-06-07 12:41:00,123.76,123.76,123.76,123.76,635.0,CHKP
2023-06-07 12:40:00,123.79,123.79,123.78,123.78,1985.0,CHKP
2023-06-07 12:39:00,123.795,123.82,123.795,123.82,667.0,CHKP
2023-06-07 12:38:00,123.819,123.849,123.819,123.849,2126.0,CHKP
2023-06-07 12:37:00,123.7,123.8,123.68,123.8,3662.0,CHKP
2023-06-07 12:36:00,123.705,123.705,123.705,123.705,526.0,CHKP
2023-06-07 12:35:00,123.695,123.72,123.69,123.7,11331.0,CHKP
2023-06-07 12:34:00,123.67,123.77,123.67,123.695,9255.0,CHKP
2023-06-07 12:33:00,123.66,123.66,123.66,123.66,824.0,CHKP
2023-06-07 12:32:00,123.635,123.635,123.635,123.635,489.0,CHKP
2023-06-07 12:30:00,123.48,123.6453,123.48,123.6453,2057.0,CHKP
2023-06-07 12:28:00,123.4125,123.49,123.4125,123.49,2306.0,CHKP
2023-06-07 12:27:00,123.46,123.495,123.43,123.47,2382.0,CHKP
2023-06-07 12:26:00,123.55,123.55,123.5,123.515,2261.0,CHKP
2023-06-07 12:25:00,123.6,123.662,123.58,123.58,1037.0,CHKP
2023-06-07 12:24:00,123.6,123.64,123.6,123.64,1178.0,CHKP
2023-06-07 12:23:00,123.645,123.645,123.645,123.645,283.0,CHKP
2023-06-07 12:22:00,123.82,123.82,123.695,123.695,2623.0,CHKP
2023-06-07 12:21:00,123.86,123.87,123.845,123.845,1066.0,CHKP
2023-06-07 12:20:00,123.86,123.86,123.83,123.86,2185.0,CHKP
2023-06-07 12:18:00,123.9,123.9,123.85,123.88,2894.0,CHKP
2023-06-07 12:17:00,123.91,123.92,123.905,123.905,937.0,CHKP
2023-06-07 12:16:00,123.835,123.9,123.835,123.9,1188.0,CHKP
2023-06-07 12:14:00,123.86,123.86,123.8353,123.86,2239.0,CHKP
2023-06-07 12:13:00,123.9,123.9,123.88,123.88,304.0,CHKP
2023-06-07 12:12:00,123.93,123.93,123.93,123.93,621.0,CHKP
2023-06-07 12:10:00,123.965,123.965,123.92,123.92,2504.0,CHKP
2023-06-07 12:08:00,123.9,123.9,123.89,123.89,955.0,CHKP
2023-06-07 12:07:00,123.9079,123.9079,123.89,123.905,754.0,CHKP
2023-06-07 12:06:00,123.85,123.89,123.85,123.89,2736.0,CHKP
2023-06-07 12:05:00,123.8,123.8,123.8,123.8,993.0,CHKP
2023-06-07 12:04:00,123.82,123.82,123.82,123.82,419.0,CHKP
2023-06-07 12:03:00,123.77,123.89,123.725,123.85,6284.0,CHKP
2023-06-07 12:02:00,123.82,123.82,123.79,123.79,1540.0,CHKP
2023-06-07 12:01:00,123.79,123.79,123.79,123.79,347.0,CHKP
2023-06-07 12:00:00,123.77,123.78,123.77,123.78,677.0,CHKP
2023-06-07 11:59:00,123.74,123.76,123.74,123.76,647.0,CHKP
2023-06-07 11:58:00,123.69,123.73,123.69,123.73,248.0,CHKP
2023-06-07 11:57:00,123.728,123.728,123.685,123.685,543.0,CHKP
2023-06-07 11:56:00,123.7,123.7,123.7,123.7,403.0,CHKP
2023-06-07 11:55:00,123.705,123.75,123.705,123.75,274.0,CHKP
2023-06-07 11:54:00,123.7,123.7,123.7,123.7,251.0,CHKP
2023-06-07 11:52:00,123.745,123.745,123.67,123.67,1006.0,CHKP
2023-06-07 11:51:00,123.67,123.73,123.65,123.73,2968.0,CHKP
2023-06-07 11:50:00,123.735,123.735,123.68,123.68,2115.0,CHKP
2023-06-07 11:49:00,123.74,123.74,123.735,123.735,432.0,CHKP
2023-06-07 11:47:00,123.71,123.81,123.71,123.78,2900.0,CHKP
2023-06-07 11:46:00,123.68,123.69,123.68,123.69,726.0,CHKP
2023-06-07 11:45:00,123.63,123.63,123.63,123.63,548.0,CHKP
2023-06-07 11:44:00,123.75,123.76,123.62,123.635,13232.0,CHKP
2023-06-07 11:43:00,123.7086,123.73,123.7086,123.73,691.0,CHKP
2023-06-07 11:42:00,123.63,123.73,123.62,123.73,1352.0,CHKP
2023-06-07 11:41:00,123.57,123.61,123.57,123.61,808.0,CHKP
2023-06-07 11:40:00,123.58,123.58,123.58,123.58,449.0,CHKP
2023-06-07 11:39:00,123.52,123.5799,123.52,123.5799,623.0,CHKP
2023-06-07 11:38:00,123.58,123.595,123.53,123.53,3315.0,CHKP
2023-06-07 11:37:00,123.535,123.54,123.49,123.54,2508.0,CHKP
2023-06-07 11:36:00,123.51,123.51,123.51,123.51,450.0,CHKP
2023-06-07 11:34:00,123.64,123.64,123.59,123.6,2411.0,CHKP
2023-06-07 11:33:00,123.67,123.67,123.63,123.63,2145.0,CHKP
2023-06-07 11:31:00,123.7,123.7,123.6,123.6,329.0,CHKP
2023-06-07 11:29:00,123.58,123.67,123.58,123.67,1780.0,CHKP
2023-06-07 11:28:00,123.64,123.64,123.64,123.64,235.0,CHKP
2023-06-07 11:27:00,123.51,123.56,123.51,123.56,1857.0,CHKP
2023-06-07 11:26:00,123.5,123.53,123.48,123.53,1880.0,CHKP
2023-06-07 11:25:00,123.56,123.56,123.49,123.5,1311.0,CHKP
2023-06-07 11:23:00,123.545,123.57,123.545,123.57,1166.0,CHKP
2023-06-07 11:21:00,123.435,123.545,123.435,123.545,1735.0,CHKP
2023-06-07 11:20:00,123.42,123.435,123.42,123.435,1327.0,CHKP
2023-06-07 11:18:00,123.38,123.41,123.335,123.41,1352.0,CHKP
2023-06-07 11:17:00,123.36,123.36,123.3,123.34,2347.0,CHKP
2023-06-07 11:16:00,123.365,123.365,123.345,123.365,723.0,CHKP
2023-06-07 11:15:00,123.3,123.385,123.28,123.385,3452.0,CHKP
2023-06-07 11:14:00,123.27,123.27,123.25,123.25,278.0,CHKP
2023-06-07 11:13:00,123.35,123.35,123.35,123.35,314.0,CHKP
2023-06-07 11:12:00,123.36,123.36,123.36,123.36,637.0,CHKP
2023-06-07 11:11:00,123.49,123.49,123.41,123.41,1162.0,CHKP
2023-06-07 11:10:00,123.49,123.49,123.49,123.49,357.0,CHKP
2023-06-07 11:08:00,123.425,123.485,123.42,123.485,647.0,CHKP
2023-06-07 11:07:00,123.52,123.52,123.485,123.485,727.0,CHKP
2023-06-07 11:06:00,123.64,123.64,123.515,123.515,1344.0,CHKP
2023-06-07 11:05:00,123.64,123.64,123.64,123.64,202.0,CHKP
2023-06-07 11:04:00,123.645,123.655,123.645,123.655,664.0,CHKP
2023-06-07 11:03:00,123.65,123.685,123.63,123.67,1977.0,CHKP
2023-06-07 11:02:00,123.615,123.748,123.615,123.66,3992.0,CHKP
2023-06-07 11:01:00,123.68,123.7,123.64,123.65,3278.0,CHKP
2023-06-07 11:00:00,123.715,123.715,123.645,123.67,4729.0,CHKP
2023-06-07 10:59:00,123.745,123.77,123.68,123.68,2694.0,CHKP
2023-06-07 10:58:00,123.77,123.77,123.72,123.72,1510.0,CHKP
2023-06-07 10:57:00,123.8,123.8,123.8,123.8,113.0,CHKP
2023-06-07 10:56:00,123.8,123.825,123.8,123.825,432.0,CHKP
2023-06-07 10:55:00,123.89,123.91,123.825,123.825,2432.0,CHKP
2023-06-07 10:54:00,123.77,123.875,123.76,123.875,1137.0,CHKP
2023-06-07 10:53:00,123.65,123.75,123.65,123.72,2633.0,CHKP
2023-06-07 10:52:00,123.74,123.74,123.64,123.66,1079.0,CHKP
2023-06-07 10:51:00,124.035,124.035,123.68,123.74,9377.0,CHKP
2023-06-07 10:50:00,124.015,124.02,123.98,124.01,2034.0,CHKP
2023-06-07 10:49:00,124.035,124.1,124.035,124.07,4998.0,CHKP
2023-06-07 10:48:00,124.235,124.29,124.075,124.075,5725.0,CHKP
2023-06-07 10:47:00,124.18,124.28,124.18,124.28,1217.0,CHKP
2023-06-07 10:46:00,124.14,124.24,124.14,124.24,3008.0,CHKP
2023-06-07 10:45:00,124.11,124.17,124.06,124.14,2888.0,CHKP
2023-06-07 10:44:00,124.1,124.16,124.08,124.16,851.0,CHKP
2023-06-07 10:43:00,124.13,124.154,124.1,124.15,3714.0,CHKP
2023-06-07 10:42:00,123.95,124.075,123.92,124.075,4748.0,CHKP
2023-06-07 10:41:00,123.8,123.855,123.8,123.855,1371.0,CHKP
2023-06-07 10:40:00,123.78,123.79,123.67,123.79,2246.0,CHKP
2023-06-07 10:39:00,123.59,123.605,123.59,123.605,1758.0,CHKP
2023-06-07 10:38:00,123.6,123.64,123.36,123.495,9796.0,CHKP
2023-06-07 10:37:00,123.66,123.705,123.6,123.61,5032.0,CHKP
2023-06-07 10:36:00,123.705,123.705,123.66,123.705,873.0,CHKP
2023-06-07 10:35:00,123.72,123.76,123.665,123.7,3243.0,CHKP
2023-06-07 10:34:00,123.855,123.87,123.64,123.64,2296.0,CHKP
2023-06-07 10:33:00,123.86,123.8906,123.79,123.79,1107.0,CHKP
2023-06-07 10:32:00,124.18,124.215,124.01,124.045,1383.0,CHKP
2023-06-07 10:31:00,124.33,124.33,124.24,124.24,3797.0,CHKP
2023-06-07 10:30:00,124.33,124.43,124.28,124.36,8806.0,CHKP
2023-06-07 10:29:00,124.325,124.38,124.27,124.325,10154.0,CHKP
2023-06-07 10:28:00,124.35,124.35,124.28,124.28,1120.0,CHKP
2023-06-07 10:27:00,124.645,124.66,124.475,124.475,2096.0,CHKP
2023-06-07 10:26:00,124.76,124.8,124.65,124.65,2014.0,CHKP
2023-06-07 10:25:00,124.885,124.885,124.725,124.725,4050.0,CHKP
2023-06-07 10:24:00,124.85,124.9,124.85,124.9,2399.0,CHKP
2023-06-07 10:23:00,124.855,124.87,124.82,124.87,3028.0,CHKP
2023-06-07 10:22:00,124.92,124.92,124.89,124.89,456.0,CHKP
2023-06-07 10:21:00,124.85,124.87,124.84,124.87,1778.0,CHKP
2023-06-07 10:20:00,124.69,124.81,124.69,124.81,2226.0,CHKP
2023-06-07 10:19:00,124.65,124.695,124.65,124.66,3770.0,CHKP
2023-06-07 10:18:00,124.695,124.695,124.59,124.645,3076.0,CHKP
2023-06-07 10:17:00,124.7037,124.74,124.685,124.695,1842.0,CHKP
2023-06-07 10:16:00,124.705,124.73,124.705,124.71,2006.0,CHKP
2023-06-07 10:15:00,124.75,124.75,124.71,124.71,482.0,CHKP
2023-06-07 10:14:00,124.78,124.78,124.755,124.755,532.0,CHKP
2023-06-07 10:13:00,124.805,124.83,124.77,124.78,3694.0,CHKP
2023-06-07 10:12:00,124.803,124.803,124.803,124.803,442.0,CHKP
2023-06-07 10:11:00,124.74,124.815,124.74,124.8,6747.0,CHKP
2023-06-07 10:10:00,124.66,124.66,124.65,124.65,1243.0,CHKP
2023-06-07 10:09:00,124.58,124.68,124.57,124.615,5860.0,CHKP
2023-06-07 10:08:00,124.54,124.57,124.54,124.555,2030.0,CHKP
2023-06-07 10:07:00,124.53,124.54,124.52,124.535,2511.0,CHKP
2023-06-07 10:06:00,124.57,124.57,124.53,124.53,1937.0,CHKP
2023-06-07 10:05:00,124.55,124.57,124.55,124.57,1203.0,CHKP
2023-06-07 10:04:00,124.605,124.605,124.57,124.57,1489.0,CHKP
2023-06-07 10:03:00,124.76,124.76,124.58,124.58,2914.0,CHKP
2023-06-07 10:02:00,124.71,124.77,124.71,124.73,1762.0,CHKP
2023-06-07 10:01:00,124.715,124.77,124.6666,124.77,1311.0,CHKP
2023-06-07 10:00:00,124.67,124.78,124.67,124.78,1407.0,CHKP
2023-06-07 09:59:00,124.66,124.705,124.62,124.705,3729.0,CHKP
2023-06-07 09:58:00,124.74,124.75,124.66,124.66,1352.0,CHKP
2023-06-07 09:57:00,124.6598,124.6917,124.6598,124.6917,654.0,CHKP
2023-06-07 09:56:00,124.68,124.76,124.61,124.7,3957.0,CHKP
2023-06-07 09:55:00,124.61,124.61,124.61,124.61,1559.0,CHKP
2023-06-07 09:54:00,124.59,124.61,124.53,124.555,2300.0,CHKP
2023-06-07 09:53:00,124.61,124.61,124.61,124.61,540.0,CHKP
2023-06-07 09:52:00,124.59,124.59,124.53,124.59,992.0,CHKP
2023-06-07 09:51:00,124.6693,124.6693,124.6,124.64,992.0,CHKP
2023-06-07 09:50:00,124.695,124.71,124.62,124.62,2327.0,CHKP
2023-06-07 09:49:00,124.63,124.715,124.62,124.695,1807.0,CHKP
2023-06-07 09:46:00,124.71,124.71,124.665,124.665,355.0,CHKP
2023-06-07 09:45:00,124.76,124.815,124.675,124.675,2617.0,CHKP
2023-06-07 09:44:00,124.78,124.78,124.78,124.78,229.0,CHKP
2023-06-07 09:43:00,124.805,124.805,124.795,124.795,621.0,CHKP
2023-06-07 09:42:00,124.82,124.82,124.82,124.82,333.0,CHKP
2023-06-07 09:41:00,124.85,124.875,124.85,124.875,586.0,CHKP
2023-06-07 09:40:00,124.345,124.745,124.345,124.745,7950.0,CHKP
2023-06-07 09:38:00,124.41,124.41,124.315,124.345,672.0,CHKP
2023-06-07 09:37:00,124.455,124.455,124.31,124.31,389.0,CHKP
2023-06-07 09:36:00,124.29,124.435,124.29,124.43,1280.0,CHKP
2023-06-07 09:35:00,124.38,124.435,124.29,124.31,2470.0,CHKP
2023-06-07 09:33:00,124.4,124.4,124.3475,124.3475,349.0,CHKP
2023-06-07 09:32:00,124.43,124.43,124.41,124.41,235.0,CHKP
2023-06-07 09:31:00,124.275,124.42,124.27,124.42,462.0,CHKP
2023-06-07 09:30:00,124.51,124.51,124.36,124.36,9683.0,CHKP
2023-06-07 09:29:00,124.33,124.41,124.33,124.41,481.0,CHKP
2023-06-06 16:00:00,124.38,124.38,124.38,124.38,4830.0,CHKP
2023-06-06 15:59:00,124.36,124.41,124.31,124.38,23039.0,CHKP
2023-06-06 15:58:00,124.4,124.4,124.335,124.37,12569.0,CHKP
2023-06-06 15:57:00,124.325,124.42,124.325,124.38,10984.0,CHKP
2023-06-06 15:56:00,124.245,124.34,124.235,124.34,13172.0,CHKP
2023-06-06 15:55:00,124.37,124.38,124.24,124.24,13534.0,CHKP
2023-06-06 15:54:00,124.3,124.41,124.3,124.34,7921.0,CHKP
2023-06-06 15:53:00,124.26,124.35,124.23,124.325,6313.0,CHKP
2023-06-06 15:52:00,124.31,124.36,124.26,124.285,5008.0,CHKP
2023-06-06 15:51:00,124.28,124.345,124.225,124.335,6427.0,CHKP
2023-06-06 15:50:00,124.24,124.36,124.24,124.32,4868.0,CHKP
2023-06-06 15:49:00,124.24,124.28,124.22,124.225,2808.0,CHKP
2023-06-06 15:48:00,124.27,124.28,124.225,124.225,3878.0,CHKP
2023-06-06 15:47:00,124.15,124.26,124.15,124.23,3643.0,CHKP
2023-06-06 15:46:00,124.125,124.16,124.12,124.12,3788.0,CHKP
2023-06-06 15:45:00,124.235,124.25,124.1,124.14,11878.0,CHKP
2023-06-06 15:44:00,124.235,124.34,124.235,124.27,5432.0,CHKP
2023-06-06 15:43:00,124.215,124.255,124.2,124.25,4168.0,CHKP
2023-06-06 15:42:00,124.23,124.24,124.215,124.215,23464.0,CHKP
2023-06-06 15:41:00,124.13,124.235,124.13,124.235,2335.0,CHKP
2023-06-06 15:40:00,124.025,124.12,124.025,124.12,3303.0,CHKP
2023-06-06 15:39:00,124.06,124.06,123.98,124.015,2895.0,CHKP
2023-06-06 15:38:00,124.005,124.05,123.975,124.05,1489.0,CHKP
2023-06-06 15:37:00,123.97,123.97,123.97,123.97,378.0,CHKP
2023-06-06 15:36:00,123.92,124.01,123.91,123.97,6444.0,CHKP
2023-06-06 15:35:00,123.91,123.95,123.89,123.92,3583.0,CHKP
2023-06-06 15:34:00,123.905,123.96,123.87,123.94,5018.0,CHKP
2023-06-06 15:33:00,123.99,123.99,123.85,123.87,2394.0,CHKP
2023-06-06 15:32:00,124.13,124.18,123.99,124.03,23743.0,CHKP
2023-06-06 15:31:00,124.155,124.21,124.15,124.15,2773.0,CHKP
2023-06-06 15:30:00,124.15,124.19,124.1225,124.18,3507.0,CHKP
2023-06-06 15:29:00,124.28,124.28,124.24,124.24,1891.0,CHKP
2023-06-06 15:28:00,124.34,124.36,124.324,124.324,6043.0,CHKP
2023-06-06 15:27:00,124.28,124.335,124.28,124.335,2795.0,CHKP
2023-06-06 15:26:00,124.275,124.275,124.275,124.275,474.0,CHKP
2023-06-06 15:25:00,124.3,124.339,124.25,124.3,5147.0,CHKP
2023-06-06 15:24:00,124.255,124.2921,124.2402,124.255,2823.0,CHKP
2023-06-06 15:23:00,124.23,124.32,124.22,124.255,4368.0,CHKP
2023-06-06 15:22:00,124.25,124.25,124.175,124.175,3877.0,CHKP
2023-06-06 15:21:00,124.28,124.31,124.275,124.29,1567.0,CHKP
2023-06-06 15:20:00,124.15,124.31,124.15,124.285,3609.0,CHKP
2023-06-06 15:19:00,124.27,124.27,124.18,124.18,3804.0,CHKP
2023-06-06 15:18:00,124.29,124.29,124.26,124.28,1851.0,CHKP
2023-06-06 15:17:00,124.285,124.285,124.285,124.285,472.0,CHKP
2023-06-06 15:16:00,124.28,124.33,124.28,124.295,3014.0,CHKP
2023-06-06 15:15:00,124.16,124.27,124.16,124.235,3450.0,CHKP
2023-06-06 15:14:00,124.2,124.2,124.175,124.18,760.0,CHKP
2023-06-06 15:13:00,124.21,124.21,124.18,124.18,958.0,CHKP
2023-06-06 15:12:00,124.22,124.24,124.11,124.19,8368.0,CHKP
2023-06-06 15:11:00,124.15,124.165,124.11,124.165,1030.0,CHKP
2023-06-06 15:10:00,124.28,124.28,124.17,124.17,1800.0,CHKP
2023-06-06 15:09:00,124.39,124.39,124.335,124.335,6192.0,CHKP
2023-06-06 15:08:00,124.27,124.475,124.27,124.475,4591.0,CHKP
2023-06-06 15:07:00,124.42,124.42,124.3,124.3,7203.0,CHKP
2023-06-06 15:06:00,124.48,124.48,124.42,124.42,2658.0,CHKP
2023-06-06 15:05:00,124.5,124.51,124.485,124.51,1280.0,CHKP
2023-06-06 15:04:00,124.48,124.52,124.47,124.48,3367.0,CHKP
2023-06-06 15:03:00,124.45,124.47,124.45,124.47,1443.0,CHKP
2023-06-06 15:02:00,124.39,124.46,124.39,124.45,1823.0,CHKP
2023-06-06 15:01:00,124.37,124.37,124.37,124.37,317.0,CHKP
2023-06-06 15:00:00,124.365,124.365,124.365,124.365,469.0,CHKP
2023-06-06 14:59:00,124.37,124.37,124.365,124.365,846.0,CHKP
2023-06-06 14:58:00,124.34,124.37,124.3,124.37,4537.0,CHKP
2023-06-06 14:57:00,124.29,124.35,124.29,124.34,3050.0,CHKP
2023-06-06 14:56:00,124.29,124.29,124.29,124.29,296.0,CHKP
2023-06-06 14:55:00,124.29,124.29,124.29,124.29,129.0,CHKP
2023-06-06 14:54:00,124.225,124.33,124.2,124.32,2585.0,CHKP
2023-06-06 14:53:00,124.27,124.27,124.23,124.235,2076.0,CHKP
2023-06-06 14:52:00,124.28,124.34,124.25,124.29,5007.0,CHKP
2023-06-06 14:51:00,124.31,124.31,124.28,124.28,443.0,CHKP
2023-06-06 14:50:00,124.21,124.31,124.2,124.31,4093.0,CHKP
2023-06-06 14:49:00,124.23,124.23,124.23,124.23,151.0,CHKP
2023-06-06 14:48:00,124.17,124.23,124.17,124.23,1594.0,CHKP
2023-06-06 14:47:00,124.17,124.19,124.17,124.19,746.0,CHKP
2023-06-06 14:45:00,124.1,124.18,124.1,124.18,2008.0,CHKP
2023-06-06 14:44:00,124.08,124.08,124.08,124.08,705.0,CHKP
2023-06-06 14:43:00,124.1,124.1,124.08,124.08,443.0,CHKP
2023-06-06 14:42:00,123.985,124.1,123.96,124.1,6258.0,CHKP
2023-06-06 14:41:00,123.985,123.985,123.985,123.985,930.0,CHKP
2023-06-06 14:40:00,123.93,124.01,123.93,123.985,2912.0,CHKP
2023-06-06 14:39:00,123.945,123.98,123.94,123.955,2556.0,CHKP
2023-06-06 14:38:00,124.0,124.0,123.98,123.98,1065.0,CHKP
2023-06-06 14:37:00,124.2,124.21,124.06,124.09,14727.0,CHKP
2023-06-06 14:36:00,124.18,124.18,124.18,124.18,380.0,CHKP
2023-06-06 14:35:00,124.2,124.2,124.18,124.18,469.0,CHKP
2023-06-06 14:34:00,124.2,124.2,124.2,124.2,480.0,CHKP
2023-06-06 14:33:00,124.24,124.24,124.2,124.2,1760.0,CHKP
2023-06-06 14:32:00,124.12,124.18,124.1,124.18,2424.0,CHKP
2023-06-06 14:30:00,124.1,124.1,124.08,124.08,778.0,CHKP
2023-06-06 14:29:00,124.0955,124.105,124.0955,124.105,673.0,CHKP
2023-06-06 14:27:00,124.09,124.12,124.085,124.1,2238.0,CHKP
2023-06-06 14:25:00,124.055,124.055,124.055,124.055,168.0,CHKP
2023-06-06 14:24:00,124.05,124.05,124.05,124.05,416.0,CHKP
2023-06-06 14:23:00,123.96,124.055,123.96,124.055,1284.0,CHKP
2023-06-06 14:22:00,123.935,123.935,123.89,123.93,1051.0,CHKP
2023-06-06 14:21:00,124.03,124.03,123.94,123.94,2392.0,CHKP
2023-06-06 14:20:00,123.965,124.06,123.95,124.03,4019.0,CHKP
2023-06-06 14:19:00,123.97,123.97,123.97,123.97,643.0,CHKP
2023-06-06 14:18:00,123.9861,124.015,123.975,123.975,3486.0,CHKP
2023-06-06 14:17:00,124.005,124.025,124.005,124.025,717.0,CHKP
2023-06-06 14:15:00,124.02,124.02,124.02,124.02,334.0,CHKP
2023-06-06 14:14:00,124.0,124.025,124.0,124.025,822.0,CHKP
2023-06-06 14:13:00,123.945,123.97,123.945,123.97,959.0,CHKP
2023-06-06 14:12:00,123.95,123.95,123.95,123.95,1181.0,CHKP
2023-06-06 14:11:00,123.945,123.99,123.945,123.99,515.0,CHKP
2023-06-06 14:10:00,123.86,123.91,123.86,123.91,895.0,CHKP
2023-06-06 14:09:00,123.65,123.86,123.63,123.86,2441.0,CHKP
2023-06-06 14:08:00,123.62,123.62,123.62,123.62,380.0,CHKP
2023-06-06 14:07:00,123.62,123.66,123.62,123.65,1861.0,CHKP
2023-06-06 14:05:00,123.75,123.785,123.7,123.7,8327.0,CHKP
2023-06-06 14:04:00,123.725,123.725,123.725,123.725,299.0,CHKP
2023-06-06 14:03:00,123.725,123.725,123.725,123.725,421.0,CHKP
2023-06-06 14:02:00,123.66,123.75,123.6304,123.75,1567.0,CHKP
2023-06-06 14:01:00,123.6,123.63,123.6,123.63,1434.0,CHKP
2023-06-06 14:00:00,123.59,123.63,123.59,123.63,1831.0,CHKP
2023-06-06 13:59:00,123.59,123.59,123.59,123.59,203.0,CHKP
2023-06-06 13:58:00,123.615,123.64,123.615,123.64,1184.0,CHKP
2023-06-06 13:57:00,123.67,123.67,123.6,123.63,1731.0,CHKP
2023-06-06 13:56:00,123.66,123.67,123.65,123.66,1399.0,CHKP
2023-06-06 13:55:00,123.685,123.685,123.625,123.625,3643.0,CHKP
2023-06-06 13:54:00,123.69,123.7,123.67,123.7,1284.0,CHKP
2023-06-06 13:53:00,123.69,123.69,123.67,123.69,871.0,CHKP
2023-06-06 13:52:00,123.71,123.71,123.68,123.7,3770.0,CHKP
2023-06-06 13:50:00,123.72,123.72,123.72,123.72,397.0,CHKP
2023-06-06 13:49:00,123.71,123.735,123.71,123.72,2457.0,CHKP
2023-06-06 13:48:00,123.67,123.71,123.67,123.68,1576.0,CHKP
2023-06-06 13:47:00,123.67,123.67,123.67,123.67,172.0,CHKP
2023-06-06 13:46:00,123.66,123.72,123.66,123.69,543.0,CHKP
2023-06-06 13:45:00,123.695,123.695,123.695,123.695,335.0,CHKP
2023-06-06 13:43:00,123.705,123.73,123.67,123.68,3141.0,CHKP
2023-06-06 13:42:00,123.685,123.73,123.68,123.73,1942.0,CHKP
2023-06-06 13:40:00,123.61,123.7,123.61,123.69,1894.0,CHKP
2023-06-06 13:39:00,123.6,123.6,123.59,123.6,2178.0,CHKP
2023-06-06 13:38:00,123.6,123.6,123.57,123.57,1433.0,CHKP
2023-06-06 13:37:00,123.52,123.59,123.52,123.59,1150.0,CHKP
2023-06-06 13:35:00,123.545,123.545,123.545,123.545,235.0,CHKP
2023-06-06 13:34:00,123.5394,123.5394,123.5394,123.5394,1149.0,CHKP
2023-06-06 13:33:00,123.58,123.58,123.56,123.56,2360.0,CHKP
2023-06-06 13:32:00,123.6,123.6,123.6,123.6,1383.0,CHKP
2023-06-06 13:30:00,123.605,123.605,123.605,123.605,1212.0,CHKP
2023-06-06 13:29:00,123.54,123.59,123.54,123.59,1836.0,CHKP
2023-06-06 13:27:00,123.495,123.51,123.49,123.51,2538.0,CHKP
2023-06-06 13:26:00,123.51,123.51,123.4765,123.4765,1080.0,CHKP
2023-06-06 13:25:00,123.58,123.6,123.53,123.53,2623.0,CHKP
2023-06-06 13:23:00,123.495,123.57,123.49,123.53,9762.0,CHKP
2023-06-06 13:22:00,123.53,123.53,123.49,123.49,1029.0,CHKP
2023-06-06 13:20:00,123.54,123.54,123.5,123.52,1167.0,CHKP
2023-06-06 13:19:00,123.57,123.57,123.57,123.57,302.0,CHKP
2023-06-06 13:18:00,123.59,123.59,123.58,123.58,247.0,CHKP
2023-06-06 13:17:00,123.69,123.69,123.61,123.61,2686.0,CHKP
2023-06-06 13:16:00,123.68,123.72,123.68,123.72,965.0,CHKP
2023-06-06 13:15:00,123.66,123.675,123.65,123.65,1004.0,CHKP
2023-06-06 13:14:00,123.63,123.655,123.63,123.655,1428.0,CHKP
2023-06-06 13:13:00,123.63,123.63,123.605,123.605,802.0,CHKP
2023-06-06 13:12:00,123.63,123.63,123.63,123.63,302.0,CHKP
2023-06-06 13:10:00,123.56,123.58,123.56,123.58,515.0,CHKP
2023-06-06 13:09:00,123.53,123.575,123.53,123.56,1366.0,CHKP
2023-06-06 13:08:00,123.57,123.57,123.5,123.5,1978.0,CHKP
2023-06-06 13:07:00,123.45,123.57,123.45,123.57,3634.0,CHKP
2023-06-06 13:04:00,123.445,123.45,123.445,123.45,725.0,CHKP
2023-06-06 13:03:00,123.37,123.38,123.36,123.36,680.0,CHKP
2023-06-06 13:02:00,123.29,123.355,123.275,123.33,2555.0,CHKP
2023-06-06 13:01:00,123.28,123.28,123.25,123.25,212.0,CHKP
2023-06-06 13:00:00,123.31,123.31,123.295,123.295,1528.0,CHKP
2023-06-06 12:59:00,123.29,123.32,123.29,123.29,2737.0,CHKP
2023-06-06 12:58:00,123.32,123.35,123.32,123.325,1262.0,CHKP
2023-06-06 12:57:00,123.42,123.46,123.32,123.32,4181.0,CHKP
2023-06-06 12:56:00,123.41,123.41,123.41,123.41,205.0,CHKP
2023-06-06 12:54:00,123.35,123.39,123.34,123.39,2475.0,CHKP
2023-06-06 12:53:00,123.375,123.38,123.375,123.38,839.0,CHKP
2023-06-06 12:52:00,123.24,123.385,123.24,123.385,1819.0,CHKP
2023-06-06 12:51:00,123.19,123.215,123.19,123.19,309.0,CHKP
2023-06-06 12:50:00,123.205,123.23,123.2,123.215,1924.0,CHKP
2023-06-06 12:49:00,123.24,123.26,123.2,123.2,2369.0,CHKP
2023-06-06 12:48:00,123.26,123.26,123.215,123.215,866.0,CHKP
2023-06-06 12:47:00,123.25,123.27,123.23,123.23,7207.0,CHKP
2023-06-06 12:46:00,123.24,123.25,123.24,123.25,1511.0,CHKP
2023-06-06 12:45:00,123.14,123.25,123.14,123.25,6495.0,CHKP
2023-06-06 12:44:00,123.15,123.15,123.15,123.15,137.0,CHKP
2023-06-06 12:43:00,123.17,123.195,123.17,123.195,817.0,CHKP
2023-06-06 12:42:00,123.21,123.21,123.16,123.2,3837.0,CHKP
2023-06-06 12:41:00,123.28,123.28,123.23,123.23,1086.0,CHKP
2023-06-06 12:40:00,123.218,123.28,123.2,123.27,5339.0,CHKP
2023-06-06 12:39:00,123.26,123.31,123.2,123.2,6896.0,CHKP
2023-06-06 12:38:00,123.3,123.33,123.29,123.3,1169.0,CHKP
2023-06-06 12:37:00,123.365,123.386,123.345,123.36,904.0,CHKP
2023-06-06 12:36:00,123.39,123.39,123.37,123.37,1147.0,CHKP
2023-06-06 12:35:00,123.48,123.48,123.4,123.45,3714.0,CHKP
2023-06-06 12:34:00,123.44,123.47,123.44,123.47,316.0,CHKP
2023-06-06 12:33:00,123.43,123.43,123.43,123.43,431.0,CHKP
2023-06-06 12:32:00,123.415,123.415,123.36,123.39,1772.0,CHKP
2023-06-06 12:31:00,123.47,123.47,123.47,123.47,607.0,CHKP
2023-06-06 12:30:00,123.34,123.41,123.32,123.402,5735.0,CHKP
2023-06-06 12:29:00,123.38,123.39,123.38,123.39,818.0,CHKP
2023-06-06 12:28:00,123.41,123.41,123.41,123.41,259.0,CHKP
2023-06-06 12:27:00,123.43,123.47,123.43,123.445,3257.0,CHKP
2023-06-06 12:26:00,123.39,123.485,123.39,123.485,4150.0,CHKP
2023-06-06 12:25:00,123.34,123.3525,123.34,123.3525,304.0,CHKP
2023-06-06 12:24:00,123.37,123.37,123.37,123.37,404.0,CHKP
2023-06-06 12:23:00,123.4,123.4,123.34,123.37,1512.0,CHKP
2023-06-06 12:22:00,123.42,123.45,123.42,123.45,1916.0,CHKP
2023-06-06 12:21:00,123.43,123.46,123.425,123.46,1018.0,CHKP
2023-06-06 12:19:00,123.41,123.41,123.41,123.41,132.0,CHKP
2023-06-06 12:18:00,123.4,123.4,123.4,123.4,148.0,CHKP
2023-06-06 12:17:00,123.395,123.415,123.395,123.415,444.0,CHKP
2023-06-06 12:16:00,123.34,123.43,123.34,123.41,1713.0,CHKP
2023-06-06 12:15:00,123.3,123.3,123.3,123.3,216.0,CHKP
2023-06-06 12:14:00,123.46,123.46,123.44,123.44,1218.0,CHKP
2023-06-06 12:13:00,123.5,123.5,123.46,123.48,2276.0,CHKP
2023-06-06 12:12:00,123.55,123.56,123.55,123.56,904.0,CHKP
2023-06-06 12:10:00,123.555,123.555,123.52,123.52,932.0,CHKP
2023-06-06 12:09:00,123.535,123.59,123.535,123.55,2845.0,CHKP
2023-06-06 12:08:00,123.51,123.51,123.51,123.51,189.0,CHKP
2023-06-06 12:07:00,123.62,123.62,123.55,123.55,1673.0,CHKP
2023-06-06 12:06:00,123.665,123.665,123.665,123.665,125.0,CHKP
2023-06-06 12:05:00,123.72,123.765,123.68,123.71,3939.0,CHKP
2023-06-06 12:04:00,123.71,123.715,123.71,123.715,1434.0,CHKP
2023-06-06 12:03:00,123.66,123.72,123.62,123.71,4599.0,CHKP
2023-06-06 12:02:00,123.64,123.71,123.64,123.665,6924.0,CHKP
2023-06-06 12:01:00,123.63,123.67,123.63,123.67,1158.0,CHKP
2023-06-06 12:00:00,123.61,123.61,123.61,123.61,296.0,CHKP
2023-06-06 11:59:00,123.6,123.61,123.5946,123.61,2327.0,CHKP
2023-06-06 11:58:00,123.61,123.61,123.59,123.59,1280.0,CHKP
2023-06-06 11:57:00,123.65,123.65,123.61,123.62,2480.0,CHKP
2023-06-06 11:55:00,123.71,123.715,123.67,123.67,3858.0,CHKP
2023-06-06 11:54:00,123.67,123.71,123.67,123.71,813.0,CHKP
2023-06-06 11:53:00,123.68,123.68,123.68,123.68,302.0,CHKP
2023-06-06 11:52:00,123.655,123.685,123.655,123.685,254.0,CHKP
2023-06-06 11:51:00,123.7,123.7,123.635,123.635,336.0,CHKP
2023-06-06 11:50:00,123.56,123.6,123.56,123.6,454.0,CHKP
2023-06-06 11:49:00,123.55,123.55,123.55,123.55,301.0,CHKP
2023-06-06 11:48:00,123.5,123.545,123.5,123.545,819.0,CHKP
2023-06-06 11:47:00,123.47,123.47,123.47,123.47,680.0,CHKP
2023-06-06 11:46:00,123.44,123.46,123.44,123.46,348.0,CHKP
2023-06-06 11:45:00,123.44,123.46,123.44,123.445,1754.0,CHKP
2023-06-06 11:44:00,123.41,123.41,123.3871,123.3871,582.0,CHKP
2023-06-06 11:43:00,123.43,123.43,123.41,123.41,500.0,CHKP
2023-06-06 11:42:00,123.47,123.47,123.47,123.47,873.0,CHKP
2023-06-06 11:41:00,123.51,123.51,123.46,123.46,1178.0,CHKP
2023-06-06 11:40:00,123.46,123.56,123.46,123.56,1614.0,CHKP
2023-06-06 11:39:00,123.4378,123.455,123.4378,123.455,453.0,CHKP
2023-06-06 11:38:00,123.495,123.495,123.44,123.49,3702.0,CHKP
2023-06-06 11:37:00,123.54,123.54,123.48,123.495,1974.0,CHKP
2023-06-06 11:36:00,123.5,123.52,123.47,123.52,2088.0,CHKP
2023-06-06 11:35:00,123.463,123.47,123.463,123.47,2036.0,CHKP
2023-06-06 11:34:00,123.435,123.435,123.435,123.435,241.0,CHKP
2023-06-06 11:33:00,123.425,123.425,123.425,123.425,120.0,CHKP
2023-06-06 11:32:00,123.45,123.48,123.42,123.42,562.0,CHKP
2023-06-06 11:31:00,123.38,123.385,123.38,123.385,340.0,CHKP
2023-06-06 11:30:00,123.29,123.38,123.29,123.38,1851.0,CHKP
2023-06-06 11:29:00,123.2746,123.2746,123.2746,123.2746,406.0,CHKP
2023-06-06 11:28:00,123.18,123.27,123.18,123.27,1059.0,CHKP
2023-06-06 11:27:00,123.13,123.14,123.13,123.14,256.0,CHKP
2023-06-06 11:26:00,123.02,123.11,123.01,123.11,3698.0,CHKP
2023-06-06 11:25:00,123.085,123.085,123.05,123.05,996.0,CHKP
2023-06-06 11:24:00,123.11,123.11,123.07,123.07,1104.0,CHKP
2023-06-06 11:23:00,123.12,123.12,123.12,123.12,1216.0,CHKP
2023-06-06 11:22:00,123.07,123.1,123.07,123.1,1060.0,CHKP
2023-06-06 11:21:00,123.075,123.125,123.075,123.09,1036.0,CHKP
2023-06-06 11:20:00,123.08,123.1,123.07,123.08,2260.0,CHKP
2023-06-06 11:19:00,123.14,123.16,123.0901,123.0901,1110.0,CHKP
2023-06-06 11:18:00,123.205,123.205,123.15,123.1725,4816.0,CHKP
2023-06-06 11:17:00,123.16,123.225,123.16,123.185,2263.0,CHKP
2023-06-06 11:16:00,123.13,123.16,123.13,123.14,1906.0,CHKP
2023-06-06 11:15:00,123.14,123.14,123.12,123.13,1201.0,CHKP
2023-06-06 11:13:00,123.13,123.13,123.13,123.13,285.0,CHKP
2023-06-06 11:12:00,123.1,123.1,123.1,123.1,398.0,CHKP
2023-06-06 11:11:00,123.05,123.05,123.05,123.05,236.0,CHKP
2023-06-06 11:10:00,122.91,123.03,122.91,123.03,3242.0,CHKP
2023-06-06 11:09:00,122.95,122.95,122.95,122.95,204.0,CHKP
2023-06-06 11:08:00,122.95,122.95,122.95,122.95,217.0,CHKP
2023-06-06 11:07:00,123.0,123.04,122.94,122.97,3909.0,CHKP
2023-06-06 11:06:00,123.12,123.12,122.99,122.99,1569.0,CHKP
2023-06-06 11:05:00,123.15,123.15,123.09,123.09,1117.0,CHKP
2023-06-06 11:04:00,123.12,123.12,123.11,123.11,700.0,CHKP
2023-06-06 11:03:00,123.16,123.16,123.16,123.16,313.0,CHKP
2023-06-06 11:02:00,123.205,123.21,123.15,123.15,1282.0,CHKP
2023-06-06 11:01:00,123.195,123.2399,123.195,123.2399,403.0,CHKP
2023-06-06 11:00:00,123.15,123.22,123.15,123.22,1701.0,CHKP
2023-06-06 10:59:00,123.18,123.18,123.18,123.18,939.0,CHKP
2023-06-06 10:58:00,123.17,123.2,123.16,123.2,2243.0,CHKP
2023-06-06 10:57:00,123.21,123.22,123.2,123.205,1632.0,CHKP
2023-06-06 10:56:00,123.2,123.24,123.2,123.21,4981.0,CHKP
2023-06-06 10:55:00,123.21,123.21,123.21,123.21,335.0,CHKP
2023-06-06 10:54:00,123.21,123.21,123.21,123.21,360.0,CHKP
2023-06-06 10:53:00,123.28,123.28,123.205,123.215,1689.0,CHKP
2023-06-06 10:52:00,123.34,123.34,123.28,123.33,2410.0,CHKP
2023-06-06 10:51:00,123.225,123.375,123.19,123.375,2238.0,CHKP
2023-06-06 10:48:00,123.26,123.27,123.21,123.23,2875.0,CHKP
2023-06-06 10:47:00,123.22,123.22,123.22,123.22,302.0,CHKP
2023-06-06 10:46:00,123.26,123.26,123.23,123.23,1488.0,CHKP
2023-06-06 10:45:00,123.21,123.33,123.21,123.325,2587.0,CHKP
2023-06-06 10:44:00,123.16,123.19,123.16,123.19,316.0,CHKP
2023-06-06 10:43:00,123.19,123.19,123.19,123.19,128.0,CHKP
2023-06-06 10:42:00,123.29,123.29,123.23,123.23,1857.0,CHKP
2023-06-06 10:41:00,123.24,123.29,123.22,123.29,866.0,CHKP
2023-06-06 10:40:00,123.2,123.24,123.2,123.24,1053.0,CHKP
2023-06-06 10:39:00,123.2,123.23,123.18,123.18,802.0,CHKP
2023-06-06 10:38:00,123.23,123.23,123.2,123.2,412.0,CHKP
2023-06-06 10:37:00,123.15,123.19,123.15,123.19,791.0,CHKP
2023-06-06 10:36:00,123.13,123.14,123.13,123.13,1264.0,CHKP
2023-06-06 10:35:00,123.12,123.12,123.06,123.07,808.0,CHKP
2023-06-06 10:34:00,123.17,123.215,123.17,123.215,958.0,CHKP
2023-06-06 10:33:00,123.13,123.28,123.13,123.22,4830.0,CHKP
2023-06-06 10:32:00,123.065,123.12,123.06,123.11,1312.0,CHKP
2023-06-06 10:30:00,123.05,123.05,123.05,123.05,355.0,CHKP
2023-06-06 10:29:00,123.17,123.17,123.05,123.055,1380.0,CHKP
2023-06-06 10:28:00,123.07,123.25,123.05,123.25,3289.0,CHKP
2023-06-06 10:27:00,123.08,123.1,123.07,123.07,650.0,CHKP
2023-06-06 10:26:00,122.92,123.03,122.92,123.01,2212.0,CHKP
2023-06-06 10:25:00,123.075,123.075,122.94,122.995,2793.0,CHKP
2023-06-06 10:24:00,123.075,123.075,123.037,123.037,1589.0,CHKP
2023-06-06 10:23:00,123.01,123.09,123.01,123.09,1618.0,CHKP
2023-06-06 10:22:00,123.0991,123.14,123.02,123.06,2792.0,CHKP
2023-06-06 10:21:00,123.16,123.22,123.16,123.18,3590.0,CHKP
2023-06-06 10:20:00,123.12,123.12,123.0575,123.095,2246.0,CHKP
2023-06-06 10:19:00,122.97,123.115,122.96,123.11,3070.0,CHKP
2023-06-06 10:18:00,122.87,122.97,122.87,122.97,979.0,CHKP
2023-06-06 10:17:00,122.745,122.9,122.74,122.9,2746.0,CHKP
2023-06-06 10:16:00,122.63,122.75,122.63,122.75,893.0,CHKP
2023-06-06 10:15:00,122.55,122.61,122.55,122.61,3055.0,CHKP
2023-06-06 10:14:00,122.39,122.545,122.38,122.41,4205.0,CHKP
2023-06-06 10:13:00,122.73,122.79,122.58,122.58,2210.0,CHKP
2023-06-06 10:12:00,122.84,122.9,122.79,122.79,2606.0,CHKP
2023-06-06 10:11:00,122.83,122.92,122.82,122.86,2524.0,CHKP
2023-06-06 10:10:00,122.83,122.95,122.83,122.94,629.0,CHKP
2023-06-06 10:09:00,122.99,122.99,122.97,122.98,1614.0,CHKP
2023-06-06 10:08:00,123.0,123.0,122.92,122.92,2860.0,CHKP
2023-06-06 10:07:00,122.96,123.0,122.95,123.0,2072.0,CHKP
2023-06-06 10:06:00,122.98,123.0,122.875,122.92,2814.0,CHKP
2023-06-06 10:05:00,123.02,123.05,123.02,123.05,2056.0,CHKP
2023-06-06 10:04:00,122.7,122.87,122.7,122.87,31031.0,CHKP
2023-06-06 10:02:00,122.58,122.7,122.58,122.7,1096.0,CHKP
2023-06-06 10:00:00,122.53,122.65,122.53,122.64,2235.0,CHKP
2023-06-06 09:59:00,122.54,122.55,122.53,122.55,1562.0,CHKP
2023-06-06 09:58:00,122.475,122.475,122.41,122.41,311.0,CHKP
2023-06-06 09:57:00,122.59,122.59,122.425,122.425,1452.0,CHKP
2023-06-06 09:56:00,122.7687,122.7687,122.64,122.64,2642.0,CHKP
2023-06-06 09:55:00,122.625,122.66,122.565,122.605,3131.0,CHKP
2023-06-06 09:54:00,122.69,122.69,122.6,122.68,348.0,CHKP
2023-06-06 09:53:00,122.77,122.77,122.77,122.77,219.0,CHKP
2023-06-06 09:52:00,122.78,122.785,122.72,122.72,1050.0,CHKP
2023-06-06 09:51:00,122.79,122.83,122.65,122.65,7612.0,CHKP
2023-06-06 09:50:00,122.94,123.0,122.89,122.89,2132.0,CHKP
2023-06-06 09:49:00,122.85,122.85,122.81,122.81,720.0,CHKP
2023-06-06 09:48:00,122.67,122.67,122.66,122.66,1137.0,CHKP
2023-06-06 09:46:00,122.69,122.78,122.69,122.78,1547.0,CHKP
2023-06-06 09:45:00,122.83,122.89,122.75,122.75,1759.0,CHKP
2023-06-06 09:44:00,122.77,122.97,122.77,122.95,937.0,CHKP
2023-06-06 09:43:00,123.1,123.1,122.87,122.87,1334.0,CHKP
2023-06-06 09:42:00,123.08,123.17,123.01,123.105,3019.0,CHKP
2023-06-06 09:41:00,123.19,123.22,123.03,123.095,3690.0,CHKP
2023-06-06 09:40:00,123.09,123.16,123.09,123.16,264.0,CHKP
2023-06-06 09:39:00,123.3,123.33,123.24,123.33,1237.0,CHKP
2023-06-06 09:35:00,123.55,123.56,123.55,123.56,462.0,CHKP
2023-06-06 09:34:00,123.2,123.49,123.2,123.49,2192.0,CHKP
2023-06-06 09:33:00,123.49,123.63,123.2,123.2,659.0,CHKP
2023-06-06 09:32:00,123.82,123.83,123.575,123.575,1296.0,CHKP
2023-06-06 09:31:00,123.84,124.12,123.84,124.015,4485.0,CHKP
2023-06-06 09:30:00,124.0,124.0,123.92,123.92,7899.0,CHKP
2023-06-06 09:29:00,124.19,124.19,124.19,124.19,346.0,CHKP
2023-06-05 16:00:00,123.99,123.99,123.99,123.99,5800.0,CHKP
2023-06-05 15:59:00,124.005,124.02,123.97,124.01,15965.0,CHKP
2023-06-05 15:58:00,123.96,124.0,123.96,124.0,11714.0,CHKP
2023-06-05 15:57:00,123.99,124.0,123.93,123.955,14239.0,CHKP
2023-06-05 15:56:00,123.97,124.05,123.96,124.015,15407.0,CHKP
2023-06-05 15:55:00,123.89,123.96,123.81,123.96,15227.0,CHKP
2023-06-05 15:54:00,124.17,124.17,123.96,123.96,10511.0,CHKP
2023-06-05 15:53:00,124.13,124.18,124.13,124.18,5472.0,CHKP
2023-06-05 15:52:00,124.16,124.17,124.12,124.12,5589.0,CHKP
2023-06-05 15:51:00,124.145,124.15,124.105,124.14,5614.0,CHKP
2023-06-05 15:50:00,124.2,124.21,124.15,124.15,5726.0,CHKP
2023-06-05 15:49:00,124.18,124.25,124.18,124.25,1999.0,CHKP
2023-06-05 15:48:00,124.12,124.19,124.08,124.19,2852.0,CHKP
2023-06-05 15:47:00,124.11,124.12,124.09,124.09,917.0,CHKP
2023-06-05 15:46:00,124.2,124.2,124.16,124.16,2643.0,CHKP
2023-06-05 15:45:00,124.17,124.18,124.09,124.17,8929.0,CHKP
2023-06-05 15:44:00,124.17,124.19,124.16,124.18,3531.0,CHKP
2023-06-05 15:43:00,124.18,124.19,124.18,124.19,1959.0,CHKP
2023-06-05 15:42:00,124.09,124.17,124.09,124.17,2686.0,CHKP
2023-06-05 15:41:00,124.17,124.17,124.115,124.12,2564.0,CHKP
2023-06-05 15:40:00,124.13,124.19,124.13,124.19,1730.0,CHKP
2023-06-05 15:39:00,124.16,124.16,124.09,124.13,3301.0,CHKP
2023-06-05 15:38:00,124.15,124.2,124.15,124.16,2818.0,CHKP
2023-06-05 15:37:00,124.02,124.16,124.02,124.16,3523.0,CHKP
2023-06-05 15:36:00,124.07,124.07,123.97,123.99,2574.0,CHKP
2023-06-05 15:35:00,124.1,124.1,124.07,124.07,1740.0,CHKP
2023-06-05 15:34:00,124.11,124.18,124.11,124.11,4399.0,CHKP
2023-06-05 15:33:00,124.141,124.141,124.11,124.115,2841.0,CHKP
2023-06-05 15:32:00,124.14,124.17,124.101,124.16,3585.0,CHKP
2023-06-05 15:31:00,124.18,124.18,124.15,124.17,2725.0,CHKP
2023-06-05 15:30:00,124.15,124.18,124.147,124.16,1439.0,CHKP
2023-06-05 15:29:00,124.21,124.21,124.16,124.17,1931.0,CHKP
2023-06-05 15:28:00,124.19,124.19,124.19,124.19,188.0,CHKP
2023-06-05 15:27:00,124.17,124.2,124.168,124.19,2864.0,CHKP
2023-06-05 15:26:00,124.26,124.26,124.16,124.16,1951.0,CHKP
2023-06-05 15:25:00,124.2898,124.2898,124.275,124.275,633.0,CHKP
2023-06-05 15:24:00,124.26,124.285,124.245,124.27,3137.0,CHKP
2023-06-05 15:23:00,124.27,124.29,124.27,124.29,1902.0,CHKP
2023-06-05 15:22:00,124.225,124.27,124.225,124.26,1603.0,CHKP
2023-06-05 15:21:00,124.15,124.19,124.15,124.19,1997.0,CHKP
2023-06-05 15:20:00,124.13,124.16,124.13,124.14,1619.0,CHKP
2023-06-05 15:19:00,124.22,124.22,124.15,124.15,3817.0,CHKP
2023-06-05 15:18:00,124.17,124.2,124.17,124.2,857.0,CHKP
2023-06-05 15:17:00,124.13,124.13,124.13,124.13,347.0,CHKP
2023-06-05 15:16:00,123.96,124.09,123.96,124.09,2307.0,CHKP
2023-06-05 15:15:00,123.93,123.975,123.87,123.96,8783.0,CHKP
2023-06-05 15:14:00,123.96,123.96,123.93,123.93,2981.0,CHKP
2023-06-05 15:13:00,123.985,124.03,123.95,123.97,4742.0,CHKP
2023-06-05 15:12:00,124.03,124.05,123.94,123.98,6710.0,CHKP
2023-06-05 15:11:00,124.05,124.05,124.01,124.01,1965.0,CHKP
2023-06-05 15:10:00,124.025,124.025,124.0,124.025,1182.0,CHKP
2023-06-05 15:09:00,124.04,124.06,124.01,124.01,1177.0,CHKP
2023-06-05 15:08:00,124.07,124.07,123.98,123.98,3934.0,CHKP
2023-06-05 15:07:00,124.02,124.09,123.98,124.09,3597.0,CHKP
2023-06-05 15:06:00,123.96,124.02,123.96,123.98,2925.0,CHKP
2023-06-05 15:05:00,123.96,123.96,123.96,123.96,309.0,CHKP
2023-06-05 15:04:00,124.05,124.06,123.96,123.96,3395.0,CHKP
2023-06-05 15:03:00,124.08,124.11,124.05,124.05,2161.0,CHKP
2023-06-05 15:02:00,124.145,124.145,124.145,124.145,246.0,CHKP
2023-06-05 15:01:00,124.28,124.3,124.14,124.14,3196.0,CHKP
2023-06-05 15:00:00,124.25,124.27,124.25,124.27,1581.0,CHKP
2023-06-05 14:59:00,124.24,124.24,124.2,124.2,699.0,CHKP
2023-06-05 14:58:00,124.23,124.24,124.23,124.24,1565.0,CHKP
2023-06-05 14:57:00,124.26,124.26,124.25,124.25,1287.0,CHKP
2023-06-05 14:56:00,124.27,124.27,124.23,124.23,1768.0,CHKP
2023-06-05 14:55:00,124.27,124.34,124.27,124.31,1330.0,CHKP
2023-06-05 14:54:00,124.17,124.22,124.17,124.22,1263.0,CHKP
2023-06-05 14:53:00,124.13,124.145,124.12,124.12,1180.0,CHKP
2023-06-05 14:52:00,124.02,124.12,124.02,124.12,2016.0,CHKP
2023-06-05 14:51:00,124.08,124.08,124.05,124.05,1686.0,CHKP
2023-06-05 14:50:00,124.09,124.1,124.07,124.1,1270.0,CHKP
2023-06-05 14:49:00,124.14,124.14,124.108,124.11,3156.0,CHKP
2023-06-05 14:47:00,124.12,124.13,124.11,124.11,2278.0,CHKP
2023-06-05 14:46:00,124.13,124.13,124.13,124.13,381.0,CHKP
2023-06-05 14:45:00,124.18,124.18,124.12,124.14,1716.0,CHKP
2023-06-05 14:44:00,124.1825,124.19,124.15,124.15,2617.0,CHKP
2023-06-05 14:43:00,124.175,124.18,124.175,124.18,471.0,CHKP
2023-06-05 14:42:00,124.19,124.19,124.19,124.19,435.0,CHKP
2023-06-05 14:41:00,124.17,124.17,124.17,124.17,244.0,CHKP
2023-06-05 14:40:00,124.09,124.15,124.09,124.13,1957.0,CHKP
2023-06-05 14:39:00,124.04,124.07,124.02,124.07,1471.0,CHKP
2023-06-05 14:38:00,124.09,124.09,124.03,124.048,3881.0,CHKP
2023-06-05 14:37:00,124.08,124.08,124.04,124.08,1971.0,CHKP
2023-06-05 14:36:00,124.05,124.09,124.045,124.09,1640.0,CHKP
2023-06-05 14:35:00,124.03,124.05,124.02,124.04,1332.0,CHKP
2023-06-05 14:34:00,124.05,124.13,123.93,123.98,5938.0,CHKP
2023-06-05 14:33:00,124.07,124.09,124.0,124.0,2081.0,CHKP
2023-06-05 14:32:00,124.15,124.15,124.07,124.07,1152.0,CHKP
2023-06-05 14:31:00,124.19,124.19,124.17,124.17,376.0,CHKP
2023-06-05 14:30:00,124.26,124.26,124.2,124.2,1749.0,CHKP
2023-06-05 14:29:00,124.26,124.27,124.26,124.27,2353.0,CHKP
2023-06-05 14:28:00,124.27,124.27,124.27,124.27,371.0,CHKP
2023-06-05 14:27:00,124.26,124.27,124.26,124.26,1289.0,CHKP
2023-06-05 14:26:00,124.28,124.28,124.23,124.235,4362.0,CHKP
2023-06-05 14:25:00,124.335,124.335,124.3,124.31,1762.0,CHKP
2023-06-05 14:24:00,124.34,124.34,124.33,124.33,417.0,CHKP
2023-06-05 14:23:00,124.35,124.35,124.32,124.35,2542.0,CHKP
2023-06-05 14:22:00,124.32,124.33,124.32,124.33,600.0,CHKP
2023-06-05 14:21:00,124.27,124.32,124.23,124.3,2594.0,CHKP
2023-06-05 14:20:00,124.34,124.34,124.28,124.28,2682.0,CHKP
2023-06-05 14:19:00,124.36,124.36,124.36,124.36,611.0,CHKP
2023-06-05 14:18:00,124.37,124.37,124.37,124.37,592.0,CHKP
2023-06-05 14:17:00,124.34,124.355,124.31,124.34,1679.0,CHKP
2023-06-05 14:16:00,124.26,124.33,124.26,124.33,841.0,CHKP
2023-06-05 14:15:00,124.26,124.29,124.26,124.29,347.0,CHKP
2023-06-05 14:14:00,124.245,124.26,124.245,124.26,262.0,CHKP
2023-06-05 14:13:00,124.24,124.28,124.24,124.27,1970.0,CHKP
2023-06-05 14:12:00,124.28,124.28,124.28,124.28,365.0,CHKP
2023-06-05 14:11:00,124.37,124.37,124.27,124.27,2249.0,CHKP
2023-06-05 14:10:00,124.4,124.4,124.37,124.39,520.0,CHKP
2023-06-05 14:09:00,124.345,124.39,124.345,124.39,1130.0,CHKP
2023-06-05 14:08:00,124.37,124.37,124.31,124.32,1743.0,CHKP
2023-06-05 14:07:00,124.36,124.4,124.36,124.4,1867.0,CHKP
2023-06-05 14:06:00,124.49,124.515,124.32,124.32,1432.0,CHKP
2023-06-05 14:05:00,124.52,124.53,124.5,124.515,4139.0,CHKP
2023-06-05 14:04:00,124.46,124.46,124.46,124.46,471.0,CHKP
2023-06-05 14:02:00,124.47,124.53,124.47,124.53,441.0,CHKP
2023-06-05 14:01:00,124.5,124.5,124.5,124.5,166.0,CHKP
2023-06-05 14:00:00,124.48,124.51,124.45,124.5,2490.0,CHKP
2023-06-05 13:59:00,124.52,124.5997,124.5,124.51,3314.0,CHKP
2023-06-05 13:58:00,124.53,124.53,124.49,124.51,3406.0,CHKP
2023-06-05 13:56:00,124.4822,124.52,124.4822,124.515,2664.0,CHKP
2023-06-05 13:55:00,124.47,124.47,124.47,124.47,401.0,CHKP
2023-06-05 13:54:00,124.46,124.495,124.46,124.47,3014.0,CHKP
2023-06-05 13:53:00,124.41,124.46,124.41,124.46,1529.0,CHKP
2023-06-05 13:52:00,124.385,124.385,124.385,124.385,260.0,CHKP
2023-06-05 13:51:00,124.37,124.38,124.37,124.38,1044.0,CHKP
2023-06-05 13:50:00,124.31,124.335,124.3,124.3,977.0,CHKP
2023-06-05 13:49:00,124.34,124.34,124.27,124.31,2020.0,CHKP
2023-06-05 13:48:00,124.38,124.38,124.35,124.36,1428.0,CHKP
2023-06-05 13:47:00,124.33,124.3997,124.33,124.38,2248.0,CHKP
2023-06-05 13:46:00,124.32,124.32,124.31,124.31,650.0,CHKP
2023-06-05 13:45:00,124.295,124.32,124.295,124.32,514.0,CHKP
2023-06-05 13:44:00,124.37,124.37,124.31,124.31,2529.0,CHKP
2023-06-05 13:43:00,124.345,124.345,124.345,124.345,211.0,CHKP
2023-06-05 13:42:00,124.34,124.34,124.34,124.34,331.0,CHKP
2023-06-05 13:41:00,124.31,124.31,124.31,124.31,264.0,CHKP
2023-06-05 13:40:00,124.32,124.32,124.32,124.32,434.0,CHKP
2023-06-05 13:39:00,124.34,124.34,124.34,124.34,782.0,CHKP
2023-06-05 13:38:00,124.2446,124.355,124.2446,124.355,2425.0,CHKP
2023-06-05 13:37:00,124.27,124.27,124.24,124.25,1448.0,CHKP
2023-06-05 13:36:00,124.26,124.26,124.26,124.26,293.0,CHKP
2023-06-05 13:35:00,124.2899,124.2899,124.24,124.26,1772.0,CHKP
2023-06-05 13:34:00,124.25,124.28,124.2129,124.28,5185.0,CHKP
2023-06-05 13:33:00,124.17,124.17,124.17,124.17,363.0,CHKP
2023-06-05 13:32:00,124.21,124.25,124.2,124.25,579.0,CHKP
2023-06-05 13:31:00,124.24,124.27,124.23,124.23,586.0,CHKP
2023-06-05 13:30:00,124.28,124.31,124.26,124.26,2666.0,CHKP
2023-06-05 13:29:00,124.32,124.32,124.28,124.28,933.0,CHKP
2023-06-05 13:28:00,124.41,124.41,124.33,124.335,1244.0,CHKP
2023-06-05 13:27:00,124.53,124.53,124.42,124.46,4086.0,CHKP
2023-06-05 13:26:00,124.5,124.555,124.5,124.555,361.0,CHKP
2023-06-05 13:24:00,124.5,124.58,124.5,124.58,1333.0,CHKP
2023-06-05 13:23:00,124.5,124.515,124.5,124.515,608.0,CHKP
2023-06-05 13:22:00,124.51,124.53,124.51,124.53,1548.0,CHKP
2023-06-05 13:21:00,124.64,124.65,124.49,124.49,3815.0,CHKP
2023-06-05 13:20:00,124.63,124.63,124.62,124.62,558.0,CHKP
2023-06-05 13:19:00,124.595,124.595,124.595,124.595,370.0,CHKP
2023-06-05 13:18:00,124.55,124.55,124.55,124.55,746.0,CHKP
2023-06-05 13:17:00,124.52,124.57,124.52,124.56,2136.0,CHKP
2023-06-05 13:16:00,124.52,124.52,124.5,124.505,2073.0,CHKP
2023-06-05 13:15:00,124.59,124.59,124.55,124.55,1905.0,CHKP
2023-06-05 13:14:00,124.56,124.58,124.56,124.58,403.0,CHKP
2023-06-05 13:13:00,124.57,124.59,124.57,124.59,1416.0,CHKP
2023-06-05 13:12:00,124.57,124.6,124.56,124.56,2580.0,CHKP
2023-06-05 13:11:00,124.595,124.62,124.57,124.5791,826.0,CHKP
2023-06-05 13:10:00,124.595,124.61,124.595,124.61,450.0,CHKP
2023-06-05 13:08:00,124.59,124.59,124.59,124.59,405.0,CHKP
2023-06-05 13:07:00,124.59,124.63,124.59,124.63,788.0,CHKP
2023-06-05 13:06:00,124.51,124.57,124.51,124.56,683.0,CHKP
2023-06-05 13:05:00,124.5,124.53,124.455,124.53,2825.0,CHKP
2023-06-05 13:04:00,124.56,124.56,124.53,124.53,1272.0,CHKP
2023-06-05 13:02:00,124.52,124.585,124.52,124.56,1534.0,CHKP
2023-06-05 13:01:00,124.59,124.59,124.56,124.56,2427.0,CHKP
2023-06-05 13:00:00,124.57,124.62,124.57,124.62,753.0,CHKP
2023-06-05 12:59:00,124.48,124.56,124.48,124.56,2638.0,CHKP
2023-06-05 12:56:00,124.49,124.51,124.44,124.48,6700.0,CHKP
2023-06-05 12:55:00,124.485,124.485,124.485,124.485,228.0,CHKP
2023-06-05 12:53:00,124.44,124.465,124.44,124.465,243.0,CHKP
2023-06-05 12:52:00,124.47,124.47,124.47,124.47,227.0,CHKP
2023-06-05 12:51:00,124.47,124.47,124.47,124.47,141.0,CHKP
2023-06-05 12:50:00,124.44,124.47,124.44,124.47,501.0,CHKP
2023-06-05 12:48:00,124.41,124.49,124.41,124.46,1943.0,CHKP
2023-06-05 12:47:00,124.32,124.4,124.32,124.4,1697.0,CHKP
2023-06-05 12:46:00,124.41,124.41,124.33,124.35,1821.0,CHKP
2023-06-05 12:45:00,124.37,124.4,124.37,124.38,920.0,CHKP
2023-06-05 12:44:00,124.355,124.375,124.34,124.3682,1095.0,CHKP
2023-06-05 12:43:00,124.3909,124.3909,124.3909,124.3909,358.0,CHKP
2023-06-05 12:42:00,124.35,124.37,124.32,124.355,1287.0,CHKP
2023-06-05 12:41:00,124.4,124.4,124.38,124.38,305.0,CHKP
2023-06-05 12:40:00,124.39,124.39,124.38,124.38,559.0,CHKP
2023-06-05 12:39:00,124.39,124.39,124.345,124.345,2191.0,CHKP
2023-06-05 12:38:00,124.29,124.385,124.29,124.37,2365.0,CHKP
2023-06-05 12:37:00,124.3,124.3275,124.3,124.3275,545.0,CHKP
2023-06-05 12:36:00,124.26,124.27,124.255,124.255,1676.0,CHKP
2023-06-05 12:35:00,124.265,124.265,124.21,124.21,1280.0,CHKP
2023-06-05 12:34:00,124.265,124.265,124.265,124.265,440.0,CHKP
2023-06-05 12:33:00,124.27,124.28,124.27,124.28,730.0,CHKP
2023-06-05 12:32:00,124.27,124.295,124.26,124.295,421.0,CHKP
2023-06-05 12:30:00,124.35,124.35,124.31,124.31,1840.0,CHKP
2023-06-05 12:29:00,124.32,124.35,124.31,124.31,582.0,CHKP
2023-06-05 12:26:00,124.17,124.26,124.17,124.26,2268.0,CHKP
2023-06-05 12:25:00,124.16,124.16,124.16,124.16,648.0,CHKP
2023-06-05 12:24:00,124.2,124.2,124.2,124.2,102.0,CHKP
2023-06-05 12:23:00,124.3,124.3,124.16,124.21,7567.0,CHKP
2023-06-05 12:21:00,124.32,124.33,124.295,124.31,1009.0,CHKP
2023-06-05 12:20:00,124.45,124.45,124.31,124.335,3821.0,CHKP
2023-06-05 12:19:00,124.425,124.425,124.42,124.42,274.0,CHKP
2023-06-05 12:18:00,124.43,124.43,124.43,124.43,470.0,CHKP
2023-06-05 12:17:00,124.41,124.41,124.41,124.41,306.0,CHKP
2023-06-05 12:16:00,124.49,124.49,124.45,124.45,978.0,CHKP
2023-06-05 12:15:00,124.42,124.42,124.42,124.42,1081.0,CHKP
2023-06-05 12:14:00,124.31,124.4,124.2763,124.4,2123.0,CHKP
2023-06-05 12:13:00,124.26,124.3,124.26,124.2682,2100.0,CHKP
2023-06-05 12:12:00,124.1782,124.3,124.1782,124.3,2140.0,CHKP
2023-06-05 12:11:00,124.29,124.29,124.1818,124.1818,5574.0,CHKP
2023-06-05 12:10:00,124.295,124.33,124.295,124.33,1210.0,CHKP
2023-06-05 12:09:00,124.3,124.33,124.295,124.3,668.0,CHKP
2023-06-05 12:08:00,124.235,124.26,124.21,124.26,819.0,CHKP
2023-06-05 12:07:00,124.23,124.23,124.23,124.23,834.0,CHKP
2023-06-05 12:06:00,124.18,124.235,124.18,124.235,928.0,CHKP
2023-06-05 12:05:00,124.13,124.13,124.12,124.12,574.0,CHKP
2023-06-05 12:04:00,124.07,124.12,124.04,124.12,1374.0,CHKP
2023-06-05 12:03:00,124.04,124.04,124.04,124.04,465.0,CHKP
2023-06-05 12:02:00,123.99,124.0,123.96,124.0,1621.0,CHKP
2023-06-05 12:00:00,123.96,123.96,123.96,123.96,294.0,CHKP
2023-06-05 11:59:00,123.905,123.955,123.905,123.955,1658.0,CHKP
2023-06-05 11:57:00,123.98,123.98,123.92,123.94,1174.0,CHKP
2023-06-05 11:56:00,123.94,123.97,123.94,123.97,441.0,CHKP
2023-06-05 11:55:00,123.95,123.97,123.95,123.97,466.0,CHKP
2023-06-05 11:54:00,123.88,123.9,123.83,123.8775,2870.0,CHKP
2023-06-05 11:53:00,123.86,123.88,123.81,123.84,2143.0,CHKP
2023-06-05 11:51:00,123.9,123.9,123.86,123.86,612.0,CHKP
2023-06-05 11:50:00,123.9,123.94,123.875,123.89,3359.0,CHKP
2023-06-05 11:49:00,123.88,123.92,123.88,123.885,1227.0,CHKP
2023-06-05 11:48:00,123.955,123.955,123.92,123.92,612.0,CHKP
2023-06-05 11:47:00,123.99,123.99,123.92,123.955,985.0,CHKP
2023-06-05 11:46:00,123.935,123.97,123.92,123.93,971.0,CHKP
2023-06-05 11:45:00,123.935,123.935,123.89,123.89,547.0,CHKP
2023-06-05 11:44:00,124.055,124.055,123.925,123.93,1323.0,CHKP
2023-06-05 11:43:00,124.06,124.12,124.02,124.02,13545.0,CHKP
2023-06-05 11:42:00,124.02,124.05,124.02,124.05,804.0,CHKP
2023-06-05 11:41:00,123.94,123.99,123.94,123.99,491.0,CHKP
2023-06-05 11:40:00,124.03,124.03,123.99,123.99,1038.0,CHKP
2023-06-05 11:39:00,123.96,124.02,123.96,124.02,1494.0,CHKP
2023-06-05 11:38:00,123.91,123.91,123.91,123.91,601.0,CHKP
2023-06-05 11:37:00,123.86,123.93,123.86,123.92,1901.0,CHKP
2023-06-05 11:36:00,123.84,123.84,123.82,123.82,357.0,CHKP
2023-06-05 11:35:00,123.93,123.94,123.88,123.88,1750.0,CHKP
2023-06-05 11:33:00,123.96,123.97,123.9,123.97,1231.0,CHKP
2023-06-05 11:32:00,124.0,124.01,123.97,123.98,3768.0,CHKP
2023-06-05 11:31:00,124.03,124.03,124.03,124.03,129.0,CHKP
2023-06-05 11:30:00,123.97,124.0,123.97,124.0,1506.0,CHKP
2023-06-05 11:29:00,123.93,123.97,123.89,123.92,4091.0,CHKP
2023-06-05 11:27:00,123.94,123.95,123.93,123.94,648.0,CHKP
2023-06-05 11:26:00,123.94,123.94,123.92,123.92,866.0,CHKP
2023-06-05 11:25:00,123.9,123.91,123.88,123.895,884.0,CHKP
2023-06-05 11:24:00,123.85,123.93,123.85,123.93,1613.0,CHKP
2023-06-05 11:23:00,123.79,123.85,123.79,123.85,1848.0,CHKP
2023-06-05 11:22:00,123.805,123.805,123.805,123.805,144.0,CHKP
2023-06-05 11:21:00,123.79,123.79,123.79,123.79,281.0,CHKP
2023-06-05 11:20:00,123.83,123.835,123.75,123.765,666.0,CHKP
2023-06-05 11:19:00,123.8,123.8,123.8,123.8,394.0,CHKP
2023-06-05 11:18:00,123.79,123.79,123.77,123.77,766.0,CHKP
2023-06-05 11:17:00,123.81,123.87,123.81,123.87,378.0,CHKP
2023-06-05 11:16:00,123.77,123.84,123.77,123.84,428.0,CHKP
2023-06-05 11:15:00,123.77,123.77,123.66,123.77,2859.0,CHKP
2023-06-05 11:13:00,123.8,123.83,123.8,123.815,1132.0,CHKP
2023-06-05 11:12:00,123.87,123.87,123.85,123.85,1409.0,CHKP
2023-06-05 11:11:00,123.79,123.86,123.79,123.825,1503.0,CHKP
2023-06-05 11:10:00,123.81,123.81,123.81,123.81,694.0,CHKP
2023-06-05 11:08:00,123.78,123.78,123.78,123.78,275.0,CHKP
2023-06-05 11:07:00,123.83,123.835,123.79,123.79,741.0,CHKP
2023-06-05 11:06:00,123.76,123.795,123.76,123.795,2021.0,CHKP
2023-06-05 11:05:00,123.64,123.75,123.64,123.74,1418.0,CHKP
2023-06-05 11:04:00,123.7,123.7,123.67,123.6975,1798.0,CHKP
2023-06-05 11:03:00,123.73,123.76,123.71,123.76,1349.0,CHKP
2023-06-05 11:02:00,123.76,123.805,123.76,123.805,513.0,CHKP
2023-06-05 11:01:00,123.875,123.88,123.77,123.81,1633.0,CHKP
2023-06-05 11:00:00,123.825,123.93,123.825,123.845,958.0,CHKP
2023-06-05 10:59:00,123.62,123.74,123.62,123.74,1494.0,CHKP
2023-06-05 10:58:00,123.69,123.71,123.62,123.64,2776.0,CHKP
2023-06-05 10:57:00,123.69,123.71,123.69,123.71,957.0,CHKP
2023-06-05 10:56:00,123.64,123.655,123.61,123.655,3202.0,CHKP
2023-06-05 10:55:00,123.63,123.63,123.63,123.63,870.0,CHKP
2023-06-05 10:53:00,123.55,123.55,123.48,123.48,2570.0,CHKP
2023-06-05 10:52:00,123.47,123.54,123.44,123.525,952.0,CHKP
2023-06-05 10:51:00,123.38,123.41,123.365,123.41,1525.0,CHKP
2023-06-05 10:50:00,123.385,123.385,123.3,123.3,509.0,CHKP
2023-06-05 10:49:00,123.285,123.285,123.285,123.285,307.0,CHKP
2023-06-05 10:48:00,123.23,123.23,123.23,123.23,701.0,CHKP
2023-06-05 10:47:00,123.21,123.24,123.2,123.24,1146.0,CHKP
2023-06-05 10:46:00,123.1517,123.2,123.1517,123.2,1961.0,CHKP
2023-06-05 10:45:00,123.19,123.19,123.13,123.13,1322.0,CHKP
2023-06-05 10:44:00,123.08,123.15,123.08,123.15,951.0,CHKP
2023-06-05 10:42:00,122.97,123.03,122.94,123.03,2133.0,CHKP
2023-06-05 10:41:00,122.83,123.01,122.83,122.98,2115.0,CHKP
2023-06-05 10:40:00,123.02,123.02,122.95,122.95,1079.0,CHKP
2023-06-05 10:39:00,123.1,123.1,122.98,122.98,1004.0,CHKP
2023-06-05 10:38:00,123.18,123.22,123.15,123.15,1584.0,CHKP
2023-06-05 10:37:00,123.45,123.45,123.19,123.19,3504.0,CHKP
2023-06-05 10:36:00,123.36,123.415,123.355,123.415,975.0,CHKP
2023-06-05 10:35:00,123.265,123.33,123.265,123.325,1511.0,CHKP
2023-06-05 10:34:00,123.28,123.2992,123.25,123.26,1494.0,CHKP
2023-06-05 10:33:00,123.3,123.3,123.27,123.27,1581.0,CHKP
2023-06-05 10:31:00,123.22,123.24,123.15,123.22,1675.0,CHKP
2023-06-05 10:30:00,123.21,123.22,123.1,123.11,2186.0,CHKP
2023-06-05 10:29:00,123.21,123.21,123.14,123.16,1240.0,CHKP
2023-06-05 10:28:00,123.18,123.2,123.18,123.2,326.0,CHKP
2023-06-05 10:27:00,123.2,123.23,123.18,123.22,1673.0,CHKP
2023-06-05 10:26:00,123.2,123.2,123.19,123.19,498.0,CHKP
2023-06-05 10:25:00,123.3,123.41,123.2,123.2,3573.0,CHKP
2023-06-05 10:24:00,123.365,123.38,123.365,123.38,371.0,CHKP
2023-06-05 10:23:00,123.35,123.365,123.28,123.36,1824.0,CHKP
2023-06-05 10:22:00,123.295,123.295,123.295,123.295,630.0,CHKP
2023-06-05 10:21:00,123.11,123.21,123.11,123.21,1527.0,CHKP
2023-06-05 10:20:00,123.095,123.095,123.06,123.095,459.0,CHKP
2023-06-05 10:19:00,123.045,123.17,123.045,123.1,3212.0,CHKP
2023-06-05 10:18:00,122.996,123.01,122.996,123.01,300.0,CHKP
2023-06-05 10:17:00,123.03,123.03,123.01,123.01,720.0,CHKP
2023-06-05 10:16:00,123.03,123.03,123.03,123.03,130.0,CHKP
2023-06-05 10:15:00,123.0,123.06,123.0,123.06,1104.0,CHKP
2023-06-05 10:14:00,122.92,122.99,122.905,122.99,2521.0,CHKP
2023-06-05 10:13:00,123.08,123.1,122.91,122.93,3940.0,CHKP
2023-06-05 10:12:00,123.145,123.145,123.025,123.025,2738.0,CHKP
2023-06-05 10:11:00,123.22,123.22,123.106,123.16,1291.0,CHKP
2023-06-05 10:10:00,123.39,123.39,123.23,123.23,3179.0,CHKP
2023-06-05 10:09:00,123.43,123.45,123.33,123.39,5907.0,CHKP
2023-06-05 10:08:00,123.26,123.38,123.2347,123.355,2886.0,CHKP
2023-06-05 10:07:00,123.36,123.36,123.33,123.33,954.0,CHKP
2023-06-05 10:06:00,123.65,123.66,123.34,123.36,3831.0,CHKP
2023-06-05 10:05:00,123.615,123.615,123.56,123.56,944.0,CHKP
2023-06-05 10:04:00,123.65,123.65,123.565,123.565,1895.0,CHKP
2023-06-05 10:03:00,123.77,123.82,123.74,123.75,847.0,CHKP
2023-06-05 10:02:00,123.75,123.78,123.64,123.78,2548.0,CHKP
2023-06-05 10:01:00,123.91,123.91,123.76,123.76,2331.0,CHKP
2023-06-05 10:00:00,123.66,123.76,123.545,123.735,3210.0,CHKP
2023-06-05 09:59:00,123.6,123.6,123.49,123.49,1255.0,CHKP
2023-06-05 09:58:00,123.57,123.65,123.46,123.595,3072.0,CHKP
2023-06-05 09:57:00,123.56,123.61,123.43,123.55,2130.0,CHKP
2023-06-05 09:56:00,123.665,123.665,123.665,123.665,599.0,CHKP
2023-06-05 09:55:00,123.72,123.72,123.59,123.59,1155.0,CHKP
2023-06-05 09:54:00,123.74,123.74,123.56,123.56,1042.0,CHKP
2023-06-05 09:53:00,123.705,123.705,123.57,123.64,336.0,CHKP
2023-06-05 09:52:00,123.54,123.54,123.54,123.54,322.0,CHKP
2023-06-05 09:51:00,123.745,123.745,123.5,123.58,2548.0,CHKP
2023-06-05 09:50:00,123.7,123.78,123.64,123.76,1952.0,CHKP
2023-06-05 09:49:00,123.78,123.79,123.745,123.745,833.0,CHKP
2023-06-05 09:48:00,123.8,123.8,123.67,123.67,1135.0,CHKP
2023-06-05 09:47:00,123.66,123.8,123.66,123.8,720.0,CHKP
2023-06-05 09:46:00,123.66,123.67,123.66,123.67,457.0,CHKP
2023-06-05 09:45:00,123.83,123.91,123.7425,123.865,2224.0,CHKP
2023-06-05 09:44:00,123.59,123.59,123.56,123.56,455.0,CHKP
2023-06-05 09:43:00,123.86,123.86,123.67,123.69,2234.0,CHKP
2023-06-05 09:42:00,123.39,123.85,123.38,123.79,1796.0,CHKP
2023-06-05 09:41:00,123.2,123.37,123.19,123.2,782.0,CHKP
2023-06-05 09:40:00,123.1943,123.4,123.1943,123.38,2918.0,CHKP
2023-06-05 09:39:00,123.35,123.38,123.21,123.38,1993.0,CHKP
2023-06-05 09:38:00,123.3081,123.44,123.3081,123.44,209.0,CHKP
2023-06-05 09:37:00,123.37,123.37,123.21,123.21,408.0,CHKP
2023-06-05 09:36:00,123.1,123.4,122.96,123.23,984.0,CHKP
2023-06-05 09:35:00,122.9,123.11,122.865,123.11,1627.0,CHKP
2023-06-05 09:34:00,122.755,122.95,122.64,122.95,1399.0,CHKP
2023-06-05 09:33:00,122.74,122.745,122.54,122.745,4452.0,CHKP
2023-06-05 09:32:00,122.8,122.8,122.8,122.8,224.0,CHKP
2023-06-05 09:31:00,123.11,123.11,122.11,122.725,10227.0,CHKP
2023-06-05 09:30:00,123.06,123.2,123.06,123.2,16968.0,CHKP
2023-06-02 16:00:00,124.03,124.03,124.03,124.03,5464.0,CHKP
2023-06-02 15:59:00,124.16,124.16,123.97,124.0,37798.0,CHKP
2023-06-02 15:58:00,124.23,124.23,124.16,124.16,17100.0,CHKP
2023-06-02 15:57:00,124.27,124.27,124.23,124.235,15839.0,CHKP
2023-06-02 15:56:00,124.27,124.3,124.26,124.265,15952.0,CHKP
2023-06-02 15:55:00,124.34,124.34,124.27,124.27,12952.0,CHKP
2023-06-02 15:54:00,124.385,124.385,124.33,124.34,10316.0,CHKP
2023-06-02 15:53:00,124.33,124.37,124.32,124.37,13764.0,CHKP
2023-06-02 15:52:00,124.345,124.35,124.33,124.33,6548.0,CHKP
2023-06-02 15:51:00,124.31,124.4,124.31,124.36,10357.0,CHKP
2023-06-02 15:50:00,124.22,124.29,124.2,124.29,16712.0,CHKP
2023-06-02 15:49:00,124.29,124.29,124.195,124.23,6805.0,CHKP
2023-06-02 15:48:00,124.2,124.27,124.14,124.27,7751.0,CHKP
2023-06-02 15:47:00,124.2,124.21,124.19,124.21,2273.0,CHKP
2023-06-02 15:46:00,124.19,124.2382,124.18,124.2,7459.0,CHKP
2023-06-02 15:45:00,124.24,124.24,124.195,124.195,5854.0,CHKP
2023-06-02 15:44:00,124.28,124.3,124.22,124.225,6520.0,CHKP
2023-06-02 15:43:00,124.26,124.27,124.24,124.27,4295.0,CHKP
2023-06-02 15:42:00,124.24,124.27,124.23,124.251,7441.0,CHKP
2023-06-02 15:41:00,124.24,124.255,124.23,124.25,4590.0,CHKP
2023-06-02 15:40:00,124.28,124.28,124.26,124.26,1482.0,CHKP
2023-06-02 15:39:00,124.205,124.28,124.18,124.26,4989.0,CHKP
2023-06-02 15:38:00,124.235,124.235,124.2,124.21,4756.0,CHKP
2023-06-02 15:37:00,124.26,124.26,124.235,124.235,1871.0,CHKP
2023-06-02 15:36:00,124.165,124.27,124.16,124.25,3715.0,CHKP
2023-06-02 15:35:00,124.18,124.2,124.1245,124.16,14265.0,CHKP
2023-06-02 15:34:00,124.275,124.275,124.15,124.18,2930.0,CHKP
2023-06-02 15:33:00,124.2,124.28,124.17,124.275,7865.0,CHKP
2023-06-02 15:32:00,124.22,124.2375,124.17,124.21,6426.0,CHKP
2023-06-02 15:31:00,124.28,124.29,124.23,124.25,4656.0,CHKP
2023-06-02 15:30:00,124.36,124.36,124.28,124.29,5770.0,CHKP
2023-06-02 15:29:00,124.41,124.435,124.36,124.36,2357.0,CHKP
2023-06-02 15:28:00,124.38,124.445,124.38,124.4,6347.0,CHKP
2023-06-02 15:27:00,124.325,124.36,124.3,124.36,3399.0,CHKP
2023-06-02 15:26:00,124.26,124.325,124.255,124.325,6081.0,CHKP
2023-06-02 15:25:00,124.26,124.29,124.26,124.29,8606.0,CHKP
2023-06-02 15:24:00,124.27,124.27,124.225,124.24,3864.0,CHKP
2023-06-02 15:23:00,124.32,124.32,124.265,124.265,3067.0,CHKP
2023-06-02 15:22:00,124.25,124.32,124.25,124.32,4283.0,CHKP
2023-06-02 15:21:00,124.3,124.3,124.26,124.275,2400.0,CHKP
2023-06-02 15:20:00,124.35,124.38,124.29,124.29,11320.0,CHKP
2023-06-02 15:19:00,124.355,124.355,124.3425,124.355,2333.0,CHKP
2023-06-02 15:18:00,124.35,124.355,124.35,124.355,9193.0,CHKP
2023-06-02 15:17:00,124.355,124.37,124.33,124.35,10191.0,CHKP
2023-06-02 15:16:00,124.37,124.4,124.35,124.35,3667.0,CHKP
2023-06-02 15:15:00,124.26,124.37,124.245,124.33,5332.0,CHKP
2023-06-02 15:14:00,124.26,124.26,124.25,124.26,1512.0,CHKP
2023-06-02 15:13:00,124.255,124.255,124.255,124.255,353.0,CHKP
2023-06-02 15:12:00,124.29,124.29,124.1986,124.25,4469.0,CHKP
2023-06-02 15:11:00,124.23,124.29,124.225,124.29,4419.0,CHKP
2023-06-02 15:10:00,124.29,124.29,124.19,124.2,3441.0,CHKP
2023-06-02 15:09:00,124.32,124.32,124.2825,124.29,2791.0,CHKP
2023-06-02 15:08:00,124.36,124.36,124.32,124.335,3326.0,CHKP
2023-06-02 15:07:00,124.275,124.36,124.275,124.36,5831.0,CHKP
2023-06-02 15:06:00,124.28,124.305,124.26,124.26,2149.0,CHKP
2023-06-02 15:05:00,124.395,124.395,124.27,124.305,7052.0,CHKP
2023-06-02 15:04:00,124.4,124.42,124.38,124.395,3930.0,CHKP
2023-06-02 15:03:00,124.38,124.41,124.38,124.39,1721.0,CHKP
2023-06-02 15:02:00,124.39,124.39,124.36,124.36,2209.0,CHKP
2023-06-02 15:01:00,124.375,124.4,124.36,124.395,2410.0,CHKP
2023-06-02 15:00:00,124.3,124.37,124.3,124.36,3194.0,CHKP
2023-06-02 14:59:00,124.28,124.28,124.27,124.275,1431.0,CHKP
2023-06-02 14:58:00,124.235,124.31,124.2225,124.3,2911.0,CHKP
2023-06-02 14:57:00,124.285,124.285,124.2225,124.235,3434.0,CHKP
2023-06-02 14:56:00,124.335,124.335,124.275,124.275,3787.0,CHKP
2023-06-02 14:55:00,124.3821,124.3821,124.3275,124.33,3270.0,CHKP
2023-06-02 14:54:00,124.38,124.39,124.36,124.39,2075.0,CHKP
2023-06-02 14:53:00,124.39,124.3956,124.353,124.3725,2261.0,CHKP
2023-06-02 14:52:00,124.345,124.4,124.34,124.4,3214.0,CHKP
2023-06-02 14:51:00,124.36,124.36,124.34,124.345,2574.0,CHKP
2023-06-02 14:50:00,124.39,124.39,124.37,124.37,1045.0,CHKP
2023-06-02 14:49:00,124.36,124.39,124.36,124.39,3038.0,CHKP
2023-06-02 14:48:00,124.395,124.405,124.365,124.365,2616.0,CHKP
2023-06-02 14:47:00,124.4,124.4,124.39,124.39,1482.0,CHKP
2023-06-02 14:46:00,124.38,124.425,124.38,124.4,1602.0,CHKP
2023-06-02 14:45:00,124.285,124.35,124.26,124.35,4016.0,CHKP
2023-06-02 14:44:00,124.285,124.285,124.26,124.285,2182.0,CHKP
2023-06-02 14:43:00,124.285,124.285,124.285,124.285,684.0,CHKP
2023-06-02 14:42:00,124.28,124.28,124.2672,124.2672,982.0,CHKP
2023-06-02 14:41:00,124.315,124.38,124.28,124.28,7213.0,CHKP
2023-06-02 14:40:00,124.335,124.335,124.31,124.31,1857.0,CHKP
2023-06-02 14:39:00,124.325,124.345,124.325,124.335,1140.0,CHKP
2023-06-02 14:38:00,124.3125,124.32,124.3,124.32,1351.0,CHKP
2023-06-02 14:37:00,124.23,124.28,124.23,124.28,1441.0,CHKP
2023-06-02 14:36:00,124.185,124.25,124.1843,124.25,1985.0,CHKP
2023-06-02 14:35:00,124.24,124.24,124.17,124.2,2931.0,CHKP
2023-06-02 14:34:00,124.29,124.29,124.24,124.25,2792.0,CHKP
2023-06-02 14:33:00,124.31,124.325,124.29,124.29,2263.0,CHKP
2023-06-02 14:32:00,124.245,124.33,124.245,124.32,9757.0,CHKP
2023-06-02 14:31:00,124.245,124.245,124.235,124.245,556.0,CHKP
2023-06-02 14:30:00,124.21,124.25,124.2,124.24,1811.0,CHKP
2023-06-02 14:29:00,124.21,124.22,124.17,124.2,2032.0,CHKP
2023-06-02 14:28:00,124.235,124.235,124.21,124.215,3022.0,CHKP
2023-06-02 14:27:00,124.215,124.2372,124.215,124.2173,2757.0,CHKP
2023-06-02 14:26:00,124.195,124.255,124.195,124.225,3284.0,CHKP
2023-06-02 14:25:00,124.18,124.185,124.16,124.185,1305.0,CHKP
2023-06-02 14:24:00,124.19,124.23,124.17,124.19,1818.0,CHKP
2023-06-02 14:23:00,124.16,124.23,124.15,124.23,4865.0,CHKP
2023-06-02 14:22:00,124.15,124.165,124.14,124.14,1328.0,CHKP
2023-06-02 14:21:00,124.14,124.175,124.14,124.165,868.0,CHKP
2023-06-02 14:20:00,124.13,124.17,124.1047,124.155,1672.0,CHKP
2023-06-02 14:19:00,124.06,124.11,124.06,124.1,2577.0,CHKP
2023-06-02 14:18:00,124.09,124.09,124.0575,124.0575,1572.0,CHKP
2023-06-02 14:17:00,124.14,124.16,124.08,124.08,1405.0,CHKP
2023-06-02 14:16:00,124.16,124.2,124.14,124.17,3983.0,CHKP
2023-06-02 14:15:00,124.095,124.16,124.0714,124.12,3736.0,CHKP
2023-06-02 14:14:00,124.13,124.14,124.09,124.095,3512.0,CHKP
2023-06-02 14:13:00,124.15,124.17,124.15,124.17,4627.0,CHKP
2023-06-02 14:12:00,124.17,124.17,124.15,124.15,1259.0,CHKP
2023-06-02 14:11:00,124.165,124.165,124.165,124.165,532.0,CHKP
2023-06-02 14:10:00,124.27,124.27,124.18,124.21,1973.0,CHKP
2023-06-02 14:09:00,124.28,124.28,124.25,124.27,430.0,CHKP
2023-06-02 14:08:00,124.275,124.275,124.24,124.24,261.0,CHKP
2023-06-02 14:07:00,124.36,124.36,124.32,124.33,2661.0,CHKP
2023-06-02 14:06:00,124.4,124.4,124.37,124.39,3546.0,CHKP
2023-06-02 14:05:00,124.42,124.42,124.41,124.41,943.0,CHKP
2023-06-02 14:04:00,124.43,124.435,124.43,124.435,247.0,CHKP
2023-06-02 14:03:00,124.44,124.44,124.43,124.435,952.0,CHKP
2023-06-02 14:02:00,124.405,124.45,124.39,124.44,5127.0,CHKP
2023-06-02 14:01:00,124.39,124.4,124.39,124.4,467.0,CHKP
2023-06-02 14:00:00,124.42,124.43,124.39,124.39,5176.0,CHKP
2023-06-02 13:57:00,124.39,124.39,124.39,124.39,104.0,CHKP
2023-06-02 13:56:00,124.45,124.455,124.385,124.4,3505.0,CHKP
2023-06-02 13:55:00,124.52,124.52,124.45,124.46,1953.0,CHKP
2023-06-02 13:54:00,124.5009,124.5009,124.5009,124.5009,1679.0,CHKP
2023-06-02 13:53:00,124.47,124.47,124.45,124.45,1284.0,CHKP
2023-06-02 13:52:00,124.365,124.48,124.35,124.48,6523.0,CHKP
2023-06-02 13:51:00,124.35,124.38,124.35,124.365,1437.0,CHKP
2023-06-02 13:50:00,124.37,124.4271,124.35,124.37,1550.0,CHKP
2023-06-02 13:49:00,124.295,124.35,124.2858,124.35,3848.0,CHKP
2023-06-02 13:48:00,124.34,124.345,124.295,124.2975,3884.0,CHKP
2023-06-02 13:47:00,124.33,124.33,124.33,124.33,768.0,CHKP
2023-06-02 13:46:00,124.3422,124.3422,124.3422,124.3422,387.0,CHKP
2023-06-02 13:45:00,124.36,124.385,124.36,124.385,639.0,CHKP
2023-06-02 13:44:00,124.3359,124.44,124.3359,124.4,1521.0,CHKP
2023-06-02 13:43:00,124.28,124.36,124.28,124.36,3279.0,CHKP
2023-06-02 13:42:00,124.36,124.36,124.32,124.32,1291.0,CHKP
2023-06-02 13:41:00,124.41,124.41,124.385,124.385,1292.0,CHKP
2023-06-02 13:40:00,124.42,124.48,124.42,124.435,924.0,CHKP
2023-06-02 13:39:00,124.31,124.37,124.31,124.37,2768.0,CHKP
2023-06-02 13:38:00,124.31,124.31,124.31,124.31,757.0,CHKP
2023-06-02 13:37:00,124.3,124.31,124.3,124.31,2575.0,CHKP
2023-06-02 13:35:00,124.44,124.44,124.37,124.37,2061.0,CHKP
2023-06-02 13:34:00,124.42,124.46,124.42,124.46,1243.0,CHKP
2023-06-02 13:33:00,124.42,124.42,124.41,124.42,1824.0,CHKP
2023-06-02 13:32:00,124.465,124.465,124.43,124.43,1636.0,CHKP
2023-06-02 13:31:00,124.465,124.465,124.465,124.465,219.0,CHKP
2023-06-02 13:30:00,124.47,124.5,124.46,124.46,925.0,CHKP
2023-06-02 13:29:00,124.42,124.45,124.4175,124.45,2348.0,CHKP
2023-06-02 13:28:00,124.415,124.415,124.415,124.415,366.0,CHKP
2023-06-02 13:27:00,124.41,124.43,124.385,124.43,601.0,CHKP
2023-06-02 13:26:00,124.45,124.45,124.38,124.38,1771.0,CHKP
2023-06-02 13:25:00,124.49,124.49,124.46,124.46,1665.0,CHKP
2023-06-02 13:24:00,124.49,124.49,124.49,124.49,291.0,CHKP
2023-06-02 13:23:00,124.395,124.43,124.395,124.43,1225.0,CHKP
2023-06-02 13:22:00,124.39,124.39,124.3425,124.38,6899.0,CHKP
2023-06-02 13:21:00,124.345,124.43,124.34,124.41,8873.0,CHKP
2023-06-02 13:20:00,124.36,124.37,124.33,124.35,5210.0,CHKP
2023-06-02 13:18:00,124.37,124.37,124.37,124.37,335.0,CHKP
2023-06-02 13:17:00,124.35,124.38,124.345,124.365,2984.0,CHKP
2023-06-02 13:16:00,124.36,124.36,124.285,124.33,3483.0,CHKP
2023-06-02 13:15:00,124.38,124.385,124.38,124.385,772.0,CHKP
2023-06-02 13:13:00,124.36,124.375,124.36,124.375,540.0,CHKP
2023-06-02 13:12:00,124.41,124.41,124.36,124.385,3480.0,CHKP
2023-06-02 13:11:00,124.43,124.4852,124.41,124.41,1724.0,CHKP
2023-06-02 13:09:00,124.43,124.48,124.43,124.43,3757.0,CHKP
2023-06-02 13:08:00,124.4,124.41,124.4,124.41,654.0,CHKP
2023-06-02 13:07:00,124.39,124.395,124.39,124.395,330.0,CHKP
2023-06-02 13:06:00,124.38,124.39,124.35,124.39,1231.0,CHKP
2023-06-02 13:05:00,124.34,124.38,124.34,124.35,1290.0,CHKP
2023-06-02 13:04:00,124.38,124.38,124.35,124.35,1320.0,CHKP
2023-06-02 13:03:00,124.39,124.4,124.325,124.34,3903.0,CHKP
2023-06-02 13:02:00,124.41,124.41,124.39,124.39,1641.0,CHKP
2023-06-02 13:01:00,124.405,124.45,124.405,124.43,2787.0,CHKP
2023-06-02 13:00:00,124.46,124.46,124.38,124.38,2090.0,CHKP
2023-06-02 12:59:00,124.48,124.48,124.48,124.48,1420.0,CHKP
2023-06-02 12:58:00,124.51,124.51,124.5,124.5,1295.0,CHKP
2023-06-02 12:56:00,124.54,124.54,124.525,124.525,1714.0,CHKP
2023-06-02 12:55:00,124.57,124.57,124.54,124.54,1055.0,CHKP
2023-06-02 12:54:00,124.48,124.58,124.465,124.58,3347.0,CHKP
2023-06-02 12:52:00,124.42,124.45,124.42,124.435,1148.0,CHKP
2023-06-02 12:51:00,124.44,124.44,124.44,124.44,1093.0,CHKP
2023-06-02 12:50:00,124.415,124.46,124.415,124.435,5781.0,CHKP
2023-06-02 12:49:00,124.48,124.48,124.45,124.46,1856.0,CHKP
2023-06-02 12:48:00,124.525,124.525,124.525,124.525,275.0,CHKP
2023-06-02 12:47:00,124.485,124.485,124.485,124.485,277.0,CHKP
2023-06-02 12:46:00,124.49,124.53,124.49,124.505,1796.0,CHKP
2023-06-02 12:45:00,124.49,124.49,124.49,124.49,430.0,CHKP
2023-06-02 12:44:00,124.5,124.508,124.48,124.48,1741.0,CHKP
2023-06-02 12:43:00,124.575,124.59,124.53,124.54,2443.0,CHKP
2023-06-02 12:42:00,124.62,124.62,124.57,124.6,2328.0,CHKP
2023-06-02 12:41:00,124.62,124.62,124.6,124.62,882.0,CHKP
2023-06-02 12:40:00,124.56,124.62,124.54,124.62,2165.0,CHKP
2023-06-02 12:39:00,124.495,124.535,124.48,124.535,3101.0,CHKP
2023-06-02 12:38:00,124.57,124.57,124.48,124.49,2173.0,CHKP
2023-06-02 12:37:00,124.59,124.59,124.59,124.59,1355.0,CHKP
2023-06-02 12:36:00,124.61,124.61,124.61,124.61,299.0,CHKP
2023-06-02 12:35:00,124.6,124.6,124.6,124.6,1260.0,CHKP
2023-06-02 12:34:00,124.6,124.61,124.6,124.61,766.0,CHKP
2023-06-02 12:33:00,124.57,124.59,124.55,124.59,2856.0,CHKP
2023-06-02 12:32:00,124.585,124.585,124.585,124.585,384.0,CHKP
2023-06-02 12:31:00,124.59,124.64,124.585,124.585,2801.0,CHKP
2023-06-02 12:30:00,124.59,124.6,124.5676,124.5676,1094.0,CHKP
2023-06-02 12:29:00,124.55,124.58,124.55,124.58,1144.0,CHKP
2023-06-02 12:28:00,124.57,124.57,124.57,124.57,236.0,CHKP
2023-06-02 12:27:00,124.56,124.57,124.55,124.57,2458.0,CHKP
2023-06-02 12:26:00,124.54,124.6,124.54,124.58,1749.0,CHKP
2023-06-02 12:25:00,124.43,124.55,124.43,124.53,4493.0,CHKP
2023-06-02 12:24:00,124.435,124.435,124.42,124.42,967.0,CHKP
2023-06-02 12:22:00,124.41,124.41,124.41,124.41,488.0,CHKP
2023-06-02 12:21:00,124.435,124.435,124.435,124.435,755.0,CHKP
2023-06-02 12:19:00,124.44,124.44,124.44,124.44,471.0,CHKP
2023-06-02 12:17:00,124.46,124.46,124.44,124.44,2111.0,CHKP
2023-06-02 12:16:00,124.46,124.48,124.46,124.48,1104.0,CHKP
2023-06-02 12:15:00,124.51,124.55,124.47,124.47,3233.0,CHKP
2023-06-02 12:14:00,124.42,124.45,124.42,124.45,1814.0,CHKP
2023-06-02 12:13:00,124.395,124.395,124.395,124.395,606.0,CHKP
2023-06-02 12:12:00,124.41,124.41,124.41,124.41,726.0,CHKP
2023-06-02 12:10:00,124.4,124.4,124.4,124.4,782.0,CHKP
2023-06-02 12:09:00,124.425,124.425,124.38,124.38,837.0,CHKP
2023-06-02 12:08:00,124.41,124.42,124.41,124.41,1570.0,CHKP
2023-06-02 12:07:00,124.46,124.46,124.39,124.39,1624.0,CHKP
2023-06-02 12:06:00,124.38,124.43,124.38,124.43,2974.0,CHKP
2023-06-02 12:05:00,124.37,124.385,124.34,124.365,3391.0,CHKP
2023-06-02 12:02:00,124.4,124.4,124.4,124.4,570.0,CHKP
2023-06-02 12:01:00,124.365,124.365,124.365,124.365,472.0,CHKP
2023-06-02 12:00:00,124.31,124.36,124.31,124.36,1024.0,CHKP
2023-06-02 11:59:00,124.26,124.305,124.255,124.305,3317.0,CHKP
2023-06-02 11:58:00,124.28,124.28,124.27,124.27,739.0,CHKP
2023-06-02 11:57:00,124.28,124.295,124.28,124.295,1719.0,CHKP
2023-06-02 11:56:00,124.285,124.3,124.285,124.3,674.0,CHKP
2023-06-02 11:55:00,124.22,124.29,124.18,124.29,7164.0,CHKP
2023-06-02 11:54:00,124.255,124.255,124.22,124.22,1525.0,CHKP
2023-06-02 11:53:00,124.285,124.3,124.24,124.25,5319.0,CHKP
2023-06-02 11:52:00,124.33,124.35,124.275,124.275,2312.0,CHKP
2023-06-02 11:51:00,124.34,124.34,124.31,124.34,1509.0,CHKP
2023-06-02 11:50:00,124.4,124.4,124.35,124.35,2344.0,CHKP
2023-06-02 11:49:00,124.4,124.4,124.4,124.4,768.0,CHKP
2023-06-02 11:48:00,124.405,124.405,124.39,124.39,859.0,CHKP
2023-06-02 11:46:00,124.36,124.37,124.34,124.37,858.0,CHKP
2023-06-02 11:45:00,124.39,124.43,124.37,124.37,1359.0,CHKP
2023-06-02 11:44:00,124.39,124.41,124.38,124.41,1442.0,CHKP
2023-06-02 11:42:00,124.37,124.37,124.37,124.37,531.0,CHKP
2023-06-02 11:41:00,124.37,124.37,124.335,124.335,964.0,CHKP
2023-06-02 11:40:00,124.335,124.4,124.335,124.4,1722.0,CHKP
2023-06-02 11:39:00,124.3,124.33,124.3,124.33,898.0,CHKP
2023-06-02 11:37:00,124.27,124.33,124.25,124.2791,3511.0,CHKP
2023-06-02 11:36:00,124.235,124.26,124.23,124.245,1879.0,CHKP
2023-06-02 11:35:00,124.3,124.3,124.18,124.26,1093.0,CHKP
2023-06-02 11:34:00,124.4,124.4,124.335,124.34,4243.0,CHKP
2023-06-02 11:33:00,124.3,124.37,124.3,124.37,1202.0,CHKP
2023-06-02 11:32:00,124.26,124.32,124.26,124.28,47926.0,CHKP
2023-06-02 11:31:00,124.35,124.35,124.25,124.255,2257.0,CHKP
2023-06-02 11:30:00,124.345,124.345,124.345,124.345,378.0,CHKP
2023-06-02 11:29:00,124.38,124.38,124.37,124.37,941.0,CHKP
2023-06-02 11:28:00,124.225,124.37,124.225,124.37,2928.0,CHKP
2023-06-02 11:27:00,124.2,124.24,124.2,124.235,1065.0,CHKP
2023-06-02 11:26:00,124.14,124.18,124.14,124.18,763.0,CHKP
2023-06-02 11:25:00,124.13,124.145,124.13,124.145,2603.0,CHKP
2023-06-02 11:24:00,123.965,124.08,123.965,124.075,10603.0,CHKP
2023-06-02 11:23:00,123.965,123.965,123.93,123.965,7476.0,CHKP
2023-06-02 11:22:00,124.02,124.05,123.89,123.965,6491.0,CHKP
2023-06-02 11:21:00,124.185,124.195,124.03,124.03,24687.0,CHKP
2023-06-02 11:20:00,124.225,124.225,124.11,124.185,42971.0,CHKP
2023-06-02 11:19:00,124.225,124.225,124.2195,124.2195,3282.0,CHKP
2023-06-02 11:18:00,124.245,124.26,124.15,124.225,3261.0,CHKP
2023-06-02 11:17:00,124.25,124.265,124.23,124.24,2735.0,CHKP
2023-06-02 11:16:00,124.32,124.32,124.32,124.32,423.0,CHKP
2023-06-02 11:15:00,124.32,124.32,124.27,124.285,1509.0,CHKP
2023-06-02 11:13:00,124.305,124.41,124.305,124.36,4273.0,CHKP
2023-06-02 11:12:00,124.33,124.45,124.27,124.305,5259.0,CHKP
2023-06-02 11:11:00,124.31,124.31,124.31,124.31,3847.0,CHKP
2023-06-02 11:10:00,124.3,124.34,124.3,124.315,1515.0,CHKP
2023-06-02 11:09:00,124.245,124.28,124.23,124.28,1591.0,CHKP
2023-06-02 11:08:00,124.2,124.25,124.2,124.24,2637.0,CHKP
2023-06-02 11:07:00,124.21,124.21,124.2,124.2,1001.0,CHKP
2023-06-02 11:06:00,124.18,124.2,124.145,124.195,3343.0,CHKP
2023-06-02 11:05:00,124.23,124.235,124.21,124.22,2535.0,CHKP
2023-06-02 11:04:00,124.27,124.27,124.265,124.265,417.0,CHKP
2023-06-02 11:03:00,124.22,124.235,124.22,124.235,1035.0,CHKP
2023-06-02 11:02:00,124.12,124.215,124.12,124.215,2220.0,CHKP
2023-06-02 11:01:00,124.0861,124.09,124.085,124.09,1206.0,CHKP
2023-06-02 11:00:00,124.05,124.08,124.05,124.075,1318.0,CHKP
2023-06-02 10:59:00,123.93,124.07,123.9,124.05,6845.0,CHKP
2023-06-02 10:58:00,123.93,123.965,123.93,123.965,708.0,CHKP
2023-06-02 10:57:00,123.965,123.965,123.965,123.965,1749.0,CHKP
2023-06-02 10:56:00,123.965,123.965,123.965,123.965,1261.0,CHKP
2023-06-02 10:55:00,123.965,123.965,123.965,123.965,355.0,CHKP
2023-06-02 10:54:00,123.965,123.97,123.94,123.965,2318.0,CHKP
2023-06-02 10:53:00,123.955,123.965,123.955,123.965,202.0,CHKP
2023-06-02 10:52:00,123.97,123.98,123.935,123.945,8500.0,CHKP
2023-06-02 10:51:00,123.94,123.94,123.94,123.94,2329.0,CHKP
2023-06-02 10:50:00,123.97,123.99,123.94,123.94,4760.0,CHKP
2023-06-02 10:49:00,123.985,123.99,123.96,123.975,3190.0,CHKP
2023-06-02 10:48:00,123.94,123.975,123.94,123.975,2520.0,CHKP
2023-06-02 10:47:00,123.93,123.995,123.93,123.995,1100.0,CHKP
2023-06-02 10:46:00,123.835,123.91,123.835,123.91,1498.0,CHKP
2023-06-02 10:45:00,123.74,123.835,123.74,123.835,3218.0,CHKP
2023-06-02 10:44:00,123.805,123.805,123.8,123.805,880.0,CHKP
2023-06-02 10:43:00,123.68,123.805,123.68,123.805,4189.0,CHKP
2023-06-02 10:42:00,123.71,123.71,123.6701,123.6701,698.0,CHKP
2023-06-02 10:41:00,123.685,123.685,123.685,123.685,362.0,CHKP
2023-06-02 10:40:00,123.69,123.69,123.685,123.685,3672.0,CHKP
2023-06-02 10:39:00,123.6675,123.7,123.6675,123.685,1888.0,CHKP
2023-06-02 10:37:00,123.72,123.72,123.67,123.68,3186.0,CHKP
2023-06-02 10:36:00,123.52,123.675,123.52,123.675,3331.0,CHKP
2023-06-02 10:35:00,123.53,123.53,123.53,123.53,1031.0,CHKP
2023-06-02 10:34:00,123.485,123.54,123.47,123.47,1912.0,CHKP
2023-06-02 10:33:00,123.47,123.475,123.465,123.475,1572.0,CHKP
2023-06-02 10:32:00,123.595,123.595,123.505,123.505,2520.0,CHKP
2023-06-02 10:31:00,123.62,123.62,123.59,123.6125,1239.0,CHKP
2023-06-02 10:30:00,123.53,123.64,123.53,123.6275,3073.0,CHKP
2023-06-02 10:29:00,123.605,123.605,123.53,123.53,2263.0,CHKP
2023-06-02 10:28:00,123.47,123.595,123.47,123.595,2455.0,CHKP
2023-06-02 10:27:00,123.45,123.505,123.45,123.505,339.0,CHKP
2023-06-02 10:25:00,123.5,123.5,123.5,123.5,501.0,CHKP
2023-06-02 10:24:00,123.58,123.58,123.57,123.57,947.0,CHKP
2023-06-02 10:23:00,123.645,123.645,123.645,123.645,972.0,CHKP
2023-06-02 10:22:00,123.74,123.74,123.605,123.665,3320.0,CHKP
2023-06-02 10:21:00,123.865,123.865,123.79,123.8,675.0,CHKP
2023-06-02 10:20:00,124.08,124.08,123.83,123.85,4645.0,CHKP
2023-06-02 10:19:00,124.055,124.08,124.055,124.08,461.0,CHKP
2023-06-02 10:18:00,124.04,124.075,124.035,124.075,1808.0,CHKP
2023-06-02 10:17:00,123.985,124.03,123.945,124.03,3258.0,CHKP
2023-06-02 10:16:00,124.04,124.04,123.9628,123.99,732.0,CHKP
2023-06-02 10:15:00,124.0,124.045,123.92,123.945,2953.0,CHKP
2023-06-02 10:14:00,124.045,124.045,124.045,124.045,658.0,CHKP
2023-06-02 10:13:00,123.96,124.09,123.96,124.04,5153.0,CHKP
2023-06-02 10:12:00,123.88,123.92,123.88,123.92,1283.0,CHKP
2023-06-02 10:11:00,123.82,123.89,123.82,123.89,1379.0,CHKP
2023-06-02 10:10:00,123.79,123.83,123.75,123.83,1736.0,CHKP
2023-06-02 10:09:00,123.89,123.89,123.89,123.89,714.0,CHKP
2023-06-02 10:08:00,123.81,123.875,123.77,123.875,3628.0,CHKP
2023-06-02 10:07:00,123.825,123.835,123.77,123.77,2802.0,CHKP
2023-06-02 10:06:00,123.71,123.82,123.7,123.82,2511.0,CHKP
2023-06-02 10:05:00,123.655,123.66,123.655,123.655,517.0,CHKP
2023-06-02 10:04:00,123.49,123.67,123.49,123.67,2381.0,CHKP
2023-06-02 10:03:00,123.645,123.645,123.53,123.53,2270.0,CHKP
2023-06-02 10:02:00,123.6,123.6,123.6,123.6,128.0,CHKP
2023-06-02 10:01:00,123.775,123.775,123.6,123.6,2077.0,CHKP
2023-06-02 10:00:00,123.775,123.775,123.775,123.775,219.0,CHKP
2023-06-02 09:59:00,123.65,123.82,123.65,123.82,2100.0,CHKP
2023-06-02 09:58:00,123.57,123.6,123.57,123.6,415.0,CHKP
2023-06-02 09:57:00,123.81,123.81,123.595,123.595,2224.0,CHKP
2023-06-02 09:56:00,123.645,123.8,123.645,123.78,2296.0,CHKP
2023-06-02 09:55:00,123.7,123.705,123.7,123.705,1115.0,CHKP
2023-06-02 09:54:00,123.77,123.815,123.76,123.77,1597.0,CHKP
2023-06-02 09:53:00,123.7,123.71,123.56,123.71,9337.0,CHKP
2023-06-02 09:52:00,123.58,123.58,123.58,123.58,140.0,CHKP
2023-06-02 09:51:00,123.88,123.88,123.685,123.715,4858.0,CHKP
2023-06-02 09:50:00,123.87,123.88,123.87,123.88,313.0,CHKP
2023-06-02 09:49:00,123.91,123.95,123.91,123.95,1099.0,CHKP
2023-06-02 09:48:00,123.825,124.07,123.825,124.06,3180.0,CHKP
2023-06-02 09:47:00,124.18,124.18,123.77,123.82,4538.0,CHKP
2023-06-02 09:46:00,124.14,124.23,124.14,124.21,2966.0,CHKP
2023-06-02 09:45:00,124.23,124.23,124.23,124.23,192.0,CHKP
2023-06-02 09:44:00,124.33,124.33,124.23,124.23,486.0,CHKP
2023-06-02 09:43:00,124.22,124.23,124.18,124.195,1265.0,CHKP
2023-06-02 09:42:00,124.62,124.62,124.37,124.37,2868.0,CHKP
2023-06-02 09:41:00,124.5953,124.5953,124.5953,124.5953,250.0,CHKP
2023-06-02 09:40:00,124.625,124.72,124.625,124.72,867.0,CHKP
2023-06-02 09:39:00,124.63,124.63,124.53,124.63,733.0,CHKP
2023-06-02 09:34:00,124.51,124.51,124.51,124.51,478.0,CHKP
2023-06-02 09:30:00,124.32,124.38,124.32,124.335,9409.0,CHKP
