date,1. open,2. high,3. low,4. close,5. volume,Ticker
2023-07-14 16:04:00,94.86,94.86,94.86,94.86,1.0,CHRW
2023-07-14 16:01:00,95.6,95.6,95.6,95.6,1706.0,CHRW
2023-07-14 16:00:00,95.58,95.6,95.58,95.6,328052.0,CHRW
2023-07-14 15:59:00,95.5,95.6,95.49,95.58,26430.0,CHRW
2023-07-14 15:58:00,95.49,95.5,95.47,95.49,19348.0,CHRW
2023-07-14 15:57:00,95.535,95.535,95.48,95.48,10563.0,CHRW
2023-07-14 15:56:00,95.478,95.55,95.475,95.53,10026.0,CHRW
2023-07-14 15:55:00,95.55,95.55,95.445,95.48,10289.0,CHRW
2023-07-14 15:54:00,95.46,95.57,95.45,95.53,18422.0,CHRW
2023-07-14 15:53:00,95.53,95.59,95.475,95.475,9654.0,CHRW
2023-07-14 15:52:00,95.47,95.529,95.46,95.515,10970.0,CHRW
2023-07-14 15:51:00,95.385,95.47,95.375,95.47,6938.0,CHRW
2023-07-14 15:50:00,95.4,95.41,95.36,95.39,9845.0,CHRW
2023-07-14 15:49:00,95.41,95.44,95.365,95.42,5833.0,CHRW
2023-07-14 15:48:00,95.36,95.44,95.33,95.44,6460.0,CHRW
2023-07-14 15:47:00,95.415,95.415,95.365,95.365,4251.0,CHRW
2023-07-14 15:46:00,95.4,95.429,95.4,95.415,3639.0,CHRW
2023-07-14 15:45:00,95.45,95.47,95.39,95.41,8708.0,CHRW
2023-07-14 15:44:00,95.44,95.45,95.41,95.45,7197.0,CHRW
2023-07-14 15:43:00,95.42,95.45,95.42,95.425,1740.0,CHRW
2023-07-14 15:42:00,95.545,95.545,95.39,95.39,5087.0,CHRW
2023-07-14 15:41:00,95.47,95.569,95.46,95.55,4864.0,CHRW
2023-07-14 15:40:00,95.38,95.45,95.37,95.45,5280.0,CHRW
2023-07-14 15:39:00,95.42,95.43,95.37,95.389,5811.0,CHRW
2023-07-14 15:38:00,95.42,95.42,95.42,95.42,1302.0,CHRW
2023-07-14 15:37:00,95.415,95.42,95.4,95.42,1857.0,CHRW
2023-07-14 15:36:00,95.36,95.45,95.36,95.435,4255.0,CHRW
2023-07-14 15:35:00,95.42,95.42,95.38,95.38,2515.0,CHRW
2023-07-14 15:34:00,95.37,95.43,95.36,95.43,3360.0,CHRW
2023-07-14 15:33:00,95.401,95.401,95.36,95.36,3039.0,CHRW
2023-07-14 15:32:00,95.42,95.429,95.41,95.41,2161.0,CHRW
2023-07-14 15:31:00,95.44,95.44,95.415,95.415,1572.0,CHRW
2023-07-14 15:30:00,95.49,95.49,95.44,95.46,3066.0,CHRW
2023-07-14 15:29:00,95.49,95.49,95.47,95.479,3699.0,CHRW
2023-07-14 15:28:00,95.5,95.5,95.5,95.5,290.0,CHRW
2023-07-14 15:27:00,95.505,95.505,95.505,95.505,294.0,CHRW
2023-07-14 15:26:00,95.51,95.51,95.51,95.51,1170.0,CHRW
2023-07-14 15:25:00,95.45,95.49,95.44,95.49,1964.0,CHRW
2023-07-14 15:24:00,95.47,95.47,95.47,95.47,146.0,CHRW
2023-07-14 15:23:00,95.45,95.48,95.44,95.48,1850.0,CHRW
2023-07-14 15:22:00,95.475,95.475,95.445,95.445,1279.0,CHRW
2023-07-14 15:21:00,95.46,95.48,95.46,95.48,1494.0,CHRW
2023-07-14 15:20:00,95.45,95.47,95.45,95.47,2238.0,CHRW
2023-07-14 15:18:00,95.42,95.42,95.42,95.42,626.0,CHRW
2023-07-14 15:17:00,95.41,95.41,95.39,95.39,1435.0,CHRW
2023-07-14 15:16:00,95.415,95.415,95.415,95.415,669.0,CHRW
2023-07-14 15:15:00,95.36,95.43,95.36,95.4,596.0,CHRW
2023-07-14 15:13:00,95.235,95.3,95.235,95.3,1494.0,CHRW
2023-07-14 15:12:00,95.16,95.22,95.16,95.22,2527.0,CHRW
2023-07-14 15:11:00,95.157,95.16,95.157,95.16,503.0,CHRW
2023-07-14 15:10:00,95.17,95.17,95.14,95.14,747.0,CHRW
2023-07-14 15:09:00,95.195,95.195,95.195,95.195,257.0,CHRW
2023-07-14 15:08:00,95.2,95.2,95.2,95.2,328.0,CHRW
2023-07-14 15:07:00,95.13,95.19,95.13,95.19,1861.0,CHRW
2023-07-14 15:06:00,95.17,95.17,95.125,95.125,1767.0,CHRW
2023-07-14 15:05:00,95.185,95.185,95.185,95.185,197.0,CHRW
2023-07-14 15:04:00,95.15,95.19,95.15,95.185,964.0,CHRW
2023-07-14 15:03:00,95.13,95.15,95.13,95.15,413.0,CHRW
2023-07-14 15:02:00,95.16,95.19,95.16,95.16,2264.0,CHRW
2023-07-14 15:01:00,95.15,95.17,95.15,95.16,2033.0,CHRW
2023-07-14 15:00:00,95.25,95.25,95.16,95.16,2822.0,CHRW
2023-07-14 14:59:00,95.275,95.275,95.275,95.275,516.0,CHRW
2023-07-14 14:57:00,95.32,95.32,95.31,95.31,682.0,CHRW
2023-07-14 14:56:00,95.39,95.39,95.35,95.35,1950.0,CHRW
2023-07-14 14:53:00,95.395,95.42,95.395,95.42,345.0,CHRW
2023-07-14 14:52:00,95.35,95.39,95.335,95.39,1638.0,CHRW
2023-07-14 14:51:00,95.29,95.37,95.29,95.37,2006.0,CHRW
2023-07-14 14:50:00,95.32,95.32,95.295,95.295,950.0,CHRW
2023-07-14 14:49:00,95.33,95.34,95.33,95.34,636.0,CHRW
2023-07-14 14:48:00,95.3,95.34,95.3,95.34,907.0,CHRW
2023-07-14 14:47:00,95.32,95.33,95.29,95.29,1490.0,CHRW
2023-07-14 14:46:00,95.35,95.35,95.35,95.35,354.0,CHRW
2023-07-14 14:45:00,95.37,95.39,95.37,95.37,430.0,CHRW
2023-07-14 14:44:00,95.38,95.38,95.37,95.37,752.0,CHRW
2023-07-14 14:43:00,95.37,95.37,95.345,95.345,965.0,CHRW
2023-07-14 14:42:00,95.38,95.385,95.365,95.385,1178.0,CHRW
2023-07-14 14:41:00,95.4,95.41,95.39,95.39,973.0,CHRW
2023-07-14 14:40:00,95.4,95.4,95.38,95.38,437.0,CHRW
2023-07-14 14:38:00,95.365,95.38,95.365,95.38,906.0,CHRW
2023-07-14 14:37:00,95.355,95.355,95.355,95.355,767.0,CHRW
2023-07-14 14:36:00,95.385,95.387,95.36,95.36,673.0,CHRW
2023-07-14 14:35:00,95.4,95.4,95.38,95.38,858.0,CHRW
2023-07-14 14:34:00,95.44,95.44,95.41,95.41,1269.0,CHRW
2023-07-14 14:33:00,95.48,95.48,95.44,95.44,1378.0,CHRW
2023-07-14 14:32:00,95.49,95.49,95.49,95.49,400.0,CHRW
2023-07-14 14:31:00,95.525,95.537,95.5,95.5,1370.0,CHRW
2023-07-14 14:30:00,95.514,95.55,95.514,95.525,2650.0,CHRW
2023-07-14 14:29:00,95.48,95.495,95.47,95.495,1079.0,CHRW
2023-07-14 14:28:00,95.48,95.51,95.48,95.51,1180.0,CHRW
2023-07-14 14:27:00,95.52,95.52,95.49,95.5,1396.0,CHRW
2023-07-14 14:26:00,95.51,95.55,95.51,95.54,6446.0,CHRW
2023-07-14 14:25:00,95.5,95.5,95.5,95.5,514.0,CHRW
2023-07-14 14:24:00,95.48,95.51,95.48,95.495,4116.0,CHRW
2023-07-14 14:23:00,95.5,95.5,95.5,95.5,356.0,CHRW
2023-07-14 14:22:00,95.525,95.525,95.523,95.525,1062.0,CHRW
2023-07-14 14:21:00,95.62,95.62,95.51,95.51,3597.0,CHRW
2023-07-14 14:20:00,95.63,95.64,95.62,95.62,2067.0,CHRW
2023-07-14 14:19:00,95.63,95.655,95.63,95.63,504.0,CHRW
2023-07-14 14:18:00,95.63,95.655,95.63,95.655,328.0,CHRW
2023-07-14 14:17:00,95.63,95.63,95.63,95.63,926.0,CHRW
2023-07-14 14:16:00,95.56,95.645,95.555,95.63,5219.0,CHRW
2023-07-14 14:15:00,95.54,95.56,95.53,95.55,4771.0,CHRW
2023-07-14 14:14:00,95.53,95.53,95.51,95.53,1507.0,CHRW
2023-07-14 14:13:00,95.5,95.5,95.5,95.5,432.0,CHRW
2023-07-14 14:12:00,95.5,95.52,95.5,95.52,320.0,CHRW
2023-07-14 14:11:00,95.49,95.515,95.49,95.5,1751.0,CHRW
2023-07-14 14:10:00,95.48,95.49,95.48,95.49,954.0,CHRW
2023-07-14 14:09:00,95.555,95.57,95.5,95.5,5326.0,CHRW
2023-07-14 14:08:00,95.54,95.545,95.54,95.545,1166.0,CHRW
2023-07-14 14:07:00,95.51,95.52,95.49,95.49,551.0,CHRW
2023-07-14 14:06:00,95.52,95.52,95.52,95.52,352.0,CHRW
2023-07-14 14:05:00,95.58,95.58,95.56,95.56,836.0,CHRW
2023-07-14 14:03:00,95.615,95.615,95.615,95.615,210.0,CHRW
2023-07-14 14:02:00,95.63,95.63,95.63,95.63,463.0,CHRW
2023-07-14 14:01:00,95.62,95.65,95.62,95.65,1114.0,CHRW
2023-07-14 14:00:00,95.585,95.585,95.585,95.585,225.0,CHRW
2023-07-14 13:59:00,95.6,95.6,95.6,95.6,375.0,CHRW
2023-07-14 13:58:00,95.625,95.665,95.625,95.65,2316.0,CHRW
2023-07-14 13:57:00,95.69,95.69,95.645,95.645,1739.0,CHRW
2023-07-14 13:56:00,95.67,95.689,95.67,95.689,935.0,CHRW
2023-07-14 13:55:00,95.69,95.69,95.67,95.67,877.0,CHRW
2023-07-14 13:54:00,95.69,95.7,95.68,95.68,645.0,CHRW
2023-07-14 13:53:00,95.68,95.68,95.68,95.68,407.0,CHRW
2023-07-14 13:52:00,95.625,95.67,95.625,95.67,1125.0,CHRW
2023-07-14 13:51:00,95.64,95.64,95.63,95.63,406.0,CHRW
2023-07-14 13:50:00,95.68,95.69,95.62,95.62,2342.0,CHRW
2023-07-14 13:49:00,95.75,95.75,95.69,95.69,1408.0,CHRW
2023-07-14 13:48:00,95.665,95.685,95.66,95.66,2275.0,CHRW
2023-07-14 13:47:00,95.66,95.66,95.63,95.64,844.0,CHRW
2023-07-14 13:46:00,95.665,95.67,95.655,95.67,564.0,CHRW
2023-07-14 13:45:00,95.68,95.68,95.65,95.66,1468.0,CHRW
2023-07-14 13:43:00,95.72,95.72,95.715,95.715,883.0,CHRW
2023-07-14 13:42:00,95.705,95.72,95.705,95.71,840.0,CHRW
2023-07-14 13:41:00,95.69,95.71,95.69,95.705,1337.0,CHRW
2023-07-14 13:40:00,95.71,95.71,95.67,95.68,1315.0,CHRW
2023-07-14 13:39:00,95.71,95.71,95.7,95.7,444.0,CHRW
2023-07-14 13:38:00,95.72,95.72,95.71,95.71,1335.0,CHRW
2023-07-14 13:36:00,95.84,95.84,95.78,95.78,2445.0,CHRW
2023-07-14 13:35:00,95.84,95.9,95.84,95.86,759.0,CHRW
2023-07-14 13:34:00,95.82,95.82,95.82,95.82,799.0,CHRW
2023-07-14 13:32:00,95.89,95.89,95.815,95.82,1740.0,CHRW
2023-07-14 13:30:00,95.83,95.87,95.83,95.87,1165.0,CHRW
2023-07-14 13:29:00,95.84,95.84,95.84,95.84,319.0,CHRW
2023-07-14 13:27:00,95.785,95.82,95.77,95.81,2301.0,CHRW
2023-07-14 13:26:00,95.76,95.785,95.76,95.785,819.0,CHRW
2023-07-14 13:25:00,95.76,95.76,95.76,95.76,238.0,CHRW
2023-07-14 13:24:00,95.8,95.8,95.78,95.78,577.0,CHRW
2023-07-14 13:23:00,95.83,95.83,95.8,95.8,1102.0,CHRW
2023-07-14 13:22:00,95.81,95.83,95.78,95.83,1336.0,CHRW
2023-07-14 13:21:00,95.77,95.8,95.77,95.8,675.0,CHRW
2023-07-14 13:20:00,95.76,95.77,95.76,95.77,403.0,CHRW
2023-07-14 13:19:00,95.74,95.775,95.74,95.77,1603.0,CHRW
2023-07-14 13:18:00,95.78,95.78,95.735,95.735,1473.0,CHRW
2023-07-14 13:17:00,95.78,95.78,95.78,95.78,506.0,CHRW
2023-07-14 13:15:00,95.76,95.76,95.76,95.76,441.0,CHRW
2023-07-14 13:14:00,95.73,95.75,95.73,95.75,544.0,CHRW
2023-07-14 13:13:00,95.71,95.73,95.71,95.73,917.0,CHRW
2023-07-14 13:12:00,95.71,95.71,95.685,95.685,918.0,CHRW
2023-07-14 13:11:00,95.7,95.7,95.7,95.7,377.0,CHRW
2023-07-14 13:10:00,95.67,95.69,95.67,95.69,423.0,CHRW
2023-07-14 13:09:00,95.675,95.675,95.67,95.67,231.0,CHRW
2023-07-14 13:08:00,95.65,95.675,95.64,95.675,699.0,CHRW
2023-07-14 13:07:00,95.635,95.635,95.635,95.635,504.0,CHRW
2023-07-14 13:06:00,95.677,95.677,95.64,95.64,643.0,CHRW
2023-07-14 13:05:00,95.67,95.67,95.67,95.67,444.0,CHRW
2023-07-14 13:04:00,95.64,95.67,95.64,95.657,952.0,CHRW
2023-07-14 13:03:00,95.62,95.62,95.62,95.62,623.0,CHRW
2023-07-14 13:02:00,95.655,95.655,95.613,95.62,1860.0,CHRW
2023-07-14 13:01:00,95.71,95.71,95.66,95.66,996.0,CHRW
2023-07-14 13:00:00,95.725,95.725,95.725,95.725,196.0,CHRW
2023-07-14 12:59:00,95.725,95.725,95.725,95.725,178.0,CHRW
2023-07-14 12:58:00,95.695,95.725,95.695,95.7,2143.0,CHRW
2023-07-14 12:57:00,95.675,95.7,95.675,95.684,831.0,CHRW
2023-07-14 12:56:00,95.67,95.7,95.66,95.66,1668.0,CHRW
2023-07-14 12:55:00,95.67,95.69,95.67,95.69,2175.0,CHRW
2023-07-14 12:54:00,95.67,95.67,95.67,95.67,264.0,CHRW
2023-07-14 12:53:00,95.72,95.72,95.705,95.705,574.0,CHRW
2023-07-14 12:52:00,95.695,95.695,95.695,95.695,242.0,CHRW
2023-07-14 12:51:00,95.7,95.7,95.7,95.7,403.0,CHRW
2023-07-14 12:50:00,95.79,95.79,95.76,95.78,1257.0,CHRW
2023-07-14 12:49:00,95.8,95.8,95.8,95.8,465.0,CHRW
2023-07-14 12:48:00,95.73,95.75,95.73,95.75,1268.0,CHRW
2023-07-14 12:46:00,95.81,95.81,95.725,95.75,1932.0,CHRW
2023-07-14 12:45:00,95.8,95.825,95.8,95.825,779.0,CHRW
2023-07-14 12:44:00,95.77,95.77,95.77,95.77,203.0,CHRW
2023-07-14 12:43:00,95.76,95.76,95.76,95.76,231.0,CHRW
2023-07-14 12:42:00,95.78,95.79,95.78,95.785,615.0,CHRW
2023-07-14 12:41:00,95.77,95.78,95.77,95.78,266.0,CHRW
2023-07-14 12:40:00,95.77,95.77,95.77,95.77,213.0,CHRW
2023-07-14 12:39:00,95.79,95.79,95.785,95.785,1031.0,CHRW
2023-07-14 12:38:00,95.82,95.82,95.82,95.82,304.0,CHRW
2023-07-14 12:37:00,95.82,95.82,95.805,95.815,1267.0,CHRW
2023-07-14 12:36:00,95.805,95.85,95.805,95.85,1090.0,CHRW
2023-07-14 12:35:00,95.8,95.8,95.8,95.8,293.0,CHRW
2023-07-14 12:34:00,95.78,95.806,95.78,95.806,995.0,CHRW
2023-07-14 12:33:00,95.75,95.77,95.75,95.76,727.0,CHRW
2023-07-14 12:32:00,95.74,95.74,95.74,95.74,112.0,CHRW
2023-07-14 12:31:00,95.72,95.74,95.72,95.74,772.0,CHRW
2023-07-14 12:29:00,95.72,95.72,95.72,95.72,152.0,CHRW
2023-07-14 12:28:00,95.76,95.76,95.72,95.72,1313.0,CHRW
2023-07-14 12:27:00,95.78,95.78,95.755,95.77,965.0,CHRW
2023-07-14 12:26:00,95.695,95.695,95.695,95.695,268.0,CHRW
2023-07-14 12:25:00,95.65,95.68,95.65,95.68,586.0,CHRW
2023-07-14 12:24:00,95.54,95.64,95.54,95.63,2386.0,CHRW
2023-07-14 12:22:00,95.55,95.55,95.49,95.525,2542.0,CHRW
2023-07-14 12:21:00,95.58,95.58,95.58,95.58,129.0,CHRW
2023-07-14 12:19:00,95.58,95.58,95.58,95.58,367.0,CHRW
2023-07-14 12:18:00,95.61,95.61,95.61,95.61,116.0,CHRW
2023-07-14 12:16:00,95.48,95.59,95.48,95.59,1719.0,CHRW
2023-07-14 12:13:00,95.48,95.48,95.467,95.466,1055.0,CHRW
2023-07-14 12:12:00,95.515,95.515,95.515,95.515,385.0,CHRW
2023-07-14 12:11:00,95.705,95.715,95.59,95.59,3087.0,CHRW
2023-07-14 12:10:00,95.69,95.7,95.68,95.7,587.0,CHRW
2023-07-14 12:08:00,95.76,95.76,95.69,95.69,1363.0,CHRW
2023-07-14 12:06:00,95.645,95.67,95.645,95.67,474.0,CHRW
2023-07-14 12:05:00,95.63,95.65,95.61,95.64,2438.0,CHRW
2023-07-14 12:04:00,95.7,95.7,95.69,95.69,1280.0,CHRW
2023-07-14 12:03:00,95.715,95.72,95.715,95.72,534.0,CHRW
2023-07-14 12:01:00,95.675,95.675,95.675,95.675,171.0,CHRW
2023-07-14 12:00:00,95.71,95.74,95.68,95.7,1758.0,CHRW
2023-07-14 11:59:00,95.71,95.71,95.695,95.695,675.0,CHRW
2023-07-14 11:58:00,95.68,95.72,95.68,95.72,408.0,CHRW
2023-07-14 11:57:00,95.63,95.66,95.62,95.66,1458.0,CHRW
2023-07-14 11:56:00,95.645,95.655,95.64,95.64,626.0,CHRW
2023-07-14 11:55:00,95.625,95.64,95.625,95.64,268.0,CHRW
2023-07-14 11:54:00,95.565,95.645,95.565,95.64,1481.0,CHRW
2023-07-14 11:53:00,95.58,95.58,95.58,95.58,180.0,CHRW
2023-07-14 11:52:00,95.62,95.62,95.585,95.585,927.0,CHRW
2023-07-14 11:51:00,95.7,95.7,95.65,95.65,1038.0,CHRW
2023-07-14 11:50:00,95.6,95.7,95.58,95.7,2055.0,CHRW
2023-07-14 11:49:00,95.66,95.66,95.605,95.605,1426.0,CHRW
2023-07-14 11:48:00,95.64,95.68,95.63,95.68,2441.0,CHRW
2023-07-14 11:47:00,95.655,95.655,95.64,95.64,356.0,CHRW
2023-07-14 11:46:00,95.7,95.7,95.65,95.68,1257.0,CHRW
2023-07-14 11:45:00,95.725,95.725,95.7,95.7,532.0,CHRW
2023-07-14 11:44:00,95.73,95.73,95.73,95.73,164.0,CHRW
2023-07-14 11:42:00,95.75,95.75,95.74,95.745,681.0,CHRW
2023-07-14 11:41:00,95.855,95.855,95.82,95.82,743.0,CHRW
2023-07-14 11:40:00,95.98,95.99,95.95,95.97,1053.0,CHRW
2023-07-14 11:39:00,96.0,96.01,96.0,96.01,362.0,CHRW
2023-07-14 11:38:00,95.98,95.985,95.975,95.985,321.0,CHRW
2023-07-14 11:37:00,95.98,95.98,95.945,95.945,1195.0,CHRW
2023-07-14 11:36:00,95.86,95.985,95.86,95.985,2390.0,CHRW
2023-07-14 11:35:00,95.87,95.87,95.87,95.87,483.0,CHRW
2023-07-14 11:34:00,95.85,95.86,95.85,95.86,421.0,CHRW
2023-07-14 11:33:00,95.91,95.91,95.91,95.91,470.0,CHRW
2023-07-14 11:32:00,96.01,96.01,95.95,95.965,1971.0,CHRW
2023-07-14 11:31:00,95.99,96.0,95.98,95.985,707.0,CHRW
2023-07-14 11:30:00,95.96,95.96,95.96,95.96,152.0,CHRW
2023-07-14 11:29:00,95.91,95.96,95.885,95.94,1607.0,CHRW
2023-07-14 11:28:00,95.945,95.96,95.885,95.885,2093.0,CHRW
2023-07-14 11:27:00,96.03,96.03,96.0,96.0,767.0,CHRW
2023-07-14 11:26:00,96.04,96.04,96.03,96.03,1670.0,CHRW
2023-07-14 11:25:00,96.06,96.075,96.035,96.075,553.0,CHRW
2023-07-14 11:24:00,96.075,96.075,96.06,96.06,378.0,CHRW
2023-07-14 11:23:00,96.14,96.14,96.08,96.08,1106.0,CHRW
2023-07-14 11:22:00,96.17,96.17,96.12,96.147,1212.0,CHRW
2023-07-14 11:21:00,96.16,96.175,96.16,96.175,462.0,CHRW
2023-07-14 11:20:00,96.185,96.185,96.185,96.185,131.0,CHRW
2023-07-14 11:19:00,96.17,96.17,96.17,96.17,677.0,CHRW
2023-07-14 11:18:00,96.17,96.215,96.17,96.215,1034.0,CHRW
2023-07-14 11:17:00,96.18,96.18,96.175,96.175,274.0,CHRW
2023-07-14 11:16:00,96.15,96.2,96.15,96.2,1029.0,CHRW
2023-07-14 11:15:00,96.145,96.165,96.145,96.165,460.0,CHRW
2023-07-14 11:14:00,96.2,96.2,96.145,96.145,1102.0,CHRW
2023-07-14 11:13:00,96.26,96.26,96.258,96.258,515.0,CHRW
2023-07-14 11:12:00,96.19,96.27,96.185,96.27,990.0,CHRW
2023-07-14 11:11:00,96.22,96.22,96.2,96.2,835.0,CHRW
2023-07-14 11:10:00,96.21,96.24,96.21,96.235,470.0,CHRW
2023-07-14 11:08:00,96.215,96.25,96.215,96.25,454.0,CHRW
2023-07-14 11:07:00,96.2,96.245,96.2,96.2,1845.0,CHRW
2023-07-14 11:06:00,96.14,96.17,96.14,96.17,631.0,CHRW
2023-07-14 11:05:00,96.15,96.15,96.15,96.15,695.0,CHRW
2023-07-14 11:04:00,96.1,96.1,96.1,96.1,239.0,CHRW
2023-07-14 11:03:00,96.085,96.085,96.085,96.085,259.0,CHRW
2023-07-14 11:02:00,96.18,96.18,96.07,96.07,1236.0,CHRW
2023-07-14 11:01:00,96.21,96.22,96.2,96.2,909.0,CHRW
2023-07-14 11:00:00,96.17,96.19,96.17,96.18,754.0,CHRW
2023-07-14 10:59:00,96.18,96.21,96.17,96.17,653.0,CHRW
2023-07-14 10:58:00,96.16,96.17,96.16,96.17,951.0,CHRW
2023-07-14 10:57:00,96.16,96.192,96.16,96.192,678.0,CHRW
2023-07-14 10:56:00,96.13,96.16,96.13,96.13,858.0,CHRW
2023-07-14 10:55:00,96.11,96.11,96.11,96.11,303.0,CHRW
2023-07-14 10:54:00,96.08,96.08,96.065,96.065,889.0,CHRW
2023-07-14 10:53:00,96.03,96.06,96.02,96.06,697.0,CHRW
2023-07-14 10:52:00,96.045,96.045,96.045,96.045,665.0,CHRW
2023-07-14 10:51:00,96.09,96.1,96.07,96.08,1193.0,CHRW
2023-07-14 10:50:00,96.06,96.08,96.06,96.08,649.0,CHRW
2023-07-14 10:49:00,96.03,96.03,96.03,96.03,457.0,CHRW
2023-07-14 10:48:00,96.1,96.1,96.1,96.1,201.0,CHRW
2023-07-14 10:47:00,96.1,96.16,96.1,96.13,1220.0,CHRW
2023-07-14 10:46:00,96.14,96.14,96.14,96.14,162.0,CHRW
2023-07-14 10:45:00,96.17,96.17,96.15,96.17,745.0,CHRW
2023-07-14 10:44:00,96.185,96.185,96.175,96.174,239.0,CHRW
2023-07-14 10:43:00,96.26,96.26,96.19,96.19,785.0,CHRW
2023-07-14 10:42:00,96.18,96.25,96.18,96.21,480.0,CHRW
2023-07-14 10:41:00,96.12,96.19,96.05,96.19,2948.0,CHRW
2023-07-14 10:40:00,96.21,96.23,96.195,96.195,801.0,CHRW
2023-07-14 10:39:00,96.19,96.215,96.155,96.16,2110.0,CHRW
2023-07-14 10:38:00,96.16,96.18,96.14,96.18,578.0,CHRW
2023-07-14 10:37:00,96.17,96.17,96.16,96.16,720.0,CHRW
2023-07-14 10:36:00,96.13,96.165,96.13,96.165,420.0,CHRW
2023-07-14 10:35:00,96.14,96.155,96.14,96.155,572.0,CHRW
2023-07-14 10:34:00,96.18,96.18,96.165,96.165,656.0,CHRW
2023-07-14 10:33:00,96.27,96.27,96.17,96.17,938.0,CHRW
2023-07-14 10:32:00,96.29,96.295,96.28,96.28,426.0,CHRW
2023-07-14 10:31:00,96.45,96.45,96.325,96.325,947.0,CHRW
2023-07-14 10:30:00,96.32,96.43,96.32,96.4,1618.0,CHRW
2023-07-14 10:29:00,96.35,96.35,96.305,96.32,2610.0,CHRW
2023-07-14 10:28:00,96.4,96.4,96.33,96.38,959.0,CHRW
2023-07-14 10:27:00,96.52,96.52,96.408,96.43,1685.0,CHRW
2023-07-14 10:26:00,96.55,96.55,96.5,96.5,1231.0,CHRW
2023-07-14 10:25:00,96.575,96.575,96.575,96.575,296.0,CHRW
2023-07-14 10:23:00,96.57,96.57,96.57,96.57,114.0,CHRW
2023-07-14 10:22:00,96.71,96.71,96.55,96.61,2270.0,CHRW
2023-07-14 10:21:00,96.695,96.76,96.695,96.76,464.0,CHRW
2023-07-14 10:20:00,96.65,96.67,96.62,96.67,472.0,CHRW
2023-07-14 10:19:00,96.65,96.77,96.62,96.64,3634.0,CHRW
2023-07-14 10:18:00,96.74,96.74,96.64,96.64,767.0,CHRW
2023-07-14 10:16:00,96.71,96.79,96.685,96.7,1460.0,CHRW
2023-07-14 10:15:00,96.64,96.71,96.64,96.705,1013.0,CHRW
2023-07-14 10:14:00,96.55,96.58,96.52,96.58,2283.0,CHRW
2023-07-14 10:13:00,96.64,96.64,96.57,96.57,1098.0,CHRW
2023-07-14 10:12:00,96.44,96.59,96.44,96.59,1996.0,CHRW
2023-07-14 10:11:00,96.52,96.52,96.44,96.44,1632.0,CHRW
2023-07-14 10:10:00,96.52,96.54,96.485,96.54,1270.0,CHRW
2023-07-14 10:09:00,96.53,96.55,96.5,96.52,2066.0,CHRW
2023-07-14 10:08:00,96.625,96.625,96.58,96.58,513.0,CHRW
2023-07-14 10:07:00,96.62,96.62,96.56,96.61,1137.0,CHRW
2023-07-14 10:06:00,96.575,96.575,96.575,96.575,443.0,CHRW
2023-07-14 10:05:00,96.64,96.64,96.48,96.505,2238.0,CHRW
2023-07-14 10:04:00,96.39,96.615,96.39,96.615,1884.0,CHRW
2023-07-14 10:03:00,96.49,96.49,96.42,96.46,1125.0,CHRW
2023-07-14 10:02:00,96.34,96.47,96.34,96.44,1546.0,CHRW
2023-07-14 10:01:00,96.355,96.4,96.3,96.31,895.0,CHRW
2023-07-14 10:00:00,96.32,96.35,96.29,96.35,2807.0,CHRW
2023-07-14 09:59:00,96.34,96.43,96.34,96.43,436.0,CHRW
2023-07-14 09:58:00,96.29,96.335,96.24,96.335,1416.0,CHRW
2023-07-14 09:57:00,96.235,96.235,96.2,96.2,251.0,CHRW
2023-07-14 09:55:00,96.1,96.14,96.1,96.14,909.0,CHRW
2023-07-14 09:54:00,96.21,96.26,96.2,96.245,1186.0,CHRW
2023-07-14 09:51:00,96.21,96.23,96.21,96.23,1087.0,CHRW
2023-07-14 09:50:00,96.424,96.424,96.34,96.34,546.0,CHRW
2023-07-14 09:49:00,96.47,96.47,96.47,96.47,213.0,CHRW
2023-07-14 09:48:00,96.46,96.46,96.46,96.46,288.0,CHRW
2023-07-14 09:46:00,96.43,96.515,96.43,96.43,697.0,CHRW
2023-07-14 09:45:00,96.478,96.477,96.477,96.477,244.0,CHRW
2023-07-14 09:44:00,96.38,96.46,96.38,96.46,399.0,CHRW
2023-07-14 09:43:00,96.37,96.37,96.28,96.28,549.0,CHRW
2023-07-14 09:41:00,96.35,96.38,96.29,96.35,1372.0,CHRW
2023-07-14 09:40:00,96.39,96.39,96.27,96.27,2513.0,CHRW
2023-07-14 09:37:00,96.64,96.64,96.64,96.64,290.0,CHRW
2023-07-14 09:36:00,96.52,96.575,96.51,96.51,711.0,CHRW
2023-07-14 09:35:00,96.74,96.76,96.58,96.61,2046.0,CHRW
2023-07-14 09:34:00,96.68,96.68,96.68,96.68,207.0,CHRW
2023-07-14 09:33:00,96.83,96.83,96.83,96.83,195.0,CHRW
2023-07-14 09:32:00,96.95,96.95,96.95,96.95,162.0,CHRW
2023-07-14 09:31:00,96.95,96.97,96.89,96.89,1508.0,CHRW
2023-07-14 09:30:00,97.17,97.17,96.52,96.685,10264.0,CHRW
2023-07-14 09:03:00,96.85,96.85,96.85,96.85,2.0,CHRW
2023-07-14 05:20:00,97.6,97.6,97.6,97.6,1.0,CHRW
2023-07-13 16:05:00,96.85,96.85,96.77,96.77,2.0,CHRW
2023-07-13 16:02:00,96.85,96.85,96.85,96.85,6957.0,CHRW
2023-07-13 16:01:00,96.85,96.85,96.85,96.85,2197.0,CHRW
2023-07-13 16:00:00,96.86,96.86,96.85,96.85,351847.0,CHRW
2023-07-13 15:59:00,96.86,96.9,96.82,96.85,24187.0,CHRW
2023-07-13 15:58:00,96.84,96.88,96.82,96.855,13836.0,CHRW
2023-07-13 15:57:00,96.81,96.85,96.79,96.85,15325.0,CHRW
2023-07-13 15:56:00,96.825,96.84,96.81,96.815,15009.0,CHRW
2023-07-13 15:55:00,96.89,96.9,96.83,96.83,11327.0,CHRW
2023-07-13 15:54:00,97.01,97.01,96.82,96.9,23053.0,CHRW
2023-07-13 15:53:00,97.11,97.11,97.025,97.04,7640.0,CHRW
2023-07-13 15:52:00,97.03,97.13,97.03,97.12,7009.0,CHRW
2023-07-13 15:51:00,97.01,97.01,96.95,97.01,6806.0,CHRW
2023-07-13 15:50:00,97.02,97.02,96.99,97.02,5468.0,CHRW
2023-07-13 15:49:00,97.11,97.13,97.05,97.05,4524.0,CHRW
2023-07-13 15:48:00,97.2,97.22,97.13,97.14,6586.0,CHRW
2023-07-13 15:47:00,97.3,97.319,97.23,97.23,4759.0,CHRW
2023-07-13 15:46:00,97.31,97.335,97.29,97.3,3588.0,CHRW
2023-07-13 15:45:00,97.31,97.315,97.295,97.315,2988.0,CHRW
2023-07-13 15:44:00,97.27,97.32,97.26,97.305,2199.0,CHRW
2023-07-13 15:43:00,97.26,97.27,97.26,97.27,1544.0,CHRW
2023-07-13 15:42:00,97.205,97.24,97.205,97.24,2307.0,CHRW
2023-07-13 15:41:00,97.2,97.225,97.2,97.21,1708.0,CHRW
2023-07-13 15:40:00,97.15,97.2,97.15,97.19,2928.0,CHRW
2023-07-13 15:39:00,97.16,97.19,97.16,97.19,1757.0,CHRW
2023-07-13 15:38:00,97.14,97.16,97.14,97.16,2161.0,CHRW
2023-07-13 15:37:00,97.1,97.14,97.1,97.13,2444.0,CHRW
2023-07-13 15:36:00,97.08,97.08,97.07,97.08,1401.0,CHRW
2023-07-13 15:35:00,97.029,97.03,97.029,97.03,1135.0,CHRW
2023-07-13 15:34:00,97.07,97.07,97.0,97.02,3489.0,CHRW
2023-07-13 15:33:00,97.08,97.085,97.08,97.085,932.0,CHRW
2023-07-13 15:32:00,97.055,97.08,97.055,97.08,1452.0,CHRW
2023-07-13 15:31:00,97.06,97.069,97.05,97.05,2940.0,CHRW
2023-07-13 15:30:00,97.02,97.08,97.02,97.08,2362.0,CHRW
2023-07-13 15:29:00,97.0,97.0,97.0,97.0,992.0,CHRW
2023-07-13 15:27:00,96.99,97.03,96.99,97.01,2666.0,CHRW
2023-07-13 15:26:00,96.97,96.98,96.97,96.98,1659.0,CHRW
2023-07-13 15:25:00,96.975,96.975,96.975,96.975,558.0,CHRW
2023-07-13 15:24:00,97.01,97.01,97.01,97.01,507.0,CHRW
2023-07-13 15:23:00,97.05,97.06,97.05,97.05,1020.0,CHRW
2023-07-13 15:22:00,97.03,97.03,97.03,97.03,769.0,CHRW
2023-07-13 15:21:00,97.065,97.08,97.04,97.055,1907.0,CHRW
2023-07-13 15:20:00,97.08,97.08,97.08,97.08,523.0,CHRW
2023-07-13 15:19:00,97.06,97.06,97.06,97.06,1175.0,CHRW
2023-07-13 15:18:00,97.09,97.09,97.06,97.06,1491.0,CHRW
2023-07-13 15:17:00,97.07,97.07,97.07,97.07,549.0,CHRW
2023-07-13 15:16:00,97.03,97.06,97.03,97.06,1411.0,CHRW
2023-07-13 15:15:00,97.03,97.03,97.03,97.03,682.0,CHRW
2023-07-13 15:14:00,97.05,97.05,97.05,97.05,641.0,CHRW
2023-07-13 15:13:00,97.1,97.1,97.07,97.07,1325.0,CHRW
2023-07-13 15:12:00,97.08,97.09,97.07,97.08,2392.0,CHRW
2023-07-13 15:11:00,97.095,97.095,97.095,97.095,511.0,CHRW
2023-07-13 15:10:00,97.01,97.07,97.01,97.07,1520.0,CHRW
2023-07-13 15:09:00,96.99,96.99,96.99,96.99,368.0,CHRW
2023-07-13 15:08:00,96.97,96.98,96.95,96.98,1808.0,CHRW
2023-07-13 15:06:00,96.98,97.01,96.98,96.99,2289.0,CHRW
2023-07-13 15:05:00,97.0,97.0,97.0,97.0,673.0,CHRW
2023-07-13 15:03:00,97.01,97.01,97.0,97.01,1226.0,CHRW
2023-07-13 15:02:00,97.01,97.01,97.01,97.01,246.0,CHRW
2023-07-13 15:01:00,97.07,97.07,97.05,97.05,952.0,CHRW
2023-07-13 15:00:00,97.08,97.08,97.08,97.08,737.0,CHRW
2023-07-13 14:59:00,97.07,97.09,97.07,97.09,1157.0,CHRW
2023-07-13 14:58:00,97.06,97.08,97.05,97.08,1238.0,CHRW
2023-07-13 14:57:00,97.04,97.05,97.04,97.05,1130.0,CHRW
2023-07-13 14:56:00,97.02,97.04,97.02,97.04,643.0,CHRW
2023-07-13 14:55:00,97.02,97.02,97.02,97.02,542.0,CHRW
2023-07-13 14:54:00,97.01,97.04,97.01,97.032,1704.0,CHRW
2023-07-13 14:52:00,97.01,97.01,97.01,97.01,650.0,CHRW
2023-07-13 14:51:00,97.01,97.01,97.01,97.01,532.0,CHRW
2023-07-13 14:50:00,97.0,97.0,97.0,97.0,836.0,CHRW
2023-07-13 14:49:00,97.042,97.042,96.99,96.99,4167.0,CHRW
2023-07-13 14:47:00,97.08,97.08,97.07,97.07,1585.0,CHRW
2023-07-13 14:46:00,97.04,97.04,97.04,97.04,433.0,CHRW
2023-07-13 14:44:00,96.94,96.96,96.94,96.96,1390.0,CHRW
2023-07-13 14:43:00,96.98,96.98,96.92,96.92,1933.0,CHRW
2023-07-13 14:42:00,96.96,96.96,96.96,96.96,409.0,CHRW
2023-07-13 14:41:00,97.01,97.01,97.01,97.01,359.0,CHRW
2023-07-13 14:40:00,96.91,96.91,96.91,96.91,1220.0,CHRW
2023-07-13 14:39:00,96.865,96.89,96.865,96.89,509.0,CHRW
2023-07-13 14:38:00,96.91,96.91,96.9,96.9,1055.0,CHRW
2023-07-13 14:37:00,96.94,96.94,96.92,96.92,600.0,CHRW
2023-07-13 14:36:00,96.96,96.97,96.95,96.97,1284.0,CHRW
2023-07-13 14:35:00,96.96,96.97,96.96,96.97,1151.0,CHRW
2023-07-13 14:34:00,96.97,96.97,96.97,96.97,866.0,CHRW
2023-07-13 14:33:00,96.99,96.99,96.98,96.98,571.0,CHRW
2023-07-13 14:32:00,96.96,96.97,96.96,96.97,529.0,CHRW
2023-07-13 14:31:00,96.92,96.93,96.92,96.93,857.0,CHRW
2023-07-13 14:30:00,96.91,96.91,96.9,96.9,1341.0,CHRW
2023-07-13 14:29:00,96.92,96.92,96.92,96.92,336.0,CHRW
2023-07-13 14:28:00,96.92,96.92,96.92,96.92,1095.0,CHRW
2023-07-13 14:27:00,96.88,96.89,96.88,96.89,268.0,CHRW
2023-07-13 14:26:00,96.91,96.91,96.91,96.91,451.0,CHRW
2023-07-13 14:25:00,96.96,96.96,96.94,96.94,1980.0,CHRW
2023-07-13 14:24:00,96.942,96.95,96.942,96.941,508.0,CHRW
2023-07-13 14:23:00,96.965,96.965,96.94,96.95,351.0,CHRW
2023-07-13 14:22:00,96.94,96.96,96.94,96.96,713.0,CHRW
2023-07-13 14:21:00,96.91,96.91,96.91,96.91,294.0,CHRW
2023-07-13 14:20:00,96.91,96.925,96.89,96.925,1694.0,CHRW
2023-07-13 14:19:00,96.94,96.94,96.93,96.93,1152.0,CHRW
2023-07-13 14:17:00,96.88,96.89,96.88,96.885,1173.0,CHRW
2023-07-13 14:15:00,96.89,96.89,96.87,96.87,561.0,CHRW
2023-07-13 14:13:00,96.9,96.9,96.87,96.88,1225.0,CHRW
2023-07-13 14:12:00,96.925,96.925,96.925,96.925,233.0,CHRW
2023-07-13 14:11:00,96.94,96.94,96.93,96.93,482.0,CHRW
2023-07-13 14:10:00,96.96,96.96,96.96,96.96,477.0,CHRW
2023-07-13 14:09:00,96.98,96.98,96.98,96.98,219.0,CHRW
2023-07-13 14:08:00,96.96,97.01,96.96,97.01,930.0,CHRW
2023-07-13 14:07:00,96.9,96.95,96.9,96.95,692.0,CHRW
2023-07-13 14:05:00,96.93,96.93,96.93,96.93,525.0,CHRW
2023-07-13 14:04:00,96.96,96.96,96.945,96.945,622.0,CHRW
2023-07-13 14:03:00,96.9,96.92,96.9,96.92,1191.0,CHRW
2023-07-13 14:01:00,96.89,96.89,96.89,96.89,408.0,CHRW
2023-07-13 14:00:00,96.91,96.91,96.91,96.91,178.0,CHRW
2023-07-13 13:59:00,96.89,96.9,96.88,96.9,1450.0,CHRW
2023-07-13 13:58:00,96.92,96.92,96.92,96.92,493.0,CHRW
2023-07-13 13:56:00,96.94,96.95,96.9,96.908,1391.0,CHRW
2023-07-13 13:55:00,96.94,96.94,96.94,96.94,168.0,CHRW
2023-07-13 13:54:00,96.96,96.96,96.94,96.94,633.0,CHRW
2023-07-13 13:53:00,97.02,97.02,96.97,96.97,1337.0,CHRW
2023-07-13 13:52:00,97.005,97.02,97.005,97.02,211.0,CHRW
2023-07-13 13:51:00,96.98,96.98,96.98,96.98,574.0,CHRW
2023-07-13 13:50:00,96.96,96.96,96.96,96.96,528.0,CHRW
2023-07-13 13:48:00,96.96,96.96,96.96,96.96,234.0,CHRW
2023-07-13 13:47:00,96.95,96.95,96.93,96.93,620.0,CHRW
2023-07-13 13:46:00,96.88,96.88,96.88,96.88,697.0,CHRW
2023-07-13 13:45:00,96.87,96.87,96.86,96.86,564.0,CHRW
2023-07-13 13:44:00,96.85,96.86,96.85,96.86,913.0,CHRW
2023-07-13 13:43:00,96.86,96.86,96.86,96.86,327.0,CHRW
2023-07-13 13:42:00,96.88,96.88,96.87,96.87,819.0,CHRW
2023-07-13 13:41:00,96.86,96.87,96.86,96.87,776.0,CHRW
2023-07-13 13:40:00,96.81,96.825,96.8,96.825,1587.0,CHRW
2023-07-13 13:38:00,96.83,96.83,96.82,96.82,904.0,CHRW
2023-07-13 13:37:00,96.845,96.845,96.845,96.845,156.0,CHRW
2023-07-13 13:35:00,96.9,96.9,96.85,96.85,1465.0,CHRW
2023-07-13 13:34:00,96.925,96.925,96.925,96.925,205.0,CHRW
2023-07-13 13:33:00,96.895,96.915,96.895,96.915,552.0,CHRW
2023-07-13 13:32:00,96.89,96.91,96.89,96.91,1667.0,CHRW
2023-07-13 13:31:00,96.86,96.865,96.86,96.865,207.0,CHRW
2023-07-13 13:29:00,96.86,96.86,96.86,96.86,306.0,CHRW
2023-07-13 13:26:00,96.875,96.875,96.875,96.875,154.0,CHRW
2023-07-13 13:25:00,96.94,96.94,96.91,96.91,1235.0,CHRW
2023-07-13 13:24:00,96.95,96.95,96.938,96.937,717.0,CHRW
2023-07-13 13:23:00,96.93,96.93,96.93,96.93,200.0,CHRW
2023-07-13 13:22:00,96.91,96.94,96.9,96.94,843.0,CHRW
2023-07-13 13:20:00,96.977,96.977,96.91,96.91,2070.0,CHRW
2023-07-13 13:18:00,96.98,96.98,96.97,96.97,1017.0,CHRW
2023-07-13 13:17:00,96.96,96.96,96.96,96.96,1136.0,CHRW
2023-07-13 13:15:00,96.94,96.94,96.94,96.94,283.0,CHRW
2023-07-13 13:13:00,96.93,96.93,96.93,96.93,226.0,CHRW
2023-07-13 13:11:00,96.76,96.9,96.76,96.9,3035.0,CHRW
2023-07-13 13:09:00,96.74,96.74,96.72,96.72,674.0,CHRW
2023-07-13 13:08:00,96.74,96.76,96.72,96.72,901.0,CHRW
2023-07-13 13:04:00,96.8,96.8,96.8,96.8,425.0,CHRW
2023-07-13 13:02:00,96.84,96.85,96.82,96.83,931.0,CHRW
2023-07-13 13:01:00,96.9,96.9,96.86,96.87,1065.0,CHRW
2023-07-13 12:59:00,96.9,96.96,96.9,96.96,1037.0,CHRW
2023-07-13 12:58:00,96.864,96.93,96.864,96.93,1457.0,CHRW
2023-07-13 12:56:00,96.94,96.94,96.94,96.94,267.0,CHRW
2023-07-13 12:55:00,96.97,96.974,96.97,96.974,643.0,CHRW
2023-07-13 12:54:00,97.01,97.01,97.01,97.01,640.0,CHRW
2023-07-13 12:51:00,97.038,97.06,97.038,97.05,1200.0,CHRW
2023-07-13 12:50:00,97.05,97.05,97.04,97.04,630.0,CHRW
2023-07-13 12:49:00,97.033,97.033,97.03,97.03,1250.0,CHRW
2023-07-13 12:48:00,97.07,97.07,97.07,97.07,308.0,CHRW
2023-07-13 12:47:00,97.08,97.08,97.08,97.08,175.0,CHRW
2023-07-13 12:46:00,97.11,97.117,97.08,97.08,875.0,CHRW
2023-07-13 12:45:00,97.07,97.07,97.07,97.07,396.0,CHRW
2023-07-13 12:44:00,97.09,97.09,97.09,97.09,513.0,CHRW
2023-07-13 12:39:00,97.055,97.055,97.055,97.055,256.0,CHRW
2023-07-13 12:37:00,97.14,97.14,97.09,97.11,1744.0,CHRW
2023-07-13 12:36:00,97.19,97.19,97.16,97.16,776.0,CHRW
2023-07-13 12:35:00,97.11,97.16,97.11,97.15,876.0,CHRW
2023-07-13 12:33:00,97.065,97.09,97.065,97.09,884.0,CHRW
2023-07-13 12:32:00,97.05,97.05,97.05,97.05,473.0,CHRW
2023-07-13 12:31:00,97.16,97.175,97.1,97.1,1762.0,CHRW
2023-07-13 12:30:00,97.13,97.15,97.115,97.15,1545.0,CHRW
2023-07-13 12:29:00,97.09,97.11,97.09,97.11,733.0,CHRW
2023-07-13 12:27:00,97.16,97.17,97.128,97.128,1696.0,CHRW
2023-07-13 12:26:00,97.23,97.23,97.125,97.125,1161.0,CHRW
2023-07-13 12:25:00,97.245,97.245,97.245,97.245,310.0,CHRW
2023-07-13 12:23:00,97.21,97.25,97.21,97.237,1203.0,CHRW
2023-07-13 12:22:00,97.29,97.29,97.24,97.275,2051.0,CHRW
2023-07-13 12:20:00,97.27,97.27,97.27,97.27,509.0,CHRW
2023-07-13 12:19:00,97.26,97.29,97.25,97.29,978.0,CHRW
2023-07-13 12:18:00,97.22,97.22,97.22,97.22,1172.0,CHRW
2023-07-13 12:17:00,97.245,97.245,97.245,97.245,418.0,CHRW
2023-07-13 12:16:00,97.2,97.2,97.2,97.2,931.0,CHRW
2023-07-13 12:15:00,97.138,97.155,97.13,97.155,827.0,CHRW
2023-07-13 12:14:00,97.01,97.125,97.01,97.125,1556.0,CHRW
2023-07-13 12:13:00,96.95,96.955,96.95,96.955,365.0,CHRW
2023-07-13 12:12:00,96.935,96.98,96.914,96.98,1521.0,CHRW
2023-07-13 12:11:00,96.935,96.95,96.935,96.935,665.0,CHRW
2023-07-13 12:10:00,96.95,96.95,96.94,96.94,300.0,CHRW
2023-07-13 12:08:00,96.883,96.93,96.87,96.93,1069.0,CHRW
2023-07-13 12:07:00,96.85,96.88,96.848,96.88,1298.0,CHRW
2023-07-13 12:06:00,96.86,96.86,96.825,96.825,618.0,CHRW
2023-07-13 12:05:00,96.97,96.97,96.85,96.85,1968.0,CHRW
2023-07-13 12:04:00,97.01,97.01,96.97,96.97,490.0,CHRW
2023-07-13 12:03:00,96.885,96.96,96.885,96.96,1758.0,CHRW
2023-07-13 12:02:00,96.88,96.885,96.88,96.885,575.0,CHRW
2023-07-13 12:01:00,96.898,96.897,96.88,96.88,614.0,CHRW
2023-07-13 12:00:00,96.9,96.9,96.88,96.88,346.0,CHRW
2023-07-13 11:59:00,96.89,96.89,96.89,96.89,125.0,CHRW
2023-07-13 11:58:00,96.911,96.911,96.86,96.88,1622.0,CHRW
2023-07-13 11:57:00,96.9,96.92,96.9,96.9,1097.0,CHRW
2023-07-13 11:56:00,96.895,96.895,96.895,96.895,401.0,CHRW
2023-07-13 11:55:00,96.9,96.9,96.87,96.88,1099.0,CHRW
2023-07-13 11:54:00,96.8,96.885,96.78,96.85,1597.0,CHRW
2023-07-13 11:53:00,96.85,96.85,96.82,96.82,958.0,CHRW
2023-07-13 11:52:00,96.86,96.86,96.86,96.86,318.0,CHRW
2023-07-13 11:51:00,96.815,96.86,96.815,96.86,1873.0,CHRW
2023-07-13 11:49:00,96.9,96.9,96.82,96.82,1236.0,CHRW
2023-07-13 11:47:00,96.8,96.94,96.8,96.925,3533.0,CHRW
2023-07-13 11:46:00,96.79,96.79,96.79,96.79,274.0,CHRW
2023-07-13 11:45:00,96.89,96.89,96.81,96.83,1735.0,CHRW
2023-07-13 11:44:00,96.89,96.89,96.89,96.89,138.0,CHRW
2023-07-13 11:43:00,96.89,96.9,96.88,96.9,852.0,CHRW
2023-07-13 11:42:00,96.77,96.87,96.77,96.87,1469.0,CHRW
2023-07-13 11:41:00,96.75,96.75,96.75,96.75,629.0,CHRW
2023-07-13 11:40:00,96.77,96.775,96.77,96.775,530.0,CHRW
2023-07-13 11:39:00,96.79,96.79,96.79,96.79,499.0,CHRW
2023-07-13 11:38:00,96.8,96.8,96.8,96.8,664.0,CHRW
2023-07-13 11:37:00,96.83,96.83,96.82,96.82,527.0,CHRW
2023-07-13 11:36:00,96.82,96.82,96.82,96.82,363.0,CHRW
2023-07-13 11:35:00,96.8,96.82,96.8,96.82,1041.0,CHRW
2023-07-13 11:34:00,96.835,96.835,96.79,96.79,1311.0,CHRW
2023-07-13 11:33:00,96.85,96.85,96.85,96.85,117.0,CHRW
2023-07-13 11:32:00,96.81,96.83,96.81,96.83,839.0,CHRW
2023-07-13 11:31:00,96.83,96.83,96.81,96.81,422.0,CHRW
2023-07-13 11:30:00,96.88,96.88,96.855,96.855,623.0,CHRW
2023-07-13 11:29:00,96.92,96.96,96.92,96.92,1646.0,CHRW
2023-07-13 11:28:00,96.94,96.98,96.93,96.98,862.0,CHRW
2023-07-13 11:27:00,96.89,96.95,96.89,96.95,1725.0,CHRW
2023-07-13 11:26:00,96.85,96.85,96.85,96.85,351.0,CHRW
2023-07-13 11:24:00,96.875,96.875,96.875,96.875,313.0,CHRW
2023-07-13 11:23:00,96.91,96.91,96.9,96.9,827.0,CHRW
2023-07-13 11:22:00,96.91,96.91,96.87,96.87,703.0,CHRW
2023-07-13 11:21:00,96.905,96.905,96.905,96.905,194.0,CHRW
2023-07-13 11:20:00,96.86,96.88,96.84,96.88,1532.0,CHRW
2023-07-13 11:19:00,96.95,96.95,96.9,96.9,990.0,CHRW
2023-07-13 11:18:00,96.88,96.92,96.88,96.92,2473.0,CHRW
2023-07-13 11:17:00,96.9,96.9,96.875,96.875,473.0,CHRW
2023-07-13 11:16:00,96.95,96.95,96.94,96.94,649.0,CHRW
2023-07-13 11:15:00,96.98,96.98,96.95,96.96,1894.0,CHRW
2023-07-13 11:14:00,96.97,96.98,96.96,96.97,1107.0,CHRW
2023-07-13 11:13:00,97.02,97.02,96.96,96.96,1524.0,CHRW
2023-07-13 11:11:00,97.09,97.09,97.03,97.08,1298.0,CHRW
2023-07-13 11:10:00,97.06,97.12,97.06,97.12,695.0,CHRW
2023-07-13 11:09:00,97.03,97.03,97.03,97.03,413.0,CHRW
2023-07-13 11:08:00,96.95,97.03,96.94,97.03,2641.0,CHRW
2023-07-13 11:07:00,97.01,97.01,96.96,96.96,1811.0,CHRW
2023-07-13 11:05:00,97.035,97.05,97.035,97.035,877.0,CHRW
2023-07-13 11:04:00,97.0,97.0,97.0,97.0,431.0,CHRW
2023-07-13 11:03:00,97.03,97.03,97.03,97.03,320.0,CHRW
2023-07-13 11:02:00,97.06,97.06,97.06,97.06,674.0,CHRW
2023-07-13 11:01:00,97.14,97.14,97.11,97.11,883.0,CHRW
2023-07-13 11:00:00,97.12,97.12,97.12,97.12,231.0,CHRW
2023-07-13 10:59:00,97.08,97.085,97.08,97.085,780.0,CHRW
2023-07-13 10:58:00,96.89,97.04,96.89,97.04,1279.0,CHRW
2023-07-13 10:57:00,96.91,96.925,96.91,96.925,1160.0,CHRW
2023-07-13 10:56:00,97.04,97.04,97.04,97.04,220.0,CHRW
2023-07-13 10:55:00,97.17,97.17,97.03,97.03,1517.0,CHRW
2023-07-13 10:54:00,97.2,97.22,97.19,97.22,9542.0,CHRW
2023-07-13 10:53:00,97.2,97.24,97.2,97.24,658.0,CHRW
2023-07-13 10:52:00,97.15,97.18,97.115,97.18,1952.0,CHRW
2023-07-13 10:51:00,97.12,97.12,97.12,97.12,273.0,CHRW
2023-07-13 10:50:00,97.135,97.19,97.11,97.11,1344.0,CHRW
2023-07-13 10:49:00,97.18,97.18,97.135,97.135,1403.0,CHRW
2023-07-13 10:48:00,97.2,97.21,97.17,97.187,1115.0,CHRW
2023-07-13 10:47:00,97.235,97.245,97.235,97.245,350.0,CHRW
2023-07-13 10:45:00,97.33,97.38,97.26,97.345,3778.0,CHRW
2023-07-13 10:44:00,97.32,97.32,97.32,97.32,176.0,CHRW
2023-07-13 10:43:00,97.31,97.375,97.31,97.375,502.0,CHRW
2023-07-13 10:41:00,97.48,97.48,97.41,97.41,936.0,CHRW
2023-07-13 10:40:00,97.54,97.54,97.45,97.49,2140.0,CHRW
2023-07-13 10:38:00,97.58,97.58,97.565,97.565,437.0,CHRW
2023-07-13 10:37:00,97.735,97.735,97.58,97.58,2187.0,CHRW
2023-07-13 10:36:00,97.69,97.74,97.69,97.74,975.0,CHRW
2023-07-13 10:34:00,97.63,97.735,97.63,97.69,1347.0,CHRW
2023-07-13 10:32:00,97.55,97.57,97.528,97.56,1255.0,CHRW
2023-07-13 10:31:00,97.48,97.49,97.48,97.49,579.0,CHRW
2023-07-13 10:30:00,97.52,97.52,97.47,97.47,1403.0,CHRW
2023-07-13 10:29:00,97.54,97.565,97.54,97.56,880.0,CHRW
2023-07-13 10:28:00,97.39,97.535,97.38,97.535,2292.0,CHRW
2023-07-13 10:27:00,97.345,97.36,97.32,97.36,1018.0,CHRW
2023-07-13 10:26:00,97.3,97.31,97.3,97.31,498.0,CHRW
2023-07-13 10:25:00,97.28,97.31,97.24,97.31,830.0,CHRW
2023-07-13 10:23:00,97.25,97.25,97.25,97.25,425.0,CHRW
2023-07-13 10:22:00,97.34,97.34,97.3,97.3,1001.0,CHRW
2023-07-13 10:21:00,97.285,97.34,97.24,97.325,3029.0,CHRW
2023-07-13 10:20:00,97.3,97.3,97.3,97.3,691.0,CHRW
2023-07-13 10:19:00,97.372,97.372,97.372,97.372,397.0,CHRW
2023-07-13 10:18:00,97.36,97.36,97.29,97.36,1012.0,CHRW
2023-07-13 10:17:00,97.42,97.42,97.32,97.41,823.0,CHRW
2023-07-13 10:16:00,97.49,97.49,97.45,97.45,827.0,CHRW
2023-07-13 10:15:00,97.501,97.501,97.49,97.49,561.0,CHRW
2023-07-13 10:14:00,97.535,97.535,97.535,97.535,491.0,CHRW
2023-07-13 10:13:00,97.56,97.627,97.53,97.6,2126.0,CHRW
2023-07-13 10:12:00,97.48,97.54,97.48,97.53,1418.0,CHRW
2023-07-13 10:11:00,97.36,97.45,97.36,97.45,821.0,CHRW
2023-07-13 10:10:00,97.45,97.45,97.35,97.39,783.0,CHRW
2023-07-13 10:09:00,97.45,97.45,97.45,97.45,259.0,CHRW
2023-07-13 10:08:00,97.55,97.56,97.495,97.495,1287.0,CHRW
2023-07-13 10:07:00,97.535,97.6,97.535,97.6,936.0,CHRW
2023-07-13 10:05:00,97.6,97.64,97.49,97.49,2049.0,CHRW
2023-07-13 10:04:00,97.525,97.59,97.48,97.59,1557.0,CHRW
2023-07-13 10:03:00,97.6,97.6,97.46,97.46,1213.0,CHRW
2023-07-13 10:02:00,97.58,97.58,97.47,97.55,1813.0,CHRW
2023-07-13 10:01:00,97.57,97.625,97.495,97.495,1591.0,CHRW
2023-07-13 10:00:00,97.61,97.67,97.5,97.52,3618.0,CHRW
2023-07-13 09:59:00,97.71,97.71,97.62,97.62,676.0,CHRW
2023-07-13 09:58:00,97.75,97.75,97.67,97.67,784.0,CHRW
2023-07-13 09:57:00,97.75,97.75,97.748,97.747,400.0,CHRW
2023-07-13 09:56:00,97.78,97.8,97.745,97.745,1063.0,CHRW
2023-07-13 09:55:00,97.71,97.71,97.71,97.71,508.0,CHRW
2023-07-13 09:54:00,97.77,97.83,97.77,97.79,2194.0,CHRW
2023-07-13 09:53:00,97.77,97.86,97.725,97.725,11537.0,CHRW
2023-07-13 09:52:00,97.77,97.77,97.77,97.77,420.0,CHRW
2023-07-13 09:50:00,97.867,97.867,97.867,97.867,520.0,CHRW
2023-07-13 09:49:00,97.79,97.79,97.79,97.79,361.0,CHRW
2023-07-13 09:47:00,97.57,97.77,97.57,97.69,1783.0,CHRW
2023-07-13 09:46:00,97.59,97.59,97.57,97.59,1815.0,CHRW
2023-07-13 09:45:00,97.68,97.68,97.68,97.68,284.0,CHRW
2023-07-13 09:44:00,97.61,97.67,97.6,97.604,1027.0,CHRW
2023-07-13 09:43:00,97.63,97.63,97.57,97.58,1838.0,CHRW
2023-07-13 09:42:00,97.685,97.685,97.685,97.685,419.0,CHRW
2023-07-13 09:41:00,97.77,97.85,97.77,97.82,1876.0,CHRW
2023-07-13 09:38:00,97.77,97.78,97.77,97.78,553.0,CHRW
2023-07-13 09:37:00,97.78,97.83,97.763,97.81,934.0,CHRW
2023-07-13 09:36:00,97.99,97.99,97.705,97.78,2180.0,CHRW
2023-07-13 09:35:00,97.79,97.79,97.79,97.79,313.0,CHRW
2023-07-13 09:34:00,97.78,97.83,97.77,97.79,1425.0,CHRW
2023-07-13 09:32:00,97.59,97.59,97.59,97.59,647.0,CHRW
2023-07-13 09:31:00,97.775,97.775,97.775,97.775,517.0,CHRW
2023-07-13 09:30:00,97.8,97.8,97.48,97.59,12801.0,CHRW
2023-07-13 08:52:00,97.64,97.64,97.64,97.64,1.0,CHRW
2023-07-13 07:37:00,97.94,98.04,97.84,97.99,4.0,CHRW
2023-07-13 05:01:00,97.38,97.58,97.38,97.58,3.0,CHRW
2023-07-12 17:18:00,97.64,97.64,97.64,97.64,338.0,CHRW
2023-07-12 16:44:00,97.64,97.64,97.64,97.64,687.0,CHRW
2023-07-12 16:17:00,98.4,98.4,98.4,98.4,4.0,CHRW
2023-07-12 16:05:00,97.63,97.64,97.63,97.64,20841.0,CHRW
2023-07-12 16:02:00,97.64,97.64,97.64,97.64,3338.0,CHRW
2023-07-12 16:01:00,97.64,97.64,97.64,97.64,6271.0,CHRW
2023-07-12 16:00:00,97.68,97.68,97.64,97.64,522048.0,CHRW
2023-07-12 15:59:00,97.69,97.73,97.6,97.68,50710.0,CHRW
2023-07-12 15:58:00,97.71,97.73,97.69,97.69,13247.0,CHRW
2023-07-12 15:57:00,97.79,97.79,97.72,97.72,5272.0,CHRW
2023-07-12 15:56:00,97.715,97.81,97.715,97.8,12185.0,CHRW
2023-07-12 15:55:00,97.715,97.74,97.67,97.72,9479.0,CHRW
2023-07-12 15:54:00,97.73,97.74,97.69,97.73,9907.0,CHRW
2023-07-12 15:53:00,97.7,97.715,97.67,97.71,6404.0,CHRW
2023-07-12 15:52:00,97.74,97.74,97.68,97.7,5110.0,CHRW
2023-07-12 15:51:00,97.715,97.73,97.69,97.73,5614.0,CHRW
2023-07-12 15:50:00,97.65,97.74,97.6,97.73,12271.0,CHRW
2023-07-12 15:49:00,97.74,97.75,97.7,97.7,1335.0,CHRW
2023-07-12 15:48:00,97.8,97.809,97.77,97.77,2859.0,CHRW
2023-07-12 15:47:00,97.81,97.83,97.775,97.8,1315.0,CHRW
2023-07-12 15:46:00,97.88,97.88,97.81,97.83,4229.0,CHRW
2023-07-12 15:45:00,97.9,97.92,97.89,97.9,3504.0,CHRW
2023-07-12 15:44:00,97.76,97.9,97.76,97.9,4526.0,CHRW
2023-07-12 15:43:00,97.75,97.759,97.71,97.759,3319.0,CHRW
2023-07-12 15:42:00,97.79,97.8,97.76,97.78,4053.0,CHRW
2023-07-12 15:41:00,97.76,97.8,97.76,97.795,5456.0,CHRW
2023-07-12 15:40:00,97.72,97.75,97.7,97.75,5490.0,CHRW
2023-07-12 15:39:00,97.73,97.73,97.7,97.72,3753.0,CHRW
2023-07-12 15:38:00,97.75,97.75,97.72,97.72,2956.0,CHRW
2023-07-12 15:37:00,97.749,97.75,97.734,97.735,1510.0,CHRW
2023-07-12 15:36:00,97.75,97.75,97.71,97.715,2677.0,CHRW
2023-07-12 15:35:00,97.7,97.77,97.7,97.77,1593.0,CHRW
2023-07-12 15:34:00,97.71,97.71,97.69,97.69,737.0,CHRW
2023-07-12 15:33:00,97.69,97.71,97.69,97.71,1448.0,CHRW
2023-07-12 15:32:00,97.65,97.719,97.65,97.71,1844.0,CHRW
2023-07-12 15:31:00,97.61,97.65,97.6,97.63,3748.0,CHRW
2023-07-12 15:30:00,97.62,97.62,97.62,97.62,456.0,CHRW
2023-07-12 15:29:00,97.58,97.605,97.58,97.605,1131.0,CHRW
2023-07-12 15:28:00,97.59,97.62,97.56,97.58,2357.0,CHRW
2023-07-12 15:27:00,97.61,97.61,97.6,97.61,1125.0,CHRW
2023-07-12 15:26:00,97.525,97.57,97.52,97.57,2819.0,CHRW
2023-07-12 15:25:00,97.5,97.53,97.45,97.53,2873.0,CHRW
2023-07-12 15:24:00,97.58,97.58,97.525,97.55,2012.0,CHRW
2023-07-12 15:23:00,97.54,97.58,97.5,97.58,3846.0,CHRW
2023-07-12 15:22:00,97.59,97.59,97.55,97.55,1809.0,CHRW
2023-07-12 15:21:00,97.65,97.668,97.605,97.605,2328.0,CHRW
2023-07-12 15:20:00,97.63,97.649,97.59,97.649,3830.0,CHRW
2023-07-12 15:19:00,97.685,97.685,97.64,97.645,2179.0,CHRW
2023-07-12 15:18:00,97.68,97.68,97.68,97.68,401.0,CHRW
2023-07-12 15:17:00,97.7,97.7,97.67,97.685,1529.0,CHRW
2023-07-12 15:16:00,97.69,97.71,97.67,97.71,2686.0,CHRW
2023-07-12 15:15:00,97.67,97.69,97.67,97.69,2004.0,CHRW
2023-07-12 15:14:00,97.65,97.66,97.65,97.66,1513.0,CHRW
2023-07-12 15:13:00,97.64,97.655,97.64,97.65,1038.0,CHRW
2023-07-12 15:12:00,97.655,97.655,97.655,97.655,199.0,CHRW
2023-07-12 15:11:00,97.66,97.66,97.65,97.65,1156.0,CHRW
2023-07-12 15:10:00,97.68,97.68,97.65,97.65,1008.0,CHRW
2023-07-12 15:09:00,97.65,97.65,97.65,97.65,1216.0,CHRW
2023-07-12 15:08:00,97.61,97.64,97.61,97.64,1637.0,CHRW
2023-07-12 15:07:00,97.66,97.67,97.62,97.62,3202.0,CHRW
2023-07-12 15:05:00,97.63,97.65,97.61,97.65,2608.0,CHRW
2023-07-12 15:04:00,97.64,97.64,97.64,97.64,517.0,CHRW
2023-07-12 15:03:00,97.64,97.64,97.64,97.64,229.0,CHRW
2023-07-12 15:02:00,97.66,97.66,97.63,97.63,1911.0,CHRW
2023-07-12 15:00:00,97.655,97.71,97.655,97.7,2803.0,CHRW
2023-07-12 14:59:00,97.68,97.68,97.65,97.65,1080.0,CHRW
2023-07-12 14:58:00,97.69,97.7,97.68,97.68,1981.0,CHRW
2023-07-12 14:57:00,97.75,97.75,97.69,97.69,897.0,CHRW
2023-07-12 14:56:00,97.745,97.765,97.745,97.765,770.0,CHRW
2023-07-12 14:55:00,97.75,97.75,97.715,97.715,520.0,CHRW
2023-07-12 14:54:00,97.79,97.79,97.79,97.79,453.0,CHRW
2023-07-12 14:53:00,97.82,97.83,97.82,97.83,1298.0,CHRW
2023-07-12 14:51:00,97.7,97.73,97.695,97.73,3174.0,CHRW
2023-07-12 14:50:00,97.73,97.73,97.7,97.7,951.0,CHRW
2023-07-12 14:49:00,97.79,97.79,97.75,97.75,1063.0,CHRW
2023-07-12 14:48:00,97.81,97.81,97.79,97.79,1089.0,CHRW
2023-07-12 14:46:00,97.85,97.85,97.83,97.83,781.0,CHRW
2023-07-12 14:45:00,97.9,97.92,97.89,97.89,975.0,CHRW
2023-07-12 14:44:00,97.895,97.92,97.895,97.91,1980.0,CHRW
2023-07-12 14:43:00,97.88,97.9,97.88,97.9,826.0,CHRW
2023-07-12 14:42:00,97.83,97.87,97.83,97.87,2308.0,CHRW
2023-07-12 14:41:00,97.83,97.83,97.81,97.81,1083.0,CHRW
2023-07-12 14:40:00,97.87,97.87,97.81,97.81,1406.0,CHRW
2023-07-12 14:39:00,97.9,97.91,97.9,97.9,1542.0,CHRW
2023-07-12 14:38:00,97.885,97.89,97.88,97.89,1709.0,CHRW
2023-07-12 14:36:00,97.86,97.88,97.86,97.88,2181.0,CHRW
2023-07-12 14:35:00,97.951,97.951,97.905,97.91,981.0,CHRW
2023-07-12 14:34:00,97.98,97.98,97.98,97.98,268.0,CHRW
2023-07-12 14:33:00,98.02,98.02,98.02,98.02,251.0,CHRW
2023-07-12 14:32:00,98.05,98.05,98.05,98.05,246.0,CHRW
2023-07-12 14:31:00,98.05,98.05,98.05,98.05,799.0,CHRW
2023-07-12 14:30:00,98.04,98.05,98.04,98.045,1705.0,CHRW
2023-07-12 14:29:00,98.05,98.07,98.05,98.05,1148.0,CHRW
2023-07-12 14:28:00,98.1,98.1,98.08,98.08,932.0,CHRW
2023-07-12 14:27:00,98.135,98.135,98.135,98.135,149.0,CHRW
2023-07-12 14:26:00,98.151,98.151,98.151,98.151,484.0,CHRW
2023-07-12 14:25:00,98.16,98.17,98.16,98.16,1049.0,CHRW
2023-07-12 14:24:00,98.14,98.16,98.14,98.15,1684.0,CHRW
2023-07-12 14:23:00,98.14,98.169,98.14,98.169,970.0,CHRW
2023-07-12 14:21:00,98.13,98.16,98.13,98.16,1952.0,CHRW
2023-07-12 14:20:00,98.11,98.11,98.11,98.11,423.0,CHRW
2023-07-12 14:19:00,98.105,98.12,98.105,98.12,1198.0,CHRW
2023-07-12 14:18:00,98.13,98.13,98.11,98.11,677.0,CHRW
2023-07-12 14:17:00,98.153,98.152,98.153,98.152,437.0,CHRW
2023-07-12 14:16:00,98.16,98.16,98.14,98.14,383.0,CHRW
2023-07-12 14:14:00,98.18,98.18,98.18,98.18,480.0,CHRW
2023-07-12 14:13:00,98.15,98.17,98.15,98.17,1344.0,CHRW
2023-07-12 14:12:00,98.09,98.09,98.09,98.09,1336.0,CHRW
2023-07-12 14:10:00,98.06,98.07,98.06,98.07,941.0,CHRW
2023-07-12 14:09:00,98.03,98.03,98.01,98.03,798.0,CHRW
2023-07-12 14:08:00,98.03,98.05,98.02,98.05,2027.0,CHRW
2023-07-12 14:06:00,98.04,98.04,98.04,98.04,696.0,CHRW
2023-07-12 14:05:00,98.06,98.06,98.04,98.04,1225.0,CHRW
2023-07-12 14:03:00,98.03,98.055,98.03,98.055,1143.0,CHRW
2023-07-12 14:02:00,98.02,98.02,98.02,98.02,192.0,CHRW
2023-07-12 14:01:00,98.075,98.075,97.986,97.986,1728.0,CHRW
2023-07-12 14:00:00,98.11,98.11,98.08,98.08,997.0,CHRW
2023-07-12 13:58:00,98.04,98.04,98.04,98.04,398.0,CHRW
2023-07-12 13:57:00,98.07,98.07,98.03,98.03,1098.0,CHRW
2023-07-12 13:56:00,98.06,98.1,98.06,98.1,369.0,CHRW
2023-07-12 13:54:00,97.97,98.02,97.97,98.02,1443.0,CHRW
2023-07-12 13:53:00,97.94,97.97,97.94,97.97,779.0,CHRW
2023-07-12 13:52:00,97.932,97.932,97.932,97.932,136.0,CHRW
2023-07-12 13:50:00,97.95,97.95,97.95,97.95,1040.0,CHRW
2023-07-12 13:49:00,97.93,97.96,97.93,97.96,718.0,CHRW
2023-07-12 13:46:00,97.9,97.91,97.9,97.91,797.0,CHRW
2023-07-12 13:45:00,97.9,97.9,97.885,97.885,500.0,CHRW
2023-07-12 13:44:00,97.87,97.91,97.87,97.91,1261.0,CHRW
2023-07-12 13:43:00,97.86,97.86,97.85,97.85,880.0,CHRW
2023-07-12 13:39:00,97.82,97.82,97.82,97.82,509.0,CHRW
2023-07-12 13:38:00,97.73,97.8,97.73,97.8,2452.0,CHRW
2023-07-12 13:35:00,97.7,97.72,97.7,97.705,623.0,CHRW
2023-07-12 13:33:00,97.7,97.73,97.7,97.73,1429.0,CHRW
2023-07-12 13:32:00,97.7,97.7,97.7,97.7,148.0,CHRW
2023-07-12 13:31:00,97.695,97.695,97.68,97.68,266.0,CHRW
2023-07-12 13:30:00,97.66,97.71,97.66,97.7,1542.0,CHRW
2023-07-12 13:29:00,97.69,97.69,97.69,97.69,390.0,CHRW
2023-07-12 13:27:00,97.75,97.75,97.74,97.74,767.0,CHRW
2023-07-12 13:26:00,97.75,97.78,97.74,97.78,1873.0,CHRW
2023-07-12 13:25:00,97.73,97.75,97.73,97.75,1415.0,CHRW
2023-07-12 13:23:00,97.75,97.75,97.73,97.73,682.0,CHRW
2023-07-12 13:22:00,97.76,97.76,97.76,97.76,647.0,CHRW
2023-07-12 13:19:00,97.72,97.76,97.72,97.76,978.0,CHRW
2023-07-12 13:18:00,97.77,97.77,97.7,97.7,1117.0,CHRW
2023-07-12 13:16:00,97.73,97.76,97.72,97.76,1128.0,CHRW
2023-07-12 13:15:00,97.71,97.75,97.71,97.74,1140.0,CHRW
2023-07-12 13:14:00,97.63,97.67,97.63,97.67,1243.0,CHRW
2023-07-12 13:12:00,97.665,97.665,97.665,97.665,871.0,CHRW
2023-07-12 13:11:00,97.71,97.715,97.7,97.71,1939.0,CHRW
2023-07-12 13:10:00,97.63,97.67,97.63,97.67,2137.0,CHRW
2023-07-12 13:08:00,97.6,97.6,97.6,97.6,388.0,CHRW
2023-07-12 13:07:00,97.53,97.58,97.53,97.58,2010.0,CHRW
2023-07-12 13:06:00,97.56,97.56,97.52,97.52,1428.0,CHRW
2023-07-12 13:05:00,97.53,97.57,97.53,97.57,2092.0,CHRW
2023-07-12 13:04:00,97.51,97.55,97.475,97.475,345.0,CHRW
2023-07-12 13:01:00,97.55,97.55,97.55,97.55,989.0,CHRW
2023-07-12 13:00:00,97.54,97.54,97.54,97.54,428.0,CHRW
2023-07-12 12:59:00,97.49,97.49,97.49,97.49,547.0,CHRW
2023-07-12 12:58:00,97.54,97.54,97.54,97.54,362.0,CHRW
2023-07-12 12:57:00,97.59,97.595,97.55,97.56,1643.0,CHRW
2023-07-12 12:55:00,97.58,97.64,97.58,97.64,1201.0,CHRW
2023-07-12 12:54:00,97.5,97.53,97.49,97.53,1249.0,CHRW
2023-07-12 12:53:00,97.515,97.515,97.515,97.515,176.0,CHRW
2023-07-12 12:52:00,97.38,97.49,97.38,97.49,2565.0,CHRW
2023-07-12 12:51:00,97.33,97.38,97.33,97.38,530.0,CHRW
2023-07-12 12:50:00,97.38,97.38,97.33,97.33,812.0,CHRW
2023-07-12 12:49:00,97.35,97.395,97.35,97.38,2016.0,CHRW
2023-07-12 12:48:00,97.31,97.33,97.31,97.33,1125.0,CHRW
2023-07-12 12:47:00,97.26,97.26,97.26,97.26,339.0,CHRW
2023-07-12 12:46:00,97.27,97.27,97.27,97.27,113.0,CHRW
2023-07-12 12:44:00,97.38,97.38,97.33,97.33,797.0,CHRW
2023-07-12 12:42:00,97.34,97.37,97.34,97.37,1043.0,CHRW
2023-07-12 12:40:00,97.315,97.34,97.315,97.34,714.0,CHRW
2023-07-12 12:39:00,97.23,97.315,97.225,97.29,4407.0,CHRW
2023-07-12 12:38:00,97.2,97.2,97.2,97.2,272.0,CHRW
2023-07-12 12:37:00,97.21,97.25,97.21,97.22,2523.0,CHRW
2023-07-12 12:35:00,97.23,97.24,97.23,97.23,961.0,CHRW
2023-07-12 12:34:00,97.2,97.22,97.2,97.22,377.0,CHRW
2023-07-12 12:33:00,97.26,97.26,97.2,97.2,658.0,CHRW
2023-07-12 12:32:00,97.24,97.27,97.24,97.27,1034.0,CHRW
2023-07-12 12:31:00,97.24,97.24,97.22,97.22,1394.0,CHRW
2023-07-12 12:30:00,97.23,97.26,97.23,97.26,867.0,CHRW
2023-07-12 12:28:00,97.17,97.24,97.17,97.24,1849.0,CHRW
2023-07-12 12:27:00,97.15,97.15,97.15,97.15,1013.0,CHRW
2023-07-12 12:26:00,97.21,97.21,97.1,97.1,941.0,CHRW
2023-07-12 12:25:00,97.24,97.24,97.22,97.22,720.0,CHRW
2023-07-12 12:24:00,97.24,97.24,97.24,97.24,229.0,CHRW
2023-07-12 12:23:00,97.25,97.275,97.25,97.275,1320.0,CHRW
2023-07-12 12:22:00,97.22,97.22,97.22,97.22,212.0,CHRW
2023-07-12 12:21:00,97.2,97.26,97.155,97.23,2874.0,CHRW
2023-07-12 12:20:00,97.2,97.2,97.2,97.2,530.0,CHRW
2023-07-12 12:19:00,97.215,97.215,97.215,97.215,376.0,CHRW
2023-07-12 12:18:00,97.22,97.22,97.22,97.22,1330.0,CHRW
2023-07-12 12:17:00,97.245,97.28,97.24,97.24,1770.0,CHRW
2023-07-12 12:16:00,97.25,97.25,97.2,97.2,602.0,CHRW
2023-07-12 12:15:00,97.34,97.355,97.33,97.33,699.0,CHRW
2023-07-12 12:13:00,97.27,97.31,97.27,97.31,753.0,CHRW
2023-07-12 12:12:00,97.225,97.27,97.225,97.25,1102.0,CHRW
2023-07-12 12:11:00,97.16,97.21,97.16,97.21,1175.0,CHRW
2023-07-12 12:10:00,97.12,97.12,97.12,97.12,362.0,CHRW
2023-07-12 12:09:00,97.15,97.15,97.15,97.15,412.0,CHRW
2023-07-12 12:08:00,97.18,97.18,97.13,97.13,751.0,CHRW
2023-07-12 12:07:00,97.13,97.19,97.125,97.19,3123.0,CHRW
2023-07-12 12:06:00,97.13,97.13,97.13,97.13,148.0,CHRW
2023-07-12 12:05:00,97.11,97.11,97.1,97.11,990.0,CHRW
2023-07-12 12:04:00,97.12,97.12,97.08,97.08,952.0,CHRW
2023-07-12 12:03:00,97.11,97.14,97.1,97.14,1419.0,CHRW
2023-07-12 12:02:00,97.11,97.115,97.11,97.11,1086.0,CHRW
2023-07-12 12:01:00,97.14,97.16,97.14,97.16,876.0,CHRW
2023-07-12 12:00:00,97.11,97.11,97.11,97.11,531.0,CHRW
2023-07-12 11:59:00,97.08,97.14,97.08,97.14,2467.0,CHRW
2023-07-12 11:58:00,97.15,97.15,97.1,97.12,3399.0,CHRW
2023-07-12 11:57:00,97.08,97.115,97.08,97.115,1510.0,CHRW
2023-07-12 11:56:00,97.12,97.15,97.03,97.05,2999.0,CHRW
2023-07-12 11:55:00,97.147,97.18,97.13,97.17,1665.0,CHRW
2023-07-12 11:54:00,97.08,97.14,97.08,97.14,3085.0,CHRW
2023-07-12 11:53:00,97.1,97.11,97.09,97.095,3321.0,CHRW
2023-07-12 11:52:00,97.13,97.14,97.1,97.1,684.0,CHRW
2023-07-12 11:51:00,97.24,97.24,97.18,97.18,706.0,CHRW
2023-07-12 11:50:00,97.25,97.272,97.25,97.272,752.0,CHRW
2023-07-12 11:49:00,97.23,97.23,97.23,97.23,155.0,CHRW
2023-07-12 11:48:00,97.3,97.3,97.29,97.29,757.0,CHRW
2023-07-12 11:47:00,97.28,97.29,97.26,97.26,824.0,CHRW
2023-07-12 11:46:00,97.31,97.31,97.31,97.31,424.0,CHRW
2023-07-12 11:45:00,97.25,97.29,97.25,97.29,866.0,CHRW
2023-07-12 11:44:00,97.29,97.305,97.28,97.28,1346.0,CHRW
2023-07-12 11:43:00,97.22,97.22,97.22,97.22,572.0,CHRW
2023-07-12 11:42:00,97.15,97.15,97.15,97.15,915.0,CHRW
2023-07-12 11:41:00,97.05,97.14,97.05,97.14,3177.0,CHRW
2023-07-12 11:40:00,97.08,97.08,97.04,97.04,851.0,CHRW
2023-07-12 11:39:00,97.31,97.31,97.24,97.24,906.0,CHRW
2023-07-12 11:37:00,97.31,97.36,97.28,97.36,976.0,CHRW
2023-07-12 11:34:00,97.49,97.49,97.42,97.42,1349.0,CHRW
2023-07-12 11:33:00,97.37,97.46,97.37,97.46,976.0,CHRW
2023-07-12 11:32:00,97.41,97.41,97.37,97.37,840.0,CHRW
2023-07-12 11:31:00,97.465,97.47,97.45,97.45,985.0,CHRW
2023-07-12 11:30:00,97.44,97.46,97.42,97.46,1391.0,CHRW
2023-07-12 11:29:00,97.44,97.5,97.44,97.49,3598.0,CHRW
2023-07-12 11:28:00,97.41,97.48,97.41,97.48,1645.0,CHRW
2023-07-12 11:27:00,97.41,97.41,97.41,97.41,386.0,CHRW
2023-07-12 11:26:00,97.49,97.51,97.47,97.509,2601.0,CHRW
2023-07-12 11:25:00,97.41,97.48,97.41,97.48,422.0,CHRW
2023-07-12 11:24:00,97.479,97.479,97.46,97.46,747.0,CHRW
2023-07-12 11:23:00,97.538,97.537,97.48,97.48,549.0,CHRW
2023-07-12 11:22:00,97.42,97.51,97.42,97.51,1330.0,CHRW
2023-07-12 11:21:00,97.25,97.35,97.25,97.35,2092.0,CHRW
2023-07-12 11:20:00,97.35,97.35,97.35,97.35,375.0,CHRW
2023-07-12 11:19:00,97.39,97.4,97.39,97.4,793.0,CHRW
2023-07-12 11:18:00,97.37,97.42,97.37,97.415,2173.0,CHRW
2023-07-12 11:17:00,97.32,97.37,97.32,97.34,1187.0,CHRW
2023-07-12 11:16:00,97.34,97.345,97.34,97.345,766.0,CHRW
2023-07-12 11:15:00,97.42,97.42,97.41,97.41,990.0,CHRW
2023-07-12 11:14:00,97.415,97.445,97.415,97.445,230.0,CHRW
2023-07-12 11:13:00,97.45,97.45,97.45,97.45,169.0,CHRW
2023-07-12 11:12:00,97.42,97.45,97.42,97.45,750.0,CHRW
2023-07-12 11:11:00,97.3,97.42,97.3,97.4,2331.0,CHRW
2023-07-12 11:10:00,97.32,97.32,97.235,97.28,2071.0,CHRW
2023-07-12 11:08:00,97.305,97.33,97.285,97.32,1352.0,CHRW
2023-07-12 11:06:00,97.462,97.462,97.35,97.35,1156.0,CHRW
2023-07-12 11:05:00,97.46,97.48,97.45,97.46,1913.0,CHRW
2023-07-12 11:04:00,97.43,97.43,97.4,97.43,942.0,CHRW
2023-07-12 11:03:00,97.47,97.47,97.47,97.47,426.0,CHRW
2023-07-12 11:02:00,97.48,97.48,97.48,97.48,912.0,CHRW
2023-07-12 11:01:00,97.45,97.49,97.45,97.49,807.0,CHRW
2023-07-12 11:00:00,97.4,97.46,97.4,97.46,1273.0,CHRW
2023-07-12 10:59:00,97.415,97.415,97.415,97.415,455.0,CHRW
2023-07-12 10:58:00,97.39,97.45,97.39,97.39,1864.0,CHRW
2023-07-12 10:57:00,97.435,97.44,97.42,97.42,1775.0,CHRW
2023-07-12 10:56:00,97.47,97.48,97.395,97.44,3001.0,CHRW
2023-07-12 10:55:00,97.5,97.5,97.45,97.45,1055.0,CHRW
2023-07-12 10:54:00,97.51,97.51,97.51,97.51,738.0,CHRW
2023-07-12 10:53:00,97.57,97.572,97.57,97.572,1144.0,CHRW
2023-07-12 10:52:00,97.63,97.63,97.55,97.55,1343.0,CHRW
2023-07-12 10:49:00,97.48,97.64,97.48,97.61,5066.0,CHRW
2023-07-12 10:48:00,97.48,97.48,97.424,97.46,1097.0,CHRW
2023-07-12 10:46:00,97.45,97.5,97.45,97.5,1065.0,CHRW
2023-07-12 10:45:00,97.62,97.62,97.45,97.45,3083.0,CHRW
2023-07-12 10:44:00,97.57,97.57,97.56,97.56,571.0,CHRW
2023-07-12 10:43:00,97.63,97.64,97.63,97.63,612.0,CHRW
2023-07-12 10:42:00,97.68,97.68,97.65,97.65,836.0,CHRW
2023-07-12 10:41:00,97.72,97.72,97.71,97.71,591.0,CHRW
2023-07-12 10:40:00,97.76,97.76,97.72,97.73,1956.0,CHRW
2023-07-12 10:39:00,97.79,97.79,97.79,97.79,405.0,CHRW
2023-07-12 10:37:00,97.745,97.82,97.745,97.82,1095.0,CHRW
2023-07-12 10:36:00,97.825,97.84,97.73,97.73,1192.0,CHRW
2023-07-12 10:35:00,97.9,97.9,97.9,97.9,299.0,CHRW
2023-07-12 10:34:00,97.88,97.93,97.88,97.91,1332.0,CHRW
2023-07-12 10:33:00,97.88,97.88,97.85,97.85,610.0,CHRW
2023-07-12 10:32:00,97.785,97.89,97.785,97.89,1665.0,CHRW
2023-07-12 10:31:00,97.86,97.86,97.8,97.8,501.0,CHRW
2023-07-12 10:30:00,97.84,97.9,97.84,97.86,2229.0,CHRW
2023-07-12 10:29:00,97.83,97.83,97.83,97.83,655.0,CHRW
2023-07-12 10:28:00,97.82,97.83,97.82,97.83,1174.0,CHRW
2023-07-12 10:27:00,97.73,97.81,97.73,97.79,1713.0,CHRW
2023-07-12 10:26:00,97.66,97.71,97.66,97.71,814.0,CHRW
2023-07-12 10:25:00,97.77,97.77,97.7,97.717,955.0,CHRW
2023-07-12 10:24:00,97.62,97.8,97.62,97.755,3811.0,CHRW
2023-07-12 10:23:00,97.64,97.66,97.62,97.66,1080.0,CHRW
2023-07-12 10:22:00,97.71,97.75,97.7,97.7,1800.0,CHRW
2023-07-12 10:21:00,97.7,97.7,97.7,97.7,404.0,CHRW
2023-07-12 10:20:00,97.66,97.752,97.66,97.752,4150.0,CHRW
2023-07-12 10:19:00,97.69,97.707,97.67,97.67,599.0,CHRW
2023-07-12 10:18:00,97.86,97.86,97.73,97.73,2172.0,CHRW
2023-07-12 10:17:00,97.88,97.88,97.74,97.84,3319.0,CHRW
2023-07-12 10:16:00,97.975,97.99,97.86,97.9,1667.0,CHRW
2023-07-12 10:15:00,98.0,98.0,98.0,98.0,485.0,CHRW
2023-07-12 10:14:00,98.14,98.14,98.03,98.04,1911.0,CHRW
2023-07-12 10:13:00,97.92,98.11,97.92,98.11,3980.0,CHRW
2023-07-12 10:12:00,97.92,97.925,97.92,97.925,288.0,CHRW
2023-07-12 10:11:00,97.92,97.93,97.9,97.93,1911.0,CHRW
2023-07-12 10:10:00,97.93,97.96,97.87,97.96,4144.0,CHRW
2023-07-12 10:09:00,98.025,98.025,97.97,97.97,1569.0,CHRW
2023-07-12 10:08:00,97.965,98.06,97.92,98.06,5159.0,CHRW
2023-07-12 10:07:00,97.955,97.99,97.92,97.96,3053.0,CHRW
2023-07-12 10:06:00,97.95,98.06,97.94,97.965,5440.0,CHRW
2023-07-12 10:05:00,98.08,98.08,97.95,98.02,2922.0,CHRW
2023-07-12 10:04:00,98.13,98.13,98.06,98.06,1644.0,CHRW
2023-07-12 10:03:00,98.045,98.16,98.045,98.14,2848.0,CHRW
2023-07-12 10:02:00,98.24,98.24,98.08,98.08,1648.0,CHRW
2023-07-12 10:01:00,98.29,98.29,98.29,98.29,213.0,CHRW
2023-07-12 10:00:00,98.32,98.32,98.24,98.27,2342.0,CHRW
2023-07-12 09:59:00,98.25,98.27,98.22,98.27,3146.0,CHRW
2023-07-12 09:58:00,98.25,98.25,98.25,98.25,781.0,CHRW
2023-07-12 09:56:00,98.32,98.39,98.32,98.39,911.0,CHRW
2023-07-12 09:53:00,98.66,98.73,98.52,98.52,3085.0,CHRW
2023-07-12 09:52:00,98.595,98.595,98.565,98.59,640.0,CHRW
2023-07-12 09:51:00,98.49,98.63,98.49,98.63,3503.0,CHRW
2023-07-12 09:50:00,98.42,98.44,98.35,98.35,680.0,CHRW
2023-07-12 09:49:00,98.663,98.662,98.39,98.39,912.0,CHRW
2023-07-12 09:48:00,98.67,98.67,98.665,98.665,660.0,CHRW
2023-07-12 09:47:00,98.505,98.62,98.39,98.585,6799.0,CHRW
2023-07-12 09:46:00,98.59,98.59,98.36,98.485,2690.0,CHRW
2023-07-12 09:45:00,98.59,98.59,98.59,98.59,348.0,CHRW
2023-07-12 09:44:00,98.69,98.7,98.69,98.7,246.0,CHRW
2023-07-12 09:43:00,98.46,98.57,98.46,98.57,663.0,CHRW
2023-07-12 09:42:00,98.47,98.47,98.47,98.47,130.0,CHRW
2023-07-12 09:41:00,98.335,98.47,98.33,98.43,1386.0,CHRW
2023-07-12 09:40:00,98.25,98.29,98.25,98.265,809.0,CHRW
2023-07-12 09:39:00,98.17,98.3,98.17,98.19,3098.0,CHRW
2023-07-12 09:38:00,98.315,98.315,98.18,98.25,637.0,CHRW
2023-07-12 09:37:00,98.77,98.77,98.44,98.44,1334.0,CHRW
2023-07-12 09:36:00,98.92,98.92,98.76,98.82,1066.0,CHRW
2023-07-12 09:35:00,98.89,99.03,98.79,98.87,5504.0,CHRW
2023-07-12 09:34:00,98.71,98.97,98.63,98.92,2367.0,CHRW
2023-07-12 09:33:00,99.09,99.1,99.09,99.1,1372.0,CHRW
2023-07-12 09:32:00,98.96,99.09,98.96,99.09,676.0,CHRW
2023-07-12 09:31:00,98.91,99.085,98.91,99.085,1132.0,CHRW
2023-07-12 09:30:00,99.15,99.15,98.84,98.87,11257.0,CHRW
2023-07-12 09:29:00,99.0,99.13,99.0,99.13,52.0,CHRW
2023-07-12 09:28:00,99.0,99.0,99.0,99.0,5.0,CHRW
2023-07-12 09:25:00,99.0,99.71,99.0,99.53,13.0,CHRW
2023-07-12 09:14:00,98.9,98.91,98.9,98.91,4.0,CHRW
2023-07-12 08:45:00,98.2,98.5,98.2,98.5,2.0,CHRW
2023-07-12 08:41:00,98.9,98.9,98.9,98.9,1.0,CHRW
2023-07-12 08:30:00,98.24,98.53,98.24,98.53,50.0,CHRW
2023-07-12 08:02:00,98.21,98.21,98.21,98.21,1.0,CHRW
2023-07-11 16:17:00,98.21,98.21,98.21,98.21,14.0,CHRW
2023-07-11 16:05:00,98.21,98.21,98.21,98.21,51.0,CHRW
2023-07-11 16:04:00,97.58,97.58,97.58,97.58,1.0,CHRW
2023-07-11 16:01:00,98.21,98.21,98.21,98.21,2459.0,CHRW
2023-07-11 16:00:00,98.2,98.23,98.2,98.21,217354.0,CHRW
2023-07-11 15:59:00,98.255,98.29,98.23,98.23,17733.0,CHRW
2023-07-11 15:58:00,98.25,98.28,98.25,98.26,15002.0,CHRW
2023-07-11 15:57:00,98.21,98.26,98.21,98.24,9727.0,CHRW
2023-07-11 15:56:00,98.169,98.205,98.145,98.205,7820.0,CHRW
2023-07-11 15:55:00,98.13,98.16,98.09,98.16,13168.0,CHRW
2023-07-11 15:54:00,98.3,98.3,98.15,98.15,10808.0,CHRW
2023-07-11 15:53:00,98.23,98.3,98.23,98.285,7879.0,CHRW
2023-07-11 15:52:00,98.23,98.25,98.225,98.225,3330.0,CHRW
2023-07-11 15:51:00,98.27,98.27,98.2,98.215,7807.0,CHRW
2023-07-11 15:50:00,98.28,98.33,98.24,98.29,5246.0,CHRW
2023-07-11 15:49:00,98.11,98.27,98.11,98.27,10147.0,CHRW
2023-07-11 15:48:00,98.14,98.145,98.11,98.11,4422.0,CHRW
2023-07-11 15:47:00,98.11,98.16,98.11,98.155,3247.0,CHRW
2023-07-11 15:46:00,98.08,98.13,98.07,98.13,2148.0,CHRW
2023-07-11 15:45:00,98.01,98.06,98.01,98.06,2789.0,CHRW
2023-07-11 15:44:00,98.01,98.02,98.0,98.02,2244.0,CHRW
2023-07-11 15:43:00,97.97,98.02,97.97,98.02,2145.0,CHRW
2023-07-11 15:42:00,97.93,97.96,97.915,97.96,2049.0,CHRW
2023-07-11 15:41:00,97.88,97.91,97.88,97.91,1217.0,CHRW
2023-07-11 15:40:00,97.85,97.87,97.85,97.87,874.0,CHRW
2023-07-11 15:39:00,97.87,97.905,97.84,97.84,3063.0,CHRW
2023-07-11 15:38:00,97.86,97.86,97.85,97.85,1344.0,CHRW
2023-07-11 15:37:00,97.85,97.86,97.85,97.85,660.0,CHRW
2023-07-11 15:36:00,97.86,97.86,97.84,97.84,1705.0,CHRW
2023-07-11 15:35:00,97.86,97.88,97.83,97.83,1323.0,CHRW
2023-07-11 15:34:00,97.85,97.9,97.85,97.885,5080.0,CHRW
2023-07-11 15:33:00,97.824,97.85,97.8,97.85,2839.0,CHRW
2023-07-11 15:32:00,97.82,97.85,97.8,97.8,6556.0,CHRW
2023-07-11 15:31:00,97.805,97.82,97.78,97.82,1656.0,CHRW
2023-07-11 15:30:00,97.76,97.81,97.74,97.77,4948.0,CHRW
2023-07-11 15:29:00,97.762,97.77,97.755,97.77,1170.0,CHRW
2023-07-11 15:28:00,97.78,97.78,97.73,97.77,4049.0,CHRW
2023-07-11 15:27:00,97.85,97.85,97.79,97.79,2376.0,CHRW
2023-07-11 15:26:00,97.89,97.89,97.85,97.85,1164.0,CHRW
2023-07-11 15:25:00,97.96,97.96,97.89,97.89,1553.0,CHRW
2023-07-11 15:24:00,97.95,97.96,97.945,97.945,2098.0,CHRW
2023-07-11 15:23:00,97.95,97.95,97.95,97.95,333.0,CHRW
2023-07-11 15:22:00,97.915,97.94,97.915,97.935,2572.0,CHRW
2023-07-11 15:21:00,97.94,97.94,97.93,97.93,1099.0,CHRW
2023-07-11 15:20:00,97.99,97.99,97.99,97.99,1146.0,CHRW
2023-07-11 15:19:00,98.04,98.06,98.04,98.04,750.0,CHRW
2023-07-11 15:18:00,98.05,98.07,98.05,98.06,1548.0,CHRW
2023-07-11 15:17:00,98.115,98.115,97.99,98.0,8456.0,CHRW
2023-07-11 15:16:00,98.1,98.13,98.1,98.115,2886.0,CHRW
2023-07-11 15:15:00,98.095,98.11,98.095,98.11,1761.0,CHRW
2023-07-11 15:14:00,98.12,98.12,98.08,98.09,846.0,CHRW
2023-07-11 15:13:00,98.08,98.11,98.07,98.11,2668.0,CHRW
2023-07-11 15:12:00,98.06,98.07,98.06,98.065,898.0,CHRW
2023-07-11 15:11:00,98.055,98.06,98.055,98.06,273.0,CHRW
2023-07-11 15:10:00,98.09,98.09,98.065,98.065,686.0,CHRW
2023-07-11 15:09:00,98.06,98.08,98.06,98.08,1511.0,CHRW
2023-07-11 15:08:00,98.1,98.1,98.04,98.05,4213.0,CHRW
2023-07-11 15:07:00,98.1,98.115,98.08,98.1,11329.0,CHRW
2023-07-11 15:06:00,98.1,98.105,98.097,98.105,1509.0,CHRW
2023-07-11 15:05:00,98.1,98.1,98.1,98.1,1022.0,CHRW
2023-07-11 15:04:00,98.12,98.12,98.12,98.12,1102.0,CHRW
2023-07-11 15:03:00,98.08,98.11,98.08,98.11,2435.0,CHRW
2023-07-11 15:02:00,98.055,98.075,98.045,98.075,1696.0,CHRW
2023-07-11 15:01:00,98.06,98.06,98.06,98.06,293.0,CHRW
2023-07-11 15:00:00,98.065,98.07,98.05,98.055,2065.0,CHRW
2023-07-11 14:59:00,98.055,98.065,98.055,98.065,553.0,CHRW
2023-07-11 14:58:00,98.06,98.08,98.06,98.06,1867.0,CHRW
2023-07-11 14:57:00,98.06,98.07,98.06,98.07,734.0,CHRW
2023-07-11 14:56:00,98.04,98.04,98.04,98.04,1177.0,CHRW
2023-07-11 14:55:00,97.98,98.04,97.97,98.04,2326.0,CHRW
2023-07-11 14:54:00,97.98,97.98,97.97,97.98,644.0,CHRW
2023-07-11 14:53:00,97.93,97.98,97.925,97.98,2099.0,CHRW
2023-07-11 14:52:00,97.96,97.97,97.93,97.94,21981.0,CHRW
2023-07-11 14:51:00,97.94,97.97,97.94,97.96,4317.0,CHRW
2023-07-11 14:50:00,97.955,97.955,97.955,97.955,591.0,CHRW
2023-07-11 14:49:00,97.92,97.95,97.92,97.95,1719.0,CHRW
2023-07-11 14:48:00,97.89,97.89,97.89,97.89,997.0,CHRW
2023-07-11 14:47:00,97.9,97.9,97.9,97.9,804.0,CHRW
2023-07-11 14:46:00,97.9,97.9,97.86,97.86,604.0,CHRW
2023-07-11 14:45:00,97.87,97.895,97.87,97.88,2310.0,CHRW
2023-07-11 14:44:00,97.86,97.86,97.85,97.85,999.0,CHRW
2023-07-11 14:43:00,97.87,97.87,97.84,97.85,3024.0,CHRW
2023-07-11 14:41:00,97.89,97.9,97.87,97.87,1212.0,CHRW
2023-07-11 14:40:00,97.88,97.88,97.88,97.88,802.0,CHRW
2023-07-11 14:39:00,97.85,97.87,97.85,97.87,1400.0,CHRW
2023-07-11 14:38:00,97.87,97.87,97.855,97.855,1338.0,CHRW
2023-07-11 14:37:00,97.85,97.85,97.85,97.85,687.0,CHRW
2023-07-11 14:36:00,97.855,97.89,97.855,97.86,1317.0,CHRW
2023-07-11 14:35:00,97.825,97.87,97.825,97.86,2008.0,CHRW
2023-07-11 14:34:00,97.84,97.84,97.84,97.84,443.0,CHRW
2023-07-11 14:33:00,97.795,97.83,97.79,97.825,3964.0,CHRW
2023-07-11 14:32:00,97.8,97.81,97.8,97.8,1086.0,CHRW
2023-07-11 14:31:00,97.82,97.83,97.82,97.82,1968.0,CHRW
2023-07-11 14:30:00,97.8,97.805,97.8,97.805,627.0,CHRW
2023-07-11 14:29:00,97.8,97.815,97.8,97.8,783.0,CHRW
2023-07-11 14:28:00,97.8,97.805,97.8,97.805,646.0,CHRW
2023-07-11 14:27:00,97.81,97.81,97.81,97.81,783.0,CHRW
2023-07-11 14:26:00,97.8,97.8,97.8,97.8,466.0,CHRW
2023-07-11 14:25:00,97.775,97.79,97.775,97.79,1195.0,CHRW
2023-07-11 14:24:00,97.775,97.775,97.775,97.775,278.0,CHRW
2023-07-11 14:23:00,97.785,97.81,97.785,97.79,1278.0,CHRW
2023-07-11 14:22:00,97.79,97.81,97.79,97.81,541.0,CHRW
2023-07-11 14:21:00,97.805,97.805,97.78,97.79,1482.0,CHRW
2023-07-11 14:20:00,97.8,97.82,97.78,97.82,2116.0,CHRW
2023-07-11 14:19:00,97.82,97.82,97.8,97.8,308.0,CHRW
2023-07-11 14:18:00,97.795,97.83,97.795,97.83,720.0,CHRW
2023-07-11 14:17:00,97.78,97.8,97.78,97.8,1721.0,CHRW
2023-07-11 14:16:00,97.775,97.785,97.775,97.785,305.0,CHRW
2023-07-11 14:15:00,97.83,97.83,97.79,97.8,2065.0,CHRW
2023-07-11 14:14:00,97.83,97.835,97.83,97.835,616.0,CHRW
2023-07-11 14:13:00,97.81,97.81,97.76,97.81,4056.0,CHRW
2023-07-11 14:12:00,97.785,97.815,97.78,97.815,6435.0,CHRW
2023-07-11 14:11:00,97.78,97.78,97.725,97.78,5744.0,CHRW
2023-07-11 14:10:00,97.76,97.775,97.76,97.775,651.0,CHRW
2023-07-11 14:08:00,97.79,97.84,97.77,97.77,5184.0,CHRW
2023-07-11 14:07:00,97.745,97.79,97.745,97.79,1346.0,CHRW
2023-07-11 14:05:00,97.79,97.79,97.767,97.767,430.0,CHRW
2023-07-11 14:04:00,97.69,97.77,97.69,97.77,7004.0,CHRW
2023-07-11 14:03:00,97.7,97.7,97.7,97.7,1378.0,CHRW
2023-07-11 14:00:00,97.725,97.725,97.725,97.725,251.0,CHRW
2023-07-11 13:59:00,97.71,97.75,97.71,97.725,1781.0,CHRW
2023-07-11 13:58:00,97.685,97.695,97.685,97.695,634.0,CHRW
2023-07-11 13:57:00,97.68,97.69,97.675,97.685,2070.0,CHRW
2023-07-11 13:55:00,97.66,97.66,97.66,97.66,231.0,CHRW
2023-07-11 13:54:00,97.66,97.66,97.64,97.64,2760.0,CHRW
2023-07-11 13:53:00,97.65,97.67,97.65,97.66,1084.0,CHRW
2023-07-11 13:52:00,97.7,97.7,97.65,97.65,907.0,CHRW
2023-07-11 13:51:00,97.71,97.72,97.71,97.71,1539.0,CHRW
2023-07-11 13:50:00,97.64,97.7,97.63,97.7,2842.0,CHRW
2023-07-11 13:49:00,97.61,97.62,97.61,97.62,685.0,CHRW
2023-07-11 13:48:00,97.52,97.58,97.52,97.58,2081.0,CHRW
2023-07-11 13:47:00,97.5,97.5,97.48,97.48,1700.0,CHRW
2023-07-11 13:46:00,97.58,97.61,97.58,97.59,2459.0,CHRW
2023-07-11 13:45:00,97.58,97.58,97.57,97.58,1014.0,CHRW
2023-07-11 13:44:00,97.6,97.6,97.57,97.58,1045.0,CHRW
2023-07-11 13:43:00,97.58,97.61,97.57,97.6,2878.0,CHRW
2023-07-11 13:42:00,97.56,97.58,97.56,97.57,1413.0,CHRW
2023-07-11 13:41:00,97.59,97.59,97.56,97.56,919.0,CHRW
2023-07-11 13:40:00,97.61,97.61,97.61,97.61,702.0,CHRW
2023-07-11 13:39:00,97.56,97.63,97.56,97.62,2574.0,CHRW
2023-07-11 13:38:00,97.61,97.61,97.55,97.56,1705.0,CHRW
2023-07-11 13:37:00,97.64,97.64,97.62,97.62,1311.0,CHRW
2023-07-11 13:36:00,97.65,97.665,97.64,97.64,1353.0,CHRW
2023-07-11 13:35:00,97.66,97.7,97.65,97.65,2273.0,CHRW
2023-07-11 13:34:00,97.67,97.68,97.66,97.68,1841.0,CHRW
2023-07-11 13:33:00,97.73,97.73,97.73,97.73,509.0,CHRW
2023-07-11 13:32:00,97.69,97.73,97.66,97.73,5363.0,CHRW
2023-07-11 13:31:00,97.74,97.74,97.68,97.69,1381.0,CHRW
2023-07-11 13:29:00,97.7,97.75,97.7,97.75,1690.0,CHRW
2023-07-11 13:28:00,97.71,97.71,97.7,97.71,732.0,CHRW
2023-07-11 13:27:00,97.71,97.71,97.71,97.71,449.0,CHRW
2023-07-11 13:26:00,97.709,97.709,97.69,97.69,315.0,CHRW
2023-07-11 13:25:00,97.65,97.7,97.65,97.7,1338.0,CHRW
2023-07-11 13:24:00,97.635,97.66,97.635,97.66,2156.0,CHRW
2023-07-11 13:23:00,97.61,97.615,97.59,97.615,713.0,CHRW
2023-07-11 13:22:00,97.64,97.65,97.62,97.62,1166.0,CHRW
2023-07-11 13:21:00,97.66,97.66,97.66,97.66,875.0,CHRW
2023-07-11 13:20:00,97.66,97.66,97.66,97.66,503.0,CHRW
2023-07-11 13:19:00,97.68,97.68,97.66,97.66,641.0,CHRW
2023-07-11 13:18:00,97.6,97.69,97.6,97.69,2162.0,CHRW
2023-07-11 13:16:00,97.62,97.637,97.6,97.637,1891.0,CHRW
2023-07-11 13:15:00,97.54,97.59,97.54,97.55,2144.0,CHRW
2023-07-11 13:14:00,97.56,97.575,97.55,97.575,1304.0,CHRW
2023-07-11 13:13:00,97.53,97.55,97.529,97.529,1346.0,CHRW
2023-07-11 13:12:00,97.55,97.55,97.49,97.51,2030.0,CHRW
2023-07-11 13:11:00,97.67,97.67,97.58,97.58,1204.0,CHRW
2023-07-11 13:10:00,97.76,97.77,97.7,97.7,1122.0,CHRW
2023-07-11 13:09:00,97.76,97.765,97.76,97.765,562.0,CHRW
2023-07-11 13:08:00,97.76,97.79,97.76,97.79,1617.0,CHRW
2023-07-11 13:07:00,97.81,97.81,97.78,97.78,697.0,CHRW
2023-07-11 13:06:00,97.84,97.84,97.81,97.81,1008.0,CHRW
2023-07-11 13:05:00,97.85,97.85,97.85,97.85,460.0,CHRW
2023-07-11 13:03:00,97.82,97.86,97.82,97.86,1852.0,CHRW
2023-07-11 13:02:00,97.84,97.84,97.82,97.83,1447.0,CHRW
2023-07-11 13:01:00,97.8,97.86,97.8,97.86,1759.0,CHRW
2023-07-11 13:00:00,97.8,97.82,97.76,97.8,6124.0,CHRW
2023-07-11 12:59:00,97.85,97.85,97.82,97.82,786.0,CHRW
2023-07-11 12:58:00,97.87,97.87,97.86,97.86,3610.0,CHRW
2023-07-11 12:57:00,97.78,97.861,97.78,97.861,3914.0,CHRW
2023-07-11 12:54:00,97.82,97.82,97.82,97.82,333.0,CHRW
2023-07-11 12:53:00,97.79,97.81,97.79,97.81,966.0,CHRW
2023-07-11 12:52:00,97.83,97.83,97.83,97.83,346.0,CHRW
2023-07-11 12:50:00,97.85,97.85,97.85,97.85,418.0,CHRW
2023-07-11 12:49:00,97.82,97.83,97.8,97.83,762.0,CHRW
2023-07-11 12:48:00,97.82,97.82,97.82,97.82,708.0,CHRW
2023-07-11 12:47:00,97.77,97.79,97.77,97.79,943.0,CHRW
2023-07-11 12:46:00,97.77,97.77,97.77,97.77,222.0,CHRW
2023-07-11 12:44:00,97.76,97.79,97.76,97.79,850.0,CHRW
2023-07-11 12:43:00,97.75,97.77,97.75,97.77,846.0,CHRW
2023-07-11 12:41:00,97.735,97.735,97.735,97.735,293.0,CHRW
2023-07-11 12:40:00,97.75,97.75,97.75,97.75,365.0,CHRW
2023-07-11 12:36:00,97.78,97.78,97.78,97.78,894.0,CHRW
2023-07-11 12:35:00,97.75,97.75,97.75,97.75,453.0,CHRW
2023-07-11 12:34:00,97.78,97.78,97.7,97.7,760.0,CHRW
2023-07-11 12:33:00,97.79,97.79,97.79,97.79,205.0,CHRW
2023-07-11 12:32:00,97.79,97.79,97.79,97.79,205.0,CHRW
2023-07-11 12:31:00,97.76,97.79,97.76,97.79,1176.0,CHRW
2023-07-11 12:30:00,97.75,97.76,97.73,97.76,664.0,CHRW
2023-07-11 12:29:00,97.74,97.75,97.74,97.75,1001.0,CHRW
2023-07-11 12:28:00,97.825,97.825,97.68,97.7,1489.0,CHRW
2023-07-11 12:27:00,97.85,97.85,97.85,97.85,438.0,CHRW
2023-07-11 12:26:00,97.91,97.91,97.91,97.91,178.0,CHRW
2023-07-11 12:25:00,97.855,97.92,97.855,97.92,1354.0,CHRW
2023-07-11 12:24:00,97.903,97.902,97.903,97.902,451.0,CHRW
2023-07-11 12:23:00,97.963,97.962,97.963,97.962,237.0,CHRW
2023-07-11 12:22:00,97.955,97.97,97.955,97.97,1078.0,CHRW
2023-07-11 12:21:00,98.045,98.045,97.955,97.955,1914.0,CHRW
2023-07-11 12:20:00,98.05,98.05,98.05,98.05,633.0,CHRW
2023-07-11 12:19:00,98.07,98.07,98.055,98.055,1559.0,CHRW
2023-07-11 12:18:00,98.085,98.09,98.05,98.09,4885.0,CHRW
2023-07-11 12:17:00,98.08,98.09,98.06,98.08,1357.0,CHRW
2023-07-11 12:16:00,98.07,98.1,98.07,98.1,639.0,CHRW
2023-07-11 12:15:00,98.1,98.1,98.1,98.1,343.0,CHRW
2023-07-11 12:14:00,98.12,98.13,98.12,98.12,1514.0,CHRW
2023-07-11 12:13:00,98.11,98.11,98.105,98.105,747.0,CHRW
2023-07-11 12:12:00,98.09,98.09,98.09,98.09,220.0,CHRW
2023-07-11 12:11:00,98.084,98.084,98.084,98.084,434.0,CHRW
2023-07-11 12:09:00,98.08,98.09,98.06,98.06,1443.0,CHRW
2023-07-11 12:08:00,98.048,98.1,98.047,98.1,2036.0,CHRW
2023-07-11 12:07:00,98.07,98.07,98.07,98.07,843.0,CHRW
2023-07-11 12:06:00,98.14,98.14,98.07,98.07,1446.0,CHRW
2023-07-11 12:04:00,98.152,98.152,98.152,98.152,394.0,CHRW
2023-07-11 12:03:00,98.11,98.14,98.11,98.14,1083.0,CHRW
2023-07-11 12:02:00,98.08,98.1,98.075,98.1,1496.0,CHRW
2023-07-11 12:01:00,98.06,98.06,98.06,98.06,149.0,CHRW
2023-07-11 12:00:00,98.12,98.13,98.12,98.13,532.0,CHRW
2023-07-11 11:59:00,98.17,98.17,98.09,98.135,1465.0,CHRW
2023-07-11 11:58:00,98.21,98.21,98.18,98.18,1604.0,CHRW
2023-07-11 11:57:00,98.15,98.21,98.15,98.196,1569.0,CHRW
2023-07-11 11:56:00,98.17,98.17,98.15,98.15,1173.0,CHRW
2023-07-11 11:55:00,98.13,98.16,98.122,98.16,1190.0,CHRW
2023-07-11 11:54:00,98.14,98.14,98.115,98.115,601.0,CHRW
2023-07-11 11:53:00,98.13,98.13,98.13,98.13,282.0,CHRW
2023-07-11 11:52:00,98.07,98.13,98.06,98.12,1895.0,CHRW
2023-07-11 11:51:00,98.051,98.09,98.051,98.09,874.0,CHRW
2023-07-11 11:50:00,98.11,98.11,98.058,98.058,1952.0,CHRW
2023-07-11 11:49:00,98.11,98.13,98.11,98.13,949.0,CHRW
2023-07-11 11:48:00,98.08,98.12,98.07,98.12,4222.0,CHRW
2023-07-11 11:47:00,98.05,98.05,98.05,98.05,1364.0,CHRW
2023-07-11 11:46:00,98.06,98.06,98.055,98.055,581.0,CHRW
2023-07-11 11:45:00,98.06,98.06,98.06,98.06,403.0,CHRW
2023-07-11 11:44:00,97.98,98.04,97.98,98.04,3609.0,CHRW
2023-07-11 11:43:00,97.97,97.97,97.97,97.97,216.0,CHRW
2023-07-11 11:42:00,97.94,97.97,97.94,97.95,906.0,CHRW
2023-07-11 11:41:00,97.8,97.93,97.8,97.93,3012.0,CHRW
2023-07-11 11:40:00,97.8,97.805,97.78,97.78,729.0,CHRW
2023-07-11 11:39:00,97.76,97.78,97.75,97.78,771.0,CHRW
2023-07-11 11:38:00,97.73,97.75,97.72,97.73,984.0,CHRW
2023-07-11 11:37:00,97.68,97.7,97.68,97.7,1359.0,CHRW
2023-07-11 11:36:00,97.65,97.65,97.65,97.65,137.0,CHRW
2023-07-11 11:35:00,97.72,97.72,97.66,97.66,1514.0,CHRW
2023-07-11 11:34:00,97.725,97.725,97.71,97.725,800.0,CHRW
2023-07-11 11:33:00,97.79,97.79,97.74,97.74,1098.0,CHRW
2023-07-11 11:32:00,97.82,97.82,97.82,97.82,428.0,CHRW
2023-07-11 11:31:00,97.78,97.83,97.78,97.83,1904.0,CHRW
2023-07-11 11:30:00,97.76,97.76,97.76,97.76,769.0,CHRW
2023-07-11 11:29:00,97.77,97.77,97.77,97.77,192.0,CHRW
2023-07-11 11:28:00,97.78,97.78,97.75,97.776,748.0,CHRW
2023-07-11 11:27:00,97.78,97.78,97.78,97.78,1489.0,CHRW
2023-07-11 11:26:00,97.74,97.75,97.74,97.74,1806.0,CHRW
2023-07-11 11:25:00,97.78,97.78,97.725,97.74,1885.0,CHRW
2023-07-11 11:24:00,97.78,97.81,97.78,97.78,2560.0,CHRW
2023-07-11 11:22:00,97.8,97.8,97.8,97.8,1270.0,CHRW
2023-07-11 11:21:00,97.77,97.78,97.77,97.78,462.0,CHRW
2023-07-11 11:20:00,97.69,97.78,97.69,97.78,2456.0,CHRW
2023-07-11 11:19:00,97.65,97.68,97.65,97.675,1325.0,CHRW
2023-07-11 11:18:00,97.67,97.67,97.67,97.67,399.0,CHRW
2023-07-11 11:17:00,97.69,97.69,97.69,97.69,254.0,CHRW
2023-07-11 11:16:00,97.7,97.7,97.655,97.655,502.0,CHRW
2023-07-11 11:15:00,97.71,97.71,97.71,97.71,656.0,CHRW
2023-07-11 11:14:00,97.74,97.74,97.72,97.72,512.0,CHRW
2023-07-11 11:13:00,97.66,97.76,97.66,97.76,1108.0,CHRW
2023-07-11 11:11:00,97.6,97.66,97.6,97.66,1907.0,CHRW
2023-07-11 11:10:00,97.74,97.74,97.63,97.63,2132.0,CHRW
2023-07-11 11:09:00,97.76,97.76,97.76,97.76,591.0,CHRW
2023-07-11 11:07:00,97.78,97.78,97.78,97.78,214.0,CHRW
2023-07-11 11:06:00,97.71,97.755,97.7,97.755,1789.0,CHRW
2023-07-11 11:05:00,97.66,97.7,97.66,97.7,1412.0,CHRW
2023-07-11 11:04:00,97.67,97.67,97.65,97.66,1281.0,CHRW
2023-07-11 11:02:00,97.64,97.73,97.64,97.68,637.0,CHRW
2023-07-11 11:01:00,97.58,97.64,97.54,97.61,1512.0,CHRW
2023-07-11 11:00:00,97.57,97.57,97.57,97.57,617.0,CHRW
2023-07-11 10:59:00,97.4,97.48,97.4,97.48,1150.0,CHRW
2023-07-11 10:58:00,97.41,97.41,97.355,97.37,2286.0,CHRW
2023-07-11 10:57:00,97.46,97.46,97.43,97.43,1463.0,CHRW
2023-07-11 10:55:00,97.4,97.45,97.4,97.43,1842.0,CHRW
2023-07-11 10:54:00,97.404,97.44,97.39,97.4,5704.0,CHRW
2023-07-11 10:53:00,97.38,97.425,97.38,97.425,1477.0,CHRW
2023-07-11 10:52:00,97.38,97.38,97.36,97.36,843.0,CHRW
2023-07-11 10:51:00,97.38,97.38,97.32,97.34,2385.0,CHRW
2023-07-11 10:50:00,97.36,97.38,97.35,97.37,1388.0,CHRW
2023-07-11 10:48:00,97.25,97.38,97.25,97.35,11124.0,CHRW
2023-07-11 10:47:00,97.26,97.28,97.26,97.28,269.0,CHRW
2023-07-11 10:46:00,97.26,97.26,97.26,97.26,1240.0,CHRW
2023-07-11 10:45:00,97.25,97.25,97.25,97.25,217.0,CHRW
2023-07-11 10:44:00,97.2,97.23,97.18,97.23,2437.0,CHRW
2023-07-11 10:43:00,97.22,97.22,97.22,97.22,841.0,CHRW
2023-07-11 10:42:00,97.25,97.25,97.21,97.24,2176.0,CHRW
2023-07-11 10:41:00,97.17,97.24,97.17,97.24,1122.0,CHRW
2023-07-11 10:40:00,97.05,97.14,97.05,97.14,1448.0,CHRW
2023-07-11 10:39:00,97.095,97.095,97.08,97.08,567.0,CHRW
2023-07-11 10:38:00,97.23,97.23,97.15,97.15,993.0,CHRW
2023-07-11 10:37:00,97.33,97.35,97.3,97.32,1551.0,CHRW
2023-07-11 10:36:00,97.3,97.31,97.27,97.3,2070.0,CHRW
2023-07-11 10:35:00,97.18,97.26,97.18,97.26,2210.0,CHRW
2023-07-11 10:34:00,97.2,97.2,97.18,97.2,832.0,CHRW
2023-07-11 10:33:00,97.17,97.2,97.17,97.2,829.0,CHRW
2023-07-11 10:32:00,97.32,97.32,97.16,97.17,4369.0,CHRW
2023-07-11 10:31:00,97.35,97.35,97.32,97.32,1776.0,CHRW
2023-07-11 10:30:00,97.26,97.3,97.21,97.3,4475.0,CHRW
2023-07-11 10:29:00,97.29,97.29,97.25,97.27,917.0,CHRW
2023-07-11 10:28:00,97.305,97.33,97.25,97.28,3251.0,CHRW
2023-07-11 10:27:00,97.355,97.355,97.3,97.305,886.0,CHRW
2023-07-11 10:26:00,97.4,97.4,97.35,97.35,2761.0,CHRW
2023-07-11 10:25:00,97.37,97.43,97.33,97.41,2889.0,CHRW
2023-07-11 10:24:00,97.36,97.37,97.35,97.365,788.0,CHRW
2023-07-11 10:23:00,97.39,97.39,97.331,97.38,4820.0,CHRW
2023-07-11 10:22:00,97.405,97.445,97.4,97.4,2205.0,CHRW
2023-07-11 10:21:00,97.33,97.38,97.32,97.38,2033.0,CHRW
2023-07-11 10:20:00,97.43,97.43,97.305,97.305,1587.0,CHRW
2023-07-11 10:19:00,97.465,97.465,97.39,97.39,4684.0,CHRW
2023-07-11 10:18:00,97.36,97.42,97.36,97.41,1416.0,CHRW
2023-07-11 10:17:00,97.25,97.39,97.25,97.34,2837.0,CHRW
2023-07-11 10:16:00,97.33,97.34,97.23,97.23,3331.0,CHRW
2023-07-11 10:15:00,97.395,97.395,97.33,97.33,2696.0,CHRW
2023-07-11 10:14:00,97.42,97.5,97.375,97.375,3905.0,CHRW
2023-07-11 10:13:00,97.28,97.415,97.28,97.415,1944.0,CHRW
2023-07-11 10:12:00,97.2,97.28,97.2,97.28,1494.0,CHRW
2023-07-11 10:11:00,97.29,97.305,97.18,97.23,4639.0,CHRW
2023-07-11 10:10:00,97.23,97.3,97.23,97.3,2398.0,CHRW
2023-07-11 10:09:00,97.205,97.21,97.19,97.21,618.0,CHRW
2023-07-11 10:08:00,97.15,97.205,97.15,97.205,1689.0,CHRW
2023-07-11 10:07:00,97.19,97.19,97.14,97.15,1501.0,CHRW
2023-07-11 10:06:00,97.14,97.22,97.14,97.205,1510.0,CHRW
2023-07-11 10:05:00,96.96,97.12,96.96,97.12,2027.0,CHRW
2023-07-11 10:04:00,97.1,97.11,96.98,97.01,7100.0,CHRW
2023-07-11 10:03:00,96.965,97.09,96.94,97.09,4134.0,CHRW
2023-07-11 10:01:00,96.95,96.975,96.94,96.953,992.0,CHRW
2023-07-11 10:00:00,96.87,96.95,96.87,96.91,804.0,CHRW
2023-07-11 09:59:00,96.81,96.93,96.81,96.92,1613.0,CHRW
2023-07-11 09:58:00,96.78,96.81,96.77,96.79,1537.0,CHRW
2023-07-11 09:57:00,96.75,96.77,96.72,96.755,698.0,CHRW
2023-07-11 09:55:00,96.7,96.7,96.665,96.665,363.0,CHRW
2023-07-11 09:54:00,96.65,96.67,96.54,96.67,1324.0,CHRW
2023-07-11 09:53:00,96.83,96.83,96.76,96.785,1203.0,CHRW
2023-07-11 09:52:00,96.75,96.75,96.75,96.75,339.0,CHRW
2023-07-11 09:51:00,96.664,96.71,96.62,96.71,1612.0,CHRW
2023-07-11 09:50:00,96.665,96.72,96.62,96.64,3123.0,CHRW
2023-07-11 09:49:00,96.69,96.74,96.638,96.74,1359.0,CHRW
2023-07-11 09:48:00,96.55,96.65,96.55,96.645,881.0,CHRW
2023-07-11 09:47:00,96.54,96.54,96.5,96.5,254.0,CHRW
2023-07-11 09:46:00,96.51,96.51,96.455,96.455,443.0,CHRW
2023-07-11 09:45:00,96.49,96.51,96.49,96.51,482.0,CHRW
2023-07-11 09:44:00,96.435,96.435,96.435,96.435,173.0,CHRW
2023-07-11 09:43:00,96.39,96.5,96.39,96.5,901.0,CHRW
2023-07-11 09:42:00,96.44,96.5,96.44,96.47,670.0,CHRW
2023-07-11 09:39:00,96.395,96.48,96.395,96.395,622.0,CHRW
2023-07-11 09:38:00,96.37,96.37,96.37,96.37,143.0,CHRW
2023-07-11 09:37:00,96.37,96.455,96.16,96.325,616.0,CHRW
2023-07-11 09:36:00,96.24,96.32,96.16,96.32,3331.0,CHRW
2023-07-11 09:35:00,96.34,96.34,96.34,96.34,499.0,CHRW
2023-07-11 09:34:00,96.44,96.455,96.35,96.455,4238.0,CHRW
2023-07-11 09:33:00,96.67,96.67,96.67,96.67,256.0,CHRW
2023-07-11 09:32:00,96.45,96.53,96.37,96.51,1573.0,CHRW
2023-07-11 09:31:00,96.28,96.52,96.245,96.245,2556.0,CHRW
2023-07-11 09:30:00,96.19,96.3,96.13,96.19,14126.0,CHRW
2023-07-11 09:05:00,96.23,96.23,96.23,96.23,1.0,CHRW
2023-07-11 08:01:00,96.23,96.23,96.23,96.23,1.0,CHRW
2023-07-11 06:08:00,95.49,95.49,95.49,95.49,1.0,CHRW
2023-07-10 16:22:00,96.23,96.23,96.23,96.23,1098.0,CHRW
2023-07-10 16:05:00,96.23,96.23,96.23,96.23,76.0,CHRW
2023-07-10 16:02:00,96.23,96.23,96.23,96.23,181.0,CHRW
2023-07-10 16:01:00,96.23,96.23,96.23,96.23,3171.0,CHRW
2023-07-10 16:00:00,96.23,96.23,96.23,96.23,271733.0,CHRW
2023-07-10 15:59:00,96.195,96.24,96.195,96.23,24367.0,CHRW
2023-07-10 15:58:00,96.2,96.2,96.16,96.2,9199.0,CHRW
2023-07-10 15:57:00,96.19,96.2,96.13,96.19,14387.0,CHRW
2023-07-10 15:56:00,96.14,96.19,96.14,96.19,6424.0,CHRW
2023-07-10 15:55:00,96.11,96.2,96.09,96.15,12360.0,CHRW
2023-07-10 15:54:00,96.12,96.13,96.09,96.12,8022.0,CHRW
2023-07-10 15:53:00,96.02,96.1,96.02,96.1,4088.0,CHRW
2023-07-10 15:52:00,96.04,96.06,96.02,96.03,2799.0,CHRW
2023-07-10 15:51:00,96.04,96.04,96.03,96.04,2366.0,CHRW
2023-07-10 15:50:00,96.09,96.09,96.01,96.02,4983.0,CHRW
2023-07-10 15:49:00,96.1,96.11,96.1,96.11,1290.0,CHRW
2023-07-10 15:48:00,96.11,96.115,96.1,96.1,1643.0,CHRW
2023-07-10 15:47:00,96.12,96.13,96.09,96.11,2387.0,CHRW
2023-07-10 15:46:00,96.11,96.11,96.08,96.08,1757.0,CHRW
2023-07-10 15:45:00,96.05,96.095,96.05,96.095,2213.0,CHRW
2023-07-10 15:44:00,96.0,96.04,96.0,96.04,1800.0,CHRW
2023-07-10 15:43:00,96.08,96.08,96.03,96.03,1744.0,CHRW
2023-07-10 15:42:00,96.06,96.07,96.06,96.06,1119.0,CHRW
2023-07-10 15:41:00,96.06,96.07,96.055,96.07,1251.0,CHRW
2023-07-10 15:40:00,96.01,96.06,96.01,96.06,1481.0,CHRW
2023-07-10 15:39:00,96.0,96.0,95.98,95.99,1481.0,CHRW
2023-07-10 15:38:00,96.05,96.05,96.03,96.03,1104.0,CHRW
2023-07-10 15:37:00,96.025,96.06,96.025,96.06,1877.0,CHRW
2023-07-10 15:36:00,96.01,96.02,96.01,96.013,2208.0,CHRW
2023-07-10 15:35:00,95.985,96.0,95.984,96.0,732.0,CHRW
2023-07-10 15:34:00,96.02,96.02,95.98,95.99,1982.0,CHRW
2023-07-10 15:33:00,95.93,95.99,95.93,95.99,2295.0,CHRW
2023-07-10 15:32:00,95.95,95.95,95.93,95.93,829.0,CHRW
2023-07-10 15:31:00,95.93,95.93,95.93,95.93,211.0,CHRW
2023-07-10 15:30:00,95.96,95.98,95.96,95.96,2033.0,CHRW
2023-07-10 15:29:00,95.93,95.96,95.93,95.945,446.0,CHRW
2023-07-10 15:28:00,96.0,96.0,95.98,95.98,2691.0,CHRW
2023-07-10 15:27:00,95.93,95.97,95.93,95.97,1895.0,CHRW
2023-07-10 15:25:00,95.96,95.968,95.92,95.92,2220.0,CHRW
2023-07-10 15:24:00,95.98,96.0,95.97,95.97,1847.0,CHRW
2023-07-10 15:23:00,95.97,95.97,95.97,95.97,322.0,CHRW
2023-07-10 15:22:00,96.0,96.0,96.0,96.0,186.0,CHRW
2023-07-10 15:21:00,95.98,95.98,95.98,95.98,1547.0,CHRW
2023-07-10 15:20:00,95.98,96.01,95.97,96.01,1974.0,CHRW
2023-07-10 15:19:00,95.96,95.98,95.96,95.98,376.0,CHRW
2023-07-10 15:17:00,95.98,95.98,95.96,95.98,766.0,CHRW
2023-07-10 15:16:00,96.02,96.02,96.0,96.0,699.0,CHRW
2023-07-10 15:15:00,96.09,96.09,96.03,96.05,3029.0,CHRW
2023-07-10 15:14:00,96.07,96.07,96.07,96.07,601.0,CHRW
2023-07-10 15:13:00,96.04,96.04,96.04,96.04,453.0,CHRW
2023-07-10 15:12:00,96.01,96.08,96.01,96.08,2832.0,CHRW
2023-07-10 15:10:00,96.02,96.02,96.02,96.02,833.0,CHRW
2023-07-10 15:09:00,96.03,96.03,96.03,96.03,465.0,CHRW
2023-07-10 15:08:00,96.05,96.05,96.05,96.05,511.0,CHRW
2023-07-10 15:05:00,96.12,96.12,96.065,96.065,1244.0,CHRW
2023-07-10 15:04:00,96.1,96.1,96.1,96.1,675.0,CHRW
2023-07-10 15:03:00,96.13,96.14,96.125,96.13,1743.0,CHRW
2023-07-10 15:02:00,96.16,96.16,96.145,96.145,348.0,CHRW
2023-07-10 15:01:00,96.13,96.13,96.13,96.13,644.0,CHRW
2023-07-10 15:00:00,96.11,96.11,96.11,96.11,548.0,CHRW
2023-07-10 14:59:00,96.09,96.095,96.07,96.095,533.0,CHRW
2023-07-10 14:57:00,96.13,96.13,96.1,96.1,1063.0,CHRW
2023-07-10 14:55:00,96.11,96.11,96.11,96.11,297.0,CHRW
2023-07-10 14:54:00,96.1,96.13,96.1,96.13,1832.0,CHRW
2023-07-10 14:53:00,96.1,96.1,96.08,96.09,972.0,CHRW
2023-07-10 14:52:00,96.16,96.16,96.12,96.12,933.0,CHRW
2023-07-10 14:51:00,96.17,96.17,96.17,96.17,406.0,CHRW
2023-07-10 14:50:00,96.17,96.21,96.17,96.21,1419.0,CHRW
2023-07-10 14:49:00,96.13,96.15,96.13,96.15,826.0,CHRW
2023-07-10 14:48:00,96.08,96.08,96.08,96.08,533.0,CHRW
2023-07-10 14:47:00,96.12,96.12,96.1,96.1,535.0,CHRW
2023-07-10 14:44:00,96.15,96.15,96.15,96.15,899.0,CHRW
2023-07-10 14:43:00,96.18,96.18,96.18,96.18,341.0,CHRW
2023-07-10 14:42:00,96.18,96.18,96.17,96.17,363.0,CHRW
2023-07-10 14:41:00,96.193,96.192,96.192,96.192,247.0,CHRW
2023-07-10 14:39:00,96.24,96.24,96.24,96.24,285.0,CHRW
2023-07-10 14:38:00,96.28,96.28,96.246,96.246,885.0,CHRW
2023-07-10 14:37:00,96.24,96.25,96.225,96.25,1516.0,CHRW
2023-07-10 14:36:00,96.12,96.25,96.115,96.25,2998.0,CHRW
2023-07-10 14:34:00,96.14,96.14,96.1,96.11,801.0,CHRW
2023-07-10 14:33:00,96.205,96.205,96.17,96.17,452.0,CHRW
2023-07-10 14:30:00,96.25,96.25,96.21,96.21,878.0,CHRW
2023-07-10 14:28:00,96.26,96.29,96.26,96.29,533.0,CHRW
2023-07-10 14:27:00,96.19,96.25,96.19,96.25,1705.0,CHRW
2023-07-10 14:26:00,96.17,96.17,96.17,96.17,1052.0,CHRW
2023-07-10 14:25:00,96.2,96.2,96.19,96.19,272.0,CHRW
2023-07-10 14:23:00,96.305,96.305,96.29,96.29,1242.0,CHRW
2023-07-10 14:22:00,96.38,96.38,96.38,96.38,393.0,CHRW
2023-07-10 14:21:00,96.36,96.37,96.36,96.37,381.0,CHRW
2023-07-10 14:19:00,96.4,96.41,96.39,96.4,1893.0,CHRW
2023-07-10 14:18:00,96.4,96.42,96.4,96.42,683.0,CHRW
2023-07-10 14:16:00,96.42,96.42,96.42,96.42,512.0,CHRW
2023-07-10 14:15:00,96.4,96.42,96.4,96.4,2403.0,CHRW
2023-07-10 14:14:00,96.44,96.44,96.44,96.44,710.0,CHRW
2023-07-10 14:12:00,96.445,96.445,96.445,96.445,444.0,CHRW
2023-07-10 14:11:00,96.47,96.47,96.47,96.47,675.0,CHRW
2023-07-10 14:10:00,96.5,96.5,96.495,96.495,571.0,CHRW
2023-07-10 14:09:00,96.49,96.49,96.49,96.49,517.0,CHRW
2023-07-10 14:08:00,96.475,96.49,96.475,96.49,756.0,CHRW
2023-07-10 14:07:00,96.45,96.49,96.45,96.49,670.0,CHRW
2023-07-10 14:06:00,96.46,96.47,96.46,96.47,616.0,CHRW
2023-07-10 14:05:00,96.42,96.44,96.42,96.44,371.0,CHRW
2023-07-10 14:04:00,96.445,96.445,96.42,96.42,622.0,CHRW
2023-07-10 14:03:00,96.44,96.44,96.43,96.43,484.0,CHRW
2023-07-10 14:02:00,96.46,96.47,96.46,96.47,976.0,CHRW
2023-07-10 14:01:00,96.435,96.435,96.41,96.41,609.0,CHRW
2023-07-10 14:00:00,96.45,96.45,96.44,96.44,881.0,CHRW
2023-07-10 13:59:00,96.41,96.41,96.36,96.41,7034.0,CHRW
2023-07-10 13:58:00,96.43,96.44,96.42,96.44,844.0,CHRW
2023-07-10 13:57:00,96.42,96.42,96.42,96.42,1387.0,CHRW
2023-07-10 13:56:00,96.475,96.475,96.39,96.42,1426.0,CHRW
2023-07-10 13:55:00,96.425,96.46,96.425,96.46,1007.0,CHRW
2023-07-10 13:54:00,96.4,96.43,96.4,96.42,1628.0,CHRW
2023-07-10 13:53:00,96.4,96.4,96.4,96.4,1462.0,CHRW
2023-07-10 13:52:00,96.405,96.405,96.38,96.4,2389.0,CHRW
2023-07-10 13:51:00,96.405,96.405,96.39,96.39,907.0,CHRW
2023-07-10 13:50:00,96.385,96.41,96.35,96.41,4799.0,CHRW
2023-07-10 13:46:00,96.385,96.4,96.385,96.4,592.0,CHRW
2023-07-10 13:45:00,96.42,96.42,96.4,96.4,985.0,CHRW
2023-07-10 13:43:00,96.38,96.38,96.33,96.375,1552.0,CHRW
2023-07-10 13:42:00,96.42,96.42,96.373,96.38,2079.0,CHRW
2023-07-10 13:41:00,96.432,96.45,96.43,96.43,725.0,CHRW
2023-07-10 13:40:00,96.39,96.42,96.38,96.42,2308.0,CHRW
2023-07-10 13:39:00,96.39,96.4,96.36,96.4,2329.0,CHRW
2023-07-10 13:38:00,96.4,96.4,96.37,96.39,1122.0,CHRW
2023-07-10 13:37:00,96.36,96.38,96.36,96.38,706.0,CHRW
2023-07-10 13:36:00,96.37,96.37,96.34,96.34,718.0,CHRW
2023-07-10 13:35:00,96.45,96.47,96.39,96.405,3049.0,CHRW
2023-07-10 13:34:00,96.51,96.52,96.47,96.47,3429.0,CHRW
2023-07-10 13:32:00,96.49,96.5,96.49,96.5,335.0,CHRW
2023-07-10 13:31:00,96.49,96.49,96.49,96.49,926.0,CHRW
2023-07-10 13:30:00,96.49,96.49,96.49,96.49,306.0,CHRW
2023-07-10 13:29:00,96.49,96.49,96.49,96.49,149.0,CHRW
2023-07-10 13:28:00,96.5,96.5,96.5,96.5,488.0,CHRW
2023-07-10 13:27:00,96.505,96.505,96.505,96.505,142.0,CHRW
2023-07-10 13:26:00,96.5,96.5,96.5,96.5,130.0,CHRW
2023-07-10 13:24:00,96.5,96.529,96.5,96.505,1803.0,CHRW
2023-07-10 13:23:00,96.5,96.54,96.49,96.52,3514.0,CHRW
2023-07-10 13:22:00,96.52,96.52,96.51,96.52,780.0,CHRW
2023-07-10 13:21:00,96.51,96.52,96.51,96.51,882.0,CHRW
2023-07-10 13:20:00,96.53,96.53,96.525,96.525,546.0,CHRW
2023-07-10 13:19:00,96.51,96.51,96.48,96.5,1509.0,CHRW
2023-07-10 13:18:00,96.512,96.511,96.511,96.511,246.0,CHRW
2023-07-10 13:17:00,96.52,96.52,96.52,96.52,211.0,CHRW
2023-07-10 13:14:00,96.51,96.55,96.51,96.55,341.0,CHRW
2023-07-10 13:13:00,96.54,96.54,96.52,96.53,869.0,CHRW
2023-07-10 13:12:00,96.58,96.58,96.5,96.5,1736.0,CHRW
2023-07-10 13:11:00,96.6,96.605,96.58,96.605,784.0,CHRW
2023-07-10 13:10:00,96.57,96.6,96.57,96.59,1422.0,CHRW
2023-07-10 13:09:00,96.54,96.555,96.54,96.555,483.0,CHRW
2023-07-10 13:08:00,96.51,96.555,96.51,96.54,1286.0,CHRW
2023-07-10 13:07:00,96.58,96.58,96.55,96.55,385.0,CHRW
2023-07-10 13:05:00,96.54,96.56,96.52,96.54,1370.0,CHRW
2023-07-10 13:04:00,96.51,96.51,96.49,96.5,1467.0,CHRW
2023-07-10 13:01:00,96.6,96.6,96.57,96.57,1106.0,CHRW
2023-07-10 13:00:00,96.615,96.63,96.615,96.63,570.0,CHRW
2023-07-10 12:59:00,96.56,96.6,96.56,96.591,1776.0,CHRW
2023-07-10 12:58:00,96.62,96.62,96.54,96.54,2284.0,CHRW
2023-07-10 12:57:00,96.65,96.67,96.65,96.66,1101.0,CHRW
2023-07-10 12:55:00,96.73,96.73,96.68,96.69,1445.0,CHRW
2023-07-10 12:53:00,96.73,96.73,96.73,96.73,726.0,CHRW
2023-07-10 12:51:00,96.76,96.76,96.74,96.74,538.0,CHRW
2023-07-10 12:50:00,96.77,96.79,96.76,96.76,1162.0,CHRW
2023-07-10 12:49:00,96.78,96.81,96.78,96.79,1234.0,CHRW
2023-07-10 12:48:00,96.75,96.765,96.75,96.765,1111.0,CHRW
2023-07-10 12:46:00,96.77,96.77,96.765,96.765,303.0,CHRW
2023-07-10 12:45:00,96.75,96.77,96.75,96.77,881.0,CHRW
2023-07-10 12:44:00,96.7,96.72,96.7,96.72,832.0,CHRW
2023-07-10 12:43:00,96.71,96.71,96.71,96.71,266.0,CHRW
2023-07-10 12:42:00,96.71,96.71,96.71,96.71,316.0,CHRW
2023-07-10 12:41:00,96.7,96.7,96.7,96.7,205.0,CHRW
2023-07-10 12:40:00,96.71,96.71,96.71,96.71,162.0,CHRW
2023-07-10 12:39:00,96.7,96.7,96.7,96.7,219.0,CHRW
2023-07-10 12:38:00,96.77,96.77,96.71,96.71,1373.0,CHRW
2023-07-10 12:37:00,96.77,96.79,96.77,96.79,1193.0,CHRW
2023-07-10 12:36:00,96.735,96.74,96.735,96.74,440.0,CHRW
2023-07-10 12:35:00,96.75,96.75,96.74,96.74,597.0,CHRW
2023-07-10 12:34:00,96.77,96.77,96.77,96.77,237.0,CHRW
2023-07-10 12:33:00,96.725,96.77,96.725,96.77,1177.0,CHRW
2023-07-10 12:32:00,96.78,96.78,96.735,96.735,849.0,CHRW
2023-07-10 12:31:00,96.78,96.815,96.77,96.78,2361.0,CHRW
2023-07-10 12:30:00,96.77,96.77,96.77,96.77,146.0,CHRW
2023-07-10 12:29:00,96.8,96.82,96.8,96.82,545.0,CHRW
2023-07-10 12:28:00,96.805,96.805,96.805,96.805,540.0,CHRW
2023-07-10 12:27:00,96.815,96.82,96.79,96.805,1679.0,CHRW
2023-07-10 12:25:00,96.895,96.895,96.88,96.88,1125.0,CHRW
2023-07-10 12:22:00,96.86,96.88,96.86,96.86,759.0,CHRW
2023-07-10 12:21:00,96.9,96.9,96.88,96.88,2830.0,CHRW
2023-07-10 12:17:00,96.89,96.91,96.89,96.9,962.0,CHRW
2023-07-10 12:16:00,96.89,96.89,96.88,96.885,684.0,CHRW
2023-07-10 12:15:00,96.86,96.86,96.855,96.855,1127.0,CHRW
2023-07-10 12:14:00,96.855,96.87,96.855,96.87,870.0,CHRW
2023-07-10 12:13:00,96.84,96.855,96.84,96.855,795.0,CHRW
2023-07-10 12:12:00,96.8,96.845,96.79,96.845,2332.0,CHRW
2023-07-10 12:11:00,96.775,96.775,96.775,96.775,172.0,CHRW
2023-07-10 12:10:00,96.8,96.8,96.775,96.775,447.0,CHRW
2023-07-10 12:08:00,96.77,96.77,96.77,96.77,640.0,CHRW
2023-07-10 12:07:00,96.88,96.89,96.78,96.78,1881.0,CHRW
2023-07-10 12:06:00,96.89,96.89,96.86,96.86,681.0,CHRW
2023-07-10 12:05:00,96.913,96.913,96.89,96.89,1114.0,CHRW
2023-07-10 12:03:00,96.9,96.9,96.9,96.9,706.0,CHRW
2023-07-10 12:02:00,96.875,96.925,96.875,96.895,2891.0,CHRW
2023-07-10 12:01:00,96.875,96.89,96.87,96.87,677.0,CHRW
2023-07-10 12:00:00,96.88,96.9,96.851,96.881,4967.0,CHRW
2023-07-10 11:59:00,96.86,96.88,96.84,96.88,2736.0,CHRW
2023-07-10 11:58:00,96.8,96.845,96.8,96.845,544.0,CHRW
2023-07-10 11:57:00,96.799,96.799,96.799,96.799,622.0,CHRW
2023-07-10 11:56:00,96.79,96.79,96.79,96.79,357.0,CHRW
2023-07-10 11:55:00,96.72,96.73,96.72,96.73,751.0,CHRW
2023-07-10 11:54:00,96.68,96.69,96.68,96.69,547.0,CHRW
2023-07-10 11:53:00,96.66,96.66,96.66,96.66,315.0,CHRW
2023-07-10 11:52:00,96.64,96.64,96.62,96.64,1032.0,CHRW
2023-07-10 11:51:00,96.64,96.64,96.625,96.64,1080.0,CHRW
2023-07-10 11:50:00,96.606,96.606,96.606,96.606,452.0,CHRW
2023-07-10 11:49:00,96.59,96.61,96.59,96.61,604.0,CHRW
2023-07-10 11:48:00,96.55,96.575,96.55,96.575,698.0,CHRW
2023-07-10 11:47:00,96.49,96.51,96.485,96.51,1908.0,CHRW
2023-07-10 11:46:00,96.48,96.485,96.48,96.485,719.0,CHRW
2023-07-10 11:45:00,96.565,96.565,96.47,96.47,1704.0,CHRW
2023-07-10 11:44:00,96.575,96.575,96.565,96.565,526.0,CHRW
2023-07-10 11:43:00,96.58,96.58,96.58,96.58,425.0,CHRW
2023-07-10 11:42:00,96.57,96.57,96.55,96.55,2142.0,CHRW
2023-07-10 11:41:00,96.57,96.57,96.57,96.57,253.0,CHRW
2023-07-10 11:40:00,96.585,96.585,96.57,96.57,683.0,CHRW
2023-07-10 11:39:00,96.58,96.58,96.58,96.58,343.0,CHRW
2023-07-10 11:38:00,96.625,96.625,96.575,96.581,1155.0,CHRW
2023-07-10 11:37:00,96.61,96.62,96.61,96.62,481.0,CHRW
2023-07-10 11:36:00,96.61,96.62,96.61,96.62,807.0,CHRW
2023-07-10 11:35:00,96.615,96.615,96.6,96.6,789.0,CHRW
2023-07-10 11:34:00,96.65,96.65,96.6,96.6,1512.0,CHRW
2023-07-10 11:32:00,96.635,96.67,96.635,96.642,2085.0,CHRW
2023-07-10 11:31:00,96.66,96.66,96.66,96.66,210.0,CHRW
2023-07-10 11:30:00,96.655,96.655,96.63,96.635,1828.0,CHRW
2023-07-10 11:29:00,96.66,96.67,96.66,96.67,934.0,CHRW
2023-07-10 11:28:00,96.69,96.69,96.64,96.67,1516.0,CHRW
2023-07-10 11:27:00,96.7,96.72,96.7,96.7,918.0,CHRW
2023-07-10 11:26:00,96.74,96.74,96.69,96.72,1652.0,CHRW
2023-07-10 11:25:00,96.68,96.71,96.665,96.71,1064.0,CHRW
2023-07-10 11:24:00,96.645,96.68,96.645,96.68,1230.0,CHRW
2023-07-10 11:23:00,96.63,96.665,96.63,96.665,1017.0,CHRW
2023-07-10 11:22:00,96.56,96.62,96.56,96.62,1765.0,CHRW
2023-07-10 11:21:00,96.55,96.55,96.55,96.55,609.0,CHRW
2023-07-10 11:20:00,96.575,96.58,96.57,96.575,1334.0,CHRW
2023-07-10 11:19:00,96.57,96.57,96.56,96.57,1079.0,CHRW
2023-07-10 11:18:00,96.56,96.56,96.54,96.55,1097.0,CHRW
2023-07-10 11:17:00,96.53,96.55,96.53,96.55,1023.0,CHRW
2023-07-10 11:16:00,96.555,96.555,96.53,96.53,851.0,CHRW
2023-07-10 11:15:00,96.555,96.555,96.555,96.555,282.0,CHRW
2023-07-10 11:14:00,96.565,96.59,96.55,96.55,4091.0,CHRW
2023-07-10 11:13:00,96.48,96.59,96.48,96.56,2570.0,CHRW
2023-07-10 11:12:00,96.49,96.49,96.48,96.48,409.0,CHRW
2023-07-10 11:11:00,96.47,96.47,96.47,96.47,1167.0,CHRW
2023-07-10 11:10:00,96.4,96.5,96.4,96.5,2047.0,CHRW
2023-07-10 11:09:00,96.4,96.42,96.36,96.4,6378.0,CHRW
2023-07-10 11:08:00,96.39,96.43,96.39,96.43,745.0,CHRW
2023-07-10 11:07:00,96.34,96.36,96.34,96.36,550.0,CHRW
2023-07-10 11:06:00,96.385,96.385,96.34,96.344,1441.0,CHRW
2023-07-10 11:05:00,96.34,96.39,96.34,96.37,2265.0,CHRW
2023-07-10 11:04:00,96.325,96.39,96.325,96.35,1702.0,CHRW
2023-07-10 11:03:00,96.3,96.32,96.28,96.32,2031.0,CHRW
2023-07-10 11:02:00,96.31,96.31,96.31,96.31,106.0,CHRW
2023-07-10 11:01:00,96.37,96.37,96.31,96.31,1039.0,CHRW
2023-07-10 11:00:00,96.37,96.415,96.37,96.41,1134.0,CHRW
2023-07-10 10:59:00,96.36,96.36,96.34,96.35,1327.0,CHRW
2023-07-10 10:58:00,96.405,96.425,96.35,96.35,1188.0,CHRW
2023-07-10 10:57:00,96.435,96.465,96.39,96.42,3875.0,CHRW
2023-07-10 10:56:00,96.39,96.48,96.39,96.45,1632.0,CHRW
2023-07-10 10:55:00,96.395,96.4,96.37,96.37,3185.0,CHRW
2023-07-10 10:54:00,96.38,96.38,96.38,96.38,558.0,CHRW
2023-07-10 10:53:00,96.47,96.47,96.41,96.41,743.0,CHRW
2023-07-10 10:52:00,96.45,96.45,96.45,96.45,472.0,CHRW
2023-07-10 10:51:00,96.385,96.44,96.37,96.44,1285.0,CHRW
2023-07-10 10:50:00,96.37,96.38,96.37,96.37,883.0,CHRW
2023-07-10 10:49:00,96.49,96.52,96.49,96.49,1734.0,CHRW
2023-07-10 10:47:00,96.48,96.48,96.44,96.44,1251.0,CHRW
2023-07-10 10:46:00,96.45,96.45,96.45,96.45,623.0,CHRW
2023-07-10 10:45:00,96.39,96.39,96.38,96.39,1649.0,CHRW
2023-07-10 10:44:00,96.47,96.475,96.46,96.475,1110.0,CHRW
2023-07-10 10:43:00,96.41,96.42,96.39,96.42,2655.0,CHRW
2023-07-10 10:42:00,96.38,96.38,96.38,96.38,569.0,CHRW
2023-07-10 10:41:00,96.38,96.38,96.38,96.38,301.0,CHRW
2023-07-10 10:39:00,96.3,96.38,96.3,96.36,1483.0,CHRW
2023-07-10 10:38:00,96.325,96.325,96.31,96.325,444.0,CHRW
2023-07-10 10:37:00,96.3,96.311,96.3,96.311,520.0,CHRW
2023-07-10 10:36:00,96.13,96.28,96.13,96.26,2097.0,CHRW
2023-07-10 10:35:00,96.215,96.24,96.16,96.16,2728.0,CHRW
2023-07-10 10:34:00,96.22,96.25,96.2,96.2,1315.0,CHRW
2023-07-10 10:33:00,96.2,96.2,96.2,96.2,288.0,CHRW
2023-07-10 10:32:00,96.22,96.22,96.22,96.22,567.0,CHRW
2023-07-10 10:31:00,96.13,96.21,96.13,96.2,1489.0,CHRW
2023-07-10 10:30:00,96.22,96.23,96.17,96.18,1661.0,CHRW
2023-07-10 10:29:00,96.22,96.22,96.22,96.22,680.0,CHRW
2023-07-10 10:28:00,96.185,96.22,96.185,96.22,1260.0,CHRW
2023-07-10 10:27:00,96.22,96.22,96.19,96.19,1019.0,CHRW
2023-07-10 10:26:00,96.22,96.22,96.22,96.22,230.0,CHRW
2023-07-10 10:25:00,96.29,96.32,96.27,96.27,1551.0,CHRW
2023-07-10 10:21:00,96.24,96.25,96.22,96.22,1147.0,CHRW
2023-07-10 10:19:00,96.2,96.2,96.17,96.19,868.0,CHRW
2023-07-10 10:18:00,96.2,96.2,96.2,96.2,529.0,CHRW
2023-07-10 10:16:00,96.17,96.24,96.15,96.24,1782.0,CHRW
2023-07-10 10:15:00,96.19,96.195,96.15,96.195,2833.0,CHRW
2023-07-10 10:14:00,96.185,96.2,96.185,96.2,281.0,CHRW
2023-07-10 10:13:00,96.17,96.17,96.17,96.17,1193.0,CHRW
2023-07-10 10:12:00,96.195,96.23,96.195,96.2,1831.0,CHRW
2023-07-10 10:11:00,96.24,96.24,96.19,96.195,1322.0,CHRW
2023-07-10 10:09:00,96.25,96.28,96.24,96.28,1064.0,CHRW
2023-07-10 10:08:00,96.255,96.33,96.255,96.3,1227.0,CHRW
2023-07-10 10:07:00,96.27,96.27,96.27,96.27,302.0,CHRW
2023-07-10 10:06:00,96.21,96.23,96.21,96.23,784.0,CHRW
2023-07-10 10:05:00,96.1,96.21,96.1,96.19,2051.0,CHRW
2023-07-10 10:04:00,96.04,96.06,96.04,96.06,1842.0,CHRW
2023-07-10 10:03:00,96.1,96.13,96.04,96.045,2516.0,CHRW
2023-07-10 10:02:00,96.155,96.155,96.08,96.08,2364.0,CHRW
2023-07-10 10:00:00,96.19,96.2,96.135,96.16,1515.0,CHRW
2023-07-10 09:59:00,96.13,96.13,96.13,96.13,275.0,CHRW
2023-07-10 09:58:00,96.14,96.145,96.14,96.145,201.0,CHRW
2023-07-10 09:57:00,96.14,96.2,96.14,96.2,1312.0,CHRW
2023-07-10 09:56:00,96.1,96.14,96.1,96.14,888.0,CHRW
2023-07-10 09:55:00,95.96,96.07,95.96,96.01,1721.0,CHRW
2023-07-10 09:54:00,95.975,95.975,95.93,95.93,284.0,CHRW
2023-07-10 09:53:00,96.01,96.01,95.97,95.97,1416.0,CHRW
2023-07-10 09:52:00,95.94,96.065,95.94,96.065,1923.0,CHRW
2023-07-10 09:51:00,95.85,95.89,95.85,95.88,1347.0,CHRW
2023-07-10 09:50:00,95.79,95.79,95.77,95.77,713.0,CHRW
2023-07-10 09:49:00,95.88,95.97,95.76,95.76,3273.0,CHRW
2023-07-10 09:48:00,95.91,95.91,95.91,95.91,256.0,CHRW
2023-07-10 09:47:00,95.851,95.851,95.851,95.851,255.0,CHRW
2023-07-10 09:46:00,95.88,95.88,95.88,95.88,145.0,CHRW
2023-07-10 09:44:00,95.76,95.81,95.76,95.81,578.0,CHRW
2023-07-10 09:43:00,95.69,95.69,95.69,95.69,218.0,CHRW
2023-07-10 09:42:00,95.71,95.71,95.685,95.685,836.0,CHRW
2023-07-10 09:41:00,95.66,95.73,95.66,95.73,1317.0,CHRW
2023-07-10 09:40:00,95.58,95.58,95.58,95.58,135.0,CHRW
2023-07-10 09:39:00,95.9,95.94,95.775,95.775,1803.0,CHRW
2023-07-10 09:38:00,95.86,95.86,95.82,95.82,1320.0,CHRW
2023-07-10 09:37:00,95.85,95.91,95.85,95.9,1004.0,CHRW
2023-07-10 09:36:00,95.7,95.82,95.61,95.81,2605.0,CHRW
2023-07-10 09:35:00,95.846,95.846,95.76,95.76,1031.0,CHRW
2023-07-10 09:34:00,95.85,95.85,95.85,95.85,489.0,CHRW
2023-07-10 09:33:00,95.79,95.79,95.74,95.74,944.0,CHRW
2023-07-10 09:32:00,95.69,95.69,95.69,95.69,173.0,CHRW
2023-07-10 09:30:00,95.58,95.58,95.58,95.58,7926.0,CHRW
2023-07-10 08:31:00,94.7,94.8,94.7,94.8,2.0,CHRW
2023-07-10 08:04:00,95.26,95.26,95.26,95.26,1.0,CHRW
2023-07-10 07:54:00,94.78,94.85,94.78,94.85,3.0,CHRW
2023-07-07 17:00:00,94.94,94.94,94.94,94.94,2.0,CHRW
2023-07-07 16:49:00,95.18,95.18,95.18,95.18,91.0,CHRW
2023-07-07 16:25:00,94.92,95.18,94.92,94.92,219.0,CHRW
2023-07-07 16:23:00,95.26,95.26,95.26,95.26,166.0,CHRW
2023-07-07 16:13:00,95.26,95.26,95.26,95.26,1656.0,CHRW
2023-07-07 16:08:00,95.26,95.26,95.26,95.26,3037.0,CHRW
2023-07-07 16:06:00,95.18,95.18,95.18,95.18,215.0,CHRW
2023-07-07 16:02:00,95.18,95.26,95.18,95.26,1093.0,CHRW
2023-07-07 16:01:00,95.26,95.26,95.26,95.26,1483.0,CHRW
2023-07-07 16:00:00,95.26,95.27,95.26,95.26,760036.0,CHRW
2023-07-07 15:59:00,95.28,95.37,95.24,95.27,33702.0,CHRW
2023-07-07 15:58:00,95.27,95.31,95.265,95.29,13188.0,CHRW
2023-07-07 15:57:00,95.24,95.3,95.24,95.26,15499.0,CHRW
2023-07-07 15:56:00,95.295,95.295,95.23,95.23,14893.0,CHRW
2023-07-07 15:55:00,95.37,95.39,95.28,95.28,11687.0,CHRW
2023-07-07 15:54:00,95.455,95.455,95.31,95.37,12124.0,CHRW
2023-07-07 15:53:00,95.54,95.54,95.43,95.43,6742.0,CHRW
2023-07-07 15:52:00,95.48,95.58,95.46,95.55,11520.0,CHRW
2023-07-07 15:51:00,95.45,95.49,95.43,95.48,7437.0,CHRW
2023-07-07 15:50:00,95.44,95.51,95.34,95.45,16121.0,CHRW
2023-07-07 15:49:00,95.469,95.48,95.425,95.43,3796.0,CHRW
2023-07-07 15:48:00,95.52,95.55,95.46,95.475,3957.0,CHRW
2023-07-07 15:47:00,95.53,95.53,95.51,95.515,3927.0,CHRW
2023-07-07 15:46:00,95.54,95.57,95.53,95.54,4626.0,CHRW
2023-07-07 15:45:00,95.56,95.58,95.555,95.555,1870.0,CHRW
2023-07-07 15:44:00,95.54,95.6,95.535,95.58,7692.0,CHRW
2023-07-07 15:43:00,95.58,95.58,95.54,95.54,3296.0,CHRW
2023-07-07 15:42:00,95.59,95.59,95.575,95.59,1898.0,CHRW
2023-07-07 15:41:00,95.59,95.59,95.535,95.59,3391.0,CHRW
2023-07-07 15:40:00,95.59,95.6,95.58,95.591,2381.0,CHRW
2023-07-07 15:39:00,95.71,95.725,95.65,95.65,4037.0,CHRW
2023-07-07 15:38:00,95.68,95.71,95.67,95.7,3385.0,CHRW
2023-07-07 15:37:00,95.7,95.7,95.67,95.67,1039.0,CHRW
2023-07-07 15:36:00,95.75,95.75,95.7,95.7,2014.0,CHRW
2023-07-07 15:35:00,95.79,95.79,95.75,95.75,1603.0,CHRW
2023-07-07 15:34:00,95.77,95.81,95.76,95.785,2795.0,CHRW
2023-07-07 15:33:00,95.75,95.755,95.72,95.755,3941.0,CHRW
2023-07-07 15:32:00,95.74,95.76,95.74,95.74,2001.0,CHRW
2023-07-07 15:31:00,95.71,95.75,95.71,95.73,2150.0,CHRW
2023-07-07 15:30:00,95.765,95.765,95.69,95.69,2740.0,CHRW
2023-07-07 15:29:00,95.73,95.78,95.73,95.78,2086.0,CHRW
2023-07-07 15:28:00,95.77,95.785,95.76,95.76,1449.0,CHRW
2023-07-07 15:27:00,95.8,95.8,95.785,95.785,1012.0,CHRW
2023-07-07 15:26:00,95.78,95.78,95.77,95.77,1208.0,CHRW
2023-07-07 15:25:00,95.71,95.785,95.71,95.785,1536.0,CHRW
2023-07-07 15:24:00,95.73,95.73,95.67,95.71,2984.0,CHRW
2023-07-07 15:23:00,95.72,95.72,95.72,95.72,555.0,CHRW
2023-07-07 15:22:00,95.7,95.72,95.69,95.72,1158.0,CHRW
2023-07-07 15:21:00,95.7,95.725,95.7,95.71,1722.0,CHRW
2023-07-07 15:20:00,95.71,95.74,95.7,95.7,3300.0,CHRW
2023-07-07 15:19:00,95.69,95.71,95.665,95.685,1235.0,CHRW
2023-07-07 15:18:00,95.76,95.76,95.7,95.7,1294.0,CHRW
2023-07-07 15:17:00,95.77,95.79,95.76,95.78,2292.0,CHRW
2023-07-07 15:16:00,95.725,95.78,95.725,95.77,2726.0,CHRW
2023-07-07 15:15:00,95.755,95.755,95.755,95.755,596.0,CHRW
2023-07-07 15:14:00,95.71,95.71,95.71,95.71,1689.0,CHRW
2023-07-07 15:13:00,95.77,95.77,95.75,95.75,1676.0,CHRW
2023-07-07 15:12:00,95.785,95.785,95.751,95.78,2544.0,CHRW
2023-07-07 15:11:00,95.78,95.78,95.78,95.78,225.0,CHRW
2023-07-07 15:10:00,95.775,95.79,95.775,95.785,1247.0,CHRW
2023-07-07 15:09:00,95.81,95.81,95.77,95.77,1145.0,CHRW
2023-07-07 15:08:00,95.825,95.825,95.825,95.825,466.0,CHRW
2023-07-07 15:07:00,95.775,95.82,95.775,95.79,1445.0,CHRW
2023-07-07 15:06:00,95.78,95.78,95.78,95.78,312.0,CHRW
2023-07-07 15:05:00,95.726,95.775,95.726,95.77,2549.0,CHRW
2023-07-07 15:04:00,95.71,95.72,95.71,95.72,848.0,CHRW
2023-07-07 15:03:00,95.74,95.745,95.735,95.735,591.0,CHRW
2023-07-07 15:02:00,95.75,95.75,95.72,95.72,752.0,CHRW
2023-07-07 15:01:00,95.71,95.73,95.7,95.73,1312.0,CHRW
2023-07-07 15:00:00,95.72,95.74,95.71,95.74,1193.0,CHRW
2023-07-07 14:59:00,95.65,95.714,95.65,95.714,2040.0,CHRW
2023-07-07 14:58:00,95.64,95.65,95.64,95.65,827.0,CHRW
2023-07-07 14:56:00,95.595,95.64,95.595,95.64,1263.0,CHRW
2023-07-07 14:55:00,95.65,95.65,95.59,95.62,1894.0,CHRW
2023-07-07 14:54:00,95.675,95.69,95.64,95.64,1678.0,CHRW
2023-07-07 14:52:00,95.7,95.7,95.655,95.68,1797.0,CHRW
2023-07-07 14:51:00,95.72,95.73,95.71,95.71,1013.0,CHRW
2023-07-07 14:50:00,95.695,95.71,95.695,95.7,1034.0,CHRW
2023-07-07 14:49:00,95.675,95.7,95.675,95.69,468.0,CHRW
2023-07-07 14:48:00,95.67,95.715,95.67,95.715,491.0,CHRW
2023-07-07 14:47:00,95.67,95.67,95.66,95.67,1108.0,CHRW
2023-07-07 14:46:00,95.56,95.62,95.56,95.62,2815.0,CHRW
2023-07-07 14:45:00,95.525,95.545,95.525,95.545,1122.0,CHRW
2023-07-07 14:44:00,95.555,95.555,95.52,95.55,1207.0,CHRW
2023-07-07 14:43:00,95.59,95.59,95.56,95.57,1798.0,CHRW
2023-07-07 14:41:00,95.625,95.625,95.6,95.625,1063.0,CHRW
2023-07-07 14:40:00,95.63,95.63,95.63,95.63,213.0,CHRW
2023-07-07 14:39:00,95.65,95.65,95.62,95.62,1283.0,CHRW
2023-07-07 14:38:00,95.64,95.64,95.64,95.64,828.0,CHRW
2023-07-07 14:37:00,95.679,95.679,95.65,95.65,1252.0,CHRW
2023-07-07 14:36:00,95.7,95.7,95.68,95.68,786.0,CHRW
2023-07-07 14:35:00,95.63,95.7,95.63,95.7,2333.0,CHRW
2023-07-07 14:34:00,95.705,95.705,95.65,95.65,1949.0,CHRW
2023-07-07 14:33:00,95.73,95.73,95.7,95.715,720.0,CHRW
2023-07-07 14:32:00,95.73,95.73,95.71,95.725,880.0,CHRW
2023-07-07 14:31:00,95.76,95.76,95.75,95.756,904.0,CHRW
2023-07-07 14:30:00,95.77,95.77,95.77,95.77,356.0,CHRW
2023-07-07 14:28:00,95.715,95.76,95.715,95.75,1947.0,CHRW
2023-07-07 14:27:00,95.71,95.72,95.71,95.72,690.0,CHRW
2023-07-07 14:26:00,95.68,95.7,95.664,95.7,1469.0,CHRW
2023-07-07 14:25:00,95.62,95.68,95.62,95.68,2860.0,CHRW
2023-07-07 14:24:00,95.61,95.61,95.6,95.61,1626.0,CHRW
2023-07-07 14:23:00,95.615,95.615,95.615,95.615,345.0,CHRW
2023-07-07 14:22:00,95.644,95.644,95.59,95.59,609.0,CHRW
2023-07-07 14:21:00,95.605,95.63,95.605,95.605,609.0,CHRW
2023-07-07 14:20:00,95.65,95.65,95.6,95.6,720.0,CHRW
2023-07-07 14:19:00,95.615,95.615,95.615,95.615,277.0,CHRW
2023-07-07 14:18:00,95.566,95.6,95.54,95.6,2484.0,CHRW
2023-07-07 14:17:00,95.575,95.575,95.57,95.57,384.0,CHRW
2023-07-07 14:16:00,95.6,95.6,95.585,95.585,353.0,CHRW
2023-07-07 14:15:00,95.68,95.68,95.575,95.58,2911.0,CHRW
2023-07-07 14:14:00,95.705,95.705,95.705,95.705,588.0,CHRW
2023-07-07 14:13:00,95.63,95.67,95.63,95.67,1800.0,CHRW
2023-07-07 14:12:00,95.61,95.62,95.6,95.62,1307.0,CHRW
2023-07-07 14:11:00,95.595,95.595,95.595,95.595,390.0,CHRW
2023-07-07 14:10:00,95.605,95.605,95.605,95.605,668.0,CHRW
2023-07-07 14:09:00,95.58,95.605,95.58,95.605,1106.0,CHRW
2023-07-07 14:08:00,95.61,95.62,95.57,95.6,2719.0,CHRW
2023-07-07 14:07:00,95.55,95.6,95.55,95.585,3418.0,CHRW
2023-07-07 14:05:00,95.52,95.54,95.52,95.54,508.0,CHRW
2023-07-07 14:04:00,95.53,95.54,95.53,95.54,816.0,CHRW
2023-07-07 14:03:00,95.47,95.52,95.43,95.52,1674.0,CHRW
2023-07-07 14:02:00,95.505,95.505,95.505,95.505,414.0,CHRW
2023-07-07 14:01:00,95.52,95.52,95.49,95.52,416.0,CHRW
2023-07-07 14:00:00,95.57,95.57,95.54,95.54,879.0,CHRW
2023-07-07 13:59:00,95.605,95.62,95.605,95.61,980.0,CHRW
2023-07-07 13:58:00,95.575,95.63,95.575,95.62,2570.0,CHRW
2023-07-07 13:57:00,95.655,95.655,95.57,95.57,3570.0,CHRW
2023-07-07 13:56:00,95.7,95.7,95.65,95.65,939.0,CHRW
2023-07-07 13:55:00,95.73,95.73,95.725,95.725,485.0,CHRW
2023-07-07 13:54:00,95.725,95.725,95.725,95.725,446.0,CHRW
2023-07-07 13:53:00,95.705,95.74,95.705,95.74,988.0,CHRW
2023-07-07 13:52:00,95.74,95.74,95.72,95.72,582.0,CHRW
2023-07-07 13:51:00,95.71,95.76,95.71,95.76,2340.0,CHRW
2023-07-07 13:50:00,95.69,95.71,95.67,95.695,1656.0,CHRW
2023-07-07 13:49:00,95.69,95.69,95.69,95.69,536.0,CHRW
2023-07-07 13:48:00,95.7,95.71,95.695,95.71,1749.0,CHRW
2023-07-07 13:47:00,95.7,95.7,95.7,95.7,447.0,CHRW
2023-07-07 13:45:00,95.735,95.735,95.735,95.735,497.0,CHRW
2023-07-07 13:44:00,95.735,95.75,95.72,95.75,1325.0,CHRW
2023-07-07 13:43:00,95.8,95.8,95.73,95.76,2143.0,CHRW
2023-07-07 13:42:00,95.81,95.81,95.805,95.805,688.0,CHRW
2023-07-07 13:41:00,95.84,95.84,95.83,95.83,774.0,CHRW
2023-07-07 13:40:00,95.83,95.85,95.805,95.805,1664.0,CHRW
2023-07-07 13:39:00,95.77,95.82,95.77,95.82,1793.0,CHRW
2023-07-07 13:38:00,95.855,95.855,95.81,95.81,839.0,CHRW
2023-07-07 13:37:00,95.86,95.88,95.85,95.88,1344.0,CHRW
2023-07-07 13:36:00,95.89,95.92,95.89,95.89,1974.0,CHRW
2023-07-07 13:35:00,95.89,95.9,95.86,95.9,2445.0,CHRW
2023-07-07 13:34:00,95.9,95.9,95.9,95.9,452.0,CHRW
2023-07-07 13:33:00,95.9,95.907,95.9,95.907,1407.0,CHRW
2023-07-07 13:32:00,96.035,96.035,95.99,95.99,647.0,CHRW
2023-07-07 13:31:00,96.03,96.03,96.03,96.03,229.0,CHRW
2023-07-07 13:30:00,96.05,96.05,96.045,96.045,545.0,CHRW
2023-07-07 13:29:00,95.99,96.05,95.97,96.04,4330.0,CHRW
2023-07-07 13:28:00,95.98,95.98,95.98,95.98,499.0,CHRW
2023-07-07 13:27:00,95.99,96.02,95.99,96.02,675.0,CHRW
2023-07-07 13:26:00,96.045,96.07,96.02,96.02,621.0,CHRW
2023-07-07 13:25:00,96.05,96.05,96.05,96.05,127.0,CHRW
2023-07-07 13:24:00,96.05,96.06,96.02,96.06,1304.0,CHRW
2023-07-07 13:23:00,96.06,96.08,96.05,96.08,1359.0,CHRW
2023-07-07 13:22:00,96.065,96.088,96.065,96.088,1145.0,CHRW
2023-07-07 13:21:00,96.05,96.08,96.05,96.08,340.0,CHRW
2023-07-07 13:20:00,96.14,96.14,96.07,96.07,892.0,CHRW
2023-07-07 13:19:00,96.18,96.2,96.17,96.18,1877.0,CHRW
2023-07-07 13:17:00,96.16,96.16,96.16,96.16,758.0,CHRW
2023-07-07 13:16:00,96.14,96.14,96.13,96.13,823.0,CHRW
2023-07-07 13:15:00,96.095,96.12,96.08,96.12,1889.0,CHRW
2023-07-07 13:14:00,96.16,96.16,96.14,96.14,961.0,CHRW
2023-07-07 13:13:00,96.19,96.19,96.19,96.19,453.0,CHRW
2023-07-07 13:12:00,96.16,96.16,96.16,96.16,766.0,CHRW
2023-07-07 13:11:00,96.18,96.19,96.17,96.17,1044.0,CHRW
2023-07-07 13:10:00,96.21,96.21,96.21,96.21,717.0,CHRW
2023-07-07 13:08:00,96.26,96.26,96.23,96.23,1097.0,CHRW
2023-07-07 13:05:00,96.18,96.21,96.18,96.21,313.0,CHRW
2023-07-07 13:04:00,96.14,96.17,96.14,96.17,1451.0,CHRW
2023-07-07 13:03:00,96.17,96.17,96.09,96.115,1850.0,CHRW
2023-07-07 13:01:00,96.19,96.19,96.16,96.17,1218.0,CHRW
2023-07-07 13:00:00,96.21,96.25,96.2,96.23,2047.0,CHRW
2023-07-07 12:59:00,96.17,96.2,96.17,96.2,794.0,CHRW
2023-07-07 12:57:00,96.15,96.17,96.15,96.17,2123.0,CHRW
2023-07-07 12:56:00,96.14,96.14,96.11,96.13,1108.0,CHRW
2023-07-07 12:55:00,96.15,96.15,96.15,96.15,413.0,CHRW
2023-07-07 12:54:00,96.195,96.194,96.195,96.194,527.0,CHRW
2023-07-07 12:52:00,96.155,96.155,96.155,96.155,311.0,CHRW
2023-07-07 12:51:00,96.12,96.16,96.12,96.14,2329.0,CHRW
2023-07-07 12:50:00,96.16,96.16,96.12,96.14,681.0,CHRW
2023-07-07 12:48:00,96.175,96.185,96.133,96.185,1824.0,CHRW
2023-07-07 12:47:00,96.17,96.17,96.17,96.17,701.0,CHRW
2023-07-07 12:46:00,96.22,96.22,96.19,96.19,1704.0,CHRW
2023-07-07 12:45:00,96.27,96.27,96.26,96.27,1296.0,CHRW
2023-07-07 12:43:00,96.26,96.3,96.26,96.29,679.0,CHRW
2023-07-07 12:42:00,96.24,96.27,96.24,96.27,762.0,CHRW
2023-07-07 12:41:00,96.2,96.23,96.2,96.23,1057.0,CHRW
2023-07-07 12:40:00,96.28,96.28,96.19,96.19,2176.0,CHRW
2023-07-07 12:39:00,96.34,96.34,96.3,96.3,1245.0,CHRW
2023-07-07 12:38:00,96.34,96.35,96.34,96.35,295.0,CHRW
2023-07-07 12:37:00,96.35,96.35,96.32,96.32,441.0,CHRW
2023-07-07 12:36:00,96.225,96.3,96.225,96.3,1372.0,CHRW
2023-07-07 12:35:00,96.16,96.23,96.16,96.23,916.0,CHRW
2023-07-07 12:34:00,96.1,96.11,96.1,96.11,684.0,CHRW
2023-07-07 12:33:00,95.995,96.07,95.995,96.07,1135.0,CHRW
2023-07-07 12:32:00,95.975,96.0,95.975,95.98,1186.0,CHRW
2023-07-07 12:31:00,95.99,95.99,95.99,95.99,396.0,CHRW
2023-07-07 12:29:00,95.96,96.0,95.96,96.0,367.0,CHRW
2023-07-07 12:28:00,95.97,96.01,95.97,95.99,900.0,CHRW
2023-07-07 12:27:00,95.9,95.98,95.9,95.98,2044.0,CHRW
2023-07-07 12:26:00,95.88,95.88,95.88,95.88,403.0,CHRW
2023-07-07 12:25:00,95.87,95.9,95.85,95.9,2197.0,CHRW
2023-07-07 12:24:00,95.86,95.86,95.86,95.86,902.0,CHRW
2023-07-07 12:23:00,95.92,95.92,95.88,95.88,1220.0,CHRW
2023-07-07 12:22:00,95.97,95.99,95.94,95.94,1530.0,CHRW
2023-07-07 12:21:00,95.95,95.97,95.95,95.965,1639.0,CHRW
2023-07-07 12:20:00,96.0,96.0,96.0,96.0,682.0,CHRW
2023-07-07 12:19:00,95.99,95.995,95.99,95.995,568.0,CHRW
2023-07-07 12:18:00,95.99,95.99,95.93,95.99,2483.0,CHRW
2023-07-07 12:17:00,96.005,96.016,96.005,96.016,540.0,CHRW
2023-07-07 12:16:00,96.01,96.02,96.0,96.0,1221.0,CHRW
2023-07-07 12:15:00,95.87,96.0,95.86,96.0,6647.0,CHRW
2023-07-07 12:14:00,95.87,95.89,95.86,95.86,996.0,CHRW
2023-07-07 12:13:00,95.875,95.9,95.875,95.9,739.0,CHRW
2023-07-07 12:12:00,95.81,95.88,95.785,95.88,3611.0,CHRW
2023-07-07 12:11:00,95.81,95.82,95.76,95.76,1001.0,CHRW
2023-07-07 12:10:00,95.83,95.84,95.83,95.84,556.0,CHRW
2023-07-07 12:09:00,95.855,95.855,95.82,95.82,990.0,CHRW
2023-07-07 12:08:00,95.84,95.855,95.815,95.84,1526.0,CHRW
2023-07-07 12:07:00,95.84,95.84,95.84,95.84,802.0,CHRW
2023-07-07 12:06:00,95.88,95.89,95.88,95.89,332.0,CHRW
2023-07-07 12:05:00,95.84,95.885,95.84,95.875,638.0,CHRW
2023-07-07 12:04:00,95.88,95.88,95.88,95.88,1033.0,CHRW
2023-07-07 12:03:00,95.82,95.87,95.82,95.87,2361.0,CHRW
2023-07-07 12:02:00,95.94,95.94,95.8,95.8,2702.0,CHRW
2023-07-07 12:01:00,95.995,95.995,95.97,95.97,757.0,CHRW
2023-07-07 12:00:00,96.0,96.005,96.0,96.005,470.0,CHRW
2023-07-07 11:59:00,96.07,96.07,96.06,96.06,822.0,CHRW
2023-07-07 11:58:00,96.07,96.07,96.07,96.07,443.0,CHRW
2023-07-07 11:57:00,96.17,96.17,96.1,96.1,939.0,CHRW
2023-07-07 11:56:00,96.16,96.22,96.16,96.22,2516.0,CHRW
2023-07-07 11:55:00,96.15,96.185,96.15,96.185,597.0,CHRW
2023-07-07 11:54:00,96.2,96.2,96.14,96.165,909.0,CHRW
2023-07-07 11:53:00,96.23,96.23,96.202,96.202,299.0,CHRW
2023-07-07 11:52:00,96.28,96.28,96.23,96.23,1706.0,CHRW
2023-07-07 11:51:00,96.295,96.31,96.295,96.3,1616.0,CHRW
2023-07-07 11:50:00,96.3,96.3,96.29,96.295,1015.0,CHRW
2023-07-07 11:49:00,96.34,96.34,96.32,96.32,2094.0,CHRW
2023-07-07 11:48:00,96.315,96.315,96.31,96.31,577.0,CHRW
2023-07-07 11:47:00,96.35,96.35,96.315,96.315,2363.0,CHRW
2023-07-07 11:46:00,96.35,96.35,96.35,96.35,487.0,CHRW
2023-07-07 11:45:00,96.405,96.405,96.385,96.384,646.0,CHRW
2023-07-07 11:44:00,96.44,96.44,96.39,96.4,2220.0,CHRW
2023-07-07 11:43:00,96.48,96.49,96.44,96.44,1016.0,CHRW
2023-07-07 11:42:00,96.47,96.475,96.46,96.475,406.0,CHRW
2023-07-07 11:41:00,96.47,96.5,96.45,96.45,2313.0,CHRW
2023-07-07 11:40:00,96.36,96.43,96.353,96.43,5550.0,CHRW
2023-07-07 11:39:00,96.4,96.4,96.35,96.35,828.0,CHRW
2023-07-07 11:38:00,96.435,96.435,96.42,96.42,1010.0,CHRW
2023-07-07 11:37:00,96.46,96.46,96.435,96.435,1584.0,CHRW
2023-07-07 11:36:00,96.335,96.47,96.335,96.44,5413.0,CHRW
2023-07-07 11:35:00,96.35,96.37,96.34,96.34,1061.0,CHRW
2023-07-07 11:34:00,96.14,96.31,96.14,96.31,4070.0,CHRW
2023-07-07 11:33:00,96.04,96.12,96.04,96.12,3499.0,CHRW
2023-07-07 11:32:00,96.12,96.13,96.06,96.06,1481.0,CHRW
2023-07-07 11:31:00,96.12,96.12,96.1,96.1,747.0,CHRW
2023-07-07 11:30:00,96.15,96.18,96.12,96.13,4271.0,CHRW
2023-07-07 11:28:00,96.185,96.185,96.16,96.17,832.0,CHRW
2023-07-07 11:27:00,96.13,96.19,96.11,96.19,2674.0,CHRW
2023-07-07 11:26:00,96.1,96.12,96.1,96.12,975.0,CHRW
2023-07-07 11:25:00,96.18,96.18,96.15,96.15,958.0,CHRW
2023-07-07 11:24:00,96.185,96.185,96.185,96.185,495.0,CHRW
2023-07-07 11:23:00,96.095,96.2,96.07,96.18,5750.0,CHRW
2023-07-07 11:22:00,96.125,96.125,96.125,96.125,678.0,CHRW
2023-07-07 11:21:00,96.175,96.185,96.15,96.17,1622.0,CHRW
2023-07-07 11:20:00,96.14,96.18,96.14,96.18,746.0,CHRW
2023-07-07 11:19:00,96.144,96.195,96.144,96.18,790.0,CHRW
2023-07-07 11:18:00,96.3,96.3,96.22,96.22,2279.0,CHRW
2023-07-07 11:17:00,96.34,96.34,96.3,96.335,899.0,CHRW
2023-07-07 11:15:00,96.3,96.37,96.26,96.355,5404.0,CHRW
2023-07-07 11:14:00,96.32,96.32,96.32,96.32,206.0,CHRW
2023-07-07 11:13:00,96.34,96.35,96.32,96.32,954.0,CHRW
2023-07-07 11:12:00,96.275,96.34,96.275,96.34,2516.0,CHRW
2023-07-07 11:11:00,96.28,96.28,96.28,96.28,177.0,CHRW
2023-07-07 11:10:00,96.36,96.36,96.285,96.285,1376.0,CHRW
2023-07-07 11:09:00,96.31,96.41,96.31,96.41,2379.0,CHRW
2023-07-07 11:08:00,96.38,96.38,96.32,96.32,2092.0,CHRW
2023-07-07 11:07:00,96.35,96.35,96.28,96.35,3921.0,CHRW
2023-07-07 11:06:00,96.39,96.43,96.36,96.36,4143.0,CHRW
2023-07-07 11:05:00,96.37,96.37,96.35,96.35,1056.0,CHRW
2023-07-07 11:04:00,96.3,96.3,96.3,96.3,346.0,CHRW
2023-07-07 11:03:00,96.29,96.3,96.18,96.3,5008.0,CHRW
2023-07-07 11:02:00,96.32,96.32,96.31,96.31,1139.0,CHRW
2023-07-07 11:01:00,96.335,96.335,96.335,96.335,309.0,CHRW
2023-07-07 11:00:00,96.335,96.35,96.3,96.335,3166.0,CHRW
2023-07-07 10:59:00,96.22,96.335,96.22,96.335,1791.0,CHRW
2023-07-07 10:58:00,96.23,96.23,96.23,96.23,840.0,CHRW
2023-07-07 10:57:00,96.22,96.22,96.22,96.22,261.0,CHRW
2023-07-07 10:56:00,96.15,96.18,96.13,96.18,2368.0,CHRW
2023-07-07 10:55:00,96.095,96.16,96.095,96.16,1668.0,CHRW
2023-07-07 10:54:00,95.965,96.09,95.965,96.09,4080.0,CHRW
2023-07-07 10:53:00,95.98,95.98,95.96,95.96,1177.0,CHRW
2023-07-07 10:52:00,96.0,96.0,95.95,95.975,491.0,CHRW
2023-07-07 10:51:00,95.96,95.99,95.96,95.99,3181.0,CHRW
2023-07-07 10:50:00,95.99,96.03,95.98,96.0,3269.0,CHRW
2023-07-07 10:49:00,95.95,95.99,95.945,95.96,2791.0,CHRW
2023-07-07 10:48:00,96.07,96.07,95.99,95.99,2233.0,CHRW
2023-07-07 10:47:00,96.02,96.09,96.01,96.08,5076.0,CHRW
2023-07-07 10:46:00,96.025,96.025,95.96,95.96,1152.0,CHRW
2023-07-07 10:45:00,96.06,96.06,96.02,96.02,1089.0,CHRW
2023-07-07 10:44:00,96.1,96.1,96.06,96.06,1593.0,CHRW
2023-07-07 10:43:00,96.107,96.141,96.107,96.125,538.0,CHRW
2023-07-07 10:42:00,96.14,96.14,96.13,96.13,996.0,CHRW
2023-07-07 10:40:00,96.01,96.165,96.01,96.15,3396.0,CHRW
2023-07-07 10:39:00,95.97,95.992,95.97,95.992,753.0,CHRW
2023-07-07 10:38:00,95.895,96.01,95.895,96.01,11985.0,CHRW
2023-07-07 10:36:00,95.87,95.93,95.85,95.92,1328.0,CHRW
2023-07-07 10:35:00,95.82,95.865,95.82,95.865,2191.0,CHRW
2023-07-07 10:34:00,95.78,95.78,95.71,95.78,5041.0,CHRW
2023-07-07 10:33:00,95.75,95.81,95.73,95.81,2086.0,CHRW
2023-07-07 10:32:00,95.75,95.78,95.75,95.78,1165.0,CHRW
2023-07-07 10:31:00,95.61,95.855,95.61,95.855,4570.0,CHRW
2023-07-07 10:30:00,95.72,95.725,95.625,95.625,2157.0,CHRW
2023-07-07 10:29:00,95.83,95.83,95.76,95.76,2222.0,CHRW
2023-07-07 10:28:00,95.87,95.87,95.87,95.87,356.0,CHRW
2023-07-07 10:27:00,95.83,95.83,95.81,95.83,747.0,CHRW
2023-07-07 10:26:00,95.74,95.8,95.72,95.8,1164.0,CHRW
2023-07-07 10:25:00,95.68,95.73,95.68,95.73,2487.0,CHRW
2023-07-07 10:24:00,95.65,95.66,95.64,95.64,1105.0,CHRW
2023-07-07 10:23:00,95.755,95.755,95.66,95.66,2328.0,CHRW
2023-07-07 10:22:00,95.73,95.73,95.73,95.73,921.0,CHRW
2023-07-07 10:21:00,95.71,95.71,95.71,95.71,374.0,CHRW
2023-07-07 10:20:00,95.74,95.74,95.725,95.725,474.0,CHRW
2023-07-07 10:19:00,95.628,95.73,95.628,95.73,1537.0,CHRW
2023-07-07 10:18:00,95.605,95.63,95.605,95.63,1344.0,CHRW
2023-07-07 10:17:00,95.5,95.6,95.5,95.6,2779.0,CHRW
2023-07-07 10:16:00,95.56,95.57,95.497,95.497,1944.0,CHRW
2023-07-07 10:15:00,95.61,95.61,95.61,95.61,996.0,CHRW
2023-07-07 10:14:00,95.64,95.64,95.64,95.64,288.0,CHRW
2023-07-07 10:13:00,95.6,95.63,95.57,95.63,3658.0,CHRW
2023-07-07 10:12:00,95.65,95.66,95.613,95.613,1069.0,CHRW
2023-07-07 10:11:00,95.77,95.77,95.67,95.69,2335.0,CHRW
2023-07-07 10:10:00,95.78,95.79,95.77,95.79,1353.0,CHRW
2023-07-07 10:09:00,95.75,95.775,95.72,95.765,1684.0,CHRW
2023-07-07 10:08:00,95.665,95.81,95.665,95.81,12760.0,CHRW
2023-07-07 10:07:00,95.66,95.66,95.66,95.66,721.0,CHRW
2023-07-07 10:06:00,95.51,95.68,95.51,95.667,3160.0,CHRW
2023-07-07 10:05:00,95.67,95.67,95.58,95.61,1285.0,CHRW
2023-07-07 10:04:00,95.705,95.705,95.68,95.68,811.0,CHRW
2023-07-07 10:03:00,95.74,95.74,95.72,95.72,1593.0,CHRW
2023-07-07 10:02:00,95.72,95.77,95.7,95.77,1682.0,CHRW
2023-07-07 10:01:00,95.785,95.785,95.67,95.67,2485.0,CHRW
2023-07-07 10:00:00,95.8,95.84,95.79,95.84,1507.0,CHRW
2023-07-07 09:58:00,95.78,95.81,95.78,95.8,1127.0,CHRW
2023-07-07 09:57:00,95.88,95.88,95.77,95.815,1591.0,CHRW
2023-07-07 09:56:00,95.878,95.878,95.878,95.878,439.0,CHRW
2023-07-07 09:55:00,95.84,95.877,95.82,95.875,1260.0,CHRW
2023-07-07 09:54:00,95.92,95.92,95.77,95.807,1086.0,CHRW
2023-07-07 09:53:00,95.94,95.98,95.94,95.98,705.0,CHRW
2023-07-07 09:52:00,96.0,96.05,95.92,95.92,582.0,CHRW
2023-07-07 09:51:00,96.01,96.05,96.0,96.0,2354.0,CHRW
2023-07-07 09:50:00,95.93,96.1,95.885,96.07,3645.0,CHRW
2023-07-07 09:49:00,95.775,95.88,95.775,95.88,2568.0,CHRW
2023-07-07 09:48:00,95.78,95.8,95.76,95.785,2196.0,CHRW
2023-07-07 09:47:00,95.72,95.8,95.72,95.75,600.0,CHRW
2023-07-07 09:46:00,95.725,95.83,95.71,95.725,1035.0,CHRW
2023-07-07 09:45:00,95.76,95.76,95.62,95.76,1554.0,CHRW
2023-07-07 09:44:00,95.66,95.85,95.66,95.815,26859.0,CHRW
2023-07-07 09:43:00,95.63,95.63,95.566,95.566,417.0,CHRW
2023-07-07 09:42:00,95.68,95.72,95.66,95.68,1728.0,CHRW
2023-07-07 09:41:00,95.8,95.8,95.8,95.8,725.0,CHRW
2023-07-07 09:40:00,95.86,95.92,95.65,95.755,1738.0,CHRW
2023-07-07 09:39:00,96.06,96.06,95.96,95.96,873.0,CHRW
2023-07-07 09:38:00,96.09,96.16,96.03,96.03,2353.0,CHRW
2023-07-07 09:37:00,96.0,96.08,95.96,95.96,1727.0,CHRW
2023-07-07 09:36:00,95.905,96.04,95.85,96.04,1517.0,CHRW
2023-07-07 09:35:00,95.79,96.08,95.79,96.045,5663.0,CHRW
2023-07-07 09:34:00,95.67,95.735,95.65,95.735,1275.0,CHRW
2023-07-07 09:33:00,95.53,95.74,95.53,95.74,494.0,CHRW
2023-07-07 09:32:00,95.43,95.44,95.43,95.44,503.0,CHRW
2023-07-07 09:31:00,95.3,95.37,95.3,95.37,1642.0,CHRW
2023-07-07 09:30:00,95.04,95.28,95.04,95.28,9435.0,CHRW
2023-07-07 09:25:00,95.7,95.8,95.43,95.54,32.0,CHRW
2023-07-07 08:36:00,94.93,94.94,94.93,94.94,28.0,CHRW
2023-07-07 08:34:00,94.93,94.93,94.93,94.93,1.0,CHRW
2023-07-07 08:31:00,94.94,94.94,94.94,94.94,50.0,CHRW
2023-07-07 08:30:00,93.71,93.71,93.71,93.71,4.0,CHRW
2023-07-07 08:02:00,94.94,94.94,94.94,94.94,1.0,CHRW
2023-07-07 08:00:00,94.94,94.94,94.94,94.94,2.0,CHRW
2023-07-07 07:31:00,94.96,94.96,94.95,94.95,4.0,CHRW
2023-07-07 07:22:00,95.0,95.0,94.94,94.94,2.0,CHRW
2023-07-07 07:18:00,95.0,95.0,94.94,94.94,2.0,CHRW
2023-07-06 17:06:00,94.94,94.94,94.94,94.94,1796.0,CHRW
2023-07-06 16:28:00,94.94,94.94,94.94,94.94,316.0,CHRW
2023-07-06 16:25:00,94.94,94.94,94.94,94.94,198.0,CHRW
2023-07-06 16:17:00,94.94,94.94,94.94,94.94,488.0,CHRW
2023-07-06 16:11:00,94.94,94.94,94.94,94.94,763.0,CHRW
2023-07-06 16:07:00,94.94,94.94,94.94,94.94,58.0,CHRW
2023-07-06 16:04:00,93.46,93.46,93.46,93.46,1.0,CHRW
2023-07-06 16:03:00,94.94,94.94,94.94,94.94,1140.0,CHRW
2023-07-06 16:02:00,94.94,94.94,94.94,94.94,5161.0,CHRW
2023-07-06 16:01:00,94.94,94.94,94.94,94.94,988.0,CHRW
2023-07-06 16:00:00,94.95,94.95,94.94,94.94,360120.0,CHRW
2023-07-06 15:59:00,94.92,94.96,94.888,94.95,34962.0,CHRW
2023-07-06 15:58:00,94.9,94.94,94.89,94.94,18711.0,CHRW
2023-07-06 15:57:00,94.9,94.97,94.89,94.92,14738.0,CHRW
2023-07-06 15:56:00,94.93,94.95,94.88,94.9,10642.0,CHRW
2023-07-06 15:55:00,94.93,94.945,94.92,94.94,8777.0,CHRW
2023-07-06 15:54:00,95.06,95.08,94.91,94.92,19195.0,CHRW
2023-07-06 15:53:00,95.08,95.09,95.05,95.075,8235.0,CHRW
2023-07-06 15:52:00,95.14,95.16,95.1,95.1,5779.0,CHRW
2023-07-06 15:51:00,95.16,95.18,95.131,95.16,5351.0,CHRW
2023-07-06 15:50:00,95.18,95.2,95.09,95.16,8198.0,CHRW
2023-07-06 15:49:00,95.2,95.21,95.17,95.17,5460.0,CHRW
2023-07-06 15:48:00,95.17,95.2,95.16,95.182,4648.0,CHRW
2023-07-06 15:47:00,95.155,95.19,95.14,95.16,3889.0,CHRW
2023-07-06 15:46:00,95.095,95.16,95.095,95.16,10636.0,CHRW
2023-07-06 15:45:00,95.07,95.11,95.06,95.095,7279.0,CHRW
2023-07-06 15:44:00,95.063,95.08,95.063,95.07,2248.0,CHRW
2023-07-06 15:43:00,94.99,95.065,94.99,95.065,3475.0,CHRW
2023-07-06 15:42:00,94.96,94.99,94.96,94.99,3391.0,CHRW
2023-07-06 15:41:00,94.95,94.96,94.95,94.96,568.0,CHRW
2023-07-06 15:40:00,94.93,94.94,94.93,94.94,1583.0,CHRW
2023-07-06 15:39:00,94.965,94.97,94.9,94.92,5730.0,CHRW
2023-07-06 15:38:00,94.96,94.975,94.96,94.965,1446.0,CHRW
2023-07-06 15:37:00,94.93,94.965,94.91,94.965,2791.0,CHRW
2023-07-06 15:36:00,94.935,94.96,94.935,94.945,1337.0,CHRW
2023-07-06 15:35:00,94.94,94.94,94.94,94.94,1013.0,CHRW
2023-07-06 15:34:00,94.958,94.958,94.9,94.92,2925.0,CHRW
2023-07-06 15:33:00,94.92,94.94,94.92,94.94,2183.0,CHRW
2023-07-06 15:32:00,94.86,94.91,94.86,94.91,4029.0,CHRW
2023-07-06 15:31:00,94.8,94.83,94.8,94.83,2193.0,CHRW
2023-07-06 15:30:00,94.84,94.84,94.79,94.79,2004.0,CHRW
2023-07-06 15:29:00,94.89,94.89,94.86,94.86,696.0,CHRW
2023-07-06 15:28:00,94.87,94.89,94.87,94.882,1776.0,CHRW
2023-07-06 15:27:00,94.89,94.89,94.865,94.865,929.0,CHRW
2023-07-06 15:26:00,94.95,94.95,94.91,94.91,1682.0,CHRW
2023-07-06 15:25:00,94.92,94.94,94.9,94.94,1905.0,CHRW
2023-07-06 15:24:00,94.91,94.94,94.91,94.91,2196.0,CHRW
2023-07-06 15:23:00,94.925,94.93,94.925,94.93,514.0,CHRW
2023-07-06 15:22:00,94.96,94.96,94.92,94.92,898.0,CHRW
2023-07-06 15:21:00,94.94,94.98,94.94,94.98,1761.0,CHRW
2023-07-06 15:20:00,94.97,94.97,94.92,94.92,1407.0,CHRW
2023-07-06 15:18:00,94.96,95.0,94.94,95.0,2680.0,CHRW
2023-07-06 15:17:00,94.93,94.99,94.93,94.99,1203.0,CHRW
2023-07-06 15:16:00,94.96,94.96,94.96,94.96,610.0,CHRW
2023-07-06 15:15:00,94.94,94.97,94.94,94.96,1179.0,CHRW
2023-07-06 15:14:00,94.95,94.95,94.95,94.95,213.0,CHRW
2023-07-06 15:13:00,94.91,94.95,94.91,94.95,1410.0,CHRW
2023-07-06 15:12:00,94.93,94.94,94.93,94.935,718.0,CHRW
2023-07-06 15:11:00,94.94,94.98,94.94,94.975,1874.0,CHRW
2023-07-06 15:10:00,94.94,94.95,94.93,94.94,1252.0,CHRW
2023-07-06 15:09:00,94.99,94.99,94.99,94.99,513.0,CHRW
2023-07-06 15:08:00,95.02,95.02,95.0,95.01,548.0,CHRW
2023-07-06 15:07:00,94.97,95.01,94.97,95.01,769.0,CHRW
2023-07-06 15:06:00,94.949,94.97,94.949,94.97,1397.0,CHRW
2023-07-06 15:05:00,94.93,94.97,94.93,94.95,1283.0,CHRW
2023-07-06 15:04:00,94.92,94.92,94.92,94.92,616.0,CHRW
2023-07-06 15:03:00,94.93,94.935,94.93,94.935,768.0,CHRW
2023-07-06 15:02:00,94.96,94.96,94.93,94.93,1695.0,CHRW
2023-07-06 15:01:00,94.96,94.97,94.96,94.97,919.0,CHRW
2023-07-06 14:59:00,94.95,94.96,94.95,94.96,1152.0,CHRW
2023-07-06 14:58:00,94.92,94.93,94.92,94.93,592.0,CHRW
2023-07-06 14:57:00,94.92,94.94,94.92,94.93,1042.0,CHRW
2023-07-06 14:56:00,94.94,94.94,94.93,94.93,1091.0,CHRW
2023-07-06 14:55:00,94.94,94.94,94.94,94.94,219.0,CHRW
2023-07-06 14:54:00,94.92,94.93,94.92,94.93,611.0,CHRW
2023-07-06 14:53:00,94.84,94.87,94.84,94.86,2601.0,CHRW
2023-07-06 14:52:00,94.9,94.9,94.87,94.88,887.0,CHRW
2023-07-06 14:51:00,94.9,94.91,94.885,94.91,2507.0,CHRW
2023-07-06 14:50:00,94.89,94.9,94.89,94.9,731.0,CHRW
2023-07-06 14:49:00,94.88,94.88,94.875,94.875,1486.0,CHRW
2023-07-06 14:48:00,94.88,94.88,94.88,94.88,362.0,CHRW
2023-07-06 14:47:00,94.815,94.83,94.81,94.83,912.0,CHRW
2023-07-06 14:46:00,94.765,94.81,94.76,94.81,1838.0,CHRW
2023-07-06 14:45:00,94.74,94.74,94.74,94.74,343.0,CHRW
2023-07-06 14:44:00,94.66,94.71,94.66,94.71,1326.0,CHRW
2023-07-06 14:43:00,94.66,94.66,94.66,94.66,378.0,CHRW
2023-07-06 14:42:00,94.68,94.68,94.68,94.68,454.0,CHRW
2023-07-06 14:40:00,94.69,94.69,94.68,94.68,1156.0,CHRW
2023-07-06 14:39:00,94.7,94.71,94.7,94.71,745.0,CHRW
2023-07-06 14:38:00,94.65,94.65,94.65,94.65,829.0,CHRW
2023-07-06 14:36:00,94.595,94.65,94.595,94.65,1664.0,CHRW
2023-07-06 14:35:00,94.6,94.62,94.6,94.62,1284.0,CHRW
2023-07-06 14:34:00,94.59,94.62,94.59,94.62,914.0,CHRW
2023-07-06 14:33:00,94.63,94.63,94.61,94.61,548.0,CHRW
2023-07-06 14:32:00,94.64,94.64,94.63,94.63,761.0,CHRW
2023-07-06 14:30:00,94.65,94.65,94.645,94.645,817.0,CHRW
2023-07-06 14:29:00,94.64,94.65,94.64,94.65,559.0,CHRW
2023-07-06 14:27:00,94.695,94.72,94.69,94.69,634.0,CHRW
2023-07-06 14:26:00,94.615,94.72,94.615,94.72,2000.0,CHRW
2023-07-06 14:25:00,94.62,94.64,94.62,94.63,1155.0,CHRW
2023-07-06 14:24:00,94.6,94.6,94.6,94.6,466.0,CHRW
2023-07-06 14:23:00,94.63,94.63,94.63,94.63,606.0,CHRW
2023-07-06 14:22:00,94.6,94.62,94.59,94.62,3098.0,CHRW
2023-07-06 14:21:00,94.61,94.61,94.6,94.6,549.0,CHRW
2023-07-06 14:20:00,94.655,94.655,94.65,94.65,679.0,CHRW
2023-07-06 14:19:00,94.63,94.63,94.63,94.63,839.0,CHRW
2023-07-06 14:18:00,94.595,94.62,94.595,94.6,1926.0,CHRW
2023-07-06 14:17:00,94.64,94.64,94.63,94.63,958.0,CHRW
2023-07-06 14:16:00,94.62,94.62,94.62,94.62,132.0,CHRW
2023-07-06 14:15:00,94.6,94.62,94.595,94.62,2798.0,CHRW
2023-07-06 14:14:00,94.6,94.6,94.6,94.6,422.0,CHRW
2023-07-06 14:13:00,94.63,94.63,94.63,94.63,953.0,CHRW
2023-07-06 14:12:00,94.674,94.674,94.62,94.62,1302.0,CHRW
2023-07-06 14:11:00,94.64,94.65,94.64,94.65,523.0,CHRW
2023-07-06 14:10:00,94.67,94.67,94.67,94.67,619.0,CHRW
2023-07-06 14:09:00,94.623,94.69,94.623,94.68,1900.0,CHRW
2023-07-06 14:08:00,94.63,94.63,94.615,94.615,1326.0,CHRW
2023-07-06 14:07:00,94.65,94.67,94.63,94.63,1303.0,CHRW
2023-07-06 14:05:00,94.58,94.65,94.58,94.65,2378.0,CHRW
2023-07-06 14:03:00,94.6,94.62,94.595,94.6,1829.0,CHRW
2023-07-06 14:02:00,94.6,94.61,94.6,94.61,244.0,CHRW
2023-07-06 14:01:00,94.61,94.615,94.6,94.615,1150.0,CHRW
2023-07-06 13:59:00,94.65,94.65,94.65,94.65,251.0,CHRW
2023-07-06 13:58:00,94.67,94.67,94.67,94.67,1959.0,CHRW
2023-07-06 13:57:00,94.635,94.635,94.635,94.635,381.0,CHRW
2023-07-06 13:56:00,94.615,94.65,94.615,94.65,842.0,CHRW
2023-07-06 13:55:00,94.6,94.62,94.6,94.62,1638.0,CHRW
2023-07-06 13:54:00,94.64,94.65,94.64,94.65,548.0,CHRW
2023-07-06 13:52:00,94.62,94.67,94.62,94.67,1892.0,CHRW
2023-07-06 13:51:00,94.6,94.6,94.6,94.6,290.0,CHRW
2023-07-06 13:50:00,94.629,94.629,94.59,94.61,443.0,CHRW
2023-07-06 13:49:00,94.56,94.6,94.56,94.6,728.0,CHRW
2023-07-06 13:48:00,94.59,94.59,94.565,94.565,874.0,CHRW
2023-07-06 13:45:00,94.61,94.65,94.61,94.64,2215.0,CHRW
2023-07-06 13:44:00,94.63,94.63,94.63,94.63,201.0,CHRW
2023-07-06 13:43:00,94.61,94.64,94.6,94.64,1082.0,CHRW
2023-07-06 13:42:00,94.655,94.655,94.6,94.6,1198.0,CHRW
2023-07-06 13:41:00,94.67,94.67,94.67,94.67,526.0,CHRW
2023-07-06 13:40:00,94.66,94.68,94.66,94.67,1522.0,CHRW
2023-07-06 13:39:00,94.64,94.64,94.64,94.64,172.0,CHRW
2023-07-06 13:36:00,94.59,94.64,94.59,94.63,1016.0,CHRW
2023-07-06 13:35:00,94.525,94.59,94.52,94.575,3462.0,CHRW
2023-07-06 13:34:00,94.54,94.54,94.525,94.525,663.0,CHRW
2023-07-06 13:33:00,94.57,94.57,94.54,94.54,416.0,CHRW
2023-07-06 13:32:00,94.54,94.58,94.53,94.58,1892.0,CHRW
2023-07-06 13:31:00,94.62,94.62,94.53,94.53,965.0,CHRW
2023-07-06 13:30:00,94.64,94.67,94.64,94.64,2362.0,CHRW
2023-07-06 13:29:00,94.64,94.64,94.63,94.64,866.0,CHRW
2023-07-06 13:28:00,94.64,94.64,94.62,94.63,708.0,CHRW
2023-07-06 13:27:00,94.66,94.66,94.635,94.635,642.0,CHRW
2023-07-06 13:26:00,94.66,94.66,94.635,94.635,663.0,CHRW
2023-07-06 13:25:00,94.69,94.69,94.66,94.66,667.0,CHRW
2023-07-06 13:24:00,94.67,94.7,94.67,94.69,811.0,CHRW
2023-07-06 13:23:00,94.665,94.665,94.64,94.65,1822.0,CHRW
2023-07-06 13:22:00,94.71,94.71,94.71,94.71,307.0,CHRW
2023-07-06 13:21:00,94.68,94.7,94.66,94.7,1071.0,CHRW
2023-07-06 13:20:00,94.61,94.67,94.61,94.67,1142.0,CHRW
2023-07-06 13:19:00,94.65,94.65,94.625,94.625,533.0,CHRW
2023-07-06 13:18:00,94.64,94.65,94.64,94.65,471.0,CHRW
2023-07-06 13:17:00,94.59,94.61,94.59,94.6,471.0,CHRW
2023-07-06 13:15:00,94.61,94.669,94.6,94.66,3329.0,CHRW
2023-07-06 13:14:00,94.64,94.64,94.63,94.63,802.0,CHRW
2023-07-06 13:12:00,94.665,94.665,94.66,94.66,1292.0,CHRW
2023-07-06 13:11:00,94.705,94.705,94.69,94.69,509.0,CHRW
2023-07-06 13:10:00,94.73,94.73,94.73,94.73,313.0,CHRW
2023-07-06 13:08:00,94.74,94.74,94.709,94.709,1119.0,CHRW
2023-07-06 13:07:00,94.74,94.74,94.74,94.74,312.0,CHRW
2023-07-06 13:06:00,94.715,94.73,94.715,94.73,1136.0,CHRW
2023-07-06 13:03:00,94.666,94.69,94.666,94.69,727.0,CHRW
2023-07-06 13:02:00,94.68,94.69,94.68,94.69,430.0,CHRW
2023-07-06 13:01:00,94.68,94.68,94.68,94.68,380.0,CHRW
2023-07-06 13:00:00,94.56,94.64,94.56,94.64,3324.0,CHRW
2023-07-06 12:59:00,94.62,94.62,94.6,94.6,1201.0,CHRW
2023-07-06 12:58:00,94.59,94.595,94.59,94.595,517.0,CHRW
2023-07-06 12:56:00,94.595,94.595,94.595,94.595,346.0,CHRW
2023-07-06 12:55:00,94.58,94.58,94.545,94.545,576.0,CHRW
2023-07-06 12:54:00,94.6,94.6,94.58,94.58,1020.0,CHRW
2023-07-06 12:53:00,94.56,94.6,94.55,94.6,1720.0,CHRW
2023-07-06 12:52:00,94.6,94.6,94.56,94.58,1914.0,CHRW
2023-07-06 12:50:00,94.6,94.6,94.6,94.6,254.0,CHRW
2023-07-06 12:49:00,94.62,94.63,94.62,94.63,442.0,CHRW
2023-07-06 12:48:00,94.605,94.61,94.605,94.61,560.0,CHRW
2023-07-06 12:47:00,94.57,94.57,94.57,94.57,702.0,CHRW
2023-07-06 12:46:00,94.58,94.58,94.53,94.53,680.0,CHRW
2023-07-06 12:45:00,94.501,94.56,94.495,94.56,1379.0,CHRW
2023-07-06 12:44:00,94.522,94.522,94.5,94.5,656.0,CHRW
2023-07-06 12:43:00,94.51,94.51,94.51,94.51,157.0,CHRW
2023-07-06 12:42:00,94.53,94.53,94.53,94.53,1074.0,CHRW
2023-07-06 12:41:00,94.5,94.5,94.5,94.5,300.0,CHRW
2023-07-06 12:40:00,94.5,94.5,94.5,94.5,643.0,CHRW
2023-07-06 12:39:00,94.44,94.5,94.44,94.49,2378.0,CHRW
2023-07-06 12:38:00,94.47,94.49,94.458,94.457,2495.0,CHRW
2023-07-06 12:37:00,94.549,94.549,94.5,94.5,1917.0,CHRW
2023-07-06 12:36:00,94.58,94.58,94.58,94.58,711.0,CHRW
2023-07-06 12:33:00,94.55,94.55,94.545,94.545,862.0,CHRW
2023-07-06 12:32:00,94.58,94.6,94.56,94.56,1007.0,CHRW
2023-07-06 12:31:00,94.55,94.57,94.55,94.57,1138.0,CHRW
2023-07-06 12:29:00,94.61,94.61,94.58,94.58,573.0,CHRW
2023-07-06 12:28:00,94.61,94.61,94.61,94.61,221.0,CHRW
2023-07-06 12:25:00,94.58,94.6,94.57,94.6,840.0,CHRW
2023-07-06 12:24:00,94.525,94.525,94.525,94.525,373.0,CHRW
2023-07-06 12:23:00,94.505,94.55,94.505,94.54,1393.0,CHRW
2023-07-06 12:21:00,94.545,94.545,94.485,94.515,1758.0,CHRW
2023-07-06 12:19:00,94.53,94.57,94.53,94.555,1591.0,CHRW
2023-07-06 12:18:00,94.59,94.59,94.53,94.56,1070.0,CHRW
2023-07-06 12:17:00,94.63,94.63,94.62,94.62,589.0,CHRW
2023-07-06 12:16:00,94.61,94.61,94.6,94.6,1080.0,CHRW
2023-07-06 12:15:00,94.535,94.59,94.53,94.585,2883.0,CHRW
2023-07-06 12:13:00,94.55,94.55,94.537,94.537,507.0,CHRW
2023-07-06 12:12:00,94.54,94.55,94.52,94.52,2651.0,CHRW
2023-07-06 12:11:00,94.52,94.53,94.49,94.53,1895.0,CHRW
2023-07-06 12:10:00,94.51,94.51,94.495,94.495,386.0,CHRW
2023-07-06 12:09:00,94.48,94.51,94.48,94.51,1684.0,CHRW
2023-07-06 12:08:00,94.41,94.455,94.4,94.455,2426.0,CHRW
2023-07-06 12:06:00,94.44,94.44,94.44,94.44,541.0,CHRW
2023-07-06 12:05:00,94.41,94.41,94.395,94.395,803.0,CHRW
2023-07-06 12:04:00,94.43,94.43,94.385,94.385,859.0,CHRW
2023-07-06 12:01:00,94.39,94.39,94.39,94.39,215.0,CHRW
2023-07-06 12:00:00,94.3,94.39,94.3,94.39,948.0,CHRW
2023-07-06 11:59:00,94.33,94.33,94.33,94.33,302.0,CHRW
2023-07-06 11:56:00,94.26,94.3,94.26,94.3,822.0,CHRW
2023-07-06 11:55:00,94.283,94.282,94.26,94.26,581.0,CHRW
2023-07-06 11:54:00,94.27,94.27,94.27,94.27,187.0,CHRW
2023-07-06 11:53:00,94.27,94.3,94.27,94.3,1776.0,CHRW
2023-07-06 11:52:00,94.22,94.23,94.21,94.23,1031.0,CHRW
2023-07-06 11:51:00,94.2,94.2,94.2,94.2,277.0,CHRW
2023-07-06 11:50:00,94.24,94.24,94.24,94.24,457.0,CHRW
2023-07-06 11:49:00,94.21,94.27,94.21,94.27,2046.0,CHRW
2023-07-06 11:46:00,94.05,94.07,94.05,94.07,638.0,CHRW
2023-07-06 11:45:00,94.04,94.11,94.025,94.045,2798.0,CHRW
2023-07-06 11:43:00,94.05,94.05,94.03,94.03,311.0,CHRW
2023-07-06 11:42:00,94.02,94.03,94.02,94.02,1071.0,CHRW
2023-07-06 11:41:00,93.96,93.995,93.96,93.995,789.0,CHRW
2023-07-06 11:40:00,93.99,93.99,93.97,93.97,1028.0,CHRW
2023-07-06 11:39:00,94.03,94.03,93.995,94.005,1396.0,CHRW
2023-07-06 11:37:00,94.06,94.06,94.02,94.03,2618.0,CHRW
2023-07-06 11:36:00,94.09,94.09,94.09,94.09,435.0,CHRW
2023-07-06 11:35:00,94.03,94.03,94.03,94.03,174.0,CHRW
2023-07-06 11:34:00,94.0,94.02,94.0,94.01,721.0,CHRW
2023-07-06 11:31:00,94.0,94.035,94.0,94.02,1653.0,CHRW
2023-07-06 11:30:00,93.99,93.99,93.99,93.99,503.0,CHRW
2023-07-06 11:28:00,94.06,94.06,94.0,94.0,742.0,CHRW
2023-07-06 11:27:00,94.05,94.05,94.05,94.05,349.0,CHRW
2023-07-06 11:26:00,93.99,94.055,93.99,94.055,1992.0,CHRW
2023-07-06 11:25:00,93.99,93.99,93.97,93.98,1029.0,CHRW
2023-07-06 11:24:00,93.92,93.95,93.92,93.95,894.0,CHRW
2023-07-06 11:22:00,93.91,93.91,93.89,93.89,1054.0,CHRW
2023-07-06 11:21:00,93.97,93.97,93.97,93.97,519.0,CHRW
2023-07-06 11:20:00,94.03,94.03,94.005,94.005,710.0,CHRW
2023-07-06 11:19:00,94.04,94.05,94.04,94.05,767.0,CHRW
2023-07-06 11:18:00,93.97,94.03,93.97,94.03,851.0,CHRW
2023-07-06 11:17:00,93.88,93.88,93.88,93.88,470.0,CHRW
2023-07-06 11:15:00,93.94,93.952,93.94,93.952,988.0,CHRW
2023-07-06 11:14:00,93.91,93.92,93.881,93.92,936.0,CHRW
2023-07-06 11:12:00,93.765,93.86,93.765,93.86,836.0,CHRW
2023-07-06 11:11:00,93.8,93.8,93.76,93.76,847.0,CHRW
2023-07-06 11:09:00,93.82,93.82,93.82,93.82,472.0,CHRW
2023-07-06 11:08:00,93.78,93.82,93.78,93.82,455.0,CHRW
2023-07-06 11:07:00,93.78,93.78,93.77,93.77,975.0,CHRW
2023-07-06 11:06:00,93.8,93.805,93.8,93.805,497.0,CHRW
2023-07-06 11:05:00,93.76,93.76,93.76,93.76,199.0,CHRW
2023-07-06 11:04:00,93.74,93.745,93.74,93.745,694.0,CHRW
2023-07-06 11:03:00,93.68,93.72,93.68,93.72,822.0,CHRW
2023-07-06 11:02:00,93.719,93.719,93.719,93.719,790.0,CHRW
2023-07-06 11:01:00,93.65,93.67,93.65,93.67,730.0,CHRW
2023-07-06 11:00:00,93.64,93.69,93.63,93.69,1461.0,CHRW
2023-07-06 10:59:00,93.586,93.63,93.586,93.6,784.0,CHRW
2023-07-06 10:58:00,93.595,93.65,93.595,93.65,820.0,CHRW
2023-07-06 10:56:00,93.61,93.67,93.598,93.65,1392.0,CHRW
2023-07-06 10:55:00,93.64,93.64,93.571,93.57,1347.0,CHRW
2023-07-06 10:54:00,93.75,93.75,93.75,93.75,599.0,CHRW
2023-07-06 10:53:00,93.67,93.81,93.67,93.7,5621.0,CHRW
2023-07-06 10:52:00,93.625,93.65,93.625,93.65,989.0,CHRW
2023-07-06 10:48:00,93.72,93.72,93.65,93.65,918.0,CHRW
2023-07-06 10:47:00,93.583,93.66,93.55,93.65,1622.0,CHRW
2023-07-06 10:46:00,93.67,93.67,93.5,93.58,5514.0,CHRW
2023-07-06 10:44:00,93.7,93.7,93.7,93.7,518.0,CHRW
2023-07-06 10:43:00,93.595,93.68,93.59,93.68,2234.0,CHRW
2023-07-06 10:42:00,93.61,93.61,93.585,93.585,1842.0,CHRW
2023-07-06 10:41:00,93.555,93.57,93.555,93.57,916.0,CHRW
2023-07-06 10:40:00,93.55,93.55,93.55,93.55,1090.0,CHRW
2023-07-06 10:39:00,93.675,93.675,93.675,93.675,283.0,CHRW
2023-07-06 10:38:00,93.605,93.68,93.605,93.68,1686.0,CHRW
2023-07-06 10:37:00,93.74,93.74,93.635,93.635,1419.0,CHRW
2023-07-06 10:36:00,93.89,93.89,93.83,93.83,956.0,CHRW
2023-07-06 10:34:00,93.75,93.75,93.75,93.75,1104.0,CHRW
2023-07-06 10:33:00,93.8,93.81,93.74,93.74,1465.0,CHRW
2023-07-06 10:32:00,93.75,93.75,93.75,93.75,817.0,CHRW
2023-07-06 10:31:00,93.552,93.76,93.552,93.76,2414.0,CHRW
2023-07-06 10:29:00,93.57,93.57,93.42,93.56,1891.0,CHRW
2023-07-06 10:28:00,93.58,93.595,93.54,93.595,1989.0,CHRW
2023-07-06 10:27:00,93.53,93.53,93.53,93.53,588.0,CHRW
2023-07-06 10:25:00,93.72,93.72,93.7,93.7,605.0,CHRW
2023-07-06 10:24:00,93.62,93.72,93.62,93.705,1147.0,CHRW
2023-07-06 10:23:00,93.559,93.559,93.54,93.54,422.0,CHRW
2023-07-06 10:22:00,93.641,93.66,93.62,93.62,1320.0,CHRW
2023-07-06 10:21:00,93.77,93.77,93.61,93.68,2305.0,CHRW
2023-07-06 10:20:00,93.84,93.84,93.765,93.765,774.0,CHRW
2023-07-06 10:19:00,93.79,93.85,93.78,93.8,1077.0,CHRW
2023-07-06 10:18:00,93.81,93.82,93.8,93.8,1248.0,CHRW
2023-07-06 10:17:00,93.795,93.82,93.795,93.82,566.0,CHRW
2023-07-06 10:15:00,93.97,94.0,93.88,93.88,2257.0,CHRW
2023-07-06 10:14:00,93.82,93.95,93.82,93.94,3406.0,CHRW
2023-07-06 10:13:00,93.92,93.92,93.845,93.9,1369.0,CHRW
2023-07-06 10:12:00,93.96,93.99,93.94,93.95,2059.0,CHRW
2023-07-06 10:11:00,94.02,94.03,93.96,93.96,3406.0,CHRW
2023-07-06 10:10:00,94.0,94.07,94.0,94.07,1034.0,CHRW
2023-07-06 10:09:00,94.115,94.115,94.04,94.05,3972.0,CHRW
2023-07-06 10:08:00,94.0,94.0,94.0,94.0,147.0,CHRW
2023-07-06 10:07:00,94.02,94.02,94.02,94.02,650.0,CHRW
2023-07-06 10:06:00,94.055,94.08,93.98,93.98,991.0,CHRW
2023-07-06 10:05:00,93.95,94.07,93.95,94.06,1163.0,CHRW
2023-07-06 10:04:00,93.985,94.1,93.98,93.98,1250.0,CHRW
2023-07-06 10:02:00,94.17,94.19,94.17,94.19,485.0,CHRW
2023-07-06 10:01:00,94.25,94.25,94.25,94.25,1126.0,CHRW
2023-07-06 10:00:00,93.965,94.14,93.965,94.14,3957.0,CHRW
2023-07-06 09:59:00,94.125,94.125,94.02,94.02,325.0,CHRW
2023-07-06 09:58:00,94.04,94.04,94.04,94.04,528.0,CHRW
2023-07-06 09:57:00,93.92,93.975,93.88,93.975,774.0,CHRW
2023-07-06 09:56:00,93.81,93.81,93.81,93.81,173.0,CHRW
2023-07-06 09:55:00,93.79,93.82,93.79,93.82,1132.0,CHRW
2023-07-06 09:53:00,93.9,93.9,93.9,93.9,553.0,CHRW
2023-07-06 09:52:00,93.89,93.89,93.89,93.89,942.0,CHRW
2023-07-06 09:51:00,94.005,94.005,94.005,94.005,680.0,CHRW
2023-07-06 09:50:00,93.8,93.84,93.79,93.84,679.0,CHRW
2023-07-06 09:48:00,93.62,93.64,93.62,93.64,794.0,CHRW
2023-07-06 09:47:00,93.58,93.68,93.58,93.67,1817.0,CHRW
2023-07-06 09:46:00,93.4,93.52,93.4,93.52,807.0,CHRW
2023-07-06 09:45:00,93.21,93.33,93.21,93.31,1601.0,CHRW
2023-07-06 09:44:00,93.37,93.42,93.36,93.42,543.0,CHRW
2023-07-06 09:43:00,93.395,93.41,93.395,93.41,831.0,CHRW
2023-07-06 09:41:00,93.59,93.67,93.5,93.5,809.0,CHRW
2023-07-06 09:40:00,93.85,93.85,93.85,93.85,544.0,CHRW
2023-07-06 09:39:00,94.07,94.09,93.99,93.99,521.0,CHRW
2023-07-06 09:38:00,94.0,94.06,93.96,94.06,1271.0,CHRW
2023-07-06 09:37:00,93.93,94.02,93.86,94.02,1573.0,CHRW
2023-07-06 09:36:00,94.145,94.145,94.145,94.145,167.0,CHRW
2023-07-06 09:35:00,94.05,94.17,94.05,94.15,1760.0,CHRW
2023-07-06 09:34:00,93.875,94.04,93.875,94.04,889.0,CHRW
2023-07-06 09:32:00,93.88,93.92,93.82,93.82,1329.0,CHRW
2023-07-06 09:30:00,93.48,93.91,93.44,93.64,14327.0,CHRW
2023-07-06 09:28:00,93.33,93.46,93.33,93.33,1137.0,CHRW
2023-07-05 19:33:00,93.46,93.46,93.46,93.46,1.0,CHRW
2023-07-05 18:11:00,94.65,94.65,94.65,94.65,9.0,CHRW
2023-07-05 17:00:00,94.65,94.65,94.65,94.65,175.0,CHRW
2023-07-05 16:44:00,94.65,94.65,94.65,94.65,14310.0,CHRW
2023-07-05 16:40:00,94.65,94.65,94.65,94.65,2568.0,CHRW
2023-07-05 16:09:00,94.65,94.65,94.65,94.65,605.0,CHRW
2023-07-05 16:05:00,93.46,94.649,93.46,94.649,101.0,CHRW
2023-07-05 16:02:00,94.65,94.65,94.65,94.65,8889.0,CHRW
2023-07-05 16:01:00,94.65,94.65,94.65,94.65,3110.0,CHRW
2023-07-05 16:00:00,94.65,94.65,94.62,94.65,295399.0,CHRW
2023-07-05 15:59:00,94.65,94.67,94.62,94.62,16633.0,CHRW
2023-07-05 15:58:00,94.71,94.715,94.655,94.655,10751.0,CHRW
2023-07-05 15:57:00,94.775,94.775,94.71,94.715,9840.0,CHRW
2023-07-05 15:56:00,94.76,94.82,94.75,94.78,10139.0,CHRW
2023-07-05 15:55:00,94.735,94.78,94.705,94.775,6366.0,CHRW
2023-07-05 15:54:00,94.72,94.79,94.7,94.77,13079.0,CHRW
2023-07-05 15:53:00,94.71,94.74,94.695,94.71,7958.0,CHRW
2023-07-05 15:52:00,94.76,94.76,94.705,94.72,6973.0,CHRW
2023-07-05 15:51:00,94.73,94.76,94.72,94.76,5204.0,CHRW
2023-07-05 15:50:00,94.68,94.75,94.66,94.74,5097.0,CHRW
2023-07-05 15:49:00,94.69,94.7,94.675,94.7,1510.0,CHRW
2023-07-05 15:48:00,94.7,94.715,94.63,94.665,2982.0,CHRW
2023-07-05 15:47:00,94.66,94.72,94.66,94.72,2679.0,CHRW
2023-07-05 15:46:00,94.8,94.81,94.77,94.77,2885.0,CHRW
2023-07-05 15:45:00,94.78,94.8,94.77,94.785,2885.0,CHRW
2023-07-05 15:44:00,94.8,94.81,94.79,94.81,2260.0,CHRW
2023-07-05 15:43:00,94.8,94.81,94.8,94.81,1464.0,CHRW
2023-07-05 15:42:00,94.76,94.81,94.76,94.8,2128.0,CHRW
2023-07-05 15:41:00,94.72,94.76,94.7,94.75,3539.0,CHRW
2023-07-05 15:40:00,94.69,94.72,94.67,94.71,3345.0,CHRW
2023-07-05 15:39:00,94.7,94.7,94.68,94.695,1257.0,CHRW
2023-07-05 15:38:00,94.78,94.78,94.71,94.72,1548.0,CHRW
2023-07-05 15:37:00,94.83,94.83,94.785,94.785,1969.0,CHRW
2023-07-05 15:36:00,94.79,94.81,94.79,94.81,1282.0,CHRW
2023-07-05 15:35:00,94.78,94.78,94.755,94.78,1727.0,CHRW
2023-07-05 15:34:00,94.79,94.8,94.79,94.79,1031.0,CHRW
2023-07-05 15:33:00,94.78,94.79,94.77,94.79,1184.0,CHRW
2023-07-05 15:32:00,94.81,94.82,94.795,94.795,2123.0,CHRW
2023-07-05 15:31:00,94.8,94.81,94.8,94.8,1055.0,CHRW
2023-07-05 15:30:00,94.79,94.79,94.765,94.765,770.0,CHRW
2023-07-05 15:29:00,94.68,94.74,94.68,94.74,1963.0,CHRW
2023-07-05 15:28:00,94.73,94.73,94.69,94.72,2061.0,CHRW
2023-07-05 15:27:00,94.74,94.745,94.74,94.745,577.0,CHRW
2023-07-05 15:26:00,94.69,94.73,94.69,94.73,1143.0,CHRW
2023-07-05 15:25:00,94.68,94.72,94.68,94.7,2488.0,CHRW
2023-07-05 15:24:00,94.665,94.68,94.665,94.68,844.0,CHRW
2023-07-05 15:23:00,94.675,94.675,94.675,94.675,530.0,CHRW
2023-07-05 15:22:00,94.645,94.68,94.645,94.68,1228.0,CHRW
2023-07-05 15:21:00,94.675,94.675,94.65,94.65,955.0,CHRW
2023-07-05 15:20:00,94.68,94.725,94.678,94.71,2725.0,CHRW
2023-07-05 15:19:00,94.685,94.685,94.685,94.685,575.0,CHRW
2023-07-05 15:18:00,94.7,94.7,94.7,94.7,572.0,CHRW
2023-07-05 15:17:00,94.7,94.72,94.7,94.715,742.0,CHRW
2023-07-05 15:16:00,94.71,94.72,94.685,94.69,2482.0,CHRW
2023-07-05 15:15:00,94.72,94.72,94.72,94.72,176.0,CHRW
2023-07-05 15:14:00,94.7,94.705,94.7,94.705,547.0,CHRW
2023-07-05 15:13:00,94.74,94.74,94.74,94.74,1092.0,CHRW
2023-07-05 15:12:00,94.672,94.73,94.672,94.73,1499.0,CHRW
2023-07-05 15:11:00,94.73,94.73,94.67,94.67,2367.0,CHRW
2023-07-05 15:10:00,94.7,94.72,94.7,94.72,962.0,CHRW
2023-07-05 15:09:00,94.61,94.696,94.61,94.696,1355.0,CHRW
2023-07-05 15:08:00,94.66,94.66,94.63,94.63,626.0,CHRW
2023-07-05 15:07:00,94.66,94.66,94.66,94.66,449.0,CHRW
2023-07-05 15:06:00,94.75,94.75,94.66,94.66,3015.0,CHRW
2023-07-05 15:05:00,94.77,94.77,94.77,94.77,868.0,CHRW
2023-07-05 15:04:00,94.755,94.755,94.755,94.755,562.0,CHRW
2023-07-05 15:02:00,94.745,94.745,94.7,94.725,970.0,CHRW
2023-07-05 15:01:00,94.7,94.765,94.7,94.765,1487.0,CHRW
2023-07-05 15:00:00,94.7,94.7,94.7,94.7,186.0,CHRW
2023-07-05 14:59:00,94.7,94.7,94.7,94.7,662.0,CHRW
2023-07-05 14:58:00,94.7,94.7,94.67,94.67,2103.0,CHRW
2023-07-05 14:57:00,94.7,94.7,94.7,94.7,448.0,CHRW
2023-07-05 14:56:00,94.69,94.69,94.69,94.69,594.0,CHRW
2023-07-05 14:55:00,94.69,94.79,94.69,94.715,5767.0,CHRW
2023-07-05 14:54:00,94.71,94.71,94.65,94.69,4455.0,CHRW
2023-07-05 14:53:00,94.65,94.72,94.65,94.715,1514.0,CHRW
2023-07-05 14:52:00,94.61,94.65,94.61,94.645,2481.0,CHRW
2023-07-05 14:51:00,94.57,94.615,94.57,94.615,2530.0,CHRW
2023-07-05 14:50:00,94.51,94.56,94.49,94.56,2052.0,CHRW
2023-07-05 14:49:00,94.49,94.49,94.49,94.49,896.0,CHRW
2023-07-05 14:48:00,94.45,94.46,94.44,94.46,982.0,CHRW
2023-07-05 14:47:00,94.42,94.42,94.375,94.375,1101.0,CHRW
2023-07-05 14:46:00,94.42,94.42,94.395,94.395,391.0,CHRW
2023-07-05 14:45:00,94.37,94.38,94.355,94.355,666.0,CHRW
2023-07-05 14:44:00,94.35,94.36,94.33,94.36,629.0,CHRW
2023-07-05 14:43:00,94.34,94.36,94.33,94.36,921.0,CHRW
2023-07-05 14:42:00,94.34,94.34,94.3,94.32,1128.0,CHRW
2023-07-05 14:41:00,94.27,94.3,94.27,94.3,1289.0,CHRW
2023-07-05 14:40:00,94.266,94.266,94.266,94.266,370.0,CHRW
2023-07-05 14:39:00,94.28,94.28,94.28,94.28,163.0,CHRW
2023-07-05 14:38:00,94.26,94.27,94.26,94.27,849.0,CHRW
2023-07-05 14:37:00,94.2,94.23,94.2,94.23,852.0,CHRW
2023-07-05 14:35:00,94.195,94.195,94.195,94.195,121.0,CHRW
2023-07-05 14:34:00,94.2,94.2,94.2,94.2,480.0,CHRW
2023-07-05 14:33:00,94.23,94.23,94.22,94.22,1761.0,CHRW
2023-07-05 14:31:00,94.21,94.21,94.21,94.21,564.0,CHRW
2023-07-05 14:30:00,94.22,94.22,94.22,94.22,742.0,CHRW
2023-07-05 14:27:00,94.295,94.295,94.175,94.175,1066.0,CHRW
2023-07-05 14:25:00,94.23,94.26,94.23,94.26,1724.0,CHRW
2023-07-05 14:24:00,94.28,94.28,94.28,94.28,258.0,CHRW
2023-07-05 14:23:00,94.24,94.24,94.24,94.24,509.0,CHRW
2023-07-05 14:22:00,94.18,94.2,94.18,94.2,1224.0,CHRW
2023-07-05 14:21:00,94.225,94.225,94.15,94.16,1548.0,CHRW
2023-07-05 14:20:00,94.196,94.196,94.196,94.196,238.0,CHRW
2023-07-05 14:17:00,94.27,94.27,94.27,94.27,413.0,CHRW
2023-07-05 14:16:00,94.3,94.3,94.27,94.27,640.0,CHRW
2023-07-05 14:15:00,94.34,94.37,94.33,94.335,2224.0,CHRW
2023-07-05 14:14:00,94.47,94.47,94.41,94.41,2036.0,CHRW
2023-07-05 14:12:00,94.48,94.48,94.45,94.45,718.0,CHRW
2023-07-05 14:11:00,94.455,94.455,94.455,94.455,489.0,CHRW
2023-07-05 14:10:00,94.46,94.46,94.46,94.46,360.0,CHRW
2023-07-05 14:09:00,94.45,94.45,94.44,94.45,1506.0,CHRW
2023-07-05 14:08:00,94.5,94.525,94.47,94.525,3976.0,CHRW
2023-07-05 14:07:00,94.53,94.57,94.53,94.55,2017.0,CHRW
2023-07-05 14:06:00,94.52,94.53,94.52,94.53,608.0,CHRW
2023-07-05 14:05:00,94.525,94.525,94.525,94.525,218.0,CHRW
2023-07-05 14:03:00,94.525,94.525,94.52,94.52,491.0,CHRW
2023-07-05 14:02:00,94.56,94.56,94.56,94.56,343.0,CHRW
2023-07-05 14:01:00,94.56,94.59,94.545,94.57,2286.0,CHRW
2023-07-05 13:59:00,94.47,94.47,94.44,94.46,1308.0,CHRW
2023-07-05 13:58:00,94.47,94.48,94.45,94.48,1391.0,CHRW
2023-07-05 13:57:00,94.45,94.45,94.45,94.45,313.0,CHRW
2023-07-05 13:55:00,94.46,94.5,94.46,94.5,1630.0,CHRW
2023-07-05 13:53:00,94.48,94.48,94.45,94.45,1552.0,CHRW
2023-07-05 13:52:00,94.53,94.53,94.53,94.53,160.0,CHRW
2023-07-05 13:49:00,94.52,94.53,94.51,94.53,1180.0,CHRW
2023-07-05 13:48:00,94.55,94.55,94.55,94.55,125.0,CHRW
2023-07-05 13:46:00,94.45,94.49,94.42,94.49,2879.0,CHRW
2023-07-05 13:45:00,94.43,94.45,94.42,94.45,709.0,CHRW
2023-07-05 13:44:00,94.36,94.4,94.36,94.4,675.0,CHRW
2023-07-05 13:43:00,94.33,94.33,94.32,94.32,945.0,CHRW
2023-07-05 13:42:00,94.28,94.28,94.28,94.28,395.0,CHRW
2023-07-05 13:41:00,94.35,94.35,94.35,94.35,238.0,CHRW
2023-07-05 13:40:00,94.41,94.41,94.37,94.37,1907.0,CHRW
2023-07-05 13:38:00,94.43,94.445,94.43,94.44,1301.0,CHRW
2023-07-05 13:37:00,94.46,94.47,94.44,94.47,1152.0,CHRW
2023-07-05 13:36:00,94.55,94.55,94.41,94.44,3941.0,CHRW
2023-07-05 13:35:00,94.575,94.575,94.575,94.575,627.0,CHRW
2023-07-05 13:34:00,94.62,94.62,94.61,94.61,274.0,CHRW
2023-07-05 13:32:00,94.66,94.66,94.66,94.66,326.0,CHRW
2023-07-05 13:31:00,94.68,94.68,94.68,94.68,724.0,CHRW
2023-07-05 13:30:00,94.73,94.73,94.69,94.69,421.0,CHRW
2023-07-05 13:29:00,94.692,94.75,94.692,94.75,350.0,CHRW
2023-07-05 13:28:00,94.64,94.72,94.64,94.72,1123.0,CHRW
2023-07-05 13:27:00,94.68,94.68,94.655,94.655,1389.0,CHRW
2023-07-05 13:26:00,94.69,94.69,94.69,94.69,497.0,CHRW
2023-07-05 13:25:00,94.675,94.675,94.675,94.675,334.0,CHRW
2023-07-05 13:24:00,94.69,94.69,94.69,94.69,161.0,CHRW
2023-07-05 13:23:00,94.68,94.71,94.68,94.71,573.0,CHRW
2023-07-05 13:22:00,94.67,94.7,94.67,94.7,1190.0,CHRW
2023-07-05 13:21:00,94.69,94.69,94.69,94.69,135.0,CHRW
2023-07-05 13:20:00,94.66,94.66,94.66,94.66,191.0,CHRW
2023-07-05 13:19:00,94.73,94.73,94.68,94.7,1091.0,CHRW
2023-07-05 13:18:00,94.71,94.73,94.705,94.73,572.0,CHRW
2023-07-05 13:17:00,94.68,94.73,94.68,94.73,2903.0,CHRW
2023-07-05 13:16:00,94.7,94.7,94.7,94.7,271.0,CHRW
2023-07-05 13:15:00,94.68,94.69,94.66,94.69,2366.0,CHRW
2023-07-05 13:14:00,94.71,94.71,94.69,94.69,1029.0,CHRW
2023-07-05 13:13:00,94.71,94.71,94.71,94.71,152.0,CHRW
2023-07-05 13:10:00,94.75,94.75,94.71,94.71,1889.0,CHRW
2023-07-05 13:09:00,94.74,94.74,94.74,94.74,411.0,CHRW
2023-07-05 13:08:00,94.77,94.79,94.76,94.79,949.0,CHRW
2023-07-05 13:06:00,94.78,94.78,94.77,94.78,1013.0,CHRW
2023-07-05 13:02:00,94.75,94.75,94.75,94.75,123.0,CHRW
2023-07-05 13:01:00,94.78,94.78,94.73,94.74,1536.0,CHRW
2023-07-05 13:00:00,94.78,94.835,94.78,94.835,708.0,CHRW
2023-07-05 12:59:00,94.77,94.79,94.77,94.79,451.0,CHRW
2023-07-05 12:58:00,94.75,94.79,94.75,94.79,435.0,CHRW
2023-07-05 12:56:00,94.76,94.76,94.76,94.76,168.0,CHRW
2023-07-05 12:55:00,94.71,94.71,94.71,94.71,232.0,CHRW
2023-07-05 12:54:00,94.77,94.77,94.77,94.77,144.0,CHRW
2023-07-05 12:53:00,94.707,94.735,94.69,94.735,1853.0,CHRW
2023-07-05 12:52:00,94.73,94.73,94.73,94.73,461.0,CHRW
2023-07-05 12:51:00,94.74,94.76,94.74,94.76,1014.0,CHRW
2023-07-05 12:50:00,94.72,94.72,94.71,94.71,283.0,CHRW
2023-07-05 12:49:00,94.72,94.73,94.72,94.72,1476.0,CHRW
2023-07-05 12:48:00,94.76,94.76,94.76,94.76,264.0,CHRW
2023-07-05 12:47:00,94.66,94.76,94.66,94.76,1619.0,CHRW
2023-07-05 12:46:00,94.66,94.66,94.66,94.66,154.0,CHRW
2023-07-05 12:44:00,94.66,94.66,94.655,94.655,329.0,CHRW
2023-07-05 12:43:00,94.68,94.68,94.68,94.68,285.0,CHRW
2023-07-05 12:42:00,94.72,94.72,94.72,94.72,173.0,CHRW
2023-07-05 12:41:00,94.71,94.71,94.71,94.71,399.0,CHRW
2023-07-05 12:40:00,94.7,94.7,94.67,94.7,846.0,CHRW
2023-07-05 12:38:00,94.72,94.72,94.72,94.72,120.0,CHRW
2023-07-05 12:36:00,94.73,94.73,94.725,94.73,998.0,CHRW
2023-07-05 12:35:00,94.765,94.765,94.765,94.765,435.0,CHRW
2023-07-05 12:34:00,94.78,94.78,94.72,94.76,2394.0,CHRW
2023-07-05 12:33:00,94.845,94.845,94.845,94.845,147.0,CHRW
2023-07-05 12:32:00,94.87,94.87,94.87,94.87,134.0,CHRW
2023-07-05 12:31:00,94.86,94.86,94.86,94.86,303.0,CHRW
2023-07-05 12:30:00,94.89,94.89,94.89,94.89,177.0,CHRW
2023-07-05 12:29:00,94.88,94.9,94.88,94.89,1445.0,CHRW
2023-07-05 12:27:00,94.88,94.88,94.88,94.88,870.0,CHRW
2023-07-05 12:26:00,94.88,94.88,94.88,94.88,721.0,CHRW
2023-07-05 12:25:00,94.99,94.99,94.905,94.905,1518.0,CHRW
2023-07-05 12:24:00,95.0,95.0,95.0,95.0,304.0,CHRW
2023-07-05 12:23:00,95.035,95.035,94.98,94.98,955.0,CHRW
2023-07-05 12:21:00,95.03,95.03,95.02,95.02,727.0,CHRW
2023-07-05 12:20:00,94.991,95.02,94.991,95.02,1321.0,CHRW
2023-07-05 12:19:00,94.97,95.01,94.97,94.98,2306.0,CHRW
2023-07-05 12:17:00,94.99,94.99,94.99,94.99,311.0,CHRW
2023-07-05 12:15:00,94.99,94.99,94.99,94.99,506.0,CHRW
2023-07-05 12:13:00,94.99,94.99,94.99,94.99,573.0,CHRW
2023-07-05 12:12:00,95.03,95.03,95.0,95.0,527.0,CHRW
2023-07-05 12:11:00,95.07,95.07,95.05,95.05,272.0,CHRW
2023-07-05 12:10:00,95.1,95.105,95.02,95.06,1334.0,CHRW
2023-07-05 12:07:00,95.02,95.09,95.02,95.09,1846.0,CHRW
2023-07-05 12:05:00,95.0,95.0,95.0,95.0,369.0,CHRW
2023-07-05 12:02:00,95.01,95.01,95.01,95.01,305.0,CHRW
2023-07-05 12:01:00,94.96,95.02,94.96,95.02,1005.0,CHRW
2023-07-05 12:00:00,94.95,95.01,94.95,94.97,2655.0,CHRW
2023-07-05 11:59:00,94.94,94.96,94.93,94.96,1063.0,CHRW
2023-07-05 11:58:00,94.98,94.98,94.96,94.96,471.0,CHRW
2023-07-05 11:57:00,94.96,94.96,94.96,94.96,533.0,CHRW
2023-07-05 11:56:00,95.025,95.025,95.0,95.0,1074.0,CHRW
2023-07-05 11:55:00,95.04,95.04,95.0,95.0,1464.0,CHRW
2023-07-05 11:54:00,95.04,95.06,95.02,95.06,1462.0,CHRW
2023-07-05 11:53:00,95.03,95.092,95.01,95.092,1355.0,CHRW
2023-07-05 11:52:00,95.0,95.0,94.995,94.995,221.0,CHRW
2023-07-05 11:51:00,94.937,95.0,94.937,95.0,1439.0,CHRW
2023-07-05 11:50:00,94.97,94.97,94.955,94.96,805.0,CHRW
2023-07-05 11:48:00,95.02,95.02,95.015,95.015,927.0,CHRW
2023-07-05 11:47:00,95.15,95.17,95.07,95.08,1549.0,CHRW
2023-07-05 11:46:00,95.2,95.2,95.175,95.175,788.0,CHRW
2023-07-05 11:45:00,95.23,95.23,95.22,95.22,498.0,CHRW
2023-07-05 11:43:00,95.29,95.29,95.26,95.265,1015.0,CHRW
2023-07-05 11:42:00,95.24,95.325,95.22,95.325,4195.0,CHRW
2023-07-05 11:41:00,95.28,95.28,95.24,95.255,1193.0,CHRW
2023-07-05 11:40:00,95.27,95.285,95.27,95.275,1857.0,CHRW
2023-07-05 11:39:00,95.247,95.247,95.247,95.247,201.0,CHRW
2023-07-05 11:38:00,95.27,95.27,95.25,95.265,833.0,CHRW
2023-07-05 11:37:00,95.37,95.37,95.29,95.29,820.0,CHRW
2023-07-05 11:35:00,95.47,95.47,95.35,95.35,1522.0,CHRW
2023-07-05 11:34:00,95.43,95.47,95.43,95.47,800.0,CHRW
2023-07-05 11:32:00,95.39,95.425,95.385,95.425,2268.0,CHRW
2023-07-05 11:31:00,95.37,95.39,95.37,95.385,1021.0,CHRW
2023-07-05 11:30:00,95.28,95.36,95.28,95.36,1165.0,CHRW
2023-07-05 11:29:00,95.315,95.315,95.315,95.315,258.0,CHRW
2023-07-05 11:28:00,95.31,95.325,95.285,95.29,3021.0,CHRW
2023-07-05 11:27:00,95.28,95.35,95.28,95.35,752.0,CHRW
2023-07-05 11:26:00,95.185,95.25,95.185,95.25,1864.0,CHRW
2023-07-05 11:25:00,95.16,95.19,95.16,95.16,2362.0,CHRW
2023-07-05 11:23:00,95.17,95.17,95.17,95.17,253.0,CHRW
2023-07-05 11:22:00,95.195,95.205,95.12,95.18,4591.0,CHRW
2023-07-05 11:21:00,95.155,95.2,95.155,95.195,2253.0,CHRW
2023-07-05 11:20:00,95.155,95.155,95.155,95.155,332.0,CHRW
2023-07-05 11:19:00,95.17,95.17,95.13,95.16,1260.0,CHRW
2023-07-05 11:18:00,95.275,95.275,95.23,95.23,2273.0,CHRW
2023-07-05 11:17:00,95.35,95.35,95.24,95.24,1399.0,CHRW
2023-07-05 11:16:00,95.43,95.43,95.33,95.36,2963.0,CHRW
2023-07-05 11:15:00,95.33,95.41,95.32,95.41,1320.0,CHRW
2023-07-05 11:14:00,95.27,95.35,95.25,95.35,888.0,CHRW
2023-07-05 11:13:00,95.19,95.24,95.19,95.24,1454.0,CHRW
2023-07-05 11:12:00,95.2,95.2,95.15,95.15,1563.0,CHRW
2023-07-05 11:11:00,95.27,95.27,95.27,95.27,230.0,CHRW
2023-07-05 11:10:00,95.235,95.235,95.235,95.235,461.0,CHRW
2023-07-05 11:09:00,95.26,95.26,95.24,95.24,1462.0,CHRW
2023-07-05 11:08:00,95.31,95.31,95.31,95.31,534.0,CHRW
2023-07-05 11:07:00,95.27,95.28,95.27,95.28,795.0,CHRW
2023-07-05 11:06:00,95.16,95.23,95.158,95.23,1734.0,CHRW
2023-07-05 11:05:00,95.14,95.14,95.14,95.14,136.0,CHRW
2023-07-05 11:04:00,95.17,95.17,95.15,95.16,568.0,CHRW
2023-07-05 11:03:00,95.26,95.28,95.21,95.21,1358.0,CHRW
2023-07-05 11:01:00,95.27,95.28,95.26,95.28,1249.0,CHRW
2023-07-05 11:00:00,95.35,95.35,95.35,95.35,295.0,CHRW
2023-07-05 10:59:00,95.115,95.33,95.115,95.33,2631.0,CHRW
2023-07-05 10:58:00,95.17,95.195,95.15,95.15,1078.0,CHRW
2023-07-05 10:57:00,95.25,95.25,95.17,95.17,2544.0,CHRW
2023-07-05 10:56:00,95.2,95.23,95.2,95.23,864.0,CHRW
2023-07-05 10:55:00,95.07,95.13,95.07,95.13,924.0,CHRW
2023-07-05 10:54:00,94.95,95.0,94.95,94.955,1047.0,CHRW
2023-07-05 10:53:00,94.83,94.95,94.83,94.93,1989.0,CHRW
2023-07-05 10:52:00,94.71,94.83,94.71,94.8,1813.0,CHRW
2023-07-05 10:51:00,94.63,94.7,94.63,94.65,4823.0,CHRW
2023-07-05 10:50:00,94.76,94.76,94.63,94.63,10573.0,CHRW
2023-07-05 10:49:00,94.69,94.75,94.69,94.75,840.0,CHRW
2023-07-05 10:47:00,94.86,94.86,94.86,94.86,741.0,CHRW
2023-07-05 10:46:00,94.87,94.9,94.87,94.882,2383.0,CHRW
2023-07-05 10:45:00,94.86,94.86,94.845,94.845,1739.0,CHRW
2023-07-05 10:44:00,94.845,94.85,94.84,94.84,1246.0,CHRW
2023-07-05 10:42:00,94.92,94.92,94.89,94.92,1969.0,CHRW
2023-07-05 10:40:00,95.02,95.02,94.97,95.0,1029.0,CHRW
2023-07-05 10:39:00,94.98,94.98,94.98,94.98,329.0,CHRW
2023-07-05 10:38:00,95.0,95.0,94.92,94.92,904.0,CHRW
2023-07-05 10:37:00,94.91,94.96,94.91,94.95,1590.0,CHRW
2023-07-05 10:36:00,95.02,95.02,94.915,94.915,671.0,CHRW
2023-07-05 10:35:00,95.15,95.15,95.08,95.11,1595.0,CHRW
2023-07-05 10:34:00,95.125,95.155,95.125,95.155,685.0,CHRW
2023-07-05 10:33:00,95.06,95.12,95.05,95.1,1372.0,CHRW
2023-07-05 10:32:00,95.055,95.055,95.055,95.055,300.0,CHRW
2023-07-05 10:30:00,95.02,95.06,95.002,95.04,1945.0,CHRW
2023-07-05 10:29:00,95.05,95.09,95.02,95.09,1069.0,CHRW
2023-07-05 10:28:00,94.92,95.01,94.83,94.98,2930.0,CHRW
2023-07-05 10:27:00,95.19,95.205,95.0,95.0,2158.0,CHRW
2023-07-05 10:26:00,95.2,95.21,95.19,95.19,2273.0,CHRW
2023-07-05 10:25:00,95.18,95.25,95.16,95.21,3863.0,CHRW
2023-07-05 10:24:00,95.17,95.18,95.17,95.18,990.0,CHRW
2023-07-05 10:23:00,95.31,95.31,95.18,95.18,930.0,CHRW
2023-07-05 10:22:00,95.39,95.39,95.38,95.38,463.0,CHRW
2023-07-05 10:21:00,95.35,95.44,95.35,95.44,1836.0,CHRW
2023-07-05 10:20:00,95.37,95.37,95.28,95.312,3994.0,CHRW
2023-07-05 10:19:00,95.47,95.47,95.325,95.37,1549.0,CHRW
2023-07-05 10:18:00,95.52,95.555,95.5,95.555,1723.0,CHRW
2023-07-05 10:17:00,95.61,95.655,95.51,95.51,718.0,CHRW
2023-07-05 10:16:00,95.73,95.73,95.61,95.61,1271.0,CHRW
2023-07-05 10:15:00,95.61,95.69,95.547,95.69,6375.0,CHRW
2023-07-05 10:14:00,95.655,95.655,95.655,95.655,235.0,CHRW
2023-07-05 10:13:00,95.72,95.72,95.57,95.65,2853.0,CHRW
2023-07-05 10:12:00,95.7,95.79,95.685,95.775,1748.0,CHRW
2023-07-05 10:11:00,95.62,95.645,95.6,95.645,1233.0,CHRW
2023-07-05 10:10:00,95.745,95.76,95.71,95.71,1940.0,CHRW
2023-07-05 10:09:00,95.74,95.76,95.68,95.76,749.0,CHRW
2023-07-05 10:08:00,95.74,95.775,95.67,95.67,596.0,CHRW
2023-07-05 10:07:00,95.65,95.68,95.635,95.68,1019.0,CHRW
2023-07-05 10:06:00,95.6,95.61,95.6,95.61,1637.0,CHRW
2023-07-05 10:05:00,95.655,95.655,95.59,95.59,2898.0,CHRW
2023-07-05 10:04:00,95.73,95.73,95.655,95.655,973.0,CHRW
2023-07-05 10:03:00,95.77,95.77,95.77,95.77,868.0,CHRW
2023-07-05 10:02:00,95.87,95.87,95.77,95.77,1959.0,CHRW
2023-07-05 10:01:00,95.74,95.82,95.74,95.82,1144.0,CHRW
2023-07-05 10:00:00,95.73,95.795,95.68,95.75,3955.0,CHRW
2023-07-05 09:58:00,95.61,95.655,95.54,95.655,2142.0,CHRW
2023-07-05 09:57:00,95.915,95.915,95.64,95.65,3855.0,CHRW
2023-07-05 09:56:00,95.83,95.92,95.83,95.855,1251.0,CHRW
2023-07-05 09:55:00,95.8,95.82,95.755,95.755,2772.0,CHRW
2023-07-05 09:54:00,95.665,95.88,95.665,95.88,2350.0,CHRW
2023-07-05 09:53:00,95.56,95.61,95.56,95.61,905.0,CHRW
2023-07-05 09:52:00,95.64,95.65,95.45,95.45,2955.0,CHRW
2023-07-05 09:51:00,95.57,95.615,95.57,95.605,1000.0,CHRW
2023-07-05 09:50:00,95.58,95.61,95.5,95.5,2248.0,CHRW
2023-07-05 09:49:00,95.49,95.58,95.49,95.575,963.0,CHRW
2023-07-05 09:48:00,95.375,95.49,95.375,95.49,2150.0,CHRW
2023-07-05 09:47:00,95.38,95.39,95.38,95.39,683.0,CHRW
2023-07-05 09:46:00,95.46,95.46,95.31,95.32,3072.0,CHRW
2023-07-05 09:45:00,95.41,95.54,95.35,95.54,2387.0,CHRW
2023-07-05 09:44:00,95.425,95.53,95.39,95.53,2586.0,CHRW
2023-07-05 09:43:00,95.57,95.605,95.53,95.57,2390.0,CHRW
2023-07-05 09:42:00,95.31,95.51,95.26,95.51,4897.0,CHRW
2023-07-05 09:41:00,95.25,95.325,95.2,95.325,3911.0,CHRW
2023-07-05 09:40:00,95.34,95.415,95.23,95.27,3176.0,CHRW
2023-07-05 09:39:00,95.34,95.42,95.29,95.34,884.0,CHRW
2023-07-05 09:38:00,95.11,95.11,95.11,95.11,179.0,CHRW
2023-07-05 09:37:00,94.8,94.905,94.71,94.905,1955.0,CHRW
2023-07-05 09:36:00,94.825,94.93,94.67,94.93,2342.0,CHRW
2023-07-05 09:35:00,94.82,94.89,94.69,94.69,1627.0,CHRW
2023-07-05 09:34:00,94.99,95.02,94.76,94.76,1630.0,CHRW
2023-07-05 09:33:00,95.24,95.24,94.97,95.04,1778.0,CHRW
2023-07-05 09:32:00,95.07,95.07,94.75,94.75,1904.0,CHRW
2023-07-05 09:31:00,94.9,95.13,94.9,95.13,7758.0,CHRW
2023-07-05 09:30:00,94.85,94.92,94.36,94.812,21195.0,CHRW
2023-07-05 08:36:00,95.52,95.52,95.52,95.52,516.0,CHRW
2023-07-05 08:03:00,95.5,95.5,95.5,95.5,103.0,CHRW
2023-07-05 08:02:00,95.52,95.52,95.52,95.52,1.0,CHRW
2023-07-05 08:00:00,95.61,95.61,95.61,95.61,1.0,CHRW
2023-07-05 07:31:00,95.5,95.52,95.27,95.27,4.0,CHRW
2023-07-05 06:42:00,95.7,95.7,95.7,95.7,1.0,CHRW
2023-07-05 05:34:00,95.36,95.36,95.35,95.35,101.0,CHRW
2023-07-03 13:22:00,95.52,95.52,95.52,95.52,2285.0,CHRW
2023-07-03 13:18:00,95.52,95.52,95.52,95.52,32.0,CHRW
2023-07-03 13:15:00,95.52,95.52,95.52,95.52,85.0,CHRW
2023-07-03 13:14:00,95.52,95.52,95.52,95.52,8400.0,CHRW
2023-07-03 13:12:00,95.52,95.52,95.52,95.52,164.0,CHRW
2023-07-03 13:11:00,95.52,95.52,95.52,95.52,383.0,CHRW
2023-07-03 13:10:00,95.52,95.52,95.52,95.52,12351.0,CHRW
2023-07-03 13:09:00,95.52,95.52,95.52,95.52,61.0,CHRW
2023-07-03 13:08:00,95.52,95.52,95.52,95.52,2341.0,CHRW
2023-07-03 13:07:00,95.52,95.52,95.52,95.52,425.0,CHRW
2023-07-03 13:00:00,95.48,95.52,95.48,95.52,204992.0,CHRW
2023-07-03 12:59:00,95.65,95.65,95.43,95.48,25977.0,CHRW
2023-07-03 12:58:00,95.67,95.67,95.61,95.65,9266.0,CHRW
2023-07-03 12:57:00,95.615,95.67,95.604,95.67,8081.0,CHRW
2023-07-03 12:56:00,95.615,95.63,95.6,95.63,4480.0,CHRW
2023-07-03 12:55:00,95.61,95.64,95.59,95.63,5629.0,CHRW
2023-07-03 12:54:00,95.46,95.6,95.46,95.6,5499.0,CHRW
2023-07-03 12:53:00,95.461,95.48,95.42,95.42,2936.0,CHRW
2023-07-03 12:52:00,95.38,95.48,95.37,95.48,2924.0,CHRW
2023-07-03 12:51:00,95.38,95.415,95.35,95.35,3644.0,CHRW
2023-07-03 12:50:00,95.31,95.46,95.28,95.4,6993.0,CHRW
2023-07-03 12:49:00,95.28,95.32,95.26,95.28,2686.0,CHRW
2023-07-03 12:48:00,95.32,95.34,95.28,95.28,4948.0,CHRW
2023-07-03 12:47:00,95.36,95.36,95.32,95.32,1470.0,CHRW
2023-07-03 12:46:00,95.47,95.48,95.4,95.42,3093.0,CHRW
2023-07-03 12:45:00,95.415,95.48,95.4,95.47,3113.0,CHRW
2023-07-03 12:44:00,95.42,95.47,95.4,95.414,4017.0,CHRW
2023-07-03 12:43:00,95.314,95.41,95.314,95.405,1928.0,CHRW
2023-07-03 12:42:00,95.36,95.36,95.32,95.335,2470.0,CHRW
2023-07-03 12:41:00,95.325,95.35,95.325,95.35,1200.0,CHRW
2023-07-03 12:40:00,95.26,95.32,95.24,95.32,2559.0,CHRW
2023-07-03 12:39:00,95.282,95.282,95.26,95.26,2247.0,CHRW
2023-07-03 12:38:00,95.31,95.31,95.295,95.3,572.0,CHRW
2023-07-03 12:37:00,95.28,95.3,95.271,95.271,2323.0,CHRW
2023-07-03 12:36:00,95.335,95.335,95.27,95.28,1346.0,CHRW
2023-07-03 12:35:00,95.25,95.31,95.23,95.31,2419.0,CHRW
2023-07-03 12:34:00,95.21,95.23,95.21,95.23,1037.0,CHRW
2023-07-03 12:33:00,95.24,95.24,95.164,95.19,2630.0,CHRW
2023-07-03 12:32:00,95.2,95.28,95.195,95.28,2029.0,CHRW
2023-07-03 12:31:00,95.21,95.215,95.164,95.164,2141.0,CHRW
2023-07-03 12:30:00,95.22,95.22,95.19,95.19,563.0,CHRW
2023-07-03 12:29:00,95.25,95.25,95.22,95.22,1113.0,CHRW
2023-07-03 12:28:00,95.22,95.28,95.22,95.28,2431.0,CHRW
2023-07-03 12:27:00,95.29,95.29,95.19,95.19,3170.0,CHRW
2023-07-03 12:25:00,95.26,95.31,95.26,95.3,1394.0,CHRW
2023-07-03 12:23:00,95.2,95.27,95.2,95.27,969.0,CHRW
2023-07-03 12:22:00,95.22,95.22,95.17,95.21,953.0,CHRW
2023-07-03 12:21:00,95.145,95.17,95.145,95.17,1155.0,CHRW
2023-07-03 12:20:00,95.225,95.225,95.14,95.14,2316.0,CHRW
2023-07-03 12:19:00,95.08,95.19,95.08,95.19,3131.0,CHRW
2023-07-03 12:18:00,95.17,95.17,95.17,95.17,669.0,CHRW
2023-07-03 12:17:00,95.25,95.25,95.18,95.18,544.0,CHRW
2023-07-03 12:16:00,95.355,95.355,95.3,95.3,1409.0,CHRW
2023-07-03 12:15:00,95.355,95.38,95.355,95.355,539.0,CHRW
2023-07-03 12:14:00,95.32,95.365,95.255,95.36,2047.0,CHRW
2023-07-03 12:13:00,95.39,95.39,95.37,95.37,884.0,CHRW
2023-07-03 12:12:00,95.34,95.4,95.34,95.4,1375.0,CHRW
2023-07-03 12:11:00,95.365,95.365,95.365,95.365,241.0,CHRW
2023-07-03 12:10:00,95.43,95.43,95.37,95.37,1884.0,CHRW
2023-07-03 12:09:00,95.55,95.55,95.46,95.46,3963.0,CHRW
2023-07-03 12:08:00,95.57,95.57,95.56,95.56,461.0,CHRW
2023-07-03 12:07:00,95.55,95.58,95.54,95.58,738.0,CHRW
2023-07-03 12:06:00,95.52,95.54,95.52,95.54,930.0,CHRW
2023-07-03 12:05:00,95.5,95.5,95.5,95.5,787.0,CHRW
2023-07-03 12:04:00,95.505,95.565,95.505,95.565,1274.0,CHRW
2023-07-03 12:03:00,95.55,95.55,95.51,95.51,1455.0,CHRW
2023-07-03 12:02:00,95.583,95.583,95.58,95.58,625.0,CHRW
2023-07-03 12:01:00,95.58,95.6,95.57,95.6,846.0,CHRW
2023-07-03 12:00:00,95.58,95.59,95.55,95.59,1436.0,CHRW
2023-07-03 11:59:00,95.545,95.565,95.545,95.565,887.0,CHRW
2023-07-03 11:58:00,95.42,95.53,95.4,95.53,2575.0,CHRW
2023-07-03 11:57:00,95.43,95.445,95.43,95.43,1109.0,CHRW
2023-07-03 11:56:00,95.54,95.54,95.44,95.48,2882.0,CHRW
2023-07-03 11:55:00,95.56,95.56,95.56,95.56,383.0,CHRW
2023-07-03 11:54:00,95.57,95.57,95.57,95.57,556.0,CHRW
2023-07-03 11:53:00,95.57,95.57,95.54,95.55,1503.0,CHRW
2023-07-03 11:52:00,95.63,95.63,95.6,95.6,1218.0,CHRW
2023-07-03 11:51:00,95.61,95.64,95.61,95.63,928.0,CHRW
2023-07-03 11:50:00,95.63,95.63,95.61,95.62,537.0,CHRW
2023-07-03 11:49:00,95.6,95.65,95.6,95.645,831.0,CHRW
2023-07-03 11:48:00,95.63,95.65,95.61,95.62,1860.0,CHRW
2023-07-03 11:47:00,95.635,95.65,95.635,95.645,690.0,CHRW
2023-07-03 11:46:00,95.56,95.65,95.55,95.65,2865.0,CHRW
2023-07-03 11:45:00,95.6,95.6,95.552,95.552,663.0,CHRW
2023-07-03 11:44:00,95.575,95.58,95.55,95.55,561.0,CHRW
2023-07-03 11:41:00,95.597,95.597,95.55,95.59,3459.0,CHRW
2023-07-03 11:40:00,95.61,95.62,95.61,95.62,512.0,CHRW
2023-07-03 11:39:00,95.61,95.61,95.58,95.58,418.0,CHRW
2023-07-03 11:38:00,95.53,95.54,95.53,95.54,1655.0,CHRW
2023-07-03 11:37:00,95.51,95.52,95.48,95.505,1163.0,CHRW
2023-07-03 11:35:00,95.55,95.55,95.49,95.49,1433.0,CHRW
2023-07-03 11:34:00,95.58,95.58,95.55,95.56,2240.0,CHRW
2023-07-03 11:33:00,95.61,95.61,95.56,95.56,2654.0,CHRW
2023-07-03 11:32:00,95.58,95.58,95.56,95.56,1682.0,CHRW
2023-07-03 11:31:00,95.6,95.6,95.55,95.575,907.0,CHRW
2023-07-03 11:30:00,95.58,95.59,95.52,95.52,1172.0,CHRW
2023-07-03 11:29:00,95.58,95.58,95.54,95.57,1420.0,CHRW
2023-07-03 11:28:00,95.43,95.53,95.4,95.52,2902.0,CHRW
2023-07-03 11:27:00,95.42,95.44,95.42,95.44,702.0,CHRW
2023-07-03 11:26:00,95.42,95.42,95.42,95.42,315.0,CHRW
2023-07-03 11:25:00,95.48,95.48,95.42,95.44,2701.0,CHRW
2023-07-03 11:24:00,95.455,95.455,95.455,95.455,285.0,CHRW
2023-07-03 11:23:00,95.485,95.485,95.485,95.485,242.0,CHRW
2023-07-03 11:22:00,95.33,95.37,95.33,95.37,1577.0,CHRW
2023-07-03 11:21:00,95.29,95.3,95.28,95.28,1036.0,CHRW
2023-07-03 11:20:00,95.32,95.32,95.3,95.3,546.0,CHRW
2023-07-03 11:19:00,95.31,95.31,95.31,95.31,311.0,CHRW
2023-07-03 11:18:00,95.29,95.29,95.29,95.29,389.0,CHRW
2023-07-03 11:17:00,95.32,95.335,95.27,95.335,2870.0,CHRW
2023-07-03 11:16:00,95.325,95.325,95.3,95.3,621.0,CHRW
2023-07-03 11:15:00,95.34,95.34,95.33,95.33,458.0,CHRW
2023-07-03 11:14:00,95.37,95.37,95.33,95.332,2859.0,CHRW
2023-07-03 11:13:00,95.415,95.415,95.383,95.383,1233.0,CHRW
2023-07-03 11:12:00,95.365,95.39,95.365,95.39,1622.0,CHRW
2023-07-03 11:11:00,95.365,95.38,95.365,95.38,447.0,CHRW
2023-07-03 11:10:00,95.38,95.38,95.374,95.374,1277.0,CHRW
2023-07-03 11:08:00,95.36,95.4,95.36,95.4,868.0,CHRW
2023-07-03 11:07:00,95.375,95.375,95.375,95.375,628.0,CHRW
2023-07-03 11:06:00,95.33,95.35,95.31,95.35,1736.0,CHRW
2023-07-03 11:05:00,95.27,95.3,95.27,95.3,495.0,CHRW
2023-07-03 11:04:00,95.37,95.37,95.299,95.299,1430.0,CHRW
2023-07-03 11:03:00,95.36,95.41,95.355,95.41,1317.0,CHRW
2023-07-03 11:02:00,95.46,95.46,95.395,95.395,2129.0,CHRW
2023-07-03 11:01:00,95.46,95.46,95.456,95.456,307.0,CHRW
2023-07-03 11:00:00,95.46,95.47,95.46,95.46,1182.0,CHRW
2023-07-03 10:59:00,95.455,95.455,95.455,95.455,480.0,CHRW
2023-07-03 10:58:00,95.53,95.55,95.52,95.52,2477.0,CHRW
2023-07-03 10:57:00,95.53,95.53,95.515,95.515,473.0,CHRW
2023-07-03 10:55:00,95.47,95.49,95.45,95.49,1208.0,CHRW
2023-07-03 10:54:00,95.44,95.49,95.44,95.48,1158.0,CHRW
2023-07-03 10:53:00,95.402,95.402,95.402,95.402,412.0,CHRW
2023-07-03 10:52:00,95.44,95.49,95.41,95.41,1271.0,CHRW
2023-07-03 10:51:00,95.51,95.51,95.47,95.47,1389.0,CHRW
2023-07-03 10:50:00,95.56,95.58,95.53,95.58,1099.0,CHRW
2023-07-03 10:49:00,95.48,95.63,95.48,95.63,1695.0,CHRW
2023-07-03 10:48:00,95.63,95.63,95.49,95.49,2416.0,CHRW
2023-07-03 10:47:00,95.58,95.61,95.58,95.61,1177.0,CHRW
2023-07-03 10:46:00,95.58,95.59,95.53,95.56,892.0,CHRW
2023-07-03 10:45:00,95.63,95.63,95.58,95.58,501.0,CHRW
2023-07-03 10:44:00,95.515,95.56,95.51,95.56,969.0,CHRW
2023-07-03 10:43:00,95.61,95.61,95.53,95.53,2493.0,CHRW
2023-07-03 10:42:00,95.64,95.64,95.64,95.64,530.0,CHRW
2023-07-03 10:40:00,95.63,95.63,95.62,95.62,371.0,CHRW
2023-07-03 10:39:00,95.57,95.61,95.565,95.61,632.0,CHRW
2023-07-03 10:38:00,95.44,95.51,95.44,95.51,2370.0,CHRW
2023-07-03 10:37:00,95.39,95.45,95.39,95.41,1674.0,CHRW
2023-07-03 10:36:00,95.46,95.47,95.41,95.41,1517.0,CHRW
2023-07-03 10:35:00,95.53,95.53,95.48,95.48,822.0,CHRW
2023-07-03 10:34:00,95.566,95.566,95.52,95.52,815.0,CHRW
2023-07-03 10:33:00,95.555,95.58,95.54,95.54,2927.0,CHRW
2023-07-03 10:32:00,95.415,95.47,95.39,95.47,1838.0,CHRW
2023-07-03 10:31:00,95.44,95.46,95.42,95.42,1207.0,CHRW
2023-07-03 10:30:00,95.45,95.45,95.41,95.41,1281.0,CHRW
2023-07-03 10:29:00,95.46,95.46,95.46,95.46,409.0,CHRW
2023-07-03 10:28:00,95.36,95.36,95.353,95.353,423.0,CHRW
2023-07-03 10:27:00,95.3,95.33,95.3,95.33,1085.0,CHRW
2023-07-03 10:26:00,95.31,95.31,95.252,95.28,1441.0,CHRW
2023-07-03 10:25:00,95.35,95.37,95.35,95.36,1185.0,CHRW
2023-07-03 10:24:00,95.46,95.46,95.36,95.36,1444.0,CHRW
2023-07-03 10:23:00,95.4,95.46,95.4,95.46,1064.0,CHRW
2023-07-03 10:22:00,95.41,95.41,95.37,95.37,1055.0,CHRW
2023-07-03 10:21:00,95.455,95.46,95.455,95.455,449.0,CHRW
2023-07-03 10:20:00,95.37,95.42,95.37,95.41,2020.0,CHRW
2023-07-03 10:19:00,95.36,95.36,95.36,95.36,218.0,CHRW
2023-07-03 10:18:00,95.35,95.39,95.34,95.34,1187.0,CHRW
2023-07-03 10:17:00,95.31,95.33,95.31,95.33,753.0,CHRW
2023-07-03 10:16:00,95.28,95.305,95.23,95.305,1181.0,CHRW
2023-07-03 10:14:00,95.24,95.345,95.24,95.345,957.0,CHRW
2023-07-03 10:13:00,95.22,95.22,95.16,95.18,715.0,CHRW
2023-07-03 10:12:00,95.155,95.18,95.11,95.17,2274.0,CHRW
2023-07-03 10:11:00,95.15,95.15,95.15,95.15,269.0,CHRW
2023-07-03 10:10:00,95.15,95.15,95.15,95.15,536.0,CHRW
2023-07-03 10:09:00,95.26,95.26,95.17,95.19,1649.0,CHRW
2023-07-03 10:08:00,95.335,95.335,95.3,95.3,1597.0,CHRW
2023-07-03 10:06:00,95.38,95.41,95.35,95.35,815.0,CHRW
2023-07-03 10:05:00,95.315,95.315,95.315,95.315,126.0,CHRW
2023-07-03 10:04:00,95.2,95.22,95.15,95.22,2778.0,CHRW
2023-07-03 10:02:00,95.245,95.28,95.21,95.23,2582.0,CHRW
2023-07-03 10:01:00,95.19,95.27,95.175,95.27,1304.0,CHRW
2023-07-03 10:00:00,95.15,95.21,95.12,95.21,1264.0,CHRW
2023-07-03 09:59:00,95.17,95.17,95.064,95.064,587.0,CHRW
2023-07-03 09:58:00,95.124,95.23,95.124,95.23,903.0,CHRW
2023-07-03 09:57:00,95.05,95.15,95.05,95.15,1133.0,CHRW
2023-07-03 09:55:00,94.99,95.005,94.99,95.005,311.0,CHRW
2023-07-03 09:54:00,94.88,94.97,94.88,94.96,1192.0,CHRW
2023-07-03 09:53:00,94.8,94.96,94.76,94.96,2241.0,CHRW
2023-07-03 09:52:00,94.89,94.89,94.82,94.845,1328.0,CHRW
2023-07-03 09:49:00,94.91,94.96,94.83,94.96,1309.0,CHRW
2023-07-03 09:48:00,94.84,94.92,94.84,94.92,962.0,CHRW
2023-07-03 09:47:00,94.945,94.945,94.83,94.84,939.0,CHRW
2023-07-03 09:46:00,95.185,95.22,95.09,95.09,3122.0,CHRW
2023-07-03 09:45:00,95.0,95.055,95.0,95.055,496.0,CHRW
2023-07-03 09:44:00,94.83,94.92,94.8,94.92,2687.0,CHRW
2023-07-03 09:43:00,94.7,94.75,94.63,94.75,1622.0,CHRW
2023-07-03 09:42:00,94.56,94.6,94.56,94.6,465.0,CHRW
2023-07-03 09:41:00,94.48,94.49,94.48,94.49,386.0,CHRW
2023-07-03 09:39:00,94.35,94.44,94.35,94.41,669.0,CHRW
2023-07-03 09:38:00,94.41,94.41,94.3,94.31,1513.0,CHRW
2023-07-03 09:37:00,94.53,94.53,94.53,94.53,222.0,CHRW
2023-07-03 09:36:00,94.41,94.41,94.41,94.41,214.0,CHRW
2023-07-03 09:35:00,94.44,94.44,94.19,94.41,2339.0,CHRW
2023-07-03 09:34:00,94.19,94.49,94.19,94.42,1116.0,CHRW
2023-07-03 09:33:00,94.2,94.2,94.2,94.2,345.0,CHRW
2023-07-03 09:32:00,93.94,94.3,93.93,94.3,3748.0,CHRW
2023-07-03 09:31:00,94.1,94.1,94.03,94.03,674.0,CHRW
2023-07-03 09:30:00,94.01,94.01,93.88,93.975,8492.0,CHRW
2023-06-30 18:16:00,94.35,94.35,94.35,94.35,230.0,CHRW
2023-06-30 16:06:00,93.61,93.61,93.61,93.61,1.0,CHRW
2023-06-30 16:04:00,92.232,92.231,92.231,92.231,1.0,CHRW
2023-06-30 16:03:00,94.35,94.35,94.35,94.35,28799.0,CHRW
2023-06-30 16:02:00,94.35,94.35,94.35,94.35,300.0,CHRW
2023-06-30 16:01:00,94.35,94.35,94.35,94.35,394.0,CHRW
2023-06-30 16:00:00,94.33,94.35,94.33,94.35,599042.0,CHRW
2023-06-30 15:59:00,94.415,94.47,94.3,94.34,63697.0,CHRW
2023-06-30 15:58:00,94.47,94.47,94.4,94.4,21704.0,CHRW
2023-06-30 15:57:00,94.5,94.57,94.48,94.48,17994.0,CHRW
2023-06-30 15:56:00,94.58,94.64,94.51,94.51,18316.0,CHRW
2023-06-30 15:55:00,94.61,94.75,94.51,94.56,22213.0,CHRW
2023-06-30 15:54:00,94.38,94.6,94.38,94.595,14398.0,CHRW
2023-06-30 15:53:00,94.34,94.39,94.31,94.39,2842.0,CHRW
2023-06-30 15:52:00,94.31,94.36,94.29,94.36,4057.0,CHRW
2023-06-30 15:51:00,94.35,94.37,94.305,94.32,7911.0,CHRW
2023-06-30 15:50:00,94.24,94.45,94.24,94.37,9827.0,CHRW
2023-06-30 15:49:00,94.27,94.27,94.24,94.265,2700.0,CHRW
2023-06-30 15:48:00,94.3,94.33,94.26,94.26,3695.0,CHRW
2023-06-30 15:47:00,94.29,94.29,94.27,94.28,3248.0,CHRW
2023-06-30 15:46:00,94.28,94.32,94.28,94.32,4017.0,CHRW
2023-06-30 15:45:00,94.25,94.28,94.215,94.28,4215.0,CHRW
2023-06-30 15:44:00,94.275,94.275,94.22,94.235,4531.0,CHRW
2023-06-30 15:43:00,94.24,94.31,94.23,94.27,3014.0,CHRW
2023-06-30 15:42:00,94.16,94.225,94.16,94.225,1714.0,CHRW
2023-06-30 15:41:00,94.15,94.19,94.15,94.16,2585.0,CHRW
2023-06-30 15:40:00,94.16,94.19,94.16,94.19,1676.0,CHRW
2023-06-30 15:39:00,94.14,94.14,94.12,94.12,949.0,CHRW
2023-06-30 15:38:00,94.16,94.18,94.14,94.14,2825.0,CHRW
2023-06-30 15:37:00,94.17,94.17,94.16,94.16,514.0,CHRW
2023-06-30 15:36:00,94.22,94.22,94.17,94.18,1468.0,CHRW
2023-06-30 15:35:00,94.21,94.22,94.196,94.21,1274.0,CHRW
2023-06-30 15:34:00,94.265,94.265,94.205,94.205,1343.0,CHRW
2023-06-30 15:33:00,94.29,94.29,94.26,94.26,1969.0,CHRW
2023-06-30 15:32:00,94.34,94.34,94.3,94.32,2068.0,CHRW
2023-06-30 15:31:00,94.3,94.34,94.3,94.33,777.0,CHRW
2023-06-30 15:30:00,94.345,94.36,94.28,94.3,3647.0,CHRW
2023-06-30 15:29:00,94.34,94.35,94.34,94.35,576.0,CHRW
2023-06-30 15:28:00,94.34,94.37,94.34,94.34,2460.0,CHRW
2023-06-30 15:27:00,94.36,94.36,94.29,94.34,2728.0,CHRW
2023-06-30 15:26:00,94.36,94.36,94.345,94.345,321.0,CHRW
2023-06-30 15:25:00,94.26,94.28,94.26,94.28,1543.0,CHRW
2023-06-30 15:24:00,94.19,94.26,94.19,94.245,1956.0,CHRW
2023-06-30 15:23:00,94.176,94.18,94.176,94.18,271.0,CHRW
2023-06-30 15:22:00,94.165,94.18,94.165,94.18,644.0,CHRW
2023-06-30 15:21:00,94.17,94.17,94.16,94.17,1602.0,CHRW
2023-06-30 15:20:00,94.22,94.22,94.165,94.17,2331.0,CHRW
2023-06-30 15:19:00,94.26,94.26,94.24,94.24,520.0,CHRW
2023-06-30 15:18:00,94.25,94.26,94.23,94.23,2882.0,CHRW
2023-06-30 15:17:00,94.24,94.24,94.24,94.24,490.0,CHRW
2023-06-30 15:16:00,94.21,94.225,94.21,94.225,472.0,CHRW
2023-06-30 15:15:00,94.22,94.24,94.22,94.24,1893.0,CHRW
2023-06-30 15:12:00,94.175,94.2,94.17,94.2,1956.0,CHRW
2023-06-30 15:11:00,94.19,94.19,94.19,94.19,564.0,CHRW
2023-06-30 15:10:00,94.2,94.21,94.2,94.205,1846.0,CHRW
2023-06-30 15:09:00,94.215,94.215,94.215,94.215,193.0,CHRW
2023-06-30 15:07:00,94.22,94.22,94.22,94.22,537.0,CHRW
2023-06-30 15:06:00,94.215,94.23,94.21,94.22,1210.0,CHRW
2023-06-30 15:05:00,94.295,94.295,94.25,94.25,2340.0,CHRW
2023-06-30 15:04:00,94.295,94.295,94.295,94.295,319.0,CHRW
2023-06-30 15:03:00,94.295,94.295,94.28,94.29,494.0,CHRW
2023-06-30 15:02:00,94.27,94.31,94.27,94.28,1668.0,CHRW
2023-06-30 15:01:00,94.25,94.25,94.25,94.25,322.0,CHRW
2023-06-30 15:00:00,94.24,94.26,94.24,94.26,873.0,CHRW
2023-06-30 14:59:00,94.25,94.25,94.25,94.25,546.0,CHRW
2023-06-30 14:58:00,94.24,94.24,94.225,94.235,844.0,CHRW
2023-06-30 14:57:00,94.22,94.22,94.22,94.22,377.0,CHRW
2023-06-30 14:56:00,94.19,94.221,94.18,94.221,1744.0,CHRW
2023-06-30 14:55:00,94.255,94.255,94.2,94.21,2382.0,CHRW
2023-06-30 14:53:00,94.245,94.255,94.245,94.255,381.0,CHRW
2023-06-30 14:52:00,94.235,94.235,94.215,94.215,1123.0,CHRW
2023-06-30 14:50:00,94.26,94.26,94.23,94.23,634.0,CHRW
2023-06-30 14:49:00,94.245,94.245,94.23,94.24,1256.0,CHRW
2023-06-30 14:48:00,94.2,94.23,94.2,94.23,463.0,CHRW
2023-06-30 14:47:00,94.201,94.201,94.201,94.201,377.0,CHRW
2023-06-30 14:46:00,94.21,94.24,94.21,94.24,908.0,CHRW
2023-06-30 14:45:00,94.22,94.22,94.22,94.22,644.0,CHRW
2023-06-30 14:44:00,94.23,94.24,94.23,94.23,1202.0,CHRW
2023-06-30 14:43:00,94.22,94.22,94.2,94.2,613.0,CHRW
2023-06-30 14:42:00,94.29,94.3,94.22,94.22,3443.0,CHRW
2023-06-30 14:41:00,94.27,94.27,94.25,94.25,756.0,CHRW
2023-06-30 14:40:00,94.29,94.29,94.255,94.255,361.0,CHRW
2023-06-30 14:37:00,94.21,94.23,94.21,94.23,988.0,CHRW
2023-06-30 14:36:00,94.25,94.25,94.24,94.24,1163.0,CHRW
2023-06-30 14:35:00,94.185,94.205,94.185,94.205,341.0,CHRW
2023-06-30 14:34:00,94.17,94.18,94.17,94.18,650.0,CHRW
2023-06-30 14:32:00,94.125,94.125,94.125,94.125,147.0,CHRW
2023-06-30 14:31:00,94.1,94.11,94.1,94.11,2378.0,CHRW
2023-06-30 14:30:00,94.08,94.1,94.075,94.1,1246.0,CHRW
2023-06-30 14:29:00,94.06,94.06,94.06,94.06,178.0,CHRW
2023-06-30 14:28:00,94.04,94.07,94.04,94.07,1389.0,CHRW
2023-06-30 14:25:00,94.03,94.03,94.01,94.02,829.0,CHRW
2023-06-30 14:24:00,93.987,94.02,93.987,94.01,1510.0,CHRW
2023-06-30 14:23:00,94.01,94.01,94.01,94.01,543.0,CHRW
2023-06-30 14:22:00,94.03,94.03,94.03,94.03,953.0,CHRW
2023-06-30 14:21:00,94.06,94.06,94.06,94.06,800.0,CHRW
2023-06-30 14:20:00,94.06,94.06,94.06,94.06,487.0,CHRW
2023-06-30 14:18:00,94.08,94.08,94.07,94.08,509.0,CHRW
2023-06-30 14:17:00,94.1,94.1,94.1,94.1,463.0,CHRW
2023-06-30 14:16:00,94.088,94.088,94.088,94.088,203.0,CHRW
2023-06-30 14:15:00,94.1,94.1,94.1,94.1,451.0,CHRW
2023-06-30 14:13:00,94.07,94.09,94.07,94.07,775.0,CHRW
2023-06-30 14:10:00,94.2,94.2,94.13,94.13,1610.0,CHRW
2023-06-30 14:09:00,94.15,94.21,94.15,94.21,1304.0,CHRW
2023-06-30 14:08:00,94.13,94.14,94.1,94.125,863.0,CHRW
2023-06-30 14:07:00,94.11,94.11,94.11,94.11,266.0,CHRW
2023-06-30 14:06:00,94.1,94.13,94.1,94.11,861.0,CHRW
2023-06-30 14:05:00,94.09,94.12,94.09,94.1,2103.0,CHRW
2023-06-30 14:04:00,94.07,94.07,94.07,94.07,223.0,CHRW
2023-06-30 14:03:00,94.055,94.055,94.055,94.055,181.0,CHRW
2023-06-30 14:01:00,94.05,94.05,94.05,94.05,440.0,CHRW
2023-06-30 14:00:00,94.1,94.1,94.08,94.1,1337.0,CHRW
2023-06-30 13:59:00,94.07,94.07,94.07,94.07,602.0,CHRW
2023-06-30 13:58:00,94.04,94.05,94.035,94.05,804.0,CHRW
2023-06-30 13:57:00,94.06,94.065,94.04,94.04,961.0,CHRW
2023-06-30 13:55:00,94.03,94.03,94.01,94.01,1290.0,CHRW
2023-06-30 13:54:00,94.05,94.05,94.04,94.04,542.0,CHRW
2023-06-30 13:53:00,94.07,94.07,94.05,94.05,1028.0,CHRW
2023-06-30 13:52:00,94.06,94.06,94.06,94.06,413.0,CHRW
2023-06-30 13:51:00,94.06,94.08,94.06,94.08,202.0,CHRW
2023-06-30 13:50:00,94.045,94.06,94.045,94.06,291.0,CHRW
2023-06-30 13:49:00,94.04,94.04,94.04,94.04,1062.0,CHRW
2023-06-30 13:48:00,94.005,94.005,94.0,94.0,401.0,CHRW
2023-06-30 13:46:00,94.1,94.1,94.02,94.03,1141.0,CHRW
2023-06-30 13:45:00,94.08,94.115,94.08,94.095,2354.0,CHRW
2023-06-30 13:44:00,94.11,94.11,94.11,94.11,167.0,CHRW
2023-06-30 13:43:00,94.1,94.12,94.08,94.08,1921.0,CHRW
2023-06-30 13:42:00,94.12,94.12,94.07,94.07,1350.0,CHRW
2023-06-30 13:39:00,94.16,94.16,94.11,94.11,1397.0,CHRW
2023-06-30 13:38:00,94.15,94.16,94.14,94.15,659.0,CHRW
2023-06-30 13:36:00,94.17,94.17,94.16,94.16,565.0,CHRW
2023-06-30 13:34:00,94.24,94.24,94.19,94.19,1637.0,CHRW
2023-06-30 13:33:00,94.22,94.22,94.22,94.22,126.0,CHRW
2023-06-30 13:32:00,94.18,94.18,94.18,94.18,694.0,CHRW
2023-06-30 13:31:00,94.18,94.18,94.18,94.18,121.0,CHRW
2023-06-30 13:30:00,94.19,94.19,94.19,94.19,357.0,CHRW
2023-06-30 13:29:00,94.11,94.11,94.08,94.08,1104.0,CHRW
2023-06-30 13:28:00,94.06,94.085,94.06,94.085,574.0,CHRW
2023-06-30 13:27:00,94.04,94.04,94.04,94.04,233.0,CHRW
2023-06-30 13:26:00,94.15,94.15,94.08,94.08,909.0,CHRW
2023-06-30 13:25:00,94.11,94.15,94.11,94.15,310.0,CHRW
2023-06-30 13:24:00,94.06,94.08,94.06,94.08,398.0,CHRW
2023-06-30 13:23:00,94.07,94.07,94.05,94.05,1112.0,CHRW
2023-06-30 13:21:00,94.06,94.06,94.03,94.06,1084.0,CHRW
2023-06-30 13:19:00,94.14,94.14,94.08,94.08,1457.0,CHRW
2023-06-30 13:18:00,94.16,94.16,94.16,94.16,799.0,CHRW
2023-06-30 13:17:00,94.2,94.2,94.2,94.2,145.0,CHRW
2023-06-30 13:15:00,94.13,94.14,94.13,94.14,751.0,CHRW
2023-06-30 13:14:00,94.105,94.105,94.105,94.105,112.0,CHRW
2023-06-30 13:13:00,94.105,94.105,94.08,94.08,548.0,CHRW
2023-06-30 13:12:00,94.07,94.12,94.07,94.09,1428.0,CHRW
2023-06-30 13:11:00,94.1,94.1,94.1,94.1,871.0,CHRW
2023-06-30 13:09:00,94.08,94.08,94.07,94.08,1059.0,CHRW
2023-06-30 13:07:00,94.1,94.1,94.08,94.09,902.0,CHRW
2023-06-30 13:06:00,94.09,94.09,94.09,94.09,616.0,CHRW
2023-06-30 13:05:00,94.0,94.05,94.0,94.05,904.0,CHRW
2023-06-30 13:04:00,93.985,93.99,93.985,93.99,716.0,CHRW
2023-06-30 13:03:00,94.03,94.03,94.0,94.0,455.0,CHRW
2023-06-30 13:02:00,94.03,94.03,94.03,94.03,447.0,CHRW
2023-06-30 13:01:00,94.055,94.055,94.055,94.055,209.0,CHRW
2023-06-30 13:00:00,94.07,94.07,94.07,94.07,488.0,CHRW
2023-06-30 12:58:00,94.05,94.06,94.05,94.06,336.0,CHRW
2023-06-30 12:57:00,94.1,94.1,94.04,94.04,815.0,CHRW
2023-06-30 12:56:00,94.14,94.14,94.14,94.14,428.0,CHRW
2023-06-30 12:55:00,94.13,94.14,94.13,94.14,429.0,CHRW
2023-06-30 12:54:00,94.15,94.15,94.12,94.12,825.0,CHRW
2023-06-30 12:53:00,94.18,94.19,94.165,94.17,1513.0,CHRW
2023-06-30 12:52:00,94.15,94.15,94.15,94.15,244.0,CHRW
2023-06-30 12:51:00,94.13,94.13,94.12,94.12,202.0,CHRW
2023-06-30 12:50:00,94.14,94.15,94.14,94.15,473.0,CHRW
2023-06-30 12:48:00,94.13,94.17,94.12,94.165,2101.0,CHRW
2023-06-30 12:47:00,94.14,94.15,94.14,94.15,587.0,CHRW
2023-06-30 12:46:00,94.157,94.157,94.157,94.157,352.0,CHRW
2023-06-30 12:44:00,94.25,94.25,94.2,94.2,829.0,CHRW
2023-06-30 12:43:00,94.28,94.28,94.28,94.28,364.0,CHRW
2023-06-30 12:42:00,94.29,94.29,94.24,94.24,1429.0,CHRW
2023-06-30 12:40:00,94.38,94.38,94.31,94.32,1935.0,CHRW
2023-06-30 12:39:00,94.36,94.39,94.36,94.39,365.0,CHRW
2023-06-30 12:38:00,94.38,94.4,94.34,94.34,1040.0,CHRW
2023-06-30 12:37:00,94.365,94.365,94.365,94.365,557.0,CHRW
2023-06-30 12:36:00,94.33,94.36,94.33,94.36,1452.0,CHRW
2023-06-30 12:35:00,94.312,94.312,94.28,94.31,1300.0,CHRW
2023-06-30 12:34:00,94.32,94.32,94.3,94.3,1079.0,CHRW
2023-06-30 12:33:00,94.32,94.34,94.32,94.34,606.0,CHRW
2023-06-30 12:31:00,94.265,94.305,94.265,94.305,1181.0,CHRW
2023-06-30 12:30:00,94.26,94.26,94.25,94.255,817.0,CHRW
2023-06-30 12:29:00,94.15,94.19,94.15,94.18,1671.0,CHRW
2023-06-30 12:28:00,94.15,94.18,94.15,94.17,812.0,CHRW
2023-06-30 12:27:00,94.09,94.12,94.09,94.12,1187.0,CHRW
2023-06-30 12:26:00,94.04,94.08,94.04,94.08,1424.0,CHRW
2023-06-30 12:25:00,94.015,94.03,94.0,94.025,1701.0,CHRW
2023-06-30 12:24:00,94.01,94.02,94.01,94.02,867.0,CHRW
2023-06-30 12:23:00,94.095,94.095,94.02,94.04,3131.0,CHRW
2023-06-30 12:22:00,94.12,94.12,94.12,94.12,264.0,CHRW
2023-06-30 12:21:00,94.12,94.14,94.11,94.11,1641.0,CHRW
2023-06-30 12:20:00,94.1,94.13,94.08,94.095,1496.0,CHRW
2023-06-30 12:19:00,94.12,94.13,94.1,94.1,975.0,CHRW
2023-06-30 12:18:00,94.13,94.13,94.13,94.13,336.0,CHRW
2023-06-30 12:17:00,94.13,94.13,94.13,94.13,374.0,CHRW
2023-06-30 12:16:00,94.145,94.145,94.11,94.11,1183.0,CHRW
2023-06-30 12:15:00,94.155,94.185,94.11,94.18,1290.0,CHRW
2023-06-30 12:14:00,94.14,94.17,94.14,94.15,1503.0,CHRW
2023-06-30 12:13:00,94.14,94.14,94.12,94.12,956.0,CHRW
2023-06-30 12:12:00,94.19,94.22,94.16,94.16,972.0,CHRW
2023-06-30 12:11:00,94.215,94.215,94.19,94.19,435.0,CHRW
2023-06-30 12:10:00,94.13,94.21,94.13,94.21,1084.0,CHRW
2023-06-30 12:09:00,94.14,94.14,94.14,94.14,215.0,CHRW
2023-06-30 12:08:00,94.17,94.17,94.1,94.12,2176.0,CHRW
2023-06-30 12:06:00,94.15,94.155,94.15,94.155,1082.0,CHRW
2023-06-30 12:05:00,94.11,94.11,94.11,94.11,448.0,CHRW
2023-06-30 12:04:00,94.11,94.11,94.08,94.08,2192.0,CHRW
2023-06-30 12:03:00,94.16,94.16,94.16,94.16,409.0,CHRW
2023-06-30 12:02:00,94.145,94.145,94.145,94.145,269.0,CHRW
2023-06-30 12:01:00,94.14,94.17,94.13,94.145,1750.0,CHRW
2023-06-30 12:00:00,94.1,94.1,94.1,94.1,740.0,CHRW
2023-06-30 11:59:00,94.07,94.1,94.07,94.1,539.0,CHRW
2023-06-30 11:58:00,94.09,94.095,94.05,94.07,1040.0,CHRW
2023-06-30 11:57:00,94.09,94.1,94.09,94.09,1157.0,CHRW
2023-06-30 11:56:00,94.04,94.082,94.04,94.082,1479.0,CHRW
2023-06-30 11:55:00,94.015,94.04,94.015,94.015,562.0,CHRW
2023-06-30 11:54:00,93.97,94.026,93.97,94.01,2575.0,CHRW
2023-06-30 11:53:00,93.95,94.01,93.95,94.01,1074.0,CHRW
2023-06-30 11:52:00,93.905,93.93,93.905,93.93,871.0,CHRW
2023-06-30 11:51:00,93.88,93.88,93.88,93.88,415.0,CHRW
2023-06-30 11:50:00,93.94,93.94,93.93,93.93,760.0,CHRW
2023-06-30 11:49:00,93.93,93.97,93.93,93.97,1030.0,CHRW
2023-06-30 11:48:00,93.893,93.93,93.893,93.92,577.0,CHRW
2023-06-30 11:47:00,93.965,93.965,93.9,93.905,1648.0,CHRW
2023-06-30 11:46:00,93.99,93.99,93.965,93.965,244.0,CHRW
2023-06-30 11:45:00,93.95,93.97,93.94,93.97,637.0,CHRW
2023-06-30 11:44:00,93.94,93.94,93.93,93.94,373.0,CHRW
2023-06-30 11:43:00,93.9,93.935,93.9,93.935,1383.0,CHRW
2023-06-30 11:42:00,93.865,93.865,93.865,93.865,321.0,CHRW
2023-06-30 11:41:00,93.85,93.87,93.85,93.87,1077.0,CHRW
2023-06-30 11:39:00,93.88,93.89,93.83,93.83,1422.0,CHRW
2023-06-30 11:38:00,93.85,93.85,93.85,93.85,132.0,CHRW
2023-06-30 11:36:00,93.845,93.845,93.845,93.845,259.0,CHRW
2023-06-30 11:35:00,93.83,93.87,93.83,93.87,340.0,CHRW
2023-06-30 11:34:00,93.762,93.85,93.762,93.85,1611.0,CHRW
2023-06-30 11:33:00,93.77,93.77,93.73,93.75,2837.0,CHRW
2023-06-30 11:31:00,93.8,93.8,93.795,93.795,534.0,CHRW
2023-06-30 11:30:00,93.86,93.88,93.815,93.815,1756.0,CHRW
2023-06-30 11:29:00,93.88,93.89,93.86,93.86,1345.0,CHRW
2023-06-30 11:28:00,93.79,93.87,93.79,93.87,664.0,CHRW
2023-06-30 11:27:00,93.715,93.818,93.7,93.818,3053.0,CHRW
2023-06-30 11:26:00,93.73,93.74,93.71,93.71,2133.0,CHRW
2023-06-30 11:25:00,93.75,93.75,93.71,93.71,1898.0,CHRW
2023-06-30 11:23:00,93.79,93.81,93.75,93.76,2303.0,CHRW
2023-06-30 11:22:00,93.78,93.78,93.78,93.78,125.0,CHRW
2023-06-30 11:21:00,93.775,93.775,93.775,93.775,207.0,CHRW
2023-06-30 11:20:00,93.8,93.8,93.8,93.8,347.0,CHRW
2023-06-30 11:19:00,93.82,93.82,93.78,93.78,739.0,CHRW
2023-06-30 11:18:00,93.81,93.81,93.81,93.81,491.0,CHRW
2023-06-30 11:17:00,93.84,93.84,93.8,93.8,664.0,CHRW
2023-06-30 11:16:00,93.83,93.84,93.83,93.84,815.0,CHRW
2023-06-30 11:15:00,93.81,93.81,93.81,93.81,502.0,CHRW
2023-06-30 11:14:00,93.775,93.775,93.775,93.775,178.0,CHRW
2023-06-30 11:13:00,93.76,93.79,93.75,93.75,884.0,CHRW
2023-06-30 11:12:00,93.79,93.79,93.74,93.76,2082.0,CHRW
2023-06-30 11:11:00,93.86,93.86,93.82,93.829,521.0,CHRW
2023-06-30 11:10:00,93.87,93.87,93.87,93.87,452.0,CHRW
2023-06-30 11:09:00,93.75,93.75,93.75,93.75,862.0,CHRW
2023-06-30 11:08:00,93.71,93.71,93.67,93.71,869.0,CHRW
2023-06-30 11:07:00,93.71,93.71,93.705,93.705,406.0,CHRW
2023-06-30 11:06:00,93.79,93.81,93.74,93.74,858.0,CHRW
2023-06-30 11:05:00,93.735,93.838,93.735,93.78,3740.0,CHRW
2023-06-30 11:04:00,93.768,93.768,93.768,93.768,285.0,CHRW
2023-06-30 11:02:00,93.67,93.72,93.67,93.72,718.0,CHRW
2023-06-30 11:01:00,93.62,93.63,93.58,93.63,1152.0,CHRW
2023-06-30 11:00:00,93.67,93.68,93.67,93.68,1545.0,CHRW
2023-06-30 10:59:00,93.68,93.68,93.62,93.62,503.0,CHRW
2023-06-30 10:58:00,93.57,93.614,93.56,93.614,1574.0,CHRW
2023-06-30 10:57:00,93.53,93.53,93.53,93.53,196.0,CHRW
2023-06-30 10:56:00,93.6,93.6,93.49,93.53,2681.0,CHRW
2023-06-30 10:55:00,93.55,93.6,93.55,93.6,1102.0,CHRW
2023-06-30 10:54:00,93.4,93.465,93.4,93.465,3530.0,CHRW
2023-06-30 10:53:00,93.35,93.365,93.35,93.36,5539.0,CHRW
2023-06-30 10:52:00,93.365,93.365,93.365,93.365,422.0,CHRW
2023-06-30 10:51:00,93.31,93.36,93.28,93.35,1589.0,CHRW
2023-06-30 10:50:00,93.135,93.28,93.135,93.28,2688.0,CHRW
2023-06-30 10:49:00,93.21,93.21,93.17,93.19,1190.0,CHRW
2023-06-30 10:48:00,93.23,93.26,93.227,93.25,1447.0,CHRW
2023-06-30 10:47:00,93.285,93.285,93.26,93.26,558.0,CHRW
2023-06-30 10:46:00,93.38,93.38,93.335,93.335,830.0,CHRW
2023-06-30 10:45:00,93.417,93.417,93.41,93.41,677.0,CHRW
2023-06-30 10:44:00,93.41,93.41,93.385,93.4,1746.0,CHRW
2023-06-30 10:43:00,93.46,93.46,93.455,93.455,454.0,CHRW
2023-06-30 10:42:00,93.57,93.57,93.475,93.475,1262.0,CHRW
2023-06-30 10:40:00,93.58,93.62,93.575,93.6,2733.0,CHRW
2023-06-30 10:39:00,93.58,93.6,93.53,93.53,1803.0,CHRW
2023-06-30 10:38:00,93.57,93.58,93.55,93.55,1103.0,CHRW
2023-06-30 10:36:00,93.83,93.83,93.75,93.75,1358.0,CHRW
2023-06-30 10:35:00,93.88,93.88,93.81,93.81,1240.0,CHRW
2023-06-30 10:34:00,93.94,93.94,93.92,93.92,974.0,CHRW
2023-06-30 10:32:00,93.94,93.94,93.94,93.94,400.0,CHRW
2023-06-30 10:31:00,94.09,94.09,93.94,93.97,7583.0,CHRW
2023-06-30 10:30:00,94.065,94.065,94.04,94.04,1746.0,CHRW
2023-06-30 10:29:00,94.03,94.04,94.03,94.04,643.0,CHRW
2023-06-30 10:28:00,93.99,94.005,93.99,94.005,1633.0,CHRW
2023-06-30 10:27:00,94.015,94.04,94.015,94.04,443.0,CHRW
2023-06-30 10:26:00,93.97,94.02,93.97,94.02,962.0,CHRW
2023-06-30 10:25:00,93.9,93.955,93.9,93.955,2034.0,CHRW
2023-06-30 10:24:00,93.96,93.96,93.9,93.915,2274.0,CHRW
2023-06-30 10:23:00,94.005,94.005,94.0,94.0,273.0,CHRW
2023-06-30 10:22:00,93.96,94.02,93.96,94.02,1949.0,CHRW
2023-06-30 10:21:00,93.89,93.93,93.89,93.895,525.0,CHRW
2023-06-30 10:19:00,93.9,93.9,93.9,93.9,895.0,CHRW
2023-06-30 10:18:00,93.95,93.95,93.95,93.95,205.0,CHRW
2023-06-30 10:17:00,93.905,93.905,93.905,93.905,591.0,CHRW
2023-06-30 10:16:00,93.85,93.85,93.711,93.84,2222.0,CHRW
2023-06-30 10:15:00,93.87,93.87,93.87,93.87,106.0,CHRW
2023-06-30 10:14:00,93.92,93.92,93.89,93.89,899.0,CHRW
2023-06-30 10:12:00,93.925,93.925,93.91,93.91,1321.0,CHRW
2023-06-30 10:11:00,94.0,94.0,93.98,93.98,643.0,CHRW
2023-06-30 10:10:00,94.158,94.157,94.02,94.02,1698.0,CHRW
2023-06-30 10:09:00,94.14,94.14,94.14,94.14,574.0,CHRW
2023-06-30 10:08:00,94.09,94.09,94.072,94.08,1062.0,CHRW
2023-06-30 10:07:00,94.16,94.16,94.13,94.13,1398.0,CHRW
2023-06-30 10:06:00,94.2,94.2,94.2,94.2,2231.0,CHRW
2023-06-30 10:05:00,94.19,94.19,94.19,94.19,419.0,CHRW
2023-06-30 10:04:00,94.12,94.13,94.07,94.115,1806.0,CHRW
2023-06-30 10:03:00,94.18,94.18,94.12,94.17,3126.0,CHRW
2023-06-30 10:02:00,94.145,94.145,94.145,94.145,173.0,CHRW
2023-06-30 10:01:00,94.21,94.21,94.21,94.21,163.0,CHRW
2023-06-30 10:00:00,94.11,94.12,94.084,94.084,1057.0,CHRW
2023-06-30 09:59:00,94.01,94.01,94.01,94.01,682.0,CHRW
2023-06-30 09:56:00,94.38,94.38,94.26,94.26,940.0,CHRW
2023-06-30 09:55:00,94.35,94.35,94.35,94.35,372.0,CHRW
2023-06-30 09:54:00,94.14,94.14,94.14,94.14,308.0,CHRW
2023-06-30 09:53:00,94.32,94.32,94.18,94.18,958.0,CHRW
2023-06-30 09:52:00,94.15,94.265,94.15,94.265,1635.0,CHRW
2023-06-30 09:51:00,94.17,94.17,94.15,94.15,481.0,CHRW
2023-06-30 09:50:00,94.16,94.19,94.16,94.18,750.0,CHRW
2023-06-30 09:49:00,94.06,94.13,94.06,94.13,571.0,CHRW
2023-06-30 09:48:00,94.12,94.13,94.1,94.13,1458.0,CHRW
2023-06-30 09:47:00,93.94,94.05,93.94,94.05,1099.0,CHRW
2023-06-30 09:46:00,94.1,94.155,93.97,94.005,2332.0,CHRW
2023-06-30 09:45:00,94.19,94.19,94.155,94.155,500.0,CHRW
2023-06-30 09:44:00,94.029,94.21,93.97,94.21,3501.0,CHRW
2023-06-30 09:43:00,93.99,94.0,93.99,94.0,612.0,CHRW
2023-06-30 09:42:00,94.08,94.11,94.08,94.11,1011.0,CHRW
2023-06-30 09:41:00,94.07,94.07,94.07,94.07,570.0,CHRW
2023-06-30 09:38:00,94.11,94.11,94.11,94.11,177.0,CHRW
2023-06-30 09:37:00,94.34,94.34,94.21,94.21,2452.0,CHRW
2023-06-30 09:36:00,94.27,94.325,94.255,94.325,618.0,CHRW
2023-06-30 09:35:00,94.36,94.48,94.32,94.33,2244.0,CHRW
2023-06-30 09:34:00,94.44,94.51,94.38,94.51,681.0,CHRW
2023-06-30 09:33:00,94.475,94.475,94.44,94.465,1460.0,CHRW
2023-06-30 09:32:00,94.55,94.6,94.51,94.51,1451.0,CHRW
2023-06-30 09:31:00,94.53,94.53,94.39,94.39,911.0,CHRW
2023-06-30 09:30:00,94.7,94.7,94.695,94.695,8948.0,CHRW
2023-06-30 09:26:00,94.87,94.87,94.87,94.87,1.0,CHRW
2023-06-30 09:25:00,94.45,94.45,94.44,94.44,28.0,CHRW
2023-06-30 08:54:00,94.87,94.87,94.87,94.87,1.0,CHRW
2023-06-30 08:39:00,94.83,94.84,94.83,94.84,4.0,CHRW
2023-06-29 19:59:00,94.0,94.0,94.0,94.0,198.0,CHRW
2023-06-29 16:23:00,94.28,94.28,94.28,94.28,174.0,CHRW
2023-06-29 16:06:00,93.63,93.63,93.63,93.63,1.0,CHRW
2023-06-29 16:04:00,92.442,92.441,92.441,92.441,1.0,CHRW
2023-06-29 16:02:00,94.28,94.28,94.28,94.28,5730.0,CHRW
2023-06-29 16:01:00,94.28,94.28,94.28,94.28,2074.0,CHRW
2023-06-29 16:00:00,94.26,94.28,94.26,94.28,281302.0,CHRW
2023-06-29 15:59:00,94.27,94.32,94.25,94.26,23425.0,CHRW
2023-06-29 15:58:00,94.26,94.3,94.26,94.265,10524.0,CHRW
2023-06-29 15:57:00,94.225,94.27,94.225,94.26,8075.0,CHRW
2023-06-29 15:56:00,94.165,94.23,94.165,94.23,8388.0,CHRW
2023-06-29 15:55:00,94.135,94.17,94.11,94.17,6092.0,CHRW
2023-06-29 15:54:00,94.21,94.21,94.12,94.12,6660.0,CHRW
2023-06-29 15:53:00,94.27,94.29,94.185,94.2,9647.0,CHRW
2023-06-29 15:52:00,94.25,94.28,94.24,94.26,4861.0,CHRW
2023-06-29 15:51:00,94.21,94.26,94.19,94.235,3752.0,CHRW
2023-06-29 15:50:00,94.13,94.19,94.11,94.19,4209.0,CHRW
2023-06-29 15:49:00,94.185,94.185,94.13,94.16,4692.0,CHRW
2023-06-29 15:48:00,94.32,94.32,94.14,94.18,19040.0,CHRW
2023-06-29 15:47:00,94.32,94.32,94.28,94.32,2357.0,CHRW
2023-06-29 15:46:00,94.25,94.315,94.247,94.31,4213.0,CHRW
2023-06-29 15:45:00,94.27,94.28,94.21,94.21,2500.0,CHRW
2023-06-29 15:44:00,94.3,94.3,94.24,94.255,1511.0,CHRW
2023-06-29 15:43:00,94.37,94.37,94.31,94.31,3197.0,CHRW
2023-06-29 15:42:00,94.37,94.37,94.35,94.37,3730.0,CHRW
2023-06-29 15:41:00,94.365,94.365,94.33,94.33,1003.0,CHRW
2023-06-29 15:40:00,94.38,94.38,94.34,94.36,1827.0,CHRW
2023-06-29 15:39:00,94.42,94.42,94.36,94.39,3362.0,CHRW
2023-06-29 15:38:00,94.44,94.44,94.435,94.435,880.0,CHRW
2023-06-29 15:37:00,94.45,94.45,94.435,94.435,1645.0,CHRW
2023-06-29 15:36:00,94.46,94.47,94.45,94.45,1066.0,CHRW
2023-06-29 15:35:00,94.49,94.51,94.45,94.455,2827.0,CHRW
2023-06-29 15:34:00,94.48,94.495,94.47,94.49,695.0,CHRW
2023-06-29 15:33:00,94.5,94.502,94.475,94.49,1749.0,CHRW
2023-06-29 15:32:00,94.51,94.51,94.51,94.51,585.0,CHRW
2023-06-29 15:31:00,94.45,94.46,94.45,94.46,1145.0,CHRW
2023-06-29 15:30:00,94.395,94.45,94.395,94.45,790.0,CHRW
2023-06-29 15:29:00,94.425,94.425,94.41,94.41,806.0,CHRW
2023-06-29 15:28:00,94.43,94.43,94.42,94.43,1116.0,CHRW
2023-06-29 15:27:00,94.42,94.42,94.42,94.42,331.0,CHRW
2023-06-29 15:25:00,94.4,94.46,94.4,94.455,1268.0,CHRW
2023-06-29 15:24:00,94.39,94.41,94.39,94.41,379.0,CHRW
2023-06-29 15:23:00,94.44,94.44,94.4,94.405,904.0,CHRW
2023-06-29 15:22:00,94.52,94.52,94.45,94.455,2528.0,CHRW
2023-06-29 15:21:00,94.475,94.5,94.475,94.5,327.0,CHRW
2023-06-29 15:20:00,94.41,94.45,94.41,94.45,1677.0,CHRW
2023-06-29 15:19:00,94.465,94.495,94.37,94.4,16464.0,CHRW
2023-06-29 15:18:00,94.405,94.425,94.405,94.425,1103.0,CHRW
2023-06-29 15:17:00,94.385,94.385,94.385,94.385,118.0,CHRW
2023-06-29 15:16:00,94.43,94.43,94.4,94.4,833.0,CHRW
2023-06-29 15:15:00,94.42,94.44,94.41,94.437,1801.0,CHRW
2023-06-29 15:14:00,94.41,94.41,94.41,94.41,128.0,CHRW
2023-06-29 15:13:00,94.43,94.43,94.4,94.4,862.0,CHRW
2023-06-29 15:12:00,94.38,94.43,94.38,94.42,1663.0,CHRW
2023-06-29 15:11:00,94.41,94.41,94.38,94.38,667.0,CHRW
2023-06-29 15:10:00,94.415,94.415,94.395,94.395,1100.0,CHRW
2023-06-29 15:09:00,94.42,94.42,94.4,94.415,784.0,CHRW
2023-06-29 15:08:00,94.39,94.405,94.39,94.405,835.0,CHRW
2023-06-29 15:06:00,94.405,94.405,94.4,94.4,577.0,CHRW
2023-06-29 15:05:00,94.4,94.41,94.4,94.41,1195.0,CHRW
2023-06-29 15:04:00,94.44,94.44,94.41,94.41,1470.0,CHRW
2023-06-29 15:03:00,94.45,94.45,94.44,94.44,1548.0,CHRW
2023-06-29 15:02:00,94.44,94.45,94.44,94.45,942.0,CHRW
2023-06-29 15:01:00,94.43,94.44,94.43,94.44,394.0,CHRW
2023-06-29 15:00:00,94.39,94.45,94.39,94.45,1549.0,CHRW
2023-06-29 14:59:00,94.36,94.38,94.34,94.37,2004.0,CHRW
2023-06-29 14:58:00,94.36,94.375,94.36,94.375,333.0,CHRW
2023-06-29 14:57:00,94.375,94.375,94.375,94.375,353.0,CHRW
2023-06-29 14:56:00,94.415,94.427,94.39,94.39,1676.0,CHRW
2023-06-29 14:55:00,94.42,94.42,94.42,94.42,393.0,CHRW
2023-06-29 14:54:00,94.42,94.43,94.41,94.43,757.0,CHRW
2023-06-29 14:53:00,94.435,94.44,94.41,94.44,738.0,CHRW
2023-06-29 14:52:00,94.4,94.445,94.4,94.445,911.0,CHRW
2023-06-29 14:51:00,94.4,94.4,94.4,94.4,574.0,CHRW
2023-06-29 14:50:00,94.43,94.46,94.4,94.4,1461.0,CHRW
2023-06-29 14:49:00,94.47,94.47,94.46,94.465,864.0,CHRW
2023-06-29 14:48:00,94.47,94.47,94.47,94.47,125.0,CHRW
2023-06-29 14:47:00,94.52,94.52,94.485,94.52,1100.0,CHRW
2023-06-29 14:46:00,94.45,94.51,94.45,94.51,1683.0,CHRW
2023-06-29 14:45:00,94.425,94.45,94.425,94.45,473.0,CHRW
2023-06-29 14:44:00,94.41,94.42,94.41,94.42,847.0,CHRW
2023-06-29 14:43:00,94.4,94.4,94.4,94.4,439.0,CHRW
2023-06-29 14:42:00,94.39,94.39,94.371,94.371,1237.0,CHRW
2023-06-29 14:41:00,94.42,94.44,94.4,94.4,708.0,CHRW
2023-06-29 14:40:00,94.44,94.45,94.41,94.41,929.0,CHRW
2023-06-29 14:39:00,94.46,94.465,94.45,94.465,1304.0,CHRW
2023-06-29 14:38:00,94.485,94.485,94.485,94.485,165.0,CHRW
2023-06-29 14:37:00,94.485,94.485,94.485,94.485,152.0,CHRW
2023-06-29 14:36:00,94.5,94.51,94.49,94.5,1592.0,CHRW
2023-06-29 14:35:00,94.53,94.53,94.53,94.53,552.0,CHRW
2023-06-29 14:34:00,94.475,94.49,94.46,94.49,875.0,CHRW
2023-06-29 14:33:00,94.468,94.48,94.468,94.48,781.0,CHRW
2023-06-29 14:32:00,94.38,94.42,94.38,94.42,775.0,CHRW
2023-06-29 14:31:00,94.42,94.42,94.42,94.42,633.0,CHRW
2023-06-29 14:30:00,94.43,94.43,94.43,94.43,785.0,CHRW
2023-06-29 14:29:00,94.38,94.43,94.38,94.43,1174.0,CHRW
2023-06-29 14:28:00,94.36,94.36,94.36,94.36,270.0,CHRW
2023-06-29 14:27:00,94.38,94.38,94.38,94.38,331.0,CHRW
2023-06-29 14:26:00,94.37,94.37,94.365,94.365,721.0,CHRW
2023-06-29 14:25:00,94.39,94.39,94.36,94.38,1318.0,CHRW
2023-06-29 14:23:00,94.395,94.395,94.39,94.39,572.0,CHRW
2023-06-29 14:22:00,94.38,94.4,94.38,94.4,928.0,CHRW
2023-06-29 14:21:00,94.36,94.38,94.35,94.38,596.0,CHRW
2023-06-29 14:20:00,94.36,94.36,94.36,94.36,296.0,CHRW
2023-06-29 14:18:00,94.37,94.37,94.37,94.37,263.0,CHRW
2023-06-29 14:17:00,94.35,94.35,94.34,94.34,445.0,CHRW
2023-06-29 14:16:00,94.365,94.365,94.36,94.36,297.0,CHRW
2023-06-29 14:15:00,94.37,94.38,94.37,94.38,533.0,CHRW
2023-06-29 14:14:00,94.32,94.35,94.32,94.35,1110.0,CHRW
2023-06-29 14:13:00,94.27,94.31,94.27,94.31,929.0,CHRW
2023-06-29 14:12:00,94.24,94.24,94.24,94.24,325.0,CHRW
2023-06-29 14:11:00,94.22,94.24,94.22,94.24,423.0,CHRW
2023-06-29 14:10:00,94.18,94.22,94.18,94.22,750.0,CHRW
2023-06-29 14:09:00,94.18,94.2,94.18,94.2,682.0,CHRW
2023-06-29 14:08:00,94.21,94.21,94.14,94.15,2385.0,CHRW
2023-06-29 14:07:00,94.23,94.23,94.23,94.23,297.0,CHRW
2023-06-29 14:06:00,94.23,94.235,94.23,94.235,821.0,CHRW
2023-06-29 14:05:00,94.28,94.28,94.28,94.28,320.0,CHRW
2023-06-29 14:04:00,94.19,94.19,94.19,94.19,223.0,CHRW
2023-06-29 14:03:00,94.11,94.2,94.11,94.2,1824.0,CHRW
2023-06-29 14:02:00,94.17,94.19,94.14,94.14,1809.0,CHRW
2023-06-29 14:01:00,94.17,94.19,94.17,94.19,384.0,CHRW
2023-06-29 14:00:00,94.25,94.25,94.25,94.25,176.0,CHRW
2023-06-29 13:59:00,94.27,94.27,94.27,94.27,362.0,CHRW
2023-06-29 13:58:00,94.28,94.29,94.25,94.27,1496.0,CHRW
2023-06-29 13:57:00,94.355,94.355,94.312,94.312,1207.0,CHRW
2023-06-29 13:56:00,94.395,94.395,94.38,94.38,591.0,CHRW
2023-06-29 13:55:00,94.4,94.41,94.39,94.41,1587.0,CHRW
2023-06-29 13:54:00,94.43,94.43,94.43,94.43,101.0,CHRW
2023-06-29 13:53:00,94.425,94.44,94.415,94.415,320.0,CHRW
2023-06-29 13:52:00,94.43,94.44,94.43,94.44,819.0,CHRW
2023-06-29 13:50:00,94.445,94.445,94.4,94.44,1653.0,CHRW
2023-06-29 13:49:00,94.48,94.48,94.48,94.48,208.0,CHRW
2023-06-29 13:47:00,94.46,94.46,94.46,94.46,549.0,CHRW
2023-06-29 13:46:00,94.44,94.48,94.44,94.465,1067.0,CHRW
2023-06-29 13:43:00,94.4,94.44,94.4,94.44,566.0,CHRW
2023-06-29 13:42:00,94.445,94.46,94.4,94.4,1297.0,CHRW
2023-06-29 13:41:00,94.45,94.45,94.445,94.445,711.0,CHRW
2023-06-29 13:40:00,94.41,94.41,94.41,94.41,245.0,CHRW
2023-06-29 13:39:00,94.41,94.41,94.39,94.39,1064.0,CHRW
2023-06-29 13:38:00,94.36,94.41,94.36,94.41,1944.0,CHRW
2023-06-29 13:37:00,94.4,94.4,94.4,94.4,119.0,CHRW
2023-06-29 13:36:00,94.4,94.4,94.37,94.38,641.0,CHRW
2023-06-29 13:34:00,94.39,94.39,94.39,94.39,140.0,CHRW
2023-06-29 13:33:00,94.41,94.41,94.41,94.41,202.0,CHRW
2023-06-29 13:32:00,94.4,94.4,94.38,94.38,461.0,CHRW
2023-06-29 13:31:00,94.39,94.42,94.39,94.42,433.0,CHRW
2023-06-29 13:30:00,94.39,94.41,94.39,94.4,1356.0,CHRW
2023-06-29 13:29:00,94.38,94.38,94.38,94.38,295.0,CHRW
2023-06-29 13:27:00,94.36,94.37,94.36,94.37,560.0,CHRW
2023-06-29 13:26:00,94.355,94.36,94.33,94.36,1899.0,CHRW
2023-06-29 13:25:00,94.355,94.36,94.355,94.36,481.0,CHRW
2023-06-29 13:24:00,94.38,94.38,94.38,94.38,131.0,CHRW
2023-06-29 13:23:00,94.38,94.38,94.38,94.38,272.0,CHRW
2023-06-29 13:22:00,94.35,94.37,94.33,94.37,901.0,CHRW
2023-06-29 13:21:00,94.37,94.37,94.36,94.36,1236.0,CHRW
2023-06-29 13:20:00,94.37,94.37,94.37,94.37,812.0,CHRW
2023-06-29 13:19:00,94.4,94.4,94.4,94.4,143.0,CHRW
2023-06-29 13:17:00,94.365,94.365,94.365,94.365,416.0,CHRW
2023-06-29 13:16:00,94.35,94.36,94.35,94.35,598.0,CHRW
2023-06-29 13:15:00,94.25,94.35,94.25,94.32,936.0,CHRW
2023-06-29 13:11:00,94.24,94.25,94.205,94.23,2230.0,CHRW
2023-06-29 13:10:00,94.285,94.285,94.27,94.27,200.0,CHRW
2023-06-29 13:09:00,94.25,94.25,94.25,94.25,264.0,CHRW
2023-06-29 13:07:00,94.24,94.295,94.24,94.24,899.0,CHRW
2023-06-29 13:06:00,94.22,94.22,94.22,94.22,589.0,CHRW
2023-06-29 13:05:00,94.215,94.215,94.16,94.19,1841.0,CHRW
2023-06-29 13:02:00,94.24,94.24,94.24,94.24,609.0,CHRW
2023-06-29 13:00:00,94.27,94.27,94.24,94.24,447.0,CHRW
2023-06-29 12:59:00,94.24,94.26,94.24,94.26,392.0,CHRW
2023-06-29 12:58:00,94.23,94.23,94.23,94.23,290.0,CHRW
2023-06-29 12:57:00,94.3,94.32,94.29,94.29,719.0,CHRW
2023-06-29 12:55:00,94.33,94.33,94.3,94.3,1048.0,CHRW
2023-06-29 12:53:00,94.37,94.37,94.34,94.34,977.0,CHRW
2023-06-29 12:51:00,94.39,94.39,94.39,94.39,412.0,CHRW
2023-06-29 12:48:00,94.39,94.39,94.39,94.39,203.0,CHRW
2023-06-29 12:47:00,94.44,94.44,94.41,94.43,1621.0,CHRW
2023-06-29 12:46:00,94.4,94.44,94.4,94.44,1205.0,CHRW
2023-06-29 12:43:00,94.375,94.375,94.375,94.375,114.0,CHRW
2023-06-29 12:42:00,94.36,94.36,94.36,94.36,337.0,CHRW
2023-06-29 12:41:00,94.41,94.41,94.41,94.41,145.0,CHRW
2023-06-29 12:40:00,94.385,94.385,94.385,94.385,283.0,CHRW
2023-06-29 12:38:00,94.39,94.39,94.39,94.39,321.0,CHRW
2023-06-29 12:37:00,94.4,94.407,94.39,94.4,1214.0,CHRW
2023-06-29 12:36:00,94.425,94.425,94.425,94.425,233.0,CHRW
2023-06-29 12:35:00,94.4,94.435,94.4,94.435,411.0,CHRW
2023-06-29 12:33:00,94.37,94.38,94.37,94.38,517.0,CHRW
2023-06-29 12:32:00,94.375,94.375,94.35,94.35,438.0,CHRW
2023-06-29 12:31:00,94.39,94.39,94.375,94.375,761.0,CHRW
2023-06-29 12:30:00,94.4,94.4,94.4,94.4,662.0,CHRW
2023-06-29 12:29:00,94.355,94.355,94.34,94.355,1119.0,CHRW
2023-06-29 12:28:00,94.33,94.355,94.33,94.355,810.0,CHRW
2023-06-29 12:26:00,94.295,94.295,94.295,94.295,143.0,CHRW
2023-06-29 12:25:00,94.32,94.32,94.32,94.32,659.0,CHRW
2023-06-29 12:24:00,94.31,94.335,94.27,94.32,3459.0,CHRW
2023-06-29 12:23:00,94.33,94.36,94.33,94.36,440.0,CHRW
2023-06-29 12:20:00,94.245,94.245,94.245,94.245,160.0,CHRW
2023-06-29 12:19:00,94.24,94.24,94.24,94.24,301.0,CHRW
2023-06-29 12:17:00,94.15,94.19,94.15,94.19,728.0,CHRW
2023-06-29 12:16:00,94.1,94.12,94.1,94.12,255.0,CHRW
2023-06-29 12:14:00,94.08,94.14,94.08,94.14,617.0,CHRW
2023-06-29 12:13:00,94.1,94.1,94.1,94.1,911.0,CHRW
2023-06-29 12:11:00,94.17,94.17,94.13,94.13,596.0,CHRW
2023-06-29 12:10:00,94.205,94.205,94.205,94.205,178.0,CHRW
2023-06-29 12:08:00,94.13,94.16,94.13,94.16,480.0,CHRW
2023-06-29 12:06:00,94.04,94.08,94.04,94.08,672.0,CHRW
2023-06-29 12:05:00,94.07,94.08,94.07,94.08,314.0,CHRW
2023-06-29 12:03:00,94.075,94.075,94.075,94.075,160.0,CHRW
2023-06-29 12:01:00,94.11,94.11,94.07,94.07,823.0,CHRW
2023-06-29 12:00:00,94.12,94.17,94.12,94.13,1712.0,CHRW
2023-06-29 11:58:00,94.105,94.105,94.102,94.102,666.0,CHRW
2023-06-29 11:57:00,94.115,94.115,94.115,94.115,336.0,CHRW
2023-06-29 11:55:00,94.14,94.14,94.14,94.14,1012.0,CHRW
2023-06-29 11:53:00,94.13,94.13,94.13,94.13,362.0,CHRW
2023-06-29 11:52:00,94.1,94.11,94.09,94.11,894.0,CHRW
2023-06-29 11:51:00,94.11,94.125,94.11,94.125,291.0,CHRW
2023-06-29 11:50:00,94.11,94.13,94.09,94.13,1196.0,CHRW
2023-06-29 11:46:00,93.895,94.05,93.895,94.05,1006.0,CHRW
2023-06-29 11:44:00,93.905,93.905,93.905,93.905,305.0,CHRW
2023-06-29 11:43:00,93.91,93.91,93.89,93.905,1682.0,CHRW
2023-06-29 11:42:00,93.95,93.95,93.95,93.95,202.0,CHRW
2023-06-29 11:40:00,93.92,93.92,93.92,93.92,230.0,CHRW
2023-06-29 11:39:00,93.82,93.82,93.82,93.82,520.0,CHRW
2023-06-29 11:38:00,93.8,93.82,93.8,93.82,265.0,CHRW
2023-06-29 11:36:00,93.77,93.8,93.77,93.8,451.0,CHRW
2023-06-29 11:34:00,93.82,93.83,93.82,93.83,534.0,CHRW
2023-06-29 11:33:00,93.79,93.79,93.79,93.79,327.0,CHRW
2023-06-29 11:32:00,93.766,93.766,93.766,93.766,322.0,CHRW
2023-06-29 11:31:00,93.8,93.8,93.74,93.74,1211.0,CHRW
2023-06-29 11:30:00,93.8,93.83,93.8,93.83,762.0,CHRW
2023-06-29 11:29:00,93.81,93.81,93.81,93.81,168.0,CHRW
2023-06-29 11:28:00,93.8,93.8,93.8,93.8,192.0,CHRW
2023-06-29 11:27:00,93.83,93.83,93.83,93.83,210.0,CHRW
2023-06-29 11:26:00,93.79,93.81,93.74,93.81,2269.0,CHRW
2023-06-29 11:25:00,93.815,93.815,93.815,93.815,260.0,CHRW
2023-06-29 11:24:00,93.78,93.78,93.78,93.78,140.0,CHRW
2023-06-29 11:23:00,93.7,93.75,93.66,93.75,1120.0,CHRW
2023-06-29 11:22:00,93.68,93.68,93.68,93.68,228.0,CHRW
2023-06-29 11:20:00,93.743,93.742,93.71,93.71,1457.0,CHRW
2023-06-29 11:19:00,93.85,93.85,93.77,93.77,1876.0,CHRW
2023-06-29 11:17:00,93.83,93.84,93.83,93.84,1260.0,CHRW
2023-06-29 11:15:00,93.81,93.83,93.81,93.83,333.0,CHRW
2023-06-29 11:14:00,93.835,93.835,93.83,93.83,457.0,CHRW
2023-06-29 11:13:00,93.9,93.92,93.84,93.85,1907.0,CHRW
2023-06-29 11:12:00,93.91,93.92,93.91,93.92,599.0,CHRW
2023-06-29 11:11:00,93.8,93.81,93.8,93.81,595.0,CHRW
2023-06-29 11:10:00,93.79,93.79,93.77,93.78,559.0,CHRW
2023-06-29 11:09:00,93.8,93.8,93.77,93.785,1111.0,CHRW
2023-06-29 11:08:00,93.85,93.85,93.81,93.81,938.0,CHRW
2023-06-29 11:06:00,93.87,93.87,93.82,93.833,1306.0,CHRW
2023-06-29 11:05:00,93.86,93.86,93.86,93.86,518.0,CHRW
2023-06-29 11:04:00,93.83,93.85,93.83,93.85,682.0,CHRW
2023-06-29 11:03:00,93.8,93.81,93.79,93.81,647.0,CHRW
2023-06-29 11:02:00,93.79,93.8,93.79,93.79,516.0,CHRW
2023-06-29 11:01:00,93.75,93.79,93.73,93.765,1419.0,CHRW
2023-06-29 11:00:00,93.74,93.77,93.74,93.77,502.0,CHRW
2023-06-29 10:59:00,93.76,93.79,93.76,93.77,389.0,CHRW
2023-06-29 10:58:00,93.75,93.79,93.73,93.76,1340.0,CHRW
2023-06-29 10:57:00,93.66,93.73,93.64,93.73,1226.0,CHRW
2023-06-29 10:56:00,93.6,93.655,93.6,93.655,1688.0,CHRW
2023-06-29 10:55:00,93.5,93.56,93.5,93.56,778.0,CHRW
2023-06-29 10:54:00,93.47,93.51,93.47,93.51,797.0,CHRW
2023-06-29 10:53:00,93.565,93.565,93.54,93.54,809.0,CHRW
2023-06-29 10:52:00,93.53,93.58,93.53,93.58,219.0,CHRW
2023-06-29 10:51:00,93.61,93.61,93.58,93.58,441.0,CHRW
2023-06-29 10:50:00,93.58,93.59,93.58,93.59,970.0,CHRW
2023-06-29 10:49:00,93.52,93.6,93.52,93.6,1191.0,CHRW
2023-06-29 10:48:00,93.45,93.51,93.45,93.51,550.0,CHRW
2023-06-29 10:47:00,93.475,93.475,93.43,93.45,799.0,CHRW
2023-06-29 10:46:00,93.59,93.59,93.53,93.53,451.0,CHRW
2023-06-29 10:45:00,93.635,93.635,93.63,93.63,483.0,CHRW
2023-06-29 10:44:00,93.66,93.66,93.63,93.63,704.0,CHRW
2023-06-29 10:43:00,93.67,93.71,93.67,93.68,1152.0,CHRW
2023-06-29 10:42:00,93.67,93.695,93.66,93.68,1268.0,CHRW
2023-06-29 10:41:00,93.74,93.74,93.68,93.68,1429.0,CHRW
2023-06-29 10:40:00,93.73,93.73,93.73,93.73,979.0,CHRW
2023-06-29 10:39:00,93.77,93.77,93.73,93.73,388.0,CHRW
2023-06-29 10:38:00,93.75,93.75,93.75,93.75,536.0,CHRW
2023-06-29 10:37:00,93.84,93.84,93.78,93.84,688.0,CHRW
2023-06-29 10:36:00,93.92,93.92,93.81,93.81,1086.0,CHRW
2023-06-29 10:35:00,93.94,93.98,93.94,93.98,621.0,CHRW
2023-06-29 10:34:00,93.94,93.94,93.91,93.91,1036.0,CHRW
2023-06-29 10:33:00,93.9,93.9,93.9,93.9,298.0,CHRW
2023-06-29 10:31:00,93.895,93.94,93.88,93.88,931.0,CHRW
2023-06-29 10:30:00,93.95,93.98,93.91,93.91,1191.0,CHRW
2023-06-29 10:29:00,93.81,93.92,93.81,93.92,1506.0,CHRW
2023-06-29 10:28:00,93.84,93.84,93.84,93.84,289.0,CHRW
2023-06-29 10:27:00,93.79,93.83,93.79,93.8,1330.0,CHRW
2023-06-29 10:26:00,93.73,93.775,93.71,93.775,1927.0,CHRW
2023-06-29 10:25:00,93.67,93.67,93.67,93.67,467.0,CHRW
2023-06-29 10:24:00,93.77,93.78,93.75,93.75,1202.0,CHRW
2023-06-29 10:23:00,93.772,93.81,93.772,93.81,1556.0,CHRW
2023-06-29 10:22:00,93.855,93.87,93.84,93.84,500.0,CHRW
2023-06-29 10:21:00,93.82,93.855,93.82,93.855,443.0,CHRW
2023-06-29 10:20:00,93.86,93.882,93.85,93.88,1052.0,CHRW
2023-06-29 10:18:00,93.93,93.93,93.91,93.913,987.0,CHRW
2023-06-29 10:16:00,94.09,94.13,93.96,93.96,2334.0,CHRW
2023-06-29 10:15:00,94.06,94.135,94.06,94.135,554.0,CHRW
2023-06-29 10:14:00,94.01,94.02,94.01,94.02,292.0,CHRW
2023-06-29 10:13:00,93.815,93.945,93.815,93.935,1453.0,CHRW
2023-06-29 10:12:00,93.835,93.86,93.79,93.86,835.0,CHRW
2023-06-29 10:11:00,93.76,93.78,93.76,93.77,880.0,CHRW
2023-06-29 10:10:00,93.76,93.76,93.66,93.67,884.0,CHRW
2023-06-29 10:08:00,93.73,93.73,93.73,93.73,200.0,CHRW
2023-06-29 10:07:00,93.79,93.8,93.68,93.68,2098.0,CHRW
2023-06-29 10:06:00,93.84,93.84,93.84,93.84,633.0,CHRW
2023-06-29 10:05:00,93.85,93.88,93.85,93.88,430.0,CHRW
2023-06-29 10:04:00,93.84,93.84,93.84,93.84,569.0,CHRW
2023-06-29 10:03:00,93.86,93.9,93.79,93.79,1188.0,CHRW
2023-06-29 10:02:00,93.88,93.88,93.88,93.88,407.0,CHRW
2023-06-29 10:01:00,93.84,93.84,93.835,93.835,559.0,CHRW
2023-06-29 10:00:00,93.67,93.9,93.67,93.845,905.0,CHRW
2023-06-29 09:59:00,93.62,93.62,93.62,93.62,728.0,CHRW
2023-06-29 09:58:00,93.65,93.65,93.65,93.65,463.0,CHRW
2023-06-29 09:57:00,93.747,93.747,93.747,93.747,846.0,CHRW
2023-06-29 09:56:00,93.651,93.67,93.65,93.67,783.0,CHRW
2023-06-29 09:55:00,93.55,93.55,93.5,93.51,1838.0,CHRW
2023-06-29 09:54:00,93.52,93.52,93.52,93.52,238.0,CHRW
2023-06-29 09:53:00,93.57,93.57,93.56,93.56,1193.0,CHRW
2023-06-29 09:52:00,93.66,93.66,93.66,93.66,455.0,CHRW
2023-06-29 09:50:00,93.43,93.52,93.43,93.52,2418.0,CHRW
2023-06-29 09:49:00,93.55,93.55,93.37,93.41,2239.0,CHRW
2023-06-29 09:47:00,93.44,93.53,93.44,93.53,954.0,CHRW
2023-06-29 09:45:00,93.35,93.355,93.35,93.355,578.0,CHRW
2023-06-29 09:43:00,93.585,93.585,93.46,93.46,1419.0,CHRW
2023-06-29 09:42:00,93.53,93.58,93.53,93.575,816.0,CHRW
2023-06-29 09:41:00,93.35,93.35,93.35,93.35,217.0,CHRW
2023-06-29 09:40:00,93.495,93.495,93.32,93.32,1027.0,CHRW
2023-06-29 09:37:00,93.52,93.52,93.455,93.46,942.0,CHRW
2023-06-29 09:36:00,93.34,93.37,93.3,93.37,523.0,CHRW
2023-06-29 09:35:00,93.43,93.467,93.39,93.467,691.0,CHRW
2023-06-29 09:34:00,93.5,93.5,93.5,93.5,101.0,CHRW
2023-06-29 09:33:00,93.28,93.45,93.28,93.45,1486.0,CHRW
2023-06-29 09:32:00,93.59,93.73,93.42,93.435,1980.0,CHRW
2023-06-29 09:31:00,93.575,93.842,93.575,93.74,3837.0,CHRW
2023-06-29 09:30:00,93.41,93.55,93.41,93.55,19442.0,CHRW
2023-06-29 09:29:00,93.47,93.47,93.47,93.47,324.0,CHRW
2023-06-29 09:28:00,93.6,93.88,93.58,93.88,401.0,CHRW
2023-06-29 09:27:00,93.14,93.14,93.14,93.14,200.0,CHRW
2023-06-29 08:02:00,93.88,93.88,93.88,93.88,1.0,CHRW
2023-06-29 08:00:00,93.88,93.88,93.88,93.88,1.0,CHRW
2023-06-28 18:25:00,93.45,93.45,93.45,93.45,1.0,CHRW
2023-06-28 17:00:00,94.44,94.44,94.44,94.44,1.0,CHRW
2023-06-28 16:05:00,93.88,93.88,93.88,93.88,64.0,CHRW
2023-06-28 16:04:00,92.78,92.78,92.78,92.78,1.0,CHRW
2023-06-28 16:03:00,93.881,93.881,93.881,93.881,1353.0,CHRW
2023-06-28 16:02:00,93.88,93.88,93.88,93.88,6916.0,CHRW
2023-06-28 16:01:00,93.88,93.88,93.88,93.88,3311.0,CHRW
2023-06-28 16:00:00,93.93,93.93,93.88,93.88,261014.0,CHRW
2023-06-28 15:59:00,93.85,93.93,93.82,93.93,21771.0,CHRW
2023-06-28 15:58:00,93.72,93.84,93.72,93.835,7228.0,CHRW
2023-06-28 15:57:00,93.69,93.74,93.685,93.72,8556.0,CHRW
2023-06-28 15:56:00,93.74,93.74,93.69,93.69,5324.0,CHRW
2023-06-28 15:55:00,93.77,93.77,93.74,93.75,8233.0,CHRW
2023-06-28 15:54:00,93.88,93.88,93.81,93.81,4141.0,CHRW
2023-06-28 15:53:00,93.92,93.93,93.89,93.89,3342.0,CHRW
2023-06-28 15:52:00,93.92,93.96,93.91,93.91,7073.0,CHRW
2023-06-28 15:51:00,93.91,93.94,93.9,93.93,5721.0,CHRW
2023-06-28 15:50:00,93.85,93.91,93.83,93.91,7664.0,CHRW
2023-06-28 15:49:00,93.865,93.88,93.86,93.88,582.0,CHRW
2023-06-28 15:48:00,93.88,93.9,93.85,93.865,4203.0,CHRW
2023-06-28 15:47:00,93.91,93.97,93.85,93.88,7396.0,CHRW
2023-06-28 15:46:00,93.89,93.92,93.89,93.92,1867.0,CHRW
2023-06-28 15:45:00,93.82,93.85,93.81,93.84,3415.0,CHRW
2023-06-28 15:44:00,93.87,93.88,93.84,93.84,1536.0,CHRW
2023-06-28 15:43:00,93.91,93.925,93.89,93.91,1485.0,CHRW
2023-06-28 15:42:00,93.88,93.925,93.88,93.925,2026.0,CHRW
2023-06-28 15:41:00,93.9,93.9,93.86,93.865,3325.0,CHRW
2023-06-28 15:40:00,93.86,93.9,93.86,93.9,2183.0,CHRW
2023-06-28 15:39:00,93.85,93.85,93.84,93.84,326.0,CHRW
2023-06-28 15:38:00,93.8,93.855,93.8,93.855,2664.0,CHRW
2023-06-28 15:37:00,93.785,93.79,93.77,93.79,2343.0,CHRW
2023-06-28 15:36:00,93.88,93.88,93.805,93.805,1837.0,CHRW
2023-06-28 15:35:00,93.85,93.895,93.845,93.88,3230.0,CHRW
2023-06-28 15:34:00,93.86,93.86,93.845,93.85,2042.0,CHRW
2023-06-28 15:33:00,93.88,93.885,93.86,93.865,1260.0,CHRW
2023-06-28 15:32:00,93.9,93.91,93.875,93.875,3098.0,CHRW
2023-06-28 15:31:00,93.93,93.93,93.91,93.91,1875.0,CHRW
2023-06-28 15:30:00,93.9,93.905,93.9,93.905,715.0,CHRW
2023-06-28 15:29:00,93.9,93.93,93.9,93.93,1078.0,CHRW
2023-06-28 15:28:00,93.97,93.97,93.91,93.91,1260.0,CHRW
2023-06-28 15:27:00,93.98,93.98,93.95,93.95,1462.0,CHRW
2023-06-28 15:26:00,94.0,94.0,93.98,93.98,2502.0,CHRW
2023-06-28 15:25:00,94.0,94.035,94.0,94.0,2942.0,CHRW
2023-06-28 15:23:00,93.96,93.98,93.96,93.967,1122.0,CHRW
2023-06-28 15:22:00,93.93,93.95,93.93,93.94,1650.0,CHRW
2023-06-28 15:21:00,93.96,93.96,93.94,93.94,1305.0,CHRW
2023-06-28 15:20:00,93.94,93.98,93.94,93.97,2575.0,CHRW
2023-06-28 15:19:00,93.88,93.925,93.87,93.91,1668.0,CHRW
2023-06-28 15:17:00,93.86,93.86,93.855,93.855,527.0,CHRW
2023-06-28 15:16:00,93.86,93.86,93.86,93.86,352.0,CHRW
2023-06-28 15:15:00,93.92,93.92,93.88,93.88,554.0,CHRW
2023-06-28 15:13:00,93.83,93.86,93.825,93.86,756.0,CHRW
2023-06-28 15:12:00,93.76,93.775,93.76,93.775,577.0,CHRW
2023-06-28 15:11:00,93.79,93.79,93.79,93.79,379.0,CHRW
2023-06-28 15:09:00,93.73,93.75,93.7,93.74,2968.0,CHRW
2023-06-28 15:08:00,93.7,93.7,93.7,93.7,460.0,CHRW
2023-06-28 15:07:00,93.67,93.67,93.67,93.67,371.0,CHRW
2023-06-28 15:06:00,93.74,93.74,93.7,93.7,1822.0,CHRW
2023-06-28 15:05:00,93.74,93.74,93.74,93.74,578.0,CHRW
2023-06-28 15:03:00,93.74,93.74,93.71,93.72,2903.0,CHRW
2023-06-28 15:02:00,93.835,93.835,93.78,93.78,1546.0,CHRW
2023-06-28 15:00:00,93.79,93.82,93.79,93.82,873.0,CHRW
2023-06-28 14:59:00,93.725,93.75,93.72,93.75,2471.0,CHRW
2023-06-28 14:58:00,93.75,93.76,93.72,93.72,1991.0,CHRW
2023-06-28 14:57:00,93.74,93.76,93.74,93.76,597.0,CHRW
2023-06-28 14:56:00,93.76,93.76,93.75,93.75,720.0,CHRW
2023-06-28 14:55:00,93.77,93.77,93.76,93.76,1046.0,CHRW
2023-06-28 14:54:00,93.81,93.81,93.81,93.81,126.0,CHRW
2023-06-28 14:53:00,93.78,93.78,93.78,93.78,629.0,CHRW
2023-06-28 14:52:00,93.745,93.77,93.745,93.76,913.0,CHRW
2023-06-28 14:51:00,93.775,93.775,93.75,93.75,487.0,CHRW
2023-06-28 14:49:00,93.78,93.78,93.75,93.76,2128.0,CHRW
2023-06-28 14:48:00,93.785,93.785,93.785,93.785,321.0,CHRW
2023-06-28 14:46:00,93.767,93.78,93.766,93.77,835.0,CHRW
2023-06-28 14:45:00,93.76,93.78,93.75,93.78,1288.0,CHRW
2023-06-28 14:44:00,93.77,93.78,93.76,93.78,1240.0,CHRW
2023-06-28 14:43:00,93.785,93.785,93.785,93.785,350.0,CHRW
2023-06-28 14:42:00,93.775,93.81,93.775,93.79,1088.0,CHRW
2023-06-28 14:41:00,93.78,93.78,93.765,93.765,350.0,CHRW
2023-06-28 14:40:00,93.75,93.75,93.74,93.75,2139.0,CHRW
2023-06-28 14:38:00,93.75,93.8,93.75,93.8,1269.0,CHRW
2023-06-28 14:36:00,93.78,93.81,93.78,93.81,714.0,CHRW
2023-06-28 14:35:00,93.78,93.78,93.78,93.78,282.0,CHRW
2023-06-28 14:34:00,93.79,93.83,93.79,93.81,1257.0,CHRW
2023-06-28 14:32:00,93.74,93.74,93.735,93.735,692.0,CHRW
2023-06-28 14:31:00,93.79,93.81,93.76,93.76,1296.0,CHRW
2023-06-28 14:30:00,93.74,93.77,93.74,93.77,1665.0,CHRW
2023-06-28 14:29:00,93.735,93.735,93.735,93.735,356.0,CHRW
2023-06-28 14:28:00,93.73,93.73,93.73,93.73,456.0,CHRW
2023-06-28 14:27:00,93.76,93.76,93.72,93.72,878.0,CHRW
2023-06-28 14:26:00,93.82,93.82,93.785,93.785,781.0,CHRW
2023-06-28 14:25:00,93.84,93.84,93.84,93.84,940.0,CHRW
2023-06-28 14:24:00,93.83,93.85,93.83,93.85,665.0,CHRW
2023-06-28 14:23:00,93.765,93.765,93.765,93.765,736.0,CHRW
2023-06-28 14:21:00,93.72,93.77,93.72,93.77,955.0,CHRW
2023-06-28 14:20:00,93.75,93.75,93.72,93.73,1343.0,CHRW
2023-06-28 14:19:00,93.78,93.78,93.765,93.765,1176.0,CHRW
2023-06-28 14:18:00,93.845,93.845,93.8,93.8,2402.0,CHRW
2023-06-28 14:17:00,93.81,93.81,93.81,93.81,420.0,CHRW
2023-06-28 14:16:00,93.815,93.84,93.815,93.835,1789.0,CHRW
2023-06-28 14:15:00,93.82,93.86,93.82,93.83,1827.0,CHRW
2023-06-28 14:14:00,93.78,93.84,93.78,93.83,2353.0,CHRW
2023-06-28 14:12:00,93.82,93.82,93.82,93.82,121.0,CHRW
2023-06-28 14:11:00,93.85,93.852,93.81,93.81,1108.0,CHRW
2023-06-28 14:10:00,93.77,93.845,93.77,93.84,1401.0,CHRW
2023-06-28 14:07:00,93.745,93.745,93.745,93.745,334.0,CHRW
2023-06-28 14:06:00,93.74,93.765,93.72,93.74,3525.0,CHRW
2023-06-28 14:04:00,93.77,93.77,93.77,93.77,1050.0,CHRW
2023-06-28 14:03:00,93.82,93.82,93.8,93.8,611.0,CHRW
2023-06-28 14:02:00,93.8,93.8,93.79,93.79,451.0,CHRW
2023-06-28 14:01:00,93.7,93.798,93.7,93.798,1395.0,CHRW
2023-06-28 14:00:00,93.7,93.7,93.69,93.69,1158.0,CHRW
2023-06-28 13:59:00,93.67,93.68,93.67,93.67,1609.0,CHRW
2023-06-28 13:58:00,93.67,93.69,93.67,93.69,1003.0,CHRW
2023-06-28 13:57:00,93.67,93.67,93.67,93.67,567.0,CHRW
2023-06-28 13:56:00,93.685,93.685,93.66,93.66,509.0,CHRW
2023-06-28 13:55:00,93.59,93.68,93.59,93.68,1899.0,CHRW
2023-06-28 13:54:00,93.59,93.595,93.57,93.57,1359.0,CHRW
2023-06-28 13:53:00,93.58,93.58,93.58,93.58,805.0,CHRW
2023-06-28 13:52:00,93.551,93.555,93.54,93.54,1452.0,CHRW
2023-06-28 13:51:00,93.61,93.61,93.61,93.61,722.0,CHRW
2023-06-28 13:50:00,93.62,93.62,93.59,93.59,1207.0,CHRW
2023-06-28 13:49:00,93.61,93.64,93.61,93.62,1330.0,CHRW
2023-06-28 13:46:00,93.66,93.66,93.66,93.66,805.0,CHRW
2023-06-28 13:45:00,93.675,93.675,93.675,93.675,675.0,CHRW
2023-06-28 13:44:00,93.67,93.67,93.67,93.67,705.0,CHRW
2023-06-28 13:43:00,93.64,93.65,93.64,93.65,1164.0,CHRW
2023-06-28 13:42:00,93.65,93.65,93.6,93.615,2068.0,CHRW
2023-06-28 13:40:00,93.61,93.67,93.61,93.67,1336.0,CHRW
2023-06-28 13:38:00,93.6,93.6,93.57,93.58,2006.0,CHRW
2023-06-28 13:36:00,93.64,93.64,93.64,93.64,455.0,CHRW
2023-06-28 13:35:00,93.61,93.63,93.61,93.62,1432.0,CHRW
2023-06-28 13:34:00,93.65,93.65,93.58,93.58,1253.0,CHRW
2023-06-28 13:32:00,93.68,93.68,93.64,93.65,2090.0,CHRW
2023-06-28 13:31:00,93.67,93.67,93.67,93.67,662.0,CHRW
2023-06-28 13:30:00,93.72,93.73,93.72,93.73,605.0,CHRW
2023-06-28 13:29:00,93.65,93.67,93.65,93.67,1043.0,CHRW
2023-06-28 13:28:00,93.71,93.71,93.67,93.67,1609.0,CHRW
2023-06-28 13:27:00,93.73,93.73,93.73,93.73,454.0,CHRW
2023-06-28 13:26:00,93.68,93.68,93.68,93.68,450.0,CHRW
2023-06-28 13:25:00,93.67,93.69,93.67,93.69,600.0,CHRW
2023-06-28 13:24:00,93.69,93.69,93.64,93.655,1144.0,CHRW
2023-06-28 13:23:00,93.66,93.66,93.66,93.66,377.0,CHRW
2023-06-28 13:22:00,93.59,93.62,93.59,93.62,528.0,CHRW
2023-06-28 13:21:00,93.54,93.54,93.54,93.54,174.0,CHRW
2023-06-28 13:18:00,93.49,93.49,93.49,93.49,544.0,CHRW
2023-06-28 13:17:00,93.515,93.53,93.48,93.52,1010.0,CHRW
2023-06-28 13:16:00,93.5,93.5,93.5,93.5,372.0,CHRW
2023-06-28 13:15:00,93.44,93.49,93.44,93.47,2030.0,CHRW
2023-06-28 13:14:00,93.4,93.415,93.4,93.415,1164.0,CHRW
2023-06-28 13:13:00,93.39,93.41,93.38,93.41,1133.0,CHRW
2023-06-28 13:11:00,93.43,93.43,93.43,93.43,242.0,CHRW
2023-06-28 13:10:00,93.51,93.51,93.47,93.47,1702.0,CHRW
2023-06-28 13:09:00,93.52,93.55,93.5,93.5,1161.0,CHRW
2023-06-28 13:08:00,93.555,93.57,93.53,93.55,911.0,CHRW
2023-06-28 13:07:00,93.55,93.61,93.55,93.61,607.0,CHRW
2023-06-28 13:05:00,93.565,93.565,93.565,93.565,647.0,CHRW
2023-06-28 13:04:00,93.585,93.585,93.585,93.585,252.0,CHRW
2023-06-28 13:03:00,93.59,93.59,93.57,93.59,330.0,CHRW
2023-06-28 13:02:00,93.62,93.62,93.56,93.57,1681.0,CHRW
2023-06-28 13:01:00,93.62,93.62,93.6,93.61,973.0,CHRW
2023-06-28 12:58:00,93.68,93.68,93.65,93.65,606.0,CHRW
2023-06-28 12:57:00,93.72,93.72,93.72,93.72,127.0,CHRW
2023-06-28 12:56:00,93.67,93.67,93.67,93.67,100.0,CHRW
2023-06-28 12:55:00,93.59,93.63,93.53,93.63,3233.0,CHRW
2023-06-28 12:54:00,93.555,93.585,93.555,93.585,464.0,CHRW
2023-06-28 12:53:00,93.63,93.67,93.575,93.575,2657.0,CHRW
2023-06-28 12:52:00,93.56,93.63,93.56,93.61,1991.0,CHRW
2023-06-28 12:50:00,93.58,93.596,93.563,93.57,1026.0,CHRW
2023-06-28 12:49:00,93.61,93.61,93.61,93.61,1027.0,CHRW
2023-06-28 12:48:00,93.6,93.656,93.6,93.656,996.0,CHRW
2023-06-28 12:47:00,93.57,93.61,93.55,93.6,2847.0,CHRW
2023-06-28 12:45:00,93.51,93.56,93.51,93.54,1909.0,CHRW
2023-06-28 12:44:00,93.57,93.57,93.494,93.494,898.0,CHRW
2023-06-28 12:43:00,93.67,93.67,93.6,93.6,2094.0,CHRW
2023-06-28 12:42:00,93.82,93.82,93.694,93.7,1311.0,CHRW
2023-06-28 12:41:00,93.92,93.92,93.86,93.86,1513.0,CHRW
2023-06-28 12:40:00,93.91,93.91,93.91,93.91,377.0,CHRW
2023-06-28 12:39:00,93.93,93.94,93.91,93.91,1102.0,CHRW
2023-06-28 12:38:00,93.95,93.95,93.93,93.93,940.0,CHRW
2023-06-28 12:37:00,93.988,93.988,93.95,93.97,1094.0,CHRW
2023-06-28 12:36:00,93.99,94.01,93.99,94.01,430.0,CHRW
2023-06-28 12:35:00,94.0,94.04,94.0,94.01,1104.0,CHRW
2023-06-28 12:34:00,93.99,93.99,93.99,93.99,703.0,CHRW
2023-06-28 12:33:00,94.0,94.0,94.0,94.0,136.0,CHRW
2023-06-28 12:32:00,93.975,93.975,93.975,93.975,140.0,CHRW
2023-06-28 12:31:00,93.99,94.025,93.975,93.975,1173.0,CHRW
2023-06-28 12:30:00,94.07,94.07,94.07,94.07,362.0,CHRW
2023-06-28 12:29:00,93.91,93.97,93.9,93.97,622.0,CHRW
2023-06-28 12:28:00,93.84,93.87,93.81,93.87,1107.0,CHRW
2023-06-28 12:27:00,93.87,93.87,93.86,93.87,811.0,CHRW
2023-06-28 12:26:00,93.92,93.92,93.88,93.88,1485.0,CHRW
2023-06-28 12:25:00,93.98,93.98,93.95,93.95,433.0,CHRW
2023-06-28 12:24:00,94.0,94.0,93.99,93.99,673.0,CHRW
2023-06-28 12:23:00,94.02,94.02,94.02,94.02,309.0,CHRW
2023-06-28 12:22:00,93.98,93.98,93.98,93.98,378.0,CHRW
2023-06-28 12:21:00,93.94,93.94,93.94,93.94,239.0,CHRW
2023-06-28 12:20:00,93.89,93.92,93.89,93.9,928.0,CHRW
2023-06-28 12:19:00,93.92,93.92,93.91,93.91,843.0,CHRW
2023-06-28 12:17:00,93.9,93.9,93.9,93.9,271.0,CHRW
2023-06-28 12:16:00,93.93,93.93,93.93,93.93,217.0,CHRW
2023-06-28 12:15:00,93.856,93.856,93.85,93.85,770.0,CHRW
2023-06-28 12:14:00,93.88,93.88,93.88,93.88,566.0,CHRW
2023-06-28 12:12:00,93.85,93.85,93.85,93.85,583.0,CHRW
2023-06-28 12:11:00,93.83,93.849,93.83,93.849,866.0,CHRW
2023-06-28 12:10:00,93.77,93.803,93.77,93.803,1763.0,CHRW
2023-06-28 12:09:00,93.74,93.74,93.74,93.74,264.0,CHRW
2023-06-28 12:08:00,93.78,93.78,93.73,93.73,1039.0,CHRW
2023-06-28 12:07:00,93.775,93.78,93.775,93.78,507.0,CHRW
2023-06-28 12:06:00,93.825,93.825,93.81,93.81,616.0,CHRW
2023-06-28 12:05:00,93.86,93.86,93.85,93.85,551.0,CHRW
2023-06-28 12:04:00,93.86,93.86,93.86,93.86,586.0,CHRW
2023-06-28 12:03:00,93.82,93.82,93.8,93.8,862.0,CHRW
2023-06-28 12:00:00,93.86,93.86,93.843,93.85,697.0,CHRW
2023-06-28 11:59:00,93.805,93.83,93.79,93.83,1839.0,CHRW
2023-06-28 11:58:00,93.82,93.84,93.82,93.84,1611.0,CHRW
2023-06-28 11:56:00,93.885,93.885,93.87,93.87,745.0,CHRW
2023-06-28 11:55:00,93.89,93.89,93.88,93.89,1224.0,CHRW
2023-06-28 11:54:00,93.91,93.91,93.89,93.89,626.0,CHRW
2023-06-28 11:52:00,93.92,93.92,93.92,93.92,320.0,CHRW
2023-06-28 11:51:00,93.945,93.945,93.92,93.94,1861.0,CHRW
2023-06-28 11:50:00,93.96,93.96,93.96,93.96,358.0,CHRW
2023-06-28 11:49:00,93.95,93.95,93.94,93.94,543.0,CHRW
2023-06-28 11:48:00,93.97,93.97,93.97,93.97,212.0,CHRW
2023-06-28 11:47:00,93.91,93.96,93.91,93.96,1433.0,CHRW
2023-06-28 11:46:00,93.86,93.96,93.86,93.96,1636.0,CHRW
2023-06-28 11:45:00,93.88,93.88,93.88,93.88,103.0,CHRW
2023-06-28 11:43:00,93.91,93.91,93.85,93.87,938.0,CHRW
2023-06-28 11:41:00,93.92,93.92,93.88,93.9,370.0,CHRW
2023-06-28 11:40:00,93.94,93.94,93.93,93.94,1248.0,CHRW
2023-06-28 11:39:00,93.97,93.97,93.97,93.97,571.0,CHRW
2023-06-28 11:38:00,93.94,93.98,93.94,93.98,631.0,CHRW
2023-06-28 11:36:00,93.86,93.87,93.86,93.87,997.0,CHRW
2023-06-28 11:34:00,93.86,93.86,93.86,93.86,449.0,CHRW
2023-06-28 11:33:00,93.875,93.875,93.875,93.875,220.0,CHRW
2023-06-28 11:31:00,93.76,93.76,93.76,93.76,378.0,CHRW
2023-06-28 11:30:00,93.78,93.78,93.76,93.76,992.0,CHRW
2023-06-28 11:29:00,93.7,93.754,93.7,93.754,379.0,CHRW
2023-06-28 11:28:00,93.6,93.67,93.6,93.67,573.0,CHRW
2023-06-28 11:27:00,93.56,93.56,93.56,93.56,146.0,CHRW
2023-06-28 11:26:00,93.49,93.58,93.49,93.58,697.0,CHRW
2023-06-28 11:25:00,93.53,93.53,93.5,93.5,702.0,CHRW
2023-06-28 11:24:00,93.53,93.53,93.53,93.53,310.0,CHRW
2023-06-28 11:23:00,93.71,93.71,93.58,93.6,2268.0,CHRW
2023-06-28 11:22:00,93.71,93.78,93.71,93.78,1511.0,CHRW
2023-06-28 11:21:00,93.725,93.725,93.7,93.725,1384.0,CHRW
2023-06-28 11:20:00,93.71,93.71,93.71,93.71,132.0,CHRW
2023-06-28 11:18:00,93.57,93.57,93.57,93.57,489.0,CHRW
2023-06-28 11:16:00,93.55,93.55,93.51,93.51,574.0,CHRW
2023-06-28 11:15:00,93.455,93.455,93.43,93.43,929.0,CHRW
2023-06-28 11:14:00,93.36,93.42,93.36,93.42,533.0,CHRW
2023-06-28 11:12:00,93.4,93.41,93.33,93.33,1169.0,CHRW
2023-06-28 11:11:00,93.451,93.451,93.401,93.43,1686.0,CHRW
2023-06-28 11:10:00,93.38,93.59,93.37,93.59,5165.0,CHRW
2023-06-28 11:09:00,93.335,93.37,93.335,93.37,534.0,CHRW
2023-06-28 11:08:00,93.3,93.31,93.25,93.31,3065.0,CHRW
2023-06-28 11:07:00,93.21,93.3,93.21,93.3,3930.0,CHRW
2023-06-28 11:06:00,93.16,93.27,93.16,93.21,5530.0,CHRW
2023-06-28 11:04:00,93.13,93.2,93.11,93.155,1526.0,CHRW
2023-06-28 11:03:00,93.17,93.17,93.14,93.14,493.0,CHRW
2023-06-28 11:02:00,93.22,93.22,93.2,93.2,823.0,CHRW
2023-06-28 11:01:00,93.25,93.29,93.21,93.29,1493.0,CHRW
2023-06-28 11:00:00,93.19,93.25,93.19,93.25,1241.0,CHRW
2023-06-28 10:59:00,93.14,93.17,93.14,93.17,377.0,CHRW
2023-06-28 10:58:00,93.13,93.13,93.13,93.13,430.0,CHRW
2023-06-28 10:56:00,93.115,93.115,93.115,93.115,553.0,CHRW
2023-06-28 10:55:00,93.09,93.09,93.07,93.07,453.0,CHRW
2023-06-28 10:54:00,93.11,93.17,93.09,93.09,2414.0,CHRW
2023-06-28 10:53:00,93.04,93.1,93.02,93.09,1641.0,CHRW
2023-06-28 10:52:00,92.97,93.11,92.97,93.09,3081.0,CHRW
2023-06-28 10:51:00,92.92,92.99,92.9,92.99,3054.0,CHRW
2023-06-28 10:50:00,93.04,93.04,92.905,92.905,2364.0,CHRW
2023-06-28 10:49:00,92.95,93.07,92.95,93.07,2547.0,CHRW
2023-06-28 10:48:00,93.01,93.01,92.98,92.98,1539.0,CHRW
2023-06-28 10:47:00,92.99,92.99,92.99,92.99,352.0,CHRW
2023-06-28 10:46:00,93.04,93.04,93.0,93.0,866.0,CHRW
2023-06-28 10:45:00,93.19,93.19,93.16,93.16,671.0,CHRW
2023-06-28 10:44:00,93.21,93.22,93.21,93.22,575.0,CHRW
2023-06-28 10:43:00,93.2,93.2,93.19,93.19,434.0,CHRW
2023-06-28 10:42:00,93.32,93.32,93.205,93.205,1130.0,CHRW
2023-06-28 10:41:00,93.25,93.27,93.25,93.27,811.0,CHRW
2023-06-28 10:40:00,93.31,93.31,93.26,93.26,1500.0,CHRW
2023-06-28 10:39:00,93.34,93.355,93.31,93.33,1928.0,CHRW
2023-06-28 10:38:00,93.31,93.37,93.31,93.36,1955.0,CHRW
2023-06-28 10:37:00,93.26,93.28,93.25,93.28,1008.0,CHRW
2023-06-28 10:36:00,93.33,93.34,93.33,93.34,306.0,CHRW
2023-06-28 10:35:00,93.325,93.4,93.325,93.35,8685.0,CHRW
2023-06-28 10:34:00,93.29,93.34,93.29,93.32,1033.0,CHRW
2023-06-28 10:32:00,93.48,93.48,93.48,93.48,561.0,CHRW
2023-06-28 10:31:00,93.52,93.52,93.5,93.5,409.0,CHRW
2023-06-28 10:29:00,93.53,93.53,93.39,93.44,2346.0,CHRW
2023-06-28 10:28:00,93.54,93.54,93.54,93.54,530.0,CHRW
2023-06-28 10:27:00,93.56,93.57,93.53,93.53,667.0,CHRW
2023-06-28 10:26:00,93.57,93.58,93.52,93.52,1500.0,CHRW
2023-06-28 10:24:00,93.54,93.54,93.44,93.44,472.0,CHRW
2023-06-28 10:23:00,93.74,93.74,93.57,93.6,1952.0,CHRW
2023-06-28 10:22:00,93.66,93.66,93.66,93.66,486.0,CHRW
2023-06-28 10:21:00,93.85,93.85,93.69,93.7,2946.0,CHRW
2023-06-28 10:20:00,93.86,93.86,93.84,93.84,356.0,CHRW
2023-06-28 10:19:00,93.84,93.89,93.84,93.89,333.0,CHRW
2023-06-28 10:18:00,93.795,93.89,93.79,93.88,1895.0,CHRW
2023-06-28 10:17:00,93.91,93.91,93.82,93.82,691.0,CHRW
2023-06-28 10:16:00,93.89,93.89,93.89,93.89,163.0,CHRW
2023-06-28 10:14:00,93.82,93.82,93.82,93.82,146.0,CHRW
2023-06-28 10:13:00,93.85,93.89,93.85,93.89,1151.0,CHRW
2023-06-28 10:12:00,93.92,93.92,93.92,93.92,331.0,CHRW
2023-06-28 10:11:00,94.08,94.08,93.86,93.86,1817.0,CHRW
2023-06-28 10:10:00,94.01,94.06,94.01,94.06,998.0,CHRW
2023-06-28 10:09:00,94.08,94.08,94.08,94.08,270.0,CHRW
2023-06-28 10:08:00,94.06,94.06,94.06,94.06,426.0,CHRW
2023-06-28 10:07:00,94.06,94.155,94.06,94.1,3501.0,CHRW
2023-06-28 10:06:00,94.06,94.06,94.06,94.06,269.0,CHRW
2023-06-28 10:05:00,94.115,94.115,94.115,94.115,394.0,CHRW
2023-06-28 10:04:00,94.16,94.17,94.16,94.17,362.0,CHRW
2023-06-28 10:02:00,94.31,94.315,94.14,94.14,1623.0,CHRW
2023-06-28 10:01:00,94.3,94.33,94.3,94.33,648.0,CHRW
2023-06-28 10:00:00,94.36,94.41,94.36,94.41,2275.0,CHRW
2023-06-28 09:59:00,94.36,94.42,94.345,94.42,1550.0,CHRW
2023-06-28 09:58:00,94.23,94.3,94.23,94.3,1823.0,CHRW
2023-06-28 09:57:00,94.08,94.24,94.08,94.24,11975.0,CHRW
2023-06-28 09:56:00,94.1,94.145,93.985,93.985,1524.0,CHRW
2023-06-28 09:55:00,94.15,94.2,94.15,94.15,630.0,CHRW
2023-06-28 09:54:00,94.1,94.1,94.1,94.1,533.0,CHRW
2023-06-28 09:52:00,94.06,94.06,94.06,94.06,512.0,CHRW
2023-06-28 09:51:00,93.98,94.11,93.98,94.04,1450.0,CHRW
2023-06-28 09:50:00,94.0,94.0,93.81,93.92,2149.0,CHRW
2023-06-28 09:49:00,94.21,94.21,94.04,94.04,1134.0,CHRW
2023-06-28 09:48:00,94.25,94.34,94.245,94.245,812.0,CHRW
2023-06-28 09:46:00,94.05,94.21,94.05,94.21,2010.0,CHRW
2023-06-28 09:45:00,94.11,94.11,94.04,94.04,1186.0,CHRW
2023-06-28 09:43:00,93.99,93.99,93.99,93.99,200.0,CHRW
2023-06-28 09:42:00,93.88,94.03,93.88,94.03,1337.0,CHRW
2023-06-28 09:41:00,93.96,93.96,93.83,93.83,1231.0,CHRW
2023-06-28 09:40:00,94.05,94.05,94.05,94.05,361.0,CHRW
2023-06-28 09:39:00,93.83,93.93,93.79,93.87,2643.0,CHRW
2023-06-28 09:38:00,93.77,93.88,93.76,93.79,967.0,CHRW
2023-06-28 09:37:00,93.81,93.85,93.75,93.75,1897.0,CHRW
2023-06-28 09:36:00,93.685,93.74,93.685,93.74,610.0,CHRW
2023-06-28 09:35:00,93.96,93.96,93.715,93.72,1917.0,CHRW
2023-06-28 09:34:00,94.05,94.05,93.965,93.965,776.0,CHRW
2023-06-28 09:33:00,94.12,94.12,94.12,94.12,219.0,CHRW
2023-06-28 09:32:00,94.13,94.245,94.13,94.245,679.0,CHRW
2023-06-28 09:31:00,94.465,94.5,94.465,94.5,259.0,CHRW
2023-06-28 09:30:00,94.56,94.705,94.56,94.705,7917.0,CHRW
2023-06-28 08:02:00,94.44,94.44,94.44,94.44,1.0,CHRW
2023-06-27 17:26:00,93.19,93.19,93.19,93.19,1.0,CHRW
2023-06-27 16:20:00,94.44,94.44,94.294,94.294,568.0,CHRW
2023-06-27 16:08:00,94.44,94.44,94.0,94.0,559.0,CHRW
2023-06-27 16:02:00,94.44,94.44,94.44,94.44,3091.0,CHRW
2023-06-27 16:01:00,94.44,94.44,94.44,94.44,1615.0,CHRW
2023-06-27 16:00:00,94.41,94.44,94.41,94.44,215185.0,CHRW
2023-06-27 15:59:00,94.43,94.45,94.38,94.41,18232.0,CHRW
2023-06-27 15:58:00,94.41,94.45,94.37,94.44,17584.0,CHRW
2023-06-27 15:57:00,94.445,94.445,94.39,94.415,10577.0,CHRW
2023-06-27 15:56:00,94.46,94.46,94.4,94.45,8674.0,CHRW
2023-06-27 15:55:00,94.5,94.5,94.46,94.47,11441.0,CHRW
2023-06-27 15:54:00,94.5,94.57,94.5,94.51,8826.0,CHRW
2023-06-27 15:53:00,94.41,94.5,94.41,94.5,5257.0,CHRW
2023-06-27 15:52:00,94.48,94.49,94.42,94.42,5142.0,CHRW
2023-06-27 15:51:00,94.475,94.52,94.475,94.51,6607.0,CHRW
2023-06-27 15:50:00,94.48,94.49,94.45,94.48,6641.0,CHRW
2023-06-27 15:49:00,94.46,94.47,94.46,94.47,3617.0,CHRW
2023-06-27 15:48:00,94.44,94.475,94.44,94.46,1651.0,CHRW
2023-06-27 15:47:00,94.41,94.425,94.39,94.425,3183.0,CHRW
2023-06-27 15:46:00,94.33,94.39,94.33,94.39,3351.0,CHRW
2023-06-27 15:45:00,94.32,94.345,94.32,94.34,2437.0,CHRW
2023-06-27 15:44:00,94.32,94.32,94.32,94.32,1572.0,CHRW
2023-06-27 15:43:00,94.3,94.3,94.28,94.28,3231.0,CHRW
2023-06-27 15:42:00,94.285,94.32,94.285,94.29,4163.0,CHRW
2023-06-27 15:41:00,94.24,94.27,94.24,94.261,2408.0,CHRW
2023-06-27 15:40:00,94.24,94.24,94.24,94.24,612.0,CHRW
2023-06-27 15:39:00,94.24,94.255,94.23,94.23,2492.0,CHRW
2023-06-27 15:38:00,94.24,94.24,94.24,94.24,867.0,CHRW
2023-06-27 15:37:00,94.25,94.265,94.25,94.25,1432.0,CHRW
2023-06-27 15:36:00,94.3,94.3,94.23,94.23,1869.0,CHRW
2023-06-27 15:35:00,94.31,94.31,94.26,94.26,595.0,CHRW
2023-06-27 15:34:00,94.36,94.36,94.31,94.33,3010.0,CHRW
2023-06-27 15:33:00,94.395,94.4,94.37,94.39,2851.0,CHRW
2023-06-27 15:32:00,94.44,94.45,94.39,94.395,6562.0,CHRW
2023-06-27 15:30:00,94.39,94.455,94.39,94.455,739.0,CHRW
2023-06-27 15:29:00,94.39,94.39,94.37,94.37,449.0,CHRW
2023-06-27 15:28:00,94.33,94.37,94.33,94.37,4062.0,CHRW
2023-06-27 15:27:00,94.31,94.31,94.31,94.31,700.0,CHRW
2023-06-27 15:26:00,94.3,94.3,94.3,94.3,804.0,CHRW
2023-06-27 15:25:00,94.24,94.26,94.22,94.26,1866.0,CHRW
2023-06-27 15:24:00,94.18,94.21,94.17,94.21,2040.0,CHRW
2023-06-27 15:23:00,94.18,94.18,94.18,94.18,659.0,CHRW
2023-06-27 15:22:00,94.22,94.22,94.21,94.21,1405.0,CHRW
2023-06-27 15:21:00,94.28,94.28,94.23,94.23,1766.0,CHRW
2023-06-27 15:20:00,94.3,94.3,94.3,94.3,327.0,CHRW
2023-06-27 15:19:00,94.25,94.26,94.25,94.26,1341.0,CHRW
2023-06-27 15:18:00,94.24,94.29,94.24,94.26,2073.0,CHRW
2023-06-27 15:17:00,94.28,94.28,94.24,94.24,2644.0,CHRW
2023-06-27 15:16:00,94.29,94.29,94.27,94.27,284.0,CHRW
2023-06-27 15:14:00,94.23,94.28,94.23,94.28,1188.0,CHRW
2023-06-27 15:13:00,94.16,94.23,94.16,94.21,2503.0,CHRW
2023-06-27 15:12:00,94.15,94.16,94.142,94.155,1790.0,CHRW
2023-06-27 15:08:00,94.16,94.18,94.16,94.18,1433.0,CHRW
2023-06-27 15:07:00,94.18,94.18,94.18,94.18,341.0,CHRW
2023-06-27 15:06:00,94.185,94.185,94.185,94.185,146.0,CHRW
2023-06-27 15:05:00,94.23,94.23,94.17,94.17,6449.0,CHRW
2023-06-27 15:04:00,94.21,94.21,94.21,94.21,458.0,CHRW
2023-06-27 15:03:00,94.18,94.195,94.18,94.18,1110.0,CHRW
2023-06-27 15:02:00,94.24,94.24,94.19,94.19,2006.0,CHRW
2023-06-27 15:00:00,94.23,94.25,94.2,94.2,4025.0,CHRW
2023-06-27 14:58:00,94.2,94.2,94.2,94.2,278.0,CHRW
2023-06-27 14:57:00,94.19,94.19,94.19,94.19,391.0,CHRW
2023-06-27 14:56:00,94.18,94.2,94.18,94.2,695.0,CHRW
2023-06-27 14:55:00,94.207,94.206,94.18,94.18,716.0,CHRW
2023-06-27 14:53:00,94.17,94.18,94.17,94.18,1458.0,CHRW
2023-06-27 14:52:00,94.202,94.202,94.17,94.17,899.0,CHRW
2023-06-27 14:51:00,94.19,94.21,94.19,94.21,1051.0,CHRW
2023-06-27 14:50:00,94.23,94.23,94.23,94.23,546.0,CHRW
2023-06-27 14:49:00,94.23,94.23,94.23,94.23,281.0,CHRW
2023-06-27 14:48:00,94.225,94.225,94.195,94.199,1817.0,CHRW
2023-06-27 14:47:00,94.24,94.24,94.24,94.24,988.0,CHRW
2023-06-27 14:46:00,94.19,94.19,94.19,94.19,256.0,CHRW
2023-06-27 14:45:00,94.105,94.19,94.105,94.19,1878.0,CHRW
2023-06-27 14:44:00,94.12,94.12,94.12,94.12,379.0,CHRW
2023-06-27 14:43:00,94.14,94.14,94.11,94.11,787.0,CHRW
2023-06-27 14:42:00,94.111,94.111,94.111,94.111,590.0,CHRW
2023-06-27 14:41:00,94.21,94.21,94.17,94.17,2199.0,CHRW
2023-06-27 14:40:00,94.14,94.19,94.14,94.19,1518.0,CHRW
2023-06-27 14:39:00,94.115,94.115,94.115,94.115,687.0,CHRW
2023-06-27 14:38:00,94.12,94.12,94.1,94.12,1338.0,CHRW
2023-06-27 14:36:00,94.09,94.09,94.09,94.09,721.0,CHRW
2023-06-27 14:35:00,94.16,94.16,94.16,94.16,219.0,CHRW
2023-06-27 14:34:00,94.18,94.18,94.13,94.13,779.0,CHRW
2023-06-27 14:33:00,94.2,94.2,94.2,94.2,312.0,CHRW
2023-06-27 14:32:00,94.24,94.24,94.17,94.17,1454.0,CHRW
2023-06-27 14:31:00,94.195,94.24,94.195,94.24,2256.0,CHRW
2023-06-27 14:30:00,94.18,94.19,94.16,94.16,1586.0,CHRW
2023-06-27 14:29:00,94.155,94.155,94.155,94.155,410.0,CHRW
2023-06-27 14:27:00,94.13,94.18,94.12,94.18,1805.0,CHRW
2023-06-27 14:26:00,94.13,94.13,94.13,94.13,441.0,CHRW
2023-06-27 14:25:00,94.13,94.13,94.13,94.13,447.0,CHRW
2023-06-27 14:24:00,94.24,94.24,94.13,94.13,5728.0,CHRW
2023-06-27 14:22:00,94.2,94.2,94.2,94.2,1575.0,CHRW
2023-06-27 14:21:00,94.2,94.2,94.19,94.19,471.0,CHRW
2023-06-27 14:16:00,94.23,94.23,94.181,94.184,1408.0,CHRW
2023-06-27 14:15:00,94.24,94.24,94.22,94.24,1868.0,CHRW
2023-06-27 14:14:00,94.22,94.22,94.22,94.22,563.0,CHRW
2023-06-27 14:12:00,94.24,94.24,94.24,94.24,1177.0,CHRW
2023-06-27 14:11:00,94.28,94.28,94.28,94.28,550.0,CHRW
2023-06-27 14:09:00,94.35,94.35,94.31,94.31,1093.0,CHRW
2023-06-27 14:08:00,94.28,94.34,94.28,94.33,2222.0,CHRW
2023-06-27 14:06:00,94.31,94.31,94.31,94.31,832.0,CHRW
2023-06-27 14:05:00,94.335,94.335,94.335,94.335,119.0,CHRW
2023-06-27 14:04:00,94.33,94.33,94.33,94.33,108.0,CHRW
2023-06-27 14:02:00,94.33,94.33,94.33,94.33,291.0,CHRW
2023-06-27 14:01:00,94.36,94.36,94.36,94.36,419.0,CHRW
2023-06-27 14:00:00,94.36,94.36,94.36,94.36,431.0,CHRW
2023-06-27 13:59:00,94.3,94.37,94.3,94.37,1535.0,CHRW
2023-06-27 13:58:00,94.395,94.395,94.31,94.31,1500.0,CHRW
2023-06-27 13:57:00,94.42,94.42,94.4,94.4,1217.0,CHRW
2023-06-27 13:56:00,94.43,94.45,94.43,94.43,809.0,CHRW
2023-06-27 13:54:00,94.43,94.46,94.43,94.46,1572.0,CHRW
2023-06-27 13:52:00,94.38,94.38,94.38,94.38,260.0,CHRW
2023-06-27 13:50:00,94.38,94.39,94.38,94.39,641.0,CHRW
2023-06-27 13:49:00,94.365,94.365,94.365,94.365,229.0,CHRW
2023-06-27 13:48:00,94.37,94.41,94.37,94.39,1060.0,CHRW
2023-06-27 13:47:00,94.46,94.46,94.45,94.45,767.0,CHRW
2023-06-27 13:45:00,94.45,94.45,94.43,94.43,287.0,CHRW
2023-06-27 13:44:00,94.45,94.451,94.41,94.451,2440.0,CHRW
2023-06-27 13:43:00,94.475,94.475,94.475,94.475,772.0,CHRW
2023-06-27 13:41:00,94.38,94.41,94.38,94.4,1601.0,CHRW
2023-06-27 13:40:00,94.36,94.36,94.36,94.36,713.0,CHRW
2023-06-27 13:39:00,94.36,94.36,94.36,94.36,525.0,CHRW
2023-06-27 13:37:00,94.41,94.41,94.38,94.38,2736.0,CHRW
2023-06-27 13:36:00,94.44,94.44,94.44,94.44,1090.0,CHRW
2023-06-27 13:35:00,94.44,94.46,94.44,94.46,310.0,CHRW
2023-06-27 13:34:00,94.49,94.49,94.48,94.48,905.0,CHRW
2023-06-27 13:33:00,94.49,94.52,94.49,94.52,2551.0,CHRW
2023-06-27 13:32:00,94.5,94.5,94.5,94.5,617.0,CHRW
2023-06-27 13:27:00,94.6,94.6,94.54,94.585,1051.0,CHRW
2023-06-27 13:26:00,94.57,94.595,94.57,94.595,886.0,CHRW
2023-06-27 13:25:00,94.52,94.615,94.52,94.615,1870.0,CHRW
2023-06-27 13:24:00,94.5,94.5,94.5,94.5,1650.0,CHRW
2023-06-27 13:23:00,94.48,94.48,94.48,94.48,390.0,CHRW
2023-06-27 13:21:00,94.52,94.52,94.5,94.5,591.0,CHRW
2023-06-27 13:20:00,94.48,94.52,94.48,94.52,2361.0,CHRW
2023-06-27 13:19:00,94.51,94.51,94.51,94.51,444.0,CHRW
2023-06-27 13:18:00,94.53,94.55,94.53,94.55,1537.0,CHRW
2023-06-27 13:17:00,94.64,94.64,94.54,94.54,1616.0,CHRW
2023-06-27 13:16:00,94.64,94.642,94.64,94.642,880.0,CHRW
2023-06-27 13:15:00,94.61,94.63,94.61,94.63,631.0,CHRW
2023-06-27 13:14:00,94.62,94.62,94.61,94.61,716.0,CHRW
2023-06-27 13:13:00,94.61,94.625,94.61,94.625,287.0,CHRW
2023-06-27 13:12:00,94.68,94.68,94.6,94.62,4041.0,CHRW
2023-06-27 13:11:00,94.71,94.71,94.66,94.68,1495.0,CHRW
2023-06-27 13:07:00,94.64,94.65,94.64,94.65,550.0,CHRW
2023-06-27 13:06:00,94.64,94.64,94.63,94.63,358.0,CHRW
2023-06-27 13:04:00,94.58,94.6,94.56,94.6,1024.0,CHRW
2023-06-27 13:01:00,94.67,94.67,94.58,94.58,811.0,CHRW
2023-06-27 12:59:00,94.73,94.74,94.68,94.695,2823.0,CHRW
2023-06-27 12:58:00,94.73,94.73,94.73,94.73,504.0,CHRW
2023-06-27 12:57:00,94.73,94.75,94.71,94.73,2023.0,CHRW
2023-06-27 12:56:00,94.75,94.75,94.75,94.75,489.0,CHRW
2023-06-27 12:55:00,94.74,94.74,94.74,94.74,427.0,CHRW
2023-06-27 12:54:00,94.725,94.725,94.725,94.725,599.0,CHRW
2023-06-27 12:52:00,94.81,94.81,94.78,94.787,1176.0,CHRW
2023-06-27 12:51:00,94.93,94.93,94.82,94.82,4177.0,CHRW
2023-06-27 12:50:00,94.915,94.94,94.915,94.94,2009.0,CHRW
2023-06-27 12:49:00,94.885,94.91,94.885,94.91,3715.0,CHRW
2023-06-27 12:48:00,94.96,94.96,94.86,94.885,9832.0,CHRW
2023-06-27 12:47:00,94.97,95.0,94.97,95.0,805.0,CHRW
2023-06-27 12:46:00,94.95,94.98,94.925,94.972,2751.0,CHRW
2023-06-27 12:45:00,94.98,95.01,94.98,94.98,1717.0,CHRW
2023-06-27 12:44:00,94.98,94.98,94.98,94.98,477.0,CHRW
2023-06-27 12:43:00,95.0,95.0,95.0,95.0,534.0,CHRW
2023-06-27 12:42:00,95.0,95.025,95.0,95.0,3211.0,CHRW
2023-06-27 12:41:00,94.98,94.98,94.98,94.98,665.0,CHRW
2023-06-27 12:40:00,94.98,95.0,94.97,95.0,2094.0,CHRW
2023-06-27 12:39:00,95.01,95.01,94.98,94.98,1260.0,CHRW
2023-06-27 12:38:00,95.03,95.04,95.03,95.03,1017.0,CHRW
2023-06-27 12:36:00,94.965,95.01,94.965,94.98,2422.0,CHRW
2023-06-27 12:35:00,94.96,94.98,94.96,94.98,609.0,CHRW
2023-06-27 12:34:00,94.975,94.975,94.975,94.975,111.0,CHRW
2023-06-27 12:33:00,94.99,94.99,94.96,94.96,1055.0,CHRW
2023-06-27 12:32:00,94.96,95.0,94.96,95.0,3612.0,CHRW
2023-06-27 12:31:00,94.94,94.94,94.94,94.94,113.0,CHRW
2023-06-27 12:30:00,94.93,94.96,94.925,94.96,1343.0,CHRW
2023-06-27 12:29:00,94.88,94.94,94.88,94.92,4111.0,CHRW
2023-06-27 12:28:00,94.89,94.91,94.89,94.91,1345.0,CHRW
2023-06-27 12:27:00,94.86,94.86,94.854,94.854,765.0,CHRW
2023-06-27 12:26:00,94.845,94.87,94.845,94.845,1186.0,CHRW
2023-06-27 12:25:00,94.83,94.845,94.83,94.845,1626.0,CHRW
2023-06-27 12:24:00,94.93,94.93,94.835,94.835,2625.0,CHRW
2023-06-27 12:23:00,94.94,94.97,94.92,94.95,6204.0,CHRW
2023-06-27 12:21:00,94.93,94.94,94.93,94.94,719.0,CHRW
2023-06-27 12:20:00,94.91,94.91,94.91,94.91,288.0,CHRW
2023-06-27 12:19:00,94.84,94.9,94.82,94.855,4993.0,CHRW
2023-06-27 12:18:00,94.81,94.86,94.81,94.86,921.0,CHRW
2023-06-27 12:17:00,94.76,94.81,94.76,94.81,1077.0,CHRW
2023-06-27 12:15:00,94.79,94.79,94.78,94.79,1381.0,CHRW
2023-06-27 12:13:00,94.79,94.79,94.79,94.79,690.0,CHRW
2023-06-27 12:12:00,94.77,94.79,94.755,94.79,3724.0,CHRW
2023-06-27 12:11:00,94.77,94.79,94.77,94.79,1074.0,CHRW
2023-06-27 12:10:00,94.8,94.8,94.8,94.8,257.0,CHRW
2023-06-27 12:08:00,94.78,94.78,94.78,94.78,403.0,CHRW
2023-06-27 12:07:00,94.81,94.82,94.81,94.81,483.0,CHRW
2023-06-27 12:06:00,94.88,94.88,94.84,94.85,1898.0,CHRW
2023-06-27 12:03:00,94.8,94.8,94.8,94.8,586.0,CHRW
2023-06-27 12:02:00,94.8,94.82,94.78,94.78,781.0,CHRW
2023-06-27 12:01:00,94.83,94.85,94.82,94.82,860.0,CHRW
2023-06-27 12:00:00,94.89,94.9,94.89,94.9,1084.0,CHRW
2023-06-27 11:59:00,94.96,94.96,94.89,94.89,1411.0,CHRW
2023-06-27 11:58:00,94.98,94.98,94.98,94.98,122.0,CHRW
2023-06-27 11:57:00,94.88,94.9,94.88,94.9,1177.0,CHRW
2023-06-27 11:56:00,94.86,94.87,94.83,94.87,2096.0,CHRW
2023-06-27 11:55:00,94.87,94.88,94.87,94.88,1318.0,CHRW
2023-06-27 11:54:00,94.81,94.83,94.81,94.826,1239.0,CHRW
2023-06-27 11:52:00,94.78,94.78,94.77,94.78,471.0,CHRW
2023-06-27 11:51:00,94.802,94.802,94.802,94.802,157.0,CHRW
2023-06-27 11:50:00,94.84,94.85,94.77,94.83,3890.0,CHRW
2023-06-27 11:49:00,94.901,94.901,94.87,94.87,1403.0,CHRW
2023-06-27 11:48:00,94.93,94.93,94.93,94.93,476.0,CHRW
2023-06-27 11:47:00,94.98,94.98,94.93,94.93,1120.0,CHRW
2023-06-27 11:46:00,94.96,94.98,94.94,94.98,1362.0,CHRW
2023-06-27 11:45:00,94.85,94.94,94.85,94.94,1791.0,CHRW
2023-06-27 11:44:00,94.83,94.85,94.83,94.85,690.0,CHRW
2023-06-27 11:43:00,94.845,94.845,94.79,94.81,2860.0,CHRW
2023-06-27 11:42:00,94.86,94.86,94.83,94.83,262.0,CHRW
2023-06-27 11:36:00,94.715,94.715,94.715,94.715,250.0,CHRW
2023-06-27 11:35:00,94.64,94.76,94.64,94.72,3202.0,CHRW
2023-06-27 11:34:00,94.6,94.62,94.58,94.61,1958.0,CHRW
2023-06-27 11:33:00,94.63,94.645,94.63,94.645,990.0,CHRW
2023-06-27 11:32:00,94.69,94.77,94.68,94.685,10582.0,CHRW
2023-06-27 11:31:00,94.615,94.71,94.57,94.645,11121.0,CHRW
2023-06-27 11:30:00,94.53,94.61,94.53,94.61,2844.0,CHRW
2023-06-27 11:28:00,94.49,94.49,94.49,94.49,591.0,CHRW
2023-06-27 11:27:00,94.49,94.49,94.45,94.45,1320.0,CHRW
2023-06-27 11:26:00,94.47,94.48,94.47,94.48,653.0,CHRW
2023-06-27 11:25:00,94.43,94.46,94.43,94.46,1021.0,CHRW
2023-06-27 11:24:00,94.4,94.425,94.4,94.42,1626.0,CHRW
2023-06-27 11:23:00,94.38,94.46,94.37,94.429,4505.0,CHRW
2023-06-27 11:22:00,94.41,94.41,94.35,94.36,1541.0,CHRW
2023-06-27 11:21:00,94.385,94.4,94.385,94.4,1137.0,CHRW
2023-06-27 11:20:00,94.39,94.39,94.37,94.39,2179.0,CHRW
2023-06-27 11:18:00,94.43,94.43,94.43,94.43,616.0,CHRW
2023-06-27 11:17:00,94.41,94.455,94.41,94.455,1389.0,CHRW
2023-06-27 11:16:00,94.48,94.48,94.38,94.38,2057.0,CHRW
2023-06-27 11:15:00,94.42,94.5,94.42,94.5,928.0,CHRW
2023-06-27 11:13:00,94.465,94.465,94.46,94.46,580.0,CHRW
2023-06-27 11:12:00,94.29,94.36,94.29,94.36,849.0,CHRW
2023-06-27 11:11:00,94.25,94.25,94.25,94.25,554.0,CHRW
2023-06-27 11:10:00,94.186,94.27,94.186,94.27,1300.0,CHRW
2023-06-27 11:09:00,94.19,94.22,94.19,94.2,1666.0,CHRW
2023-06-27 11:08:00,94.23,94.23,94.23,94.23,451.0,CHRW
2023-06-27 11:07:00,94.17,94.2,94.17,94.2,456.0,CHRW
2023-06-27 11:06:00,94.08,94.125,94.07,94.125,1696.0,CHRW
2023-06-27 11:05:00,93.935,94.0,93.935,94.0,1388.0,CHRW
2023-06-27 11:04:00,93.945,93.945,93.86,93.9,3118.0,CHRW
2023-06-27 11:03:00,93.94,93.945,93.92,93.945,820.0,CHRW
2023-06-27 11:02:00,93.93,93.93,93.93,93.93,433.0,CHRW
2023-06-27 11:01:00,93.92,93.94,93.92,93.94,256.0,CHRW
2023-06-27 11:00:00,93.88,93.91,93.88,93.91,825.0,CHRW
2023-06-27 10:59:00,93.87,93.87,93.84,93.84,579.0,CHRW
2023-06-27 10:58:00,93.78,93.815,93.78,93.815,1393.0,CHRW
2023-06-27 10:57:00,93.775,93.775,93.754,93.754,476.0,CHRW
2023-06-27 10:56:00,93.722,93.722,93.722,93.722,245.0,CHRW
2023-06-27 10:55:00,93.61,93.63,93.61,93.62,1038.0,CHRW
2023-06-27 10:54:00,93.54,93.62,93.5,93.62,1589.0,CHRW
2023-06-27 10:53:00,93.49,93.53,93.49,93.53,1831.0,CHRW
2023-06-27 10:52:00,93.56,93.57,93.53,93.53,922.0,CHRW
2023-06-27 10:51:00,93.6,93.6,93.56,93.56,555.0,CHRW
2023-06-27 10:50:00,93.54,93.58,93.51,93.58,1414.0,CHRW
2023-06-27 10:49:00,93.61,93.61,93.58,93.58,443.0,CHRW
2023-06-27 10:46:00,93.61,93.63,93.59,93.59,1234.0,CHRW
2023-06-27 10:45:00,93.48,93.61,93.48,93.61,825.0,CHRW
2023-06-27 10:44:00,93.47,93.533,93.47,93.533,922.0,CHRW
2023-06-27 10:43:00,93.51,93.51,93.42,93.42,1787.0,CHRW
2023-06-27 10:42:00,93.54,93.54,93.54,93.54,486.0,CHRW
2023-06-27 10:41:00,93.605,93.605,93.57,93.59,860.0,CHRW
2023-06-27 10:40:00,93.58,93.62,93.58,93.62,777.0,CHRW
2023-06-27 10:39:00,93.56,93.58,93.55,93.58,1899.0,CHRW
2023-06-27 10:38:00,93.61,93.61,93.61,93.61,152.0,CHRW
2023-06-27 10:36:00,93.59,93.59,93.59,93.59,1787.0,CHRW
2023-06-27 10:35:00,93.61,93.615,93.55,93.56,3188.0,CHRW
2023-06-27 10:34:00,93.68,93.68,93.59,93.615,3758.0,CHRW
2023-06-27 10:33:00,93.56,93.604,93.56,93.604,789.0,CHRW
2023-06-27 10:32:00,93.51,93.56,93.51,93.545,1076.0,CHRW
2023-06-27 10:31:00,93.505,93.51,93.505,93.51,428.0,CHRW
2023-06-27 10:30:00,93.48,93.53,93.48,93.53,832.0,CHRW
2023-06-27 10:29:00,93.515,93.515,93.46,93.48,2111.0,CHRW
2023-06-27 10:28:00,93.55,93.55,93.55,93.55,410.0,CHRW
2023-06-27 10:26:00,93.57,93.57,93.57,93.57,240.0,CHRW
2023-06-27 10:24:00,93.56,93.56,93.56,93.56,390.0,CHRW
2023-06-27 10:23:00,93.495,93.495,93.495,93.495,118.0,CHRW
2023-06-27 10:22:00,93.39,93.48,93.39,93.46,1226.0,CHRW
2023-06-27 10:21:00,93.38,93.395,93.38,93.395,475.0,CHRW
2023-06-27 10:20:00,93.37,93.41,93.315,93.315,2421.0,CHRW
2023-06-27 10:19:00,93.41,93.41,93.41,93.41,221.0,CHRW
2023-06-27 10:18:00,93.46,93.47,93.43,93.44,1646.0,CHRW
2023-06-27 10:17:00,93.43,93.49,93.41,93.49,1593.0,CHRW
2023-06-27 10:16:00,93.36,93.36,93.36,93.36,946.0,CHRW
2023-06-27 10:15:00,93.42,93.42,93.4,93.4,539.0,CHRW
2023-06-27 10:13:00,93.23,93.275,93.19,93.275,2375.0,CHRW
2023-06-27 10:12:00,93.2,93.26,93.195,93.26,1883.0,CHRW
2023-06-27 10:10:00,93.03,93.16,93.0,93.16,3359.0,CHRW
2023-06-27 10:09:00,93.17,93.17,93.095,93.095,2384.0,CHRW
2023-06-27 10:07:00,93.17,93.21,93.14,93.2,2163.0,CHRW
2023-06-27 10:06:00,93.16,93.16,93.145,93.145,852.0,CHRW
2023-06-27 10:05:00,93.16,93.16,93.16,93.16,424.0,CHRW
2023-06-27 10:04:00,93.14,93.14,93.095,93.095,519.0,CHRW
2023-06-27 10:03:00,93.0,93.07,93.0,93.06,1106.0,CHRW
2023-06-27 10:02:00,93.01,93.01,93.0,93.0,346.0,CHRW
2023-06-27 10:01:00,93.03,93.03,93.03,93.03,383.0,CHRW
2023-06-27 10:00:00,93.02,93.02,92.97,92.97,838.0,CHRW
2023-06-27 09:59:00,93.055,93.055,93.02,93.02,763.0,CHRW
2023-06-27 09:58:00,93.01,93.09,93.01,93.09,727.0,CHRW
2023-06-27 09:56:00,92.8,92.83,92.8,92.83,373.0,CHRW
2023-06-27 09:55:00,92.73,92.74,92.73,92.74,479.0,CHRW
2023-06-27 09:54:00,92.76,92.76,92.7,92.7,886.0,CHRW
2023-06-27 09:53:00,92.91,92.91,92.77,92.77,1468.0,CHRW
2023-06-27 09:52:00,92.83,92.885,92.83,92.885,898.0,CHRW
2023-06-27 09:51:00,92.72,92.76,92.72,92.76,972.0,CHRW
2023-06-27 09:50:00,92.72,92.72,92.68,92.68,2122.0,CHRW
2023-06-27 09:48:00,92.81,92.81,92.81,92.81,161.0,CHRW
2023-06-27 09:47:00,92.76,92.76,92.76,92.76,279.0,CHRW
2023-06-27 09:46:00,92.96,92.96,92.73,92.8,2028.0,CHRW
2023-06-27 09:45:00,92.86,92.895,92.86,92.895,475.0,CHRW
2023-06-27 09:44:00,92.98,93.01,92.94,92.94,1825.0,CHRW
2023-06-27 09:43:00,92.89,93.07,92.89,93.07,1299.0,CHRW
2023-06-27 09:42:00,92.87,92.92,92.87,92.92,1552.0,CHRW
2023-06-27 09:41:00,92.845,92.86,92.79,92.86,2248.0,CHRW
2023-06-27 09:40:00,92.79,92.84,92.72,92.81,1690.0,CHRW
2023-06-27 09:39:00,92.71,92.75,92.68,92.71,2400.0,CHRW
2023-06-27 09:38:00,92.83,92.83,92.83,92.83,186.0,CHRW
2023-06-27 09:36:00,92.825,92.825,92.76,92.775,755.0,CHRW
2023-06-27 09:35:00,92.78,92.86,92.775,92.86,2138.0,CHRW
2023-06-27 09:34:00,92.815,92.815,92.815,92.815,310.0,CHRW
2023-06-27 09:33:00,92.82,92.82,92.82,92.82,140.0,CHRW
2023-06-27 09:31:00,92.95,92.95,92.75,92.835,2790.0,CHRW
2023-06-27 09:30:00,92.93,93.161,92.93,93.06,14166.0,CHRW
2023-06-27 09:29:00,92.84,92.84,92.84,92.84,71.0,CHRW
2023-06-27 09:02:00,96.58,96.58,96.58,96.58,2.0,CHRW
2023-06-27 08:00:00,92.56,92.56,92.56,92.56,1.0,CHRW
2023-06-27 07:55:00,92.6,92.6,92.5,92.55,5.0,CHRW
2023-06-27 05:57:00,93.67,93.67,93.67,93.67,1.0,CHRW
2023-06-26 17:00:00,92.56,92.56,92.56,92.56,80.0,CHRW
2023-06-26 16:21:00,92.77,92.77,92.77,92.77,1.0,CHRW
2023-06-26 16:07:00,92.13,92.13,92.13,92.13,1.0,CHRW
2023-06-26 16:05:00,90.042,90.041,90.041,90.041,1.0,CHRW
2023-06-26 16:02:00,92.56,92.56,92.56,92.56,1791.0,CHRW
2023-06-26 16:01:00,92.56,92.56,92.56,92.56,5112.0,CHRW
2023-06-26 16:00:00,92.56,92.56,92.56,92.56,275464.0,CHRW
2023-06-26 15:59:00,92.59,92.595,92.51,92.56,34417.0,CHRW
2023-06-26 15:58:00,92.59,92.61,92.57,92.595,17287.0,CHRW
2023-06-26 15:57:00,92.63,92.65,92.58,92.59,17701.0,CHRW
2023-06-26 15:56:00,92.54,92.645,92.54,92.63,19008.0,CHRW
2023-06-26 15:55:00,92.6,92.6,92.53,92.54,14701.0,CHRW
2023-06-26 15:54:00,92.495,92.61,92.485,92.61,11984.0,CHRW
2023-06-26 15:53:00,92.48,92.5,92.47,92.49,12346.0,CHRW
2023-06-26 15:52:00,92.46,92.479,92.45,92.45,4257.0,CHRW
2023-06-26 15:51:00,92.43,92.48,92.4,92.46,14557.0,CHRW
2023-06-26 15:50:00,92.4,92.45,92.4,92.44,7939.0,CHRW
2023-06-26 15:49:00,92.4,92.411,92.39,92.405,5651.0,CHRW
2023-06-26 15:48:00,92.42,92.42,92.4,92.42,4286.0,CHRW
2023-06-26 15:47:00,92.41,92.43,92.4,92.43,6518.0,CHRW
2023-06-26 15:46:00,92.41,92.45,92.41,92.44,2555.0,CHRW
2023-06-26 15:45:00,92.43,92.44,92.4,92.4,6197.0,CHRW
2023-06-26 15:44:00,92.44,92.48,92.44,92.46,2957.0,CHRW
2023-06-26 15:43:00,92.44,92.46,92.44,92.455,1697.0,CHRW
2023-06-26 15:42:00,92.565,92.565,92.47,92.47,6932.0,CHRW
2023-06-26 15:41:00,92.575,92.575,92.55,92.55,1804.0,CHRW
2023-06-26 15:40:00,92.605,92.62,92.57,92.58,3809.0,CHRW
2023-06-26 15:39:00,92.63,92.64,92.58,92.61,6140.0,CHRW
2023-06-26 15:38:00,92.59,92.62,92.565,92.62,1657.0,CHRW
2023-06-26 15:37:00,92.53,92.58,92.53,92.58,1980.0,CHRW
2023-06-26 15:36:00,92.5,92.52,92.48,92.52,717.0,CHRW
2023-06-26 15:35:00,92.56,92.56,92.48,92.51,3669.0,CHRW
2023-06-26 15:34:00,92.53,92.53,92.53,92.53,1740.0,CHRW
2023-06-26 15:33:00,92.49,92.53,92.49,92.53,1837.0,CHRW
2023-06-26 15:32:00,92.46,92.5,92.46,92.5,739.0,CHRW
2023-06-26 15:31:00,92.44,92.44,92.44,92.44,963.0,CHRW
2023-06-26 15:30:00,92.37,92.43,92.37,92.43,2740.0,CHRW
2023-06-26 15:29:00,92.4,92.41,92.39,92.39,1151.0,CHRW
2023-06-26 15:28:00,92.5,92.51,92.435,92.45,4547.0,CHRW
2023-06-26 15:27:00,92.54,92.544,92.525,92.525,1135.0,CHRW
2023-06-26 15:26:00,92.52,92.53,92.51,92.51,6217.0,CHRW
2023-06-26 15:25:00,92.495,92.495,92.495,92.495,579.0,CHRW
2023-06-26 15:24:00,92.52,92.52,92.48,92.48,1755.0,CHRW
2023-06-26 15:23:00,92.51,92.51,92.495,92.495,1345.0,CHRW
2023-06-26 15:22:00,92.52,92.54,92.52,92.53,2403.0,CHRW
2023-06-26 15:21:00,92.49,92.505,92.49,92.505,357.0,CHRW
2023-06-26 15:20:00,92.37,92.48,92.37,92.48,3212.0,CHRW
2023-06-26 15:19:00,92.48,92.48,92.4,92.4,8815.0,CHRW
2023-06-26 15:18:00,92.5,92.51,92.5,92.505,727.0,CHRW
2023-06-26 15:17:00,92.48,92.5,92.47,92.5,2108.0,CHRW
2023-06-26 15:16:00,92.49,92.52,92.49,92.49,1868.0,CHRW
2023-06-26 15:15:00,92.5,92.5,92.48,92.5,1456.0,CHRW
2023-06-26 15:14:00,92.51,92.515,92.48,92.48,3593.0,CHRW
2023-06-26 15:13:00,92.52,92.52,92.51,92.51,2808.0,CHRW
2023-06-26 15:12:00,92.545,92.545,92.53,92.535,1986.0,CHRW
2023-06-26 15:11:00,92.55,92.55,92.55,92.55,1218.0,CHRW
2023-06-26 15:10:00,92.5,92.55,92.5,92.55,1858.0,CHRW
2023-06-26 15:09:00,92.53,92.53,92.5,92.5,914.0,CHRW
2023-06-26 15:08:00,92.44,92.495,92.44,92.495,1889.0,CHRW
2023-06-26 15:07:00,92.455,92.47,92.455,92.47,616.0,CHRW
2023-06-26 15:06:00,92.515,92.515,92.45,92.45,3585.0,CHRW
2023-06-26 15:05:00,92.53,92.54,92.52,92.52,1438.0,CHRW
2023-06-26 15:04:00,92.49,92.52,92.47,92.51,4319.0,CHRW
2023-06-26 15:03:00,92.52,92.52,92.5,92.51,985.0,CHRW
2023-06-26 15:02:00,92.48,92.5,92.475,92.5,1181.0,CHRW
2023-06-26 15:01:00,92.5,92.5,92.47,92.5,1443.0,CHRW
2023-06-26 15:00:00,92.41,92.47,92.41,92.47,1171.0,CHRW
2023-06-26 14:59:00,92.42,92.42,92.42,92.42,391.0,CHRW
2023-06-26 14:58:00,92.39,92.44,92.35,92.43,4225.0,CHRW
2023-06-26 14:57:00,92.38,92.4,92.38,92.4,961.0,CHRW
2023-06-26 14:56:00,92.38,92.38,92.38,92.38,818.0,CHRW
2023-06-26 14:55:00,92.38,92.38,92.34,92.34,1503.0,CHRW
2023-06-26 14:54:00,92.33,92.37,92.33,92.37,1080.0,CHRW
2023-06-26 14:53:00,92.392,92.4,92.34,92.37,4414.0,CHRW
2023-06-26 14:50:00,92.452,92.452,92.4,92.405,4885.0,CHRW
2023-06-26 14:49:00,92.39,92.465,92.39,92.465,1256.0,CHRW
2023-06-26 14:47:00,92.3,92.34,92.3,92.34,1561.0,CHRW
2023-06-26 14:46:00,92.26,92.273,92.26,92.273,430.0,CHRW
2023-06-26 14:44:00,92.28,92.29,92.25,92.25,2933.0,CHRW
2023-06-26 14:43:00,92.26,92.3,92.25,92.265,1699.0,CHRW
2023-06-26 14:42:00,92.275,92.275,92.25,92.25,2522.0,CHRW
2023-06-26 14:41:00,92.17,92.24,92.17,92.24,2051.0,CHRW
2023-06-26 14:40:00,92.158,92.17,92.155,92.155,845.0,CHRW
2023-06-26 14:39:00,92.15,92.155,92.13,92.13,1995.0,CHRW
2023-06-26 14:38:00,92.14,92.14,92.14,92.14,854.0,CHRW
2023-06-26 14:37:00,92.17,92.17,92.155,92.155,886.0,CHRW
2023-06-26 14:36:00,92.18,92.19,92.155,92.155,3994.0,CHRW
2023-06-26 14:34:00,92.18,92.18,92.14,92.14,691.0,CHRW
2023-06-26 14:33:00,92.155,92.16,92.155,92.16,1320.0,CHRW
2023-06-26 14:32:00,92.17,92.18,92.17,92.18,999.0,CHRW
2023-06-26 14:31:00,92.33,92.34,92.195,92.21,5231.0,CHRW
2023-06-26 14:30:00,92.34,92.34,92.34,92.34,1146.0,CHRW
2023-06-26 14:29:00,92.345,92.36,92.345,92.35,1790.0,CHRW
2023-06-26 14:28:00,92.32,92.35,92.32,92.35,1365.0,CHRW
2023-06-26 14:27:00,92.32,92.32,92.32,92.32,435.0,CHRW
2023-06-26 14:26:00,92.325,92.325,92.325,92.325,245.0,CHRW
2023-06-26 14:25:00,92.295,92.35,92.295,92.32,1736.0,CHRW
2023-06-26 14:24:00,92.295,92.3,92.28,92.3,3138.0,CHRW
2023-06-26 14:23:00,92.26,92.29,92.26,92.29,565.0,CHRW
2023-06-26 14:22:00,92.24,92.25,92.24,92.25,347.0,CHRW
2023-06-26 14:20:00,92.175,92.175,92.15,92.17,2896.0,CHRW
2023-06-26 14:19:00,92.17,92.18,92.17,92.17,5085.0,CHRW
2023-06-26 14:18:00,92.19,92.22,92.19,92.22,599.0,CHRW
2023-06-26 14:17:00,92.185,92.2,92.17,92.195,1103.0,CHRW
2023-06-26 14:16:00,92.16,92.185,92.15,92.185,1697.0,CHRW
2023-06-26 14:15:00,92.11,92.16,92.09,92.16,2998.0,CHRW
2023-06-26 14:14:00,92.04,92.1,92.04,92.1,1424.0,CHRW
2023-06-26 14:13:00,92.01,92.01,92.01,92.01,450.0,CHRW
2023-06-26 14:12:00,92.105,92.105,92.01,92.01,6322.0,CHRW
2023-06-26 14:10:00,92.1,92.12,92.1,92.108,1570.0,CHRW
2023-06-26 14:07:00,92.115,92.13,92.08,92.13,3313.0,CHRW
2023-06-26 14:06:00,92.13,92.13,92.115,92.115,358.0,CHRW
2023-06-26 14:05:00,92.09,92.115,92.09,92.115,1530.0,CHRW
2023-06-26 14:04:00,92.115,92.115,92.115,92.115,765.0,CHRW
2023-06-26 14:03:00,92.125,92.125,92.115,92.115,928.0,CHRW
2023-06-26 14:02:00,92.1,92.13,92.1,92.13,1516.0,CHRW
2023-06-26 14:01:00,92.085,92.11,92.085,92.11,1157.0,CHRW
2023-06-26 14:00:00,92.11,92.11,92.085,92.085,1935.0,CHRW
2023-06-26 13:59:00,92.14,92.14,92.12,92.13,2337.0,CHRW
2023-06-26 13:58:00,92.135,92.17,92.135,92.17,1702.0,CHRW
2023-06-26 13:57:00,92.135,92.135,92.135,92.135,272.0,CHRW
2023-06-26 13:55:00,92.075,92.17,92.075,92.15,4055.0,CHRW
2023-06-26 13:54:00,92.08,92.08,92.08,92.08,345.0,CHRW
2023-06-26 13:53:00,92.12,92.12,92.09,92.09,1446.0,CHRW
2023-06-26 13:51:00,92.215,92.215,92.13,92.14,4341.0,CHRW
2023-06-26 13:50:00,92.215,92.215,92.215,92.215,423.0,CHRW
2023-06-26 13:49:00,92.16,92.22,92.16,92.22,1579.0,CHRW
2023-06-26 13:48:00,92.121,92.15,92.121,92.14,1323.0,CHRW
2023-06-26 13:47:00,92.17,92.17,92.13,92.145,2446.0,CHRW
2023-06-26 13:46:00,92.15,92.15,92.15,92.15,563.0,CHRW
2023-06-26 13:45:00,92.155,92.155,92.155,92.155,346.0,CHRW
2023-06-26 13:44:00,92.18,92.2,92.15,92.15,4230.0,CHRW
2023-06-26 13:43:00,92.16,92.19,92.155,92.19,1641.0,CHRW
2023-06-26 13:42:00,92.101,92.16,92.101,92.16,1680.0,CHRW
2023-06-26 13:41:00,92.13,92.13,92.13,92.13,628.0,CHRW
2023-06-26 13:40:00,92.12,92.13,92.12,92.12,842.0,CHRW
2023-06-26 13:38:00,92.1,92.13,92.1,92.13,1033.0,CHRW
2023-06-26 13:37:00,92.068,92.07,92.067,92.07,553.0,CHRW
2023-06-26 13:36:00,92.03,92.06,92.03,92.06,933.0,CHRW
2023-06-26 13:35:00,92.06,92.06,92.06,92.06,887.0,CHRW
2023-06-26 13:34:00,92.085,92.085,92.05,92.07,1765.0,CHRW
2023-06-26 13:33:00,92.045,92.085,92.045,92.085,771.0,CHRW
2023-06-26 13:32:00,92.045,92.045,92.045,92.045,346.0,CHRW
2023-06-26 13:31:00,92.02,92.045,92.02,92.045,704.0,CHRW
2023-06-26 13:30:00,92.04,92.045,92.04,92.045,505.0,CHRW
2023-06-26 13:29:00,92.02,92.04,91.96,92.04,2696.0,CHRW
2023-06-26 13:28:00,91.97,91.995,91.97,91.995,1006.0,CHRW
2023-06-26 13:27:00,91.94,91.94,91.94,91.94,302.0,CHRW
2023-06-26 13:26:00,91.965,91.98,91.965,91.98,890.0,CHRW
2023-06-26 13:25:00,92.0,92.0,91.94,91.965,1504.0,CHRW
2023-06-26 13:24:00,92.041,92.041,91.969,91.99,1113.0,CHRW
2023-06-26 13:22:00,92.03,92.03,92.03,92.03,288.0,CHRW
2023-06-26 13:21:00,92.014,92.05,92.014,92.05,601.0,CHRW
2023-06-26 13:20:00,92.07,92.07,91.99,92.01,2882.0,CHRW
2023-06-26 13:19:00,92.055,92.065,92.055,92.065,448.0,CHRW
2023-06-26 13:18:00,91.93,92.06,91.93,92.06,2260.0,CHRW
2023-06-26 13:17:00,91.9,91.9,91.9,91.9,276.0,CHRW
2023-06-26 13:15:00,91.91,91.91,91.91,91.91,599.0,CHRW
2023-06-26 13:14:00,91.89,91.905,91.89,91.905,431.0,CHRW
2023-06-26 13:13:00,91.93,91.93,91.9,91.915,1966.0,CHRW
2023-06-26 13:12:00,91.96,92.0,91.96,91.96,2735.0,CHRW
2023-06-26 13:10:00,91.945,91.945,91.945,91.945,320.0,CHRW
2023-06-26 13:09:00,91.945,91.945,91.94,91.94,740.0,CHRW
2023-06-26 13:08:00,91.94,91.96,91.94,91.95,1127.0,CHRW
2023-06-26 13:07:00,91.91,91.94,91.91,91.94,1661.0,CHRW
2023-06-26 13:06:00,91.965,91.965,91.92,91.92,1264.0,CHRW
2023-06-26 13:05:00,91.96,91.96,91.96,91.96,290.0,CHRW
2023-06-26 13:04:00,91.91,91.94,91.91,91.94,711.0,CHRW
2023-06-26 13:02:00,91.93,91.96,91.9,91.93,3875.0,CHRW
2023-06-26 13:00:00,91.845,91.97,91.845,91.915,1658.0,CHRW
2023-06-26 12:59:00,91.85,91.87,91.845,91.845,1558.0,CHRW
2023-06-26 12:58:00,91.825,91.825,91.825,91.825,436.0,CHRW
2023-06-26 12:57:00,91.82,91.82,91.82,91.82,269.0,CHRW
2023-06-26 12:56:00,91.87,91.87,91.84,91.85,656.0,CHRW
2023-06-26 12:55:00,91.89,91.89,91.87,91.87,1562.0,CHRW
2023-06-26 12:54:00,91.96,91.96,91.92,91.92,1389.0,CHRW
2023-06-26 12:53:00,91.99,91.99,91.965,91.97,1876.0,CHRW
2023-06-26 12:52:00,92.005,92.02,91.99,92.015,3021.0,CHRW
2023-06-26 12:51:00,92.0,92.0,92.0,92.0,841.0,CHRW
2023-06-26 12:50:00,91.96,91.98,91.96,91.98,561.0,CHRW
2023-06-26 12:49:00,91.94,91.96,91.94,91.96,1219.0,CHRW
2023-06-26 12:48:00,91.925,91.925,91.925,91.925,340.0,CHRW
2023-06-26 12:47:00,91.925,91.925,91.925,91.925,663.0,CHRW
2023-06-26 12:46:00,91.945,91.945,91.945,91.945,208.0,CHRW
2023-06-26 12:45:00,91.935,91.96,91.9,91.93,3033.0,CHRW
2023-06-26 12:43:00,91.89,91.93,91.89,91.905,3201.0,CHRW
2023-06-26 12:42:00,91.88,91.915,91.88,91.915,775.0,CHRW
2023-06-26 12:41:00,91.86,91.86,91.86,91.86,334.0,CHRW
2023-06-26 12:40:00,91.86,91.86,91.86,91.86,371.0,CHRW
2023-06-26 12:39:00,91.86,91.89,91.84,91.84,1917.0,CHRW
2023-06-26 12:38:00,91.825,91.859,91.825,91.837,1141.0,CHRW
2023-06-26 12:37:00,91.861,91.88,91.85,91.86,1647.0,CHRW
2023-06-26 12:36:00,91.86,91.86,91.85,91.85,1036.0,CHRW
2023-06-26 12:35:00,91.795,91.89,91.795,91.85,1230.0,CHRW
2023-06-26 12:34:00,91.73,91.8,91.73,91.8,1239.0,CHRW
2023-06-26 12:33:00,91.72,91.72,91.7,91.72,780.0,CHRW
2023-06-26 12:32:00,91.71,91.71,91.71,91.71,1131.0,CHRW
2023-06-26 12:31:00,91.77,91.79,91.72,91.72,2024.0,CHRW
2023-06-26 12:30:00,91.8,91.8,91.8,91.8,297.0,CHRW
2023-06-26 12:29:00,91.795,91.795,91.795,91.795,643.0,CHRW
2023-06-26 12:28:00,91.78,91.78,91.76,91.765,797.0,CHRW
2023-06-26 12:27:00,91.79,91.79,91.79,91.79,774.0,CHRW
2023-06-26 12:26:00,91.77,91.78,91.74,91.755,2152.0,CHRW
2023-06-26 12:25:00,91.797,91.81,91.79,91.81,1811.0,CHRW
2023-06-26 12:24:00,91.79,91.805,91.78,91.795,1757.0,CHRW
2023-06-26 12:22:00,91.79,91.79,91.755,91.79,1557.0,CHRW
2023-06-26 12:21:00,91.71,91.75,91.71,91.75,1101.0,CHRW
2023-06-26 12:20:00,91.73,91.74,91.71,91.71,1880.0,CHRW
2023-06-26 12:19:00,91.76,91.76,91.76,91.76,288.0,CHRW
2023-06-26 12:18:00,91.78,91.79,91.75,91.77,1538.0,CHRW
2023-06-26 12:17:00,91.755,91.755,91.74,91.745,1173.0,CHRW
2023-06-26 12:16:00,91.71,91.77,91.71,91.74,1811.0,CHRW
2023-06-26 12:15:00,91.72,91.72,91.72,91.72,208.0,CHRW
2023-06-26 12:14:00,91.75,91.75,91.72,91.72,407.0,CHRW
2023-06-26 12:12:00,91.63,91.72,91.63,91.69,1751.0,CHRW
2023-06-26 12:10:00,91.72,91.72,91.66,91.66,549.0,CHRW
2023-06-26 12:09:00,91.75,91.75,91.72,91.72,1640.0,CHRW
2023-06-26 12:08:00,91.78,91.79,91.76,91.76,1587.0,CHRW
2023-06-26 12:06:00,91.82,91.82,91.81,91.81,444.0,CHRW
2023-06-26 12:05:00,91.82,91.83,91.79,91.79,1622.0,CHRW
2023-06-26 12:04:00,91.84,91.84,91.84,91.84,329.0,CHRW
2023-06-26 12:03:00,91.88,91.9,91.84,91.84,2210.0,CHRW
2023-06-26 12:02:00,91.86,91.87,91.85,91.85,3856.0,CHRW
2023-06-26 12:01:00,91.89,91.91,91.89,91.91,329.0,CHRW
2023-06-26 12:00:00,91.895,91.895,91.89,91.89,381.0,CHRW
2023-06-26 11:59:00,91.93,91.95,91.895,91.895,1156.0,CHRW
2023-06-26 11:57:00,91.845,91.91,91.845,91.905,2729.0,CHRW
2023-06-26 11:56:00,91.845,91.845,91.845,91.845,256.0,CHRW
2023-06-26 11:55:00,91.835,91.835,91.835,91.835,618.0,CHRW
2023-06-26 11:54:00,91.825,91.835,91.825,91.835,816.0,CHRW
2023-06-26 11:53:00,91.82,91.82,91.8,91.815,1086.0,CHRW
2023-06-26 11:52:00,91.82,91.85,91.82,91.845,729.0,CHRW
2023-06-26 11:51:00,91.905,91.905,91.84,91.85,3278.0,CHRW
2023-06-26 11:49:00,91.87,91.87,91.87,91.87,416.0,CHRW
2023-06-26 11:48:00,91.86,91.86,91.83,91.84,1422.0,CHRW
2023-06-26 11:47:00,91.84,91.865,91.84,91.865,759.0,CHRW
2023-06-26 11:46:00,91.81,91.845,91.81,91.845,1078.0,CHRW
2023-06-26 11:45:00,91.78,91.8,91.78,91.785,728.0,CHRW
2023-06-26 11:44:00,91.761,91.76,91.76,91.76,263.0,CHRW
2023-06-26 11:43:00,91.8,91.81,91.78,91.78,672.0,CHRW
2023-06-26 11:42:00,91.78,91.78,91.76,91.77,1854.0,CHRW
2023-06-26 11:41:00,91.75,91.79,91.75,91.78,759.0,CHRW
2023-06-26 11:40:00,91.68,91.745,91.68,91.745,511.0,CHRW
2023-06-26 11:39:00,91.695,91.695,91.695,91.695,506.0,CHRW
2023-06-26 11:37:00,91.69,91.7,91.68,91.69,1385.0,CHRW
2023-06-26 11:36:00,91.72,91.75,91.72,91.73,1003.0,CHRW
2023-06-26 11:35:00,91.78,91.78,91.71,91.72,3038.0,CHRW
2023-06-26 11:34:00,91.84,91.84,91.805,91.805,1090.0,CHRW
2023-06-26 11:33:00,91.82,91.87,91.78,91.83,5124.0,CHRW
2023-06-26 11:32:00,91.8,91.8,91.77,91.8,1142.0,CHRW
2023-06-26 11:31:00,91.785,91.83,91.785,91.83,377.0,CHRW
2023-06-26 11:30:00,91.73,91.77,91.73,91.77,1408.0,CHRW
2023-06-26 11:28:00,91.69,91.69,91.69,91.69,474.0,CHRW
2023-06-26 11:27:00,91.59,91.725,91.59,91.725,2417.0,CHRW
2023-06-26 11:26:00,91.59,91.59,91.57,91.59,2638.0,CHRW
2023-06-26 11:25:00,91.57,91.57,91.57,91.57,935.0,CHRW
2023-06-26 11:23:00,91.57,91.59,91.57,91.59,2390.0,CHRW
2023-06-26 11:22:00,91.595,91.595,91.595,91.595,561.0,CHRW
2023-06-26 11:20:00,91.625,91.64,91.59,91.64,2492.0,CHRW
2023-06-26 11:19:00,91.51,91.61,91.51,91.61,1046.0,CHRW
2023-06-26 11:18:00,91.5,91.55,91.485,91.55,1088.0,CHRW
2023-06-26 11:17:00,91.54,91.54,91.47,91.48,2386.0,CHRW
2023-06-26 11:16:00,91.58,91.585,91.54,91.54,2095.0,CHRW
2023-06-26 11:15:00,91.43,91.565,91.43,91.565,2144.0,CHRW
2023-06-26 11:14:00,91.43,91.43,91.42,91.42,1546.0,CHRW
2023-06-26 11:13:00,91.405,91.405,91.405,91.405,490.0,CHRW
2023-06-26 11:12:00,91.43,91.43,91.39,91.39,1004.0,CHRW
2023-06-26 11:11:00,91.4,91.42,91.4,91.417,752.0,CHRW
2023-06-26 11:10:00,91.4,91.4,91.4,91.4,307.0,CHRW
2023-06-26 11:09:00,91.44,91.44,91.405,91.405,1160.0,CHRW
2023-06-26 11:08:00,91.38,91.49,91.38,91.44,3094.0,CHRW
2023-06-26 11:07:00,91.415,91.415,91.415,91.415,466.0,CHRW
2023-06-26 11:06:00,91.45,91.48,91.41,91.41,2143.0,CHRW
2023-06-26 11:05:00,91.48,91.48,91.39,91.455,2721.0,CHRW
2023-06-26 11:04:00,91.48,91.48,91.48,91.48,1341.0,CHRW
2023-06-26 11:03:00,91.59,91.59,91.485,91.485,3518.0,CHRW
2023-06-26 11:02:00,91.62,91.62,91.615,91.615,472.0,CHRW
2023-06-26 11:01:00,91.48,91.59,91.47,91.59,3395.0,CHRW
2023-06-26 11:00:00,91.52,91.52,91.505,91.505,611.0,CHRW
2023-06-26 10:59:00,91.505,91.505,91.505,91.505,1110.0,CHRW
2023-06-26 10:58:00,91.435,91.51,91.435,91.5,1157.0,CHRW
2023-06-26 10:57:00,91.375,91.42,91.375,91.42,838.0,CHRW
2023-06-26 10:56:00,91.365,91.365,91.355,91.365,1270.0,CHRW
2023-06-26 10:55:00,91.37,91.37,91.34,91.36,2467.0,CHRW
2023-06-26 10:54:00,91.28,91.39,91.28,91.39,2585.0,CHRW
2023-06-26 10:53:00,91.27,91.31,91.26,91.28,5422.0,CHRW
2023-06-26 10:52:00,91.26,91.29,91.26,91.29,965.0,CHRW
2023-06-26 10:51:00,91.275,91.275,91.275,91.275,590.0,CHRW
2023-06-26 10:49:00,91.21,91.21,91.21,91.21,398.0,CHRW
2023-06-26 10:48:00,91.18,91.23,91.18,91.2,791.0,CHRW
2023-06-26 10:47:00,91.01,91.19,91.01,91.19,1609.0,CHRW
2023-06-26 10:45:00,91.04,91.04,91.01,91.01,404.0,CHRW
2023-06-26 10:44:00,91.035,91.035,91.035,91.035,185.0,CHRW
2023-06-26 10:43:00,91.11,91.11,91.06,91.08,2841.0,CHRW
2023-06-26 10:42:00,91.105,91.105,91.105,91.105,142.0,CHRW
2023-06-26 10:41:00,91.118,91.117,91.115,91.115,440.0,CHRW
2023-06-26 10:40:00,91.14,91.14,91.09,91.09,1634.0,CHRW
2023-06-26 10:39:00,91.17,91.17,91.17,91.17,822.0,CHRW
2023-06-26 10:38:00,91.18,91.205,91.17,91.18,1499.0,CHRW
2023-06-26 10:37:00,91.14,91.175,91.14,91.175,1099.0,CHRW
2023-06-26 10:36:00,91.185,91.185,91.18,91.18,317.0,CHRW
2023-06-26 10:35:00,91.16,91.18,91.16,91.18,801.0,CHRW
2023-06-26 10:34:00,91.105,91.105,91.105,91.105,167.0,CHRW
2023-06-26 10:33:00,91.16,91.16,91.12,91.13,1549.0,CHRW
2023-06-26 10:32:00,91.13,91.155,91.13,91.155,621.0,CHRW
2023-06-26 10:31:00,91.178,91.177,91.14,91.14,904.0,CHRW
2023-06-26 10:30:00,91.285,91.285,91.18,91.18,3960.0,CHRW
2023-06-26 10:28:00,91.34,91.34,91.34,91.34,721.0,CHRW
2023-06-26 10:27:00,91.25,91.25,91.23,91.23,1207.0,CHRW
2023-06-26 10:26:00,91.32,91.32,91.27,91.28,1167.0,CHRW
2023-06-26 10:25:00,91.27,91.27,91.27,91.27,391.0,CHRW
2023-06-26 10:24:00,91.28,91.28,91.28,91.28,306.0,CHRW
2023-06-26 10:23:00,91.21,91.21,91.21,91.21,365.0,CHRW
2023-06-26 10:22:00,91.2,91.24,91.2,91.24,720.0,CHRW
2023-06-26 10:21:00,91.08,91.17,91.08,91.17,790.0,CHRW
2023-06-26 10:20:00,91.105,91.105,91.105,91.105,403.0,CHRW
2023-06-26 10:19:00,91.09,91.09,91.08,91.09,1377.0,CHRW
2023-06-26 10:18:00,91.14,91.19,91.14,91.19,537.0,CHRW
2023-06-26 10:17:00,91.17,91.18,91.17,91.18,608.0,CHRW
2023-06-26 10:16:00,91.17,91.17,91.12,91.14,2928.0,CHRW
2023-06-26 10:15:00,91.195,91.195,91.19,91.19,345.0,CHRW
2023-06-26 10:14:00,91.03,91.04,91.03,91.04,1366.0,CHRW
2023-06-26 10:13:00,91.02,91.02,91.02,91.02,652.0,CHRW
2023-06-26 10:10:00,91.08,91.08,90.99,90.99,1361.0,CHRW
2023-06-26 10:09:00,91.108,91.11,91.108,91.11,2001.0,CHRW
2023-06-26 10:08:00,91.08,91.08,91.08,91.08,765.0,CHRW
2023-06-26 10:06:00,91.24,91.24,91.11,91.13,1805.0,CHRW
2023-06-26 10:05:00,91.29,91.29,91.28,91.28,1085.0,CHRW
2023-06-26 10:04:00,91.34,91.34,91.25,91.25,1408.0,CHRW
2023-06-26 10:03:00,91.35,91.36,91.35,91.35,965.0,CHRW
2023-06-26 10:02:00,91.41,91.41,91.41,91.41,317.0,CHRW
2023-06-26 10:01:00,91.43,91.43,91.43,91.43,362.0,CHRW
2023-06-26 10:00:00,91.35,91.39,91.35,91.37,929.0,CHRW
2023-06-26 09:59:00,91.3,91.3,91.3,91.3,153.0,CHRW
2023-06-26 09:58:00,91.3,91.32,91.275,91.275,1164.0,CHRW
2023-06-26 09:56:00,91.4,91.4,91.315,91.315,2055.0,CHRW
2023-06-26 09:55:00,91.49,91.49,91.43,91.43,1448.0,CHRW
2023-06-26 09:52:00,91.52,91.55,91.5,91.545,2185.0,CHRW
2023-06-26 09:51:00,91.52,91.52,91.48,91.48,616.0,CHRW
2023-06-26 09:50:00,91.49,91.53,91.43,91.53,2398.0,CHRW
2023-06-26 09:49:00,91.49,91.49,91.49,91.49,225.0,CHRW
2023-06-26 09:48:00,91.48,91.48,91.47,91.47,1289.0,CHRW
2023-06-26 09:47:00,91.53,91.53,91.53,91.53,205.0,CHRW
2023-06-26 09:46:00,91.5,91.547,91.49,91.54,971.0,CHRW
2023-06-26 09:45:00,91.63,91.63,91.5,91.51,1565.0,CHRW
2023-06-26 09:44:00,91.571,91.571,91.571,91.571,1161.0,CHRW
2023-06-26 09:42:00,91.59,91.59,91.43,91.44,1179.0,CHRW
2023-06-26 09:41:00,91.21,91.48,91.21,91.48,1107.0,CHRW
2023-06-26 09:40:00,91.138,91.137,91.07,91.07,772.0,CHRW
2023-06-26 09:37:00,91.25,91.29,91.16,91.16,1399.0,CHRW
2023-06-26 09:36:00,90.95,91.14,90.95,91.14,1099.0,CHRW
2023-06-26 09:35:00,90.98,91.13,90.98,91.13,499.0,CHRW
2023-06-26 09:34:00,91.165,91.165,90.93,90.93,1111.0,CHRW
2023-06-26 09:33:00,91.031,91.031,91.031,91.031,722.0,CHRW
2023-06-26 09:32:00,90.75,90.75,90.75,90.75,145.0,CHRW
2023-06-26 09:30:00,90.21,90.21,90.21,90.21,6521.0,CHRW
2023-06-26 09:29:00,90.29,90.42,90.29,90.41,343.0,CHRW
2023-06-26 08:05:00,90.88,90.88,90.88,90.88,7.0,CHRW
2023-06-26 08:02:00,90.45,90.45,90.45,90.45,2.0,CHRW
2023-06-26 07:00:00,90.75,90.75,90.75,90.75,10.0,CHRW
2023-06-26 06:36:00,92.77,92.77,92.77,92.77,1.0,CHRW
2023-06-26 05:32:00,91.51,91.51,91.51,91.51,1.0,CHRW
2023-06-26 04:25:00,95.49,95.49,95.49,95.49,1.0,CHRW
2023-06-23 19:48:00,90.79,90.79,90.79,90.79,1.0,CHRW
2023-06-23 18:29:00,90.46,90.46,90.46,90.46,1.0,CHRW
2023-06-23 17:45:00,90.45,90.45,90.45,90.45,8439.0,CHRW
2023-06-23 17:09:00,90.45,90.45,90.45,90.45,8439.0,CHRW
2023-06-23 17:00:00,92.04,92.04,92.04,92.04,1.0,CHRW
2023-06-23 16:43:00,90.45,90.45,90.45,90.45,351.0,CHRW
2023-06-23 16:25:00,90.27,90.27,90.27,90.27,498.0,CHRW
2023-06-23 16:21:00,90.45,90.45,90.45,90.45,8439.0,CHRW
2023-06-23 16:19:00,90.45,90.45,90.45,90.45,16300.0,CHRW
2023-06-23 16:15:00,90.45,90.45,90.45,90.45,246370.0,CHRW
2023-06-23 16:13:00,90.45,90.45,90.45,90.45,20526.0,CHRW
2023-06-23 16:12:00,90.45,90.45,90.45,90.45,31427.0,CHRW
2023-06-23 16:11:00,90.452,90.452,90.448,90.45,30622.0,CHRW
2023-06-23 16:10:00,90.45,90.45,90.45,90.45,6690.0,CHRW
2023-06-23 16:08:00,90.45,90.45,90.45,90.45,332.0,CHRW
2023-06-23 16:07:00,90.45,90.45,90.45,90.45,6578.0,CHRW
2023-06-23 16:06:00,90.45,90.45,90.45,90.45,1315.0,CHRW
2023-06-23 16:05:00,90.36,90.36,90.11,90.11,47.0,CHRW
2023-06-23 16:04:00,90.445,90.455,90.011,90.011,130691.0,CHRW
2023-06-23 16:03:00,90.45,90.459,90.441,90.441,163115.0,CHRW
2023-06-23 16:02:00,90.45,90.451,90.45,90.45,256191.0,CHRW
2023-06-23 16:01:00,90.35,90.45,90.35,90.45,2472.0,CHRW
2023-06-23 16:00:00,90.43,90.45,90.39,90.39,2032223.0,CHRW
2023-06-23 15:59:00,90.489,90.49,90.38,90.43,84714.0,CHRW
2023-06-23 15:58:00,90.525,90.525,90.46,90.485,29535.0,CHRW
2023-06-23 15:57:00,90.3,90.525,90.3,90.525,39157.0,CHRW
2023-06-23 15:56:00,90.48,90.49,90.29,90.31,32816.0,CHRW
2023-06-23 15:55:00,90.37,90.59,90.16,90.485,43425.0,CHRW
2023-06-23 15:54:00,90.64,90.65,90.17,90.34,49239.0,CHRW
2023-06-23 15:53:00,90.68,90.75,90.59,90.63,27813.0,CHRW
2023-06-23 15:52:00,90.655,90.68,90.6,90.68,14963.0,CHRW
2023-06-23 15:51:00,90.65,90.79,90.62,90.66,23374.0,CHRW
2023-06-23 15:50:00,91.1,91.115,90.645,90.65,52284.0,CHRW
2023-06-23 15:49:00,91.12,91.14,91.085,91.125,7403.0,CHRW
2023-06-23 15:48:00,91.11,91.13,91.105,91.12,5065.0,CHRW
2023-06-23 15:47:00,91.13,91.135,91.07,91.105,5588.0,CHRW
2023-06-23 15:46:00,91.02,91.13,91.0,91.125,6382.0,CHRW
2023-06-23 15:45:00,91.08,91.08,91.005,91.005,7793.0,CHRW
2023-06-23 15:44:00,90.995,91.05,90.995,91.05,4399.0,CHRW
2023-06-23 15:43:00,90.94,91.0,90.94,90.995,4871.0,CHRW
2023-06-23 15:42:00,90.955,90.97,90.92,90.955,5046.0,CHRW
2023-06-23 15:41:00,90.905,90.955,90.905,90.955,3128.0,CHRW
2023-06-23 15:40:00,90.865,90.91,90.865,90.905,2316.0,CHRW
2023-06-23 15:39:00,90.9,90.9,90.845,90.86,3891.0,CHRW
2023-06-23 15:38:00,90.88,90.92,90.88,90.9,3448.0,CHRW
2023-06-23 15:37:00,90.895,90.925,90.87,90.885,7040.0,CHRW
2023-06-23 15:36:00,90.84,90.895,90.84,90.895,2876.0,CHRW
2023-06-23 15:35:00,90.75,90.84,90.75,90.84,5981.0,CHRW
2023-06-23 15:34:00,90.74,90.77,90.74,90.75,5519.0,CHRW
2023-06-23 15:33:00,90.765,90.765,90.7,90.725,4828.0,CHRW
2023-06-23 15:32:00,90.775,90.815,90.75,90.765,6171.0,CHRW
2023-06-23 15:31:00,90.741,90.79,90.741,90.78,4920.0,CHRW
2023-06-23 15:30:00,90.74,90.75,90.72,90.75,6180.0,CHRW
2023-06-23 15:29:00,90.71,90.75,90.71,90.745,3308.0,CHRW
2023-06-23 15:28:00,90.685,90.685,90.66,90.66,4209.0,CHRW
2023-06-23 15:27:00,90.67,90.69,90.641,90.685,4099.0,CHRW
2023-06-23 15:26:00,90.715,90.715,90.68,90.68,1981.0,CHRW
2023-06-23 15:25:00,90.76,90.76,90.705,90.72,4036.0,CHRW
2023-06-23 15:24:00,90.76,90.76,90.74,90.75,1945.0,CHRW
2023-06-23 15:23:00,90.81,90.81,90.75,90.755,5889.0,CHRW
2023-06-23 15:22:00,90.79,90.82,90.79,90.81,3252.0,CHRW
2023-06-23 15:21:00,90.79,90.81,90.775,90.775,2836.0,CHRW
2023-06-23 15:20:00,90.79,90.8,90.76,90.785,2606.0,CHRW
2023-06-23 15:19:00,90.785,90.795,90.785,90.795,1966.0,CHRW
2023-06-23 15:18:00,90.705,90.73,90.705,90.73,1708.0,CHRW
2023-06-23 15:17:00,90.653,90.71,90.653,90.71,3700.0,CHRW
2023-06-23 15:16:00,90.7,90.71,90.645,90.68,4910.0,CHRW
2023-06-23 15:15:00,90.7,90.72,90.7,90.71,1837.0,CHRW
2023-06-23 15:14:00,90.695,90.735,90.65,90.72,3693.0,CHRW
2023-06-23 15:13:00,90.7,90.712,90.69,90.695,2311.0,CHRW
2023-06-23 15:12:00,90.68,90.71,90.68,90.7,1629.0,CHRW
2023-06-23 15:11:00,90.66,90.69,90.65,90.67,4485.0,CHRW
2023-06-23 15:10:00,90.63,90.66,90.63,90.66,1826.0,CHRW
2023-06-23 15:09:00,90.62,90.62,90.6,90.605,625.0,CHRW
2023-06-23 15:08:00,90.66,90.66,90.6,90.6,2009.0,CHRW
2023-06-23 15:07:00,90.59,90.63,90.585,90.63,4437.0,CHRW
2023-06-23 15:06:00,90.6,90.6,90.58,90.59,2691.0,CHRW
2023-06-23 15:05:00,90.58,90.61,90.57,90.6,2225.0,CHRW
2023-06-23 15:04:00,90.59,90.59,90.59,90.59,686.0,CHRW
2023-06-23 15:03:00,90.54,90.59,90.54,90.59,3260.0,CHRW
2023-06-23 15:02:00,90.56,90.56,90.525,90.525,1623.0,CHRW
2023-06-23 15:01:00,90.61,90.61,90.56,90.56,1509.0,CHRW
2023-06-23 15:00:00,90.735,90.735,90.64,90.67,3512.0,CHRW
2023-06-23 14:59:00,90.73,90.73,90.73,90.73,346.0,CHRW
2023-06-23 14:57:00,90.7,90.72,90.69,90.69,2315.0,CHRW
2023-06-23 14:56:00,90.68,90.7,90.68,90.69,921.0,CHRW
2023-06-23 14:55:00,90.68,90.71,90.67,90.67,2315.0,CHRW
2023-06-23 14:54:00,90.68,90.68,90.68,90.68,529.0,CHRW
2023-06-23 14:53:00,90.725,90.725,90.68,90.68,1248.0,CHRW
2023-06-23 14:52:00,90.74,90.75,90.73,90.73,2151.0,CHRW
2023-06-23 14:51:00,90.73,90.73,90.73,90.73,1094.0,CHRW
2023-06-23 14:50:00,90.73,90.73,90.73,90.73,480.0,CHRW
2023-06-23 14:49:00,90.78,90.78,90.75,90.75,1388.0,CHRW
2023-06-23 14:48:00,90.74,90.77,90.74,90.77,1022.0,CHRW
2023-06-23 14:47:00,90.795,90.795,90.77,90.79,1106.0,CHRW
2023-06-23 14:46:00,90.78,90.8,90.78,90.795,2721.0,CHRW
2023-06-23 14:45:00,90.84,90.85,90.765,90.775,1914.0,CHRW
2023-06-23 14:43:00,90.88,90.88,90.865,90.87,599.0,CHRW
2023-06-23 14:42:00,90.9,90.9,90.855,90.86,3339.0,CHRW
2023-06-23 14:41:00,90.89,90.895,90.89,90.895,619.0,CHRW
2023-06-23 14:40:00,90.91,90.915,90.895,90.915,2047.0,CHRW
2023-06-23 14:39:00,90.95,90.95,90.925,90.925,1427.0,CHRW
2023-06-23 14:38:00,91.0,91.0,90.955,90.955,1398.0,CHRW
2023-06-23 14:37:00,90.99,91.06,90.99,91.03,2210.0,CHRW
2023-06-23 14:36:00,90.96,90.98,90.95,90.97,3075.0,CHRW
2023-06-23 14:35:00,91.0,91.0,90.975,90.98,1392.0,CHRW
2023-06-23 14:34:00,91.03,91.03,90.985,90.985,2934.0,CHRW
2023-06-23 14:32:00,91.03,91.03,91.03,91.03,1723.0,CHRW
2023-06-23 14:31:00,91.0,91.015,91.0,91.015,759.0,CHRW
2023-06-23 14:30:00,91.05,91.055,91.01,91.03,1627.0,CHRW
2023-06-23 14:29:00,91.06,91.06,91.06,91.06,763.0,CHRW
2023-06-23 14:28:00,90.99,91.05,90.99,91.05,1962.0,CHRW
2023-06-23 14:27:00,91.01,91.01,90.98,90.985,2346.0,CHRW
2023-06-23 14:26:00,91.01,91.02,91.0,91.02,1342.0,CHRW
2023-06-23 14:25:00,91.06,91.06,91.03,91.03,1696.0,CHRW
2023-06-23 14:24:00,91.06,91.06,91.06,91.06,198.0,CHRW
2023-06-23 14:23:00,91.01,91.03,91.01,91.03,1012.0,CHRW
2023-06-23 14:22:00,90.92,90.985,90.92,90.985,2206.0,CHRW
2023-06-23 14:21:00,90.89,90.91,90.89,90.91,1024.0,CHRW
2023-06-23 14:20:00,90.91,90.91,90.88,90.895,1668.0,CHRW
2023-06-23 14:19:00,90.895,90.91,90.895,90.905,2555.0,CHRW
2023-06-23 14:18:00,90.895,90.895,90.895,90.895,1052.0,CHRW
2023-06-23 14:17:00,90.855,90.91,90.855,90.91,2186.0,CHRW
2023-06-23 14:16:00,90.905,90.94,90.88,90.88,8815.0,CHRW
2023-06-23 14:15:00,90.965,90.965,90.91,90.92,690.0,CHRW
2023-06-23 14:14:00,91.015,91.015,90.96,90.97,1339.0,CHRW
2023-06-23 14:13:00,91.04,91.04,91.0,91.0,1133.0,CHRW
2023-06-23 14:12:00,91.055,91.055,91.01,91.01,811.0,CHRW
2023-06-23 14:11:00,91.12,91.122,91.1,91.1,1081.0,CHRW
2023-06-23 14:10:00,91.125,91.125,91.07,91.12,5257.0,CHRW
2023-06-23 14:09:00,91.15,91.15,91.135,91.135,536.0,CHRW
2023-06-23 14:08:00,91.2,91.2,91.15,91.16,3359.0,CHRW
2023-06-23 14:07:00,91.205,91.22,91.205,91.215,2392.0,CHRW
2023-06-23 14:06:00,91.16,91.215,91.16,91.205,5349.0,CHRW
2023-06-23 14:05:00,91.205,91.205,91.16,91.16,3563.0,CHRW
2023-06-23 14:04:00,91.255,91.255,91.18,91.205,3590.0,CHRW
2023-06-23 14:03:00,91.265,91.265,91.265,91.265,398.0,CHRW
2023-06-23 14:02:00,91.26,91.26,91.21,91.245,1772.0,CHRW
2023-06-23 14:01:00,91.325,91.325,91.27,91.28,2036.0,CHRW
2023-06-23 14:00:00,91.37,91.37,91.31,91.31,4631.0,CHRW
2023-06-23 13:59:00,91.405,91.41,91.37,91.385,2820.0,CHRW
2023-06-23 13:58:00,91.405,91.42,91.38,91.4,5709.0,CHRW
2023-06-23 13:57:00,91.41,91.415,91.38,91.384,3746.0,CHRW
2023-06-23 13:56:00,91.39,91.395,91.39,91.395,683.0,CHRW
2023-06-23 13:55:00,91.4,91.405,91.365,91.39,2581.0,CHRW
2023-06-23 13:54:00,91.385,91.415,91.385,91.415,1726.0,CHRW
2023-06-23 13:53:00,91.39,91.39,91.39,91.39,367.0,CHRW
2023-06-23 13:52:00,91.4,91.4,91.395,91.395,2328.0,CHRW
2023-06-23 13:51:00,91.43,91.46,91.365,91.38,7792.0,CHRW
2023-06-23 13:50:00,91.44,91.44,91.44,91.44,285.0,CHRW
2023-06-23 13:49:00,91.47,91.47,91.47,91.47,1279.0,CHRW
2023-06-23 13:48:00,91.445,91.445,91.445,91.445,400.0,CHRW
2023-06-23 13:47:00,91.455,91.455,91.45,91.45,461.0,CHRW
2023-06-23 13:46:00,91.41,91.44,91.41,91.44,1642.0,CHRW
2023-06-23 13:45:00,91.37,91.41,91.37,91.38,1838.0,CHRW
2023-06-23 13:44:00,91.345,91.39,91.345,91.39,1143.0,CHRW
2023-06-23 13:43:00,91.35,91.35,91.35,91.35,1071.0,CHRW
2023-06-23 13:42:00,91.36,91.37,91.35,91.35,2575.0,CHRW
2023-06-23 13:40:00,91.365,91.4,91.365,91.37,2373.0,CHRW
2023-06-23 13:39:00,91.35,91.37,91.33,91.37,3571.0,CHRW
2023-06-23 13:38:00,91.38,91.38,91.375,91.375,520.0,CHRW
2023-06-23 13:37:00,91.39,91.39,91.36,91.38,696.0,CHRW
2023-06-23 13:36:00,91.385,91.385,91.365,91.38,2630.0,CHRW
2023-06-23 13:35:00,91.365,91.365,91.35,91.35,1379.0,CHRW
2023-06-23 13:33:00,91.36,91.36,91.36,91.36,1565.0,CHRW
2023-06-23 13:32:00,91.395,91.395,91.33,91.365,5323.0,CHRW
2023-06-23 13:31:00,91.39,91.39,91.39,91.39,2135.0,CHRW
2023-06-23 13:30:00,91.34,91.375,91.34,91.375,1458.0,CHRW
2023-06-23 13:28:00,91.31,91.31,91.31,91.31,654.0,CHRW
2023-06-23 13:27:00,91.325,91.325,91.28,91.28,1654.0,CHRW
2023-06-23 13:25:00,91.35,91.35,91.325,91.325,1524.0,CHRW
2023-06-23 13:24:00,91.305,91.345,91.305,91.34,1902.0,CHRW
2023-06-23 13:23:00,91.21,91.295,91.21,91.295,2413.0,CHRW
2023-06-23 13:22:00,91.245,91.245,91.22,91.225,2365.0,CHRW
2023-06-23 13:21:00,91.24,91.255,91.235,91.235,1904.0,CHRW
2023-06-23 13:20:00,91.17,91.21,91.17,91.21,3249.0,CHRW
2023-06-23 13:19:00,91.205,91.205,91.12,91.12,6928.0,CHRW
2023-06-23 13:18:00,91.18,91.25,91.18,91.2,21794.0,CHRW
2023-06-23 13:17:00,91.21,91.21,91.18,91.2,1246.0,CHRW
2023-06-23 13:16:00,91.28,91.3,91.24,91.24,5483.0,CHRW
2023-06-23 13:15:00,91.31,91.31,91.265,91.265,1651.0,CHRW
2023-06-23 13:14:00,91.3,91.32,91.3,91.32,1397.0,CHRW
2023-06-23 13:13:00,91.28,91.3,91.28,91.3,1425.0,CHRW
2023-06-23 13:12:00,91.3,91.315,91.27,91.28,3905.0,CHRW
2023-06-23 13:11:00,91.28,91.28,91.26,91.275,2685.0,CHRW
2023-06-23 13:10:00,91.305,91.31,91.285,91.29,1222.0,CHRW
2023-06-23 13:09:00,91.305,91.31,91.305,91.31,1017.0,CHRW
2023-06-23 13:08:00,91.37,91.37,91.3,91.305,2349.0,CHRW
2023-06-23 13:07:00,91.335,91.38,91.335,91.37,3390.0,CHRW
2023-06-23 13:06:00,91.31,91.335,91.31,91.335,3253.0,CHRW
2023-06-23 13:05:00,91.295,91.31,91.29,91.305,1369.0,CHRW
2023-06-23 13:04:00,91.375,91.375,91.31,91.325,6155.0,CHRW
2023-06-23 13:03:00,91.37,91.39,91.37,91.375,1773.0,CHRW
2023-06-23 13:02:00,91.41,91.41,91.39,91.41,1833.0,CHRW
2023-06-23 13:01:00,91.42,91.43,91.415,91.415,965.0,CHRW
2023-06-23 13:00:00,91.45,91.45,91.41,91.425,3175.0,CHRW
2023-06-23 12:59:00,91.42,91.44,91.41,91.44,1313.0,CHRW
2023-06-23 12:58:00,91.4,91.415,91.38,91.415,2671.0,CHRW
2023-06-23 12:57:00,91.405,91.405,91.405,91.405,186.0,CHRW
2023-06-23 12:56:00,91.4,91.41,91.4,91.4,847.0,CHRW
2023-06-23 12:55:00,91.415,91.415,91.41,91.41,693.0,CHRW
2023-06-23 12:54:00,91.46,91.47,91.45,91.47,1108.0,CHRW
2023-06-23 12:53:00,91.47,91.51,91.47,91.5,3446.0,CHRW
2023-06-23 12:52:00,91.48,91.48,91.47,91.47,896.0,CHRW
2023-06-23 12:50:00,91.48,91.48,91.48,91.48,275.0,CHRW
2023-06-23 12:49:00,91.47,91.48,91.47,91.48,375.0,CHRW
2023-06-23 12:47:00,91.48,91.48,91.44,91.44,979.0,CHRW
2023-06-23 12:45:00,91.48,91.48,91.48,91.48,586.0,CHRW
2023-06-23 12:44:00,91.38,91.42,91.38,91.42,1537.0,CHRW
2023-06-23 12:43:00,91.365,91.365,91.365,91.365,330.0,CHRW
2023-06-23 12:42:00,91.35,91.38,91.35,91.38,882.0,CHRW
2023-06-23 12:41:00,91.33,91.36,91.33,91.36,826.0,CHRW
2023-06-23 12:40:00,91.29,91.312,91.28,91.312,634.0,CHRW
2023-06-23 12:39:00,91.3,91.3,91.3,91.3,301.0,CHRW
2023-06-23 12:38:00,91.3,91.34,91.3,91.34,1694.0,CHRW
2023-06-23 12:37:00,91.38,91.38,91.35,91.35,1271.0,CHRW
2023-06-23 12:36:00,91.4,91.4,91.38,91.38,1083.0,CHRW
2023-06-23 12:35:00,91.425,91.425,91.425,91.425,295.0,CHRW
2023-06-23 12:34:00,91.42,91.45,91.415,91.415,1576.0,CHRW
2023-06-23 12:33:00,91.42,91.42,91.42,91.42,911.0,CHRW
2023-06-23 12:32:00,91.35,91.4,91.35,91.4,2538.0,CHRW
2023-06-23 12:31:00,91.38,91.38,91.35,91.35,504.0,CHRW
2023-06-23 12:30:00,91.41,91.41,91.4,91.4,798.0,CHRW
2023-06-23 12:29:00,91.475,91.475,91.392,91.42,6130.0,CHRW
2023-06-23 12:28:00,91.48,91.48,91.46,91.48,2083.0,CHRW
2023-06-23 12:27:00,91.46,91.47,91.46,91.46,1070.0,CHRW
2023-06-23 12:26:00,91.43,91.45,91.43,91.44,1399.0,CHRW
2023-06-23 12:25:00,91.485,91.485,91.43,91.43,2429.0,CHRW
2023-06-23 12:23:00,91.5,91.5,91.5,91.5,549.0,CHRW
2023-06-23 12:22:00,91.5,91.51,91.47,91.47,2323.0,CHRW
2023-06-23 12:21:00,91.46,91.46,91.46,91.46,208.0,CHRW
2023-06-23 12:20:00,91.475,91.475,91.45,91.45,1064.0,CHRW
2023-06-23 12:19:00,91.47,91.5,91.47,91.5,621.0,CHRW
2023-06-23 12:18:00,91.45,91.45,91.45,91.45,2120.0,CHRW
2023-06-23 12:17:00,91.43,91.43,91.43,91.43,308.0,CHRW
2023-06-23 12:16:00,91.47,91.52,91.47,91.49,1732.0,CHRW
2023-06-23 12:15:00,91.47,91.47,91.45,91.45,1951.0,CHRW
2023-06-23 12:14:00,91.53,91.53,91.49,91.49,3310.0,CHRW
2023-06-23 12:13:00,91.5,91.52,91.5,91.52,412.0,CHRW
2023-06-23 12:12:00,91.51,91.52,91.49,91.49,4080.0,CHRW
2023-06-23 12:11:00,91.52,91.535,91.52,91.535,1337.0,CHRW
2023-06-23 12:10:00,91.585,91.585,91.55,91.56,1499.0,CHRW
2023-06-23 12:09:00,91.51,91.57,91.51,91.57,894.0,CHRW
2023-06-23 12:07:00,91.53,91.55,91.52,91.52,939.0,CHRW
2023-06-23 12:05:00,91.49,91.5,91.45,91.5,856.0,CHRW
2023-06-23 12:04:00,91.48,91.48,91.45,91.475,3246.0,CHRW
2023-06-23 12:02:00,91.43,91.43,91.43,91.43,503.0,CHRW
2023-06-23 12:00:00,91.38,91.47,91.38,91.47,994.0,CHRW
2023-06-23 11:59:00,91.26,91.35,91.26,91.35,1938.0,CHRW
2023-06-23 11:58:00,91.26,91.26,91.26,91.26,253.0,CHRW
2023-06-23 11:57:00,91.28,91.28,91.24,91.26,2123.0,CHRW
2023-06-23 11:56:00,91.25,91.35,91.25,91.32,3307.0,CHRW
2023-06-23 11:55:00,91.21,91.23,91.21,91.22,1709.0,CHRW
2023-06-23 11:54:00,91.18,91.18,91.18,91.18,927.0,CHRW
2023-06-23 11:53:00,91.139,91.18,91.139,91.18,4576.0,CHRW
2023-06-23 11:52:00,91.1,91.12,91.1,91.12,722.0,CHRW
2023-06-23 11:51:00,91.04,91.1,91.03,91.1,2909.0,CHRW
2023-06-23 11:50:00,91.07,91.08,91.07,91.07,1163.0,CHRW
2023-06-23 11:48:00,91.215,91.215,91.15,91.15,1296.0,CHRW
2023-06-23 11:47:00,91.22,91.24,91.18,91.18,1496.0,CHRW
2023-06-23 11:46:00,91.36,91.36,91.21,91.22,5646.0,CHRW
2023-06-23 11:45:00,91.42,91.42,91.38,91.39,1315.0,CHRW
2023-06-23 11:44:00,91.44,91.44,91.44,91.44,718.0,CHRW
2023-06-23 11:43:00,91.34,91.4,91.34,91.38,1694.0,CHRW
2023-06-23 11:42:00,91.35,91.36,91.31,91.31,1880.0,CHRW
2023-06-23 11:41:00,91.32,91.32,91.29,91.29,303.0,CHRW
2023-06-23 11:40:00,91.405,91.405,91.32,91.32,1889.0,CHRW
2023-06-23 11:39:00,91.395,91.41,91.395,91.405,1354.0,CHRW
2023-06-23 11:38:00,91.44,91.44,91.395,91.395,1678.0,CHRW
2023-06-23 11:37:00,91.43,91.47,91.43,91.47,927.0,CHRW
2023-06-23 11:36:00,91.39,91.45,91.36,91.42,3843.0,CHRW
2023-06-23 11:35:00,91.385,91.39,91.36,91.39,672.0,CHRW
2023-06-23 11:33:00,91.4,91.4,91.37,91.38,1606.0,CHRW
2023-06-23 11:32:00,91.425,91.425,91.4,91.4,491.0,CHRW
2023-06-23 11:31:00,91.435,91.435,91.39,91.42,1589.0,CHRW
2023-06-23 11:30:00,91.51,91.517,91.4,91.4,1906.0,CHRW
2023-06-23 11:29:00,91.36,91.49,91.36,91.49,3405.0,CHRW
2023-06-23 11:28:00,91.38,91.38,91.34,91.375,4468.0,CHRW
2023-06-23 11:27:00,91.43,91.43,91.36,91.36,1919.0,CHRW
2023-06-23 11:26:00,91.445,91.445,91.43,91.43,546.0,CHRW
2023-06-23 11:25:00,91.44,91.45,91.44,91.45,2158.0,CHRW
2023-06-23 11:24:00,91.465,91.465,91.465,91.465,217.0,CHRW
2023-06-23 11:23:00,91.46,91.46,91.46,91.46,870.0,CHRW
2023-06-23 11:22:00,91.53,91.53,91.49,91.505,1297.0,CHRW
2023-06-23 11:21:00,91.595,91.595,91.57,91.57,928.0,CHRW
2023-06-23 11:20:00,91.54,91.59,91.47,91.59,4588.0,CHRW
2023-06-23 11:19:00,91.57,91.575,91.56,91.56,1171.0,CHRW
2023-06-23 11:18:00,91.62,91.64,91.59,91.59,2839.0,CHRW
2023-06-23 11:17:00,91.61,91.64,91.61,91.625,2992.0,CHRW
2023-06-23 11:16:00,91.62,91.625,91.6,91.625,552.0,CHRW
2023-06-23 11:15:00,91.68,91.68,91.65,91.65,769.0,CHRW
2023-06-23 11:14:00,91.56,91.67,91.56,91.65,2841.0,CHRW
2023-06-23 11:13:00,91.66,91.675,91.57,91.57,1851.0,CHRW
2023-06-23 11:12:00,91.721,91.73,91.68,91.69,3841.0,CHRW
2023-06-23 11:11:00,91.78,91.78,91.7,91.7,2549.0,CHRW
2023-06-23 11:10:00,91.79,91.79,91.79,91.79,696.0,CHRW
2023-06-23 11:09:00,91.815,91.82,91.79,91.815,836.0,CHRW
2023-06-23 11:08:00,91.815,91.815,91.81,91.81,664.0,CHRW
2023-06-23 11:07:00,91.82,91.835,91.81,91.815,930.0,CHRW
2023-06-23 11:06:00,91.935,91.935,91.835,91.835,1310.0,CHRW
2023-06-23 11:05:00,91.945,91.945,91.91,91.925,1459.0,CHRW
2023-06-23 11:04:00,91.98,91.98,91.925,91.925,1414.0,CHRW
2023-06-23 11:03:00,91.89,91.96,91.89,91.96,3958.0,CHRW
2023-06-23 11:02:00,91.905,91.905,91.87,91.87,812.0,CHRW
2023-06-23 11:01:00,91.88,91.905,91.88,91.905,271.0,CHRW
2023-06-23 11:00:00,91.91,91.94,91.895,91.915,1410.0,CHRW
2023-06-23 10:59:00,91.905,91.95,91.905,91.92,1524.0,CHRW
2023-06-23 10:58:00,91.89,91.92,91.87,91.905,2927.0,CHRW
2023-06-23 10:57:00,91.87,91.87,91.87,91.87,347.0,CHRW
2023-06-23 10:56:00,91.935,91.935,91.85,91.87,3333.0,CHRW
2023-06-23 10:55:00,91.92,91.95,91.89,91.93,5539.0,CHRW
2023-06-23 10:54:00,91.94,91.94,91.93,91.93,706.0,CHRW
2023-06-23 10:52:00,91.96,91.96,91.95,91.95,894.0,CHRW
2023-06-23 10:51:00,91.985,91.985,91.985,91.985,141.0,CHRW
2023-06-23 10:50:00,91.935,91.99,91.935,91.99,1162.0,CHRW
2023-06-23 10:49:00,92.0,92.0,91.93,91.93,1446.0,CHRW
2023-06-23 10:48:00,91.97,92.0,91.965,91.98,1153.0,CHRW
2023-06-23 10:47:00,91.96,91.97,91.96,91.97,569.0,CHRW
2023-06-23 10:46:00,91.95,92.01,91.95,91.98,3005.0,CHRW
2023-06-23 10:45:00,91.97,92.0,91.95,91.95,1994.0,CHRW
2023-06-23 10:44:00,91.88,91.96,91.88,91.96,1193.0,CHRW
2023-06-23 10:43:00,91.88,91.88,91.88,91.88,581.0,CHRW
2023-06-23 10:42:00,91.94,91.95,91.91,91.91,1088.0,CHRW
2023-06-23 10:41:00,91.96,91.96,91.96,91.96,606.0,CHRW
2023-06-23 10:40:00,92.02,92.02,91.99,92.02,1418.0,CHRW
2023-06-23 10:39:00,91.955,92.01,91.955,92.0,3586.0,CHRW
2023-06-23 10:37:00,91.89,91.97,91.89,91.97,3115.0,CHRW
2023-06-23 10:36:00,91.86,91.86,91.855,91.855,843.0,CHRW
2023-06-23 10:35:00,91.96,91.96,91.89,91.89,1203.0,CHRW
2023-06-23 10:34:00,91.945,91.96,91.945,91.96,1036.0,CHRW
2023-06-23 10:33:00,91.86,91.91,91.86,91.91,1978.0,CHRW
2023-06-23 10:32:00,91.86,91.86,91.844,91.844,651.0,CHRW
2023-06-23 10:31:00,91.98,91.98,91.9,91.9,1936.0,CHRW
2023-06-23 10:30:00,91.99,92.0,91.99,92.0,592.0,CHRW
2023-06-23 10:29:00,92.03,92.03,92.03,92.03,534.0,CHRW
2023-06-23 10:28:00,92.01,92.06,92.01,92.013,1857.0,CHRW
2023-06-23 10:27:00,91.96,92.005,91.96,92.0,1701.0,CHRW
2023-06-23 10:26:00,91.97,92.0,91.965,92.0,982.0,CHRW
2023-06-23 10:25:00,92.02,92.02,91.94,91.94,1503.0,CHRW
2023-06-23 10:24:00,92.0,92.005,91.99,92.005,1454.0,CHRW
2023-06-23 10:23:00,91.94,91.94,91.94,91.94,3165.0,CHRW
2023-06-23 10:22:00,91.83,91.9,91.83,91.9,1440.0,CHRW
2023-06-23 10:21:00,91.82,91.82,91.82,91.82,638.0,CHRW
2023-06-23 10:20:00,91.81,91.83,91.8,91.8,592.0,CHRW
2023-06-23 10:19:00,91.84,91.84,91.8,91.8,2143.0,CHRW
2023-06-23 10:18:00,91.8,91.8,91.8,91.8,311.0,CHRW
2023-06-23 10:17:00,91.82,91.82,91.82,91.82,827.0,CHRW
2023-06-23 10:16:00,91.79,91.79,91.78,91.79,965.0,CHRW
2023-06-23 10:15:00,91.7,91.83,91.7,91.8,2202.0,CHRW
2023-06-23 10:14:00,91.64,91.64,91.63,91.63,1040.0,CHRW
2023-06-23 10:13:00,91.63,91.66,91.63,91.66,1233.0,CHRW
2023-06-23 10:12:00,91.62,91.62,91.6,91.6,946.0,CHRW
2023-06-23 10:11:00,91.58,91.58,91.58,91.58,215.0,CHRW
2023-06-23 10:10:00,91.705,91.705,91.65,91.65,865.0,CHRW
2023-06-23 10:09:00,91.74,91.74,91.67,91.67,1299.0,CHRW
2023-06-23 10:08:00,91.84,91.84,91.79,91.79,758.0,CHRW
2023-06-23 10:07:00,91.892,91.9,91.85,91.85,1912.0,CHRW
2023-06-23 10:06:00,91.8,91.88,91.8,91.88,1430.0,CHRW
2023-06-23 10:05:00,91.76,91.82,91.745,91.745,1677.0,CHRW
2023-06-23 10:04:00,91.71,91.79,91.71,91.79,5685.0,CHRW
2023-06-23 10:03:00,91.645,91.645,91.645,91.645,182.0,CHRW
2023-06-23 10:02:00,91.6,91.63,91.565,91.63,1247.0,CHRW
2023-06-23 10:01:00,91.62,91.62,91.55,91.58,2100.0,CHRW
2023-06-23 10:00:00,91.655,91.68,91.63,91.63,813.0,CHRW
2023-06-23 09:59:00,91.68,91.68,91.64,91.65,1466.0,CHRW
2023-06-23 09:58:00,91.625,91.625,91.625,91.625,266.0,CHRW
2023-06-23 09:57:00,91.63,91.675,91.61,91.669,1985.0,CHRW
2023-06-23 09:56:00,91.53,91.54,91.53,91.54,759.0,CHRW
2023-06-23 09:55:00,91.605,91.605,91.53,91.55,925.0,CHRW
2023-06-23 09:54:00,91.55,91.7,91.55,91.635,2307.0,CHRW
2023-06-23 09:53:00,91.425,91.51,91.38,91.51,4625.0,CHRW
2023-06-23 09:52:00,91.45,91.48,91.355,91.43,1631.0,CHRW
2023-06-23 09:51:00,91.58,91.58,91.46,91.46,1499.0,CHRW
2023-06-23 09:50:00,91.49,91.57,91.49,91.57,1165.0,CHRW
2023-06-23 09:49:00,91.485,91.5,91.4,91.4,1105.0,CHRW
2023-06-23 09:48:00,91.43,91.525,91.41,91.525,2648.0,CHRW
2023-06-23 09:47:00,91.455,91.465,91.455,91.465,550.0,CHRW
2023-06-23 09:46:00,91.39,91.47,91.39,91.47,472.0,CHRW
2023-06-23 09:45:00,91.5,91.59,91.42,91.42,1203.0,CHRW
2023-06-23 09:44:00,91.515,91.54,91.515,91.54,812.0,CHRW
2023-06-23 09:42:00,91.4,91.455,91.33,91.455,2139.0,CHRW
2023-06-23 09:41:00,91.31,91.47,91.31,91.47,1667.0,CHRW
2023-06-23 09:40:00,91.51,91.535,91.265,91.265,1531.0,CHRW
2023-06-23 09:39:00,91.26,91.35,91.24,91.35,1264.0,CHRW
2023-06-23 09:38:00,91.47,91.5,91.18,91.2,2619.0,CHRW
2023-06-23 09:37:00,91.59,91.59,91.5,91.565,733.0,CHRW
2023-06-23 09:36:00,91.54,91.54,91.54,91.54,241.0,CHRW
2023-06-23 09:35:00,91.49,91.6,91.49,91.585,3311.0,CHRW
2023-06-23 09:34:00,91.48,91.55,91.4,91.4,469.0,CHRW
2023-06-23 09:32:00,91.32,91.64,91.32,91.6,5028.0,CHRW
2023-06-23 09:31:00,91.36,91.36,91.31,91.345,974.0,CHRW
2023-06-23 09:30:00,91.55,91.775,91.18,91.405,7779.0,CHRW
2023-06-23 08:47:00,91.45,91.45,91.45,91.45,1.0,CHRW
2023-06-23 07:00:00,91.76,91.76,91.7,91.7,106.0,CHRW
2023-06-22 17:00:00,93.42,93.42,93.42,93.42,4.0,CHRW
2023-06-22 16:24:00,92.04,92.04,92.04,92.04,14.0,CHRW
2023-06-22 16:06:00,91.57,91.57,91.57,91.57,1.0,CHRW
2023-06-22 16:05:00,90.172,90.171,90.171,90.171,1.0,CHRW
2023-06-22 16:01:00,92.04,92.04,92.04,92.04,2396.0,CHRW
2023-06-22 16:00:00,92.045,92.045,92.04,92.04,379612.0,CHRW
2023-06-22 15:59:00,91.985,92.05,91.98,92.045,37768.0,CHRW
2023-06-22 15:58:00,91.95,91.99,91.945,91.98,16464.0,CHRW
2023-06-22 15:57:00,91.91,91.95,91.895,91.94,17727.0,CHRW
2023-06-22 15:56:00,91.87,91.95,91.86,91.92,18896.0,CHRW
2023-06-22 15:55:00,91.97,91.98,91.86,91.88,17891.0,CHRW
2023-06-22 15:54:00,92.09,92.09,91.9,91.99,22675.0,CHRW
2023-06-22 15:53:00,92.09,92.09,92.06,92.06,5153.0,CHRW
2023-06-22 15:52:00,92.02,92.11,92.02,92.1,9529.0,CHRW
2023-06-22 15:51:00,92.02,92.03,92.0,92.0,5607.0,CHRW
2023-06-22 15:50:00,92.09,92.11,91.98,92.0,9099.0,CHRW
2023-06-22 15:49:00,92.11,92.115,92.06,92.06,2768.0,CHRW
2023-06-22 15:48:00,92.12,92.12,92.08,92.08,3517.0,CHRW
2023-06-22 15:47:00,92.135,92.135,92.07,92.105,3821.0,CHRW
2023-06-22 15:46:00,92.18,92.205,92.12,92.12,3091.0,CHRW
2023-06-22 15:45:00,92.135,92.18,92.135,92.175,4858.0,CHRW
2023-06-22 15:44:00,92.18,92.18,92.12,92.12,1918.0,CHRW
2023-06-22 15:43:00,92.19,92.21,92.19,92.19,2781.0,CHRW
2023-06-22 15:42:00,92.18,92.18,92.16,92.16,1893.0,CHRW
2023-06-22 15:41:00,92.13,92.18,92.13,92.14,2167.0,CHRW
2023-06-22 15:40:00,92.205,92.205,92.15,92.16,1329.0,CHRW
2023-06-22 15:39:00,92.15,92.21,92.14,92.2,2979.0,CHRW
2023-06-22 15:38:00,92.17,92.2,92.165,92.165,1455.0,CHRW
2023-06-22 15:37:00,92.2,92.23,92.2,92.21,1997.0,CHRW
2023-06-22 15:36:00,92.12,92.195,92.12,92.175,2610.0,CHRW
2023-06-22 15:35:00,92.07,92.145,92.065,92.12,6021.0,CHRW
2023-06-22 15:34:00,92.14,92.14,92.03,92.07,3371.0,CHRW
2023-06-22 15:33:00,92.1,92.13,92.1,92.12,1606.0,CHRW
2023-06-22 15:32:00,92.115,92.14,92.1,92.12,5012.0,CHRW
2023-06-22 15:31:00,92.135,92.16,92.12,92.12,3202.0,CHRW
2023-06-22 15:30:00,92.13,92.13,92.13,92.13,1203.0,CHRW
2023-06-22 15:29:00,92.11,92.13,92.11,92.12,1626.0,CHRW
2023-06-22 15:28:00,92.106,92.12,92.08,92.105,3305.0,CHRW
2023-06-22 15:27:00,92.095,92.15,92.07,92.07,5226.0,CHRW
2023-06-22 15:26:00,92.12,92.12,92.095,92.095,1030.0,CHRW
2023-06-22 15:25:00,92.194,92.194,92.135,92.135,2161.0,CHRW
2023-06-22 15:24:00,92.16,92.19,92.16,92.165,2096.0,CHRW
2023-06-22 15:23:00,92.19,92.19,92.16,92.16,2305.0,CHRW
2023-06-22 15:22:00,92.19,92.2,92.14,92.14,1134.0,CHRW
2023-06-22 15:21:00,92.27,92.28,92.2,92.2,1940.0,CHRW
2023-06-22 15:20:00,92.25,92.25,92.23,92.25,487.0,CHRW
2023-06-22 15:19:00,92.22,92.31,92.22,92.27,2876.0,CHRW
2023-06-22 15:18:00,92.25,92.26,92.24,92.245,2349.0,CHRW
2023-06-22 15:17:00,92.35,92.35,92.3,92.3,1900.0,CHRW
2023-06-22 15:16:00,92.36,92.38,92.32,92.34,2038.0,CHRW
2023-06-22 15:15:00,92.37,92.39,92.35,92.38,2878.0,CHRW
2023-06-22 15:14:00,92.34,92.37,92.31,92.345,2007.0,CHRW
2023-06-22 15:13:00,92.35,92.36,92.31,92.31,1699.0,CHRW
2023-06-22 15:12:00,92.29,92.34,92.29,92.34,2372.0,CHRW
2023-06-22 15:11:00,92.35,92.35,92.35,92.35,761.0,CHRW
2023-06-22 15:10:00,92.35,92.395,92.35,92.395,2277.0,CHRW
2023-06-22 15:09:00,92.34,92.36,92.3,92.33,1701.0,CHRW
2023-06-22 15:08:00,92.35,92.355,92.32,92.32,1473.0,CHRW
2023-06-22 15:07:00,92.385,92.4,92.36,92.39,1804.0,CHRW
2023-06-22 15:06:00,92.43,92.43,92.375,92.375,2995.0,CHRW
2023-06-22 15:05:00,92.465,92.49,92.44,92.455,1503.0,CHRW
2023-06-22 15:04:00,92.48,92.48,92.44,92.44,834.0,CHRW
2023-06-22 15:03:00,92.56,92.56,92.49,92.49,1897.0,CHRW
2023-06-22 15:02:00,92.51,92.555,92.51,92.555,1666.0,CHRW
2023-06-22 15:01:00,92.45,92.53,92.43,92.51,2934.0,CHRW
2023-06-22 15:00:00,92.48,92.48,92.45,92.45,1953.0,CHRW
2023-06-22 14:59:00,92.52,92.52,92.47,92.47,1305.0,CHRW
2023-06-22 14:58:00,92.51,92.54,92.51,92.51,653.0,CHRW
2023-06-22 14:57:00,92.485,92.54,92.485,92.53,2444.0,CHRW
2023-06-22 14:56:00,92.48,92.48,92.48,92.48,633.0,CHRW
2023-06-22 14:55:00,92.5,92.52,92.495,92.495,1689.0,CHRW
2023-06-22 14:54:00,92.47,92.5,92.47,92.485,2550.0,CHRW
2023-06-22 14:53:00,92.46,92.47,92.445,92.46,2055.0,CHRW
2023-06-22 14:52:00,92.46,92.465,92.46,92.465,1698.0,CHRW
2023-06-22 14:51:00,92.46,92.46,92.46,92.46,900.0,CHRW
2023-06-22 14:50:00,92.45,92.47,92.45,92.46,1525.0,CHRW
2023-06-22 14:49:00,92.47,92.47,92.465,92.465,832.0,CHRW
2023-06-22 14:48:00,92.51,92.535,92.46,92.47,1934.0,CHRW
2023-06-22 14:47:00,92.505,92.54,92.505,92.51,4000.0,CHRW
2023-06-22 14:46:00,92.545,92.545,92.52,92.52,936.0,CHRW
2023-06-22 14:45:00,92.583,92.582,92.582,92.582,715.0,CHRW
2023-06-22 14:43:00,92.57,92.57,92.57,92.57,246.0,CHRW
2023-06-22 14:42:00,92.59,92.59,92.58,92.59,657.0,CHRW
2023-06-22 14:41:00,92.6,92.6,92.55,92.58,2630.0,CHRW
2023-06-22 14:40:00,92.61,92.65,92.61,92.64,1464.0,CHRW
2023-06-22 14:39:00,92.56,92.61,92.52,92.61,2513.0,CHRW
2023-06-22 14:38:00,92.56,92.56,92.55,92.55,607.0,CHRW
2023-06-22 14:37:00,92.6,92.6,92.6,92.6,555.0,CHRW
2023-06-22 14:36:00,92.61,92.62,92.59,92.62,840.0,CHRW
2023-06-22 14:35:00,92.61,92.64,92.6,92.62,1900.0,CHRW
2023-06-22 14:34:00,92.605,92.605,92.57,92.6,2075.0,CHRW
2023-06-22 14:33:00,92.61,92.61,92.6,92.61,820.0,CHRW
2023-06-22 14:32:00,92.625,92.64,92.625,92.64,781.0,CHRW
2023-06-22 14:31:00,92.6,92.63,92.6,92.63,1139.0,CHRW
2023-06-22 14:30:00,92.605,92.63,92.605,92.61,1000.0,CHRW
2023-06-22 14:29:00,92.62,92.62,92.6,92.6,950.0,CHRW
2023-06-22 14:28:00,92.62,92.635,92.62,92.635,1225.0,CHRW
2023-06-22 14:27:00,92.543,92.61,92.543,92.59,1889.0,CHRW
2023-06-22 14:25:00,92.56,92.56,92.51,92.51,1037.0,CHRW
2023-06-22 14:24:00,92.545,92.57,92.545,92.57,833.0,CHRW
2023-06-22 14:23:00,92.55,92.55,92.54,92.54,694.0,CHRW
2023-06-22 14:22:00,92.565,92.57,92.555,92.555,607.0,CHRW
2023-06-22 14:21:00,92.58,92.58,92.58,92.58,469.0,CHRW
2023-06-22 14:20:00,92.55,92.56,92.53,92.56,1489.0,CHRW
2023-06-22 14:19:00,92.49,92.52,92.49,92.49,437.0,CHRW
2023-06-22 14:18:00,92.46,92.48,92.46,92.48,1088.0,CHRW
2023-06-22 14:17:00,92.45,92.45,92.42,92.42,767.0,CHRW
2023-06-22 14:16:00,92.435,92.44,92.4,92.44,2007.0,CHRW
2023-06-22 14:15:00,92.49,92.49,92.45,92.455,1228.0,CHRW
2023-06-22 14:13:00,92.575,92.575,92.53,92.53,1972.0,CHRW
2023-06-22 14:12:00,92.59,92.59,92.57,92.59,1596.0,CHRW
2023-06-22 14:11:00,92.55,92.62,92.55,92.62,2050.0,CHRW
2023-06-22 14:10:00,92.55,92.57,92.55,92.57,231.0,CHRW
2023-06-22 14:09:00,92.57,92.59,92.57,92.59,1132.0,CHRW
2023-06-22 14:08:00,92.53,92.57,92.53,92.57,1039.0,CHRW
2023-06-22 14:07:00,92.455,92.54,92.455,92.54,1149.0,CHRW
2023-06-22 14:06:00,92.45,92.45,92.4,92.445,3256.0,CHRW
2023-06-22 14:05:00,92.42,92.42,92.42,92.42,455.0,CHRW
2023-06-22 14:04:00,92.47,92.47,92.435,92.435,609.0,CHRW
2023-06-22 14:03:00,92.443,92.475,92.44,92.44,2135.0,CHRW
2023-06-22 14:02:00,92.38,92.42,92.38,92.42,2704.0,CHRW
2023-06-22 14:01:00,92.36,92.38,92.32,92.38,1667.0,CHRW
2023-06-22 14:00:00,92.39,92.405,92.39,92.405,1495.0,CHRW
2023-06-22 13:59:00,92.365,92.365,92.365,92.365,227.0,CHRW
2023-06-22 13:58:00,92.34,92.37,92.34,92.37,2615.0,CHRW
2023-06-22 13:57:00,92.33,92.33,92.29,92.29,1727.0,CHRW
2023-06-22 13:56:00,92.32,92.32,92.28,92.28,964.0,CHRW
2023-06-22 13:55:00,92.36,92.36,92.345,92.345,993.0,CHRW
2023-06-22 13:54:00,92.4,92.4,92.36,92.36,1144.0,CHRW
2023-06-22 13:53:00,92.37,92.4,92.37,92.395,670.0,CHRW
2023-06-22 13:52:00,92.42,92.43,92.39,92.43,2595.0,CHRW
2023-06-22 13:51:00,92.37,92.43,92.36,92.42,4069.0,CHRW
2023-06-22 13:50:00,92.37,92.37,92.34,92.34,874.0,CHRW
2023-06-22 13:49:00,92.435,92.435,92.41,92.415,1540.0,CHRW
2023-06-22 13:48:00,92.47,92.47,92.466,92.466,362.0,CHRW
2023-06-22 13:47:00,92.53,92.55,92.47,92.47,3084.0,CHRW
2023-06-22 13:46:00,92.525,92.55,92.51,92.53,2661.0,CHRW
2023-06-22 13:45:00,92.55,92.55,92.54,92.54,544.0,CHRW
2023-06-22 13:43:00,92.62,92.62,92.57,92.57,1046.0,CHRW
2023-06-22 13:42:00,92.583,92.62,92.583,92.615,1753.0,CHRW
2023-06-22 13:41:00,92.57,92.622,92.57,92.6,2156.0,CHRW
2023-06-22 13:40:00,92.55,92.587,92.51,92.587,2068.0,CHRW
2023-06-22 13:39:00,92.52,92.55,92.52,92.52,580.0,CHRW
2023-06-22 13:38:00,92.54,92.55,92.53,92.55,682.0,CHRW
2023-06-22 13:37:00,92.595,92.6,92.58,92.6,1811.0,CHRW
2023-06-22 13:36:00,92.61,92.66,92.61,92.64,3705.0,CHRW
2023-06-22 13:35:00,92.62,92.65,92.61,92.64,1078.0,CHRW
2023-06-22 13:34:00,92.74,92.74,92.68,92.68,1368.0,CHRW
2023-06-22 13:33:00,92.76,92.76,92.71,92.71,2730.0,CHRW
2023-06-22 13:32:00,92.8,92.8,92.77,92.77,1365.0,CHRW
2023-06-22 13:31:00,92.83,92.86,92.81,92.81,838.0,CHRW
2023-06-22 13:30:00,92.85,92.85,92.84,92.84,1396.0,CHRW
2023-06-22 13:29:00,92.79,92.81,92.79,92.8,513.0,CHRW
2023-06-22 13:28:00,92.83,92.83,92.83,92.83,322.0,CHRW
2023-06-22 13:27:00,92.85,92.86,92.84,92.84,628.0,CHRW
2023-06-22 13:26:00,92.84,92.84,92.84,92.84,925.0,CHRW
2023-06-22 13:25:00,92.85,92.96,92.85,92.86,2972.0,CHRW
2023-06-22 13:24:00,92.87,92.89,92.85,92.86,1406.0,CHRW
2023-06-22 13:23:00,92.84,92.86,92.84,92.84,855.0,CHRW
2023-06-22 13:22:00,92.87,92.91,92.87,92.91,1448.0,CHRW
2023-06-22 13:21:00,92.88,92.88,92.85,92.88,1422.0,CHRW
2023-06-22 13:20:00,92.86,92.86,92.86,92.86,242.0,CHRW
2023-06-22 13:19:00,92.85,92.9,92.85,92.9,1751.0,CHRW
2023-06-22 13:18:00,92.81,92.81,92.8,92.805,1202.0,CHRW
2023-06-22 13:16:00,92.79,92.83,92.79,92.83,1932.0,CHRW
2023-06-22 13:15:00,92.745,92.77,92.74,92.77,1661.0,CHRW
2023-06-22 13:14:00,92.71,92.75,92.71,92.75,1674.0,CHRW
2023-06-22 13:13:00,92.67,92.68,92.66,92.66,979.0,CHRW
2023-06-22 13:12:00,92.65,92.72,92.65,92.72,850.0,CHRW
2023-06-22 13:11:00,92.694,92.693,92.693,92.693,307.0,CHRW
2023-06-22 13:10:00,92.68,92.74,92.68,92.74,1385.0,CHRW
2023-06-22 13:09:00,92.73,92.73,92.7,92.7,1349.0,CHRW
2023-06-22 13:08:00,92.76,92.76,92.72,92.72,348.0,CHRW
2023-06-22 13:07:00,92.78,92.78,92.78,92.78,263.0,CHRW
2023-06-22 13:06:00,92.785,92.785,92.74,92.74,514.0,CHRW
2023-06-22 13:04:00,92.73,92.77,92.69,92.77,2406.0,CHRW
2023-06-22 13:03:00,92.76,92.76,92.745,92.745,642.0,CHRW
2023-06-22 13:02:00,92.75,92.76,92.74,92.74,1885.0,CHRW
2023-06-22 13:01:00,92.79,92.79,92.79,92.79,421.0,CHRW
2023-06-22 13:00:00,92.76,92.8,92.76,92.786,758.0,CHRW
2023-06-22 12:59:00,92.68,92.75,92.68,92.75,1037.0,CHRW
2023-06-22 12:58:00,92.71,92.71,92.71,92.71,916.0,CHRW
2023-06-22 12:56:00,92.75,92.75,92.75,92.75,727.0,CHRW
2023-06-22 12:55:00,92.7,92.76,92.7,92.715,1221.0,CHRW
2023-06-22 12:54:00,92.68,92.7,92.67,92.7,1299.0,CHRW
2023-06-22 12:53:00,92.6,92.7,92.6,92.68,1947.0,CHRW
2023-06-22 12:52:00,92.59,92.64,92.59,92.64,519.0,CHRW
2023-06-22 12:51:00,92.64,92.64,92.64,92.64,532.0,CHRW
2023-06-22 12:50:00,92.63,92.63,92.63,92.63,408.0,CHRW
2023-06-22 12:49:00,92.63,92.64,92.63,92.64,646.0,CHRW
2023-06-22 12:48:00,92.6,92.6,92.58,92.58,288.0,CHRW
2023-06-22 12:47:00,92.64,92.64,92.64,92.64,677.0,CHRW
2023-06-22 12:46:00,92.6,92.665,92.6,92.665,1425.0,CHRW
2023-06-22 12:45:00,92.645,92.645,92.625,92.625,580.0,CHRW
2023-06-22 12:44:00,92.68,92.68,92.63,92.66,559.0,CHRW
2023-06-22 12:43:00,92.75,92.75,92.68,92.68,831.0,CHRW
2023-06-22 12:42:00,92.73,92.77,92.73,92.77,1151.0,CHRW
2023-06-22 12:41:00,92.725,92.725,92.69,92.69,637.0,CHRW
2023-06-22 12:40:00,92.73,92.8,92.73,92.73,2203.0,CHRW
2023-06-22 12:37:00,92.67,92.77,92.67,92.77,845.0,CHRW
2023-06-22 12:36:00,92.69,92.69,92.69,92.69,468.0,CHRW
2023-06-22 12:35:00,92.69,92.69,92.69,92.69,155.0,CHRW
2023-06-22 12:34:00,92.765,92.779,92.74,92.74,932.0,CHRW
2023-06-22 12:33:00,92.79,92.8,92.735,92.8,844.0,CHRW
2023-06-22 12:32:00,92.75,92.78,92.75,92.78,1646.0,CHRW
2023-06-22 12:31:00,92.7,92.699,92.699,92.699,375.0,CHRW
2023-06-22 12:29:00,92.66,92.66,92.66,92.66,167.0,CHRW
2023-06-22 12:28:00,92.65,92.65,92.65,92.65,386.0,CHRW
2023-06-22 12:27:00,92.655,92.67,92.655,92.66,1408.0,CHRW
2023-06-22 12:26:00,92.74,92.74,92.74,92.74,420.0,CHRW
2023-06-22 12:25:00,92.75,92.75,92.71,92.735,741.0,CHRW
2023-06-22 12:24:00,92.79,92.79,92.73,92.73,826.0,CHRW
2023-06-22 12:23:00,92.78,92.797,92.78,92.797,523.0,CHRW
2023-06-22 12:22:00,92.72,92.77,92.72,92.76,2316.0,CHRW
2023-06-22 12:21:00,92.675,92.675,92.675,92.675,348.0,CHRW
2023-06-22 12:20:00,92.68,92.68,92.68,92.68,338.0,CHRW
2023-06-22 12:19:00,92.8,92.8,92.7,92.7,886.0,CHRW
2023-06-22 12:18:00,92.8,92.8,92.74,92.74,2493.0,CHRW
2023-06-22 12:16:00,92.76,92.84,92.735,92.84,1459.0,CHRW
2023-06-22 12:15:00,92.695,92.73,92.695,92.73,1415.0,CHRW
2023-06-22 12:14:00,92.63,92.63,92.63,92.63,614.0,CHRW
2023-06-22 12:13:00,92.64,92.64,92.64,92.64,167.0,CHRW
2023-06-22 12:12:00,92.59,92.63,92.59,92.63,1583.0,CHRW
2023-06-22 12:10:00,92.555,92.56,92.555,92.56,369.0,CHRW
2023-06-22 12:09:00,92.56,92.56,92.55,92.55,955.0,CHRW
2023-06-22 12:08:00,92.55,92.55,92.53,92.53,675.0,CHRW
2023-06-22 12:07:00,92.6,92.6,92.6,92.6,600.0,CHRW
2023-06-22 12:06:00,92.59,92.62,92.57,92.62,1247.0,CHRW
2023-06-22 12:05:00,92.553,92.553,92.53,92.53,430.0,CHRW
2023-06-22 12:04:00,92.55,92.55,92.53,92.53,775.0,CHRW
2023-06-22 12:03:00,92.5,92.5,92.5,92.5,359.0,CHRW
2023-06-22 12:02:00,92.6,92.6,92.58,92.58,704.0,CHRW
2023-06-22 12:01:00,92.67,92.675,92.67,92.675,1064.0,CHRW
2023-06-22 12:00:00,92.73,92.73,92.73,92.73,562.0,CHRW
2023-06-22 11:59:00,92.67,92.67,92.66,92.66,437.0,CHRW
2023-06-22 11:58:00,92.63,92.65,92.61,92.61,687.0,CHRW
2023-06-22 11:57:00,92.61,92.66,92.61,92.66,1416.0,CHRW
2023-06-22 11:55:00,92.59,92.62,92.59,92.62,868.0,CHRW
2023-06-22 11:54:00,92.53,92.65,92.53,92.65,1101.0,CHRW
2023-06-22 11:52:00,92.61,92.62,92.57,92.57,2398.0,CHRW
2023-06-22 11:51:00,92.61,92.62,92.61,92.62,295.0,CHRW
2023-06-22 11:50:00,92.64,92.64,92.61,92.61,727.0,CHRW
2023-06-22 11:49:00,92.71,92.71,92.67,92.67,1015.0,CHRW
2023-06-22 11:48:00,92.74,92.74,92.74,92.74,249.0,CHRW
2023-06-22 11:47:00,92.74,92.74,92.74,92.74,420.0,CHRW
2023-06-22 11:46:00,92.68,92.71,92.68,92.71,2158.0,CHRW
2023-06-22 11:45:00,92.78,92.78,92.705,92.705,1577.0,CHRW
2023-06-22 11:44:00,92.73,92.73,92.73,92.73,214.0,CHRW
2023-06-22 11:43:00,92.75,92.8,92.75,92.8,797.0,CHRW
2023-06-22 11:42:00,92.868,92.868,92.785,92.785,1767.0,CHRW
2023-06-22 11:41:00,92.88,92.88,92.83,92.83,382.0,CHRW
2023-06-22 11:38:00,92.87,92.88,92.85,92.865,1351.0,CHRW
2023-06-22 11:37:00,92.86,92.93,92.86,92.9,2480.0,CHRW
2023-06-22 11:36:00,92.86,92.87,92.86,92.87,919.0,CHRW
2023-06-22 11:35:00,92.77,92.79,92.77,92.79,324.0,CHRW
2023-06-22 11:34:00,92.82,92.82,92.81,92.81,1013.0,CHRW
2023-06-22 11:33:00,92.87,92.87,92.87,92.87,904.0,CHRW
2023-06-22 11:31:00,92.82,92.82,92.79,92.79,351.0,CHRW
2023-06-22 11:30:00,92.83,92.84,92.77,92.77,950.0,CHRW
2023-06-22 11:29:00,92.81,92.81,92.8,92.805,1277.0,CHRW
2023-06-22 11:28:00,92.82,92.82,92.82,92.82,144.0,CHRW
2023-06-22 11:27:00,92.77,92.79,92.77,92.77,1109.0,CHRW
2023-06-22 11:26:00,92.78,92.78,92.78,92.78,351.0,CHRW
2023-06-22 11:25:00,92.765,92.765,92.72,92.72,566.0,CHRW
2023-06-22 11:24:00,92.842,92.842,92.81,92.84,702.0,CHRW
2023-06-22 11:23:00,92.84,92.84,92.829,92.829,760.0,CHRW
2023-06-22 11:22:00,92.94,92.94,92.81,92.81,1620.0,CHRW
2023-06-22 11:21:00,92.93,92.96,92.925,92.925,610.0,CHRW
2023-06-22 11:20:00,92.86,92.94,92.86,92.94,1599.0,CHRW
2023-06-22 11:19:00,92.9,92.9,92.82,92.86,848.0,CHRW
2023-06-22 11:18:00,92.81,92.83,92.81,92.83,1594.0,CHRW
2023-06-22 11:17:00,92.77,92.81,92.77,92.81,427.0,CHRW
2023-06-22 11:16:00,92.67,92.79,92.67,92.79,952.0,CHRW
2023-06-22 11:15:00,92.69,92.69,92.62,92.635,2090.0,CHRW
2023-06-22 11:14:00,92.65,92.65,92.65,92.65,419.0,CHRW
2023-06-22 11:13:00,92.56,92.62,92.56,92.62,2052.0,CHRW
2023-06-22 11:12:00,92.53,92.53,92.49,92.525,1568.0,CHRW
2023-06-22 11:11:00,92.55,92.58,92.55,92.58,2044.0,CHRW
2023-06-22 11:10:00,92.67,92.67,92.57,92.63,2527.0,CHRW
2023-06-22 11:09:00,92.73,92.73,92.705,92.705,658.0,CHRW
2023-06-22 11:08:00,92.695,92.76,92.695,92.76,1319.0,CHRW
2023-06-22 11:07:00,92.72,92.72,92.65,92.675,1028.0,CHRW
2023-06-22 11:06:00,92.74,92.74,92.74,92.74,562.0,CHRW
2023-06-22 11:05:00,92.66,92.66,92.66,92.66,421.0,CHRW
2023-06-22 11:04:00,92.61,92.66,92.61,92.66,900.0,CHRW
2023-06-22 11:03:00,92.62,92.62,92.59,92.59,562.0,CHRW
2023-06-22 11:02:00,92.66,92.66,92.63,92.63,432.0,CHRW
2023-06-22 11:01:00,92.67,92.67,92.67,92.67,401.0,CHRW
2023-06-22 11:00:00,92.645,92.79,92.645,92.69,3038.0,CHRW
2023-06-22 10:59:00,92.66,92.66,92.62,92.62,880.0,CHRW
2023-06-22 10:58:00,92.74,92.74,92.62,92.62,850.0,CHRW
2023-06-22 10:57:00,92.79,92.8,92.78,92.8,686.0,CHRW
2023-06-22 10:56:00,92.8,92.85,92.77,92.82,3223.0,CHRW
2023-06-22 10:55:00,92.87,92.87,92.81,92.81,1376.0,CHRW
2023-06-22 10:54:00,92.84,92.89,92.84,92.89,610.0,CHRW
2023-06-22 10:53:00,92.88,92.88,92.86,92.86,1145.0,CHRW
2023-06-22 10:52:00,92.92,92.94,92.92,92.94,575.0,CHRW
2023-06-22 10:50:00,92.92,92.98,92.91,92.93,3310.0,CHRW
2023-06-22 10:49:00,92.94,92.95,92.87,92.94,3990.0,CHRW
2023-06-22 10:48:00,92.94,92.94,92.94,92.94,661.0,CHRW
2023-06-22 10:47:00,92.955,92.98,92.94,92.94,842.0,CHRW
2023-06-22 10:46:00,92.99,92.99,92.94,92.94,807.0,CHRW
2023-06-22 10:45:00,93.04,93.04,93.03,93.04,663.0,CHRW
2023-06-22 10:44:00,93.1,93.13,93.05,93.05,2628.0,CHRW
2023-06-22 10:42:00,93.085,93.115,93.01,93.085,3358.0,CHRW
2023-06-22 10:41:00,93.1,93.1,93.07,93.07,1510.0,CHRW
2023-06-22 10:40:00,93.15,93.16,93.145,93.145,1511.0,CHRW
2023-06-22 10:39:00,93.16,93.16,93.11,93.13,1908.0,CHRW
2023-06-22 10:38:00,93.275,93.275,93.275,93.275,507.0,CHRW
2023-06-22 10:37:00,93.17,93.27,93.124,93.25,6523.0,CHRW
2023-06-22 10:36:00,93.13,93.2,93.09,93.19,4083.0,CHRW
2023-06-22 10:35:00,93.09,93.16,93.09,93.16,3913.0,CHRW
2023-06-22 10:34:00,93.185,93.185,93.1,93.1,1207.0,CHRW
2023-06-22 10:33:00,93.15,93.17,93.12,93.17,1799.0,CHRW
2023-06-22 10:32:00,93.25,93.265,93.2,93.2,1678.0,CHRW
2023-06-22 10:31:00,93.09,93.215,93.09,93.21,3853.0,CHRW
2023-06-22 10:30:00,93.15,93.177,93.09,93.12,1654.0,CHRW
2023-06-22 10:29:00,93.15,93.15,93.15,93.15,130.0,CHRW
2023-06-22 10:28:00,93.04,93.17,93.02,93.145,3378.0,CHRW
2023-06-22 10:27:00,93.11,93.11,92.98,92.98,2454.0,CHRW
2023-06-22 10:26:00,93.12,93.18,93.08,93.08,1235.0,CHRW
2023-06-22 10:25:00,93.22,93.22,93.15,93.16,1195.0,CHRW
2023-06-22 10:24:00,93.2,93.2,93.2,93.2,153.0,CHRW
2023-06-22 10:23:00,93.23,93.245,93.23,93.245,1149.0,CHRW
2023-06-22 10:22:00,93.25,93.26,93.25,93.26,927.0,CHRW
2023-06-22 10:21:00,93.13,93.21,93.13,93.19,1566.0,CHRW
2023-06-22 10:20:00,93.21,93.21,93.06,93.13,1296.0,CHRW
2023-06-22 10:19:00,93.23,93.27,93.2,93.2,2280.0,CHRW
2023-06-22 10:18:00,93.17,93.2,93.17,93.175,2138.0,CHRW
2023-06-22 10:17:00,93.17,93.17,93.17,93.17,242.0,CHRW
2023-06-22 10:16:00,93.09,93.09,92.99,93.06,2052.0,CHRW
2023-06-22 10:15:00,92.92,93.11,92.92,93.11,5923.0,CHRW
2023-06-22 10:14:00,92.85,92.94,92.85,92.93,1510.0,CHRW
2023-06-22 10:13:00,92.89,92.9,92.79,92.82,2914.0,CHRW
2023-06-22 10:12:00,92.72,92.83,92.72,92.83,1964.0,CHRW
2023-06-22 10:11:00,92.67,92.69,92.62,92.69,2120.0,CHRW
2023-06-22 10:10:00,92.57,92.625,92.57,92.625,329.0,CHRW
2023-06-22 10:09:00,92.63,92.65,92.59,92.59,970.0,CHRW
2023-06-22 10:08:00,92.77,92.78,92.67,92.67,1729.0,CHRW
2023-06-22 10:07:00,92.71,92.77,92.71,92.76,2012.0,CHRW
2023-06-22 10:06:00,92.61,92.73,92.61,92.66,1187.0,CHRW
2023-06-22 10:04:00,92.71,92.71,92.71,92.71,327.0,CHRW
2023-06-22 10:03:00,92.64,92.69,92.58,92.69,1598.0,CHRW
2023-06-22 10:02:00,92.705,92.715,92.65,92.66,1090.0,CHRW
2023-06-22 10:01:00,92.77,92.79,92.77,92.79,710.0,CHRW
2023-06-22 10:00:00,92.85,92.86,92.85,92.86,1140.0,CHRW
2023-06-22 09:59:00,93.0,93.01,92.915,92.915,829.0,CHRW
2023-06-22 09:58:00,92.94,92.97,92.91,92.97,671.0,CHRW
2023-06-22 09:57:00,92.95,93.03,92.91,92.92,1766.0,CHRW
2023-06-22 09:56:00,92.96,92.99,92.96,92.96,807.0,CHRW
2023-06-22 09:55:00,92.895,92.895,92.895,92.895,723.0,CHRW
2023-06-22 09:52:00,92.97,92.97,92.9,92.9,1725.0,CHRW
2023-06-22 09:51:00,92.89,93.02,92.86,93.01,1781.0,CHRW
2023-06-22 09:50:00,92.715,92.92,92.715,92.85,1749.0,CHRW
2023-06-22 09:49:00,92.87,92.87,92.74,92.74,872.0,CHRW
2023-06-22 09:48:00,92.85,92.92,92.79,92.885,1382.0,CHRW
2023-06-22 09:46:00,92.85,92.85,92.84,92.84,1252.0,CHRW
2023-06-22 09:44:00,92.91,92.97,92.91,92.965,814.0,CHRW
2023-06-22 09:43:00,92.98,92.98,92.98,92.98,651.0,CHRW
2023-06-22 09:42:00,93.02,93.02,93.02,93.02,246.0,CHRW
2023-06-22 09:41:00,92.91,92.955,92.91,92.955,693.0,CHRW
2023-06-22 09:40:00,93.11,93.11,92.88,92.88,502.0,CHRW
2023-06-22 09:39:00,93.06,93.09,92.997,93.04,1269.0,CHRW
2023-06-22 09:38:00,92.93,92.965,92.93,92.965,225.0,CHRW
2023-06-22 09:36:00,93.04,93.04,93.04,93.04,1230.0,CHRW
2023-06-22 09:34:00,93.0,93.0,92.97,92.97,1088.0,CHRW
2023-06-22 09:33:00,93.13,93.21,93.06,93.06,607.0,CHRW
2023-06-22 09:32:00,93.07,93.13,93.025,93.13,1872.0,CHRW
2023-06-22 09:31:00,93.09,93.09,92.91,93.04,2886.0,CHRW
2023-06-22 09:30:00,93.34,93.4,92.95,93.09,12178.0,CHRW
2023-06-22 09:29:00,93.45,93.45,93.44,93.44,444.0,CHRW
2023-06-22 08:25:00,93.31,93.31,93.3,93.3,16.0,CHRW
2023-06-22 08:02:00,93.42,93.42,93.42,93.42,1.0,CHRW
2023-06-21 19:27:00,93.93,93.93,93.93,93.93,1.0,CHRW
2023-06-21 17:48:00,93.434,93.434,93.434,93.434,1476.0,CHRW
2023-06-21 17:23:00,93.42,93.42,93.42,93.42,10567.0,CHRW
2023-06-21 17:00:00,92.66,92.66,92.66,92.66,1.0,CHRW
2023-06-21 16:06:00,93.42,93.42,93.42,93.42,1.0,CHRW
2023-06-21 16:04:00,91.072,91.071,91.071,91.071,1.0,CHRW
2023-06-21 16:03:00,93.42,93.42,93.42,93.42,14749.0,CHRW
2023-06-21 16:02:00,93.42,93.42,93.42,93.42,7277.0,CHRW
2023-06-21 16:01:00,93.42,93.42,93.42,93.42,1073.0,CHRW
2023-06-21 16:00:00,93.42,93.42,93.42,93.42,288504.0,CHRW
2023-06-21 15:59:00,93.38,93.44,93.33,93.42,13731.0,CHRW
2023-06-21 15:58:00,93.38,93.41,93.35,93.38,10983.0,CHRW
2023-06-21 15:57:00,93.47,93.475,93.38,93.38,10447.0,CHRW
2023-06-21 15:56:00,93.455,93.5,93.44,93.49,5877.0,CHRW
2023-06-21 15:55:00,93.51,93.55,93.435,93.46,7775.0,CHRW
2023-06-21 15:54:00,93.66,93.66,93.535,93.535,8574.0,CHRW
2023-06-21 15:53:00,93.66,93.665,93.63,93.64,2643.0,CHRW
2023-06-21 15:52:00,93.625,93.69,93.61,93.66,3548.0,CHRW
2023-06-21 15:51:00,93.6,93.64,93.58,93.64,4021.0,CHRW
2023-06-21 15:50:00,93.62,93.64,93.53,93.57,6080.0,CHRW
2023-06-21 15:49:00,93.46,93.585,93.46,93.585,3202.0,CHRW
2023-06-21 15:48:00,93.5,93.5,93.46,93.485,3832.0,CHRW
2023-06-21 15:47:00,93.465,93.53,93.465,93.505,4414.0,CHRW
2023-06-21 15:46:00,93.435,93.47,93.435,93.47,2993.0,CHRW
2023-06-21 15:45:00,93.385,93.44,93.38,93.43,5120.0,CHRW
2023-06-21 15:44:00,93.4,93.42,93.38,93.405,2154.0,CHRW
2023-06-21 15:43:00,93.42,93.42,93.38,93.41,5097.0,CHRW
2023-06-21 15:42:00,93.405,93.43,93.4,93.42,1486.0,CHRW
2023-06-21 15:41:00,93.405,93.405,93.405,93.405,1384.0,CHRW
2023-06-21 15:40:00,93.32,93.4,93.32,93.4,1330.0,CHRW
2023-06-21 15:39:00,93.32,93.32,93.26,93.32,2928.0,CHRW
2023-06-21 15:38:00,93.39,93.39,93.335,93.35,2178.0,CHRW
2023-06-21 15:36:00,93.35,93.37,93.35,93.37,925.0,CHRW
2023-06-21 15:35:00,93.33,93.35,93.33,93.35,1669.0,CHRW
2023-06-21 15:34:00,93.29,93.3,93.285,93.29,600.0,CHRW
2023-06-21 15:33:00,93.27,93.31,93.27,93.28,1184.0,CHRW
2023-06-21 15:32:00,93.33,93.33,93.28,93.28,1928.0,CHRW
2023-06-21 15:31:00,93.31,93.34,93.3,93.33,2263.0,CHRW
2023-06-21 15:30:00,93.33,93.35,93.33,93.33,1347.0,CHRW
2023-06-21 15:29:00,93.28,93.34,93.28,93.34,1881.0,CHRW
2023-06-21 15:28:00,93.27,93.31,93.27,93.31,2464.0,CHRW
2023-06-21 15:26:00,93.33,93.33,93.3,93.3,872.0,CHRW
2023-06-21 15:25:00,93.32,93.32,93.31,93.31,880.0,CHRW
2023-06-21 15:23:00,93.345,93.345,93.32,93.34,887.0,CHRW
2023-06-21 15:22:00,93.35,93.39,93.34,93.34,2248.0,CHRW
2023-06-21 15:21:00,93.325,93.34,93.3,93.32,4245.0,CHRW
2023-06-21 15:20:00,93.39,93.39,93.31,93.31,1939.0,CHRW
2023-06-21 15:19:00,93.432,93.432,93.432,93.432,361.0,CHRW
2023-06-21 15:18:00,93.39,93.39,93.39,93.39,505.0,CHRW
2023-06-21 15:17:00,93.37,93.38,93.36,93.375,951.0,CHRW
2023-06-21 15:16:00,93.22,93.33,93.22,93.33,3684.0,CHRW
2023-06-21 15:15:00,93.245,93.245,93.245,93.245,381.0,CHRW
2023-06-21 15:14:00,93.27,93.27,93.22,93.24,2257.0,CHRW
2023-06-21 15:13:00,93.26,93.26,93.26,93.26,892.0,CHRW
2023-06-21 15:12:00,93.33,93.33,93.28,93.28,1117.0,CHRW
2023-06-21 15:11:00,93.28,93.325,93.28,93.31,2691.0,CHRW
2023-06-21 15:10:00,93.26,93.275,93.26,93.275,370.0,CHRW
2023-06-21 15:08:00,93.321,93.321,93.29,93.29,695.0,CHRW
2023-06-21 15:07:00,93.375,93.375,93.32,93.33,1121.0,CHRW
2023-06-21 15:06:00,93.35,93.35,93.35,93.35,594.0,CHRW
2023-06-21 15:05:00,93.315,93.36,93.315,93.36,2499.0,CHRW
2023-06-21 15:04:00,93.375,93.377,93.34,93.34,937.0,CHRW
2023-06-21 15:03:00,93.37,93.39,93.35,93.38,1857.0,CHRW
2023-06-21 15:02:00,93.37,93.37,93.37,93.37,187.0,CHRW
2023-06-21 15:01:00,93.435,93.435,93.435,93.435,478.0,CHRW
2023-06-21 15:00:00,93.59,93.59,93.51,93.51,1589.0,CHRW
2023-06-21 14:59:00,93.58,93.6,93.58,93.6,465.0,CHRW
2023-06-21 14:58:00,93.59,93.6,93.58,93.6,1973.0,CHRW
2023-06-21 14:57:00,93.57,93.57,93.57,93.57,511.0,CHRW
2023-06-21 14:56:00,93.58,93.6,93.58,93.6,460.0,CHRW
2023-06-21 14:55:00,93.58,93.59,93.58,93.58,1101.0,CHRW
2023-06-21 14:54:00,93.595,93.595,93.595,93.595,196.0,CHRW
2023-06-21 14:53:00,93.58,93.6,93.58,93.6,1109.0,CHRW
2023-06-21 14:52:00,93.59,93.59,93.57,93.57,759.0,CHRW
2023-06-21 14:51:00,93.55,93.57,93.55,93.57,1622.0,CHRW
2023-06-21 14:50:00,93.65,93.65,93.61,93.61,1667.0,CHRW
2023-06-21 14:49:00,93.65,93.65,93.65,93.65,397.0,CHRW
2023-06-21 14:48:00,93.65,93.66,93.65,93.66,849.0,CHRW
2023-06-21 14:47:00,93.62,93.63,93.6,93.63,1485.0,CHRW
2023-06-21 14:46:00,93.645,93.645,93.61,93.61,419.0,CHRW
2023-06-21 14:45:00,93.74,93.75,93.67,93.67,2881.0,CHRW
2023-06-21 14:44:00,93.73,93.73,93.73,93.73,207.0,CHRW
2023-06-21 14:43:00,93.71,93.71,93.71,93.71,777.0,CHRW
2023-06-21 14:41:00,93.71,93.75,93.71,93.74,728.0,CHRW
2023-06-21 14:40:00,93.72,93.75,93.72,93.73,1193.0,CHRW
2023-06-21 14:39:00,93.63,93.67,93.63,93.67,911.0,CHRW
2023-06-21 14:38:00,93.63,93.63,93.595,93.61,577.0,CHRW
2023-06-21 14:37:00,93.61,93.61,93.555,93.6,2133.0,CHRW
2023-06-21 14:36:00,93.62,93.62,93.62,93.62,167.0,CHRW
2023-06-21 14:35:00,93.64,93.67,93.64,93.655,1483.0,CHRW
2023-06-21 14:34:00,93.64,93.65,93.61,93.62,3057.0,CHRW
2023-06-21 14:33:00,93.67,93.67,93.64,93.64,506.0,CHRW
2023-06-21 14:32:00,93.71,93.71,93.67,93.67,1711.0,CHRW
2023-06-21 14:31:00,93.72,93.72,93.72,93.72,330.0,CHRW
2023-06-21 14:30:00,93.71,93.71,93.69,93.69,637.0,CHRW
2023-06-21 14:29:00,93.69,93.71,93.69,93.71,429.0,CHRW
2023-06-21 14:27:00,93.63,93.63,93.63,93.63,588.0,CHRW
2023-06-21 14:26:00,93.56,93.59,93.56,93.59,712.0,CHRW
2023-06-21 14:25:00,93.55,93.62,93.54,93.57,2403.0,CHRW
2023-06-21 14:24:00,93.59,93.59,93.545,93.575,1116.0,CHRW
2023-06-21 14:23:00,93.54,93.63,93.54,93.56,2073.0,CHRW
2023-06-21 14:22:00,93.51,93.56,93.51,93.56,397.0,CHRW
2023-06-21 14:21:00,93.5,93.5,93.5,93.5,182.0,CHRW
2023-06-21 14:20:00,93.53,93.55,93.5,93.52,2252.0,CHRW
2023-06-21 14:19:00,93.509,93.53,93.5,93.5,1495.0,CHRW
2023-06-21 14:18:00,93.47,93.52,93.47,93.505,2841.0,CHRW
2023-06-21 14:17:00,93.5,93.5,93.45,93.47,1470.0,CHRW
2023-06-21 14:16:00,93.59,93.62,93.52,93.52,4422.0,CHRW
2023-06-21 14:15:00,93.6,93.61,93.6,93.61,602.0,CHRW
2023-06-21 14:14:00,93.56,93.59,93.56,93.59,853.0,CHRW
2023-06-21 14:13:00,93.5,93.53,93.5,93.53,1808.0,CHRW
2023-06-21 14:12:00,93.47,93.49,93.47,93.481,896.0,CHRW
2023-06-21 14:11:00,93.51,93.51,93.465,93.465,1053.0,CHRW
2023-06-21 14:10:00,93.53,93.53,93.53,93.53,536.0,CHRW
2023-06-21 14:09:00,93.53,93.53,93.53,93.53,151.0,CHRW
2023-06-21 14:08:00,93.5,93.51,93.49,93.495,1050.0,CHRW
2023-06-21 14:07:00,93.55,93.55,93.52,93.52,720.0,CHRW
2023-06-21 14:06:00,93.53,93.54,93.52,93.52,890.0,CHRW
2023-06-21 14:05:00,93.5,93.52,93.49,93.52,1342.0,CHRW
2023-06-21 14:04:00,93.47,93.5,93.47,93.49,1622.0,CHRW
2023-06-21 14:03:00,93.45,93.45,93.45,93.45,531.0,CHRW
2023-06-21 14:02:00,93.43,93.43,93.43,93.43,274.0,CHRW
2023-06-21 14:01:00,93.47,93.47,93.47,93.47,831.0,CHRW
2023-06-21 14:00:00,93.53,93.53,93.5,93.53,783.0,CHRW
2023-06-21 13:59:00,93.47,93.49,93.47,93.48,1687.0,CHRW
2023-06-21 13:58:00,93.535,93.535,93.49,93.49,960.0,CHRW
2023-06-21 13:57:00,93.585,93.585,93.585,93.585,230.0,CHRW
2023-06-21 13:56:00,93.54,93.57,93.54,93.57,1552.0,CHRW
2023-06-21 13:55:00,93.56,93.56,93.55,93.55,628.0,CHRW
2023-06-21 13:54:00,93.59,93.61,93.59,93.61,1151.0,CHRW
2023-06-21 13:53:00,93.53,93.595,93.53,93.595,3846.0,CHRW
2023-06-21 13:52:00,93.49,93.56,93.49,93.505,1914.0,CHRW
2023-06-21 13:51:00,93.452,93.5,93.44,93.5,3426.0,CHRW
2023-06-21 13:49:00,93.53,93.53,93.51,93.52,1300.0,CHRW
2023-06-21 13:48:00,93.53,93.575,93.53,93.575,330.0,CHRW
2023-06-21 13:47:00,93.54,93.57,93.54,93.57,477.0,CHRW
2023-06-21 13:46:00,93.56,93.595,93.55,93.595,975.0,CHRW
2023-06-21 13:45:00,93.58,93.59,93.58,93.59,512.0,CHRW
2023-06-21 13:44:00,93.543,93.542,93.542,93.542,488.0,CHRW
2023-06-21 13:43:00,93.59,93.605,93.57,93.57,1704.0,CHRW
2023-06-21 13:42:00,93.55,93.57,93.55,93.57,774.0,CHRW
2023-06-21 13:41:00,93.55,93.56,93.55,93.56,406.0,CHRW
2023-06-21 13:40:00,93.58,93.58,93.58,93.58,273.0,CHRW
2023-06-21 13:39:00,93.51,93.57,93.51,93.57,1100.0,CHRW
2023-06-21 13:38:00,93.59,93.605,93.54,93.54,2764.0,CHRW
2023-06-21 13:37:00,93.51,93.55,93.51,93.55,1184.0,CHRW
2023-06-21 13:36:00,93.48,93.49,93.48,93.49,635.0,CHRW
2023-06-21 13:35:00,93.5,93.5,93.48,93.48,1245.0,CHRW
2023-06-21 13:34:00,93.49,93.49,93.48,93.48,598.0,CHRW
2023-06-21 13:33:00,93.47,93.47,93.45,93.45,288.0,CHRW
2023-06-21 13:32:00,93.43,93.44,93.43,93.434,952.0,CHRW
2023-06-21 13:31:00,93.43,93.45,93.43,93.445,982.0,CHRW
2023-06-21 13:30:00,93.38,93.38,93.38,93.38,875.0,CHRW
2023-06-21 13:29:00,93.39,93.39,93.35,93.355,1278.0,CHRW
2023-06-21 13:28:00,93.39,93.39,93.39,93.39,503.0,CHRW
2023-06-21 13:27:00,93.41,93.43,93.39,93.395,1727.0,CHRW
2023-06-21 13:26:00,93.39,93.39,93.39,93.39,232.0,CHRW
2023-06-21 13:25:00,93.34,93.39,93.34,93.34,1563.0,CHRW
2023-06-21 13:24:00,93.26,93.335,93.26,93.335,1182.0,CHRW
2023-06-21 13:23:00,93.255,93.28,93.255,93.28,267.0,CHRW
2023-06-21 13:22:00,93.25,93.26,93.25,93.26,679.0,CHRW
2023-06-21 13:21:00,93.23,93.255,93.225,93.255,900.0,CHRW
2023-06-21 13:20:00,93.24,93.24,93.24,93.24,744.0,CHRW
2023-06-21 13:19:00,93.26,93.275,93.255,93.275,698.0,CHRW
2023-06-21 13:17:00,93.315,93.34,93.29,93.315,1653.0,CHRW
2023-06-21 13:16:00,93.29,93.29,93.28,93.28,524.0,CHRW
2023-06-21 13:14:00,93.28,93.28,93.28,93.28,240.0,CHRW
2023-06-21 13:13:00,93.26,93.28,93.23,93.26,2216.0,CHRW
2023-06-21 13:12:00,93.3,93.3,93.3,93.3,495.0,CHRW
2023-06-21 13:11:00,93.355,93.37,93.325,93.325,1142.0,CHRW
2023-06-21 13:10:00,93.39,93.39,93.34,93.34,448.0,CHRW
2023-06-21 13:09:00,93.31,93.31,93.31,93.31,392.0,CHRW
2023-06-21 13:08:00,93.24,93.27,93.24,93.27,1617.0,CHRW
2023-06-21 13:07:00,93.285,93.285,93.22,93.22,1243.0,CHRW
2023-06-21 13:06:00,93.25,93.295,93.245,93.295,1500.0,CHRW
2023-06-21 13:05:00,93.3,93.31,93.25,93.31,548.0,CHRW
2023-06-21 13:04:00,93.24,93.29,93.24,93.29,836.0,CHRW
2023-06-21 13:02:00,93.24,93.24,93.24,93.24,316.0,CHRW
2023-06-21 13:01:00,93.2,93.215,93.12,93.215,2215.0,CHRW
2023-06-21 13:00:00,93.23,93.295,93.21,93.21,644.0,CHRW
2023-06-21 12:59:00,93.235,93.3,93.235,93.3,590.0,CHRW
2023-06-21 12:58:00,93.235,93.27,93.235,93.27,313.0,CHRW
2023-06-21 12:57:00,93.16,93.2,93.16,93.2,1644.0,CHRW
2023-06-21 12:56:00,93.21,93.21,93.19,93.19,684.0,CHRW
2023-06-21 12:55:00,93.245,93.245,93.245,93.245,340.0,CHRW
2023-06-21 12:54:00,93.28,93.28,93.28,93.28,186.0,CHRW
2023-06-21 12:52:00,93.27,93.29,93.27,93.29,1209.0,CHRW
2023-06-21 12:51:00,93.345,93.345,93.34,93.34,460.0,CHRW
2023-06-21 12:50:00,93.31,93.34,93.31,93.32,1787.0,CHRW
2023-06-21 12:47:00,93.4,93.4,93.4,93.4,938.0,CHRW
2023-06-21 12:46:00,93.42,93.43,93.405,93.405,1564.0,CHRW
2023-06-21 12:45:00,93.5,93.5,93.45,93.45,1063.0,CHRW
2023-06-21 12:44:00,93.54,93.54,93.54,93.54,363.0,CHRW
2023-06-21 12:43:00,93.49,93.57,93.49,93.57,842.0,CHRW
2023-06-21 12:42:00,93.5,93.5,93.45,93.45,904.0,CHRW
2023-06-21 12:41:00,93.6,93.6,93.525,93.525,1226.0,CHRW
2023-06-21 12:40:00,93.6,93.61,93.58,93.61,1066.0,CHRW
2023-06-21 12:39:00,93.55,93.59,93.55,93.55,825.0,CHRW
2023-06-21 12:38:00,93.5,93.59,93.5,93.59,607.0,CHRW
2023-06-21 12:37:00,93.54,93.54,93.54,93.54,124.0,CHRW
2023-06-21 12:35:00,93.52,93.535,93.48,93.5,1087.0,CHRW
2023-06-21 12:34:00,93.59,93.59,93.575,93.59,632.0,CHRW
2023-06-21 12:33:00,93.64,93.64,93.57,93.57,1542.0,CHRW
2023-06-21 12:32:00,93.6,93.6,93.6,93.6,200.0,CHRW
2023-06-21 12:31:00,93.6,93.63,93.57,93.63,708.0,CHRW
2023-06-21 12:30:00,93.67,93.67,93.64,93.64,1106.0,CHRW
2023-06-21 12:29:00,93.62,93.62,93.62,93.62,285.0,CHRW
2023-06-21 12:28:00,93.56,93.62,93.56,93.62,819.0,CHRW
2023-06-21 12:27:00,93.545,93.57,93.545,93.57,507.0,CHRW
2023-06-21 12:26:00,93.61,93.61,93.55,93.55,674.0,CHRW
2023-06-21 12:25:00,93.65,93.65,93.58,93.58,807.0,CHRW
2023-06-21 12:24:00,93.64,93.64,93.64,93.64,168.0,CHRW
2023-06-21 12:23:00,93.62,93.62,93.62,93.62,145.0,CHRW
2023-06-21 12:22:00,93.52,93.57,93.52,93.57,623.0,CHRW
2023-06-21 12:21:00,93.43,93.51,93.43,93.49,1314.0,CHRW
2023-06-21 12:20:00,93.57,93.57,93.48,93.48,1148.0,CHRW
2023-06-21 12:18:00,93.56,93.56,93.56,93.56,234.0,CHRW
2023-06-21 12:17:00,93.57,93.62,93.57,93.605,2038.0,CHRW
2023-06-21 12:16:00,93.46,93.5,93.46,93.5,753.0,CHRW
2023-06-21 12:15:00,93.42,93.48,93.41,93.48,1513.0,CHRW
2023-06-21 12:13:00,93.43,93.47,93.41,93.47,1811.0,CHRW
2023-06-21 12:12:00,93.49,93.56,93.48,93.48,1175.0,CHRW
2023-06-21 12:11:00,93.57,93.57,93.47,93.47,1162.0,CHRW
2023-06-21 12:10:00,93.67,93.67,93.585,93.585,1438.0,CHRW
2023-06-21 12:08:00,93.6,93.6,93.6,93.6,635.0,CHRW
2023-06-21 12:06:00,93.54,93.54,93.47,93.525,3129.0,CHRW
2023-06-21 12:05:00,93.59,93.59,93.54,93.54,1255.0,CHRW
2023-06-21 12:03:00,93.62,93.62,93.62,93.62,180.0,CHRW
2023-06-21 12:02:00,93.63,93.63,93.63,93.63,504.0,CHRW
2023-06-21 12:01:00,93.59,93.59,93.56,93.56,434.0,CHRW
2023-06-21 12:00:00,93.54,93.65,93.54,93.56,1693.0,CHRW
2023-06-21 11:59:00,93.52,93.545,93.52,93.545,428.0,CHRW
2023-06-21 11:58:00,93.54,93.54,93.54,93.54,241.0,CHRW
2023-06-21 11:57:00,93.645,93.645,93.56,93.56,1984.0,CHRW
2023-06-21 11:56:00,93.63,93.63,93.63,93.63,1291.0,CHRW
2023-06-21 11:55:00,93.64,93.645,93.64,93.645,359.0,CHRW
2023-06-21 11:54:00,93.61,93.61,93.61,93.61,158.0,CHRW
2023-06-21 11:53:00,93.595,93.64,93.595,93.61,1445.0,CHRW
2023-06-21 11:52:00,93.6,93.63,93.59,93.59,1435.0,CHRW
2023-06-21 11:51:00,93.6,93.6,93.575,93.575,486.0,CHRW
2023-06-21 11:50:00,93.6,93.6,93.54,93.58,1480.0,CHRW
2023-06-21 11:49:00,93.69,93.69,93.64,93.64,1322.0,CHRW
2023-06-21 11:48:00,93.687,93.687,93.65,93.65,984.0,CHRW
2023-06-21 11:47:00,93.74,93.74,93.64,93.705,3541.0,CHRW
2023-06-21 11:46:00,93.8,93.8,93.76,93.77,1347.0,CHRW
2023-06-21 11:45:00,93.82,93.83,93.82,93.83,589.0,CHRW
2023-06-21 11:44:00,93.8,93.8,93.785,93.785,788.0,CHRW
2023-06-21 11:43:00,93.82,93.84,93.8,93.84,1656.0,CHRW
2023-06-21 11:41:00,93.81,93.81,93.81,93.81,378.0,CHRW
2023-06-21 11:40:00,93.82,93.82,93.82,93.82,920.0,CHRW
2023-06-21 11:39:00,93.805,93.805,93.74,93.74,1121.0,CHRW
2023-06-21 11:38:00,93.75,93.764,93.75,93.764,666.0,CHRW
2023-06-21 11:37:00,93.72,93.735,93.71,93.71,1012.0,CHRW
2023-06-21 11:36:00,93.68,93.7,93.665,93.67,655.0,CHRW
2023-06-21 11:34:00,93.62,93.64,93.6,93.64,414.0,CHRW
2023-06-21 11:33:00,93.58,93.6,93.58,93.585,1201.0,CHRW
2023-06-21 11:32:00,93.61,93.61,93.605,93.605,374.0,CHRW
2023-06-21 11:31:00,93.7,93.7,93.64,93.64,1807.0,CHRW
2023-06-21 11:30:00,93.765,93.765,93.7,93.7,1485.0,CHRW
2023-06-21 11:28:00,93.74,93.785,93.73,93.73,1627.0,CHRW
2023-06-21 11:27:00,93.79,93.8,93.72,93.755,1841.0,CHRW
2023-06-21 11:26:00,93.845,93.845,93.845,93.845,524.0,CHRW
2023-06-21 11:25:00,93.795,93.795,93.795,93.795,262.0,CHRW
2023-06-21 11:24:00,93.66,93.71,93.66,93.71,1155.0,CHRW
2023-06-21 11:23:00,93.66,93.69,93.645,93.67,2151.0,CHRW
2023-06-21 11:22:00,93.61,93.62,93.6,93.6,1046.0,CHRW
2023-06-21 11:21:00,93.66,93.69,93.63,93.69,3705.0,CHRW
2023-06-21 11:20:00,93.63,93.68,93.61,93.68,891.0,CHRW
2023-06-21 11:19:00,93.47,93.53,93.47,93.53,699.0,CHRW
2023-06-21 11:18:00,93.33,93.453,93.33,93.453,2474.0,CHRW
2023-06-21 11:17:00,93.28,93.32,93.27,93.3,1449.0,CHRW
2023-06-21 11:16:00,93.31,93.32,93.28,93.295,1200.0,CHRW
2023-06-21 11:15:00,93.28,93.3,93.255,93.26,1420.0,CHRW
2023-06-21 11:14:00,93.26,93.27,93.24,93.255,927.0,CHRW
2023-06-21 11:13:00,93.36,93.36,93.27,93.27,1004.0,CHRW
2023-06-21 11:12:00,93.355,93.38,93.305,93.365,3981.0,CHRW
2023-06-21 11:11:00,93.41,93.45,93.34,93.38,3782.0,CHRW
2023-06-21 11:10:00,93.38,93.44,93.38,93.44,1041.0,CHRW
2023-06-21 11:09:00,93.32,93.32,93.3,93.3,1063.0,CHRW
2023-06-21 11:08:00,93.3,93.36,93.3,93.36,664.0,CHRW
2023-06-21 11:07:00,93.265,93.29,93.265,93.29,568.0,CHRW
2023-06-21 11:06:00,93.25,93.28,93.25,93.28,913.0,CHRW
2023-06-21 11:05:00,93.31,93.34,93.29,93.29,1511.0,CHRW
2023-06-21 11:04:00,93.27,93.27,93.27,93.27,325.0,CHRW
2023-06-21 11:03:00,93.3,93.3,93.27,93.27,1598.0,CHRW
2023-06-21 11:02:00,93.27,93.27,93.23,93.23,2003.0,CHRW
2023-06-21 11:01:00,93.23,93.28,93.23,93.28,550.0,CHRW
2023-06-21 10:59:00,93.14,93.14,93.14,93.14,596.0,CHRW
2023-06-21 10:58:00,92.92,93.04,92.92,93.04,1248.0,CHRW
2023-06-21 10:57:00,92.86,92.87,92.86,92.87,638.0,CHRW
2023-06-21 10:55:00,92.785,92.88,92.785,92.88,672.0,CHRW
2023-06-21 10:54:00,92.64,92.77,92.59,92.77,2137.0,CHRW
2023-06-21 10:50:00,92.49,92.49,92.46,92.46,540.0,CHRW
2023-06-21 10:49:00,92.5,92.5,92.485,92.5,828.0,CHRW
2023-06-21 10:48:00,92.6,92.61,92.525,92.525,1683.0,CHRW
2023-06-21 10:47:00,92.57,92.59,92.55,92.55,934.0,CHRW
2023-06-21 10:45:00,92.555,92.555,92.555,92.555,263.0,CHRW
2023-06-21 10:43:00,92.55,92.55,92.515,92.515,482.0,CHRW
2023-06-21 10:42:00,92.555,92.555,92.5,92.5,792.0,CHRW
2023-06-21 10:41:00,92.57,92.62,92.56,92.61,1991.0,CHRW
2023-06-21 10:40:00,92.66,92.67,92.56,92.56,1238.0,CHRW
2023-06-21 10:39:00,92.76,92.76,92.73,92.73,845.0,CHRW
2023-06-21 10:38:00,92.73,92.82,92.73,92.82,2345.0,CHRW
2023-06-21 10:37:00,92.74,92.75,92.67,92.67,2897.0,CHRW
2023-06-21 10:34:00,92.74,92.74,92.74,92.74,458.0,CHRW
2023-06-21 10:32:00,92.755,92.755,92.74,92.74,711.0,CHRW
2023-06-21 10:31:00,92.79,92.79,92.647,92.76,4383.0,CHRW
2023-06-21 10:30:00,92.92,92.92,92.85,92.85,1671.0,CHRW
2023-06-21 10:29:00,92.89,92.89,92.89,92.89,461.0,CHRW
2023-06-21 10:27:00,92.837,92.91,92.837,92.91,623.0,CHRW
2023-06-21 10:26:00,92.85,92.85,92.84,92.84,278.0,CHRW
2023-06-21 10:25:00,92.85,92.85,92.84,92.84,750.0,CHRW
2023-06-21 10:24:00,92.895,92.895,92.865,92.865,256.0,CHRW
2023-06-21 10:22:00,92.87,92.89,92.87,92.89,400.0,CHRW
2023-06-21 10:21:00,92.85,92.85,92.845,92.845,520.0,CHRW
2023-06-21 10:20:00,92.829,92.828,92.828,92.828,141.0,CHRW
2023-06-21 10:19:00,92.74,92.74,92.74,92.74,204.0,CHRW
2023-06-21 10:18:00,92.835,92.835,92.823,92.823,530.0,CHRW
2023-06-21 10:17:00,92.84,92.84,92.835,92.835,617.0,CHRW
2023-06-21 10:16:00,92.89,92.89,92.83,92.83,566.0,CHRW
2023-06-21 10:15:00,92.78,92.78,92.78,92.78,569.0,CHRW
2023-06-21 10:13:00,92.685,92.685,92.685,92.685,465.0,CHRW
2023-06-21 10:12:00,92.575,92.63,92.575,92.63,608.0,CHRW
2023-06-21 10:11:00,92.62,92.62,92.56,92.56,1121.0,CHRW
2023-06-21 10:08:00,92.66,92.66,92.66,92.66,336.0,CHRW
2023-06-21 10:07:00,92.58,92.73,92.58,92.73,982.0,CHRW
2023-06-21 10:06:00,92.68,92.72,92.68,92.72,336.0,CHRW
2023-06-21 10:03:00,92.73,92.73,92.71,92.71,1243.0,CHRW
2023-06-21 10:02:00,92.72,92.75,92.72,92.75,994.0,CHRW
2023-06-21 10:01:00,92.683,92.683,92.683,92.683,369.0,CHRW
2023-06-21 09:59:00,92.645,92.645,92.555,92.555,1721.0,CHRW
2023-06-21 09:58:00,92.685,92.685,92.685,92.685,165.0,CHRW
2023-06-21 09:57:00,92.7,92.7,92.69,92.69,691.0,CHRW
2023-06-21 09:56:00,92.78,92.81,92.77,92.77,1120.0,CHRW
2023-06-21 09:53:00,92.81,92.81,92.77,92.77,773.0,CHRW
2023-06-21 09:52:00,92.78,92.88,92.78,92.88,875.0,CHRW
2023-06-21 09:51:00,92.75,92.75,92.745,92.745,421.0,CHRW
2023-06-21 09:50:00,92.63,92.74,92.63,92.74,947.0,CHRW
2023-06-21 09:49:00,92.645,92.645,92.52,92.63,2047.0,CHRW
2023-06-21 09:48:00,92.6,92.69,92.6,92.63,3065.0,CHRW
2023-06-21 09:47:00,92.575,92.575,92.575,92.575,254.0,CHRW
2023-06-21 09:46:00,92.58,92.62,92.53,92.53,2742.0,CHRW
2023-06-21 09:45:00,92.535,92.535,92.535,92.535,306.0,CHRW
2023-06-21 09:43:00,92.41,92.41,92.41,92.41,333.0,CHRW
2023-06-21 09:42:00,92.25,92.25,92.25,92.25,307.0,CHRW
2023-06-21 09:41:00,92.295,92.295,92.2,92.2,896.0,CHRW
2023-06-21 09:40:00,92.36,92.36,92.23,92.23,682.0,CHRW
2023-06-21 09:39:00,92.3,92.36,92.24,92.36,2487.0,CHRW
2023-06-21 09:38:00,92.14,92.14,92.14,92.14,588.0,CHRW
2023-06-21 09:37:00,92.19,92.22,92.19,92.22,2095.0,CHRW
2023-06-21 09:36:00,92.155,92.155,92.155,92.155,186.0,CHRW
2023-06-21 09:34:00,92.19,92.19,92.12,92.12,1474.0,CHRW
2023-06-21 09:33:00,91.94,91.94,91.94,91.94,341.0,CHRW
2023-06-21 09:31:00,92.055,92.055,91.68,91.84,1450.0,CHRW
2023-06-21 09:30:00,91.98,91.98,91.98,91.98,8356.0,CHRW
2023-06-21 09:29:00,92.2,92.45,92.19,92.45,102.0,CHRW
2023-06-21 09:04:00,93.1,93.1,93.1,93.1,1.0,CHRW
2023-06-21 08:02:00,92.66,92.66,92.66,92.66,1.0,CHRW
2023-06-21 08:00:00,93.0,93.0,93.0,93.0,1.0,CHRW
2023-06-20 19:01:00,93.02,93.02,93.02,93.02,14.0,CHRW
2023-06-20 18:32:00,93.02,93.02,93.02,93.02,30.0,CHRW
2023-06-20 17:00:00,94.62,94.62,94.62,94.62,2.0,CHRW
2023-06-20 16:58:00,92.66,92.66,92.66,92.66,4120.0,CHRW
2023-06-20 16:13:00,92.65,92.65,92.65,92.65,50.0,CHRW
2023-06-20 16:06:00,92.14,92.14,92.14,92.14,1.0,CHRW
2023-06-20 16:04:00,90.212,90.211,90.211,90.211,1.0,CHRW
2023-06-20 16:02:00,92.66,92.66,92.66,92.66,5448.0,CHRW
2023-06-20 16:01:00,92.66,92.66,92.66,92.66,256.0,CHRW
2023-06-20 16:00:00,92.67,92.67,92.66,92.66,393080.0,CHRW
2023-06-20 15:59:00,92.63,92.67,92.6,92.67,40841.0,CHRW
2023-06-20 15:58:00,92.61,92.65,92.605,92.64,26534.0,CHRW
2023-06-20 15:57:00,92.64,92.65,92.595,92.61,21132.0,CHRW
2023-06-20 15:56:00,92.66,92.68,92.64,92.65,14409.0,CHRW
2023-06-20 15:55:00,92.6,92.66,92.572,92.655,15564.0,CHRW
2023-06-20 15:54:00,92.75,92.765,92.62,92.62,12613.0,CHRW
2023-06-20 15:53:00,92.73,92.77,92.725,92.765,16700.0,CHRW
2023-06-20 15:52:00,92.7,92.74,92.7,92.71,4740.0,CHRW
2023-06-20 15:51:00,92.73,92.74,92.71,92.72,3999.0,CHRW
2023-06-20 15:50:00,92.68,92.73,92.61,92.72,7989.0,CHRW
2023-06-20 15:49:00,92.65,92.68,92.63,92.68,5871.0,CHRW
2023-06-20 15:48:00,92.67,92.67,92.62,92.645,3545.0,CHRW
2023-06-20 15:47:00,92.68,92.71,92.64,92.66,4626.0,CHRW
2023-06-20 15:46:00,92.79,92.8,92.71,92.72,6080.0,CHRW
2023-06-20 15:45:00,92.735,92.79,92.735,92.78,3624.0,CHRW
2023-06-20 15:44:00,92.655,92.71,92.655,92.71,3131.0,CHRW
2023-06-20 15:43:00,92.625,92.66,92.625,92.64,2897.0,CHRW
2023-06-20 15:42:00,92.655,92.671,92.63,92.63,3452.0,CHRW
2023-06-20 15:41:00,92.71,92.71,92.63,92.665,6635.0,CHRW
2023-06-20 15:40:00,92.725,92.74,92.71,92.74,1365.0,CHRW
2023-06-20 15:39:00,92.66,92.74,92.65,92.72,3733.0,CHRW
2023-06-20 15:38:00,92.7,92.7,92.68,92.68,861.0,CHRW
2023-06-20 15:37:00,92.715,92.715,92.685,92.7,2243.0,CHRW
2023-06-20 15:36:00,92.76,92.77,92.73,92.73,3530.0,CHRW
2023-06-20 15:35:00,92.75,92.75,92.75,92.75,817.0,CHRW
2023-06-20 15:34:00,92.77,92.78,92.76,92.76,539.0,CHRW
2023-06-20 15:33:00,92.8,92.81,92.78,92.78,2066.0,CHRW
2023-06-20 15:32:00,92.825,92.85,92.8,92.8,2443.0,CHRW
2023-06-20 15:31:00,92.88,92.88,92.82,92.83,3240.0,CHRW
2023-06-20 15:30:00,92.84,92.86,92.84,92.86,1591.0,CHRW
2023-06-20 15:29:00,92.765,92.83,92.765,92.83,2399.0,CHRW
2023-06-20 15:28:00,92.745,92.78,92.745,92.77,1929.0,CHRW
2023-06-20 15:27:00,92.85,92.85,92.75,92.75,1574.0,CHRW
2023-06-20 15:26:00,92.84,92.86,92.81,92.85,4831.0,CHRW
2023-06-20 15:25:00,92.87,92.87,92.85,92.85,1674.0,CHRW
2023-06-20 15:24:00,92.9,92.9,92.865,92.865,2590.0,CHRW
2023-06-20 15:23:00,92.9,92.9,92.9,92.9,565.0,CHRW
2023-06-20 15:22:00,92.92,92.92,92.905,92.905,728.0,CHRW
2023-06-20 15:21:00,92.88,92.91,92.865,92.89,3667.0,CHRW
2023-06-20 15:20:00,92.91,92.91,92.88,92.88,671.0,CHRW
2023-06-20 15:19:00,92.91,92.94,92.91,92.91,2385.0,CHRW
2023-06-20 15:18:00,92.865,92.9,92.85,92.9,3524.0,CHRW
2023-06-20 15:17:00,92.86,92.86,92.85,92.86,2337.0,CHRW
2023-06-20 15:16:00,92.85,92.91,92.85,92.875,2174.0,CHRW
2023-06-20 15:15:00,92.91,92.91,92.89,92.89,1655.0,CHRW
2023-06-20 15:14:00,92.95,92.95,92.925,92.925,1555.0,CHRW
2023-06-20 15:13:00,92.98,92.98,92.94,92.94,2168.0,CHRW
2023-06-20 15:12:00,92.99,92.99,92.98,92.98,641.0,CHRW
2023-06-20 15:11:00,92.97,93.01,92.97,93.01,2277.0,CHRW
2023-06-20 15:10:00,92.965,92.97,92.95,92.95,516.0,CHRW
2023-06-20 15:09:00,92.97,93.0,92.97,93.0,1371.0,CHRW
2023-06-20 15:08:00,92.98,93.01,92.98,92.98,1557.0,CHRW
2023-06-20 15:07:00,93.03,93.03,93.0,93.0,1175.0,CHRW
2023-06-20 15:05:00,92.99,93.05,92.98,93.05,1219.0,CHRW
2023-06-20 15:04:00,93.01,93.05,93.01,93.02,1991.0,CHRW
2023-06-20 15:03:00,93.01,93.01,93.0,93.0,754.0,CHRW
2023-06-20 15:02:00,93.015,93.015,93.015,93.015,978.0,CHRW
2023-06-20 15:01:00,93.02,93.02,93.0,93.02,1213.0,CHRW
2023-06-20 15:00:00,93.08,93.08,93.05,93.05,1051.0,CHRW
2023-06-20 14:59:00,93.04,93.06,93.04,93.06,749.0,CHRW
2023-06-20 14:58:00,92.98,93.021,92.98,93.021,1265.0,CHRW
2023-06-20 14:57:00,92.955,92.96,92.95,92.96,1587.0,CHRW
2023-06-20 14:56:00,92.972,92.972,92.96,92.96,1227.0,CHRW
2023-06-20 14:55:00,92.98,92.98,92.975,92.975,364.0,CHRW
2023-06-20 14:54:00,93.07,93.09,93.0,93.0,5298.0,CHRW
2023-06-20 14:53:00,93.06,93.06,93.051,93.051,611.0,CHRW
2023-06-20 14:52:00,93.13,93.13,93.05,93.05,1828.0,CHRW
2023-06-20 14:51:00,93.14,93.14,93.13,93.13,768.0,CHRW
2023-06-20 14:50:00,93.115,93.18,93.115,93.16,1997.0,CHRW
2023-06-20 14:49:00,93.13,93.13,93.11,93.115,401.0,CHRW
2023-06-20 14:48:00,93.175,93.175,93.14,93.15,1703.0,CHRW
2023-06-20 14:47:00,93.14,93.159,93.14,93.159,1192.0,CHRW
2023-06-20 14:46:00,93.1,93.1,93.1,93.1,663.0,CHRW
2023-06-20 14:45:00,93.13,93.13,93.115,93.12,937.0,CHRW
2023-06-20 14:44:00,93.1,93.13,93.1,93.13,1095.0,CHRW
2023-06-20 14:43:00,93.15,93.15,93.11,93.11,825.0,CHRW
2023-06-20 14:42:00,93.165,93.17,93.16,93.17,1209.0,CHRW
2023-06-20 14:40:00,93.21,93.21,93.19,93.19,970.0,CHRW
2023-06-20 14:39:00,93.26,93.26,93.205,93.205,968.0,CHRW
2023-06-20 14:38:00,93.21,93.25,93.21,93.245,1165.0,CHRW
2023-06-20 14:37:00,93.16,93.22,93.14,93.2,2541.0,CHRW
2023-06-20 14:36:00,93.17,93.17,93.17,93.17,283.0,CHRW
2023-06-20 14:35:00,93.17,93.19,93.17,93.19,1164.0,CHRW
2023-06-20 14:34:00,93.14,93.15,93.14,93.15,1254.0,CHRW
2023-06-20 14:33:00,93.15,93.15,93.15,93.15,476.0,CHRW
2023-06-20 14:32:00,93.165,93.165,93.12,93.12,1099.0,CHRW
2023-06-20 14:31:00,93.15,93.16,93.15,93.15,756.0,CHRW
2023-06-20 14:30:00,93.15,93.155,93.13,93.135,1338.0,CHRW
2023-06-20 14:29:00,93.16,93.179,93.16,93.179,999.0,CHRW
2023-06-20 14:28:00,93.22,93.22,93.16,93.16,2077.0,CHRW
2023-06-20 14:26:00,93.19,93.19,93.19,93.19,487.0,CHRW
2023-06-20 14:25:00,93.2,93.2,93.2,93.2,380.0,CHRW
2023-06-20 14:24:00,93.16,93.18,93.16,93.18,571.0,CHRW
2023-06-20 14:23:00,93.13,93.15,93.13,93.15,923.0,CHRW
2023-06-20 14:22:00,93.2,93.2,93.16,93.16,1568.0,CHRW
2023-06-20 14:20:00,93.19,93.21,93.19,93.2,980.0,CHRW
2023-06-20 14:19:00,93.15,93.18,93.15,93.18,965.0,CHRW
2023-06-20 14:18:00,93.209,93.209,93.16,93.16,577.0,CHRW
2023-06-20 14:17:00,93.22,93.22,93.18,93.21,1220.0,CHRW
2023-06-20 14:16:00,93.25,93.25,93.25,93.25,387.0,CHRW
2023-06-20 14:15:00,93.24,93.285,93.24,93.27,1689.0,CHRW
2023-06-20 14:14:00,93.24,93.24,93.24,93.24,189.0,CHRW
2023-06-20 14:12:00,93.23,93.23,93.23,93.23,482.0,CHRW
2023-06-20 14:11:00,93.22,93.22,93.22,93.22,652.0,CHRW
2023-06-20 14:10:00,93.21,93.23,93.21,93.21,1339.0,CHRW
2023-06-20 14:09:00,93.21,93.21,93.21,93.21,324.0,CHRW
2023-06-20 14:07:00,93.2,93.21,93.2,93.21,815.0,CHRW
2023-06-20 14:05:00,93.22,93.236,93.22,93.236,628.0,CHRW
2023-06-20 14:04:00,93.18,93.185,93.18,93.185,492.0,CHRW
2023-06-20 14:03:00,93.19,93.2,93.18,93.18,1217.0,CHRW
2023-06-20 14:02:00,93.17,93.17,93.17,93.17,492.0,CHRW
2023-06-20 14:01:00,93.16,93.2,93.16,93.2,890.0,CHRW
2023-06-20 14:00:00,93.17,93.18,93.17,93.18,269.0,CHRW
2023-06-20 13:59:00,93.185,93.185,93.185,93.185,159.0,CHRW
2023-06-20 13:58:00,93.24,93.24,93.2,93.21,2169.0,CHRW
2023-06-20 13:57:00,93.24,93.28,93.23,93.28,1221.0,CHRW
2023-06-20 13:56:00,93.22,93.22,93.22,93.22,486.0,CHRW
2023-06-20 13:55:00,93.25,93.25,93.23,93.23,666.0,CHRW
2023-06-20 13:54:00,93.2,93.24,93.17,93.21,3660.0,CHRW
2023-06-20 13:52:00,93.23,93.27,93.23,93.25,1381.0,CHRW
2023-06-20 13:51:00,93.22,93.22,93.21,93.21,477.0,CHRW
2023-06-20 13:50:00,93.28,93.28,93.24,93.25,853.0,CHRW
2023-06-20 13:48:00,93.315,93.35,93.3,93.3,2763.0,CHRW
2023-06-20 13:47:00,93.305,93.31,93.305,93.31,360.0,CHRW
2023-06-20 13:46:00,93.31,93.31,93.305,93.305,519.0,CHRW
2023-06-20 13:45:00,93.405,93.412,93.36,93.36,1823.0,CHRW
2023-06-20 13:44:00,93.39,93.39,93.39,93.39,451.0,CHRW
2023-06-20 13:43:00,93.35,93.41,93.35,93.41,1112.0,CHRW
2023-06-20 13:42:00,93.37,93.38,93.37,93.38,287.0,CHRW
2023-06-20 13:41:00,93.34,93.36,93.34,93.36,1256.0,CHRW
2023-06-20 13:40:00,93.29,93.29,93.29,93.29,480.0,CHRW
2023-06-20 13:39:00,93.304,93.33,93.295,93.31,2703.0,CHRW
2023-06-20 13:38:00,93.27,93.28,93.27,93.28,959.0,CHRW
2023-06-20 13:36:00,93.41,93.41,93.38,93.38,1517.0,CHRW
2023-06-20 13:35:00,93.38,93.44,93.38,93.43,1517.0,CHRW
2023-06-20 13:34:00,93.38,93.38,93.38,93.38,248.0,CHRW
2023-06-20 13:31:00,93.38,93.4,93.38,93.4,986.0,CHRW
2023-06-20 13:30:00,93.4,93.41,93.4,93.41,839.0,CHRW
2023-06-20 13:29:00,93.45,93.45,93.45,93.45,214.0,CHRW
2023-06-20 13:27:00,93.42,93.45,93.42,93.45,585.0,CHRW
2023-06-20 13:26:00,93.39,93.39,93.39,93.39,352.0,CHRW
2023-06-20 13:23:00,93.41,93.41,93.395,93.395,912.0,CHRW
2023-06-20 13:20:00,93.34,93.4,93.34,93.4,1333.0,CHRW
2023-06-20 13:19:00,93.34,93.34,93.34,93.34,359.0,CHRW
2023-06-20 13:18:00,93.3,93.3,93.3,93.3,528.0,CHRW
2023-06-20 13:16:00,93.27,93.32,93.26,93.32,2128.0,CHRW
2023-06-20 13:15:00,93.31,93.33,93.3,93.3,1125.0,CHRW
2023-06-20 13:14:00,93.29,93.29,93.29,93.29,266.0,CHRW
2023-06-20 13:13:00,93.32,93.33,93.3,93.3,1225.0,CHRW
2023-06-20 13:11:00,93.27,93.28,93.27,93.28,736.0,CHRW
2023-06-20 13:10:00,93.225,93.26,93.225,93.26,1263.0,CHRW
2023-06-20 13:09:00,93.3,93.3,93.26,93.26,675.0,CHRW
2023-06-20 13:08:00,93.35,93.35,93.35,93.35,262.0,CHRW
2023-06-20 13:05:00,93.5,93.5,93.39,93.39,1955.0,CHRW
2023-06-20 13:04:00,93.445,93.49,93.445,93.49,2782.0,CHRW
2023-06-20 13:02:00,93.445,93.47,93.42,93.45,1908.0,CHRW
2023-06-20 13:01:00,93.43,93.48,93.42,93.44,5508.0,CHRW
2023-06-20 13:00:00,93.435,93.435,93.435,93.435,213.0,CHRW
2023-06-20 12:59:00,93.43,93.46,93.42,93.42,3326.0,CHRW
2023-06-20 12:58:00,93.445,93.445,93.445,93.445,141.0,CHRW
2023-06-20 12:57:00,93.435,93.45,93.42,93.42,666.0,CHRW
2023-06-20 12:56:00,93.435,93.46,93.42,93.42,659.0,CHRW
2023-06-20 12:55:00,93.435,93.435,93.43,93.43,434.0,CHRW
2023-06-20 12:54:00,93.37,93.47,93.37,93.44,3395.0,CHRW
2023-06-20 12:52:00,93.32,93.33,93.32,93.32,384.0,CHRW
2023-06-20 12:51:00,93.37,93.37,93.32,93.32,2094.0,CHRW
2023-06-20 12:50:00,93.37,93.37,93.37,93.37,446.0,CHRW
2023-06-20 12:48:00,93.47,93.47,93.4,93.4,2636.0,CHRW
2023-06-20 12:47:00,93.44,93.44,93.44,93.44,559.0,CHRW
2023-06-20 12:46:00,93.42,93.42,93.42,93.42,233.0,CHRW
2023-06-20 12:44:00,93.42,93.42,93.42,93.42,220.0,CHRW
2023-06-20 12:43:00,93.405,93.405,93.405,93.405,588.0,CHRW
2023-06-20 12:42:00,93.405,93.44,93.405,93.43,882.0,CHRW
2023-06-20 12:41:00,93.475,93.475,93.39,93.39,2386.0,CHRW
2023-06-20 12:40:00,93.5,93.5,93.47,93.47,1564.0,CHRW
2023-06-20 12:39:00,93.47,93.47,93.46,93.465,1308.0,CHRW
2023-06-20 12:38:00,93.4,93.5,93.395,93.5,2046.0,CHRW
2023-06-20 12:37:00,93.4,93.4,93.375,93.4,3511.0,CHRW
2023-06-20 12:35:00,93.34,93.386,93.34,93.37,689.0,CHRW
2023-06-20 12:34:00,93.29,93.3,93.29,93.3,886.0,CHRW
2023-06-20 12:33:00,93.28,93.28,93.255,93.255,1296.0,CHRW
2023-06-20 12:32:00,93.21,93.31,93.21,93.28,702.0,CHRW
2023-06-20 12:31:00,93.28,93.28,93.245,93.245,597.0,CHRW
2023-06-20 12:30:00,93.31,93.31,93.31,93.31,367.0,CHRW
2023-06-20 12:28:00,93.39,93.4,93.31,93.31,2093.0,CHRW
2023-06-20 12:27:00,93.31,93.31,93.31,93.31,620.0,CHRW
2023-06-20 12:25:00,93.265,93.265,93.265,93.265,549.0,CHRW
2023-06-20 12:24:00,93.24,93.28,93.24,93.26,711.0,CHRW
2023-06-20 12:23:00,93.16,93.19,93.16,93.19,356.0,CHRW
2023-06-20 12:22:00,93.11,93.2,93.11,93.16,4098.0,CHRW
2023-06-20 12:21:00,93.08,93.08,93.08,93.08,465.0,CHRW
2023-06-20 12:20:00,93.14,93.14,93.04,93.055,2110.0,CHRW
2023-06-20 12:19:00,93.026,93.15,93.026,93.14,7178.0,CHRW
2023-06-20 12:18:00,92.97,93.03,92.97,93.01,4892.0,CHRW
2023-06-20 12:17:00,92.905,92.95,92.905,92.95,2335.0,CHRW
2023-06-20 12:16:00,92.89,92.89,92.89,92.89,176.0,CHRW
2023-06-20 12:14:00,92.94,92.966,92.91,92.966,1921.0,CHRW
2023-06-20 12:13:00,92.92,92.92,92.9,92.9,303.0,CHRW
2023-06-20 12:11:00,92.9,92.956,92.9,92.9,4842.0,CHRW
2023-06-20 12:09:00,92.86,92.86,92.85,92.85,279.0,CHRW
2023-06-20 12:08:00,92.93,92.93,92.93,92.93,402.0,CHRW
2023-06-20 12:07:00,93.035,93.035,92.91,92.91,2479.0,CHRW
2023-06-20 12:06:00,93.02,93.04,93.01,93.01,713.0,CHRW
2023-06-20 12:04:00,93.07,93.07,93.03,93.03,826.0,CHRW
2023-06-20 12:03:00,93.13,93.13,93.13,93.13,539.0,CHRW
2023-06-20 12:02:00,93.15,93.18,93.12,93.15,2832.0,CHRW
2023-06-20 12:01:00,93.1,93.14,93.1,93.1,444.0,CHRW
2023-06-20 12:00:00,93.11,93.11,93.11,93.11,517.0,CHRW
2023-06-20 11:59:00,93.26,93.26,93.2,93.2,1164.0,CHRW
2023-06-20 11:58:00,93.3,93.3,93.24,93.24,847.0,CHRW
2023-06-20 11:57:00,93.36,93.36,93.3,93.325,1500.0,CHRW
2023-06-20 11:56:00,93.4,93.4,93.4,93.4,154.0,CHRW
2023-06-20 11:55:00,93.435,93.47,93.372,93.372,4825.0,CHRW
2023-06-20 11:54:00,93.4,93.435,93.4,93.435,1287.0,CHRW
2023-06-20 11:53:00,93.41,93.44,93.41,93.43,2020.0,CHRW
2023-06-20 11:52:00,93.46,93.471,93.445,93.445,1013.0,CHRW
2023-06-20 11:51:00,93.46,93.47,93.44,93.44,1127.0,CHRW
2023-06-20 11:50:00,93.5,93.5,93.44,93.44,1937.0,CHRW
2023-06-20 11:49:00,93.51,93.52,93.51,93.52,529.0,CHRW
2023-06-20 11:48:00,93.43,93.5,93.39,93.5,2981.0,CHRW
2023-06-20 11:47:00,93.42,93.42,93.42,93.42,800.0,CHRW
2023-06-20 11:46:00,93.33,93.41,93.326,93.41,2232.0,CHRW
2023-06-20 11:45:00,93.32,93.325,93.24,93.29,1276.0,CHRW
2023-06-20 11:44:00,93.41,93.41,93.34,93.34,620.0,CHRW
2023-06-20 11:43:00,93.37,93.42,93.37,93.42,948.0,CHRW
2023-06-20 11:42:00,93.347,93.37,93.347,93.37,729.0,CHRW
2023-06-20 11:41:00,93.35,93.35,93.35,93.35,259.0,CHRW
2023-06-20 11:40:00,93.47,93.47,93.385,93.43,1123.0,CHRW
2023-06-20 11:39:00,93.47,93.48,93.47,93.47,1279.0,CHRW
2023-06-20 11:37:00,93.435,93.435,93.41,93.43,723.0,CHRW
2023-06-20 11:36:00,93.35,93.435,93.35,93.435,1494.0,CHRW
2023-06-20 11:35:00,93.34,93.34,93.34,93.34,557.0,CHRW
2023-06-20 11:33:00,93.24,93.28,93.24,93.25,1204.0,CHRW
2023-06-20 11:32:00,93.26,93.3,93.26,93.26,797.0,CHRW
2023-06-20 11:31:00,93.18,93.27,93.18,93.25,2838.0,CHRW
2023-06-20 11:30:00,93.18,93.18,93.14,93.14,1217.0,CHRW
2023-06-20 11:28:00,93.31,93.31,93.18,93.18,2138.0,CHRW
2023-06-20 11:27:00,93.3,93.31,93.27,93.305,4015.0,CHRW
2023-06-20 11:26:00,93.35,93.35,93.3,93.3,8291.0,CHRW
2023-06-20 11:25:00,93.38,93.38,93.28,93.28,3094.0,CHRW
2023-06-20 11:23:00,93.46,93.49,93.395,93.395,4452.0,CHRW
2023-06-20 11:22:00,93.54,93.54,93.39,93.39,1683.0,CHRW
2023-06-20 11:20:00,93.59,93.59,93.59,93.59,911.0,CHRW
2023-06-20 11:19:00,93.7,93.7,93.62,93.62,525.0,CHRW
2023-06-20 11:18:00,93.59,93.68,93.59,93.68,1749.0,CHRW
2023-06-20 11:17:00,93.6,93.62,93.6,93.62,806.0,CHRW
2023-06-20 11:16:00,93.63,93.67,93.62,93.67,706.0,CHRW
2023-06-20 11:15:00,93.68,93.68,93.68,93.68,527.0,CHRW
2023-06-20 11:14:00,93.72,93.78,93.72,93.72,2071.0,CHRW
2023-06-20 11:13:00,94.02,94.02,93.76,93.76,4039.0,CHRW
2023-06-20 11:12:00,94.05,94.05,94.02,94.02,468.0,CHRW
2023-06-20 11:11:00,94.01,94.01,94.01,94.01,1029.0,CHRW
2023-06-20 11:10:00,94.03,94.03,93.95,93.985,573.0,CHRW
2023-06-20 11:09:00,94.05,94.065,94.05,94.065,359.0,CHRW
2023-06-20 11:08:00,94.09,94.09,94.09,94.09,646.0,CHRW
2023-06-20 11:07:00,94.2,94.22,94.115,94.115,2319.0,CHRW
2023-06-20 11:06:00,94.1,94.2,94.1,94.2,1134.0,CHRW
2023-06-20 11:05:00,94.09,94.09,94.09,94.09,420.0,CHRW
2023-06-20 11:04:00,94.215,94.215,94.09,94.11,2530.0,CHRW
2023-06-20 11:03:00,94.24,94.24,94.24,94.24,452.0,CHRW
2023-06-20 11:02:00,94.08,94.17,94.08,94.17,1187.0,CHRW
2023-06-20 11:01:00,94.07,94.07,94.07,94.07,447.0,CHRW
2023-06-20 11:00:00,94.0,94.09,94.0,94.06,3627.0,CHRW
2023-06-20 10:59:00,93.97,94.02,93.97,94.01,2277.0,CHRW
2023-06-20 10:58:00,93.96,93.985,93.94,93.985,2293.0,CHRW
2023-06-20 10:57:00,93.925,93.96,93.9,93.959,6194.0,CHRW
2023-06-20 10:56:00,93.91,93.95,93.905,93.95,624.0,CHRW
2023-06-20 10:55:00,93.892,93.936,93.87,93.91,2102.0,CHRW
2023-06-20 10:54:00,93.942,93.942,93.89,93.9,3178.0,CHRW
2023-06-20 10:53:00,93.89,93.935,93.89,93.935,1126.0,CHRW
2023-06-20 10:52:00,93.93,93.93,93.89,93.89,590.0,CHRW
2023-06-20 10:51:00,93.9,93.925,93.9,93.925,602.0,CHRW
2023-06-20 10:50:00,93.9,93.99,93.9,93.99,1050.0,CHRW
2023-06-20 10:49:00,93.92,93.96,93.89,93.96,1243.0,CHRW
2023-06-20 10:48:00,93.99,93.99,93.955,93.955,1152.0,CHRW
2023-06-20 10:47:00,93.925,93.96,93.925,93.96,932.0,CHRW
2023-06-20 10:46:00,94.01,94.01,93.88,93.88,1257.0,CHRW
2023-06-20 10:45:00,93.965,94.035,93.95,94.035,1149.0,CHRW
2023-06-20 10:44:00,93.85,93.91,93.85,93.91,506.0,CHRW
2023-06-20 10:43:00,93.93,93.955,93.91,93.91,1158.0,CHRW
2023-06-20 10:42:00,93.945,94.03,93.93,93.95,1928.0,CHRW
2023-06-20 10:41:00,93.9,93.92,93.9,93.92,855.0,CHRW
2023-06-20 10:40:00,93.83,93.84,93.785,93.84,1046.0,CHRW
2023-06-20 10:39:00,93.96,93.96,93.81,93.84,2638.0,CHRW
2023-06-20 10:38:00,93.95,93.96,93.95,93.95,1081.0,CHRW
2023-06-20 10:37:00,93.93,93.93,93.93,93.93,1564.0,CHRW
2023-06-20 10:36:00,93.96,93.96,93.96,93.96,444.0,CHRW
2023-06-20 10:35:00,93.83,93.99,93.83,93.99,2746.0,CHRW
2023-06-20 10:34:00,93.92,93.92,93.86,93.87,1285.0,CHRW
2023-06-20 10:33:00,93.78,93.985,93.78,93.92,3988.0,CHRW
2023-06-20 10:32:00,93.745,93.81,93.745,93.77,3606.0,CHRW
2023-06-20 10:31:00,93.73,93.775,93.73,93.769,1168.0,CHRW
2023-06-20 10:30:00,93.76,93.79,93.73,93.785,666.0,CHRW
2023-06-20 10:29:00,93.75,93.79,93.72,93.74,1784.0,CHRW
2023-06-20 10:28:00,93.79,93.805,93.74,93.75,2176.0,CHRW
2023-06-20 10:27:00,93.83,93.865,93.83,93.865,219.0,CHRW
2023-06-20 10:26:00,93.82,93.87,93.82,93.85,1795.0,CHRW
2023-06-20 10:25:00,93.84,93.86,93.82,93.82,936.0,CHRW
2023-06-20 10:24:00,93.88,93.885,93.87,93.87,1517.0,CHRW
2023-06-20 10:23:00,93.91,93.91,93.91,93.91,561.0,CHRW
2023-06-20 10:22:00,93.78,93.95,93.78,93.95,3384.0,CHRW
2023-06-20 10:21:00,94.03,94.03,93.81,93.81,2056.0,CHRW
2023-06-20 10:20:00,94.08,94.105,94.03,94.058,2942.0,CHRW
2023-06-20 10:19:00,94.16,94.16,94.11,94.115,1322.0,CHRW
2023-06-20 10:18:00,94.2,94.2,94.155,94.155,338.0,CHRW
2023-06-20 10:17:00,94.19,94.19,94.14,94.14,1198.0,CHRW
2023-06-20 10:16:00,94.28,94.285,94.19,94.19,2448.0,CHRW
2023-06-20 10:15:00,94.235,94.289,94.18,94.289,643.0,CHRW
2023-06-20 10:14:00,94.31,94.33,94.28,94.28,926.0,CHRW
2023-06-20 10:13:00,94.35,94.35,94.35,94.35,597.0,CHRW
2023-06-20 10:12:00,94.41,94.55,94.41,94.47,2597.0,CHRW
2023-06-20 10:11:00,94.416,94.416,94.38,94.38,2082.0,CHRW
2023-06-20 10:10:00,94.34,94.45,94.34,94.45,1195.0,CHRW
2023-06-20 10:09:00,94.29,94.295,94.29,94.295,348.0,CHRW
2023-06-20 10:08:00,94.27,94.28,94.26,94.26,1726.0,CHRW
2023-06-20 10:07:00,94.26,94.27,94.26,94.27,450.0,CHRW
2023-06-20 10:06:00,94.22,94.22,94.105,94.16,2516.0,CHRW
2023-06-20 10:05:00,94.13,94.215,94.13,94.215,580.0,CHRW
2023-06-20 10:04:00,94.175,94.175,94.02,94.09,3030.0,CHRW
2023-06-20 10:03:00,94.09,94.185,94.08,94.08,2213.0,CHRW
2023-06-20 10:02:00,94.22,94.295,94.1,94.1,1941.0,CHRW
2023-06-20 10:01:00,94.245,94.315,94.245,94.315,470.0,CHRW
2023-06-20 10:00:00,94.245,94.245,94.245,94.245,459.0,CHRW
2023-06-20 09:59:00,94.33,94.33,94.18,94.26,1540.0,CHRW
2023-06-20 09:58:00,94.275,94.355,94.24,94.24,1317.0,CHRW
2023-06-20 09:57:00,94.2,94.325,94.2,94.315,572.0,CHRW
2023-06-20 09:56:00,94.185,94.185,94.185,94.185,441.0,CHRW
2023-06-20 09:55:00,94.23,94.245,94.09,94.13,947.0,CHRW
2023-06-20 09:54:00,94.105,94.22,94.1,94.22,1811.0,CHRW
2023-06-20 09:53:00,94.11,94.11,94.105,94.11,514.0,CHRW
2023-06-20 09:52:00,93.88,94.08,93.88,94.08,805.0,CHRW
2023-06-20 09:51:00,93.96,93.96,93.87,93.88,1200.0,CHRW
2023-06-20 09:50:00,93.92,93.92,93.87,93.87,1087.0,CHRW
2023-06-20 09:48:00,94.01,94.04,93.95,94.03,1810.0,CHRW
2023-06-20 09:47:00,94.32,94.32,94.08,94.09,2853.0,CHRW
2023-06-20 09:46:00,94.42,94.5,94.41,94.5,1703.0,CHRW
2023-06-20 09:45:00,94.44,94.515,94.34,94.34,3809.0,CHRW
2023-06-20 09:44:00,94.585,94.59,94.58,94.59,1064.0,CHRW
2023-06-20 09:43:00,94.34,94.495,94.34,94.495,1423.0,CHRW
2023-06-20 09:42:00,94.03,94.24,94.03,94.24,2547.0,CHRW
2023-06-20 09:41:00,93.99,94.04,93.99,94.02,1465.0,CHRW
2023-06-20 09:40:00,94.03,94.06,93.99,94.06,2103.0,CHRW
2023-06-20 09:39:00,94.35,94.44,94.25,94.25,1620.0,CHRW
2023-06-20 09:38:00,93.66,94.325,93.66,94.325,3752.0,CHRW
2023-06-20 09:37:00,93.8,93.915,93.691,93.691,1070.0,CHRW
2023-06-20 09:36:00,93.925,94.0,93.81,93.94,2146.0,CHRW
2023-06-20 09:35:00,93.91,93.99,93.8,93.915,6883.0,CHRW
2023-06-20 09:34:00,93.89,94.06,93.69,93.89,7954.0,CHRW
2023-06-20 09:33:00,93.897,93.905,93.67,93.89,1579.0,CHRW
2023-06-20 09:32:00,93.37,94.03,93.37,93.905,5655.0,CHRW
2023-06-20 09:31:00,93.77,93.77,93.29,93.56,1359.0,CHRW
2023-06-20 09:30:00,94.07,94.52,93.84,93.89,15645.0,CHRW
2023-06-20 09:29:00,94.09,94.09,94.09,94.09,100.0,CHRW
2023-06-20 08:57:00,95.45,95.45,95.45,95.45,1.0,CHRW
2023-06-16 19:58:00,95.2,95.2,95.2,95.2,6.0,CHRW
2023-06-16 19:57:00,95.2,95.2,95.2,95.2,10.0,CHRW
2023-06-16 17:00:00,95.99,95.99,94.62,94.62,528.0,CHRW
2023-06-16 16:24:00,94.62,94.62,94.62,94.62,692.0,CHRW
2023-06-16 16:16:00,94.62,94.62,94.62,94.62,5404.0,CHRW
2023-06-16 16:14:00,94.61,94.62,94.61,94.62,5332.0,CHRW
2023-06-16 16:13:00,94.62,94.62,94.62,94.62,21089.0,CHRW
2023-06-16 16:11:00,94.62,94.62,94.62,94.62,346.0,CHRW
2023-06-16 16:09:00,94.62,94.62,94.62,94.62,1397.0,CHRW
2023-06-16 16:08:00,94.626,94.626,94.614,94.626,15901.0,CHRW
2023-06-16 16:05:00,94.621,94.621,93.85,94.62,10100.0,CHRW
2023-06-16 16:04:00,94.62,94.62,94.62,94.62,41244.0,CHRW
2023-06-16 16:03:00,94.62,94.62,94.62,94.62,912.0,CHRW
2023-06-16 16:02:00,94.62,94.625,94.618,94.621,2979.0,CHRW
2023-06-16 16:01:00,94.62,94.62,94.62,94.62,3063.0,CHRW
2023-06-16 16:00:00,94.61,94.62,94.61,94.62,1446320.0,CHRW
2023-06-16 15:59:00,94.59,94.61,94.54,94.61,36486.0,CHRW
2023-06-16 15:58:00,94.6,94.61,94.56,94.58,18028.0,CHRW
2023-06-16 15:57:00,94.52,94.65,94.52,94.61,19532.0,CHRW
2023-06-16 15:56:00,94.53,94.56,94.507,94.535,14732.0,CHRW
2023-06-16 15:55:00,94.59,94.625,94.48,94.532,27748.0,CHRW
2023-06-16 15:54:00,94.64,94.69,94.58,94.58,16808.0,CHRW
2023-06-16 15:53:00,94.76,94.81,94.69,94.69,9301.0,CHRW
2023-06-16 15:52:00,94.67,94.79,94.66,94.74,13440.0,CHRW
2023-06-16 15:51:00,94.55,94.71,94.55,94.66,16229.0,CHRW
2023-06-16 15:50:00,94.49,94.99,94.48,94.52,38391.0,CHRW
2023-06-16 15:49:00,94.43,94.49,94.43,94.49,11259.0,CHRW
2023-06-16 15:48:00,94.47,94.48,94.415,94.415,3626.0,CHRW
2023-06-16 15:47:00,94.46,94.495,94.41,94.495,11016.0,CHRW
2023-06-16 15:46:00,94.51,94.54,94.47,94.47,15181.0,CHRW
2023-06-16 15:45:00,94.53,94.56,94.46,94.52,12616.0,CHRW
2023-06-16 15:44:00,94.53,94.53,94.53,94.53,938.0,CHRW
2023-06-16 15:43:00,94.6,94.6,94.51,94.52,6155.0,CHRW
2023-06-16 15:42:00,94.73,94.73,94.59,94.59,5300.0,CHRW
2023-06-16 15:41:00,94.67,94.74,94.67,94.72,4871.0,CHRW
2023-06-16 15:40:00,94.8,94.805,94.66,94.67,5122.0,CHRW
2023-06-16 15:39:00,94.835,94.835,94.79,94.79,3217.0,CHRW
2023-06-16 15:38:00,94.82,94.84,94.8,94.84,4980.0,CHRW
2023-06-16 15:37:00,94.85,94.85,94.8,94.805,1731.0,CHRW
2023-06-16 15:36:00,94.875,94.93,94.86,94.86,8116.0,CHRW
2023-06-16 15:35:00,94.87,94.88,94.852,94.861,7743.0,CHRW
2023-06-16 15:34:00,94.9,94.92,94.9,94.91,5205.0,CHRW
2023-06-16 15:33:00,94.89,94.9,94.87,94.895,2306.0,CHRW
2023-06-16 15:32:00,94.96,94.97,94.9,94.91,4402.0,CHRW
2023-06-16 15:31:00,94.94,94.96,94.935,94.95,4068.0,CHRW
2023-06-16 15:30:00,94.97,94.97,94.922,94.94,11740.0,CHRW
2023-06-16 15:29:00,94.98,95.01,94.98,95.01,1326.0,CHRW
2023-06-16 15:28:00,94.96,94.982,94.95,94.951,2650.0,CHRW
2023-06-16 15:27:00,94.9,94.98,94.9,94.975,1818.0,CHRW
2023-06-16 15:26:00,94.91,94.91,94.91,94.91,241.0,CHRW
2023-06-16 15:25:00,94.835,94.95,94.827,94.95,4222.0,CHRW
2023-06-16 15:24:00,94.805,94.835,94.805,94.835,1877.0,CHRW
2023-06-16 15:23:00,94.8,94.81,94.795,94.805,1739.0,CHRW
2023-06-16 15:22:00,94.86,94.86,94.86,94.86,983.0,CHRW
2023-06-16 15:21:00,94.92,94.92,94.89,94.89,2524.0,CHRW
2023-06-16 15:20:00,94.87,94.95,94.87,94.87,5482.0,CHRW
2023-06-16 15:19:00,94.84,94.86,94.84,94.86,1068.0,CHRW
2023-06-16 15:18:00,94.84,94.84,94.8,94.81,1759.0,CHRW
2023-06-16 15:17:00,94.82,94.88,94.82,94.865,5207.0,CHRW
2023-06-16 15:16:00,94.91,94.91,94.82,94.85,3028.0,CHRW
2023-06-16 15:15:00,94.935,94.96,94.92,94.92,1364.0,CHRW
2023-06-16 15:14:00,94.985,94.985,94.94,94.94,1630.0,CHRW
2023-06-16 15:13:00,95.04,95.04,94.98,94.99,3734.0,CHRW
2023-06-16 15:12:00,95.0,95.06,94.99,95.055,4574.0,CHRW
2023-06-16 15:11:00,95.001,95.001,94.99,95.0,2627.0,CHRW
2023-06-16 15:10:00,94.96,95.02,94.935,95.01,6102.0,CHRW
2023-06-16 15:08:00,94.955,94.97,94.955,94.97,1359.0,CHRW
2023-06-16 15:07:00,95.0,95.0,94.95,94.955,1973.0,CHRW
2023-06-16 15:06:00,95.03,95.03,95.02,95.02,1934.0,CHRW
2023-06-16 15:05:00,95.04,95.055,95.04,95.055,498.0,CHRW
2023-06-16 15:04:00,95.03,95.065,95.03,95.065,875.0,CHRW
2023-06-16 15:02:00,94.958,94.97,94.957,94.97,696.0,CHRW
2023-06-16 15:01:00,94.97,94.97,94.92,94.951,2959.0,CHRW
2023-06-16 15:00:00,95.005,95.03,94.98,94.98,2649.0,CHRW
2023-06-16 14:59:00,95.02,95.02,95.01,95.02,1031.0,CHRW
2023-06-16 14:58:00,94.965,95.01,94.965,95.0,1875.0,CHRW
2023-06-16 14:57:00,94.95,94.98,94.94,94.97,4899.0,CHRW
2023-06-16 14:56:00,94.925,94.95,94.925,94.95,2573.0,CHRW
2023-06-16 14:55:00,94.95,94.95,94.912,94.93,5369.0,CHRW
2023-06-16 14:54:00,94.95,94.95,94.94,94.945,1527.0,CHRW
2023-06-16 14:53:00,94.97,95.0,94.94,94.95,4088.0,CHRW
2023-06-16 14:52:00,94.98,94.99,94.965,94.975,4199.0,CHRW
2023-06-16 14:51:00,94.97,94.97,94.95,94.95,724.0,CHRW
2023-06-16 14:50:00,95.0,95.0,94.99,94.99,483.0,CHRW
2023-06-16 14:48:00,94.88,94.89,94.87,94.89,2041.0,CHRW
2023-06-16 14:47:00,94.85,94.88,94.84,94.855,3201.0,CHRW
2023-06-16 14:46:00,94.85,94.87,94.85,94.85,901.0,CHRW
2023-06-16 14:45:00,94.85,94.85,94.849,94.85,641.0,CHRW
2023-06-16 14:44:00,94.9,94.9,94.86,94.86,1695.0,CHRW
2023-06-16 14:43:00,94.915,94.94,94.915,94.94,1329.0,CHRW
2023-06-16 14:42:00,94.815,94.88,94.815,94.85,2566.0,CHRW
2023-06-16 14:41:00,94.9,94.9,94.845,94.85,3643.0,CHRW
2023-06-16 14:40:00,94.92,94.92,94.92,94.92,296.0,CHRW
2023-06-16 14:39:00,94.915,94.915,94.915,94.915,394.0,CHRW
2023-06-16 14:38:00,94.91,94.91,94.91,94.91,233.0,CHRW
2023-06-16 14:36:00,94.89,94.905,94.88,94.905,2004.0,CHRW
2023-06-16 14:35:00,94.9,94.9,94.9,94.9,1002.0,CHRW
2023-06-16 14:34:00,94.96,94.96,94.915,94.915,1128.0,CHRW
2023-06-16 14:33:00,95.04,95.05,94.98,94.98,2788.0,CHRW
2023-06-16 14:32:00,95.02,95.04,95.02,95.02,1431.0,CHRW
2023-06-16 14:31:00,95.12,95.13,95.05,95.05,3796.0,CHRW
2023-06-16 14:30:00,95.11,95.11,95.1,95.11,1394.0,CHRW
2023-06-16 14:28:00,95.095,95.095,95.095,95.095,513.0,CHRW
2023-06-16 14:27:00,95.09,95.13,95.08,95.08,1502.0,CHRW
2023-06-16 14:26:00,95.07,95.07,95.07,95.07,492.0,CHRW
2023-06-16 14:25:00,95.15,95.15,95.12,95.12,998.0,CHRW
2023-06-16 14:24:00,95.17,95.17,95.15,95.15,535.0,CHRW
2023-06-16 14:23:00,95.18,95.184,95.18,95.184,724.0,CHRW
2023-06-16 14:20:00,95.18,95.18,95.18,95.18,803.0,CHRW
2023-06-16 14:18:00,95.17,95.17,95.17,95.17,309.0,CHRW
2023-06-16 14:16:00,95.18,95.2,95.18,95.2,994.0,CHRW
2023-06-16 14:15:00,95.17,95.17,95.17,95.17,613.0,CHRW
2023-06-16 14:14:00,95.18,95.18,95.145,95.15,946.0,CHRW
2023-06-16 14:13:00,95.17,95.22,95.17,95.22,3066.0,CHRW
2023-06-16 14:12:00,95.14,95.155,95.13,95.155,1551.0,CHRW
2023-06-16 14:10:00,95.151,95.21,95.15,95.2,2659.0,CHRW
2023-06-16 14:09:00,95.21,95.21,95.19,95.19,492.0,CHRW
2023-06-16 14:08:00,95.2,95.2,95.2,95.2,330.0,CHRW
2023-06-16 14:07:00,95.21,95.22,95.21,95.22,215.0,CHRW
2023-06-16 14:06:00,95.28,95.28,95.26,95.26,1388.0,CHRW
2023-06-16 14:05:00,95.32,95.32,95.3,95.3,1159.0,CHRW
2023-06-16 14:04:00,95.32,95.32,95.295,95.295,1130.0,CHRW
2023-06-16 14:02:00,95.343,95.343,95.32,95.32,1013.0,CHRW
2023-06-16 14:00:00,95.314,95.37,95.314,95.35,970.0,CHRW
2023-06-16 13:59:00,95.35,95.36,95.33,95.33,2498.0,CHRW
2023-06-16 13:58:00,95.35,95.35,95.35,95.35,470.0,CHRW
2023-06-16 13:57:00,95.305,95.305,95.305,95.305,171.0,CHRW
2023-06-16 13:56:00,95.31,95.31,95.3,95.3,1085.0,CHRW
2023-06-16 13:54:00,95.29,95.31,95.28,95.31,1240.0,CHRW
2023-06-16 13:52:00,95.25,95.25,95.25,95.25,626.0,CHRW
2023-06-16 13:51:00,95.326,95.326,95.28,95.28,1231.0,CHRW
2023-06-16 13:50:00,95.28,95.31,95.28,95.31,3021.0,CHRW
2023-06-16 13:49:00,95.23,95.23,95.23,95.23,122.0,CHRW
2023-06-16 13:47:00,95.31,95.325,95.27,95.27,2014.0,CHRW
2023-06-16 13:46:00,95.29,95.29,95.29,95.29,987.0,CHRW
2023-06-16 13:45:00,95.28,95.29,95.28,95.29,728.0,CHRW
2023-06-16 13:44:00,95.26,95.3,95.245,95.3,3031.0,CHRW
2023-06-16 13:43:00,95.23,95.23,95.225,95.225,456.0,CHRW
2023-06-16 13:42:00,95.24,95.24,95.24,95.24,233.0,CHRW
2023-06-16 13:38:00,95.18,95.23,95.18,95.23,2135.0,CHRW
2023-06-16 13:37:00,95.2,95.2,95.2,95.2,425.0,CHRW
2023-06-16 13:36:00,95.27,95.27,95.27,95.27,478.0,CHRW
2023-06-16 13:35:00,95.36,95.36,95.36,95.36,270.0,CHRW
2023-06-16 13:34:00,95.38,95.38,95.315,95.315,510.0,CHRW
2023-06-16 13:32:00,95.43,95.43,95.42,95.42,907.0,CHRW
2023-06-16 13:29:00,95.47,95.47,95.38,95.43,3444.0,CHRW
2023-06-16 13:27:00,95.47,95.47,95.43,95.43,1639.0,CHRW
2023-06-16 13:26:00,95.47,95.47,95.47,95.47,347.0,CHRW
2023-06-16 13:24:00,95.47,95.49,95.46,95.46,1138.0,CHRW
2023-06-16 13:23:00,95.505,95.505,95.47,95.47,2892.0,CHRW
2023-06-16 13:22:00,95.5,95.52,95.48,95.52,2419.0,CHRW
2023-06-16 13:21:00,95.54,95.54,95.525,95.525,340.0,CHRW
2023-06-16 13:20:00,95.54,95.54,95.54,95.54,142.0,CHRW
2023-06-16 13:19:00,95.525,95.54,95.525,95.54,597.0,CHRW
2023-06-16 13:18:00,95.5,95.5,95.5,95.5,743.0,CHRW
2023-06-16 13:17:00,95.49,95.49,95.48,95.48,651.0,CHRW
2023-06-16 13:15:00,95.5,95.53,95.49,95.49,1693.0,CHRW
2023-06-16 13:14:00,95.42,95.48,95.41,95.48,4035.0,CHRW
2023-06-16 13:13:00,95.44,95.45,95.44,95.45,357.0,CHRW
2023-06-16 13:12:00,95.44,95.44,95.44,95.44,287.0,CHRW
2023-06-16 13:11:00,95.435,95.435,95.435,95.435,252.0,CHRW
2023-06-16 13:10:00,95.465,95.465,95.43,95.45,2523.0,CHRW
2023-06-16 13:08:00,95.45,95.49,95.45,95.49,1682.0,CHRW
2023-06-16 13:07:00,95.4,95.4,95.4,95.4,273.0,CHRW
2023-06-16 13:06:00,95.49,95.49,95.41,95.425,951.0,CHRW
2023-06-16 13:05:00,95.51,95.51,95.51,95.51,539.0,CHRW
2023-06-16 13:04:00,95.54,95.54,95.54,95.54,139.0,CHRW
2023-06-16 13:03:00,95.555,95.555,95.555,95.555,233.0,CHRW
2023-06-16 13:02:00,95.565,95.565,95.565,95.565,190.0,CHRW
2023-06-16 13:01:00,95.565,95.565,95.565,95.565,625.0,CHRW
2023-06-16 12:59:00,95.56,95.56,95.51,95.55,2918.0,CHRW
2023-06-16 12:58:00,95.59,95.61,95.58,95.58,502.0,CHRW
2023-06-16 12:57:00,95.58,95.61,95.58,95.61,437.0,CHRW
2023-06-16 12:56:00,95.58,95.58,95.58,95.58,262.0,CHRW
2023-06-16 12:53:00,95.58,95.58,95.57,95.57,794.0,CHRW
2023-06-16 12:52:00,95.62,95.62,95.62,95.62,283.0,CHRW
2023-06-16 12:51:00,95.54,95.56,95.54,95.56,1864.0,CHRW
2023-06-16 12:49:00,95.52,95.52,95.5,95.51,1454.0,CHRW
2023-06-16 12:48:00,95.55,95.55,95.521,95.521,346.0,CHRW
2023-06-16 12:47:00,95.55,95.55,95.535,95.535,407.0,CHRW
2023-06-16 12:46:00,95.47,95.52,95.47,95.52,835.0,CHRW
2023-06-16 12:45:00,95.4,95.43,95.36,95.43,1299.0,CHRW
2023-06-16 12:44:00,95.48,95.48,95.44,95.441,1858.0,CHRW
2023-06-16 12:43:00,95.52,95.52,95.52,95.52,117.0,CHRW
2023-06-16 12:39:00,95.52,95.54,95.51,95.51,1211.0,CHRW
2023-06-16 12:37:00,95.44,95.51,95.44,95.51,2574.0,CHRW
2023-06-16 12:36:00,95.52,95.52,95.4,95.4,2243.0,CHRW
2023-06-16 12:35:00,95.56,95.56,95.52,95.52,1553.0,CHRW
2023-06-16 12:34:00,95.59,95.59,95.59,95.59,105.0,CHRW
2023-06-16 12:32:00,95.58,95.58,95.58,95.58,329.0,CHRW
2023-06-16 12:31:00,95.57,95.57,95.57,95.57,365.0,CHRW
2023-06-16 12:30:00,95.56,95.56,95.56,95.56,698.0,CHRW
2023-06-16 12:29:00,95.535,95.535,95.535,95.535,608.0,CHRW
2023-06-16 12:28:00,95.55,95.56,95.55,95.56,938.0,CHRW
2023-06-16 12:26:00,95.54,95.55,95.515,95.55,691.0,CHRW
2023-06-16 12:25:00,95.51,95.51,95.51,95.51,234.0,CHRW
2023-06-16 12:24:00,95.45,95.45,95.45,95.45,2726.0,CHRW
2023-06-16 12:23:00,95.43,95.43,95.43,95.43,751.0,CHRW
2023-06-16 12:22:00,95.45,95.51,95.45,95.45,7143.0,CHRW
2023-06-16 12:21:00,95.425,95.425,95.425,95.425,220.0,CHRW
2023-06-16 12:20:00,95.43,95.45,95.41,95.41,1539.0,CHRW
2023-06-16 12:19:00,95.45,95.45,95.42,95.42,640.0,CHRW
2023-06-16 12:18:00,95.415,95.45,95.415,95.45,2862.0,CHRW
2023-06-16 12:16:00,95.41,95.45,95.4,95.4,2701.0,CHRW
2023-06-16 12:15:00,95.4,95.42,95.385,95.41,1537.0,CHRW
2023-06-16 12:14:00,95.37,95.38,95.37,95.38,1033.0,CHRW
2023-06-16 12:13:00,95.41,95.41,95.41,95.41,635.0,CHRW
2023-06-16 12:12:00,95.34,95.39,95.34,95.39,1081.0,CHRW
2023-06-16 12:10:00,95.32,95.33,95.32,95.33,577.0,CHRW
2023-06-16 12:08:00,95.32,95.32,95.32,95.32,408.0,CHRW
2023-06-16 12:07:00,95.28,95.28,95.264,95.264,436.0,CHRW
2023-06-16 12:06:00,95.27,95.28,95.27,95.28,921.0,CHRW
2023-06-16 12:05:00,95.265,95.29,95.22,95.22,2450.0,CHRW
2023-06-16 12:03:00,95.25,95.25,95.25,95.25,1365.0,CHRW
2023-06-16 12:02:00,95.25,95.25,95.25,95.25,1368.0,CHRW
2023-06-16 12:01:00,95.24,95.25,95.209,95.209,2153.0,CHRW
2023-06-16 12:00:00,95.25,95.255,95.21,95.21,4423.0,CHRW
2023-06-16 11:59:00,95.25,95.25,95.2,95.2,2087.0,CHRW
2023-06-16 11:58:00,95.25,95.26,95.21,95.21,2151.0,CHRW
2023-06-16 11:57:00,95.25,95.25,95.24,95.24,793.0,CHRW
2023-06-16 11:56:00,95.16,95.24,95.16,95.24,695.0,CHRW
2023-06-16 11:55:00,95.09,95.13,95.09,95.13,1130.0,CHRW
2023-06-16 11:54:00,95.04,95.04,95.0,95.03,580.0,CHRW
2023-06-16 11:53:00,94.98,94.995,94.98,94.995,911.0,CHRW
2023-06-16 11:52:00,94.97,94.97,94.93,94.93,514.0,CHRW
2023-06-16 11:51:00,94.92,94.93,94.9,94.93,2112.0,CHRW
2023-06-16 11:49:00,94.84,94.96,94.84,94.919,1970.0,CHRW
2023-06-16 11:48:00,94.79,94.8,94.72,94.8,1876.0,CHRW
2023-06-16 11:46:00,94.79,94.91,94.79,94.91,2035.0,CHRW
2023-06-16 11:45:00,94.92,94.94,94.79,94.83,5907.0,CHRW
2023-06-16 11:44:00,95.0,95.01,94.97,94.97,1201.0,CHRW
2023-06-16 11:43:00,95.02,95.02,95.0,95.0,535.0,CHRW
2023-06-16 11:42:00,95.07,95.1,95.045,95.045,2686.0,CHRW
2023-06-16 11:41:00,95.16,95.16,95.08,95.08,977.0,CHRW
2023-06-16 11:40:00,95.14,95.16,95.12,95.13,4850.0,CHRW
2023-06-16 11:38:00,95.205,95.22,95.14,95.16,3412.0,CHRW
2023-06-16 11:37:00,95.251,95.251,95.17,95.17,1351.0,CHRW
2023-06-16 11:36:00,95.23,95.23,95.17,95.2,1704.0,CHRW
2023-06-16 11:35:00,95.375,95.375,95.17,95.17,2400.0,CHRW
2023-06-16 11:34:00,95.41,95.41,95.36,95.36,819.0,CHRW
2023-06-16 11:33:00,95.47,95.47,95.39,95.4,2436.0,CHRW
2023-06-16 11:32:00,95.47,95.5,95.47,95.5,1027.0,CHRW
2023-06-16 11:30:00,95.497,95.51,95.497,95.51,615.0,CHRW
2023-06-16 11:29:00,95.39,95.45,95.39,95.45,1427.0,CHRW
2023-06-16 11:27:00,95.315,95.315,95.315,95.315,296.0,CHRW
2023-06-16 11:26:00,95.38,95.38,95.3,95.3,1763.0,CHRW
2023-06-16 11:25:00,95.38,95.38,95.37,95.38,1960.0,CHRW
2023-06-16 11:24:00,95.407,95.49,95.38,95.38,4817.0,CHRW
2023-06-16 11:23:00,95.46,95.46,95.4,95.4,4305.0,CHRW
2023-06-16 11:22:00,95.525,95.525,95.49,95.49,710.0,CHRW
2023-06-16 11:20:00,95.47,95.58,95.47,95.58,1007.0,CHRW
2023-06-16 11:19:00,95.43,95.52,95.41,95.52,2858.0,CHRW
2023-06-16 11:18:00,95.465,95.465,95.465,95.465,147.0,CHRW
2023-06-16 11:17:00,95.5,95.5,95.42,95.42,2014.0,CHRW
2023-06-16 11:16:00,95.6,95.6,95.56,95.56,831.0,CHRW
2023-06-16 11:15:00,95.6,95.6,95.56,95.56,1362.0,CHRW
2023-06-16 11:14:00,95.63,95.63,95.6,95.6,1260.0,CHRW
2023-06-16 11:13:00,95.645,95.67,95.605,95.655,5333.0,CHRW
2023-06-16 11:12:00,95.635,95.65,95.6,95.65,1100.0,CHRW
2023-06-16 11:11:00,95.58,95.65,95.58,95.63,1140.0,CHRW
2023-06-16 11:09:00,95.58,95.58,95.58,95.58,293.0,CHRW
2023-06-16 11:07:00,95.49,95.55,95.49,95.55,1194.0,CHRW
2023-06-16 11:06:00,95.55,95.55,95.5,95.5,558.0,CHRW
2023-06-16 11:05:00,95.655,95.655,95.56,95.56,1037.0,CHRW
2023-06-16 11:04:00,95.655,95.655,95.655,95.655,241.0,CHRW
2023-06-16 11:03:00,95.66,95.66,95.66,95.66,513.0,CHRW
2023-06-16 11:02:00,95.7,95.71,95.65,95.65,2295.0,CHRW
2023-06-16 11:00:00,95.76,95.79,95.68,95.79,2503.0,CHRW
2023-06-16 10:59:00,95.64,95.76,95.63,95.76,2712.0,CHRW
2023-06-16 10:58:00,95.6,95.63,95.56,95.56,801.0,CHRW
2023-06-16 10:57:00,95.68,95.68,95.56,95.6,3408.0,CHRW
2023-06-16 10:56:00,95.66,95.66,95.66,95.66,112.0,CHRW
2023-06-16 10:55:00,95.64,95.68,95.6,95.64,2671.0,CHRW
2023-06-16 10:54:00,95.48,95.54,95.48,95.54,6874.0,CHRW
2023-06-16 10:53:00,95.54,95.54,95.48,95.48,1192.0,CHRW
2023-06-16 10:52:00,95.485,95.5,95.485,95.5,611.0,CHRW
2023-06-16 10:50:00,95.456,95.456,95.405,95.405,887.0,CHRW
2023-06-16 10:49:00,95.43,95.55,95.43,95.535,1984.0,CHRW
2023-06-16 10:48:00,95.35,95.45,95.33,95.395,4567.0,CHRW
2023-06-16 10:47:00,95.455,95.455,95.455,95.455,261.0,CHRW
2023-06-16 10:45:00,95.22,95.36,95.16,95.36,1698.0,CHRW
2023-06-16 10:44:00,95.17,95.17,95.16,95.16,1127.0,CHRW
2023-06-16 10:43:00,95.21,95.22,95.07,95.07,1381.0,CHRW
2023-06-16 10:42:00,95.162,95.162,95.12,95.12,531.0,CHRW
2023-06-16 10:41:00,95.19,95.19,95.15,95.17,1507.0,CHRW
2023-06-16 10:40:00,95.25,95.25,95.25,95.25,865.0,CHRW
2023-06-16 10:39:00,95.165,95.25,95.165,95.25,1516.0,CHRW
2023-06-16 10:37:00,95.235,95.25,95.12,95.25,1630.0,CHRW
2023-06-16 10:36:00,95.25,95.25,95.25,95.25,433.0,CHRW
2023-06-16 10:35:00,95.33,95.33,95.25,95.25,2003.0,CHRW
2023-06-16 10:34:00,95.39,95.41,95.33,95.39,2380.0,CHRW
2023-06-16 10:33:00,95.47,95.47,95.395,95.395,642.0,CHRW
2023-06-16 10:32:00,95.465,95.465,95.43,95.43,505.0,CHRW
2023-06-16 10:31:00,95.455,95.485,95.4,95.485,380.0,CHRW
2023-06-16 10:30:00,95.495,95.495,95.34,95.36,1285.0,CHRW
2023-06-16 10:29:00,95.44,95.44,95.44,95.44,532.0,CHRW
2023-06-16 10:28:00,95.45,95.46,95.45,95.46,1228.0,CHRW
2023-06-16 10:27:00,95.5,95.5,95.37,95.37,598.0,CHRW
2023-06-16 10:26:00,95.455,95.48,95.315,95.47,1904.0,CHRW
2023-06-16 10:25:00,95.32,95.32,95.315,95.32,384.0,CHRW
2023-06-16 10:24:00,95.33,95.33,95.31,95.31,494.0,CHRW
2023-06-16 10:23:00,95.44,95.44,95.365,95.44,1488.0,CHRW
2023-06-16 10:22:00,95.505,95.505,95.505,95.505,218.0,CHRW
2023-06-16 10:21:00,95.34,95.5,95.34,95.5,5732.0,CHRW
2023-06-16 10:20:00,95.27,95.285,95.27,95.285,732.0,CHRW
2023-06-16 10:19:00,95.38,95.38,95.15,95.275,6461.0,CHRW
2023-06-16 10:18:00,95.44,95.44,95.32,95.33,1652.0,CHRW
2023-06-16 10:17:00,95.655,95.655,95.47,95.48,2095.0,CHRW
2023-06-16 10:16:00,95.52,95.595,95.43,95.585,1959.0,CHRW
2023-06-16 10:15:00,95.501,95.501,95.435,95.435,468.0,CHRW
2023-06-16 10:14:00,95.6,95.6,95.435,95.435,4004.0,CHRW
2023-06-16 10:13:00,95.605,95.635,95.565,95.6,4558.0,CHRW
2023-06-16 10:12:00,95.62,95.64,95.62,95.64,1221.0,CHRW
2023-06-16 10:11:00,95.59,95.6,95.56,95.575,994.0,CHRW
2023-06-16 10:10:00,95.67,95.75,95.65,95.67,2577.0,CHRW
2023-06-16 10:09:00,95.617,95.665,95.617,95.665,339.0,CHRW
2023-06-16 10:08:00,95.64,95.64,95.64,95.64,227.0,CHRW
2023-06-16 10:07:00,95.68,95.68,95.675,95.675,458.0,CHRW
2023-06-16 10:06:00,95.61,95.69,95.61,95.69,1721.0,CHRW
2023-06-16 10:04:00,95.605,95.605,95.605,95.605,203.0,CHRW
2023-06-16 10:03:00,95.67,95.69,95.56,95.61,3244.0,CHRW
2023-06-16 10:01:00,95.523,95.57,95.44,95.57,3966.0,CHRW
2023-06-16 10:00:00,95.55,95.59,95.4,95.54,4115.0,CHRW
2023-06-16 09:58:00,95.54,95.62,95.46,95.5,7424.0,CHRW
2023-06-16 09:56:00,95.7,95.7,95.575,95.67,2207.0,CHRW
2023-06-16 09:52:00,95.795,95.87,95.795,95.87,981.0,CHRW
2023-06-16 09:51:00,95.87,95.95,95.765,95.765,1403.0,CHRW
2023-06-16 09:50:00,95.82,95.82,95.82,95.82,1030.0,CHRW
2023-06-16 09:49:00,95.7,95.7,95.69,95.69,582.0,CHRW
2023-06-16 09:48:00,95.88,95.88,95.64,95.7,6027.0,CHRW
2023-06-16 09:47:00,95.85,95.85,95.835,95.835,451.0,CHRW
2023-06-16 09:46:00,95.975,95.975,95.77,95.875,2701.0,CHRW
2023-06-16 09:45:00,95.895,95.955,95.895,95.94,2988.0,CHRW
2023-06-16 09:44:00,95.85,95.96,95.85,95.96,1216.0,CHRW
2023-06-16 09:43:00,95.79,95.91,95.68,95.91,3348.0,CHRW
2023-06-16 09:42:00,95.68,95.81,95.68,95.8,2358.0,CHRW
2023-06-16 09:41:00,95.96,96.025,95.8,95.88,4303.0,CHRW
2023-06-16 09:40:00,95.95,96.065,95.95,96.035,2408.0,CHRW
2023-06-16 09:39:00,95.8,96.0,95.8,95.91,3853.0,CHRW
2023-06-16 09:38:00,95.745,95.8,95.745,95.799,1291.0,CHRW
2023-06-16 09:37:00,95.75,95.75,95.75,95.75,520.0,CHRW
2023-06-16 09:36:00,95.755,95.755,95.7,95.75,953.0,CHRW
2023-06-16 09:35:00,95.765,95.775,95.74,95.74,1398.0,CHRW
2023-06-16 09:34:00,95.78,95.875,95.62,95.62,1821.0,CHRW
2023-06-16 09:33:00,95.88,95.88,95.68,95.68,1522.0,CHRW
2023-06-16 09:32:00,95.99,96.0,95.98,96.0,1287.0,CHRW
2023-06-16 09:31:00,96.3,96.34,96.29,96.34,963.0,CHRW
2023-06-16 09:30:00,95.99,95.99,95.94,95.94,133428.0,CHRW
2023-06-16 09:29:00,95.91,96.05,95.84,95.84,1296.0,CHRW
2023-06-16 09:28:00,95.99,95.99,95.99,95.99,41.0,CHRW
2023-06-16 09:27:00,95.14,95.98,95.14,95.14,307.0,CHRW
2023-06-16 09:25:00,94.73,94.73,94.73,94.73,8.0,CHRW
2023-06-16 09:16:00,95.36,95.36,95.36,95.36,1.0,CHRW
2023-06-16 08:57:00,96.0,96.0,96.0,96.0,10.0,CHRW
2023-06-16 08:44:00,95.5,95.5,95.5,95.5,16.0,CHRW
2023-06-16 08:15:00,95.35,95.36,95.35,95.36,226.0,CHRW
