date,1. open,2. high,3. low,4. close,5. volume,Ticker
2023-05-26 16:00:00,94.34,94.34,94.34,94.34,110.0,CIGI
2023-05-26 15:59:00,94.43,94.47,94.33,94.33,2329.0,CIGI
2023-05-26 15:58:00,94.47,94.595,94.46,94.46,3344.0,CIGI
2023-05-26 15:57:00,94.48,94.48,94.48,94.48,216.0,CIGI
2023-05-26 15:50:00,94.52,94.52,94.51,94.51,394.0,CIGI
2023-05-26 15:40:00,94.56,94.56,94.56,94.56,457.0,CIGI
2023-05-26 15:33:00,94.49,94.49,94.47,94.47,350.0,CIGI
2023-05-26 15:31:00,94.56,94.56,94.56,94.56,234.0,CIGI
2023-05-26 15:26:00,94.47,94.47,94.47,94.47,100.0,CIGI
2023-05-26 15:21:00,94.515,94.515,94.515,94.515,114.0,CIGI
2023-05-26 15:14:00,94.64,94.64,94.63,94.63,264.0,CIGI
2023-05-26 15:01:00,94.67,94.67,94.66,94.66,538.0,CIGI
2023-05-26 15:00:00,94.555,94.555,94.555,94.555,230.0,CIGI
2023-05-26 14:59:00,94.64,94.64,94.64,94.64,792.0,CIGI
2023-05-26 14:57:00,94.7,94.7,94.66,94.66,890.0,CIGI
2023-05-26 14:52:00,94.79,94.8,94.71,94.71,1554.0,CIGI
2023-05-26 14:29:00,94.53,94.79,94.53,94.68,1411.0,CIGI
2023-05-26 14:23:00,94.53,94.53,94.53,94.53,101.0,CIGI
2023-05-26 14:12:00,94.54,94.63,94.54,94.63,411.0,CIGI
2023-05-26 14:08:00,94.53,94.53,94.53,94.53,101.0,CIGI
2023-05-26 14:05:00,94.5,94.5,94.48,94.48,233.0,CIGI
2023-05-26 13:47:00,94.46,94.46,94.46,94.46,119.0,CIGI
2023-05-26 13:42:00,94.55,94.55,94.55,94.55,397.0,CIGI
2023-05-26 13:39:00,94.6,94.6,94.6,94.6,100.0,CIGI
2023-05-26 13:37:00,94.67,94.67,94.63,94.63,300.0,CIGI
2023-05-26 13:34:00,94.62,94.75,94.62,94.72,513.0,CIGI
2023-05-26 13:33:00,94.5912,94.5912,94.5912,94.5912,100.0,CIGI
2023-05-26 13:29:00,94.58,94.58,94.56,94.56,645.0,CIGI
2023-05-26 13:24:00,94.64,94.69,94.64,94.69,551.0,CIGI
2023-05-26 13:21:00,94.74,94.74,94.56,94.725,2392.0,CIGI
2023-05-26 13:17:00,94.7,94.71,94.67,94.67,782.0,CIGI
2023-05-26 13:05:00,94.7,94.7,94.7,94.7,114.0,CIGI
2023-05-26 13:02:00,94.83,94.83,94.83,94.83,101.0,CIGI
2023-05-26 12:54:00,94.67,94.68,94.67,94.68,203.0,CIGI
2023-05-26 12:53:00,94.85,94.85,94.85,94.85,143.0,CIGI
2023-05-26 12:43:00,94.68,94.68,94.6,94.62,474.0,CIGI
2023-05-26 12:41:00,94.68,94.68,94.68,94.68,106.0,CIGI
2023-05-26 12:37:00,94.84,94.84,94.84,94.84,100.0,CIGI
2023-05-26 12:34:00,94.75,94.75,94.75,94.75,422.0,CIGI
2023-05-26 12:32:00,94.97,94.98,94.89,94.89,808.0,CIGI
2023-05-26 12:29:00,94.83,94.97,94.83,94.96,1337.0,CIGI
2023-05-26 12:27:00,94.85,94.87,94.85,94.87,454.0,CIGI
2023-05-26 12:25:00,94.82,94.82,94.82,94.82,134.0,CIGI
2023-05-26 12:21:00,94.75,94.75,94.75,94.75,246.0,CIGI
2023-05-26 12:17:00,94.79,94.79,94.79,94.79,201.0,CIGI
2023-05-26 12:16:00,94.94,94.94,94.845,94.845,673.0,CIGI
2023-05-26 12:06:00,95.035,95.035,95.035,95.035,301.0,CIGI
2023-05-26 12:01:00,94.74,94.74,94.74,94.74,336.0,CIGI
2023-05-26 11:57:00,94.54,94.54,94.51,94.51,392.0,CIGI
2023-05-26 11:41:00,94.41,94.43,94.41,94.42,710.0,CIGI
2023-05-26 11:20:00,94.17,94.17,94.17,94.17,262.0,CIGI
2023-05-26 11:18:00,94.36,94.36,94.36,94.36,100.0,CIGI
2023-05-26 11:12:00,94.24,94.24,94.23,94.23,206.0,CIGI
2023-05-26 11:11:00,94.4,94.4,94.32,94.32,734.0,CIGI
2023-05-26 11:07:00,94.58,94.58,94.37,94.37,428.0,CIGI
2023-05-26 11:06:00,94.56,94.56,94.56,94.56,113.0,CIGI
2023-05-26 11:05:00,94.77,94.77,94.77,94.77,101.0,CIGI
2023-05-26 11:04:00,94.7,94.76,94.7,94.75,1552.0,CIGI
2023-05-26 11:03:00,94.24,94.58,94.24,94.5,2045.0,CIGI
2023-05-26 11:01:00,93.95,93.97,93.95,93.97,664.0,CIGI
2023-05-26 10:56:00,93.74,93.74,93.74,93.74,259.0,CIGI
2023-05-26 10:43:00,94.33,94.33,94.33,94.33,525.0,CIGI
2023-05-26 10:41:00,94.35,94.41,94.35,94.41,333.0,CIGI
2023-05-26 10:31:00,94.291,94.33,94.29,94.33,744.0,CIGI
2023-05-26 10:27:00,94.22,94.265,94.22,94.265,636.0,CIGI
2023-05-26 10:22:00,94.235,94.235,94.235,94.235,100.0,CIGI
2023-05-26 10:14:00,93.8,93.8,93.77,93.77,463.0,CIGI
2023-05-26 10:11:00,93.81,93.81,93.81,93.81,260.0,CIGI
2023-05-26 10:10:00,93.81,93.86,93.81,93.86,505.0,CIGI
2023-05-26 09:48:00,94.14,94.14,94.14,94.14,103.0,CIGI
2023-05-26 09:47:00,93.74,93.74,93.74,93.74,156.0,CIGI
2023-05-26 09:44:00,94.15,94.15,94.12,94.12,319.0,CIGI
2023-05-26 09:30:00,93.55,93.64,93.55,93.64,400.0,CIGI
2023-05-25 15:59:00,93.86,93.86,93.68,93.68,2105.0,CIGI
2023-05-25 15:58:00,93.95,93.95,93.83,93.84,647.0,CIGI
2023-05-25 15:57:00,93.925,93.925,93.87,93.875,542.0,CIGI
2023-05-25 15:56:00,93.84,93.86,93.84,93.86,414.0,CIGI
2023-05-25 15:55:00,93.915,93.915,93.915,93.915,327.0,CIGI
2023-05-25 15:54:00,93.995,93.995,93.91,93.91,2393.0,CIGI
2023-05-25 15:52:00,93.935,94.05,93.935,94.04,336.0,CIGI
2023-05-25 15:51:00,93.935,93.935,93.935,93.935,103.0,CIGI
2023-05-25 15:50:00,93.97,93.97,93.92,93.92,1447.0,CIGI
2023-05-25 15:48:00,94.0,94.0,94.0,94.0,588.0,CIGI
2023-05-25 15:47:00,94.01,94.01,94.01,94.01,100.0,CIGI
2023-05-25 15:45:00,93.915,93.96,93.915,93.96,213.0,CIGI
2023-05-25 15:43:00,93.86,93.86,93.86,93.86,128.0,CIGI
2023-05-25 15:42:00,93.89,93.92,93.89,93.92,339.0,CIGI
2023-05-25 15:40:00,93.78,93.78,93.78,93.78,101.0,CIGI
2023-05-25 15:39:00,93.82,93.82,93.73,93.8,1951.0,CIGI
2023-05-25 15:38:00,93.8,93.845,93.73,93.73,960.0,CIGI
2023-05-25 15:29:00,93.75,93.75,93.75,93.75,100.0,CIGI
2023-05-25 15:28:00,93.71,93.745,93.71,93.745,317.0,CIGI
2023-05-25 15:25:00,93.635,93.635,93.635,93.635,101.0,CIGI
2023-05-25 15:24:00,93.68,93.7,93.68,93.69,856.0,CIGI
2023-05-25 15:18:00,93.71,93.71,93.71,93.71,101.0,CIGI
2023-05-25 15:17:00,93.62,93.62,93.62,93.62,120.0,CIGI
2023-05-25 15:13:00,93.67,93.76,93.63,93.71,1308.0,CIGI
2023-05-25 15:09:00,93.77,93.77,93.77,93.77,224.0,CIGI
2023-05-25 15:03:00,93.765,93.765,93.765,93.765,264.0,CIGI
2023-05-25 15:02:00,93.56,93.56,93.555,93.555,200.0,CIGI
2023-05-25 14:55:00,93.52,93.67,93.52,93.67,1339.0,CIGI
2023-05-25 14:54:00,93.49,93.49,93.49,93.49,123.0,CIGI
2023-05-25 14:48:00,93.36,93.42,93.34,93.42,1323.0,CIGI
2023-05-25 14:47:00,93.24,93.24,93.24,93.24,176.0,CIGI
2023-05-25 14:46:00,93.24,93.24,93.24,93.24,100.0,CIGI
2023-05-25 14:43:00,93.25,93.25,93.25,93.25,132.0,CIGI
2023-05-25 14:39:00,93.35,93.35,93.35,93.35,396.0,CIGI
2023-05-25 14:37:00,93.28,93.31,93.28,93.31,361.0,CIGI
2023-05-25 14:33:00,93.39,93.39,93.38,93.38,324.0,CIGI
2023-05-25 14:32:00,93.49,93.49,93.49,93.49,100.0,CIGI
2023-05-25 14:29:00,93.5,93.5,93.5,93.5,263.0,CIGI
2023-05-25 14:25:00,93.545,93.545,93.435,93.49,303.0,CIGI
2023-05-25 14:17:00,93.72,93.72,93.72,93.72,505.0,CIGI
2023-05-25 14:16:00,93.77,93.77,93.77,93.77,481.0,CIGI
2023-05-25 14:06:00,93.66,93.66,93.66,93.66,100.0,CIGI
2023-05-25 14:03:00,93.86,93.86,93.67,93.67,872.0,CIGI
2023-05-25 14:00:00,93.82,93.89,93.8,93.89,787.0,CIGI
2023-05-25 13:53:00,93.745,93.745,93.745,93.745,203.0,CIGI
2023-05-25 13:52:00,93.84,93.84,93.84,93.84,101.0,CIGI
2023-05-25 13:50:00,93.975,93.975,93.87,93.87,1551.0,CIGI
2023-05-25 13:44:00,93.92,93.92,93.92,93.92,313.0,CIGI
2023-05-25 13:43:00,94.01,94.01,94.01,94.01,104.0,CIGI
2023-05-25 13:37:00,94.03,94.035,94.03,94.035,200.0,CIGI
2023-05-25 13:29:00,93.825,93.825,93.825,93.825,100.0,CIGI
2023-05-25 13:21:00,93.67,93.73,93.67,93.7,466.0,CIGI
2023-05-25 13:14:00,93.56,93.56,93.56,93.56,267.0,CIGI
2023-05-25 13:12:00,93.49,93.49,93.49,93.49,437.0,CIGI
2023-05-25 13:02:00,93.2417,93.2417,93.2417,93.2417,200.0,CIGI
2023-05-25 12:59:00,93.25,93.39,93.22,93.36,3067.0,CIGI
2023-05-25 12:46:00,93.2,93.23,93.2,93.23,410.0,CIGI
2023-05-25 12:45:00,93.005,93.2,93.005,93.08,861.0,CIGI
2023-05-25 12:39:00,93.03,93.03,93.03,93.03,104.0,CIGI
2023-05-25 12:30:00,93.05,93.05,93.05,93.05,105.0,CIGI
2023-05-25 12:25:00,93.07,93.07,93.07,93.07,100.0,CIGI
2023-05-25 12:23:00,93.1,93.1,92.99,92.99,721.0,CIGI
2023-05-25 12:05:00,93.3,93.3,93.3,93.3,331.0,CIGI
2023-05-25 11:57:00,93.18,93.18,93.18,93.18,119.0,CIGI
2023-05-25 11:54:00,93.14,93.14,93.05,93.05,300.0,CIGI
2023-05-25 11:52:00,92.9,92.9,92.875,92.875,309.0,CIGI
2023-05-25 11:43:00,92.72,92.72,92.72,92.72,101.0,CIGI
2023-05-25 11:40:00,92.71,92.71,92.71,92.71,253.0,CIGI
2023-05-25 11:31:00,92.72,92.88,92.72,92.88,2047.0,CIGI
2023-05-25 11:24:00,92.9,92.9,92.9,92.9,115.0,CIGI
2023-05-25 11:22:00,92.69,92.88,92.69,92.88,985.0,CIGI
2023-05-25 11:16:00,92.67,92.67,92.67,92.67,101.0,CIGI
2023-05-25 10:59:00,92.51,92.51,92.42,92.42,202.0,CIGI
2023-05-25 10:55:00,92.57,92.57,92.57,92.57,215.0,CIGI
2023-05-25 10:53:00,92.595,92.595,92.595,92.595,779.0,CIGI
2023-05-25 10:52:00,92.54,92.54,92.54,92.54,100.0,CIGI
2023-05-25 10:48:00,92.5,92.645,92.5,92.57,1212.0,CIGI
2023-05-25 10:45:00,92.62,92.63,92.62,92.63,401.0,CIGI
2023-05-25 10:44:00,92.65,92.66,92.65,92.66,330.0,CIGI
2023-05-25 10:32:00,92.475,92.475,92.475,92.475,112.0,CIGI
2023-05-25 10:30:00,92.4,92.4,92.4,92.4,100.0,CIGI
2023-05-25 10:29:00,92.32,92.425,92.32,92.425,431.0,CIGI
2023-05-25 10:18:00,92.46,92.46,92.46,92.46,101.0,CIGI
2023-05-25 10:17:00,92.45,92.45,92.45,92.45,120.0,CIGI
2023-05-25 10:15:00,92.27,92.27,92.27,92.27,534.0,CIGI
2023-05-25 10:12:00,92.1,92.1,92.1,92.1,213.0,CIGI
2023-05-25 10:11:00,92.1,92.1,92.1,92.1,100.0,CIGI
2023-05-25 10:09:00,92.46,92.46,92.3,92.3,224.0,CIGI
2023-05-25 09:59:00,92.46,92.46,92.46,92.46,366.0,CIGI
2023-05-25 09:48:00,92.59,92.59,92.59,92.59,105.0,CIGI
2023-05-25 09:45:00,92.29,92.48,92.28,92.48,1011.0,CIGI
2023-05-25 09:40:00,92.02,92.02,92.02,92.02,106.0,CIGI
2023-05-25 09:39:00,92.48,92.55,92.0,92.01,4854.0,CIGI
2023-05-25 09:30:00,92.12,92.12,92.12,92.12,206.0,CIGI
2023-05-24 15:59:00,91.96,92.02,91.92,92.02,1313.0,CIGI
2023-05-24 15:58:00,92.01,92.04,92.01,92.04,565.0,CIGI
2023-05-24 15:56:00,91.93,91.97,91.91,91.97,1080.0,CIGI
2023-05-24 15:55:00,91.995,91.995,91.91,91.91,545.0,CIGI
2023-05-24 15:53:00,91.96,91.96,91.96,91.96,122.0,CIGI
2023-05-24 15:52:00,92.025,92.025,92.025,92.025,101.0,CIGI
2023-05-24 15:51:00,92.005,92.005,92.005,92.005,140.0,CIGI
2023-05-24 15:50:00,92.0,92.01,91.9,91.9,650.0,CIGI
2023-05-24 15:49:00,92.09,92.12,92.09,92.12,209.0,CIGI
2023-05-24 15:46:00,92.16,92.16,92.16,92.16,102.0,CIGI
2023-05-24 15:45:00,92.07,92.16,92.07,92.16,502.0,CIGI
2023-05-24 15:44:00,92.155,92.185,92.1,92.1,1120.0,CIGI
2023-05-24 15:43:00,92.25,92.25,92.25,92.25,100.0,CIGI
2023-05-24 15:42:00,92.2,92.2,92.2,92.2,143.0,CIGI
2023-05-24 15:41:00,92.32,92.33,92.25,92.25,3901.0,CIGI
2023-05-24 15:40:00,92.48,92.48,92.34,92.44,1852.0,CIGI
2023-05-24 15:39:00,92.59,92.59,92.59,92.59,102.0,CIGI
2023-05-24 15:33:00,92.565,92.565,92.565,92.565,153.0,CIGI
2023-05-24 15:32:00,92.57,92.59,92.57,92.59,255.0,CIGI
2023-05-24 15:31:00,92.53,92.56,92.53,92.56,473.0,CIGI
2023-05-24 15:28:00,92.34,92.34,92.34,92.34,127.0,CIGI
2023-05-24 15:23:00,92.5,92.5,92.5,92.5,106.0,CIGI
2023-05-24 15:19:00,92.565,92.565,92.565,92.565,232.0,CIGI
2023-05-24 15:18:00,92.54,92.57,92.54,92.57,432.0,CIGI
2023-05-24 15:10:00,92.44,92.46,92.44,92.46,599.0,CIGI
2023-05-24 15:05:00,92.19,92.31,92.19,92.31,1207.0,CIGI
2023-05-24 15:00:00,92.115,92.115,92.115,92.115,105.0,CIGI
2023-05-24 14:57:00,92.15,92.15,92.15,92.15,100.0,CIGI
2023-05-24 14:54:00,92.07,92.15,92.07,92.15,776.0,CIGI
2023-05-24 14:53:00,92.175,92.175,92.175,92.175,392.0,CIGI
2023-05-24 14:48:00,92.185,92.185,92.185,92.185,100.0,CIGI
2023-05-24 14:37:00,91.87,91.96,91.87,91.96,640.0,CIGI
2023-05-24 14:33:00,91.28,91.68,91.28,91.68,5636.0,CIGI
2023-05-24 14:27:00,91.38,91.38,91.38,91.38,100.0,CIGI
2023-05-24 14:24:00,91.38,91.38,91.325,91.325,425.0,CIGI
2023-05-24 14:22:00,91.31,91.33,91.31,91.33,201.0,CIGI
2023-05-24 14:19:00,91.39,91.39,91.39,91.39,196.0,CIGI
2023-05-24 14:11:00,91.48,91.53,91.48,91.53,549.0,CIGI
2023-05-24 14:09:00,91.48,91.48,91.48,91.48,185.0,CIGI
2023-05-24 14:08:00,91.49,91.49,91.485,91.485,205.0,CIGI
2023-05-24 14:00:00,91.595,91.595,91.595,91.595,100.0,CIGI
2023-05-24 13:59:00,91.595,91.595,91.595,91.595,109.0,CIGI
2023-05-24 13:52:00,91.68,91.69,91.68,91.69,450.0,CIGI
2023-05-24 13:45:00,91.74,91.74,91.74,91.74,462.0,CIGI
2023-05-24 13:36:00,91.75,91.86,91.75,91.8,906.0,CIGI
2023-05-24 13:34:00,91.54,91.54,91.54,91.54,100.0,CIGI
2023-05-24 13:27:00,91.53,91.53,91.52,91.52,302.0,CIGI
2023-05-24 13:23:00,91.7,91.7,91.7,91.7,100.0,CIGI
2023-05-24 13:20:00,91.83,91.84,91.83,91.84,340.0,CIGI
2023-05-24 13:17:00,91.655,91.655,91.655,91.655,192.0,CIGI
2023-05-24 13:16:00,91.53,91.53,91.53,91.53,103.0,CIGI
2023-05-24 13:12:00,91.545,91.545,91.545,91.545,105.0,CIGI
2023-05-24 13:06:00,91.7,91.7,91.7,91.7,111.0,CIGI
2023-05-24 13:05:00,91.78,91.83,91.76,91.76,739.0,CIGI
2023-05-24 13:00:00,91.94,91.94,91.94,91.94,100.0,CIGI
2023-05-24 12:52:00,91.98,91.98,91.98,91.98,120.0,CIGI
2023-05-24 12:48:00,92.06,92.06,92.06,92.06,250.0,CIGI
2023-05-24 12:40:00,92.26,92.28,92.18,92.18,1989.0,CIGI
2023-05-24 12:36:00,92.085,92.085,92.085,92.085,100.0,CIGI
2023-05-24 12:31:00,91.955,91.955,91.95,91.95,201.0,CIGI
2023-05-24 12:28:00,91.95,92.13,91.95,92.13,250.0,CIGI
2023-05-24 12:16:00,92.315,92.315,92.315,92.315,100.0,CIGI
2023-05-24 12:12:00,92.39,92.39,92.18,92.18,642.0,CIGI
2023-05-24 12:06:00,92.4383,92.4383,92.4383,92.4383,500.0,CIGI
2023-05-24 12:05:00,92.63,92.72,92.62,92.62,302.0,CIGI
2023-05-24 12:04:00,92.49,92.49,92.49,92.49,100.0,CIGI
2023-05-24 11:58:00,92.425,92.425,92.425,92.425,100.0,CIGI
2023-05-24 11:54:00,92.69,92.69,92.69,92.69,133.0,CIGI
2023-05-24 11:33:00,92.87,92.87,92.87,92.87,358.0,CIGI
2023-05-24 11:29:00,92.9,92.91,92.87,92.87,1787.0,CIGI
2023-05-24 11:24:00,92.92,92.92,92.92,92.92,210.0,CIGI
2023-05-24 11:23:00,92.74,92.74,92.74,92.74,432.0,CIGI
2023-05-24 11:22:00,92.63,92.63,92.63,92.63,100.0,CIGI
2023-05-24 11:16:00,92.595,92.595,92.595,92.595,298.0,CIGI
2023-05-24 11:13:00,92.45,92.45,92.45,92.45,100.0,CIGI
2023-05-24 11:03:00,92.61,92.61,92.61,92.61,119.0,CIGI
2023-05-24 10:47:00,93.1,93.1,93.02,93.1,979.0,CIGI
2023-05-24 10:46:00,93.01,93.01,93.01,93.01,120.0,CIGI
2023-05-24 10:42:00,92.85,92.85,92.85,92.85,202.0,CIGI
2023-05-24 10:41:00,92.65,93.03,92.63,92.88,7634.0,CIGI
2023-05-24 10:35:00,92.45,92.45,92.45,92.45,436.0,CIGI
2023-05-24 10:02:00,93.02,93.02,93.02,93.02,404.0,CIGI
2023-05-24 09:54:00,92.75,93.07,92.75,93.07,1384.0,CIGI
2023-05-24 09:53:00,92.99,93.0,92.93,93.0,2595.0,CIGI
2023-05-24 09:51:00,93.07,93.13,93.07,93.13,610.0,CIGI
2023-05-24 09:50:00,93.14,93.14,93.14,93.14,147.0,CIGI
2023-05-24 09:48:00,93.25,93.29,93.17,93.18,1375.0,CIGI
2023-05-24 09:46:00,93.16,93.16,93.16,93.16,102.0,CIGI
2023-05-24 09:45:00,93.18,93.18,93.16,93.16,1308.0,CIGI
2023-05-24 09:44:00,93.34,93.34,93.34,93.34,100.0,CIGI
2023-05-24 09:30:00,94.18,94.18,94.18,94.18,183.0,CIGI
2023-05-23 15:59:00,94.59,94.67,94.59,94.64,2005.0,CIGI
2023-05-23 15:58:00,94.73,94.74,94.67,94.67,2083.0,CIGI
2023-05-23 15:57:00,94.66,94.74,94.65,94.68,2497.0,CIGI
2023-05-23 15:56:00,94.68,94.68,94.62,94.65,1438.0,CIGI
2023-05-23 15:54:00,94.67,94.67,94.67,94.67,134.0,CIGI
2023-05-23 15:53:00,94.6,94.68,94.595,94.68,783.0,CIGI
2023-05-23 15:51:00,94.52,94.69,94.495,94.69,3085.0,CIGI
2023-05-23 15:50:00,94.55,94.575,94.52,94.52,515.0,CIGI
2023-05-23 15:49:00,94.51,94.55,94.43,94.55,1502.0,CIGI
2023-05-23 15:47:00,94.59,94.59,94.59,94.59,182.0,CIGI
2023-05-23 15:46:00,94.54,94.54,94.54,94.54,130.0,CIGI
2023-05-23 15:45:00,94.66,94.66,94.56,94.56,208.0,CIGI
2023-05-23 15:44:00,94.66,94.66,94.66,94.66,113.0,CIGI
2023-05-23 15:42:00,94.64,94.64,94.64,94.64,103.0,CIGI
2023-05-23 15:41:00,94.495,94.635,94.495,94.635,1203.0,CIGI
2023-05-23 15:40:00,94.445,94.445,94.445,94.445,105.0,CIGI
2023-05-23 15:37:00,94.4,94.4,94.4,94.4,115.0,CIGI
2023-05-23 15:30:00,94.39,94.39,94.37,94.37,276.0,CIGI
2023-05-23 15:29:00,94.14,94.44,94.08,94.42,5865.0,CIGI
2023-05-23 15:28:00,94.04,94.08,94.04,94.08,655.0,CIGI
2023-05-23 15:18:00,94.05,94.05,94.05,94.05,104.0,CIGI
2023-05-23 15:17:00,94.09,94.09,94.09,94.09,164.0,CIGI
2023-05-23 15:13:00,94.28,94.28,94.28,94.28,392.0,CIGI
2023-05-23 15:10:00,94.15,94.15,94.15,94.15,311.0,CIGI
2023-05-23 15:01:00,94.26,94.26,94.26,94.26,533.0,CIGI
2023-05-23 14:59:00,94.31,94.31,94.31,94.31,101.0,CIGI
2023-05-23 14:58:00,94.2708,94.2708,94.2708,94.2708,1068.0,CIGI
2023-05-23 14:57:00,94.34,94.34,94.34,94.34,113.0,CIGI
2023-05-23 14:53:00,94.335,94.335,94.335,94.335,300.0,CIGI
2023-05-23 14:50:00,94.315,94.42,94.315,94.32,407.0,CIGI
2023-05-23 14:45:00,94.3,94.3,94.3,94.3,126.0,CIGI
2023-05-23 14:43:00,94.35,94.35,94.35,94.35,411.0,CIGI
2023-05-23 14:37:00,94.34,94.34,94.279,94.279,347.0,CIGI
2023-05-23 14:32:00,94.54,94.54,94.54,94.54,276.0,CIGI
2023-05-23 14:30:00,94.44,94.44,94.44,94.44,140.0,CIGI
2023-05-23 14:28:00,94.33,94.33,94.33,94.33,939.0,CIGI
2023-05-23 14:25:00,94.23,94.23,94.23,94.23,105.0,CIGI
2023-05-23 14:24:00,94.235,94.235,94.235,94.235,198.0,CIGI
2023-05-23 14:22:00,94.24,94.26,94.24,94.25,828.0,CIGI
2023-05-23 14:18:00,94.5,94.5,94.48,94.48,451.0,CIGI
2023-05-23 14:12:00,94.61,94.61,94.61,94.61,184.0,CIGI
2023-05-23 14:10:00,94.84,94.84,94.84,94.84,381.0,CIGI
2023-05-23 14:09:00,94.68,94.68,94.68,94.68,729.0,CIGI
2023-05-23 14:08:00,94.7,95.12,94.63,94.71,12496.0,CIGI
2023-05-23 14:06:00,94.19,94.56,94.19,94.5,2190.0,CIGI
2023-05-23 14:03:00,93.965,94.12,93.901,94.01,2106.0,CIGI
2023-05-23 13:58:00,94.34,94.39,94.19,94.19,1719.0,CIGI
2023-05-23 13:54:00,94.36,94.36,94.28,94.28,1922.0,CIGI
2023-05-23 13:53:00,94.34,94.34,94.34,94.34,247.0,CIGI
2023-05-23 13:51:00,94.32,94.32,94.32,94.32,115.0,CIGI
2023-05-23 13:45:00,94.66,94.68,94.66,94.68,762.0,CIGI
2023-05-23 13:37:00,94.55,94.55,94.55,94.55,327.0,CIGI
2023-05-23 13:36:00,94.62,94.64,94.62,94.64,1083.0,CIGI
2023-05-23 13:30:00,94.55,94.55,94.55,94.55,356.0,CIGI
2023-05-23 13:20:00,95.17,95.17,95.17,95.17,334.0,CIGI
2023-05-23 13:11:00,95.56,95.56,95.56,95.56,100.0,CIGI
2023-05-23 13:08:00,95.335,95.335,95.335,95.335,150.0,CIGI
2023-05-23 13:07:00,95.7,95.7,95.7,95.7,581.0,CIGI
2023-05-23 13:05:00,95.65,95.65,95.63,95.63,392.0,CIGI
2023-05-23 13:02:00,95.735,95.735,95.735,95.735,100.0,CIGI
2023-05-23 13:01:00,95.735,95.735,95.735,95.735,100.0,CIGI
2023-05-23 12:57:00,95.73,95.73,95.73,95.73,113.0,CIGI
2023-05-23 12:51:00,95.79,95.79,95.79,95.79,295.0,CIGI
2023-05-23 12:43:00,95.73,95.73,95.73,95.73,113.0,CIGI
2023-05-23 12:35:00,95.89,95.89,95.87,95.87,697.0,CIGI
2023-05-23 12:22:00,95.97,95.99,95.97,95.99,388.0,CIGI
2023-05-23 12:12:00,95.99,96.02,95.955,95.955,567.0,CIGI
2023-05-23 12:11:00,95.61,95.99,95.59,95.98,3212.0,CIGI
2023-05-23 11:50:00,96.31,96.31,96.19,96.2,1168.0,CIGI
2023-05-23 11:49:00,96.36,96.36,96.36,96.36,100.0,CIGI
2023-05-23 11:27:00,96.56,96.57,96.48,96.57,667.0,CIGI
2023-05-23 11:24:00,96.6325,96.6325,96.63,96.63,200.0,CIGI
2023-05-23 11:23:00,96.59,96.59,96.59,96.59,152.0,CIGI
2023-05-23 11:17:00,96.99,96.99,96.97,96.97,637.0,CIGI
2023-05-23 11:15:00,96.99,96.99,96.99,96.99,104.0,CIGI
2023-05-23 11:12:00,97.015,97.02,96.98,96.98,505.0,CIGI
2023-05-23 11:11:00,97.02,97.02,97.01,97.01,200.0,CIGI
2023-05-23 11:08:00,97.11,97.14,97.1,97.1,300.0,CIGI
2023-05-23 11:06:00,97.21,97.21,96.945,96.945,1613.0,CIGI
2023-05-23 10:53:00,96.93,96.93,96.93,96.93,100.0,CIGI
2023-05-23 10:52:00,97.01,97.01,97.0,97.0,314.0,CIGI
2023-05-23 10:51:00,97.01,97.01,96.86,96.86,276.0,CIGI
2023-05-23 10:42:00,97.07,97.11,97.07,97.11,500.0,CIGI
2023-05-23 10:34:00,97.24,97.24,97.21,97.22,626.0,CIGI
2023-05-23 10:26:00,97.32,97.33,97.32,97.33,305.0,CIGI
2023-05-23 10:24:00,97.19,97.19,97.19,97.19,202.0,CIGI
2023-05-23 10:21:00,96.93,97.11,96.93,97.11,309.0,CIGI
2023-05-23 10:11:00,97.32,97.32,97.32,97.32,775.0,CIGI
2023-05-23 10:02:00,97.04,97.17,97.04,97.17,201.0,CIGI
2023-05-23 10:01:00,97.15,97.15,96.93,97.0187,1628.0,CIGI
2023-05-23 10:00:00,97.24,97.24,97.24,97.24,200.0,CIGI
2023-05-23 09:57:00,96.95,96.95,96.95,96.95,100.0,CIGI
2023-05-23 09:36:00,96.35,96.35,95.58,95.58,1065.0,CIGI
2023-05-23 09:34:00,96.02,96.02,96.02,96.02,200.0,CIGI
2023-05-23 09:30:00,95.8,95.8,95.8,95.8,272.0,CIGI
2023-05-22 15:59:00,95.89,95.9,95.69,95.7,2218.0,CIGI
2023-05-22 15:58:00,95.91,95.945,95.89,95.945,722.0,CIGI
2023-05-22 15:57:00,95.79,95.85,95.76,95.85,1400.0,CIGI
2023-05-22 15:55:00,95.74,95.74,95.74,95.74,169.0,CIGI
2023-05-22 15:52:00,95.68,95.75,95.68,95.75,206.0,CIGI
2023-05-22 15:49:00,95.71,95.71,95.71,95.71,252.0,CIGI
2023-05-22 15:47:00,95.69,95.69,95.68,95.68,247.0,CIGI
2023-05-22 15:41:00,95.82,95.82,95.82,95.82,396.0,CIGI
2023-05-22 15:40:00,95.88,95.88,95.88,95.88,349.0,CIGI
2023-05-22 15:39:00,95.92,95.92,95.92,95.92,258.0,CIGI
2023-05-22 15:38:00,95.95,95.95,95.95,95.95,168.0,CIGI
2023-05-22 15:30:00,96.03,96.03,96.03,96.03,371.0,CIGI
2023-05-22 15:24:00,96.05,96.05,96.05,96.05,101.0,CIGI
2023-05-22 15:21:00,96.03,96.03,96.03,96.03,124.0,CIGI
2023-05-22 14:55:00,96.06,96.11,96.06,96.105,710.0,CIGI
2023-05-22 14:52:00,96.21,96.25,96.18,96.18,707.0,CIGI
2023-05-22 14:47:00,96.065,96.065,96.065,96.065,130.0,CIGI
2023-05-22 14:45:00,96.06,96.06,96.06,96.06,114.0,CIGI
2023-05-22 14:33:00,95.97,95.97,95.97,95.97,282.0,CIGI
2023-05-22 14:32:00,96.02,96.02,96.02,96.02,110.0,CIGI
2023-05-22 14:29:00,95.97,96.03,95.97,96.03,485.0,CIGI
2023-05-22 13:42:00,95.93,96.0,95.93,96.0,726.0,CIGI
2023-05-22 13:19:00,95.72,95.72,95.72,95.72,233.0,CIGI
2023-05-22 13:14:00,95.73,95.73,95.73,95.73,321.0,CIGI
2023-05-22 13:12:00,95.835,95.835,95.835,95.835,123.0,CIGI
2023-05-22 12:43:00,95.92,95.92,95.92,95.92,347.0,CIGI
2023-05-22 12:42:00,95.92,95.92,95.92,95.92,191.0,CIGI
2023-05-22 12:34:00,95.98,95.98,95.91,95.91,303.0,CIGI
2023-05-22 12:32:00,96.0,96.01,95.99,96.0,603.0,CIGI
2023-05-22 12:31:00,96.08,96.09,96.05,96.07,899.0,CIGI
2023-05-22 12:09:00,96.2,96.2,96.2,96.2,124.0,CIGI
2023-05-22 11:59:00,95.9,95.9,95.9,95.9,241.0,CIGI
2023-05-22 11:47:00,95.6,95.6,95.6,95.6,202.0,CIGI
2023-05-22 11:30:00,95.48,95.58,95.48,95.58,478.0,CIGI
2023-05-22 10:57:00,95.265,95.265,95.265,95.265,100.0,CIGI
2023-05-22 10:41:00,95.2,95.2,95.2,95.2,828.0,CIGI
2023-05-22 10:40:00,95.375,95.375,95.375,95.375,106.0,CIGI
2023-05-22 10:15:00,95.3,95.3,95.3,95.3,200.0,CIGI
2023-05-22 10:14:00,94.775,94.775,94.775,94.775,101.0,CIGI
2023-05-22 09:44:00,95.01,95.01,95.01,95.01,127.0,CIGI
2023-05-22 09:41:00,95.62,95.62,95.62,95.62,100.0,CIGI
2023-05-22 09:36:00,95.69,95.69,95.69,95.69,100.0,CIGI
2023-05-22 09:33:00,94.86,96.01,94.86,95.92,2592.0,CIGI
2023-05-22 09:32:00,95.14,95.14,95.14,95.14,1147.0,CIGI
2023-05-22 09:30:00,95.19,95.19,95.19,95.19,113.0,CIGI
2023-05-19 16:00:00,95.13,95.13,95.13,95.13,144.0,CIGI
2023-05-19 15:59:00,95.035,95.07,94.99,95.07,2286.0,CIGI
2023-05-19 15:58:00,94.98,95.08,94.96,95.08,822.0,CIGI
2023-05-19 15:57:00,95.03,95.07,94.99,94.99,1528.0,CIGI
2023-05-19 15:56:00,94.95,94.95,94.95,94.95,507.0,CIGI
2023-05-19 15:52:00,95.09,95.09,95.08,95.08,565.0,CIGI
2023-05-19 15:51:00,95.11,95.13,95.1,95.1,964.0,CIGI
2023-05-19 15:49:00,95.05,95.05,94.93,94.93,256.0,CIGI
2023-05-19 15:47:00,95.25,95.25,95.25,95.25,406.0,CIGI
2023-05-19 15:45:00,95.34,95.34,95.34,95.34,701.0,CIGI
2023-05-19 15:42:00,95.29,95.29,95.25,95.25,396.0,CIGI
2023-05-19 15:33:00,95.33,95.33,95.33,95.33,156.0,CIGI
2023-05-19 15:30:00,95.25,95.25,95.25,95.25,108.0,CIGI
2023-05-19 15:28:00,95.17,95.2,95.17,95.2,670.0,CIGI
2023-05-19 15:21:00,95.13,95.13,95.11,95.11,268.0,CIGI
2023-05-19 15:20:00,95.2,95.2,95.2,95.2,100.0,CIGI
2023-05-19 15:14:00,95.16,95.16,95.16,95.16,362.0,CIGI
2023-05-19 15:07:00,95.1442,95.1442,95.1442,95.1442,502.0,CIGI
2023-05-19 15:02:00,95.2,95.2,95.2,95.2,160.0,CIGI
2023-05-19 14:51:00,94.9355,95.04,94.9355,95.04,898.0,CIGI
2023-05-19 14:44:00,94.9,94.9,94.9,94.9,507.0,CIGI
2023-05-19 14:30:00,94.95,94.95,94.95,94.95,104.0,CIGI
2023-05-19 14:28:00,95.14,95.14,95.14,95.14,540.0,CIGI
2023-05-19 14:27:00,95.181,95.181,95.181,95.181,100.0,CIGI
2023-05-19 14:25:00,95.27,95.27,95.27,95.27,210.0,CIGI
2023-05-19 14:19:00,95.21,95.21,95.21,95.21,498.0,CIGI
2023-05-19 14:17:00,95.16,95.17,95.16,95.17,497.0,CIGI
2023-05-19 14:16:00,95.235,95.235,95.235,95.235,101.0,CIGI
2023-05-19 14:15:00,95.235,95.235,95.235,95.235,100.0,CIGI
2023-05-19 14:01:00,95.15,95.15,95.15,95.15,267.0,CIGI
2023-05-19 13:59:00,95.01,95.01,94.99,95.0,424.0,CIGI
2023-05-19 13:44:00,95.17,95.17,95.17,95.17,254.0,CIGI
2023-05-19 13:42:00,95.2,95.2,95.2,95.2,105.0,CIGI
2023-05-19 13:27:00,95.02,95.02,95.02,95.02,235.0,CIGI
2023-05-19 13:26:00,95.07,95.07,95.07,95.07,170.0,CIGI
2023-05-19 13:16:00,94.97,94.97,94.97,94.97,123.0,CIGI
2023-05-19 13:11:00,94.99,94.99,94.99,94.99,146.0,CIGI
2023-05-19 13:01:00,94.93,94.93,94.93,94.93,138.0,CIGI
2023-05-19 12:57:00,94.8,94.8,94.8,94.8,108.0,CIGI
2023-05-19 12:31:00,94.45,94.45,94.45,94.45,110.0,CIGI
2023-05-19 12:30:00,94.47,94.47,94.47,94.47,624.0,CIGI
2023-05-19 12:25:00,94.53,94.53,94.53,94.53,120.0,CIGI
2023-05-19 12:17:00,94.57,94.57,94.525,94.525,406.0,CIGI
2023-05-19 12:16:00,94.66,94.69,94.66,94.69,677.0,CIGI
2023-05-19 12:02:00,94.47,94.47,94.45,94.45,512.0,CIGI
2023-05-19 11:59:00,94.52,94.52,94.52,94.52,232.0,CIGI
2023-05-19 11:42:00,94.36,94.36,94.36,94.36,328.0,CIGI
2023-05-19 11:37:00,94.61,94.62,94.52,94.52,668.0,CIGI
2023-05-19 11:30:00,94.7,94.7,94.7,94.7,100.0,CIGI
2023-05-19 11:28:00,94.73,94.73,94.73,94.73,268.0,CIGI
2023-05-19 11:27:00,94.73,94.73,94.73,94.73,123.0,CIGI
2023-05-19 11:21:00,94.85,94.98,94.85,94.98,577.0,CIGI
2023-05-19 11:19:00,94.8,94.8,94.76,94.76,218.0,CIGI
2023-05-19 11:12:00,95.01,95.01,94.9,94.9,405.0,CIGI
2023-05-19 11:11:00,95.1,95.1,95.1,95.1,381.0,CIGI
2023-05-19 11:01:00,95.29,95.29,95.29,95.29,101.0,CIGI
2023-05-19 10:54:00,95.17,95.17,95.17,95.17,128.0,CIGI
2023-05-19 10:53:00,95.15,95.15,95.15,95.15,531.0,CIGI
2023-05-19 10:52:00,95.0,95.0,95.0,95.0,100.0,CIGI
2023-05-19 10:50:00,95.07,95.07,95.03,95.03,272.0,CIGI
2023-05-19 10:36:00,95.15,95.16,95.1,95.1,561.0,CIGI
2023-05-19 10:35:00,95.2,95.2,95.2,95.2,139.0,CIGI
2023-05-19 10:20:00,95.24,95.24,95.24,95.24,430.0,CIGI
2023-05-19 10:16:00,95.16,95.16,95.16,95.16,133.0,CIGI
2023-05-19 10:15:00,95.19,95.19,95.19,95.19,105.0,CIGI
2023-05-19 10:05:00,95.275,95.275,95.16,95.16,368.0,CIGI
2023-05-19 10:02:00,95.28,95.4,95.11,95.385,1797.0,CIGI
2023-05-19 09:54:00,95.27,95.27,95.27,95.27,101.0,CIGI
2023-05-19 09:53:00,95.43,95.43,95.43,95.43,354.0,CIGI
2023-05-19 09:47:00,95.61,95.61,95.35,95.35,434.0,CIGI
2023-05-19 09:45:00,95.6,95.81,95.6,95.81,1316.0,CIGI
2023-05-19 09:42:00,95.34,95.34,95.34,95.34,100.0,CIGI
2023-05-19 09:40:00,95.32,95.62,95.32,95.62,300.0,CIGI
2023-05-19 09:38:00,95.52,95.52,95.52,95.52,100.0,CIGI
2023-05-19 09:36:00,95.39,95.39,95.39,95.39,209.0,CIGI
2023-05-19 09:30:00,95.71,95.71,95.71,95.71,173.0,CIGI
2023-05-18 15:59:00,95.1,95.12,94.95,94.995,2683.0,CIGI
2023-05-18 15:58:00,95.13,95.155,95.08,95.08,1936.0,CIGI
2023-05-18 15:57:00,95.26,95.26,95.19,95.22,2222.0,CIGI
2023-05-18 15:56:00,95.29,95.29,95.18,95.19,438.0,CIGI
2023-05-18 15:55:00,95.12,95.18,95.12,95.18,777.0,CIGI
2023-05-18 15:54:00,95.21,95.245,95.18,95.245,452.0,CIGI
2023-05-18 15:52:00,95.42,95.42,95.275,95.275,560.0,CIGI
2023-05-18 15:51:00,95.32,95.34,95.29,95.29,652.0,CIGI
2023-05-18 15:50:00,95.31,95.31,95.31,95.31,390.0,CIGI
2023-05-18 15:49:00,94.98,95.08,94.97,95.08,1015.0,CIGI
2023-05-18 15:47:00,94.85,94.975,94.85,94.92,1503.0,CIGI
2023-05-18 15:46:00,94.85,94.85,94.82,94.85,1852.0,CIGI
2023-05-18 15:45:00,94.9,94.935,94.815,94.815,2225.0,CIGI
2023-05-18 15:44:00,95.25,95.25,94.86,94.9,15056.0,CIGI
2023-05-18 15:43:00,95.18,95.265,95.18,95.265,948.0,CIGI
2023-05-18 15:42:00,95.14,95.14,95.14,95.14,330.0,CIGI
2023-05-18 15:41:00,95.07,95.07,95.07,95.07,518.0,CIGI
2023-05-18 15:40:00,95.04,95.04,94.97,94.97,1449.0,CIGI
2023-05-18 15:37:00,95.04,95.04,94.96,95.04,573.0,CIGI
2023-05-18 15:35:00,94.8219,94.8219,94.8219,94.8219,350.0,CIGI
2023-05-18 15:34:00,94.86,94.94,94.845,94.94,419.0,CIGI
2023-05-18 15:33:00,94.82,94.83,94.8,94.83,700.0,CIGI
2023-05-18 15:32:00,94.85,94.93,94.84,94.93,416.0,CIGI
2023-05-18 15:30:00,94.88,94.88,94.88,94.88,271.0,CIGI
2023-05-18 15:29:00,94.59,94.67,94.59,94.67,1100.0,CIGI
2023-05-18 15:28:00,94.6,94.6,94.6,94.6,200.0,CIGI
2023-05-18 15:27:00,94.59,94.6,94.59,94.6,269.0,CIGI
2023-05-18 15:24:00,94.59,94.59,94.59,94.59,214.0,CIGI
2023-05-18 15:23:00,94.52,94.52,94.52,94.52,205.0,CIGI
2023-05-18 15:22:00,94.52,94.52,94.52,94.52,586.0,CIGI
2023-05-18 15:20:00,94.53,94.53,94.53,94.53,231.0,CIGI
2023-05-18 15:17:00,94.405,94.405,94.405,94.405,207.0,CIGI
2023-05-18 15:16:00,94.5,94.5,94.5,94.5,300.0,CIGI
2023-05-18 15:13:00,94.5,94.5,94.495,94.5,380.0,CIGI
2023-05-18 15:12:00,94.39,94.39,94.34,94.34,695.0,CIGI
2023-05-18 15:10:00,94.5,94.5,94.5,94.5,174.0,CIGI
2023-05-18 15:09:00,94.55,94.61,94.49,94.57,1539.0,CIGI
2023-05-18 15:02:00,94.55,94.55,94.55,94.55,402.0,CIGI
2023-05-18 14:56:00,94.5,94.5,94.5,94.5,951.0,CIGI
2023-05-18 14:55:00,94.245,94.245,94.245,94.245,238.0,CIGI
2023-05-18 14:52:00,94.44,94.44,94.29,94.32,773.0,CIGI
2023-05-18 14:51:00,94.47,94.47,94.45,94.45,411.0,CIGI
2023-05-18 14:49:00,94.5,94.5,94.5,94.5,610.0,CIGI
2023-05-18 14:48:00,94.505,94.505,94.5,94.5,355.0,CIGI
2023-05-18 14:47:00,94.5,94.5,94.5,94.5,278.0,CIGI
2023-05-18 14:35:00,94.49,94.49,94.49,94.49,481.0,CIGI
2023-05-18 14:34:00,94.51,94.51,94.47,94.47,691.0,CIGI
2023-05-18 14:33:00,94.525,94.525,94.525,94.525,204.0,CIGI
2023-05-18 14:28:00,94.49,94.49,94.49,94.49,130.0,CIGI
2023-05-18 14:27:00,94.37,94.38,94.37,94.38,389.0,CIGI
2023-05-18 14:26:00,94.52,94.52,94.52,94.52,131.0,CIGI
2023-05-18 14:25:00,94.39,94.505,94.39,94.5,1307.0,CIGI
2023-05-18 14:24:00,94.37,94.38,94.37,94.38,738.0,CIGI
2023-05-18 14:23:00,94.38,94.38,94.38,94.38,201.0,CIGI
2023-05-18 14:22:00,94.37,94.37,94.24,94.24,208.0,CIGI
2023-05-18 14:21:00,94.38,94.38,94.38,94.38,100.0,CIGI
2023-05-18 14:20:00,94.38,94.38,94.38,94.38,100.0,CIGI
2023-05-18 14:19:00,94.38,94.38,94.38,94.38,100.0,CIGI
2023-05-18 14:18:00,94.38,94.38,94.38,94.38,200.0,CIGI
2023-05-18 14:15:00,94.33,94.35,94.33,94.35,1045.0,CIGI
2023-05-18 14:09:00,94.27,94.27,94.27,94.27,100.0,CIGI
2023-05-18 14:07:00,94.305,94.305,94.305,94.305,128.0,CIGI
2023-05-18 14:06:00,94.29,94.29,94.29,94.29,201.0,CIGI
2023-05-18 14:05:00,94.3,94.3,94.29,94.29,433.0,CIGI
2023-05-18 14:04:00,94.43,94.43,94.35,94.35,695.0,CIGI
2023-05-18 14:00:00,94.425,94.425,94.425,94.425,112.0,CIGI
2023-05-18 13:53:00,94.5,94.5,94.5,94.5,201.0,CIGI
2023-05-18 13:49:00,94.525,94.6,94.525,94.6,399.0,CIGI
2023-05-18 13:48:00,94.51,94.51,94.51,94.51,201.0,CIGI
2023-05-18 13:47:00,94.51,94.51,94.5,94.5,401.0,CIGI
2023-05-18 13:46:00,94.46,94.495,94.46,94.495,200.0,CIGI
2023-05-18 13:43:00,94.32,94.33,94.32,94.33,550.0,CIGI
2023-05-18 13:39:00,94.4,94.435,94.4,94.435,407.0,CIGI
2023-05-18 13:38:00,94.4,94.4,94.4,94.4,100.0,CIGI
2023-05-18 13:37:00,94.43,94.43,94.43,94.43,100.0,CIGI
2023-05-18 13:36:00,94.37,94.41,94.37,94.41,543.0,CIGI
2023-05-18 13:35:00,94.35,94.35,94.35,94.35,101.0,CIGI
2023-05-18 13:30:00,94.31,94.31,94.31,94.31,315.0,CIGI
2023-05-18 13:29:00,94.455,94.455,94.455,94.455,100.0,CIGI
2023-05-18 13:28:00,94.635,94.635,94.41,94.41,804.0,CIGI
2023-05-18 13:27:00,94.6,94.6,94.6,94.6,206.0,CIGI
2023-05-18 13:26:00,94.6,94.6,94.6,94.6,100.0,CIGI
2023-05-18 13:25:00,94.6,94.6,94.6,94.6,100.0,CIGI
2023-05-18 13:24:00,94.595,94.595,94.595,94.595,400.0,CIGI
2023-05-18 13:18:00,94.41,94.46,94.41,94.46,937.0,CIGI
2023-05-18 13:16:00,94.29,94.31,94.19,94.19,1897.0,CIGI
2023-05-18 13:15:00,94.47,94.47,94.31,94.31,608.0,CIGI
2023-05-18 13:14:00,94.395,94.395,94.395,94.395,131.0,CIGI
2023-05-18 13:10:00,95.16,95.17,94.84,94.85,8323.0,CIGI
2023-05-18 13:08:00,95.17,95.17,95.17,95.17,386.0,CIGI
2023-05-18 13:06:00,95.14,95.14,95.14,95.14,100.0,CIGI
2023-05-18 13:01:00,95.16,95.16,95.16,95.16,200.0,CIGI
2023-05-18 13:00:00,95.07,95.12,95.07,95.12,531.0,CIGI
2023-05-18 12:59:00,95.04,95.05,95.04,95.05,210.0,CIGI
2023-05-18 12:55:00,94.98,94.98,94.98,94.98,101.0,CIGI
2023-05-18 12:54:00,94.92,94.92,94.92,94.92,119.0,CIGI
2023-05-18 12:53:00,94.86,94.9,94.86,94.9,205.0,CIGI
2023-05-18 12:52:00,94.84,94.84,94.84,94.84,100.0,CIGI
2023-05-18 12:50:00,94.82,94.82,94.82,94.82,100.0,CIGI
2023-05-18 12:47:00,94.79,94.79,94.79,94.79,100.0,CIGI
2023-05-18 12:45:00,94.77,94.79,94.77,94.79,476.0,CIGI
2023-05-18 12:44:00,94.71,94.73,94.71,94.73,725.0,CIGI
2023-05-18 12:41:00,94.7,94.7,94.7,94.7,131.0,CIGI
2023-05-18 12:37:00,94.79,94.79,94.79,94.79,225.0,CIGI
2023-05-18 12:34:00,94.96,94.96,94.93,94.93,873.0,CIGI
2023-05-18 12:29:00,94.92,94.94,94.91,94.92,2205.0,CIGI
2023-05-18 12:23:00,95.13,95.14,95.13,95.14,206.0,CIGI
2023-05-18 12:22:00,94.908,94.93,94.8,94.91,3507.0,CIGI
2023-05-18 12:20:00,94.93,94.93,94.93,94.93,199.0,CIGI
2023-05-18 12:19:00,94.88,94.925,94.88,94.925,401.0,CIGI
2023-05-18 12:18:00,94.91,94.91,94.91,94.91,100.0,CIGI
2023-05-18 12:16:00,94.6,94.88,94.6,94.88,310.0,CIGI
2023-05-18 12:15:00,94.88,94.88,94.845,94.845,200.0,CIGI
2023-05-18 12:13:00,94.8,94.8,94.74,94.74,339.0,CIGI
2023-05-18 12:12:00,94.95,94.95,94.79,94.79,200.0,CIGI
2023-05-18 12:11:00,94.95,94.95,94.95,94.95,202.0,CIGI
2023-05-18 12:10:00,94.94,94.945,94.94,94.945,201.0,CIGI
2023-05-18 12:07:00,94.73,94.73,94.73,94.73,100.0,CIGI
2023-05-18 12:06:00,94.93,94.99,94.93,94.99,201.0,CIGI
2023-05-18 12:00:00,94.87,94.87,94.87,94.87,355.0,CIGI
2023-05-18 11:59:00,94.73,94.86,94.73,94.86,335.0,CIGI
2023-05-18 11:58:00,94.79,94.79,94.79,94.79,151.0,CIGI
2023-05-18 11:57:00,94.69,94.69,94.69,94.69,243.0,CIGI
2023-05-18 11:56:00,94.66,94.72,94.66,94.72,470.0,CIGI
2023-05-18 11:55:00,94.9599,94.99,94.959,94.99,600.0,CIGI
2023-05-18 11:54:00,94.95,94.96,94.865,94.96,802.0,CIGI
2023-05-18 11:52:00,94.825,94.825,94.825,94.825,117.0,CIGI
2023-05-18 11:51:00,94.87,94.9,94.83,94.83,301.0,CIGI
2023-05-18 11:49:00,94.67,94.67,94.67,94.67,268.0,CIGI
2023-05-18 11:43:00,94.51,94.54,94.51,94.54,573.0,CIGI
2023-05-18 11:30:00,94.3,94.3,94.3,94.3,168.0,CIGI
2023-05-18 11:21:00,93.95,93.95,93.95,93.95,110.0,CIGI
2023-05-18 11:15:00,93.79,93.79,93.75,93.75,404.0,CIGI
2023-05-18 11:08:00,94.1899,94.1899,94.1899,94.1899,200.0,CIGI
2023-05-18 11:02:00,94.0,94.04,93.99,94.04,1180.0,CIGI
2023-05-18 11:00:00,93.91,93.91,93.91,93.91,335.0,CIGI
2023-05-18 10:53:00,93.66,93.66,93.66,93.66,103.0,CIGI
2023-05-18 10:50:00,93.815,93.815,93.815,93.815,109.0,CIGI
2023-05-18 10:46:00,93.455,93.63,93.455,93.63,1266.0,CIGI
2023-05-18 10:44:00,93.69,93.69,93.52,93.52,604.0,CIGI
2023-05-18 10:41:00,93.8099,93.8099,93.8099,93.8099,107.0,CIGI
2023-05-18 10:40:00,93.79,93.79,93.79,93.79,127.0,CIGI
2023-05-18 10:36:00,93.865,93.865,93.865,93.865,100.0,CIGI
2023-05-18 10:35:00,93.95,93.95,93.7,93.76,1196.0,CIGI
2023-05-18 10:34:00,94.07,94.095,94.045,94.095,635.0,CIGI
2023-05-18 10:33:00,94.01,94.01,94.01,94.01,400.0,CIGI
2023-05-18 10:30:00,93.935,93.935,93.935,93.935,202.0,CIGI
2023-05-18 10:29:00,94.06,94.06,94.06,94.06,123.0,CIGI
2023-05-18 10:26:00,93.97,93.97,93.97,93.97,116.0,CIGI
2023-05-18 10:22:00,94.25,94.25,93.88,93.88,551.0,CIGI
2023-05-18 10:21:00,94.3,94.3,94.3,94.3,637.0,CIGI
2023-05-18 10:15:00,93.82,93.82,93.81,93.81,288.0,CIGI
2023-05-18 10:14:00,93.925,93.925,93.925,93.925,100.0,CIGI
2023-05-18 10:06:00,94.045,94.045,94.045,94.045,100.0,CIGI
2023-05-18 10:04:00,93.9189,93.9189,93.9189,93.9189,200.0,CIGI
2023-05-18 09:59:00,94.01,94.01,94.01,94.01,100.0,CIGI
2023-05-18 09:54:00,93.66,93.66,93.66,93.66,118.0,CIGI
2023-05-18 09:51:00,93.815,93.945,93.815,93.945,206.0,CIGI
2023-05-18 09:50:00,93.83,93.84,93.83,93.84,378.0,CIGI
2023-05-18 09:43:00,94.02,94.02,93.9,93.9,531.0,CIGI
2023-05-18 09:42:00,94.13,94.15,94.12,94.15,508.0,CIGI
2023-05-18 09:41:00,93.7,94.09,93.7,94.09,1545.0,CIGI
2023-05-18 09:40:00,93.66,93.66,93.66,93.66,201.0,CIGI
2023-05-18 09:35:00,94.075,94.075,94.075,94.075,133.0,CIGI
2023-05-18 09:30:00,93.71,93.71,93.71,93.71,140.0,CIGI
2023-05-17 16:00:00,93.7,93.7,93.7,93.7,1397.0,CIGI
2023-05-17 15:59:00,93.805,93.805,93.7,93.8,3411.0,CIGI
2023-05-17 15:58:00,93.83,93.83,93.82,93.83,1101.0,CIGI
2023-05-17 15:57:00,93.825,93.86,93.78,93.83,1241.0,CIGI
2023-05-17 15:56:00,93.875,93.875,93.825,93.825,680.0,CIGI
2023-05-17 15:55:00,93.85,93.88,93.85,93.875,899.0,CIGI
2023-05-17 15:54:00,93.77,93.77,93.77,93.77,376.0,CIGI
2023-05-17 15:53:00,93.755,93.755,93.62,93.62,319.0,CIGI
2023-05-17 15:52:00,93.865,93.865,93.76,93.76,361.0,CIGI
2023-05-17 15:51:00,93.78,93.91,93.76,93.91,3873.0,CIGI
2023-05-17 15:50:00,93.76,93.915,93.76,93.915,2645.0,CIGI
2023-05-17 15:49:00,93.925,93.96,93.72,93.72,681.0,CIGI
2023-05-17 15:48:00,93.99,93.99,93.99,93.99,195.0,CIGI
2023-05-17 15:47:00,93.98,94.08,93.885,93.98,5112.0,CIGI
2023-05-17 15:46:00,94.0,94.05,93.98,94.05,4522.0,CIGI
2023-05-17 15:45:00,93.94,94.03,93.93,94.03,2688.0,CIGI
2023-05-17 15:44:00,93.9625,93.9625,93.9,93.92,3831.0,CIGI
2023-05-17 15:42:00,93.89,93.94,93.89,93.94,1931.0,CIGI
2023-05-17 15:41:00,93.76,93.87,93.76,93.87,1668.0,CIGI
2023-05-17 15:40:00,93.77,93.77,93.735,93.735,340.0,CIGI
2023-05-17 15:39:00,93.62,93.79,93.6,93.77,1338.0,CIGI
2023-05-17 15:38:00,93.67,93.74,93.67,93.7,1569.0,CIGI
2023-05-17 15:37:00,93.7,93.74,93.69,93.69,641.0,CIGI
2023-05-17 15:36:00,93.71,93.77,93.6,93.765,2955.0,CIGI
2023-05-17 15:35:00,93.83,93.84,93.83,93.84,580.0,CIGI
2023-05-17 15:34:00,93.79,93.85,93.73,93.84,1020.0,CIGI
2023-05-17 15:33:00,93.69,93.77,93.69,93.77,701.0,CIGI
2023-05-17 15:32:00,93.82,93.82,93.76,93.77,449.0,CIGI
2023-05-17 15:31:00,93.62,93.77,93.62,93.75,655.0,CIGI
2023-05-17 15:30:00,93.67,93.73,93.67,93.73,840.0,CIGI
2023-05-17 15:29:00,93.495,93.73,93.495,93.73,1191.0,CIGI
2023-05-17 15:28:00,93.52,93.52,93.45,93.46,1579.0,CIGI
2023-05-17 15:27:00,93.6,93.6,93.59,93.59,603.0,CIGI
2023-05-17 15:26:00,93.64,93.64,93.64,93.64,305.0,CIGI
2023-05-17 15:25:00,93.4,93.58,93.39,93.58,1400.0,CIGI
2023-05-17 15:24:00,93.4,93.4,93.365,93.4,701.0,CIGI
2023-05-17 15:23:00,93.36,93.39,93.36,93.39,570.0,CIGI
2023-05-17 15:22:00,93.31,93.33,93.31,93.315,986.0,CIGI
2023-05-17 15:21:00,93.31,93.325,93.3,93.3,473.0,CIGI
2023-05-17 15:20:00,93.3,93.38,93.3,93.33,958.0,CIGI
2023-05-17 15:18:00,93.14,93.24,93.14,93.24,800.0,CIGI
2023-05-17 15:16:00,93.075,93.23,93.075,93.23,662.0,CIGI
2023-05-17 15:15:00,93.075,93.075,93.075,93.075,305.0,CIGI
2023-05-17 15:11:00,93.0,93.1,93.0,93.015,1434.0,CIGI
2023-05-17 15:10:00,92.93,93.0,92.93,93.0,809.0,CIGI
2023-05-17 15:08:00,92.8,92.84,92.8,92.84,501.0,CIGI
2023-05-17 15:07:00,92.65,92.79,92.65,92.79,378.0,CIGI
2023-05-17 15:05:00,92.565,92.565,92.565,92.565,175.0,CIGI
2023-05-17 15:04:00,92.61,92.61,92.61,92.61,201.0,CIGI
2023-05-17 15:03:00,92.52,92.56,92.52,92.55,749.0,CIGI
2023-05-17 15:02:00,92.49,92.49,92.49,92.49,312.0,CIGI
2023-05-17 15:01:00,92.46,92.46,92.46,92.46,201.0,CIGI
2023-05-17 15:00:00,92.43,92.46,92.43,92.46,703.0,CIGI
2023-05-17 14:52:00,92.32,92.32,92.32,92.32,544.0,CIGI
2023-05-17 14:47:00,92.45,92.45,92.45,92.45,100.0,CIGI
2023-05-17 14:46:00,92.37,92.4,92.37,92.4,340.0,CIGI
2023-05-17 14:45:00,92.26,92.26,92.26,92.26,790.0,CIGI
2023-05-17 14:44:00,92.27,92.27,92.27,92.27,201.0,CIGI
2023-05-17 14:41:00,92.32,92.32,92.32,92.32,202.0,CIGI
2023-05-17 14:40:00,92.28,92.31,92.28,92.31,973.0,CIGI
2023-05-17 14:37:00,92.23,92.23,92.23,92.23,468.0,CIGI
2023-05-17 14:36:00,92.15,92.25,92.15,92.25,826.0,CIGI
2023-05-17 14:34:00,92.09,92.09,92.09,92.09,315.0,CIGI
2023-05-17 14:26:00,92.04,92.04,92.04,92.04,111.0,CIGI
2023-05-17 14:23:00,92.11,92.11,92.11,92.11,101.0,CIGI
2023-05-17 14:22:00,92.03,92.03,92.03,92.03,300.0,CIGI
2023-05-17 14:19:00,92.2,92.2,92.2,92.2,505.0,CIGI
2023-05-17 14:11:00,92.1,92.1,92.1,92.1,235.0,CIGI
2023-05-17 14:10:00,92.06,92.085,92.06,92.085,788.0,CIGI
2023-05-17 14:07:00,92.2,92.2,92.109,92.109,532.0,CIGI
2023-05-17 14:01:00,92.25,92.25,92.25,92.25,672.0,CIGI
2023-05-17 14:00:00,92.34,92.38,92.31,92.32,1551.0,CIGI
2023-05-17 13:54:00,92.28,92.28,92.28,92.28,101.0,CIGI
2023-05-17 13:50:00,92.16,92.16,92.16,92.16,250.0,CIGI
2023-05-17 13:47:00,92.212,92.212,92.212,92.212,130.0,CIGI
2023-05-17 13:46:00,92.28,92.28,92.28,92.28,358.0,CIGI
2023-05-17 13:45:00,92.37,92.37,92.37,92.37,100.0,CIGI
2023-05-17 13:44:00,92.35,92.36,92.34,92.36,814.0,CIGI
2023-05-17 13:39:00,92.45,92.45,92.45,92.45,201.0,CIGI
2023-05-17 13:36:00,92.52,92.525,92.35,92.4,1497.0,CIGI
2023-05-17 13:35:00,92.565,92.59,92.565,92.59,857.0,CIGI
2023-05-17 13:34:00,92.56,92.56,92.56,92.56,110.0,CIGI
2023-05-17 13:33:00,92.62,92.62,92.58,92.58,267.0,CIGI
2023-05-17 13:25:00,92.5,92.5,92.5,92.5,100.0,CIGI
2023-05-17 13:22:00,92.57,92.57,92.57,92.57,256.0,CIGI
2023-05-17 13:20:00,92.45,92.46,92.45,92.46,479.0,CIGI
2023-05-17 13:13:00,92.35,92.395,92.35,92.395,636.0,CIGI
2023-05-17 13:06:00,92.38,92.38,92.38,92.38,472.0,CIGI
2023-05-17 13:02:00,92.47,92.47,92.47,92.47,101.0,CIGI
2023-05-17 12:52:00,92.36,92.36,92.36,92.36,438.0,CIGI
2023-05-17 12:43:00,92.17,92.18,92.14,92.18,482.0,CIGI
2023-05-17 12:21:00,92.11,92.11,92.11,92.11,232.0,CIGI
2023-05-17 12:08:00,92.08,92.11,92.08,92.11,525.0,CIGI
2023-05-17 12:05:00,92.09,92.09,92.09,92.09,139.0,CIGI
2023-05-17 12:01:00,91.93,91.93,91.93,91.93,300.0,CIGI
2023-05-17 11:54:00,92.21,92.21,92.21,92.21,353.0,CIGI
2023-05-17 11:44:00,92.22,92.26,92.22,92.22,576.0,CIGI
2023-05-17 11:31:00,92.16,92.19,92.16,92.19,354.0,CIGI
2023-05-17 11:27:00,92.19,92.19,92.19,92.19,110.0,CIGI
2023-05-17 11:26:00,92.01,92.01,92.01,92.01,145.0,CIGI
2023-05-17 11:22:00,91.94,91.94,91.94,91.94,242.0,CIGI
2023-05-17 11:18:00,92.16,92.16,92.09,92.09,487.0,CIGI
2023-05-17 11:17:00,92.065,92.065,92.065,92.065,137.0,CIGI
2023-05-17 11:14:00,91.9,91.97,91.895,91.895,1395.0,CIGI
2023-05-17 11:12:00,91.8,91.8,91.8,91.8,111.0,CIGI
2023-05-17 10:59:00,91.98,92.0,91.93,91.93,731.0,CIGI
2023-05-17 10:41:00,91.78,91.795,91.78,91.795,212.0,CIGI
2023-05-17 10:27:00,91.67,91.67,91.67,91.67,300.0,CIGI
2023-05-17 10:14:00,91.18,91.18,91.18,91.18,442.0,CIGI
2023-05-17 10:06:00,90.94,90.96,90.94,90.96,503.0,CIGI
2023-05-17 10:00:00,90.9,90.9,90.69,90.69,400.0,CIGI
2023-05-17 09:51:00,91.37,91.42,91.37,91.42,515.0,CIGI
2023-05-17 09:50:00,91.42,91.42,91.42,91.42,210.0,CIGI
2023-05-17 09:48:00,91.42,91.42,91.32,91.355,712.0,CIGI
2023-05-17 09:46:00,91.42,91.42,91.42,91.42,100.0,CIGI
2023-05-17 09:42:00,91.37,91.42,91.34,91.42,954.0,CIGI
2023-05-17 09:39:00,91.02,91.02,91.02,91.02,100.0,CIGI
2023-05-17 09:36:00,91.75,91.75,91.75,91.75,100.0,CIGI
2023-05-17 09:30:00,91.25,91.5,91.25,91.5,416.0,CIGI
2023-05-16 16:00:00,91.22,91.22,91.22,91.22,303.0,CIGI
2023-05-16 15:59:00,91.23,91.23,91.08,91.21,4180.0,CIGI
2023-05-16 15:58:00,91.23,91.29,91.19,91.19,993.0,CIGI
2023-05-16 15:57:00,91.31,91.31,91.265,91.265,866.0,CIGI
2023-05-16 15:56:00,91.23,91.27,91.21,91.22,1344.0,CIGI
2023-05-16 15:55:00,91.22,91.29,91.22,91.29,793.0,CIGI
2023-05-16 15:54:00,91.03,91.06,91.03,91.06,284.0,CIGI
2023-05-16 15:53:00,91.125,91.125,91.125,91.125,212.0,CIGI
2023-05-16 15:52:00,91.02,91.02,91.02,91.02,100.0,CIGI
2023-05-16 15:51:00,91.115,91.115,91.115,91.115,446.0,CIGI
2023-05-16 15:50:00,91.2,91.235,91.15,91.17,1041.0,CIGI
2023-05-16 15:48:00,91.285,91.285,91.285,91.285,292.0,CIGI
2023-05-16 15:47:00,91.3,91.3,91.3,91.3,284.0,CIGI
2023-05-16 15:46:00,91.26,91.26,91.26,91.26,200.0,CIGI
2023-05-16 15:42:00,91.22,91.22,91.22,91.22,152.0,CIGI
2023-05-16 15:38:00,91.25,91.31,91.205,91.285,1607.0,CIGI
2023-05-16 15:37:00,91.15,91.15,91.15,91.15,100.0,CIGI
2023-05-16 15:32:00,91.24,91.24,91.24,91.24,188.0,CIGI
2023-05-16 15:30:00,91.335,91.335,91.335,91.335,102.0,CIGI
2023-05-16 15:23:00,91.29,91.29,91.29,91.29,100.0,CIGI
2023-05-16 15:13:00,91.42,91.42,91.42,91.42,199.0,CIGI
2023-05-16 15:03:00,91.63,91.63,91.475,91.5,1142.0,CIGI
2023-05-16 15:02:00,91.6,91.6,91.57,91.57,699.0,CIGI
2023-05-16 14:53:00,91.72,91.72,91.71,91.71,524.0,CIGI
2023-05-16 14:50:00,91.73,91.73,91.72,91.72,252.0,CIGI
2023-05-16 14:46:00,91.61,91.65,91.6,91.65,1082.0,CIGI
2023-05-16 14:36:00,91.48,91.48,91.47,91.48,823.0,CIGI
2023-05-16 14:31:00,91.43,91.43,91.43,91.43,400.0,CIGI
2023-05-16 14:29:00,91.27,91.29,91.26,91.26,710.0,CIGI
2023-05-16 14:21:00,91.21,91.22,91.12,91.12,1272.0,CIGI
2023-05-16 14:20:00,91.24,91.24,91.22,91.22,500.0,CIGI
2023-05-16 14:19:00,91.26,91.26,91.26,91.26,830.0,CIGI
2023-05-16 14:17:00,91.28,91.35,91.18,91.2375,2632.0,CIGI
2023-05-16 14:15:00,91.22,91.22,91.22,91.22,103.0,CIGI
2023-05-16 14:12:00,91.12,91.12,91.12,91.12,205.0,CIGI
2023-05-16 14:08:00,90.85,90.96,90.81,90.96,913.0,CIGI
2023-05-16 14:05:00,90.71,90.71,90.71,90.71,1111.0,CIGI
2023-05-16 13:55:00,90.67,90.67,90.63,90.63,806.0,CIGI
2023-05-16 13:51:00,90.49,90.57,90.49,90.57,455.0,CIGI
2023-05-16 13:49:00,90.48,90.48,90.415,90.45,483.0,CIGI
2023-05-16 13:48:00,90.405,90.405,90.405,90.405,128.0,CIGI
2023-05-16 13:43:00,90.515,90.515,90.35,90.35,1028.0,CIGI
2023-05-16 13:39:00,90.46,90.46,90.41,90.41,955.0,CIGI
2023-05-16 13:38:00,90.47,90.5,90.47,90.5,617.0,CIGI
2023-05-16 13:37:00,90.4,90.4,90.4,90.4,105.0,CIGI
2023-05-16 13:32:00,90.56,90.56,90.56,90.56,100.0,CIGI
2023-05-16 13:28:00,90.45,90.47,90.45,90.47,639.0,CIGI
2023-05-16 13:26:00,90.37,90.4,90.34,90.34,501.0,CIGI
2023-05-16 13:21:00,90.02,90.2,90.02,90.2,2456.0,CIGI
2023-05-16 13:18:00,90.03,90.12,90.03,90.12,414.0,CIGI
2023-05-16 13:17:00,90.075,90.13,90.075,90.13,204.0,CIGI
2023-05-16 13:14:00,90.095,90.095,90.095,90.095,100.0,CIGI
2023-05-16 13:08:00,90.025,90.13,90.025,90.12,381.0,CIGI
2023-05-16 13:07:00,90.02,90.025,90.02,90.025,301.0,CIGI
2023-05-16 13:05:00,90.03,90.03,90.03,90.03,636.0,CIGI
2023-05-16 13:03:00,90.04,90.04,90.04,90.04,243.0,CIGI
2023-05-16 13:00:00,90.065,90.065,90.065,90.065,200.0,CIGI
2023-05-16 12:55:00,90.02,90.05,90.02,90.05,328.0,CIGI
2023-05-16 12:54:00,90.02,90.02,90.02,90.02,105.0,CIGI
2023-05-16 12:49:00,90.0,90.0,90.0,90.0,122.0,CIGI
2023-05-16 12:48:00,89.95,89.95,89.93,89.93,353.0,CIGI
2023-05-16 12:45:00,90.03,90.03,90.03,90.03,100.0,CIGI
2023-05-16 12:44:00,90.03,90.03,90.03,90.03,200.0,CIGI
2023-05-16 12:41:00,89.99,89.99,89.98,89.98,378.0,CIGI
2023-05-16 12:40:00,90.02,90.095,90.02,90.095,754.0,CIGI
2023-05-16 12:33:00,89.9,89.96,89.9,89.96,1580.0,CIGI
2023-05-16 12:30:00,89.98,89.98,89.98,89.98,120.0,CIGI
2023-05-16 12:29:00,90.025,90.025,90.025,90.025,183.0,CIGI
2023-05-16 12:28:00,89.945,89.99,89.945,89.99,338.0,CIGI
2023-05-16 12:25:00,90.055,90.055,90.02,90.02,440.0,CIGI
2023-05-16 12:24:00,90.03,90.03,90.03,90.03,155.0,CIGI
2023-05-16 12:12:00,90.18,90.18,90.15,90.15,409.0,CIGI
2023-05-16 12:11:00,90.26,90.26,90.26,90.26,141.0,CIGI
2023-05-16 12:09:00,90.17,90.2,90.17,90.2,225.0,CIGI
2023-05-16 12:07:00,90.28,90.285,90.25,90.25,776.0,CIGI
2023-05-16 11:58:00,90.47,90.47,90.47,90.47,534.0,CIGI
2023-05-16 11:55:00,90.54,90.54,90.51,90.54,600.0,CIGI
2023-05-16 11:52:00,90.555,90.555,90.555,90.555,100.0,CIGI
2023-05-16 11:51:00,90.44,90.545,90.44,90.545,411.0,CIGI
2023-05-16 11:49:00,90.33,90.45,90.33,90.4,1152.0,CIGI
2023-05-16 11:45:00,90.3,90.3,90.26,90.26,1119.0,CIGI
2023-05-16 11:44:00,90.34,90.34,90.3,90.3,644.0,CIGI
2023-05-16 11:29:00,90.52,90.63,90.52,90.605,527.0,CIGI
2023-05-16 11:23:00,90.55,90.56,90.55,90.56,300.0,CIGI
2023-05-16 11:19:00,90.4,90.4,90.4,90.4,157.0,CIGI
2023-05-16 11:16:00,90.48,90.48,90.45,90.45,772.0,CIGI
2023-05-16 11:11:00,90.62,90.62,90.59,90.59,224.0,CIGI
2023-05-16 11:10:00,90.61,90.66,90.61,90.63,702.0,CIGI
2023-05-16 11:09:00,90.48,90.48,90.47,90.47,452.0,CIGI
2023-05-16 11:03:00,90.59,90.59,90.59,90.59,100.0,CIGI
2023-05-16 10:49:00,90.76,90.76,90.76,90.76,200.0,CIGI
2023-05-16 10:48:00,90.76,90.76,90.76,90.76,309.0,CIGI
2023-05-16 10:45:00,90.74,90.74,90.74,90.74,2538.0,CIGI
2023-05-16 10:44:00,90.6,90.66,90.6,90.66,507.0,CIGI
2023-05-16 10:42:00,90.61,90.61,90.61,90.61,101.0,CIGI
2023-05-16 10:38:00,90.51,90.51,90.51,90.51,110.0,CIGI
2023-05-16 10:37:00,90.55,90.56,90.54,90.54,609.0,CIGI
2023-05-16 10:34:00,90.73,90.745,90.68,90.745,323.0,CIGI
2023-05-16 10:29:00,90.845,90.845,90.845,90.845,163.0,CIGI
2023-05-16 10:28:00,90.81,90.81,90.81,90.81,100.0,CIGI
2023-05-16 10:25:00,90.755,90.755,90.755,90.755,200.0,CIGI
2023-05-16 10:15:00,90.67,90.67,90.67,90.67,200.0,CIGI
2023-05-16 10:11:00,90.82,90.82,90.82,90.82,100.0,CIGI
2023-05-16 10:10:00,90.81,90.81,90.81,90.81,536.0,CIGI
2023-05-16 10:06:00,91.07,91.1,91.04,91.1,553.0,CIGI
2023-05-16 10:03:00,91.0,91.0,91.0,91.0,101.0,CIGI
2023-05-16 10:02:00,91.14,91.14,91.14,91.14,150.0,CIGI
2023-05-16 10:01:00,91.24,91.24,91.24,91.24,262.0,CIGI
2023-05-16 10:00:00,91.3,91.3,91.3,91.3,111.0,CIGI
2023-05-16 09:59:00,91.355,91.36,91.29,91.29,754.0,CIGI
2023-05-16 09:58:00,91.4,91.4,91.4,91.4,175.0,CIGI
2023-05-16 09:56:00,91.45,91.45,91.45,91.45,305.0,CIGI
2023-05-16 09:54:00,91.68,91.68,91.68,91.68,100.0,CIGI
2023-05-16 09:53:00,91.64,91.75,91.64,91.705,330.0,CIGI
2023-05-16 09:52:00,91.44,91.55,91.44,91.53,500.0,CIGI
2023-05-16 09:50:00,91.55,91.57,91.55,91.55,1984.0,CIGI
2023-05-16 09:48:00,91.49,91.56,91.49,91.56,235.0,CIGI
2023-05-16 09:47:00,91.75,91.75,91.56,91.56,257.0,CIGI
2023-05-16 09:42:00,91.75,91.75,91.75,91.75,405.0,CIGI
2023-05-16 09:38:00,91.72,91.72,91.72,91.72,276.0,CIGI
2023-05-16 09:35:00,91.98,91.98,91.98,91.98,133.0,CIGI
2023-05-16 09:32:00,92.47,92.47,92.11,92.11,400.0,CIGI
2023-05-16 09:30:00,91.84,91.84,91.84,91.84,195.0,CIGI
