date,1. open,2. high,3. low,4. close,5. volume,Ticker
2023-06-02 16:00:00,38.21,38.21,38.21,38.21,1972.0,CNA
2023-06-02 15:59:00,38.21,38.26,38.21,38.21,5551.0,CNA
2023-06-02 15:58:00,38.21,38.21,38.21,38.21,440.0,CNA
2023-06-02 15:57:00,38.25,38.25,38.21,38.21,1704.0,CNA
2023-06-02 15:56:00,38.26,38.265,38.26,38.265,1442.0,CNA
2023-06-02 15:55:00,38.25,38.25,38.25,38.25,442.0,CNA
2023-06-02 15:54:00,38.24,38.24,38.24,38.24,230.0,CNA
2023-06-02 15:53:00,38.26,38.26,38.26,38.26,241.0,CNA
2023-06-02 15:52:00,38.27,38.27,38.27,38.27,404.0,CNA
2023-06-02 15:51:00,38.24,38.24,38.24,38.24,790.0,CNA
2023-06-02 15:50:00,38.22,38.23,38.201,38.201,1385.0,CNA
2023-06-02 15:49:00,38.2201,38.2201,38.2201,38.2201,567.0,CNA
2023-06-02 15:48:00,38.21,38.24,38.21,38.24,986.0,CNA
2023-06-02 15:47:00,38.21,38.21,38.21,38.21,327.0,CNA
2023-06-02 15:46:00,38.21,38.21,38.21,38.21,619.0,CNA
2023-06-02 15:45:00,38.19,38.21,38.19,38.2,2153.0,CNA
2023-06-02 15:44:00,38.21,38.21,38.21,38.21,120.0,CNA
2023-06-02 15:43:00,38.2,38.21,38.2,38.21,920.0,CNA
2023-06-02 15:39:00,38.21,38.24,38.2,38.24,1283.0,CNA
2023-06-02 15:38:00,38.19,38.19,38.19,38.19,141.0,CNA
2023-06-02 15:37:00,38.2,38.2,38.19,38.195,1345.0,CNA
2023-06-02 15:36:00,38.2,38.21,38.2,38.21,279.0,CNA
2023-06-02 15:34:00,38.21,38.21,38.21,38.21,476.0,CNA
2023-06-02 15:33:00,38.19,38.19,38.184,38.184,612.0,CNA
2023-06-02 15:32:00,38.18,38.18,38.165,38.165,1994.0,CNA
2023-06-02 15:30:00,38.165,38.165,38.15,38.15,367.0,CNA
2023-06-02 15:27:00,38.13,38.13,38.13,38.13,135.0,CNA
2023-06-02 15:21:00,38.18,38.18,38.155,38.155,959.0,CNA
2023-06-02 15:20:00,38.19,38.19,38.19,38.19,874.0,CNA
2023-06-02 15:18:00,38.19,38.19,38.19,38.19,140.0,CNA
2023-06-02 15:17:00,38.215,38.215,38.215,38.215,320.0,CNA
2023-06-02 15:13:00,38.195,38.195,38.195,38.195,199.0,CNA
2023-06-02 15:11:00,38.17,38.17,38.17,38.17,115.0,CNA
2023-06-02 15:10:00,38.22,38.22,38.22,38.22,186.0,CNA
2023-06-02 15:07:00,38.2,38.2,38.2,38.2,122.0,CNA
2023-06-02 15:06:00,38.2,38.2,38.2,38.2,131.0,CNA
2023-06-02 15:04:00,38.2399,38.2399,38.2399,38.2399,518.0,CNA
2023-06-02 15:03:00,38.1901,38.1901,38.1901,38.1901,230.0,CNA
2023-06-02 15:01:00,38.22,38.23,38.2,38.2,653.0,CNA
2023-06-02 15:00:00,38.19,38.19,38.19,38.19,586.0,CNA
2023-06-02 14:56:00,38.15,38.15,38.15,38.15,116.0,CNA
2023-06-02 14:53:00,38.23,38.23,38.22,38.22,1029.0,CNA
2023-06-02 14:52:00,38.26,38.26,38.26,38.26,461.0,CNA
2023-06-02 14:50:00,38.24,38.27,38.24,38.27,540.0,CNA
2023-06-02 14:49:00,38.27,38.27,38.27,38.27,117.0,CNA
2023-06-02 14:45:00,38.2,38.2,38.2,38.2,171.0,CNA
2023-06-02 14:38:00,38.21,38.21,38.21,38.21,207.0,CNA
2023-06-02 14:37:00,38.23,38.23,38.2,38.2,1426.0,CNA
2023-06-02 14:35:00,38.22,38.22,38.22,38.22,237.0,CNA
2023-06-02 14:31:00,38.17,38.17,38.17,38.17,208.0,CNA
2023-06-02 14:29:00,38.17,38.17,38.17,38.17,218.0,CNA
2023-06-02 14:27:00,38.18,38.18,38.18,38.18,576.0,CNA
2023-06-02 14:26:00,38.2,38.2,38.18,38.18,640.0,CNA
2023-06-02 14:22:00,38.185,38.185,38.185,38.185,219.0,CNA
2023-06-02 14:17:00,38.14,38.19,38.125,38.19,991.0,CNA
2023-06-02 14:16:00,38.1262,38.1262,38.1262,38.1262,165.0,CNA
2023-06-02 14:15:00,38.13,38.13,38.13,38.13,200.0,CNA
2023-06-02 14:14:00,38.0801,38.13,38.0801,38.1,1605.0,CNA
2023-06-02 14:13:00,38.08,38.08,38.08,38.08,165.0,CNA
2023-06-02 14:12:00,38.13,38.13,38.13,38.13,150.0,CNA
2023-06-02 14:07:00,38.1696,38.17,38.14,38.14,871.0,CNA
2023-06-02 14:05:00,38.2,38.2,38.2,38.2,209.0,CNA
2023-06-02 14:02:00,38.155,38.155,38.155,38.155,118.0,CNA
2023-06-02 14:00:00,38.155,38.155,38.155,38.155,118.0,CNA
2023-06-02 13:59:00,38.16,38.16,38.16,38.16,435.0,CNA
2023-06-02 13:57:00,38.15,38.15,38.15,38.15,252.0,CNA
2023-06-02 13:56:00,38.18,38.18,38.18,38.18,383.0,CNA
2023-06-02 13:55:00,38.21,38.21,38.21,38.21,1036.0,CNA
2023-06-02 13:54:00,38.225,38.225,38.225,38.225,109.0,CNA
2023-06-02 13:52:00,38.22,38.22,38.22,38.22,191.0,CNA
2023-06-02 13:48:00,38.205,38.21,38.195,38.195,455.0,CNA
2023-06-02 13:47:00,38.18,38.18,38.18,38.18,436.0,CNA
2023-06-02 13:45:00,38.15,38.15,38.15,38.15,365.0,CNA
2023-06-02 13:42:00,38.15,38.15,38.15,38.15,314.0,CNA
2023-06-02 13:41:00,38.1573,38.1573,38.1573,38.1573,134.0,CNA
2023-06-02 13:40:00,38.15,38.15,38.15,38.15,104.0,CNA
2023-06-02 13:39:00,38.18,38.18,38.18,38.18,100.0,CNA
2023-06-02 13:35:00,38.1748,38.1748,38.1748,38.1748,135.0,CNA
2023-06-02 13:34:00,38.174,38.174,38.174,38.174,202.0,CNA
2023-06-02 13:32:00,38.12,38.12,38.12,38.12,101.0,CNA
2023-06-02 13:31:00,38.17,38.17,38.17,38.17,115.0,CNA
2023-06-02 13:26:00,38.164,38.164,38.164,38.164,122.0,CNA
2023-06-02 13:24:00,38.12,38.12,38.12,38.12,110.0,CNA
2023-06-02 13:17:00,38.12,38.13,38.12,38.13,495.0,CNA
2023-06-02 13:14:00,38.07,38.07,38.07,38.07,854.0,CNA
2023-06-02 13:10:00,38.07,38.07,38.07,38.07,347.0,CNA
2023-06-02 13:05:00,38.1,38.115,38.1,38.115,382.0,CNA
2023-06-02 13:03:00,38.127,38.127,38.127,38.127,102.0,CNA
2023-06-02 13:00:00,38.11,38.11,38.11,38.11,338.0,CNA
2023-06-02 12:59:00,38.07,38.07,38.07,38.07,568.0,CNA
2023-06-02 12:54:00,38.062,38.062,38.062,38.062,102.0,CNA
2023-06-02 12:47:00,38.04,38.04,38.04,38.04,443.0,CNA
2023-06-02 12:42:00,38.03,38.03,38.03,38.03,204.0,CNA
2023-06-02 12:41:00,38.05,38.05,38.05,38.05,738.0,CNA
2023-06-02 12:39:00,38.095,38.095,38.095,38.095,195.0,CNA
2023-06-02 12:31:00,38.0726,38.104,38.06,38.06,623.0,CNA
2023-06-02 12:30:00,38.09,38.09,38.065,38.065,532.0,CNA
2023-06-02 12:28:00,38.0463,38.0852,38.0463,38.0852,486.0,CNA
2023-06-02 12:25:00,38.055,38.055,38.055,38.055,318.0,CNA
2023-06-02 12:19:00,38.08,38.09,38.04,38.04,706.0,CNA
2023-06-02 12:11:00,38.1,38.1,38.1,38.1,348.0,CNA
2023-06-02 12:07:00,38.13,38.13,38.13,38.13,462.0,CNA
2023-06-02 12:06:00,38.105,38.13,38.105,38.13,203.0,CNA
2023-06-02 12:00:00,38.1,38.1,38.1,38.1,100.0,CNA
2023-06-02 11:57:00,38.1,38.1,38.1,38.1,100.0,CNA
2023-06-02 11:55:00,38.08,38.08,38.08,38.08,100.0,CNA
2023-06-02 11:50:00,38.055,38.055,38.055,38.055,223.0,CNA
2023-06-02 11:47:00,38.07,38.07,38.07,38.07,708.0,CNA
2023-06-02 11:45:00,38.11,38.11,38.11,38.11,240.0,CNA
2023-06-02 11:37:00,38.15,38.15,38.15,38.15,373.0,CNA
2023-06-02 11:35:00,38.15,38.15,38.14,38.14,312.0,CNA
2023-06-02 11:32:00,38.16,38.16,38.16,38.16,111.0,CNA
2023-06-02 11:24:00,38.15,38.15,38.13,38.13,1045.0,CNA
2023-06-02 11:23:00,38.18,38.18,38.18,38.18,101.0,CNA
2023-06-02 11:20:00,38.16,38.16,38.16,38.16,416.0,CNA
2023-06-02 11:13:00,38.13,38.16,38.13,38.16,340.0,CNA
2023-06-02 11:06:00,38.06,38.06,38.06,38.06,234.0,CNA
2023-06-02 11:03:00,38.07,38.07,38.07,38.07,172.0,CNA
2023-06-02 11:02:00,38.07,38.07,38.07,38.07,101.0,CNA
2023-06-02 11:00:00,38.05,38.05,38.05,38.05,200.0,CNA
2023-06-02 10:59:00,38.0,38.0,38.0,38.0,425.0,CNA
2023-06-02 10:57:00,38.025,38.025,37.98,37.99,1837.0,CNA
2023-06-02 10:55:00,38.04,38.05,38.04,38.05,477.0,CNA
2023-06-02 10:54:00,38.0,38.0,38.0,38.0,860.0,CNA
2023-06-02 10:52:00,37.95,37.95,37.95,37.95,240.0,CNA
2023-06-02 10:51:00,37.98,37.98,37.98,37.98,102.0,CNA
2023-06-02 10:49:00,37.95,37.95,37.95,37.95,101.0,CNA
2023-06-02 10:47:00,37.999,37.999,37.999,37.999,251.0,CNA
2023-06-02 10:46:00,37.95,37.95,37.95,37.95,488.0,CNA
2023-06-02 10:45:00,37.945,37.945,37.945,37.945,111.0,CNA
2023-06-02 10:43:00,37.95,37.95,37.95,37.95,311.0,CNA
2023-06-02 10:41:00,37.95,37.95,37.95,37.95,215.0,CNA
2023-06-02 10:39:00,37.99,37.99,37.99,37.99,194.0,CNA
2023-06-02 10:37:00,37.91,37.93,37.85,37.93,1796.0,CNA
2023-06-02 10:35:00,37.835,37.835,37.835,37.835,201.0,CNA
2023-06-02 10:34:00,37.83,37.83,37.83,37.83,232.0,CNA
2023-06-02 10:30:00,37.855,37.855,37.855,37.855,128.0,CNA
2023-06-02 10:29:00,37.79,37.79,37.79,37.79,149.0,CNA
2023-06-02 10:27:00,37.88,37.88,37.88,37.88,100.0,CNA
2023-06-02 10:25:00,37.82,37.82,37.7901,37.7901,1057.0,CNA
2023-06-02 10:18:00,37.6485,37.6485,37.6485,37.6485,593.0,CNA
2023-06-02 10:16:00,37.83,37.83,37.83,37.83,831.0,CNA
2023-06-02 10:15:00,37.92,37.92,37.92,37.92,382.0,CNA
2023-06-02 10:12:00,37.8,37.87,37.8,37.87,891.0,CNA
2023-06-02 10:03:00,37.73,37.73,37.715,37.715,294.0,CNA
2023-06-02 10:00:00,37.64,37.64,37.57,37.57,1787.0,CNA
2023-06-02 09:55:00,37.56,37.56,37.56,37.56,440.0,CNA
2023-06-02 09:54:00,37.645,37.645,37.645,37.645,103.0,CNA
2023-06-02 09:48:00,37.6,37.61,37.6,37.61,346.0,CNA
2023-06-02 09:47:00,37.44,37.54,37.44,37.54,837.0,CNA
2023-06-02 09:45:00,37.49,37.49,37.49,37.49,319.0,CNA
2023-06-02 09:38:00,37.38,37.46,37.38,37.46,212.0,CNA
2023-06-02 09:35:00,37.39,37.4,37.39,37.4,516.0,CNA
2023-06-02 09:32:00,37.275,37.275,37.275,37.275,170.0,CNA
2023-06-02 09:31:00,37.44,37.44,37.44,37.44,113.0,CNA
2023-06-02 09:30:00,37.19,37.459,37.19,37.39,3900.0,CNA
2023-06-02 08:51:00,36.98,36.98,36.98,36.98,100.0,CNA
2023-06-01 15:59:00,36.84,36.91,36.83,36.895,9568.0,CNA
2023-06-01 15:58:00,36.82,36.86,36.82,36.84,7199.0,CNA
2023-06-01 15:57:00,36.79,36.83,36.79,36.82,4448.0,CNA
2023-06-01 15:56:00,36.83,36.83,36.79,36.79,3000.0,CNA
2023-06-01 15:55:00,36.82,36.89,36.8,36.83,8372.0,CNA
2023-06-01 15:54:00,36.83,36.85,36.81,36.825,1221.0,CNA
2023-06-01 15:53:00,36.83,36.85,36.79,36.85,2227.0,CNA
2023-06-01 15:52:00,36.8,36.81,36.79,36.81,1114.0,CNA
2023-06-01 15:51:00,36.82,36.86,36.82,36.835,1982.0,CNA
2023-06-01 15:50:00,36.86,36.86,36.815,36.82,3220.0,CNA
2023-06-01 15:49:00,36.88,36.88,36.865,36.875,1783.0,CNA
2023-06-01 15:48:00,36.865,36.865,36.865,36.865,341.0,CNA
2023-06-01 15:47:00,36.86,36.87,36.85,36.865,915.0,CNA
2023-06-01 15:46:00,36.86,36.86,36.85,36.85,1510.0,CNA
2023-06-01 15:45:00,36.83,36.83,36.815,36.83,2130.0,CNA
2023-06-01 15:44:00,36.82,36.82,36.81,36.815,1789.0,CNA
2023-06-01 15:43:00,36.84,36.84,36.84,36.84,316.0,CNA
2023-06-01 15:42:00,36.84,36.84,36.84,36.84,562.0,CNA
2023-06-01 15:41:00,36.84,36.84,36.82,36.84,2042.0,CNA
2023-06-01 15:40:00,36.83,36.83,36.8,36.8,1044.0,CNA
2023-06-01 15:39:00,36.83,36.85,36.83,36.84,1992.0,CNA
2023-06-01 15:38:00,36.84,36.84,36.84,36.84,226.0,CNA
2023-06-01 15:37:00,36.84,36.84,36.84,36.84,763.0,CNA
2023-06-01 15:36:00,36.83,36.84,36.83,36.84,1144.0,CNA
2023-06-01 15:35:00,36.84,36.855,36.83,36.83,2413.0,CNA
2023-06-01 15:33:00,36.86,36.88,36.86,36.86,780.0,CNA
2023-06-01 15:32:00,36.845,36.87,36.845,36.86,2333.0,CNA
2023-06-01 15:31:00,36.9,36.9,36.845,36.845,646.0,CNA
2023-06-01 15:30:00,36.89,36.89,36.89,36.89,378.0,CNA
2023-06-01 15:29:00,36.91,36.91,36.9,36.9,938.0,CNA
2023-06-01 15:28:00,36.915,36.915,36.915,36.915,371.0,CNA
2023-06-01 15:27:00,36.92,36.94,36.92,36.92,1594.0,CNA
2023-06-01 15:24:00,36.93,36.93,36.93,36.93,238.0,CNA
2023-06-01 15:23:00,36.93,36.93,36.93,36.93,145.0,CNA
2023-06-01 15:22:00,36.93,36.93,36.93,36.93,104.0,CNA
2023-06-01 15:21:00,36.95,36.95,36.93,36.93,806.0,CNA
2023-06-01 15:20:00,36.93,36.94,36.92,36.94,1947.0,CNA
2023-06-01 15:19:00,36.91,36.92,36.91,36.92,558.0,CNA
2023-06-01 15:18:00,36.925,36.925,36.925,36.925,140.0,CNA
2023-06-01 15:17:00,36.91,36.91,36.91,36.91,308.0,CNA
2023-06-01 15:16:00,36.93,36.94,36.91,36.91,2696.0,CNA
2023-06-01 15:15:00,36.945,36.945,36.94,36.94,651.0,CNA
2023-06-01 15:14:00,36.95,36.95,36.945,36.945,641.0,CNA
2023-06-01 15:13:00,36.97,36.97,36.96,36.96,333.0,CNA
2023-06-01 15:12:00,36.96,36.96,36.955,36.96,2238.0,CNA
2023-06-01 15:11:00,36.95,36.955,36.95,36.955,488.0,CNA
2023-06-01 15:09:00,36.97,36.97,36.96,36.96,1304.0,CNA
2023-06-01 15:07:00,36.97,36.97,36.97,36.97,274.0,CNA
2023-06-01 15:05:00,36.97,36.97,36.9575,36.97,794.0,CNA
2023-06-01 15:04:00,36.955,36.97,36.955,36.955,416.0,CNA
2023-06-01 15:03:00,36.95,36.95,36.95,36.95,583.0,CNA
2023-06-01 15:01:00,36.915,36.9475,36.915,36.94,2994.0,CNA
2023-06-01 15:00:00,36.915,36.915,36.915,36.915,135.0,CNA
2023-06-01 14:59:00,36.905,36.92,36.905,36.905,2457.0,CNA
2023-06-01 14:58:00,36.905,36.905,36.905,36.905,209.0,CNA
2023-06-01 14:57:00,36.905,36.905,36.905,36.905,135.0,CNA
2023-06-01 14:56:00,36.9,36.9,36.9,36.9,118.0,CNA
2023-06-01 14:55:00,36.89,36.89,36.89,36.89,869.0,CNA
2023-06-01 14:54:00,36.905,36.905,36.905,36.905,362.0,CNA
2023-06-01 14:53:00,36.9075,36.9075,36.905,36.9075,318.0,CNA
2023-06-01 14:52:00,36.91,36.91,36.905,36.905,402.0,CNA
2023-06-01 14:50:00,36.91,36.96,36.91,36.92,1956.0,CNA
2023-06-01 14:47:00,36.9375,36.9375,36.935,36.935,451.0,CNA
2023-06-01 14:45:00,36.935,36.935,36.935,36.935,106.0,CNA
2023-06-01 14:44:00,36.935,36.935,36.935,36.935,327.0,CNA
2023-06-01 14:39:00,36.935,36.935,36.935,36.935,156.0,CNA
2023-06-01 14:38:00,36.985,36.985,36.97,36.975,925.0,CNA
2023-06-01 14:36:00,37.0,37.0,36.985,36.9875,768.0,CNA
2023-06-01 14:35:00,36.99,36.99,36.99,36.99,104.0,CNA
2023-06-01 14:34:00,36.99,36.99,36.99,36.99,202.0,CNA
2023-06-01 14:33:00,36.99,36.99,36.99,36.99,409.0,CNA
2023-06-01 14:30:00,37.03,37.03,37.03,37.03,377.0,CNA
2023-06-01 14:29:00,37.05,37.0501,37.05,37.0501,865.0,CNA
2023-06-01 14:28:00,37.09,37.0994,37.075,37.075,1794.0,CNA
2023-06-01 14:27:00,37.095,37.1,37.07,37.0704,4792.0,CNA
2023-06-01 14:26:00,37.095,37.095,37.095,37.095,1144.0,CNA
2023-06-01 14:25:00,37.09,37.09,37.09,37.09,643.0,CNA
2023-06-01 14:19:00,37.105,37.105,37.105,37.105,408.0,CNA
2023-06-01 14:18:00,37.1,37.1,37.1,37.1,1297.0,CNA
2023-06-01 14:17:00,37.08,37.0865,37.08,37.0865,815.0,CNA
2023-06-01 14:15:00,37.08,37.08,37.08,37.08,199.0,CNA
2023-06-01 14:11:00,37.09,37.09,37.09,37.09,1008.0,CNA
2023-06-01 14:06:00,37.12,37.12,37.12,37.12,109.0,CNA
2023-06-01 14:05:00,37.11,37.11,37.11,37.11,102.0,CNA
2023-06-01 14:01:00,37.13,37.13,37.13,37.13,147.0,CNA
2023-06-01 13:59:00,37.11,37.12,37.11,37.12,654.0,CNA
2023-06-01 13:58:00,37.1099,37.11,37.1099,37.11,301.0,CNA
2023-06-01 13:53:00,37.07,37.1,37.07,37.1,1052.0,CNA
2023-06-01 13:49:00,37.04,37.04,37.04,37.04,103.0,CNA
2023-06-01 13:45:00,37.07,37.07,37.07,37.07,103.0,CNA
2023-06-01 13:43:00,37.05,37.06,37.05,37.06,753.0,CNA
2023-06-01 13:42:00,37.02,37.02,37.01,37.01,352.0,CNA
2023-06-01 13:38:00,37.03,37.03,37.03,37.03,327.0,CNA
2023-06-01 13:36:00,37.07,37.07,37.07,37.07,266.0,CNA
2023-06-01 13:35:00,37.085,37.085,37.085,37.085,268.0,CNA
2023-06-01 13:33:00,37.1,37.1,37.06,37.06,822.0,CNA
2023-06-01 13:28:00,37.09,37.13,37.09,37.1127,823.0,CNA
2023-06-01 13:27:00,37.14,37.14,37.115,37.115,922.0,CNA
2023-06-01 13:26:00,37.11,37.11,37.11,37.11,275.0,CNA
2023-06-01 13:24:00,37.125,37.125,37.11,37.11,697.0,CNA
2023-06-01 13:22:00,37.13,37.13,37.13,37.13,647.0,CNA
2023-06-01 13:20:00,37.12,37.12,37.12,37.12,460.0,CNA
2023-06-01 13:17:00,37.0604,37.0604,37.0604,37.0604,236.0,CNA
2023-06-01 13:16:00,37.0604,37.1028,37.0604,37.1028,747.0,CNA
2023-06-01 13:15:00,37.08,37.08,37.08,37.08,219.0,CNA
2023-06-01 13:13:00,37.06,37.07,37.06,37.07,755.0,CNA
2023-06-01 13:10:00,37.04,37.04,37.04,37.04,300.0,CNA
2023-06-01 13:09:00,37.06,37.06,37.06,37.06,167.0,CNA
2023-06-01 13:05:00,37.06,37.06,37.06,37.06,484.0,CNA
2023-06-01 13:02:00,37.105,37.105,37.08,37.08,334.0,CNA
2023-06-01 13:00:00,37.08,37.13,37.08,37.13,296.0,CNA
2023-06-01 12:57:00,37.1,37.1,37.1,37.1,113.0,CNA
2023-06-01 12:56:00,37.1299,37.1299,37.1299,37.1299,123.0,CNA
2023-06-01 12:52:00,37.12,37.135,37.08,37.135,1941.0,CNA
2023-06-01 12:50:00,37.1,37.16,37.0999,37.16,4841.0,CNA
2023-06-01 12:49:00,37.0301,37.0301,37.0301,37.0301,974.0,CNA
2023-06-01 12:46:00,37.05,37.05,37.05,37.05,305.0,CNA
2023-06-01 12:41:00,37.07,37.07,37.07,37.07,192.0,CNA
2023-06-01 12:38:00,37.09,37.09,37.09,37.09,735.0,CNA
2023-06-01 12:35:00,37.11,37.11,37.11,37.11,819.0,CNA
2023-06-01 12:34:00,37.09,37.09,37.09,37.09,232.0,CNA
2023-06-01 12:31:00,37.11,37.11,37.11,37.11,388.0,CNA
2023-06-01 12:28:00,37.11,37.11,37.1,37.1,341.0,CNA
2023-06-01 12:22:00,37.11,37.11,37.11,37.11,264.0,CNA
2023-06-01 12:20:00,37.11,37.11,37.11,37.11,111.0,CNA
2023-06-01 12:12:00,37.11,37.11,37.11,37.11,103.0,CNA
2023-06-01 12:11:00,37.11,37.135,37.11,37.12,386.0,CNA
2023-06-01 12:10:00,37.1,37.11,37.1,37.11,1378.0,CNA
2023-06-01 12:01:00,37.1,37.1,37.1,37.1,162.0,CNA
2023-06-01 11:58:00,37.04,37.055,37.04,37.055,646.0,CNA
2023-06-01 11:56:00,37.06,37.06,37.06,37.06,189.0,CNA
2023-06-01 11:51:00,37.0,37.0,37.0,37.0,493.0,CNA
2023-06-01 11:50:00,37.02,37.02,37.02,37.02,224.0,CNA
2023-06-01 11:49:00,37.01,37.01,37.01,37.01,293.0,CNA
2023-06-01 11:48:00,36.99,36.99,36.99,36.99,840.0,CNA
2023-06-01 11:46:00,36.95,36.95,36.95,36.95,101.0,CNA
2023-06-01 11:45:00,36.95,36.95,36.95,36.95,104.0,CNA
2023-06-01 11:39:00,36.975,36.975,36.95,36.95,484.0,CNA
2023-06-01 11:34:00,36.97,36.97,36.97,36.97,314.0,CNA
2023-06-01 11:28:00,36.95,36.95,36.95,36.95,392.0,CNA
2023-06-01 11:23:00,36.93,36.93,36.93,36.93,265.0,CNA
2023-06-01 11:19:00,36.9,36.9,36.9,36.9,170.0,CNA
2023-06-01 11:15:00,36.91,36.945,36.91,36.93,1559.0,CNA
2023-06-01 11:14:00,36.885,36.9,36.885,36.9,706.0,CNA
2023-06-01 11:13:00,36.87,36.87,36.87,36.87,527.0,CNA
2023-06-01 11:12:00,36.84,36.84,36.84,36.84,440.0,CNA
2023-06-01 11:10:00,36.83,36.86,36.83,36.86,513.0,CNA
2023-06-01 10:54:00,36.7801,36.7801,36.7801,36.7801,305.0,CNA
2023-06-01 10:51:00,36.79,36.8,36.79,36.8,786.0,CNA
2023-06-01 10:49:00,36.72,36.755,36.72,36.755,206.0,CNA
2023-06-01 10:48:00,36.81,36.82,36.72,36.72,1643.0,CNA
2023-06-01 10:45:00,36.83,36.83,36.83,36.83,198.0,CNA
2023-06-01 10:42:00,36.8,36.81,36.77,36.81,709.0,CNA
2023-06-01 10:41:00,36.79,36.79,36.79,36.79,329.0,CNA
2023-06-01 10:38:00,36.74,36.74,36.74,36.74,271.0,CNA
2023-06-01 10:37:00,36.78,36.78,36.78,36.78,297.0,CNA
2023-06-01 10:35:00,36.74,36.77,36.74,36.77,1380.0,CNA
2023-06-01 10:33:00,36.66,36.66,36.66,36.66,172.0,CNA
2023-06-01 10:32:00,36.71,36.71,36.71,36.71,123.0,CNA
2023-06-01 10:31:00,36.715,36.715,36.71,36.71,213.0,CNA
2023-06-01 10:30:00,36.73,36.77,36.71,36.77,1011.0,CNA
2023-06-01 10:28:00,36.8203,36.84,36.8203,36.84,887.0,CNA
2023-06-01 10:27:00,36.745,36.745,36.745,36.745,325.0,CNA
2023-06-01 10:25:00,36.825,36.825,36.78,36.78,885.0,CNA
2023-06-01 10:22:00,36.83,36.87,36.83,36.87,395.0,CNA
2023-06-01 10:20:00,36.835,36.835,36.835,36.835,104.0,CNA
2023-06-01 10:16:00,36.895,36.895,36.895,36.895,101.0,CNA
2023-06-01 10:15:00,36.92,36.92,36.895,36.895,1358.0,CNA
2023-06-01 10:13:00,36.89,36.89,36.89,36.89,104.0,CNA
2023-06-01 10:12:00,36.9,36.9,36.9,36.9,472.0,CNA
2023-06-01 10:07:00,36.93,36.93,36.93,36.93,209.0,CNA
2023-06-01 10:05:00,36.84,36.84,36.84,36.84,137.0,CNA
2023-06-01 10:01:00,36.78,36.78,36.78,36.78,235.0,CNA
2023-06-01 10:00:00,36.74,36.74,36.7,36.71,1264.0,CNA
2023-06-01 09:56:00,36.64,36.64,36.64,36.64,103.0,CNA
2023-06-01 09:53:00,36.7,36.7,36.66,36.66,488.0,CNA
2023-06-01 09:48:00,36.76,36.82,36.76,36.82,351.0,CNA
2023-06-01 09:47:00,36.84,36.87,36.79,36.83,1344.0,CNA
2023-06-01 09:44:00,36.75,36.75,36.75,36.75,409.0,CNA
2023-06-01 09:40:00,36.9,36.91,36.835,36.835,1034.0,CNA
2023-06-01 09:38:00,36.99,36.99,36.99,36.99,234.0,CNA
2023-06-01 09:37:00,37.04,37.05,37.02,37.02,1361.0,CNA
2023-06-01 09:35:00,37.01,37.01,37.01,37.01,432.0,CNA
2023-06-01 09:34:00,37.015,37.015,37.015,37.015,110.0,CNA
2023-06-01 09:30:00,36.96,36.96,36.96,36.96,2119.0,CNA
2023-05-31 15:59:00,36.9,36.9399,36.86,36.87,8428.0,CNA
2023-05-31 15:58:00,36.89,36.94,36.89,36.92,4012.0,CNA
2023-05-31 15:57:00,36.88,36.89,36.88,36.89,1039.0,CNA
2023-05-31 15:56:00,36.9,36.9,36.88,36.89,3429.0,CNA
2023-05-31 15:55:00,36.915,36.915,36.89,36.91,1817.0,CNA
2023-05-31 15:54:00,36.88,36.9,36.88,36.9,774.0,CNA
2023-05-31 15:53:00,36.91,36.91,36.91,36.91,442.0,CNA
2023-05-31 15:52:00,36.92,36.94,36.92,36.94,1902.0,CNA
2023-05-31 15:51:00,36.89,36.91,36.89,36.905,2179.0,CNA
2023-05-31 15:50:00,36.93,36.93,36.9,36.9,458.0,CNA
2023-05-31 15:49:00,36.96,36.96,36.93,36.93,846.0,CNA
2023-05-31 15:47:00,37.0,37.0,36.985,36.985,1242.0,CNA
2023-05-31 15:46:00,37.025,37.025,37.0,37.01,1829.0,CNA
2023-05-31 15:45:00,37.02,37.02,37.02,37.02,578.0,CNA
2023-05-31 15:44:00,37.0,37.03,37.0,37.03,794.0,CNA
2023-05-31 15:43:00,36.96,36.99,36.96,36.99,1085.0,CNA
2023-05-31 15:42:00,36.955,36.955,36.95,36.95,425.0,CNA
2023-05-31 15:41:00,36.96,36.96,36.95,36.95,610.0,CNA
2023-05-31 15:40:00,36.97,36.97,36.965,36.965,272.0,CNA
2023-05-31 15:38:00,36.95,36.95,36.95,36.95,122.0,CNA
2023-05-31 15:35:00,36.96,36.96,36.9475,36.955,637.0,CNA
2023-05-31 15:33:00,36.91,36.94,36.91,36.94,779.0,CNA
2023-05-31 15:32:00,36.92,36.9225,36.91,36.91,1375.0,CNA
2023-05-31 15:30:00,36.91,36.91,36.91,36.91,577.0,CNA
2023-05-31 15:28:00,36.93,36.94,36.93,36.94,467.0,CNA
2023-05-31 15:26:00,36.93,36.93,36.93,36.93,134.0,CNA
2023-05-31 15:22:00,36.92,36.92,36.92,36.92,227.0,CNA
2023-05-31 15:20:00,36.9,36.9,36.9,36.9,505.0,CNA
2023-05-31 15:16:00,36.92,36.92,36.92,36.92,199.0,CNA
2023-05-31 15:14:00,36.91,36.91,36.91,36.91,161.0,CNA
2023-05-31 15:13:00,36.89,36.895,36.89,36.895,396.0,CNA
2023-05-31 15:12:00,36.88,36.9,36.88,36.9,540.0,CNA
2023-05-31 15:11:00,36.86,36.87,36.86,36.87,304.0,CNA
2023-05-31 15:10:00,36.8311,36.8311,36.8311,36.8311,221.0,CNA
2023-05-31 15:09:00,36.85,36.85,36.85,36.85,260.0,CNA
2023-05-31 15:07:00,36.835,36.835,36.82,36.82,276.0,CNA
2023-05-31 15:06:00,36.82,36.82,36.82,36.82,169.0,CNA
2023-05-31 15:04:00,36.85,36.85,36.84,36.84,756.0,CNA
2023-05-31 15:00:00,36.87,36.87,36.85,36.87,569.0,CNA
2023-05-31 14:59:00,36.85,36.85,36.85,36.85,125.0,CNA
2023-05-31 14:56:00,36.8499,36.8499,36.8499,36.8499,166.0,CNA
2023-05-31 14:55:00,36.82,36.82,36.82,36.82,107.0,CNA
2023-05-31 14:53:00,36.82,36.82,36.82,36.82,391.0,CNA
2023-05-31 14:52:00,36.81,36.82,36.81,36.82,346.0,CNA
2023-05-31 14:50:00,36.83,36.83,36.82,36.82,488.0,CNA
2023-05-31 14:45:00,36.83,36.85,36.82,36.85,3258.0,CNA
2023-05-31 14:43:00,36.86,36.86,36.86,36.86,117.0,CNA
2023-05-31 14:30:00,36.89,36.89,36.89,36.89,100.0,CNA
2023-05-31 14:16:00,36.86,36.86,36.86,36.86,354.0,CNA
2023-05-31 14:14:00,36.87,36.875,36.87,36.87,889.0,CNA
2023-05-31 14:12:00,36.82,36.845,36.82,36.845,778.0,CNA
2023-05-31 14:11:00,36.87,36.87,36.86,36.86,1290.0,CNA
2023-05-31 14:09:00,36.899,36.899,36.899,36.899,230.0,CNA
2023-05-31 14:08:00,36.86,36.895,36.86,36.895,305.0,CNA
2023-05-31 14:05:00,36.93,36.93,36.93,36.93,304.0,CNA
2023-05-31 14:04:00,36.89,36.89,36.89,36.89,100.0,CNA
2023-05-31 14:02:00,36.92,36.92,36.92,36.92,126.0,CNA
2023-05-31 13:56:00,36.8964,36.8964,36.8964,36.8964,126.0,CNA
2023-05-31 13:55:00,36.91,36.91,36.91,36.91,253.0,CNA
2023-05-31 13:50:00,36.88,36.88,36.88,36.88,161.0,CNA
2023-05-31 13:45:00,36.88,36.88,36.88,36.88,397.0,CNA
2023-05-31 13:44:00,36.9,36.9,36.9,36.9,398.0,CNA
2023-05-31 13:40:00,36.86,36.89,36.86,36.89,1173.0,CNA
2023-05-31 13:37:00,36.83,36.83,36.83,36.83,197.0,CNA
2023-05-31 13:35:00,36.84,36.845,36.84,36.845,755.0,CNA
2023-05-31 13:28:00,36.88,36.88,36.88,36.88,230.0,CNA
2023-05-31 13:27:00,36.8462,36.8462,36.8462,36.8462,565.0,CNA
2023-05-31 13:26:00,36.8185,36.8185,36.8185,36.8185,295.0,CNA
2023-05-31 13:23:00,36.8653,36.87,36.8653,36.87,1383.0,CNA
2023-05-31 13:22:00,36.8389,36.8389,36.8389,36.8389,286.0,CNA
2023-05-31 13:21:00,36.8309,36.8309,36.8309,36.8309,259.0,CNA
2023-05-31 13:17:00,36.8201,36.8201,36.8201,36.8201,924.0,CNA
2023-05-31 13:16:00,36.81,36.86,36.81,36.86,549.0,CNA
2023-05-31 13:14:00,36.83,36.84,36.81,36.81,1149.0,CNA
2023-05-31 13:06:00,36.83,36.84,36.83,36.83,876.0,CNA
2023-05-31 13:02:00,36.83,36.83,36.83,36.83,101.0,CNA
2023-05-31 12:50:00,36.9,36.9,36.85,36.85,1433.0,CNA
2023-05-31 12:48:00,36.895,36.895,36.895,36.895,126.0,CNA
2023-05-31 12:47:00,36.895,36.895,36.895,36.895,129.0,CNA
2023-05-31 12:42:00,36.905,36.905,36.905,36.905,100.0,CNA
2023-05-31 12:38:00,36.89,36.89,36.89,36.89,100.0,CNA
2023-05-31 12:33:00,36.95,36.95,36.93,36.93,600.0,CNA
2023-05-31 12:32:00,36.99,37.01,36.99,36.99,838.0,CNA
2023-05-31 12:29:00,37.07,37.0799,37.07,37.07,431.0,CNA
2023-05-31 12:28:00,37.0473,37.07,37.0473,37.07,803.0,CNA
2023-05-31 12:27:00,37.03,37.048,37.03,37.048,649.0,CNA
2023-05-31 12:26:00,37.0,37.01,36.9854,37.01,1944.0,CNA
2023-05-31 12:25:00,37.07,37.07,37.0,37.0,1116.0,CNA
2023-05-31 12:24:00,37.0173,37.06,37.0173,37.06,969.0,CNA
2023-05-31 12:23:00,37.0,37.0173,37.0,37.0173,1189.0,CNA
2023-05-31 12:22:00,37.0,37.01,36.96,37.0,2045.0,CNA
2023-05-31 12:21:00,36.97,37.02,36.97,37.02,800.0,CNA
2023-05-31 12:20:00,36.888,36.978,36.888,36.97,10038.0,CNA
2023-05-31 12:19:00,36.88,36.89,36.86,36.8873,1250.0,CNA
2023-05-31 12:18:00,36.8673,36.87,36.834,36.86,1138.0,CNA
2023-05-31 12:17:00,36.848,36.85,36.81,36.848,1250.0,CNA
2023-05-31 12:16:00,36.848,36.848,36.848,36.848,633.0,CNA
2023-05-31 12:15:00,36.81,36.84,36.81,36.84,1484.0,CNA
2023-05-31 12:14:00,36.81,36.81,36.81,36.81,450.0,CNA
2023-05-31 12:13:00,36.76,36.81,36.76,36.81,2672.0,CNA
2023-05-31 12:12:00,36.7665,36.7665,36.73,36.74,1037.0,CNA
2023-05-31 12:11:00,36.708,36.76,36.708,36.745,1424.0,CNA
2023-05-31 12:10:00,36.69,36.71,36.6873,36.7,1471.0,CNA
2023-05-31 12:09:00,36.67,36.67,36.66,36.66,759.0,CNA
2023-05-31 12:06:00,36.7,36.7,36.7,36.7,133.0,CNA
2023-05-31 12:05:00,36.7,36.7,36.7,36.7,202.0,CNA
2023-05-31 12:02:00,36.68,36.68,36.68,36.68,327.0,CNA
2023-05-31 12:01:00,36.635,36.635,36.635,36.635,107.0,CNA
2023-05-31 11:54:00,36.615,36.64,36.615,36.64,537.0,CNA
2023-05-31 11:48:00,36.61,36.65,36.61,36.61,2099.0,CNA
2023-05-31 11:45:00,36.665,36.665,36.665,36.665,100.0,CNA
2023-05-31 11:33:00,36.66,36.66,36.66,36.66,148.0,CNA
2023-05-31 11:32:00,36.66,36.66,36.66,36.66,103.0,CNA
2023-05-31 11:28:00,36.67,36.67,36.67,36.67,128.0,CNA
2023-05-31 11:23:00,36.71,36.74,36.665,36.665,2285.0,CNA
2023-05-31 11:20:00,36.68,36.68,36.68,36.68,100.0,CNA
2023-05-31 11:19:00,36.71,36.71,36.67,36.67,576.0,CNA
2023-05-31 11:18:00,36.69,36.69,36.69,36.69,109.0,CNA
2023-05-31 11:10:00,36.65,36.65,36.65,36.65,785.0,CNA
2023-05-31 11:01:00,36.69,36.715,36.69,36.715,574.0,CNA
2023-05-31 10:57:00,36.65,36.65,36.65,36.65,119.0,CNA
2023-05-31 10:50:00,36.69,36.69,36.68,36.68,520.0,CNA
2023-05-31 10:49:00,36.71,36.71,36.71,36.71,152.0,CNA
2023-05-31 10:48:00,36.75,36.75,36.75,36.75,104.0,CNA
2023-05-31 10:45:00,36.73,36.73,36.73,36.73,218.0,CNA
2023-05-31 10:44:00,36.6777,36.71,36.6777,36.71,385.0,CNA
2023-05-31 10:42:00,36.72,36.72,36.72,36.72,268.0,CNA
2023-05-31 10:41:00,36.76,36.76,36.73,36.73,651.0,CNA
2023-05-31 10:40:00,36.8192,36.8192,36.8192,36.8192,103.0,CNA
2023-05-31 10:37:00,36.795,36.795,36.77,36.785,345.0,CNA
2023-05-31 10:35:00,36.79,36.81,36.775,36.81,1598.0,CNA
2023-05-31 10:34:00,36.845,36.862,36.845,36.862,332.0,CNA
2023-05-31 10:32:00,36.845,36.845,36.845,36.845,106.0,CNA
2023-05-31 10:31:00,36.8,36.8,36.8,36.8,137.0,CNA
2023-05-31 10:30:00,36.835,36.835,36.835,36.835,310.0,CNA
2023-05-31 10:27:00,36.835,36.835,36.835,36.835,309.0,CNA
2023-05-31 10:26:00,36.84,36.84,36.8,36.8,1207.0,CNA
2023-05-31 10:25:00,36.91,36.91,36.85,36.85,1190.0,CNA
2023-05-31 10:20:00,36.905,36.905,36.905,36.905,130.0,CNA
2023-05-31 10:19:00,36.945,36.945,36.945,36.945,101.0,CNA
2023-05-31 10:17:00,36.85,36.875,36.85,36.875,463.0,CNA
2023-05-31 10:16:00,36.85,36.85,36.83,36.83,1836.0,CNA
2023-05-31 10:15:00,36.86,36.86,36.86,36.86,519.0,CNA
2023-05-31 10:14:00,36.83,36.83,36.83,36.83,364.0,CNA
2023-05-31 10:11:00,36.79,36.8113,36.79,36.8113,385.0,CNA
2023-05-31 10:10:00,36.83,36.83,36.81,36.81,218.0,CNA
2023-05-31 10:09:00,36.835,36.835,36.835,36.835,102.0,CNA
2023-05-31 10:07:00,36.74,36.79,36.74,36.79,1164.0,CNA
2023-05-31 10:04:00,36.765,36.765,36.74,36.74,200.0,CNA
2023-05-31 10:01:00,36.8,36.8,36.77,36.77,5225.0,CNA
2023-05-31 09:59:00,36.82,36.82,36.785,36.785,210.0,CNA
2023-05-31 09:58:00,36.74,36.785,36.73,36.785,439.0,CNA
2023-05-31 09:57:00,36.84,36.84,36.84,36.84,275.0,CNA
2023-05-31 09:52:00,36.75,36.75,36.75,36.75,310.0,CNA
2023-05-31 09:47:00,36.86,36.86,36.86,36.86,353.0,CNA
2023-05-31 09:43:00,36.96,36.98,36.96,36.98,668.0,CNA
2023-05-31 09:40:00,37.01,37.01,36.96,36.96,951.0,CNA
2023-05-31 09:39:00,36.92,37.01,36.92,36.965,1008.0,CNA
2023-05-31 09:36:00,37.01,37.01,37.01,37.01,124.0,CNA
2023-05-31 09:30:00,36.99,36.99,36.99,36.99,1335.0,CNA
2023-05-30 16:23:00,37.0,37.0,37.0,37.0,250.0,CNA
2023-05-30 16:00:00,37.0,37.0,37.0,37.0,1839.0,CNA
2023-05-30 15:59:00,37.09,37.09,37.01,37.01,7252.0,CNA
2023-05-30 15:58:00,37.07,37.1,37.06,37.1,1549.0,CNA
2023-05-30 15:57:00,37.03,37.06,37.03,37.06,1267.0,CNA
2023-05-30 15:56:00,37.03,37.03,37.03,37.03,214.0,CNA
2023-05-30 15:55:00,37.02,37.04,37.02,37.04,2354.0,CNA
2023-05-30 15:54:00,37.03,37.03,37.02,37.02,736.0,CNA
2023-05-30 15:53:00,37.035,37.035,37.035,37.035,294.0,CNA
2023-05-30 15:52:00,37.04,37.045,37.04,37.045,561.0,CNA
2023-05-30 15:50:00,37.11,37.11,37.05,37.05,1496.0,CNA
2023-05-30 15:49:00,37.12,37.12,37.12,37.12,400.0,CNA
2023-05-30 15:47:00,37.11,37.11,37.11,37.11,425.0,CNA
2023-05-30 15:45:00,37.09,37.13,37.09,37.11,2198.0,CNA
2023-05-30 15:40:00,37.075,37.075,37.075,37.075,356.0,CNA
2023-05-30 15:37:00,37.08,37.09,37.08,37.08,793.0,CNA
2023-05-30 15:36:00,37.07,37.07,37.07,37.07,1694.0,CNA
2023-05-30 15:34:00,37.03,37.05,37.03,37.05,620.0,CNA
2023-05-30 15:33:00,37.025,37.025,37.025,37.025,216.0,CNA
2023-05-30 15:32:00,37.04,37.04,37.03,37.03,1066.0,CNA
2023-05-30 15:31:00,37.076,37.076,37.076,37.076,251.0,CNA
2023-05-30 15:30:00,37.03,37.07,37.03,37.06,2585.0,CNA
2023-05-30 15:29:00,37.0,37.01,37.0,37.01,763.0,CNA
2023-05-30 15:24:00,36.97,36.97,36.97,36.97,541.0,CNA
2023-05-30 15:21:00,36.94,36.94,36.94,36.94,195.0,CNA
2023-05-30 15:20:00,36.95,36.95,36.95,36.95,134.0,CNA
2023-05-30 15:18:00,36.94,36.95,36.94,36.95,777.0,CNA
2023-05-30 15:17:00,36.94,36.94,36.94,36.94,411.0,CNA
2023-05-30 15:15:00,36.89,36.91,36.89,36.91,1064.0,CNA
2023-05-30 15:14:00,36.88,36.88,36.88,36.88,338.0,CNA
2023-05-30 15:13:00,36.895,36.895,36.895,36.895,205.0,CNA
2023-05-30 15:10:00,36.885,36.8861,36.885,36.8861,996.0,CNA
2023-05-30 15:09:00,36.86,36.86,36.86,36.86,199.0,CNA
2023-05-30 15:05:00,36.87,36.87,36.87,36.87,299.0,CNA
2023-05-30 15:03:00,36.91,36.91,36.91,36.91,137.0,CNA
2023-05-30 15:02:00,36.9,36.9,36.9,36.9,299.0,CNA
2023-05-30 15:01:00,36.86,36.86,36.86,36.86,122.0,CNA
2023-05-30 14:59:00,36.91,36.91,36.88,36.88,602.0,CNA
2023-05-30 14:57:00,36.935,36.945,36.935,36.945,543.0,CNA
2023-05-30 14:55:00,36.9285,36.9285,36.9285,36.9285,191.0,CNA
2023-05-30 14:54:00,36.915,36.95,36.91,36.95,787.0,CNA
2023-05-30 14:52:00,36.9088,36.91,36.9088,36.91,1023.0,CNA
2023-05-30 14:50:00,36.925,36.925,36.925,36.925,163.0,CNA
2023-05-30 14:48:00,36.95,36.95,36.95,36.95,233.0,CNA
2023-05-30 14:47:00,37.012,37.012,36.97,36.97,787.0,CNA
2023-05-30 14:46:00,37.0077,37.0077,37.0077,37.0077,124.0,CNA
2023-05-30 14:45:00,37.03,37.035,37.0104,37.0104,1076.0,CNA
2023-05-30 14:44:00,36.99,37.04,36.99,37.04,815.0,CNA
2023-05-30 14:42:00,36.985,36.985,36.985,36.985,602.0,CNA
2023-05-30 14:32:00,36.98,36.98,36.98,36.98,401.0,CNA
2023-05-30 14:31:00,36.96,36.96,36.96,36.96,776.0,CNA
2023-05-30 14:30:00,36.95,36.95,36.95,36.95,250.0,CNA
2023-05-30 14:29:00,36.925,36.95,36.925,36.95,900.0,CNA
2023-05-30 14:28:00,36.93,36.93,36.93,36.93,398.0,CNA
2023-05-30 14:24:00,36.855,36.955,36.855,36.955,7387.0,CNA
2023-05-30 14:22:00,36.83,36.83,36.83,36.83,497.0,CNA
2023-05-30 14:19:00,36.8,36.8,36.8,36.8,1167.0,CNA
2023-05-30 14:14:00,36.7668,36.7668,36.7668,36.7668,139.0,CNA
2023-05-30 14:12:00,36.7799,36.7799,36.7799,36.7799,1510.0,CNA
2023-05-30 14:11:00,36.77,36.77,36.77,36.77,512.0,CNA
2023-05-30 14:02:00,36.8,36.8,36.8,36.8,137.0,CNA
2023-05-30 13:59:00,36.81,36.815,36.81,36.815,530.0,CNA
2023-05-30 13:58:00,36.845,36.845,36.845,36.845,102.0,CNA
2023-05-30 13:57:00,36.845,36.845,36.845,36.845,321.0,CNA
2023-05-30 13:56:00,36.85,36.85,36.83,36.83,526.0,CNA
2023-05-30 13:52:00,36.84,36.84,36.84,36.84,134.0,CNA
2023-05-30 13:48:00,36.82,36.82,36.82,36.82,461.0,CNA
2023-05-30 13:41:00,36.76,36.76,36.76,36.76,104.0,CNA
2023-05-30 13:39:00,36.77,36.77,36.77,36.77,163.0,CNA
2023-05-30 13:38:00,36.815,36.815,36.815,36.815,508.0,CNA
2023-05-30 13:33:00,36.86,36.86,36.86,36.86,242.0,CNA
2023-05-30 13:32:00,36.8,36.82,36.7999,36.82,784.0,CNA
2023-05-30 13:30:00,36.77,36.77,36.77,36.77,649.0,CNA
2023-05-30 13:26:00,36.79,36.79,36.79,36.79,641.0,CNA
2023-05-30 13:21:00,36.81,36.82,36.81,36.81,795.0,CNA
2023-05-30 13:17:00,36.76,36.7692,36.76,36.7692,588.0,CNA
2023-05-30 13:13:00,36.7738,36.81,36.7738,36.79,1481.0,CNA
2023-05-30 13:11:00,36.7994,36.81,36.7994,36.81,1895.0,CNA
2023-05-30 13:10:00,36.7759,36.8,36.77,36.8,1576.0,CNA
2023-05-30 13:09:00,36.77,36.77,36.77,36.77,235.0,CNA
2023-05-30 13:01:00,36.8,36.8,36.8,36.8,208.0,CNA
2023-05-30 13:00:00,36.785,36.785,36.785,36.785,223.0,CNA
2023-05-30 12:58:00,36.77,36.77,36.77,36.77,206.0,CNA
2023-05-30 12:54:00,36.76,36.76,36.76,36.76,114.0,CNA
2023-05-30 12:53:00,36.74,36.79,36.74,36.79,2437.0,CNA
2023-05-30 12:52:00,36.67,36.69,36.67,36.69,687.0,CNA
2023-05-30 12:51:00,36.65,36.65,36.65,36.65,107.0,CNA
2023-05-30 12:50:00,36.655,36.655,36.655,36.655,179.0,CNA
2023-05-30 12:45:00,36.65,36.65,36.65,36.65,238.0,CNA
2023-05-30 12:43:00,36.665,36.69,36.665,36.685,938.0,CNA
2023-05-30 12:42:00,36.67,36.67,36.67,36.67,107.0,CNA
2023-05-30 12:41:00,36.68,36.68,36.68,36.68,992.0,CNA
2023-05-30 12:39:00,36.665,36.71,36.665,36.71,6479.0,CNA
2023-05-30 12:38:00,36.68,36.68,36.68,36.68,615.0,CNA
2023-05-30 12:37:00,36.6806,36.7,36.6806,36.7,271.0,CNA
2023-05-30 12:36:00,36.7,36.71,36.7,36.71,925.0,CNA
2023-05-30 12:35:00,36.68,36.68,36.68,36.68,102.0,CNA
2023-05-30 12:34:00,36.67,36.68,36.6415,36.65,4778.0,CNA
2023-05-30 12:32:00,36.65,36.65,36.65,36.65,478.0,CNA
2023-05-30 12:31:00,36.665,36.665,36.665,36.665,209.0,CNA
2023-05-30 12:30:00,36.634,36.665,36.634,36.665,5619.0,CNA
2023-05-30 12:29:00,36.57,36.62,36.57,36.62,336.0,CNA
2023-05-30 12:26:00,36.61,36.61,36.61,36.61,512.0,CNA
2023-05-30 12:23:00,36.59,36.59,36.58,36.58,348.0,CNA
2023-05-30 12:22:00,36.6,36.6,36.6,36.6,365.0,CNA
2023-05-30 12:20:00,36.63,36.63,36.63,36.63,400.0,CNA
2023-05-30 12:19:00,36.64,36.64,36.64,36.64,290.0,CNA
2023-05-30 12:18:00,36.62,36.62,36.6,36.6,267.0,CNA
2023-05-30 12:17:00,36.58,36.63,36.58,36.58,1662.0,CNA
2023-05-30 12:13:00,36.605,36.605,36.605,36.605,165.0,CNA
2023-05-30 12:01:00,36.62,36.62,36.62,36.62,505.0,CNA
2023-05-30 11:57:00,36.58,36.58,36.58,36.58,422.0,CNA
2023-05-30 11:56:00,36.56,36.56,36.56,36.56,163.0,CNA
2023-05-30 11:55:00,36.54,36.54,36.54,36.54,166.0,CNA
2023-05-30 11:53:00,36.55,36.55,36.55,36.55,105.0,CNA
2023-05-30 11:45:00,36.49,36.53,36.49,36.53,1221.0,CNA
2023-05-30 11:44:00,36.51,36.51,36.51,36.51,839.0,CNA
2023-05-30 11:38:00,36.54,36.54,36.54,36.54,145.0,CNA
2023-05-30 11:35:00,36.51,36.51,36.51,36.51,207.0,CNA
2023-05-30 11:27:00,36.52,36.52,36.51,36.5109,981.0,CNA
2023-05-30 11:23:00,36.54,36.54,36.54,36.54,104.0,CNA
2023-05-30 11:21:00,36.52,36.52,36.52,36.52,461.0,CNA
2023-05-30 11:20:00,36.52,36.53,36.52,36.53,743.0,CNA
2023-05-30 11:19:00,36.54,36.54,36.5101,36.5101,1202.0,CNA
2023-05-30 11:17:00,36.56,36.56,36.56,36.56,154.0,CNA
2023-05-30 11:16:00,36.56,36.56,36.56,36.56,867.0,CNA
2023-05-30 11:12:00,36.62,36.62,36.62,36.62,190.0,CNA
2023-05-30 11:07:00,36.67,36.68,36.67,36.68,869.0,CNA
2023-05-30 11:05:00,36.69,36.69,36.69,36.69,173.0,CNA
2023-05-30 11:02:00,36.7,36.7,36.645,36.6899,673.0,CNA
2023-05-30 11:00:00,36.69,36.69,36.69,36.69,290.0,CNA
2023-05-30 10:51:00,36.72,36.72,36.71,36.71,839.0,CNA
2023-05-30 10:48:00,36.69,36.74,36.69,36.74,803.0,CNA
2023-05-30 10:47:00,36.76,36.76,36.75,36.75,903.0,CNA
2023-05-30 10:45:00,36.8,36.8,36.8,36.8,5179.0,CNA
2023-05-30 10:44:00,36.79,36.79,36.79,36.79,728.0,CNA
2023-05-30 10:42:00,36.75,36.76,36.75,36.76,492.0,CNA
2023-05-30 10:40:00,36.77,36.77,36.77,36.77,110.0,CNA
2023-05-30 10:37:00,36.68,36.69,36.68,36.69,493.0,CNA
2023-05-30 10:36:00,36.66,36.66,36.66,36.66,424.0,CNA
2023-05-30 10:32:00,36.74,36.74,36.74,36.74,100.0,CNA
2023-05-30 10:31:00,36.77,36.77,36.77,36.77,207.0,CNA
2023-05-30 10:30:00,36.715,36.715,36.715,36.715,124.0,CNA
2023-05-30 10:28:00,36.72,36.72,36.72,36.72,398.0,CNA
2023-05-30 10:27:00,36.69,36.69,36.69,36.69,140.0,CNA
2023-05-30 10:25:00,36.77,36.77,36.77,36.77,279.0,CNA
2023-05-30 10:19:00,36.89,36.89,36.89,36.89,121.0,CNA
2023-05-30 10:18:00,36.83,36.89,36.8299,36.89,1393.0,CNA
2023-05-30 10:13:00,36.69,36.71,36.69,36.71,676.0,CNA
2023-05-30 10:07:00,36.72,36.72,36.72,36.72,267.0,CNA
2023-05-30 10:02:00,36.69,36.69,36.69,36.69,729.0,CNA
2023-05-30 10:00:00,36.75,36.75,36.75,36.75,654.0,CNA
2023-05-30 09:56:00,36.61,36.61,36.595,36.6,554.0,CNA
2023-05-30 09:55:00,36.63,36.67,36.54,36.67,3339.0,CNA
2023-05-30 09:46:00,36.495,36.495,36.495,36.495,162.0,CNA
2023-05-30 09:39:00,36.725,36.725,36.52,36.52,460.0,CNA
2023-05-30 09:36:00,36.8,36.8,36.8,36.8,103.0,CNA
2023-05-30 09:35:00,37.075,37.075,36.85,36.86,877.0,CNA
2023-05-30 09:34:00,36.85,36.85,36.85,36.85,180.0,CNA
2023-05-30 09:33:00,36.865,36.865,36.865,36.865,110.0,CNA
2023-05-30 09:30:00,36.85,36.85,36.85,36.85,935.0,CNA
2023-05-26 15:59:00,36.85,36.9,36.85,36.86,7578.0,CNA
2023-05-26 15:58:00,36.83,36.85,36.83,36.835,921.0,CNA
2023-05-26 15:57:00,36.78,36.82,36.78,36.8,2225.0,CNA
2023-05-26 15:56:00,36.79,36.805,36.79,36.79,1593.0,CNA
2023-05-26 15:55:00,36.801,36.825,36.79,36.79,3038.0,CNA
2023-05-26 15:54:00,36.77,36.8,36.76,36.8,2566.0,CNA
2023-05-26 15:53:00,36.771,36.78,36.77,36.77,995.0,CNA
2023-05-26 15:52:00,36.76,36.77,36.75,36.76,1472.0,CNA
2023-05-26 15:51:00,36.75,36.79,36.75,36.775,1317.0,CNA
2023-05-26 15:50:00,36.79,36.79,36.73,36.77,3983.0,CNA
2023-05-26 15:49:00,36.8,36.8,36.8,36.8,625.0,CNA
2023-05-26 15:48:00,36.8,36.82,36.78,36.8,1884.0,CNA
2023-05-26 15:47:00,36.83,36.845,36.8,36.8,1030.0,CNA
2023-05-26 15:46:00,36.845,36.845,36.84,36.84,514.0,CNA
2023-05-26 15:45:00,36.855,36.87,36.84,36.84,907.0,CNA
2023-05-26 15:44:00,36.8525,36.8525,36.84,36.84,318.0,CNA
2023-05-26 15:43:00,36.855,36.855,36.855,36.855,162.0,CNA
2023-05-26 15:42:00,36.84,36.87,36.84,36.855,711.0,CNA
2023-05-26 15:41:00,36.84,36.85,36.84,36.85,1080.0,CNA
2023-05-26 15:40:00,36.82,36.82,36.82,36.82,342.0,CNA
2023-05-26 15:39:00,36.82,36.835,36.815,36.83,1493.0,CNA
2023-05-26 15:38:00,36.811,36.811,36.811,36.811,170.0,CNA
2023-05-26 15:37:00,36.8,36.8225,36.785,36.8225,2634.0,CNA
2023-05-26 15:36:00,36.75,36.75,36.75,36.75,210.0,CNA
2023-05-26 15:35:00,36.79,36.79,36.775,36.775,1006.0,CNA
2023-05-26 15:34:00,36.79,36.805,36.79,36.805,291.0,CNA
2023-05-26 15:33:00,36.805,36.805,36.805,36.805,549.0,CNA
2023-05-26 15:32:00,36.805,36.805,36.805,36.805,125.0,CNA
2023-05-26 15:31:00,36.794,36.794,36.79,36.79,302.0,CNA
2023-05-26 15:30:00,36.8,36.8,36.77,36.77,1208.0,CNA
2023-05-26 15:29:00,36.8,36.801,36.8,36.801,339.0,CNA
2023-05-26 15:28:00,36.81,36.81,36.8,36.8,264.0,CNA
2023-05-26 15:27:00,36.81,36.81,36.81,36.81,225.0,CNA
2023-05-26 15:26:00,36.82,36.82,36.82,36.82,193.0,CNA
2023-05-26 15:25:00,36.82,36.82,36.82,36.82,335.0,CNA
2023-05-26 15:24:00,36.82,36.82,36.82,36.82,439.0,CNA
2023-05-26 15:23:00,36.84,36.84,36.84,36.84,143.0,CNA
2023-05-26 15:22:00,36.845,36.845,36.845,36.845,200.0,CNA
2023-05-26 15:20:00,36.865,36.875,36.84,36.84,1410.0,CNA
2023-05-26 15:19:00,36.865,36.865,36.865,36.865,158.0,CNA
2023-05-26 15:18:00,36.845,36.85,36.845,36.85,584.0,CNA
2023-05-26 15:17:00,36.85,36.85,36.84,36.84,1120.0,CNA
2023-05-26 15:16:00,36.86,36.86,36.86,36.86,105.0,CNA
2023-05-26 15:15:00,36.83,36.85,36.83,36.85,1086.0,CNA
2023-05-26 15:13:00,36.83,36.83,36.82,36.82,209.0,CNA
2023-05-26 15:12:00,36.84,36.84,36.81,36.81,585.0,CNA
2023-05-26 15:11:00,36.83,36.84,36.83,36.84,353.0,CNA
2023-05-26 15:10:00,36.84,36.84,36.84,36.84,551.0,CNA
2023-05-26 15:09:00,36.84,36.84,36.84,36.84,115.0,CNA
2023-05-26 15:08:00,36.84,36.855,36.84,36.85,635.0,CNA
2023-05-26 15:07:00,36.86,36.86,36.86,36.86,157.0,CNA
2023-05-26 15:05:00,36.89,36.89,36.86,36.86,822.0,CNA
2023-05-26 15:04:00,36.9,36.9,36.9,36.9,234.0,CNA
2023-05-26 15:02:00,36.865,36.865,36.865,36.865,474.0,CNA
2023-05-26 15:01:00,36.86,36.86,36.86,36.86,239.0,CNA
2023-05-26 15:00:00,36.845,36.85,36.845,36.845,524.0,CNA
2023-05-26 14:59:00,36.83,36.83,36.83,36.83,100.0,CNA
2023-05-26 14:58:00,36.85,36.85,36.85,36.85,229.0,CNA
2023-05-26 14:57:00,36.86,36.86,36.86,36.86,383.0,CNA
2023-05-26 14:56:00,36.86,36.87,36.86,36.87,201.0,CNA
2023-05-26 14:55:00,36.89,36.89,36.875,36.875,217.0,CNA
2023-05-26 14:54:00,36.89,36.89,36.87,36.88,1193.0,CNA
2023-05-26 14:51:00,36.895,36.895,36.895,36.895,552.0,CNA
2023-05-26 14:50:00,36.88,36.895,36.88,36.895,436.0,CNA
2023-05-26 14:49:00,36.9,36.9,36.89,36.89,586.0,CNA
2023-05-26 14:47:00,36.91,36.925,36.9,36.9,1205.0,CNA
2023-05-26 14:45:00,36.925,36.925,36.925,36.925,215.0,CNA
2023-05-26 14:43:00,36.925,36.925,36.925,36.925,217.0,CNA
2023-05-26 14:40:00,36.93,36.93,36.93,36.93,172.0,CNA
2023-05-26 14:38:00,36.925,36.94,36.925,36.93,701.0,CNA
2023-05-26 14:36:00,36.925,36.925,36.925,36.925,388.0,CNA
2023-05-26 14:35:00,36.88,36.925,36.88,36.925,730.0,CNA
2023-05-26 14:34:00,36.88,36.88,36.88,36.88,121.0,CNA
2023-05-26 14:33:00,36.8993,36.8993,36.8809,36.8809,1125.0,CNA
2023-05-26 14:30:00,36.88,36.88,36.88,36.88,128.0,CNA
2023-05-26 14:28:00,36.825,36.86,36.825,36.86,755.0,CNA
2023-05-26 14:23:00,36.8204,36.8204,36.8204,36.8204,519.0,CNA
2023-05-26 14:22:00,36.83,36.85,36.815,36.815,967.0,CNA
2023-05-26 14:21:00,36.85,36.85,36.85,36.85,131.0,CNA
2023-05-26 14:19:00,36.8,36.8392,36.8,36.8099,931.0,CNA
2023-05-26 14:18:00,36.75,36.77,36.75,36.77,1660.0,CNA
2023-05-26 14:17:00,36.75,36.766,36.73,36.75,1184.0,CNA
2023-05-26 14:16:00,36.75,36.75,36.75,36.75,100.0,CNA
2023-05-26 14:15:00,36.75,36.75,36.75,36.75,229.0,CNA
2023-05-26 14:14:00,36.75,36.75,36.75,36.75,100.0,CNA
2023-05-26 14:13:00,36.78,36.78,36.76,36.76,949.0,CNA
2023-05-26 14:12:00,36.771,36.771,36.771,36.771,202.0,CNA
2023-05-26 14:11:00,36.78,36.784,36.78,36.784,269.0,CNA
2023-05-26 14:10:00,36.78,36.78,36.78,36.78,337.0,CNA
2023-05-26 14:09:00,36.78,36.78,36.78,36.78,258.0,CNA
2023-05-26 14:08:00,36.78,36.78,36.77,36.78,1581.0,CNA
2023-05-26 14:07:00,36.78,36.78,36.78,36.78,200.0,CNA
2023-05-26 14:04:00,36.81,36.81,36.8,36.8,786.0,CNA
2023-05-26 14:03:00,36.825,36.825,36.825,36.825,100.0,CNA
2023-05-26 14:02:00,36.825,36.825,36.81,36.81,470.0,CNA
2023-05-26 13:57:00,36.755,36.755,36.755,36.755,239.0,CNA
2023-05-26 13:56:00,36.69,36.72,36.69,36.72,660.0,CNA
2023-05-26 13:55:00,36.69,36.69,36.69,36.69,100.0,CNA
2023-05-26 13:53:00,36.69,36.69,36.69,36.69,335.0,CNA
2023-05-26 13:52:00,36.68,36.7,36.68,36.7,630.0,CNA
2023-05-26 13:51:00,36.68,36.68,36.68,36.68,115.0,CNA
2023-05-26 13:50:00,36.675,36.7042,36.67,36.7042,2513.0,CNA
2023-05-26 13:49:00,36.68,36.7,36.6601,36.69,3162.0,CNA
2023-05-26 13:48:00,36.68,36.68,36.68,36.68,313.0,CNA
2023-05-26 13:47:00,36.68,36.68,36.68,36.68,273.0,CNA
2023-05-26 13:46:00,36.68,36.68,36.68,36.68,102.0,CNA
2023-05-26 13:40:00,36.685,36.695,36.68,36.695,835.0,CNA
2023-05-26 13:37:00,36.685,36.685,36.68,36.68,685.0,CNA
2023-05-26 13:35:00,36.71,36.71,36.68,36.68,354.0,CNA
2023-05-26 13:34:00,36.68,36.68,36.68,36.68,117.0,CNA
2023-05-26 13:32:00,36.68,36.68,36.68,36.68,215.0,CNA
2023-05-26 13:30:00,36.68,36.68,36.68,36.68,123.0,CNA
2023-05-26 13:29:00,36.71,36.71,36.68,36.68,353.0,CNA
2023-05-26 13:28:00,36.7315,36.7315,36.7315,36.7315,436.0,CNA
2023-05-26 13:26:00,36.69,36.74,36.69,36.74,945.0,CNA
2023-05-26 13:24:00,36.66,36.66,36.66,36.66,113.0,CNA
2023-05-26 13:23:00,36.715,36.715,36.69,36.69,325.0,CNA
2023-05-26 13:22:00,36.7157,36.7157,36.69,36.69,524.0,CNA
2023-05-26 13:20:00,36.69,36.69,36.69,36.69,287.0,CNA
2023-05-26 13:19:00,36.675,36.7399,36.675,36.7399,500.0,CNA
2023-05-26 13:18:00,36.69,36.69,36.68,36.68,590.0,CNA
2023-05-26 13:16:00,36.72,36.7307,36.72,36.7307,961.0,CNA
2023-05-26 13:14:00,36.73,36.73,36.73,36.73,240.0,CNA
2023-05-26 13:12:00,36.8,36.8,36.78,36.79,626.0,CNA
2023-05-26 13:11:00,36.77,36.77,36.77,36.77,474.0,CNA
2023-05-26 13:09:00,36.79,36.8,36.79,36.8,1273.0,CNA
2023-05-26 13:08:00,36.76,36.76,36.76,36.76,657.0,CNA
2023-05-26 13:06:00,36.725,36.725,36.725,36.725,1005.0,CNA
2023-05-26 13:05:00,36.74,36.7547,36.74,36.7547,1251.0,CNA
2023-05-26 13:03:00,36.72,36.72,36.72,36.72,291.0,CNA
2023-05-26 13:02:00,36.75,36.75,36.75,36.75,615.0,CNA
2023-05-26 12:59:00,36.75,36.75,36.72,36.72,577.0,CNA
2023-05-26 12:58:00,36.8,36.8,36.74,36.78,2116.0,CNA
2023-05-26 12:57:00,36.8,36.8,36.8,36.8,203.0,CNA
2023-05-26 12:56:00,36.82,36.82,36.82,36.82,364.0,CNA
2023-05-26 12:50:00,36.87,36.87,36.86,36.87,984.0,CNA
2023-05-26 12:49:00,36.82,36.84,36.71,36.84,8142.0,CNA
2023-05-26 12:48:00,36.84,36.84,36.84,36.84,1038.0,CNA
2023-05-26 12:47:00,36.87,36.87,36.87,36.87,271.0,CNA
2023-05-26 12:44:00,36.87,36.87,36.87,36.87,163.0,CNA
2023-05-26 12:43:00,36.87,36.87,36.83,36.83,212.0,CNA
2023-05-26 12:41:00,36.87,36.87,36.87,36.87,191.0,CNA
2023-05-26 12:40:00,36.9,36.9,36.875,36.875,1378.0,CNA
2023-05-26 12:39:00,36.92,36.93,36.915,36.915,478.0,CNA
2023-05-26 12:38:00,36.89,36.89,36.89,36.89,204.0,CNA
2023-05-26 12:37:00,36.86,36.86,36.86,36.86,267.0,CNA
2023-05-26 12:34:00,36.87,36.87,36.86,36.86,1367.0,CNA
2023-05-26 12:33:00,36.94,36.94,36.94,36.94,131.0,CNA
2023-05-26 12:32:00,36.9499,36.9499,36.9499,36.9499,851.0,CNA
2023-05-26 12:31:00,36.8801,36.94,36.8801,36.94,882.0,CNA
2023-05-26 12:22:00,36.88,36.88,36.88,36.88,281.0,CNA
2023-05-26 12:20:00,36.83,36.84,36.83,36.84,759.0,CNA
2023-05-26 12:19:00,36.79,36.79,36.79,36.79,144.0,CNA
2023-05-26 12:15:00,36.85,36.86,36.76,36.84,1761.0,CNA
2023-05-26 12:01:00,36.605,36.605,36.605,36.605,260.0,CNA
2023-05-26 12:00:00,36.58,36.6,36.58,36.6,513.0,CNA
2023-05-26 11:59:00,36.56,36.56,36.56,36.56,132.0,CNA
2023-05-26 11:57:00,36.575,36.575,36.57,36.57,200.0,CNA
2023-05-26 11:55:00,36.61,36.62,36.61,36.62,418.0,CNA
2023-05-26 11:54:00,36.61,36.61,36.61,36.61,103.0,CNA
2023-05-26 11:52:00,36.65,36.66,36.64,36.66,812.0,CNA
2023-05-26 11:49:00,36.57,36.63,36.57,36.63,421.0,CNA
2023-05-26 11:44:00,36.6,36.6,36.6,36.6,537.0,CNA
2023-05-26 11:41:00,36.575,36.63,36.575,36.63,1481.0,CNA
2023-05-26 11:37:00,36.565,36.565,36.565,36.565,402.0,CNA
2023-05-26 11:36:00,36.565,36.565,36.565,36.565,467.0,CNA
2023-05-26 11:35:00,36.59,36.59,36.57,36.57,717.0,CNA
2023-05-26 11:34:00,36.545,36.6,36.545,36.6,1298.0,CNA
2023-05-26 11:33:00,36.54,36.59,36.4901,36.5101,1678.0,CNA
2023-05-26 11:32:00,36.505,36.505,36.4101,36.4101,427.0,CNA
2023-05-26 11:31:00,36.545,36.55,36.48,36.55,1265.0,CNA
2023-05-26 11:30:00,36.4668,36.4668,36.46,36.46,364.0,CNA
2023-05-26 11:29:00,36.44,36.44,36.44,36.44,181.0,CNA
2023-05-26 11:28:00,36.48,36.5,36.48,36.5,411.0,CNA
2023-05-26 11:27:00,36.51,36.5607,36.5,36.5,667.0,CNA
2023-05-26 11:26:00,36.5501,36.5501,36.515,36.515,886.0,CNA
2023-05-26 11:25:00,36.569,36.6101,36.569,36.6101,603.0,CNA
2023-05-26 11:23:00,36.613,36.613,36.6,36.6,355.0,CNA
2023-05-26 11:21:00,36.66,36.69,36.6001,36.6001,857.0,CNA
2023-05-26 11:20:00,36.705,36.76,36.69,36.69,2717.0,CNA
2023-05-26 11:19:00,36.6901,36.73,36.66,36.6609,1647.0,CNA
2023-05-26 11:18:00,36.725,36.725,36.725,36.725,114.0,CNA
2023-05-26 11:17:00,36.7,36.7429,36.66,36.66,825.0,CNA
2023-05-26 11:16:00,36.73,36.74,36.7,36.74,700.0,CNA
2023-05-26 11:15:00,36.7,36.7,36.7,36.7,240.0,CNA
2023-05-26 11:14:00,36.7,36.7,36.7,36.7,102.0,CNA
2023-05-26 11:13:00,36.75,36.75,36.7,36.7,367.0,CNA
2023-05-26 11:12:00,36.8,36.8,36.72,36.72,903.0,CNA
2023-05-26 11:11:00,36.835,36.835,36.8,36.8,1259.0,CNA
2023-05-26 11:10:00,36.82,36.82,36.7771,36.7771,677.0,CNA
2023-05-26 11:09:00,36.8425,36.8425,36.8201,36.8201,570.0,CNA
2023-05-26 11:08:00,36.8292,36.8292,36.8292,36.8292,573.0,CNA
2023-05-26 11:07:00,36.875,36.9,36.855,36.89,1900.0,CNA
2023-05-26 11:06:00,36.91,36.91,36.89,36.89,730.0,CNA
2023-05-26 11:05:00,36.92,36.92,36.92,36.92,141.0,CNA
2023-05-26 11:04:00,36.96,36.96,36.95,36.95,1085.0,CNA
2023-05-26 11:03:00,36.97,36.97,36.96,36.96,540.0,CNA
2023-05-26 11:02:00,36.98,37.016,36.98,37.002,594.0,CNA
2023-05-26 11:01:00,37.0,37.03,36.99,37.03,727.0,CNA
2023-05-26 11:00:00,37.045,37.0555,36.98,36.98,1189.0,CNA
2023-05-26 10:58:00,37.04,37.04,37.0,37.04,932.0,CNA
2023-05-26 10:57:00,37.09,37.09,37.0525,37.0525,2090.0,CNA
2023-05-26 10:56:00,37.01,37.01,37.01,37.01,156.0,CNA
2023-05-26 10:55:00,37.045,37.045,37.0002,37.0002,552.0,CNA
2023-05-26 10:54:00,37.0,37.08,37.0,37.08,677.0,CNA
2023-05-26 10:53:00,37.05,37.05,37.04,37.04,916.0,CNA
2023-05-26 10:51:00,37.09,37.09,37.09,37.09,314.0,CNA
2023-05-26 10:50:00,37.09,37.09,37.09,37.09,119.0,CNA
2023-05-26 10:49:00,37.0901,37.0901,37.0901,37.0901,504.0,CNA
2023-05-26 10:46:00,37.09,37.09,37.09,37.09,105.0,CNA
2023-05-26 10:45:00,37.16,37.16,37.16,37.16,319.0,CNA
2023-05-26 10:44:00,37.1201,37.156,37.1201,37.156,538.0,CNA
2023-05-26 10:43:00,37.24,37.24,37.22,37.22,863.0,CNA
2023-05-26 10:41:00,37.2927,37.2927,37.2927,37.2927,214.0,CNA
2023-05-26 10:39:00,37.22,37.335,37.22,37.2416,4174.0,CNA
2023-05-26 10:37:00,37.29,37.29,37.29,37.29,605.0,CNA
2023-05-26 10:36:00,37.34,37.34,37.34,37.34,172.0,CNA
2023-05-26 10:35:00,37.2801,37.2801,37.2801,37.2801,500.0,CNA
2023-05-26 10:34:00,37.28,37.28,37.28,37.28,100.0,CNA
2023-05-26 10:33:00,37.32,37.32,37.27,37.27,1049.0,CNA
2023-05-26 10:32:00,37.36,37.36,37.36,37.36,129.0,CNA
2023-05-26 10:31:00,37.36,37.36,37.36,37.36,162.0,CNA
2023-05-26 10:29:00,37.3001,37.345,37.2701,37.2701,1518.0,CNA
2023-05-26 10:26:00,37.34,37.34,37.34,37.34,1012.0,CNA
2023-05-26 10:25:00,37.395,37.395,37.395,37.395,341.0,CNA
2023-05-26 10:24:00,37.35,37.35,37.35,37.35,236.0,CNA
2023-05-26 10:23:00,37.4,37.4,37.395,37.395,400.0,CNA
2023-05-26 10:20:00,37.38,37.38,37.38,37.38,182.0,CNA
2023-05-26 10:16:00,37.305,37.305,37.305,37.305,204.0,CNA
2023-05-26 10:15:00,37.38,37.38,37.38,37.38,260.0,CNA
2023-05-26 10:13:00,37.2409,37.2409,37.2301,37.2301,1043.0,CNA
2023-05-26 10:10:00,37.28,37.28,37.28,37.28,114.0,CNA
2023-05-26 10:09:00,37.27,37.27,37.27,37.27,503.0,CNA
2023-05-26 10:08:00,37.1001,37.185,37.1001,37.18,704.0,CNA
2023-05-26 10:07:00,37.11,37.11,37.11,37.11,300.0,CNA
2023-05-26 10:04:00,37.09,37.1034,37.09,37.09,1021.0,CNA
2023-05-26 10:03:00,37.1603,37.1603,37.1,37.1,664.0,CNA
2023-05-26 10:01:00,37.0801,37.0801,37.0801,37.0801,530.0,CNA
2023-05-26 10:00:00,37.0801,37.175,37.0801,37.175,1033.0,CNA
2023-05-26 09:58:00,37.26,37.26,37.26,37.26,1020.0,CNA
2023-05-26 09:56:00,37.0916,37.0916,37.0916,37.0916,502.0,CNA
2023-05-26 09:50:00,37.17,37.17,37.17,37.17,101.0,CNA
2023-05-26 09:49:00,37.17,37.212,37.0601,37.0601,1398.0,CNA
2023-05-26 09:48:00,37.2743,37.2743,37.25,37.25,1030.0,CNA
2023-05-26 09:45:00,37.27,37.27,37.27,37.27,1324.0,CNA
2023-05-26 09:44:00,37.16,37.17,37.145,37.145,3651.0,CNA
2023-05-26 09:43:00,37.18,37.18,37.16,37.16,1110.0,CNA
2023-05-26 09:42:00,37.2096,37.2096,37.16,37.16,11224.0,CNA
2023-05-26 09:41:00,37.1509,37.3,37.1509,37.3,1732.0,CNA
2023-05-26 09:40:00,37.2,37.21,37.135,37.14,2496.0,CNA
2023-05-26 09:39:00,37.1396,37.1396,37.1077,37.1077,490.0,CNA
2023-05-26 09:38:00,37.135,37.135,37.0701,37.0701,416.0,CNA
2023-05-26 09:36:00,37.3036,37.3036,37.1173,37.1173,2439.0,CNA
2023-05-26 09:35:00,37.295,37.3058,37.295,37.295,1478.0,CNA
2023-05-26 09:34:00,37.26,37.26,37.26,37.26,200.0,CNA
2023-05-26 09:32:00,37.23,37.23,37.23,37.23,204.0,CNA
2023-05-26 09:30:00,37.46,37.46,37.46,37.46,4308.0,CNA
2023-05-25 15:59:00,37.37,37.4,37.36,37.36,6115.0,CNA
2023-05-25 15:58:00,37.34,37.35,37.34,37.35,2575.0,CNA
2023-05-25 15:57:00,37.34,37.34,37.34,37.34,265.0,CNA
2023-05-25 15:55:00,37.31,37.325,37.31,37.325,905.0,CNA
2023-05-25 15:54:00,37.31,37.33,37.31,37.33,341.0,CNA
2023-05-25 15:53:00,37.33,37.34,37.33,37.34,1927.0,CNA
2023-05-25 15:52:00,37.32,37.32,37.32,37.32,104.0,CNA
2023-05-25 15:51:00,37.32,37.345,37.32,37.33,912.0,CNA
2023-05-25 15:50:00,37.28,37.35,37.28,37.35,633.0,CNA
2023-05-25 15:49:00,37.39,37.39,37.375,37.375,1277.0,CNA
2023-05-25 15:48:00,37.405,37.405,37.39,37.39,585.0,CNA
2023-05-25 15:46:00,37.405,37.405,37.405,37.405,195.0,CNA
2023-05-25 15:45:00,37.405,37.405,37.4,37.4,684.0,CNA
2023-05-25 15:44:00,37.37,37.39,37.37,37.39,605.0,CNA
2023-05-25 15:43:00,37.35,37.35,37.35,37.35,289.0,CNA
2023-05-25 15:42:00,37.36,37.36,37.36,37.36,394.0,CNA
2023-05-25 15:41:00,37.34,37.355,37.34,37.34,1019.0,CNA
2023-05-25 15:40:00,37.37,37.37,37.37,37.37,237.0,CNA
2023-05-25 15:39:00,37.35,37.35,37.35,37.35,686.0,CNA
2023-05-25 15:38:00,37.35,37.36,37.35,37.35,635.0,CNA
2023-05-25 15:37:00,37.34,37.34,37.34,37.34,863.0,CNA
2023-05-25 15:35:00,37.335,37.335,37.335,37.335,274.0,CNA
2023-05-25 15:34:00,37.33,37.33,37.33,37.33,108.0,CNA
2023-05-25 15:33:00,37.36,37.36,37.3001,37.3001,744.0,CNA
2023-05-25 15:30:00,37.3319,37.345,37.3319,37.345,470.0,CNA
2023-05-25 15:29:00,37.37,37.37,37.36,37.36,767.0,CNA
2023-05-25 15:28:00,37.35,37.41,37.35,37.41,1013.0,CNA
2023-05-25 15:27:00,37.34,37.34,37.34,37.34,354.0,CNA
2023-05-25 15:24:00,37.335,37.335,37.32,37.32,424.0,CNA
2023-05-25 15:20:00,37.325,37.325,37.325,37.325,104.0,CNA
2023-05-25 15:19:00,37.31,37.31,37.31,37.31,104.0,CNA
2023-05-25 15:13:00,37.38,37.38,37.34,37.34,738.0,CNA
2023-05-25 15:12:00,37.37,37.37,37.36,37.37,615.0,CNA
2023-05-25 15:08:00,37.33,37.33,37.33,37.33,127.0,CNA
2023-05-25 15:00:00,37.34,37.36,37.33,37.33,980.0,CNA
2023-05-25 14:57:00,37.335,37.335,37.32,37.32,567.0,CNA
2023-05-25 14:55:00,37.33,37.33,37.33,37.33,832.0,CNA
2023-05-25 14:48:00,37.35,37.35,37.35,37.35,677.0,CNA
2023-05-25 14:47:00,37.31,37.33,37.31,37.33,1078.0,CNA
2023-05-25 14:45:00,37.2701,37.2701,37.2701,37.2701,217.0,CNA
2023-05-25 14:43:00,37.26,37.26,37.26,37.26,231.0,CNA
2023-05-25 14:42:00,37.25,37.25,37.25,37.25,347.0,CNA
2023-05-25 14:36:00,37.26,37.26,37.26,37.26,540.0,CNA
2023-05-25 14:33:00,37.35,37.35,37.32,37.32,474.0,CNA
2023-05-25 14:31:00,37.35,37.35,37.35,37.35,214.0,CNA
2023-05-25 14:29:00,37.37,37.37,37.37,37.37,796.0,CNA
2023-05-25 14:17:00,37.37,37.37,37.37,37.37,544.0,CNA
2023-05-25 14:15:00,37.41,37.41,37.38,37.38,977.0,CNA
2023-05-25 14:13:00,37.41,37.41,37.41,37.41,229.0,CNA
2023-05-25 14:11:00,37.38,37.38,37.38,37.38,268.0,CNA
2023-05-25 14:06:00,37.38,37.38,37.38,37.38,103.0,CNA
2023-05-25 14:03:00,37.46,37.46,37.46,37.46,361.0,CNA
2023-05-25 14:00:00,37.49,37.49,37.49,37.49,416.0,CNA
2023-05-25 13:57:00,37.35,37.35,37.35,37.35,116.0,CNA
2023-05-25 13:55:00,37.38,37.38,37.38,37.38,882.0,CNA
2023-05-25 13:54:00,37.37,37.37,37.37,37.37,424.0,CNA
2023-05-25 13:52:00,37.385,37.385,37.385,37.385,166.0,CNA
2023-05-25 13:51:00,37.4,37.4,37.4,37.4,423.0,CNA
2023-05-25 13:46:00,37.4375,37.4375,37.4375,37.4375,421.0,CNA
2023-05-25 13:44:00,37.4,37.4,37.4,37.4,277.0,CNA
2023-05-25 13:39:00,37.44,37.44,37.44,37.44,286.0,CNA
2023-05-25 13:36:00,37.43,37.43,37.43,37.43,550.0,CNA
2023-05-25 13:33:00,37.43,37.43,37.43,37.43,215.0,CNA
2023-05-25 13:26:00,37.46,37.46,37.46,37.46,339.0,CNA
2023-05-25 13:25:00,37.4,37.4,37.4,37.4,894.0,CNA
2023-05-25 13:24:00,37.4001,37.4001,37.4001,37.4001,2060.0,CNA
2023-05-25 13:21:00,37.42,37.42,37.42,37.42,331.0,CNA
2023-05-25 13:18:00,37.42,37.42,37.42,37.42,354.0,CNA
2023-05-25 13:15:00,37.39,37.39,37.39,37.39,907.0,CNA
2023-05-25 13:07:00,37.37,37.37,37.37,37.37,397.0,CNA
2023-05-25 13:06:00,37.35,37.359,37.35,37.359,363.0,CNA
2023-05-25 13:00:00,37.3,37.3,37.3,37.3,203.0,CNA
2023-05-25 12:59:00,37.37,37.37,37.33,37.33,844.0,CNA
2023-05-25 12:57:00,37.395,37.395,37.395,37.395,770.0,CNA
2023-05-25 12:56:00,37.43,37.43,37.43,37.43,229.0,CNA
2023-05-25 12:47:00,37.44,37.44,37.4399,37.4399,386.0,CNA
2023-05-25 12:45:00,37.42,37.42,37.42,37.42,191.0,CNA
2023-05-25 12:43:00,37.39,37.39,37.39,37.39,158.0,CNA
2023-05-25 12:42:00,37.39,37.39,37.39,37.39,721.0,CNA
2023-05-25 12:39:00,37.38,37.41,37.38,37.41,810.0,CNA
2023-05-25 12:38:00,37.325,37.38,37.325,37.38,1539.0,CNA
2023-05-25 12:37:00,37.325,37.325,37.325,37.325,113.0,CNA
2023-05-25 12:24:00,37.35,37.35,37.35,37.35,323.0,CNA
2023-05-25 12:21:00,37.375,37.375,37.375,37.375,213.0,CNA
2023-05-25 12:20:00,37.38,37.38,37.38,37.38,510.0,CNA
2023-05-25 12:17:00,37.32,37.32,37.32,37.32,157.0,CNA
2023-05-25 12:16:00,37.37,37.37,37.35,37.35,3512.0,CNA
2023-05-25 12:12:00,37.3287,37.34,37.3287,37.34,356.0,CNA
2023-05-25 12:11:00,37.34,37.34,37.34,37.34,114.0,CNA
2023-05-25 12:10:00,37.32,37.32,37.32,37.32,338.0,CNA
2023-05-25 12:00:00,37.24,37.25,37.235,37.25,513.0,CNA
2023-05-25 11:54:00,37.18,37.18,37.18,37.18,252.0,CNA
2023-05-25 11:53:00,37.17,37.2,37.17,37.2,723.0,CNA
2023-05-25 11:52:00,37.13,37.13,37.13,37.13,310.0,CNA
2023-05-25 11:51:00,37.15,37.15,37.15,37.15,100.0,CNA
2023-05-25 11:46:00,37.13,37.17,37.13,37.17,404.0,CNA
2023-05-25 11:41:00,37.16,37.16,37.16,37.16,300.0,CNA
2023-05-25 11:37:00,37.18,37.18,37.18,37.18,100.0,CNA
2023-05-25 11:36:00,37.17,37.17,37.17,37.17,125.0,CNA
2023-05-25 11:27:00,37.33,37.33,37.33,37.33,100.0,CNA
2023-05-25 11:26:00,37.24,37.29,37.24,37.29,329.0,CNA
2023-05-25 11:17:00,37.31,37.31,37.31,37.31,360.0,CNA
2023-05-25 11:16:00,37.39,37.39,37.38,37.38,1073.0,CNA
2023-05-25 11:04:00,37.43,37.43,37.4026,37.4026,610.0,CNA
2023-05-25 11:03:00,37.43,37.43,37.43,37.43,210.0,CNA
2023-05-25 11:02:00,37.46,37.46,37.46,37.46,1084.0,CNA
2023-05-25 11:01:00,37.37,37.37,37.37,37.37,101.0,CNA
2023-05-25 10:59:00,37.361,37.41,37.361,37.41,752.0,CNA
2023-05-25 10:48:00,37.46,37.46,37.46,37.46,125.0,CNA
2023-05-25 10:38:00,37.41,37.41,37.41,37.41,211.0,CNA
2023-05-25 10:35:00,37.35,37.35,37.31,37.31,358.0,CNA
2023-05-25 10:34:00,37.42,37.42,37.42,37.42,186.0,CNA
2023-05-25 10:32:00,37.47,37.47,37.47,37.47,138.0,CNA
2023-05-25 10:30:00,37.52,37.52,37.46,37.46,470.0,CNA
2023-05-25 10:26:00,37.55,37.56,37.55,37.56,623.0,CNA
2023-05-25 10:25:00,37.5136,37.5136,37.5136,37.5136,115.0,CNA
2023-05-25 10:20:00,37.5,37.5327,37.5,37.5327,635.0,CNA
2023-05-25 10:10:00,37.59,37.595,37.59,37.595,256.0,CNA
2023-05-25 10:09:00,37.47,37.47,37.47,37.47,103.0,CNA
2023-05-25 10:08:00,37.53,37.55,37.53,37.55,354.0,CNA
2023-05-25 10:01:00,37.665,37.665,37.665,37.665,237.0,CNA
2023-05-25 09:59:00,37.665,37.665,37.665,37.665,203.0,CNA
2023-05-25 09:58:00,37.69,37.69,37.69,37.69,329.0,CNA
2023-05-25 09:50:00,37.66,37.66,37.66,37.66,308.0,CNA
2023-05-25 09:47:00,37.7,37.73,37.69,37.73,958.0,CNA
2023-05-25 09:42:00,37.53,37.57,37.53,37.57,1045.0,CNA
2023-05-25 09:41:00,37.53,37.53,37.53,37.53,301.0,CNA
2023-05-25 09:40:00,37.52,37.52,37.52,37.52,101.0,CNA
2023-05-25 09:37:00,37.63,37.63,37.63,37.63,100.0,CNA
2023-05-25 09:36:00,37.615,37.63,37.615,37.63,503.0,CNA
2023-05-25 09:35:00,37.565,37.565,37.565,37.565,109.0,CNA
2023-05-25 09:34:00,37.36,37.36,37.36,37.36,264.0,CNA
2023-05-25 09:33:00,37.77,37.77,37.77,37.77,107.0,CNA
2023-05-25 09:30:00,37.56,37.56,37.56,37.56,1060.0,CNA
2023-05-24 16:00:00,37.85,37.85,37.85,37.85,1610.0,CNA
2023-05-24 15:59:00,37.83,37.89,37.8,37.88,5160.0,CNA
2023-05-24 15:58:00,37.8227,37.83,37.81,37.8101,3141.0,CNA
2023-05-24 15:57:00,37.88,37.91,37.8227,37.83,4179.0,CNA
2023-05-24 15:56:00,37.88,37.88,37.88,37.88,625.0,CNA
2023-05-24 15:55:00,37.88,37.88,37.88,37.88,641.0,CNA
2023-05-24 15:54:00,37.9,37.9,37.9,37.9,135.0,CNA
2023-05-24 15:52:00,37.85,37.87,37.85,37.87,979.0,CNA
2023-05-24 15:51:00,37.84,37.85,37.84,37.85,737.0,CNA
2023-05-24 15:50:00,37.88,37.88,37.84,37.84,4236.0,CNA
2023-05-24 15:49:00,37.91,37.91,37.91,37.91,283.0,CNA
2023-05-24 15:48:00,37.9464,37.95,37.9464,37.95,1146.0,CNA
2023-05-24 15:47:00,37.93,37.93,37.93,37.93,740.0,CNA
2023-05-24 15:45:00,37.93,37.93,37.92,37.92,1005.0,CNA
2023-05-24 15:44:00,37.98,37.98,37.94,37.94,581.0,CNA
2023-05-24 15:43:00,37.96,37.96,37.96,37.96,311.0,CNA
2023-05-24 15:42:00,37.96,37.98,37.96,37.98,964.0,CNA
2023-05-24 15:40:00,37.99,38.0,37.95,37.95,1710.0,CNA
2023-05-24 15:38:00,38.0,38.0,37.98,37.98,786.0,CNA
2023-05-24 15:35:00,37.99,38.01,37.99,38.01,1686.0,CNA
2023-05-24 15:33:00,38.0,38.005,38.0,38.005,1368.0,CNA
2023-05-24 15:32:00,38.0,38.0,38.0,38.0,630.0,CNA
2023-05-24 15:31:00,37.96,37.96,37.96,37.96,203.0,CNA
2023-05-24 15:30:00,37.89,37.98,37.89,37.98,1385.0,CNA
2023-05-24 15:29:00,37.98,37.98,37.88,37.915,1925.0,CNA
2023-05-24 15:26:00,37.98,37.98,37.98,37.98,107.0,CNA
2023-05-24 15:25:00,37.98,37.98,37.98,37.98,246.0,CNA
2023-05-24 15:23:00,37.995,37.995,37.995,37.995,426.0,CNA
2023-05-24 15:22:00,38.02,38.02,38.02,38.02,383.0,CNA
2023-05-24 15:21:00,38.08,38.08,38.08,38.08,420.0,CNA
2023-05-24 15:19:00,37.98,37.98,37.98,37.98,336.0,CNA
2023-05-24 15:18:00,37.96,37.975,37.96,37.975,308.0,CNA
2023-05-24 15:17:00,37.945,37.96,37.945,37.96,914.0,CNA
2023-05-24 15:16:00,37.935,37.94,37.935,37.94,201.0,CNA
2023-05-24 15:14:00,37.93,37.93,37.93,37.93,453.0,CNA
2023-05-24 15:13:00,37.91,37.91,37.91,37.91,474.0,CNA
2023-05-24 15:12:00,37.93,37.93,37.88,37.88,1222.0,CNA
2023-05-24 15:11:00,37.89,37.9,37.89,37.9,711.0,CNA
2023-05-24 15:10:00,37.875,37.875,37.875,37.875,264.0,CNA
2023-05-24 15:09:00,37.87,37.87,37.87,37.87,239.0,CNA
2023-05-24 15:05:00,37.89,37.89,37.89,37.89,544.0,CNA
2023-05-24 15:04:00,37.87,37.87,37.87,37.87,100.0,CNA
2023-05-24 15:02:00,37.9,37.9,37.9,37.9,208.0,CNA
2023-05-24 15:00:00,37.9,37.9,37.9,37.9,240.0,CNA
2023-05-24 14:54:00,37.92,37.92,37.89,37.92,502.0,CNA
2023-05-24 14:50:00,37.93,37.97,37.93,37.97,353.0,CNA
2023-05-24 14:42:00,37.96,37.96,37.96,37.96,713.0,CNA
2023-05-24 14:40:00,37.96,37.96,37.96,37.96,548.0,CNA
2023-05-24 14:37:00,37.94,37.94,37.94,37.94,118.0,CNA
2023-05-24 14:35:00,37.91,37.91,37.91,37.91,228.0,CNA
2023-05-24 14:33:00,37.91,37.91,37.91,37.91,144.0,CNA
2023-05-24 14:32:00,37.91,37.91,37.91,37.91,253.0,CNA
2023-05-24 14:26:00,37.9,37.9,37.9,37.9,161.0,CNA
2023-05-24 14:24:00,37.9,37.9,37.9,37.9,209.0,CNA
2023-05-24 14:23:00,37.9212,37.9212,37.9212,37.9212,301.0,CNA
2023-05-24 14:19:00,37.91,37.91,37.91,37.91,239.0,CNA
2023-05-24 14:14:00,37.9107,37.9107,37.9107,37.9107,200.0,CNA
2023-05-24 14:11:00,37.97,37.97,37.955,37.955,1077.0,CNA
2023-05-24 14:03:00,37.99,37.99,37.99,37.99,489.0,CNA
2023-05-24 14:02:00,38.04,38.04,38.04,38.04,317.0,CNA
2023-05-24 14:01:00,38.0175,38.0175,38.0175,38.0175,664.0,CNA
2023-05-24 13:57:00,37.99,37.99,37.99,37.99,209.0,CNA
2023-05-24 13:51:00,38.0,38.0,38.0,38.0,184.0,CNA
2023-05-24 13:45:00,38.01,38.01,37.99,37.99,1079.0,CNA
2023-05-24 13:44:00,38.035,38.035,38.035,38.035,115.0,CNA
2023-05-24 13:42:00,38.05,38.05,38.05,38.05,200.0,CNA
2023-05-24 13:40:00,38.04,38.04,38.04,38.04,440.0,CNA
2023-05-24 13:37:00,38.04,38.04,38.04,38.04,105.0,CNA
2023-05-24 13:35:00,38.015,38.015,38.015,38.015,115.0,CNA
2023-05-24 13:33:00,38.035,38.035,38.035,38.035,180.0,CNA
2023-05-24 13:32:00,37.99,37.99,37.99,37.99,221.0,CNA
2023-05-24 13:31:00,38.015,38.015,37.99,37.99,691.0,CNA
2023-05-24 13:30:00,37.9923,37.9923,37.9923,37.9923,157.0,CNA
2023-05-24 13:29:00,38.01,38.01,38.01,38.01,229.0,CNA
2023-05-24 13:25:00,37.97,37.97,37.97,37.97,292.0,CNA
2023-05-24 13:23:00,38.0,38.0,38.0,38.0,354.0,CNA
2023-05-24 13:21:00,38.0,38.0,38.0,38.0,149.0,CNA
2023-05-24 13:20:00,37.97,38.02,37.97,38.02,535.0,CNA
2023-05-24 13:19:00,37.96,37.96,37.96,37.96,573.0,CNA
2023-05-24 13:00:00,37.98,37.98,37.98,37.98,468.0,CNA
2023-05-24 12:58:00,38.01,38.01,38.01,38.01,222.0,CNA
2023-05-24 12:44:00,38.01,38.01,38.01,38.01,691.0,CNA
2023-05-24 12:43:00,38.01,38.01,38.01,38.01,100.0,CNA
2023-05-24 12:42:00,38.01,38.01,38.01,38.01,315.0,CNA
2023-05-24 12:38:00,38.01,38.015,37.99,37.99,392.0,CNA
2023-05-24 12:34:00,37.98,37.98,37.97,37.97,311.0,CNA
2023-05-24 12:33:00,37.93,37.96,37.93,37.96,1525.0,CNA
2023-05-24 12:32:00,37.91,37.9499,37.91,37.9499,1233.0,CNA
2023-05-24 12:26:00,37.94,37.94,37.94,37.94,286.0,CNA
2023-05-24 12:23:00,37.86,37.86,37.86,37.86,174.0,CNA
2023-05-24 12:19:00,37.9,37.9,37.9,37.9,117.0,CNA
2023-05-24 12:18:00,37.9,37.9,37.9,37.9,191.0,CNA
2023-05-24 12:11:00,37.94,37.94,37.94,37.94,525.0,CNA
2023-05-24 12:04:00,37.98,37.98,37.98,37.98,228.0,CNA
2023-05-24 11:58:00,38.01,38.01,38.0,38.0,817.0,CNA
2023-05-24 11:56:00,38.05,38.05,38.04,38.04,504.0,CNA
2023-05-24 11:48:00,38.1,38.1,38.1,38.1,484.0,CNA
2023-05-24 11:43:00,38.06,38.12,38.06,38.12,238.0,CNA
2023-05-24 11:31:00,38.09,38.09,38.09,38.09,329.0,CNA
2023-05-24 11:27:00,38.21,38.21,38.1845,38.1845,412.0,CNA
2023-05-24 11:22:00,38.1,38.1,38.1,38.1,533.0,CNA
2023-05-24 11:21:00,38.14,38.14,38.14,38.14,269.0,CNA
2023-05-24 11:18:00,38.04,38.04,38.04,38.04,117.0,CNA
2023-05-24 11:12:00,38.14,38.16,38.13,38.16,1211.0,CNA
2023-05-24 11:08:00,38.13,38.13,38.13,38.13,822.0,CNA
2023-05-24 10:52:00,38.2399,38.2399,38.2399,38.2399,163.0,CNA
2023-05-24 10:51:00,38.2399,38.2399,38.2399,38.2399,104.0,CNA
2023-05-24 10:50:00,38.165,38.165,38.165,38.165,136.0,CNA
2023-05-24 10:47:00,38.22,38.22,38.21,38.21,328.0,CNA
2023-05-24 10:45:00,38.275,38.275,38.275,38.275,104.0,CNA
2023-05-24 10:41:00,38.32,38.32,38.32,38.32,106.0,CNA
2023-05-24 10:40:00,38.28,38.28,38.28,38.28,102.0,CNA
2023-05-24 10:37:00,38.33,38.33,38.33,38.33,102.0,CNA
2023-05-24 10:32:00,38.33,38.33,38.33,38.33,100.0,CNA
2023-05-24 10:30:00,38.27,38.27,38.27,38.27,198.0,CNA
2023-05-24 10:23:00,38.21,38.21,38.21,38.21,147.0,CNA
2023-05-24 10:15:00,38.27,38.29,38.27,38.29,628.0,CNA
2023-05-24 10:14:00,38.31,38.31,38.31,38.31,559.0,CNA
2023-05-24 10:11:00,38.24,38.24,38.24,38.24,180.0,CNA
2023-05-24 10:10:00,38.245,38.245,38.245,38.245,142.0,CNA
2023-05-24 10:09:00,38.11,38.31,38.11,38.31,11616.0,CNA
2023-05-24 10:08:00,38.16,38.16,38.095,38.105,2392.0,CNA
2023-05-24 10:06:00,38.16,38.16,38.16,38.16,143.0,CNA
2023-05-24 10:04:00,38.32,38.32,38.32,38.32,116.0,CNA
2023-05-24 10:03:00,38.21,38.25,38.21,38.25,246.0,CNA
2023-05-24 09:49:00,38.105,38.105,38.105,38.105,112.0,CNA
2023-05-24 09:48:00,38.16,38.16,38.16,38.16,119.0,CNA
2023-05-24 09:47:00,38.16,38.16,38.16,38.16,100.0,CNA
2023-05-24 09:46:00,38.16,38.16,38.16,38.16,102.0,CNA
2023-05-24 09:45:00,38.285,38.285,38.285,38.285,135.0,CNA
2023-05-24 09:40:00,38.21,38.21,38.21,38.21,403.0,CNA
2023-05-24 09:39:00,38.19,38.19,38.19,38.19,433.0,CNA
2023-05-24 09:38:00,38.105,38.105,38.105,38.105,148.0,CNA
2023-05-24 09:37:00,38.06,38.14,38.0,38.0,373.0,CNA
2023-05-24 09:36:00,38.17,38.17,38.06,38.065,3467.0,CNA
2023-05-24 09:35:00,38.19,38.19,38.17,38.17,1614.0,CNA
2023-05-24 09:30:00,38.31,38.31,38.31,38.31,394.0,CNA
2023-05-23 15:59:00,38.61,38.61,38.51,38.51,10006.0,CNA
2023-05-23 15:58:00,38.61,38.61,38.6,38.605,2617.0,CNA
2023-05-23 15:57:00,38.59,38.61,38.59,38.6,2855.0,CNA
2023-05-23 15:56:00,38.6,38.6,38.6,38.6,687.0,CNA
2023-05-23 15:54:00,38.606,38.606,38.606,38.606,600.0,CNA
2023-05-23 15:53:00,38.605,38.605,38.59,38.6,567.0,CNA
2023-05-23 15:52:00,38.61,38.61,38.6085,38.6085,603.0,CNA
2023-05-23 15:51:00,38.62,38.64,38.62,38.64,1422.0,CNA
2023-05-23 15:50:00,38.63,38.63,38.63,38.63,1355.0,CNA
2023-05-23 15:49:00,38.635,38.635,38.635,38.635,485.0,CNA
2023-05-23 15:48:00,38.64,38.64,38.64,38.64,264.0,CNA
2023-05-23 15:47:00,38.65,38.65,38.65,38.65,629.0,CNA
2023-05-23 15:45:00,38.7,38.7,38.66,38.66,1028.0,CNA
2023-05-23 15:40:00,38.7,38.7,38.68,38.695,1092.0,CNA
2023-05-23 15:39:00,38.72,38.72,38.7055,38.7055,1068.0,CNA
2023-05-23 15:37:00,38.71,38.72,38.71,38.71,1545.0,CNA
2023-05-23 15:36:00,38.72,38.72,38.72,38.72,200.0,CNA
2023-05-23 15:33:00,38.7246,38.7246,38.7246,38.7246,234.0,CNA
2023-05-23 15:32:00,38.735,38.735,38.71,38.73,656.0,CNA
2023-05-23 15:31:00,38.73,38.73,38.73,38.73,399.0,CNA
2023-05-23 15:21:00,38.7,38.7,38.7,38.7,696.0,CNA
2023-05-23 15:19:00,38.66,38.66,38.66,38.66,457.0,CNA
2023-05-23 15:18:00,38.68,38.68,38.68,38.68,770.0,CNA
2023-05-23 15:17:00,38.7299,38.7299,38.7299,38.7299,275.0,CNA
2023-05-23 15:16:00,38.725,38.725,38.725,38.725,165.0,CNA
2023-05-23 15:12:00,38.685,38.685,38.685,38.685,686.0,CNA
2023-05-23 15:09:00,38.69,38.69,38.69,38.69,461.0,CNA
2023-05-23 15:08:00,38.67,38.67,38.67,38.67,295.0,CNA
2023-05-23 15:03:00,38.67,38.67,38.67,38.67,1143.0,CNA
2023-05-23 15:01:00,38.67,38.67,38.67,38.67,792.0,CNA
2023-05-23 14:58:00,38.69,38.69,38.69,38.69,741.0,CNA
2023-05-23 14:56:00,38.715,38.715,38.715,38.715,100.0,CNA
2023-05-23 14:53:00,38.7226,38.7226,38.7226,38.7226,685.0,CNA
2023-05-23 14:51:00,38.69,38.69,38.6899,38.6899,486.0,CNA
2023-05-23 14:49:00,38.6,38.6,38.6,38.6,395.0,CNA
2023-05-23 14:45:00,38.63,38.65,38.63,38.64,758.0,CNA
2023-05-23 14:44:00,38.633,38.633,38.633,38.633,182.0,CNA
2023-05-23 14:42:00,38.61,38.61,38.61,38.61,359.0,CNA
2023-05-23 14:36:00,38.65,38.65,38.65,38.65,540.0,CNA
2023-05-23 14:34:00,38.675,38.675,38.675,38.675,575.0,CNA
2023-05-23 14:30:00,38.57,38.6,38.57,38.59,419.0,CNA
2023-05-23 14:27:00,38.61,38.61,38.61,38.61,532.0,CNA
2023-05-23 14:23:00,38.59,38.59,38.59,38.59,447.0,CNA
2023-05-23 14:20:00,38.61,38.61,38.61,38.61,531.0,CNA
2023-05-23 14:13:00,38.66,38.66,38.66,38.66,424.0,CNA
2023-05-23 14:12:00,38.66,38.66,38.66,38.66,317.0,CNA
2023-05-23 14:10:00,38.71,38.71,38.71,38.71,242.0,CNA
2023-05-23 14:08:00,38.72,38.72,38.72,38.72,839.0,CNA
2023-05-23 14:06:00,38.73,38.74,38.73,38.74,580.0,CNA
2023-05-23 14:01:00,38.72,38.72,38.72,38.72,278.0,CNA
2023-05-23 13:59:00,38.69,38.69,38.69,38.69,182.0,CNA
2023-05-23 13:57:00,38.71,38.71,38.71,38.71,419.0,CNA
2023-05-23 13:50:00,38.72,38.72,38.72,38.72,519.0,CNA
2023-05-23 13:43:00,38.74,38.74,38.74,38.74,234.0,CNA
2023-05-23 13:38:00,38.68,38.68,38.68,38.68,313.0,CNA
2023-05-23 13:37:00,38.67,38.67,38.67,38.67,408.0,CNA
2023-05-23 13:36:00,38.6554,38.6554,38.6554,38.6554,200.0,CNA
2023-05-23 13:35:00,38.67,38.67,38.67,38.67,104.0,CNA
2023-05-23 13:34:00,38.64,38.64,38.64,38.64,635.0,CNA
2023-05-23 13:33:00,38.61,38.61,38.61,38.61,163.0,CNA
2023-05-23 13:30:00,38.63,38.63,38.63,38.63,206.0,CNA
2023-05-23 13:29:00,38.7,38.7,38.7,38.7,200.0,CNA
2023-05-23 13:27:00,38.76,38.8084,38.75,38.75,5135.0,CNA
2023-05-23 13:26:00,38.771,38.771,38.76,38.76,1360.0,CNA
2023-05-23 13:06:00,38.67,38.68,38.67,38.68,834.0,CNA
2023-05-23 12:58:00,38.68,38.68,38.68,38.68,581.0,CNA
2023-05-23 12:52:00,38.67,38.67,38.67,38.67,416.0,CNA
2023-05-23 12:37:00,38.72,38.72,38.72,38.72,101.0,CNA
2023-05-23 12:36:00,38.685,38.685,38.685,38.685,652.0,CNA
2023-05-23 12:29:00,38.705,38.705,38.705,38.705,181.0,CNA
2023-05-23 12:28:00,38.71,38.71,38.71,38.71,690.0,CNA
2023-05-23 12:24:00,38.7,38.72,38.685,38.72,1477.0,CNA
2023-05-23 12:23:00,38.66,38.66,38.66,38.66,158.0,CNA
2023-05-23 12:22:00,38.67,38.67,38.67,38.67,127.0,CNA
2023-05-23 12:19:00,38.69,38.69,38.69,38.69,241.0,CNA
2023-05-23 12:18:00,38.7447,38.7447,38.7,38.7,501.0,CNA
2023-05-23 12:16:00,38.71,38.71,38.71,38.71,475.0,CNA
2023-05-23 12:12:00,38.71,38.71,38.71,38.71,117.0,CNA
2023-05-23 12:08:00,38.75,38.75,38.75,38.75,418.0,CNA
2023-05-23 12:06:00,38.81,38.81,38.8,38.8,395.0,CNA
2023-05-23 12:05:00,38.82,38.82,38.82,38.82,281.0,CNA
2023-05-23 12:02:00,38.835,38.835,38.835,38.835,179.0,CNA
2023-05-23 11:59:00,38.84,38.84,38.84,38.84,368.0,CNA
2023-05-23 11:55:00,38.86,38.86,38.86,38.86,517.0,CNA
2023-05-23 11:52:00,38.87,38.87,38.86,38.86,480.0,CNA
2023-05-23 11:41:00,38.855,38.855,38.855,38.855,204.0,CNA
2023-05-23 11:39:00,38.85,38.86,38.85,38.86,812.0,CNA
2023-05-23 11:38:00,38.815,38.85,38.815,38.85,273.0,CNA
2023-05-23 11:37:00,38.855,38.855,38.855,38.855,582.0,CNA
2023-05-23 11:36:00,38.865,38.87,38.865,38.87,406.0,CNA
2023-05-23 11:35:00,38.92,38.92,38.89,38.89,1705.0,CNA
2023-05-23 11:34:00,38.9,38.9,38.9,38.9,246.0,CNA
2023-05-23 11:33:00,38.9071,38.9609,38.9071,38.9609,455.0,CNA
2023-05-23 11:27:00,38.93,38.93,38.93,38.93,507.0,CNA
2023-05-23 11:15:00,38.92,38.92,38.92,38.92,123.0,CNA
2023-05-23 11:06:00,38.88,38.88,38.88,38.88,360.0,CNA
2023-05-23 11:05:00,38.9,38.91,38.9,38.91,582.0,CNA
2023-05-23 11:00:00,38.89,38.89,38.89,38.89,346.0,CNA
2023-05-23 10:53:00,38.88,38.88,38.8101,38.8101,1062.0,CNA
2023-05-23 10:52:00,38.89,38.89,38.89,38.89,168.0,CNA
2023-05-23 10:51:00,38.9,38.9,38.89,38.89,395.0,CNA
2023-05-23 10:48:00,38.9001,38.9001,38.9001,38.9001,107.0,CNA
2023-05-23 10:46:00,38.89,38.89,38.89,38.89,140.0,CNA
2023-05-23 10:44:00,38.95,38.95,38.94,38.94,366.0,CNA
2023-05-23 10:41:00,38.99,38.99,38.97,38.97,802.0,CNA
2023-05-23 10:31:00,38.991,38.991,38.991,38.991,303.0,CNA
2023-05-23 10:30:00,39.02,39.02,39.02,39.02,467.0,CNA
2023-05-23 10:29:00,38.93,38.93,38.93,38.93,134.0,CNA
2023-05-23 10:28:00,38.96,38.96,38.96,38.96,238.0,CNA
2023-05-23 10:25:00,38.94,38.94,38.94,38.94,503.0,CNA
2023-05-23 10:19:00,38.88,38.88,38.88,38.88,101.0,CNA
2023-05-23 10:15:00,38.98,38.98,38.98,38.98,707.0,CNA
2023-05-23 10:07:00,39.045,39.045,39.045,39.045,131.0,CNA
2023-05-23 10:04:00,39.01,39.11,39.01,39.11,1282.0,CNA
2023-05-23 10:03:00,39.01,39.01,39.01,39.01,233.0,CNA
2023-05-23 10:02:00,39.01,39.02,39.01,39.02,337.0,CNA
2023-05-23 10:01:00,39.0,39.01,39.0,39.01,229.0,CNA
2023-05-23 10:00:00,38.98,39.0,38.98,39.0,379.0,CNA
2023-05-23 09:58:00,38.93,38.98,38.93,38.98,586.0,CNA
2023-05-23 09:56:00,39.02,39.02,38.99,38.99,1782.0,CNA
2023-05-23 09:50:00,39.09,39.09,39.09,39.09,123.0,CNA
2023-05-23 09:47:00,39.01,39.12,39.01,39.12,2303.0,CNA
2023-05-23 09:44:00,38.92,38.92,38.92,38.92,187.0,CNA
2023-05-23 09:35:00,38.96,38.96,38.96,38.96,215.0,CNA
2023-05-23 09:30:00,38.79,38.79,38.79,38.79,1233.0,CNA
2023-05-23 08:00:00,40.82,40.82,40.82,40.82,200.0,CNA
2023-05-22 16:46:00,39.0,39.0,39.0,39.0,100.0,CNA
2023-05-22 15:59:00,38.84,38.9,38.84,38.89,6329.0,CNA
2023-05-22 15:58:00,38.85,38.86,38.82,38.85,2881.0,CNA
2023-05-22 15:57:00,38.855,38.87,38.85,38.87,935.0,CNA
2023-05-22 15:56:00,38.835,38.87,38.835,38.87,1774.0,CNA
2023-05-22 15:54:00,38.82,38.82,38.82,38.82,325.0,CNA
2023-05-22 15:53:00,38.84,38.84,38.84,38.84,378.0,CNA
2023-05-22 15:52:00,38.79,38.83,38.79,38.83,1292.0,CNA
2023-05-22 15:51:00,38.81,38.81,38.81,38.81,360.0,CNA
2023-05-22 15:50:00,38.81,38.81,38.81,38.81,354.0,CNA
2023-05-22 15:49:00,38.81,38.81,38.8,38.8,838.0,CNA
2023-05-22 15:47:00,38.825,38.825,38.825,38.825,253.0,CNA
2023-05-22 15:45:00,38.84,38.84,38.84,38.84,293.0,CNA
2023-05-22 15:44:00,38.81,38.81,38.81,38.81,346.0,CNA
2023-05-22 15:43:00,38.84,38.84,38.82,38.82,698.0,CNA
2023-05-22 15:41:00,38.86,38.86,38.84,38.84,608.0,CNA
2023-05-22 15:34:00,38.83,38.83,38.83,38.83,260.0,CNA
2023-05-22 15:32:00,38.84,38.84,38.84,38.84,141.0,CNA
2023-05-22 15:30:00,38.83,38.83,38.83,38.83,455.0,CNA
2023-05-22 15:27:00,38.815,38.83,38.815,38.83,903.0,CNA
2023-05-22 15:26:00,38.82,38.82,38.82,38.82,952.0,CNA
2023-05-22 15:25:00,38.85,38.85,38.85,38.85,269.0,CNA
2023-05-22 15:22:00,38.85,38.85,38.85,38.85,161.0,CNA
2023-05-22 15:21:00,38.87,38.88,38.84,38.88,783.0,CNA
2023-05-22 15:13:00,38.85,38.85,38.85,38.85,310.0,CNA
2023-05-22 15:10:00,38.87,38.87,38.86,38.86,718.0,CNA
2023-05-22 15:07:00,38.88,38.88,38.88,38.88,141.0,CNA
2023-05-22 15:06:00,38.89,38.89,38.89,38.89,1356.0,CNA
2023-05-22 15:05:00,38.89,38.89,38.89,38.89,319.0,CNA
2023-05-22 15:04:00,38.87,38.89,38.87,38.87,741.0,CNA
2023-05-22 15:00:00,38.91,38.91,38.88,38.88,831.0,CNA
2023-05-22 14:58:00,38.89,38.89,38.89,38.89,106.0,CNA
2023-05-22 14:55:00,38.93,38.93,38.89,38.89,1221.0,CNA
2023-05-22 14:53:00,38.95,38.95,38.95,38.95,439.0,CNA
2023-05-22 14:52:00,38.95,38.97,38.95,38.97,867.0,CNA
2023-05-22 14:44:00,38.905,38.905,38.905,38.905,174.0,CNA
2023-05-22 14:43:00,38.8801,38.8801,38.8801,38.8801,130.0,CNA
2023-05-22 14:40:00,38.921,38.921,38.89,38.89,1042.0,CNA
2023-05-22 14:35:00,38.95,38.95,38.95,38.95,306.0,CNA
2023-05-22 14:34:00,38.96,38.97,38.96,38.97,490.0,CNA
2023-05-22 14:28:00,38.94,38.94,38.94,38.94,119.0,CNA
2023-05-22 14:22:00,38.92,38.92,38.92,38.92,340.0,CNA
2023-05-22 14:21:00,38.9274,38.9274,38.9274,38.9274,550.0,CNA
2023-05-22 14:18:00,38.9,38.9,38.9,38.9,407.0,CNA
2023-05-22 14:14:00,38.89,38.89,38.89,38.89,100.0,CNA
2023-05-22 14:13:00,38.89,38.89,38.89,38.89,314.0,CNA
2023-05-22 14:12:00,38.9034,38.9034,38.9034,38.9034,248.0,CNA
2023-05-22 14:11:00,38.88,38.89,38.88,38.89,1696.0,CNA
2023-05-22 14:10:00,38.87,38.87,38.87,38.87,116.0,CNA
2023-05-22 14:09:00,38.87,38.87,38.87,38.87,216.0,CNA
2023-05-22 14:05:00,38.87,38.87,38.86,38.86,851.0,CNA
2023-05-22 13:52:00,38.85,38.85,38.85,38.85,205.0,CNA
2023-05-22 13:51:00,38.9,38.9,38.86,38.86,701.0,CNA
2023-05-22 13:50:00,38.88,38.88,38.88,38.88,181.0,CNA
2023-05-22 13:45:00,38.88,38.89,38.88,38.89,1137.0,CNA
2023-05-22 13:37:00,38.84,38.87,38.84,38.86,1775.0,CNA
2023-05-22 13:32:00,38.84,38.84,38.84,38.84,108.0,CNA
2023-05-22 13:25:00,38.83,38.83,38.82,38.82,610.0,CNA
2023-05-22 13:19:00,38.82,38.82,38.82,38.82,625.0,CNA
2023-05-22 13:15:00,38.75,38.78,38.75,38.78,387.0,CNA
2023-05-22 13:14:00,38.82,38.82,38.8,38.8,1261.0,CNA
2023-05-22 13:13:00,38.8205,38.8205,38.8205,38.8205,200.0,CNA
2023-05-22 13:08:00,38.845,38.845,38.845,38.845,332.0,CNA
2023-05-22 13:07:00,38.85,38.85,38.85,38.85,611.0,CNA
2023-05-22 13:06:00,38.8417,38.8417,38.8417,38.8417,241.0,CNA
2023-05-22 13:00:00,38.82,38.84,38.82,38.84,700.0,CNA
2023-05-22 12:57:00,38.8,38.8,38.8,38.8,1210.0,CNA
2023-05-22 12:52:00,38.78,38.78,38.75,38.75,226.0,CNA
2023-05-22 12:51:00,38.77,38.78,38.76,38.78,371.0,CNA
2023-05-22 12:50:00,38.805,38.805,38.805,38.805,104.0,CNA
2023-05-22 12:48:00,38.81,38.81,38.81,38.81,108.0,CNA
2023-05-22 12:46:00,38.82,38.82,38.79,38.79,548.0,CNA
2023-05-22 12:44:00,38.82,38.82,38.82,38.82,107.0,CNA
2023-05-22 12:41:00,38.825,38.825,38.825,38.825,353.0,CNA
2023-05-22 12:40:00,38.85,38.865,38.85,38.865,544.0,CNA
2023-05-22 12:36:00,38.91,38.91,38.91,38.91,192.0,CNA
2023-05-22 12:32:00,38.92,38.92,38.87,38.87,901.0,CNA
2023-05-22 12:31:00,38.94,38.94,38.92,38.92,418.0,CNA
2023-05-22 12:29:00,38.9081,38.91,38.87,38.91,814.0,CNA
2023-05-22 12:28:00,38.9,38.9,38.8805,38.8805,841.0,CNA
2023-05-22 12:26:00,38.88,38.88,38.88,38.88,128.0,CNA
2023-05-22 12:25:00,38.86,38.8799,38.86,38.8799,608.0,CNA
2023-05-22 12:22:00,38.88,38.89,38.88,38.89,1188.0,CNA
2023-05-22 12:21:00,38.845,38.845,38.845,38.845,105.0,CNA
2023-05-22 12:16:00,38.8321,38.8321,38.8,38.8,219.0,CNA
2023-05-22 12:15:00,38.85,38.85,38.85,38.85,394.0,CNA
2023-05-22 12:09:00,38.855,38.855,38.855,38.855,114.0,CNA
2023-05-22 12:08:00,38.85,38.85,38.85,38.85,275.0,CNA
2023-05-22 12:07:00,38.9,38.9,38.85,38.87,2075.0,CNA
2023-05-22 12:06:00,38.9116,38.9304,38.91,38.91,864.0,CNA
2023-05-22 12:02:00,38.96,38.96,38.96,38.96,114.0,CNA
2023-05-22 11:57:00,38.96,38.96,38.96,38.96,111.0,CNA
2023-05-22 11:53:00,38.91,38.915,38.875,38.875,1783.0,CNA
2023-05-22 11:52:00,38.88,38.88,38.88,38.88,204.0,CNA
2023-05-22 11:51:00,38.88,38.88,38.88,38.88,113.0,CNA
2023-05-22 11:50:00,38.85,38.85,38.85,38.85,1194.0,CNA
2023-05-22 11:49:00,38.85,38.85,38.85,38.85,241.0,CNA
2023-05-22 11:41:00,38.87,38.875,38.84,38.875,1629.0,CNA
2023-05-22 11:35:00,38.87,38.87,38.87,38.87,156.0,CNA
2023-05-22 11:32:00,38.87,38.87,38.87,38.87,177.0,CNA
2023-05-22 11:30:00,38.91,38.91,38.91,38.91,100.0,CNA
2023-05-22 11:25:00,38.895,38.895,38.85,38.85,400.0,CNA
2023-05-22 11:24:00,38.89,38.895,38.855,38.895,548.0,CNA
2023-05-22 11:15:00,38.92,38.92,38.92,38.92,101.0,CNA
2023-05-22 11:14:00,38.88,38.88,38.88,38.88,136.0,CNA
2023-05-22 11:05:00,38.8,38.8,38.8,38.8,263.0,CNA
2023-05-22 11:01:00,38.79,38.79,38.79,38.79,152.0,CNA
2023-05-22 10:59:00,38.68,38.69,38.68,38.69,699.0,CNA
2023-05-22 10:58:00,38.66,38.66,38.66,38.66,1096.0,CNA
2023-05-22 10:57:00,38.65,38.65,38.65,38.65,319.0,CNA
2023-05-22 10:50:00,38.69,38.69,38.66,38.66,598.0,CNA
2023-05-22 10:43:00,38.735,38.735,38.735,38.735,198.0,CNA
2023-05-22 10:41:00,38.71,38.71,38.71,38.71,129.0,CNA
2023-05-22 10:40:00,38.745,38.745,38.745,38.745,100.0,CNA
2023-05-22 10:39:00,38.745,38.745,38.745,38.745,241.0,CNA
2023-05-22 10:38:00,38.71,38.71,38.71,38.71,148.0,CNA
2023-05-22 10:37:00,38.73,38.765,38.72,38.72,688.0,CNA
2023-05-22 10:35:00,38.81,38.81,38.81,38.81,178.0,CNA
2023-05-22 10:34:00,38.8,38.8,38.78,38.78,764.0,CNA
2023-05-22 10:32:00,38.84,38.84,38.84,38.84,203.0,CNA
2023-05-22 10:30:00,38.82,38.82,38.82,38.82,745.0,CNA
2023-05-22 10:28:00,38.82,38.82,38.82,38.82,297.0,CNA
2023-05-22 10:27:00,38.82,38.82,38.81,38.82,2088.0,CNA
2023-05-22 10:25:00,38.85,38.86,38.81,38.81,1742.0,CNA
2023-05-22 10:23:00,38.81,38.82,38.81,38.82,291.0,CNA
2023-05-22 10:17:00,38.87,38.87,38.87,38.87,191.0,CNA
2023-05-22 10:12:00,38.75,38.75,38.75,38.75,284.0,CNA
2023-05-22 10:02:00,38.66,38.66,38.66,38.66,313.0,CNA
2023-05-22 10:01:00,38.64,38.64,38.505,38.505,1007.0,CNA
2023-05-22 09:59:00,38.72,38.72,38.655,38.655,2364.0,CNA
2023-05-22 09:58:00,38.635,38.77,38.59,38.77,2421.0,CNA
2023-05-22 09:57:00,38.91,38.91,38.63,38.63,14427.0,CNA
2023-05-22 09:56:00,38.9,38.985,38.9,38.985,262.0,CNA
2023-05-22 09:43:00,39.28,39.285,39.195,39.235,821.0,CNA
2023-05-22 09:40:00,39.375,39.375,39.375,39.375,315.0,CNA
2023-05-22 09:39:00,39.37,39.45,39.35,39.45,628.0,CNA
2023-05-22 09:36:00,39.21,39.21,39.21,39.21,353.0,CNA
2023-05-22 09:31:00,39.6161,39.6161,39.6161,39.6161,450.0,CNA
2023-05-22 09:30:00,39.31,39.31,39.31,39.31,616.0,CNA
