date,1. open,2. high,3. low,4. close,5. volume,Ticker
2023-06-26 19:00:00,6.53,6.53,6.53,6.53,106712.0,CPG
2023-06-26 18:59:00,6.52,6.52,6.52,6.52,49.0,CPG
2023-06-26 18:30:00,6.53,6.53,6.53,6.53,106712.0,CPG
2023-06-26 17:40:00,6.5,6.5,6.5,6.5,500.0,CPG
2023-06-26 17:33:00,6.52,6.52,6.52,6.52,1.0,CPG
2023-06-26 17:26:00,6.53,6.53,6.53,6.53,1.0,CPG
2023-06-26 17:20:00,6.54,6.54,6.54,6.54,399.0,CPG
2023-06-26 16:10:00,6.53,6.53,6.53,6.53,106712.0,CPG
2023-06-26 16:07:00,6.532,6.532,6.53,6.53,2.0,CPG
2023-06-26 16:00:00,6.53,6.535,6.53,6.53,219044.0,CPG
2023-06-26 15:59:00,6.535,6.54,6.53,6.53,51554.0,CPG
2023-06-26 15:58:00,6.535,6.54,6.53,6.535,7076.0,CPG
2023-06-26 15:57:00,6.54,6.545,6.53,6.535,27273.0,CPG
2023-06-26 15:56:00,6.54,6.545,6.54,6.54,18361.0,CPG
2023-06-26 15:55:00,6.545,6.55,6.54,6.545,9976.0,CPG
2023-06-26 15:54:00,6.545,6.55,6.54,6.55,11308.0,CPG
2023-06-26 15:53:00,6.545,6.55,6.542,6.545,8364.0,CPG
2023-06-26 15:52:00,6.54,6.55,6.54,6.55,16546.0,CPG
2023-06-26 15:51:00,6.54,6.545,6.54,6.545,6588.0,CPG
2023-06-26 15:50:00,6.55,6.55,6.54,6.54,6090.0,CPG
2023-06-26 15:49:00,6.55,6.558,6.55,6.55,16754.0,CPG
2023-06-26 15:48:00,6.552,6.558,6.55,6.55,2398.0,CPG
2023-06-26 15:47:00,6.55,6.558,6.55,6.55,1500.0,CPG
2023-06-26 15:46:00,6.558,6.558,6.55,6.555,1412.0,CPG
2023-06-26 15:45:00,6.55,6.558,6.55,6.555,4593.0,CPG
2023-06-26 15:44:00,6.555,6.56,6.55,6.55,6915.0,CPG
2023-06-26 15:43:00,6.555,6.56,6.555,6.555,516.0,CPG
2023-06-26 15:42:00,6.56,6.565,6.555,6.56,18764.0,CPG
2023-06-26 15:41:00,6.56,6.56,6.56,6.56,914.0,CPG
2023-06-26 15:40:00,6.56,6.569,6.56,6.56,883.0,CPG
2023-06-26 15:39:00,6.57,6.57,6.56,6.568,15327.0,CPG
2023-06-26 15:38:00,6.57,6.578,6.57,6.57,7501.0,CPG
2023-06-26 15:37:00,6.575,6.575,6.57,6.575,915.0,CPG
2023-06-26 15:36:00,6.575,6.575,6.57,6.575,1283.0,CPG
2023-06-26 15:35:00,6.575,6.575,6.57,6.57,301.0,CPG
2023-06-26 15:34:00,6.575,6.58,6.57,6.575,5088.0,CPG
2023-06-26 15:33:00,6.58,6.58,6.57,6.575,1260.0,CPG
2023-06-26 15:32:00,6.575,6.58,6.575,6.58,2403.0,CPG
2023-06-26 15:31:00,6.575,6.58,6.575,6.58,2876.0,CPG
2023-06-26 15:30:00,6.58,6.585,6.575,6.575,30290.0,CPG
2023-06-26 15:29:00,6.583,6.585,6.58,6.585,3457.0,CPG
2023-06-26 15:28:00,6.585,6.585,6.58,6.585,3181.0,CPG
2023-06-26 15:27:00,6.585,6.59,6.585,6.59,1010.0,CPG
2023-06-26 15:26:00,6.585,6.585,6.585,6.585,717.0,CPG
2023-06-26 15:25:00,6.59,6.59,6.585,6.585,1675.0,CPG
2023-06-26 15:24:00,6.58,6.59,6.58,6.585,6061.0,CPG
2023-06-26 15:23:00,6.58,6.585,6.58,6.58,1566.0,CPG
2023-06-26 15:22:00,6.58,6.585,6.58,6.585,1926.0,CPG
2023-06-26 15:21:00,6.585,6.585,6.58,6.58,1334.0,CPG
2023-06-26 15:20:00,6.58,6.585,6.58,6.582,893.0,CPG
2023-06-26 15:19:00,6.585,6.585,6.585,6.585,309.0,CPG
2023-06-26 15:18:00,6.585,6.585,6.585,6.585,1340.0,CPG
2023-06-26 15:17:00,6.585,6.585,6.585,6.585,801.0,CPG
2023-06-26 15:16:00,6.59,6.59,6.585,6.585,3256.0,CPG
2023-06-26 15:15:00,6.59,6.595,6.58,6.581,56515.0,CPG
2023-06-26 15:14:00,6.59,6.598,6.59,6.598,1506.0,CPG
2023-06-26 15:13:00,6.59,6.598,6.59,6.59,16278.0,CPG
2023-06-26 15:12:00,6.59,6.59,6.585,6.59,8573.0,CPG
2023-06-26 15:11:00,6.585,6.585,6.58,6.58,697.0,CPG
2023-06-26 15:10:00,6.59,6.59,6.585,6.585,660.0,CPG
2023-06-26 15:09:00,6.585,6.588,6.585,6.588,1097.0,CPG
2023-06-26 15:08:00,6.58,6.585,6.58,6.585,7100.0,CPG
2023-06-26 15:07:00,6.58,6.59,6.58,6.585,478.0,CPG
2023-06-26 15:06:00,6.59,6.59,6.585,6.59,1710.0,CPG
2023-06-26 15:05:00,6.59,6.59,6.58,6.59,5289.0,CPG
2023-06-26 15:04:00,6.59,6.59,6.585,6.59,711.0,CPG
2023-06-26 15:03:00,6.58,6.59,6.58,6.582,1446.0,CPG
2023-06-26 15:02:00,6.585,6.59,6.585,6.589,868.0,CPG
2023-06-26 15:01:00,6.58,6.59,6.58,6.585,12883.0,CPG
2023-06-26 15:00:00,6.58,6.58,6.58,6.58,411.0,CPG
2023-06-26 14:59:00,6.58,6.58,6.58,6.58,1127.0,CPG
2023-06-26 14:58:00,6.575,6.58,6.57,6.58,2371.0,CPG
2023-06-26 14:57:00,6.58,6.58,6.575,6.575,371.0,CPG
2023-06-26 14:56:00,6.575,6.58,6.575,6.58,746.0,CPG
2023-06-26 14:55:00,6.572,6.58,6.573,6.58,1794.0,CPG
2023-06-26 14:54:00,6.575,6.58,6.57,6.575,5109.0,CPG
2023-06-26 14:53:00,6.57,6.58,6.57,6.578,3513.0,CPG
2023-06-26 14:52:00,6.575,6.575,6.57,6.57,1286.0,CPG
2023-06-26 14:51:00,6.575,6.575,6.57,6.57,1169.0,CPG
2023-06-26 14:50:00,6.575,6.575,6.57,6.57,2153.0,CPG
2023-06-26 14:49:00,6.575,6.575,6.57,6.57,2122.0,CPG
2023-06-26 14:48:00,6.575,6.58,6.573,6.573,1634.0,CPG
2023-06-26 14:47:00,6.575,6.575,6.57,6.575,453.0,CPG
2023-06-26 14:46:00,6.575,6.575,6.57,6.575,1800.0,CPG
2023-06-26 14:45:00,6.57,6.575,6.57,6.575,996.0,CPG
2023-06-26 14:44:00,6.57,6.575,6.57,6.57,1807.0,CPG
2023-06-26 14:43:00,6.58,6.58,6.575,6.575,602.0,CPG
2023-06-26 14:42:00,6.575,6.575,6.575,6.575,1020.0,CPG
2023-06-26 14:41:00,6.575,6.58,6.575,6.58,202.0,CPG
2023-06-26 14:40:00,6.575,6.58,6.575,6.58,1015.0,CPG
2023-06-26 14:39:00,6.58,6.58,6.57,6.57,709.0,CPG
2023-06-26 14:38:00,6.58,6.58,6.575,6.575,501.0,CPG
2023-06-26 14:37:00,6.575,6.575,6.575,6.575,302.0,CPG
2023-06-26 14:36:00,6.58,6.58,6.58,6.58,175.0,CPG
2023-06-26 14:35:00,6.575,6.575,6.575,6.575,502.0,CPG
2023-06-26 14:34:00,6.57,6.575,6.569,6.575,6645.0,CPG
2023-06-26 14:33:00,6.565,6.57,6.565,6.57,2958.0,CPG
2023-06-26 14:32:00,6.568,6.57,6.565,6.565,1819.0,CPG
2023-06-26 14:31:00,6.56,6.565,6.56,6.565,8742.0,CPG
2023-06-26 14:30:00,6.56,6.56,6.555,6.555,479.0,CPG
2023-06-26 14:29:00,6.555,6.56,6.55,6.559,3275.0,CPG
2023-06-26 14:28:00,6.55,6.555,6.55,6.555,3940.0,CPG
2023-06-26 14:27:00,6.56,6.56,6.55,6.55,2480.0,CPG
2023-06-26 14:26:00,6.555,6.56,6.555,6.56,692.0,CPG
2023-06-26 14:25:00,6.56,6.56,6.553,6.553,2366.0,CPG
2023-06-26 14:24:00,6.55,6.56,6.55,6.559,3338.0,CPG
2023-06-26 14:23:00,6.56,6.56,6.55,6.555,2760.0,CPG
2023-06-26 14:22:00,6.56,6.56,6.56,6.56,6462.0,CPG
2023-06-26 14:21:00,6.56,6.57,6.56,6.56,16821.0,CPG
2023-06-26 14:20:00,6.56,6.56,6.56,6.56,607.0,CPG
2023-06-26 14:19:00,6.565,6.565,6.56,6.565,1373.0,CPG
2023-06-26 14:18:00,6.57,6.57,6.57,6.57,775.0,CPG
2023-06-26 14:17:00,6.57,6.57,6.565,6.57,1765.0,CPG
2023-06-26 14:16:00,6.57,6.57,6.562,6.57,4570.0,CPG
2023-06-26 14:15:00,6.57,6.57,6.56,6.56,11317.0,CPG
2023-06-26 14:14:00,6.57,6.575,6.57,6.57,592.0,CPG
2023-06-26 14:12:00,6.58,6.58,6.57,6.57,4582.0,CPG
2023-06-26 14:11:00,6.57,6.58,6.57,6.58,3950.0,CPG
2023-06-26 14:10:00,6.575,6.58,6.57,6.57,2101.0,CPG
2023-06-26 14:08:00,6.57,6.578,6.57,6.574,1197.0,CPG
2023-06-26 14:07:00,6.575,6.575,6.57,6.57,1002.0,CPG
2023-06-26 14:05:00,6.58,6.58,6.575,6.575,15464.0,CPG
2023-06-26 14:04:00,6.58,6.585,6.58,6.585,3073.0,CPG
2023-06-26 14:03:00,6.58,6.585,6.58,6.585,1800.0,CPG
2023-06-26 14:02:00,6.57,6.588,6.57,6.588,16623.0,CPG
2023-06-26 14:00:00,6.575,6.575,6.575,6.575,1500.0,CPG
2023-06-26 13:59:00,6.58,6.58,6.572,6.573,1000.0,CPG
2023-06-26 13:58:00,6.58,6.58,6.572,6.58,527.0,CPG
2023-06-26 13:57:00,6.575,6.58,6.575,6.58,992.0,CPG
2023-06-26 13:56:00,6.575,6.575,6.57,6.575,700.0,CPG
2023-06-26 13:55:00,6.575,6.577,6.575,6.578,247.0,CPG
2023-06-26 13:54:00,6.577,6.577,6.575,6.575,508.0,CPG
2023-06-26 13:53:00,6.579,6.58,6.57,6.575,970.0,CPG
2023-06-26 13:52:00,6.575,6.577,6.575,6.575,613.0,CPG
2023-06-26 13:51:00,6.575,6.575,6.57,6.57,2200.0,CPG
2023-06-26 13:50:00,6.575,6.58,6.575,6.58,1940.0,CPG
2023-06-26 13:49:00,6.58,6.58,6.58,6.58,503.0,CPG
2023-06-26 13:48:00,6.58,6.58,6.575,6.575,255.0,CPG
2023-06-26 13:47:00,6.57,6.575,6.57,6.575,10169.0,CPG
2023-06-26 13:46:00,6.568,6.57,6.568,6.57,2989.0,CPG
2023-06-26 13:45:00,6.57,6.57,6.569,6.569,2520.0,CPG
2023-06-26 13:44:00,6.57,6.58,6.57,6.57,22867.0,CPG
2023-06-26 13:43:00,6.57,6.57,6.565,6.569,4410.0,CPG
2023-06-26 13:42:00,6.565,6.57,6.565,6.57,905.0,CPG
2023-06-26 13:41:00,6.569,6.57,6.56,6.56,3041.0,CPG
2023-06-26 13:40:00,6.56,6.57,6.56,6.565,10600.0,CPG
2023-06-26 13:39:00,6.55,6.56,6.55,6.56,1223.0,CPG
2023-06-26 13:37:00,6.555,6.555,6.55,6.55,501.0,CPG
2023-06-26 13:36:00,6.56,6.56,6.56,6.56,4427.0,CPG
2023-06-26 13:34:00,6.56,6.565,6.56,6.565,1266.0,CPG
2023-06-26 13:33:00,6.57,6.57,6.57,6.57,1101.0,CPG
2023-06-26 13:32:00,6.57,6.57,6.569,6.57,2677.0,CPG
2023-06-26 13:31:00,6.57,6.57,6.565,6.565,16401.0,CPG
2023-06-26 13:30:00,6.57,6.57,6.565,6.57,31278.0,CPG
2023-06-26 13:29:00,6.57,6.57,6.56,6.57,8105.0,CPG
2023-06-26 13:28:00,6.56,6.56,6.56,6.56,223.0,CPG
2023-06-26 13:27:00,6.56,6.56,6.56,6.56,100.0,CPG
2023-06-26 13:25:00,6.565,6.57,6.56,6.56,2753.0,CPG
2023-06-26 13:24:00,6.565,6.568,6.565,6.568,1600.0,CPG
2023-06-26 13:23:00,6.56,6.57,6.56,6.57,1728.0,CPG
2023-06-26 13:22:00,6.565,6.57,6.565,6.565,1122.0,CPG
2023-06-26 13:21:00,6.57,6.57,6.565,6.565,2234.0,CPG
2023-06-26 13:20:00,6.57,6.57,6.56,6.56,2285.0,CPG
2023-06-26 13:19:00,6.565,6.57,6.56,6.565,3256.0,CPG
2023-06-26 13:18:00,6.565,6.565,6.565,6.565,108.0,CPG
2023-06-26 13:17:00,6.56,6.56,6.56,6.56,5100.0,CPG
2023-06-26 13:16:00,6.568,6.568,6.568,6.568,1059.0,CPG
2023-06-26 13:15:00,6.56,6.568,6.56,6.568,2134.0,CPG
2023-06-26 13:14:00,6.56,6.562,6.56,6.56,986.0,CPG
2023-06-26 13:13:00,6.565,6.565,6.565,6.565,1334.0,CPG
2023-06-26 13:12:00,6.568,6.568,6.565,6.565,1700.0,CPG
2023-06-26 13:11:00,6.56,6.565,6.56,6.56,3910.0,CPG
2023-06-26 13:10:00,6.57,6.57,6.565,6.565,15371.0,CPG
2023-06-26 13:09:00,6.58,6.58,6.57,6.57,4200.0,CPG
2023-06-26 13:08:00,6.57,6.57,6.57,6.57,31810.0,CPG
2023-06-26 13:07:00,6.57,6.57,6.569,6.569,11668.0,CPG
2023-06-26 13:06:00,6.58,6.58,6.57,6.575,1028.0,CPG
2023-06-26 13:05:00,6.57,6.575,6.565,6.575,9341.0,CPG
2023-06-26 13:04:00,6.571,6.571,6.57,6.57,32497.0,CPG
2023-06-26 13:03:00,6.571,6.578,6.57,6.57,24334.0,CPG
2023-06-26 13:02:00,6.56,6.58,6.56,6.57,10487.0,CPG
2023-06-26 13:01:00,6.57,6.57,6.57,6.57,200.0,CPG
2023-06-26 13:00:00,6.57,6.57,6.565,6.565,5377.0,CPG
2023-06-26 12:59:00,6.57,6.57,6.57,6.57,210.0,CPG
2023-06-26 12:58:00,6.57,6.57,6.56,6.56,5200.0,CPG
2023-06-26 12:57:00,6.56,6.565,6.56,6.565,2710.0,CPG
2023-06-26 12:56:00,6.557,6.56,6.555,6.56,1003.0,CPG
2023-06-26 12:54:00,6.55,6.555,6.55,6.55,10725.0,CPG
2023-06-26 12:53:00,6.545,6.55,6.545,6.549,1659.0,CPG
2023-06-26 12:52:00,6.545,6.545,6.545,6.545,326.0,CPG
2023-06-26 12:50:00,6.545,6.55,6.545,6.55,725.0,CPG
2023-06-26 12:49:00,6.54,6.54,6.54,6.54,400.0,CPG
2023-06-26 12:48:00,6.547,6.548,6.547,6.548,100.0,CPG
2023-06-26 12:47:00,6.545,6.545,6.54,6.54,2634.0,CPG
2023-06-26 12:46:00,6.55,6.55,6.55,6.55,801.0,CPG
2023-06-26 12:45:00,6.55,6.55,6.54,6.54,1200.0,CPG
2023-06-26 12:44:00,6.55,6.55,6.55,6.55,900.0,CPG
2023-06-26 12:43:00,6.54,6.55,6.54,6.55,1535.0,CPG
2023-06-26 12:42:00,6.54,6.55,6.54,6.55,1700.0,CPG
2023-06-26 12:41:00,6.54,6.54,6.535,6.54,14462.0,CPG
2023-06-26 12:40:00,6.535,6.54,6.535,6.54,2055.0,CPG
2023-06-26 12:39:00,6.54,6.54,6.535,6.54,1150.0,CPG
2023-06-26 12:38:00,6.54,6.54,6.538,6.538,1988.0,CPG
2023-06-26 12:37:00,6.53,6.54,6.53,6.54,1645.0,CPG
2023-06-26 12:36:00,6.54,6.54,6.538,6.54,705.0,CPG
2023-06-26 12:34:00,6.539,6.539,6.535,6.535,2019.0,CPG
2023-06-26 12:33:00,6.54,6.54,6.53,6.54,1507.0,CPG
2023-06-26 12:32:00,6.54,6.54,6.54,6.54,9061.0,CPG
2023-06-26 12:31:00,6.54,6.545,6.54,6.54,5400.0,CPG
2023-06-26 12:30:00,6.545,6.55,6.545,6.55,672.0,CPG
2023-06-26 12:28:00,6.54,6.54,6.54,6.54,100.0,CPG
2023-06-26 12:27:00,6.54,6.54,6.54,6.54,49556.0,CPG
2023-06-26 12:26:00,6.54,6.54,6.54,6.54,3463.0,CPG
2023-06-26 12:25:00,6.54,6.545,6.54,6.54,5641.0,CPG
2023-06-26 12:24:00,6.54,6.54,6.54,6.54,999.0,CPG
2023-06-26 12:23:00,6.54,6.55,6.539,6.54,8633.0,CPG
2023-06-26 12:22:00,6.535,6.54,6.535,6.54,1000.0,CPG
2023-06-26 12:21:00,6.535,6.54,6.535,6.54,3905.0,CPG
2023-06-26 12:20:00,6.532,6.532,6.53,6.53,1301.0,CPG
2023-06-26 12:19:00,6.535,6.535,6.535,6.535,900.0,CPG
2023-06-26 12:18:00,6.54,6.54,6.54,6.54,5978.0,CPG
2023-06-26 12:17:00,6.54,6.54,6.54,6.54,1885.0,CPG
2023-06-26 12:16:00,6.55,6.55,6.54,6.541,2201.0,CPG
2023-06-26 12:15:00,6.54,6.545,6.54,6.54,8983.0,CPG
2023-06-26 12:14:00,6.54,6.54,6.54,6.54,1300.0,CPG
2023-06-26 12:13:00,6.53,6.535,6.53,6.535,1057.0,CPG
2023-06-26 12:12:00,6.54,6.545,6.53,6.54,60725.0,CPG
2023-06-26 12:10:00,6.55,6.55,6.545,6.55,8405.0,CPG
2023-06-26 12:09:00,6.558,6.558,6.55,6.55,6987.0,CPG
2023-06-26 12:08:00,6.555,6.555,6.55,6.555,2429.0,CPG
2023-06-26 12:07:00,6.55,6.55,6.55,6.55,2967.0,CPG
2023-06-26 12:06:00,6.55,6.558,6.55,6.555,5616.0,CPG
2023-06-26 12:05:00,6.555,6.555,6.55,6.55,4175.0,CPG
2023-06-26 12:04:00,6.555,6.56,6.555,6.56,1299.0,CPG
2023-06-26 12:03:00,6.55,6.555,6.55,6.555,319.0,CPG
2023-06-26 12:02:00,6.55,6.555,6.54,6.555,65033.0,CPG
2023-06-26 12:00:00,6.54,6.555,6.54,6.555,21130.0,CPG
2023-06-26 11:59:00,6.541,6.541,6.54,6.54,828.0,CPG
2023-06-26 11:58:00,6.54,6.549,6.54,6.545,1308.0,CPG
2023-06-26 11:57:00,6.546,6.546,6.546,6.546,439.0,CPG
2023-06-26 11:55:00,6.54,6.54,6.54,6.54,401.0,CPG
2023-06-26 11:54:00,6.54,6.54,6.54,6.54,209.0,CPG
2023-06-26 11:53:00,6.54,6.548,6.54,6.54,10046.0,CPG
2023-06-26 11:52:00,6.549,6.549,6.545,6.545,671.0,CPG
2023-06-26 11:51:00,6.545,6.545,6.54,6.545,6139.0,CPG
2023-06-26 11:50:00,6.545,6.55,6.545,6.545,25164.0,CPG
2023-06-26 11:49:00,6.545,6.55,6.54,6.545,2803.0,CPG
2023-06-26 11:48:00,6.545,6.55,6.545,6.545,7655.0,CPG
2023-06-26 11:47:00,6.54,6.545,6.54,6.545,1720.0,CPG
2023-06-26 11:46:00,6.54,6.542,6.54,6.542,603.0,CPG
2023-06-26 11:45:00,6.545,6.545,6.54,6.541,13639.0,CPG
2023-06-26 11:44:00,6.545,6.55,6.545,6.549,1822.0,CPG
2023-06-26 11:43:00,6.54,6.54,6.535,6.54,10081.0,CPG
2023-06-26 11:42:00,6.535,6.535,6.535,6.535,871.0,CPG
2023-06-26 11:41:00,6.54,6.54,6.535,6.535,33922.0,CPG
2023-06-26 11:40:00,6.55,6.55,6.54,6.54,2762.0,CPG
2023-06-26 11:39:00,6.535,6.545,6.535,6.54,12024.0,CPG
2023-06-26 11:38:00,6.54,6.54,6.54,6.54,250.0,CPG
2023-06-26 11:37:00,6.535,6.535,6.535,6.535,452.0,CPG
2023-06-26 11:36:00,6.538,6.538,6.538,6.538,564.0,CPG
2023-06-26 11:35:00,6.54,6.54,6.54,6.54,1077.0,CPG
2023-06-26 11:34:00,6.54,6.54,6.54,6.54,446.0,CPG
2023-06-26 11:33:00,6.54,6.54,6.539,6.54,3978.0,CPG
2023-06-26 11:32:00,6.54,6.541,6.535,6.54,26147.0,CPG
2023-06-26 11:31:00,6.55,6.55,6.55,6.55,6212.0,CPG
2023-06-26 11:30:00,6.55,6.55,6.55,6.55,4497.0,CPG
2023-06-26 11:29:00,6.539,6.55,6.539,6.545,7606.0,CPG
2023-06-26 11:28:00,6.54,6.54,6.54,6.54,601.0,CPG
2023-06-26 11:27:00,6.529,6.53,6.529,6.53,8496.0,CPG
2023-06-26 11:26:00,6.525,6.525,6.525,6.525,1038.0,CPG
2023-06-26 11:25:00,6.52,6.53,6.52,6.529,2600.0,CPG
2023-06-26 11:24:00,6.53,6.53,6.52,6.52,39988.0,CPG
2023-06-26 11:23:00,6.53,6.535,6.53,6.535,5738.0,CPG
2023-06-26 11:22:00,6.521,6.521,6.52,6.52,2012.0,CPG
2023-06-26 11:21:00,6.53,6.53,6.52,6.52,1008.0,CPG
2023-06-26 11:20:00,6.535,6.535,6.525,6.525,8079.0,CPG
2023-06-26 11:19:00,6.53,6.535,6.53,6.535,16568.0,CPG
2023-06-26 11:18:00,6.538,6.538,6.529,6.529,12942.0,CPG
2023-06-26 11:17:00,6.53,6.535,6.53,6.531,5200.0,CPG
2023-06-26 11:16:00,6.53,6.54,6.53,6.535,28787.0,CPG
2023-06-26 11:15:00,6.53,6.53,6.53,6.53,23473.0,CPG
2023-06-26 11:14:00,6.535,6.54,6.53,6.53,32079.0,CPG
2023-06-26 11:12:00,6.54,6.54,6.53,6.535,2399.0,CPG
2023-06-26 11:11:00,6.525,6.535,6.525,6.535,5077.0,CPG
2023-06-26 11:10:00,6.53,6.53,6.525,6.53,3907.0,CPG
2023-06-26 11:09:00,6.53,6.53,6.529,6.529,1106.0,CPG
2023-06-26 11:08:00,6.53,6.53,6.53,6.53,2947.0,CPG
2023-06-26 11:06:00,6.54,6.54,6.535,6.535,618.0,CPG
2023-06-26 11:05:00,6.53,6.53,6.53,6.53,2000.0,CPG
2023-06-26 11:04:00,6.535,6.535,6.53,6.53,840.0,CPG
2023-06-26 11:03:00,6.54,6.541,6.54,6.54,12690.0,CPG
2023-06-26 11:02:00,6.53,6.535,6.53,6.535,1365.0,CPG
2023-06-26 11:01:00,6.525,6.53,6.525,6.53,1300.0,CPG
2023-06-26 10:59:00,6.52,6.525,6.52,6.525,6235.0,CPG
2023-06-26 10:58:00,6.515,6.52,6.515,6.515,5566.0,CPG
2023-06-26 10:57:00,6.52,6.52,6.51,6.51,507.0,CPG
2023-06-26 10:56:00,6.51,6.515,6.51,6.515,1694.0,CPG
2023-06-26 10:55:00,6.51,6.515,6.51,6.51,4761.0,CPG
2023-06-26 10:54:00,6.51,6.51,6.51,6.51,100.0,CPG
2023-06-26 10:53:00,6.51,6.518,6.51,6.51,4906.0,CPG
2023-06-26 10:52:00,6.515,6.515,6.515,6.515,200.0,CPG
2023-06-26 10:51:00,6.512,6.515,6.51,6.515,8101.0,CPG
2023-06-26 10:50:00,6.515,6.515,6.515,6.515,100.0,CPG
2023-06-26 10:49:00,6.51,6.517,6.51,6.517,7031.0,CPG
2023-06-26 10:48:00,6.509,6.509,6.5,6.5,1765.0,CPG
2023-06-26 10:47:00,6.5,6.505,6.5,6.5,10517.0,CPG
2023-06-26 10:46:00,6.5,6.5,6.498,6.498,665.0,CPG
2023-06-26 10:45:00,6.5,6.5,6.5,6.5,4830.0,CPG
2023-06-26 10:44:00,6.505,6.505,6.5,6.5,1202.0,CPG
2023-06-26 10:43:00,6.49,6.5,6.49,6.5,7919.0,CPG
2023-06-26 10:42:00,6.49,6.49,6.485,6.485,202.0,CPG
2023-06-26 10:41:00,6.48,6.49,6.48,6.49,3106.0,CPG
2023-06-26 10:40:00,6.48,6.48,6.47,6.48,4239.0,CPG
2023-06-26 10:38:00,6.48,6.48,6.48,6.48,403.0,CPG
2023-06-26 10:37:00,6.48,6.48,6.48,6.48,8377.0,CPG
2023-06-26 10:36:00,6.479,6.479,6.47,6.47,3300.0,CPG
2023-06-26 10:35:00,6.48,6.485,6.48,6.48,17569.0,CPG
2023-06-26 10:34:00,6.48,6.485,6.475,6.48,85306.0,CPG
2023-06-26 10:33:00,6.5,6.5,6.47,6.47,18083.0,CPG
2023-06-26 10:32:00,6.5,6.505,6.5,6.505,3201.0,CPG
2023-06-26 10:31:00,6.51,6.51,6.51,6.51,3802.0,CPG
2023-06-26 10:30:00,6.51,6.51,6.51,6.51,210.0,CPG
2023-06-26 10:29:00,6.51,6.52,6.51,6.51,2400.0,CPG
2023-06-26 10:28:00,6.51,6.51,6.509,6.51,6632.0,CPG
2023-06-26 10:27:00,6.5,6.5,6.5,6.5,501.0,CPG
2023-06-26 10:26:00,6.505,6.505,6.5,6.505,4028.0,CPG
2023-06-26 10:25:00,6.5,6.5,6.499,6.5,8344.0,CPG
2023-06-26 10:24:00,6.495,6.5,6.495,6.5,408.0,CPG
2023-06-26 10:23:00,6.5,6.5,6.49,6.49,1886.0,CPG
2023-06-26 10:22:00,6.5,6.5,6.5,6.5,4310.0,CPG
2023-06-26 10:21:00,6.51,6.51,6.51,6.51,2500.0,CPG
2023-06-26 10:20:00,6.51,6.51,6.505,6.505,10000.0,CPG
2023-06-26 10:19:00,6.52,6.525,6.51,6.51,7516.0,CPG
2023-06-26 10:18:00,6.52,6.53,6.52,6.52,9344.0,CPG
2023-06-26 10:17:00,6.51,6.515,6.51,6.51,8001.0,CPG
2023-06-26 10:16:00,6.5,6.5,6.5,6.5,1806.0,CPG
2023-06-26 10:15:00,6.5,6.51,6.5,6.5,8830.0,CPG
2023-06-26 10:14:00,6.5,6.5,6.5,6.5,2944.0,CPG
2023-06-26 10:13:00,6.5,6.5,6.5,6.5,16925.0,CPG
2023-06-26 10:12:00,6.5,6.5,6.49,6.5,2750.0,CPG
2023-06-26 10:11:00,6.5,6.5,6.5,6.5,3415.0,CPG
2023-06-26 10:10:00,6.51,6.51,6.5,6.5,7214.0,CPG
2023-06-26 10:09:00,6.51,6.511,6.51,6.51,5989.0,CPG
2023-06-26 10:08:00,6.52,6.52,6.51,6.51,800.0,CPG
2023-06-26 10:07:00,6.51,6.51,6.51,6.51,402.0,CPG
2023-06-26 10:06:00,6.5,6.51,6.495,6.51,11844.0,CPG
2023-06-26 10:05:00,6.5,6.5,6.492,6.499,4005.0,CPG
2023-06-26 10:04:00,6.5,6.51,6.5,6.5,3200.0,CPG
2023-06-26 10:03:00,6.5,6.5,6.5,6.5,13905.0,CPG
2023-06-26 10:02:00,6.51,6.51,6.503,6.51,19197.0,CPG
2023-06-26 10:01:00,6.505,6.515,6.505,6.51,8916.0,CPG
2023-06-26 10:00:00,6.5,6.51,6.5,6.51,17441.0,CPG
2023-06-26 09:59:00,6.505,6.505,6.5,6.5,686.0,CPG
2023-06-26 09:58:00,6.5,6.5,6.5,6.5,6590.0,CPG
2023-06-26 09:57:00,6.5,6.5,6.49,6.495,4557.0,CPG
2023-06-26 09:56:00,6.5,6.5,6.495,6.495,6578.0,CPG
2023-06-26 09:55:00,6.505,6.51,6.5,6.51,12266.0,CPG
2023-06-26 09:54:00,6.515,6.515,6.51,6.51,13970.0,CPG
2023-06-26 09:53:00,6.515,6.52,6.51,6.51,4797.0,CPG
2023-06-26 09:52:00,6.51,6.515,6.51,6.515,7739.0,CPG
2023-06-26 09:51:00,6.5,6.52,6.5,6.52,8652.0,CPG
2023-06-26 09:50:00,6.5,6.505,6.495,6.5,5526.0,CPG
2023-06-26 09:49:00,6.5,6.51,6.5,6.51,4084.0,CPG
2023-06-26 09:48:00,6.5,6.5,6.5,6.5,1068.0,CPG
2023-06-26 09:47:00,6.5,6.5,6.495,6.495,3086.0,CPG
2023-06-26 09:46:00,6.49,6.49,6.49,6.49,4209.0,CPG
2023-06-26 09:45:00,6.48,6.49,6.48,6.48,27137.0,CPG
2023-06-26 09:44:00,6.48,6.48,6.47,6.48,7181.0,CPG
2023-06-26 09:43:00,6.47,6.48,6.47,6.47,3502.0,CPG
2023-06-26 09:42:00,6.48,6.48,6.48,6.48,408.0,CPG
2023-06-26 09:41:00,6.48,6.485,6.475,6.48,10550.0,CPG
2023-06-26 09:40:00,6.47,6.48,6.467,6.48,15398.0,CPG
2023-06-26 09:39:00,6.46,6.47,6.46,6.47,2044.0,CPG
2023-06-26 09:38:00,6.45,6.47,6.441,6.47,22950.0,CPG
2023-06-26 09:37:00,6.43,6.445,6.43,6.445,1591.0,CPG
2023-06-26 09:36:00,6.43,6.45,6.43,6.435,5989.0,CPG
2023-06-26 09:35:00,6.4,6.42,6.4,6.42,3167.0,CPG
2023-06-26 09:34:00,6.385,6.4,6.385,6.4,8816.0,CPG
2023-06-26 09:33:00,6.39,6.39,6.385,6.385,6989.0,CPG
2023-06-26 09:32:00,6.363,6.37,6.36,6.37,7412.0,CPG
2023-06-26 09:30:00,6.37,6.37,6.34,6.35,51860.0,CPG
2023-06-26 09:21:00,6.33,6.33,6.33,6.33,5.0,CPG
2023-06-26 09:20:00,6.4,6.4,6.4,6.4,4.0,CPG
2023-06-26 09:13:00,6.35,6.35,6.34,6.34,1400.0,CPG
2023-06-26 09:12:00,6.35,6.35,6.35,6.35,1005.0,CPG
2023-06-26 09:05:00,6.35,6.35,6.35,6.35,200.0,CPG
2023-06-26 08:01:00,6.469,6.469,6.469,6.469,50.0,CPG
2023-06-26 08:00:00,6.47,6.47,6.47,6.47,1.0,CPG
2023-06-26 07:01:00,6.35,6.35,6.33,6.33,32.0,CPG
2023-06-26 05:30:00,6.42,6.42,6.42,6.42,5.0,CPG
2023-06-26 05:05:00,6.34,6.34,6.33,6.33,166.0,CPG
2023-06-26 04:22:00,6.34,6.34,6.34,6.34,3690.0,CPG
2023-06-23 19:40:00,6.34,6.34,6.34,6.34,5.0,CPG
2023-06-23 19:36:00,6.34,6.34,6.34,6.34,100.0,CPG
2023-06-23 19:00:00,6.34,6.34,6.34,6.34,114342.0,CPG
2023-06-23 18:53:00,6.39,6.39,6.39,6.39,20.0,CPG
2023-06-23 18:30:00,6.34,6.34,6.34,6.34,114342.0,CPG
2023-06-23 16:54:00,6.39,6.39,6.39,6.39,3.0,CPG
2023-06-23 16:50:00,6.39,6.39,6.39,6.39,10.0,CPG
2023-06-23 16:20:00,6.39,6.39,6.39,6.39,8.0,CPG
2023-06-23 16:15:00,6.33,6.33,6.33,6.33,100.0,CPG
2023-06-23 16:10:00,6.34,6.34,6.34,6.34,114342.0,CPG
2023-06-23 16:09:00,6.33,6.33,6.33,6.33,1.0,CPG
2023-06-23 16:07:00,6.332,6.332,6.332,6.332,1.0,CPG
2023-06-23 16:05:00,6.33,6.33,6.33,6.33,100.0,CPG
2023-06-23 16:01:00,6.34,6.34,6.34,6.34,354.0,CPG
2023-06-23 16:00:00,6.345,6.345,6.34,6.34,228884.0,CPG
2023-06-23 15:59:00,6.35,6.355,6.34,6.345,68793.0,CPG
2023-06-23 15:58:00,6.355,6.36,6.35,6.355,7723.0,CPG
2023-06-23 15:57:00,6.36,6.36,6.35,6.35,21193.0,CPG
2023-06-23 15:56:00,6.36,6.36,6.353,6.355,11053.0,CPG
2023-06-23 15:55:00,6.36,6.365,6.355,6.355,80112.0,CPG
2023-06-23 15:54:00,6.365,6.365,6.36,6.36,8091.0,CPG
2023-06-23 15:53:00,6.365,6.37,6.36,6.365,28249.0,CPG
2023-06-23 15:52:00,6.365,6.365,6.36,6.365,5251.0,CPG
2023-06-23 15:51:00,6.365,6.37,6.36,6.365,86624.0,CPG
2023-06-23 15:50:00,6.365,6.37,6.36,6.36,28824.0,CPG
2023-06-23 15:49:00,6.37,6.37,6.362,6.37,4584.0,CPG
2023-06-23 15:48:00,6.37,6.37,6.365,6.37,2014.0,CPG
2023-06-23 15:47:00,6.365,6.37,6.364,6.37,4152.0,CPG
2023-06-23 15:46:00,6.365,6.37,6.365,6.365,4225.0,CPG
2023-06-23 15:45:00,6.37,6.37,6.365,6.37,6381.0,CPG
2023-06-23 15:44:00,6.36,6.37,6.36,6.365,1546.0,CPG
2023-06-23 15:43:00,6.37,6.37,6.365,6.365,14968.0,CPG
2023-06-23 15:42:00,6.365,6.37,6.365,6.37,9714.0,CPG
2023-06-23 15:41:00,6.37,6.37,6.365,6.37,2427.0,CPG
2023-06-23 15:40:00,6.365,6.37,6.365,6.37,1976.0,CPG
2023-06-23 15:39:00,6.37,6.37,6.37,6.37,700.0,CPG
2023-06-23 15:38:00,6.365,6.37,6.36,6.36,12602.0,CPG
2023-06-23 15:37:00,6.375,6.375,6.36,6.36,26233.0,CPG
2023-06-23 15:36:00,6.37,6.375,6.37,6.37,801.0,CPG
2023-06-23 15:35:00,6.37,6.375,6.37,6.375,1191.0,CPG
2023-06-23 15:34:00,6.37,6.375,6.37,6.37,4230.0,CPG
2023-06-23 15:33:00,6.37,6.375,6.37,6.375,610.0,CPG
2023-06-23 15:32:00,6.38,6.38,6.37,6.37,17849.0,CPG
2023-06-23 15:31:00,6.375,6.38,6.372,6.38,4334.0,CPG
2023-06-23 15:30:00,6.37,6.38,6.37,6.38,20795.0,CPG
2023-06-23 15:29:00,6.37,6.375,6.37,6.37,6626.0,CPG
2023-06-23 15:28:00,6.37,6.375,6.37,6.375,920.0,CPG
2023-06-23 15:27:00,6.375,6.375,6.375,6.375,801.0,CPG
2023-06-23 15:26:00,6.37,6.37,6.37,6.37,4000.0,CPG
2023-06-23 15:25:00,6.37,6.38,6.37,6.38,23700.0,CPG
2023-06-23 15:24:00,6.37,6.37,6.37,6.37,305.0,CPG
2023-06-23 15:23:00,6.37,6.375,6.365,6.37,38182.0,CPG
2023-06-23 15:22:00,6.375,6.375,6.37,6.37,3862.0,CPG
2023-06-23 15:21:00,6.375,6.38,6.37,6.37,20592.0,CPG
2023-06-23 15:20:00,6.37,6.38,6.369,6.37,101867.0,CPG
2023-06-23 15:19:00,6.37,6.37,6.369,6.369,8576.0,CPG
2023-06-23 15:18:00,6.37,6.37,6.365,6.365,14357.0,CPG
2023-06-23 15:17:00,6.37,6.37,6.37,6.37,5601.0,CPG
2023-06-23 15:16:00,6.365,6.37,6.365,6.37,24349.0,CPG
2023-06-23 15:15:00,6.37,6.37,6.365,6.37,11392.0,CPG
2023-06-23 15:14:00,6.365,6.37,6.365,6.365,12111.0,CPG
2023-06-23 15:13:00,6.365,6.37,6.365,6.37,200.0,CPG
2023-06-23 15:12:00,6.365,6.37,6.365,6.37,901.0,CPG
2023-06-23 15:11:00,6.365,6.365,6.365,6.365,101.0,CPG
2023-06-23 15:10:00,6.36,6.365,6.36,6.365,32150.0,CPG
2023-06-23 15:09:00,6.36,6.36,6.36,6.36,2651.0,CPG
2023-06-23 15:08:00,6.355,6.36,6.355,6.355,1446.0,CPG
2023-06-23 15:07:00,6.361,6.361,6.35,6.36,37020.0,CPG
2023-06-23 15:06:00,6.365,6.365,6.36,6.36,801.0,CPG
2023-06-23 15:05:00,6.36,6.36,6.36,6.36,709.0,CPG
2023-06-23 15:04:00,6.365,6.365,6.36,6.36,7212.0,CPG
2023-06-23 15:03:00,6.355,6.36,6.355,6.359,34900.0,CPG
2023-06-23 15:02:00,6.355,6.36,6.355,6.355,12527.0,CPG
2023-06-23 15:01:00,6.35,6.355,6.35,6.355,205.0,CPG
2023-06-23 15:00:00,6.36,6.365,6.355,6.355,29925.0,CPG
2023-06-23 14:59:00,6.365,6.365,6.365,6.365,3177.0,CPG
2023-06-23 14:58:00,6.365,6.37,6.365,6.37,3701.0,CPG
2023-06-23 14:57:00,6.37,6.37,6.365,6.365,2123.0,CPG
2023-06-23 14:56:00,6.37,6.37,6.365,6.37,13072.0,CPG
2023-06-23 14:55:00,6.365,6.365,6.365,6.365,1233.0,CPG
2023-06-23 14:54:00,6.365,6.365,6.365,6.365,234.0,CPG
2023-06-23 14:53:00,6.362,6.362,6.362,6.362,1000.0,CPG
2023-06-23 14:52:00,6.365,6.365,6.365,6.365,751.0,CPG
2023-06-23 14:51:00,6.365,6.365,6.36,6.36,1401.0,CPG
2023-06-23 14:50:00,6.361,6.361,6.361,6.361,589.0,CPG
2023-06-23 14:48:00,6.36,6.365,6.36,6.365,3299.0,CPG
2023-06-23 14:47:00,6.36,6.365,6.36,6.36,93581.0,CPG
2023-06-23 14:46:00,6.36,6.36,6.355,6.36,40021.0,CPG
2023-06-23 14:45:00,6.365,6.365,6.35,6.355,26587.0,CPG
2023-06-23 14:44:00,6.37,6.37,6.36,6.36,31205.0,CPG
2023-06-23 14:43:00,6.37,6.375,6.37,6.375,5683.0,CPG
2023-06-23 14:42:00,6.37,6.37,6.37,6.37,1551.0,CPG
2023-06-23 14:41:00,6.37,6.375,6.37,6.375,9020.0,CPG
2023-06-23 14:40:00,6.37,6.375,6.37,6.375,746.0,CPG
2023-06-23 14:38:00,6.375,6.375,6.37,6.37,1902.0,CPG
2023-06-23 14:37:00,6.375,6.375,6.375,6.375,422.0,CPG
2023-06-23 14:36:00,6.375,6.375,6.37,6.375,1000.0,CPG
2023-06-23 14:35:00,6.38,6.38,6.375,6.375,21053.0,CPG
2023-06-23 14:32:00,6.381,6.385,6.38,6.38,6244.0,CPG
2023-06-23 14:31:00,6.382,6.385,6.38,6.38,38235.0,CPG
2023-06-23 14:30:00,6.38,6.385,6.38,6.385,18949.0,CPG
2023-06-23 14:29:00,6.385,6.39,6.385,6.39,623.0,CPG
2023-06-23 14:28:00,6.382,6.385,6.38,6.38,4466.0,CPG
2023-06-23 14:27:00,6.39,6.39,6.39,6.39,523.0,CPG
2023-06-23 14:26:00,6.385,6.385,6.385,6.385,927.0,CPG
2023-06-23 14:25:00,6.39,6.39,6.38,6.385,5456.0,CPG
2023-06-23 14:24:00,6.39,6.39,6.39,6.39,700.0,CPG
2023-06-23 14:23:00,6.385,6.39,6.38,6.38,1672.0,CPG
2023-06-23 14:22:00,6.385,6.385,6.385,6.385,505.0,CPG
2023-06-23 14:21:00,6.38,6.39,6.38,6.385,31736.0,CPG
2023-06-23 14:20:00,6.38,6.38,6.38,6.38,927.0,CPG
2023-06-23 14:19:00,6.375,6.38,6.375,6.375,1700.0,CPG
2023-06-23 14:17:00,6.37,6.375,6.37,6.375,12728.0,CPG
2023-06-23 14:16:00,6.37,6.37,6.37,6.37,1822.0,CPG
2023-06-23 14:15:00,6.37,6.37,6.37,6.37,700.0,CPG
2023-06-23 14:13:00,6.365,6.37,6.36,6.369,25614.0,CPG
2023-06-23 14:11:00,6.371,6.375,6.365,6.365,34413.0,CPG
2023-06-23 14:10:00,6.37,6.375,6.37,6.37,17376.0,CPG
2023-06-23 14:09:00,6.38,6.38,6.378,6.378,800.0,CPG
2023-06-23 14:08:00,6.375,6.379,6.375,6.379,1776.0,CPG
2023-06-23 14:07:00,6.37,6.37,6.37,6.37,2000.0,CPG
2023-06-23 14:06:00,6.37,6.375,6.37,6.37,14875.0,CPG
2023-06-23 14:05:00,6.38,6.38,6.37,6.375,10807.0,CPG
2023-06-23 14:04:00,6.38,6.385,6.378,6.38,92803.0,CPG
2023-06-23 14:03:00,6.385,6.385,6.38,6.38,1355.0,CPG
2023-06-23 14:02:00,6.38,6.385,6.38,6.38,5951.0,CPG
2023-06-23 14:01:00,6.38,6.385,6.38,6.385,5124.0,CPG
2023-06-23 14:00:00,6.385,6.39,6.385,6.385,1279.0,CPG
2023-06-23 13:59:00,6.39,6.39,6.385,6.385,5400.0,CPG
2023-06-23 13:57:00,6.385,6.385,6.385,6.385,200.0,CPG
2023-06-23 13:56:00,6.38,6.38,6.38,6.38,1305.0,CPG
2023-06-23 13:55:00,6.38,6.38,6.38,6.38,37203.0,CPG
2023-06-23 13:54:00,6.375,6.379,6.375,6.379,2020.0,CPG
2023-06-23 13:51:00,6.38,6.38,6.375,6.38,13038.0,CPG
2023-06-23 13:50:00,6.385,6.39,6.38,6.385,4372.0,CPG
2023-06-23 13:48:00,6.385,6.385,6.38,6.38,2467.0,CPG
2023-06-23 13:46:00,6.388,6.388,6.385,6.385,2669.0,CPG
2023-06-23 13:45:00,6.385,6.385,6.385,6.385,5832.0,CPG
2023-06-23 13:44:00,6.385,6.385,6.385,6.385,1100.0,CPG
2023-06-23 13:43:00,6.385,6.389,6.38,6.385,1000.0,CPG
2023-06-23 13:42:00,6.39,6.39,6.38,6.385,34229.0,CPG
2023-06-23 13:41:00,6.39,6.39,6.39,6.39,500.0,CPG
2023-06-23 13:40:00,6.385,6.39,6.385,6.39,604.0,CPG
2023-06-23 13:39:00,6.39,6.39,6.39,6.39,101.0,CPG
2023-06-23 13:38:00,6.385,6.385,6.385,6.385,1400.0,CPG
2023-06-23 13:37:00,6.38,6.385,6.38,6.385,11108.0,CPG
2023-06-23 13:36:00,6.38,6.38,6.38,6.38,3993.0,CPG
2023-06-23 13:35:00,6.38,6.38,6.38,6.38,305.0,CPG
2023-06-23 13:34:00,6.377,6.38,6.375,6.38,1136.0,CPG
2023-06-23 13:33:00,6.375,6.375,6.375,6.375,446.0,CPG
2023-06-23 13:31:00,6.38,6.38,6.375,6.375,2809.0,CPG
2023-06-23 13:30:00,6.38,6.38,6.375,6.38,2668.0,CPG
2023-06-23 13:27:00,6.375,6.375,6.375,6.375,600.0,CPG
2023-06-23 13:26:00,6.375,6.375,6.375,6.375,102.0,CPG
2023-06-23 13:25:00,6.375,6.375,6.375,6.375,201.0,CPG
2023-06-23 13:23:00,6.37,6.375,6.37,6.375,8803.0,CPG
2023-06-23 13:22:00,6.365,6.365,6.365,6.365,548.0,CPG
2023-06-23 13:21:00,6.365,6.37,6.365,6.365,1630.0,CPG
2023-06-23 13:19:00,6.365,6.365,6.365,6.365,773.0,CPG
2023-06-23 13:18:00,6.36,6.365,6.36,6.365,9827.0,CPG
2023-06-23 13:17:00,6.36,6.36,6.355,6.36,23548.0,CPG
2023-06-23 13:16:00,6.358,6.358,6.355,6.355,1800.0,CPG
2023-06-23 13:14:00,6.35,6.36,6.349,6.352,36773.0,CPG
2023-06-23 13:13:00,6.35,6.35,6.34,6.35,8545.0,CPG
2023-06-23 13:12:00,6.345,6.345,6.345,6.345,320.0,CPG
2023-06-23 13:11:00,6.345,6.345,6.34,6.34,29043.0,CPG
2023-06-23 13:10:00,6.35,6.35,6.34,6.34,1738.0,CPG
2023-06-23 13:09:00,6.35,6.35,6.35,6.35,200.0,CPG
2023-06-23 13:08:00,6.345,6.35,6.345,6.35,1160.0,CPG
2023-06-23 13:07:00,6.33,6.35,6.33,6.345,18954.0,CPG
2023-06-23 13:06:00,6.34,6.34,6.34,6.34,702.0,CPG
2023-06-23 13:05:00,6.34,6.34,6.339,6.34,3205.0,CPG
2023-06-23 13:04:00,6.34,6.34,6.34,6.34,100.0,CPG
2023-06-23 13:03:00,6.34,6.34,6.335,6.34,20748.0,CPG
2023-06-23 13:02:00,6.34,6.34,6.34,6.34,1397.0,CPG
2023-06-23 13:01:00,6.34,6.345,6.34,6.34,4981.0,CPG
2023-06-23 13:00:00,6.345,6.35,6.345,6.345,4600.0,CPG
2023-06-23 12:59:00,6.35,6.35,6.345,6.345,5833.0,CPG
2023-06-23 12:57:00,6.345,6.345,6.345,6.345,800.0,CPG
2023-06-23 12:56:00,6.345,6.345,6.345,6.345,740.0,CPG
2023-06-23 12:55:00,6.34,6.345,6.335,6.345,74428.0,CPG
2023-06-23 12:53:00,6.345,6.345,6.345,6.345,547.0,CPG
2023-06-23 12:52:00,6.345,6.345,6.34,6.345,840.0,CPG
2023-06-23 12:50:00,6.35,6.35,6.349,6.35,4950.0,CPG
2023-06-23 12:49:00,6.345,6.345,6.345,6.345,1717.0,CPG
2023-06-23 12:48:00,6.34,6.345,6.34,6.345,5582.0,CPG
2023-06-23 12:47:00,6.345,6.345,6.345,6.345,1866.0,CPG
2023-06-23 12:46:00,6.34,6.34,6.34,6.34,100.0,CPG
2023-06-23 12:45:00,6.34,6.34,6.34,6.34,550.0,CPG
2023-06-23 12:44:00,6.34,6.345,6.34,6.345,1612.0,CPG
2023-06-23 12:43:00,6.34,6.345,6.34,6.345,4906.0,CPG
2023-06-23 12:42:00,6.35,6.35,6.35,6.35,42738.0,CPG
2023-06-23 12:41:00,6.35,6.35,6.35,6.35,1025.0,CPG
2023-06-23 12:40:00,6.35,6.35,6.345,6.345,359.0,CPG
2023-06-23 12:39:00,6.345,6.345,6.345,6.345,925.0,CPG
2023-06-23 12:38:00,6.35,6.35,6.35,6.35,100.0,CPG
2023-06-23 12:37:00,6.345,6.35,6.345,6.35,800.0,CPG
2023-06-23 12:36:00,6.35,6.35,6.35,6.35,6779.0,CPG
2023-06-23 12:35:00,6.35,6.355,6.35,6.35,14907.0,CPG
2023-06-23 12:34:00,6.36,6.36,6.36,6.36,18953.0,CPG
2023-06-23 12:33:00,6.365,6.365,6.365,6.365,707.0,CPG
2023-06-23 12:31:00,6.36,6.365,6.36,6.365,14278.0,CPG
2023-06-23 12:30:00,6.355,6.355,6.355,6.355,100.0,CPG
2023-06-23 12:29:00,6.355,6.36,6.355,6.355,22682.0,CPG
2023-06-23 12:28:00,6.35,6.35,6.35,6.35,1345.0,CPG
2023-06-23 12:27:00,6.35,6.355,6.35,6.355,3793.0,CPG
2023-06-23 12:26:00,6.35,6.35,6.35,6.35,800.0,CPG
2023-06-23 12:24:00,6.35,6.35,6.35,6.35,1661.0,CPG
2023-06-23 12:23:00,6.36,6.36,6.36,6.36,6259.0,CPG
2023-06-23 12:22:00,6.36,6.361,6.36,6.36,27115.0,CPG
2023-06-23 12:21:00,6.36,6.36,6.356,6.356,17788.0,CPG
2023-06-23 12:20:00,6.359,6.365,6.359,6.36,10237.0,CPG
2023-06-23 12:19:00,6.36,6.36,6.355,6.359,11122.0,CPG
2023-06-23 12:18:00,6.355,6.355,6.355,6.355,600.0,CPG
2023-06-23 12:17:00,6.35,6.35,6.35,6.35,1611.0,CPG
2023-06-23 12:16:00,6.35,6.35,6.35,6.35,4301.0,CPG
2023-06-23 12:15:00,6.35,6.355,6.345,6.35,46093.0,CPG
2023-06-23 12:14:00,6.35,6.35,6.34,6.35,45077.0,CPG
2023-06-23 12:13:00,6.355,6.355,6.35,6.355,11522.0,CPG
2023-06-23 12:12:00,6.35,6.355,6.35,6.35,2420.0,CPG
2023-06-23 12:11:00,6.355,6.355,6.35,6.355,3308.0,CPG
2023-06-23 12:10:00,6.352,6.352,6.35,6.35,2623.0,CPG
2023-06-23 12:09:00,6.35,6.355,6.345,6.355,5650.0,CPG
2023-06-23 12:08:00,6.34,6.349,6.335,6.349,86296.0,CPG
2023-06-23 12:07:00,6.345,6.345,6.345,6.345,265.0,CPG
2023-06-23 12:06:00,6.34,6.345,6.34,6.345,1726.0,CPG
2023-06-23 12:05:00,6.345,6.345,6.34,6.345,725.0,CPG
2023-06-23 12:04:00,6.35,6.35,6.35,6.35,16123.0,CPG
2023-06-23 12:03:00,6.355,6.355,6.355,6.355,123.0,CPG
2023-06-23 12:02:00,6.354,6.354,6.35,6.35,1006.0,CPG
2023-06-23 12:00:00,6.35,6.358,6.35,6.35,42291.0,CPG
2023-06-23 11:59:00,6.345,6.35,6.345,6.349,14800.0,CPG
2023-06-23 11:57:00,6.34,6.34,6.34,6.34,600.0,CPG
2023-06-23 11:56:00,6.34,6.34,6.34,6.34,100.0,CPG
2023-06-23 11:55:00,6.34,6.35,6.34,6.35,11823.0,CPG
2023-06-23 11:52:00,6.345,6.345,6.34,6.34,6905.0,CPG
2023-06-23 11:51:00,6.36,6.36,6.345,6.35,12904.0,CPG
2023-06-23 11:50:00,6.36,6.365,6.355,6.36,50676.0,CPG
2023-06-23 11:48:00,6.365,6.37,6.365,6.37,877.0,CPG
2023-06-23 11:47:00,6.368,6.37,6.365,6.37,3002.0,CPG
2023-06-23 11:46:00,6.365,6.365,6.365,6.365,150.0,CPG
2023-06-23 11:45:00,6.365,6.365,6.36,6.36,6603.0,CPG
2023-06-23 11:44:00,6.36,6.37,6.36,6.36,24657.0,CPG
2023-06-23 11:43:00,6.36,6.36,6.36,6.36,500.0,CPG
2023-06-23 11:42:00,6.359,6.36,6.355,6.355,1929.0,CPG
2023-06-23 11:41:00,6.355,6.36,6.355,6.36,402.0,CPG
2023-06-23 11:40:00,6.36,6.36,6.36,6.36,3458.0,CPG
2023-06-23 11:39:00,6.36,6.36,6.36,6.36,4100.0,CPG
2023-06-23 11:38:00,6.355,6.36,6.355,6.36,8330.0,CPG
2023-06-23 11:37:00,6.35,6.355,6.345,6.35,44921.0,CPG
2023-06-23 11:35:00,6.36,6.36,6.35,6.35,6900.0,CPG
2023-06-23 11:34:00,6.35,6.355,6.345,6.351,69511.0,CPG
2023-06-23 11:33:00,6.342,6.35,6.34,6.345,27247.0,CPG
2023-06-23 11:32:00,6.34,6.34,6.34,6.34,15935.0,CPG
2023-06-23 11:31:00,6.34,6.34,6.34,6.34,3605.0,CPG
2023-06-23 11:30:00,6.34,6.35,6.339,6.34,50868.0,CPG
2023-06-23 11:29:00,6.345,6.345,6.345,6.345,3213.0,CPG
2023-06-23 11:28:00,6.34,6.34,6.34,6.34,10841.0,CPG
2023-06-23 11:27:00,6.34,6.341,6.339,6.34,34830.0,CPG
2023-06-23 11:26:00,6.345,6.345,6.34,6.34,625.0,CPG
2023-06-23 11:25:00,6.34,6.34,6.34,6.34,7418.0,CPG
2023-06-23 11:24:00,6.34,6.34,6.34,6.34,33724.0,CPG
2023-06-23 11:22:00,6.34,6.35,6.34,6.35,950.0,CPG
2023-06-23 11:21:00,6.349,6.349,6.349,6.349,897.0,CPG
2023-06-23 11:20:00,6.345,6.35,6.34,6.35,33445.0,CPG
2023-06-23 11:18:00,6.345,6.353,6.345,6.345,54680.0,CPG
2023-06-23 11:17:00,6.35,6.35,6.34,6.35,26540.0,CPG
2023-06-23 11:16:00,6.351,6.351,6.35,6.351,15953.0,CPG
2023-06-23 11:15:00,6.35,6.35,6.35,6.35,3488.0,CPG
2023-06-23 11:14:00,6.35,6.36,6.349,6.36,37628.0,CPG
2023-06-23 11:13:00,6.35,6.355,6.35,6.355,396.0,CPG
2023-06-23 11:12:00,6.35,6.355,6.35,6.35,1167.0,CPG
2023-06-23 11:11:00,6.35,6.355,6.34,6.35,78227.0,CPG
2023-06-23 11:10:00,6.355,6.355,6.355,6.355,1040.0,CPG
2023-06-23 11:09:00,6.36,6.361,6.36,6.36,41107.0,CPG
2023-06-23 11:08:00,6.37,6.37,6.37,6.37,6486.0,CPG
2023-06-23 11:07:00,6.369,6.37,6.36,6.36,7330.0,CPG
2023-06-23 11:06:00,6.369,6.37,6.369,6.37,16278.0,CPG
2023-06-23 11:05:00,6.37,6.37,6.367,6.367,12949.0,CPG
2023-06-23 11:04:00,6.38,6.38,6.38,6.38,1406.0,CPG
2023-06-23 11:03:00,6.37,6.38,6.37,6.38,4735.0,CPG
2023-06-23 11:02:00,6.38,6.39,6.37,6.37,78572.0,CPG
2023-06-23 11:01:00,6.368,6.375,6.365,6.375,14741.0,CPG
2023-06-23 11:00:00,6.36,6.365,6.36,6.36,7886.0,CPG
2023-06-23 10:59:00,6.37,6.37,6.37,6.37,700.0,CPG
2023-06-23 10:58:00,6.36,6.37,6.36,6.37,23044.0,CPG
2023-06-23 10:57:00,6.35,6.355,6.35,6.355,1905.0,CPG
2023-06-23 10:56:00,6.355,6.36,6.35,6.35,1200.0,CPG
2023-06-23 10:55:00,6.36,6.36,6.359,6.36,24365.0,CPG
2023-06-23 10:54:00,6.37,6.371,6.36,6.361,63858.0,CPG
2023-06-23 10:53:00,6.365,6.38,6.365,6.37,16718.0,CPG
2023-06-23 10:52:00,6.371,6.371,6.36,6.365,24406.0,CPG
2023-06-23 10:51:00,6.375,6.38,6.37,6.375,4849.0,CPG
2023-06-23 10:50:00,6.38,6.38,6.379,6.379,1636.0,CPG
2023-06-23 10:49:00,6.37,6.38,6.368,6.38,36866.0,CPG
2023-06-23 10:48:00,6.374,6.38,6.374,6.375,8505.0,CPG
2023-06-23 10:47:00,6.385,6.385,6.375,6.375,24438.0,CPG
2023-06-23 10:46:00,6.385,6.385,6.38,6.38,405.0,CPG
2023-06-23 10:45:00,6.38,6.38,6.38,6.38,22479.0,CPG
2023-06-23 10:44:00,6.37,6.375,6.369,6.37,34977.0,CPG
2023-06-23 10:43:00,6.37,6.37,6.37,6.37,4033.0,CPG
2023-06-23 10:42:00,6.375,6.375,6.37,6.37,22106.0,CPG
2023-06-23 10:41:00,6.385,6.385,6.38,6.38,42672.0,CPG
2023-06-23 10:40:00,6.39,6.39,6.38,6.385,1394.0,CPG
2023-06-23 10:39:00,6.385,6.39,6.38,6.39,2732.0,CPG
2023-06-23 10:38:00,6.385,6.39,6.38,6.382,19652.0,CPG
2023-06-23 10:37:00,6.38,6.385,6.37,6.385,24291.0,CPG
2023-06-23 10:36:00,6.38,6.38,6.38,6.38,762.0,CPG
2023-06-23 10:35:00,6.379,6.379,6.379,6.379,550.0,CPG
2023-06-23 10:34:00,6.37,6.37,6.37,6.37,322.0,CPG
2023-06-23 10:33:00,6.37,6.37,6.37,6.37,40379.0,CPG
2023-06-23 10:32:00,6.36,6.36,6.36,6.36,620.0,CPG
2023-06-23 10:31:00,6.37,6.375,6.368,6.368,35195.0,CPG
2023-06-23 10:30:00,6.36,6.37,6.36,6.37,9392.0,CPG
2023-06-23 10:29:00,6.36,6.36,6.36,6.36,1000.0,CPG
2023-06-23 10:28:00,6.365,6.365,6.36,6.36,9686.0,CPG
2023-06-23 10:27:00,6.368,6.37,6.368,6.37,1601.0,CPG
2023-06-23 10:26:00,6.37,6.37,6.369,6.37,63170.0,CPG
2023-06-23 10:25:00,6.37,6.371,6.37,6.371,12117.0,CPG
2023-06-23 10:24:00,6.372,6.38,6.37,6.37,76358.0,CPG
2023-06-23 10:23:00,6.375,6.378,6.375,6.378,1800.0,CPG
2023-06-23 10:22:00,6.37,6.38,6.369,6.38,93762.0,CPG
2023-06-23 10:21:00,6.38,6.38,6.37,6.37,2818.0,CPG
2023-06-23 10:20:00,6.38,6.385,6.375,6.375,55990.0,CPG
2023-06-23 10:19:00,6.39,6.39,6.38,6.381,5426.0,CPG
2023-06-23 10:18:00,6.39,6.39,6.39,6.39,6502.0,CPG
2023-06-23 10:17:00,6.4,6.41,6.395,6.395,57086.0,CPG
2023-06-23 10:16:00,6.395,6.4,6.395,6.4,1320.0,CPG
2023-06-23 10:15:00,6.38,6.39,6.38,6.39,65885.0,CPG
2023-06-23 10:14:00,6.38,6.38,6.37,6.38,2230.0,CPG
2023-06-23 10:13:00,6.38,6.38,6.37,6.377,23291.0,CPG
2023-06-23 10:12:00,6.38,6.385,6.38,6.38,35031.0,CPG
2023-06-23 10:11:00,6.38,6.38,6.379,6.38,37683.0,CPG
2023-06-23 10:10:00,6.39,6.39,6.39,6.39,2962.0,CPG
2023-06-23 10:09:00,6.4,6.401,6.39,6.39,94626.0,CPG
2023-06-23 10:08:00,6.4,6.401,6.399,6.4,18423.0,CPG
2023-06-23 10:07:00,6.4,6.4,6.39,6.39,2673.0,CPG
2023-06-23 10:05:00,6.41,6.411,6.4,6.4,5485.0,CPG
2023-06-23 10:04:00,6.41,6.415,6.4,6.405,41394.0,CPG
2023-06-23 10:03:00,6.4,6.408,6.399,6.405,43297.0,CPG
2023-06-23 10:02:00,6.39,6.401,6.39,6.4,44878.0,CPG
2023-06-23 10:01:00,6.395,6.4,6.39,6.39,2496.0,CPG
2023-06-23 10:00:00,6.38,6.39,6.38,6.39,4745.0,CPG
2023-06-23 09:59:00,6.38,6.38,6.38,6.38,19785.0,CPG
2023-06-23 09:58:00,6.38,6.38,6.38,6.38,8504.0,CPG
2023-06-23 09:57:00,6.38,6.385,6.38,6.38,2983.0,CPG
2023-06-23 09:56:00,6.389,6.389,6.378,6.378,20718.0,CPG
2023-06-23 09:55:00,6.379,6.38,6.379,6.38,3577.0,CPG
2023-06-23 09:54:00,6.37,6.379,6.37,6.379,23856.0,CPG
2023-06-23 09:53:00,6.37,6.37,6.37,6.37,7369.0,CPG
2023-06-23 09:52:00,6.37,6.37,6.36,6.36,36314.0,CPG
2023-06-23 09:51:00,6.37,6.38,6.37,6.38,7381.0,CPG
2023-06-23 09:50:00,6.35,6.365,6.35,6.365,17020.0,CPG
2023-06-23 09:49:00,6.365,6.37,6.35,6.35,9208.0,CPG
2023-06-23 09:48:00,6.36,6.36,6.36,6.36,1222.0,CPG
2023-06-23 09:47:00,6.35,6.35,6.34,6.35,2574.0,CPG
2023-06-23 09:46:00,6.35,6.355,6.35,6.355,3311.0,CPG
2023-06-23 09:45:00,6.35,6.36,6.35,6.36,6608.0,CPG
2023-06-23 09:44:00,6.35,6.35,6.34,6.348,3584.0,CPG
2023-06-23 09:43:00,6.34,6.345,6.335,6.345,3919.0,CPG
2023-06-23 09:42:00,6.34,6.34,6.33,6.33,7701.0,CPG
2023-06-23 09:41:00,6.33,6.34,6.33,6.34,34770.0,CPG
2023-06-23 09:40:00,6.32,6.34,6.32,6.32,46618.0,CPG
2023-06-23 09:39:00,6.31,6.32,6.305,6.32,8877.0,CPG
2023-06-23 09:38:00,6.328,6.328,6.31,6.31,6357.0,CPG
2023-06-23 09:37:00,6.31,6.33,6.31,6.326,17689.0,CPG
2023-06-23 09:36:00,6.3,6.31,6.3,6.31,49113.0,CPG
2023-06-23 09:35:00,6.31,6.31,6.295,6.3,24791.0,CPG
2023-06-23 09:34:00,6.32,6.33,6.3,6.301,57054.0,CPG
2023-06-23 09:33:00,6.339,6.34,6.31,6.32,11606.0,CPG
2023-06-23 09:32:00,6.34,6.35,6.34,6.34,7940.0,CPG
2023-06-23 09:31:00,6.33,6.35,6.33,6.34,38875.0,CPG
2023-06-23 09:30:00,6.35,6.39,6.32,6.33,100861.0,CPG
2023-06-23 09:24:00,6.39,6.39,6.39,6.39,25.0,CPG
2023-06-23 09:22:00,6.38,6.39,6.38,6.39,70.0,CPG
2023-06-23 09:21:00,6.38,6.38,6.38,6.38,800.0,CPG
2023-06-23 09:20:00,6.4,6.4,6.38,6.38,3478.0,CPG
2023-06-23 09:11:00,6.39,6.398,6.39,6.398,91.0,CPG
2023-06-23 09:10:00,6.385,6.39,6.38,6.39,814.0,CPG
2023-06-23 09:07:00,6.39,6.39,6.39,6.39,121.0,CPG
2023-06-23 09:01:00,6.38,6.38,6.38,6.38,20.0,CPG
2023-06-23 08:57:00,6.4,6.41,6.39,6.39,2003.0,CPG
2023-06-23 08:56:00,6.42,6.42,6.42,6.42,398.0,CPG
2023-06-23 08:34:00,6.4,6.4,6.4,6.4,545.0,CPG
2023-06-23 08:33:00,6.41,6.41,6.41,6.41,1000.0,CPG
2023-06-23 08:32:00,6.42,6.42,6.41,6.41,475.0,CPG
2023-06-23 08:27:00,6.42,6.42,6.42,6.42,500.0,CPG
2023-06-23 08:24:00,6.42,6.42,6.42,6.42,5.0,CPG
2023-06-23 08:13:00,6.449,6.449,6.449,6.449,85.0,CPG
2023-06-23 08:11:00,6.42,6.42,6.42,6.42,1008.0,CPG
2023-06-23 08:09:00,6.45,6.45,6.45,6.45,10.0,CPG
2023-06-23 08:06:00,6.45,6.45,6.45,6.45,50.0,CPG
2023-06-23 08:02:00,6.48,6.48,6.48,6.48,10.0,CPG
2023-06-23 08:01:00,6.459,6.46,6.459,6.46,59.0,CPG
2023-06-23 08:00:00,6.47,6.47,6.46,6.47,455.0,CPG
2023-06-23 07:59:00,6.45,6.45,6.45,6.45,10.0,CPG
2023-06-23 07:00:00,6.45,6.45,6.45,6.45,1505.0,CPG
2023-06-23 05:28:00,6.47,6.47,6.47,6.47,2.0,CPG
2023-06-23 04:07:00,6.47,6.47,6.47,6.47,200.0,CPG
2023-06-23 04:00:00,6.44,6.44,6.44,6.44,20.0,CPG
2023-06-22 19:00:00,6.48,6.48,6.48,6.48,91758.0,CPG
2023-06-22 18:30:00,6.48,6.48,6.48,6.48,91758.0,CPG
2023-06-22 18:28:00,6.806,6.806,6.806,6.806,60.0,CPG
2023-06-22 17:53:00,6.48,6.48,6.48,6.48,2.0,CPG
2023-06-22 17:33:00,6.49,6.49,6.49,6.49,11.0,CPG
2023-06-22 17:18:00,6.49,6.49,6.49,6.49,550.0,CPG
2023-06-22 17:16:00,6.49,6.49,6.49,6.49,510.0,CPG
2023-06-22 17:01:00,6.49,6.49,6.49,6.49,15.0,CPG
2023-06-22 16:59:00,6.49,6.49,6.49,6.49,1.0,CPG
2023-06-22 16:56:00,6.49,6.49,6.49,6.49,1.0,CPG
2023-06-22 16:24:00,6.49,6.49,6.49,6.49,2.0,CPG
2023-06-22 16:12:00,6.49,6.49,6.49,6.49,31.0,CPG
2023-06-22 16:10:00,6.48,6.48,6.48,6.48,91758.0,CPG
2023-06-22 16:03:00,6.489,6.489,6.489,6.489,2.0,CPG
2023-06-22 16:00:00,6.485,6.485,6.48,6.48,183784.0,CPG
2023-06-22 15:59:00,6.485,6.49,6.48,6.485,45813.0,CPG
2023-06-22 15:58:00,6.48,6.49,6.48,6.485,9827.0,CPG
2023-06-22 15:57:00,6.48,6.49,6.48,6.485,12407.0,CPG
2023-06-22 15:56:00,6.48,6.485,6.48,6.485,27983.0,CPG
2023-06-22 15:55:00,6.485,6.49,6.48,6.48,11110.0,CPG
2023-06-22 15:54:00,6.485,6.49,6.48,6.485,2236.0,CPG
2023-06-22 15:53:00,6.485,6.489,6.48,6.489,12656.0,CPG
2023-06-22 15:52:00,6.485,6.49,6.48,6.485,8958.0,CPG
2023-06-22 15:51:00,6.49,6.495,6.485,6.485,62388.0,CPG
2023-06-22 15:50:00,6.505,6.505,6.49,6.49,47932.0,CPG
2023-06-22 15:49:00,6.5,6.505,6.5,6.5,59815.0,CPG
2023-06-22 15:48:00,6.5,6.5,6.495,6.5,5141.0,CPG
2023-06-22 15:47:00,6.495,6.5,6.495,6.495,4874.0,CPG
2023-06-22 15:46:00,6.5,6.5,6.49,6.495,18391.0,CPG
2023-06-22 15:45:00,6.49,6.5,6.49,6.5,7758.0,CPG
2023-06-22 15:44:00,6.495,6.5,6.495,6.495,1460.0,CPG
2023-06-22 15:43:00,6.5,6.5,6.495,6.495,485.0,CPG
2023-06-22 15:42:00,6.49,6.5,6.49,6.495,50525.0,CPG
2023-06-22 15:41:00,6.49,6.49,6.485,6.49,2301.0,CPG
2023-06-22 15:40:00,6.49,6.49,6.482,6.49,12992.0,CPG
2023-06-22 15:39:00,6.49,6.49,6.485,6.485,3138.0,CPG
2023-06-22 15:38:00,6.49,6.49,6.485,6.49,3963.0,CPG
2023-06-22 15:37:00,6.485,6.49,6.485,6.49,29439.0,CPG
2023-06-22 15:36:00,6.485,6.49,6.485,6.485,8367.0,CPG
2023-06-22 15:35:00,6.485,6.49,6.485,6.49,6537.0,CPG
2023-06-22 15:34:00,6.485,6.485,6.48,6.485,5695.0,CPG
2023-06-22 15:32:00,6.48,6.48,6.48,6.48,1721.0,CPG
2023-06-22 15:31:00,6.485,6.485,6.485,6.485,719.0,CPG
2023-06-22 15:30:00,6.485,6.485,6.48,6.48,2178.0,CPG
2023-06-22 15:29:00,6.49,6.495,6.48,6.48,40540.0,CPG
2023-06-22 15:28:00,6.495,6.495,6.495,6.495,988.0,CPG
2023-06-22 15:27:00,6.495,6.495,6.49,6.495,2477.0,CPG
2023-06-22 15:26:00,6.495,6.495,6.49,6.49,4161.0,CPG
2023-06-22 15:25:00,6.495,6.495,6.495,6.495,727.0,CPG
2023-06-22 15:24:00,6.495,6.495,6.495,6.495,1261.0,CPG
2023-06-22 15:23:00,6.495,6.495,6.495,6.495,1961.0,CPG
2023-06-22 15:22:00,6.49,6.495,6.49,6.495,551.0,CPG
2023-06-22 15:21:00,6.505,6.51,6.49,6.495,37619.0,CPG
2023-06-22 15:20:00,6.505,6.51,6.5,6.5,4365.0,CPG
2023-06-22 15:19:00,6.5,6.505,6.5,6.5,1708.0,CPG
2023-06-22 15:18:00,6.5,6.5,6.5,6.5,310.0,CPG
2023-06-22 15:17:00,6.5,6.505,6.5,6.5,2455.0,CPG
2023-06-22 15:16:00,6.507,6.51,6.5,6.505,2921.0,CPG
2023-06-22 15:15:00,6.5,6.505,6.5,6.505,3431.0,CPG
2023-06-22 15:14:00,6.5,6.5,6.5,6.5,211.0,CPG
2023-06-22 15:13:00,6.5,6.5,6.5,6.5,303.0,CPG
2023-06-22 15:12:00,6.505,6.505,6.5,6.505,616.0,CPG
2023-06-22 15:11:00,6.5,6.505,6.5,6.505,1446.0,CPG
2023-06-22 15:10:00,6.5,6.51,6.5,6.51,6623.0,CPG
2023-06-22 15:09:00,6.505,6.507,6.5,6.505,5085.0,CPG
2023-06-22 15:08:00,6.505,6.505,6.505,6.505,2072.0,CPG
2023-06-22 15:07:00,6.51,6.51,6.505,6.505,4351.0,CPG
2023-06-22 15:06:00,6.5,6.505,6.5,6.505,15200.0,CPG
2023-06-22 15:05:00,6.505,6.505,6.5,6.505,5706.0,CPG
2023-06-22 15:04:00,6.505,6.51,6.5,6.505,5152.0,CPG
2023-06-22 15:03:00,6.505,6.51,6.505,6.51,3550.0,CPG
2023-06-22 15:02:00,6.505,6.51,6.502,6.51,2435.0,CPG
2023-06-22 15:01:00,6.505,6.505,6.505,6.505,300.0,CPG
2023-06-22 15:00:00,6.498,6.505,6.498,6.5,11028.0,CPG
2023-06-22 14:59:00,6.495,6.5,6.495,6.5,2368.0,CPG
2023-06-22 14:58:00,6.495,6.495,6.495,6.495,312.0,CPG
2023-06-22 14:57:00,6.495,6.5,6.495,6.5,911.0,CPG
2023-06-22 14:56:00,6.495,6.495,6.495,6.495,500.0,CPG
2023-06-22 14:55:00,6.495,6.5,6.492,6.492,2330.0,CPG
2023-06-22 14:54:00,6.495,6.495,6.49,6.495,1463.0,CPG
2023-06-22 14:53:00,6.485,6.495,6.485,6.495,53625.0,CPG
2023-06-22 14:52:00,6.485,6.485,6.482,6.482,748.0,CPG
2023-06-22 14:51:00,6.485,6.485,6.485,6.485,200.0,CPG
2023-06-22 14:50:00,6.49,6.49,6.485,6.485,36170.0,CPG
2023-06-22 14:49:00,6.495,6.495,6.495,6.495,3549.0,CPG
2023-06-22 14:48:00,6.49,6.495,6.49,6.495,6112.0,CPG
2023-06-22 14:47:00,6.495,6.495,6.49,6.495,4605.0,CPG
2023-06-22 14:46:00,6.495,6.5,6.495,6.495,530.0,CPG
2023-06-22 14:45:00,6.495,6.495,6.495,6.495,1882.0,CPG
2023-06-22 14:44:00,6.5,6.5,6.495,6.5,2503.0,CPG
2023-06-22 14:43:00,6.495,6.5,6.495,6.5,2476.0,CPG
2023-06-22 14:42:00,6.495,6.5,6.495,6.5,1641.0,CPG
2023-06-22 14:41:00,6.5,6.5,6.495,6.495,444.0,CPG
2023-06-22 14:40:00,6.495,6.495,6.495,6.495,108.0,CPG
2023-06-22 14:39:00,6.5,6.5,6.5,6.5,5232.0,CPG
2023-06-22 14:38:00,6.5,6.5,6.5,6.5,5010.0,CPG
2023-06-22 14:37:00,6.5,6.5,6.5,6.5,368.0,CPG
2023-06-22 14:35:00,6.495,6.495,6.495,6.495,521.0,CPG
2023-06-22 14:34:00,6.5,6.505,6.5,6.5,54665.0,CPG
2023-06-22 14:33:00,6.5,6.505,6.5,6.505,3000.0,CPG
2023-06-22 14:32:00,6.5,6.505,6.5,6.505,350.0,CPG
2023-06-22 14:31:00,6.505,6.505,6.5,6.5,5538.0,CPG
2023-06-22 14:30:00,6.505,6.505,6.5,6.505,3003.0,CPG
2023-06-22 14:29:00,6.51,6.51,6.5,6.5,8076.0,CPG
2023-06-22 14:28:00,6.505,6.505,6.5,6.505,5216.0,CPG
2023-06-22 14:27:00,6.51,6.51,6.5,6.51,12923.0,CPG
2023-06-22 14:26:00,6.505,6.51,6.505,6.51,3722.0,CPG
2023-06-22 14:25:00,6.505,6.51,6.505,6.51,2501.0,CPG
2023-06-22 14:24:00,6.5,6.51,6.5,6.51,18741.0,CPG
2023-06-22 14:23:00,6.5,6.5,6.49,6.5,12480.0,CPG
2023-06-22 14:22:00,6.49,6.5,6.49,6.5,74771.0,CPG
2023-06-22 14:21:00,6.49,6.49,6.485,6.489,19264.0,CPG
2023-06-22 14:20:00,6.49,6.49,6.489,6.489,3108.0,CPG
2023-06-22 14:19:00,6.49,6.49,6.488,6.49,4900.0,CPG
2023-06-22 14:18:00,6.485,6.49,6.485,6.49,1900.0,CPG
2023-06-22 14:17:00,6.49,6.49,6.49,6.49,136.0,CPG
2023-06-22 14:16:00,6.475,6.49,6.475,6.48,34277.0,CPG
2023-06-22 14:15:00,6.48,6.48,6.475,6.475,4678.0,CPG
2023-06-22 14:14:00,6.475,6.48,6.475,6.475,5200.0,CPG
2023-06-22 14:13:00,6.48,6.485,6.475,6.475,31545.0,CPG
2023-06-22 14:12:00,6.48,6.485,6.48,6.481,40063.0,CPG
2023-06-22 14:11:00,6.48,6.48,6.475,6.48,23061.0,CPG
2023-06-22 14:10:00,6.475,6.48,6.47,6.47,71205.0,CPG
2023-06-22 14:09:00,6.48,6.48,6.47,6.475,59337.0,CPG
2023-06-22 14:07:00,6.48,6.49,6.48,6.49,14239.0,CPG
2023-06-22 14:06:00,6.485,6.485,6.485,6.485,1305.0,CPG
2023-06-22 14:05:00,6.485,6.485,6.48,6.485,2197.0,CPG
2023-06-22 14:04:00,6.485,6.485,6.485,6.485,1495.0,CPG
2023-06-22 14:03:00,6.48,6.488,6.48,6.485,2157.0,CPG
2023-06-22 14:02:00,6.49,6.49,6.485,6.485,10169.0,CPG
2023-06-22 14:01:00,6.48,6.49,6.48,6.485,11053.0,CPG
2023-06-22 14:00:00,6.49,6.49,6.49,6.49,401.0,CPG
2023-06-22 13:59:00,6.485,6.49,6.485,6.49,1239.0,CPG
2023-06-22 13:58:00,6.485,6.49,6.485,6.485,18250.0,CPG
2023-06-22 13:57:00,6.485,6.488,6.485,6.485,3099.0,CPG
2023-06-22 13:56:00,6.48,6.49,6.48,6.485,35969.0,CPG
2023-06-22 13:55:00,6.49,6.49,6.48,6.48,36513.0,CPG
2023-06-22 13:54:00,6.485,6.485,6.485,6.485,1308.0,CPG
2023-06-22 13:53:00,6.485,6.49,6.485,6.49,469.0,CPG
2023-06-22 13:52:00,6.49,6.49,6.48,6.485,5112.0,CPG
2023-06-22 13:51:00,6.48,6.48,6.48,6.48,445.0,CPG
2023-06-22 13:50:00,6.485,6.485,6.485,6.485,104.0,CPG
2023-06-22 13:49:00,6.48,6.48,6.48,6.48,106.0,CPG
2023-06-22 13:48:00,6.487,6.487,6.485,6.485,6590.0,CPG
2023-06-22 13:47:00,6.485,6.485,6.48,6.483,2949.0,CPG
2023-06-22 13:46:00,6.485,6.49,6.485,6.49,9606.0,CPG
2023-06-22 13:45:00,6.49,6.49,6.485,6.485,10109.0,CPG
2023-06-22 13:44:00,6.49,6.49,6.485,6.485,8609.0,CPG
2023-06-22 13:43:00,6.48,6.49,6.48,6.485,43638.0,CPG
2023-06-22 13:42:00,6.488,6.488,6.488,6.488,1001.0,CPG
2023-06-22 13:41:00,6.48,6.48,6.48,6.48,425.0,CPG
2023-06-22 13:40:00,6.485,6.485,6.48,6.485,631.0,CPG
2023-06-22 13:39:00,6.48,6.48,6.48,6.48,341.0,CPG
2023-06-22 13:38:00,6.48,6.485,6.48,6.48,2701.0,CPG
2023-06-22 13:37:00,6.49,6.491,6.49,6.49,8265.0,CPG
2023-06-22 13:36:00,6.49,6.495,6.49,6.49,2560.0,CPG
2023-06-22 13:35:00,6.495,6.495,6.49,6.49,1952.0,CPG
2023-06-22 13:34:00,6.495,6.495,6.49,6.49,860.0,CPG
2023-06-22 13:33:00,6.5,6.505,6.49,6.49,27879.0,CPG
2023-06-22 13:32:00,6.505,6.505,6.5,6.5,2261.0,CPG
2023-06-22 13:31:00,6.505,6.505,6.505,6.505,100.0,CPG
2023-06-22 13:30:00,6.505,6.51,6.5,6.505,3569.0,CPG
2023-06-22 13:29:00,6.5,6.51,6.5,6.501,32795.0,CPG
2023-06-22 13:28:00,6.505,6.505,6.505,6.505,200.0,CPG
2023-06-22 13:27:00,6.505,6.51,6.505,6.505,3200.0,CPG
2023-06-22 13:26:00,6.51,6.51,6.505,6.505,13370.0,CPG
2023-06-22 13:25:00,6.51,6.51,6.505,6.505,4185.0,CPG
2023-06-22 13:24:00,6.505,6.505,6.505,6.505,100.0,CPG
2023-06-22 13:23:00,6.51,6.51,6.507,6.51,2407.0,CPG
2023-06-22 13:22:00,6.505,6.51,6.5,6.505,5610.0,CPG
2023-06-22 13:21:00,6.511,6.515,6.5,6.5,15680.0,CPG
2023-06-22 13:20:00,6.51,6.515,6.5,6.51,66309.0,CPG
2023-06-22 13:19:00,6.51,6.52,6.51,6.51,2000.0,CPG
2023-06-22 13:18:00,6.5,6.515,6.5,6.515,14234.0,CPG
2023-06-22 13:17:00,6.51,6.51,6.51,6.51,996.0,CPG
2023-06-22 13:16:00,6.51,6.51,6.51,6.51,302.0,CPG
2023-06-22 13:15:00,6.508,6.51,6.505,6.505,5628.0,CPG
2023-06-22 13:14:00,6.51,6.51,6.502,6.502,2068.0,CPG
2023-06-22 13:13:00,6.51,6.51,6.51,6.51,230.0,CPG
2023-06-22 13:12:00,6.505,6.51,6.505,6.51,223.0,CPG
2023-06-22 13:11:00,6.505,6.505,6.505,6.505,280.0,CPG
2023-06-22 13:10:00,6.5,6.51,6.5,6.51,1085.0,CPG
2023-06-22 13:09:00,6.51,6.51,6.5,6.505,4962.0,CPG
2023-06-22 13:08:00,6.51,6.51,6.51,6.51,504.0,CPG
2023-06-22 13:07:00,6.51,6.51,6.51,6.51,600.0,CPG
2023-06-22 13:06:00,6.505,6.51,6.505,6.51,380.0,CPG
2023-06-22 13:05:00,6.51,6.51,6.51,6.51,304.0,CPG
2023-06-22 13:04:00,6.515,6.515,6.51,6.51,17986.0,CPG
2023-06-22 13:03:00,6.515,6.515,6.51,6.51,2599.0,CPG
2023-06-22 13:02:00,6.52,6.52,6.52,6.52,200.0,CPG
2023-06-22 13:01:00,6.525,6.525,6.515,6.52,11531.0,CPG
2023-06-22 13:00:00,6.52,6.52,6.52,6.52,16003.0,CPG
2023-06-22 12:59:00,6.52,6.52,6.51,6.52,2667.0,CPG
2023-06-22 12:58:00,6.515,6.52,6.515,6.518,6895.0,CPG
2023-06-22 12:55:00,6.515,6.515,6.515,6.515,5433.0,CPG
2023-06-22 12:54:00,6.51,6.515,6.51,6.51,1643.0,CPG
2023-06-22 12:53:00,6.52,6.52,6.51,6.515,1900.0,CPG
2023-06-22 12:52:00,6.52,6.52,6.512,6.512,4259.0,CPG
2023-06-22 12:51:00,6.52,6.52,6.515,6.515,20539.0,CPG
2023-06-22 12:49:00,6.525,6.53,6.525,6.53,2050.0,CPG
2023-06-22 12:48:00,6.52,6.52,6.52,6.52,8250.0,CPG
2023-06-22 12:47:00,6.525,6.525,6.525,6.525,1272.0,CPG
2023-06-22 12:45:00,6.52,6.53,6.52,6.53,40521.0,CPG
2023-06-22 12:44:00,6.521,6.521,6.521,6.521,2000.0,CPG
2023-06-22 12:43:00,6.53,6.53,6.52,6.52,1000.0,CPG
2023-06-22 12:42:00,6.53,6.53,6.526,6.526,20143.0,CPG
2023-06-22 12:41:00,6.53,6.53,6.53,6.53,17646.0,CPG
2023-06-22 12:40:00,6.525,6.53,6.525,6.53,12618.0,CPG
2023-06-22 12:39:00,6.531,6.54,6.525,6.525,10246.0,CPG
2023-06-22 12:38:00,6.535,6.535,6.53,6.53,79025.0,CPG
2023-06-22 12:37:00,6.54,6.54,6.539,6.539,14726.0,CPG
2023-06-22 12:36:00,6.54,6.54,6.54,6.54,2316.0,CPG
2023-06-22 12:35:00,6.545,6.55,6.545,6.55,910.0,CPG
2023-06-22 12:34:00,6.55,6.55,6.545,6.545,1803.0,CPG
2023-06-22 12:33:00,6.54,6.55,6.54,6.545,1121.0,CPG
2023-06-22 12:32:00,6.54,6.55,6.54,6.55,10400.0,CPG
2023-06-22 12:31:00,6.545,6.55,6.54,6.55,1100.0,CPG
2023-06-22 12:30:00,6.54,6.54,6.54,6.54,19180.0,CPG
2023-06-22 12:29:00,6.54,6.54,6.54,6.54,13100.0,CPG
2023-06-22 12:28:00,6.535,6.535,6.535,6.535,300.0,CPG
2023-06-22 12:27:00,6.545,6.545,6.53,6.53,33244.0,CPG
2023-06-22 12:26:00,6.55,6.55,6.545,6.545,24827.0,CPG
2023-06-22 12:25:00,6.555,6.555,6.546,6.546,18189.0,CPG
2023-06-22 12:24:00,6.55,6.555,6.54,6.555,25462.0,CPG
2023-06-22 12:23:00,6.55,6.55,6.55,6.55,33905.0,CPG
2023-06-22 12:22:00,6.549,6.55,6.549,6.55,10002.0,CPG
2023-06-22 12:20:00,6.55,6.55,6.545,6.55,10641.0,CPG
2023-06-22 12:19:00,6.555,6.555,6.545,6.545,16827.0,CPG
2023-06-22 12:18:00,6.56,6.56,6.55,6.55,27844.0,CPG
2023-06-22 12:17:00,6.565,6.565,6.56,6.56,18471.0,CPG
2023-06-22 12:14:00,6.57,6.57,6.57,6.57,200.0,CPG
2023-06-22 12:13:00,6.565,6.565,6.565,6.565,416.0,CPG
2023-06-22 12:12:00,6.565,6.565,6.56,6.565,1100.0,CPG
2023-06-22 12:11:00,6.565,6.565,6.565,6.565,200.0,CPG
2023-06-22 12:10:00,6.56,6.565,6.555,6.565,29010.0,CPG
2023-06-22 12:09:00,6.55,6.555,6.55,6.555,2000.0,CPG
2023-06-22 12:08:00,6.555,6.555,6.555,6.555,471.0,CPG
2023-06-22 12:07:00,6.558,6.558,6.558,6.558,5970.0,CPG
2023-06-22 12:06:00,6.555,6.555,6.555,6.555,148.0,CPG
2023-06-22 12:05:00,6.555,6.555,6.555,6.555,1434.0,CPG
2023-06-22 12:04:00,6.55,6.55,6.55,6.55,9136.0,CPG
2023-06-22 12:03:00,6.54,6.541,6.54,6.541,5148.0,CPG
2023-06-22 12:02:00,6.54,6.545,6.54,6.545,18453.0,CPG
2023-06-22 12:01:00,6.545,6.545,6.54,6.54,39575.0,CPG
2023-06-22 12:00:00,6.54,6.541,6.54,6.54,14639.0,CPG
2023-06-22 11:59:00,6.54,6.54,6.535,6.54,2226.0,CPG
2023-06-22 11:58:00,6.54,6.545,6.538,6.54,55483.0,CPG
2023-06-22 11:57:00,6.541,6.55,6.54,6.545,14110.0,CPG
2023-06-22 11:56:00,6.54,6.54,6.54,6.54,15523.0,CPG
2023-06-22 11:54:00,6.53,6.53,6.53,6.53,129.0,CPG
2023-06-22 11:53:00,6.535,6.54,6.535,6.54,22508.0,CPG
2023-06-22 11:52:00,6.535,6.535,6.535,6.535,341.0,CPG
2023-06-22 11:51:00,6.537,6.54,6.535,6.535,1907.0,CPG
2023-06-22 11:50:00,6.53,6.535,6.53,6.53,2908.0,CPG
2023-06-22 11:49:00,6.535,6.535,6.535,6.535,111.0,CPG
2023-06-22 11:48:00,6.55,6.55,6.535,6.535,38833.0,CPG
2023-06-22 11:47:00,6.545,6.545,6.54,6.545,3655.0,CPG
2023-06-22 11:46:00,6.535,6.545,6.535,6.541,58125.0,CPG
2023-06-22 11:45:00,6.54,6.545,6.54,6.54,15096.0,CPG
2023-06-22 11:44:00,6.54,6.545,6.54,6.545,2134.0,CPG
2023-06-22 11:43:00,6.545,6.545,6.54,6.545,5158.0,CPG
2023-06-22 11:42:00,6.54,6.545,6.54,6.545,32711.0,CPG
2023-06-22 11:41:00,6.535,6.535,6.535,6.535,400.0,CPG
2023-06-22 11:40:00,6.53,6.535,6.523,6.535,27527.0,CPG
2023-06-22 11:39:00,6.535,6.535,6.53,6.53,27088.0,CPG
2023-06-22 11:38:00,6.54,6.54,6.53,6.53,4717.0,CPG
2023-06-22 11:37:00,6.54,6.54,6.54,6.54,684.0,CPG
2023-06-22 11:36:00,6.53,6.54,6.53,6.54,6544.0,CPG
2023-06-22 11:35:00,6.53,6.54,6.53,6.535,9421.0,CPG
2023-06-22 11:32:00,6.52,6.53,6.52,6.53,11191.0,CPG
2023-06-22 11:31:00,6.518,6.52,6.518,6.52,6066.0,CPG
2023-06-22 11:30:00,6.52,6.52,6.52,6.52,3405.0,CPG
2023-06-22 11:29:00,6.515,6.521,6.515,6.52,50664.0,CPG
2023-06-22 11:27:00,6.51,6.51,6.51,6.51,19655.0,CPG
2023-06-22 11:26:00,6.5,6.51,6.5,6.51,2455.0,CPG
2023-06-22 11:25:00,6.505,6.505,6.505,6.505,586.0,CPG
2023-06-22 11:24:00,6.525,6.525,6.51,6.51,49286.0,CPG
2023-06-22 11:23:00,6.525,6.525,6.525,6.525,340.0,CPG
2023-06-22 11:22:00,6.53,6.535,6.52,6.527,40207.0,CPG
2023-06-22 11:21:00,6.532,6.54,6.532,6.539,3802.0,CPG
2023-06-22 11:20:00,6.53,6.54,6.53,6.535,7785.0,CPG
2023-06-22 11:18:00,6.535,6.535,6.53,6.53,2844.0,CPG
2023-06-22 11:17:00,6.535,6.535,6.53,6.53,793.0,CPG
2023-06-22 11:15:00,6.53,6.54,6.529,6.53,88877.0,CPG
2023-06-22 11:13:00,6.53,6.53,6.525,6.53,26392.0,CPG
2023-06-22 11:12:00,6.52,6.525,6.52,6.525,2004.0,CPG
2023-06-22 11:11:00,6.53,6.531,6.53,6.53,45958.0,CPG
2023-06-22 11:10:00,6.53,6.535,6.53,6.53,53397.0,CPG
2023-06-22 11:09:00,6.53,6.53,6.53,6.53,3770.0,CPG
2023-06-22 11:08:00,6.522,6.535,6.522,6.533,33145.0,CPG
2023-06-22 11:07:00,6.54,6.54,6.53,6.53,80688.0,CPG
2023-06-22 11:06:00,6.55,6.55,6.54,6.54,35210.0,CPG
2023-06-22 11:05:00,6.56,6.56,6.55,6.55,12542.0,CPG
2023-06-22 11:04:00,6.56,6.56,6.55,6.55,1125.0,CPG
2023-06-22 11:03:00,6.55,6.55,6.55,6.55,186.0,CPG
2023-06-22 11:02:00,6.56,6.565,6.56,6.56,35520.0,CPG
2023-06-22 11:01:00,6.565,6.569,6.56,6.56,11277.0,CPG
2023-06-22 11:00:00,6.56,6.58,6.56,6.57,28760.0,CPG
2023-06-22 10:59:00,6.56,6.56,6.558,6.56,1152.0,CPG
2023-06-22 10:58:00,6.56,6.56,6.56,6.56,174.0,CPG
2023-06-22 10:57:00,6.56,6.56,6.555,6.56,1959.0,CPG
2023-06-22 10:56:00,6.55,6.555,6.55,6.55,13005.0,CPG
2023-06-22 10:55:00,6.55,6.55,6.549,6.55,52515.0,CPG
2023-06-22 10:54:00,6.549,6.555,6.549,6.555,51368.0,CPG
2023-06-22 10:53:00,6.55,6.551,6.55,6.55,55136.0,CPG
2023-06-22 10:52:00,6.545,6.555,6.54,6.555,5481.0,CPG
2023-06-22 10:51:00,6.54,6.54,6.54,6.54,690.0,CPG
2023-06-22 10:49:00,6.54,6.545,6.54,6.545,718.0,CPG
2023-06-22 10:48:00,6.54,6.545,6.54,6.545,5749.0,CPG
2023-06-22 10:47:00,6.55,6.55,6.54,6.545,7488.0,CPG
2023-06-22 10:46:00,6.56,6.56,6.549,6.55,43754.0,CPG
2023-06-22 10:45:00,6.56,6.56,6.555,6.56,47615.0,CPG
2023-06-22 10:44:00,6.55,6.55,6.55,6.55,27092.0,CPG
2023-06-22 10:43:00,6.55,6.55,6.54,6.545,3434.0,CPG
2023-06-22 10:42:00,6.55,6.55,6.55,6.55,8286.0,CPG
2023-06-22 10:41:00,6.575,6.575,6.56,6.56,35601.0,CPG
2023-06-22 10:39:00,6.58,6.58,6.57,6.575,13630.0,CPG
2023-06-22 10:38:00,6.58,6.585,6.57,6.58,63934.0,CPG
2023-06-22 10:37:00,6.58,6.585,6.58,6.585,3273.0,CPG
2023-06-22 10:36:00,6.575,6.575,6.575,6.575,254.0,CPG
2023-06-22 10:35:00,6.57,6.57,6.57,6.57,13589.0,CPG
2023-06-22 10:34:00,6.57,6.57,6.565,6.565,606.0,CPG
2023-06-22 10:33:00,6.575,6.575,6.569,6.569,30175.0,CPG
2023-06-22 10:32:00,6.57,6.57,6.57,6.57,1288.0,CPG
2023-06-22 10:31:00,6.565,6.565,6.565,6.565,103.0,CPG
2023-06-22 10:30:00,6.57,6.575,6.57,6.57,21043.0,CPG
2023-06-22 10:29:00,6.58,6.585,6.58,6.58,20863.0,CPG
2023-06-22 10:28:00,6.58,6.58,6.58,6.58,2922.0,CPG
2023-06-22 10:27:00,6.575,6.58,6.575,6.575,1048.0,CPG
2023-06-22 10:26:00,6.57,6.575,6.57,6.575,23057.0,CPG
2023-06-22 10:25:00,6.57,6.57,6.57,6.57,612.0,CPG
2023-06-22 10:24:00,6.565,6.565,6.56,6.56,25665.0,CPG
2023-06-22 10:23:00,6.57,6.57,6.566,6.568,2411.0,CPG
2023-06-22 10:22:00,6.57,6.57,6.565,6.57,2504.0,CPG
2023-06-22 10:21:00,6.57,6.57,6.57,6.57,7247.0,CPG
2023-06-22 10:20:00,6.57,6.57,6.56,6.57,21271.0,CPG
2023-06-22 10:19:00,6.56,6.565,6.559,6.56,30150.0,CPG
2023-06-22 10:18:00,6.565,6.57,6.56,6.565,26610.0,CPG
2023-06-22 10:17:00,6.55,6.56,6.55,6.56,20095.0,CPG
2023-06-22 10:16:00,6.55,6.56,6.55,6.55,4626.0,CPG
2023-06-22 10:15:00,6.55,6.55,6.55,6.55,29810.0,CPG
2023-06-22 10:14:00,6.56,6.56,6.56,6.56,1235.0,CPG
2023-06-22 10:13:00,6.56,6.56,6.55,6.551,20193.0,CPG
2023-06-22 10:12:00,6.56,6.56,6.56,6.56,4061.0,CPG
2023-06-22 10:11:00,6.55,6.55,6.55,6.55,2542.0,CPG
2023-06-22 10:10:00,6.55,6.55,6.545,6.545,362.0,CPG
2023-06-22 10:09:00,6.54,6.54,6.54,6.54,5032.0,CPG
2023-06-22 10:08:00,6.53,6.54,6.53,6.54,7901.0,CPG
2023-06-22 10:07:00,6.53,6.53,6.53,6.53,53649.0,CPG
2023-06-22 10:06:00,6.53,6.53,6.52,6.53,33017.0,CPG
2023-06-22 10:05:00,6.53,6.54,6.53,6.535,2807.0,CPG
2023-06-22 10:04:00,6.53,6.531,6.53,6.53,22792.0,CPG
2023-06-22 10:03:00,6.53,6.54,6.53,6.54,22357.0,CPG
2023-06-22 10:02:00,6.53,6.54,6.53,6.53,5611.0,CPG
2023-06-22 10:01:00,6.548,6.548,6.52,6.52,8354.0,CPG
2023-06-22 10:00:00,6.55,6.55,6.55,6.55,564.0,CPG
2023-06-22 09:59:00,6.55,6.56,6.55,6.55,38519.0,CPG
2023-06-22 09:58:00,6.54,6.55,6.54,6.55,5227.0,CPG
2023-06-22 09:57:00,6.53,6.54,6.53,6.535,34829.0,CPG
2023-06-22 09:56:00,6.54,6.54,6.54,6.54,5632.0,CPG
2023-06-22 09:55:00,6.53,6.54,6.525,6.532,15854.0,CPG
2023-06-22 09:54:00,6.53,6.53,6.525,6.53,36625.0,CPG
2023-06-22 09:53:00,6.53,6.53,6.53,6.53,26570.0,CPG
2023-06-22 09:52:00,6.54,6.54,6.53,6.53,1572.0,CPG
2023-06-22 09:51:00,6.54,6.54,6.54,6.54,3653.0,CPG
2023-06-22 09:50:00,6.52,6.545,6.519,6.545,20126.0,CPG
2023-06-22 09:49:00,6.53,6.53,6.519,6.52,56127.0,CPG
2023-06-22 09:48:00,6.53,6.54,6.529,6.53,27868.0,CPG
2023-06-22 09:47:00,6.53,6.535,6.525,6.53,69997.0,CPG
2023-06-22 09:46:00,6.535,6.535,6.53,6.53,1541.0,CPG
2023-06-22 09:45:00,6.53,6.54,6.53,6.54,2159.0,CPG
2023-06-22 09:44:00,6.54,6.54,6.535,6.54,2580.0,CPG
2023-06-22 09:43:00,6.53,6.54,6.53,6.54,2232.0,CPG
2023-06-22 09:42:00,6.53,6.54,6.53,6.535,8235.0,CPG
2023-06-22 09:41:00,6.53,6.53,6.52,6.53,11442.0,CPG
2023-06-22 09:40:00,6.53,6.53,6.53,6.53,3103.0,CPG
2023-06-22 09:39:00,6.535,6.54,6.535,6.54,4329.0,CPG
2023-06-22 09:38:00,6.544,6.55,6.54,6.54,10156.0,CPG
2023-06-22 09:37:00,6.55,6.555,6.55,6.55,18613.0,CPG
2023-06-22 09:36:00,6.58,6.58,6.56,6.56,12341.0,CPG
2023-06-22 09:35:00,6.6,6.6,6.58,6.58,5867.0,CPG
2023-06-22 09:34:00,6.61,6.61,6.6,6.6,6266.0,CPG
2023-06-22 09:33:00,6.59,6.605,6.59,6.605,4587.0,CPG
2023-06-22 09:32:00,6.58,6.583,6.58,6.581,1476.0,CPG
2023-06-22 09:31:00,6.59,6.595,6.59,6.59,4468.0,CPG
2023-06-22 09:30:00,6.6,6.6,6.56,6.59,28405.0,CPG
2023-06-22 09:29:00,6.58,6.58,6.58,6.58,500.0,CPG
2023-06-22 09:28:00,6.57,6.6,6.57,6.6,250.0,CPG
2023-06-22 09:27:00,6.56,6.58,6.53,6.54,1939.0,CPG
2023-06-22 09:26:00,6.58,6.6,6.57,6.57,4854.0,CPG
2023-06-22 09:22:00,6.59,6.59,6.562,6.562,189.0,CPG
2023-06-22 09:20:00,6.59,6.59,6.59,6.59,300.0,CPG
2023-06-22 09:19:00,6.59,6.61,6.59,6.59,4312.0,CPG
2023-06-22 09:13:00,6.61,6.61,6.61,6.61,10.0,CPG
2023-06-22 09:12:00,6.605,6.61,6.6,6.61,949.0,CPG
2023-06-22 09:10:00,6.6,6.61,6.6,6.61,503.0,CPG
2023-06-22 09:05:00,6.61,6.61,6.61,6.61,5.0,CPG
2023-06-22 09:01:00,6.62,6.62,6.61,6.61,5462.0,CPG
2023-06-22 09:00:00,6.62,6.63,6.62,6.62,3987.0,CPG
2023-06-22 08:58:00,6.62,6.62,6.62,6.62,2000.0,CPG
2023-06-22 08:44:00,6.62,6.62,6.62,6.62,50.0,CPG
2023-06-22 08:41:00,6.62,6.62,6.62,6.62,1.0,CPG
2023-06-22 08:14:00,6.64,6.64,6.64,6.64,2.0,CPG
2023-06-22 08:00:00,6.618,6.618,6.618,6.618,15.0,CPG
2023-06-22 07:52:00,6.64,6.64,6.64,6.64,3.0,CPG
2023-06-22 07:39:00,6.66,6.66,6.66,6.66,1000.0,CPG
2023-06-22 06:28:00,6.71,6.71,6.71,6.71,18.0,CPG
2023-06-22 05:19:00,6.71,6.71,6.71,6.71,5.0,CPG
2023-06-21 19:13:00,6.61,6.61,6.61,6.61,78.0,CPG
2023-06-21 19:00:00,6.71,6.71,6.71,6.71,72753.0,CPG
2023-06-21 18:30:00,6.71,6.71,6.71,6.71,72753.0,CPG
2023-06-21 17:49:00,6.65,6.65,6.65,6.65,5.0,CPG
2023-06-21 17:47:00,6.71,6.71,6.71,6.71,1.0,CPG
2023-06-21 17:45:00,6.71,6.71,6.71,6.71,121.0,CPG
2023-06-21 17:20:00,6.71,6.71,6.71,6.71,268.0,CPG
2023-06-21 16:18:00,6.73,6.73,6.73,6.73,1.0,CPG
2023-06-21 16:10:00,6.71,6.73,6.71,6.73,72755.0,CPG
2023-06-21 16:00:00,6.7,6.71,6.7,6.71,152586.0,CPG
2023-06-21 15:59:00,6.705,6.71,6.7,6.7,50845.0,CPG
2023-06-21 15:58:00,6.71,6.71,6.7,6.7,16409.0,CPG
2023-06-21 15:57:00,6.71,6.71,6.7,6.703,16250.0,CPG
2023-06-21 15:56:00,6.71,6.71,6.71,6.71,7915.0,CPG
2023-06-21 15:55:00,6.71,6.72,6.71,6.71,17068.0,CPG
2023-06-21 15:54:00,6.715,6.72,6.71,6.715,12599.0,CPG
2023-06-21 15:53:00,6.71,6.715,6.71,6.715,7748.0,CPG
2023-06-21 15:52:00,6.71,6.715,6.71,6.71,4984.0,CPG
2023-06-21 15:51:00,6.72,6.72,6.715,6.715,6451.0,CPG
2023-06-21 15:50:00,6.72,6.72,6.715,6.715,6596.0,CPG
2023-06-21 15:49:00,6.715,6.715,6.71,6.715,7837.0,CPG
2023-06-21 15:48:00,6.715,6.715,6.715,6.715,9373.0,CPG
2023-06-21 15:47:00,6.72,6.725,6.715,6.715,36313.0,CPG
2023-06-21 15:46:00,6.72,6.725,6.72,6.72,1574.0,CPG
2023-06-21 15:45:00,6.72,6.725,6.72,6.72,12643.0,CPG
2023-06-21 15:44:00,6.713,6.73,6.713,6.72,62326.0,CPG
2023-06-21 15:43:00,6.72,6.72,6.713,6.715,1728.0,CPG
2023-06-21 15:42:00,6.72,6.72,6.72,6.72,803.0,CPG
2023-06-21 15:41:00,6.72,6.72,6.712,6.713,1065.0,CPG
2023-06-21 15:40:00,6.715,6.72,6.71,6.72,15187.0,CPG
2023-06-21 15:39:00,6.72,6.721,6.71,6.717,22412.0,CPG
2023-06-21 15:38:00,6.725,6.725,6.72,6.72,22446.0,CPG
2023-06-21 15:37:00,6.72,6.72,6.72,6.72,1001.0,CPG
2023-06-21 15:36:00,6.72,6.725,6.72,6.72,803.0,CPG
2023-06-21 15:35:00,6.72,6.725,6.72,6.72,1519.0,CPG
2023-06-21 15:34:00,6.72,6.725,6.72,6.725,908.0,CPG
2023-06-21 15:33:00,6.72,6.725,6.72,6.72,1536.0,CPG
2023-06-21 15:32:00,6.72,6.73,6.72,6.72,4002.0,CPG
2023-06-21 15:31:00,6.725,6.725,6.72,6.72,2260.0,CPG
2023-06-21 15:30:00,6.725,6.725,6.72,6.72,982.0,CPG
2023-06-21 15:29:00,6.73,6.73,6.72,6.72,16876.0,CPG
2023-06-21 15:28:00,6.73,6.73,6.725,6.725,5067.0,CPG
2023-06-21 15:27:00,6.73,6.73,6.72,6.72,3441.0,CPG
2023-06-21 15:26:00,6.73,6.73,6.725,6.73,15168.0,CPG
2023-06-21 15:25:00,6.73,6.73,6.73,6.73,1905.0,CPG
2023-06-21 15:24:00,6.74,6.74,6.73,6.735,5088.0,CPG
2023-06-21 15:23:00,6.74,6.74,6.74,6.74,20985.0,CPG
2023-06-21 15:22:00,6.74,6.74,6.74,6.74,1405.0,CPG
2023-06-21 15:20:00,6.745,6.745,6.74,6.745,6019.0,CPG
2023-06-21 15:18:00,6.75,6.75,6.745,6.745,569.0,CPG
2023-06-21 15:17:00,6.745,6.745,6.745,6.745,100.0,CPG
2023-06-21 15:15:00,6.745,6.745,6.745,6.745,9385.0,CPG
2023-06-21 15:14:00,6.745,6.75,6.745,6.75,1725.0,CPG
2023-06-21 15:13:00,6.745,6.745,6.745,6.745,1200.0,CPG
2023-06-21 15:12:00,6.74,6.75,6.74,6.75,24089.0,CPG
2023-06-21 15:11:00,6.739,6.739,6.739,6.739,1503.0,CPG
2023-06-21 15:10:00,6.735,6.739,6.733,6.739,704.0,CPG
2023-06-21 15:09:00,6.735,6.735,6.735,6.735,604.0,CPG
2023-06-21 15:08:00,6.74,6.745,6.735,6.735,8323.0,CPG
2023-06-21 15:07:00,6.74,6.74,6.74,6.74,12720.0,CPG
2023-06-21 15:06:00,6.74,6.74,6.74,6.74,425.0,CPG
2023-06-21 15:05:00,6.74,6.745,6.74,6.74,7633.0,CPG
2023-06-21 15:04:00,6.74,6.745,6.74,6.74,3249.0,CPG
2023-06-21 15:03:00,6.74,6.74,6.74,6.74,119.0,CPG
2023-06-21 15:01:00,6.745,6.745,6.745,6.745,902.0,CPG
2023-06-21 15:00:00,6.745,6.745,6.741,6.745,9103.0,CPG
2023-06-21 14:59:00,6.75,6.75,6.75,6.75,857.0,CPG
2023-06-21 14:58:00,6.745,6.75,6.74,6.75,1804.0,CPG
2023-06-21 14:57:00,6.75,6.75,6.75,6.75,502.0,CPG
2023-06-21 14:56:00,6.75,6.75,6.75,6.75,253.0,CPG
2023-06-21 14:55:00,6.75,6.75,6.75,6.75,4403.0,CPG
2023-06-21 14:54:00,6.75,6.75,6.745,6.75,41179.0,CPG
2023-06-21 14:53:00,6.755,6.755,6.75,6.75,3281.0,CPG
2023-06-21 14:52:00,6.745,6.755,6.745,6.755,24265.0,CPG
2023-06-21 14:51:00,6.745,6.75,6.74,6.74,2324.0,CPG
2023-06-21 14:50:00,6.745,6.745,6.745,6.745,700.0,CPG
2023-06-21 14:49:00,6.74,6.745,6.74,6.745,1901.0,CPG
2023-06-21 14:48:00,6.74,6.743,6.74,6.743,12551.0,CPG
2023-06-21 14:47:00,6.74,6.74,6.73,6.73,13494.0,CPG
2023-06-21 14:46:00,6.74,6.741,6.735,6.74,22841.0,CPG
2023-06-21 14:45:00,6.74,6.74,6.74,6.74,3435.0,CPG
2023-06-21 14:44:00,6.745,6.745,6.745,6.745,202.0,CPG
2023-06-21 14:43:00,6.745,6.745,6.745,6.745,4132.0,CPG
2023-06-21 14:42:00,6.745,6.745,6.745,6.745,329.0,CPG
2023-06-21 14:41:00,6.745,6.745,6.745,6.745,100.0,CPG
2023-06-21 14:40:00,6.74,6.75,6.74,6.75,10701.0,CPG
2023-06-21 14:39:00,6.73,6.74,6.73,6.74,815.0,CPG
2023-06-21 14:38:00,6.74,6.74,6.735,6.735,7855.0,CPG
2023-06-21 14:36:00,6.74,6.741,6.74,6.741,1302.0,CPG
2023-06-21 14:35:00,6.74,6.745,6.74,6.745,2098.0,CPG
2023-06-21 14:34:00,6.74,6.74,6.74,6.74,103.0,CPG
2023-06-21 14:33:00,6.745,6.745,6.74,6.74,1354.0,CPG
2023-06-21 14:32:00,6.74,6.745,6.74,6.745,204.0,CPG
2023-06-21 14:31:00,6.745,6.745,6.74,6.74,772.0,CPG
2023-06-21 14:30:00,6.74,6.74,6.74,6.74,174.0,CPG
2023-06-21 14:28:00,6.745,6.745,6.745,6.745,1211.0,CPG
2023-06-21 14:24:00,6.75,6.75,6.75,6.75,1187.0,CPG
2023-06-21 14:23:00,6.745,6.758,6.745,6.75,37195.0,CPG
2023-06-21 14:22:00,6.75,6.75,6.75,6.75,436.0,CPG
2023-06-21 14:20:00,6.74,6.75,6.74,6.745,8457.0,CPG
2023-06-21 14:19:00,6.745,6.745,6.74,6.74,600.0,CPG
2023-06-21 14:18:00,6.74,6.74,6.74,6.74,207.0,CPG
2023-06-21 14:17:00,6.745,6.745,6.745,6.745,200.0,CPG
2023-06-21 14:16:00,6.74,6.745,6.74,6.745,421.0,CPG
2023-06-21 14:15:00,6.741,6.741,6.74,6.74,3177.0,CPG
2023-06-21 14:14:00,6.74,6.75,6.74,6.74,33892.0,CPG
2023-06-21 14:13:00,6.74,6.74,6.74,6.74,15415.0,CPG
2023-06-21 14:12:00,6.74,6.74,6.74,6.74,2116.0,CPG
2023-06-21 14:11:00,6.74,6.74,6.74,6.74,3500.0,CPG
2023-06-21 14:10:00,6.745,6.745,6.74,6.745,14982.0,CPG
2023-06-21 14:09:00,6.745,6.745,6.745,6.745,2223.0,CPG
2023-06-21 14:08:00,6.745,6.748,6.74,6.74,12511.0,CPG
2023-06-21 14:07:00,6.75,6.75,6.745,6.745,742.0,CPG
2023-06-21 14:06:00,6.745,6.75,6.74,6.745,3442.0,CPG
2023-06-21 14:04:00,6.74,6.745,6.74,6.745,700.0,CPG
2023-06-21 14:03:00,6.74,6.74,6.74,6.74,100.0,CPG
2023-06-21 14:02:00,6.747,6.747,6.74,6.74,4480.0,CPG
2023-06-21 14:01:00,6.74,6.74,6.74,6.74,1200.0,CPG
2023-06-21 14:00:00,6.74,6.745,6.74,6.74,7633.0,CPG
2023-06-21 13:58:00,6.735,6.735,6.735,6.735,210.0,CPG
2023-06-21 13:56:00,6.735,6.735,6.735,6.735,3058.0,CPG
2023-06-21 13:55:00,6.735,6.735,6.735,6.735,900.0,CPG
2023-06-21 13:53:00,6.74,6.74,6.74,6.74,311.0,CPG
2023-06-21 13:52:00,6.74,6.74,6.735,6.735,771.0,CPG
2023-06-21 13:51:00,6.74,6.74,6.73,6.74,18428.0,CPG
2023-06-21 13:50:00,6.74,6.741,6.74,6.74,6243.0,CPG
2023-06-21 13:48:00,6.74,6.75,6.74,6.75,1002.0,CPG
2023-06-21 13:47:00,6.745,6.745,6.745,6.745,901.0,CPG
2023-06-21 13:46:00,6.745,6.75,6.745,6.75,813.0,CPG
2023-06-21 13:45:00,6.74,6.74,6.74,6.74,124.0,CPG
2023-06-21 13:44:00,6.743,6.743,6.743,6.743,101.0,CPG
2023-06-21 13:43:00,6.74,6.745,6.74,6.74,10142.0,CPG
2023-06-21 13:42:00,6.74,6.74,6.74,6.74,1091.0,CPG
2023-06-21 13:41:00,6.74,6.745,6.74,6.74,1133.0,CPG
2023-06-21 13:40:00,6.75,6.75,6.745,6.745,850.0,CPG
2023-06-21 13:38:00,6.75,6.75,6.75,6.75,401.0,CPG
2023-06-21 13:37:00,6.745,6.75,6.745,6.75,9100.0,CPG
2023-06-21 13:36:00,6.75,6.75,6.745,6.745,17355.0,CPG
2023-06-21 13:35:00,6.75,6.76,6.75,6.75,1654.0,CPG
2023-06-21 13:34:00,6.75,6.75,6.75,6.75,1716.0,CPG
2023-06-21 13:33:00,6.75,6.75,6.75,6.75,27664.0,CPG
2023-06-21 13:32:00,6.75,6.752,6.745,6.75,35702.0,CPG
2023-06-21 13:31:00,6.75,6.755,6.75,6.75,1102.0,CPG
2023-06-21 13:30:00,6.75,6.755,6.75,6.755,1334.0,CPG
2023-06-21 13:29:00,6.75,6.75,6.75,6.75,500.0,CPG
2023-06-21 13:28:00,6.75,6.75,6.75,6.75,3511.0,CPG
2023-06-21 13:27:00,6.75,6.75,6.75,6.75,5524.0,CPG
2023-06-21 13:26:00,6.75,6.751,6.75,6.75,11509.0,CPG
2023-06-21 13:24:00,6.75,6.755,6.75,6.755,13379.0,CPG
2023-06-21 13:23:00,6.755,6.755,6.75,6.75,38237.0,CPG
2023-06-21 13:22:00,6.76,6.76,6.755,6.755,702.0,CPG
2023-06-21 13:21:00,6.755,6.76,6.755,6.76,1189.0,CPG
2023-06-21 13:20:00,6.754,6.76,6.754,6.76,865.0,CPG
2023-06-21 13:19:00,6.76,6.76,6.752,6.76,8500.0,CPG
2023-06-21 13:18:00,6.75,6.76,6.749,6.76,22353.0,CPG
2023-06-21 13:17:00,6.75,6.75,6.75,6.75,552.0,CPG
2023-06-21 13:16:00,6.75,6.75,6.75,6.75,3610.0,CPG
2023-06-21 13:15:00,6.75,6.75,6.75,6.75,804.0,CPG
2023-06-21 13:14:00,6.745,6.75,6.745,6.75,1703.0,CPG
2023-06-21 13:13:00,6.75,6.75,6.74,6.745,4872.0,CPG
2023-06-21 13:12:00,6.75,6.75,6.745,6.75,1602.0,CPG
2023-06-21 13:11:00,6.75,6.75,6.745,6.75,2003.0,CPG
2023-06-21 13:10:00,6.74,6.75,6.74,6.74,12111.0,CPG
2023-06-21 13:09:00,6.74,6.745,6.74,6.745,10346.0,CPG
2023-06-21 13:08:00,6.74,6.75,6.739,6.74,14007.0,CPG
2023-06-21 13:07:00,6.74,6.74,6.74,6.74,605.0,CPG
2023-06-21 13:06:00,6.74,6.74,6.74,6.74,603.0,CPG
2023-06-21 13:05:00,6.737,6.74,6.737,6.74,702.0,CPG
2023-06-21 13:04:00,6.74,6.74,6.74,6.74,815.0,CPG
2023-06-21 13:03:00,6.74,6.74,6.74,6.74,302.0,CPG
2023-06-21 13:02:00,6.735,6.735,6.735,6.735,302.0,CPG
2023-06-21 13:00:00,6.73,6.74,6.73,6.735,16127.0,CPG
2023-06-21 12:59:00,6.73,6.735,6.72,6.73,29579.0,CPG
2023-06-21 12:58:00,6.73,6.74,6.73,6.73,15695.0,CPG
2023-06-21 12:57:00,6.73,6.73,6.73,6.73,419.0,CPG
2023-06-21 12:55:00,6.725,6.73,6.725,6.73,735.0,CPG
2023-06-21 12:54:00,6.722,6.73,6.722,6.73,2186.0,CPG
2023-06-21 12:53:00,6.73,6.73,6.72,6.73,4907.0,CPG
2023-06-21 12:52:00,6.73,6.73,6.72,6.73,40401.0,CPG
2023-06-21 12:50:00,6.715,6.725,6.715,6.725,16327.0,CPG
2023-06-21 12:48:00,6.715,6.715,6.715,6.715,900.0,CPG
2023-06-21 12:47:00,6.72,6.72,6.72,6.72,100.0,CPG
2023-06-21 12:46:00,6.715,6.715,6.71,6.71,446.0,CPG
2023-06-21 12:45:00,6.72,6.725,6.72,6.72,32217.0,CPG
2023-06-21 12:44:00,6.725,6.73,6.72,6.725,17262.0,CPG
2023-06-21 12:43:00,6.73,6.73,6.73,6.73,35906.0,CPG
2023-06-21 12:41:00,6.725,6.725,6.725,6.725,1753.0,CPG
2023-06-21 12:39:00,6.73,6.73,6.73,6.73,107.0,CPG
2023-06-21 12:38:00,6.73,6.73,6.72,6.73,10306.0,CPG
2023-06-21 12:36:00,6.729,6.729,6.729,6.729,1015.0,CPG
2023-06-21 12:34:00,6.73,6.73,6.73,6.73,9615.0,CPG
2023-06-21 12:33:00,6.73,6.73,6.73,6.73,5909.0,CPG
2023-06-21 12:32:00,6.735,6.735,6.73,6.73,23358.0,CPG
2023-06-21 12:31:00,6.735,6.735,6.735,6.735,2106.0,CPG
2023-06-21 12:30:00,6.73,6.73,6.73,6.73,437.0,CPG
2023-06-21 12:29:00,6.73,6.731,6.73,6.731,9160.0,CPG
2023-06-21 12:28:00,6.73,6.74,6.729,6.73,24347.0,CPG
2023-06-21 12:27:00,6.73,6.73,6.725,6.73,6037.0,CPG
2023-06-21 12:26:00,6.73,6.731,6.73,6.73,26405.0,CPG
2023-06-21 12:24:00,6.74,6.74,6.74,6.74,500.0,CPG
2023-06-21 12:23:00,6.73,6.73,6.73,6.73,4844.0,CPG
2023-06-21 12:22:00,6.729,6.734,6.729,6.734,15398.0,CPG
2023-06-21 12:21:00,6.719,6.73,6.719,6.73,25846.0,CPG
2023-06-21 12:20:00,6.72,6.73,6.715,6.715,37625.0,CPG
2023-06-21 12:18:00,6.725,6.725,6.725,6.725,113.0,CPG
2023-06-21 12:17:00,6.73,6.73,6.73,6.73,120.0,CPG
2023-06-21 12:16:00,6.725,6.725,6.725,6.725,193.0,CPG
2023-06-21 12:14:00,6.72,6.72,6.72,6.72,309.0,CPG
2023-06-21 12:13:00,6.725,6.725,6.725,6.725,158.0,CPG
2023-06-21 12:12:00,6.725,6.725,6.725,6.725,2522.0,CPG
2023-06-21 12:11:00,6.73,6.73,6.725,6.725,20108.0,CPG
2023-06-21 12:09:00,6.732,6.732,6.73,6.73,1138.0,CPG
2023-06-21 12:08:00,6.73,6.73,6.73,6.73,1350.0,CPG
2023-06-21 12:07:00,6.738,6.738,6.735,6.735,1810.0,CPG
2023-06-21 12:06:00,6.738,6.738,6.738,6.738,154.0,CPG
2023-06-21 12:05:00,6.738,6.738,6.738,6.738,208.0,CPG
2023-06-21 12:03:00,6.73,6.73,6.73,6.73,1039.0,CPG
2023-06-21 12:02:00,6.73,6.73,6.73,6.73,1417.0,CPG
2023-06-21 12:01:00,6.73,6.73,6.73,6.73,1625.0,CPG
2023-06-21 12:00:00,6.73,6.735,6.73,6.73,41651.0,CPG
2023-06-21 11:59:00,6.73,6.73,6.73,6.73,401.0,CPG
2023-06-21 11:58:00,6.71,6.73,6.71,6.73,18312.0,CPG
2023-06-21 11:57:00,6.715,6.715,6.705,6.709,14740.0,CPG
2023-06-21 11:56:00,6.715,6.718,6.71,6.718,1050.0,CPG
2023-06-21 11:55:00,6.715,6.715,6.715,6.715,203.0,CPG
2023-06-21 11:54:00,6.71,6.715,6.71,6.71,18398.0,CPG
2023-06-21 11:53:00,6.71,6.71,6.705,6.705,5323.0,CPG
2023-06-21 11:52:00,6.705,6.705,6.7,6.7,3394.0,CPG
2023-06-21 11:51:00,6.7,6.7,6.7,6.7,2180.0,CPG
2023-06-21 11:49:00,6.704,6.704,6.7,6.7,625.0,CPG
2023-06-21 11:48:00,6.7,6.705,6.7,6.705,100047.0,CPG
2023-06-21 11:47:00,6.7,6.7,6.7,6.7,773.0,CPG
2023-06-21 11:46:00,6.705,6.71,6.695,6.705,61832.0,CPG
2023-06-21 11:45:00,6.7,6.7,6.7,6.7,309.0,CPG
2023-06-21 11:44:00,6.7,6.71,6.7,6.7,5207.0,CPG
2023-06-21 11:43:00,6.705,6.705,6.705,6.705,106.0,CPG
2023-06-21 11:42:00,6.7,6.705,6.7,6.705,3865.0,CPG
2023-06-21 11:41:00,6.71,6.71,6.7,6.7,2608.0,CPG
2023-06-21 11:39:00,6.705,6.705,6.702,6.705,5674.0,CPG
2023-06-21 11:38:00,6.705,6.71,6.705,6.705,1109.0,CPG
2023-06-21 11:36:00,6.695,6.71,6.69,6.71,37653.0,CPG
2023-06-21 11:35:00,6.68,6.69,6.68,6.69,5914.0,CPG
2023-06-21 11:34:00,6.68,6.69,6.68,6.69,7957.0,CPG
2023-06-21 11:33:00,6.68,6.68,6.67,6.67,11205.0,CPG
2023-06-21 11:32:00,6.68,6.68,6.68,6.68,10261.0,CPG
2023-06-21 11:31:00,6.68,6.68,6.675,6.675,4898.0,CPG
2023-06-21 11:30:00,6.68,6.68,6.68,6.68,7541.0,CPG
2023-06-21 11:29:00,6.68,6.685,6.68,6.68,7838.0,CPG
2023-06-21 11:28:00,6.68,6.68,6.68,6.68,214.0,CPG
2023-06-21 11:27:00,6.68,6.68,6.68,6.68,405.0,CPG
2023-06-21 11:26:00,6.68,6.685,6.68,6.68,5884.0,CPG
2023-06-21 11:25:00,6.68,6.68,6.68,6.68,1713.0,CPG
2023-06-21 11:24:00,6.68,6.68,6.68,6.68,7133.0,CPG
2023-06-21 11:23:00,6.68,6.68,6.67,6.68,14683.0,CPG
2023-06-21 11:22:00,6.68,6.69,6.68,6.68,21973.0,CPG
2023-06-21 11:21:00,6.67,6.675,6.67,6.67,950.0,CPG
2023-06-21 11:20:00,6.66,6.675,6.66,6.675,18029.0,CPG
2023-06-21 11:19:00,6.66,6.66,6.655,6.655,1411.0,CPG
2023-06-21 11:18:00,6.665,6.665,6.66,6.66,8511.0,CPG
2023-06-21 11:17:00,6.66,6.665,6.66,6.665,2225.0,CPG
2023-06-21 11:16:00,6.67,6.67,6.66,6.66,2734.0,CPG
2023-06-21 11:15:00,6.67,6.67,6.67,6.67,1016.0,CPG
2023-06-21 11:14:00,6.668,6.668,6.668,6.668,684.0,CPG
2023-06-21 11:13:00,6.665,6.665,6.665,6.665,118.0,CPG
2023-06-21 11:11:00,6.66,6.67,6.66,6.665,10435.0,CPG
2023-06-21 11:10:00,6.67,6.67,6.66,6.66,16362.0,CPG
2023-06-21 11:09:00,6.665,6.665,6.661,6.665,1703.0,CPG
2023-06-21 11:08:00,6.67,6.67,6.665,6.67,21711.0,CPG
2023-06-21 11:07:00,6.67,6.67,6.67,6.67,511.0,CPG
2023-06-21 11:05:00,6.665,6.675,6.665,6.67,3968.0,CPG
2023-06-21 11:04:00,6.67,6.67,6.67,6.67,1131.0,CPG
2023-06-21 11:03:00,6.69,6.695,6.675,6.675,12957.0,CPG
2023-06-21 11:02:00,6.7,6.7,6.692,6.695,1562.0,CPG
2023-06-21 11:01:00,6.695,6.7,6.695,6.7,796.0,CPG
2023-06-21 11:00:00,6.69,6.7,6.69,6.7,77191.0,CPG
2023-06-21 10:59:00,6.68,6.69,6.68,6.681,2625.0,CPG
2023-06-21 10:58:00,6.68,6.68,6.68,6.68,14401.0,CPG
2023-06-21 10:57:00,6.68,6.68,6.68,6.68,649.0,CPG
2023-06-21 10:56:00,6.68,6.68,6.68,6.68,2745.0,CPG
2023-06-21 10:55:00,6.681,6.681,6.68,6.68,12577.0,CPG
2023-06-21 10:54:00,6.68,6.685,6.68,6.685,4663.0,CPG
2023-06-21 10:53:00,6.675,6.68,6.675,6.68,209.0,CPG
2023-06-21 10:52:00,6.675,6.68,6.67,6.67,26898.0,CPG
2023-06-21 10:51:00,6.675,6.68,6.675,6.675,3710.0,CPG
2023-06-21 10:50:00,6.68,6.68,6.67,6.67,49037.0,CPG
2023-06-21 10:49:00,6.685,6.69,6.685,6.685,985.0,CPG
2023-06-21 10:48:00,6.689,6.69,6.689,6.69,7535.0,CPG
2023-06-21 10:47:00,6.675,6.69,6.675,6.685,13530.0,CPG
2023-06-21 10:46:00,6.675,6.68,6.675,6.675,1944.0,CPG
2023-06-21 10:45:00,6.67,6.67,6.67,6.67,432.0,CPG
2023-06-21 10:44:00,6.68,6.68,6.67,6.67,16037.0,CPG
2023-06-21 10:43:00,6.69,6.69,6.685,6.685,7061.0,CPG
2023-06-21 10:42:00,6.69,6.69,6.68,6.69,17714.0,CPG
2023-06-21 10:41:00,6.69,6.695,6.685,6.69,17718.0,CPG
2023-06-21 10:40:00,6.68,6.69,6.68,6.69,8237.0,CPG
2023-06-21 10:39:00,6.67,6.679,6.67,6.679,2808.0,CPG
2023-06-21 10:38:00,6.68,6.68,6.672,6.675,20655.0,CPG
2023-06-21 10:37:00,6.69,6.69,6.685,6.69,26100.0,CPG
2023-06-21 10:36:00,6.69,6.695,6.69,6.69,34176.0,CPG
2023-06-21 10:35:00,6.69,6.695,6.69,6.695,10534.0,CPG
2023-06-21 10:34:00,6.695,6.695,6.695,6.695,200.0,CPG
2023-06-21 10:33:00,6.692,6.697,6.68,6.695,54720.0,CPG
2023-06-21 10:32:00,6.7,6.7,6.69,6.695,4021.0,CPG
2023-06-21 10:31:00,6.705,6.705,6.695,6.7,8387.0,CPG
2023-06-21 10:30:00,6.7,6.703,6.7,6.703,8287.0,CPG
2023-06-21 10:29:00,6.7,6.7,6.69,6.69,1348.0,CPG
2023-06-21 10:28:00,6.7,6.7,6.7,6.7,101.0,CPG
2023-06-21 10:27:00,6.69,6.7,6.69,6.7,4596.0,CPG
2023-06-21 10:26:00,6.68,6.705,6.68,6.7,100944.0,CPG
2023-06-21 10:25:00,6.695,6.695,6.689,6.689,43750.0,CPG
2023-06-21 10:24:00,6.68,6.69,6.68,6.69,14264.0,CPG
2023-06-21 10:23:00,6.681,6.685,6.68,6.685,1008.0,CPG
2023-06-21 10:22:00,6.68,6.685,6.679,6.681,3904.0,CPG
2023-06-21 10:21:00,6.675,6.675,6.675,6.675,3099.0,CPG
2023-06-21 10:20:00,6.67,6.68,6.67,6.68,10078.0,CPG
2023-06-21 10:19:00,6.67,6.675,6.661,6.67,11220.0,CPG
2023-06-21 10:18:00,6.67,6.675,6.67,6.671,3349.0,CPG
2023-06-21 10:17:00,6.66,6.68,6.66,6.68,18014.0,CPG
2023-06-21 10:16:00,6.665,6.665,6.66,6.66,2113.0,CPG
2023-06-21 10:15:00,6.66,6.66,6.66,6.66,1338.0,CPG
2023-06-21 10:14:00,6.65,6.66,6.645,6.66,23547.0,CPG
2023-06-21 10:13:00,6.641,6.651,6.64,6.651,25117.0,CPG
2023-06-21 10:12:00,6.641,6.641,6.641,6.641,5020.0,CPG
2023-06-21 10:11:00,6.63,6.64,6.63,6.64,7331.0,CPG
2023-06-21 10:10:00,6.62,6.635,6.62,6.635,54760.0,CPG
2023-06-21 10:09:00,6.62,6.62,6.61,6.62,1816.0,CPG
2023-06-21 10:08:00,6.62,6.62,6.62,6.62,4737.0,CPG
2023-06-21 10:07:00,6.611,6.62,6.61,6.615,1302.0,CPG
2023-06-21 10:06:00,6.62,6.625,6.613,6.625,9880.0,CPG
2023-06-21 10:05:00,6.62,6.625,6.61,6.625,6553.0,CPG
2023-06-21 10:04:00,6.603,6.61,6.6,6.61,10880.0,CPG
2023-06-21 10:03:00,6.61,6.61,6.6,6.603,5276.0,CPG
2023-06-21 10:02:00,6.611,6.62,6.61,6.61,4321.0,CPG
2023-06-21 10:01:00,6.62,6.62,6.61,6.61,1709.0,CPG
2023-06-21 10:00:00,6.61,6.62,6.61,6.62,605.0,CPG
2023-06-21 09:59:00,6.61,6.61,6.605,6.61,6531.0,CPG
2023-06-21 09:58:00,6.6,6.615,6.6,6.608,23447.0,CPG
2023-06-21 09:57:00,6.6,6.605,6.6,6.6,1460.0,CPG
2023-06-21 09:56:00,6.61,6.61,6.605,6.61,6272.0,CPG
2023-06-21 09:55:00,6.61,6.615,6.605,6.615,3342.0,CPG
2023-06-21 09:54:00,6.61,6.619,6.61,6.61,3933.0,CPG
2023-06-21 09:53:00,6.599,6.604,6.599,6.6,22919.0,CPG
2023-06-21 09:52:00,6.59,6.6,6.59,6.6,5045.0,CPG
2023-06-21 09:51:00,6.59,6.6,6.59,6.59,13416.0,CPG
2023-06-21 09:50:00,6.58,6.59,6.58,6.59,4940.0,CPG
2023-06-21 09:49:00,6.56,6.58,6.56,6.58,3768.0,CPG
2023-06-21 09:48:00,6.57,6.57,6.57,6.57,3345.0,CPG
2023-06-21 09:47:00,6.57,6.57,6.57,6.57,11852.0,CPG
2023-06-21 09:46:00,6.57,6.57,6.57,6.57,10243.0,CPG
2023-06-21 09:45:00,6.55,6.57,6.55,6.57,17248.0,CPG
2023-06-21 09:44:00,6.55,6.561,6.55,6.55,19929.0,CPG
2023-06-21 09:43:00,6.54,6.55,6.54,6.55,1924.0,CPG
2023-06-21 09:42:00,6.53,6.54,6.53,6.54,51263.0,CPG
2023-06-21 09:41:00,6.55,6.555,6.535,6.54,27975.0,CPG
2023-06-21 09:40:00,6.545,6.55,6.535,6.55,11652.0,CPG
2023-06-21 09:39:00,6.55,6.555,6.549,6.549,3224.0,CPG
2023-06-21 09:38:00,6.56,6.56,6.545,6.545,5048.0,CPG
2023-06-21 09:37:00,6.55,6.56,6.54,6.555,9917.0,CPG
2023-06-21 09:36:00,6.52,6.55,6.52,6.545,12139.0,CPG
2023-06-21 09:35:00,6.52,6.525,6.51,6.525,5662.0,CPG
2023-06-21 09:34:00,6.51,6.511,6.505,6.511,1548.0,CPG
2023-06-21 09:33:00,6.51,6.52,6.505,6.51,13151.0,CPG
2023-06-21 09:32:00,6.51,6.51,6.505,6.51,2090.0,CPG
2023-06-21 09:31:00,6.52,6.521,6.51,6.519,34650.0,CPG
2023-06-21 09:30:00,6.49,6.51,6.49,6.51,10823.0,CPG
2023-06-21 09:27:00,6.52,6.52,6.52,6.52,1.0,CPG
2023-06-21 09:25:00,6.52,6.52,6.52,6.52,6.0,CPG
2023-06-21 09:06:00,6.55,6.55,6.55,6.55,2.0,CPG
2023-06-21 08:20:00,6.568,6.568,6.568,6.568,2.0,CPG
2023-06-21 08:01:00,6.6,6.6,6.6,6.6,80.0,CPG
2023-06-21 08:00:00,6.59,6.6,6.53,6.53,13254.0,CPG
2023-06-21 07:42:00,6.53,6.53,6.53,6.53,160.0,CPG
2023-06-21 07:25:00,6.535,6.535,6.535,6.535,3.0,CPG
2023-06-21 07:03:00,6.53,6.53,6.53,6.53,90.0,CPG
2023-06-21 07:01:00,6.53,6.53,6.53,6.53,10.0,CPG
2023-06-20 19:48:00,6.53,6.53,6.53,6.53,901.0,CPG
2023-06-20 19:42:00,6.41,6.41,6.41,6.41,13.0,CPG
2023-06-20 19:17:00,6.53,6.53,6.53,6.53,100.0,CPG
2023-06-20 19:00:00,6.53,6.53,6.53,6.53,223313.0,CPG
2023-06-20 18:30:00,6.53,6.53,6.53,6.53,223313.0,CPG
2023-06-20 18:28:00,6.53,6.53,6.53,6.53,11.0,CPG
2023-06-20 17:51:00,6.53,6.53,6.53,6.53,4.0,CPG
2023-06-20 17:50:00,6.49,6.49,6.49,6.49,10.0,CPG
2023-06-20 17:32:00,6.491,6.491,6.491,6.491,5.0,CPG
2023-06-20 17:17:00,6.53,6.53,6.53,6.53,20.0,CPG
2023-06-20 17:14:00,6.52,6.52,6.52,6.52,10.0,CPG
2023-06-20 17:11:00,6.52,6.52,6.52,6.52,1.0,CPG
2023-06-20 16:49:00,6.52,6.52,6.52,6.52,5.0,CPG
2023-06-20 16:33:00,6.53,6.53,6.53,6.53,537.0,CPG
2023-06-20 16:31:00,6.53,6.53,6.53,6.53,1.0,CPG
2023-06-20 16:10:00,6.53,6.53,6.5,6.5,223315.0,CPG
2023-06-20 16:07:00,6.492,6.492,6.492,6.492,2.0,CPG
2023-06-20 16:00:00,6.525,6.53,6.525,6.53,450639.0,CPG
2023-06-20 15:59:00,6.515,6.53,6.515,6.525,248258.0,CPG
2023-06-20 15:58:00,6.52,6.52,6.515,6.52,8582.0,CPG
2023-06-20 15:57:00,6.515,6.52,6.51,6.52,48295.0,CPG
2023-06-20 15:56:00,6.515,6.52,6.51,6.52,9358.0,CPG
2023-06-20 15:55:00,6.52,6.52,6.51,6.51,28717.0,CPG
2023-06-20 15:54:00,6.51,6.52,6.505,6.515,64121.0,CPG
2023-06-20 15:53:00,6.51,6.51,6.5,6.51,9595.0,CPG
2023-06-20 15:52:00,6.51,6.51,6.5,6.51,4224.0,CPG
2023-06-20 15:51:00,6.51,6.51,6.505,6.51,24409.0,CPG
2023-06-20 15:50:00,6.51,6.51,6.505,6.51,12599.0,CPG
2023-06-20 15:49:00,6.505,6.51,6.502,6.505,4815.0,CPG
2023-06-20 15:48:00,6.505,6.51,6.5,6.51,6199.0,CPG
2023-06-20 15:47:00,6.505,6.51,6.505,6.51,1649.0,CPG
2023-06-20 15:46:00,6.51,6.51,6.5,6.505,6102.0,CPG
2023-06-20 15:45:00,6.505,6.51,6.505,6.51,14576.0,CPG
2023-06-20 15:44:00,6.5,6.505,6.5,6.505,30509.0,CPG
2023-06-20 15:43:00,6.495,6.5,6.495,6.5,37818.0,CPG
2023-06-20 15:42:00,6.495,6.5,6.495,6.495,1914.0,CPG
2023-06-20 15:41:00,6.495,6.5,6.49,6.495,2869.0,CPG
2023-06-20 15:40:00,6.499,6.5,6.49,6.495,2374.0,CPG
2023-06-20 15:39:00,6.495,6.495,6.495,6.495,1889.0,CPG
2023-06-20 15:38:00,6.495,6.495,6.495,6.495,5166.0,CPG
2023-06-20 15:37:00,6.49,6.495,6.49,6.495,3004.0,CPG
2023-06-20 15:36:00,6.495,6.495,6.49,6.49,8373.0,CPG
2023-06-20 15:35:00,6.495,6.495,6.49,6.495,1648.0,CPG
2023-06-20 15:33:00,6.495,6.495,6.49,6.495,5154.0,CPG
2023-06-20 15:32:00,6.491,6.495,6.49,6.49,20459.0,CPG
2023-06-20 15:31:00,6.49,6.49,6.49,6.49,123.0,CPG
2023-06-20 15:30:00,6.495,6.495,6.49,6.49,16537.0,CPG
2023-06-20 15:29:00,6.49,6.495,6.49,6.495,19615.0,CPG
2023-06-20 15:28:00,6.492,6.5,6.49,6.49,25617.0,CPG
2023-06-20 15:27:00,6.495,6.5,6.495,6.495,1826.0,CPG
2023-06-20 15:26:00,6.495,6.495,6.495,6.495,314.0,CPG
2023-06-20 15:25:00,6.495,6.5,6.495,6.5,1620.0,CPG
2023-06-20 15:24:00,6.5,6.5,6.49,6.5,1901.0,CPG
2023-06-20 15:23:00,6.5,6.505,6.495,6.495,82346.0,CPG
2023-06-20 15:22:00,6.5,6.5,6.5,6.5,200.0,CPG
2023-06-20 15:21:00,6.495,6.5,6.495,6.5,501.0,CPG
2023-06-20 15:20:00,6.495,6.495,6.49,6.495,3800.0,CPG
2023-06-20 15:19:00,6.49,6.495,6.49,6.495,11888.0,CPG
2023-06-20 15:18:00,6.485,6.49,6.485,6.49,24941.0,CPG
2023-06-20 15:17:00,6.485,6.485,6.48,6.485,5694.0,CPG
2023-06-20 15:16:00,6.485,6.49,6.485,6.485,3462.0,CPG
2023-06-20 15:15:00,6.485,6.485,6.485,6.485,3313.0,CPG
2023-06-20 15:14:00,6.485,6.485,6.485,6.485,301.0,CPG
2023-06-20 15:13:00,6.485,6.485,6.485,6.485,201.0,CPG
2023-06-20 15:12:00,6.485,6.485,6.485,6.485,2099.0,CPG
2023-06-20 15:11:00,6.485,6.485,6.48,6.48,988.0,CPG
2023-06-20 15:10:00,6.485,6.485,6.48,6.48,3214.0,CPG
2023-06-20 15:09:00,6.48,6.485,6.48,6.48,1209.0,CPG
2023-06-20 15:08:00,6.48,6.485,6.48,6.485,7804.0,CPG
2023-06-20 15:07:00,6.495,6.495,6.485,6.485,18345.0,CPG
2023-06-20 15:06:00,6.495,6.5,6.49,6.495,4184.0,CPG
2023-06-20 15:05:00,6.495,6.495,6.495,6.495,2015.0,CPG
2023-06-20 15:04:00,6.49,6.495,6.49,6.495,854.0,CPG
2023-06-20 15:03:00,6.5,6.5,6.49,6.49,9885.0,CPG
2023-06-20 15:02:00,6.49,6.495,6.49,6.495,2978.0,CPG
2023-06-20 15:01:00,6.495,6.495,6.495,6.495,2402.0,CPG
2023-06-20 15:00:00,6.49,6.5,6.49,6.49,44271.0,CPG
2023-06-20 14:59:00,6.49,6.49,6.49,6.49,321.0,CPG
2023-06-20 14:58:00,6.49,6.49,6.49,6.49,203.0,CPG
2023-06-20 14:57:00,6.495,6.495,6.485,6.485,37253.0,CPG
2023-06-20 14:56:00,6.49,6.5,6.49,6.49,27724.0,CPG
2023-06-20 14:55:00,6.49,6.49,6.49,6.49,1403.0,CPG
2023-06-20 14:54:00,6.485,6.49,6.485,6.49,703.0,CPG
2023-06-20 14:53:00,6.483,6.483,6.483,6.483,3012.0,CPG
2023-06-20 14:52:00,6.488,6.488,6.485,6.485,4622.0,CPG
2023-06-20 14:51:00,6.495,6.495,6.48,6.485,27525.0,CPG
2023-06-20 14:50:00,6.5,6.5,6.49,6.49,3238.0,CPG
2023-06-20 14:49:00,6.495,6.495,6.495,6.495,200.0,CPG
2023-06-20 14:47:00,6.495,6.495,6.495,6.495,184.0,CPG
2023-06-20 14:44:00,6.5,6.5,6.495,6.495,1463.0,CPG
2023-06-20 14:43:00,6.5,6.5,6.5,6.5,654.0,CPG
2023-06-20 14:41:00,6.5,6.5,6.495,6.495,3014.0,CPG
2023-06-20 14:40:00,6.5,6.51,6.5,6.505,34995.0,CPG
2023-06-20 14:39:00,6.5,6.5,6.499,6.5,9059.0,CPG
2023-06-20 14:38:00,6.495,6.495,6.495,6.495,301.0,CPG
2023-06-20 14:37:00,6.495,6.495,6.495,6.495,2300.0,CPG
2023-06-20 14:36:00,6.495,6.495,6.49,6.49,550.0,CPG
2023-06-20 14:35:00,6.495,6.505,6.495,6.5,34313.0,CPG
2023-06-20 14:34:00,6.495,6.5,6.495,6.495,1725.0,CPG
2023-06-20 14:33:00,6.481,6.495,6.481,6.495,15950.0,CPG
2023-06-20 14:32:00,6.49,6.49,6.49,6.49,315.0,CPG
2023-06-20 14:31:00,6.49,6.495,6.485,6.485,32422.0,CPG
2023-06-20 14:30:00,6.49,6.495,6.485,6.495,38587.0,CPG
2023-06-20 14:29:00,6.485,6.49,6.485,6.49,1353.0,CPG
2023-06-20 14:28:00,6.485,6.485,6.48,6.48,307.0,CPG
2023-06-20 14:27:00,6.475,6.48,6.475,6.48,7391.0,CPG
2023-06-20 14:26:00,6.475,6.475,6.475,6.475,553.0,CPG
2023-06-20 14:25:00,6.475,6.475,6.47,6.475,500.0,CPG
2023-06-20 14:24:00,6.48,6.48,6.48,6.48,205.0,CPG
2023-06-20 14:23:00,6.475,6.475,6.47,6.47,2001.0,CPG
2023-06-20 14:22:00,6.48,6.48,6.475,6.475,1066.0,CPG
2023-06-20 14:21:00,6.475,6.48,6.475,6.48,364.0,CPG
2023-06-20 14:20:00,6.475,6.475,6.475,6.475,500.0,CPG
2023-06-20 14:19:00,6.474,6.475,6.474,6.475,900.0,CPG
2023-06-20 14:17:00,6.475,6.475,6.472,6.472,834.0,CPG
2023-06-20 14:16:00,6.475,6.475,6.47,6.475,4102.0,CPG
2023-06-20 14:15:00,6.47,6.475,6.47,6.475,12552.0,CPG
2023-06-20 14:14:00,6.465,6.47,6.465,6.468,656.0,CPG
2023-06-20 14:13:00,6.465,6.465,6.46,6.465,3300.0,CPG
2023-06-20 14:12:00,6.465,6.465,6.465,6.465,3980.0,CPG
2023-06-20 14:11:00,6.46,6.47,6.455,6.465,19336.0,CPG
2023-06-20 14:10:00,6.455,6.455,6.455,6.455,201.0,CPG
2023-06-20 14:08:00,6.455,6.455,6.455,6.455,1700.0,CPG
2023-06-20 14:07:00,6.455,6.455,6.445,6.455,78123.0,CPG
2023-06-20 14:06:00,6.455,6.456,6.455,6.455,554.0,CPG
2023-06-20 14:04:00,6.47,6.47,6.455,6.455,15815.0,CPG
2023-06-20 14:03:00,6.48,6.48,6.476,6.476,770.0,CPG
2023-06-20 14:02:00,6.475,6.475,6.475,6.475,310.0,CPG
2023-06-20 14:01:00,6.47,6.475,6.47,6.475,16281.0,CPG
2023-06-20 14:00:00,6.47,6.47,6.47,6.47,1634.0,CPG
2023-06-20 13:58:00,6.47,6.47,6.47,6.47,2731.0,CPG
2023-06-20 13:57:00,6.47,6.47,6.47,6.47,2369.0,CPG
2023-06-20 13:56:00,6.47,6.47,6.465,6.47,11589.0,CPG
2023-06-20 13:55:00,6.47,6.475,6.47,6.47,1378.0,CPG
2023-06-20 13:54:00,6.47,6.475,6.47,6.475,4600.0,CPG
2023-06-20 13:53:00,6.475,6.475,6.475,6.475,2902.0,CPG
2023-06-20 13:52:00,6.475,6.48,6.47,6.48,2943.0,CPG
2023-06-20 13:51:00,6.475,6.475,6.47,6.475,1213.0,CPG
2023-06-20 13:50:00,6.47,6.48,6.469,6.47,58243.0,CPG
2023-06-20 13:49:00,6.47,6.47,6.461,6.461,20547.0,CPG
2023-06-20 13:48:00,6.47,6.475,6.465,6.47,11314.0,CPG
2023-06-20 13:47:00,6.465,6.47,6.465,6.465,2810.0,CPG
2023-06-20 13:46:00,6.46,6.465,6.46,6.46,4711.0,CPG
2023-06-20 13:45:00,6.46,6.465,6.46,6.46,65226.0,CPG
2023-06-20 13:44:00,6.46,6.47,6.46,6.465,25022.0,CPG
2023-06-20 13:43:00,6.46,6.46,6.455,6.46,2052.0,CPG
2023-06-20 13:42:00,6.46,6.46,6.46,6.46,4302.0,CPG
2023-06-20 13:41:00,6.46,6.46,6.452,6.455,16415.0,CPG
2023-06-20 13:40:00,6.46,6.46,6.46,6.46,8807.0,CPG
2023-06-20 13:39:00,6.46,6.46,6.46,6.46,505.0,CPG
2023-06-20 13:37:00,6.46,6.46,6.455,6.46,18077.0,CPG
2023-06-20 13:36:00,6.46,6.465,6.46,6.465,14413.0,CPG
2023-06-20 13:35:00,6.455,6.46,6.455,6.46,2295.0,CPG
2023-06-20 13:34:00,6.455,6.455,6.455,6.455,503.0,CPG
2023-06-20 13:33:00,6.45,6.46,6.45,6.455,10923.0,CPG
2023-06-20 13:32:00,6.45,6.45,6.45,6.45,1038.0,CPG
2023-06-20 13:31:00,6.45,6.45,6.45,6.45,1053.0,CPG
2023-06-20 13:30:00,6.45,6.45,6.45,6.45,1310.0,CPG
2023-06-20 13:29:00,6.445,6.45,6.442,6.45,6512.0,CPG
2023-06-20 13:28:00,6.44,6.45,6.44,6.44,24560.0,CPG
2023-06-20 13:26:00,6.435,6.435,6.435,6.435,1800.0,CPG
2023-06-20 13:25:00,6.44,6.44,6.43,6.435,2804.0,CPG
2023-06-20 13:24:00,6.435,6.435,6.435,6.435,100.0,CPG
2023-06-20 13:23:00,6.44,6.44,6.435,6.435,1804.0,CPG
2023-06-20 13:22:00,6.43,6.435,6.43,6.435,13750.0,CPG
2023-06-20 13:21:00,6.43,6.43,6.425,6.425,2409.0,CPG
2023-06-20 13:18:00,6.43,6.43,6.43,6.43,400.0,CPG
2023-06-20 13:17:00,6.43,6.43,6.425,6.43,1249.0,CPG
2023-06-20 13:16:00,6.42,6.425,6.415,6.424,26398.0,CPG
2023-06-20 13:15:00,6.415,6.42,6.415,6.42,702.0,CPG
2023-06-20 13:14:00,6.415,6.415,6.415,6.415,969.0,CPG
2023-06-20 13:13:00,6.415,6.42,6.415,6.415,805.0,CPG
2023-06-20 13:12:00,6.42,6.42,6.419,6.42,10320.0,CPG
2023-06-20 13:11:00,6.42,6.42,6.41,6.42,12152.0,CPG
2023-06-20 13:10:00,6.42,6.425,6.42,6.42,5339.0,CPG
2023-06-20 13:09:00,6.43,6.43,6.43,6.43,110.0,CPG
2023-06-20 13:07:00,6.425,6.43,6.425,6.43,1319.0,CPG
2023-06-20 13:06:00,6.425,6.43,6.42,6.425,845.0,CPG
2023-06-20 13:05:00,6.43,6.43,6.42,6.42,8138.0,CPG
2023-06-20 13:04:00,6.435,6.44,6.43,6.43,11604.0,CPG
2023-06-20 13:03:00,6.435,6.44,6.43,6.43,1688.0,CPG
2023-06-20 13:02:00,6.435,6.435,6.432,6.435,1538.0,CPG
2023-06-20 13:01:00,6.43,6.44,6.43,6.435,19216.0,CPG
2023-06-20 13:00:00,6.432,6.432,6.425,6.425,14175.0,CPG
2023-06-20 12:59:00,6.43,6.44,6.43,6.43,5076.0,CPG
2023-06-20 12:58:00,6.425,6.43,6.425,6.43,15760.0,CPG
2023-06-20 12:57:00,6.421,6.43,6.421,6.425,2301.0,CPG
2023-06-20 12:56:00,6.43,6.43,6.425,6.425,7506.0,CPG
2023-06-20 12:55:00,6.43,6.43,6.425,6.43,7926.0,CPG
2023-06-20 12:54:00,6.43,6.43,6.425,6.425,1950.0,CPG
2023-06-20 12:52:00,6.43,6.43,6.422,6.422,651.0,CPG
2023-06-20 12:51:00,6.43,6.43,6.425,6.43,504.0,CPG
2023-06-20 12:50:00,6.425,6.43,6.425,6.425,1704.0,CPG
2023-06-20 12:49:00,6.425,6.425,6.425,6.425,600.0,CPG
2023-06-20 12:48:00,6.42,6.425,6.42,6.425,13055.0,CPG
2023-06-20 12:47:00,6.415,6.42,6.415,6.42,1078.0,CPG
2023-06-20 12:46:00,6.415,6.415,6.415,6.415,206.0,CPG
2023-06-20 12:45:00,6.415,6.415,6.41,6.411,679.0,CPG
2023-06-20 12:44:00,6.427,6.427,6.41,6.415,17104.0,CPG
2023-06-20 12:43:00,6.425,6.425,6.42,6.42,1698.0,CPG
2023-06-20 12:42:00,6.425,6.425,6.425,6.425,206.0,CPG
2023-06-20 12:41:00,6.42,6.425,6.42,6.425,805.0,CPG
2023-06-20 12:40:00,6.42,6.43,6.42,6.425,2708.0,CPG
2023-06-20 12:39:00,6.43,6.43,6.42,6.425,9405.0,CPG
2023-06-20 12:38:00,6.435,6.435,6.425,6.43,54884.0,CPG
2023-06-20 12:37:00,6.429,6.44,6.429,6.435,18429.0,CPG
2023-06-20 12:36:00,6.429,6.429,6.429,6.429,2080.0,CPG
2023-06-20 12:35:00,6.429,6.43,6.429,6.43,2106.0,CPG
2023-06-20 12:34:00,6.42,6.43,6.42,6.43,3584.0,CPG
2023-06-20 12:33:00,6.42,6.429,6.42,6.42,9168.0,CPG
2023-06-20 12:32:00,6.42,6.42,6.415,6.42,8431.0,CPG
2023-06-20 12:31:00,6.425,6.425,6.425,6.425,218.0,CPG
2023-06-20 12:30:00,6.425,6.425,6.42,6.42,6469.0,CPG
2023-06-20 12:29:00,6.43,6.43,6.425,6.425,1112.0,CPG
2023-06-20 12:28:00,6.425,6.43,6.425,6.43,580.0,CPG
2023-06-20 12:27:00,6.42,6.43,6.42,6.43,18535.0,CPG
2023-06-20 12:26:00,6.42,6.42,6.42,6.42,330.0,CPG
2023-06-20 12:25:00,6.415,6.418,6.412,6.412,1724.0,CPG
2023-06-20 12:24:00,6.415,6.42,6.415,6.415,3731.0,CPG
2023-06-20 12:23:00,6.41,6.42,6.41,6.415,8130.0,CPG
2023-06-20 12:22:00,6.405,6.41,6.405,6.41,1805.0,CPG
2023-06-20 12:21:00,6.41,6.41,6.41,6.41,7861.0,CPG
2023-06-20 12:20:00,6.405,6.41,6.4,6.41,36660.0,CPG
2023-06-20 12:19:00,6.42,6.42,6.4,6.405,39377.0,CPG
2023-06-20 12:18:00,6.42,6.42,6.42,6.42,7631.0,CPG
2023-06-20 12:17:00,6.42,6.42,6.42,6.42,291.0,CPG
2023-06-20 12:15:00,6.425,6.425,6.42,6.42,4201.0,CPG
2023-06-20 12:14:00,6.43,6.43,6.43,6.43,158.0,CPG
2023-06-20 12:13:00,6.43,6.43,6.43,6.43,1083.0,CPG
2023-06-20 12:12:00,6.43,6.435,6.42,6.43,55467.0,CPG
2023-06-20 12:11:00,6.43,6.43,6.425,6.43,6001.0,CPG
2023-06-20 12:10:00,6.42,6.425,6.42,6.425,21556.0,CPG
2023-06-20 12:09:00,6.42,6.42,6.42,6.42,1556.0,CPG
2023-06-20 12:08:00,6.425,6.425,6.415,6.42,30130.0,CPG
2023-06-20 12:07:00,6.435,6.435,6.425,6.425,6897.0,CPG
2023-06-20 12:06:00,6.435,6.44,6.43,6.435,2810.0,CPG
2023-06-20 12:05:00,6.425,6.44,6.425,6.435,7791.0,CPG
2023-06-20 12:04:00,6.42,6.425,6.42,6.425,19002.0,CPG
2023-06-20 12:03:00,6.42,6.42,6.415,6.415,403.0,CPG
2023-06-20 12:02:00,6.42,6.42,6.415,6.415,1528.0,CPG
2023-06-20 12:01:00,6.42,6.42,6.41,6.42,27926.0,CPG
2023-06-20 12:00:00,6.425,6.425,6.42,6.42,2907.0,CPG
2023-06-20 11:59:00,6.428,6.428,6.425,6.425,381.0,CPG
2023-06-20 11:58:00,6.43,6.43,6.42,6.425,20142.0,CPG
2023-06-20 11:57:00,6.435,6.435,6.43,6.43,20700.0,CPG
2023-06-20 11:56:00,6.435,6.435,6.435,6.435,189.0,CPG
2023-06-20 11:55:00,6.43,6.44,6.43,6.44,11659.0,CPG
2023-06-20 11:54:00,6.425,6.43,6.425,6.43,17607.0,CPG
2023-06-20 11:53:00,6.435,6.435,6.42,6.425,12075.0,CPG
2023-06-20 11:52:00,6.435,6.435,6.43,6.435,2118.0,CPG
2023-06-20 11:51:00,6.435,6.435,6.43,6.43,716.0,CPG
2023-06-20 11:50:00,6.44,6.44,6.435,6.435,6003.0,CPG
2023-06-20 11:49:00,6.44,6.44,6.435,6.435,740.0,CPG
2023-06-20 11:47:00,6.438,6.44,6.438,6.44,910.0,CPG
2023-06-20 11:46:00,6.435,6.44,6.43,6.435,2935.0,CPG
2023-06-20 11:45:00,6.43,6.435,6.43,6.435,1007.0,CPG
2023-06-20 11:44:00,6.43,6.43,6.43,6.43,1265.0,CPG
2023-06-20 11:43:00,6.43,6.43,6.43,6.43,28872.0,CPG
2023-06-20 11:42:00,6.425,6.43,6.425,6.425,1175.0,CPG
2023-06-20 11:41:00,6.425,6.435,6.425,6.425,42831.0,CPG
2023-06-20 11:40:00,6.43,6.43,6.42,6.42,1443.0,CPG
2023-06-20 11:39:00,6.425,6.426,6.42,6.42,2057.0,CPG
2023-06-20 11:38:00,6.425,6.425,6.425,6.425,422.0,CPG
2023-06-20 11:37:00,6.43,6.43,6.425,6.425,2781.0,CPG
2023-06-20 11:36:00,6.425,6.425,6.42,6.425,7074.0,CPG
2023-06-20 11:35:00,6.43,6.43,6.425,6.43,3224.0,CPG
2023-06-20 11:34:00,6.43,6.43,6.42,6.42,1200.0,CPG
2023-06-20 11:33:00,6.435,6.44,6.425,6.43,31132.0,CPG
2023-06-20 11:32:00,6.43,6.431,6.429,6.431,7471.0,CPG
2023-06-20 11:31:00,6.42,6.43,6.42,6.43,1084.0,CPG
2023-06-20 11:30:00,6.435,6.435,6.42,6.43,26507.0,CPG
2023-06-20 11:29:00,6.43,6.437,6.43,6.435,3342.0,CPG
2023-06-20 11:28:00,6.44,6.44,6.435,6.435,520.0,CPG
2023-06-20 11:27:00,6.432,6.439,6.432,6.439,357.0,CPG
2023-06-20 11:26:00,6.44,6.44,6.44,6.44,906.0,CPG
2023-06-20 11:25:00,6.44,6.44,6.435,6.435,898.0,CPG
2023-06-20 11:24:00,6.445,6.445,6.435,6.44,19132.0,CPG
2023-06-20 11:23:00,6.449,6.45,6.44,6.45,2473.0,CPG
2023-06-20 11:22:00,6.45,6.45,6.447,6.45,9474.0,CPG
2023-06-20 11:21:00,6.455,6.455,6.455,6.455,515.0,CPG
2023-06-20 11:20:00,6.45,6.45,6.45,6.45,610.0,CPG
2023-06-20 11:19:00,6.45,6.45,6.444,6.45,9683.0,CPG
2023-06-20 11:18:00,6.46,6.46,6.45,6.45,3501.0,CPG
2023-06-20 11:17:00,6.463,6.465,6.455,6.46,24574.0,CPG
2023-06-20 11:16:00,6.47,6.48,6.47,6.47,41720.0,CPG
2023-06-20 11:15:00,6.45,6.47,6.45,6.465,33982.0,CPG
2023-06-20 11:14:00,6.45,6.45,6.445,6.45,35829.0,CPG
2023-06-20 11:13:00,6.445,6.445,6.44,6.445,1374.0,CPG
2023-06-20 11:12:00,6.445,6.445,6.44,6.44,1954.0,CPG
2023-06-20 11:11:00,6.445,6.445,6.445,6.445,461.0,CPG
2023-06-20 11:10:00,6.44,6.445,6.44,6.445,5730.0,CPG
2023-06-20 11:09:00,6.445,6.46,6.445,6.45,51559.0,CPG
2023-06-20 11:07:00,6.45,6.45,6.44,6.445,3265.0,CPG
2023-06-20 11:06:00,6.45,6.45,6.45,6.45,6323.0,CPG
2023-06-20 11:05:00,6.45,6.45,6.45,6.45,9881.0,CPG
2023-06-20 11:04:00,6.455,6.455,6.45,6.45,6234.0,CPG
2023-06-20 11:03:00,6.46,6.461,6.45,6.45,12688.0,CPG
2023-06-20 11:02:00,6.46,6.46,6.46,6.46,1410.0,CPG
2023-06-20 11:01:00,6.46,6.46,6.45,6.46,3666.0,CPG
2023-06-20 11:00:00,6.45,6.455,6.45,6.455,5940.0,CPG
2023-06-20 10:59:00,6.44,6.44,6.44,6.44,7369.0,CPG
2023-06-20 10:58:00,6.43,6.44,6.43,6.44,1214.0,CPG
2023-06-20 10:57:00,6.43,6.43,6.43,6.43,429.0,CPG
2023-06-20 10:56:00,6.425,6.43,6.425,6.43,7787.0,CPG
2023-06-20 10:55:00,6.43,6.43,6.42,6.425,68483.0,CPG
2023-06-20 10:54:00,6.435,6.435,6.42,6.43,40127.0,CPG
2023-06-20 10:53:00,6.43,6.43,6.43,6.43,955.0,CPG
2023-06-20 10:52:00,6.43,6.43,6.43,6.43,12101.0,CPG
2023-06-20 10:51:00,6.42,6.43,6.42,6.42,4198.0,CPG
2023-06-20 10:50:00,6.43,6.435,6.425,6.43,15488.0,CPG
2023-06-20 10:49:00,6.44,6.44,6.44,6.44,714.0,CPG
2023-06-20 10:48:00,6.449,6.449,6.43,6.44,14934.0,CPG
2023-06-20 10:47:00,6.45,6.45,6.44,6.445,20448.0,CPG
2023-06-20 10:46:00,6.45,6.455,6.45,6.45,1627.0,CPG
2023-06-20 10:45:00,6.45,6.455,6.445,6.455,22184.0,CPG
2023-06-20 10:44:00,6.44,6.45,6.44,6.45,22243.0,CPG
2023-06-20 10:43:00,6.445,6.445,6.445,6.445,1050.0,CPG
2023-06-20 10:42:00,6.44,6.445,6.44,6.441,19389.0,CPG
2023-06-20 10:41:00,6.43,6.435,6.43,6.43,17814.0,CPG
2023-06-20 10:40:00,6.42,6.425,6.42,6.42,15432.0,CPG
2023-06-20 10:39:00,6.44,6.44,6.425,6.43,14658.0,CPG
2023-06-20 10:38:00,6.435,6.44,6.43,6.44,6603.0,CPG
2023-06-20 10:37:00,6.445,6.45,6.43,6.438,23051.0,CPG
2023-06-20 10:36:00,6.44,6.44,6.44,6.44,24295.0,CPG
2023-06-20 10:35:00,6.44,6.44,6.425,6.44,46795.0,CPG
2023-06-20 10:34:00,6.43,6.44,6.43,6.43,3353.0,CPG
2023-06-20 10:33:00,6.44,6.44,6.435,6.44,9345.0,CPG
2023-06-20 10:32:00,6.43,6.439,6.43,6.439,10607.0,CPG
2023-06-20 10:31:00,6.43,6.43,6.421,6.43,6388.0,CPG
2023-06-20 10:30:00,6.43,6.43,6.42,6.425,25361.0,CPG
2023-06-20 10:29:00,6.425,6.43,6.42,6.43,1733.0,CPG
2023-06-20 10:28:00,6.42,6.425,6.42,6.42,4638.0,CPG
2023-06-20 10:27:00,6.42,6.43,6.42,6.42,3866.0,CPG
2023-06-20 10:26:00,6.42,6.43,6.42,6.43,3265.0,CPG
2023-06-20 10:25:00,6.43,6.435,6.43,6.43,34115.0,CPG
2023-06-20 10:24:00,6.44,6.44,6.43,6.435,5576.0,CPG
2023-06-20 10:23:00,6.44,6.44,6.435,6.44,22429.0,CPG
2023-06-20 10:22:00,6.44,6.441,6.43,6.44,48474.0,CPG
2023-06-20 10:21:00,6.46,6.46,6.44,6.445,36553.0,CPG
2023-06-20 10:20:00,6.459,6.465,6.455,6.46,19494.0,CPG
2023-06-20 10:19:00,6.465,6.465,6.455,6.455,17345.0,CPG
2023-06-20 10:18:00,6.46,6.465,6.46,6.465,753.0,CPG
2023-06-20 10:17:00,6.46,6.469,6.46,6.469,1266.0,CPG
2023-06-20 10:16:00,6.46,6.47,6.459,6.462,33239.0,CPG
2023-06-20 10:15:00,6.46,6.47,6.46,6.465,7016.0,CPG
2023-06-20 10:14:00,6.47,6.47,6.465,6.47,7682.0,CPG
2023-06-20 10:13:00,6.465,6.465,6.465,6.465,281.0,CPG
2023-06-20 10:12:00,6.48,6.48,6.461,6.465,60921.0,CPG
2023-06-20 10:11:00,6.485,6.485,6.48,6.48,5664.0,CPG
2023-06-20 10:10:00,6.485,6.491,6.475,6.49,20379.0,CPG
2023-06-20 10:09:00,6.49,6.49,6.48,6.485,14218.0,CPG
2023-06-20 10:08:00,6.499,6.5,6.495,6.5,7326.0,CPG
2023-06-20 10:07:00,6.5,6.5,6.5,6.5,4078.0,CPG
2023-06-20 10:06:00,6.505,6.505,6.5,6.5,5840.0,CPG
2023-06-20 10:05:00,6.508,6.515,6.5,6.5,10357.0,CPG
2023-06-20 10:04:00,6.505,6.51,6.5,6.508,3408.0,CPG
2023-06-20 10:03:00,6.509,6.509,6.5,6.505,17044.0,CPG
2023-06-20 10:02:00,6.504,6.51,6.504,6.51,9735.0,CPG
2023-06-20 10:01:00,6.495,6.51,6.495,6.51,51950.0,CPG
2023-06-20 10:00:00,6.5,6.505,6.49,6.495,122736.0,CPG
2023-06-20 09:59:00,6.49,6.505,6.49,6.505,3567.0,CPG
2023-06-20 09:58:00,6.49,6.5,6.485,6.5,5031.0,CPG
2023-06-20 09:57:00,6.49,6.49,6.485,6.49,6234.0,CPG
2023-06-20 09:56:00,6.48,6.49,6.471,6.49,28847.0,CPG
2023-06-20 09:55:00,6.47,6.48,6.465,6.48,16144.0,CPG
2023-06-20 09:54:00,6.47,6.48,6.465,6.48,23530.0,CPG
2023-06-20 09:53:00,6.46,6.475,6.46,6.475,11334.0,CPG
2023-06-20 09:52:00,6.465,6.47,6.46,6.465,6546.0,CPG
2023-06-20 09:51:00,6.46,6.47,6.46,6.47,9384.0,CPG
2023-06-20 09:50:00,6.468,6.468,6.45,6.46,7118.0,CPG
2023-06-20 09:49:00,6.475,6.475,6.46,6.47,15957.0,CPG
2023-06-20 09:48:00,6.49,6.49,6.479,6.479,5489.0,CPG
2023-06-20 09:47:00,6.49,6.5,6.49,6.498,18355.0,CPG
2023-06-20 09:46:00,6.51,6.51,6.49,6.49,46787.0,CPG
2023-06-20 09:45:00,6.52,6.52,6.5,6.51,29394.0,CPG
2023-06-20 09:44:00,6.54,6.54,6.52,6.525,25511.0,CPG
2023-06-20 09:43:00,6.53,6.54,6.53,6.54,4519.0,CPG
2023-06-20 09:42:00,6.54,6.54,6.52,6.53,26117.0,CPG
2023-06-20 09:41:00,6.542,6.542,6.53,6.535,23061.0,CPG
2023-06-20 09:40:00,6.55,6.555,6.543,6.543,25622.0,CPG
2023-06-20 09:39:00,6.58,6.58,6.56,6.56,8984.0,CPG
2023-06-20 09:38:00,6.57,6.585,6.57,6.575,22991.0,CPG
2023-06-20 09:37:00,6.56,6.56,6.555,6.56,50597.0,CPG
2023-06-20 09:36:00,6.58,6.58,6.57,6.57,58336.0,CPG
2023-06-20 09:35:00,6.6,6.605,6.58,6.58,22820.0,CPG
2023-06-20 09:34:00,6.62,6.62,6.61,6.61,6350.0,CPG
2023-06-20 09:33:00,6.635,6.635,6.62,6.62,6120.0,CPG
2023-06-20 09:32:00,6.65,6.65,6.63,6.64,4058.0,CPG
2023-06-20 09:31:00,6.67,6.67,6.65,6.655,51320.0,CPG
2023-06-20 09:30:00,6.65,6.71,6.65,6.69,72101.0,CPG
2023-06-20 09:17:00,6.72,6.72,6.72,6.72,100.0,CPG
2023-06-20 09:11:00,6.71,6.71,6.71,6.71,10.0,CPG
2023-06-20 09:05:00,6.72,6.72,6.72,6.72,200.0,CPG
2023-06-20 09:03:00,6.72,6.72,6.72,6.72,100.0,CPG
2023-06-20 08:59:00,6.7,6.71,6.7,6.71,1303.0,CPG
2023-06-20 08:58:00,6.74,6.74,6.71,6.71,10.0,CPG
2023-06-20 08:55:00,6.702,6.702,6.702,6.702,62.0,CPG
2023-06-20 08:53:00,6.75,6.75,6.75,6.75,3000.0,CPG
2023-06-20 08:36:00,6.87,6.87,6.87,6.87,64.0,CPG
2023-06-20 08:34:00,6.83,6.83,6.83,6.83,1.0,CPG
2023-06-20 08:32:00,6.85,6.85,6.85,6.85,2.0,CPG
2023-06-20 08:31:00,6.9,6.9,6.9,6.9,10.0,CPG
2023-06-20 08:29:00,6.7,6.7,6.7,6.7,1.0,CPG
2023-06-20 08:20:00,6.76,6.76,6.76,6.76,5.0,CPG
2023-06-20 08:19:00,6.77,6.77,6.77,6.77,3000.0,CPG
2023-06-20 08:15:00,6.82,6.82,6.82,6.82,1.0,CPG
2023-06-20 08:07:00,6.88,6.88,6.88,6.88,1.0,CPG
2023-06-20 08:05:00,6.78,6.78,6.78,6.78,1019.0,CPG
2023-06-20 08:01:00,6.9,6.9,6.9,6.9,1.0,CPG
2023-06-20 08:00:00,6.9,6.9,6.9,6.9,1.0,CPG
2023-06-20 07:51:00,6.79,6.8,6.78,6.78,1350.0,CPG
2023-06-20 07:49:00,6.83,6.83,6.83,6.83,1.0,CPG
2023-06-20 07:10:00,6.84,6.84,6.84,6.84,1.0,CPG
2023-06-20 07:09:00,6.87,6.87,6.87,6.87,1.0,CPG
2023-06-20 07:03:00,6.88,6.88,6.88,6.88,1.0,CPG
2023-06-20 07:00:00,6.88,6.88,6.88,6.88,1.0,CPG
2023-06-20 06:22:00,6.78,6.78,6.78,6.78,10.0,CPG
2023-06-20 06:20:00,6.79,6.79,6.78,6.79,140.0,CPG
2023-06-20 04:01:00,6.77,6.78,6.77,6.78,190.0,CPG
2023-06-20 04:00:00,6.77,6.77,6.77,6.77,50.0,CPG
2023-06-16 19:00:00,6.77,6.77,6.77,6.77,214005.0,CPG
2023-06-16 18:30:00,6.77,6.77,6.77,6.77,214005.0,CPG
2023-06-16 16:51:00,6.78,6.78,6.78,6.78,10.0,CPG
2023-06-16 16:48:00,6.78,6.78,6.78,6.78,10.0,CPG
2023-06-16 16:42:00,6.78,6.78,6.78,6.78,23.0,CPG
2023-06-16 16:13:00,6.78,6.78,6.78,6.78,5.0,CPG
2023-06-16 16:10:00,6.77,6.77,6.77,6.77,214005.0,CPG
2023-06-16 16:03:00,6.75,6.75,6.75,6.75,100.0,CPG
2023-06-16 16:01:00,6.78,6.78,6.78,6.78,100.0,CPG
2023-06-16 16:00:00,6.76,6.77,6.76,6.77,440767.0,CPG
2023-06-16 15:59:00,6.765,6.765,6.75,6.76,208931.0,CPG
2023-06-16 15:58:00,6.765,6.77,6.76,6.76,52439.0,CPG
2023-06-16 15:57:00,6.765,6.77,6.76,6.765,19907.0,CPG
2023-06-16 15:56:00,6.77,6.77,6.76,6.765,77166.0,CPG
2023-06-16 15:55:00,6.77,6.775,6.77,6.77,13861.0,CPG
2023-06-16 15:54:00,6.775,6.775,6.77,6.775,9213.0,CPG
2023-06-16 15:53:00,6.77,6.77,6.77,6.77,12400.0,CPG
2023-06-16 15:52:00,6.775,6.775,6.775,6.775,4775.0,CPG
2023-06-16 15:51:00,6.765,6.78,6.765,6.775,80958.0,CPG
2023-06-16 15:50:00,6.79,6.79,6.765,6.765,120176.0,CPG
2023-06-16 15:49:00,6.785,6.79,6.785,6.785,1991.0,CPG
2023-06-16 15:48:00,6.785,6.785,6.785,6.785,1818.0,CPG
2023-06-16 15:47:00,6.789,6.795,6.785,6.79,129702.0,CPG
2023-06-16 15:46:00,6.79,6.79,6.785,6.79,49571.0,CPG
2023-06-16 15:45:00,6.775,6.79,6.775,6.785,61520.0,CPG
2023-06-16 15:44:00,6.785,6.79,6.775,6.78,37319.0,CPG
2023-06-16 15:43:00,6.79,6.79,6.785,6.785,4718.0,CPG
2023-06-16 15:42:00,6.785,6.79,6.78,6.79,1801.0,CPG
2023-06-16 15:41:00,6.785,6.79,6.78,6.785,3801.0,CPG
2023-06-16 15:40:00,6.79,6.79,6.785,6.785,2370.0,CPG
2023-06-16 15:39:00,6.785,6.79,6.785,6.79,700.0,CPG
2023-06-16 15:38:00,6.785,6.79,6.78,6.79,17940.0,CPG
2023-06-16 15:37:00,6.78,6.785,6.775,6.785,72184.0,CPG
2023-06-16 15:36:00,6.775,6.78,6.77,6.78,10393.0,CPG
2023-06-16 15:35:00,6.77,6.78,6.77,6.775,13652.0,CPG
2023-06-16 15:34:00,6.77,6.77,6.77,6.77,1480.0,CPG
2023-06-16 15:33:00,6.77,6.775,6.77,6.77,26825.0,CPG
2023-06-16 15:32:00,6.77,6.775,6.77,6.77,77699.0,CPG
2023-06-16 15:31:00,6.775,6.775,6.775,6.775,1985.0,CPG
2023-06-16 15:30:00,6.78,6.78,6.77,6.775,4451.0,CPG
2023-06-16 15:29:00,6.78,6.78,6.775,6.78,966.0,CPG
2023-06-16 15:28:00,6.78,6.78,6.775,6.78,2548.0,CPG
2023-06-16 15:27:00,6.775,6.78,6.775,6.775,1415.0,CPG
2023-06-16 15:26:00,6.79,6.79,6.77,6.78,60254.0,CPG
2023-06-16 15:25:00,6.79,6.79,6.78,6.79,6175.0,CPG
2023-06-16 15:24:00,6.78,6.79,6.78,6.79,2406.0,CPG
2023-06-16 15:23:00,6.79,6.79,6.78,6.79,1732.0,CPG
2023-06-16 15:22:00,6.79,6.79,6.785,6.79,1451.0,CPG
2023-06-16 15:21:00,6.79,6.79,6.782,6.79,32744.0,CPG
2023-06-16 15:20:00,6.79,6.795,6.785,6.79,82187.0,CPG
2023-06-16 15:19:00,6.785,6.79,6.785,6.785,1731.0,CPG
2023-06-16 15:18:00,6.785,6.79,6.785,6.79,2086.0,CPG
2023-06-16 15:17:00,6.79,6.79,6.78,6.785,1280.0,CPG
2023-06-16 15:16:00,6.785,6.79,6.785,6.79,755.0,CPG
2023-06-16 15:15:00,6.785,6.79,6.785,6.79,2347.0,CPG
2023-06-16 15:14:00,6.79,6.79,6.785,6.785,736.0,CPG
2023-06-16 15:13:00,6.79,6.79,6.785,6.785,8600.0,CPG
2023-06-16 15:12:00,6.79,6.79,6.79,6.79,2524.0,CPG
2023-06-16 15:11:00,6.79,6.79,6.79,6.79,2172.0,CPG
2023-06-16 15:10:00,6.78,6.785,6.78,6.785,649.0,CPG
2023-06-16 15:09:00,6.785,6.785,6.785,6.785,406.0,CPG
2023-06-16 15:08:00,6.78,6.79,6.78,6.79,46170.0,CPG
2023-06-16 15:07:00,6.78,6.785,6.77,6.775,10488.0,CPG
2023-06-16 15:06:00,6.79,6.79,6.78,6.78,17471.0,CPG
2023-06-16 15:05:00,6.79,6.795,6.79,6.795,1000.0,CPG
2023-06-16 15:04:00,6.79,6.795,6.79,6.79,11134.0,CPG
2023-06-16 15:03:00,6.79,6.79,6.782,6.785,3752.0,CPG
2023-06-16 15:02:00,6.79,6.79,6.79,6.79,119.0,CPG
2023-06-16 15:01:00,6.79,6.79,6.79,6.79,40299.0,CPG
2023-06-16 15:00:00,6.795,6.795,6.79,6.79,49931.0,CPG
2023-06-16 14:59:00,6.79,6.79,6.785,6.79,38980.0,CPG
2023-06-16 14:58:00,6.79,6.79,6.785,6.79,2023.0,CPG
2023-06-16 14:57:00,6.79,6.79,6.78,6.79,14586.0,CPG
2023-06-16 14:56:00,6.79,6.791,6.79,6.79,735.0,CPG
2023-06-16 14:55:00,6.79,6.79,6.79,6.79,1215.0,CPG
2023-06-16 14:54:00,6.79,6.79,6.79,6.79,215.0,CPG
2023-06-16 14:53:00,6.79,6.79,6.79,6.79,248.0,CPG
2023-06-16 14:52:00,6.79,6.79,6.79,6.79,514.0,CPG
2023-06-16 14:51:00,6.79,6.79,6.79,6.79,1000.0,CPG
2023-06-16 14:50:00,6.79,6.795,6.79,6.79,10174.0,CPG
2023-06-16 14:49:00,6.79,6.79,6.79,6.79,2608.0,CPG
2023-06-16 14:48:00,6.8,6.8,6.79,6.795,17842.0,CPG
2023-06-16 14:47:00,6.808,6.808,6.8,6.8,18359.0,CPG
2023-06-16 14:46:00,6.8,6.81,6.8,6.81,20250.0,CPG
2023-06-16 14:44:00,6.81,6.81,6.8,6.8,18871.0,CPG
2023-06-16 14:43:00,6.805,6.81,6.805,6.805,605.0,CPG
2023-06-16 14:42:00,6.8,6.81,6.8,6.81,3641.0,CPG
2023-06-16 14:41:00,6.8,6.808,6.799,6.8,18550.0,CPG
2023-06-16 14:40:00,6.8,6.8,6.79,6.8,18059.0,CPG
2023-06-16 14:39:00,6.795,6.8,6.795,6.8,1574.0,CPG
2023-06-16 14:38:00,6.795,6.795,6.795,6.795,510.0,CPG
2023-06-16 14:37:00,6.795,6.8,6.795,6.795,4072.0,CPG
2023-06-16 14:36:00,6.79,6.79,6.785,6.79,22515.0,CPG
2023-06-16 14:35:00,6.785,6.79,6.785,6.79,7942.0,CPG
2023-06-16 14:34:00,6.78,6.79,6.78,6.78,13866.0,CPG
2023-06-16 14:33:00,6.785,6.79,6.78,6.785,26823.0,CPG
2023-06-16 14:32:00,6.785,6.79,6.785,6.785,18353.0,CPG
2023-06-16 14:31:00,6.785,6.79,6.78,6.785,67428.0,CPG
2023-06-16 14:30:00,6.79,6.79,6.785,6.785,41698.0,CPG
2023-06-16 14:29:00,6.79,6.79,6.785,6.785,65201.0,CPG
2023-06-16 14:28:00,6.78,6.78,6.78,6.78,11380.0,CPG
2023-06-16 14:27:00,6.78,6.78,6.772,6.78,1035.0,CPG
2023-06-16 14:26:00,6.78,6.785,6.78,6.78,46099.0,CPG
2023-06-16 14:25:00,6.781,6.781,6.775,6.78,18420.0,CPG
2023-06-16 14:24:00,6.78,6.785,6.78,6.785,1219.0,CPG
2023-06-16 14:23:00,6.78,6.785,6.78,6.78,3230.0,CPG
2023-06-16 14:22:00,6.785,6.785,6.78,6.78,1443.0,CPG
2023-06-16 14:21:00,6.785,6.785,6.78,6.78,3163.0,CPG
2023-06-16 14:20:00,6.78,6.78,6.779,6.78,25532.0,CPG
2023-06-16 14:19:00,6.78,6.78,6.775,6.775,33101.0,CPG
2023-06-16 14:18:00,6.775,6.775,6.775,6.775,1820.0,CPG
2023-06-16 14:17:00,6.775,6.775,6.77,6.77,1675.0,CPG
2023-06-16 14:15:00,6.78,6.78,6.77,6.78,103633.0,CPG
2023-06-16 14:14:00,6.78,6.78,6.775,6.775,29218.0,CPG
2023-06-16 14:13:00,6.78,6.785,6.78,6.785,1300.0,CPG
2023-06-16 14:12:00,6.78,6.785,6.78,6.78,4750.0,CPG
2023-06-16 14:10:00,6.785,6.79,6.785,6.79,900.0,CPG
2023-06-16 14:09:00,6.78,6.782,6.78,6.781,6957.0,CPG
2023-06-16 14:08:00,6.765,6.78,6.765,6.78,59879.0,CPG
2023-06-16 14:07:00,6.765,6.765,6.76,6.76,1157.0,CPG
2023-06-16 14:06:00,6.78,6.785,6.76,6.77,75051.0,CPG
2023-06-16 14:05:00,6.785,6.785,6.785,6.785,100.0,CPG
2023-06-16 14:04:00,6.79,6.79,6.79,6.79,700.0,CPG
2023-06-16 14:03:00,6.79,6.79,6.79,6.79,600.0,CPG
2023-06-16 14:02:00,6.78,6.79,6.78,6.785,54988.0,CPG
2023-06-16 14:01:00,6.785,6.785,6.78,6.785,10092.0,CPG
2023-06-16 14:00:00,6.775,6.785,6.775,6.785,15329.0,CPG
2023-06-16 13:59:00,6.78,6.78,6.775,6.775,234.0,CPG
2023-06-16 13:58:00,6.775,6.775,6.775,6.775,100.0,CPG
2023-06-16 13:56:00,6.775,6.775,6.775,6.775,105.0,CPG
2023-06-16 13:55:00,6.765,6.77,6.765,6.77,31100.0,CPG
2023-06-16 13:54:00,6.765,6.765,6.765,6.765,100.0,CPG
2023-06-16 13:53:00,6.765,6.765,6.76,6.76,4047.0,CPG
2023-06-16 13:52:00,6.765,6.765,6.765,6.765,200.0,CPG
2023-06-16 13:51:00,6.76,6.765,6.76,6.765,14893.0,CPG
2023-06-16 13:50:00,6.76,6.76,6.76,6.76,5666.0,CPG
2023-06-16 13:49:00,6.76,6.76,6.755,6.76,5635.0,CPG
2023-06-16 13:48:00,6.765,6.768,6.76,6.76,2755.0,CPG
2023-06-16 13:47:00,6.765,6.765,6.765,6.765,200.0,CPG
2023-06-16 13:46:00,6.76,6.768,6.76,6.767,3200.0,CPG
2023-06-16 13:45:00,6.76,6.765,6.76,6.76,900.0,CPG
2023-06-16 13:44:00,6.76,6.765,6.76,6.76,4206.0,CPG
2023-06-16 13:43:00,6.76,6.765,6.76,6.765,12000.0,CPG
2023-06-16 13:42:00,6.755,6.76,6.755,6.76,1101.0,CPG
2023-06-16 13:41:00,6.755,6.76,6.755,6.755,41882.0,CPG
2023-06-16 13:40:00,6.76,6.76,6.755,6.755,1911.0,CPG
2023-06-16 13:39:00,6.743,6.76,6.742,6.755,32425.0,CPG
2023-06-16 13:38:00,6.74,6.75,6.74,6.745,10019.0,CPG
2023-06-16 13:37:00,6.745,6.745,6.745,6.745,9200.0,CPG
2023-06-16 13:36:00,6.75,6.75,6.74,6.742,2105.0,CPG
2023-06-16 13:35:00,6.75,6.75,6.75,6.75,301.0,CPG
2023-06-16 13:34:00,6.75,6.75,6.75,6.75,498.0,CPG
2023-06-16 13:33:00,6.749,6.749,6.745,6.745,517.0,CPG
2023-06-16 13:32:00,6.75,6.75,6.75,6.75,500.0,CPG
2023-06-16 13:31:00,6.75,6.75,6.75,6.75,3720.0,CPG
2023-06-16 13:30:00,6.75,6.755,6.75,6.75,9316.0,CPG
2023-06-16 13:29:00,6.755,6.755,6.755,6.755,277.0,CPG
2023-06-16 13:28:00,6.75,6.755,6.75,6.75,920.0,CPG
2023-06-16 13:27:00,6.76,6.76,6.76,6.76,9021.0,CPG
2023-06-16 13:26:00,6.76,6.76,6.76,6.76,800.0,CPG
2023-06-16 13:25:00,6.76,6.765,6.76,6.765,4034.0,CPG
2023-06-16 13:24:00,6.765,6.765,6.765,6.765,280.0,CPG
2023-06-16 13:23:00,6.765,6.765,6.76,6.76,951.0,CPG
2023-06-16 13:22:00,6.76,6.765,6.76,6.765,437.0,CPG
2023-06-16 13:21:00,6.77,6.77,6.77,6.77,206.0,CPG
2023-06-16 13:20:00,6.77,6.77,6.77,6.77,100.0,CPG
2023-06-16 13:19:00,6.77,6.77,6.77,6.77,1100.0,CPG
2023-06-16 13:18:00,6.77,6.775,6.765,6.765,13318.0,CPG
2023-06-16 13:17:00,6.77,6.77,6.77,6.77,2024.0,CPG
2023-06-16 13:16:00,6.77,6.77,6.77,6.77,4834.0,CPG
2023-06-16 13:15:00,6.775,6.775,6.77,6.77,6110.0,CPG
2023-06-16 13:14:00,6.775,6.775,6.775,6.775,234.0,CPG
2023-06-16 13:13:00,6.77,6.77,6.77,6.77,410.0,CPG
2023-06-16 13:12:00,6.78,6.78,6.775,6.775,2590.0,CPG
2023-06-16 13:11:00,6.78,6.785,6.775,6.775,27644.0,CPG
2023-06-16 13:10:00,6.78,6.78,6.775,6.78,3078.0,CPG
2023-06-16 13:09:00,6.775,6.775,6.775,6.775,116.0,CPG
2023-06-16 13:07:00,6.775,6.775,6.775,6.775,620.0,CPG
2023-06-16 13:06:00,6.77,6.775,6.77,6.775,1156.0,CPG
2023-06-16 13:05:00,6.775,6.775,6.775,6.775,404.0,CPG
2023-06-16 13:04:00,6.78,6.78,6.78,6.78,202.0,CPG
2023-06-16 13:03:00,6.78,6.78,6.775,6.775,794.0,CPG
2023-06-16 13:02:00,6.78,6.78,6.78,6.78,1800.0,CPG
2023-06-16 13:01:00,6.78,6.78,6.78,6.78,33773.0,CPG
2023-06-16 13:00:00,6.78,6.785,6.78,6.78,4318.0,CPG
2023-06-16 12:59:00,6.78,6.78,6.78,6.78,1471.0,CPG
2023-06-16 12:58:00,6.78,6.78,6.78,6.78,129.0,CPG
2023-06-16 12:57:00,6.77,6.775,6.77,6.775,3868.0,CPG
2023-06-16 12:56:00,6.77,6.77,6.76,6.77,5180.0,CPG
2023-06-16 12:55:00,6.76,6.77,6.76,6.77,25320.0,CPG
2023-06-16 12:54:00,6.76,6.76,6.755,6.76,4041.0,CPG
2023-06-16 12:52:00,6.76,6.76,6.755,6.755,4970.0,CPG
2023-06-16 12:51:00,6.77,6.77,6.76,6.76,40933.0,CPG
2023-06-16 12:50:00,6.77,6.77,6.77,6.77,475.0,CPG
2023-06-16 12:49:00,6.765,6.77,6.765,6.77,566.0,CPG
2023-06-16 12:48:00,6.77,6.77,6.77,6.77,604.0,CPG
2023-06-16 12:47:00,6.765,6.765,6.765,6.765,105.0,CPG
2023-06-16 12:46:00,6.745,6.765,6.745,6.76,20476.0,CPG
2023-06-16 12:45:00,6.745,6.745,6.745,6.745,1328.0,CPG
2023-06-16 12:44:00,6.75,6.75,6.745,6.745,553.0,CPG
2023-06-16 12:43:00,6.75,6.75,6.745,6.75,6293.0,CPG
2023-06-16 12:42:00,6.745,6.745,6.745,6.745,300.0,CPG
2023-06-16 12:41:00,6.74,6.745,6.74,6.745,16794.0,CPG
2023-06-16 12:40:00,6.735,6.74,6.735,6.74,5633.0,CPG
2023-06-16 12:39:00,6.735,6.735,6.735,6.735,808.0,CPG
2023-06-16 12:38:00,6.735,6.735,6.735,6.735,1502.0,CPG
2023-06-16 12:37:00,6.735,6.74,6.735,6.74,1638.0,CPG
2023-06-16 12:36:00,6.735,6.735,6.735,6.735,603.0,CPG
2023-06-16 12:35:00,6.74,6.74,6.735,6.735,549.0,CPG
2023-06-16 12:34:00,6.735,6.74,6.735,6.735,1406.0,CPG
2023-06-16 12:33:00,6.735,6.735,6.735,6.735,1407.0,CPG
2023-06-16 12:31:00,6.74,6.74,6.74,6.74,6521.0,CPG
2023-06-16 12:30:00,6.74,6.745,6.74,6.74,18212.0,CPG
2023-06-16 12:29:00,6.735,6.74,6.732,6.74,3846.0,CPG
2023-06-16 12:28:00,6.735,6.74,6.735,6.74,408.0,CPG
2023-06-16 12:27:00,6.73,6.73,6.73,6.73,1805.0,CPG
2023-06-16 12:26:00,6.73,6.735,6.73,6.73,55854.0,CPG
2023-06-16 12:25:00,6.735,6.735,6.735,6.735,2000.0,CPG
2023-06-16 12:24:00,6.73,6.73,6.73,6.73,37025.0,CPG
2023-06-16 12:23:00,6.73,6.73,6.72,6.73,30614.0,CPG
2023-06-16 12:22:00,6.725,6.725,6.725,6.725,1669.0,CPG
2023-06-16 12:21:00,6.72,6.727,6.72,6.72,6706.0,CPG
2023-06-16 12:20:00,6.72,6.725,6.715,6.715,76846.0,CPG
2023-06-16 12:19:00,6.71,6.71,6.71,6.71,393.0,CPG
2023-06-16 12:18:00,6.715,6.72,6.715,6.72,1269.0,CPG
2023-06-16 12:17:00,6.715,6.715,6.715,6.715,1001.0,CPG
2023-06-16 12:16:00,6.715,6.72,6.71,6.715,98553.0,CPG
2023-06-16 12:14:00,6.73,6.73,6.71,6.71,153833.0,CPG
2023-06-16 12:13:00,6.73,6.73,6.73,6.73,1002.0,CPG
2023-06-16 12:12:00,6.725,6.725,6.72,6.72,206.0,CPG
2023-06-16 12:11:00,6.725,6.725,6.725,6.725,522.0,CPG
2023-06-16 12:10:00,6.73,6.73,6.72,6.725,2656.0,CPG
2023-06-16 12:09:00,6.725,6.725,6.725,6.725,410.0,CPG
2023-06-16 12:08:00,6.73,6.73,6.725,6.73,1700.0,CPG
2023-06-16 12:07:00,6.72,6.72,6.72,6.72,747.0,CPG
2023-06-16 12:06:00,6.725,6.725,6.725,6.725,4710.0,CPG
2023-06-16 12:05:00,6.725,6.73,6.725,6.73,2501.0,CPG
2023-06-16 12:04:00,6.725,6.725,6.725,6.725,801.0,CPG
2023-06-16 12:03:00,6.725,6.725,6.72,6.725,1228.0,CPG
2023-06-16 12:02:00,6.73,6.73,6.725,6.725,200.0,CPG
2023-06-16 12:00:00,6.725,6.73,6.725,6.73,7706.0,CPG
2023-06-16 11:59:00,6.725,6.725,6.725,6.725,1716.0,CPG
2023-06-16 11:58:00,6.72,6.725,6.72,6.72,5192.0,CPG
2023-06-16 11:57:00,6.71,6.72,6.71,6.72,27566.0,CPG
2023-06-16 11:56:00,6.71,6.71,6.7,6.7,723.0,CPG
2023-06-16 11:55:00,6.71,6.71,6.705,6.71,16499.0,CPG
2023-06-16 11:54:00,6.71,6.71,6.71,6.71,23009.0,CPG
2023-06-16 11:53:00,6.7,6.7,6.7,6.7,654.0,CPG
2023-06-16 11:52:00,6.705,6.705,6.7,6.705,1810.0,CPG
2023-06-16 11:51:00,6.71,6.71,6.702,6.702,2800.0,CPG
2023-06-16 11:50:00,6.72,6.72,6.715,6.715,21741.0,CPG
2023-06-16 11:49:00,6.725,6.725,6.725,6.725,105.0,CPG
2023-06-16 11:48:00,6.72,6.72,6.72,6.72,3345.0,CPG
2023-06-16 11:47:00,6.725,6.725,6.72,6.72,3500.0,CPG
2023-06-16 11:46:00,6.73,6.73,6.73,6.73,4017.0,CPG
2023-06-16 11:45:00,6.735,6.735,6.73,6.73,304.0,CPG
2023-06-16 11:44:00,6.738,6.737,6.737,6.737,200.0,CPG
2023-06-16 11:42:00,6.73,6.73,6.73,6.73,19812.0,CPG
2023-06-16 11:41:00,6.72,6.72,6.72,6.72,130.0,CPG
2023-06-16 11:40:00,6.725,6.73,6.725,6.73,210.0,CPG
2023-06-16 11:39:00,6.729,6.729,6.72,6.72,5851.0,CPG
2023-06-16 11:38:00,6.73,6.735,6.73,6.73,23087.0,CPG
2023-06-16 11:37:00,6.74,6.74,6.74,6.74,14486.0,CPG
2023-06-16 11:36:00,6.745,6.745,6.74,6.74,8109.0,CPG
2023-06-16 11:35:00,6.74,6.745,6.74,6.74,63319.0,CPG
2023-06-16 11:34:00,6.735,6.75,6.735,6.75,31234.0,CPG
2023-06-16 11:33:00,6.735,6.74,6.73,6.74,6460.0,CPG
2023-06-16 11:32:00,6.73,6.74,6.73,6.735,8831.0,CPG
2023-06-16 11:31:00,6.74,6.74,6.73,6.73,85237.0,CPG
2023-06-16 11:30:00,6.72,6.735,6.72,6.735,8221.0,CPG
2023-06-16 11:29:00,6.72,6.72,6.72,6.72,623.0,CPG
2023-06-16 11:28:00,6.72,6.72,6.71,6.71,1052.0,CPG
2023-06-16 11:27:00,6.71,6.715,6.71,6.715,2337.0,CPG
2023-06-16 11:26:00,6.705,6.71,6.705,6.71,7209.0,CPG
2023-06-16 11:25:00,6.7,6.705,6.7,6.705,11456.0,CPG
2023-06-16 11:24:00,6.7,6.7,6.695,6.7,39564.0,CPG
2023-06-16 11:23:00,6.7,6.7,6.7,6.7,11454.0,CPG
2023-06-16 11:21:00,6.7,6.705,6.695,6.7,19735.0,CPG
2023-06-16 11:20:00,6.7,6.7,6.7,6.7,2977.0,CPG
2023-06-16 11:19:00,6.7,6.7,6.7,6.7,5645.0,CPG
2023-06-16 11:18:00,6.7,6.7,6.7,6.7,20588.0,CPG
2023-06-16 11:17:00,6.705,6.705,6.695,6.7,9591.0,CPG
2023-06-16 11:16:00,6.7,6.705,6.7,6.705,6800.0,CPG
2023-06-16 11:15:00,6.7,6.705,6.7,6.705,1247.0,CPG
2023-06-16 11:13:00,6.71,6.71,6.71,6.71,1800.0,CPG
2023-06-16 11:11:00,6.7,6.705,6.7,6.705,841.0,CPG
2023-06-16 11:10:00,6.71,6.71,6.71,6.71,11156.0,CPG
2023-06-16 11:09:00,6.71,6.71,6.71,6.71,291.0,CPG
2023-06-16 11:08:00,6.71,6.71,6.71,6.71,900.0,CPG
2023-06-16 11:07:00,6.7,6.705,6.7,6.705,9751.0,CPG
2023-06-16 11:06:00,6.7,6.7,6.7,6.7,7286.0,CPG
2023-06-16 11:05:00,6.705,6.705,6.7,6.7,510.0,CPG
2023-06-16 11:04:00,6.705,6.705,6.705,6.705,201.0,CPG
2023-06-16 11:03:00,6.7,6.7,6.7,6.7,11198.0,CPG
2023-06-16 11:02:00,6.7,6.7,6.695,6.7,6994.0,CPG
2023-06-16 11:01:00,6.7,6.7,6.7,6.7,1836.0,CPG
2023-06-16 11:00:00,6.71,6.71,6.71,6.71,6476.0,CPG
2023-06-16 10:59:00,6.71,6.71,6.71,6.71,135.0,CPG
2023-06-16 10:58:00,6.715,6.715,6.71,6.71,31865.0,CPG
2023-06-16 10:57:00,6.705,6.72,6.7,6.72,17002.0,CPG
2023-06-16 10:56:00,6.71,6.71,6.71,6.71,2740.0,CPG
2023-06-16 10:55:00,6.71,6.715,6.71,6.71,8292.0,CPG
2023-06-16 10:54:00,6.699,6.71,6.699,6.705,24738.0,CPG
2023-06-16 10:53:00,6.695,6.7,6.695,6.695,1715.0,CPG
2023-06-16 10:52:00,6.7,6.7,6.695,6.7,2946.0,CPG
2023-06-16 10:51:00,6.69,6.69,6.69,6.69,658.0,CPG
2023-06-16 10:50:00,6.685,6.69,6.685,6.69,14311.0,CPG
2023-06-16 10:49:00,6.685,6.685,6.682,6.685,1000.0,CPG
2023-06-16 10:48:00,6.685,6.685,6.68,6.68,221.0,CPG
2023-06-16 10:47:00,6.685,6.685,6.68,6.68,448.0,CPG
2023-06-16 10:46:00,6.685,6.69,6.68,6.69,7523.0,CPG
2023-06-16 10:45:00,6.69,6.69,6.69,6.69,170.0,CPG
2023-06-16 10:43:00,6.685,6.69,6.68,6.68,2843.0,CPG
2023-06-16 10:42:00,6.69,6.69,6.68,6.69,8619.0,CPG
2023-06-16 10:41:00,6.71,6.71,6.69,6.69,18267.0,CPG
2023-06-16 10:40:00,6.72,6.72,6.71,6.71,509.0,CPG
2023-06-16 10:39:00,6.72,6.72,6.71,6.71,5894.0,CPG
2023-06-16 10:38:00,6.73,6.735,6.72,6.72,36968.0,CPG
2023-06-16 10:37:00,6.735,6.735,6.731,6.731,864.0,CPG
2023-06-16 10:36:00,6.73,6.73,6.73,6.73,136.0,CPG
2023-06-16 10:35:00,6.74,6.74,6.74,6.74,5915.0,CPG
2023-06-16 10:34:00,6.74,6.75,6.74,6.74,10225.0,CPG
2023-06-16 10:32:00,6.735,6.735,6.73,6.73,724.0,CPG
2023-06-16 10:30:00,6.732,6.732,6.73,6.73,15524.0,CPG
2023-06-16 10:29:00,6.73,6.73,6.73,6.73,2806.0,CPG
2023-06-16 10:28:00,6.73,6.735,6.73,6.73,39300.0,CPG
2023-06-16 10:27:00,6.735,6.735,6.73,6.73,5412.0,CPG
2023-06-16 10:26:00,6.73,6.73,6.73,6.73,5903.0,CPG
2023-06-16 10:25:00,6.73,6.73,6.73,6.73,6191.0,CPG
2023-06-16 10:24:00,6.74,6.74,6.73,6.73,5108.0,CPG
2023-06-16 10:23:00,6.73,6.735,6.73,6.735,1902.0,CPG
2023-06-16 10:21:00,6.72,6.73,6.72,6.73,8690.0,CPG
2023-06-16 10:20:00,6.72,6.72,6.72,6.72,200.0,CPG
2023-06-16 10:19:00,6.715,6.72,6.715,6.72,27917.0,CPG
2023-06-16 10:18:00,6.73,6.73,6.71,6.71,10685.0,CPG
2023-06-16 10:17:00,6.73,6.73,6.729,6.73,1493.0,CPG
2023-06-16 10:16:00,6.73,6.73,6.72,6.73,2703.0,CPG
2023-06-16 10:15:00,6.73,6.73,6.73,6.73,2208.0,CPG
2023-06-16 10:14:00,6.725,6.727,6.725,6.727,6002.0,CPG
2023-06-16 10:13:00,6.73,6.73,6.73,6.73,1748.0,CPG
2023-06-16 10:12:00,6.74,6.74,6.735,6.735,5241.0,CPG
2023-06-16 10:11:00,6.74,6.74,6.73,6.74,4293.0,CPG
2023-06-16 10:10:00,6.73,6.74,6.73,6.74,7654.0,CPG
2023-06-16 10:09:00,6.73,6.73,6.73,6.73,1021.0,CPG
2023-06-16 10:08:00,6.72,6.72,6.72,6.72,8456.0,CPG
2023-06-16 10:07:00,6.721,6.721,6.72,6.72,4127.0,CPG
2023-06-16 10:06:00,6.72,6.73,6.72,6.72,6852.0,CPG
2023-06-16 10:05:00,6.73,6.73,6.72,6.72,4235.0,CPG
2023-06-16 10:04:00,6.72,6.72,6.72,6.72,2133.0,CPG
2023-06-16 10:03:00,6.73,6.73,6.72,6.72,8111.0,CPG
2023-06-16 10:02:00,6.72,6.725,6.72,6.725,5565.0,CPG
2023-06-16 10:01:00,6.71,6.71,6.7,6.71,3080.0,CPG
2023-06-16 10:00:00,6.7,6.72,6.7,6.72,4353.0,CPG
2023-06-16 09:59:00,6.691,6.7,6.691,6.7,1624.0,CPG
2023-06-16 09:58:00,6.699,6.7,6.69,6.69,1523.0,CPG
2023-06-16 09:57:00,6.708,6.708,6.7,6.7,3535.0,CPG
2023-06-16 09:56:00,6.71,6.71,6.71,6.71,3803.0,CPG
2023-06-16 09:55:00,6.72,6.73,6.71,6.72,5106.0,CPG
2023-06-16 09:54:00,6.72,6.72,6.715,6.72,4939.0,CPG
2023-06-16 09:53:00,6.72,6.72,6.715,6.72,2913.0,CPG
2023-06-16 09:52:00,6.72,6.73,6.71,6.72,20226.0,CPG
2023-06-16 09:51:00,6.73,6.732,6.72,6.72,7086.0,CPG
2023-06-16 09:50:00,6.744,6.744,6.73,6.74,3238.0,CPG
2023-06-16 09:49:00,6.745,6.75,6.74,6.74,5946.0,CPG
2023-06-16 09:48:00,6.741,6.75,6.74,6.74,8626.0,CPG
2023-06-16 09:47:00,6.735,6.745,6.735,6.745,10033.0,CPG
2023-06-16 09:46:00,6.75,6.75,6.74,6.74,60193.0,CPG
2023-06-16 09:45:00,6.744,6.75,6.74,6.745,11442.0,CPG
2023-06-16 09:44:00,6.75,6.76,6.75,6.75,3882.0,CPG
2023-06-16 09:43:00,6.76,6.765,6.75,6.76,43083.0,CPG
2023-06-16 09:42:00,6.76,6.765,6.75,6.76,10569.0,CPG
2023-06-16 09:41:00,6.76,6.76,6.75,6.76,12450.0,CPG
2023-06-16 09:40:00,6.76,6.77,6.76,6.77,13824.0,CPG
2023-06-16 09:39:00,6.75,6.76,6.75,6.759,13131.0,CPG
2023-06-16 09:38:00,6.75,6.75,6.75,6.75,5643.0,CPG
2023-06-16 09:37:00,6.74,6.75,6.74,6.75,18957.0,CPG
2023-06-16 09:36:00,6.74,6.74,6.73,6.735,6892.0,CPG
2023-06-16 09:35:00,6.75,6.75,6.74,6.74,2650.0,CPG
2023-06-16 09:34:00,6.73,6.74,6.73,6.74,1671.0,CPG
2023-06-16 09:33:00,6.73,6.73,6.73,6.73,656.0,CPG
2023-06-16 09:32:00,6.74,6.74,6.72,6.721,13423.0,CPG
2023-06-16 09:31:00,6.75,6.75,6.73,6.735,20965.0,CPG
2023-06-16 09:30:00,6.79,6.79,6.74,6.74,18420.0,CPG
2023-06-16 09:29:00,6.78,6.78,6.78,6.78,11.0,CPG
2023-06-16 09:12:00,6.78,6.78,6.78,6.78,1.0,CPG
2023-06-16 08:03:00,6.77,6.77,6.77,6.77,10.0,CPG
2023-06-15 19:00:00,6.72,6.72,6.72,6.72,109061.0,CPG
2023-06-15 18:31:00,6.74,6.74,6.74,6.74,100.0,CPG
2023-06-15 18:30:00,6.72,6.72,6.72,6.72,109061.0,CPG
2023-06-15 18:22:00,6.74,6.74,6.74,6.74,1000.0,CPG
2023-06-15 18:15:00,6.73,6.73,6.73,6.73,49.0,CPG
2023-06-15 17:37:00,6.73,6.73,6.73,6.73,1.0,CPG
2023-06-15 17:20:00,6.74,6.74,6.74,6.74,300.0,CPG
2023-06-15 17:12:00,6.73,6.73,6.73,6.73,1.0,CPG
2023-06-15 17:02:00,6.72,6.72,6.72,6.72,39.0,CPG
2023-06-15 16:10:00,6.72,6.72,6.72,6.72,109062.0,CPG
2023-06-15 16:07:00,6.722,6.722,6.721,6.722,1.0,CPG
2023-06-15 16:00:00,6.725,6.725,6.72,6.72,224819.0,CPG
2023-06-15 15:59:00,6.72,6.73,6.72,6.72,49921.0,CPG
2023-06-15 15:58:00,6.725,6.73,6.72,6.72,7355.0,CPG
2023-06-15 15:57:00,6.73,6.735,6.72,6.725,29814.0,CPG
2023-06-15 15:56:00,6.73,6.74,6.73,6.73,5316.0,CPG
2023-06-15 15:55:00,6.73,6.735,6.73,6.73,17101.0,CPG
2023-06-15 15:54:00,6.735,6.74,6.73,6.73,15932.0,CPG
2023-06-15 15:53:00,6.735,6.74,6.73,6.735,7558.0,CPG
2023-06-15 15:52:00,6.735,6.74,6.73,6.733,3277.0,CPG
2023-06-15 15:51:00,6.735,6.74,6.732,6.74,7722.0,CPG
2023-06-15 15:50:00,6.735,6.74,6.73,6.735,16007.0,CPG
2023-06-15 15:49:00,6.735,6.735,6.73,6.733,2286.0,CPG
2023-06-15 15:48:00,6.735,6.74,6.735,6.735,5578.0,CPG
2023-06-15 15:47:00,6.74,6.74,6.73,6.73,1327.0,CPG
2023-06-15 15:46:00,6.73,6.74,6.73,6.74,2206.0,CPG
2023-06-15 15:45:00,6.735,6.74,6.732,6.732,2300.0,CPG
2023-06-15 15:44:00,6.735,6.735,6.735,6.735,1620.0,CPG
2023-06-15 15:43:00,6.733,6.735,6.732,6.735,1301.0,CPG
2023-06-15 15:42:00,6.735,6.735,6.732,6.735,2597.0,CPG
2023-06-15 15:41:00,6.73,6.74,6.73,6.735,11269.0,CPG
2023-06-15 15:40:00,6.72,6.73,6.72,6.729,62313.0,CPG
2023-06-15 15:39:00,6.725,6.725,6.725,6.725,1653.0,CPG
2023-06-15 15:38:00,6.735,6.735,6.725,6.725,17572.0,CPG
2023-06-15 15:37:00,6.73,6.73,6.73,6.73,3440.0,CPG
2023-06-15 15:36:00,6.73,6.735,6.73,6.73,2474.0,CPG
2023-06-15 15:35:00,6.733,6.735,6.73,6.73,1406.0,CPG
2023-06-15 15:34:00,6.74,6.74,6.73,6.73,431.0,CPG
2023-06-15 15:33:00,6.735,6.735,6.73,6.73,1397.0,CPG
2023-06-15 15:32:00,6.735,6.735,6.73,6.73,5799.0,CPG
2023-06-15 15:31:00,6.735,6.735,6.735,6.735,1133.0,CPG
2023-06-15 15:30:00,6.74,6.74,6.735,6.735,321.0,CPG
2023-06-15 15:29:00,6.735,6.74,6.735,6.735,1287.0,CPG
2023-06-15 15:28:00,6.735,6.735,6.735,6.735,812.0,CPG
2023-06-15 15:27:00,6.735,6.735,6.735,6.735,417.0,CPG
2023-06-15 15:26:00,6.73,6.735,6.722,6.735,22743.0,CPG
2023-06-15 15:25:00,6.73,6.73,6.725,6.725,25097.0,CPG
2023-06-15 15:24:00,6.735,6.735,6.73,6.73,4440.0,CPG
2023-06-15 15:23:00,6.735,6.74,6.73,6.74,3056.0,CPG
2023-06-15 15:22:00,6.735,6.735,6.735,6.735,2922.0,CPG
2023-06-15 15:21:00,6.74,6.74,6.74,6.74,1258.0,CPG
2023-06-15 15:20:00,6.74,6.74,6.735,6.74,24346.0,CPG
2023-06-15 15:18:00,6.74,6.74,6.74,6.74,1134.0,CPG
2023-06-15 15:17:00,6.745,6.745,6.74,6.74,1526.0,CPG
2023-06-15 15:16:00,6.745,6.745,6.74,6.745,3714.0,CPG
2023-06-15 15:15:00,6.75,6.75,6.75,6.75,1011.0,CPG
2023-06-15 15:14:00,6.745,6.745,6.745,6.745,280.0,CPG
2023-06-15 15:13:00,6.745,6.75,6.745,6.745,1734.0,CPG
2023-06-15 15:11:00,6.745,6.745,6.745,6.745,202.0,CPG
2023-06-15 15:10:00,6.745,6.745,6.745,6.745,200.0,CPG
2023-06-15 15:09:00,6.74,6.75,6.74,6.745,9902.0,CPG
2023-06-15 15:08:00,6.733,6.74,6.73,6.74,13654.0,CPG
2023-06-15 15:07:00,6.735,6.735,6.73,6.73,352.0,CPG
2023-06-15 15:06:00,6.74,6.75,6.735,6.735,23899.0,CPG
2023-06-15 15:05:00,6.74,6.74,6.74,6.74,546.0,CPG
2023-06-15 15:04:00,6.741,6.745,6.74,6.74,2866.0,CPG
2023-06-15 15:03:00,6.74,6.74,6.74,6.74,1131.0,CPG
2023-06-15 15:02:00,6.745,6.745,6.74,6.74,992.0,CPG
2023-06-15 15:01:00,6.75,6.75,6.75,6.75,109.0,CPG
2023-06-15 15:00:00,6.745,6.745,6.74,6.74,4808.0,CPG
2023-06-15 14:58:00,6.749,6.749,6.745,6.745,1054.0,CPG
2023-06-15 14:57:00,6.745,6.745,6.745,6.745,1150.0,CPG
2023-06-15 14:56:00,6.741,6.745,6.741,6.745,979.0,CPG
2023-06-15 14:55:00,6.741,6.741,6.741,6.741,3764.0,CPG
2023-06-15 14:54:00,6.735,6.745,6.735,6.745,12232.0,CPG
2023-06-15 14:52:00,6.735,6.74,6.735,6.74,3295.0,CPG
2023-06-15 14:51:00,6.73,6.74,6.73,6.738,13703.0,CPG
2023-06-15 14:50:00,6.73,6.735,6.725,6.735,25268.0,CPG
2023-06-15 14:49:00,6.725,6.73,6.725,6.73,3365.0,CPG
2023-06-15 14:48:00,6.725,6.725,6.725,6.725,17860.0,CPG
2023-06-15 14:47:00,6.73,6.73,6.725,6.73,24894.0,CPG
2023-06-15 14:46:00,6.735,6.735,6.73,6.735,1797.0,CPG
2023-06-15 14:44:00,6.73,6.73,6.73,6.73,406.0,CPG
2023-06-15 14:42:00,6.73,6.73,6.73,6.73,2001.0,CPG
2023-06-15 14:41:00,6.735,6.735,6.73,6.735,7661.0,CPG
2023-06-15 14:40:00,6.735,6.735,6.73,6.735,4366.0,CPG
2023-06-15 14:39:00,6.735,6.735,6.733,6.733,2100.0,CPG
2023-06-15 14:38:00,6.735,6.74,6.735,6.74,25535.0,CPG
2023-06-15 14:37:00,6.73,6.74,6.73,6.74,2924.0,CPG
2023-06-15 14:36:00,6.735,6.735,6.735,6.735,1008.0,CPG
2023-06-15 14:35:00,6.735,6.735,6.73,6.73,1867.0,CPG
2023-06-15 14:34:00,6.735,6.735,6.732,6.732,1271.0,CPG
2023-06-15 14:33:00,6.725,6.73,6.725,6.73,13607.0,CPG
2023-06-15 14:32:00,6.725,6.725,6.725,6.725,549.0,CPG
2023-06-15 14:31:00,6.725,6.73,6.72,6.72,3900.0,CPG
2023-06-15 14:30:00,6.725,6.725,6.725,6.725,925.0,CPG
2023-06-15 14:29:00,6.725,6.725,6.725,6.725,2905.0,CPG
2023-06-15 14:28:00,6.725,6.73,6.725,6.725,1404.0,CPG
2023-06-15 14:27:00,6.725,6.725,6.725,6.725,2239.0,CPG
2023-06-15 14:26:00,6.725,6.73,6.725,6.725,1557.0,CPG
2023-06-15 14:25:00,6.725,6.725,6.725,6.725,1603.0,CPG
2023-06-15 14:24:00,6.725,6.725,6.725,6.725,2005.0,CPG
2023-06-15 14:23:00,6.725,6.73,6.725,6.725,13717.0,CPG
2023-06-15 14:21:00,6.72,6.72,6.72,6.72,120.0,CPG
2023-06-15 14:18:00,6.73,6.73,6.725,6.725,8918.0,CPG
2023-06-15 14:17:00,6.73,6.74,6.73,6.73,3079.0,CPG
2023-06-15 14:16:00,6.73,6.73,6.73,6.73,1230.0,CPG
2023-06-15 14:14:00,6.73,6.73,6.73,6.73,501.0,CPG
2023-06-15 14:13:00,6.73,6.735,6.73,6.735,14039.0,CPG
2023-06-15 14:12:00,6.725,6.73,6.725,6.725,2430.0,CPG
2023-06-15 14:10:00,6.725,6.725,6.72,6.72,1500.0,CPG
2023-06-15 14:09:00,6.72,6.725,6.715,6.72,35175.0,CPG
2023-06-15 14:08:00,6.72,6.72,6.72,6.72,3184.0,CPG
2023-06-15 14:07:00,6.72,6.725,6.72,6.721,5438.0,CPG
2023-06-15 14:06:00,6.73,6.73,6.725,6.725,659.0,CPG
2023-06-15 14:05:00,6.721,6.721,6.72,6.72,5220.0,CPG
2023-06-15 14:03:00,6.72,6.73,6.72,6.73,12604.0,CPG
2023-06-15 14:02:00,6.72,6.72,6.72,6.72,5708.0,CPG
2023-06-15 14:01:00,6.725,6.725,6.72,6.72,650.0,CPG
2023-06-15 14:00:00,6.725,6.725,6.72,6.72,1400.0,CPG
2023-06-15 13:59:00,6.73,6.73,6.72,6.72,10089.0,CPG
2023-06-15 13:58:00,6.73,6.73,6.73,6.73,27441.0,CPG
2023-06-15 13:57:00,6.735,6.735,6.735,6.735,6535.0,CPG
2023-06-15 13:56:00,6.735,6.735,6.735,6.735,895.0,CPG
2023-06-15 13:55:00,6.735,6.735,6.73,6.73,3224.0,CPG
2023-06-15 13:54:00,6.735,6.735,6.735,6.735,666.0,CPG
2023-06-15 13:53:00,6.74,6.74,6.74,6.74,487.0,CPG
2023-06-15 13:52:00,6.735,6.735,6.735,6.735,491.0,CPG
2023-06-15 13:51:00,6.74,6.74,6.735,6.735,1423.0,CPG
2023-06-15 13:50:00,6.735,6.74,6.735,6.735,961.0,CPG
2023-06-15 13:48:00,6.73,6.73,6.73,6.73,2116.0,CPG
2023-06-15 13:47:00,6.73,6.73,6.725,6.73,4193.0,CPG
2023-06-15 13:46:00,6.73,6.735,6.725,6.725,16384.0,CPG
2023-06-15 13:45:00,6.725,6.735,6.725,6.73,7759.0,CPG
2023-06-15 13:44:00,6.73,6.73,6.725,6.725,3058.0,CPG
2023-06-15 13:43:00,6.725,6.725,6.725,6.725,227.0,CPG
2023-06-15 13:42:00,6.72,6.73,6.72,6.725,7375.0,CPG
2023-06-15 13:41:00,6.72,6.72,6.72,6.72,822.0,CPG
2023-06-15 13:40:00,6.725,6.73,6.725,6.725,2486.0,CPG
2023-06-15 13:37:00,6.72,6.725,6.72,6.725,1995.0,CPG
2023-06-15 13:36:00,6.72,6.73,6.72,6.73,2087.0,CPG
2023-06-15 13:35:00,6.725,6.725,6.725,6.725,213.0,CPG
2023-06-15 13:34:00,6.72,6.72,6.72,6.72,2338.0,CPG
2023-06-15 13:33:00,6.715,6.725,6.715,6.72,16353.0,CPG
2023-06-15 13:32:00,6.72,6.72,6.715,6.72,1113.0,CPG
2023-06-15 13:31:00,6.71,6.71,6.71,6.71,7314.0,CPG
2023-06-15 13:30:00,6.71,6.71,6.71,6.71,288.0,CPG
2023-06-15 13:29:00,6.705,6.71,6.705,6.71,3432.0,CPG
2023-06-15 13:28:00,6.7,6.7,6.7,6.7,8317.0,CPG
2023-06-15 13:27:00,6.7,6.7,6.695,6.695,2209.0,CPG
2023-06-15 13:26:00,6.7,6.7,6.695,6.7,27086.0,CPG
2023-06-15 13:25:00,6.7,6.7,6.7,6.7,8209.0,CPG
2023-06-15 13:24:00,6.705,6.705,6.705,6.705,107.0,CPG
2023-06-15 13:23:00,6.705,6.705,6.7,6.705,9527.0,CPG
2023-06-15 13:22:00,6.702,6.705,6.702,6.705,446.0,CPG
2023-06-15 13:21:00,6.705,6.705,6.705,6.705,410.0,CPG
2023-06-15 13:20:00,6.695,6.71,6.695,6.705,30993.0,CPG
2023-06-15 13:18:00,6.69,6.7,6.69,6.695,9082.0,CPG
2023-06-15 13:17:00,6.7,6.7,6.695,6.695,13575.0,CPG
2023-06-15 13:16:00,6.705,6.705,6.705,6.705,144.0,CPG
2023-06-15 13:15:00,6.705,6.705,6.7,6.705,15166.0,CPG
2023-06-15 13:14:00,6.705,6.705,6.705,6.705,332.0,CPG
2023-06-15 13:13:00,6.705,6.705,6.705,6.705,752.0,CPG
2023-06-15 13:12:00,6.705,6.705,6.705,6.705,210.0,CPG
2023-06-15 13:11:00,6.695,6.705,6.695,6.705,21776.0,CPG
2023-06-15 13:10:00,6.695,6.7,6.695,6.7,2885.0,CPG
2023-06-15 13:09:00,6.695,6.695,6.695,6.695,4314.0,CPG
2023-06-15 13:08:00,6.7,6.71,6.695,6.695,30822.0,CPG
2023-06-15 13:07:00,6.7,6.7,6.7,6.7,219.0,CPG
2023-06-15 13:06:00,6.7,6.7,6.7,6.7,300.0,CPG
2023-06-15 13:05:00,6.7,6.705,6.695,6.705,51127.0,CPG
2023-06-15 13:04:00,6.71,6.71,6.695,6.695,78238.0,CPG
2023-06-15 13:03:00,6.715,6.715,6.714,6.715,1103.0,CPG
2023-06-15 13:02:00,6.71,6.71,6.71,6.71,100.0,CPG
2023-06-15 13:01:00,6.715,6.715,6.71,6.71,2610.0,CPG
2023-06-15 13:00:00,6.71,6.715,6.71,6.715,705.0,CPG
2023-06-15 12:59:00,6.715,6.715,6.715,6.715,151.0,CPG
2023-06-15 12:58:00,6.715,6.718,6.715,6.718,6108.0,CPG
2023-06-15 12:57:00,6.715,6.72,6.715,6.715,2307.0,CPG
2023-06-15 12:56:00,6.71,6.715,6.71,6.715,5419.0,CPG
2023-06-15 12:55:00,6.72,6.72,6.71,6.711,31653.0,CPG
2023-06-15 12:54:00,6.725,6.725,6.72,6.72,1557.0,CPG
2023-06-15 12:53:00,6.728,6.73,6.72,6.725,14242.0,CPG
2023-06-15 12:52:00,6.725,6.725,6.725,6.725,1260.0,CPG
2023-06-15 12:51:00,6.73,6.73,6.72,6.725,5846.0,CPG
2023-06-15 12:50:00,6.73,6.73,6.73,6.73,415.0,CPG
2023-06-15 12:49:00,6.73,6.736,6.73,6.73,1487.0,CPG
2023-06-15 12:48:00,6.73,6.73,6.73,6.73,1413.0,CPG
2023-06-15 12:47:00,6.73,6.73,6.73,6.73,1119.0,CPG
2023-06-15 12:45:00,6.73,6.735,6.73,6.73,1536.0,CPG
2023-06-15 12:43:00,6.735,6.735,6.735,6.735,1046.0,CPG
2023-06-15 12:42:00,6.74,6.74,6.73,6.73,13224.0,CPG
2023-06-15 12:41:00,6.745,6.745,6.745,6.745,133.0,CPG
2023-06-15 12:40:00,6.745,6.745,6.745,6.745,100.0,CPG
2023-06-15 12:39:00,6.745,6.745,6.74,6.745,1315.0,CPG
2023-06-15 12:37:00,6.745,6.75,6.745,6.75,1519.0,CPG
2023-06-15 12:36:00,6.745,6.75,6.745,6.745,2306.0,CPG
2023-06-15 12:35:00,6.745,6.745,6.74,6.745,508.0,CPG
2023-06-15 12:34:00,6.745,6.745,6.745,6.745,331.0,CPG
2023-06-15 12:33:00,6.745,6.75,6.745,6.75,517.0,CPG
2023-06-15 12:32:00,6.74,6.745,6.74,6.745,1423.0,CPG
2023-06-15 12:31:00,6.745,6.745,6.745,6.745,118.0,CPG
2023-06-15 12:29:00,6.745,6.745,6.745,6.745,300.0,CPG
2023-06-15 12:28:00,6.75,6.75,6.745,6.745,2647.0,CPG
2023-06-15 12:27:00,6.745,6.745,6.745,6.745,500.0,CPG
2023-06-15 12:26:00,6.74,6.75,6.735,6.75,17237.0,CPG
2023-06-15 12:25:00,6.725,6.73,6.725,6.73,19653.0,CPG
2023-06-15 12:24:00,6.73,6.73,6.725,6.73,3868.0,CPG
2023-06-15 12:23:00,6.735,6.74,6.73,6.73,14462.0,CPG
2023-06-15 12:22:00,6.745,6.745,6.73,6.73,7810.0,CPG
2023-06-15 12:21:00,6.75,6.75,6.74,6.74,5836.0,CPG
2023-06-15 12:18:00,6.75,6.75,6.75,6.75,201.0,CPG
2023-06-15 12:17:00,6.75,6.75,6.75,6.75,534.0,CPG
2023-06-15 12:16:00,6.75,6.75,6.75,6.75,2558.0,CPG
2023-06-15 12:15:00,6.75,6.755,6.75,6.75,1449.0,CPG
2023-06-15 12:14:00,6.75,6.755,6.75,6.75,7758.0,CPG
2023-06-15 12:13:00,6.75,6.75,6.745,6.75,4296.0,CPG
2023-06-15 12:11:00,6.755,6.755,6.75,6.755,2086.0,CPG
2023-06-15 12:10:00,6.76,6.76,6.755,6.76,4204.0,CPG
2023-06-15 12:09:00,6.76,6.761,6.76,6.761,2100.0,CPG
2023-06-15 12:08:00,6.765,6.765,6.76,6.76,2625.0,CPG
2023-06-15 12:06:00,6.765,6.765,6.765,6.765,2200.0,CPG
2023-06-15 12:05:00,6.765,6.77,6.76,6.765,4300.0,CPG
2023-06-15 12:04:00,6.755,6.77,6.755,6.77,35005.0,CPG
2023-06-15 12:03:00,6.755,6.755,6.755,6.755,119.0,CPG
2023-06-15 12:02:00,6.765,6.765,6.755,6.755,2556.0,CPG
2023-06-15 12:01:00,6.77,6.77,6.765,6.765,3528.0,CPG
2023-06-15 12:00:00,6.775,6.775,6.775,6.775,800.0,CPG
2023-06-15 11:59:00,6.775,6.775,6.775,6.775,137.0,CPG
2023-06-15 11:57:00,6.785,6.785,6.78,6.78,8418.0,CPG
2023-06-15 11:56:00,6.79,6.79,6.78,6.78,3709.0,CPG
2023-06-15 11:55:00,6.79,6.79,6.785,6.79,10576.0,CPG
2023-06-15 11:54:00,6.79,6.79,6.785,6.785,3552.0,CPG
2023-06-15 11:53:00,6.781,6.789,6.78,6.78,1386.0,CPG
2023-06-15 11:52:00,6.79,6.79,6.785,6.785,11810.0,CPG
2023-06-15 11:51:00,6.795,6.795,6.791,6.791,2774.0,CPG
2023-06-15 11:50:00,6.79,6.79,6.79,6.79,220.0,CPG
2023-06-15 11:49:00,6.79,6.79,6.79,6.79,1100.0,CPG
2023-06-15 11:48:00,6.79,6.791,6.79,6.79,14978.0,CPG
2023-06-15 11:47:00,6.801,6.801,6.79,6.79,16472.0,CPG
2023-06-15 11:46:00,6.805,6.805,6.8,6.8,1026.0,CPG
2023-06-15 11:45:00,6.801,6.805,6.8,6.805,6018.0,CPG
2023-06-15 11:44:00,6.805,6.81,6.805,6.808,1633.0,CPG
2023-06-15 11:43:00,6.81,6.81,6.8,6.805,2813.0,CPG
2023-06-15 11:42:00,6.805,6.81,6.8,6.805,6303.0,CPG
2023-06-15 11:41:00,6.805,6.805,6.805,6.805,602.0,CPG
2023-06-15 11:40:00,6.81,6.81,6.805,6.81,1704.0,CPG
2023-06-15 11:39:00,6.8,6.805,6.8,6.805,11816.0,CPG
2023-06-15 11:38:00,6.8,6.8,6.8,6.8,435.0,CPG
2023-06-15 11:37:00,6.79,6.795,6.79,6.795,408.0,CPG
2023-06-15 11:36:00,6.78,6.795,6.78,6.79,20724.0,CPG
2023-06-15 11:35:00,6.79,6.79,6.785,6.785,2710.0,CPG
2023-06-15 11:34:00,6.785,6.785,6.78,6.785,30134.0,CPG
2023-06-15 11:33:00,6.785,6.785,6.785,6.785,100.0,CPG
2023-06-15 11:32:00,6.785,6.79,6.785,6.785,12077.0,CPG
2023-06-15 11:31:00,6.79,6.79,6.782,6.785,4530.0,CPG
2023-06-15 11:30:00,6.79,6.79,6.785,6.79,1776.0,CPG
2023-06-15 11:29:00,6.789,6.789,6.785,6.785,17499.0,CPG
2023-06-15 11:28:00,6.79,6.791,6.785,6.785,22194.0,CPG
2023-06-15 11:27:00,6.79,6.795,6.79,6.795,2210.0,CPG
2023-06-15 11:26:00,6.79,6.79,6.785,6.79,24783.0,CPG
2023-06-15 11:25:00,6.795,6.795,6.79,6.79,841.0,CPG
2023-06-15 11:24:00,6.795,6.795,6.79,6.795,5406.0,CPG
2023-06-15 11:23:00,6.795,6.8,6.795,6.795,2966.0,CPG
2023-06-15 11:22:00,6.79,6.8,6.79,6.8,14568.0,CPG
2023-06-15 11:21:00,6.79,6.79,6.785,6.785,2468.0,CPG
2023-06-15 11:20:00,6.77,6.785,6.77,6.782,26032.0,CPG
2023-06-15 11:19:00,6.775,6.775,6.765,6.769,15793.0,CPG
2023-06-15 11:18:00,6.775,6.775,6.775,6.775,936.0,CPG
2023-06-15 11:17:00,6.775,6.779,6.775,6.779,3163.0,CPG
2023-06-15 11:16:00,6.775,6.78,6.77,6.78,870.0,CPG
2023-06-15 11:15:00,6.765,6.775,6.765,6.77,20867.0,CPG
2023-06-15 11:14:00,6.76,6.765,6.76,6.765,1078.0,CPG
2023-06-15 11:13:00,6.76,6.765,6.76,6.76,1731.0,CPG
2023-06-15 11:12:00,6.76,6.765,6.755,6.765,2352.0,CPG
2023-06-15 11:11:00,6.75,6.76,6.75,6.75,3112.0,CPG
2023-06-15 11:10:00,6.76,6.76,6.745,6.75,112098.0,CPG
2023-06-15 11:09:00,6.76,6.76,6.755,6.76,18423.0,CPG
2023-06-15 11:08:00,6.765,6.77,6.765,6.77,1028.0,CPG
2023-06-15 11:07:00,6.765,6.765,6.76,6.765,1733.0,CPG
2023-06-15 11:06:00,6.77,6.77,6.77,6.77,5561.0,CPG
2023-06-15 11:05:00,6.76,6.78,6.76,6.77,12893.0,CPG
2023-06-15 11:04:00,6.755,6.765,6.75,6.765,8309.0,CPG
2023-06-15 11:03:00,6.76,6.76,6.76,6.76,105.0,CPG
2023-06-15 11:02:00,6.76,6.76,6.755,6.755,537.0,CPG
2023-06-15 11:01:00,6.752,6.755,6.752,6.755,400.0,CPG
2023-06-15 11:00:00,6.755,6.76,6.75,6.755,1417.0,CPG
2023-06-15 10:59:00,6.745,6.75,6.745,6.75,17393.0,CPG
2023-06-15 10:58:00,6.745,6.75,6.74,6.745,6279.0,CPG
2023-06-15 10:57:00,6.75,6.75,6.75,6.75,525.0,CPG
2023-06-15 10:56:00,6.745,6.745,6.745,6.745,1600.0,CPG
2023-06-15 10:55:00,6.74,6.74,6.735,6.74,16229.0,CPG
2023-06-15 10:54:00,6.741,6.741,6.735,6.74,17196.0,CPG
2023-06-15 10:53:00,6.745,6.745,6.74,6.745,419.0,CPG
2023-06-15 10:52:00,6.74,6.745,6.735,6.745,21186.0,CPG
2023-06-15 10:51:00,6.74,6.74,6.74,6.74,1672.0,CPG
2023-06-15 10:50:00,6.74,6.745,6.74,6.74,24658.0,CPG
2023-06-15 10:49:00,6.745,6.75,6.74,6.75,3126.0,CPG
2023-06-15 10:48:00,6.745,6.745,6.745,6.745,802.0,CPG
2023-06-15 10:47:00,6.748,6.748,6.74,6.74,4410.0,CPG
2023-06-15 10:45:00,6.74,6.749,6.74,6.749,2833.0,CPG
2023-06-15 10:44:00,6.75,6.75,6.75,6.75,1500.0,CPG
2023-06-15 10:43:00,6.75,6.75,6.75,6.75,800.0,CPG
2023-06-15 10:42:00,6.735,6.74,6.735,6.74,8027.0,CPG
2023-06-15 10:40:00,6.73,6.735,6.725,6.73,16312.0,CPG
2023-06-15 10:39:00,6.74,6.74,6.735,6.735,22485.0,CPG
2023-06-15 10:37:00,6.74,6.745,6.74,6.745,8044.0,CPG
2023-06-15 10:36:00,6.74,6.74,6.735,6.74,23673.0,CPG
2023-06-15 10:35:00,6.75,6.75,6.745,6.745,400.0,CPG
2023-06-15 10:34:00,6.74,6.745,6.74,6.74,6701.0,CPG
2023-06-15 10:33:00,6.725,6.73,6.725,6.73,11024.0,CPG
2023-06-15 10:32:00,6.725,6.73,6.72,6.73,1633.0,CPG
2023-06-15 10:31:00,6.72,6.725,6.72,6.725,912.0,CPG
2023-06-15 10:30:00,6.73,6.73,6.72,6.72,1243.0,CPG
2023-06-15 10:29:00,6.715,6.725,6.715,6.72,6332.0,CPG
2023-06-15 10:28:00,6.72,6.72,6.72,6.72,184.0,CPG
2023-06-15 10:27:00,6.72,6.72,6.715,6.715,5729.0,CPG
2023-06-15 10:26:00,6.72,6.72,6.72,6.72,1939.0,CPG
2023-06-15 10:25:00,6.71,6.715,6.71,6.715,11539.0,CPG
2023-06-15 10:24:00,6.715,6.715,6.715,6.715,377.0,CPG
2023-06-15 10:23:00,6.72,6.72,6.71,6.719,3622.0,CPG
2023-06-15 10:22:00,6.72,6.72,6.71,6.72,1903.0,CPG
2023-06-15 10:21:00,6.71,6.72,6.71,6.72,3115.0,CPG
2023-06-15 10:19:00,6.705,6.72,6.705,6.715,4061.0,CPG
2023-06-15 10:18:00,6.702,6.71,6.702,6.702,851.0,CPG
2023-06-15 10:16:00,6.695,6.7,6.695,6.7,853.0,CPG
2023-06-15 10:15:00,6.705,6.705,6.697,6.697,9474.0,CPG
2023-06-15 10:14:00,6.705,6.71,6.701,6.701,2121.0,CPG
2023-06-15 10:13:00,6.71,6.71,6.7,6.7,7719.0,CPG
2023-06-15 10:12:00,6.715,6.72,6.715,6.72,576.0,CPG
2023-06-15 10:11:00,6.715,6.72,6.71,6.71,18207.0,CPG
2023-06-15 10:10:00,6.705,6.71,6.705,6.71,8900.0,CPG
2023-06-15 10:09:00,6.72,6.72,6.71,6.71,1591.0,CPG
2023-06-15 10:07:00,6.715,6.72,6.71,6.72,5406.0,CPG
2023-06-15 10:06:00,6.715,6.715,6.715,6.715,800.0,CPG
2023-06-15 10:05:00,6.72,6.72,6.71,6.71,2984.0,CPG
2023-06-15 10:04:00,6.72,6.73,6.72,6.72,7580.0,CPG
2023-06-15 10:03:00,6.72,6.72,6.72,6.72,14531.0,CPG
2023-06-15 10:02:00,6.71,6.72,6.71,6.72,2647.0,CPG
2023-06-15 10:01:00,6.7,6.71,6.7,6.705,1613.0,CPG
2023-06-15 10:00:00,6.705,6.705,6.705,6.705,1500.0,CPG
2023-06-15 09:59:00,6.7,6.705,6.7,6.705,638.0,CPG
2023-06-15 09:58:00,6.71,6.71,6.709,6.709,1389.0,CPG
2023-06-15 09:57:00,6.7,6.7,6.695,6.7,16665.0,CPG
2023-06-15 09:56:00,6.69,6.695,6.69,6.695,801.0,CPG
2023-06-15 09:55:00,6.69,6.69,6.685,6.69,2020.0,CPG
2023-06-15 09:54:00,6.69,6.69,6.684,6.685,12241.0,CPG
2023-06-15 09:53:00,6.7,6.7,6.68,6.69,28022.0,CPG
2023-06-15 09:52:00,6.71,6.71,6.7,6.7,3854.0,CPG
2023-06-15 09:51:00,6.705,6.715,6.705,6.715,4887.0,CPG
2023-06-15 09:50:00,6.705,6.705,6.7,6.7,14837.0,CPG
2023-06-15 09:49:00,6.695,6.7,6.695,6.7,8123.0,CPG
2023-06-15 09:48:00,6.695,6.7,6.69,6.695,1080.0,CPG
2023-06-15 09:47:00,6.695,6.7,6.695,6.695,3549.0,CPG
2023-06-15 09:46:00,6.7,6.7,6.69,6.695,3713.0,CPG
2023-06-15 09:45:00,6.71,6.71,6.695,6.695,4224.0,CPG
2023-06-15 09:44:00,6.71,6.71,6.705,6.705,9210.0,CPG
2023-06-15 09:43:00,6.71,6.71,6.701,6.701,1570.0,CPG
2023-06-15 09:42:00,6.72,6.72,6.705,6.711,15609.0,CPG
2023-06-15 09:41:00,6.72,6.725,6.715,6.725,8630.0,CPG
2023-06-15 09:40:00,6.73,6.73,6.72,6.72,3133.0,CPG
2023-06-15 09:39:00,6.715,6.72,6.71,6.72,2180.0,CPG
2023-06-15 09:38:00,6.7,6.71,6.7,6.71,6912.0,CPG
2023-06-15 09:37:00,6.68,6.69,6.68,6.69,61571.0,CPG
2023-06-15 09:36:00,6.7,6.7,6.68,6.68,45200.0,CPG
2023-06-15 09:35:00,6.7,6.7,6.7,6.7,30113.0,CPG
2023-06-15 09:34:00,6.69,6.7,6.69,6.69,21323.0,CPG
2023-06-15 09:33:00,6.7,6.7,6.69,6.69,600.0,CPG
2023-06-15 09:32:00,6.71,6.71,6.7,6.7,7274.0,CPG
2023-06-15 09:31:00,6.67,6.7,6.67,6.7,11978.0,CPG
2023-06-15 09:30:00,6.68,6.69,6.65,6.66,41327.0,CPG
2023-06-15 09:28:00,6.66,6.67,6.66,6.67,100.0,CPG
2023-06-15 09:21:00,6.67,6.67,6.67,6.67,4.0,CPG
2023-06-15 09:07:00,6.67,6.67,6.67,6.67,233.0,CPG
2023-06-15 09:00:00,6.67,6.67,6.67,6.67,100.0,CPG
2023-06-15 08:48:00,6.68,6.68,6.68,6.68,5.0,CPG
2023-06-15 08:43:00,6.66,6.66,6.66,6.66,1000.0,CPG
2023-06-15 08:35:00,6.68,6.68,6.68,6.68,1301.0,CPG
2023-06-15 08:34:00,6.69,6.69,6.69,6.69,1000.0,CPG
2023-06-15 08:33:00,6.72,6.72,6.72,6.72,3.0,CPG
2023-06-15 08:13:00,6.68,6.68,6.68,6.68,25.0,CPG
2023-06-15 07:54:00,6.72,6.72,6.7,6.7,11.0,CPG
2023-06-15 07:42:00,6.68,6.68,6.68,6.68,10.0,CPG
2023-06-15 07:41:00,6.68,6.68,6.68,6.68,10.0,CPG
2023-06-15 07:39:00,6.69,6.69,6.69,6.69,1000.0,CPG
2023-06-15 07:26:00,6.69,6.69,6.69,6.69,1.0,CPG
2023-06-15 07:22:00,6.7,6.7,6.7,6.7,77.0,CPG
2023-06-15 07:11:00,6.7,6.7,6.7,6.7,3.0,CPG
2023-06-15 07:09:00,6.71,6.71,6.7,6.7,39.0,CPG
2023-06-14 19:36:00,6.71,6.71,6.71,6.71,33.0,CPG
2023-06-14 19:35:00,6.79,6.79,6.79,6.79,1.0,CPG
2023-06-14 19:00:00,6.64,6.64,6.64,6.64,86565.0,CPG
2023-06-14 18:30:00,6.64,6.64,6.64,6.64,86565.0,CPG
2023-06-14 18:23:00,6.8,6.8,6.8,6.8,1.0,CPG
2023-06-14 18:22:00,6.65,6.65,6.65,6.65,1.0,CPG
2023-06-14 17:28:00,6.64,6.64,6.64,6.64,5.0,CPG
2023-06-14 17:20:00,6.64,6.64,6.64,6.64,23.0,CPG
2023-06-14 16:33:00,6.73,6.73,6.73,6.73,1.0,CPG
2023-06-14 16:18:00,6.7,6.7,6.7,6.7,300.0,CPG
2023-06-14 16:15:00,6.7,6.7,6.7,6.7,500.0,CPG
2023-06-14 16:14:00,6.7,6.7,6.7,6.7,500.0,CPG
2023-06-14 16:10:00,6.64,6.64,6.64,6.64,86565.0,CPG
2023-06-14 16:00:00,6.635,6.64,6.63,6.64,178171.0,CPG
2023-06-14 15:59:00,6.643,6.645,6.63,6.635,123744.0,CPG
2023-06-14 15:58:00,6.64,6.645,6.64,6.64,18239.0,CPG
2023-06-14 15:57:00,6.64,6.65,6.635,6.64,70512.0,CPG
2023-06-14 15:56:00,6.635,6.64,6.635,6.64,18494.0,CPG
2023-06-14 15:55:00,6.635,6.64,6.635,6.635,15362.0,CPG
2023-06-14 15:54:00,6.63,6.64,6.625,6.63,99033.0,CPG
2023-06-14 15:53:00,6.63,6.63,6.625,6.63,28297.0,CPG
2023-06-14 15:52:00,6.62,6.63,6.62,6.63,46278.0,CPG
2023-06-14 15:51:00,6.615,6.625,6.615,6.62,61779.0,CPG
2023-06-14 15:50:00,6.62,6.63,6.615,6.615,57618.0,CPG
2023-06-14 15:49:00,6.63,6.63,6.62,6.625,31488.0,CPG
2023-06-14 15:48:00,6.63,6.635,6.63,6.635,2857.0,CPG
2023-06-14 15:47:00,6.64,6.64,6.63,6.63,3726.0,CPG
2023-06-14 15:46:00,6.64,6.645,6.63,6.63,39914.0,CPG
2023-06-14 15:45:00,6.65,6.65,6.64,6.64,8969.0,CPG
2023-06-14 15:44:00,6.645,6.645,6.64,6.64,1734.0,CPG
2023-06-14 15:43:00,6.635,6.645,6.635,6.645,54984.0,CPG
2023-06-14 15:42:00,6.64,6.64,6.63,6.635,41617.0,CPG
2023-06-14 15:41:00,6.645,6.65,6.64,6.645,3079.0,CPG
2023-06-14 15:40:00,6.645,6.645,6.64,6.645,6461.0,CPG
2023-06-14 15:39:00,6.645,6.645,6.64,6.645,1629.0,CPG
2023-06-14 15:38:00,6.645,6.645,6.64,6.645,1667.0,CPG
2023-06-14 15:37:00,6.649,6.649,6.64,6.645,10908.0,CPG
2023-06-14 15:36:00,6.64,6.645,6.64,6.645,7850.0,CPG
2023-06-14 15:35:00,6.635,6.645,6.635,6.645,11509.0,CPG
2023-06-14 15:34:00,6.635,6.635,6.635,6.635,216.0,CPG
2023-06-14 15:33:00,6.63,6.64,6.622,6.64,18777.0,CPG
2023-06-14 15:32:00,6.62,6.63,6.62,6.63,4669.0,CPG
2023-06-14 15:31:00,6.625,6.625,6.62,6.62,501.0,CPG
2023-06-14 15:30:00,6.63,6.635,6.62,6.625,20223.0,CPG
2023-06-14 15:29:00,6.63,6.635,6.63,6.635,3435.0,CPG
2023-06-14 15:28:00,6.64,6.645,6.635,6.64,23734.0,CPG
2023-06-14 15:27:00,6.65,6.65,6.64,6.645,9120.0,CPG
2023-06-14 15:26:00,6.65,6.65,6.65,6.65,6773.0,CPG
2023-06-14 15:25:00,6.64,6.645,6.64,6.642,5126.0,CPG
2023-06-14 15:24:00,6.64,6.64,6.635,6.64,1395.0,CPG
2023-06-14 15:23:00,6.64,6.64,6.64,6.64,2741.0,CPG
2023-06-14 15:22:00,6.635,6.639,6.63,6.639,904.0,CPG
2023-06-14 15:21:00,6.63,6.635,6.63,6.635,21023.0,CPG
2023-06-14 15:20:00,6.62,6.625,6.615,6.62,42041.0,CPG
2023-06-14 15:19:00,6.62,6.625,6.612,6.62,12401.0,CPG
2023-06-14 15:18:00,6.62,6.62,6.612,6.62,2334.0,CPG
2023-06-14 15:17:00,6.62,6.62,6.612,6.62,1137.0,CPG
2023-06-14 15:16:00,6.61,6.62,6.61,6.62,2302.0,CPG
2023-06-14 15:15:00,6.63,6.63,6.61,6.62,21445.0,CPG
2023-06-14 15:14:00,6.635,6.635,6.635,6.635,411.0,CPG
2023-06-14 15:13:00,6.64,6.645,6.63,6.635,31161.0,CPG
2023-06-14 15:12:00,6.645,6.645,6.64,6.645,6271.0,CPG
2023-06-14 15:11:00,6.64,6.645,6.64,6.64,2530.0,CPG
2023-06-14 15:10:00,6.64,6.645,6.635,6.64,53227.0,CPG
2023-06-14 15:09:00,6.64,6.64,6.64,6.64,1305.0,CPG
2023-06-14 15:08:00,6.64,6.645,6.64,6.64,10197.0,CPG
2023-06-14 15:07:00,6.64,6.64,6.64,6.64,4216.0,CPG
2023-06-14 15:06:00,6.62,6.63,6.62,6.63,6822.0,CPG
2023-06-14 15:05:00,6.62,6.625,6.615,6.625,1765.0,CPG
2023-06-14 15:04:00,6.61,6.615,6.61,6.61,12105.0,CPG
2023-06-14 15:03:00,6.61,6.61,6.61,6.61,15478.0,CPG
2023-06-14 15:02:00,6.615,6.615,6.615,6.615,400.0,CPG
2023-06-14 15:01:00,6.62,6.62,6.611,6.615,14681.0,CPG
2023-06-14 15:00:00,6.615,6.62,6.615,6.615,2745.0,CPG
2023-06-14 14:58:00,6.615,6.615,6.61,6.615,1395.0,CPG
2023-06-14 14:57:00,6.62,6.62,6.61,6.615,11158.0,CPG
2023-06-14 14:56:00,6.62,6.62,6.62,6.62,12085.0,CPG
2023-06-14 14:55:00,6.61,6.615,6.61,6.61,1027.0,CPG
2023-06-14 14:54:00,6.62,6.62,6.615,6.62,1614.0,CPG
2023-06-14 14:53:00,6.615,6.615,6.605,6.61,15705.0,CPG
2023-06-14 14:52:00,6.63,6.63,6.61,6.62,22364.0,CPG
2023-06-14 14:51:00,6.62,6.63,6.62,6.63,24211.0,CPG
2023-06-14 14:50:00,6.62,6.62,6.618,6.62,2031.0,CPG
2023-06-14 14:49:00,6.62,6.62,6.61,6.62,9984.0,CPG
2023-06-14 14:48:00,6.6,6.61,6.6,6.61,13467.0,CPG
2023-06-14 14:47:00,6.6,6.6,6.595,6.6,22712.0,CPG
2023-06-14 14:46:00,6.601,6.601,6.6,6.6,900.0,CPG
2023-06-14 14:45:00,6.61,6.61,6.61,6.61,12110.0,CPG
2023-06-14 14:44:00,6.6,6.61,6.6,6.61,63072.0,CPG
2023-06-14 14:43:00,6.595,6.6,6.595,6.6,2696.0,CPG
2023-06-14 14:42:00,6.6,6.6,6.59,6.6,22035.0,CPG
2023-06-14 14:41:00,6.6,6.61,6.599,6.6,27289.0,CPG
2023-06-14 14:40:00,6.595,6.605,6.595,6.6,15424.0,CPG
2023-06-14 14:39:00,6.605,6.605,6.59,6.595,33098.0,CPG
2023-06-14 14:38:00,6.595,6.6,6.595,6.6,23659.0,CPG
2023-06-14 14:37:00,6.6,6.605,6.594,6.594,7882.0,CPG
2023-06-14 14:36:00,6.59,6.6,6.59,6.6,12946.0,CPG
2023-06-14 14:35:00,6.58,6.585,6.58,6.585,794.0,CPG
2023-06-14 14:34:00,6.58,6.581,6.58,6.581,900.0,CPG
2023-06-14 14:33:00,6.59,6.59,6.582,6.582,15346.0,CPG
2023-06-14 14:32:00,6.57,6.586,6.57,6.586,3956.0,CPG
2023-06-14 14:31:00,6.58,6.58,6.575,6.58,17679.0,CPG
2023-06-14 14:30:00,6.58,6.585,6.58,6.58,2224.0,CPG
2023-06-14 14:29:00,6.59,6.59,6.58,6.589,5300.0,CPG
2023-06-14 14:28:00,6.585,6.585,6.58,6.58,503.0,CPG
2023-06-14 14:27:00,6.585,6.595,6.58,6.59,27354.0,CPG
2023-06-14 14:26:00,6.58,6.59,6.58,6.59,12810.0,CPG
2023-06-14 14:25:00,6.59,6.59,6.59,6.59,4534.0,CPG
2023-06-14 14:24:00,6.59,6.59,6.59,6.59,306.0,CPG
2023-06-14 14:23:00,6.59,6.6,6.59,6.59,10260.0,CPG
2023-06-14 14:22:00,6.6,6.6,6.595,6.6,3332.0,CPG
2023-06-14 14:21:00,6.603,6.61,6.603,6.605,23607.0,CPG
2023-06-14 14:20:00,6.6,6.607,6.6,6.607,800.0,CPG
2023-06-14 14:19:00,6.6,6.6,6.6,6.6,800.0,CPG
2023-06-14 14:18:00,6.61,6.61,6.6,6.6,7391.0,CPG
2023-06-14 14:17:00,6.62,6.62,6.61,6.615,752.0,CPG
2023-06-14 14:16:00,6.62,6.62,6.62,6.62,815.0,CPG
2023-06-14 14:15:00,6.62,6.62,6.62,6.62,15361.0,CPG
2023-06-14 14:14:00,6.625,6.63,6.62,6.63,2402.0,CPG
2023-06-14 14:13:00,6.6,6.63,6.6,6.63,37597.0,CPG
2023-06-14 14:12:00,6.61,6.61,6.605,6.61,9145.0,CPG
2023-06-14 14:11:00,6.63,6.63,6.615,6.615,14856.0,CPG
2023-06-14 14:10:00,6.615,6.63,6.615,6.63,14042.0,CPG
2023-06-14 14:09:00,6.61,6.615,6.6,6.615,11187.0,CPG
2023-06-14 14:08:00,6.6,6.61,6.6,6.61,21009.0,CPG
2023-06-14 14:07:00,6.605,6.61,6.6,6.6,908.0,CPG
2023-06-14 14:06:00,6.61,6.61,6.61,6.61,8700.0,CPG
2023-06-14 14:05:00,6.615,6.62,6.615,6.62,1409.0,CPG
2023-06-14 14:04:00,6.62,6.63,6.62,6.62,11792.0,CPG
2023-06-14 14:03:00,6.64,6.645,6.62,6.625,30628.0,CPG
2023-06-14 14:02:00,6.66,6.66,6.64,6.64,3416.0,CPG
2023-06-14 14:01:00,6.65,6.65,6.65,6.65,16243.0,CPG
2023-06-14 14:00:00,6.66,6.665,6.65,6.65,25964.0,CPG
2023-06-14 13:59:00,6.665,6.665,6.66,6.661,631.0,CPG
2023-06-14 13:58:00,6.665,6.67,6.66,6.67,3105.0,CPG
2023-06-14 13:57:00,6.662,6.67,6.66,6.67,2973.0,CPG
2023-06-14 13:56:00,6.66,6.665,6.66,6.66,10900.0,CPG
2023-06-14 13:55:00,6.665,6.665,6.66,6.66,425.0,CPG
2023-06-14 13:54:00,6.665,6.665,6.665,6.665,408.0,CPG
2023-06-14 13:52:00,6.67,6.67,6.665,6.665,2298.0,CPG
2023-06-14 13:50:00,6.67,6.67,6.66,6.665,17321.0,CPG
2023-06-14 13:49:00,6.675,6.675,6.675,6.675,373.0,CPG
2023-06-14 13:48:00,6.675,6.675,6.675,6.675,100.0,CPG
2023-06-14 13:47:00,6.675,6.68,6.675,6.68,421.0,CPG
2023-06-14 13:46:00,6.675,6.675,6.675,6.675,112.0,CPG
2023-06-14 13:45:00,6.675,6.675,6.675,6.675,200.0,CPG
2023-06-14 13:44:00,6.67,6.678,6.67,6.675,504.0,CPG
2023-06-14 13:43:00,6.675,6.675,6.67,6.675,1516.0,CPG
2023-06-14 13:42:00,6.67,6.67,6.67,6.67,14448.0,CPG
2023-06-14 13:41:00,6.67,6.67,6.67,6.67,824.0,CPG
2023-06-14 13:40:00,6.67,6.675,6.665,6.665,11400.0,CPG
2023-06-14 13:39:00,6.67,6.675,6.67,6.675,13124.0,CPG
2023-06-14 13:38:00,6.67,6.67,6.67,6.67,516.0,CPG
2023-06-14 13:37:00,6.67,6.67,6.67,6.67,706.0,CPG
2023-06-14 13:36:00,6.67,6.67,6.67,6.67,17448.0,CPG
2023-06-14 13:34:00,6.67,6.68,6.67,6.67,6128.0,CPG
2023-06-14 13:33:00,6.67,6.675,6.67,6.675,15358.0,CPG
2023-06-14 13:32:00,6.665,6.665,6.665,6.665,612.0,CPG
2023-06-14 13:31:00,6.665,6.665,6.665,6.665,402.0,CPG
2023-06-14 13:30:00,6.665,6.665,6.665,6.665,319.0,CPG
2023-06-14 13:29:00,6.67,6.67,6.665,6.67,3344.0,CPG
2023-06-14 13:28:00,6.66,6.665,6.66,6.665,1824.0,CPG
2023-06-14 13:26:00,6.67,6.67,6.67,6.67,2106.0,CPG
2023-06-14 13:25:00,6.67,6.67,6.67,6.67,9195.0,CPG
2023-06-14 13:24:00,6.67,6.675,6.662,6.675,19253.0,CPG
2023-06-14 13:23:00,6.67,6.67,6.665,6.67,3652.0,CPG
2023-06-14 13:22:00,6.668,6.668,6.66,6.66,820.0,CPG
2023-06-14 13:21:00,6.66,6.67,6.66,6.66,3515.0,CPG
2023-06-14 13:20:00,6.665,6.665,6.66,6.66,2839.0,CPG
2023-06-14 13:19:00,6.669,6.669,6.669,6.669,5011.0,CPG
2023-06-14 13:17:00,6.67,6.67,6.67,6.67,2919.0,CPG
2023-06-14 13:16:00,6.67,6.67,6.67,6.67,9678.0,CPG
2023-06-14 13:15:00,6.669,6.675,6.669,6.67,12850.0,CPG
2023-06-14 13:14:00,6.67,6.67,6.67,6.67,2010.0,CPG
2023-06-14 13:13:00,6.665,6.67,6.66,6.67,1924.0,CPG
2023-06-14 13:12:00,6.675,6.675,6.665,6.67,26890.0,CPG
2023-06-14 13:11:00,6.675,6.675,6.67,6.675,3892.0,CPG
2023-06-14 13:10:00,6.68,6.68,6.68,6.68,1205.0,CPG
2023-06-14 13:09:00,6.68,6.68,6.68,6.68,6569.0,CPG
2023-06-14 13:08:00,6.675,6.685,6.675,6.68,24959.0,CPG
2023-06-14 13:06:00,6.675,6.675,6.675,6.675,159.0,CPG
2023-06-14 13:05:00,6.675,6.675,6.67,6.67,324.0,CPG
2023-06-14 13:04:00,6.675,6.675,6.67,6.675,1620.0,CPG
2023-06-14 13:03:00,6.68,6.68,6.67,6.67,9004.0,CPG
2023-06-14 13:02:00,6.68,6.68,6.68,6.68,2200.0,CPG
2023-06-14 13:01:00,6.68,6.685,6.68,6.68,805.0,CPG
2023-06-14 13:00:00,6.68,6.68,6.68,6.68,700.0,CPG
2023-06-14 12:59:00,6.689,6.69,6.68,6.69,1319.0,CPG
2023-06-14 12:58:00,6.69,6.69,6.69,6.69,804.0,CPG
2023-06-14 12:57:00,6.69,6.695,6.69,6.69,7577.0,CPG
2023-06-14 12:56:00,6.69,6.69,6.69,6.69,107.0,CPG
2023-06-14 12:55:00,6.69,6.69,6.69,6.69,2430.0,CPG
2023-06-14 12:54:00,6.69,6.695,6.69,6.69,31958.0,CPG
2023-06-14 12:53:00,6.69,6.7,6.685,6.695,27518.0,CPG
2023-06-14 12:52:00,6.69,6.69,6.689,6.689,1473.0,CPG
2023-06-14 12:51:00,6.685,6.685,6.68,6.684,811.0,CPG
2023-06-14 12:50:00,6.68,6.68,6.68,6.68,114.0,CPG
2023-06-14 12:49:00,6.685,6.685,6.68,6.685,1683.0,CPG
2023-06-14 12:48:00,6.69,6.69,6.69,6.69,404.0,CPG
2023-06-14 12:47:00,6.685,6.685,6.685,6.685,1405.0,CPG
2023-06-14 12:46:00,6.68,6.69,6.68,6.69,14258.0,CPG
2023-06-14 12:45:00,6.68,6.68,6.675,6.68,2762.0,CPG
2023-06-14 12:44:00,6.68,6.68,6.675,6.68,3530.0,CPG
2023-06-14 12:43:00,6.68,6.68,6.675,6.68,617.0,CPG
2023-06-14 12:42:00,6.675,6.68,6.675,6.68,1411.0,CPG
2023-06-14 12:41:00,6.67,6.675,6.67,6.675,550.0,CPG
2023-06-14 12:40:00,6.68,6.68,6.675,6.675,207.0,CPG
2023-06-14 12:39:00,6.67,6.675,6.67,6.673,3643.0,CPG
2023-06-14 12:38:00,6.675,6.675,6.67,6.67,1073.0,CPG
2023-06-14 12:37:00,6.67,6.675,6.67,6.675,13830.0,CPG
2023-06-14 12:36:00,6.67,6.67,6.67,6.67,630.0,CPG
2023-06-14 12:35:00,6.66,6.665,6.66,6.665,306.0,CPG
2023-06-14 12:34:00,6.66,6.665,6.66,6.665,1941.0,CPG
2023-06-14 12:33:00,6.67,6.67,6.67,6.67,508.0,CPG
2023-06-14 12:32:00,6.67,6.67,6.67,6.67,1145.0,CPG
2023-06-14 12:31:00,6.67,6.67,6.67,6.67,14369.0,CPG
2023-06-14 12:30:00,6.67,6.67,6.67,6.67,900.0,CPG
2023-06-14 12:29:00,6.67,6.67,6.67,6.67,912.0,CPG
2023-06-14 12:28:00,6.67,6.675,6.665,6.67,35930.0,CPG
2023-06-14 12:27:00,6.675,6.675,6.67,6.67,1057.0,CPG
2023-06-14 12:26:00,6.67,6.67,6.67,6.67,126.0,CPG
2023-06-14 12:25:00,6.67,6.675,6.67,6.675,2274.0,CPG
2023-06-14 12:24:00,6.675,6.675,6.67,6.675,3117.0,CPG
2023-06-14 12:23:00,6.672,6.675,6.671,6.675,16494.0,CPG
2023-06-14 12:22:00,6.675,6.675,6.675,6.675,1327.0,CPG
2023-06-14 12:21:00,6.68,6.68,6.68,6.68,532.0,CPG
2023-06-14 12:20:00,6.68,6.68,6.68,6.68,9329.0,CPG
2023-06-14 12:19:00,6.69,6.69,6.69,6.69,5020.0,CPG
2023-06-14 12:18:00,6.68,6.69,6.68,6.685,27703.0,CPG
2023-06-14 12:17:00,6.675,6.68,6.675,6.68,4300.0,CPG
2023-06-14 12:16:00,6.68,6.68,6.67,6.679,28392.0,CPG
2023-06-14 12:15:00,6.675,6.68,6.675,6.68,2952.0,CPG
2023-06-14 12:14:00,6.67,6.675,6.67,6.675,1634.0,CPG
2023-06-14 12:13:00,6.67,6.675,6.67,6.675,4529.0,CPG
2023-06-14 12:12:00,6.67,6.67,6.669,6.67,1620.0,CPG
2023-06-14 12:11:00,6.66,6.667,6.655,6.665,24444.0,CPG
2023-06-14 12:10:00,6.65,6.65,6.65,6.65,202.0,CPG
2023-06-14 12:08:00,6.65,6.65,6.65,6.65,11030.0,CPG
2023-06-14 12:07:00,6.65,6.65,6.645,6.645,13747.0,CPG
2023-06-14 12:06:00,6.655,6.655,6.65,6.65,556.0,CPG
2023-06-14 12:05:00,6.66,6.66,6.65,6.65,9764.0,CPG
2023-06-14 12:04:00,6.66,6.66,6.66,6.66,1356.0,CPG
2023-06-14 12:03:00,6.67,6.67,6.67,6.67,5049.0,CPG
2023-06-14 12:02:00,6.671,6.671,6.671,6.671,1403.0,CPG
2023-06-14 12:00:00,6.68,6.68,6.675,6.675,2664.0,CPG
2023-06-14 11:59:00,6.675,6.675,6.675,6.675,110.0,CPG
2023-06-14 11:58:00,6.675,6.675,6.675,6.675,155.0,CPG
2023-06-14 11:57:00,6.67,6.675,6.67,6.675,37875.0,CPG
2023-06-14 11:55:00,6.675,6.675,6.67,6.67,802.0,CPG
2023-06-14 11:54:00,6.675,6.675,6.675,6.675,514.0,CPG
2023-06-14 11:52:00,6.68,6.68,6.68,6.68,158.0,CPG
2023-06-14 11:51:00,6.68,6.685,6.675,6.675,5185.0,CPG
2023-06-14 11:50:00,6.69,6.69,6.68,6.68,10974.0,CPG
2023-06-14 11:47:00,6.7,6.7,6.695,6.695,644.0,CPG
2023-06-14 11:46:00,6.691,6.7,6.69,6.7,19187.0,CPG
2023-06-14 11:45:00,6.69,6.691,6.685,6.691,9460.0,CPG
2023-06-14 11:44:00,6.691,6.695,6.69,6.69,10325.0,CPG
2023-06-14 11:43:00,6.68,6.69,6.68,6.69,28664.0,CPG
2023-06-14 11:42:00,6.675,6.68,6.675,6.68,1631.0,CPG
2023-06-14 11:41:00,6.67,6.67,6.67,6.67,441.0,CPG
2023-06-14 11:40:00,6.68,6.68,6.67,6.67,1000.0,CPG
2023-06-14 11:39:00,6.685,6.685,6.68,6.68,3428.0,CPG
2023-06-14 11:38:00,6.695,6.695,6.68,6.68,5123.0,CPG
2023-06-14 11:37:00,6.695,6.695,6.69,6.69,1400.0,CPG
2023-06-14 11:36:00,6.7,6.7,6.7,6.7,471.0,CPG
2023-06-14 11:35:00,6.69,6.69,6.69,6.69,352.0,CPG
2023-06-14 11:34:00,6.685,6.7,6.68,6.7,11950.0,CPG
2023-06-14 11:33:00,6.68,6.68,6.68,6.68,1961.0,CPG
2023-06-14 11:32:00,6.686,6.686,6.68,6.68,289.0,CPG
2023-06-14 11:31:00,6.68,6.681,6.68,6.68,11398.0,CPG
2023-06-14 11:30:00,6.69,6.69,6.69,6.69,6249.0,CPG
2023-06-14 11:28:00,6.7,6.7,6.7,6.7,16102.0,CPG
2023-06-14 11:27:00,6.7,6.7,6.7,6.7,1540.0,CPG
2023-06-14 11:26:00,6.701,6.709,6.701,6.709,10045.0,CPG
2023-06-14 11:25:00,6.71,6.71,6.705,6.71,2138.0,CPG
2023-06-14 11:24:00,6.71,6.71,6.71,6.71,1321.0,CPG
2023-06-14 11:23:00,6.7,6.71,6.7,6.71,1938.0,CPG
2023-06-14 11:22:00,6.69,6.7,6.69,6.7,17183.0,CPG
2023-06-14 11:21:00,6.7,6.7,6.691,6.691,2903.0,CPG
2023-06-14 11:20:00,6.7,6.71,6.7,6.71,3860.0,CPG
2023-06-14 11:19:00,6.71,6.71,6.7,6.7,7136.0,CPG
2023-06-14 11:18:00,6.72,6.72,6.712,6.715,5498.0,CPG
2023-06-14 11:17:00,6.72,6.72,6.71,6.72,2039.0,CPG
2023-06-14 11:16:00,6.715,6.72,6.715,6.72,1278.0,CPG
2023-06-14 11:15:00,6.71,6.715,6.71,6.71,1708.0,CPG
2023-06-14 11:14:00,6.715,6.72,6.71,6.715,2508.0,CPG
2023-06-14 11:12:00,6.71,6.71,6.71,6.71,1633.0,CPG
2023-06-14 11:10:00,6.715,6.715,6.71,6.71,2758.0,CPG
2023-06-14 11:09:00,6.715,6.716,6.71,6.715,2691.0,CPG
2023-06-14 11:08:00,6.72,6.72,6.72,6.72,8481.0,CPG
2023-06-14 11:07:00,6.725,6.725,6.72,6.72,247.0,CPG
2023-06-14 11:06:00,6.72,6.725,6.72,6.725,3574.0,CPG
2023-06-14 11:05:00,6.73,6.735,6.72,6.72,4552.0,CPG
2023-06-14 11:04:00,6.74,6.74,6.73,6.73,6119.0,CPG
2023-06-14 11:03:00,6.74,6.74,6.74,6.74,9512.0,CPG
2023-06-14 11:02:00,6.74,6.746,6.735,6.74,14686.0,CPG
2023-06-14 11:01:00,6.73,6.73,6.73,6.73,3820.0,CPG
2023-06-14 11:00:00,6.735,6.735,6.73,6.73,3282.0,CPG
2023-06-14 10:59:00,6.729,6.73,6.725,6.73,19115.0,CPG
2023-06-14 10:58:00,6.72,6.73,6.72,6.725,4535.0,CPG
2023-06-14 10:57:00,6.725,6.73,6.725,6.725,1631.0,CPG
2023-06-14 10:56:00,6.72,6.73,6.72,6.73,2891.0,CPG
2023-06-14 10:55:00,6.725,6.725,6.72,6.72,2796.0,CPG
2023-06-14 10:54:00,6.72,6.73,6.72,6.725,2102.0,CPG
2023-06-14 10:53:00,6.72,6.72,6.72,6.72,800.0,CPG
2023-06-14 10:52:00,6.725,6.73,6.72,6.73,8729.0,CPG
2023-06-14 10:51:00,6.73,6.73,6.72,6.72,16536.0,CPG
2023-06-14 10:50:00,6.74,6.74,6.73,6.73,3598.0,CPG
2023-06-14 10:49:00,6.75,6.75,6.74,6.745,4983.0,CPG
2023-06-14 10:48:00,6.755,6.755,6.75,6.75,6278.0,CPG
2023-06-14 10:47:00,6.745,6.755,6.73,6.755,58456.0,CPG
2023-06-14 10:46:00,6.745,6.75,6.74,6.745,24806.0,CPG
2023-06-14 10:45:00,6.75,6.75,6.745,6.745,12541.0,CPG
2023-06-14 10:44:00,6.74,6.745,6.74,6.74,9964.0,CPG
2023-06-14 10:43:00,6.735,6.735,6.73,6.735,2112.0,CPG
2023-06-14 10:42:00,6.745,6.745,6.74,6.74,10732.0,CPG
2023-06-14 10:41:00,6.745,6.745,6.745,6.745,254.0,CPG
2023-06-14 10:40:00,6.74,6.745,6.74,6.74,4143.0,CPG
2023-06-14 10:39:00,6.74,6.741,6.74,6.74,7311.0,CPG
2023-06-14 10:38:00,6.73,6.74,6.73,6.74,3822.0,CPG
2023-06-14 10:37:00,6.725,6.735,6.725,6.73,26247.0,CPG
2023-06-14 10:36:00,6.74,6.74,6.72,6.725,32892.0,CPG
2023-06-14 10:35:00,6.74,6.745,6.74,6.745,1530.0,CPG
2023-06-14 10:34:00,6.75,6.755,6.75,6.75,12575.0,CPG
2023-06-14 10:33:00,6.75,6.75,6.745,6.75,7741.0,CPG
2023-06-14 10:32:00,6.75,6.755,6.75,6.755,5302.0,CPG
2023-06-14 10:31:00,6.75,6.75,6.75,6.75,4328.0,CPG
2023-06-14 10:30:00,6.77,6.775,6.75,6.755,34960.0,CPG
2023-06-14 10:29:00,6.78,6.78,6.775,6.775,1540.0,CPG
2023-06-14 10:28:00,6.775,6.78,6.775,6.78,5293.0,CPG
2023-06-14 10:27:00,6.772,6.78,6.772,6.78,2037.0,CPG
2023-06-14 10:26:00,6.78,6.78,6.779,6.78,5573.0,CPG
2023-06-14 10:25:00,6.78,6.78,6.78,6.78,731.0,CPG
2023-06-14 10:24:00,6.775,6.78,6.775,6.78,7913.0,CPG
2023-06-14 10:23:00,6.78,6.78,6.78,6.78,171.0,CPG
2023-06-14 10:22:00,6.77,6.77,6.77,6.77,20032.0,CPG
2023-06-14 10:21:00,6.78,6.78,6.78,6.78,5321.0,CPG
2023-06-14 10:20:00,6.79,6.79,6.78,6.78,9930.0,CPG
2023-06-14 10:19:00,6.795,6.795,6.79,6.79,5972.0,CPG
2023-06-14 10:18:00,6.79,6.795,6.79,6.795,6531.0,CPG
2023-06-14 10:17:00,6.785,6.785,6.785,6.785,211.0,CPG
2023-06-14 10:16:00,6.76,6.79,6.76,6.79,39092.0,CPG
2023-06-14 10:15:00,6.765,6.765,6.76,6.76,6745.0,CPG
2023-06-14 10:14:00,6.765,6.765,6.76,6.765,4991.0,CPG
2023-06-14 10:13:00,6.77,6.77,6.765,6.768,17180.0,CPG
2023-06-14 10:12:00,6.769,6.77,6.765,6.77,31062.0,CPG
2023-06-14 10:11:00,6.765,6.769,6.76,6.769,11772.0,CPG
2023-06-14 10:10:00,6.765,6.765,6.765,6.765,15055.0,CPG
2023-06-14 10:09:00,6.76,6.765,6.76,6.765,12694.0,CPG
2023-06-14 10:08:00,6.75,6.755,6.745,6.755,10636.0,CPG
2023-06-14 10:07:00,6.76,6.76,6.76,6.76,531.0,CPG
2023-06-14 10:06:00,6.76,6.76,6.755,6.758,1529.0,CPG
2023-06-14 10:05:00,6.75,6.76,6.75,6.76,5326.0,CPG
2023-06-14 10:04:00,6.75,6.75,6.749,6.749,10800.0,CPG
2023-06-14 10:03:00,6.76,6.765,6.75,6.75,4323.0,CPG
2023-06-14 10:02:00,6.759,6.768,6.759,6.76,13408.0,CPG
2023-06-14 10:01:00,6.76,6.76,6.76,6.76,2185.0,CPG
2023-06-14 10:00:00,6.755,6.76,6.751,6.751,17193.0,CPG
2023-06-14 09:59:00,6.765,6.77,6.76,6.76,1333.0,CPG
2023-06-14 09:58:00,6.76,6.765,6.755,6.765,3576.0,CPG
2023-06-14 09:57:00,6.76,6.76,6.76,6.76,510.0,CPG
2023-06-14 09:56:00,6.779,6.78,6.77,6.77,3806.0,CPG
2023-06-14 09:55:00,6.79,6.79,6.78,6.78,7373.0,CPG
2023-06-14 09:54:00,6.79,6.8,6.79,6.79,2946.0,CPG
2023-06-14 09:53:00,6.79,6.79,6.79,6.79,8089.0,CPG
2023-06-14 09:52:00,6.8,6.805,6.79,6.79,8997.0,CPG
2023-06-14 09:51:00,6.79,6.79,6.79,6.79,1351.0,CPG
2023-06-14 09:50:00,6.79,6.79,6.79,6.79,3216.0,CPG
2023-06-14 09:49:00,6.8,6.8,6.79,6.79,4031.0,CPG
2023-06-14 09:48:00,6.81,6.815,6.81,6.81,9668.0,CPG
2023-06-14 09:47:00,6.82,6.82,6.81,6.81,1769.0,CPG
2023-06-14 09:46:00,6.83,6.83,6.83,6.83,601.0,CPG
2023-06-14 09:45:00,6.83,6.83,6.825,6.825,3220.0,CPG
2023-06-14 09:44:00,6.83,6.83,6.825,6.83,7132.0,CPG
2023-06-14 09:43:00,6.83,6.83,6.83,6.83,2266.0,CPG
2023-06-14 09:42:00,6.81,6.82,6.81,6.82,70190.0,CPG
2023-06-14 09:41:00,6.83,6.83,6.8,6.81,35709.0,CPG
2023-06-14 09:40:00,6.85,6.85,6.83,6.83,6844.0,CPG
2023-06-14 09:39:00,6.86,6.86,6.84,6.84,13621.0,CPG
2023-06-14 09:38:00,6.86,6.87,6.86,6.86,11396.0,CPG
2023-06-14 09:37:00,6.85,6.86,6.845,6.86,15027.0,CPG
2023-06-14 09:36:00,6.83,6.84,6.83,6.84,25900.0,CPG
2023-06-14 09:35:00,6.84,6.84,6.83,6.84,36279.0,CPG
2023-06-14 09:34:00,6.83,6.845,6.83,6.845,34428.0,CPG
2023-06-14 09:33:00,6.82,6.83,6.82,6.83,28261.0,CPG
2023-06-14 09:32:00,6.82,6.83,6.82,6.83,6362.0,CPG
2023-06-14 09:31:00,6.83,6.83,6.81,6.82,35623.0,CPG
2023-06-14 09:30:00,6.84,6.84,6.81,6.83,27786.0,CPG
2023-06-14 09:26:00,6.95,6.95,6.95,6.95,2.0,CPG
2023-06-14 08:50:00,6.95,6.95,6.95,6.95,1.0,CPG
2023-06-14 08:44:00,6.81,6.83,6.81,6.83,20.0,CPG
2023-06-14 08:36:00,6.82,6.82,6.82,6.82,20.0,CPG
2023-06-14 08:11:00,6.93,6.93,6.93,6.93,1.0,CPG
2023-06-14 08:02:00,7.04,7.04,7.04,7.04,10.0,CPG
2023-06-14 07:53:00,6.82,6.82,6.82,6.82,1.0,CPG
2023-06-14 07:07:00,6.86,6.86,6.85,6.85,79.0,CPG
2023-06-13 19:53:00,6.746,6.746,6.746,6.746,1.0,CPG
2023-06-13 19:00:00,6.746,6.746,6.746,6.746,47174.0,CPG
2023-06-13 18:30:00,6.746,6.746,6.746,6.746,47174.0,CPG
2023-06-13 18:11:00,6.756,6.756,6.756,6.756,1635.0,CPG
2023-06-13 17:52:00,6.746,6.746,6.746,6.746,1635.0,CPG
2023-06-13 17:38:00,6.756,6.756,6.756,6.756,5.0,CPG
2023-06-13 17:00:00,6.756,6.756,6.756,6.756,1.0,CPG
2023-06-13 16:50:00,6.756,6.756,6.756,6.756,1.0,CPG
2023-06-13 16:47:00,6.756,6.756,6.756,6.756,500.0,CPG
2023-06-13 16:24:00,6.756,6.756,6.756,6.756,50.0,CPG
2023-06-13 16:10:00,6.746,6.746,6.746,6.746,47174.0,CPG
2023-06-13 16:00:00,6.751,6.751,6.746,6.746,101022.0,CPG
2023-06-13 15:59:00,6.741,6.756,6.736,6.751,83761.0,CPG
2023-06-13 15:58:00,6.741,6.744,6.736,6.736,12592.0,CPG
2023-06-13 15:57:00,6.751,6.751,6.736,6.741,37008.0,CPG
2023-06-13 15:56:00,6.746,6.751,6.746,6.746,10436.0,CPG
2023-06-13 15:55:00,6.746,6.751,6.746,6.746,48861.0,CPG
2023-06-13 15:54:00,6.746,6.751,6.746,6.751,5424.0,CPG
2023-06-13 15:53:00,6.746,6.751,6.746,6.746,3050.0,CPG
2023-06-13 15:52:00,6.746,6.751,6.746,6.748,2988.0,CPG
2023-06-13 15:51:00,6.746,6.751,6.746,6.746,2210.0,CPG
2023-06-13 15:50:00,6.746,6.751,6.746,6.746,16664.0,CPG
2023-06-13 15:49:00,6.746,6.756,6.746,6.746,25182.0,CPG
2023-06-13 15:48:00,6.751,6.751,6.746,6.746,2727.0,CPG
2023-06-13 15:47:00,6.751,6.756,6.746,6.751,12826.0,CPG
2023-06-13 15:46:00,6.751,6.756,6.751,6.751,11678.0,CPG
2023-06-13 15:45:00,6.761,6.761,6.746,6.746,13031.0,CPG
2023-06-13 15:44:00,6.766,6.766,6.756,6.761,24272.0,CPG
2023-06-13 15:43:00,6.766,6.766,6.766,6.766,3170.0,CPG
2023-06-13 15:42:00,6.771,6.775,6.766,6.766,2226.0,CPG
2023-06-13 15:41:00,6.771,6.771,6.771,6.771,148.0,CPG
2023-06-13 15:40:00,6.766,6.766,6.766,6.766,24491.0,CPG
2023-06-13 15:39:00,6.766,6.766,6.761,6.766,22071.0,CPG
2023-06-13 15:38:00,6.766,6.771,6.766,6.766,5366.0,CPG
2023-06-13 15:37:00,6.771,6.771,6.771,6.771,606.0,CPG
2023-06-13 15:36:00,6.771,6.781,6.771,6.776,54162.0,CPG
2023-06-13 15:35:00,6.777,6.777,6.766,6.771,26549.0,CPG
2023-06-13 15:34:00,6.781,6.781,6.776,6.776,1224.0,CPG
2023-06-13 15:33:00,6.776,6.781,6.776,6.781,16357.0,CPG
2023-06-13 15:32:00,6.776,6.781,6.776,6.776,625.0,CPG
2023-06-13 15:31:00,6.776,6.781,6.776,6.776,448.0,CPG
2023-06-13 15:30:00,6.776,6.781,6.776,6.776,2439.0,CPG
2023-06-13 15:29:00,6.781,6.781,6.776,6.776,753.0,CPG
2023-06-13 15:28:00,6.781,6.781,6.776,6.781,7155.0,CPG
2023-06-13 15:27:00,6.786,6.786,6.778,6.781,3866.0,CPG
2023-06-13 15:26:00,6.776,6.786,6.766,6.786,27977.0,CPG
2023-06-13 15:25:00,6.771,6.776,6.766,6.776,9086.0,CPG
2023-06-13 15:24:00,6.781,6.781,6.776,6.776,16876.0,CPG
2023-06-13 15:23:00,6.781,6.781,6.781,6.781,224.0,CPG
2023-06-13 15:22:00,6.791,6.796,6.781,6.781,31802.0,CPG
2023-06-13 15:21:00,6.791,6.796,6.786,6.791,1932.0,CPG
2023-06-13 15:19:00,6.796,6.796,6.796,6.796,217.0,CPG
2023-06-13 15:18:00,6.791,6.796,6.791,6.796,715.0,CPG
2023-06-13 15:17:00,6.778,6.796,6.778,6.788,19479.0,CPG
2023-06-13 15:16:00,6.781,6.786,6.776,6.786,11416.0,CPG
2023-06-13 15:15:00,6.781,6.786,6.777,6.781,3294.0,CPG
2023-06-13 15:14:00,6.778,6.786,6.778,6.786,3748.0,CPG
2023-06-13 15:13:00,6.778,6.786,6.778,6.786,2208.0,CPG
2023-06-13 15:12:00,6.786,6.786,6.776,6.786,5402.0,CPG
2023-06-13 15:11:00,6.781,6.786,6.778,6.786,3795.0,CPG
2023-06-13 15:10:00,6.781,6.786,6.778,6.786,1206.0,CPG
2023-06-13 15:09:00,6.786,6.786,6.776,6.786,2301.0,CPG
2023-06-13 15:08:00,6.786,6.786,6.776,6.786,4461.0,CPG
2023-06-13 15:07:00,6.786,6.786,6.776,6.786,5000.0,CPG
2023-06-13 15:06:00,6.786,6.786,6.776,6.786,14104.0,CPG
2023-06-13 15:05:00,6.781,6.786,6.781,6.786,5533.0,CPG
2023-06-13 15:04:00,6.781,6.786,6.781,6.786,610.0,CPG
2023-06-13 15:02:00,6.781,6.781,6.776,6.776,4111.0,CPG
2023-06-13 15:01:00,6.776,6.776,6.776,6.776,21895.0,CPG
2023-06-13 15:00:00,6.771,6.776,6.771,6.776,4410.0,CPG
2023-06-13 14:58:00,6.776,6.776,6.771,6.771,3564.0,CPG
2023-06-13 14:57:00,6.771,6.776,6.771,6.776,2457.0,CPG
2023-06-13 14:56:00,6.776,6.776,6.771,6.771,23732.0,CPG
2023-06-13 14:55:00,6.771,6.776,6.771,6.776,1868.0,CPG
2023-06-13 14:53:00,6.766,6.776,6.765,6.776,20087.0,CPG
2023-06-13 14:52:00,6.766,6.766,6.761,6.765,24803.0,CPG
2023-06-13 14:50:00,6.766,6.766,6.766,6.766,535.0,CPG
2023-06-13 14:49:00,6.766,6.766,6.766,6.766,100.0,CPG
2023-06-13 14:47:00,6.766,6.771,6.766,6.771,1736.0,CPG
2023-06-13 14:46:00,6.766,6.766,6.761,6.766,19217.0,CPG
2023-06-13 14:45:00,6.766,6.766,6.761,6.761,7826.0,CPG
2023-06-13 14:44:00,6.766,6.766,6.766,6.766,160.0,CPG
2023-06-13 14:41:00,6.776,6.776,6.771,6.775,14060.0,CPG
2023-06-13 14:40:00,6.781,6.781,6.781,6.781,101.0,CPG
2023-06-13 14:39:00,6.776,6.786,6.771,6.785,33298.0,CPG
2023-06-13 14:38:00,6.771,6.771,6.766,6.766,635.0,CPG
2023-06-13 14:37:00,6.766,6.766,6.766,6.766,1135.0,CPG
2023-06-13 14:36:00,6.756,6.766,6.756,6.766,15744.0,CPG
2023-06-13 14:35:00,6.766,6.766,6.766,6.766,522.0,CPG
2023-06-13 14:34:00,6.766,6.767,6.766,6.767,313.0,CPG
2023-06-13 14:33:00,6.766,6.766,6.766,6.766,251.0,CPG
2023-06-13 14:30:00,6.766,6.771,6.766,6.766,3785.0,CPG
2023-06-13 14:29:00,6.786,6.786,6.771,6.776,21267.0,CPG
2023-06-13 14:28:00,6.796,6.796,6.786,6.786,20869.0,CPG
2023-06-13 14:27:00,6.801,6.801,6.796,6.796,3876.0,CPG
2023-06-13 14:25:00,6.806,6.811,6.801,6.801,11033.0,CPG
2023-06-13 14:24:00,6.806,6.806,6.805,6.805,106.0,CPG
2023-06-13 14:23:00,6.806,6.806,6.805,6.805,252.0,CPG
2023-06-13 14:22:00,6.811,6.811,6.805,6.81,3778.0,CPG
2023-06-13 14:21:00,6.815,6.815,6.81,6.81,10370.0,CPG
2023-06-13 14:20:00,6.82,6.82,6.82,6.82,158.0,CPG
2023-06-13 14:18:00,6.82,6.82,6.815,6.815,615.0,CPG
2023-06-13 14:17:00,6.82,6.82,6.82,6.82,476.0,CPG
2023-06-13 14:16:00,6.815,6.815,6.815,6.815,721.0,CPG
2023-06-13 14:15:00,6.82,6.825,6.82,6.82,3778.0,CPG
2023-06-13 14:14:00,6.827,6.827,6.825,6.825,23719.0,CPG
2023-06-13 14:13:00,6.825,6.825,6.825,6.825,2100.0,CPG
2023-06-13 14:12:00,6.825,6.83,6.82,6.83,16016.0,CPG
2023-06-13 14:11:00,6.825,6.825,6.825,6.825,135.0,CPG
2023-06-13 14:10:00,6.825,6.826,6.825,6.826,1047.0,CPG
2023-06-13 14:08:00,6.825,6.826,6.825,6.826,2600.0,CPG
2023-06-13 14:07:00,6.825,6.835,6.825,6.83,15781.0,CPG
2023-06-13 14:06:00,6.825,6.825,6.82,6.825,3791.0,CPG
2023-06-13 14:04:00,6.82,6.82,6.815,6.815,3482.0,CPG
2023-06-13 14:03:00,6.825,6.825,6.815,6.82,3133.0,CPG
2023-06-13 14:02:00,6.82,6.82,6.82,6.82,1220.0,CPG
2023-06-13 14:01:00,6.825,6.825,6.82,6.825,1365.0,CPG
2023-06-13 14:00:00,6.825,6.825,6.825,6.825,2331.0,CPG
2023-06-13 13:59:00,6.82,6.825,6.82,6.82,2410.0,CPG
2023-06-13 13:58:00,6.825,6.825,6.82,6.82,5319.0,CPG
2023-06-13 13:57:00,6.825,6.835,6.815,6.815,79201.0,CPG
2023-06-13 13:56:00,6.82,6.825,6.82,6.82,9107.0,CPG
2023-06-13 13:55:00,6.825,6.825,6.82,6.825,8761.0,CPG
2023-06-13 13:54:00,6.82,6.825,6.82,6.82,1098.0,CPG
2023-06-13 13:53:00,6.815,6.815,6.815,6.815,109.0,CPG
2023-06-13 13:52:00,6.82,6.82,6.817,6.817,811.0,CPG
2023-06-13 13:51:00,6.82,6.82,6.82,6.82,200.0,CPG
2023-06-13 13:50:00,6.82,6.825,6.82,6.825,534.0,CPG
2023-06-13 13:49:00,6.82,6.825,6.817,6.817,3024.0,CPG
2023-06-13 13:48:00,6.82,6.82,6.82,6.82,307.0,CPG
2023-06-13 13:46:00,6.825,6.825,6.815,6.815,8631.0,CPG
2023-06-13 13:45:00,6.825,6.825,6.825,6.825,15460.0,CPG
2023-06-13 13:44:00,6.825,6.83,6.825,6.825,5300.0,CPG
2023-06-13 13:43:00,6.82,6.83,6.818,6.83,25731.0,CPG
2023-06-13 13:42:00,6.815,6.815,6.815,6.815,213.0,CPG
2023-06-13 13:41:00,6.82,6.82,6.815,6.82,877.0,CPG
2023-06-13 13:40:00,6.82,6.82,6.82,6.82,1390.0,CPG
2023-06-13 13:39:00,6.815,6.815,6.815,6.815,161.0,CPG
2023-06-13 13:38:00,6.815,6.82,6.815,6.82,300.0,CPG
2023-06-13 13:36:00,6.825,6.825,6.825,6.825,11989.0,CPG
2023-06-13 13:35:00,6.825,6.825,6.825,6.825,344.0,CPG
2023-06-13 13:34:00,6.835,6.835,6.825,6.825,14797.0,CPG
2023-06-13 13:33:00,6.835,6.84,6.835,6.835,3049.0,CPG
2023-06-13 13:32:00,6.835,6.84,6.835,6.84,4940.0,CPG
2023-06-13 13:31:00,6.837,6.837,6.837,6.837,555.0,CPG
2023-06-13 13:30:00,6.844,6.846,6.84,6.84,34299.0,CPG
2023-06-13 13:29:00,6.845,6.845,6.844,6.844,10632.0,CPG
2023-06-13 13:28:00,6.85,6.85,6.844,6.845,16703.0,CPG
2023-06-13 13:27:00,6.845,6.85,6.844,6.845,12157.0,CPG
2023-06-13 13:26:00,6.845,6.845,6.845,6.845,4022.0,CPG
2023-06-13 13:24:00,6.845,6.845,6.84,6.845,1355.0,CPG
2023-06-13 13:23:00,6.845,6.845,6.835,6.835,968.0,CPG
2023-06-13 13:22:00,6.84,6.84,6.84,6.84,300.0,CPG
2023-06-13 13:21:00,6.835,6.84,6.835,6.835,17634.0,CPG
2023-06-13 13:20:00,6.835,6.835,6.834,6.835,835.0,CPG
2023-06-13 13:19:00,6.835,6.835,6.825,6.835,50095.0,CPG
2023-06-13 13:18:00,6.83,6.835,6.825,6.83,500.0,CPG
2023-06-13 13:17:00,6.825,6.83,6.825,6.83,894.0,CPG
2023-06-13 13:16:00,6.835,6.835,6.825,6.825,10304.0,CPG
2023-06-13 13:15:00,6.825,6.835,6.825,6.825,15998.0,CPG
2023-06-13 13:14:00,6.825,6.835,6.825,6.83,4526.0,CPG
2023-06-13 13:13:00,6.825,6.83,6.825,6.825,650.0,CPG
2023-06-13 13:12:00,6.835,6.835,6.825,6.83,11511.0,CPG
2023-06-13 13:11:00,6.835,6.835,6.835,6.835,723.0,CPG
2023-06-13 13:10:00,6.84,6.84,6.835,6.835,3195.0,CPG
2023-06-13 13:09:00,6.84,6.845,6.835,6.84,13274.0,CPG
2023-06-13 13:08:00,6.845,6.845,6.835,6.835,19323.0,CPG
2023-06-13 13:07:00,6.85,6.85,6.845,6.845,261.0,CPG
2023-06-13 13:06:00,6.845,6.845,6.845,6.845,223.0,CPG
2023-06-13 13:05:00,6.845,6.845,6.845,6.845,111.0,CPG
2023-06-13 13:04:00,6.845,6.845,6.845,6.845,1124.0,CPG
2023-06-13 13:03:00,6.845,6.845,6.845,6.845,320.0,CPG
2023-06-13 13:02:00,6.845,6.845,6.845,6.845,207.0,CPG
2023-06-13 13:01:00,6.845,6.85,6.845,6.85,844.0,CPG
2023-06-13 13:00:00,6.85,6.85,6.85,6.85,297.0,CPG
2023-06-13 12:59:00,6.845,6.845,6.845,6.845,1045.0,CPG
2023-06-13 12:58:00,6.845,6.845,6.845,6.845,134.0,CPG
2023-06-13 12:57:00,6.845,6.845,6.845,6.845,256.0,CPG
2023-06-13 12:56:00,6.85,6.85,6.845,6.845,380.0,CPG
2023-06-13 12:55:00,6.845,6.85,6.845,6.848,1701.0,CPG
2023-06-13 12:53:00,6.85,6.85,6.85,6.85,175.0,CPG
2023-06-13 12:52:00,6.847,6.85,6.847,6.847,1917.0,CPG
2023-06-13 12:49:00,6.855,6.855,6.845,6.845,800.0,CPG
2023-06-13 12:48:00,6.845,6.845,6.845,6.845,3428.0,CPG
2023-06-13 12:47:00,6.845,6.85,6.845,6.85,2754.0,CPG
2023-06-13 12:46:00,6.845,6.845,6.84,6.845,9793.0,CPG
2023-06-13 12:45:00,6.845,6.85,6.84,6.845,21546.0,CPG
2023-06-13 12:44:00,6.845,6.845,6.845,6.845,4815.0,CPG
2023-06-13 12:43:00,6.845,6.845,6.845,6.845,847.0,CPG
2023-06-13 12:42:00,6.843,6.845,6.835,6.845,3589.0,CPG
2023-06-13 12:41:00,6.834,6.845,6.834,6.84,13941.0,CPG
2023-06-13 12:40:00,6.835,6.835,6.83,6.835,1352.0,CPG
2023-06-13 12:39:00,6.835,6.835,6.83,6.831,4533.0,CPG
2023-06-13 12:38:00,6.835,6.84,6.83,6.835,32062.0,CPG
2023-06-13 12:37:00,6.83,6.835,6.83,6.83,1647.0,CPG
2023-06-13 12:35:00,6.83,6.835,6.826,6.826,2594.0,CPG
2023-06-13 12:34:00,6.825,6.825,6.825,6.825,346.0,CPG
2023-06-13 12:33:00,6.825,6.825,6.825,6.825,515.0,CPG
2023-06-13 12:32:00,6.825,6.83,6.82,6.83,29528.0,CPG
2023-06-13 12:31:00,6.825,6.825,6.82,6.82,4886.0,CPG
2023-06-13 12:30:00,6.815,6.815,6.815,6.815,1440.0,CPG
2023-06-13 12:28:00,6.815,6.815,6.815,6.815,251.0,CPG
2023-06-13 12:26:00,6.815,6.815,6.815,6.815,161.0,CPG
2023-06-13 12:25:00,6.825,6.825,6.815,6.82,11910.0,CPG
2023-06-13 12:24:00,6.825,6.83,6.825,6.83,3545.0,CPG
2023-06-13 12:23:00,6.825,6.825,6.815,6.825,9977.0,CPG
2023-06-13 12:22:00,6.82,6.825,6.82,6.825,4532.0,CPG
2023-06-13 12:21:00,6.825,6.825,6.82,6.82,2343.0,CPG
2023-06-13 12:20:00,6.825,6.835,6.825,6.825,11191.0,CPG
2023-06-13 12:19:00,6.825,6.825,6.825,6.825,533.0,CPG
2023-06-13 12:18:00,6.825,6.825,6.825,6.825,10767.0,CPG
2023-06-13 12:17:00,6.83,6.83,6.825,6.825,704.0,CPG
2023-06-13 12:16:00,6.825,6.825,6.825,6.825,15157.0,CPG
2023-06-13 12:15:00,6.82,6.825,6.82,6.825,6048.0,CPG
2023-06-13 12:14:00,6.82,6.82,6.815,6.815,264.0,CPG
2023-06-13 12:13:00,6.825,6.825,6.825,6.825,2196.0,CPG
2023-06-13 12:12:00,6.825,6.825,6.825,6.825,1800.0,CPG
2023-06-13 12:11:00,6.825,6.825,6.825,6.825,484.0,CPG
2023-06-13 12:10:00,6.84,6.84,6.835,6.835,27206.0,CPG
2023-06-13 12:09:00,6.835,6.837,6.835,6.837,555.0,CPG
2023-06-13 12:08:00,6.845,6.845,6.835,6.835,1901.0,CPG
2023-06-13 12:07:00,6.84,6.84,6.84,6.84,268.0,CPG
2023-06-13 12:06:00,6.835,6.845,6.835,6.845,4527.0,CPG
2023-06-13 12:05:00,6.83,6.835,6.83,6.835,11153.0,CPG
2023-06-13 12:04:00,6.825,6.825,6.825,6.825,8717.0,CPG
2023-06-13 12:03:00,6.825,6.825,6.82,6.82,50423.0,CPG
2023-06-13 12:02:00,6.82,6.82,6.82,6.82,2822.0,CPG
2023-06-13 12:01:00,6.82,6.82,6.82,6.82,352.0,CPG
2023-06-13 12:00:00,6.82,6.82,6.82,6.82,1377.0,CPG
2023-06-13 11:59:00,6.825,6.825,6.82,6.82,3338.0,CPG
2023-06-13 11:58:00,6.83,6.83,6.825,6.826,612.0,CPG
2023-06-13 11:57:00,6.835,6.835,6.835,6.835,2628.0,CPG
2023-06-13 11:56:00,6.84,6.84,6.84,6.84,4111.0,CPG
2023-06-13 11:55:00,6.835,6.84,6.835,6.84,915.0,CPG
2023-06-13 11:54:00,6.845,6.845,6.84,6.84,1096.0,CPG
2023-06-13 11:53:00,6.84,6.84,6.835,6.84,2824.0,CPG
2023-06-13 11:52:00,6.845,6.845,6.835,6.835,7503.0,CPG
2023-06-13 11:50:00,6.835,6.845,6.835,6.835,21085.0,CPG
2023-06-13 11:48:00,6.825,6.83,6.825,6.825,1910.0,CPG
2023-06-13 11:47:00,6.835,6.835,6.83,6.83,2657.0,CPG
2023-06-13 11:46:00,6.83,6.83,6.825,6.825,1266.0,CPG
2023-06-13 11:45:00,6.835,6.835,6.834,6.834,2324.0,CPG
2023-06-13 11:44:00,6.835,6.84,6.835,6.835,6316.0,CPG
2023-06-13 11:43:00,6.83,6.84,6.83,6.84,4867.0,CPG
2023-06-13 11:42:00,6.825,6.835,6.825,6.83,635.0,CPG
2023-06-13 11:41:00,6.825,6.834,6.825,6.825,5693.0,CPG
2023-06-13 11:40:00,6.825,6.825,6.815,6.82,3462.0,CPG
2023-06-13 11:39:00,6.815,6.825,6.815,6.82,4364.0,CPG
2023-06-13 11:38:00,6.82,6.82,6.815,6.815,200.0,CPG
2023-06-13 11:37:00,6.83,6.83,6.825,6.825,2731.0,CPG
2023-06-13 11:36:00,6.835,6.835,6.828,6.828,2425.0,CPG
2023-06-13 11:35:00,6.83,6.83,6.83,6.83,300.0,CPG
2023-06-13 11:34:00,6.825,6.829,6.825,6.829,1206.0,CPG
2023-06-13 11:32:00,6.827,6.827,6.825,6.825,4398.0,CPG
2023-06-13 11:31:00,6.827,6.835,6.827,6.83,6342.0,CPG
2023-06-13 11:30:00,6.835,6.835,6.83,6.83,3597.0,CPG
2023-06-13 11:29:00,6.845,6.845,6.84,6.84,2569.0,CPG
2023-06-13 11:28:00,6.845,6.845,6.835,6.845,12169.0,CPG
2023-06-13 11:27:00,6.835,6.835,6.835,6.835,1707.0,CPG
2023-06-13 11:26:00,6.845,6.845,6.835,6.835,420.0,CPG
2023-06-13 11:25:00,6.835,6.835,6.835,6.835,9753.0,CPG
2023-06-13 11:24:00,6.835,6.84,6.835,6.835,3509.0,CPG
2023-06-13 11:23:00,6.835,6.835,6.835,6.835,12860.0,CPG
2023-06-13 11:22:00,6.825,6.83,6.825,6.825,775.0,CPG
2023-06-13 11:21:00,6.83,6.83,6.83,6.83,400.0,CPG
2023-06-13 11:20:00,6.83,6.83,6.83,6.83,340.0,CPG
2023-06-13 11:19:00,6.835,6.835,6.83,6.83,1828.0,CPG
2023-06-13 11:18:00,6.83,6.83,6.825,6.83,602.0,CPG
2023-06-13 11:17:00,6.835,6.835,6.835,6.835,2432.0,CPG
2023-06-13 11:16:00,6.835,6.835,6.835,6.835,11470.0,CPG
2023-06-13 11:15:00,6.835,6.84,6.83,6.835,6302.0,CPG
2023-06-13 11:14:00,6.835,6.835,6.83,6.83,585.0,CPG
2023-06-13 11:13:00,6.825,6.825,6.817,6.825,18122.0,CPG
2023-06-13 11:12:00,6.825,6.825,6.825,6.825,14314.0,CPG
2023-06-13 11:11:00,6.825,6.83,6.825,6.825,1813.0,CPG
2023-06-13 11:10:00,6.83,6.83,6.83,6.83,1200.0,CPG
2023-06-13 11:09:00,6.825,6.83,6.825,6.825,961.0,CPG
2023-06-13 11:08:00,6.83,6.83,6.83,6.83,300.0,CPG
2023-06-13 11:07:00,6.83,6.835,6.83,6.83,1368.0,CPG
2023-06-13 11:06:00,6.83,6.835,6.825,6.825,2201.0,CPG
2023-06-13 11:05:00,6.835,6.835,6.835,6.835,391.0,CPG
2023-06-13 11:04:00,6.835,6.835,6.83,6.835,7829.0,CPG
2023-06-13 11:03:00,6.845,6.845,6.835,6.835,7361.0,CPG
2023-06-13 11:02:00,6.835,6.845,6.835,6.84,3445.0,CPG
2023-06-13 11:01:00,6.845,6.845,6.835,6.835,26424.0,CPG
2023-06-13 11:00:00,6.845,6.845,6.84,6.845,10543.0,CPG
2023-06-13 10:59:00,6.845,6.845,6.84,6.845,1391.0,CPG
2023-06-13 10:58:00,6.855,6.855,6.845,6.845,13772.0,CPG
2023-06-13 10:57:00,6.855,6.855,6.85,6.855,6057.0,CPG
2023-06-13 10:56:00,6.845,6.855,6.845,6.855,14413.0,CPG
2023-06-13 10:55:00,6.845,6.845,6.84,6.845,17705.0,CPG
2023-06-13 10:54:00,6.845,6.85,6.84,6.84,9079.0,CPG
2023-06-13 10:53:00,6.855,6.855,6.845,6.855,23584.0,CPG
2023-06-13 10:52:00,6.86,6.86,6.855,6.86,4530.0,CPG
2023-06-13 10:51:00,6.865,6.865,6.864,6.864,8056.0,CPG
2023-06-13 10:50:00,6.855,6.865,6.855,6.86,24007.0,CPG
2023-06-13 10:49:00,6.85,6.855,6.85,6.85,4325.0,CPG
2023-06-13 10:48:00,6.85,6.855,6.845,6.851,25651.0,CPG
2023-06-13 10:47:00,6.875,6.875,6.855,6.855,31524.0,CPG
2023-06-13 10:46:00,6.87,6.875,6.869,6.87,7545.0,CPG
2023-06-13 10:45:00,6.87,6.875,6.87,6.87,2228.0,CPG
2023-06-13 10:44:00,6.875,6.875,6.865,6.875,51448.0,CPG
2023-06-13 10:43:00,6.88,6.88,6.875,6.875,6646.0,CPG
2023-06-13 10:42:00,6.885,6.885,6.877,6.877,554.0,CPG
2023-06-13 10:41:00,6.875,6.885,6.875,6.88,2492.0,CPG
2023-06-13 10:40:00,6.885,6.885,6.875,6.875,4369.0,CPG
2023-06-13 10:39:00,6.875,6.875,6.875,6.875,377.0,CPG
2023-06-13 10:38:00,6.875,6.88,6.875,6.88,7526.0,CPG
2023-06-13 10:37:00,6.88,6.88,6.88,6.88,502.0,CPG
2023-06-13 10:36:00,6.88,6.88,6.875,6.88,6112.0,CPG
2023-06-13 10:35:00,6.875,6.885,6.865,6.885,7614.0,CPG
2023-06-13 10:34:00,6.875,6.875,6.87,6.87,3016.0,CPG
2023-06-13 10:33:00,6.875,6.875,6.87,6.87,20243.0,CPG
2023-06-13 10:32:00,6.875,6.875,6.865,6.875,14815.0,CPG
2023-06-13 10:31:00,6.875,6.875,6.865,6.87,8210.0,CPG
2023-06-13 10:30:00,6.885,6.885,6.875,6.875,2449.0,CPG
2023-06-13 10:29:00,6.885,6.885,6.875,6.875,8776.0,CPG
2023-06-13 10:28:00,6.88,6.885,6.88,6.885,5284.0,CPG
2023-06-13 10:27:00,6.88,6.89,6.88,6.885,13389.0,CPG
2023-06-13 10:26:00,6.885,6.885,6.885,6.885,6469.0,CPG
2023-06-13 10:25:00,6.875,6.885,6.875,6.885,7688.0,CPG
2023-06-13 10:24:00,6.875,6.875,6.868,6.875,6006.0,CPG
2023-06-13 10:23:00,6.875,6.88,6.875,6.875,5179.0,CPG
2023-06-13 10:22:00,6.855,6.865,6.855,6.865,6802.0,CPG
2023-06-13 10:21:00,6.855,6.855,6.85,6.855,20284.0,CPG
2023-06-13 10:20:00,6.865,6.865,6.855,6.863,9163.0,CPG
2023-06-13 10:19:00,6.856,6.866,6.856,6.865,15477.0,CPG
2023-06-13 10:18:00,6.855,6.855,6.855,6.855,1502.0,CPG
2023-06-13 10:17:00,6.855,6.855,6.85,6.855,10292.0,CPG
2023-06-13 10:16:00,6.875,6.875,6.855,6.86,6846.0,CPG
2023-06-13 10:15:00,6.885,6.89,6.875,6.875,19480.0,CPG
2023-06-13 10:14:00,6.865,6.88,6.865,6.88,7185.0,CPG
2023-06-13 10:13:00,6.88,6.88,6.865,6.865,10405.0,CPG
2023-06-13 10:12:00,6.875,6.875,6.865,6.875,33313.0,CPG
2023-06-13 10:11:00,6.87,6.875,6.87,6.875,7789.0,CPG
2023-06-13 10:10:00,6.875,6.875,6.865,6.87,4180.0,CPG
2023-06-13 10:09:00,6.88,6.883,6.87,6.88,32042.0,CPG
2023-06-13 10:08:00,6.875,6.882,6.865,6.882,7362.0,CPG
2023-06-13 10:07:00,6.875,6.875,6.87,6.875,12517.0,CPG
2023-06-13 10:06:00,6.88,6.88,6.875,6.875,27070.0,CPG
2023-06-13 10:05:00,6.87,6.885,6.87,6.885,8716.0,CPG
2023-06-13 10:04:00,6.86,6.865,6.86,6.865,3401.0,CPG
2023-06-13 10:03:00,6.845,6.855,6.84,6.855,24067.0,CPG
2023-06-13 10:02:00,6.845,6.845,6.83,6.835,8864.0,CPG
2023-06-13 10:01:00,6.845,6.845,6.835,6.845,4063.0,CPG
2023-06-13 10:00:00,6.844,6.855,6.84,6.85,6927.0,CPG
2023-06-13 09:59:00,6.84,6.845,6.835,6.845,5552.0,CPG
2023-06-13 09:58:00,6.85,6.85,6.835,6.835,5297.0,CPG
2023-06-13 09:57:00,6.85,6.855,6.84,6.845,13592.0,CPG
2023-06-13 09:56:00,6.845,6.845,6.845,6.845,315.0,CPG
2023-06-13 09:55:00,6.85,6.85,6.835,6.845,29341.0,CPG
2023-06-13 09:54:00,6.855,6.855,6.845,6.854,25933.0,CPG
2023-06-13 09:53:00,6.855,6.865,6.85,6.855,12702.0,CPG
2023-06-13 09:52:00,6.855,6.855,6.85,6.85,6249.0,CPG
2023-06-13 09:51:00,6.845,6.855,6.84,6.855,7061.0,CPG
2023-06-13 09:50:00,6.845,6.845,6.84,6.845,10908.0,CPG
2023-06-13 09:49:00,6.825,6.855,6.82,6.85,10058.0,CPG
2023-06-13 09:48:00,6.835,6.835,6.82,6.825,35476.0,CPG
2023-06-13 09:47:00,6.835,6.85,6.835,6.835,18744.0,CPG
2023-06-13 09:46:00,6.83,6.84,6.83,6.835,14908.0,CPG
2023-06-13 09:45:00,6.82,6.83,6.815,6.83,17277.0,CPG
2023-06-13 09:44:00,6.83,6.83,6.82,6.82,7154.0,CPG
2023-06-13 09:43:00,6.815,6.825,6.81,6.825,14936.0,CPG
2023-06-13 09:42:00,6.814,6.826,6.813,6.825,40117.0,CPG
2023-06-13 09:41:00,6.815,6.825,6.81,6.81,8438.0,CPG
2023-06-13 09:40:00,6.811,6.825,6.805,6.816,44137.0,CPG
2023-06-13 09:39:00,6.806,6.815,6.805,6.815,5483.0,CPG
2023-06-13 09:38:00,6.796,6.815,6.796,6.805,34514.0,CPG
2023-06-13 09:37:00,6.796,6.796,6.786,6.791,17185.0,CPG
2023-06-13 09:36:00,6.776,6.796,6.776,6.796,1729.0,CPG
2023-06-13 09:35:00,6.771,6.786,6.771,6.786,15236.0,CPG
2023-06-13 09:34:00,6.776,6.776,6.776,6.776,839.0,CPG
2023-06-13 09:33:00,6.756,6.776,6.756,6.766,2965.0,CPG
2023-06-13 09:32:00,6.771,6.776,6.756,6.756,12049.0,CPG
2023-06-13 09:31:00,6.766,6.776,6.746,6.766,11846.0,CPG
2023-06-13 09:30:00,6.726,6.776,6.726,6.756,130879.0,CPG
2023-06-13 09:29:00,6.726,6.736,6.707,6.707,6336.0,CPG
2023-06-13 09:28:00,6.726,6.736,6.726,6.726,7098.0,CPG
2023-06-13 09:27:00,6.726,6.726,6.726,6.726,56.0,CPG
2023-06-13 09:26:00,6.736,6.756,6.726,6.756,455.0,CPG
2023-06-13 09:25:00,6.736,6.736,6.736,6.736,2.0,CPG
2023-06-13 09:24:00,6.756,6.756,6.756,6.756,592.0,CPG
2023-06-13 09:23:00,6.756,6.756,6.756,6.756,605.0,CPG
2023-06-13 09:20:00,6.756,6.756,6.756,6.756,100.0,CPG
2023-06-13 09:17:00,6.756,6.756,6.756,6.756,150.0,CPG
2023-06-13 09:15:00,6.756,6.756,6.756,6.756,76.0,CPG
2023-06-13 08:41:00,6.717,6.726,6.716,6.726,3800.0,CPG
2023-06-13 08:40:00,6.717,6.717,6.716,6.716,1000.0,CPG
2023-06-13 08:39:00,6.707,6.707,6.707,6.707,500.0,CPG
2023-06-13 08:37:00,6.707,6.717,6.707,6.707,4952.0,CPG
2023-06-13 08:35:00,6.677,6.677,6.667,6.667,160.0,CPG
2023-06-13 08:33:00,6.687,6.687,6.647,6.657,11415.0,CPG
2023-06-13 08:31:00,6.726,6.726,6.726,6.726,200.0,CPG
2023-06-13 08:27:00,6.697,6.697,6.697,6.697,5.0,CPG
2023-06-13 08:02:00,6.707,6.707,6.707,6.707,58.0,CPG
2023-06-13 08:01:00,6.725,6.725,6.725,6.725,30.0,CPG
2023-06-13 07:53:00,6.707,6.717,6.707,6.716,113.0,CPG
2023-06-13 07:44:00,6.707,6.707,6.707,6.707,30.0,CPG
2023-06-13 07:35:00,6.717,6.717,6.716,6.716,10.0,CPG
2023-06-13 07:14:00,6.677,6.677,6.677,6.677,17.0,CPG
2023-06-13 07:07:00,6.726,6.726,6.726,6.726,24.0,CPG
2023-06-13 07:00:00,6.677,6.736,6.677,6.726,44.0,CPG
2023-06-13 06:26:00,6.657,6.657,6.647,6.647,20.0,CPG
2023-06-13 05:12:00,6.637,6.637,6.637,6.637,10.0,CPG
2023-06-13 04:59:00,6.736,6.736,6.637,6.637,101.0,CPG
2023-06-12 19:30:00,6.667,6.667,6.667,6.667,1.0,CPG
2023-06-12 19:18:00,6.637,6.637,6.637,6.637,5.0,CPG
2023-06-12 19:00:00,6.637,6.637,6.637,6.637,58300.0,CPG
2023-06-12 18:30:00,6.637,6.637,6.637,6.637,58300.0,CPG
2023-06-12 17:06:00,6.637,6.637,6.637,6.637,1440.0,CPG
2023-06-12 16:56:00,6.657,6.657,6.657,6.657,2.0,CPG
2023-06-12 16:52:00,6.637,6.637,6.637,6.637,19.0,CPG
2023-06-12 16:51:00,6.657,6.657,6.657,6.657,10.0,CPG
2023-06-12 16:33:00,6.637,6.637,6.637,6.637,2.0,CPG
2023-06-12 16:15:00,6.637,6.637,6.637,6.637,11.0,CPG
2023-06-12 16:10:00,6.637,6.637,6.637,6.637,58300.0,CPG
2023-06-12 16:07:00,6.637,6.637,6.637,6.637,1.0,CPG
2023-06-12 16:02:00,6.637,6.637,6.637,6.637,3.0,CPG
2023-06-12 16:00:00,6.637,6.637,6.637,6.637,122555.0,CPG
2023-06-12 15:59:00,6.642,6.647,6.637,6.637,77621.0,CPG
2023-06-12 15:58:00,6.637,6.647,6.637,6.642,8963.0,CPG
2023-06-12 15:57:00,6.642,6.647,6.637,6.637,11891.0,CPG
2023-06-12 15:56:00,6.642,6.647,6.637,6.637,6880.0,CPG
2023-06-12 15:55:00,6.639,6.647,6.637,6.642,44720.0,CPG
2023-06-12 15:54:00,6.642,6.647,6.637,6.637,4822.0,CPG
2023-06-12 15:53:00,6.637,6.647,6.637,6.642,14571.0,CPG
2023-06-12 15:52:00,6.637,6.647,6.637,6.637,2966.0,CPG
2023-06-12 15:51:00,6.642,6.642,6.637,6.638,9005.0,CPG
2023-06-12 15:50:00,6.642,6.647,6.642,6.646,1104.0,CPG
2023-06-12 15:49:00,6.637,6.637,6.637,6.637,811.0,CPG
2023-06-12 15:48:00,6.637,6.647,6.637,6.642,6457.0,CPG
2023-06-12 15:47:00,6.647,6.647,6.642,6.642,66897.0,CPG
2023-06-12 15:46:00,6.647,6.655,6.647,6.647,6655.0,CPG
2023-06-12 15:45:00,6.652,6.657,6.652,6.652,1009.0,CPG
2023-06-12 15:44:00,6.655,6.657,6.655,6.657,1256.0,CPG
2023-06-12 15:43:00,6.655,6.657,6.652,6.652,4053.0,CPG
2023-06-12 15:42:00,6.647,6.657,6.647,6.657,1624.0,CPG
2023-06-12 15:41:00,6.639,6.65,6.639,6.65,13986.0,CPG
2023-06-12 15:40:00,6.647,6.647,6.642,6.647,704.0,CPG
2023-06-12 15:39:00,6.642,6.647,6.642,6.642,2212.0,CPG
2023-06-12 15:38:00,6.642,6.647,6.642,6.642,9613.0,CPG
2023-06-12 15:37:00,6.642,6.647,6.637,6.642,2843.0,CPG
2023-06-12 15:36:00,6.642,6.642,6.642,6.642,1068.0,CPG
2023-06-12 15:35:00,6.647,6.647,6.642,6.642,6013.0,CPG
2023-06-12 15:34:00,6.642,6.642,6.642,6.642,6900.0,CPG
2023-06-12 15:33:00,6.642,6.647,6.642,6.642,6006.0,CPG
2023-06-12 15:32:00,6.642,6.642,6.637,6.642,6798.0,CPG
2023-06-12 15:31:00,6.642,6.642,6.642,6.642,431.0,CPG
2023-06-12 15:30:00,6.64,6.642,6.64,6.642,571.0,CPG
2023-06-12 15:29:00,6.632,6.642,6.632,6.641,13260.0,CPG
2023-06-12 15:28:00,6.632,6.636,6.629,6.632,6800.0,CPG
2023-06-12 15:27:00,6.637,6.642,6.637,6.642,23493.0,CPG
2023-06-12 15:26:00,6.632,6.642,6.632,6.642,19004.0,CPG
2023-06-12 15:25:00,6.637,6.637,6.632,6.632,3816.0,CPG
2023-06-12 15:24:00,6.628,6.637,6.627,6.632,3556.0,CPG
2023-06-12 15:23:00,6.637,6.637,6.627,6.627,10172.0,CPG
2023-06-12 15:22:00,6.637,6.647,6.637,6.647,4970.0,CPG
2023-06-12 15:21:00,6.642,6.642,6.637,6.637,19131.0,CPG
2023-06-12 15:20:00,6.637,6.647,6.637,6.637,4157.0,CPG
2023-06-12 15:19:00,6.647,6.647,6.637,6.642,3448.0,CPG
2023-06-12 15:18:00,6.642,6.642,6.637,6.64,3972.0,CPG
2023-06-12 15:17:00,6.637,6.647,6.637,6.642,906.0,CPG
2023-06-12 15:16:00,6.642,6.642,6.637,6.642,1982.0,CPG
2023-06-12 15:15:00,6.632,6.647,6.632,6.637,75844.0,CPG
2023-06-12 15:14:00,6.628,6.632,6.627,6.632,754.0,CPG
2023-06-12 15:13:00,6.632,6.632,6.627,6.632,8300.0,CPG
2023-06-12 15:12:00,6.637,6.637,6.627,6.627,622.0,CPG
2023-06-12 15:11:00,6.632,6.632,6.627,6.627,4409.0,CPG
2023-06-12 15:10:00,6.623,6.632,6.622,6.629,21144.0,CPG
2023-06-12 15:09:00,6.627,6.627,6.622,6.622,4092.0,CPG
2023-06-12 15:08:00,6.623,6.628,6.618,6.618,6156.0,CPG
2023-06-12 15:07:00,6.628,6.632,6.618,6.622,8296.0,CPG
2023-06-12 15:06:00,6.628,6.628,6.627,6.627,591.0,CPG
2023-06-12 15:05:00,6.628,6.628,6.627,6.628,2125.0,CPG
2023-06-12 15:04:00,6.628,6.628,6.627,6.627,200.0,CPG
2023-06-12 15:03:00,6.637,6.637,6.627,6.627,25253.0,CPG
2023-06-12 15:02:00,6.64,6.642,6.637,6.642,1620.0,CPG
2023-06-12 15:01:00,6.637,6.642,6.637,6.642,22763.0,CPG
2023-06-12 15:00:00,6.632,6.637,6.632,6.632,4900.0,CPG
2023-06-12 14:59:00,6.632,6.632,6.632,6.632,3478.0,CPG
2023-06-12 14:58:00,6.632,6.632,6.632,6.632,8620.0,CPG
2023-06-12 14:57:00,6.637,6.637,6.632,6.632,2205.0,CPG
2023-06-12 14:56:00,6.647,6.652,6.637,6.642,29794.0,CPG
2023-06-12 14:55:00,6.637,6.657,6.637,6.652,26353.0,CPG
2023-06-12 14:54:00,6.647,6.647,6.642,6.642,336.0,CPG
2023-06-12 14:53:00,6.637,6.647,6.632,6.642,42306.0,CPG
2023-06-12 14:52:00,6.642,6.642,6.637,6.637,13417.0,CPG
2023-06-12 14:50:00,6.637,6.642,6.637,6.637,311.0,CPG
2023-06-12 14:49:00,6.647,6.647,6.642,6.642,7864.0,CPG
2023-06-12 14:47:00,6.642,6.642,6.637,6.637,7225.0,CPG
2023-06-12 14:46:00,6.637,6.637,6.637,6.637,769.0,CPG
2023-06-12 14:45:00,6.647,6.652,6.642,6.642,68388.0,CPG
2023-06-12 14:44:00,6.652,6.652,6.647,6.647,5601.0,CPG
2023-06-12 14:42:00,6.652,6.652,6.652,6.652,300.0,CPG
2023-06-12 14:41:00,6.65,6.65,6.65,6.65,2162.0,CPG
2023-06-12 14:40:00,6.652,6.652,6.647,6.652,6809.0,CPG
2023-06-12 14:39:00,6.657,6.657,6.657,6.657,402.0,CPG
2023-06-12 14:38:00,6.657,6.657,6.657,6.657,417.0,CPG
2023-06-12 14:37:00,6.657,6.657,6.652,6.652,5534.0,CPG
2023-06-12 14:36:00,6.657,6.657,6.657,6.657,800.0,CPG
2023-06-12 14:35:00,6.657,6.662,6.657,6.657,5247.0,CPG
2023-06-12 14:34:00,6.662,6.662,6.657,6.657,3236.0,CPG
2023-06-12 14:32:00,6.662,6.662,6.662,6.662,4368.0,CPG
2023-06-12 14:31:00,6.667,6.667,6.662,6.662,3316.0,CPG
2023-06-12 14:30:00,6.662,6.667,6.659,6.659,6501.0,CPG
2023-06-12 14:29:00,6.662,6.662,6.662,6.662,2100.0,CPG
2023-06-12 14:28:00,6.677,6.677,6.667,6.667,34346.0,CPG
2023-06-12 14:27:00,6.677,6.677,6.677,6.677,300.0,CPG
2023-06-12 14:26:00,6.677,6.677,6.677,6.677,600.0,CPG
2023-06-12 14:25:00,6.667,6.677,6.667,6.677,36145.0,CPG
2023-06-12 14:24:00,6.667,6.667,6.662,6.667,7093.0,CPG
2023-06-12 14:22:00,6.657,6.657,6.657,6.657,1509.0,CPG
2023-06-12 14:21:00,6.657,6.662,6.657,6.657,4430.0,CPG
2023-06-12 14:20:00,6.662,6.662,6.657,6.662,6104.0,CPG
2023-06-12 14:19:00,6.656,6.667,6.656,6.657,36596.0,CPG
2023-06-12 14:17:00,6.652,6.657,6.647,6.657,18701.0,CPG
2023-06-12 14:16:00,6.657,6.657,6.652,6.657,23125.0,CPG
2023-06-12 14:15:00,6.652,6.652,6.647,6.652,27259.0,CPG
2023-06-12 14:14:00,6.652,6.652,6.647,6.652,6649.0,CPG
2023-06-12 14:13:00,6.657,6.657,6.656,6.656,16510.0,CPG
2023-06-12 14:12:00,6.654,6.654,6.654,6.654,261.0,CPG
2023-06-12 14:11:00,6.647,6.657,6.647,6.657,700.0,CPG
2023-06-12 14:10:00,6.656,6.657,6.656,6.657,1911.0,CPG
2023-06-12 14:08:00,6.652,6.657,6.652,6.657,2329.0,CPG
2023-06-12 14:07:00,6.657,6.657,6.647,6.652,2810.0,CPG
2023-06-12 14:06:00,6.662,6.662,6.658,6.658,601.0,CPG
2023-06-12 14:05:00,6.672,6.672,6.657,6.657,11960.0,CPG
2023-06-12 14:04:00,6.672,6.672,6.672,6.672,191.0,CPG
2023-06-12 14:03:00,6.677,6.677,6.677,6.677,460.0,CPG
2023-06-12 14:02:00,6.687,6.687,6.672,6.672,28597.0,CPG
2023-06-12 14:01:00,6.687,6.687,6.682,6.682,3015.0,CPG
2023-06-12 14:00:00,6.682,6.687,6.682,6.682,5177.0,CPG
2023-06-12 13:59:00,6.682,6.682,6.682,6.682,500.0,CPG
2023-06-12 13:58:00,6.677,6.684,6.677,6.684,300.0,CPG
2023-06-12 13:57:00,6.687,6.687,6.682,6.682,2701.0,CPG
2023-06-12 13:56:00,6.682,6.682,6.682,6.682,306.0,CPG
2023-06-12 13:55:00,6.682,6.687,6.677,6.687,17881.0,CPG
2023-06-12 13:54:00,6.687,6.687,6.687,6.687,700.0,CPG
2023-06-12 13:53:00,6.687,6.687,6.682,6.686,1800.0,CPG
2023-06-12 13:52:00,6.687,6.687,6.687,6.687,200.0,CPG
2023-06-12 13:51:00,6.682,6.682,6.677,6.682,1817.0,CPG
2023-06-12 13:50:00,6.682,6.682,6.677,6.682,3373.0,CPG
2023-06-12 13:49:00,6.678,6.682,6.678,6.682,600.0,CPG
2023-06-12 13:48:00,6.682,6.682,6.682,6.682,211.0,CPG
2023-06-12 13:47:00,6.682,6.687,6.682,6.682,36807.0,CPG
2023-06-12 13:46:00,6.677,6.677,6.677,6.677,4633.0,CPG
2023-06-12 13:45:00,6.677,6.687,6.677,6.677,2513.0,CPG
2023-06-12 13:44:00,6.677,6.682,6.677,6.682,4906.0,CPG
2023-06-12 13:43:00,6.677,6.682,6.677,6.682,12621.0,CPG
2023-06-12 13:42:00,6.677,6.677,6.677,6.677,1411.0,CPG
2023-06-12 13:40:00,6.668,6.668,6.668,6.668,4100.0,CPG
2023-06-12 13:38:00,6.682,6.682,6.667,6.677,16584.0,CPG
2023-06-12 13:37:00,6.677,6.682,6.677,6.682,3517.0,CPG
2023-06-12 13:36:00,6.682,6.687,6.682,6.687,4700.0,CPG
2023-06-12 13:35:00,6.682,6.682,6.682,6.682,300.0,CPG
2023-06-12 13:34:00,6.686,6.687,6.677,6.684,2225.0,CPG
2023-06-12 13:33:00,6.677,6.697,6.677,6.687,109022.0,CPG
2023-06-12 13:32:00,6.681,6.681,6.681,6.681,250.0,CPG
2023-06-12 13:31:00,6.682,6.682,6.677,6.677,1556.0,CPG
2023-06-12 13:30:00,6.682,6.682,6.682,6.682,693.0,CPG
2023-06-12 13:29:00,6.687,6.687,6.687,6.687,6738.0,CPG
2023-06-12 13:28:00,6.687,6.695,6.687,6.695,19060.0,CPG
2023-06-12 13:27:00,6.682,6.687,6.682,6.687,10636.0,CPG
2023-06-12 13:26:00,6.682,6.682,6.682,6.682,204.0,CPG
2023-06-12 13:25:00,6.678,6.678,6.678,6.678,2117.0,CPG
2023-06-12 13:23:00,6.682,6.682,6.682,6.682,300.0,CPG
2023-06-12 13:22:00,6.676,6.687,6.676,6.682,4131.0,CPG
2023-06-12 13:21:00,6.677,6.677,6.672,6.676,7409.0,CPG
2023-06-12 13:20:00,6.687,6.687,6.677,6.677,1100.0,CPG
2023-06-12 13:19:00,6.687,6.687,6.687,6.687,3100.0,CPG
2023-06-12 13:18:00,6.687,6.687,6.687,6.687,400.0,CPG
2023-06-12 13:17:00,6.677,6.677,6.677,6.677,985.0,CPG
2023-06-12 13:16:00,6.677,6.677,6.672,6.677,11677.0,CPG
2023-06-12 13:15:00,6.682,6.687,6.677,6.677,23647.0,CPG
2023-06-12 13:14:00,6.697,6.697,6.677,6.682,60755.0,CPG
2023-06-12 13:13:00,6.692,6.697,6.687,6.687,1262.0,CPG
2023-06-12 13:12:00,6.692,6.692,6.692,6.692,500.0,CPG
2023-06-12 13:11:00,6.692,6.692,6.692,6.692,300.0,CPG
2023-06-12 13:10:00,6.692,6.692,6.687,6.692,810.0,CPG
2023-06-12 13:09:00,6.687,6.691,6.686,6.687,8898.0,CPG
2023-06-12 13:08:00,6.695,6.695,6.687,6.692,1628.0,CPG
2023-06-12 13:07:00,6.692,6.692,6.692,6.692,128.0,CPG
2023-06-12 13:06:00,6.692,6.692,6.688,6.688,1283.0,CPG
2023-06-12 13:04:00,6.697,6.697,6.692,6.692,757.0,CPG
2023-06-12 13:03:00,6.697,6.697,6.696,6.697,2377.0,CPG
2023-06-12 13:01:00,6.692,6.697,6.692,6.697,300.0,CPG
2023-06-12 13:00:00,6.692,6.692,6.687,6.692,5281.0,CPG
2023-06-12 12:59:00,6.687,6.697,6.687,6.695,19447.0,CPG
2023-06-12 12:58:00,6.687,6.687,6.682,6.682,689.0,CPG
2023-06-12 12:57:00,6.685,6.685,6.685,6.685,2006.0,CPG
2023-06-12 12:56:00,6.677,6.677,6.677,6.677,11652.0,CPG
2023-06-12 12:55:00,6.682,6.682,6.677,6.677,17017.0,CPG
2023-06-12 12:54:00,6.677,6.687,6.677,6.682,18951.0,CPG
2023-06-12 12:53:00,6.677,6.677,6.672,6.672,1030.0,CPG
2023-06-12 12:52:00,6.677,6.677,6.672,6.672,1393.0,CPG
2023-06-12 12:51:00,6.667,6.672,6.667,6.667,3225.0,CPG
2023-06-12 12:49:00,6.672,6.677,6.672,6.677,772.0,CPG
2023-06-12 12:48:00,6.667,6.672,6.667,6.672,3400.0,CPG
2023-06-12 12:47:00,6.667,6.667,6.667,6.667,18217.0,CPG
2023-06-12 12:46:00,6.667,6.667,6.667,6.667,1534.0,CPG
2023-06-12 12:45:00,6.667,6.667,6.662,6.667,36763.0,CPG
2023-06-12 12:44:00,6.667,6.667,6.667,6.667,1670.0,CPG
2023-06-12 12:43:00,6.672,6.672,6.667,6.672,1686.0,CPG
2023-06-12 12:42:00,6.672,6.672,6.667,6.672,3440.0,CPG
2023-06-12 12:41:00,6.672,6.672,6.667,6.672,3071.0,CPG
2023-06-12 12:40:00,6.667,6.677,6.667,6.672,107831.0,CPG
2023-06-12 12:38:00,6.667,6.672,6.667,6.667,8452.0,CPG
2023-06-12 12:37:00,6.677,6.677,6.677,6.677,1716.0,CPG
2023-06-12 12:36:00,6.672,6.672,6.672,6.672,1633.0,CPG
2023-06-12 12:35:00,6.672,6.672,6.672,6.672,637.0,CPG
2023-06-12 12:34:00,6.667,6.677,6.667,6.677,685.0,CPG
2023-06-12 12:33:00,6.672,6.672,6.672,6.672,152.0,CPG
2023-06-12 12:32:00,6.672,6.677,6.672,6.677,3254.0,CPG
2023-06-12 12:31:00,6.682,6.682,6.677,6.677,5054.0,CPG
2023-06-12 12:30:00,6.677,6.682,6.677,6.682,4287.0,CPG
2023-06-12 12:29:00,6.672,6.677,6.672,6.677,1375.0,CPG
2023-06-12 12:27:00,6.677,6.677,6.672,6.672,1041.0,CPG
2023-06-12 12:26:00,6.672,6.677,6.672,6.677,513.0,CPG
2023-06-12 12:25:00,6.672,6.672,6.672,6.672,304.0,CPG
2023-06-12 12:23:00,6.687,6.687,6.677,6.677,9716.0,CPG
2023-06-12 12:20:00,6.678,6.682,6.678,6.682,839.0,CPG
2023-06-12 12:19:00,6.677,6.687,6.677,6.682,8905.0,CPG
2023-06-12 12:18:00,6.677,6.677,6.676,6.676,27578.0,CPG
2023-06-12 12:17:00,6.682,6.682,6.677,6.677,2495.0,CPG
2023-06-12 12:16:00,6.677,6.677,6.677,6.677,8412.0,CPG
2023-06-12 12:15:00,6.672,6.672,6.672,6.672,609.0,CPG
2023-06-12 12:14:00,6.672,6.672,6.672,6.672,332.0,CPG
2023-06-12 12:12:00,6.677,6.677,6.672,6.672,772.0,CPG
2023-06-12 12:10:00,6.682,6.685,6.677,6.677,4296.0,CPG
2023-06-12 12:09:00,6.677,6.682,6.677,6.682,22288.0,CPG
2023-06-12 12:08:00,6.677,6.677,6.677,6.677,526.0,CPG
2023-06-12 12:06:00,6.672,6.674,6.667,6.672,607.0,CPG
2023-06-12 12:05:00,6.677,6.677,6.677,6.677,3309.0,CPG
2023-06-12 12:04:00,6.687,6.687,6.677,6.679,9238.0,CPG
2023-06-12 12:01:00,6.677,6.682,6.677,6.682,20752.0,CPG
2023-06-12 12:00:00,6.665,6.677,6.665,6.677,7789.0,CPG
2023-06-12 11:59:00,6.667,6.667,6.662,6.667,2083.0,CPG
2023-06-12 11:58:00,6.662,6.662,6.657,6.662,2159.0,CPG
2023-06-12 11:57:00,6.657,6.657,6.655,6.657,8235.0,CPG
2023-06-12 11:56:00,6.652,6.652,6.652,6.652,871.0,CPG
2023-06-12 11:55:00,6.652,6.652,6.652,6.652,230.0,CPG
2023-06-12 11:54:00,6.662,6.662,6.657,6.657,9050.0,CPG
2023-06-12 11:53:00,6.657,6.662,6.657,6.657,5320.0,CPG
2023-06-12 11:52:00,6.657,6.667,6.657,6.657,7676.0,CPG
2023-06-12 11:51:00,6.657,6.667,6.657,6.666,3632.0,CPG
2023-06-12 11:50:00,6.657,6.657,6.657,6.657,976.0,CPG
2023-06-12 11:49:00,6.657,6.662,6.657,6.657,5390.0,CPG
2023-06-12 11:48:00,6.657,6.657,6.657,6.657,9404.0,CPG
2023-06-12 11:47:00,6.652,6.661,6.652,6.656,16825.0,CPG
2023-06-12 11:46:00,6.657,6.657,6.657,6.657,1167.0,CPG
2023-06-12 11:45:00,6.657,6.657,6.656,6.656,2571.0,CPG
2023-06-12 11:43:00,6.659,6.667,6.657,6.657,1470.0,CPG
2023-06-12 11:42:00,6.667,6.667,6.667,6.667,444.0,CPG
2023-06-12 11:41:00,6.662,6.662,6.662,6.662,303.0,CPG
2023-06-12 11:40:00,6.672,6.672,6.657,6.657,4486.0,CPG
2023-06-12 11:39:00,6.672,6.672,6.667,6.667,9729.0,CPG
2023-06-12 11:38:00,6.667,6.672,6.667,6.672,1643.0,CPG
2023-06-12 11:37:00,6.677,6.682,6.667,6.667,28270.0,CPG
2023-06-12 11:36:00,6.677,6.677,6.672,6.672,550.0,CPG
2023-06-12 11:35:00,6.672,6.675,6.667,6.673,1186.0,CPG
2023-06-12 11:34:00,6.677,6.677,6.677,6.677,1187.0,CPG
2023-06-12 11:33:00,6.667,6.672,6.667,6.672,28057.0,CPG
2023-06-12 11:32:00,6.677,6.677,6.667,6.667,6997.0,CPG
2023-06-12 11:31:00,6.677,6.677,6.677,6.677,11963.0,CPG
2023-06-12 11:30:00,6.677,6.685,6.677,6.685,1353.0,CPG
2023-06-12 11:29:00,6.677,6.677,6.677,6.677,11024.0,CPG
2023-06-12 11:28:00,6.682,6.687,6.677,6.687,875.0,CPG
2023-06-12 11:27:00,6.682,6.687,6.682,6.687,13188.0,CPG
2023-06-12 11:26:00,6.682,6.682,6.682,6.682,645.0,CPG
2023-06-12 11:25:00,6.677,6.687,6.676,6.687,5027.0,CPG
2023-06-12 11:24:00,6.677,6.677,6.677,6.677,15413.0,CPG
2023-06-12 11:23:00,6.677,6.682,6.677,6.682,4600.0,CPG
2023-06-12 11:22:00,6.677,6.677,6.677,6.677,11468.0,CPG
2023-06-12 11:21:00,6.677,6.687,6.677,6.687,10233.0,CPG
2023-06-12 11:20:00,6.682,6.682,6.677,6.677,3800.0,CPG
2023-06-12 11:19:00,6.712,6.712,6.687,6.687,21827.0,CPG
2023-06-12 11:17:00,6.707,6.712,6.707,6.712,7212.0,CPG
2023-06-12 11:16:00,6.707,6.707,6.707,6.707,3437.0,CPG
2023-06-12 11:14:00,6.714,6.714,6.714,6.714,120.0,CPG
2023-06-12 11:13:00,6.722,6.722,6.716,6.716,20452.0,CPG
2023-06-12 11:12:00,6.717,6.726,6.716,6.716,14734.0,CPG
2023-06-12 11:11:00,6.707,6.717,6.707,6.712,2066.0,CPG
2023-06-12 11:10:00,6.717,6.717,6.716,6.716,1000.0,CPG
2023-06-12 11:09:00,6.717,6.717,6.712,6.716,6460.0,CPG
2023-06-12 11:08:00,6.717,6.722,6.716,6.716,7553.0,CPG
2023-06-12 11:07:00,6.707,6.717,6.707,6.716,6782.0,CPG
2023-06-12 11:06:00,6.707,6.712,6.707,6.707,6331.0,CPG
2023-06-12 11:05:00,6.692,6.707,6.692,6.707,31590.0,CPG
2023-06-12 11:04:00,6.697,6.697,6.692,6.692,9146.0,CPG
2023-06-12 11:03:00,6.692,6.697,6.692,6.697,319.0,CPG
2023-06-12 11:02:00,6.697,6.697,6.687,6.692,3474.0,CPG
2023-06-12 11:01:00,6.692,6.702,6.692,6.692,28237.0,CPG
2023-06-12 11:00:00,6.697,6.697,6.692,6.692,835.0,CPG
2023-06-12 10:59:00,6.692,6.697,6.687,6.687,6303.0,CPG
2023-06-12 10:58:00,6.687,6.692,6.687,6.692,873.0,CPG
2023-06-12 10:57:00,6.678,6.687,6.678,6.687,2022.0,CPG
2023-06-12 10:56:00,6.672,6.677,6.672,6.677,3950.0,CPG
2023-06-12 10:55:00,6.672,6.677,6.672,6.677,702.0,CPG
2023-06-12 10:54:00,6.662,6.672,6.662,6.672,4477.0,CPG
2023-06-12 10:53:00,6.657,6.667,6.657,6.657,6404.0,CPG
2023-06-12 10:52:00,6.657,6.657,6.652,6.657,11836.0,CPG
2023-06-12 10:51:00,6.662,6.662,6.652,6.657,10414.0,CPG
2023-06-12 10:50:00,6.657,6.667,6.657,6.667,13292.0,CPG
2023-06-12 10:49:00,6.657,6.657,6.656,6.656,6416.0,CPG
2023-06-12 10:48:00,6.662,6.662,6.657,6.662,20168.0,CPG
2023-06-12 10:47:00,6.662,6.667,6.662,6.665,2923.0,CPG
2023-06-12 10:46:00,6.657,6.662,6.657,6.662,3605.0,CPG
2023-06-12 10:45:00,6.657,6.657,6.657,6.657,5198.0,CPG
2023-06-12 10:44:00,6.647,6.652,6.642,6.647,6972.0,CPG
2023-06-12 10:43:00,6.637,6.647,6.637,6.637,4796.0,CPG
2023-06-12 10:42:00,6.637,6.637,6.637,6.637,2092.0,CPG
2023-06-12 10:41:00,6.647,6.647,6.642,6.642,5480.0,CPG
2023-06-12 10:40:00,6.632,6.647,6.629,6.647,10464.0,CPG
2023-06-12 10:39:00,6.637,6.637,6.637,6.637,6335.0,CPG
2023-06-12 10:38:00,6.628,6.637,6.627,6.637,15056.0,CPG
2023-06-12 10:37:00,6.637,6.637,6.619,6.619,42614.0,CPG
2023-06-12 10:36:00,6.642,6.642,6.637,6.637,7531.0,CPG
2023-06-12 10:35:00,6.662,6.662,6.637,6.647,40944.0,CPG
2023-06-12 10:34:00,6.667,6.672,6.662,6.667,26457.0,CPG
2023-06-12 10:33:00,6.667,6.667,6.662,6.662,24035.0,CPG
2023-06-12 10:32:00,6.667,6.667,6.658,6.667,5047.0,CPG
2023-06-12 10:31:00,6.657,6.672,6.657,6.662,57003.0,CPG
2023-06-12 10:30:00,6.667,6.667,6.657,6.657,10463.0,CPG
2023-06-12 10:29:00,6.667,6.667,6.662,6.666,4351.0,CPG
2023-06-12 10:28:00,6.667,6.667,6.666,6.667,4238.0,CPG
2023-06-12 10:27:00,6.667,6.672,6.667,6.667,18415.0,CPG
2023-06-12 10:26:00,6.677,6.677,6.667,6.667,6895.0,CPG
2023-06-12 10:25:00,6.682,6.682,6.677,6.677,11614.0,CPG
2023-06-12 10:24:00,6.687,6.687,6.682,6.687,16763.0,CPG
2023-06-12 10:23:00,6.707,6.707,6.697,6.697,12072.0,CPG
2023-06-12 10:22:00,6.707,6.707,6.707,6.707,32265.0,CPG
2023-06-12 10:21:00,6.716,6.716,6.707,6.707,31377.0,CPG
2023-06-12 10:20:00,6.717,6.717,6.707,6.707,11121.0,CPG
2023-06-12 10:19:00,6.697,6.707,6.697,6.707,56958.0,CPG
2023-06-12 10:18:00,6.697,6.697,6.687,6.687,1051.0,CPG
2023-06-12 10:17:00,6.702,6.707,6.697,6.697,7238.0,CPG
2023-06-12 10:16:00,6.697,6.705,6.697,6.697,1032.0,CPG
2023-06-12 10:15:00,6.697,6.697,6.697,6.697,2089.0,CPG
2023-06-12 10:14:00,6.697,6.699,6.689,6.697,30990.0,CPG
2023-06-12 10:13:00,6.687,6.697,6.687,6.692,9276.0,CPG
2023-06-12 10:12:00,6.687,6.692,6.687,6.687,45317.0,CPG
2023-06-12 10:11:00,6.688,6.697,6.688,6.697,839.0,CPG
2023-06-12 10:10:00,6.687,6.697,6.687,6.692,3810.0,CPG
2023-06-12 10:09:00,6.687,6.687,6.677,6.677,1127.0,CPG
2023-06-12 10:08:00,6.687,6.687,6.676,6.677,21430.0,CPG
2023-06-12 10:07:00,6.678,6.687,6.677,6.677,11922.0,CPG
2023-06-12 10:06:00,6.687,6.687,6.686,6.687,7355.0,CPG
2023-06-12 10:05:00,6.697,6.697,6.687,6.687,1449.0,CPG
2023-06-12 10:04:00,6.697,6.707,6.696,6.696,10276.0,CPG
2023-06-12 10:03:00,6.72,6.72,6.707,6.707,5028.0,CPG
2023-06-12 10:02:00,6.717,6.726,6.716,6.721,972.0,CPG
2023-06-12 10:01:00,6.726,6.726,6.707,6.716,6034.0,CPG
2023-06-12 10:00:00,6.745,6.746,6.736,6.736,5683.0,CPG
2023-06-12 09:59:00,6.751,6.751,6.746,6.746,2280.0,CPG
2023-06-12 09:58:00,6.756,6.766,6.756,6.756,7287.0,CPG
2023-06-12 09:57:00,6.751,6.756,6.751,6.756,15628.0,CPG
2023-06-12 09:56:00,6.746,6.751,6.746,6.751,2128.0,CPG
2023-06-12 09:55:00,6.756,6.756,6.756,6.756,2261.0,CPG
2023-06-12 09:54:00,6.766,6.766,6.756,6.756,15942.0,CPG
2023-06-12 09:53:00,6.746,6.756,6.746,6.756,9105.0,CPG
2023-06-12 09:52:00,6.726,6.736,6.726,6.736,14880.0,CPG
2023-06-12 09:51:00,6.726,6.731,6.726,6.726,4634.0,CPG
2023-06-12 09:50:00,6.717,6.726,6.716,6.726,12165.0,CPG
2023-06-12 09:49:00,6.707,6.722,6.706,6.716,27142.0,CPG
2023-06-12 09:48:00,6.707,6.717,6.707,6.712,14734.0,CPG
2023-06-12 09:47:00,6.717,6.717,6.707,6.716,18144.0,CPG
2023-06-12 09:46:00,6.717,6.717,6.707,6.712,60947.0,CPG
2023-06-12 09:45:00,6.712,6.717,6.707,6.716,4465.0,CPG
2023-06-12 09:44:00,6.717,6.717,6.707,6.712,27416.0,CPG
2023-06-12 09:43:00,6.707,6.717,6.707,6.716,26181.0,CPG
2023-06-12 09:42:00,6.682,6.707,6.677,6.702,38428.0,CPG
2023-06-12 09:41:00,6.677,6.677,6.667,6.677,14707.0,CPG
2023-06-12 09:40:00,6.677,6.68,6.677,6.68,5885.0,CPG
2023-06-12 09:39:00,6.667,6.672,6.664,6.667,4352.0,CPG
2023-06-12 09:38:00,6.657,6.667,6.647,6.667,81831.0,CPG
2023-06-12 09:37:00,6.677,6.677,6.657,6.657,28557.0,CPG
2023-06-12 09:36:00,6.677,6.677,6.667,6.672,6008.0,CPG
2023-06-12 09:35:00,6.697,6.697,6.682,6.682,5189.0,CPG
2023-06-12 09:34:00,6.697,6.704,6.697,6.704,4481.0,CPG
2023-06-12 09:33:00,6.697,6.717,6.697,6.707,66634.0,CPG
2023-06-12 09:32:00,6.707,6.712,6.692,6.707,7216.0,CPG
2023-06-12 09:31:00,6.682,6.697,6.677,6.697,18330.0,CPG
2023-06-12 09:30:00,6.677,6.697,6.647,6.687,143063.0,CPG
2023-06-12 09:29:00,6.736,6.736,6.697,6.697,1119.0,CPG
2023-06-12 09:24:00,6.746,6.746,6.746,6.746,1.0,CPG
2023-06-12 09:22:00,6.736,6.746,6.736,6.746,1000.0,CPG
2023-06-12 09:17:00,6.746,6.746,6.746,6.746,30.0,CPG
2023-06-12 09:16:00,6.746,6.746,6.746,6.746,1.0,CPG
2023-06-12 09:13:00,6.736,6.736,6.736,6.736,4.0,CPG
2023-06-12 09:12:00,6.746,6.746,6.746,6.746,748.0,CPG
2023-06-12 09:08:00,6.736,6.736,6.736,6.736,12845.0,CPG
2023-06-12 09:07:00,6.746,6.766,6.726,6.746,3132.0,CPG
2023-06-12 09:02:00,6.766,6.766,6.766,6.766,10.0,CPG
2023-06-12 08:57:00,6.766,6.766,6.766,6.766,100.0,CPG
2023-06-12 08:53:00,6.746,6.746,6.746,6.746,1.0,CPG
2023-06-12 08:50:00,6.776,6.776,6.766,6.766,51.0,CPG
2023-06-12 08:18:00,6.776,6.776,6.776,6.776,5.0,CPG
2023-06-12 08:02:00,6.776,6.776,6.776,6.776,20.0,CPG
2023-06-12 08:01:00,6.777,6.865,6.777,6.865,67.0,CPG
2023-06-12 08:00:00,6.855,6.855,6.855,6.855,200.0,CPG
2023-06-12 07:55:00,6.776,6.776,6.776,6.776,433.0,CPG
2023-06-12 07:52:00,6.766,6.766,6.766,6.766,100.0,CPG
2023-06-12 07:49:00,6.806,6.806,6.776,6.776,1567.0,CPG
2023-06-12 07:45:00,6.825,6.825,6.825,6.825,70.0,CPG
2023-06-12 07:34:00,6.825,6.825,6.825,6.825,34.0,CPG
2023-06-12 07:00:00,6.825,6.825,6.825,6.825,1002.0,CPG
2023-06-12 06:51:00,6.746,6.756,6.746,6.756,141.0,CPG
2023-06-12 06:42:00,6.746,6.746,6.736,6.736,100.0,CPG
2023-06-12 06:40:00,6.726,6.726,6.726,6.726,347.0,CPG
2023-06-12 06:25:00,6.845,6.845,6.845,6.845,25.0,CPG
2023-06-12 05:20:00,6.726,6.726,6.726,6.726,200.0,CPG
2023-06-12 05:04:00,6.736,6.736,6.726,6.726,500.0,CPG
2023-06-12 04:39:00,6.726,6.726,6.726,6.726,1.0,CPG
2023-06-12 04:36:00,6.717,6.717,6.716,6.716,27.0,CPG
2023-06-12 04:25:00,6.726,6.726,6.667,6.667,300.0,CPG
2023-06-12 04:24:00,6.726,6.726,6.726,6.726,1376.0,CPG
2023-06-12 04:23:00,6.726,6.726,6.716,6.726,1414.0,CPG
2023-06-12 04:19:00,6.726,6.726,6.726,6.726,2.0,CPG
2023-06-12 04:17:00,6.746,6.746,6.726,6.726,2100.0,CPG
2023-06-12 04:00:00,6.855,6.855,6.805,6.805,718.0,CPG
2023-06-09 19:54:00,6.875,6.875,6.875,6.875,50.0,CPG
2023-06-09 19:29:00,6.875,6.875,6.875,6.875,2.0,CPG
2023-06-09 19:03:00,6.875,6.875,6.875,6.875,2.0,CPG
2023-06-09 19:00:00,6.885,6.885,6.885,6.885,78924.0,CPG
2023-06-09 18:30:00,6.885,6.885,6.885,6.885,78924.0,CPG
2023-06-09 18:20:00,6.845,6.845,6.845,6.845,1.0,CPG
2023-06-09 17:17:00,6.874,6.874,6.873,6.873,1.0,CPG
2023-06-09 16:48:00,6.865,6.865,6.865,6.865,500.0,CPG
2023-06-09 16:30:00,6.865,6.865,6.865,6.865,500.0,CPG
2023-06-09 16:10:00,6.885,6.885,6.885,6.885,78924.0,CPG
2023-06-09 16:00:00,6.865,6.885,6.865,6.885,165856.0,CPG
2023-06-09 15:59:00,6.87,6.875,6.865,6.865,113593.0,CPG
2023-06-09 15:58:00,6.87,6.875,6.865,6.867,12949.0,CPG
2023-06-09 15:57:00,6.87,6.875,6.87,6.87,12600.0,CPG
2023-06-09 15:56:00,6.875,6.875,6.87,6.87,43251.0,CPG
2023-06-09 15:55:00,6.87,6.875,6.865,6.87,136764.0,CPG
2023-06-09 15:54:00,6.865,6.87,6.865,6.865,40640.0,CPG
2023-06-09 15:53:00,6.87,6.87,6.865,6.87,6160.0,CPG
2023-06-09 15:52:00,6.87,6.87,6.865,6.865,5219.0,CPG
2023-06-09 15:51:00,6.865,6.87,6.865,6.865,6008.0,CPG
2023-06-09 15:50:00,6.87,6.875,6.865,6.865,12540.0,CPG
2023-06-09 15:49:00,6.875,6.875,6.87,6.87,10150.0,CPG
2023-06-09 15:48:00,6.87,6.875,6.87,6.875,10332.0,CPG
2023-06-09 15:47:00,6.87,6.875,6.87,6.87,4463.0,CPG
2023-06-09 15:46:00,6.87,6.875,6.87,6.875,7558.0,CPG
2023-06-09 15:45:00,6.865,6.87,6.865,6.865,25524.0,CPG
2023-06-09 15:44:00,6.87,6.87,6.865,6.867,1371.0,CPG
2023-06-09 15:43:00,6.87,6.87,6.865,6.87,5471.0,CPG
2023-06-09 15:42:00,6.87,6.87,6.87,6.87,2440.0,CPG
2023-06-09 15:41:00,6.875,6.875,6.87,6.87,6338.0,CPG
2023-06-09 15:40:00,6.87,6.875,6.865,6.87,2331.0,CPG
2023-06-09 15:39:00,6.865,6.875,6.865,6.875,18739.0,CPG
2023-06-09 15:38:00,6.865,6.865,6.855,6.865,18528.0,CPG
2023-06-09 15:37:00,6.865,6.875,6.86,6.865,60468.0,CPG
2023-06-09 15:36:00,6.855,6.865,6.855,6.865,12387.0,CPG
2023-06-09 15:35:00,6.87,6.875,6.86,6.86,26449.0,CPG
2023-06-09 15:34:00,6.875,6.875,6.87,6.875,3437.0,CPG
2023-06-09 15:33:00,6.87,6.875,6.87,6.875,6627.0,CPG
2023-06-09 15:32:00,6.865,6.875,6.865,6.87,1070.0,CPG
2023-06-09 15:31:00,6.87,6.875,6.867,6.875,19148.0,CPG
2023-06-09 15:30:00,6.875,6.875,6.875,6.875,730.0,CPG
2023-06-09 15:29:00,6.865,6.875,6.865,6.875,1478.0,CPG
2023-06-09 15:28:00,6.87,6.875,6.87,6.875,1008.0,CPG
2023-06-09 15:27:00,6.875,6.875,6.875,6.875,235.0,CPG
2023-06-09 15:26:00,6.875,6.875,6.87,6.875,3934.0,CPG
2023-06-09 15:25:00,6.875,6.88,6.87,6.87,11455.0,CPG
2023-06-09 15:24:00,6.875,6.885,6.875,6.875,15468.0,CPG
2023-06-09 15:23:00,6.885,6.885,6.88,6.88,4365.0,CPG
2023-06-09 15:22:00,6.885,6.885,6.88,6.88,9344.0,CPG
2023-06-09 15:21:00,6.885,6.885,6.88,6.885,7019.0,CPG
2023-06-09 15:20:00,6.885,6.885,6.88,6.885,1429.0,CPG
2023-06-09 15:19:00,6.885,6.885,6.885,6.885,2132.0,CPG
2023-06-09 15:18:00,6.88,6.885,6.88,6.885,20371.0,CPG
2023-06-09 15:17:00,6.875,6.885,6.87,6.885,41825.0,CPG
2023-06-09 15:16:00,6.865,6.875,6.865,6.875,13036.0,CPG
2023-06-09 15:15:00,6.87,6.875,6.87,6.87,24310.0,CPG
2023-06-09 15:14:00,6.875,6.875,6.875,6.875,420.0,CPG
2023-06-09 15:13:00,6.875,6.875,6.875,6.875,901.0,CPG
2023-06-09 15:11:00,6.875,6.875,6.875,6.875,466.0,CPG
2023-06-09 15:10:00,6.875,6.875,6.875,6.875,1024.0,CPG
2023-06-09 15:09:00,6.875,6.875,6.875,6.875,1017.0,CPG
2023-06-09 15:08:00,6.875,6.875,6.875,6.875,2427.0,CPG
2023-06-09 15:07:00,6.875,6.875,6.87,6.875,6882.0,CPG
2023-06-09 15:06:00,6.88,6.88,6.875,6.875,3551.0,CPG
2023-06-09 15:05:00,6.885,6.885,6.88,6.88,6077.0,CPG
2023-06-09 15:04:00,6.885,6.89,6.885,6.885,20503.0,CPG
2023-06-09 15:03:00,6.89,6.895,6.89,6.89,2891.0,CPG
2023-06-09 15:02:00,6.895,6.895,6.885,6.895,4010.0,CPG
2023-06-09 15:01:00,6.88,6.89,6.877,6.89,10507.0,CPG
2023-06-09 15:00:00,6.885,6.885,6.877,6.885,1324.0,CPG
2023-06-09 14:59:00,6.885,6.885,6.877,6.885,1304.0,CPG
2023-06-09 14:58:00,6.885,6.885,6.877,6.885,1338.0,CPG
2023-06-09 14:57:00,6.885,6.885,6.877,6.885,2067.0,CPG
2023-06-09 14:56:00,6.885,6.885,6.877,6.885,1727.0,CPG
2023-06-09 14:55:00,6.877,6.885,6.877,6.885,4446.0,CPG
2023-06-09 14:54:00,6.885,6.885,6.875,6.885,4644.0,CPG
2023-06-09 14:53:00,6.88,6.88,6.875,6.875,1010.0,CPG
2023-06-09 14:52:00,6.875,6.885,6.875,6.885,406.0,CPG
2023-06-09 14:51:00,6.875,6.88,6.875,6.88,1077.0,CPG
2023-06-09 14:49:00,6.88,6.88,6.875,6.875,1400.0,CPG
2023-06-09 14:48:00,6.88,6.88,6.875,6.875,8323.0,CPG
2023-06-09 14:47:00,6.885,6.885,6.88,6.88,23226.0,CPG
2023-06-09 14:46:00,6.885,6.895,6.885,6.885,18628.0,CPG
2023-06-09 14:45:00,6.885,6.885,6.885,6.885,1089.0,CPG
2023-06-09 14:44:00,6.885,6.885,6.885,6.885,1495.0,CPG
2023-06-09 14:43:00,6.885,6.885,6.88,6.885,1592.0,CPG
2023-06-09 14:42:00,6.885,6.885,6.877,6.885,1663.0,CPG
2023-06-09 14:41:00,6.885,6.885,6.885,6.885,1318.0,CPG
2023-06-09 14:40:00,6.88,6.885,6.88,6.885,1253.0,CPG
2023-06-09 14:39:00,6.885,6.885,6.885,6.885,4200.0,CPG
2023-06-09 14:38:00,6.865,6.885,6.865,6.885,92715.0,CPG
2023-06-09 14:36:00,6.871,6.871,6.871,6.871,100.0,CPG
2023-06-09 14:34:00,6.875,6.875,6.87,6.875,1722.0,CPG
2023-06-09 14:33:00,6.87,6.875,6.87,6.875,1730.0,CPG
2023-06-09 14:32:00,6.865,6.87,6.865,6.87,300.0,CPG
2023-06-09 14:31:00,6.88,6.88,6.865,6.87,51358.0,CPG
2023-06-09 14:30:00,6.875,6.88,6.87,6.88,41198.0,CPG
2023-06-09 14:29:00,6.87,6.87,6.87,6.87,1260.0,CPG
2023-06-09 14:28:00,6.877,6.88,6.865,6.87,22744.0,CPG
2023-06-09 14:27:00,6.877,6.885,6.875,6.88,3210.0,CPG
2023-06-09 14:26:00,6.877,6.885,6.877,6.885,336.0,CPG
2023-06-09 14:25:00,6.88,6.885,6.88,6.885,687.0,CPG
2023-06-09 14:24:00,6.88,6.885,6.877,6.885,3600.0,CPG
2023-06-09 14:23:00,6.885,6.885,6.875,6.875,15582.0,CPG
2023-06-09 14:22:00,6.89,6.89,6.89,6.89,458.0,CPG
2023-06-09 14:21:00,6.89,6.89,6.885,6.885,700.0,CPG
2023-06-09 14:20:00,6.885,6.89,6.885,6.89,2950.0,CPG
2023-06-09 14:19:00,6.89,6.895,6.89,6.895,5820.0,CPG
2023-06-09 14:17:00,6.895,6.895,6.895,6.895,396.0,CPG
2023-06-09 14:16:00,6.885,6.895,6.885,6.891,16733.0,CPG
2023-06-09 14:15:00,6.893,6.893,6.88,6.885,24819.0,CPG
2023-06-09 14:14:00,6.885,6.885,6.885,6.885,5428.0,CPG
2023-06-09 14:13:00,6.885,6.885,6.885,6.885,4316.0,CPG
2023-06-09 14:12:00,6.885,6.895,6.877,6.885,47736.0,CPG
2023-06-09 14:11:00,6.88,6.885,6.88,6.885,2253.0,CPG
2023-06-09 14:09:00,6.875,6.875,6.875,6.875,401.0,CPG
2023-06-09 14:08:00,6.88,6.88,6.88,6.88,200.0,CPG
2023-06-09 14:06:00,6.88,6.88,6.875,6.88,4800.0,CPG
2023-06-09 14:05:00,6.875,6.88,6.875,6.88,8935.0,CPG
2023-06-09 14:03:00,6.875,6.875,6.875,6.875,869.0,CPG
2023-06-09 14:02:00,6.875,6.875,6.87,6.87,1372.0,CPG
2023-06-09 14:00:00,6.875,6.875,6.87,6.875,1916.0,CPG
2023-06-09 13:59:00,6.87,6.87,6.87,6.87,541.0,CPG
2023-06-09 13:58:00,6.865,6.87,6.865,6.87,9608.0,CPG
2023-06-09 13:57:00,6.865,6.865,6.86,6.865,3418.0,CPG
2023-06-09 13:56:00,6.875,6.875,6.86,6.86,30214.0,CPG
2023-06-09 13:55:00,6.875,6.88,6.875,6.875,3632.0,CPG
2023-06-09 13:53:00,6.88,6.885,6.88,6.88,2681.0,CPG
2023-06-09 13:52:00,6.88,6.883,6.88,6.88,598.0,CPG
2023-06-09 13:51:00,6.885,6.885,6.88,6.88,2835.0,CPG
2023-06-09 13:50:00,6.886,6.886,6.88,6.885,11517.0,CPG
2023-06-09 13:49:00,6.885,6.885,6.885,6.885,1606.0,CPG
2023-06-09 13:48:00,6.885,6.885,6.885,6.885,800.0,CPG
2023-06-09 13:47:00,6.885,6.89,6.885,6.89,2012.0,CPG
2023-06-09 13:46:00,6.885,6.885,6.885,6.885,22484.0,CPG
2023-06-09 13:45:00,6.885,6.895,6.88,6.885,10066.0,CPG
2023-06-09 13:44:00,6.885,6.885,6.885,6.885,20259.0,CPG
2023-06-09 13:43:00,6.885,6.89,6.885,6.885,13417.0,CPG
2023-06-09 13:42:00,6.895,6.895,6.89,6.89,2296.0,CPG
2023-06-09 13:41:00,6.885,6.895,6.885,6.895,11348.0,CPG
2023-06-09 13:40:00,6.885,6.885,6.885,6.885,780.0,CPG
2023-06-09 13:39:00,6.885,6.885,6.88,6.885,1618.0,CPG
2023-06-09 13:38:00,6.89,6.89,6.885,6.885,27933.0,CPG
2023-06-09 13:37:00,6.89,6.895,6.89,6.895,3182.0,CPG
2023-06-09 13:36:00,6.885,6.89,6.875,6.89,21838.0,CPG
2023-06-09 13:35:00,6.877,6.885,6.875,6.885,9206.0,CPG
2023-06-09 13:34:00,6.877,6.885,6.877,6.885,2609.0,CPG
2023-06-09 13:32:00,6.885,6.885,6.877,6.877,6221.0,CPG
2023-06-09 13:31:00,6.884,6.885,6.877,6.877,2702.0,CPG
2023-06-09 13:30:00,6.885,6.885,6.877,6.877,1134.0,CPG
2023-06-09 13:29:00,6.885,6.885,6.877,6.885,1014.0,CPG
2023-06-09 13:28:00,6.885,6.885,6.877,6.877,2129.0,CPG
2023-06-09 13:27:00,6.875,6.885,6.875,6.885,3159.0,CPG
2023-06-09 13:26:00,6.885,6.885,6.877,6.885,900.0,CPG
2023-06-09 13:25:00,6.885,6.885,6.885,6.885,3068.0,CPG
2023-06-09 13:24:00,6.885,6.89,6.877,6.885,39600.0,CPG
2023-06-09 13:23:00,6.887,6.89,6.885,6.885,2700.0,CPG
2023-06-09 13:22:00,6.895,6.895,6.895,6.895,100.0,CPG
2023-06-09 13:21:00,6.895,6.895,6.885,6.885,547.0,CPG
2023-06-09 13:20:00,6.89,6.89,6.885,6.885,983.0,CPG
2023-06-09 13:19:00,6.885,6.895,6.885,6.885,7250.0,CPG
2023-06-09 13:18:00,6.895,6.895,6.885,6.885,10300.0,CPG
2023-06-09 13:17:00,6.891,6.895,6.89,6.895,972.0,CPG
2023-06-09 13:15:00,6.895,6.895,6.89,6.89,2321.0,CPG
2023-06-09 13:14:00,6.885,6.895,6.885,6.89,6396.0,CPG
2023-06-09 13:13:00,6.885,6.885,6.885,6.885,325.0,CPG
2023-06-09 13:12:00,6.885,6.885,6.885,6.885,532.0,CPG
2023-06-09 13:11:00,6.88,6.885,6.88,6.885,212.0,CPG
2023-06-09 13:10:00,6.88,6.885,6.88,6.885,3083.0,CPG
2023-06-09 13:09:00,6.88,6.88,6.875,6.875,1673.0,CPG
2023-06-09 13:08:00,6.875,6.88,6.875,6.88,9098.0,CPG
2023-06-09 13:07:00,6.875,6.88,6.875,6.875,40359.0,CPG
2023-06-09 13:06:00,6.875,6.875,6.865,6.875,2612.0,CPG
2023-06-09 13:05:00,6.875,6.875,6.87,6.875,1885.0,CPG
2023-06-09 13:04:00,6.875,6.875,6.87,6.87,3615.0,CPG
2023-06-09 13:03:00,6.89,6.89,6.885,6.885,4448.0,CPG
2023-06-09 13:02:00,6.885,6.886,6.885,6.885,3153.0,CPG
2023-06-09 13:01:00,6.885,6.89,6.885,6.885,3577.0,CPG
2023-06-09 13:00:00,6.895,6.895,6.895,6.895,614.0,CPG
2023-06-09 12:59:00,6.895,6.895,6.89,6.89,2417.0,CPG
2023-06-09 12:58:00,6.885,6.89,6.88,6.89,4904.0,CPG
2023-06-09 12:56:00,6.885,6.895,6.88,6.88,24673.0,CPG
2023-06-09 12:55:00,6.895,6.895,6.885,6.885,26425.0,CPG
2023-06-09 12:54:00,6.895,6.895,6.891,6.891,508.0,CPG
2023-06-09 12:53:00,6.885,6.895,6.885,6.895,798.0,CPG
2023-06-09 12:52:00,6.905,6.905,6.895,6.895,14155.0,CPG
2023-06-09 12:51:00,6.9,6.9,6.895,6.895,2349.0,CPG
2023-06-09 12:50:00,6.9,6.9,6.895,6.895,1690.0,CPG
2023-06-09 12:49:00,6.895,6.9,6.895,6.895,3400.0,CPG
2023-06-09 12:48:00,6.905,6.905,6.899,6.899,2167.0,CPG
2023-06-09 12:47:00,6.9,6.9,6.899,6.899,3248.0,CPG
2023-06-09 12:46:00,6.895,6.895,6.89,6.895,17069.0,CPG
2023-06-09 12:45:00,6.895,6.895,6.895,6.895,1291.0,CPG
2023-06-09 12:44:00,6.89,6.895,6.885,6.89,2947.0,CPG
2023-06-09 12:43:00,6.89,6.9,6.89,6.895,51245.0,CPG
2023-06-09 12:42:00,6.895,6.895,6.895,6.895,701.0,CPG
2023-06-09 12:41:00,6.895,6.895,6.89,6.895,645.0,CPG
2023-06-09 12:40:00,6.895,6.895,6.89,6.89,2289.0,CPG
2023-06-09 12:39:00,6.895,6.895,6.89,6.89,220.0,CPG
2023-06-09 12:38:00,6.895,6.895,6.895,6.895,69282.0,CPG
2023-06-09 12:37:00,6.9,6.9,6.899,6.899,787.0,CPG
2023-06-09 12:36:00,6.895,6.9,6.895,6.899,1408.0,CPG
2023-06-09 12:35:00,6.895,6.9,6.895,6.899,2500.0,CPG
2023-06-09 12:34:00,6.895,6.897,6.895,6.897,3752.0,CPG
2023-06-09 12:33:00,6.885,6.895,6.885,6.895,4814.0,CPG
2023-06-09 12:32:00,6.9,6.9,6.89,6.89,7881.0,CPG
2023-06-09 12:31:00,6.895,6.895,6.895,6.895,6527.0,CPG
2023-06-09 12:30:00,6.89,6.895,6.887,6.895,11175.0,CPG
2023-06-09 12:29:00,6.89,6.895,6.89,6.89,1380.0,CPG
2023-06-09 12:28:00,6.89,6.89,6.885,6.885,742.0,CPG
2023-06-09 12:27:00,6.89,6.895,6.885,6.895,915.0,CPG
2023-06-09 12:26:00,6.895,6.895,6.89,6.895,5676.0,CPG
2023-06-09 12:25:00,6.909,6.909,6.895,6.895,9296.0,CPG
2023-06-09 12:24:00,6.905,6.909,6.904,6.909,14917.0,CPG
2023-06-09 12:23:00,6.905,6.905,6.899,6.904,1133.0,CPG
2023-06-09 12:22:00,6.905,6.905,6.895,6.904,644.0,CPG
2023-06-09 12:21:00,6.901,6.905,6.901,6.904,673.0,CPG
2023-06-09 12:20:00,6.896,6.896,6.896,6.896,500.0,CPG
2023-06-09 12:19:00,6.905,6.905,6.899,6.899,15601.0,CPG
2023-06-09 12:18:00,6.909,6.909,6.904,6.909,4876.0,CPG
2023-06-09 12:17:00,6.905,6.909,6.904,6.909,40129.0,CPG
2023-06-09 12:16:00,6.9,6.9,6.899,6.899,700.0,CPG
2023-06-09 12:15:00,6.9,6.905,6.895,6.904,2854.0,CPG
2023-06-09 12:14:00,6.905,6.905,6.904,6.904,400.0,CPG
2023-06-09 12:12:00,6.895,6.905,6.895,6.904,8393.0,CPG
2023-06-09 12:11:00,6.89,6.895,6.89,6.895,1402.0,CPG
2023-06-09 12:10:00,6.89,6.89,6.89,6.89,130.0,CPG
2023-06-09 12:08:00,6.895,6.895,6.89,6.89,2981.0,CPG
2023-06-09 12:07:00,6.905,6.909,6.895,6.895,49514.0,CPG
2023-06-09 12:06:00,6.905,6.914,6.904,6.909,18511.0,CPG
2023-06-09 12:05:00,6.905,6.905,6.904,6.904,800.0,CPG
2023-06-09 12:04:00,6.905,6.905,6.904,6.904,610.0,CPG
2023-06-09 12:03:00,6.905,6.905,6.904,6.904,570.0,CPG
2023-06-09 12:02:00,6.905,6.905,6.904,6.904,254.0,CPG
2023-06-09 12:01:00,6.904,6.905,6.899,6.904,1236.0,CPG
2023-06-09 12:00:00,6.895,6.905,6.894,6.904,5633.0,CPG
2023-06-09 11:59:00,6.895,6.895,6.895,6.895,537.0,CPG
2023-06-09 11:58:00,6.895,6.895,6.89,6.895,2129.0,CPG
2023-06-09 11:57:00,6.885,6.895,6.885,6.895,6179.0,CPG
2023-06-09 11:56:00,6.875,6.885,6.875,6.885,5291.0,CPG
2023-06-09 11:55:00,6.875,6.875,6.875,6.875,296.0,CPG
2023-06-09 11:54:00,6.877,6.88,6.877,6.88,278.0,CPG
2023-06-09 11:53:00,6.885,6.885,6.88,6.88,1029.0,CPG
2023-06-09 11:52:00,6.885,6.885,6.88,6.88,1102.0,CPG
2023-06-09 11:51:00,6.885,6.885,6.88,6.88,35167.0,CPG
2023-06-09 11:50:00,6.89,6.89,6.885,6.89,1147.0,CPG
2023-06-09 11:49:00,6.89,6.89,6.89,6.89,927.0,CPG
2023-06-09 11:48:00,6.887,6.887,6.887,6.887,131.0,CPG
2023-06-09 11:47:00,6.895,6.895,6.895,6.895,127.0,CPG
2023-06-09 11:46:00,6.895,6.895,6.885,6.885,16750.0,CPG
2023-06-09 11:45:00,6.887,6.895,6.887,6.895,415.0,CPG
2023-06-09 11:44:00,6.895,6.895,6.895,6.895,5614.0,CPG
2023-06-09 11:43:00,6.895,6.895,6.895,6.895,1621.0,CPG
2023-06-09 11:42:00,6.885,6.895,6.885,6.887,1125.0,CPG
2023-06-09 11:41:00,6.885,6.89,6.885,6.89,4722.0,CPG
2023-06-09 11:40:00,6.875,6.877,6.875,6.877,233.0,CPG
2023-06-09 11:39:00,6.875,6.875,6.875,6.875,126.0,CPG
2023-06-09 11:38:00,6.89,6.89,6.88,6.88,12985.0,CPG
2023-06-09 11:37:00,6.887,6.895,6.886,6.895,1955.0,CPG
2023-06-09 11:36:00,6.89,6.895,6.89,6.895,907.0,CPG
2023-06-09 11:35:00,6.885,6.89,6.885,6.89,4608.0,CPG
2023-06-09 11:34:00,6.875,6.88,6.875,6.88,27836.0,CPG
2023-06-09 11:33:00,6.875,6.879,6.875,6.879,4635.0,CPG
2023-06-09 11:31:00,6.885,6.895,6.885,6.885,2366.0,CPG
2023-06-09 11:30:00,6.9,6.9,6.895,6.895,6032.0,CPG
2023-06-09 11:28:00,6.905,6.905,6.904,6.904,18085.0,CPG
2023-06-09 11:27:00,6.895,6.909,6.895,6.909,16289.0,CPG
2023-06-09 11:26:00,6.9,6.9,6.897,6.899,1518.0,CPG
2023-06-09 11:25:00,6.9,6.905,6.897,6.897,1824.0,CPG
2023-06-09 11:24:00,6.895,6.9,6.895,6.899,714.0,CPG
2023-06-09 11:23:00,6.895,6.9,6.895,6.899,4367.0,CPG
2023-06-09 11:22:00,6.895,6.904,6.895,6.904,2451.0,CPG
2023-06-09 11:21:00,6.9,6.9,6.895,6.895,1339.0,CPG
2023-06-09 11:20:00,6.9,6.9,6.895,6.895,1266.0,CPG
2023-06-09 11:19:00,6.905,6.905,6.895,6.895,534.0,CPG
2023-06-09 11:18:00,6.905,6.905,6.895,6.895,6093.0,CPG
2023-06-09 11:17:00,6.905,6.914,6.904,6.904,1082.0,CPG
2023-06-09 11:16:00,6.924,6.924,6.909,6.909,5033.0,CPG
2023-06-09 11:15:00,6.914,6.924,6.914,6.924,1762.0,CPG
2023-06-09 11:14:00,6.909,6.919,6.909,6.919,11162.0,CPG
2023-06-09 11:13:00,6.914,6.919,6.907,6.907,28435.0,CPG
2023-06-09 11:12:00,6.924,6.924,6.924,6.924,626.0,CPG
2023-06-09 11:11:00,6.922,6.924,6.919,6.924,1070.0,CPG
2023-06-09 11:10:00,6.929,6.929,6.924,6.924,20491.0,CPG
2023-06-09 11:09:00,6.924,6.924,6.924,6.924,1723.0,CPG
2023-06-09 11:08:00,6.929,6.934,6.929,6.934,200.0,CPG
2023-06-09 11:07:00,6.924,6.929,6.924,6.929,8770.0,CPG
2023-06-09 11:06:00,6.917,6.919,6.917,6.919,1787.0,CPG
2023-06-09 11:05:00,6.924,6.924,6.924,6.924,6813.0,CPG
2023-06-09 11:04:00,6.934,6.939,6.924,6.929,3946.0,CPG
2023-06-09 11:03:00,6.939,6.939,6.934,6.934,26843.0,CPG
2023-06-09 11:02:00,6.934,6.939,6.934,6.934,2123.0,CPG
2023-06-09 11:01:00,6.944,6.944,6.939,6.939,6932.0,CPG
2023-06-09 11:00:00,6.954,6.954,6.945,6.954,1742.0,CPG
2023-06-09 10:59:00,6.944,6.944,6.939,6.944,10562.0,CPG
2023-06-09 10:58:00,6.954,6.954,6.944,6.944,20913.0,CPG
2023-06-09 10:57:00,6.954,6.954,6.954,6.954,3324.0,CPG
2023-06-09 10:56:00,6.954,6.959,6.946,6.954,22060.0,CPG
2023-06-09 10:55:00,6.949,6.954,6.949,6.949,9463.0,CPG
2023-06-09 10:54:00,6.949,6.954,6.949,6.949,9570.0,CPG
2023-06-09 10:53:00,6.944,6.949,6.944,6.949,3013.0,CPG
2023-06-09 10:52:00,6.934,6.944,6.934,6.944,901.0,CPG
2023-06-09 10:51:00,6.934,6.934,6.934,6.934,2983.0,CPG
2023-06-09 10:50:00,6.944,6.945,6.944,6.944,28472.0,CPG
2023-06-09 10:49:00,6.944,6.949,6.944,6.949,13570.0,CPG
2023-06-09 10:48:00,6.949,6.949,6.944,6.949,1122.0,CPG
2023-06-09 10:47:00,6.944,6.944,6.944,6.944,8608.0,CPG
2023-06-09 10:46:00,6.939,6.945,6.937,6.944,15971.0,CPG
2023-06-09 10:45:00,6.937,6.939,6.937,6.939,1014.0,CPG
2023-06-09 10:44:00,6.944,6.951,6.944,6.944,25062.0,CPG
2023-06-09 10:43:00,6.944,6.944,6.937,6.944,10206.0,CPG
2023-06-09 10:42:00,6.929,6.944,6.929,6.944,13108.0,CPG
2023-06-09 10:41:00,6.944,6.944,6.929,6.934,6700.0,CPG
2023-06-09 10:40:00,6.949,6.949,6.944,6.944,8910.0,CPG
2023-06-09 10:39:00,6.954,6.954,6.954,6.954,521.0,CPG
2023-06-09 10:38:00,6.949,6.954,6.949,6.949,3574.0,CPG
2023-06-09 10:37:00,6.939,6.954,6.939,6.951,12690.0,CPG
2023-06-09 10:36:00,6.927,6.944,6.927,6.944,12759.0,CPG
2023-06-09 10:35:00,6.934,6.934,6.924,6.934,6631.0,CPG
2023-06-09 10:34:00,6.927,6.934,6.914,6.924,58880.0,CPG
2023-06-09 10:33:00,6.934,6.934,6.927,6.929,3265.0,CPG
2023-06-09 10:32:00,6.932,6.934,6.929,6.934,3315.0,CPG
2023-06-09 10:31:00,6.934,6.934,6.924,6.929,2998.0,CPG
2023-06-09 10:30:00,6.924,6.934,6.919,6.934,9369.0,CPG
2023-06-09 10:29:00,6.924,6.924,6.919,6.924,19561.0,CPG
2023-06-09 10:28:00,6.914,6.924,6.914,6.924,18245.0,CPG
2023-06-09 10:27:00,6.914,6.914,6.914,6.914,907.0,CPG
2023-06-09 10:26:00,6.905,6.914,6.899,6.914,5765.0,CPG
2023-06-09 10:25:00,6.9,6.905,6.899,6.904,2142.0,CPG
2023-06-09 10:24:00,6.905,6.905,6.895,6.899,2307.0,CPG
2023-06-09 10:23:00,6.9,6.905,6.899,6.904,15202.0,CPG
2023-06-09 10:22:00,6.895,6.905,6.895,6.899,9137.0,CPG
2023-06-09 10:20:00,6.902,6.902,6.886,6.895,36425.0,CPG
2023-06-09 10:19:00,6.895,6.9,6.895,6.899,8476.0,CPG
2023-06-09 10:18:00,6.895,6.895,6.885,6.885,816.0,CPG
2023-06-09 10:17:00,6.885,6.885,6.88,6.885,24768.0,CPG
2023-06-09 10:16:00,6.885,6.885,6.88,6.885,18040.0,CPG
2023-06-09 10:15:00,6.885,6.89,6.885,6.885,7870.0,CPG
2023-06-09 10:14:00,6.885,6.89,6.88,6.885,4768.0,CPG
2023-06-09 10:13:00,6.895,6.902,6.885,6.885,10887.0,CPG
2023-06-09 10:12:00,6.895,6.9,6.895,6.895,24668.0,CPG
2023-06-09 10:11:00,6.9,6.905,6.894,6.894,29383.0,CPG
2023-06-09 10:10:00,6.894,6.895,6.885,6.895,11488.0,CPG
2023-06-09 10:09:00,6.875,6.885,6.875,6.885,3750.0,CPG
2023-06-09 10:08:00,6.875,6.875,6.875,6.875,291.0,CPG
2023-06-09 10:07:00,6.875,6.875,6.865,6.866,4313.0,CPG
2023-06-09 10:06:00,6.875,6.875,6.875,6.875,15916.0,CPG
2023-06-09 10:05:00,6.875,6.88,6.875,6.875,2992.0,CPG
2023-06-09 10:04:00,6.885,6.885,6.875,6.875,3721.0,CPG
2023-06-09 10:03:00,6.875,6.885,6.875,6.885,13981.0,CPG
2023-06-09 10:02:00,6.865,6.883,6.865,6.88,14623.0,CPG
2023-06-09 10:01:00,6.875,6.875,6.86,6.865,9277.0,CPG
2023-06-09 10:00:00,6.865,6.87,6.865,6.865,18172.0,CPG
2023-06-09 09:59:00,6.855,6.86,6.854,6.86,18316.0,CPG
2023-06-09 09:58:00,6.865,6.865,6.855,6.865,1413.0,CPG
2023-06-09 09:57:00,6.865,6.865,6.865,6.865,927.0,CPG
2023-06-09 09:56:00,6.865,6.865,6.855,6.855,764.0,CPG
2023-06-09 09:55:00,6.865,6.865,6.855,6.855,18882.0,CPG
2023-06-09 09:54:00,6.855,6.855,6.855,6.855,2955.0,CPG
2023-06-09 09:53:00,6.845,6.85,6.845,6.85,642.0,CPG
2023-06-09 09:52:00,6.825,6.845,6.825,6.845,23563.0,CPG
2023-06-09 09:51:00,6.835,6.835,6.835,6.835,1285.0,CPG
2023-06-09 09:50:00,6.825,6.835,6.825,6.835,6075.0,CPG
2023-06-09 09:49:00,6.825,6.825,6.815,6.817,13644.0,CPG
2023-06-09 09:48:00,6.835,6.835,6.825,6.825,3603.0,CPG
2023-06-09 09:47:00,6.825,6.835,6.82,6.835,35246.0,CPG
2023-06-09 09:46:00,6.855,6.855,6.825,6.835,23951.0,CPG
2023-06-09 09:45:00,6.855,6.86,6.847,6.855,13292.0,CPG
2023-06-09 09:44:00,6.85,6.855,6.845,6.855,5678.0,CPG
2023-06-09 09:43:00,6.845,6.845,6.835,6.845,1875.0,CPG
2023-06-09 09:42:00,6.825,6.845,6.825,6.845,14283.0,CPG
2023-06-09 09:41:00,6.835,6.835,6.825,6.825,7024.0,CPG
2023-06-09 09:40:00,6.835,6.845,6.835,6.845,1835.0,CPG
2023-06-09 09:39:00,6.825,6.835,6.825,6.835,1139.0,CPG
2023-06-09 09:38:00,6.835,6.835,6.825,6.825,24009.0,CPG
2023-06-09 09:37:00,6.835,6.845,6.835,6.845,1408.0,CPG
2023-06-09 09:36:00,6.835,6.835,6.825,6.825,4419.0,CPG
2023-06-09 09:35:00,6.855,6.855,6.825,6.835,51638.0,CPG
2023-06-09 09:34:00,6.875,6.875,6.865,6.865,4132.0,CPG
2023-06-09 09:33:00,6.882,6.885,6.865,6.875,6800.0,CPG
2023-06-09 09:32:00,6.86,6.875,6.855,6.875,1612.0,CPG
2023-06-09 09:31:00,6.855,6.865,6.845,6.865,16495.0,CPG
2023-06-09 09:30:00,6.895,6.905,6.835,6.865,28896.0,CPG
2023-06-09 09:29:00,6.885,6.885,6.875,6.885,2887.0,CPG
2023-06-09 09:08:00,6.825,6.825,6.825,6.825,750.0,CPG
2023-06-09 09:02:00,6.835,6.835,6.835,6.835,3.0,CPG
2023-06-09 09:01:00,6.835,6.835,6.825,6.825,250.0,CPG
2023-06-09 08:51:00,6.865,6.865,6.865,6.865,100.0,CPG
2023-06-09 08:48:00,6.865,6.865,6.865,6.865,1010.0,CPG
2023-06-09 08:35:00,6.875,6.875,6.875,6.875,400.0,CPG
2023-06-09 08:33:00,6.875,6.875,6.875,6.875,600.0,CPG
2023-06-09 08:02:00,6.825,6.825,6.825,6.825,3.0,CPG
2023-06-08 19:29:00,6.914,6.914,6.914,6.914,30.0,CPG
2023-06-08 19:00:00,6.865,6.865,6.865,6.865,54301.0,CPG
2023-06-08 18:30:00,6.865,6.865,6.865,6.865,54301.0,CPG
2023-06-08 17:11:00,6.865,6.865,6.865,6.865,10.0,CPG
2023-06-08 16:46:00,6.865,6.865,6.865,6.865,29.0,CPG
2023-06-08 16:33:00,6.825,6.825,6.825,6.825,30.0,CPG
2023-06-08 16:21:00,6.815,6.865,6.815,6.865,2.0,CPG
2023-06-08 16:17:00,6.914,6.914,6.914,6.914,12.0,CPG
2023-06-08 16:10:00,6.865,6.865,6.805,6.805,54351.0,CPG
2023-06-08 16:06:00,6.807,6.807,6.807,6.807,1.0,CPG
2023-06-08 16:01:00,6.865,6.865,6.865,6.865,1244.0,CPG
2023-06-08 16:00:00,6.86,6.865,6.86,6.865,117234.0,CPG
2023-06-08 15:59:00,6.865,6.87,6.855,6.86,219147.0,CPG
2023-06-08 15:58:00,6.855,6.865,6.855,6.862,41469.0,CPG
2023-06-08 15:57:00,6.86,6.86,6.855,6.855,20590.0,CPG
2023-06-08 15:56:00,6.845,6.86,6.845,6.86,131918.0,CPG
2023-06-08 15:55:00,6.855,6.855,6.845,6.845,79557.0,CPG
2023-06-08 15:54:00,6.855,6.862,6.855,6.862,8408.0,CPG
2023-06-08 15:53:00,6.86,6.86,6.855,6.855,18901.0,CPG
2023-06-08 15:52:00,6.865,6.87,6.855,6.855,31870.0,CPG
2023-06-08 15:51:00,6.87,6.87,6.865,6.865,7397.0,CPG
2023-06-08 15:50:00,6.88,6.885,6.87,6.87,21449.0,CPG
2023-06-08 15:49:00,6.88,6.88,6.875,6.88,16945.0,CPG
2023-06-08 15:48:00,6.875,6.88,6.875,6.88,1669.0,CPG
2023-06-08 15:47:00,6.875,6.885,6.875,6.875,8318.0,CPG
2023-06-08 15:46:00,6.88,6.882,6.875,6.875,11114.0,CPG
2023-06-08 15:45:00,6.885,6.885,6.877,6.88,2381.0,CPG
2023-06-08 15:44:00,6.875,6.885,6.875,6.88,16194.0,CPG
2023-06-08 15:43:00,6.875,6.88,6.875,6.875,11898.0,CPG
2023-06-08 15:42:00,6.875,6.88,6.875,6.875,6312.0,CPG
2023-06-08 15:41:00,6.875,6.875,6.875,6.875,4144.0,CPG
2023-06-08 15:40:00,6.875,6.875,6.875,6.875,975.0,CPG
2023-06-08 15:39:00,6.875,6.875,6.875,6.875,14846.0,CPG
2023-06-08 15:37:00,6.87,6.875,6.87,6.875,31059.0,CPG
2023-06-08 15:35:00,6.867,6.873,6.867,6.87,1158.0,CPG
2023-06-08 15:34:00,6.875,6.88,6.87,6.875,16142.0,CPG
2023-06-08 15:33:00,6.885,6.885,6.875,6.88,8152.0,CPG
2023-06-08 15:32:00,6.885,6.89,6.885,6.885,11805.0,CPG
2023-06-08 15:31:00,6.905,6.905,6.89,6.895,48189.0,CPG
2023-06-08 15:30:00,6.9,6.9,6.895,6.895,18643.0,CPG
2023-06-08 15:29:00,6.905,6.905,6.904,6.904,1066.0,CPG
2023-06-08 15:28:00,6.905,6.905,6.895,6.897,2110.0,CPG
2023-06-08 15:27:00,6.903,6.905,6.895,6.904,21094.0,CPG
2023-06-08 15:26:00,6.897,6.905,6.895,6.904,4273.0,CPG
2023-06-08 15:25:00,6.905,6.905,6.897,6.904,1516.0,CPG
2023-06-08 15:24:00,6.9,6.905,6.895,6.895,2836.0,CPG
2023-06-08 15:23:00,6.9,6.9,6.899,6.899,3180.0,CPG
2023-06-08 15:22:00,6.9,6.901,6.895,6.895,5776.0,CPG
2023-06-08 15:21:00,6.9,6.9,6.895,6.895,1636.0,CPG
2023-06-08 15:20:00,6.9,6.905,6.895,6.904,707.0,CPG
2023-06-08 15:19:00,6.895,6.905,6.895,6.899,2629.0,CPG
2023-06-08 15:18:00,6.895,6.905,6.895,6.895,1542.0,CPG
2023-06-08 15:17:00,6.895,6.9,6.895,6.895,1496.0,CPG
2023-06-08 15:16:00,6.9,6.9,6.899,6.899,189.0,CPG
2023-06-08 15:15:00,6.905,6.905,6.897,6.897,1328.0,CPG
2023-06-08 15:14:00,6.897,6.905,6.897,6.904,1122.0,CPG
2023-06-08 15:13:00,6.9,6.905,6.897,6.897,1119.0,CPG
2023-06-08 15:12:00,6.905,6.905,6.895,6.904,15120.0,CPG
2023-06-08 15:11:00,6.905,6.909,6.904,6.904,10112.0,CPG
2023-06-08 15:10:00,6.907,6.909,6.907,6.909,1867.0,CPG
2023-06-08 15:09:00,6.914,6.914,6.907,6.914,4700.0,CPG
2023-06-08 15:08:00,6.914,6.914,6.914,6.914,213.0,CPG
2023-06-08 15:07:00,6.914,6.914,6.909,6.914,431.0,CPG
2023-06-08 15:06:00,6.914,6.914,6.909,6.909,1208.0,CPG
2023-06-08 15:04:00,6.909,6.909,6.909,6.909,715.0,CPG
2023-06-08 15:03:00,6.914,6.914,6.909,6.909,5210.0,CPG
2023-06-08 15:02:00,6.907,6.924,6.907,6.914,61052.0,CPG
2023-06-08 15:01:00,6.909,6.914,6.909,6.914,1039.0,CPG
2023-06-08 15:00:00,6.914,6.914,6.907,6.914,1111.0,CPG
2023-06-08 14:59:00,6.907,6.914,6.907,6.914,888.0,CPG
2023-06-08 14:58:00,6.914,6.914,6.909,6.909,720.0,CPG
2023-06-08 14:56:00,6.909,6.909,6.909,6.909,524.0,CPG
2023-06-08 14:55:00,6.914,6.914,6.914,6.914,712.0,CPG
2023-06-08 14:53:00,6.905,6.909,6.905,6.909,317.0,CPG
2023-06-08 14:52:00,6.909,6.914,6.909,6.909,2405.0,CPG
2023-06-08 14:51:00,6.905,6.909,6.897,6.904,56001.0,CPG
2023-06-08 14:50:00,6.909,6.909,6.904,6.909,2044.0,CPG
2023-06-08 14:49:00,6.905,6.909,6.904,6.909,500.0,CPG
2023-06-08 14:48:00,6.905,6.909,6.904,6.904,3770.0,CPG
2023-06-08 14:47:00,6.905,6.905,6.904,6.904,483.0,CPG
2023-06-08 14:46:00,6.924,6.924,6.904,6.904,37609.0,CPG
2023-06-08 14:45:00,6.919,6.924,6.914,6.924,1983.0,CPG
2023-06-08 14:44:00,6.914,6.924,6.914,6.914,5119.0,CPG
2023-06-08 14:43:00,6.924,6.924,6.917,6.924,1107.0,CPG
2023-06-08 14:42:00,6.924,6.924,6.914,6.914,1309.0,CPG
2023-06-08 14:41:00,6.924,6.924,6.914,6.924,2715.0,CPG
2023-06-08 14:40:00,6.924,6.924,6.917,6.917,1006.0,CPG
2023-06-08 14:39:00,6.924,6.924,6.917,6.924,943.0,CPG
2023-06-08 14:38:00,6.924,6.924,6.917,6.924,1017.0,CPG
2023-06-08 14:37:00,6.924,6.924,6.917,6.924,908.0,CPG
2023-06-08 14:36:00,6.924,6.924,6.917,6.924,888.0,CPG
2023-06-08 14:35:00,6.924,6.924,6.919,6.924,1508.0,CPG
2023-06-08 14:34:00,6.924,6.924,6.919,6.924,1769.0,CPG
2023-06-08 14:33:00,6.924,6.924,6.915,6.924,3052.0,CPG
2023-06-08 14:32:00,6.922,6.924,6.914,6.924,1983.0,CPG
2023-06-08 14:31:00,6.914,6.914,6.914,6.914,358.0,CPG
2023-06-08 14:30:00,6.914,6.914,6.914,6.914,7944.0,CPG
2023-06-08 14:29:00,6.914,6.914,6.914,6.914,1009.0,CPG
2023-06-08 14:28:00,6.909,6.914,6.909,6.914,1131.0,CPG
2023-06-08 14:27:00,6.9,6.909,6.899,6.909,12918.0,CPG
2023-06-08 14:26:00,6.905,6.905,6.897,6.899,825.0,CPG
2023-06-08 14:24:00,6.895,6.895,6.895,6.895,3128.0,CPG
2023-06-08 14:23:00,6.9,6.9,6.895,6.895,900.0,CPG
2023-06-08 14:22:00,6.905,6.905,6.899,6.899,30818.0,CPG
2023-06-08 14:21:00,6.905,6.905,6.899,6.904,32888.0,CPG
2023-06-08 14:20:00,6.905,6.905,6.904,6.904,6078.0,CPG
2023-06-08 14:16:00,6.895,6.905,6.895,6.899,4545.0,CPG
2023-06-08 14:15:00,6.895,6.9,6.89,6.895,50973.0,CPG
2023-06-08 14:14:00,6.89,6.89,6.885,6.89,1808.0,CPG
2023-06-08 14:13:00,6.89,6.89,6.89,6.89,230.0,CPG
2023-06-08 14:11:00,6.895,6.895,6.89,6.89,635.0,CPG
2023-06-08 14:10:00,6.895,6.895,6.895,6.895,612.0,CPG
2023-06-08 14:09:00,6.895,6.9,6.895,6.895,3917.0,CPG
2023-06-08 14:08:00,6.9,6.9,6.895,6.895,4684.0,CPG
2023-06-08 14:07:00,6.9,6.9,6.89,6.899,32709.0,CPG
2023-06-08 14:06:00,6.895,6.905,6.895,6.904,647.0,CPG
2023-06-08 14:05:00,6.9,6.905,6.895,6.904,3776.0,CPG
2023-06-08 14:04:00,6.905,6.905,6.904,6.904,400.0,CPG
2023-06-08 14:03:00,6.895,6.9,6.887,6.899,9029.0,CPG
2023-06-08 14:02:00,6.895,6.895,6.894,6.895,1600.0,CPG
2023-06-08 14:01:00,6.895,6.895,6.895,6.895,1500.0,CPG
2023-06-08 14:00:00,6.895,6.895,6.895,6.895,401.0,CPG
2023-06-08 13:59:00,6.89,6.895,6.89,6.895,541.0,CPG
2023-06-08 13:58:00,6.895,6.895,6.885,6.89,1082.0,CPG
2023-06-08 13:57:00,6.895,6.895,6.885,6.885,2181.0,CPG
2023-06-08 13:56:00,6.89,6.895,6.89,6.895,571.0,CPG
2023-06-08 13:55:00,6.895,6.895,6.89,6.895,662.0,CPG
2023-06-08 13:54:00,6.895,6.895,6.885,6.885,2012.0,CPG
2023-06-08 13:53:00,6.895,6.895,6.895,6.895,202.0,CPG
2023-06-08 13:52:00,6.885,6.893,6.885,6.893,2781.0,CPG
2023-06-08 13:51:00,6.885,6.89,6.885,6.89,30816.0,CPG
2023-06-08 13:50:00,6.88,6.884,6.875,6.884,2813.0,CPG
2023-06-08 13:49:00,6.88,6.88,6.875,6.88,907.0,CPG
2023-06-08 13:48:00,6.88,6.885,6.88,6.885,1707.0,CPG
2023-06-08 13:47:00,6.88,6.88,6.88,6.88,313.0,CPG
2023-06-08 13:46:00,6.88,6.88,6.88,6.88,204.0,CPG
2023-06-08 13:45:00,6.88,6.88,6.88,6.88,332.0,CPG
2023-06-08 13:44:00,6.885,6.885,6.885,6.885,3136.0,CPG
2023-06-08 13:43:00,6.885,6.885,6.885,6.885,2765.0,CPG
2023-06-08 13:42:00,6.885,6.885,6.885,6.885,2620.0,CPG
2023-06-08 13:41:00,6.892,6.892,6.88,6.88,8013.0,CPG
2023-06-08 13:40:00,6.885,6.885,6.885,6.885,5080.0,CPG
2023-06-08 13:39:00,6.885,6.885,6.885,6.885,817.0,CPG
2023-06-08 13:38:00,6.885,6.885,6.885,6.885,1794.0,CPG
2023-06-08 13:37:00,6.88,6.885,6.88,6.88,4828.0,CPG
2023-06-08 13:36:00,6.885,6.89,6.885,6.885,18263.0,CPG
2023-06-08 13:35:00,6.875,6.885,6.87,6.88,8009.0,CPG
2023-06-08 13:34:00,6.87,6.87,6.865,6.865,1782.0,CPG
2023-06-08 13:33:00,6.875,6.875,6.867,6.87,4622.0,CPG
2023-06-08 13:32:00,6.87,6.87,6.87,6.87,400.0,CPG
2023-06-08 13:31:00,6.875,6.875,6.87,6.87,7731.0,CPG
2023-06-08 13:30:00,6.875,6.875,6.875,6.875,3313.0,CPG
2023-06-08 13:29:00,6.875,6.881,6.875,6.881,1155.0,CPG
2023-06-08 13:28:00,6.875,6.875,6.875,6.875,4251.0,CPG
2023-06-08 13:27:00,6.875,6.875,6.875,6.875,502.0,CPG
2023-06-08 13:26:00,6.875,6.875,6.875,6.875,13866.0,CPG
2023-06-08 13:25:00,6.875,6.875,6.875,6.875,2941.0,CPG
2023-06-08 13:24:00,6.875,6.88,6.875,6.88,3142.0,CPG
2023-06-08 13:23:00,6.875,6.875,6.867,6.875,17737.0,CPG
2023-06-08 13:22:00,6.885,6.885,6.875,6.875,521.0,CPG
2023-06-08 13:21:00,6.88,6.88,6.88,6.88,115.0,CPG
2023-06-08 13:20:00,6.885,6.885,6.885,6.885,411.0,CPG
2023-06-08 13:19:00,6.88,6.88,6.88,6.88,819.0,CPG
2023-06-08 13:18:00,6.875,6.88,6.875,6.875,3848.0,CPG
2023-06-08 13:17:00,6.875,6.875,6.875,6.875,948.0,CPG
2023-06-08 13:16:00,6.875,6.875,6.875,6.875,1927.0,CPG
2023-06-08 13:15:00,6.855,6.87,6.855,6.87,11846.0,CPG
2023-06-08 13:14:00,6.86,6.86,6.86,6.86,303.0,CPG
2023-06-08 13:13:00,6.855,6.855,6.855,6.855,693.0,CPG
2023-06-08 13:12:00,6.855,6.855,6.855,6.855,7566.0,CPG
2023-06-08 13:11:00,6.855,6.855,6.85,6.855,12498.0,CPG
2023-06-08 13:10:00,6.855,6.855,6.85,6.85,3404.0,CPG
2023-06-08 13:09:00,6.85,6.855,6.85,6.855,4084.0,CPG
2023-06-08 13:07:00,6.855,6.855,6.855,6.855,5696.0,CPG
2023-06-08 13:06:00,6.855,6.865,6.85,6.86,16936.0,CPG
2023-06-08 13:05:00,6.855,6.855,6.855,6.855,277.0,CPG
2023-06-08 13:04:00,6.855,6.855,6.855,6.855,3103.0,CPG
2023-06-08 13:03:00,6.855,6.855,6.855,6.855,1810.0,CPG
2023-06-08 13:02:00,6.865,6.875,6.855,6.865,35679.0,CPG
2023-06-08 13:01:00,6.855,6.855,6.855,6.855,4820.0,CPG
2023-06-08 13:00:00,6.845,6.855,6.845,6.855,1016.0,CPG
2023-06-08 12:59:00,6.845,6.845,6.845,6.845,2736.0,CPG
2023-06-08 12:57:00,6.84,6.845,6.84,6.844,5764.0,CPG
2023-06-08 12:56:00,6.844,6.844,6.844,6.844,2078.0,CPG
2023-06-08 12:53:00,6.835,6.835,6.833,6.835,4845.0,CPG
2023-06-08 12:52:00,6.835,6.835,6.83,6.835,35221.0,CPG
2023-06-08 12:51:00,6.835,6.835,6.835,6.835,7126.0,CPG
2023-06-08 12:50:00,6.835,6.835,6.825,6.825,20268.0,CPG
2023-06-08 12:49:00,6.835,6.835,6.835,6.835,200.0,CPG
2023-06-08 12:48:00,6.845,6.845,6.835,6.839,6754.0,CPG
2023-06-08 12:46:00,6.84,6.845,6.84,6.845,13795.0,CPG
2023-06-08 12:45:00,6.84,6.84,6.84,6.84,202.0,CPG
2023-06-08 12:44:00,6.835,6.84,6.835,6.84,1824.0,CPG
2023-06-08 12:43:00,6.83,6.835,6.83,6.835,6067.0,CPG
2023-06-08 12:42:00,6.825,6.825,6.825,6.825,100.0,CPG
2023-06-08 12:41:00,6.825,6.83,6.825,6.83,11704.0,CPG
2023-06-08 12:40:00,6.825,6.833,6.815,6.833,20265.0,CPG
2023-06-08 12:39:00,6.835,6.835,6.835,6.835,11607.0,CPG
2023-06-08 12:38:00,6.835,6.835,6.835,6.835,3003.0,CPG
2023-06-08 12:37:00,6.834,6.834,6.83,6.83,607.0,CPG
2023-06-08 12:36:00,6.825,6.835,6.825,6.835,2160.0,CPG
2023-06-08 12:35:00,6.825,6.825,6.825,6.825,2951.0,CPG
2023-06-08 12:34:00,6.815,6.82,6.815,6.815,2304.0,CPG
2023-06-08 12:33:00,6.82,6.82,6.815,6.815,1453.0,CPG
2023-06-08 12:32:00,6.825,6.825,6.815,6.82,15227.0,CPG
2023-06-08 12:31:00,6.823,6.825,6.823,6.825,474.0,CPG
2023-06-08 12:30:00,6.825,6.83,6.82,6.82,6347.0,CPG
2023-06-08 12:29:00,6.825,6.835,6.825,6.825,21783.0,CPG
2023-06-08 12:28:00,6.815,6.821,6.815,6.815,13591.0,CPG
2023-06-08 12:27:00,6.806,6.825,6.805,6.825,10974.0,CPG
2023-06-08 12:26:00,6.806,6.806,6.805,6.805,2910.0,CPG
2023-06-08 12:25:00,6.806,6.806,6.805,6.805,13075.0,CPG
2023-06-08 12:24:00,6.801,6.806,6.8,6.805,8310.0,CPG
2023-06-08 12:23:00,6.796,6.806,6.795,6.796,2045.0,CPG
2023-06-08 12:22:00,6.79,6.79,6.79,6.79,223.0,CPG
2023-06-08 12:21:00,6.786,6.796,6.781,6.786,7826.0,CPG
2023-06-08 12:20:00,6.786,6.786,6.786,6.786,3724.0,CPG
2023-06-08 12:19:00,6.786,6.786,6.785,6.786,5477.0,CPG
2023-06-08 12:18:00,6.786,6.791,6.786,6.791,2423.0,CPG
2023-06-08 12:17:00,6.786,6.786,6.776,6.776,10531.0,CPG
2023-06-08 12:16:00,6.766,6.781,6.766,6.781,6107.0,CPG
2023-06-08 12:15:00,6.766,6.766,6.759,6.766,5920.0,CPG
2023-06-08 12:14:00,6.756,6.766,6.756,6.766,7501.0,CPG
2023-06-08 12:13:00,6.756,6.756,6.756,6.756,1835.0,CPG
2023-06-08 12:12:00,6.756,6.756,6.756,6.756,1511.0,CPG
2023-06-08 12:11:00,6.756,6.756,6.756,6.756,1615.0,CPG
2023-06-08 12:10:00,6.746,6.756,6.746,6.751,5327.0,CPG
2023-06-08 12:09:00,6.736,6.746,6.736,6.746,5289.0,CPG
2023-06-08 12:08:00,6.736,6.736,6.736,6.736,3498.0,CPG
2023-06-08 12:07:00,6.731,6.731,6.731,6.731,101.0,CPG
2023-06-08 12:06:00,6.736,6.736,6.735,6.736,3069.0,CPG
2023-06-08 12:05:00,6.726,6.736,6.726,6.736,24905.0,CPG
2023-06-08 12:04:00,6.717,6.726,6.716,6.726,760.0,CPG
2023-06-08 12:03:00,6.726,6.731,6.716,6.726,16389.0,CPG
2023-06-08 12:02:00,6.726,6.731,6.721,6.726,5851.0,CPG
2023-06-08 12:01:00,6.726,6.736,6.726,6.726,23355.0,CPG
2023-06-08 12:00:00,6.736,6.741,6.736,6.736,8181.0,CPG
2023-06-08 11:59:00,6.746,6.746,6.745,6.746,4044.0,CPG
2023-06-08 11:58:00,6.766,6.766,6.756,6.756,5936.0,CPG
2023-06-08 11:57:00,6.766,6.766,6.756,6.756,6662.0,CPG
2023-06-08 11:56:00,6.776,6.786,6.776,6.776,46340.0,CPG
2023-06-08 11:55:00,6.766,6.776,6.766,6.776,4656.0,CPG
2023-06-08 11:54:00,6.751,6.766,6.751,6.766,12659.0,CPG
2023-06-08 11:53:00,6.757,6.766,6.751,6.756,5758.0,CPG
2023-06-08 11:52:00,6.766,6.766,6.756,6.761,39534.0,CPG
2023-06-08 11:51:00,6.791,6.791,6.766,6.766,98826.0,CPG
2023-06-08 11:50:00,6.796,6.796,6.786,6.786,23988.0,CPG
2023-06-08 11:49:00,6.796,6.796,6.796,6.796,10592.0,CPG
2023-06-08 11:48:00,6.769,6.796,6.768,6.791,28239.0,CPG
2023-06-08 11:47:00,6.796,6.796,6.766,6.771,21795.0,CPG
2023-06-08 11:46:00,6.806,6.811,6.796,6.796,25413.0,CPG
2023-06-08 11:45:00,6.825,6.825,6.815,6.815,8165.0,CPG
2023-06-08 11:44:00,6.835,6.835,6.825,6.825,14515.0,CPG
2023-06-08 11:43:00,6.835,6.835,6.835,6.835,2800.0,CPG
2023-06-08 11:42:00,6.835,6.844,6.835,6.835,1340.0,CPG
2023-06-08 11:41:00,6.855,6.855,6.835,6.84,20069.0,CPG
2023-06-08 11:39:00,6.865,6.865,6.865,6.865,373.0,CPG
2023-06-08 11:38:00,6.869,6.869,6.865,6.865,2429.0,CPG
2023-06-08 11:37:00,6.865,6.87,6.865,6.87,313.0,CPG
2023-06-08 11:36:00,6.865,6.865,6.864,6.865,6510.0,CPG
2023-06-08 11:35:00,6.88,6.88,6.865,6.865,7994.0,CPG
2023-06-08 11:34:00,6.885,6.885,6.88,6.88,1300.0,CPG
2023-06-08 11:32:00,6.885,6.89,6.885,6.885,6291.0,CPG
2023-06-08 11:31:00,6.895,6.895,6.89,6.895,3411.0,CPG
2023-06-08 11:30:00,6.895,6.895,6.895,6.895,831.0,CPG
2023-06-08 11:29:00,6.895,6.9,6.895,6.895,15062.0,CPG
2023-06-08 11:28:00,6.895,6.9,6.895,6.895,7927.0,CPG
2023-06-08 11:27:00,6.895,6.905,6.895,6.904,5721.0,CPG
2023-06-08 11:26:00,6.895,6.895,6.894,6.894,2454.0,CPG
2023-06-08 11:25:00,6.895,6.895,6.89,6.89,310.0,CPG
2023-06-08 11:24:00,6.885,6.895,6.885,6.895,3038.0,CPG
2023-06-08 11:23:00,6.88,6.885,6.88,6.885,700.0,CPG
2023-06-08 11:22:00,6.885,6.885,6.875,6.877,11278.0,CPG
2023-06-08 11:21:00,6.88,6.885,6.88,6.885,3336.0,CPG
2023-06-08 11:20:00,6.87,6.875,6.87,6.875,16336.0,CPG
2023-06-08 11:19:00,6.87,6.87,6.87,6.87,209.0,CPG
2023-06-08 11:17:00,6.88,6.88,6.87,6.87,6953.0,CPG
2023-06-08 11:16:00,6.875,6.875,6.875,6.875,400.0,CPG
2023-06-08 11:15:00,6.875,6.88,6.875,6.88,613.0,CPG
2023-06-08 11:14:00,6.875,6.875,6.875,6.875,409.0,CPG
2023-06-08 11:13:00,6.875,6.885,6.875,6.88,2620.0,CPG
2023-06-08 11:12:00,6.875,6.875,6.872,6.875,1516.0,CPG
2023-06-08 11:11:00,6.875,6.875,6.87,6.875,4871.0,CPG
2023-06-08 11:10:00,6.875,6.875,6.87,6.875,939.0,CPG
2023-06-08 11:09:00,6.865,6.875,6.865,6.87,3910.0,CPG
2023-06-08 11:08:00,6.865,6.87,6.865,6.865,7117.0,CPG
2023-06-08 11:06:00,6.865,6.865,6.865,6.865,3687.0,CPG
2023-06-08 11:05:00,6.855,6.865,6.855,6.865,6934.0,CPG
2023-06-08 11:04:00,6.865,6.865,6.855,6.855,4676.0,CPG
2023-06-08 11:03:00,6.865,6.869,6.865,6.869,377.0,CPG
2023-06-08 11:02:00,6.87,6.87,6.87,6.87,896.0,CPG
2023-06-08 11:01:00,6.875,6.875,6.87,6.87,1000.0,CPG
2023-06-08 11:00:00,6.875,6.875,6.87,6.87,6231.0,CPG
2023-06-08 10:59:00,6.88,6.88,6.875,6.875,807.0,CPG
2023-06-08 10:58:00,6.873,6.875,6.865,6.875,27089.0,CPG
2023-06-08 10:57:00,6.875,6.875,6.875,6.875,9594.0,CPG
2023-06-08 10:56:00,6.885,6.885,6.875,6.875,4178.0,CPG
2023-06-08 10:55:00,6.885,6.885,6.885,6.885,7197.0,CPG
2023-06-08 10:54:00,6.89,6.89,6.885,6.885,6258.0,CPG
2023-06-08 10:52:00,6.89,6.895,6.89,6.895,794.0,CPG
2023-06-08 10:51:00,6.89,6.89,6.89,6.89,115.0,CPG
2023-06-08 10:50:00,6.89,6.895,6.89,6.895,1517.0,CPG
2023-06-08 10:49:00,6.895,6.895,6.89,6.89,463.0,CPG
2023-06-08 10:48:00,6.885,6.895,6.885,6.895,908.0,CPG
2023-06-08 10:47:00,6.89,6.89,6.885,6.888,841.0,CPG
2023-06-08 10:46:00,6.89,6.89,6.89,6.89,608.0,CPG
2023-06-08 10:45:00,6.89,6.89,6.89,6.89,182.0,CPG
2023-06-08 10:44:00,6.89,6.89,6.885,6.885,572.0,CPG
2023-06-08 10:42:00,6.88,6.895,6.88,6.895,1591.0,CPG
2023-06-08 10:41:00,6.875,6.875,6.875,6.875,400.0,CPG
2023-06-08 10:40:00,6.865,6.875,6.865,6.875,3810.0,CPG
2023-06-08 10:37:00,6.875,6.875,6.87,6.875,7379.0,CPG
2023-06-08 10:36:00,6.875,6.885,6.875,6.875,24015.0,CPG
2023-06-08 10:35:00,6.865,6.865,6.865,6.865,2063.0,CPG
2023-06-08 10:34:00,6.865,6.865,6.86,6.865,3149.0,CPG
2023-06-08 10:33:00,6.865,6.87,6.865,6.865,1234.0,CPG
2023-06-08 10:32:00,6.865,6.87,6.862,6.865,4341.0,CPG
2023-06-08 10:31:00,6.875,6.88,6.865,6.865,2716.0,CPG
2023-06-08 10:30:00,6.875,6.875,6.875,6.875,619.0,CPG
2023-06-08 10:29:00,6.875,6.875,6.875,6.875,241.0,CPG
2023-06-08 10:28:00,6.865,6.865,6.865,6.865,4605.0,CPG
2023-06-08 10:27:00,6.865,6.865,6.865,6.865,3089.0,CPG
2023-06-08 10:26:00,6.875,6.875,6.865,6.865,1444.0,CPG
2023-06-08 10:25:00,6.88,6.88,6.865,6.865,12455.0,CPG
2023-06-08 10:23:00,6.875,6.883,6.875,6.883,2908.0,CPG
2023-06-08 10:22:00,6.875,6.875,6.875,6.875,419.0,CPG
2023-06-08 10:21:00,6.875,6.875,6.87,6.87,1431.0,CPG
2023-06-08 10:19:00,6.875,6.88,6.87,6.87,4183.0,CPG
2023-06-08 10:18:00,6.885,6.885,6.88,6.88,6765.0,CPG
2023-06-08 10:17:00,6.883,6.885,6.875,6.885,2706.0,CPG
2023-06-08 10:16:00,6.875,6.875,6.875,6.875,644.0,CPG
2023-06-08 10:15:00,6.855,6.875,6.85,6.875,32443.0,CPG
2023-06-08 10:14:00,6.845,6.845,6.845,6.845,459.0,CPG
2023-06-08 10:13:00,6.855,6.855,6.85,6.855,2279.0,CPG
2023-06-08 10:12:00,6.846,6.846,6.846,6.846,416.0,CPG
2023-06-08 10:11:00,6.845,6.845,6.845,6.845,872.0,CPG
2023-06-08 10:10:00,6.865,6.865,6.845,6.845,15080.0,CPG
2023-06-08 10:09:00,6.87,6.875,6.865,6.87,3477.0,CPG
2023-06-08 10:08:00,6.865,6.87,6.86,6.87,5892.0,CPG
2023-06-08 10:07:00,6.865,6.865,6.865,6.865,1727.0,CPG
2023-06-08 10:06:00,6.875,6.885,6.875,6.875,4205.0,CPG
2023-06-08 10:05:00,6.87,6.875,6.87,6.875,10507.0,CPG
2023-06-08 10:04:00,6.875,6.885,6.87,6.87,2509.0,CPG
2023-06-08 10:03:00,6.875,6.875,6.875,6.875,7405.0,CPG
2023-06-08 10:02:00,6.875,6.875,6.875,6.875,1307.0,CPG
2023-06-08 10:01:00,6.865,6.875,6.865,6.865,11696.0,CPG
2023-06-08 10:00:00,6.855,6.865,6.855,6.855,2416.0,CPG
2023-06-08 09:59:00,6.863,6.865,6.855,6.865,944.0,CPG
2023-06-08 09:58:00,6.865,6.865,6.86,6.865,5330.0,CPG
2023-06-08 09:57:00,6.855,6.87,6.85,6.87,4920.0,CPG
2023-06-08 09:56:00,6.855,6.855,6.85,6.855,6032.0,CPG
2023-06-08 09:55:00,6.865,6.865,6.855,6.865,3673.0,CPG
2023-06-08 09:54:00,6.855,6.865,6.855,6.865,7007.0,CPG
2023-06-08 09:53:00,6.875,6.885,6.865,6.865,7424.0,CPG
2023-06-08 09:52:00,6.866,6.876,6.865,6.876,3217.0,CPG
2023-06-08 09:51:00,6.865,6.875,6.865,6.865,1131.0,CPG
2023-06-08 09:50:00,6.865,6.875,6.865,6.865,6823.0,CPG
2023-06-08 09:49:00,6.875,6.875,6.865,6.865,8412.0,CPG
2023-06-08 09:48:00,6.865,6.875,6.864,6.875,4425.0,CPG
2023-06-08 09:47:00,6.865,6.865,6.855,6.855,2280.0,CPG
2023-06-08 09:46:00,6.885,6.885,6.855,6.865,3409.0,CPG
2023-06-08 09:45:00,6.875,6.885,6.875,6.875,1939.0,CPG
2023-06-08 09:44:00,6.885,6.885,6.875,6.875,21928.0,CPG
2023-06-08 09:43:00,6.885,6.885,6.885,6.885,1119.0,CPG
2023-06-08 09:42:00,6.895,6.905,6.885,6.885,37505.0,CPG
2023-06-08 09:41:00,6.875,6.895,6.875,6.895,1050.0,CPG
2023-06-08 09:40:00,6.885,6.89,6.875,6.875,12528.0,CPG
2023-06-08 09:39:00,6.896,6.905,6.885,6.885,8660.0,CPG
2023-06-08 09:38:00,6.905,6.905,6.895,6.895,11178.0,CPG
2023-06-08 09:37:00,6.905,6.914,6.904,6.914,7338.0,CPG
2023-06-08 09:36:00,6.905,6.905,6.895,6.897,13320.0,CPG
2023-06-08 09:35:00,6.924,6.934,6.914,6.914,9437.0,CPG
2023-06-08 09:34:00,6.934,6.939,6.924,6.924,2469.0,CPG
2023-06-08 09:33:00,6.954,6.954,6.924,6.933,9780.0,CPG
2023-06-08 09:32:00,6.964,6.964,6.954,6.954,3405.0,CPG
2023-06-08 09:31:00,6.954,6.974,6.944,6.954,52086.0,CPG
2023-06-08 09:30:00,6.924,6.944,6.924,6.944,12503.0,CPG
2023-06-08 09:23:00,6.964,6.964,6.964,6.964,500.0,CPG
2023-06-08 09:20:00,6.944,6.974,6.934,6.934,842.0,CPG
2023-06-08 09:15:00,6.974,6.974,6.974,6.974,10.0,CPG
2023-06-08 09:11:00,6.974,6.974,6.974,6.974,120.0,CPG
2023-06-08 08:54:00,6.983,6.983,6.983,6.983,2.0,CPG
2023-06-08 08:51:00,6.944,6.944,6.934,6.934,1000.0,CPG
2023-06-08 08:39:00,6.984,6.984,6.984,6.984,7.0,CPG
2023-06-08 08:01:00,6.944,6.984,6.916,6.984,1002.0,CPG
2023-06-08 08:00:00,6.993,6.993,6.974,6.974,3.0,CPG
2023-06-08 06:55:00,6.964,6.964,6.964,6.964,10.0,CPG
2023-06-08 06:01:00,6.964,6.964,6.964,6.964,800.0,CPG
2023-06-08 05:10:00,6.964,6.964,6.964,6.964,10.0,CPG
2023-06-08 05:06:00,6.984,6.984,6.984,6.984,3.0,CPG
2023-06-08 04:57:00,6.984,6.984,6.984,6.984,2.0,CPG
2023-06-08 04:36:00,6.984,6.984,6.984,6.984,10.0,CPG
2023-06-07 19:24:00,6.994,6.994,6.993,6.993,1.0,CPG
2023-06-07 19:00:00,6.944,6.944,6.944,6.944,47276.0,CPG
2023-06-07 18:50:00,6.994,6.994,6.993,6.993,3.0,CPG
2023-06-07 18:30:00,6.944,6.944,6.944,6.944,47276.0,CPG
2023-06-07 18:06:00,6.984,6.984,6.984,6.984,1.0,CPG
2023-06-07 17:45:00,6.984,6.984,6.984,6.984,1.0,CPG
2023-06-07 16:45:00,6.964,6.964,6.964,6.964,15.0,CPG
2023-06-07 16:34:00,6.964,6.964,6.964,6.964,3.0,CPG
2023-06-07 16:12:00,6.954,6.954,6.954,6.954,100.0,CPG
2023-06-07 16:10:00,6.944,6.944,6.944,6.944,47276.0,CPG
2023-06-07 16:09:00,6.944,6.944,6.944,6.944,296.0,CPG
2023-06-07 16:06:00,6.934,6.934,6.934,6.934,3.0,CPG
2023-06-07 16:00:00,6.939,6.944,6.934,6.944,101378.0,CPG
2023-06-07 15:59:00,6.939,6.944,6.934,6.934,80903.0,CPG
2023-06-07 15:58:00,6.939,6.944,6.934,6.934,15504.0,CPG
2023-06-07 15:57:00,6.939,6.944,6.934,6.934,6886.0,CPG
2023-06-07 15:56:00,6.939,6.944,6.939,6.939,24371.0,CPG
2023-06-07 15:55:00,6.939,6.944,6.934,6.939,10571.0,CPG
2023-06-07 15:54:00,6.949,6.949,6.939,6.939,21466.0,CPG
2023-06-07 15:53:00,6.944,6.954,6.944,6.944,57549.0,CPG
2023-06-07 15:52:00,6.939,6.944,6.939,6.944,65625.0,CPG
2023-06-07 15:51:00,6.934,6.944,6.934,6.939,13757.0,CPG
2023-06-07 15:50:00,6.939,6.939,6.934,6.934,40315.0,CPG
2023-06-07 15:49:00,6.939,6.939,6.934,6.934,2459.0,CPG
2023-06-07 15:48:00,6.939,6.939,6.934,6.939,1730.0,CPG
2023-06-07 15:47:00,6.939,6.939,6.934,6.934,2100.0,CPG
2023-06-07 15:46:00,6.939,6.944,6.934,6.934,5124.0,CPG
2023-06-07 15:45:00,6.939,6.939,6.939,6.939,5578.0,CPG
2023-06-07 15:44:00,6.939,6.944,6.934,6.939,10052.0,CPG
2023-06-07 15:43:00,6.934,6.934,6.934,6.934,5663.0,CPG
2023-06-07 15:42:00,6.934,6.939,6.934,6.939,27943.0,CPG
2023-06-07 15:41:00,6.929,6.934,6.924,6.929,5588.0,CPG
2023-06-07 15:40:00,6.934,6.934,6.924,6.929,16568.0,CPG
2023-06-07 15:39:00,6.934,6.939,6.934,6.934,660.0,CPG
2023-06-07 15:38:00,6.934,6.934,6.934,6.934,635.0,CPG
2023-06-07 15:37:00,6.934,6.934,6.934,6.934,2338.0,CPG
2023-06-07 15:36:00,6.934,6.934,6.934,6.934,708.0,CPG
2023-06-07 15:35:00,6.939,6.939,6.939,6.939,3333.0,CPG
2023-06-07 15:34:00,6.939,6.939,6.934,6.934,1342.0,CPG
2023-06-07 15:33:00,6.939,6.944,6.939,6.939,621.0,CPG
2023-06-07 15:32:00,6.939,6.939,6.934,6.939,3383.0,CPG
2023-06-07 15:31:00,6.934,6.939,6.934,6.939,5430.0,CPG
2023-06-07 15:30:00,6.939,6.939,6.934,6.934,1235.0,CPG
2023-06-07 15:29:00,6.934,6.939,6.934,6.939,9063.0,CPG
2023-06-07 15:28:00,6.934,6.934,6.929,6.929,23886.0,CPG
2023-06-07 15:26:00,6.934,6.939,6.934,6.939,1162.0,CPG
2023-06-07 15:25:00,6.934,6.939,6.934,6.934,1185.0,CPG
2023-06-07 15:24:00,6.939,6.939,6.934,6.934,627.0,CPG
2023-06-07 15:23:00,6.934,6.934,6.934,6.934,428.0,CPG
2023-06-07 15:22:00,6.934,6.939,6.934,6.939,27765.0,CPG
2023-06-07 15:21:00,6.929,6.934,6.927,6.927,687.0,CPG
2023-06-07 15:20:00,6.929,6.934,6.929,6.934,578.0,CPG
2023-06-07 15:18:00,6.929,6.929,6.924,6.924,1874.0,CPG
2023-06-07 15:17:00,6.929,6.929,6.924,6.929,1223.0,CPG
2023-06-07 15:16:00,6.934,6.934,6.934,6.934,613.0,CPG
2023-06-07 15:15:00,6.929,6.929,6.924,6.924,9214.0,CPG
2023-06-07 15:14:00,6.929,6.929,6.924,6.924,3261.0,CPG
2023-06-07 15:13:00,6.929,6.929,6.929,6.929,4872.0,CPG
2023-06-07 15:12:00,6.929,6.929,6.929,6.929,110.0,CPG
2023-06-07 15:11:00,6.934,6.934,6.929,6.929,1074.0,CPG
2023-06-07 15:10:00,6.934,6.944,6.929,6.929,6764.0,CPG
2023-06-07 15:09:00,6.934,6.939,6.934,6.939,1646.0,CPG
2023-06-07 15:08:00,6.944,6.944,6.939,6.939,3405.0,CPG
2023-06-07 15:07:00,6.944,6.944,6.944,6.944,14601.0,CPG
2023-06-07 15:06:00,6.944,6.944,6.944,6.944,33368.0,CPG
2023-06-07 15:05:00,6.939,6.954,6.934,6.949,22037.0,CPG
2023-06-07 15:04:00,6.939,6.939,6.934,6.934,1263.0,CPG
2023-06-07 15:03:00,6.934,6.939,6.934,6.939,1023.0,CPG
2023-06-07 15:02:00,6.934,6.934,6.934,6.934,624.0,CPG
2023-06-07 15:01:00,6.934,6.934,6.934,6.934,380.0,CPG
2023-06-07 15:00:00,6.944,6.944,6.934,6.934,4272.0,CPG
2023-06-07 14:59:00,6.934,6.939,6.934,6.939,1907.0,CPG
2023-06-07 14:58:00,6.939,6.939,6.934,6.934,1171.0,CPG
2023-06-07 14:57:00,6.939,6.939,6.934,6.934,3124.0,CPG
2023-06-07 14:56:00,6.934,6.939,6.934,6.939,5609.0,CPG
2023-06-07 14:55:00,6.944,6.944,6.934,6.934,953.0,CPG
2023-06-07 14:54:00,6.944,6.944,6.939,6.939,2405.0,CPG
2023-06-07 14:53:00,6.939,6.944,6.939,6.944,1364.0,CPG
2023-06-07 14:52:00,6.939,6.944,6.939,6.944,3367.0,CPG
2023-06-07 14:51:00,6.934,6.942,6.934,6.942,1678.0,CPG
2023-06-07 14:50:00,6.934,6.934,6.934,6.934,200.0,CPG
2023-06-07 14:49:00,6.939,6.939,6.939,6.939,1181.0,CPG
2023-06-07 14:48:00,6.939,6.939,6.939,6.939,540.0,CPG
2023-06-07 14:47:00,6.934,6.939,6.934,6.939,857.0,CPG
2023-06-07 14:46:00,6.934,6.934,6.934,6.934,739.0,CPG
2023-06-07 14:45:00,6.934,6.934,6.934,6.934,566.0,CPG
2023-06-07 14:44:00,6.934,6.934,6.934,6.934,167.0,CPG
2023-06-07 14:42:00,6.939,6.944,6.939,6.944,726.0,CPG
2023-06-07 14:41:00,6.942,6.942,6.939,6.939,600.0,CPG
2023-06-07 14:40:00,6.934,6.934,6.934,6.934,116.0,CPG
2023-06-07 14:39:00,6.939,6.944,6.934,6.934,3929.0,CPG
2023-06-07 14:37:00,6.924,6.939,6.924,6.939,25283.0,CPG
2023-06-07 14:36:00,6.926,6.926,6.924,6.924,984.0,CPG
2023-06-07 14:35:00,6.929,6.929,6.924,6.924,752.0,CPG
2023-06-07 14:34:00,6.924,6.934,6.924,6.924,889.0,CPG
2023-06-07 14:33:00,6.924,6.924,6.924,6.924,242.0,CPG
2023-06-07 14:32:00,6.924,6.929,6.924,6.929,200.0,CPG
2023-06-07 14:31:00,6.934,6.939,6.929,6.933,15841.0,CPG
2023-06-07 14:30:00,6.934,6.934,6.934,6.934,341.0,CPG
2023-06-07 14:29:00,6.935,6.935,6.935,6.935,288.0,CPG
2023-06-07 14:28:00,6.944,6.944,6.939,6.939,1000.0,CPG
2023-06-07 14:26:00,6.934,6.934,6.934,6.934,296.0,CPG
2023-06-07 14:25:00,6.934,6.934,6.934,6.934,481.0,CPG
2023-06-07 14:24:00,6.939,6.942,6.939,6.939,1550.0,CPG
2023-06-07 14:23:00,6.939,6.944,6.939,6.944,2566.0,CPG
2023-06-07 14:22:00,6.944,6.944,6.939,6.944,34889.0,CPG
2023-06-07 14:21:00,6.944,6.949,6.944,6.944,2058.0,CPG
2023-06-07 14:20:00,6.939,6.949,6.939,6.949,29602.0,CPG
2023-06-07 14:19:00,6.935,6.944,6.935,6.944,3103.0,CPG
2023-06-07 14:18:00,6.934,6.944,6.934,6.939,15554.0,CPG
2023-06-07 14:17:00,6.929,6.934,6.924,6.934,11045.0,CPG
2023-06-07 14:16:00,6.934,6.934,6.929,6.929,10638.0,CPG
2023-06-07 14:15:00,6.943,6.943,6.934,6.934,328.0,CPG
2023-06-07 14:14:00,6.934,6.939,6.934,6.939,512.0,CPG
2023-06-07 14:13:00,6.934,6.934,6.934,6.934,383.0,CPG
2023-06-07 14:12:00,6.934,6.939,6.934,6.934,6514.0,CPG
2023-06-07 14:11:00,6.934,6.934,6.934,6.934,348.0,CPG
2023-06-07 14:10:00,6.934,6.942,6.934,6.942,2700.0,CPG
2023-06-07 14:09:00,6.929,6.939,6.929,6.939,25212.0,CPG
2023-06-07 14:08:00,6.934,6.934,6.929,6.934,28496.0,CPG
2023-06-07 14:07:00,6.934,6.934,6.934,6.934,100.0,CPG
2023-06-07 14:06:00,6.939,6.939,6.934,6.934,340.0,CPG
2023-06-07 14:05:00,6.934,6.934,6.934,6.934,3986.0,CPG
2023-06-07 14:04:00,6.934,6.934,6.934,6.934,3163.0,CPG
2023-06-07 14:03:00,6.929,6.934,6.929,6.929,1029.0,CPG
2023-06-07 14:02:00,6.919,6.929,6.919,6.929,21481.0,CPG
2023-06-07 14:01:00,6.919,6.923,6.919,6.919,3545.0,CPG
2023-06-07 13:59:00,6.914,6.919,6.914,6.919,611.0,CPG
2023-06-07 13:58:00,6.914,6.916,6.914,6.914,15423.0,CPG
2023-06-07 13:57:00,6.919,6.919,6.904,6.914,29365.0,CPG
2023-06-07 13:56:00,6.924,6.929,6.914,6.919,17705.0,CPG
2023-06-07 13:55:00,6.924,6.924,6.924,6.924,194.0,CPG
2023-06-07 13:54:00,6.914,6.929,6.914,6.924,16641.0,CPG
2023-06-07 13:53:00,6.919,6.919,6.914,6.914,525.0,CPG
2023-06-07 13:52:00,6.914,6.924,6.914,6.914,3160.0,CPG
2023-06-07 13:51:00,6.914,6.919,6.914,6.914,7816.0,CPG
2023-06-07 13:50:00,6.914,6.915,6.914,6.914,4380.0,CPG
2023-06-07 13:49:00,6.914,6.919,6.914,6.919,3311.0,CPG
2023-06-07 13:48:00,6.914,6.919,6.914,6.919,3084.0,CPG
2023-06-07 13:47:00,6.914,6.914,6.914,6.914,752.0,CPG
2023-06-07 13:46:00,6.924,6.924,6.919,6.919,34671.0,CPG
2023-06-07 13:45:00,6.924,6.932,6.924,6.924,13308.0,CPG
2023-06-07 13:44:00,6.919,6.924,6.914,6.924,2228.0,CPG
2023-06-07 13:43:00,6.919,6.924,6.914,6.919,5879.0,CPG
2023-06-07 13:42:00,6.924,6.924,6.914,6.914,1864.0,CPG
2023-06-07 13:41:00,6.924,6.924,6.914,6.919,5941.0,CPG
2023-06-07 13:40:00,6.914,6.924,6.914,6.914,4029.0,CPG
2023-06-07 13:39:00,6.914,6.914,6.914,6.914,3061.0,CPG
2023-06-07 13:38:00,6.919,6.919,6.914,6.914,1692.0,CPG
2023-06-07 13:37:00,6.924,6.924,6.914,6.914,10876.0,CPG
2023-06-07 13:36:00,6.924,6.929,6.924,6.924,32829.0,CPG
2023-06-07 13:35:00,6.934,6.934,6.929,6.929,3952.0,CPG
2023-06-07 13:34:00,6.936,6.939,6.934,6.934,7891.0,CPG
2023-06-07 13:33:00,6.939,6.939,6.939,6.939,100.0,CPG
2023-06-07 13:32:00,6.944,6.944,6.934,6.939,5083.0,CPG
2023-06-07 13:31:00,6.944,6.949,6.944,6.944,4367.0,CPG
2023-06-07 13:30:00,6.944,6.944,6.939,6.944,9168.0,CPG
2023-06-07 13:29:00,6.944,6.949,6.944,6.944,2247.0,CPG
2023-06-07 13:28:00,6.949,6.949,6.944,6.944,3360.0,CPG
2023-06-07 13:27:00,6.949,6.949,6.949,6.949,113.0,CPG
2023-06-07 13:26:00,6.944,6.952,6.944,6.952,712.0,CPG
2023-06-07 13:25:00,6.944,6.949,6.939,6.949,9379.0,CPG
2023-06-07 13:24:00,6.954,6.959,6.949,6.949,35448.0,CPG
2023-06-07 13:22:00,6.954,6.954,6.949,6.954,5155.0,CPG
2023-06-07 13:21:00,6.954,6.959,6.954,6.954,2913.0,CPG
2023-06-07 13:20:00,6.954,6.954,6.954,6.954,3526.0,CPG
2023-06-07 13:19:00,6.954,6.954,6.954,6.954,283.0,CPG
2023-06-07 13:18:00,6.964,6.964,6.959,6.959,5622.0,CPG
2023-06-07 13:17:00,6.964,6.966,6.964,6.966,1747.0,CPG
2023-06-07 13:16:00,6.969,6.969,6.964,6.969,2227.0,CPG
2023-06-07 13:15:00,6.974,6.974,6.974,6.974,527.0,CPG
2023-06-07 13:14:00,6.979,6.979,6.964,6.964,22798.0,CPG
2023-06-07 13:13:00,6.979,6.979,6.979,6.979,260.0,CPG
2023-06-07 13:12:00,6.979,6.979,6.974,6.974,602.0,CPG
2023-06-07 13:11:00,6.969,6.984,6.969,6.979,64447.0,CPG
2023-06-07 13:09:00,6.964,6.969,6.964,6.969,12696.0,CPG
2023-06-07 13:08:00,6.959,6.964,6.959,6.964,606.0,CPG
2023-06-07 13:07:00,6.959,6.969,6.959,6.964,19490.0,CPG
2023-06-07 13:06:00,6.954,6.959,6.954,6.959,1831.0,CPG
2023-06-07 13:05:00,6.959,6.962,6.954,6.954,3779.0,CPG
2023-06-07 13:04:00,6.959,6.959,6.959,6.959,456.0,CPG
2023-06-07 13:03:00,6.959,6.959,6.959,6.959,200.0,CPG
2023-06-07 13:02:00,6.964,6.964,6.959,6.963,1310.0,CPG
2023-06-07 13:00:00,6.956,6.956,6.956,6.956,1603.0,CPG
2023-06-07 12:59:00,6.954,6.959,6.954,6.954,5841.0,CPG
2023-06-07 12:58:00,6.949,6.954,6.949,6.954,15104.0,CPG
2023-06-07 12:57:00,6.954,6.954,6.944,6.954,4220.0,CPG
2023-06-07 12:56:00,6.954,6.964,6.954,6.954,12889.0,CPG
2023-06-07 12:55:00,6.954,6.959,6.949,6.959,22174.0,CPG
2023-06-07 12:54:00,6.959,6.959,6.954,6.954,4610.0,CPG
2023-06-07 12:53:00,6.959,6.959,6.954,6.954,3572.0,CPG
2023-06-07 12:52:00,6.959,6.959,6.959,6.959,602.0,CPG
2023-06-07 12:51:00,6.959,6.959,6.959,6.959,338.0,CPG
2023-06-07 12:50:00,6.959,6.959,6.959,6.959,101.0,CPG
2023-06-07 12:49:00,6.964,6.964,6.964,6.964,1017.0,CPG
2023-06-07 12:48:00,6.969,6.969,6.959,6.959,12769.0,CPG
2023-06-07 12:47:00,6.969,6.969,6.969,6.969,1149.0,CPG
2023-06-07 12:46:00,6.969,6.969,6.969,6.969,208.0,CPG
2023-06-07 12:45:00,6.969,6.969,6.969,6.969,1040.0,CPG
2023-06-07 12:44:00,6.964,6.974,6.959,6.964,31532.0,CPG
2023-06-07 12:43:00,6.959,6.959,6.959,6.959,900.0,CPG
2023-06-07 12:42:00,6.959,6.959,6.959,6.959,1221.0,CPG
2023-06-07 12:41:00,6.959,6.959,6.959,6.959,342.0,CPG
2023-06-07 12:40:00,6.959,6.959,6.959,6.959,119.0,CPG
2023-06-07 12:39:00,6.959,6.964,6.959,6.964,10427.0,CPG
2023-06-07 12:38:00,6.964,6.964,6.954,6.959,10416.0,CPG
2023-06-07 12:37:00,6.959,6.959,6.954,6.954,5921.0,CPG
2023-06-07 12:36:00,6.959,6.964,6.959,6.959,2702.0,CPG
2023-06-07 12:35:00,6.964,6.964,6.964,6.964,1489.0,CPG
2023-06-07 12:34:00,6.964,6.964,6.963,6.964,3500.0,CPG
2023-06-07 12:33:00,6.969,6.969,6.964,6.964,7173.0,CPG
2023-06-07 12:32:00,6.964,6.969,6.964,6.964,5550.0,CPG
2023-06-07 12:31:00,6.964,6.969,6.963,6.969,8536.0,CPG
2023-06-07 12:30:00,6.959,6.964,6.959,6.959,4701.0,CPG
2023-06-07 12:29:00,6.959,6.959,6.959,6.959,273.0,CPG
2023-06-07 12:28:00,6.964,6.964,6.959,6.959,1871.0,CPG
2023-06-07 12:27:00,6.964,6.964,6.959,6.964,5168.0,CPG
2023-06-07 12:26:00,6.964,6.964,6.964,6.964,100.0,CPG
2023-06-07 12:25:00,6.964,6.964,6.964,6.964,9681.0,CPG
2023-06-07 12:24:00,6.954,6.964,6.954,6.959,6364.0,CPG
2023-06-07 12:23:00,6.959,6.959,6.944,6.954,35118.0,CPG
2023-06-07 12:22:00,6.959,6.959,6.954,6.954,775.0,CPG
2023-06-07 12:21:00,6.964,6.964,6.959,6.959,21555.0,CPG
2023-06-07 12:20:00,6.964,6.964,6.964,6.964,147.0,CPG
2023-06-07 12:19:00,6.969,6.969,6.969,6.969,301.0,CPG
2023-06-07 12:18:00,6.969,6.969,6.964,6.964,729.0,CPG
2023-06-07 12:17:00,6.969,6.974,6.969,6.969,2201.0,CPG
2023-06-07 12:16:00,6.974,6.974,6.964,6.969,4664.0,CPG
2023-06-07 12:15:00,6.974,6.974,6.969,6.969,1075.0,CPG
2023-06-07 12:14:00,6.979,6.979,6.964,6.974,29804.0,CPG
2023-06-07 12:13:00,6.979,6.979,6.974,6.979,1525.0,CPG
2023-06-07 12:12:00,6.979,6.979,6.979,6.979,662.0,CPG
2023-06-07 12:11:00,6.979,6.982,6.979,6.979,2405.0,CPG
2023-06-07 12:10:00,6.974,6.979,6.974,6.979,2284.0,CPG
2023-06-07 12:09:00,6.979,6.979,6.979,6.979,601.0,CPG
2023-06-07 12:08:00,6.979,6.984,6.979,6.979,2571.0,CPG
2023-06-07 12:07:00,6.984,6.984,6.984,6.984,1112.0,CPG
2023-06-07 12:06:00,6.984,6.984,6.984,6.984,416.0,CPG
2023-06-07 12:05:00,6.984,6.984,6.974,6.979,1741.0,CPG
2023-06-07 12:04:00,6.984,6.984,6.984,6.984,207.0,CPG
2023-06-07 12:03:00,6.984,6.984,6.979,6.979,480.0,CPG
2023-06-07 12:02:00,6.984,6.984,6.983,6.983,7085.0,CPG
2023-06-07 12:01:00,6.979,6.979,6.979,6.979,4700.0,CPG
2023-06-07 12:00:00,6.984,6.984,6.974,6.974,9790.0,CPG
2023-06-07 11:59:00,6.979,6.984,6.979,6.984,9930.0,CPG
2023-06-07 11:58:00,6.979,6.979,6.979,6.979,201.0,CPG
2023-06-07 11:57:00,6.979,6.989,6.979,6.984,22424.0,CPG
2023-06-07 11:56:00,6.984,6.984,6.974,6.984,7544.0,CPG
2023-06-07 11:55:00,6.984,6.984,6.984,6.984,479.0,CPG
2023-06-07 11:54:00,6.989,6.994,6.984,6.988,2302.0,CPG
2023-06-07 11:53:00,6.989,6.993,6.988,6.993,2200.0,CPG
2023-06-07 11:52:00,6.984,6.994,6.984,6.984,6390.0,CPG
2023-06-07 11:51:00,6.989,6.989,6.984,6.988,3250.0,CPG
2023-06-07 11:50:00,6.989,6.989,6.984,6.988,41983.0,CPG
2023-06-07 11:49:00,6.989,6.989,6.988,6.988,2517.0,CPG
2023-06-07 11:48:00,6.989,6.989,6.984,6.988,4282.0,CPG
2023-06-07 11:47:00,6.979,6.989,6.979,6.984,14944.0,CPG
2023-06-07 11:46:00,6.984,6.984,6.984,6.984,201.0,CPG
2023-06-07 11:45:00,6.979,6.984,6.979,6.984,1304.0,CPG
2023-06-07 11:44:00,6.984,6.984,6.979,6.979,14436.0,CPG
2023-06-07 11:43:00,6.989,6.989,6.984,6.984,2308.0,CPG
2023-06-07 11:42:00,6.984,6.989,6.984,6.988,4009.0,CPG
2023-06-07 11:40:00,6.984,6.984,6.979,6.979,7787.0,CPG
2023-06-07 11:39:00,6.989,6.989,6.984,6.984,6744.0,CPG
2023-06-07 11:38:00,6.994,6.998,6.988,6.993,16022.0,CPG
2023-06-07 11:37:00,6.984,6.994,6.984,6.984,31343.0,CPG
2023-06-07 11:36:00,6.984,6.984,6.984,6.984,4370.0,CPG
2023-06-07 11:35:00,6.984,6.984,6.984,6.984,25062.0,CPG
2023-06-07 11:34:00,6.984,6.984,6.984,6.984,1600.0,CPG
2023-06-07 11:33:00,6.984,6.989,6.984,6.988,11318.0,CPG
2023-06-07 11:32:00,6.982,6.984,6.974,6.984,10868.0,CPG
2023-06-07 11:31:00,6.979,6.982,6.979,6.979,673.0,CPG
2023-06-07 11:30:00,6.984,6.989,6.979,6.979,66852.0,CPG
2023-06-07 11:29:00,6.989,6.989,6.988,6.988,138.0,CPG
2023-06-07 11:27:00,6.989,6.989,6.988,6.988,490.0,CPG
2023-06-07 11:26:00,6.989,6.994,6.988,6.988,1379.0,CPG
2023-06-07 11:25:00,6.992,6.992,6.988,6.988,614.0,CPG
2023-06-07 11:24:00,6.984,6.984,6.984,6.984,700.0,CPG
2023-06-07 11:23:00,6.984,6.989,6.983,6.988,15696.0,CPG
2023-06-07 11:22:00,6.979,6.984,6.979,6.984,1353.0,CPG
2023-06-07 11:21:00,6.974,6.979,6.974,6.974,1012.0,CPG
2023-06-07 11:20:00,6.974,6.974,6.969,6.974,9671.0,CPG
2023-06-07 11:19:00,6.974,6.974,6.974,6.974,3046.0,CPG
2023-06-07 11:18:00,6.979,6.979,6.979,6.979,400.0,CPG
2023-06-07 11:17:00,6.974,6.984,6.974,6.984,3354.0,CPG
2023-06-07 11:16:00,6.964,6.974,6.964,6.974,2713.0,CPG
2023-06-07 11:15:00,6.972,6.972,6.959,6.964,5651.0,CPG
2023-06-07 11:14:00,6.964,6.969,6.964,6.969,8289.0,CPG
2023-06-07 11:13:00,6.959,6.964,6.959,6.964,3269.0,CPG
2023-06-07 11:12:00,6.964,6.964,6.959,6.964,10158.0,CPG
2023-06-07 11:11:00,6.959,6.959,6.954,6.959,5738.0,CPG
2023-06-07 11:10:00,6.949,6.954,6.949,6.954,3826.0,CPG
2023-06-07 11:09:00,6.949,6.954,6.944,6.954,12933.0,CPG
2023-06-07 11:08:00,6.944,6.949,6.944,6.949,1753.0,CPG
2023-06-07 11:07:00,6.947,6.949,6.944,6.944,3577.0,CPG
2023-06-07 11:06:00,6.954,6.954,6.944,6.949,3086.0,CPG
2023-06-07 11:05:00,6.954,6.964,6.954,6.954,20199.0,CPG
2023-06-07 11:04:00,6.949,6.953,6.944,6.952,1242.0,CPG
2023-06-07 11:03:00,6.954,6.954,6.949,6.954,6252.0,CPG
2023-06-07 11:02:00,6.944,6.959,6.934,6.954,43269.0,CPG
2023-06-07 11:01:00,6.944,6.944,6.939,6.944,29298.0,CPG
2023-06-07 11:00:00,6.954,6.954,6.944,6.944,2489.0,CPG
2023-06-07 10:59:00,6.944,6.954,6.944,6.954,1708.0,CPG
2023-06-07 10:58:00,6.944,6.944,6.939,6.944,25914.0,CPG
2023-06-07 10:57:00,6.944,6.944,6.939,6.944,3177.0,CPG
2023-06-07 10:56:00,6.954,6.954,6.949,6.954,4136.0,CPG
2023-06-07 10:55:00,6.954,6.959,6.954,6.959,6312.0,CPG
2023-06-07 10:54:00,6.944,6.954,6.944,6.954,7564.0,CPG
2023-06-07 10:53:00,6.936,6.949,6.936,6.944,30109.0,CPG
2023-06-07 10:52:00,6.953,6.953,6.934,6.939,8917.0,CPG
2023-06-07 10:51:00,6.954,6.954,6.944,6.949,28485.0,CPG
2023-06-07 10:50:00,6.964,6.964,6.954,6.954,10618.0,CPG
2023-06-07 10:49:00,6.969,6.974,6.964,6.964,5107.0,CPG
2023-06-07 10:48:00,6.979,6.984,6.964,6.974,36734.0,CPG
2023-06-07 10:47:00,6.969,6.979,6.964,6.979,10403.0,CPG
2023-06-07 10:46:00,6.976,6.976,6.969,6.974,9510.0,CPG
2023-06-07 10:45:00,6.974,6.984,6.974,6.979,3271.0,CPG
2023-06-07 10:44:00,6.974,6.974,6.974,6.974,565.0,CPG
2023-06-07 10:43:00,6.974,6.974,6.973,6.974,6720.0,CPG
2023-06-07 10:42:00,6.984,6.984,6.974,6.974,933.0,CPG
2023-06-07 10:41:00,6.964,6.974,6.964,6.974,14111.0,CPG
2023-06-07 10:40:00,6.969,6.969,6.964,6.964,5380.0,CPG
2023-06-07 10:39:00,6.954,6.964,6.954,6.964,8975.0,CPG
2023-06-07 10:38:00,6.964,6.964,6.959,6.959,5767.0,CPG
2023-06-07 10:37:00,6.979,6.979,6.974,6.974,6887.0,CPG
2023-06-07 10:36:00,6.974,6.974,6.969,6.974,7418.0,CPG
2023-06-07 10:35:00,6.979,6.979,6.974,6.974,3036.0,CPG
2023-06-07 10:34:00,6.984,6.984,6.974,6.974,2114.0,CPG
2023-06-07 10:33:00,6.989,6.99,6.979,6.99,14305.0,CPG
2023-06-07 10:32:00,6.984,6.989,6.984,6.984,2170.0,CPG
2023-06-07 10:31:00,6.994,6.998,6.985,6.988,25806.0,CPG
2023-06-07 10:30:00,6.989,6.994,6.974,6.993,11959.0,CPG
2023-06-07 10:29:00,6.984,6.989,6.984,6.988,2896.0,CPG
2023-06-07 10:28:00,6.994,6.994,6.984,6.984,8011.0,CPG
2023-06-07 10:27:00,6.998,6.998,6.984,6.984,22868.0,CPG
2023-06-07 10:26:00,6.984,7.003,6.984,7.003,16308.0,CPG
2023-06-07 10:25:00,6.998,6.998,6.988,6.993,45749.0,CPG
2023-06-07 10:24:00,7.003,7.003,6.993,6.993,17873.0,CPG
2023-06-07 10:23:00,7.003,7.003,7.003,7.003,873.0,CPG
2023-06-07 10:22:00,7.003,7.008,7.003,7.003,8010.0,CPG
2023-06-07 10:21:00,6.994,7.008,6.993,7.008,7373.0,CPG
2023-06-07 10:20:00,6.994,6.994,6.988,6.993,12580.0,CPG
2023-06-07 10:19:00,6.989,7.003,6.988,6.993,6618.0,CPG
2023-06-07 10:18:00,6.984,6.989,6.984,6.988,1714.0,CPG
2023-06-07 10:17:00,6.974,6.989,6.974,6.988,15964.0,CPG
2023-06-07 10:16:00,6.98,6.98,6.974,6.974,2038.0,CPG
2023-06-07 10:15:00,6.975,6.984,6.969,6.984,46312.0,CPG
2023-06-07 10:14:00,6.984,6.989,6.974,6.984,42845.0,CPG
2023-06-07 10:13:00,6.984,6.991,6.979,6.979,36934.0,CPG
2023-06-07 10:12:00,6.984,6.991,6.984,6.991,7129.0,CPG
2023-06-07 10:11:00,6.981,6.984,6.974,6.984,2789.0,CPG
2023-06-07 10:10:00,6.964,6.974,6.964,6.974,4224.0,CPG
2023-06-07 10:09:00,6.973,6.974,6.964,6.966,5154.0,CPG
2023-06-07 10:08:00,6.954,6.974,6.949,6.964,9890.0,CPG
2023-06-07 10:07:00,6.963,6.963,6.954,6.959,2064.0,CPG
2023-06-07 10:06:00,6.974,6.974,6.959,6.959,2263.0,CPG
2023-06-07 10:05:00,6.964,6.969,6.964,6.969,6116.0,CPG
2023-06-07 10:04:00,6.964,6.964,6.964,6.964,5924.0,CPG
2023-06-07 10:03:00,6.964,6.964,6.964,6.964,9962.0,CPG
2023-06-07 10:02:00,6.974,6.974,6.969,6.969,12421.0,CPG
2023-06-07 10:01:00,6.964,6.974,6.959,6.974,8549.0,CPG
2023-06-07 10:00:00,6.964,6.974,6.964,6.964,10348.0,CPG
2023-06-07 09:59:00,6.964,6.974,6.959,6.964,10107.0,CPG
2023-06-07 09:58:00,6.954,6.964,6.954,6.956,2118.0,CPG
2023-06-07 09:57:00,6.964,6.964,6.954,6.954,5431.0,CPG
2023-06-07 09:56:00,6.964,6.974,6.964,6.964,1815.0,CPG
2023-06-07 09:55:00,6.959,6.964,6.954,6.964,51125.0,CPG
2023-06-07 09:54:00,6.939,6.959,6.939,6.954,8952.0,CPG
2023-06-07 09:53:00,6.934,6.942,6.934,6.942,308.0,CPG
2023-06-07 09:52:00,6.935,6.949,6.934,6.934,42099.0,CPG
2023-06-07 09:51:00,6.934,6.939,6.934,6.939,3550.0,CPG
2023-06-07 09:50:00,6.929,6.939,6.929,6.934,7733.0,CPG
2023-06-07 09:49:00,6.934,6.934,6.929,6.929,5066.0,CPG
2023-06-07 09:48:00,6.924,6.934,6.924,6.934,5151.0,CPG
2023-06-07 09:47:00,6.914,6.924,6.914,6.924,9746.0,CPG
2023-06-07 09:46:00,6.914,6.914,6.904,6.904,2785.0,CPG
2023-06-07 09:45:00,6.906,6.923,6.905,6.923,13755.0,CPG
2023-06-07 09:44:00,6.906,6.909,6.904,6.909,1884.0,CPG
2023-06-07 09:43:00,6.905,6.914,6.899,6.909,5186.0,CPG
2023-06-07 09:42:00,6.895,6.905,6.895,6.904,6082.0,CPG
2023-06-07 09:41:00,6.905,6.913,6.89,6.89,8442.0,CPG
2023-06-07 09:40:00,6.914,6.914,6.909,6.909,16263.0,CPG
2023-06-07 09:39:00,6.905,6.924,6.905,6.924,16136.0,CPG
2023-06-07 09:38:00,6.895,6.909,6.895,6.909,719.0,CPG
2023-06-07 09:37:00,6.895,6.9,6.895,6.895,1984.0,CPG
2023-06-07 09:36:00,6.895,6.905,6.895,6.899,11510.0,CPG
2023-06-07 09:35:00,6.909,6.909,6.895,6.904,6166.0,CPG
2023-06-07 09:34:00,6.895,6.905,6.89,6.904,3607.0,CPG
2023-06-07 09:33:00,6.895,6.895,6.895,6.895,472.0,CPG
2023-06-07 09:32:00,6.905,6.909,6.885,6.885,9674.0,CPG
2023-06-07 09:31:00,6.909,6.924,6.904,6.907,31719.0,CPG
2023-06-07 09:30:00,6.875,6.905,6.875,6.904,33080.0,CPG
2023-06-07 09:23:00,6.865,6.865,6.865,6.865,143.0,CPG
2023-06-07 09:17:00,6.865,6.865,6.865,6.865,200.0,CPG
2023-06-07 09:08:00,6.875,6.875,6.875,6.875,1005.0,CPG
2023-06-07 09:00:00,6.865,6.865,6.865,6.865,35.0,CPG
2023-06-07 08:58:00,6.865,6.865,6.865,6.865,8.0,CPG
2023-06-07 08:57:00,6.865,6.865,6.865,6.865,107.0,CPG
2023-06-07 08:43:00,6.865,6.865,6.865,6.865,95.0,CPG
2023-06-07 08:42:00,6.865,6.865,6.865,6.865,200.0,CPG
2023-06-07 08:37:00,6.875,6.875,6.875,6.875,30.0,CPG
2023-06-07 08:34:00,6.865,6.865,6.865,6.865,138.0,CPG
2023-06-07 08:33:00,6.865,6.865,6.865,6.865,50.0,CPG
2023-06-07 08:32:00,6.865,6.865,6.865,6.865,1001.0,CPG
2023-06-07 08:30:00,6.806,6.806,6.805,6.805,8.0,CPG
2023-06-07 08:12:00,6.855,6.855,6.855,6.855,15.0,CPG
2023-06-07 08:01:00,6.855,6.865,6.855,6.865,1100.0,CPG
2023-06-07 08:00:00,6.825,6.825,6.825,6.825,502.0,CPG
2023-06-07 07:57:00,6.855,6.855,6.855,6.855,5.0,CPG
2023-06-07 07:41:00,6.865,6.865,6.865,6.865,100.0,CPG
2023-06-07 07:39:00,6.855,6.865,6.855,6.855,1146.0,CPG
2023-06-07 06:46:00,6.806,6.806,6.805,6.805,10.0,CPG
2023-06-07 06:39:00,6.796,6.796,6.796,6.796,10.0,CPG
2023-06-07 05:29:00,6.736,6.736,6.736,6.736,100.0,CPG
2023-06-07 05:07:00,6.835,6.835,6.825,6.825,20.0,CPG
2023-06-07 04:57:00,6.825,6.825,6.825,6.825,29.0,CPG
2023-06-07 04:56:00,6.825,6.825,6.825,6.825,2.0,CPG
2023-06-07 04:55:00,6.756,6.756,6.756,6.756,135.0,CPG
2023-06-06 19:47:00,6.756,6.756,6.756,6.756,12000.0,CPG
2023-06-06 19:23:00,6.746,6.746,6.746,6.746,12000.0,CPG
2023-06-06 19:00:00,6.825,6.825,6.825,6.825,34229.0,CPG
2023-06-06 18:30:00,6.825,6.825,6.825,6.825,34229.0,CPG
2023-06-06 17:56:00,6.747,6.747,6.747,6.747,30.0,CPG
2023-06-06 17:42:00,6.746,6.746,6.746,6.746,10.0,CPG
2023-06-06 16:56:00,6.825,6.825,6.825,6.825,600.0,CPG
2023-06-06 16:53:00,6.746,6.746,6.746,6.746,3.0,CPG
2023-06-06 16:31:00,6.825,6.825,6.825,6.825,76023.0,CPG
2023-06-06 16:17:00,6.855,6.855,6.855,6.855,11.0,CPG
2023-06-06 16:13:00,6.726,6.726,6.726,6.726,1.0,CPG
2023-06-06 16:10:00,6.825,6.825,6.756,6.756,34230.0,CPG
2023-06-06 16:07:00,6.728,6.728,6.728,6.728,1.0,CPG
2023-06-06 16:00:00,6.835,6.835,6.825,6.825,72819.0,CPG
2023-06-06 15:59:00,6.815,6.835,6.815,6.835,67056.0,CPG
2023-06-06 15:58:00,6.82,6.825,6.815,6.82,8687.0,CPG
2023-06-06 15:57:00,6.82,6.825,6.815,6.82,6602.0,CPG
2023-06-06 15:56:00,6.82,6.825,6.815,6.82,6777.0,CPG
2023-06-06 15:55:00,6.82,6.825,6.815,6.82,4285.0,CPG
2023-06-06 15:54:00,6.82,6.825,6.815,6.82,9943.0,CPG
2023-06-06 15:53:00,6.82,6.825,6.815,6.82,12968.0,CPG
2023-06-06 15:52:00,6.825,6.825,6.815,6.82,27526.0,CPG
2023-06-06 15:51:00,6.825,6.825,6.815,6.82,7673.0,CPG
2023-06-06 15:50:00,6.82,6.825,6.82,6.825,78481.0,CPG
2023-06-06 15:49:00,6.815,6.82,6.815,6.815,2519.0,CPG
2023-06-06 15:48:00,6.82,6.82,6.815,6.815,4612.0,CPG
2023-06-06 15:47:00,6.82,6.82,6.815,6.815,200.0,CPG
2023-06-06 15:46:00,6.82,6.82,6.82,6.82,1758.0,CPG
2023-06-06 15:45:00,6.815,6.82,6.815,6.815,1897.0,CPG
2023-06-06 15:44:00,6.825,6.835,6.82,6.82,72351.0,CPG
2023-06-06 15:43:00,6.825,6.825,6.82,6.825,54473.0,CPG
2023-06-06 15:42:00,6.82,6.825,6.82,6.82,2595.0,CPG
2023-06-06 15:41:00,6.815,6.825,6.815,6.82,4493.0,CPG
2023-06-06 15:40:00,6.815,6.825,6.815,6.82,4327.0,CPG
2023-06-06 15:39:00,6.825,6.825,6.815,6.815,10871.0,CPG
2023-06-06 15:38:00,6.825,6.825,6.825,6.825,808.0,CPG
2023-06-06 15:37:00,6.84,6.84,6.83,6.83,42011.0,CPG
2023-06-06 15:36:00,6.835,6.835,6.835,6.835,608.0,CPG
2023-06-06 15:35:00,6.84,6.84,6.835,6.84,2114.0,CPG
2023-06-06 15:34:00,6.835,6.845,6.835,6.835,25773.0,CPG
2023-06-06 15:33:00,6.835,6.835,6.829,6.829,3114.0,CPG
2023-06-06 15:32:00,6.835,6.835,6.835,6.835,890.0,CPG
2023-06-06 15:31:00,6.83,6.835,6.83,6.83,6723.0,CPG
2023-06-06 15:30:00,6.83,6.835,6.83,6.83,1309.0,CPG
2023-06-06 15:29:00,6.825,6.835,6.825,6.83,40920.0,CPG
2023-06-06 15:28:00,6.82,6.825,6.815,6.825,6082.0,CPG
2023-06-06 15:27:00,6.825,6.825,6.82,6.82,804.0,CPG
2023-06-06 15:26:00,6.825,6.825,6.82,6.825,652.0,CPG
2023-06-06 15:25:00,6.825,6.825,6.825,6.825,901.0,CPG
2023-06-06 15:24:00,6.825,6.825,6.825,6.825,402.0,CPG
2023-06-06 15:23:00,6.82,6.825,6.82,6.82,1048.0,CPG
2023-06-06 15:22:00,6.815,6.825,6.815,6.825,4346.0,CPG
2023-06-06 15:21:00,6.811,6.825,6.81,6.825,34462.0,CPG
2023-06-06 15:20:00,6.811,6.815,6.81,6.81,1092.0,CPG
2023-06-06 15:19:00,6.815,6.815,6.815,6.815,731.0,CPG
2023-06-06 15:18:00,6.806,6.815,6.805,6.81,4223.0,CPG
2023-06-06 15:17:00,6.801,6.813,6.801,6.805,40612.0,CPG
2023-06-06 15:16:00,6.796,6.806,6.796,6.801,3610.0,CPG
2023-06-06 15:15:00,6.796,6.803,6.796,6.796,2930.0,CPG
2023-06-06 15:14:00,6.803,6.803,6.803,6.803,304.0,CPG
2023-06-06 15:13:00,6.796,6.806,6.796,6.801,4966.0,CPG
2023-06-06 15:12:00,6.796,6.803,6.796,6.796,1546.0,CPG
2023-06-06 15:11:00,6.796,6.803,6.796,6.796,1713.0,CPG
2023-06-06 15:10:00,6.796,6.803,6.796,6.796,1233.0,CPG
2023-06-06 15:09:00,6.803,6.803,6.796,6.796,1737.0,CPG
2023-06-06 15:08:00,6.803,6.803,6.796,6.796,879.0,CPG
2023-06-06 15:07:00,6.796,6.803,6.796,6.796,1055.0,CPG
2023-06-06 15:06:00,6.796,6.801,6.796,6.796,1145.0,CPG
2023-06-06 15:05:00,6.796,6.803,6.796,6.796,741.0,CPG
2023-06-06 15:04:00,6.803,6.803,6.796,6.796,2480.0,CPG
2023-06-06 15:03:00,6.803,6.806,6.796,6.796,2979.0,CPG
2023-06-06 15:02:00,6.801,6.806,6.796,6.796,26716.0,CPG
2023-06-06 15:01:00,6.796,6.806,6.796,6.801,1559.0,CPG
2023-06-06 15:00:00,6.796,6.806,6.796,6.805,1315.0,CPG
2023-06-06 14:59:00,6.796,6.806,6.796,6.805,1234.0,CPG
2023-06-06 14:58:00,6.803,6.803,6.796,6.801,4458.0,CPG
2023-06-06 14:57:00,6.801,6.801,6.796,6.796,1700.0,CPG
2023-06-06 14:56:00,6.803,6.803,6.796,6.796,6051.0,CPG
2023-06-06 14:55:00,6.801,6.801,6.796,6.796,1276.0,CPG
2023-06-06 14:54:00,6.801,6.806,6.796,6.801,10267.0,CPG
2023-06-06 14:53:00,6.801,6.806,6.796,6.801,1025.0,CPG
2023-06-06 14:52:00,6.796,6.806,6.796,6.801,1844.0,CPG
2023-06-06 14:51:00,6.796,6.806,6.796,6.801,2360.0,CPG
2023-06-06 14:50:00,6.796,6.806,6.796,6.803,513.0,CPG
2023-06-06 14:49:00,6.796,6.803,6.796,6.803,547.0,CPG
2023-06-06 14:48:00,6.801,6.801,6.796,6.801,2695.0,CPG
2023-06-06 14:47:00,6.796,6.806,6.796,6.805,7747.0,CPG
2023-06-06 14:46:00,6.796,6.805,6.796,6.796,5809.0,CPG
2023-06-06 14:45:00,6.805,6.805,6.796,6.803,1418.0,CPG
2023-06-06 14:44:00,6.806,6.806,6.801,6.801,500.0,CPG
2023-06-06 14:43:00,6.803,6.806,6.803,6.805,300.0,CPG
2023-06-06 14:42:00,6.806,6.806,6.801,6.801,638.0,CPG
2023-06-06 14:41:00,6.796,6.806,6.796,6.801,1400.0,CPG
2023-06-06 14:40:00,6.798,6.798,6.798,6.798,374.0,CPG
2023-06-06 14:39:00,6.801,6.806,6.801,6.803,500.0,CPG
2023-06-06 14:38:00,6.796,6.803,6.796,6.803,600.0,CPG
2023-06-06 14:37:00,6.786,6.796,6.786,6.796,39004.0,CPG
2023-06-06 14:36:00,6.793,6.793,6.786,6.786,670.0,CPG
2023-06-06 14:35:00,6.791,6.791,6.791,6.791,1262.0,CPG
2023-06-06 14:33:00,6.786,6.791,6.786,6.786,6130.0,CPG
2023-06-06 14:32:00,6.791,6.796,6.791,6.796,1655.0,CPG
2023-06-06 14:31:00,6.791,6.796,6.786,6.796,10107.0,CPG
2023-06-06 14:30:00,6.796,6.796,6.791,6.796,2432.0,CPG
2023-06-06 14:29:00,6.796,6.796,6.796,6.796,2304.0,CPG
2023-06-06 14:28:00,6.801,6.801,6.786,6.796,37639.0,CPG
2023-06-06 14:27:00,6.806,6.806,6.801,6.801,601.0,CPG
2023-06-06 14:26:00,6.796,6.801,6.786,6.796,43773.0,CPG
2023-06-06 14:25:00,6.796,6.796,6.791,6.791,2886.0,CPG
2023-06-06 14:24:00,6.796,6.796,6.786,6.796,5457.0,CPG
2023-06-06 14:23:00,6.796,6.801,6.786,6.791,22520.0,CPG
2023-06-06 14:22:00,6.796,6.801,6.796,6.801,6013.0,CPG
2023-06-06 14:21:00,6.796,6.801,6.791,6.801,40942.0,CPG
2023-06-06 14:20:00,6.791,6.796,6.786,6.796,10505.0,CPG
2023-06-06 14:19:00,6.786,6.793,6.786,6.791,702.0,CPG
2023-06-06 14:18:00,6.786,6.786,6.786,6.786,1500.0,CPG
2023-06-06 14:17:00,6.791,6.791,6.791,6.791,1300.0,CPG
2023-06-06 14:16:00,6.786,6.786,6.786,6.786,100.0,CPG
2023-06-06 14:15:00,6.792,6.792,6.786,6.791,4082.0,CPG
2023-06-06 14:13:00,6.786,6.786,6.786,6.786,800.0,CPG
2023-06-06 14:12:00,6.791,6.791,6.786,6.786,29927.0,CPG
2023-06-06 14:11:00,6.786,6.791,6.786,6.791,11480.0,CPG
2023-06-06 14:10:00,6.786,6.786,6.781,6.786,24416.0,CPG
2023-06-06 14:09:00,6.786,6.786,6.781,6.781,28311.0,CPG
2023-06-06 14:08:00,6.791,6.791,6.786,6.791,7845.0,CPG
2023-06-06 14:07:00,6.791,6.791,6.791,6.791,100.0,CPG
2023-06-06 14:06:00,6.796,6.801,6.791,6.791,32442.0,CPG
2023-06-06 14:05:00,6.796,6.796,6.791,6.791,1206.0,CPG
2023-06-06 14:04:00,6.791,6.796,6.786,6.791,6021.0,CPG
2023-06-06 14:03:00,6.786,6.791,6.786,6.791,320.0,CPG
2023-06-06 14:02:00,6.796,6.796,6.786,6.786,3568.0,CPG
2023-06-06 14:01:00,6.796,6.801,6.791,6.791,55313.0,CPG
2023-06-06 14:00:00,6.796,6.796,6.796,6.796,1077.0,CPG
2023-06-06 13:59:00,6.801,6.801,6.801,6.801,300.0,CPG
2023-06-06 13:58:00,6.801,6.801,6.801,6.801,700.0,CPG
2023-06-06 13:57:00,6.796,6.801,6.796,6.796,7989.0,CPG
2023-06-06 13:56:00,6.801,6.805,6.796,6.796,5612.0,CPG
2023-06-06 13:55:00,6.801,6.801,6.796,6.796,14940.0,CPG
2023-06-06 13:54:00,6.801,6.806,6.796,6.805,1100.0,CPG
2023-06-06 13:53:00,6.801,6.801,6.796,6.796,5050.0,CPG
2023-06-06 13:52:00,6.801,6.806,6.801,6.801,990.0,CPG
2023-06-06 13:51:00,6.801,6.801,6.796,6.801,4445.0,CPG
2023-06-06 13:50:00,6.796,6.801,6.796,6.801,10453.0,CPG
2023-06-06 13:49:00,6.791,6.796,6.789,6.796,3386.0,CPG
2023-06-06 13:48:00,6.796,6.796,6.796,6.796,2602.0,CPG
2023-06-06 13:47:00,6.796,6.796,6.786,6.796,3329.0,CPG
2023-06-06 13:46:00,6.791,6.791,6.786,6.791,1869.0,CPG
2023-06-06 13:45:00,6.791,6.791,6.786,6.791,2856.0,CPG
2023-06-06 13:44:00,6.791,6.791,6.791,6.791,2556.0,CPG
2023-06-06 13:43:00,6.791,6.791,6.786,6.786,13436.0,CPG
2023-06-06 13:42:00,6.796,6.796,6.796,6.796,210.0,CPG
2023-06-06 13:41:00,6.786,6.786,6.786,6.786,2010.0,CPG
2023-06-06 13:40:00,6.796,6.796,6.796,6.796,400.0,CPG
2023-06-06 13:39:00,6.791,6.796,6.789,6.791,5324.0,CPG
2023-06-06 13:38:00,6.796,6.796,6.786,6.791,7670.0,CPG
2023-06-06 13:37:00,6.791,6.806,6.791,6.801,9197.0,CPG
2023-06-06 13:36:00,6.796,6.796,6.786,6.786,7225.0,CPG
2023-06-06 13:35:00,6.801,6.801,6.796,6.796,800.0,CPG
2023-06-06 13:34:00,6.796,6.796,6.796,6.796,6499.0,CPG
2023-06-06 13:33:00,6.796,6.796,6.796,6.796,666.0,CPG
2023-06-06 13:32:00,6.791,6.796,6.791,6.796,58207.0,CPG
2023-06-06 13:31:00,6.796,6.801,6.796,6.796,12284.0,CPG
2023-06-06 13:30:00,6.801,6.801,6.796,6.796,800.0,CPG
2023-06-06 13:29:00,6.801,6.801,6.801,6.801,400.0,CPG
2023-06-06 13:28:00,6.801,6.801,6.801,6.801,390.0,CPG
2023-06-06 13:27:00,6.796,6.806,6.796,6.796,20011.0,CPG
2023-06-06 13:26:00,6.791,6.791,6.791,6.791,190.0,CPG
2023-06-06 13:25:00,6.791,6.791,6.791,6.791,100.0,CPG
2023-06-06 13:24:00,6.796,6.796,6.796,6.796,648.0,CPG
2023-06-06 13:23:00,6.791,6.791,6.791,6.791,200.0,CPG
2023-06-06 13:22:00,6.796,6.796,6.789,6.796,14703.0,CPG
2023-06-06 13:21:00,6.796,6.796,6.796,6.796,2147.0,CPG
2023-06-06 13:20:00,6.796,6.796,6.795,6.795,6184.0,CPG
2023-06-06 13:19:00,6.791,6.796,6.791,6.796,6871.0,CPG
2023-06-06 13:18:00,6.796,6.796,6.791,6.795,32262.0,CPG
2023-06-06 13:17:00,6.796,6.801,6.796,6.796,7559.0,CPG
2023-06-06 13:15:00,6.796,6.796,6.796,6.796,5523.0,CPG
2023-06-06 13:14:00,6.796,6.796,6.796,6.796,154.0,CPG
2023-06-06 13:13:00,6.796,6.806,6.796,6.805,3551.0,CPG
2023-06-06 13:12:00,6.791,6.796,6.791,6.796,7788.0,CPG
2023-06-06 13:11:00,6.786,6.791,6.786,6.786,3747.0,CPG
2023-06-06 13:10:00,6.779,6.786,6.779,6.786,14094.0,CPG
2023-06-06 13:09:00,6.786,6.786,6.784,6.786,2977.0,CPG
2023-06-06 13:08:00,6.786,6.786,6.781,6.786,973.0,CPG
2023-06-06 13:07:00,6.781,6.781,6.781,6.781,100.0,CPG
2023-06-06 13:06:00,6.781,6.781,6.776,6.781,300.0,CPG
2023-06-06 13:05:00,6.786,6.786,6.776,6.786,11323.0,CPG
2023-06-06 13:04:00,6.784,6.786,6.776,6.786,7635.0,CPG
2023-06-06 13:03:00,6.776,6.776,6.776,6.776,615.0,CPG
2023-06-06 13:02:00,6.776,6.779,6.776,6.776,16808.0,CPG
2023-06-06 13:01:00,6.776,6.776,6.771,6.771,18803.0,CPG
2023-06-06 13:00:00,6.785,6.785,6.776,6.776,3240.0,CPG
2023-06-06 12:59:00,6.776,6.781,6.776,6.781,1880.0,CPG
2023-06-06 12:58:00,6.776,6.782,6.776,6.776,7249.0,CPG
2023-06-06 12:57:00,6.776,6.781,6.766,6.766,29042.0,CPG
2023-06-06 12:56:00,6.769,6.769,6.766,6.766,2096.0,CPG
2023-06-06 12:55:00,6.776,6.776,6.776,6.776,428.0,CPG
2023-06-06 12:54:00,6.771,6.776,6.766,6.766,4706.0,CPG
2023-06-06 12:53:00,6.771,6.771,6.771,6.771,100.0,CPG
2023-06-06 12:52:00,6.776,6.776,6.771,6.776,2431.0,CPG
2023-06-06 12:51:00,6.772,6.776,6.772,6.776,1230.0,CPG
2023-06-06 12:50:00,6.771,6.771,6.771,6.771,116.0,CPG
2023-06-06 12:49:00,6.776,6.776,6.771,6.771,1591.0,CPG
2023-06-06 12:48:00,6.776,6.776,6.776,6.776,594.0,CPG
2023-06-06 12:47:00,6.771,6.776,6.771,6.776,8242.0,CPG
2023-06-06 12:45:00,6.771,6.771,6.766,6.766,1711.0,CPG
2023-06-06 12:44:00,6.766,6.776,6.766,6.776,4285.0,CPG
2023-06-06 12:43:00,6.765,6.765,6.765,6.765,216.0,CPG
2023-06-06 12:42:00,6.751,6.766,6.751,6.756,42249.0,CPG
2023-06-06 12:41:00,6.736,6.751,6.736,6.751,42818.0,CPG
2023-06-06 12:40:00,6.741,6.741,6.741,6.741,1565.0,CPG
2023-06-06 12:39:00,6.741,6.741,6.736,6.741,3210.0,CPG
2023-06-06 12:38:00,6.741,6.741,6.741,6.741,129.0,CPG
2023-06-06 12:37:00,6.741,6.741,6.736,6.741,1088.0,CPG
2023-06-06 12:36:00,6.741,6.746,6.741,6.746,1067.0,CPG
2023-06-06 12:35:00,6.746,6.746,6.741,6.741,928.0,CPG
2023-06-06 12:34:00,6.736,6.741,6.736,6.741,2071.0,CPG
2023-06-06 12:33:00,6.746,6.746,6.736,6.736,7970.0,CPG
2023-06-06 12:32:00,6.746,6.746,6.736,6.736,8017.0,CPG
2023-06-06 12:31:00,6.736,6.741,6.736,6.741,2010.0,CPG
2023-06-06 12:30:00,6.746,6.746,6.736,6.741,1990.0,CPG
2023-06-06 12:29:00,6.746,6.746,6.746,6.746,1924.0,CPG
2023-06-06 12:28:00,6.746,6.746,6.746,6.746,3001.0,CPG
2023-06-06 12:27:00,6.746,6.746,6.746,6.746,9157.0,CPG
2023-06-06 12:26:00,6.751,6.751,6.751,6.751,510.0,CPG
2023-06-06 12:25:00,6.746,6.75,6.746,6.75,13599.0,CPG
2023-06-06 12:24:00,6.745,6.746,6.745,6.746,5121.0,CPG
2023-06-06 12:22:00,6.741,6.741,6.741,6.741,280.0,CPG
2023-06-06 12:21:00,6.746,6.746,6.741,6.741,583.0,CPG
2023-06-06 12:20:00,6.746,6.751,6.746,6.746,9447.0,CPG
2023-06-06 12:19:00,6.746,6.746,6.736,6.736,801.0,CPG
2023-06-06 12:18:00,6.746,6.746,6.741,6.746,37337.0,CPG
2023-06-06 12:17:00,6.746,6.746,6.746,6.746,945.0,CPG
2023-06-06 12:16:00,6.741,6.746,6.736,6.746,11844.0,CPG
2023-06-06 12:15:00,6.736,6.746,6.731,6.746,128076.0,CPG
2023-06-06 12:14:00,6.746,6.746,6.741,6.741,3183.0,CPG
2023-06-06 12:13:00,6.746,6.751,6.746,6.746,7365.0,CPG
2023-06-06 12:12:00,6.746,6.751,6.746,6.751,814.0,CPG
2023-06-06 12:11:00,6.751,6.754,6.751,6.751,602.0,CPG
2023-06-06 12:10:00,6.756,6.756,6.751,6.751,1602.0,CPG
2023-06-06 12:09:00,6.756,6.756,6.746,6.751,1900.0,CPG
2023-06-06 12:08:00,6.746,6.746,6.746,6.746,810.0,CPG
2023-06-06 12:07:00,6.756,6.756,6.746,6.746,6509.0,CPG
2023-06-06 12:06:00,6.756,6.756,6.755,6.755,973.0,CPG
2023-06-06 12:05:00,6.756,6.756,6.753,6.756,1297.0,CPG
2023-06-06 12:04:00,6.756,6.756,6.756,6.756,18117.0,CPG
2023-06-06 12:03:00,6.756,6.756,6.756,6.756,2348.0,CPG
2023-06-06 12:02:00,6.761,6.761,6.756,6.756,1868.0,CPG
2023-06-06 12:01:00,6.771,6.771,6.761,6.761,4471.0,CPG
2023-06-06 12:00:00,6.771,6.771,6.771,6.771,1702.0,CPG
2023-06-06 11:59:00,6.766,6.771,6.766,6.771,10889.0,CPG
2023-06-06 11:58:00,6.761,6.766,6.761,6.766,648.0,CPG
2023-06-06 11:57:00,6.766,6.771,6.756,6.756,8346.0,CPG
2023-06-06 11:56:00,6.766,6.766,6.766,6.766,5734.0,CPG
2023-06-06 11:55:00,6.771,6.771,6.766,6.766,4023.0,CPG
2023-06-06 11:54:00,6.766,6.776,6.764,6.771,88940.0,CPG
2023-06-06 11:53:00,6.766,6.766,6.766,6.766,895.0,CPG
2023-06-06 11:52:00,6.771,6.771,6.766,6.766,28870.0,CPG
2023-06-06 11:51:00,6.776,6.776,6.776,6.776,412.0,CPG
2023-06-06 11:50:00,6.771,6.773,6.771,6.771,591.0,CPG
2023-06-06 11:49:00,6.771,6.771,6.771,6.771,400.0,CPG
2023-06-06 11:48:00,6.766,6.771,6.766,6.771,3938.0,CPG
2023-06-06 11:47:00,6.761,6.761,6.761,6.761,5055.0,CPG
2023-06-06 11:46:00,6.766,6.771,6.756,6.761,11748.0,CPG
2023-06-06 11:45:00,6.761,6.766,6.761,6.766,14522.0,CPG
2023-06-06 11:44:00,6.761,6.766,6.756,6.756,1122.0,CPG
2023-06-06 11:43:00,6.758,6.761,6.756,6.761,976.0,CPG
2023-06-06 11:42:00,6.756,6.761,6.756,6.761,648.0,CPG
2023-06-06 11:41:00,6.756,6.756,6.756,6.756,592.0,CPG
2023-06-06 11:39:00,6.761,6.761,6.761,6.761,2545.0,CPG
2023-06-06 11:38:00,6.756,6.766,6.756,6.756,4479.0,CPG
2023-06-06 11:37:00,6.761,6.761,6.756,6.756,1460.0,CPG
2023-06-06 11:36:00,6.761,6.766,6.761,6.761,2103.0,CPG
2023-06-06 11:35:00,6.766,6.766,6.766,6.766,700.0,CPG
2023-06-06 11:34:00,6.756,6.761,6.756,6.756,2100.0,CPG
2023-06-06 11:33:00,6.756,6.756,6.756,6.756,4700.0,CPG
2023-06-06 11:32:00,6.761,6.761,6.756,6.756,8033.0,CPG
2023-06-06 11:31:00,6.756,6.761,6.756,6.761,4700.0,CPG
2023-06-06 11:30:00,6.766,6.766,6.756,6.756,28715.0,CPG
2023-06-06 11:29:00,6.771,6.771,6.766,6.766,2215.0,CPG
2023-06-06 11:28:00,6.776,6.781,6.776,6.776,31227.0,CPG
2023-06-06 11:27:00,6.776,6.776,6.776,6.776,553.0,CPG
2023-06-06 11:26:00,6.759,6.776,6.759,6.776,21162.0,CPG
2023-06-06 11:25:00,6.766,6.766,6.766,6.766,13836.0,CPG
2023-06-06 11:24:00,6.766,6.766,6.766,6.766,870.0,CPG
2023-06-06 11:23:00,6.781,6.781,6.766,6.766,30386.0,CPG
2023-06-06 11:22:00,6.773,6.779,6.773,6.779,25500.0,CPG
2023-06-06 11:21:00,6.781,6.781,6.771,6.771,7173.0,CPG
2023-06-06 11:20:00,6.781,6.781,6.776,6.781,3260.0,CPG
2023-06-06 11:19:00,6.781,6.781,6.781,6.781,1018.0,CPG
2023-06-06 11:18:00,6.776,6.786,6.776,6.786,2615.0,CPG
2023-06-06 11:17:00,6.778,6.781,6.778,6.781,4825.0,CPG
2023-06-06 11:16:00,6.786,6.786,6.785,6.786,424.0,CPG
2023-06-06 11:15:00,6.786,6.786,6.781,6.786,25017.0,CPG
2023-06-06 11:14:00,6.786,6.786,6.781,6.786,1724.0,CPG
2023-06-06 11:13:00,6.786,6.793,6.786,6.786,4114.0,CPG
2023-06-06 11:12:00,6.791,6.796,6.791,6.791,1501.0,CPG
2023-06-06 11:11:00,6.786,6.791,6.786,6.786,3092.0,CPG
2023-06-06 11:10:00,6.786,6.791,6.786,6.786,1935.0,CPG
2023-06-06 11:09:00,6.796,6.796,6.791,6.791,2415.0,CPG
2023-06-06 11:07:00,6.786,6.786,6.786,6.786,512.0,CPG
2023-06-06 11:06:00,6.796,6.796,6.796,6.796,2212.0,CPG
2023-06-06 11:05:00,6.796,6.796,6.796,6.796,4668.0,CPG
2023-06-06 11:04:00,6.796,6.801,6.796,6.796,2598.0,CPG
2023-06-06 11:03:00,6.776,6.796,6.776,6.796,8039.0,CPG
2023-06-06 11:02:00,6.766,6.776,6.756,6.776,49254.0,CPG
2023-06-06 11:01:00,6.766,6.776,6.766,6.776,30102.0,CPG
2023-06-06 11:00:00,6.776,6.776,6.756,6.766,20388.0,CPG
2023-06-06 10:59:00,6.776,6.781,6.771,6.776,90905.0,CPG
2023-06-06 10:58:00,6.771,6.772,6.766,6.772,1279.0,CPG
2023-06-06 10:57:00,6.763,6.766,6.758,6.766,24226.0,CPG
2023-06-06 10:56:00,6.766,6.766,6.761,6.761,222.0,CPG
2023-06-06 10:55:00,6.771,6.771,6.756,6.756,6932.0,CPG
2023-06-06 10:54:00,6.766,6.771,6.766,6.766,8859.0,CPG
2023-06-06 10:53:00,6.761,6.766,6.761,6.766,307.0,CPG
2023-06-06 10:52:00,6.771,6.771,6.766,6.766,12281.0,CPG
2023-06-06 10:51:00,6.769,6.769,6.769,6.769,185.0,CPG
2023-06-06 10:50:00,6.771,6.771,6.766,6.766,500.0,CPG
2023-06-06 10:49:00,6.746,6.766,6.741,6.766,36132.0,CPG
2023-06-06 10:48:00,6.756,6.756,6.746,6.746,6062.0,CPG
2023-06-06 10:47:00,6.746,6.746,6.746,6.746,801.0,CPG
2023-06-06 10:46:00,6.751,6.751,6.746,6.746,1061.0,CPG
2023-06-06 10:45:00,6.731,6.756,6.731,6.756,16675.0,CPG
2023-06-06 10:44:00,6.736,6.736,6.736,6.736,2501.0,CPG
2023-06-06 10:41:00,6.746,6.746,6.746,6.746,136.0,CPG
2023-06-06 10:40:00,6.736,6.736,6.736,6.736,1113.0,CPG
2023-06-06 10:39:00,6.726,6.731,6.726,6.726,8165.0,CPG
2023-06-06 10:38:00,6.736,6.736,6.736,6.736,225.0,CPG
2023-06-06 10:37:00,6.746,6.746,6.736,6.736,19389.0,CPG
2023-06-06 10:36:00,6.746,6.753,6.746,6.746,13412.0,CPG
2023-06-06 10:35:00,6.746,6.751,6.746,6.751,34932.0,CPG
2023-06-06 10:34:00,6.746,6.746,6.746,6.746,23997.0,CPG
2023-06-06 10:33:00,6.746,6.746,6.746,6.746,6775.0,CPG
2023-06-06 10:32:00,6.736,6.741,6.731,6.741,21932.0,CPG
2023-06-06 10:31:00,6.746,6.746,6.736,6.736,560.0,CPG
2023-06-06 10:30:00,6.722,6.746,6.721,6.746,61265.0,CPG
2023-06-06 10:29:00,6.726,6.726,6.726,6.726,510.0,CPG
2023-06-06 10:28:00,6.726,6.726,6.726,6.726,428.0,CPG
2023-06-06 10:26:00,6.726,6.726,6.726,6.726,14071.0,CPG
2023-06-06 10:25:00,6.726,6.726,6.726,6.726,1533.0,CPG
2023-06-06 10:24:00,6.722,6.722,6.716,6.716,784.0,CPG
2023-06-06 10:23:00,6.717,6.717,6.717,6.717,419.0,CPG
2023-06-06 10:22:00,6.717,6.717,6.716,6.717,3409.0,CPG
2023-06-06 10:21:00,6.717,6.723,6.716,6.716,9560.0,CPG
2023-06-06 10:20:00,6.726,6.726,6.726,6.726,810.0,CPG
2023-06-06 10:19:00,6.717,6.717,6.716,6.716,9205.0,CPG
2023-06-06 10:18:00,6.717,6.717,6.716,6.716,1856.0,CPG
2023-06-06 10:16:00,6.707,6.707,6.705,6.707,1592.0,CPG
2023-06-06 10:15:00,6.699,6.699,6.699,6.699,2001.0,CPG
2023-06-06 10:14:00,6.712,6.712,6.707,6.707,1287.0,CPG
2023-06-06 10:13:00,6.717,6.722,6.716,6.716,3289.0,CPG
2023-06-06 10:12:00,6.726,6.726,6.716,6.716,6326.0,CPG
2023-06-06 10:11:00,6.702,6.717,6.697,6.716,17808.0,CPG
2023-06-06 10:10:00,6.702,6.707,6.697,6.699,26308.0,CPG
2023-06-06 10:09:00,6.697,6.707,6.697,6.707,1792.0,CPG
2023-06-06 10:08:00,6.696,6.697,6.692,6.697,2062.0,CPG
2023-06-06 10:07:00,6.697,6.702,6.692,6.697,34676.0,CPG
2023-06-06 10:06:00,6.692,6.692,6.688,6.688,1283.0,CPG
2023-06-06 10:05:00,6.687,6.697,6.687,6.697,5743.0,CPG
2023-06-06 10:04:00,6.692,6.692,6.687,6.687,19955.0,CPG
2023-06-06 10:03:00,6.677,6.692,6.677,6.692,26615.0,CPG
2023-06-06 10:02:00,6.677,6.677,6.677,6.677,610.0,CPG
2023-06-06 10:01:00,6.667,6.667,6.667,6.667,7308.0,CPG
2023-06-06 10:00:00,6.667,6.667,6.667,6.667,7989.0,CPG
2023-06-06 09:59:00,6.667,6.667,6.667,6.667,699.0,CPG
2023-06-06 09:58:00,6.672,6.682,6.667,6.677,10346.0,CPG
2023-06-06 09:57:00,6.657,6.667,6.657,6.667,11984.0,CPG
2023-06-06 09:56:00,6.667,6.667,6.657,6.657,755.0,CPG
2023-06-06 09:55:00,6.667,6.672,6.667,6.672,1318.0,CPG
2023-06-06 09:54:00,6.668,6.668,6.662,6.662,3258.0,CPG
2023-06-06 09:53:00,6.677,6.687,6.672,6.672,4175.0,CPG
2023-06-06 09:52:00,6.667,6.677,6.662,6.677,4874.0,CPG
2023-06-06 09:51:00,6.667,6.677,6.667,6.677,3826.0,CPG
2023-06-06 09:50:00,6.667,6.677,6.666,6.667,11981.0,CPG
2023-06-06 09:49:00,6.667,6.667,6.657,6.667,6432.0,CPG
2023-06-06 09:48:00,6.667,6.667,6.667,6.667,2701.0,CPG
2023-06-06 09:47:00,6.667,6.667,6.667,6.667,935.0,CPG
2023-06-06 09:46:00,6.657,6.667,6.657,6.667,6057.0,CPG
2023-06-06 09:45:00,6.647,6.662,6.642,6.657,16972.0,CPG
2023-06-06 09:44:00,6.647,6.647,6.647,6.647,7833.0,CPG
2023-06-06 09:43:00,6.647,6.657,6.647,6.657,8830.0,CPG
2023-06-06 09:42:00,6.647,6.647,6.637,6.642,4754.0,CPG
2023-06-06 09:41:00,6.649,6.657,6.647,6.647,2038.0,CPG
2023-06-06 09:40:00,6.647,6.656,6.637,6.656,1427.0,CPG
2023-06-06 09:39:00,6.677,6.677,6.637,6.637,49671.0,CPG
2023-06-06 09:38:00,6.657,6.667,6.657,6.667,729.0,CPG
2023-06-06 09:37:00,6.647,6.662,6.647,6.662,1800.0,CPG
2023-06-06 09:36:00,6.647,6.647,6.637,6.637,12741.0,CPG
2023-06-06 09:35:00,6.628,6.632,6.622,6.627,15577.0,CPG
2023-06-06 09:34:00,6.628,6.637,6.627,6.637,2962.0,CPG
2023-06-06 09:33:00,6.618,6.637,6.618,6.627,8688.0,CPG
2023-06-06 09:32:00,6.628,6.642,6.608,6.619,74260.0,CPG
2023-06-06 09:31:00,6.618,6.628,6.608,6.627,7268.0,CPG
2023-06-06 09:30:00,6.598,6.618,6.578,6.608,136401.0,CPG
2023-06-06 09:29:00,6.618,6.618,6.618,6.618,100.0,CPG
2023-06-06 09:23:00,6.618,6.618,6.618,6.618,473.0,CPG
2023-06-06 09:18:00,6.608,6.608,6.608,6.608,20.0,CPG
2023-06-06 09:15:00,6.608,6.608,6.608,6.608,200.0,CPG
2023-06-06 09:10:00,6.608,6.608,6.608,6.608,100.0,CPG
2023-06-06 09:06:00,6.608,6.608,6.598,6.598,266.0,CPG
2023-06-06 09:04:00,6.618,6.618,6.618,6.618,100.0,CPG
2023-06-06 09:03:00,6.628,6.628,6.627,6.627,48.0,CPG
2023-06-06 08:58:00,6.628,6.628,6.627,6.627,1.0,CPG
2023-06-06 08:30:00,6.628,6.628,6.627,6.627,5.0,CPG
2023-06-06 08:22:00,6.628,6.628,6.627,6.627,662.0,CPG
2023-06-06 08:14:00,6.628,6.628,6.627,6.627,6.0,CPG
2023-06-06 08:10:00,6.598,6.598,6.598,6.598,35.0,CPG
2023-06-06 08:09:00,6.766,6.766,6.766,6.766,9.0,CPG
2023-06-06 08:01:00,6.628,6.628,6.627,6.627,100.0,CPG
2023-06-06 08:00:00,6.746,6.786,6.746,6.776,10.0,CPG
2023-06-06 07:57:00,6.618,6.618,6.618,6.618,100.0,CPG
2023-06-06 07:55:00,6.618,6.618,6.618,6.618,100.0,CPG
2023-06-06 07:52:00,6.628,6.637,6.618,6.618,1681.0,CPG
2023-06-06 07:08:00,6.628,6.628,6.627,6.627,100.0,CPG
2023-06-06 07:00:00,6.667,6.667,6.667,6.667,250.0,CPG
2023-06-06 04:25:00,6.815,6.815,6.815,6.815,5.0,CPG
2023-06-06 04:08:00,6.647,6.647,6.637,6.637,63.0,CPG
2023-06-05 19:56:00,6.717,6.717,6.716,6.716,215.0,CPG
2023-06-05 19:00:00,6.707,6.707,6.707,6.707,36947.0,CPG
2023-06-05 18:39:00,6.726,6.726,6.726,6.726,50.0,CPG
2023-06-05 18:30:00,6.707,6.707,6.707,6.707,36947.0,CPG
2023-06-05 17:15:00,6.717,6.717,6.716,6.716,50.0,CPG
2023-06-05 17:02:00,6.677,6.677,6.677,6.677,5.0,CPG
2023-06-05 16:10:00,6.707,6.707,6.707,6.707,36947.0,CPG
2023-06-05 16:09:00,6.677,6.677,6.677,6.677,1.0,CPG
2023-06-05 16:07:00,6.669,6.669,6.668,6.668,1.0,CPG
2023-06-05 16:04:00,6.756,6.756,6.756,6.756,19.0,CPG
2023-06-05 16:01:00,6.707,6.707,6.707,6.707,3965.0,CPG
2023-06-05 16:00:00,6.717,6.717,6.707,6.707,89187.0,CPG
2023-06-05 15:59:00,6.717,6.717,6.707,6.716,34493.0,CPG
2023-06-05 15:58:00,6.712,6.717,6.707,6.712,17740.0,CPG
2023-06-05 15:57:00,6.712,6.717,6.707,6.716,5401.0,CPG
2023-06-05 15:56:00,6.717,6.717,6.707,6.712,4415.0,CPG
2023-06-05 15:55:00,6.717,6.717,6.707,6.712,14455.0,CPG
2023-06-05 15:54:00,6.717,6.717,6.712,6.716,8381.0,CPG
2023-06-05 15:53:00,6.712,6.717,6.709,6.712,21994.0,CPG
2023-06-05 15:52:00,6.707,6.717,6.707,6.712,22831.0,CPG
2023-06-05 15:51:00,6.707,6.712,6.707,6.707,11826.0,CPG
2023-06-05 15:50:00,6.722,6.723,6.712,6.712,34981.0,CPG
2023-06-05 15:49:00,6.722,6.726,6.716,6.726,5313.0,CPG
2023-06-05 15:48:00,6.717,6.717,6.716,6.716,423.0,CPG
2023-06-05 15:47:00,6.717,6.726,6.716,6.721,7297.0,CPG
2023-06-05 15:46:00,6.717,6.717,6.716,6.716,1000.0,CPG
2023-06-05 15:45:00,6.726,6.726,6.716,6.716,35095.0,CPG
2023-06-05 15:44:00,6.731,6.731,6.731,6.731,201.0,CPG
2023-06-05 15:43:00,6.726,6.736,6.721,6.726,31794.0,CPG
2023-06-05 15:42:00,6.722,6.726,6.721,6.726,2800.0,CPG
2023-06-05 15:41:00,6.726,6.726,6.721,6.726,700.0,CPG
2023-06-05 15:40:00,6.722,6.726,6.721,6.726,500.0,CPG
2023-06-05 15:39:00,6.725,6.726,6.721,6.721,2676.0,CPG
2023-06-05 15:38:00,6.722,6.726,6.721,6.726,5883.0,CPG
2023-06-05 15:37:00,6.717,6.726,6.716,6.721,7445.0,CPG
2023-06-05 15:36:00,6.722,6.722,6.716,6.716,6656.0,CPG
2023-06-05 15:35:00,6.726,6.726,6.721,6.721,16702.0,CPG
2023-06-05 15:34:00,6.717,6.726,6.707,6.721,139090.0,CPG
2023-06-05 15:33:00,6.722,6.722,6.721,6.721,462.0,CPG
2023-06-05 15:32:00,6.712,6.717,6.712,6.716,36028.0,CPG
2023-06-05 15:31:00,6.712,6.712,6.712,6.712,844.0,CPG
2023-06-05 15:30:00,6.712,6.717,6.712,6.716,2058.0,CPG
2023-06-05 15:29:00,6.717,6.717,6.712,6.716,38608.0,CPG
2023-06-05 15:28:00,6.714,6.726,6.709,6.716,21622.0,CPG
2023-06-05 15:27:00,6.717,6.717,6.712,6.716,5623.0,CPG
2023-06-05 15:26:00,6.717,6.722,6.712,6.712,30467.0,CPG
2023-06-05 15:25:00,6.722,6.726,6.716,6.721,3201.0,CPG
2023-06-05 15:24:00,6.722,6.726,6.719,6.726,3000.0,CPG
2023-06-05 15:23:00,6.722,6.726,6.721,6.721,2516.0,CPG
2023-06-05 15:22:00,6.726,6.726,6.721,6.721,3179.0,CPG
2023-06-05 15:21:00,6.722,6.726,6.721,6.726,2015.0,CPG
2023-06-05 15:20:00,6.722,6.726,6.721,6.726,2775.0,CPG
2023-06-05 15:19:00,6.726,6.726,6.721,6.721,900.0,CPG
2023-06-05 15:18:00,6.722,6.726,6.721,6.722,850.0,CPG
2023-06-05 15:17:00,6.722,6.726,6.721,6.726,2190.0,CPG
2023-06-05 15:16:00,6.722,6.726,6.721,6.721,1370.0,CPG
2023-06-05 15:15:00,6.722,6.726,6.721,6.721,1700.0,CPG
2023-06-05 15:14:00,6.712,6.726,6.712,6.721,27802.0,CPG
2023-06-05 15:13:00,6.707,6.717,6.707,6.716,5399.0,CPG
2023-06-05 15:12:00,6.707,6.707,6.699,6.707,32887.0,CPG
2023-06-05 15:11:00,6.702,6.707,6.702,6.702,1194.0,CPG
2023-06-05 15:10:00,6.697,6.707,6.697,6.702,6593.0,CPG
2023-06-05 15:09:00,6.697,6.707,6.697,6.702,10585.0,CPG
2023-06-05 15:08:00,6.712,6.717,6.697,6.697,13471.0,CPG
2023-06-05 15:07:00,6.722,6.722,6.712,6.712,20174.0,CPG
2023-06-05 15:06:00,6.722,6.722,6.716,6.716,1080.0,CPG
2023-06-05 15:05:00,6.722,6.722,6.716,6.721,3931.0,CPG
2023-06-05 15:04:00,6.722,6.726,6.716,6.721,3732.0,CPG
2023-06-05 15:03:00,6.726,6.726,6.721,6.721,12238.0,CPG
2023-06-05 15:02:00,6.733,6.733,6.726,6.726,1943.0,CPG
2023-06-05 15:01:00,6.736,6.736,6.726,6.726,33050.0,CPG
2023-06-05 15:00:00,6.731,6.736,6.731,6.736,18747.0,CPG
2023-06-05 14:59:00,6.726,6.736,6.726,6.731,2760.0,CPG
2023-06-05 14:58:00,6.712,6.731,6.707,6.726,138668.0,CPG
2023-06-05 14:57:00,6.707,6.712,6.707,6.712,1001.0,CPG
2023-06-05 14:56:00,6.712,6.717,6.707,6.716,2460.0,CPG
2023-06-05 14:55:00,6.712,6.712,6.712,6.712,320.0,CPG
2023-06-05 14:54:00,6.717,6.717,6.711,6.711,9300.0,CPG
2023-06-05 14:53:00,6.717,6.717,6.707,6.712,34100.0,CPG
2023-06-05 14:52:00,6.717,6.717,6.707,6.716,62196.0,CPG
2023-06-05 14:51:00,6.712,6.712,6.712,6.712,1245.0,CPG
2023-06-05 14:50:00,6.717,6.717,6.716,6.716,1795.0,CPG
2023-06-05 14:49:00,6.702,6.717,6.702,6.712,46143.0,CPG
2023-06-05 14:48:00,6.697,6.702,6.697,6.702,400.0,CPG
2023-06-05 14:47:00,6.722,6.722,6.707,6.707,79604.0,CPG
2023-06-05 14:46:00,6.722,6.722,6.721,6.721,520.0,CPG
2023-06-05 14:45:00,6.726,6.726,6.716,6.721,4834.0,CPG
2023-06-05 14:44:00,6.726,6.736,6.726,6.729,15507.0,CPG
2023-06-05 14:43:00,6.731,6.731,6.716,6.726,9168.0,CPG
2023-06-05 14:42:00,6.736,6.736,6.726,6.726,12014.0,CPG
2023-06-05 14:41:00,6.731,6.736,6.731,6.736,2571.0,CPG
2023-06-05 14:40:00,6.736,6.736,6.731,6.731,2904.0,CPG
2023-06-05 14:39:00,6.741,6.741,6.736,6.741,1390.0,CPG
2023-06-05 14:38:00,6.741,6.746,6.736,6.741,2042.0,CPG
2023-06-05 14:37:00,6.741,6.746,6.741,6.746,2300.0,CPG
2023-06-05 14:36:00,6.746,6.746,6.736,6.736,11012.0,CPG
2023-06-05 14:35:00,6.741,6.751,6.741,6.746,11349.0,CPG
2023-06-05 14:34:00,6.746,6.746,6.741,6.741,10853.0,CPG
2023-06-05 14:33:00,6.746,6.746,6.746,6.746,639.0,CPG
2023-06-05 14:32:00,6.756,6.756,6.747,6.751,2028.0,CPG
2023-06-05 14:31:00,6.751,6.751,6.746,6.746,2120.0,CPG
2023-06-05 14:30:00,6.756,6.756,6.746,6.751,20541.0,CPG
2023-06-05 14:29:00,6.751,6.756,6.751,6.756,3332.0,CPG
2023-06-05 14:28:00,6.751,6.756,6.746,6.756,15019.0,CPG
2023-06-05 14:27:00,6.756,6.756,6.751,6.751,700.0,CPG
2023-06-05 14:26:00,6.746,6.756,6.731,6.746,184219.0,CPG
2023-06-05 14:25:00,6.756,6.756,6.746,6.746,9737.0,CPG
2023-06-05 14:24:00,6.756,6.756,6.751,6.751,34522.0,CPG
2023-06-05 14:23:00,6.761,6.761,6.751,6.751,57971.0,CPG
2023-06-05 14:21:00,6.756,6.756,6.756,6.756,116.0,CPG
2023-06-05 14:20:00,6.766,6.771,6.766,6.766,20738.0,CPG
2023-06-05 14:19:00,6.771,6.771,6.766,6.771,953.0,CPG
2023-06-05 14:18:00,6.766,6.766,6.761,6.766,11386.0,CPG
2023-06-05 14:17:00,6.766,6.766,6.761,6.761,857.0,CPG
2023-06-05 14:16:00,6.761,6.766,6.761,6.761,615.0,CPG
2023-06-05 14:15:00,6.766,6.766,6.761,6.761,3300.0,CPG
2023-06-05 14:14:00,6.756,6.761,6.756,6.761,1500.0,CPG
2023-06-05 14:13:00,6.761,6.761,6.756,6.756,269.0,CPG
2023-06-05 14:11:00,6.761,6.761,6.756,6.756,825.0,CPG
2023-06-05 14:10:00,6.761,6.766,6.761,6.761,1446.0,CPG
2023-06-05 14:09:00,6.761,6.761,6.761,6.761,128.0,CPG
2023-06-05 14:08:00,6.756,6.761,6.756,6.761,2436.0,CPG
2023-06-05 14:07:00,6.756,6.761,6.756,6.756,2217.0,CPG
2023-06-05 14:06:00,6.756,6.757,6.751,6.757,81063.0,CPG
2023-06-05 14:05:00,6.761,6.761,6.756,6.756,607.0,CPG
2023-06-05 14:04:00,6.756,6.761,6.756,6.761,802.0,CPG
2023-06-05 14:03:00,6.756,6.761,6.756,6.761,902.0,CPG
2023-06-05 14:02:00,6.756,6.756,6.756,6.756,2500.0,CPG
2023-06-05 14:01:00,6.766,6.766,6.761,6.761,225.0,CPG
2023-06-05 14:00:00,6.765,6.766,6.761,6.766,844.0,CPG
2023-06-05 13:59:00,6.766,6.766,6.761,6.765,964.0,CPG
2023-06-05 13:58:00,6.766,6.766,6.766,6.766,200.0,CPG
2023-06-05 13:57:00,6.763,6.766,6.761,6.761,2398.0,CPG
2023-06-05 13:56:00,6.766,6.766,6.761,6.766,14598.0,CPG
2023-06-05 13:55:00,6.766,6.766,6.761,6.761,1622.0,CPG
2023-06-05 13:54:00,6.755,6.766,6.755,6.761,26691.0,CPG
2023-06-05 13:53:00,6.751,6.756,6.751,6.756,2570.0,CPG
2023-06-05 13:52:00,6.761,6.761,6.751,6.751,8731.0,CPG
2023-06-05 13:51:00,6.756,6.756,6.756,6.756,779.0,CPG
2023-06-05 13:50:00,6.761,6.761,6.756,6.761,637.0,CPG
2023-06-05 13:49:00,6.763,6.763,6.761,6.761,588.0,CPG
2023-06-05 13:48:00,6.766,6.766,6.756,6.756,4409.0,CPG
2023-06-05 13:47:00,6.751,6.761,6.751,6.761,19856.0,CPG
2023-06-05 13:46:00,6.756,6.756,6.751,6.751,800.0,CPG
2023-06-05 13:45:00,6.75,6.756,6.75,6.751,1218.0,CPG
2023-06-05 13:44:00,6.751,6.751,6.751,6.751,175.0,CPG
2023-06-05 13:43:00,6.756,6.756,6.751,6.751,201.0,CPG
2023-06-05 13:42:00,6.751,6.751,6.746,6.751,1026.0,CPG
2023-06-05 13:41:00,6.756,6.756,6.751,6.751,15269.0,CPG
2023-06-05 13:40:00,6.761,6.761,6.756,6.756,526.0,CPG
2023-06-05 13:39:00,6.756,6.761,6.756,6.761,880.0,CPG
2023-06-05 13:38:00,6.756,6.756,6.756,6.756,837.0,CPG
2023-06-05 13:37:00,6.756,6.761,6.756,6.756,2718.0,CPG
2023-06-05 13:36:00,6.756,6.766,6.756,6.757,15278.0,CPG
2023-06-05 13:35:00,6.761,6.761,6.756,6.756,1600.0,CPG
2023-06-05 13:34:00,6.757,6.764,6.757,6.761,6571.0,CPG
2023-06-05 13:32:00,6.761,6.761,6.756,6.761,2875.0,CPG
2023-06-05 13:31:00,6.761,6.761,6.756,6.761,2046.0,CPG
2023-06-05 13:30:00,6.761,6.761,6.756,6.761,1690.0,CPG
2023-06-05 13:29:00,6.761,6.766,6.761,6.766,6848.0,CPG
2023-06-05 13:28:00,6.766,6.771,6.757,6.757,11912.0,CPG
2023-06-05 13:26:00,6.771,6.776,6.771,6.771,1087.0,CPG
2023-06-05 13:25:00,6.771,6.771,6.766,6.766,1300.0,CPG
2023-06-05 13:24:00,6.776,6.776,6.771,6.771,1103.0,CPG
2023-06-05 13:23:00,6.781,6.786,6.771,6.771,10785.0,CPG
2023-06-05 13:22:00,6.776,6.776,6.776,6.776,140.0,CPG
2023-06-05 13:21:00,6.786,6.786,6.779,6.786,925.0,CPG
2023-06-05 13:20:00,6.776,6.781,6.776,6.781,14522.0,CPG
2023-06-05 13:19:00,6.771,6.776,6.771,6.774,2678.0,CPG
2023-06-05 13:18:00,6.776,6.776,6.771,6.776,4761.0,CPG
2023-06-05 13:17:00,6.766,6.771,6.766,6.771,324.0,CPG
2023-06-05 13:16:00,6.771,6.771,6.766,6.771,1439.0,CPG
2023-06-05 13:15:00,6.771,6.776,6.766,6.771,1643.0,CPG
2023-06-05 13:14:00,6.771,6.771,6.771,6.771,200.0,CPG
2023-06-05 13:13:00,6.771,6.776,6.771,6.776,1900.0,CPG
2023-06-05 13:12:00,6.771,6.776,6.766,6.771,2810.0,CPG
2023-06-05 13:11:00,6.776,6.781,6.776,6.776,8444.0,CPG
2023-06-05 13:10:00,6.771,6.776,6.771,6.776,2898.0,CPG
2023-06-05 13:09:00,6.776,6.776,6.771,6.776,9603.0,CPG
2023-06-05 13:08:00,6.771,6.786,6.771,6.786,6400.0,CPG
2023-06-05 13:07:00,6.776,6.776,6.771,6.771,1998.0,CPG
2023-06-05 13:06:00,6.771,6.771,6.771,6.771,227.0,CPG
2023-06-05 13:05:00,6.771,6.771,6.766,6.766,1300.0,CPG
2023-06-05 13:04:00,6.776,6.776,6.771,6.776,1662.0,CPG
2023-06-05 13:03:00,6.776,6.776,6.771,6.771,285.0,CPG
2023-06-05 13:02:00,6.776,6.781,6.771,6.771,5455.0,CPG
2023-06-05 13:00:00,6.786,6.786,6.776,6.786,900.0,CPG
2023-06-05 12:59:00,6.781,6.786,6.781,6.786,820.0,CPG
2023-06-05 12:58:00,6.766,6.786,6.766,6.781,51850.0,CPG
2023-06-05 12:57:00,6.766,6.766,6.766,6.766,322.0,CPG
2023-06-05 12:56:00,6.776,6.776,6.766,6.766,25404.0,CPG
2023-06-05 12:55:00,6.771,6.776,6.771,6.776,224.0,CPG
2023-06-05 12:54:00,6.776,6.776,6.766,6.766,810.0,CPG
2023-06-05 12:53:00,6.766,6.771,6.766,6.766,1450.0,CPG
2023-06-05 12:52:00,6.769,6.776,6.766,6.776,415.0,CPG
2023-06-05 12:51:00,6.771,6.771,6.771,6.771,1656.0,CPG
2023-06-05 12:50:00,6.766,6.766,6.766,6.766,501.0,CPG
2023-06-05 12:49:00,6.766,6.776,6.766,6.776,1998.0,CPG
2023-06-05 12:48:00,6.766,6.771,6.766,6.771,5805.0,CPG
2023-06-05 12:47:00,6.766,6.766,6.761,6.766,1462.0,CPG
2023-06-05 12:46:00,6.761,6.766,6.761,6.761,1427.0,CPG
2023-06-05 12:45:00,6.766,6.766,6.763,6.766,2180.0,CPG
2023-06-05 12:44:00,6.761,6.761,6.761,6.761,701.0,CPG
2023-06-05 12:43:00,6.761,6.766,6.761,6.766,1400.0,CPG
2023-06-05 12:42:00,6.766,6.766,6.766,6.766,150.0,CPG
2023-06-05 12:41:00,6.761,6.761,6.761,6.761,840.0,CPG
2023-06-05 12:40:00,6.761,6.766,6.761,6.766,427.0,CPG
2023-06-05 12:39:00,6.766,6.766,6.756,6.756,4500.0,CPG
2023-06-05 12:38:00,6.756,6.766,6.756,6.761,5160.0,CPG
2023-06-05 12:37:00,6.761,6.761,6.761,6.761,100.0,CPG
2023-06-05 12:36:00,6.766,6.766,6.76,6.76,2184.0,CPG
2023-06-05 12:35:00,6.766,6.766,6.761,6.766,933.0,CPG
2023-06-05 12:34:00,6.761,6.766,6.761,6.761,1708.0,CPG
2023-06-05 12:33:00,6.766,6.766,6.761,6.761,203.0,CPG
2023-06-05 12:32:00,6.766,6.766,6.761,6.761,800.0,CPG
2023-06-05 12:31:00,6.761,6.766,6.761,6.766,501.0,CPG
2023-06-05 12:30:00,6.772,6.772,6.766,6.766,18863.0,CPG
2023-06-05 12:29:00,6.766,6.771,6.766,6.771,4060.0,CPG
2023-06-05 12:28:00,6.766,6.766,6.756,6.766,9648.0,CPG
2023-06-05 12:27:00,6.766,6.766,6.761,6.761,1910.0,CPG
2023-06-05 12:26:00,6.761,6.761,6.761,6.761,450.0,CPG
2023-06-05 12:25:00,6.756,6.761,6.756,6.756,1021.0,CPG
2023-06-05 12:24:00,6.761,6.766,6.761,6.766,501.0,CPG
2023-06-05 12:23:00,6.761,6.766,6.761,6.766,701.0,CPG
2023-06-05 12:22:00,6.756,6.761,6.756,6.756,1300.0,CPG
2023-06-05 12:21:00,6.761,6.766,6.761,6.761,434.0,CPG
2023-06-05 12:20:00,6.766,6.766,6.761,6.761,513.0,CPG
2023-06-05 12:19:00,6.776,6.776,6.761,6.761,6271.0,CPG
2023-06-05 12:18:00,6.771,6.771,6.766,6.771,801.0,CPG
2023-06-05 12:17:00,6.775,6.775,6.775,6.775,2385.0,CPG
2023-06-05 12:16:00,6.766,6.766,6.766,6.766,4168.0,CPG
2023-06-05 12:15:00,6.761,6.766,6.761,6.761,4892.0,CPG
2023-06-05 12:14:00,6.756,6.756,6.756,6.756,220.0,CPG
2023-06-05 12:13:00,6.761,6.761,6.761,6.761,370.0,CPG
2023-06-05 12:12:00,6.756,6.756,6.751,6.756,10630.0,CPG
2023-06-05 12:11:00,6.751,6.751,6.751,6.751,124.0,CPG
2023-06-05 12:10:00,6.761,6.761,6.751,6.756,11796.0,CPG
2023-06-05 12:09:00,6.756,6.761,6.756,6.756,1144.0,CPG
2023-06-05 12:08:00,6.756,6.761,6.756,6.761,480.0,CPG
2023-06-05 12:07:00,6.761,6.766,6.761,6.761,28175.0,CPG
2023-06-05 12:06:00,6.756,6.766,6.756,6.756,12705.0,CPG
2023-06-05 12:05:00,6.751,6.756,6.751,6.756,7605.0,CPG
2023-06-05 12:04:00,6.751,6.756,6.751,6.756,1500.0,CPG
2023-06-05 12:03:00,6.756,6.756,6.756,6.756,4590.0,CPG
2023-06-05 12:02:00,6.756,6.766,6.751,6.756,7676.0,CPG
2023-06-05 12:01:00,6.756,6.756,6.751,6.751,2508.0,CPG
2023-06-05 12:00:00,6.756,6.766,6.756,6.756,6644.0,CPG
2023-06-05 11:59:00,6.755,6.761,6.751,6.761,11792.0,CPG
2023-06-05 11:58:00,6.756,6.756,6.751,6.756,7414.0,CPG
2023-06-05 11:57:00,6.766,6.766,6.761,6.761,402.0,CPG
2023-06-05 11:56:00,6.756,6.761,6.756,6.761,1430.0,CPG
2023-06-05 11:55:00,6.756,6.766,6.756,6.756,17409.0,CPG
2023-06-05 11:54:00,6.751,6.756,6.751,6.751,1406.0,CPG
2023-06-05 11:53:00,6.751,6.751,6.751,6.751,607.0,CPG
2023-06-05 11:52:00,6.746,6.751,6.746,6.751,1589.0,CPG
2023-06-05 11:51:00,6.751,6.751,6.746,6.751,3400.0,CPG
2023-06-05 11:50:00,6.756,6.756,6.751,6.751,2343.0,CPG
2023-06-05 11:49:00,6.746,6.746,6.746,6.746,400.0,CPG
2023-06-05 11:48:00,6.751,6.751,6.751,6.751,306.0,CPG
2023-06-05 11:47:00,6.747,6.756,6.746,6.751,6013.0,CPG
2023-06-05 11:46:00,6.746,6.746,6.746,6.746,700.0,CPG
2023-06-05 11:45:00,6.756,6.756,6.751,6.756,1501.0,CPG
2023-06-05 11:44:00,6.753,6.753,6.752,6.752,223.0,CPG
2023-06-05 11:43:00,6.746,6.751,6.746,6.751,817.0,CPG
2023-06-05 11:42:00,6.746,6.746,6.746,6.746,402.0,CPG
2023-06-05 11:41:00,6.746,6.751,6.746,6.746,4364.0,CPG
2023-06-05 11:40:00,6.741,6.746,6.741,6.746,2710.0,CPG
2023-06-05 11:39:00,6.736,6.736,6.736,6.736,800.0,CPG
2023-06-05 11:38:00,6.736,6.741,6.731,6.741,4650.0,CPG
2023-06-05 11:37:00,6.731,6.741,6.731,6.736,10389.0,CPG
2023-06-05 11:36:00,6.736,6.736,6.731,6.731,869.0,CPG
2023-06-05 11:35:00,6.736,6.741,6.731,6.731,6289.0,CPG
2023-06-05 11:34:00,6.746,6.746,6.736,6.741,7189.0,CPG
2023-06-05 11:33:00,6.746,6.746,6.746,6.746,350.0,CPG
2023-06-05 11:32:00,6.751,6.751,6.751,6.751,300.0,CPG
2023-06-05 11:31:00,6.746,6.751,6.746,6.751,900.0,CPG
2023-06-05 11:30:00,6.746,6.751,6.746,6.746,1223.0,CPG
2023-06-05 11:29:00,6.756,6.756,6.749,6.749,2200.0,CPG
2023-06-05 11:28:00,6.751,6.756,6.751,6.756,1305.0,CPG
2023-06-05 11:27:00,6.746,6.746,6.746,6.746,2141.0,CPG
2023-06-05 11:26:00,6.746,6.756,6.736,6.756,8870.0,CPG
2023-06-05 11:25:00,6.736,6.736,6.736,6.736,12834.0,CPG
2023-06-05 11:24:00,6.736,6.746,6.736,6.741,2687.0,CPG
2023-06-05 11:23:00,6.738,6.738,6.731,6.736,11647.0,CPG
2023-06-05 11:22:00,6.731,6.745,6.731,6.744,6232.0,CPG
2023-06-05 11:21:00,6.736,6.736,6.731,6.731,7800.0,CPG
2023-06-05 11:20:00,6.736,6.736,6.736,6.736,760.0,CPG
2023-06-05 11:19:00,6.731,6.741,6.731,6.736,7068.0,CPG
2023-06-05 11:18:00,6.736,6.736,6.731,6.736,7596.0,CPG
2023-06-05 11:17:00,6.741,6.741,6.736,6.741,2888.0,CPG
2023-06-05 11:16:00,6.746,6.746,6.741,6.746,6806.0,CPG
2023-06-05 11:15:00,6.741,6.746,6.741,6.746,8590.0,CPG
2023-06-05 11:14:00,6.746,6.746,6.746,6.746,461.0,CPG
2023-06-05 11:13:00,6.736,6.746,6.736,6.741,1368.0,CPG
2023-06-05 11:12:00,6.736,6.736,6.736,6.736,800.0,CPG
2023-06-05 11:11:00,6.746,6.746,6.741,6.741,904.0,CPG
2023-06-05 11:10:00,6.741,6.746,6.741,6.746,10360.0,CPG
2023-06-05 11:09:00,6.736,6.746,6.736,6.746,9943.0,CPG
2023-06-05 11:08:00,6.736,6.736,6.731,6.731,2102.0,CPG
2023-06-05 11:07:00,6.746,6.746,6.744,6.744,703.0,CPG
2023-06-05 11:06:00,6.746,6.746,6.746,6.746,6607.0,CPG
2023-06-05 11:05:00,6.746,6.746,6.746,6.746,400.0,CPG
2023-06-05 11:04:00,6.746,6.746,6.741,6.746,3293.0,CPG
2023-06-05 11:03:00,6.751,6.766,6.751,6.756,23658.0,CPG
2023-06-05 11:02:00,6.746,6.756,6.746,6.756,1984.0,CPG
2023-06-05 11:01:00,6.746,6.756,6.741,6.756,4783.0,CPG
2023-06-05 11:00:00,6.741,6.746,6.741,6.741,1704.0,CPG
2023-06-05 10:59:00,6.736,6.746,6.736,6.746,16080.0,CPG
2023-06-05 10:58:00,6.746,6.746,6.731,6.736,48932.0,CPG
2023-06-05 10:57:00,6.736,6.736,6.736,6.736,590.0,CPG
2023-06-05 10:56:00,6.746,6.746,6.736,6.736,4350.0,CPG
2023-06-05 10:55:00,6.751,6.751,6.746,6.746,6730.0,CPG
2023-06-05 10:54:00,6.744,6.756,6.741,6.746,5270.0,CPG
2023-06-05 10:53:00,6.741,6.746,6.736,6.741,1950.0,CPG
2023-06-05 10:52:00,6.756,6.756,6.746,6.746,12826.0,CPG
2023-06-05 10:51:00,6.751,6.756,6.746,6.751,3877.0,CPG
2023-06-05 10:50:00,6.746,6.756,6.746,6.751,5216.0,CPG
2023-06-05 10:49:00,6.746,6.746,6.741,6.741,827.0,CPG
2023-06-05 10:48:00,6.736,6.736,6.736,6.736,14674.0,CPG
2023-06-05 10:47:00,6.726,6.731,6.721,6.726,23033.0,CPG
2023-06-05 10:46:00,6.726,6.729,6.721,6.726,30497.0,CPG
2023-06-05 10:45:00,6.731,6.746,6.726,6.731,135851.0,CPG
2023-06-05 10:44:00,6.736,6.736,6.731,6.731,6185.0,CPG
2023-06-05 10:43:00,6.731,6.736,6.721,6.736,37245.0,CPG
2023-06-05 10:42:00,6.726,6.736,6.726,6.726,20343.0,CPG
2023-06-05 10:41:00,6.722,6.726,6.721,6.726,5035.0,CPG
2023-06-05 10:40:00,6.726,6.726,6.726,6.726,13054.0,CPG
2023-06-05 10:39:00,6.736,6.736,6.726,6.731,11078.0,CPG
2023-06-05 10:38:00,6.726,6.736,6.726,6.736,11118.0,CPG
2023-06-05 10:37:00,6.717,6.726,6.716,6.726,2608.0,CPG
2023-06-05 10:36:00,6.707,6.707,6.702,6.707,11751.0,CPG
2023-06-05 10:35:00,6.707,6.722,6.707,6.716,15285.0,CPG
2023-06-05 10:34:00,6.717,6.717,6.712,6.712,6662.0,CPG
2023-06-05 10:33:00,6.722,6.736,6.721,6.726,18784.0,CPG
2023-06-05 10:32:00,6.722,6.728,6.721,6.726,5589.0,CPG
2023-06-05 10:31:00,6.726,6.726,6.721,6.721,25484.0,CPG
2023-06-05 10:30:00,6.726,6.736,6.721,6.736,11403.0,CPG
2023-06-05 10:29:00,6.736,6.736,6.726,6.726,400.0,CPG
2023-06-05 10:28:00,6.726,6.736,6.726,6.736,28127.0,CPG
2023-06-05 10:27:00,6.726,6.727,6.721,6.726,15562.0,CPG
2023-06-05 10:26:00,6.725,6.726,6.712,6.726,9767.0,CPG
2023-06-05 10:25:00,6.726,6.726,6.716,6.716,10662.0,CPG
2023-06-05 10:24:00,6.717,6.722,6.712,6.721,13707.0,CPG
2023-06-05 10:23:00,6.707,6.717,6.707,6.716,9535.0,CPG
2023-06-05 10:22:00,6.697,6.707,6.694,6.707,24339.0,CPG
2023-06-05 10:21:00,6.692,6.707,6.692,6.707,5869.0,CPG
2023-06-05 10:20:00,6.692,6.697,6.687,6.687,7964.0,CPG
2023-06-05 10:19:00,6.717,6.717,6.692,6.692,14697.0,CPG
2023-06-05 10:18:00,6.717,6.722,6.697,6.716,30768.0,CPG
2023-06-05 10:17:00,6.717,6.726,6.712,6.72,18973.0,CPG
2023-06-05 10:16:00,6.717,6.726,6.716,6.716,13924.0,CPG
2023-06-05 10:15:00,6.736,6.736,6.716,6.716,982.0,CPG
2023-06-05 10:14:00,6.726,6.727,6.707,6.726,16269.0,CPG
2023-06-05 10:13:00,6.726,6.726,6.721,6.726,18112.0,CPG
2023-06-05 10:12:00,6.736,6.736,6.721,6.726,16221.0,CPG
2023-06-05 10:11:00,6.731,6.736,6.726,6.726,52507.0,CPG
2023-06-05 10:10:00,6.726,6.736,6.721,6.731,35076.0,CPG
2023-06-05 10:09:00,6.722,6.722,6.716,6.716,16553.0,CPG
2023-06-05 10:08:00,6.726,6.726,6.721,6.724,14198.0,CPG
2023-06-05 10:07:00,6.722,6.722,6.712,6.716,14167.0,CPG
2023-06-05 10:06:00,6.737,6.737,6.726,6.726,17409.0,CPG
2023-06-05 10:05:00,6.746,6.756,6.741,6.746,31113.0,CPG
2023-06-05 10:04:00,6.746,6.747,6.739,6.739,11815.0,CPG
2023-06-05 10:03:00,6.751,6.756,6.746,6.756,15882.0,CPG
2023-06-05 10:02:00,6.736,6.746,6.736,6.746,14503.0,CPG
2023-06-05 10:01:00,6.746,6.756,6.746,6.746,4253.0,CPG
2023-06-05 10:00:00,6.736,6.746,6.731,6.746,5963.0,CPG
2023-06-05 09:59:00,6.726,6.736,6.721,6.731,14173.0,CPG
2023-06-05 09:58:00,6.726,6.726,6.716,6.717,6160.0,CPG
2023-06-05 09:57:00,6.726,6.726,6.716,6.716,3472.0,CPG
2023-06-05 09:56:00,6.722,6.736,6.707,6.726,64347.0,CPG
2023-06-05 09:55:00,6.722,6.722,6.721,6.721,113.0,CPG
2023-06-05 09:54:00,6.717,6.717,6.716,6.716,400.0,CPG
2023-06-05 09:52:00,6.717,6.722,6.716,6.717,3926.0,CPG
2023-06-05 09:51:00,6.717,6.726,6.716,6.716,777.0,CPG
2023-06-05 09:50:00,6.717,6.726,6.716,6.721,1729.0,CPG
2023-06-05 09:49:00,6.726,6.726,6.721,6.726,7038.0,CPG
2023-06-05 09:48:00,6.731,6.731,6.721,6.726,22976.0,CPG
2023-06-05 09:47:00,6.726,6.726,6.721,6.721,2627.0,CPG
2023-06-05 09:46:00,6.726,6.726,6.721,6.721,975.0,CPG
2023-06-05 09:45:00,6.726,6.736,6.726,6.726,8708.0,CPG
2023-06-05 09:44:00,6.726,6.736,6.716,6.726,9048.0,CPG
2023-06-05 09:43:00,6.726,6.746,6.726,6.736,4609.0,CPG
2023-06-05 09:42:00,6.736,6.756,6.726,6.746,4889.0,CPG
2023-06-05 09:41:00,6.745,6.746,6.736,6.746,1707.0,CPG
2023-06-05 09:40:00,6.756,6.761,6.736,6.736,25256.0,CPG
2023-06-05 09:39:00,6.756,6.756,6.751,6.756,34546.0,CPG
2023-06-05 09:38:00,6.746,6.761,6.746,6.755,5681.0,CPG
2023-06-05 09:37:00,6.746,6.761,6.746,6.746,17737.0,CPG
2023-06-05 09:36:00,6.756,6.766,6.756,6.756,6689.0,CPG
2023-06-05 09:35:00,6.766,6.771,6.756,6.766,5162.0,CPG
2023-06-05 09:34:00,6.776,6.776,6.766,6.766,11616.0,CPG
2023-06-05 09:33:00,6.776,6.794,6.776,6.785,29697.0,CPG
2023-06-05 09:32:00,6.786,6.796,6.776,6.786,39370.0,CPG
2023-06-05 09:31:00,6.786,6.806,6.781,6.786,56260.0,CPG
2023-06-05 09:30:00,6.766,6.815,6.766,6.795,20018.0,CPG
2023-06-05 09:29:00,6.776,6.796,6.776,6.796,39714.0,CPG
2023-06-05 09:25:00,6.776,6.776,6.776,6.776,500.0,CPG
2023-06-05 09:23:00,6.776,6.776,6.766,6.766,4487.0,CPG
2023-06-05 09:20:00,6.786,6.786,6.786,6.786,100.0,CPG
2023-06-05 09:19:00,6.786,6.786,6.786,6.786,41.0,CPG
2023-06-05 09:17:00,6.786,6.786,6.786,6.786,110.0,CPG
2023-06-05 09:13:00,6.786,6.786,6.786,6.786,200.0,CPG
2023-06-05 09:12:00,6.786,6.786,6.786,6.786,977.0,CPG
2023-06-05 09:09:00,6.796,6.796,6.796,6.796,1.0,CPG
2023-06-05 09:07:00,6.796,6.796,6.796,6.796,50.0,CPG
2023-06-05 09:06:00,6.786,6.795,6.786,6.795,101.0,CPG
2023-06-05 09:05:00,6.795,6.795,6.795,6.795,1.0,CPG
2023-06-05 08:54:00,6.786,6.796,6.786,6.786,300.0,CPG
2023-06-05 08:46:00,6.786,6.786,6.786,6.786,15.0,CPG
2023-06-05 08:44:00,6.825,6.825,6.786,6.786,1016.0,CPG
2023-06-05 08:42:00,6.786,6.786,6.786,6.786,294.0,CPG
2023-06-05 08:39:00,6.786,6.786,6.786,6.786,206.0,CPG
2023-06-05 08:38:00,6.786,6.786,6.786,6.786,150.0,CPG
2023-06-05 08:33:00,6.786,6.796,6.786,6.796,101.0,CPG
2023-06-05 08:30:00,6.796,6.796,6.796,6.796,1948.0,CPG
2023-06-05 08:27:00,6.806,6.806,6.805,6.805,890.0,CPG
2023-06-05 08:14:00,6.825,6.825,6.825,6.825,10.0,CPG
2023-06-05 08:06:00,6.776,6.786,6.776,6.786,1744.0,CPG
2023-06-05 08:03:00,6.756,6.786,6.756,6.786,3040.0,CPG
2023-06-05 08:01:00,6.786,6.786,6.776,6.776,123.0,CPG
2023-06-05 08:00:00,6.756,6.786,6.756,6.776,227.0,CPG
2023-06-05 07:44:00,6.776,6.776,6.776,6.776,26.0,CPG
2023-06-05 07:43:00,6.776,6.776,6.776,6.776,816.0,CPG
2023-06-05 07:40:00,6.766,6.766,6.766,6.766,1006.0,CPG
2023-06-05 07:29:00,6.746,6.746,6.746,6.746,129.0,CPG
2023-06-05 07:25:00,6.746,6.746,6.746,6.746,7.0,CPG
2023-06-05 07:20:00,6.746,6.746,6.746,6.746,100.0,CPG
2023-06-05 07:17:00,6.736,6.736,6.736,6.736,100.0,CPG
2023-06-05 07:15:00,6.746,6.746,6.746,6.746,50.0,CPG
2023-06-05 07:00:00,6.736,6.746,6.707,6.726,931.0,CPG
2023-06-05 06:56:00,6.766,6.766,6.766,6.766,100.0,CPG
2023-06-05 06:54:00,6.766,6.766,6.766,6.766,100.0,CPG
2023-06-05 06:52:00,6.766,6.766,6.766,6.766,3.0,CPG
2023-06-05 06:51:00,6.766,6.766,6.766,6.766,3.0,CPG
2023-06-05 06:30:00,6.815,6.815,6.815,6.815,19.0,CPG
2023-06-05 06:29:00,6.815,6.815,6.815,6.815,2.0,CPG
2023-06-05 06:13:00,6.806,6.806,6.796,6.796,103.0,CPG
2023-06-05 04:08:00,6.875,6.875,6.875,6.875,1.0,CPG
2023-06-05 04:00:00,6.677,6.677,6.677,6.677,1.0,CPG
2023-06-02 19:58:00,6.637,6.637,6.637,6.637,200.0,CPG
2023-06-02 19:57:00,6.637,6.637,6.637,6.637,50.0,CPG
2023-06-02 19:54:00,6.529,6.529,6.529,6.529,11.0,CPG
2023-06-02 19:32:00,6.637,6.637,6.637,6.637,30.0,CPG
2023-06-02 19:26:00,6.637,6.637,6.637,6.637,27.0,CPG
2023-06-02 19:00:00,6.647,6.647,6.647,6.647,85107.0,CPG
2023-06-02 18:55:00,6.647,6.647,6.647,6.647,4.0,CPG
2023-06-02 18:31:00,6.647,6.647,6.647,6.647,50.0,CPG
2023-06-02 18:30:00,6.647,6.647,6.647,6.647,85107.0,CPG
2023-06-02 18:25:00,6.519,6.519,6.519,6.519,77.0,CPG
2023-06-02 18:14:00,6.647,6.647,6.647,6.647,50.0,CPG
2023-06-02 18:04:00,6.637,6.647,6.637,6.647,2.0,CPG
2023-06-02 17:37:00,6.637,6.637,6.637,6.637,2.0,CPG
2023-06-02 17:33:00,6.637,6.637,6.637,6.637,1399.0,CPG
2023-06-02 17:30:00,6.637,6.637,6.637,6.637,122.0,CPG
2023-06-02 17:16:00,6.639,6.639,6.639,6.639,122.0,CPG
2023-06-02 17:02:00,6.647,6.647,6.647,6.647,1.0,CPG
2023-06-02 17:00:00,6.637,6.637,6.637,6.637,1.0,CPG
2023-06-02 16:47:00,6.646,6.646,6.646,6.646,1.0,CPG
2023-06-02 16:18:00,6.647,6.647,6.647,6.647,10.0,CPG
2023-06-02 16:10:00,6.647,6.647,6.647,6.647,85107.0,CPG
2023-06-02 16:06:00,6.647,6.647,6.647,6.647,100.0,CPG
2023-06-02 16:03:00,6.657,6.657,6.657,6.657,2.0,CPG
2023-06-02 16:01:00,6.647,6.647,6.647,6.647,455.0,CPG
2023-06-02 16:00:00,6.642,6.647,6.637,6.647,186816.0,CPG
2023-06-02 15:59:00,6.647,6.655,6.637,6.637,57611.0,CPG
2023-06-02 15:58:00,6.652,6.657,6.647,6.652,15870.0,CPG
2023-06-02 15:57:00,6.657,6.657,6.647,6.652,10797.0,CPG
2023-06-02 15:56:00,6.652,6.657,6.652,6.657,11480.0,CPG
2023-06-02 15:55:00,6.652,6.657,6.647,6.652,3596.0,CPG
2023-06-02 15:54:00,6.647,6.657,6.647,6.652,26152.0,CPG
2023-06-02 15:53:00,6.652,6.652,6.647,6.652,6038.0,CPG
2023-06-02 15:52:00,6.647,6.655,6.647,6.647,4244.0,CPG
2023-06-02 15:51:00,6.652,6.652,6.647,6.652,2326.0,CPG
2023-06-02 15:50:00,6.657,6.657,6.647,6.647,5258.0,CPG
2023-06-02 15:49:00,6.652,6.652,6.647,6.647,17642.0,CPG
2023-06-02 15:48:00,6.652,6.657,6.652,6.652,5096.0,CPG
2023-06-02 15:47:00,6.647,6.652,6.647,6.652,957.0,CPG
2023-06-02 15:46:00,6.652,6.655,6.651,6.652,7463.0,CPG
2023-06-02 15:45:00,6.662,6.662,6.652,6.652,25510.0,CPG
2023-06-02 15:44:00,6.667,6.667,6.657,6.658,8474.0,CPG
2023-06-02 15:43:00,6.667,6.667,6.657,6.657,1594.0,CPG
2023-06-02 15:42:00,6.667,6.667,6.662,6.667,1227.0,CPG
2023-06-02 15:41:00,6.667,6.667,6.657,6.667,2637.0,CPG
2023-06-02 15:40:00,6.667,6.667,6.662,6.667,3186.0,CPG
2023-06-02 15:39:00,6.662,6.667,6.662,6.667,572.0,CPG
2023-06-02 15:38:00,6.662,6.667,6.662,6.662,3385.0,CPG
2023-06-02 15:37:00,6.662,6.662,6.662,6.662,405.0,CPG
2023-06-02 15:36:00,6.652,6.667,6.652,6.662,27819.0,CPG
2023-06-02 15:35:00,6.657,6.657,6.647,6.652,45650.0,CPG
2023-06-02 15:34:00,6.657,6.662,6.657,6.657,9071.0,CPG
2023-06-02 15:33:00,6.665,6.667,6.662,6.667,4508.0,CPG
2023-06-02 15:32:00,6.662,6.666,6.657,6.662,6056.0,CPG
2023-06-02 15:31:00,6.662,6.662,6.662,6.662,100.0,CPG
2023-06-02 15:30:00,6.667,6.667,6.667,6.667,600.0,CPG
2023-06-02 15:29:00,6.657,6.662,6.657,6.662,414.0,CPG
2023-06-02 15:28:00,6.662,6.667,6.662,6.667,1580.0,CPG
2023-06-02 15:27:00,6.662,6.662,6.662,6.662,3550.0,CPG
2023-06-02 15:26:00,6.662,6.662,6.662,6.662,1135.0,CPG
2023-06-02 15:25:00,6.662,6.667,6.662,6.662,1505.0,CPG
2023-06-02 15:24:00,6.672,6.672,6.662,6.662,37000.0,CPG
2023-06-02 15:23:00,6.672,6.672,6.667,6.668,2304.0,CPG
2023-06-02 15:22:00,6.677,6.677,6.667,6.672,1910.0,CPG
2023-06-02 15:21:00,6.667,6.677,6.667,6.672,4566.0,CPG
2023-06-02 15:20:00,6.672,6.672,6.667,6.667,4373.0,CPG
2023-06-02 15:19:00,6.667,6.677,6.667,6.672,7639.0,CPG
2023-06-02 15:18:00,6.672,6.677,6.672,6.672,3075.0,CPG
2023-06-02 15:17:00,6.672,6.677,6.672,6.672,1300.0,CPG
2023-06-02 15:16:00,6.672,6.677,6.672,6.672,1907.0,CPG
2023-06-02 15:15:00,6.662,6.677,6.662,6.677,15939.0,CPG
2023-06-02 15:14:00,6.662,6.664,6.662,6.664,1988.0,CPG
2023-06-02 15:13:00,6.662,6.662,6.657,6.657,986.0,CPG
2023-06-02 15:12:00,6.657,6.667,6.657,6.657,8559.0,CPG
2023-06-02 15:11:00,6.657,6.657,6.656,6.656,1290.0,CPG
2023-06-02 15:10:00,6.657,6.657,6.647,6.657,3238.0,CPG
2023-06-02 15:09:00,6.657,6.657,6.647,6.647,1259.0,CPG
2023-06-02 15:08:00,6.657,6.657,6.657,6.657,1622.0,CPG
2023-06-02 15:07:00,6.657,6.657,6.657,6.657,401.0,CPG
2023-06-02 15:06:00,6.647,6.657,6.647,6.657,15801.0,CPG
2023-06-02 15:05:00,6.644,6.647,6.642,6.642,6707.0,CPG
2023-06-02 15:04:00,6.641,6.642,6.637,6.642,717.0,CPG
2023-06-02 15:03:00,6.642,6.642,6.642,6.642,838.0,CPG
2023-06-02 15:02:00,6.642,6.642,6.637,6.637,1884.0,CPG
2023-06-02 15:01:00,6.642,6.642,6.637,6.637,1825.0,CPG
2023-06-02 15:00:00,6.647,6.647,6.637,6.647,975.0,CPG
2023-06-02 14:59:00,6.637,6.642,6.637,6.637,3346.0,CPG
2023-06-02 14:58:00,6.642,6.642,6.637,6.637,825.0,CPG
2023-06-02 14:57:00,6.637,6.642,6.637,6.637,12004.0,CPG
2023-06-02 14:56:00,6.632,6.637,6.632,6.633,1317.0,CPG
2023-06-02 14:55:00,6.628,6.637,6.627,6.632,3009.0,CPG
2023-06-02 14:54:00,6.632,6.632,6.632,6.632,336.0,CPG
2023-06-02 14:53:00,6.632,6.637,6.632,6.632,4205.0,CPG
2023-06-02 14:52:00,6.632,6.632,6.632,6.632,1061.0,CPG
2023-06-02 14:51:00,6.632,6.632,6.632,6.632,100.0,CPG
2023-06-02 14:50:00,6.632,6.637,6.632,6.637,1253.0,CPG
2023-06-02 14:49:00,6.642,6.642,6.627,6.632,23894.0,CPG
2023-06-02 14:48:00,6.642,6.642,6.642,6.642,2901.0,CPG
2023-06-02 14:47:00,6.642,6.642,6.64,6.642,3512.0,CPG
2023-06-02 14:46:00,6.642,6.642,6.642,6.642,1103.0,CPG
2023-06-02 14:45:00,6.642,6.642,6.637,6.642,537.0,CPG
2023-06-02 14:43:00,6.637,6.643,6.637,6.643,1601.0,CPG
2023-06-02 14:42:00,6.642,6.647,6.627,6.647,35150.0,CPG
2023-06-02 14:41:00,6.637,6.647,6.637,6.647,2093.0,CPG
2023-06-02 14:40:00,6.647,6.647,6.642,6.642,797.0,CPG
2023-06-02 14:39:00,6.642,6.647,6.64,6.642,4107.0,CPG
2023-06-02 14:38:00,6.637,6.647,6.637,6.642,900.0,CPG
2023-06-02 14:37:00,6.637,6.642,6.637,6.637,22432.0,CPG
2023-06-02 14:36:00,6.632,6.637,6.632,6.637,1300.0,CPG
2023-06-02 14:35:00,6.628,6.632,6.627,6.632,1558.0,CPG
2023-06-02 14:34:00,6.632,6.637,6.632,6.632,841.0,CPG
2023-06-02 14:33:00,6.632,6.637,6.632,6.632,1670.0,CPG
2023-06-02 14:32:00,6.632,6.632,6.627,6.628,900.0,CPG
2023-06-02 14:31:00,6.628,6.633,6.627,6.627,2221.0,CPG
2023-06-02 14:30:00,6.637,6.637,6.632,6.632,2316.0,CPG
2023-06-02 14:29:00,6.623,6.637,6.622,6.637,52776.0,CPG
2023-06-02 14:28:00,6.623,6.623,6.622,6.622,320.0,CPG
2023-06-02 14:27:00,6.623,6.623,6.622,6.622,5880.0,CPG
2023-06-02 14:26:00,6.623,6.623,6.622,6.622,7862.0,CPG
2023-06-02 14:25:00,6.623,6.628,6.618,6.622,5509.0,CPG
2023-06-02 14:24:00,6.623,6.623,6.622,6.622,550.0,CPG
2023-06-02 14:23:00,6.623,6.623,6.613,6.622,74016.0,CPG
2023-06-02 14:22:00,6.623,6.623,6.622,6.622,305.0,CPG
2023-06-02 14:21:00,6.623,6.623,6.618,6.622,1237.0,CPG
2023-06-02 14:20:00,6.618,6.623,6.618,6.622,1786.0,CPG
2023-06-02 14:19:00,6.618,6.625,6.618,6.625,1732.0,CPG
2023-06-02 14:18:00,6.628,6.628,6.618,6.622,3424.0,CPG
2023-06-02 14:17:00,6.628,6.628,6.627,6.627,14431.0,CPG
2023-06-02 14:16:00,6.632,6.632,6.627,6.627,1847.0,CPG
2023-06-02 14:15:00,6.628,6.637,6.627,6.627,14437.0,CPG
2023-06-02 14:14:00,6.632,6.632,6.622,6.627,46128.0,CPG
2023-06-02 14:13:00,6.632,6.632,6.627,6.632,901.0,CPG
2023-06-02 14:12:00,6.628,6.632,6.627,6.632,610.0,CPG
2023-06-02 14:11:00,6.637,6.642,6.627,6.627,23287.0,CPG
2023-06-02 14:10:00,6.642,6.647,6.642,6.647,500.0,CPG
2023-06-02 14:09:00,6.632,6.647,6.632,6.642,3101.0,CPG
2023-06-02 14:08:00,6.632,6.637,6.632,6.637,1080.0,CPG
2023-06-02 14:07:00,6.637,6.637,6.627,6.632,1896.0,CPG
2023-06-02 14:06:00,6.632,6.637,6.632,6.637,1400.0,CPG
2023-06-02 14:05:00,6.632,6.632,6.628,6.632,1019.0,CPG
2023-06-02 14:03:00,6.628,6.632,6.627,6.632,1322.0,CPG
2023-06-02 14:02:00,6.633,6.633,6.627,6.627,1101.0,CPG
2023-06-02 14:01:00,6.628,6.632,6.627,6.632,5006.0,CPG
2023-06-02 14:00:00,6.618,6.628,6.613,6.627,63664.0,CPG
2023-06-02 13:59:00,6.613,6.618,6.613,6.618,1823.0,CPG
2023-06-02 13:58:00,6.618,6.618,6.608,6.613,4459.0,CPG
2023-06-02 13:57:00,6.623,6.623,6.613,6.618,50316.0,CPG
2023-06-02 13:56:00,6.623,6.623,6.622,6.622,831.0,CPG
2023-06-02 13:55:00,6.628,6.628,6.618,6.622,3762.0,CPG
2023-06-02 13:54:00,6.618,6.628,6.618,6.627,1898.0,CPG
2023-06-02 13:53:00,6.627,6.628,6.622,6.622,3773.0,CPG
2023-06-02 13:52:00,6.623,6.628,6.622,6.627,2849.0,CPG
2023-06-02 13:51:00,6.628,6.628,6.622,6.627,1439.0,CPG
2023-06-02 13:50:00,6.623,6.623,6.622,6.622,890.0,CPG
2023-06-02 13:49:00,6.623,6.627,6.618,6.622,2186.0,CPG
2023-06-02 13:48:00,6.623,6.623,6.622,6.622,495.0,CPG
2023-06-02 13:47:00,6.618,6.623,6.613,6.622,12124.0,CPG
2023-06-02 13:45:00,6.613,6.615,6.613,6.615,842.0,CPG
2023-06-02 13:44:00,6.618,6.618,6.613,6.613,11735.0,CPG
2023-06-02 13:43:00,6.618,6.623,6.618,6.618,3056.0,CPG
2023-06-02 13:41:00,6.628,6.628,6.622,6.627,1545.0,CPG
2023-06-02 13:40:00,6.628,6.628,6.627,6.627,442.0,CPG
2023-06-02 13:39:00,6.627,6.627,6.627,6.627,1067.0,CPG
2023-06-02 13:38:00,6.623,6.627,6.622,6.622,1722.0,CPG
2023-06-02 13:37:00,6.618,6.627,6.618,6.622,3500.0,CPG
2023-06-02 13:36:00,6.628,6.628,6.618,6.618,7291.0,CPG
2023-06-02 13:35:00,6.618,6.623,6.616,6.618,13878.0,CPG
2023-06-02 13:34:00,6.618,6.618,6.618,6.618,6598.0,CPG
2023-06-02 13:33:00,6.618,6.627,6.618,6.618,2110.0,CPG
2023-06-02 13:32:00,6.623,6.623,6.622,6.622,500.0,CPG
2023-06-02 13:30:00,6.628,6.628,6.625,6.627,37087.0,CPG
2023-06-02 13:29:00,6.628,6.628,6.627,6.627,415.0,CPG
2023-06-02 13:28:00,6.632,6.632,6.627,6.627,11478.0,CPG
2023-06-02 13:27:00,6.634,6.634,6.634,6.634,1020.0,CPG
2023-06-02 13:25:00,6.628,6.632,6.622,6.627,11242.0,CPG
2023-06-02 13:24:00,6.632,6.632,6.632,6.632,2799.0,CPG
2023-06-02 13:23:00,6.637,6.637,6.632,6.637,1577.0,CPG
2023-06-02 13:22:00,6.637,6.637,6.637,6.637,1400.0,CPG
2023-06-02 13:20:00,6.623,6.632,6.622,6.628,10426.0,CPG
2023-06-02 13:18:00,6.618,6.623,6.618,6.621,3318.0,CPG
2023-06-02 13:17:00,6.613,6.618,6.613,6.618,1146.0,CPG
2023-06-02 13:16:00,6.613,6.613,6.613,6.613,1000.0,CPG
2023-06-02 13:15:00,6.613,6.613,6.613,6.613,3315.0,CPG
2023-06-02 13:14:00,6.613,6.613,6.608,6.613,715.0,CPG
2023-06-02 13:13:00,6.613,6.613,6.608,6.608,435.0,CPG
2023-06-02 13:12:00,6.613,6.613,6.613,6.613,300.0,CPG
2023-06-02 13:11:00,6.614,6.614,6.614,6.614,1001.0,CPG
2023-06-02 13:10:00,6.613,6.613,6.608,6.608,1205.0,CPG
2023-06-02 13:09:00,6.613,6.613,6.613,6.613,833.0,CPG
2023-06-02 13:08:00,6.608,6.618,6.608,6.618,13512.0,CPG
2023-06-02 13:06:00,6.608,6.608,6.603,6.603,6282.0,CPG
2023-06-02 13:05:00,6.613,6.613,6.608,6.613,6416.0,CPG
2023-06-02 13:04:00,6.613,6.613,6.608,6.608,1105.0,CPG
2023-06-02 13:03:00,6.613,6.618,6.613,6.613,2057.0,CPG
2023-06-02 13:02:00,6.623,6.623,6.613,6.613,19894.0,CPG
2023-06-02 13:00:00,6.623,6.623,6.622,6.622,934.0,CPG
2023-06-02 12:59:00,6.618,6.623,6.618,6.622,6021.0,CPG
2023-06-02 12:58:00,6.627,6.627,6.627,6.627,409.0,CPG
2023-06-02 12:57:00,6.628,6.628,6.622,6.622,1770.0,CPG
2023-06-02 12:56:00,6.632,6.632,6.618,6.622,20790.0,CPG
2023-06-02 12:55:00,6.637,6.637,6.632,6.632,2069.0,CPG
2023-06-02 12:54:00,6.628,6.632,6.628,6.632,1600.0,CPG
2023-06-02 12:53:00,6.628,6.632,6.627,6.627,4942.0,CPG
2023-06-02 12:52:00,6.632,6.632,6.632,6.632,1318.0,CPG
2023-06-02 12:51:00,6.628,6.637,6.627,6.637,11205.0,CPG
2023-06-02 12:50:00,6.623,6.628,6.622,6.627,6094.0,CPG
2023-06-02 12:49:00,6.624,6.624,6.622,6.622,2300.0,CPG
2023-06-02 12:48:00,6.623,6.628,6.622,6.622,830.0,CPG
2023-06-02 12:47:00,6.623,6.628,6.622,6.622,2257.0,CPG
2023-06-02 12:46:00,6.618,6.627,6.618,6.627,8701.0,CPG
2023-06-02 12:44:00,6.618,6.618,6.618,6.618,5060.0,CPG
2023-06-02 12:43:00,6.618,6.623,6.613,6.618,33924.0,CPG
2023-06-02 12:41:00,6.623,6.623,6.608,6.618,40224.0,CPG
2023-06-02 12:40:00,6.615,6.623,6.613,6.622,14949.0,CPG
2023-06-02 12:39:00,6.613,6.618,6.613,6.618,5128.0,CPG
2023-06-02 12:38:00,6.613,6.618,6.613,6.613,797.0,CPG
2023-06-02 12:37:00,6.608,6.608,6.603,6.608,3878.0,CPG
2023-06-02 12:35:00,6.603,6.603,6.603,6.603,402.0,CPG
2023-06-02 12:34:00,6.613,6.613,6.603,6.603,5120.0,CPG
2023-06-02 12:33:00,6.613,6.613,6.613,6.613,206.0,CPG
2023-06-02 12:32:00,6.608,6.613,6.608,6.613,1257.0,CPG
2023-06-02 12:31:00,6.608,6.613,6.608,6.613,825.0,CPG
2023-06-02 12:30:00,6.608,6.613,6.603,6.613,22022.0,CPG
2023-06-02 12:29:00,6.608,6.608,6.608,6.608,3326.0,CPG
2023-06-02 12:28:00,6.603,6.608,6.603,6.608,814.0,CPG
2023-06-02 12:27:00,6.608,6.608,6.598,6.605,3525.0,CPG
2023-06-02 12:26:00,6.603,6.603,6.603,6.603,300.0,CPG
2023-06-02 12:25:00,6.598,6.598,6.598,6.598,4878.0,CPG
2023-06-02 12:24:00,6.593,6.598,6.592,6.593,1339.0,CPG
2023-06-02 12:23:00,6.593,6.593,6.593,6.593,825.0,CPG
2023-06-02 12:22:00,6.588,6.589,6.588,6.589,2756.0,CPG
2023-06-02 12:21:00,6.598,6.598,6.598,6.598,2853.0,CPG
2023-06-02 12:20:00,6.603,6.603,6.593,6.593,15094.0,CPG
2023-06-02 12:19:00,6.598,6.608,6.598,6.608,930.0,CPG
2023-06-02 12:18:00,6.603,6.603,6.603,6.603,967.0,CPG
2023-06-02 12:17:00,6.613,6.613,6.603,6.603,11172.0,CPG
2023-06-02 12:16:00,6.603,6.613,6.598,6.608,56066.0,CPG
2023-06-02 12:15:00,6.603,6.603,6.598,6.603,19457.0,CPG
2023-06-02 12:14:00,6.603,6.608,6.598,6.603,2370.0,CPG
2023-06-02 12:12:00,6.603,6.608,6.603,6.608,619.0,CPG
2023-06-02 12:10:00,6.604,6.604,6.598,6.598,1912.0,CPG
2023-06-02 12:09:00,6.603,6.603,6.603,6.603,811.0,CPG
2023-06-02 12:08:00,6.608,6.608,6.608,6.608,1366.0,CPG
2023-06-02 12:07:00,6.608,6.608,6.603,6.608,12019.0,CPG
2023-06-02 12:06:00,6.606,6.608,6.598,6.608,5021.0,CPG
2023-06-02 12:05:00,6.593,6.603,6.593,6.603,14611.0,CPG
2023-06-02 12:04:00,6.598,6.598,6.592,6.593,11956.0,CPG
2023-06-02 12:03:00,6.588,6.598,6.588,6.598,7616.0,CPG
2023-06-02 12:02:00,6.583,6.588,6.581,6.583,2531.0,CPG
2023-06-02 12:01:00,6.588,6.588,6.578,6.583,17683.0,CPG
2023-06-02 12:00:00,6.598,6.598,6.588,6.588,6256.0,CPG
2023-06-02 11:59:00,6.593,6.593,6.588,6.588,27283.0,CPG
2023-06-02 11:58:00,6.588,6.593,6.588,6.588,2593.0,CPG
2023-06-02 11:57:00,6.588,6.593,6.588,6.588,1908.0,CPG
2023-06-02 11:56:00,6.588,6.594,6.588,6.594,802.0,CPG
2023-06-02 11:55:00,6.588,6.588,6.588,6.588,3504.0,CPG
2023-06-02 11:54:00,6.578,6.583,6.578,6.583,9926.0,CPG
2023-06-02 11:52:00,6.578,6.578,6.573,6.573,2691.0,CPG
2023-06-02 11:51:00,6.568,6.573,6.568,6.573,15189.0,CPG
2023-06-02 11:50:00,6.573,6.573,6.563,6.567,27573.0,CPG
2023-06-02 11:49:00,6.573,6.573,6.57,6.573,7389.0,CPG
2023-06-02 11:48:00,6.568,6.573,6.568,6.573,6294.0,CPG
2023-06-02 11:47:00,6.563,6.578,6.563,6.578,36060.0,CPG
2023-06-02 11:46:00,6.559,6.563,6.558,6.563,1931.0,CPG
2023-06-02 11:45:00,6.563,6.563,6.563,6.563,500.0,CPG
2023-06-02 11:44:00,6.563,6.563,6.563,6.563,100.0,CPG
2023-06-02 11:43:00,6.568,6.568,6.563,6.563,7731.0,CPG
2023-06-02 11:42:00,6.568,6.573,6.563,6.573,21013.0,CPG
2023-06-02 11:41:00,6.568,6.568,6.568,6.568,310.0,CPG
2023-06-02 11:40:00,6.563,6.563,6.563,6.563,400.0,CPG
2023-06-02 11:39:00,6.563,6.563,6.558,6.563,2191.0,CPG
2023-06-02 11:38:00,6.563,6.563,6.558,6.558,3615.0,CPG
2023-06-02 11:37:00,6.56,6.563,6.56,6.563,978.0,CPG
2023-06-02 11:36:00,6.568,6.568,6.563,6.563,752.0,CPG
2023-06-02 11:35:00,6.558,6.563,6.558,6.563,1713.0,CPG
2023-06-02 11:34:00,6.567,6.567,6.558,6.558,1300.0,CPG
2023-06-02 11:33:00,6.568,6.568,6.563,6.568,10198.0,CPG
2023-06-02 11:32:00,6.568,6.571,6.563,6.571,18261.0,CPG
2023-06-02 11:30:00,6.578,6.578,6.57,6.57,5441.0,CPG
2023-06-02 11:29:00,6.578,6.583,6.573,6.578,12729.0,CPG
2023-06-02 11:28:00,6.578,6.578,6.578,6.578,9332.0,CPG
2023-06-02 11:27:00,6.578,6.583,6.573,6.578,18949.0,CPG
2023-06-02 11:26:00,6.578,6.578,6.568,6.578,8004.0,CPG
2023-06-02 11:25:00,6.578,6.578,6.568,6.578,9166.0,CPG
2023-06-02 11:24:00,6.583,6.583,6.578,6.578,22072.0,CPG
2023-06-02 11:23:00,6.588,6.588,6.578,6.583,4307.0,CPG
2023-06-02 11:22:00,6.583,6.588,6.583,6.583,2985.0,CPG
2023-06-02 11:21:00,6.583,6.583,6.578,6.578,478.0,CPG
2023-06-02 11:20:00,6.588,6.588,6.578,6.578,7411.0,CPG
2023-06-02 11:19:00,6.583,6.588,6.583,6.588,2706.0,CPG
2023-06-02 11:18:00,6.588,6.588,6.588,6.588,4604.0,CPG
2023-06-02 11:17:00,6.588,6.598,6.583,6.583,26316.0,CPG
2023-06-02 11:16:00,6.583,6.588,6.583,6.583,2945.0,CPG
2023-06-02 11:15:00,6.583,6.583,6.583,6.583,700.0,CPG
2023-06-02 11:14:00,6.583,6.583,6.583,6.583,693.0,CPG
2023-06-02 11:13:00,6.573,6.588,6.573,6.583,29737.0,CPG
2023-06-02 11:11:00,6.568,6.573,6.563,6.573,5242.0,CPG
2023-06-02 11:10:00,6.558,6.563,6.558,6.563,1090.0,CPG
2023-06-02 11:09:00,6.567,6.568,6.567,6.568,3718.0,CPG
2023-06-02 11:08:00,6.567,6.567,6.563,6.563,7200.0,CPG
2023-06-02 11:06:00,6.568,6.573,6.568,6.568,14040.0,CPG
2023-06-02 11:05:00,6.568,6.568,6.568,6.568,1359.0,CPG
2023-06-02 11:04:00,6.568,6.568,6.568,6.568,6929.0,CPG
2023-06-02 11:03:00,6.568,6.573,6.568,6.573,1741.0,CPG
2023-06-02 11:02:00,6.568,6.573,6.568,6.573,10104.0,CPG
2023-06-02 11:01:00,6.558,6.566,6.553,6.563,26998.0,CPG
2023-06-02 11:00:00,6.558,6.558,6.553,6.558,16739.0,CPG
2023-06-02 10:58:00,6.548,6.553,6.548,6.553,18156.0,CPG
2023-06-02 10:57:00,6.548,6.548,6.548,6.548,1256.0,CPG
2023-06-02 10:56:00,6.553,6.558,6.553,6.553,600.0,CPG
2023-06-02 10:55:00,6.563,6.563,6.553,6.558,10817.0,CPG
2023-06-02 10:54:00,6.563,6.563,6.558,6.558,1358.0,CPG
2023-06-02 10:53:00,6.563,6.563,6.558,6.559,5500.0,CPG
2023-06-02 10:52:00,6.563,6.563,6.563,6.563,456.0,CPG
2023-06-02 10:51:00,6.558,6.558,6.558,6.558,232.0,CPG
2023-06-02 10:50:00,6.563,6.563,6.558,6.558,2559.0,CPG
2023-06-02 10:49:00,6.568,6.568,6.56,6.563,25025.0,CPG
2023-06-02 10:48:00,6.573,6.578,6.568,6.568,891.0,CPG
2023-06-02 10:47:00,6.573,6.573,6.573,6.573,2598.0,CPG
2023-06-02 10:46:00,6.569,6.573,6.568,6.573,11485.0,CPG
2023-06-02 10:45:00,6.568,6.574,6.568,6.568,31738.0,CPG
2023-06-02 10:44:00,6.568,6.568,6.568,6.568,19714.0,CPG
2023-06-02 10:43:00,6.57,6.573,6.568,6.568,6565.0,CPG
2023-06-02 10:42:00,6.578,6.578,6.578,6.578,952.0,CPG
2023-06-02 10:41:00,6.578,6.578,6.578,6.578,3589.0,CPG
2023-06-02 10:40:00,6.568,6.578,6.568,6.573,24944.0,CPG
2023-06-02 10:39:00,6.563,6.568,6.563,6.568,1867.0,CPG
2023-06-02 10:38:00,6.563,6.563,6.563,6.563,206.0,CPG
2023-06-02 10:37:00,6.553,6.558,6.553,6.558,2330.0,CPG
2023-06-02 10:36:00,6.548,6.553,6.543,6.548,12627.0,CPG
2023-06-02 10:35:00,6.548,6.548,6.548,6.548,400.0,CPG
2023-06-02 10:34:00,6.548,6.548,6.548,6.548,479.0,CPG
2023-06-02 10:33:00,6.548,6.548,6.547,6.548,45143.0,CPG
2023-06-02 10:32:00,6.548,6.553,6.548,6.553,2232.0,CPG
2023-06-02 10:31:00,6.568,6.573,6.558,6.558,17033.0,CPG
2023-06-02 10:30:00,6.568,6.573,6.567,6.573,11181.0,CPG
2023-06-02 10:29:00,6.568,6.568,6.563,6.563,5223.0,CPG
2023-06-02 10:28:00,6.568,6.573,6.568,6.568,11965.0,CPG
2023-06-02 10:26:00,6.568,6.573,6.563,6.563,4916.0,CPG
2023-06-02 10:25:00,6.558,6.568,6.553,6.563,9045.0,CPG
2023-06-02 10:24:00,6.558,6.563,6.558,6.563,3559.0,CPG
2023-06-02 10:23:00,6.558,6.558,6.553,6.558,3651.0,CPG
2023-06-02 10:22:00,6.568,6.568,6.563,6.563,4035.0,CPG
2023-06-02 10:21:00,6.568,6.568,6.568,6.568,3112.0,CPG
2023-06-02 10:20:00,6.568,6.568,6.568,6.568,1916.0,CPG
2023-06-02 10:19:00,6.548,6.558,6.548,6.558,8337.0,CPG
2023-06-02 10:18:00,6.558,6.558,6.553,6.558,4934.0,CPG
2023-06-02 10:17:00,6.558,6.568,6.553,6.559,22757.0,CPG
2023-06-02 10:16:00,6.578,6.578,6.568,6.568,8504.0,CPG
2023-06-02 10:15:00,6.583,6.583,6.578,6.578,3216.0,CPG
2023-06-02 10:14:00,6.578,6.578,6.578,6.578,1490.0,CPG
2023-06-02 10:13:00,6.575,6.578,6.575,6.578,1380.0,CPG
2023-06-02 10:12:00,6.568,6.573,6.568,6.573,4985.0,CPG
2023-06-02 10:11:00,6.568,6.568,6.563,6.568,6160.0,CPG
2023-06-02 10:10:00,6.568,6.568,6.563,6.568,1397.0,CPG
2023-06-02 10:09:00,6.568,6.573,6.558,6.568,13123.0,CPG
2023-06-02 10:08:00,6.568,6.573,6.562,6.568,8144.0,CPG
2023-06-02 10:07:00,6.558,6.568,6.558,6.565,3833.0,CPG
2023-06-02 10:06:00,6.568,6.568,6.568,6.568,673.0,CPG
2023-06-02 10:05:00,6.563,6.568,6.558,6.558,2751.0,CPG
2023-06-02 10:04:00,6.558,6.558,6.548,6.558,20683.0,CPG
2023-06-02 10:03:00,6.568,6.568,6.558,6.568,4159.0,CPG
2023-06-02 10:02:00,6.568,6.569,6.558,6.568,3817.0,CPG
2023-06-02 10:01:00,6.558,6.558,6.558,6.558,3931.0,CPG
2023-06-02 10:00:00,6.568,6.568,6.563,6.563,9014.0,CPG
2023-06-02 09:59:00,6.578,6.578,6.568,6.568,6223.0,CPG
2023-06-02 09:58:00,6.588,6.588,6.578,6.578,1613.0,CPG
2023-06-02 09:57:00,6.598,6.598,6.593,6.598,11360.0,CPG
2023-06-02 09:56:00,6.593,6.598,6.588,6.595,10107.0,CPG
2023-06-02 09:55:00,6.588,6.588,6.588,6.588,5317.0,CPG
2023-06-02 09:53:00,6.598,6.598,6.588,6.593,11827.0,CPG
2023-06-02 09:52:00,6.588,6.588,6.583,6.588,16415.0,CPG
2023-06-02 09:51:00,6.598,6.598,6.578,6.593,11211.0,CPG
2023-06-02 09:50:00,6.598,6.608,6.593,6.598,15682.0,CPG
2023-06-02 09:49:00,6.608,6.608,6.598,6.598,9423.0,CPG
2023-06-02 09:48:00,6.608,6.608,6.598,6.598,1014.0,CPG
2023-06-02 09:47:00,6.598,6.598,6.588,6.598,5579.0,CPG
2023-06-02 09:46:00,6.608,6.608,6.603,6.603,10376.0,CPG
2023-06-02 09:45:00,6.598,6.608,6.598,6.608,4002.0,CPG
2023-06-02 09:44:00,6.608,6.608,6.598,6.598,4523.0,CPG
2023-06-02 09:43:00,6.608,6.615,6.608,6.613,17692.0,CPG
2023-06-02 09:42:00,6.598,6.608,6.598,6.608,6756.0,CPG
2023-06-02 09:41:00,6.618,6.618,6.598,6.608,2339.0,CPG
2023-06-02 09:40:00,6.608,6.608,6.588,6.608,3330.0,CPG
2023-06-02 09:39:00,6.604,6.604,6.598,6.598,1995.0,CPG
2023-06-02 09:38:00,6.598,6.603,6.598,6.598,10423.0,CPG
2023-06-02 09:37:00,6.598,6.598,6.588,6.588,41357.0,CPG
2023-06-02 09:36:00,6.598,6.598,6.588,6.593,26194.0,CPG
2023-06-02 09:35:00,6.578,6.598,6.578,6.598,17691.0,CPG
2023-06-02 09:34:00,6.568,6.578,6.558,6.578,34160.0,CPG
2023-06-02 09:33:00,6.548,6.558,6.548,6.558,14440.0,CPG
2023-06-02 09:32:00,6.563,6.568,6.543,6.553,16920.0,CPG
2023-06-02 09:31:00,6.534,6.568,6.533,6.563,63445.0,CPG
2023-06-02 09:30:00,6.548,6.548,6.519,6.529,58515.0,CPG
2023-06-02 09:29:00,6.548,6.548,6.489,6.529,176.0,CPG
2023-06-02 09:26:00,6.548,6.548,6.548,6.548,2.0,CPG
2023-06-02 09:24:00,6.557,6.557,6.557,6.557,500.0,CPG
2023-06-02 09:21:00,6.548,6.548,6.548,6.548,95.0,CPG
2023-06-02 09:18:00,6.547,6.547,6.547,6.547,50.0,CPG
2023-06-02 09:00:00,6.529,6.529,6.529,6.529,200.0,CPG
2023-06-02 08:53:00,6.539,6.539,6.529,6.529,400.0,CPG
2023-06-02 08:50:00,6.558,6.558,6.538,6.538,540.0,CPG
2023-06-02 08:40:00,6.519,6.519,6.509,6.519,1419.0,CPG
2023-06-02 08:38:00,6.519,6.519,6.519,6.519,500.0,CPG
2023-06-02 08:36:00,6.499,6.499,6.499,6.499,737.0,CPG
2023-06-02 08:35:00,6.499,6.499,6.499,6.499,263.0,CPG
2023-06-02 08:31:00,6.509,6.509,6.509,6.509,15.0,CPG
2023-06-02 08:30:00,6.499,6.499,6.499,6.499,1.0,CPG
2023-06-02 08:28:00,6.499,6.499,6.499,6.499,3.0,CPG
2023-06-02 08:25:00,6.499,6.499,6.499,6.499,27.0,CPG
2023-06-02 08:21:00,6.499,6.499,6.499,6.499,8.0,CPG
2023-06-02 08:12:00,6.499,6.499,6.499,6.499,776.0,CPG
2023-06-02 08:00:00,6.499,6.509,6.499,6.509,58.0,CPG
2023-06-02 07:59:00,6.499,6.499,6.499,6.499,6.0,CPG
2023-06-02 07:57:00,6.489,6.489,6.489,6.489,27.0,CPG
2023-06-02 07:39:00,6.499,6.499,6.499,6.499,12.0,CPG
2023-06-02 07:18:00,6.509,6.509,6.499,6.499,536.0,CPG
2023-06-02 04:57:00,6.36,6.36,6.36,6.36,3.0,CPG
2023-06-01 19:35:00,6.42,6.42,6.42,6.42,1.0,CPG
2023-06-01 19:25:00,6.43,6.43,6.43,6.43,5.0,CPG
2023-06-01 19:09:00,6.459,6.459,6.459,6.459,4.0,CPG
2023-06-01 19:00:00,6.4,6.4,6.4,6.4,46273.0,CPG
2023-06-01 18:35:00,6.43,6.43,6.43,6.43,2.0,CPG
2023-06-01 18:30:00,6.4,6.4,6.4,6.4,46273.0,CPG
2023-06-01 16:59:00,6.41,6.41,6.41,6.41,4.0,CPG
2023-06-01 16:10:00,6.4,6.4,6.4,6.4,46273.0,CPG
2023-06-01 16:09:00,6.4,6.4,6.4,6.4,1.0,CPG
2023-06-01 16:07:00,6.392,6.392,6.392,6.392,1.0,CPG
2023-06-01 16:01:00,6.4,6.4,6.4,6.4,215.0,CPG
2023-06-01 16:00:00,6.405,6.405,6.4,6.4,100731.0,CPG
2023-06-01 15:59:00,6.4,6.407,6.4,6.4,34005.0,CPG
2023-06-01 15:58:00,6.405,6.405,6.4,6.4,14792.0,CPG
2023-06-01 15:57:00,6.405,6.405,6.4,6.405,7722.0,CPG
2023-06-01 15:56:00,6.41,6.41,6.4,6.405,14376.0,CPG
2023-06-01 15:55:00,6.41,6.415,6.41,6.41,91913.0,CPG
2023-06-01 15:54:00,6.41,6.41,6.4,6.41,19337.0,CPG
2023-06-01 15:53:00,6.405,6.41,6.405,6.405,8869.0,CPG
2023-06-01 15:52:00,6.41,6.41,6.405,6.405,11192.0,CPG
2023-06-01 15:51:00,6.405,6.41,6.4,6.405,14227.0,CPG
2023-06-01 15:50:00,6.41,6.41,6.4,6.4,14581.0,CPG
2023-06-01 15:49:00,6.41,6.415,6.41,6.41,5048.0,CPG
2023-06-01 15:48:00,6.41,6.415,6.41,6.41,1902.0,CPG
2023-06-01 15:47:00,6.41,6.42,6.41,6.41,5538.0,CPG
2023-06-01 15:46:00,6.41,6.415,6.41,6.41,29582.0,CPG
2023-06-01 15:45:00,6.41,6.42,6.41,6.41,8678.0,CPG
2023-06-01 15:44:00,6.41,6.415,6.41,6.41,3704.0,CPG
2023-06-01 15:43:00,6.41,6.412,6.41,6.41,1872.0,CPG
2023-06-01 15:42:00,6.415,6.415,6.4,6.41,72351.0,CPG
2023-06-01 15:41:00,6.41,6.415,6.41,6.415,9469.0,CPG
2023-06-01 15:40:00,6.41,6.419,6.41,6.41,4441.0,CPG
2023-06-01 15:39:00,6.41,6.42,6.41,6.41,3370.0,CPG
2023-06-01 15:38:00,6.41,6.41,6.41,6.41,16969.0,CPG
2023-06-01 15:37:00,6.41,6.415,6.41,6.41,9194.0,CPG
2023-06-01 15:36:00,6.405,6.41,6.405,6.41,30762.0,CPG
2023-06-01 15:35:00,6.415,6.415,6.405,6.405,41805.0,CPG
2023-06-01 15:34:00,6.42,6.42,6.41,6.415,3874.0,CPG
2023-06-01 15:33:00,6.415,6.42,6.41,6.42,4054.0,CPG
2023-06-01 15:32:00,6.415,6.415,6.41,6.415,1500.0,CPG
2023-06-01 15:31:00,6.42,6.42,6.41,6.41,13559.0,CPG
2023-06-01 15:30:00,6.415,6.415,6.41,6.41,1452.0,CPG
2023-06-01 15:29:00,6.42,6.425,6.41,6.41,32201.0,CPG
2023-06-01 15:28:00,6.422,6.425,6.42,6.425,4600.0,CPG
2023-06-01 15:27:00,6.42,6.425,6.42,6.42,1322.0,CPG
2023-06-01 15:26:00,6.425,6.425,6.42,6.42,1002.0,CPG
2023-06-01 15:25:00,6.42,6.425,6.415,6.425,88816.0,CPG
2023-06-01 15:24:00,6.43,6.43,6.42,6.42,7359.0,CPG
2023-06-01 15:23:00,6.435,6.435,6.43,6.43,4406.0,CPG
2023-06-01 15:22:00,6.43,6.435,6.43,6.43,36802.0,CPG
2023-06-01 15:21:00,6.43,6.44,6.43,6.43,2820.0,CPG
2023-06-01 15:20:00,6.44,6.44,6.43,6.43,15414.0,CPG
2023-06-01 15:19:00,6.44,6.445,6.439,6.439,18384.0,CPG
2023-06-01 15:18:00,6.44,6.44,6.43,6.439,16556.0,CPG
2023-06-01 15:17:00,6.44,6.44,6.439,6.439,7013.0,CPG
2023-06-01 15:16:00,6.44,6.449,6.439,6.439,673.0,CPG
2023-06-01 15:15:00,6.44,6.445,6.435,6.439,18689.0,CPG
2023-06-01 15:14:00,6.44,6.44,6.43,6.435,7518.0,CPG
2023-06-01 15:13:00,6.44,6.44,6.439,6.439,600.0,CPG
2023-06-01 15:12:00,6.44,6.44,6.439,6.439,15522.0,CPG
2023-06-01 15:11:00,6.44,6.44,6.439,6.439,663.0,CPG
2023-06-01 15:10:00,6.44,6.44,6.439,6.439,2284.0,CPG
2023-06-01 15:09:00,6.445,6.445,6.439,6.439,2910.0,CPG
2023-06-01 15:08:00,6.445,6.445,6.444,6.444,387.0,CPG
2023-06-01 15:07:00,6.445,6.445,6.444,6.444,1894.0,CPG
2023-06-01 15:06:00,6.445,6.445,6.444,6.444,3416.0,CPG
2023-06-01 15:05:00,6.44,6.449,6.439,6.444,3155.0,CPG
2023-06-01 15:04:00,6.44,6.44,6.439,6.439,111.0,CPG
2023-06-01 15:03:00,6.445,6.445,6.43,6.444,71200.0,CPG
2023-06-01 15:02:00,6.446,6.446,6.444,6.444,585.0,CPG
2023-06-01 15:01:00,6.449,6.456,6.444,6.449,8800.0,CPG
2023-06-01 15:00:00,6.449,6.449,6.449,6.449,994.0,CPG
2023-06-01 14:59:00,6.449,6.449,6.449,6.449,201.0,CPG
2023-06-01 14:58:00,6.454,6.459,6.449,6.449,4115.0,CPG
2023-06-01 14:57:00,6.454,6.454,6.449,6.449,4685.0,CPG
2023-06-01 14:56:00,6.459,6.464,6.454,6.454,62982.0,CPG
2023-06-01 14:55:00,6.459,6.466,6.459,6.464,7179.0,CPG
2023-06-01 14:54:00,6.459,6.459,6.454,6.459,3400.0,CPG
2023-06-01 14:53:00,6.454,6.454,6.454,6.454,1500.0,CPG
2023-06-01 14:52:00,6.449,6.456,6.449,6.454,11001.0,CPG
2023-06-01 14:51:00,6.445,6.449,6.442,6.449,3807.0,CPG
2023-06-01 14:50:00,6.445,6.445,6.439,6.439,3400.0,CPG
2023-06-01 14:49:00,6.445,6.448,6.439,6.448,20961.0,CPG
2023-06-01 14:48:00,6.445,6.445,6.444,6.444,1500.0,CPG
2023-06-01 14:47:00,6.445,6.445,6.444,6.444,1147.0,CPG
2023-06-01 14:46:00,6.445,6.445,6.444,6.444,801.0,CPG
2023-06-01 14:45:00,6.44,6.44,6.439,6.439,344.0,CPG
2023-06-01 14:44:00,6.445,6.445,6.439,6.444,1368.0,CPG
2023-06-01 14:43:00,6.446,6.446,6.446,6.446,131.0,CPG
2023-06-01 14:42:00,6.445,6.445,6.439,6.439,2235.0,CPG
2023-06-01 14:41:00,6.445,6.445,6.444,6.444,827.0,CPG
2023-06-01 14:40:00,6.44,6.445,6.439,6.444,950.0,CPG
2023-06-01 14:39:00,6.445,6.445,6.439,6.439,2482.0,CPG
2023-06-01 14:38:00,6.445,6.445,6.439,6.439,3040.0,CPG
2023-06-01 14:37:00,6.445,6.445,6.444,6.444,150.0,CPG
2023-06-01 14:36:00,6.44,6.445,6.439,6.444,1700.0,CPG
2023-06-01 14:35:00,6.445,6.445,6.439,6.444,2145.0,CPG
2023-06-01 14:34:00,6.445,6.445,6.444,6.444,100.0,CPG
2023-06-01 14:33:00,6.44,6.445,6.439,6.444,2009.0,CPG
2023-06-01 14:32:00,6.44,6.445,6.439,6.439,1700.0,CPG
2023-06-01 14:31:00,6.44,6.445,6.439,6.439,2507.0,CPG
2023-06-01 14:30:00,6.445,6.449,6.439,6.444,3037.0,CPG
2023-06-01 14:29:00,6.445,6.445,6.444,6.444,718.0,CPG
2023-06-01 14:28:00,6.44,6.445,6.435,6.439,156515.0,CPG
2023-06-01 14:27:00,6.44,6.44,6.435,6.435,2833.0,CPG
2023-06-01 14:26:00,6.43,6.43,6.43,6.43,200.0,CPG
2023-06-01 14:25:00,6.44,6.44,6.43,6.43,19099.0,CPG
2023-06-01 14:24:00,6.44,6.44,6.439,6.439,500.0,CPG
2023-06-01 14:23:00,6.449,6.449,6.439,6.444,9756.0,CPG
2023-06-01 14:22:00,6.454,6.459,6.449,6.449,4144.0,CPG
2023-06-01 14:21:00,6.454,6.454,6.449,6.454,1249.0,CPG
2023-06-01 14:20:00,6.449,6.459,6.449,6.449,42517.0,CPG
2023-06-01 14:19:00,6.457,6.457,6.454,6.454,3899.0,CPG
2023-06-01 14:18:00,6.454,6.454,6.449,6.454,1645.0,CPG
2023-06-01 14:17:00,6.449,6.449,6.449,6.449,3301.0,CPG
2023-06-01 14:16:00,6.454,6.454,6.454,6.454,258.0,CPG
2023-06-01 14:15:00,6.449,6.454,6.449,6.454,2430.0,CPG
2023-06-01 14:14:00,6.449,6.449,6.449,6.449,570.0,CPG
2023-06-01 14:13:00,6.459,6.459,6.454,6.454,13020.0,CPG
2023-06-01 14:12:00,6.459,6.459,6.459,6.459,801.0,CPG
2023-06-01 14:11:00,6.459,6.464,6.459,6.459,1704.0,CPG
2023-06-01 14:10:00,6.464,6.464,6.459,6.464,2135.0,CPG
2023-06-01 14:09:00,6.469,6.469,6.459,6.459,9910.0,CPG
2023-06-01 14:08:00,6.464,6.464,6.461,6.464,3900.0,CPG
2023-06-01 14:07:00,6.469,6.469,6.469,6.469,416.0,CPG
2023-06-01 14:06:00,6.469,6.469,6.469,6.469,300.0,CPG
2023-06-01 14:04:00,6.459,6.459,6.459,6.459,801.0,CPG
2023-06-01 14:03:00,6.454,6.464,6.454,6.459,28546.0,CPG
2023-06-01 14:02:00,6.454,6.459,6.454,6.454,1066.0,CPG
2023-06-01 14:01:00,6.459,6.459,6.454,6.459,20624.0,CPG
2023-06-01 14:00:00,6.464,6.464,6.459,6.464,3442.0,CPG
2023-06-01 13:58:00,6.462,6.462,6.462,6.462,100.0,CPG
2023-06-01 13:57:00,6.469,6.469,6.469,6.469,405.0,CPG
2023-06-01 13:56:00,6.469,6.469,6.469,6.469,4604.0,CPG
2023-06-01 13:55:00,6.464,6.469,6.459,6.469,5896.0,CPG
2023-06-01 13:54:00,6.469,6.469,6.459,6.465,28736.0,CPG
2023-06-01 13:53:00,6.469,6.474,6.469,6.474,374.0,CPG
2023-06-01 13:52:00,6.474,6.474,6.469,6.469,2725.0,CPG
2023-06-01 13:51:00,6.479,6.479,6.469,6.474,3014.0,CPG
2023-06-01 13:50:00,6.478,6.479,6.474,6.479,941.0,CPG
2023-06-01 13:49:00,6.474,6.479,6.474,6.479,641.0,CPG
2023-06-01 13:48:00,6.479,6.479,6.474,6.474,3181.0,CPG
2023-06-01 13:47:00,6.479,6.479,6.474,6.474,284.0,CPG
2023-06-01 13:46:00,6.474,6.474,6.469,6.469,2879.0,CPG
2023-06-01 13:45:00,6.469,6.469,6.469,6.469,14637.0,CPG
2023-06-01 13:44:00,6.469,6.469,6.469,6.469,1342.0,CPG
2023-06-01 13:43:00,6.469,6.469,6.468,6.469,4575.0,CPG
2023-06-01 13:42:00,6.463,6.469,6.463,6.469,1498.0,CPG
2023-06-01 13:40:00,6.459,6.459,6.459,6.459,1160.0,CPG
2023-06-01 13:39:00,6.459,6.464,6.459,6.459,11783.0,CPG
2023-06-01 13:38:00,6.454,6.459,6.454,6.459,388.0,CPG
2023-06-01 13:37:00,6.449,6.454,6.444,6.454,47092.0,CPG
2023-06-01 13:36:00,6.449,6.449,6.449,6.449,6268.0,CPG
2023-06-01 13:35:00,6.449,6.449,6.449,6.449,1513.0,CPG
2023-06-01 13:34:00,6.449,6.449,6.449,6.449,800.0,CPG
2023-06-01 13:33:00,6.454,6.454,6.449,6.449,9889.0,CPG
2023-06-01 13:31:00,6.449,6.454,6.449,6.449,13021.0,CPG
2023-06-01 13:30:00,6.45,6.45,6.449,6.449,40913.0,CPG
2023-06-01 13:29:00,6.449,6.449,6.449,6.449,477.0,CPG
2023-06-01 13:28:00,6.449,6.454,6.449,6.449,1514.0,CPG
2023-06-01 13:27:00,6.449,6.449,6.449,6.449,407.0,CPG
2023-06-01 13:26:00,6.449,6.454,6.449,6.454,5400.0,CPG
2023-06-01 13:25:00,6.449,6.449,6.449,6.449,1402.0,CPG
2023-06-01 13:24:00,6.449,6.449,6.439,6.449,21814.0,CPG
2023-06-01 13:23:00,6.454,6.454,6.454,6.454,206.0,CPG
2023-06-01 13:22:00,6.449,6.449,6.449,6.449,1000.0,CPG
2023-06-01 13:21:00,6.454,6.454,6.449,6.449,2896.0,CPG
2023-06-01 13:20:00,6.449,6.449,6.444,6.449,27022.0,CPG
2023-06-01 13:19:00,6.449,6.454,6.449,6.454,690.0,CPG
2023-06-01 13:18:00,6.449,6.449,6.449,6.449,1766.0,CPG
2023-06-01 13:17:00,6.449,6.454,6.449,6.449,5835.0,CPG
2023-06-01 13:16:00,6.454,6.454,6.449,6.454,1988.0,CPG
2023-06-01 13:15:00,6.459,6.459,6.454,6.454,2283.0,CPG
2023-06-01 13:14:00,6.454,6.459,6.454,6.454,2188.0,CPG
2023-06-01 13:13:00,6.452,6.459,6.452,6.459,601.0,CPG
2023-06-01 13:12:00,6.454,6.454,6.454,6.454,1132.0,CPG
2023-06-01 13:11:00,6.449,6.459,6.449,6.455,10661.0,CPG
2023-06-01 13:10:00,6.454,6.454,6.454,6.454,3562.0,CPG
2023-06-01 13:09:00,6.454,6.459,6.454,6.454,901.0,CPG
2023-06-01 13:08:00,6.454,6.459,6.454,6.454,4069.0,CPG
2023-06-01 13:07:00,6.454,6.454,6.449,6.454,2655.0,CPG
2023-06-01 13:06:00,6.454,6.454,6.454,6.454,700.0,CPG
2023-06-01 13:04:00,6.449,6.454,6.449,6.454,3786.0,CPG
2023-06-01 13:03:00,6.454,6.454,6.454,6.454,996.0,CPG
2023-06-01 13:02:00,6.459,6.459,6.449,6.454,21354.0,CPG
2023-06-01 13:01:00,6.459,6.459,6.459,6.459,100.0,CPG
2023-06-01 13:00:00,6.459,6.46,6.459,6.459,4663.0,CPG
2023-06-01 12:58:00,6.459,6.459,6.459,6.459,6574.0,CPG
2023-06-01 12:57:00,6.459,6.459,6.454,6.459,13143.0,CPG
2023-06-01 12:56:00,6.459,6.464,6.459,6.459,3140.0,CPG
2023-06-01 12:55:00,6.464,6.464,6.454,6.459,31270.0,CPG
2023-06-01 12:54:00,6.464,6.464,6.464,6.464,400.0,CPG
2023-06-01 12:53:00,6.474,6.474,6.459,6.459,13448.0,CPG
2023-06-01 12:52:00,6.479,6.479,6.469,6.469,601.0,CPG
2023-06-01 12:51:00,6.474,6.474,6.474,6.474,1363.0,CPG
2023-06-01 12:50:00,6.474,6.474,6.474,6.474,282.0,CPG
2023-06-01 12:49:00,6.469,6.474,6.469,6.469,1000.0,CPG
2023-06-01 12:48:00,6.474,6.474,6.469,6.474,1210.0,CPG
2023-06-01 12:47:00,6.464,6.474,6.464,6.474,21522.0,CPG
2023-06-01 12:46:00,6.464,6.464,6.459,6.459,1198.0,CPG
2023-06-01 12:45:00,6.464,6.469,6.459,6.459,4500.0,CPG
2023-06-01 12:44:00,6.459,6.464,6.459,6.464,428.0,CPG
2023-06-01 12:43:00,6.469,6.469,6.464,6.469,1609.0,CPG
2023-06-01 12:42:00,6.469,6.469,6.469,6.469,1098.0,CPG
2023-06-01 12:41:00,6.464,6.464,6.459,6.459,291.0,CPG
2023-06-01 12:40:00,6.459,6.464,6.459,6.464,4654.0,CPG
2023-06-01 12:39:00,6.464,6.464,6.461,6.461,830.0,CPG
2023-06-01 12:38:00,6.469,6.474,6.459,6.469,10453.0,CPG
2023-06-01 12:37:00,6.474,6.474,6.47,6.47,1713.0,CPG
2023-06-01 12:36:00,6.479,6.479,6.479,6.479,1602.0,CPG
2023-06-01 12:35:00,6.469,6.477,6.469,6.474,29027.0,CPG
2023-06-01 12:34:00,6.474,6.474,6.469,6.469,8070.0,CPG
2023-06-01 12:33:00,6.471,6.474,6.471,6.474,800.0,CPG
2023-06-01 12:32:00,6.474,6.474,6.474,6.474,511.0,CPG
2023-06-01 12:31:00,6.474,6.474,6.47,6.474,364.0,CPG
2023-06-01 12:30:00,6.469,6.474,6.469,6.474,800.0,CPG
2023-06-01 12:29:00,6.469,6.474,6.469,6.474,4945.0,CPG
2023-06-01 12:28:00,6.454,6.464,6.454,6.464,9703.0,CPG
2023-06-01 12:27:00,6.45,6.454,6.449,6.454,751.0,CPG
2023-06-01 12:26:00,6.449,6.454,6.449,6.449,1204.0,CPG
2023-06-01 12:25:00,6.449,6.455,6.449,6.455,9145.0,CPG
2023-06-01 12:24:00,6.44,6.44,6.44,6.44,300.0,CPG
2023-06-01 12:23:00,6.449,6.45,6.446,6.446,19157.0,CPG
2023-06-01 12:22:00,6.445,6.449,6.444,6.449,2049.0,CPG
2023-06-01 12:21:00,6.44,6.449,6.435,6.442,28176.0,CPG
2023-06-01 12:20:00,6.44,6.44,6.435,6.439,31477.0,CPG
2023-06-01 12:19:00,6.44,6.44,6.439,6.439,2298.0,CPG
2023-06-01 12:18:00,6.449,6.449,6.439,6.439,17482.0,CPG
2023-06-01 12:17:00,6.449,6.449,6.439,6.449,12364.0,CPG
2023-06-01 12:16:00,6.449,6.449,6.439,6.449,6708.0,CPG
2023-06-01 12:15:00,6.459,6.459,6.449,6.449,11376.0,CPG
2023-06-01 12:14:00,6.454,6.459,6.454,6.459,13970.0,CPG
2023-06-01 12:13:00,6.459,6.464,6.449,6.454,78755.0,CPG
2023-06-01 12:12:00,6.449,6.459,6.444,6.454,37943.0,CPG
2023-06-01 12:11:00,6.449,6.454,6.439,6.444,84549.0,CPG
2023-06-01 12:10:00,6.449,6.459,6.444,6.444,45180.0,CPG
2023-06-01 12:09:00,6.449,6.454,6.449,6.454,6641.0,CPG
2023-06-01 12:08:00,6.464,6.464,6.449,6.449,60482.0,CPG
2023-06-01 12:07:00,6.464,6.464,6.464,6.464,210.0,CPG
2023-06-01 12:06:00,6.449,6.464,6.449,6.464,5638.0,CPG
2023-06-01 12:05:00,6.459,6.464,6.454,6.454,19041.0,CPG
2023-06-01 12:04:00,6.464,6.464,6.454,6.454,17263.0,CPG
2023-06-01 12:03:00,6.469,6.469,6.464,6.464,5031.0,CPG
2023-06-01 12:02:00,6.459,6.469,6.454,6.469,16883.0,CPG
2023-06-01 12:01:00,6.449,6.459,6.449,6.459,35326.0,CPG
2023-06-01 12:00:00,6.449,6.449,6.444,6.444,3945.0,CPG
2023-06-01 11:59:00,6.449,6.449,6.449,6.449,290.0,CPG
2023-06-01 11:58:00,6.459,6.459,6.455,6.455,2353.0,CPG
2023-06-01 11:57:00,6.459,6.459,6.457,6.459,2257.0,CPG
2023-06-01 11:56:00,6.454,6.459,6.449,6.454,3835.0,CPG
2023-06-01 11:54:00,6.449,6.449,6.449,6.449,3500.0,CPG
2023-06-01 11:53:00,6.449,6.459,6.449,6.449,11012.0,CPG
2023-06-01 11:52:00,6.449,6.449,6.445,6.445,3096.0,CPG
2023-06-01 11:51:00,6.445,6.449,6.444,6.449,1825.0,CPG
2023-06-01 11:50:00,6.445,6.445,6.441,6.441,3901.0,CPG
2023-06-01 11:49:00,6.445,6.445,6.444,6.444,600.0,CPG
2023-06-01 11:48:00,6.445,6.449,6.444,6.449,793.0,CPG
2023-06-01 11:47:00,6.441,6.441,6.441,6.441,500.0,CPG
2023-06-01 11:46:00,6.447,6.447,6.447,6.447,4523.0,CPG
2023-06-01 11:45:00,6.449,6.449,6.439,6.439,8888.0,CPG
2023-06-01 11:44:00,6.449,6.454,6.449,6.449,2753.0,CPG
2023-06-01 11:43:00,6.449,6.449,6.449,6.449,8105.0,CPG
2023-06-01 11:40:00,6.449,6.459,6.444,6.444,82952.0,CPG
2023-06-01 11:39:00,6.44,6.449,6.435,6.444,18581.0,CPG
2023-06-01 11:38:00,6.43,6.435,6.43,6.435,3515.0,CPG
2023-06-01 11:37:00,6.43,6.438,6.43,6.43,5700.0,CPG
2023-06-01 11:36:00,6.43,6.435,6.425,6.435,13859.0,CPG
2023-06-01 11:35:00,6.428,6.43,6.415,6.425,22173.0,CPG
2023-06-01 11:34:00,6.425,6.43,6.42,6.425,36386.0,CPG
2023-06-01 11:33:00,6.425,6.43,6.42,6.421,19983.0,CPG
2023-06-01 11:32:00,6.425,6.425,6.42,6.42,2463.0,CPG
2023-06-01 11:31:00,6.43,6.43,6.42,6.43,5859.0,CPG
2023-06-01 11:30:00,6.42,6.43,6.42,6.43,6507.0,CPG
2023-06-01 11:29:00,6.419,6.42,6.41,6.42,4909.0,CPG
2023-06-01 11:28:00,6.409,6.42,6.409,6.42,5414.0,CPG
2023-06-01 11:27:00,6.405,6.41,6.405,6.41,1579.0,CPG
2023-06-01 11:26:00,6.395,6.41,6.395,6.41,3291.0,CPG
2023-06-01 11:25:00,6.39,6.395,6.39,6.395,2382.0,CPG
2023-06-01 11:24:00,6.385,6.385,6.38,6.385,718.0,CPG
2023-06-01 11:23:00,6.38,6.38,6.38,6.38,1064.0,CPG
2023-06-01 11:22:00,6.37,6.37,6.365,6.37,5368.0,CPG
2023-06-01 11:21:00,6.36,6.365,6.36,6.365,11655.0,CPG
2023-06-01 11:20:00,6.351,6.356,6.35,6.355,501.0,CPG
2023-06-01 11:19:00,6.351,6.351,6.35,6.35,11442.0,CPG
2023-06-01 11:18:00,6.336,6.351,6.336,6.35,23630.0,CPG
2023-06-01 11:17:00,6.341,6.341,6.34,6.34,21083.0,CPG
2023-06-01 11:16:00,6.341,6.341,6.341,6.341,601.0,CPG
2023-06-01 11:15:00,6.341,6.351,6.341,6.341,4841.0,CPG
2023-06-01 11:14:00,6.336,6.341,6.336,6.336,1125.0,CPG
2023-06-01 11:13:00,6.341,6.341,6.336,6.336,1000.0,CPG
2023-06-01 11:12:00,6.331,6.331,6.331,6.331,11552.0,CPG
2023-06-01 11:11:00,6.321,6.321,6.321,6.321,2061.0,CPG
2023-06-01 11:10:00,6.321,6.321,6.321,6.321,15467.0,CPG
2023-06-01 11:09:00,6.331,6.331,6.321,6.321,3711.0,CPG
2023-06-01 11:08:00,6.321,6.326,6.321,6.326,2946.0,CPG
2023-06-01 11:07:00,6.311,6.321,6.311,6.321,1013.0,CPG
2023-06-01 11:06:00,6.311,6.321,6.311,6.312,1425.0,CPG
2023-06-01 11:05:00,6.311,6.311,6.311,6.311,3918.0,CPG
2023-06-01 11:04:00,6.311,6.311,6.311,6.311,28589.0,CPG
2023-06-01 11:03:00,6.321,6.321,6.311,6.311,9537.0,CPG
2023-06-01 11:02:00,6.311,6.316,6.306,6.311,19238.0,CPG
2023-06-01 11:01:00,6.311,6.321,6.311,6.321,10000.0,CPG
2023-06-01 11:00:00,6.331,6.331,6.311,6.321,22120.0,CPG
2023-06-01 10:59:00,6.331,6.336,6.331,6.336,400.0,CPG
2023-06-01 10:58:00,6.331,6.331,6.331,6.331,401.0,CPG
2023-06-01 10:57:00,6.341,6.341,6.331,6.336,1300.0,CPG
2023-06-01 10:56:00,6.341,6.341,6.336,6.341,9914.0,CPG
2023-06-01 10:55:00,6.336,6.341,6.336,6.341,14975.0,CPG
2023-06-01 10:54:00,6.326,6.331,6.321,6.331,26514.0,CPG
2023-06-01 10:53:00,6.321,6.326,6.321,6.321,34545.0,CPG
2023-06-01 10:52:00,6.311,6.321,6.311,6.321,610.0,CPG
2023-06-01 10:51:00,6.316,6.321,6.316,6.321,774.0,CPG
2023-06-01 10:50:00,6.321,6.326,6.316,6.316,31709.0,CPG
2023-06-01 10:49:00,6.316,6.316,6.316,6.316,200.0,CPG
2023-06-01 10:48:00,6.321,6.326,6.311,6.311,10651.0,CPG
2023-06-01 10:47:00,6.326,6.331,6.321,6.321,5595.0,CPG
2023-06-01 10:46:00,6.321,6.331,6.321,6.331,17890.0,CPG
2023-06-01 10:45:00,6.316,6.321,6.311,6.321,1954.0,CPG
2023-06-01 10:44:00,6.326,6.326,6.316,6.316,25433.0,CPG
2023-06-01 10:43:00,6.321,6.321,6.321,6.321,1006.0,CPG
2023-06-01 10:42:00,6.316,6.321,6.316,6.321,13144.0,CPG
2023-06-01 10:41:00,6.311,6.311,6.301,6.311,5328.0,CPG
2023-06-01 10:40:00,6.306,6.307,6.306,6.307,799.0,CPG
2023-06-01 10:39:00,6.301,6.306,6.301,6.301,1009.0,CPG
2023-06-01 10:38:00,6.301,6.301,6.301,6.301,12202.0,CPG
2023-06-01 10:37:00,6.311,6.311,6.301,6.306,9171.0,CPG
2023-06-01 10:36:00,6.311,6.316,6.311,6.316,4416.0,CPG
2023-06-01 10:35:00,6.301,6.301,6.301,6.301,4750.0,CPG
2023-06-01 10:34:00,6.286,6.301,6.286,6.301,2984.0,CPG
2023-06-01 10:33:00,6.281,6.281,6.281,6.281,3609.0,CPG
2023-06-01 10:32:00,6.281,6.286,6.281,6.281,11313.0,CPG
2023-06-01 10:31:00,6.274,6.281,6.271,6.281,6997.0,CPG
2023-06-01 10:30:00,6.281,6.281,6.266,6.271,2829.0,CPG
2023-06-01 10:29:00,6.285,6.285,6.281,6.281,2676.0,CPG
2023-06-01 10:28:00,6.281,6.286,6.281,6.286,2997.0,CPG
2023-06-01 10:27:00,6.276,6.281,6.276,6.281,10822.0,CPG
2023-06-01 10:26:00,6.281,6.281,6.276,6.276,543.0,CPG
2023-06-01 10:25:00,6.286,6.291,6.276,6.276,6515.0,CPG
2023-06-01 10:24:00,6.3,6.3,6.291,6.291,5585.0,CPG
2023-06-01 10:22:00,6.281,6.296,6.281,6.296,2677.0,CPG
2023-06-01 10:21:00,6.291,6.291,6.291,6.291,119.0,CPG
2023-06-01 10:20:00,6.281,6.286,6.281,6.286,2238.0,CPG
2023-06-01 10:19:00,6.271,6.281,6.271,6.281,1101.0,CPG
2023-06-01 10:18:00,6.271,6.276,6.271,6.271,30158.0,CPG
2023-06-01 10:17:00,6.271,6.276,6.261,6.261,5620.0,CPG
2023-06-01 10:16:00,6.281,6.281,6.281,6.281,6134.0,CPG
2023-06-01 10:15:00,6.276,6.281,6.276,6.281,11100.0,CPG
2023-06-01 10:14:00,6.271,6.281,6.271,6.271,6043.0,CPG
2023-06-01 10:13:00,6.281,6.281,6.266,6.271,21262.0,CPG
2023-06-01 10:12:00,6.281,6.289,6.281,6.289,6532.0,CPG
2023-06-01 10:11:00,6.281,6.281,6.276,6.281,2294.0,CPG
2023-06-01 10:10:00,6.271,6.276,6.271,6.276,364.0,CPG
2023-06-01 10:09:00,6.276,6.281,6.271,6.281,4436.0,CPG
2023-06-01 10:08:00,6.281,6.281,6.271,6.271,5831.0,CPG
2023-06-01 10:07:00,6.281,6.281,6.273,6.281,2641.0,CPG
2023-06-01 10:06:00,6.281,6.281,6.261,6.271,4955.0,CPG
2023-06-01 10:05:00,6.271,6.271,6.261,6.271,957.0,CPG
2023-06-01 10:04:00,6.262,6.271,6.256,6.271,48087.0,CPG
2023-06-01 10:03:00,6.252,6.262,6.252,6.261,13250.0,CPG
2023-06-01 10:02:00,6.242,6.262,6.242,6.261,4499.0,CPG
2023-06-01 10:01:00,6.252,6.252,6.242,6.242,4441.0,CPG
2023-06-01 10:00:00,6.242,6.252,6.242,6.242,2353.0,CPG
2023-06-01 09:59:00,6.232,6.238,6.232,6.232,3813.0,CPG
2023-06-01 09:58:00,6.232,6.232,6.232,6.232,2422.0,CPG
2023-06-01 09:57:00,6.247,6.247,6.232,6.232,5600.0,CPG
2023-06-01 09:56:00,6.252,6.252,6.242,6.252,23122.0,CPG
2023-06-01 09:55:00,6.252,6.252,6.252,6.252,538.0,CPG
2023-06-01 09:54:00,6.242,6.247,6.242,6.242,635.0,CPG
2023-06-01 09:53:00,6.242,6.242,6.232,6.232,5405.0,CPG
2023-06-01 09:52:00,6.237,6.242,6.232,6.232,7748.0,CPG
2023-06-01 09:51:00,6.235,6.242,6.235,6.242,604.0,CPG
2023-06-01 09:50:00,6.242,6.242,6.232,6.232,3720.0,CPG
2023-06-01 09:49:00,6.242,6.242,6.237,6.242,5088.0,CPG
2023-06-01 09:48:00,6.252,6.252,6.242,6.252,26603.0,CPG
2023-06-01 09:47:00,6.252,6.262,6.252,6.252,36284.0,CPG
2023-06-01 09:46:00,6.271,6.271,6.252,6.252,25450.0,CPG
2023-06-01 09:45:00,6.257,6.271,6.256,6.266,900.0,CPG
2023-06-01 09:44:00,6.242,6.252,6.232,6.252,4900.0,CPG
2023-06-01 09:43:00,6.262,6.262,6.252,6.252,7769.0,CPG
2023-06-01 09:42:00,6.262,6.271,6.261,6.261,4920.0,CPG
2023-06-01 09:41:00,6.281,6.281,6.261,6.261,3418.0,CPG
2023-06-01 09:40:00,6.291,6.291,6.271,6.271,2341.0,CPG
2023-06-01 09:39:00,6.271,6.281,6.271,6.281,5361.0,CPG
2023-06-01 09:38:00,6.281,6.281,6.261,6.261,4834.0,CPG
2023-06-01 09:37:00,6.271,6.281,6.262,6.281,3888.0,CPG
2023-06-01 09:36:00,6.262,6.271,6.261,6.271,6592.0,CPG
2023-06-01 09:35:00,6.242,6.257,6.242,6.252,9859.0,CPG
2023-06-01 09:34:00,6.237,6.242,6.232,6.242,4723.0,CPG
2023-06-01 09:33:00,6.266,6.266,6.242,6.242,10257.0,CPG
2023-06-01 09:32:00,6.271,6.271,6.261,6.261,13215.0,CPG
2023-06-01 09:31:00,6.242,6.262,6.242,6.261,2934.0,CPG
2023-06-01 09:30:00,6.252,6.271,6.242,6.242,20997.0,CPG
2023-06-01 09:28:00,6.281,6.281,6.281,6.281,1.0,CPG
2023-06-01 09:21:00,6.281,6.281,6.281,6.281,20.0,CPG
2023-06-01 08:31:00,6.242,6.242,6.242,6.242,1246.0,CPG
2023-06-01 08:21:00,6.341,6.341,6.341,6.341,10.0,CPG
2023-06-01 08:12:00,6.232,6.232,6.232,6.232,3000.0,CPG
2023-06-01 08:11:00,6.232,6.232,6.232,6.232,1040.0,CPG
2023-06-01 08:10:00,6.351,6.351,6.35,6.35,25.0,CPG
2023-06-01 08:09:00,6.242,6.242,6.242,6.242,200.0,CPG
2023-06-01 08:08:00,6.252,6.252,6.252,6.252,200.0,CPG
2023-06-01 08:07:00,6.349,6.349,6.349,6.349,1.0,CPG
2023-06-01 08:02:00,6.242,6.242,6.242,6.242,17.0,CPG
2023-06-01 08:00:00,6.242,6.281,6.242,6.281,101.0,CPG
2023-06-01 07:59:00,6.242,6.242,6.242,6.242,306.0,CPG
2023-06-01 07:51:00,6.252,6.252,6.252,6.252,400.0,CPG
2023-06-01 07:47:00,6.281,6.281,6.252,6.252,1300.0,CPG
2023-06-01 07:40:00,6.281,6.281,6.281,6.281,200.0,CPG
2023-06-01 07:35:00,6.252,6.252,6.242,6.242,316.0,CPG
2023-06-01 07:34:00,6.252,6.252,6.252,6.252,200.0,CPG
2023-06-01 07:25:00,6.242,6.242,6.222,6.222,200.0,CPG
2023-06-01 06:33:00,6.242,6.242,6.242,6.242,13.0,CPG
2023-06-01 06:29:00,6.252,6.252,6.242,6.242,90.0,CPG
2023-06-01 06:20:00,6.252,6.252,6.252,6.252,90.0,CPG
2023-05-31 19:03:00,6.331,6.331,6.331,6.331,15.0,CPG
2023-05-31 19:00:00,6.242,6.242,6.242,6.242,58103.0,CPG
2023-05-31 18:59:00,6.301,6.301,6.301,6.301,25.0,CPG
2023-05-31 18:55:00,6.291,6.291,6.291,6.291,100.0,CPG
2023-05-31 18:30:00,6.242,6.242,6.242,6.242,58103.0,CPG
2023-05-31 18:04:00,6.212,6.212,6.212,6.212,3985.0,CPG
2023-05-31 17:57:00,6.202,6.202,6.202,6.202,40.0,CPG
2023-05-31 17:49:00,6.212,6.212,6.212,6.212,101.0,CPG
2023-05-31 17:34:00,6.232,6.232,6.232,6.232,2.0,CPG
2023-05-31 17:32:00,6.252,6.252,6.252,6.252,8.0,CPG
2023-05-31 17:29:00,6.252,6.252,6.252,6.252,15.0,CPG
2023-05-31 17:17:00,6.37,6.37,6.37,6.37,1.0,CPG
2023-05-31 16:55:00,6.252,6.252,6.252,6.252,128.0,CPG
2023-05-31 16:37:00,6.252,6.252,6.252,6.252,8.0,CPG
2023-05-31 16:30:00,6.251,6.251,6.251,6.251,1.0,CPG
2023-05-31 16:11:00,6.252,6.252,6.252,6.252,300.0,CPG
2023-05-31 16:10:00,6.242,6.242,6.242,6.242,58103.0,CPG
2023-05-31 16:09:00,6.202,6.202,6.202,6.202,1.0,CPG
2023-05-31 16:07:00,6.223,6.223,6.223,6.223,1.0,CPG
2023-05-31 16:06:00,6.251,6.251,6.25,6.25,20.0,CPG
2023-05-31 16:01:00,6.252,6.252,6.252,6.252,250.0,CPG
2023-05-31 16:00:00,6.237,6.262,6.232,6.261,123166.0,CPG
2023-05-31 15:59:00,6.232,6.242,6.232,6.237,142761.0,CPG
2023-05-31 15:58:00,6.227,6.232,6.227,6.227,21324.0,CPG
2023-05-31 15:57:00,6.232,6.232,6.227,6.232,5763.0,CPG
2023-05-31 15:56:00,6.232,6.232,6.227,6.232,4790.0,CPG
2023-05-31 15:55:00,6.222,6.232,6.222,6.232,49312.0,CPG
2023-05-31 15:54:00,6.222,6.227,6.217,6.222,38558.0,CPG
2023-05-31 15:53:00,6.222,6.222,6.222,6.222,3924.0,CPG
2023-05-31 15:52:00,6.222,6.226,6.222,6.222,6850.0,CPG
2023-05-31 15:51:00,6.232,6.232,6.222,6.222,46004.0,CPG
2023-05-31 15:50:00,6.222,6.238,6.222,6.232,93192.0,CPG
2023-05-31 15:49:00,6.217,6.222,6.217,6.217,7458.0,CPG
2023-05-31 15:48:00,6.217,6.222,6.217,6.217,11258.0,CPG
2023-05-31 15:47:00,6.217,6.217,6.217,6.217,4266.0,CPG
2023-05-31 15:46:00,6.227,6.227,6.212,6.212,36076.0,CPG
2023-05-31 15:45:00,6.227,6.232,6.222,6.227,10935.0,CPG
2023-05-31 15:44:00,6.227,6.232,6.227,6.227,2300.0,CPG
2023-05-31 15:43:00,6.232,6.232,6.227,6.232,1818.0,CPG
2023-05-31 15:42:00,6.227,6.232,6.227,6.232,1703.0,CPG
2023-05-31 15:41:00,6.232,6.232,6.227,6.232,2752.0,CPG
2023-05-31 15:40:00,6.232,6.232,6.227,6.227,2247.0,CPG
2023-05-31 15:39:00,6.227,6.232,6.227,6.232,1320.0,CPG
2023-05-31 15:38:00,6.227,6.232,6.227,6.232,1300.0,CPG
2023-05-31 15:37:00,6.227,6.227,6.227,6.227,600.0,CPG
2023-05-31 15:36:00,6.222,6.232,6.222,6.232,5490.0,CPG
2023-05-31 15:35:00,6.222,6.228,6.222,6.222,25559.0,CPG
2023-05-31 15:34:00,6.222,6.222,6.222,6.222,10209.0,CPG
2023-05-31 15:33:00,6.215,6.222,6.212,6.212,15462.0,CPG
2023-05-31 15:32:00,6.222,6.222,6.217,6.217,2010.0,CPG
2023-05-31 15:31:00,6.222,6.222,6.214,6.217,12609.0,CPG
2023-05-31 15:30:00,6.222,6.222,6.222,6.222,2100.0,CPG
2023-05-31 15:29:00,6.212,6.212,6.212,6.212,121.0,CPG
2023-05-31 15:28:00,6.222,6.222,6.222,6.222,786.0,CPG
2023-05-31 15:27:00,6.212,6.222,6.212,6.222,1997.0,CPG
2023-05-31 15:26:00,6.212,6.217,6.212,6.212,1845.0,CPG
2023-05-31 15:25:00,6.227,6.227,6.222,6.222,30509.0,CPG
2023-05-31 15:24:00,6.222,6.227,6.222,6.222,10300.0,CPG
2023-05-31 15:23:00,6.232,6.232,6.232,6.232,900.0,CPG
2023-05-31 15:22:00,6.232,6.232,6.227,6.227,1248.0,CPG
2023-05-31 15:21:00,6.222,6.227,6.222,6.227,28427.0,CPG
2023-05-31 15:20:00,6.222,6.222,6.212,6.222,6503.0,CPG
2023-05-31 15:19:00,6.217,6.222,6.212,6.222,2155.0,CPG
2023-05-31 15:18:00,6.202,6.222,6.202,6.222,108527.0,CPG
2023-05-31 15:17:00,6.207,6.211,6.202,6.202,8928.0,CPG
2023-05-31 15:16:00,6.207,6.212,6.207,6.212,3761.0,CPG
2023-05-31 15:15:00,6.207,6.212,6.207,6.212,1468.0,CPG
2023-05-31 15:14:00,6.212,6.212,6.212,6.212,410.0,CPG
2023-05-31 15:12:00,6.202,6.212,6.202,6.207,4377.0,CPG
2023-05-31 15:11:00,6.202,6.207,6.202,6.202,21777.0,CPG
2023-05-31 15:10:00,6.202,6.202,6.202,6.202,22382.0,CPG
2023-05-31 15:09:00,6.207,6.207,6.207,6.207,100.0,CPG
2023-05-31 15:08:00,6.202,6.207,6.197,6.202,36618.0,CPG
2023-05-31 15:07:00,6.197,6.202,6.196,6.196,3188.0,CPG
2023-05-31 15:06:00,6.197,6.197,6.197,6.197,100.0,CPG
2023-05-31 15:05:00,6.197,6.202,6.192,6.197,1705.0,CPG
2023-05-31 15:04:00,6.192,6.197,6.192,6.192,1235.0,CPG
2023-05-31 15:03:00,6.192,6.192,6.192,6.192,302.0,CPG
2023-05-31 15:02:00,6.183,6.202,6.182,6.192,15474.0,CPG
2023-05-31 15:01:00,6.192,6.192,6.187,6.187,16444.0,CPG
2023-05-31 15:00:00,6.197,6.201,6.192,6.192,4174.0,CPG
2023-05-31 14:59:00,6.192,6.202,6.192,6.197,3743.0,CPG
2023-05-31 14:58:00,6.202,6.202,6.197,6.197,2685.0,CPG
2023-05-31 14:57:00,6.192,6.202,6.192,6.202,2158.0,CPG
2023-05-31 14:56:00,6.192,6.192,6.192,6.192,1985.0,CPG
2023-05-31 14:55:00,6.192,6.194,6.192,6.192,2317.0,CPG
2023-05-31 14:54:00,6.192,6.192,6.192,6.192,808.0,CPG
2023-05-31 14:53:00,6.192,6.198,6.182,6.192,20902.0,CPG
2023-05-31 14:52:00,6.187,6.192,6.182,6.192,8693.0,CPG
2023-05-31 14:51:00,6.182,6.192,6.182,6.187,6190.0,CPG
2023-05-31 14:50:00,6.197,6.197,6.187,6.192,17779.0,CPG
2023-05-31 14:49:00,6.202,6.202,6.197,6.202,3632.0,CPG
2023-05-31 14:48:00,6.202,6.202,6.197,6.202,6237.0,CPG
2023-05-31 14:47:00,6.202,6.202,6.202,6.202,1997.0,CPG
2023-05-31 14:46:00,6.202,6.202,6.202,6.202,1000.0,CPG
2023-05-31 14:45:00,6.207,6.207,6.207,6.207,402.0,CPG
2023-05-31 14:44:00,6.212,6.212,6.212,6.212,33249.0,CPG
2023-05-31 14:43:00,6.212,6.217,6.212,6.213,14848.0,CPG
2023-05-31 14:42:00,6.212,6.212,6.207,6.207,3080.0,CPG
2023-05-31 14:41:00,6.212,6.212,6.207,6.207,798.0,CPG
2023-05-31 14:40:00,6.202,6.202,6.202,6.202,2503.0,CPG
2023-05-31 14:39:00,6.207,6.212,6.207,6.212,2160.0,CPG
2023-05-31 14:38:00,6.207,6.212,6.202,6.207,2925.0,CPG
2023-05-31 14:37:00,6.212,6.212,6.202,6.202,13383.0,CPG
2023-05-31 14:36:00,6.212,6.222,6.207,6.222,63359.0,CPG
2023-05-31 14:35:00,6.207,6.207,6.207,6.207,2363.0,CPG
2023-05-31 14:34:00,6.202,6.202,6.202,6.202,722.0,CPG
2023-05-31 14:33:00,6.202,6.209,6.202,6.209,6506.0,CPG
2023-05-31 14:32:00,6.202,6.202,6.202,6.202,332.0,CPG
2023-05-31 14:31:00,6.207,6.207,6.202,6.202,22170.0,CPG
2023-05-31 14:30:00,6.212,6.212,6.207,6.207,3503.0,CPG
2023-05-31 14:29:00,6.202,6.207,6.202,6.202,3057.0,CPG
2023-05-31 14:28:00,6.207,6.212,6.202,6.205,1122.0,CPG
2023-05-31 14:27:00,6.212,6.212,6.207,6.207,3441.0,CPG
2023-05-31 14:26:00,6.202,6.202,6.202,6.202,1456.0,CPG
2023-05-31 14:25:00,6.212,6.212,6.202,6.202,6695.0,CPG
2023-05-31 14:24:00,6.207,6.212,6.207,6.212,829.0,CPG
2023-05-31 14:23:00,6.212,6.212,6.212,6.212,630.0,CPG
2023-05-31 14:22:00,6.202,6.212,6.202,6.212,1200.0,CPG
2023-05-31 14:21:00,6.207,6.212,6.207,6.212,5800.0,CPG
2023-05-31 14:20:00,6.207,6.212,6.202,6.207,1006.0,CPG
2023-05-31 14:19:00,6.212,6.212,6.206,6.212,29041.0,CPG
2023-05-31 14:18:00,6.207,6.207,6.202,6.202,2005.0,CPG
2023-05-31 14:17:00,6.202,6.212,6.202,6.212,2407.0,CPG
2023-05-31 14:16:00,6.212,6.212,6.202,6.202,7450.0,CPG
2023-05-31 14:15:00,6.217,6.217,6.212,6.212,902.0,CPG
2023-05-31 14:14:00,6.222,6.222,6.217,6.222,13203.0,CPG
2023-05-31 14:13:00,6.217,6.217,6.212,6.212,1518.0,CPG
2023-05-31 14:12:00,6.212,6.212,6.212,6.212,584.0,CPG
2023-05-31 14:09:00,6.212,6.218,6.207,6.212,20520.0,CPG
2023-05-31 14:08:00,6.212,6.212,6.212,6.212,1000.0,CPG
2023-05-31 14:07:00,6.212,6.213,6.212,6.212,12357.0,CPG
2023-05-31 14:06:00,6.212,6.222,6.212,6.212,1500.0,CPG
2023-05-31 14:05:00,6.217,6.219,6.217,6.218,1250.0,CPG
2023-05-31 14:04:00,6.212,6.222,6.212,6.217,1155.0,CPG
2023-05-31 14:03:00,6.222,6.222,6.212,6.212,26539.0,CPG
2023-05-31 14:02:00,6.222,6.232,6.222,6.232,3472.0,CPG
2023-05-31 14:01:00,6.222,6.222,6.222,6.222,900.0,CPG
2023-05-31 14:00:00,6.227,6.227,6.227,6.227,945.0,CPG
2023-05-31 13:59:00,6.232,6.232,6.232,6.232,3106.0,CPG
2023-05-31 13:58:00,6.232,6.232,6.231,6.232,1347.0,CPG
2023-05-31 13:57:00,6.232,6.232,6.232,6.232,402.0,CPG
2023-05-31 13:56:00,6.232,6.232,6.227,6.232,15127.0,CPG
2023-05-31 13:55:00,6.227,6.232,6.227,6.232,3872.0,CPG
2023-05-31 13:54:00,6.232,6.232,6.222,6.222,2441.0,CPG
2023-05-31 13:53:00,6.227,6.232,6.227,6.232,1927.0,CPG
2023-05-31 13:51:00,6.222,6.227,6.212,6.227,17347.0,CPG
2023-05-31 13:50:00,6.212,6.222,6.212,6.222,3500.0,CPG
2023-05-31 13:49:00,6.222,6.222,6.214,6.214,3302.0,CPG
2023-05-31 13:48:00,6.222,6.222,6.222,6.222,4909.0,CPG
2023-05-31 13:47:00,6.222,6.222,6.222,6.222,204.0,CPG
2023-05-31 13:46:00,6.222,6.222,6.222,6.222,391.0,CPG
2023-05-31 13:45:00,6.232,6.232,6.222,6.222,1761.0,CPG
2023-05-31 13:44:00,6.233,6.233,6.227,6.232,21956.0,CPG
2023-05-31 13:43:00,6.237,6.237,6.232,6.237,801.0,CPG
2023-05-31 13:42:00,6.242,6.242,6.237,6.238,608.0,CPG
2023-05-31 13:41:00,6.232,6.232,6.232,6.232,23189.0,CPG
2023-05-31 13:40:00,6.232,6.232,6.227,6.232,2530.0,CPG
2023-05-31 13:39:00,6.222,6.227,6.222,6.227,6722.0,CPG
2023-05-31 13:38:00,6.212,6.222,6.212,6.222,17253.0,CPG
2023-05-31 13:37:00,6.212,6.217,6.212,6.213,2077.0,CPG
2023-05-31 13:36:00,6.223,6.223,6.212,6.212,9589.0,CPG
2023-05-31 13:35:00,6.222,6.227,6.222,6.222,12850.0,CPG
2023-05-31 13:33:00,6.222,6.222,6.222,6.222,500.0,CPG
2023-05-31 13:32:00,6.217,6.217,6.217,6.217,1041.0,CPG
2023-05-31 13:31:00,6.217,6.218,6.217,6.218,613.0,CPG
2023-05-31 13:30:00,6.207,6.222,6.207,6.222,6527.0,CPG
2023-05-31 13:29:00,6.207,6.212,6.202,6.212,1970.0,CPG
2023-05-31 13:28:00,6.212,6.212,6.207,6.207,16908.0,CPG
2023-05-31 13:27:00,6.212,6.212,6.212,6.212,525.0,CPG
2023-05-31 13:26:00,6.212,6.212,6.212,6.212,152.0,CPG
2023-05-31 13:25:00,6.212,6.212,6.212,6.212,1505.0,CPG
2023-05-31 13:24:00,6.212,6.212,6.212,6.212,710.0,CPG
2023-05-31 13:23:00,6.212,6.212,6.212,6.212,600.0,CPG
2023-05-31 13:22:00,6.212,6.212,6.212,6.212,17611.0,CPG
2023-05-31 13:21:00,6.212,6.212,6.207,6.207,5452.0,CPG
2023-05-31 13:20:00,6.212,6.217,6.212,6.212,1000.0,CPG
2023-05-31 13:19:00,6.224,6.224,6.217,6.217,21920.0,CPG
2023-05-31 13:18:00,6.222,6.222,6.222,6.222,4412.0,CPG
2023-05-31 13:17:00,6.232,6.232,6.222,6.227,1768.0,CPG
2023-05-31 13:16:00,6.222,6.227,6.222,6.227,947.0,CPG
2023-05-31 13:15:00,6.222,6.232,6.222,6.232,9250.0,CPG
2023-05-31 13:14:00,6.222,6.222,6.217,6.217,545.0,CPG
2023-05-31 13:13:00,6.222,6.222,6.222,6.222,790.0,CPG
2023-05-31 13:12:00,6.217,6.222,6.217,6.222,16471.0,CPG
2023-05-31 13:11:00,6.217,6.217,6.214,6.215,2206.0,CPG
2023-05-31 13:10:00,6.222,6.222,6.217,6.217,505.0,CPG
2023-05-31 13:09:00,6.212,6.212,6.212,6.212,145.0,CPG
2023-05-31 13:08:00,6.212,6.212,6.212,6.212,2500.0,CPG
2023-05-31 13:07:00,6.21,6.217,6.21,6.212,22897.0,CPG
2023-05-31 13:06:00,6.212,6.212,6.207,6.212,5012.0,CPG
2023-05-31 13:05:00,6.212,6.212,6.207,6.207,1496.0,CPG
2023-05-31 13:04:00,6.212,6.217,6.212,6.212,1025.0,CPG
2023-05-31 13:03:00,6.217,6.217,6.212,6.212,3859.0,CPG
2023-05-31 13:02:00,6.217,6.222,6.212,6.217,1907.0,CPG
2023-05-31 13:01:00,6.212,6.212,6.212,6.212,1097.0,CPG
2023-05-31 13:00:00,6.212,6.217,6.212,6.212,2205.0,CPG
2023-05-31 12:59:00,6.212,6.222,6.212,6.212,2530.0,CPG
2023-05-31 12:58:00,6.222,6.222,6.212,6.212,7470.0,CPG
2023-05-31 12:57:00,6.222,6.225,6.222,6.222,1722.0,CPG
2023-05-31 12:56:00,6.222,6.222,6.222,6.222,15975.0,CPG
2023-05-31 12:55:00,6.232,6.232,6.232,6.232,9969.0,CPG
2023-05-31 12:53:00,6.232,6.234,6.232,6.234,2934.0,CPG
2023-05-31 12:52:00,6.232,6.237,6.222,6.232,16210.0,CPG
2023-05-31 12:51:00,6.222,6.242,6.222,6.237,30048.0,CPG
2023-05-31 12:50:00,6.232,6.232,6.222,6.222,2245.0,CPG
2023-05-31 12:49:00,6.232,6.232,6.227,6.227,1382.0,CPG
2023-05-31 12:48:00,6.237,6.237,6.23,6.231,8406.0,CPG
2023-05-31 12:47:00,6.227,6.237,6.222,6.237,17592.0,CPG
2023-05-31 12:46:00,6.227,6.227,6.225,6.227,2500.0,CPG
2023-05-31 12:45:00,6.232,6.232,6.227,6.227,13011.0,CPG
2023-05-31 12:43:00,6.232,6.232,6.232,6.232,11509.0,CPG
2023-05-31 12:42:00,6.227,6.232,6.227,6.227,503.0,CPG
2023-05-31 12:41:00,6.227,6.23,6.222,6.222,1420.0,CPG
2023-05-31 12:40:00,6.222,6.227,6.222,6.227,225.0,CPG
2023-05-31 12:39:00,6.222,6.232,6.222,6.222,1800.0,CPG
2023-05-31 12:38:00,6.222,6.228,6.222,6.227,4815.0,CPG
2023-05-31 12:37:00,6.222,6.222,6.217,6.222,9488.0,CPG
2023-05-31 12:36:00,6.222,6.222,6.217,6.222,3064.0,CPG
2023-05-31 12:35:00,6.232,6.232,6.222,6.222,3140.0,CPG
2023-05-31 12:34:00,6.227,6.232,6.222,6.227,2982.0,CPG
2023-05-31 12:33:00,6.227,6.227,6.227,6.227,500.0,CPG
2023-05-31 12:32:00,6.232,6.237,6.227,6.227,6706.0,CPG
2023-05-31 12:31:00,6.242,6.242,6.237,6.237,10985.0,CPG
2023-05-31 12:30:00,6.242,6.242,6.242,6.242,105.0,CPG
2023-05-31 12:29:00,6.242,6.242,6.242,6.242,138.0,CPG
2023-05-31 12:28:00,6.252,6.252,6.242,6.247,1075.0,CPG
2023-05-31 12:27:00,6.257,6.257,6.252,6.252,19624.0,CPG
2023-05-31 12:26:00,6.262,6.262,6.261,6.261,580.0,CPG
2023-05-31 12:25:00,6.257,6.257,6.252,6.256,1678.0,CPG
2023-05-31 12:24:00,6.247,6.262,6.247,6.256,20296.0,CPG
2023-05-31 12:23:00,6.247,6.247,6.247,6.247,3225.0,CPG
2023-05-31 12:22:00,6.232,6.252,6.232,6.247,12171.0,CPG
2023-05-31 12:21:00,6.242,6.242,6.237,6.239,10424.0,CPG
2023-05-31 12:20:00,6.237,6.242,6.237,6.242,2610.0,CPG
2023-05-31 12:19:00,6.232,6.237,6.232,6.237,1235.0,CPG
2023-05-31 12:18:00,6.242,6.247,6.237,6.237,21898.0,CPG
2023-05-31 12:16:00,6.242,6.242,6.237,6.237,882.0,CPG
2023-05-31 12:15:00,6.242,6.242,6.238,6.242,1396.0,CPG
2023-05-31 12:14:00,6.232,6.238,6.222,6.237,14254.0,CPG
2023-05-31 12:13:00,6.222,6.232,6.222,6.227,21733.0,CPG
2023-05-31 12:12:00,6.227,6.227,6.222,6.222,1039.0,CPG
2023-05-31 12:11:00,6.232,6.232,6.222,6.222,33070.0,CPG
2023-05-31 12:10:00,6.232,6.232,6.227,6.232,29965.0,CPG
2023-05-31 12:09:00,6.222,6.222,6.222,6.222,10304.0,CPG
2023-05-31 12:08:00,6.227,6.232,6.222,6.227,3630.0,CPG
2023-05-31 12:07:00,6.232,6.232,6.227,6.227,2235.0,CPG
2023-05-31 12:06:00,6.232,6.232,6.227,6.232,25381.0,CPG
2023-05-31 12:05:00,6.247,6.247,6.237,6.242,13648.0,CPG
2023-05-31 12:04:00,6.242,6.247,6.242,6.247,29527.0,CPG
2023-05-31 12:03:00,6.252,6.252,6.251,6.251,310.0,CPG
2023-05-31 12:02:00,6.246,6.246,6.246,6.246,585.0,CPG
2023-05-31 12:01:00,6.251,6.251,6.251,6.251,160.0,CPG
2023-05-31 12:00:00,6.252,6.252,6.242,6.242,611.0,CPG
2023-05-31 11:59:00,6.242,6.252,6.232,6.247,23967.0,CPG
2023-05-31 11:58:00,6.242,6.242,6.237,6.237,755.0,CPG
2023-05-31 11:57:00,6.252,6.252,6.242,6.242,15112.0,CPG
2023-05-31 11:56:00,6.252,6.252,6.251,6.252,6701.0,CPG
2023-05-31 11:55:00,6.262,6.266,6.252,6.252,15835.0,CPG
2023-05-31 11:54:00,6.252,6.262,6.252,6.261,6068.0,CPG
2023-05-31 11:53:00,6.252,6.252,6.242,6.242,767.0,CPG
2023-05-31 11:52:00,6.252,6.252,6.242,6.247,1265.0,CPG
2023-05-31 11:51:00,6.237,6.252,6.237,6.247,17768.0,CPG
2023-05-31 11:50:00,6.252,6.252,6.237,6.237,19795.0,CPG
2023-05-31 11:49:00,6.252,6.252,6.251,6.251,10000.0,CPG
2023-05-31 11:48:00,6.252,6.252,6.242,6.252,2623.0,CPG
2023-05-31 11:47:00,6.252,6.257,6.247,6.252,31622.0,CPG
2023-05-31 11:46:00,6.242,6.242,6.242,6.242,685.0,CPG
2023-05-31 11:45:00,6.247,6.252,6.247,6.247,1600.0,CPG
2023-05-31 11:44:00,6.257,6.262,6.247,6.252,13188.0,CPG
2023-05-31 11:43:00,6.262,6.262,6.256,6.256,2700.0,CPG
2023-05-31 11:42:00,6.262,6.262,6.252,6.252,3230.0,CPG
2023-05-31 11:41:00,6.257,6.262,6.256,6.261,10683.0,CPG
2023-05-31 11:40:00,6.262,6.262,6.261,6.261,29550.0,CPG
2023-05-31 11:39:00,6.266,6.266,6.261,6.261,1979.0,CPG
2023-05-31 11:38:00,6.262,6.271,6.261,6.271,20121.0,CPG
2023-05-31 11:37:00,6.262,6.262,6.256,6.261,1763.0,CPG
2023-05-31 11:36:00,6.262,6.262,6.26,6.26,500.0,CPG
2023-05-31 11:35:00,6.257,6.262,6.256,6.261,200.0,CPG
2023-05-31 11:34:00,6.262,6.262,6.261,6.261,105.0,CPG
2023-05-31 11:33:00,6.262,6.271,6.256,6.261,35972.0,CPG
2023-05-31 11:32:00,6.252,6.262,6.252,6.261,15006.0,CPG
2023-05-31 11:31:00,6.247,6.252,6.242,6.242,1704.0,CPG
2023-05-31 11:30:00,6.242,6.252,6.232,6.242,28067.0,CPG
2023-05-31 11:29:00,6.237,6.242,6.237,6.237,634.0,CPG
2023-05-31 11:28:00,6.242,6.247,6.232,6.242,21023.0,CPG
2023-05-31 11:27:00,6.252,6.252,6.247,6.247,300.0,CPG
2023-05-31 11:26:00,6.252,6.252,6.252,6.252,12288.0,CPG
2023-05-31 11:25:00,6.242,6.252,6.242,6.247,2650.0,CPG
2023-05-31 11:24:00,6.252,6.252,6.247,6.247,4461.0,CPG
2023-05-31 11:23:00,6.247,6.247,6.242,6.242,841.0,CPG
2023-05-31 11:22:00,6.262,6.262,6.242,6.252,15978.0,CPG
2023-05-31 11:21:00,6.257,6.262,6.256,6.261,1352.0,CPG
2023-05-31 11:20:00,6.262,6.262,6.26,6.261,10384.0,CPG
2023-05-31 11:19:00,6.262,6.262,6.261,6.261,2388.0,CPG
2023-05-31 11:18:00,6.262,6.271,6.261,6.261,13548.0,CPG
2023-05-31 11:17:00,6.262,6.266,6.261,6.266,14615.0,CPG
2023-05-31 11:16:00,6.262,6.262,6.252,6.256,1021.0,CPG
2023-05-31 11:15:00,6.252,6.262,6.252,6.256,4148.0,CPG
2023-05-31 11:14:00,6.252,6.252,6.252,6.252,1778.0,CPG
2023-05-31 11:13:00,6.252,6.262,6.252,6.261,3557.0,CPG
2023-05-31 11:12:00,6.252,6.252,6.252,6.252,6100.0,CPG
2023-05-31 11:11:00,6.261,6.261,6.252,6.256,21500.0,CPG
2023-05-31 11:10:00,6.262,6.266,6.261,6.261,26563.0,CPG
2023-05-31 11:09:00,6.266,6.266,6.256,6.261,2376.0,CPG
2023-05-31 11:08:00,6.271,6.271,6.261,6.261,3175.0,CPG
2023-05-31 11:07:00,6.269,6.269,6.266,6.266,407.0,CPG
2023-05-31 11:06:00,6.276,6.276,6.266,6.271,10804.0,CPG
2023-05-31 11:05:00,6.286,6.291,6.271,6.281,25703.0,CPG
2023-05-31 11:04:00,6.286,6.286,6.286,6.286,387.0,CPG
2023-05-31 11:03:00,6.281,6.281,6.281,6.281,1061.0,CPG
2023-05-31 11:02:00,6.291,6.301,6.286,6.291,15173.0,CPG
2023-05-31 11:01:00,6.276,6.291,6.276,6.286,9910.0,CPG
2023-05-31 11:00:00,6.281,6.286,6.271,6.271,51663.0,CPG
2023-05-31 10:59:00,6.281,6.281,6.281,6.281,1826.0,CPG
2023-05-31 10:58:00,6.281,6.281,6.281,6.281,500.0,CPG
2023-05-31 10:57:00,6.291,6.291,6.291,6.291,4157.0,CPG
2023-05-31 10:56:00,6.301,6.301,6.291,6.291,6210.0,CPG
2023-05-31 10:55:00,6.294,6.296,6.291,6.296,1700.0,CPG
2023-05-31 10:54:00,6.291,6.301,6.291,6.301,20157.0,CPG
2023-05-31 10:52:00,6.291,6.291,6.291,6.291,1355.0,CPG
2023-05-31 10:51:00,6.291,6.296,6.291,6.291,12986.0,CPG
2023-05-31 10:50:00,6.301,6.301,6.291,6.301,3500.0,CPG
2023-05-31 10:49:00,6.301,6.306,6.301,6.301,7800.0,CPG
2023-05-31 10:48:00,6.311,6.311,6.301,6.301,1972.0,CPG
2023-05-31 10:47:00,6.321,6.321,6.311,6.311,8914.0,CPG
2023-05-31 10:46:00,6.321,6.321,6.316,6.321,2398.0,CPG
2023-05-31 10:45:00,6.301,6.326,6.301,6.326,23677.0,CPG
2023-05-31 10:44:00,6.311,6.311,6.311,6.311,2839.0,CPG
2023-05-31 10:43:00,6.321,6.326,6.316,6.316,11261.0,CPG
2023-05-31 10:42:00,6.321,6.326,6.321,6.326,7284.0,CPG
2023-05-31 10:41:00,6.321,6.321,6.311,6.321,8192.0,CPG
2023-05-31 10:40:00,6.331,6.331,6.321,6.321,4679.0,CPG
2023-05-31 10:39:00,6.322,6.322,6.321,6.321,3671.0,CPG
2023-05-31 10:38:00,6.311,6.321,6.306,6.321,16414.0,CPG
2023-05-31 10:37:00,6.321,6.321,6.311,6.311,11118.0,CPG
2023-05-31 10:36:00,6.311,6.321,6.311,6.321,14736.0,CPG
2023-05-31 10:35:00,6.301,6.311,6.301,6.311,5121.0,CPG
2023-05-31 10:34:00,6.311,6.311,6.311,6.311,3592.0,CPG
2023-05-31 10:33:00,6.311,6.321,6.311,6.311,25261.0,CPG
2023-05-31 10:32:00,6.291,6.311,6.291,6.311,14111.0,CPG
2023-05-31 10:31:00,6.281,6.291,6.281,6.291,2325.0,CPG
2023-05-31 10:30:00,6.291,6.291,6.291,6.291,2550.0,CPG
2023-05-31 10:29:00,6.291,6.291,6.291,6.291,650.0,CPG
2023-05-31 10:28:00,6.291,6.291,6.291,6.291,11401.0,CPG
2023-05-31 10:27:00,6.29,6.291,6.29,6.291,6605.0,CPG
2023-05-31 10:26:00,6.291,6.296,6.291,6.291,14535.0,CPG
2023-05-31 10:25:00,6.301,6.301,6.296,6.296,5982.0,CPG
2023-05-31 10:24:00,6.311,6.311,6.311,6.311,7098.0,CPG
2023-05-31 10:23:00,6.301,6.301,6.301,6.301,276.0,CPG
2023-05-31 10:22:00,6.311,6.311,6.301,6.301,10999.0,CPG
2023-05-31 10:21:00,6.311,6.311,6.305,6.311,13097.0,CPG
2023-05-31 10:20:00,6.311,6.321,6.311,6.316,7807.0,CPG
2023-05-31 10:19:00,6.316,6.316,6.311,6.312,9246.0,CPG
2023-05-31 10:18:00,6.301,6.321,6.301,6.316,14017.0,CPG
2023-05-31 10:17:00,6.311,6.311,6.311,6.311,27308.0,CPG
2023-05-31 10:16:00,6.311,6.311,6.311,6.311,15290.0,CPG
2023-05-31 10:15:00,6.331,6.331,6.316,6.321,3289.0,CPG
2023-05-31 10:14:00,6.321,6.331,6.321,6.321,2896.0,CPG
2023-05-31 10:13:00,6.311,6.321,6.306,6.321,9098.0,CPG
2023-05-31 10:12:00,6.311,6.311,6.301,6.306,25705.0,CPG
2023-05-31 10:11:00,6.311,6.321,6.311,6.321,4443.0,CPG
2023-05-31 10:10:00,6.321,6.321,6.311,6.311,4749.0,CPG
2023-05-31 10:09:00,6.321,6.331,6.321,6.321,5392.0,CPG
2023-05-31 10:08:00,6.321,6.326,6.321,6.326,2102.0,CPG
2023-05-31 10:07:00,6.303,6.336,6.301,6.321,24146.0,CPG
2023-05-31 10:06:00,6.321,6.321,6.321,6.321,6197.0,CPG
2023-05-31 10:05:00,6.331,6.336,6.321,6.331,7185.0,CPG
2023-05-31 10:04:00,6.331,6.331,6.326,6.331,21090.0,CPG
2023-05-31 10:03:00,6.311,6.331,6.301,6.331,31110.0,CPG
2023-05-31 10:02:00,6.321,6.321,6.311,6.321,1993.0,CPG
2023-05-31 10:01:00,6.331,6.331,6.316,6.321,12715.0,CPG
2023-05-31 10:00:00,6.346,6.346,6.331,6.331,1567.0,CPG
2023-05-31 09:59:00,6.351,6.351,6.35,6.35,244.0,CPG
2023-05-31 09:58:00,6.341,6.343,6.34,6.343,3500.0,CPG
2023-05-31 09:57:00,6.336,6.341,6.326,6.341,35729.0,CPG
2023-05-31 09:56:00,6.331,6.331,6.326,6.331,6922.0,CPG
2023-05-31 09:55:00,6.331,6.34,6.331,6.331,4809.0,CPG
2023-05-31 09:54:00,6.341,6.341,6.331,6.331,18784.0,CPG
2023-05-31 09:53:00,6.336,6.341,6.321,6.331,14682.0,CPG
2023-05-31 09:52:00,6.336,6.341,6.331,6.341,8095.0,CPG
2023-05-31 09:51:00,6.306,6.331,6.306,6.331,23125.0,CPG
2023-05-31 09:50:00,6.311,6.311,6.301,6.301,48255.0,CPG
2023-05-31 09:49:00,6.311,6.321,6.306,6.311,7937.0,CPG
2023-05-31 09:48:00,6.321,6.321,6.311,6.311,25717.0,CPG
2023-05-31 09:47:00,6.331,6.331,6.316,6.321,8253.0,CPG
2023-05-31 09:46:00,6.341,6.351,6.331,6.331,44046.0,CPG
2023-05-31 09:45:00,6.346,6.351,6.336,6.341,16861.0,CPG
2023-05-31 09:44:00,6.351,6.351,6.35,6.35,201.0,CPG
2023-05-31 09:43:00,6.341,6.341,6.341,6.341,10002.0,CPG
2023-05-31 09:42:00,6.341,6.351,6.34,6.35,10143.0,CPG
2023-05-31 09:41:00,6.336,6.341,6.336,6.341,3273.0,CPG
2023-05-31 09:40:00,6.351,6.351,6.34,6.341,5634.0,CPG
2023-05-31 09:39:00,6.359,6.359,6.359,6.359,305.0,CPG
2023-05-31 09:38:00,6.36,6.36,6.35,6.35,28527.0,CPG
2023-05-31 09:37:00,6.351,6.36,6.35,6.36,35456.0,CPG
2023-05-31 09:36:00,6.341,6.351,6.341,6.346,4057.0,CPG
2023-05-31 09:35:00,6.341,6.349,6.336,6.341,6822.0,CPG
2023-05-31 09:34:00,6.341,6.341,6.311,6.331,41444.0,CPG
2023-05-31 09:33:00,6.341,6.341,6.326,6.34,41787.0,CPG
2023-05-31 09:32:00,6.341,6.351,6.341,6.341,4535.0,CPG
2023-05-31 09:31:00,6.321,6.341,6.316,6.341,14617.0,CPG
2023-05-31 09:30:00,6.311,6.321,6.291,6.321,52761.0,CPG
2023-05-31 09:28:00,6.351,6.351,6.311,6.311,74.0,CPG
2023-05-31 09:27:00,6.351,6.351,6.35,6.35,2.0,CPG
2023-05-31 09:23:00,6.331,6.341,6.331,6.341,734.0,CPG
2023-05-31 09:22:00,6.331,6.341,6.331,6.341,1100.0,CPG
2023-05-31 09:17:00,6.311,6.311,6.311,6.311,1237.0,CPG
2023-05-31 09:14:00,6.311,6.311,6.311,6.311,500.0,CPG
2023-05-31 09:11:00,6.311,6.311,6.301,6.311,503.0,CPG
2023-05-31 09:08:00,6.311,6.311,6.311,6.311,54.0,CPG
2023-05-31 09:07:00,6.301,6.301,6.301,6.301,68.0,CPG
2023-05-31 09:04:00,6.301,6.301,6.301,6.301,1.0,CPG
2023-05-31 08:58:00,6.311,6.311,6.311,6.311,4.0,CPG
2023-05-31 08:51:00,6.311,6.311,6.311,6.311,8.0,CPG
2023-05-31 08:44:00,6.301,6.301,6.301,6.301,2.0,CPG
2023-05-31 08:29:00,6.291,6.291,6.291,6.291,1.0,CPG
2023-05-31 08:28:00,6.271,6.271,6.271,6.271,1000.0,CPG
2023-05-31 08:26:00,6.291,6.291,6.291,6.291,2.0,CPG
2023-05-31 08:25:00,6.281,6.281,6.281,6.281,1000.0,CPG
2023-05-31 08:24:00,6.281,6.281,6.281,6.281,1250.0,CPG
2023-05-31 08:18:00,6.311,6.311,6.311,6.311,1.0,CPG
2023-05-31 08:13:00,6.291,6.291,6.281,6.281,360.0,CPG
2023-05-31 08:09:00,6.291,6.291,6.291,6.291,700.0,CPG
2023-05-31 08:07:00,6.291,6.291,6.291,6.291,300.0,CPG
2023-05-31 08:03:00,6.301,6.301,6.301,6.301,40.0,CPG
2023-05-31 08:02:00,6.311,6.311,6.311,6.311,1.0,CPG
2023-05-31 08:01:00,6.301,6.301,6.301,6.301,100.0,CPG
2023-05-31 08:00:00,6.311,6.311,6.301,6.311,1500.0,CPG
2023-05-31 07:58:00,6.301,6.301,6.301,6.301,400.0,CPG
2023-05-31 07:55:00,6.301,6.301,6.301,6.301,263.0,CPG
2023-05-31 07:54:00,6.301,6.301,6.301,6.301,100.0,CPG
2023-05-31 07:46:00,6.311,6.311,6.311,6.311,100.0,CPG
2023-05-31 07:32:00,6.341,6.341,6.341,6.341,2.0,CPG
2023-05-31 07:31:00,6.291,6.291,6.281,6.281,1000.0,CPG
2023-05-31 07:22:00,6.281,6.311,6.281,6.281,1500.0,CPG
2023-05-31 07:07:00,6.321,6.321,6.321,6.321,100.0,CPG
2023-05-31 07:00:00,6.341,6.341,6.301,6.301,1624.0,CPG
2023-05-31 06:59:00,6.331,6.331,6.321,6.321,90.0,CPG
2023-05-31 06:55:00,6.351,6.351,6.35,6.35,20.0,CPG
2023-05-31 06:06:00,6.4,6.4,6.4,6.4,23.0,CPG
2023-05-31 04:48:00,6.4,6.4,6.35,6.35,307.0,CPG
2023-05-31 04:47:00,6.44,6.44,6.439,6.439,731.0,CPG
2023-05-31 04:01:00,6.657,6.657,6.657,6.657,3.0,CPG
2023-05-30 19:00:00,6.459,6.459,6.459,6.459,36243.0,CPG
2023-05-30 18:45:00,6.529,6.529,6.529,6.529,5.0,CPG
2023-05-30 18:30:00,6.459,6.459,6.459,6.459,36243.0,CPG
2023-05-30 17:53:00,6.388,6.388,6.388,6.388,80.0,CPG
2023-05-30 17:52:00,6.41,6.41,6.41,6.41,1.0,CPG
2023-05-30 16:40:00,6.41,6.41,6.41,6.41,300.0,CPG
2023-05-30 16:38:00,6.42,6.42,6.42,6.42,2899.0,CPG
2023-05-30 16:17:00,6.469,6.469,6.469,6.469,3.0,CPG
2023-05-30 16:10:00,6.459,6.459,6.36,6.36,36244.0,CPG
2023-05-30 16:06:00,6.352,6.352,6.352,6.352,1.0,CPG
2023-05-30 16:01:00,6.459,6.459,6.459,6.459,568.0,CPG
2023-05-30 16:00:00,6.449,6.459,6.449,6.459,80036.0,CPG
2023-05-30 15:59:00,6.442,6.459,6.439,6.459,109881.0,CPG
2023-05-30 15:58:00,6.445,6.449,6.439,6.444,28114.0,CPG
2023-05-30 15:57:00,6.44,6.449,6.439,6.444,15246.0,CPG
2023-05-30 15:56:00,6.449,6.449,6.439,6.444,10954.0,CPG
2023-05-30 15:55:00,6.449,6.454,6.439,6.444,157800.0,CPG
2023-05-30 15:54:00,6.445,6.459,6.444,6.449,50484.0,CPG
2023-05-30 15:53:00,6.445,6.449,6.439,6.444,69015.0,CPG
2023-05-30 15:52:00,6.445,6.449,6.444,6.444,21651.0,CPG
2023-05-30 15:51:00,6.445,6.449,6.444,6.444,28999.0,CPG
2023-05-30 15:50:00,6.449,6.449,6.444,6.444,31602.0,CPG
2023-05-30 15:49:00,6.445,6.449,6.442,6.444,8299.0,CPG
2023-05-30 15:48:00,6.445,6.449,6.439,6.444,14056.0,CPG
2023-05-30 15:47:00,6.445,6.449,6.444,6.444,3602.0,CPG
2023-05-30 15:46:00,6.445,6.449,6.44,6.44,9921.0,CPG
2023-05-30 15:45:00,6.445,6.449,6.444,6.449,8752.0,CPG
2023-05-30 15:44:00,6.441,6.447,6.439,6.447,21425.0,CPG
2023-05-30 15:43:00,6.44,6.447,6.439,6.439,8460.0,CPG
2023-05-30 15:42:00,6.44,6.447,6.439,6.444,4800.0,CPG
2023-05-30 15:41:00,6.44,6.447,6.439,6.439,6681.0,CPG
2023-05-30 15:40:00,6.445,6.447,6.439,6.439,7982.0,CPG
2023-05-30 15:39:00,6.445,6.449,6.435,6.444,176077.0,CPG
2023-05-30 15:38:00,6.44,6.449,6.435,6.444,22322.0,CPG
2023-05-30 15:37:00,6.44,6.44,6.435,6.439,4350.0,CPG
2023-05-30 15:36:00,6.44,6.44,6.434,6.439,5168.0,CPG
2023-05-30 15:35:00,6.435,6.44,6.434,6.439,8869.0,CPG
2023-05-30 15:34:00,6.42,6.44,6.42,6.435,27120.0,CPG
2023-05-30 15:33:00,6.43,6.43,6.42,6.42,2520.0,CPG
2023-05-30 15:32:00,6.43,6.43,6.429,6.43,2033.0,CPG
2023-05-30 15:31:00,6.415,6.43,6.415,6.43,36209.0,CPG
2023-05-30 15:30:00,6.412,6.42,6.412,6.42,17536.0,CPG
2023-05-30 15:29:00,6.41,6.417,6.41,6.417,2663.0,CPG
2023-05-30 15:28:00,6.405,6.415,6.405,6.41,36954.0,CPG
2023-05-30 15:27:00,6.41,6.41,6.405,6.405,4051.0,CPG
2023-05-30 15:26:00,6.405,6.41,6.405,6.405,7161.0,CPG
2023-05-30 15:25:00,6.405,6.405,6.405,6.405,1105.0,CPG
2023-05-30 15:24:00,6.405,6.405,6.405,6.405,805.0,CPG
2023-05-30 15:23:00,6.405,6.407,6.4,6.407,4416.0,CPG
2023-05-30 15:22:00,6.405,6.41,6.405,6.41,7405.0,CPG
2023-05-30 15:21:00,6.405,6.41,6.405,6.41,1865.0,CPG
2023-05-30 15:20:00,6.4,6.41,6.395,6.405,35441.0,CPG
2023-05-30 15:19:00,6.4,6.4,6.395,6.4,4719.0,CPG
2023-05-30 15:18:00,6.395,6.4,6.395,6.395,1400.0,CPG
2023-05-30 15:17:00,6.4,6.4,6.395,6.4,3359.0,CPG
2023-05-30 15:16:00,6.4,6.4,6.395,6.395,4796.0,CPG
2023-05-30 15:15:00,6.395,6.395,6.395,6.395,120.0,CPG
2023-05-30 15:14:00,6.395,6.395,6.395,6.395,750.0,CPG
2023-05-30 15:13:00,6.4,6.4,6.395,6.395,8891.0,CPG
2023-05-30 15:12:00,6.4,6.401,6.4,6.4,3492.0,CPG
2023-05-30 15:11:00,6.4,6.404,6.4,6.4,2992.0,CPG
2023-05-30 15:10:00,6.39,6.405,6.39,6.405,58097.0,CPG
2023-05-30 15:09:00,6.4,6.405,6.39,6.395,35446.0,CPG
2023-05-30 15:08:00,6.4,6.405,6.395,6.405,23411.0,CPG
2023-05-30 15:07:00,6.395,6.4,6.395,6.395,3273.0,CPG
2023-05-30 15:06:00,6.4,6.4,6.395,6.395,9024.0,CPG
2023-05-30 15:05:00,6.39,6.391,6.39,6.391,1206.0,CPG
2023-05-30 15:04:00,6.395,6.395,6.39,6.39,1700.0,CPG
2023-05-30 15:03:00,6.39,6.39,6.39,6.39,3061.0,CPG
2023-05-30 15:02:00,6.39,6.391,6.39,6.39,3095.0,CPG
2023-05-30 15:01:00,6.395,6.4,6.39,6.392,6402.0,CPG
2023-05-30 15:00:00,6.39,6.392,6.39,6.39,1737.0,CPG
2023-05-30 14:59:00,6.39,6.39,6.39,6.39,2889.0,CPG
2023-05-30 14:58:00,6.395,6.4,6.39,6.391,8549.0,CPG
2023-05-30 14:57:00,6.39,6.4,6.39,6.395,9948.0,CPG
2023-05-30 14:56:00,6.4,6.4,6.39,6.39,41757.0,CPG
2023-05-30 14:55:00,6.405,6.41,6.4,6.4,142482.0,CPG
2023-05-30 14:54:00,6.405,6.41,6.405,6.41,1100.0,CPG
2023-05-30 14:53:00,6.41,6.41,6.405,6.405,1465.0,CPG
2023-05-30 14:52:00,6.4,6.407,6.395,6.402,74660.0,CPG
2023-05-30 14:51:00,6.4,6.4,6.4,6.4,1301.0,CPG
2023-05-30 14:50:00,6.405,6.405,6.4,6.4,994.0,CPG
2023-05-30 14:49:00,6.405,6.407,6.4,6.405,5861.0,CPG
2023-05-30 14:48:00,6.405,6.41,6.4,6.4,1992.0,CPG
2023-05-30 14:47:00,6.41,6.41,6.405,6.405,2328.0,CPG
2023-05-30 14:46:00,6.405,6.41,6.4,6.405,6852.0,CPG
2023-05-30 14:45:00,6.405,6.407,6.4,6.401,14729.0,CPG
2023-05-30 14:44:00,6.4,6.405,6.395,6.405,30265.0,CPG
2023-05-30 14:43:00,6.4,6.4,6.39,6.39,26068.0,CPG
2023-05-30 14:42:00,6.4,6.4,6.395,6.395,847.0,CPG
2023-05-30 14:41:00,6.395,6.4,6.395,6.395,700.0,CPG
2023-05-30 14:40:00,6.395,6.4,6.395,6.4,1926.0,CPG
2023-05-30 14:39:00,6.39,6.395,6.385,6.395,18079.0,CPG
2023-05-30 14:38:00,6.385,6.39,6.384,6.384,2968.0,CPG
2023-05-30 14:37:00,6.39,6.39,6.38,6.385,11915.0,CPG
2023-05-30 14:36:00,6.385,6.39,6.38,6.385,6084.0,CPG
2023-05-30 14:35:00,6.385,6.39,6.385,6.389,3654.0,CPG
2023-05-30 14:34:00,6.385,6.39,6.38,6.39,9700.0,CPG
2023-05-30 14:33:00,6.385,6.39,6.38,6.385,2293.0,CPG
2023-05-30 14:32:00,6.385,6.39,6.381,6.381,930.0,CPG
2023-05-30 14:31:00,6.38,6.385,6.38,6.385,21218.0,CPG
2023-05-30 14:30:00,6.375,6.38,6.375,6.38,2914.0,CPG
2023-05-30 14:29:00,6.375,6.375,6.375,6.375,308.0,CPG
2023-05-30 14:28:00,6.375,6.38,6.375,6.38,1000.0,CPG
2023-05-30 14:27:00,6.375,6.38,6.375,6.38,4754.0,CPG
2023-05-30 14:26:00,6.375,6.38,6.375,6.375,2300.0,CPG
2023-05-30 14:25:00,6.375,6.38,6.375,6.375,661.0,CPG
2023-05-30 14:24:00,6.375,6.375,6.375,6.375,1000.0,CPG
2023-05-30 14:23:00,6.37,6.38,6.37,6.38,6771.0,CPG
2023-05-30 14:22:00,6.365,6.37,6.365,6.37,1201.0,CPG
2023-05-30 14:21:00,6.365,6.37,6.365,6.37,1121.0,CPG
2023-05-30 14:20:00,6.365,6.365,6.36,6.365,562.0,CPG
2023-05-30 14:19:00,6.37,6.37,6.365,6.365,1100.0,CPG
2023-05-30 14:18:00,6.365,6.37,6.365,6.37,1600.0,CPG
2023-05-30 14:17:00,6.37,6.37,6.365,6.37,4683.0,CPG
2023-05-30 14:16:00,6.365,6.375,6.365,6.371,47637.0,CPG
2023-05-30 14:15:00,6.365,6.365,6.36,6.36,1292.0,CPG
2023-05-30 14:14:00,6.365,6.37,6.365,6.365,300.0,CPG
2023-05-30 14:13:00,6.37,6.37,6.365,6.365,1701.0,CPG
2023-05-30 14:12:00,6.37,6.37,6.36,6.365,1170.0,CPG
2023-05-30 14:11:00,6.365,6.37,6.36,6.36,3119.0,CPG
2023-05-30 14:10:00,6.36,6.36,6.36,6.36,101.0,CPG
2023-05-30 14:09:00,6.365,6.368,6.36,6.368,605.0,CPG
2023-05-30 14:08:00,6.36,6.37,6.36,6.37,4180.0,CPG
2023-05-30 14:07:00,6.36,6.36,6.36,6.36,400.0,CPG
2023-05-30 14:06:00,6.36,6.365,6.36,6.365,484.0,CPG
2023-05-30 14:05:00,6.36,6.37,6.36,6.365,16337.0,CPG
2023-05-30 14:04:00,6.356,6.36,6.355,6.355,1215.0,CPG
2023-05-30 14:03:00,6.356,6.36,6.351,6.358,5139.0,CPG
2023-05-30 14:02:00,6.351,6.356,6.35,6.355,894.0,CPG
2023-05-30 14:01:00,6.356,6.356,6.355,6.355,1699.0,CPG
2023-05-30 14:00:00,6.36,6.36,6.355,6.355,12567.0,CPG
2023-05-30 13:59:00,6.36,6.36,6.36,6.36,1812.0,CPG
2023-05-30 13:58:00,6.36,6.36,6.36,6.36,264.0,CPG
2023-05-30 13:57:00,6.365,6.365,6.36,6.36,2342.0,CPG
2023-05-30 13:56:00,6.36,6.363,6.36,6.363,1520.0,CPG
2023-05-30 13:55:00,6.36,6.36,6.36,6.36,701.0,CPG
2023-05-30 13:54:00,6.36,6.37,6.36,6.365,1097.0,CPG
2023-05-30 13:53:00,6.37,6.37,6.36,6.365,5790.0,CPG
2023-05-30 13:52:00,6.371,6.371,6.37,6.37,1132.0,CPG
2023-05-30 13:51:00,6.38,6.38,6.37,6.37,19991.0,CPG
2023-05-30 13:50:00,6.38,6.38,6.38,6.38,1126.0,CPG
2023-05-30 13:49:00,6.385,6.385,6.385,6.385,536.0,CPG
2023-05-30 13:48:00,6.385,6.385,6.38,6.385,1872.0,CPG
2023-05-30 13:47:00,6.385,6.385,6.38,6.38,1890.0,CPG
2023-05-30 13:46:00,6.385,6.39,6.385,6.385,1300.0,CPG
2023-05-30 13:45:00,6.38,6.385,6.38,6.385,28852.0,CPG
2023-05-30 13:44:00,6.375,6.38,6.375,6.375,28475.0,CPG
2023-05-30 13:43:00,6.375,6.375,6.37,6.375,538.0,CPG
2023-05-30 13:42:00,6.375,6.38,6.375,6.38,4401.0,CPG
2023-05-30 13:41:00,6.38,6.38,6.375,6.375,5651.0,CPG
2023-05-30 13:40:00,6.38,6.38,6.375,6.375,37862.0,CPG
2023-05-30 13:39:00,6.385,6.385,6.38,6.38,42480.0,CPG
2023-05-30 13:38:00,6.385,6.385,6.38,6.385,1105.0,CPG
2023-05-30 13:37:00,6.39,6.39,6.385,6.385,6452.0,CPG
2023-05-30 13:36:00,6.385,6.39,6.38,6.385,52005.0,CPG
2023-05-30 13:35:00,6.39,6.395,6.38,6.385,43274.0,CPG
2023-05-30 13:34:00,6.395,6.395,6.391,6.395,15730.0,CPG
2023-05-30 13:33:00,6.393,6.4,6.391,6.4,15750.0,CPG
2023-05-30 13:32:00,6.39,6.4,6.385,6.395,21055.0,CPG
2023-05-30 13:31:00,6.38,6.39,6.38,6.385,1915.0,CPG
2023-05-30 13:30:00,6.38,6.385,6.38,6.385,2300.0,CPG
2023-05-30 13:29:00,6.385,6.385,6.385,6.385,320.0,CPG
2023-05-30 13:28:00,6.39,6.39,6.384,6.39,2346.0,CPG
2023-05-30 13:27:00,6.395,6.395,6.39,6.39,5335.0,CPG
2023-05-30 13:26:00,6.41,6.41,6.393,6.395,16366.0,CPG
2023-05-30 13:25:00,6.405,6.405,6.4,6.4,3004.0,CPG
2023-05-30 13:24:00,6.405,6.405,6.405,6.405,1301.0,CPG
2023-05-30 13:23:00,6.405,6.405,6.405,6.405,300.0,CPG
2023-05-30 13:22:00,6.405,6.405,6.405,6.405,573.0,CPG
2023-05-30 13:21:00,6.4,6.405,6.395,6.405,66541.0,CPG
2023-05-30 13:20:00,6.405,6.405,6.4,6.4,801.0,CPG
2023-05-30 13:19:00,6.4,6.41,6.4,6.405,5555.0,CPG
2023-05-30 13:18:00,6.4,6.41,6.4,6.4,28523.0,CPG
2023-05-30 13:17:00,6.399,6.4,6.39,6.395,3734.0,CPG
2023-05-30 13:15:00,6.395,6.395,6.395,6.395,600.0,CPG
2023-05-30 13:14:00,6.4,6.4,6.39,6.395,1201.0,CPG
2023-05-30 13:13:00,6.395,6.4,6.39,6.395,62066.0,CPG
2023-05-30 13:12:00,6.4,6.4,6.395,6.395,41716.0,CPG
2023-05-30 13:11:00,6.395,6.405,6.395,6.405,49101.0,CPG
2023-05-30 13:10:00,6.4,6.4,6.395,6.395,9396.0,CPG
2023-05-30 13:09:00,6.4,6.405,6.4,6.4,12903.0,CPG
2023-05-30 13:08:00,6.4,6.4,6.395,6.395,7624.0,CPG
2023-05-30 13:07:00,6.405,6.41,6.4,6.4,2810.0,CPG
2023-05-30 13:06:00,6.41,6.41,6.405,6.405,1685.0,CPG
2023-05-30 13:05:00,6.41,6.41,6.4,6.405,10576.0,CPG
2023-05-30 13:04:00,6.41,6.415,6.41,6.415,951.0,CPG
2023-05-30 13:03:00,6.42,6.42,6.41,6.415,11724.0,CPG
2023-05-30 13:02:00,6.415,6.42,6.412,6.42,4626.0,CPG
2023-05-30 13:01:00,6.42,6.42,6.415,6.415,16952.0,CPG
2023-05-30 13:00:00,6.42,6.425,6.42,6.425,9018.0,CPG
2023-05-30 12:59:00,6.425,6.425,6.42,6.42,48193.0,CPG
2023-05-30 12:58:00,6.425,6.43,6.425,6.43,403.0,CPG
2023-05-30 12:57:00,6.43,6.43,6.425,6.425,22735.0,CPG
2023-05-30 12:55:00,6.425,6.425,6.42,6.42,1301.0,CPG
2023-05-30 12:54:00,6.42,6.43,6.42,6.425,6600.0,CPG
2023-05-30 12:53:00,6.42,6.42,6.415,6.415,821.0,CPG
2023-05-30 12:51:00,6.42,6.42,6.415,6.42,39345.0,CPG
2023-05-30 12:50:00,6.41,6.425,6.41,6.425,91242.0,CPG
2023-05-30 12:49:00,6.41,6.415,6.41,6.41,7673.0,CPG
2023-05-30 12:48:00,6.41,6.415,6.41,6.41,28823.0,CPG
2023-05-30 12:47:00,6.405,6.41,6.4,6.405,1398.0,CPG
2023-05-30 12:46:00,6.41,6.41,6.405,6.405,300.0,CPG
2023-05-30 12:45:00,6.41,6.41,6.4,6.405,1264.0,CPG
2023-05-30 12:44:00,6.41,6.41,6.41,6.41,1413.0,CPG
2023-05-30 12:43:00,6.415,6.415,6.41,6.41,2892.0,CPG
2023-05-30 12:42:00,6.42,6.42,6.42,6.42,6410.0,CPG
2023-05-30 12:41:00,6.42,6.42,6.42,6.42,12160.0,CPG
2023-05-30 12:40:00,6.43,6.43,6.42,6.425,40990.0,CPG
2023-05-30 12:39:00,6.435,6.436,6.434,6.435,2248.0,CPG
2023-05-30 12:38:00,6.43,6.44,6.43,6.43,5832.0,CPG
2023-05-30 12:37:00,6.435,6.44,6.425,6.435,85839.0,CPG
2023-05-30 12:36:00,6.44,6.44,6.439,6.439,420.0,CPG
2023-05-30 12:35:00,6.43,6.439,6.43,6.435,6417.0,CPG
2023-05-30 12:34:00,6.425,6.43,6.425,6.43,70657.0,CPG
2023-05-30 12:33:00,6.435,6.435,6.422,6.422,53199.0,CPG
2023-05-30 12:32:00,6.43,6.44,6.43,6.439,48574.0,CPG
2023-05-30 12:31:00,6.43,6.43,6.425,6.43,4810.0,CPG
2023-05-30 12:30:00,6.435,6.435,6.43,6.43,628.0,CPG
2023-05-30 12:29:00,6.43,6.435,6.43,6.431,6215.0,CPG
2023-05-30 12:28:00,6.43,6.43,6.425,6.43,16937.0,CPG
2023-05-30 12:27:00,6.435,6.44,6.43,6.43,1573.0,CPG
2023-05-30 12:26:00,6.435,6.445,6.435,6.439,48611.0,CPG
2023-05-30 12:25:00,6.435,6.44,6.43,6.439,4331.0,CPG
2023-05-30 12:24:00,6.435,6.435,6.435,6.435,6277.0,CPG
2023-05-30 12:23:00,6.43,6.435,6.43,6.435,5861.0,CPG
2023-05-30 12:22:00,6.415,6.437,6.415,6.437,102482.0,CPG
2023-05-30 12:21:00,6.42,6.42,6.42,6.42,102.0,CPG
2023-05-30 12:20:00,6.415,6.42,6.415,6.42,600.0,CPG
2023-05-30 12:19:00,6.415,6.42,6.415,6.42,1372.0,CPG
2023-05-30 12:18:00,6.415,6.417,6.41,6.417,1518.0,CPG
2023-05-30 12:17:00,6.415,6.415,6.41,6.415,3041.0,CPG
2023-05-30 12:16:00,6.415,6.415,6.415,6.415,500.0,CPG
2023-05-30 12:15:00,6.41,6.42,6.41,6.415,3784.0,CPG
2023-05-30 12:13:00,6.405,6.41,6.405,6.405,901.0,CPG
2023-05-30 12:12:00,6.405,6.405,6.405,6.405,201.0,CPG
2023-05-30 12:11:00,6.41,6.41,6.4,6.41,4402.0,CPG
2023-05-30 12:10:00,6.4,6.41,6.4,6.405,10262.0,CPG
2023-05-30 12:09:00,6.395,6.4,6.395,6.395,3822.0,CPG
2023-05-30 12:08:00,6.39,6.4,6.39,6.4,9973.0,CPG
2023-05-30 12:07:00,6.395,6.395,6.381,6.39,10087.0,CPG
2023-05-30 12:06:00,6.39,6.395,6.39,6.395,704.0,CPG
2023-05-30 12:05:00,6.4,6.405,6.39,6.39,20430.0,CPG
2023-05-30 12:04:00,6.4,6.4,6.4,6.4,8273.0,CPG
2023-05-30 12:03:00,6.405,6.405,6.405,6.405,534.0,CPG
2023-05-30 12:01:00,6.405,6.41,6.4,6.409,3503.0,CPG
2023-05-30 12:00:00,6.393,6.405,6.393,6.405,11976.0,CPG
2023-05-30 11:57:00,6.39,6.4,6.39,6.395,32926.0,CPG
2023-05-30 11:56:00,6.39,6.39,6.389,6.39,1242.0,CPG
2023-05-30 11:55:00,6.39,6.39,6.39,6.39,17524.0,CPG
2023-05-30 11:54:00,6.39,6.395,6.39,6.39,66169.0,CPG
2023-05-30 11:53:00,6.39,6.39,6.38,6.39,4063.0,CPG
2023-05-30 11:52:00,6.385,6.385,6.385,6.385,1428.0,CPG
2023-05-30 11:51:00,6.38,6.39,6.38,6.39,6563.0,CPG
2023-05-30 11:50:00,6.38,6.385,6.38,6.385,9507.0,CPG
2023-05-30 11:49:00,6.375,6.39,6.373,6.385,82041.0,CPG
2023-05-30 11:48:00,6.375,6.38,6.37,6.38,8109.0,CPG
2023-05-30 11:47:00,6.38,6.38,6.37,6.375,7468.0,CPG
2023-05-30 11:46:00,6.38,6.385,6.375,6.38,162814.0,CPG
2023-05-30 11:45:00,6.37,6.375,6.365,6.375,19035.0,CPG
2023-05-30 11:44:00,6.36,6.365,6.36,6.361,4583.0,CPG
2023-05-30 11:43:00,6.365,6.365,6.365,6.365,200.0,CPG
2023-05-30 11:42:00,6.365,6.365,6.36,6.365,3000.0,CPG
2023-05-30 11:41:00,6.365,6.365,6.365,6.365,900.0,CPG
2023-05-30 11:40:00,6.365,6.37,6.36,6.37,4137.0,CPG
2023-05-30 11:39:00,6.37,6.37,6.365,6.37,8655.0,CPG
2023-05-30 11:38:00,6.375,6.38,6.37,6.37,2831.0,CPG
2023-05-30 11:37:00,6.375,6.375,6.375,6.375,861.0,CPG
2023-05-30 11:36:00,6.38,6.385,6.38,6.38,8701.0,CPG
2023-05-30 11:35:00,6.385,6.39,6.385,6.39,2907.0,CPG
2023-05-30 11:34:00,6.385,6.39,6.38,6.385,11780.0,CPG
2023-05-30 11:33:00,6.38,6.39,6.38,6.39,13153.0,CPG
2023-05-30 11:32:00,6.387,6.387,6.38,6.38,5270.0,CPG
2023-05-30 11:31:00,6.38,6.385,6.38,6.385,920.0,CPG
2023-05-30 11:30:00,6.379,6.388,6.379,6.388,22892.0,CPG
2023-05-30 11:29:00,6.37,6.38,6.37,6.375,3089.0,CPG
2023-05-30 11:28:00,6.38,6.38,6.37,6.375,4706.0,CPG
2023-05-30 11:27:00,6.37,6.375,6.365,6.375,25223.0,CPG
2023-05-30 11:25:00,6.37,6.38,6.365,6.365,63778.0,CPG
2023-05-30 11:24:00,6.365,6.365,6.36,6.36,800.0,CPG
2023-05-30 11:23:00,6.369,6.369,6.365,6.365,392.0,CPG
2023-05-30 11:22:00,6.36,6.365,6.36,6.365,54009.0,CPG
2023-05-30 11:21:00,6.357,6.36,6.35,6.36,5003.0,CPG
2023-05-30 11:20:00,6.356,6.36,6.35,6.35,6068.0,CPG
2023-05-30 11:19:00,6.365,6.365,6.355,6.355,12591.0,CPG
2023-05-30 11:18:00,6.356,6.365,6.355,6.365,35105.0,CPG
2023-05-30 11:17:00,6.351,6.356,6.35,6.355,3534.0,CPG
2023-05-30 11:16:00,6.365,6.365,6.35,6.36,27089.0,CPG
2023-05-30 11:15:00,6.375,6.38,6.36,6.36,30088.0,CPG
2023-05-30 11:14:00,6.385,6.39,6.37,6.37,28964.0,CPG
2023-05-30 11:13:00,6.38,6.395,6.38,6.385,167638.0,CPG
2023-05-30 11:12:00,6.38,6.38,6.375,6.375,1254.0,CPG
2023-05-30 11:11:00,6.38,6.385,6.37,6.37,22664.0,CPG
2023-05-30 11:10:00,6.36,6.38,6.36,6.38,167467.0,CPG
2023-05-30 11:09:00,6.365,6.37,6.36,6.36,3811.0,CPG
2023-05-30 11:08:00,6.375,6.375,6.37,6.37,6162.0,CPG
2023-05-30 11:07:00,6.38,6.38,6.375,6.38,2403.0,CPG
2023-05-30 11:06:00,6.37,6.37,6.37,6.37,17424.0,CPG
2023-05-30 11:05:00,6.365,6.373,6.365,6.373,4645.0,CPG
2023-05-30 11:04:00,6.37,6.37,6.37,6.37,442.0,CPG
2023-05-30 11:03:00,6.36,6.37,6.36,6.37,13739.0,CPG
2023-05-30 11:01:00,6.351,6.36,6.346,6.355,50011.0,CPG
2023-05-30 11:00:00,6.341,6.351,6.341,6.35,14944.0,CPG
2023-05-30 10:59:00,6.311,6.341,6.311,6.336,126554.0,CPG
2023-05-30 10:58:00,6.306,6.316,6.306,6.316,5692.0,CPG
2023-05-30 10:57:00,6.311,6.311,6.306,6.31,7765.0,CPG
2023-05-30 10:56:00,6.308,6.311,6.301,6.311,26526.0,CPG
2023-05-30 10:55:00,6.301,6.302,6.301,6.302,2700.0,CPG
2023-05-30 10:54:00,6.311,6.311,6.301,6.301,3611.0,CPG
2023-05-30 10:53:00,6.311,6.321,6.306,6.311,10676.0,CPG
2023-05-30 10:52:00,6.321,6.321,6.316,6.316,400.0,CPG
2023-05-30 10:51:00,6.316,6.316,6.316,6.316,299.0,CPG
2023-05-30 10:50:00,6.311,6.321,6.311,6.316,13915.0,CPG
2023-05-30 10:49:00,6.311,6.311,6.306,6.306,621.0,CPG
2023-05-30 10:48:00,6.306,6.306,6.306,6.306,855.0,CPG
2023-05-30 10:47:00,6.311,6.311,6.306,6.311,5212.0,CPG
2023-05-30 10:46:00,6.321,6.321,6.311,6.318,4498.0,CPG
2023-05-30 10:45:00,6.311,6.311,6.304,6.311,14186.0,CPG
2023-05-30 10:44:00,6.316,6.317,6.311,6.311,6128.0,CPG
2023-05-30 10:43:00,6.316,6.316,6.316,6.316,224.0,CPG
2023-05-30 10:42:00,6.321,6.326,6.316,6.316,15776.0,CPG
2023-05-30 10:41:00,6.321,6.321,6.321,6.321,6996.0,CPG
2023-05-30 10:40:00,6.311,6.311,6.311,6.311,401.0,CPG
2023-05-30 10:39:00,6.315,6.326,6.315,6.316,13848.0,CPG
2023-05-30 10:38:00,6.317,6.321,6.317,6.321,1144.0,CPG
2023-05-30 10:37:00,6.32,6.32,6.316,6.316,1820.0,CPG
2023-05-30 10:36:00,6.311,6.311,6.311,6.311,34945.0,CPG
2023-05-30 10:35:00,6.316,6.321,6.311,6.311,1220.0,CPG
2023-05-30 10:34:00,6.311,6.316,6.311,6.316,18242.0,CPG
2023-05-30 10:33:00,6.321,6.321,6.311,6.311,1998.0,CPG
2023-05-30 10:32:00,6.312,6.321,6.312,6.321,29206.0,CPG
2023-05-30 10:31:00,6.316,6.321,6.311,6.321,1052.0,CPG
2023-05-30 10:30:00,6.306,6.311,6.301,6.311,8960.0,CPG
2023-05-30 10:29:00,6.306,6.311,6.306,6.306,1200.0,CPG
2023-05-30 10:28:00,6.311,6.311,6.306,6.306,2866.0,CPG
2023-05-30 10:27:00,6.321,6.321,6.316,6.316,6403.0,CPG
2023-05-30 10:26:00,6.321,6.321,6.321,6.321,150.0,CPG
2023-05-30 10:25:00,6.346,6.346,6.326,6.326,5893.0,CPG
2023-05-30 10:24:00,6.351,6.351,6.344,6.346,2067.0,CPG
2023-05-30 10:23:00,6.356,6.356,6.331,6.341,14543.0,CPG
2023-05-30 10:22:00,6.37,6.379,6.35,6.35,11387.0,CPG
2023-05-30 10:21:00,6.38,6.38,6.37,6.37,7117.0,CPG
2023-05-30 10:20:00,6.38,6.38,6.375,6.38,1502.0,CPG
2023-05-30 10:19:00,6.37,6.37,6.37,6.37,7187.0,CPG
2023-05-30 10:18:00,6.37,6.375,6.37,6.37,2220.0,CPG
2023-05-30 10:17:00,6.365,6.37,6.365,6.37,1563.0,CPG
2023-05-30 10:16:00,6.37,6.37,6.37,6.37,3071.0,CPG
2023-05-30 10:15:00,6.351,6.365,6.35,6.365,33403.0,CPG
2023-05-30 10:14:00,6.36,6.361,6.341,6.35,65939.0,CPG
2023-05-30 10:13:00,6.331,6.36,6.331,6.36,33306.0,CPG
2023-05-30 10:12:00,6.336,6.336,6.331,6.331,8590.0,CPG
2023-05-30 10:11:00,6.341,6.341,6.336,6.336,12255.0,CPG
2023-05-30 10:10:00,6.341,6.341,6.341,6.341,6234.0,CPG
2023-05-30 10:09:00,6.326,6.336,6.326,6.336,9252.0,CPG
2023-05-30 10:08:00,6.321,6.331,6.321,6.331,1222.0,CPG
2023-05-30 10:07:00,6.321,6.321,6.311,6.321,17180.0,CPG
2023-05-30 10:06:00,6.311,6.311,6.306,6.311,11032.0,CPG
2023-05-30 10:05:00,6.321,6.321,6.311,6.316,2507.0,CPG
2023-05-30 10:04:00,6.316,6.321,6.316,6.321,1457.0,CPG
2023-05-30 10:03:00,6.316,6.321,6.316,6.321,1575.0,CPG
2023-05-30 10:02:00,6.316,6.321,6.316,6.319,1536.0,CPG
2023-05-30 10:01:00,6.321,6.321,6.311,6.311,1145.0,CPG
2023-05-30 10:00:00,6.33,6.331,6.321,6.331,1299.0,CPG
2023-05-30 09:59:00,6.321,6.326,6.321,6.326,694.0,CPG
2023-05-30 09:58:00,6.321,6.331,6.321,6.331,7323.0,CPG
2023-05-30 09:57:00,6.321,6.321,6.316,6.321,2659.0,CPG
2023-05-30 09:56:00,6.326,6.326,6.321,6.321,462.0,CPG
2023-05-30 09:55:00,6.331,6.336,6.331,6.331,4152.0,CPG
2023-05-30 09:54:00,6.331,6.331,6.324,6.324,2188.0,CPG
2023-05-30 09:53:00,6.331,6.341,6.331,6.331,35021.0,CPG
2023-05-30 09:52:00,6.341,6.341,6.321,6.331,32319.0,CPG
2023-05-30 09:51:00,6.351,6.351,6.331,6.331,6930.0,CPG
2023-05-30 09:50:00,6.36,6.365,6.36,6.36,9445.0,CPG
2023-05-30 09:49:00,6.36,6.36,6.36,6.36,7758.0,CPG
2023-05-30 09:48:00,6.37,6.37,6.355,6.355,4907.0,CPG
2023-05-30 09:47:00,6.37,6.37,6.36,6.36,7306.0,CPG
2023-05-30 09:46:00,6.351,6.37,6.35,6.37,3445.0,CPG
2023-05-30 09:45:00,6.36,6.36,6.35,6.35,22534.0,CPG
2023-05-30 09:44:00,6.36,6.36,6.352,6.36,7581.0,CPG
2023-05-30 09:43:00,6.356,6.365,6.35,6.36,11532.0,CPG
2023-05-30 09:42:00,6.359,6.359,6.35,6.35,444.0,CPG
2023-05-30 09:41:00,6.365,6.365,6.36,6.36,25440.0,CPG
2023-05-30 09:40:00,6.38,6.38,6.36,6.37,1426.0,CPG
2023-05-30 09:39:00,6.38,6.38,6.365,6.37,2125.0,CPG
2023-05-30 09:38:00,6.37,6.38,6.37,6.38,6794.0,CPG
2023-05-30 09:37:00,6.38,6.38,6.375,6.38,12211.0,CPG
2023-05-30 09:36:00,6.37,6.38,6.37,6.38,4887.0,CPG
2023-05-30 09:35:00,6.39,6.39,6.37,6.37,5920.0,CPG
2023-05-30 09:34:00,6.39,6.4,6.385,6.39,5228.0,CPG
2023-05-30 09:33:00,6.375,6.395,6.37,6.39,18664.0,CPG
2023-05-30 09:32:00,6.36,6.37,6.36,6.37,8893.0,CPG
2023-05-30 09:31:00,6.396,6.396,6.346,6.35,41214.0,CPG
2023-05-30 09:30:00,6.4,6.41,6.38,6.39,58079.0,CPG
2023-05-30 09:28:00,6.38,6.39,6.38,6.39,739.0,CPG
2023-05-30 09:27:00,6.351,6.38,6.35,6.38,1672.0,CPG
2023-05-30 09:25:00,6.341,6.351,6.341,6.341,1833.0,CPG
2023-05-30 09:23:00,6.36,6.36,6.341,6.341,4985.0,CPG
2023-05-30 09:21:00,6.36,6.36,6.36,6.36,200.0,CPG
2023-05-30 09:20:00,6.37,6.37,6.37,6.37,1260.0,CPG
2023-05-30 09:18:00,6.36,6.36,6.341,6.341,526.0,CPG
2023-05-30 09:17:00,6.36,6.36,6.341,6.36,3070.0,CPG
2023-05-30 09:16:00,6.37,6.39,6.37,6.39,1600.0,CPG
2023-05-30 09:15:00,6.38,6.38,6.38,6.38,10.0,CPG
2023-05-30 09:14:00,6.36,6.36,6.36,6.36,100.0,CPG
2023-05-30 09:12:00,6.38,6.39,6.38,6.38,1300.0,CPG
2023-05-30 09:10:00,6.331,6.331,6.331,6.331,1698.0,CPG
2023-05-30 09:09:00,6.321,6.331,6.321,6.331,1000.0,CPG
2023-05-30 09:06:00,6.331,6.36,6.321,6.329,1175.0,CPG
2023-05-30 09:03:00,6.341,6.38,6.331,6.331,666.0,CPG
2023-05-30 09:02:00,6.36,6.38,6.36,6.37,1300.0,CPG
2023-05-30 09:01:00,6.4,6.4,6.36,6.36,620.0,CPG
2023-05-30 08:59:00,6.39,6.39,6.39,6.39,375.0,CPG
2023-05-30 08:57:00,6.39,6.39,6.39,6.39,100.0,CPG
2023-05-30 08:54:00,6.39,6.39,6.39,6.39,55.0,CPG
2023-05-30 08:51:00,6.38,6.38,6.36,6.36,98.0,CPG
2023-05-30 08:45:00,6.4,6.4,6.38,6.38,901.0,CPG
2023-05-30 08:42:00,6.42,6.42,6.42,6.42,5.0,CPG
2023-05-30 08:35:00,6.42,6.42,6.42,6.42,29.0,CPG
2023-05-30 08:31:00,6.42,6.42,6.42,6.42,5.0,CPG
2023-05-30 08:29:00,6.42,6.42,6.42,6.42,5.0,CPG
2023-05-30 08:22:00,6.41,6.41,6.41,6.41,300.0,CPG
2023-05-30 08:20:00,6.42,6.42,6.42,6.42,150.0,CPG
2023-05-30 08:16:00,6.43,6.43,6.41,6.41,4339.0,CPG
2023-05-30 08:05:00,6.43,6.43,6.43,6.43,400.0,CPG
2023-05-30 08:03:00,6.459,6.459,6.459,6.459,102.0,CPG
2023-05-30 08:02:00,6.459,6.459,6.459,6.459,170.0,CPG
2023-05-30 08:01:00,6.459,6.459,6.459,6.459,55.0,CPG
2023-05-30 08:00:00,6.459,6.459,6.459,6.459,300.0,CPG
2023-05-30 07:59:00,6.449,6.449,6.449,6.449,100.0,CPG
2023-05-30 07:52:00,6.43,6.43,6.43,6.43,375.0,CPG
2023-05-30 07:45:00,6.43,6.43,6.43,6.43,200.0,CPG
2023-05-30 07:43:00,6.43,6.43,6.43,6.43,1000.0,CPG
2023-05-30 07:36:00,6.42,6.42,6.42,6.42,249.0,CPG
2023-05-30 07:34:00,6.43,6.43,6.42,6.42,1000.0,CPG
2023-05-30 07:00:00,6.43,6.43,6.43,6.43,800.0,CPG
2023-05-30 06:59:00,6.42,6.42,6.41,6.41,600.0,CPG
2023-05-30 06:56:00,6.43,6.43,6.41,6.42,452.0,CPG
2023-05-30 06:34:00,6.43,6.43,6.43,6.43,2.0,CPG
2023-05-30 06:23:00,6.43,6.43,6.43,6.43,215.0,CPG
2023-05-30 06:08:00,6.568,6.568,6.568,6.568,1.0,CPG
2023-05-30 05:46:00,6.4,6.4,6.4,6.4,20.0,CPG
2023-05-30 05:44:00,6.469,6.469,6.469,6.469,12.0,CPG
2023-05-30 05:01:00,6.479,6.479,6.479,6.479,2.0,CPG
2023-05-30 04:59:00,6.44,6.44,6.439,6.439,2.0,CPG
2023-05-30 04:48:00,6.469,6.469,6.469,6.469,55.0,CPG
2023-05-30 04:37:00,6.459,6.469,6.459,6.469,35.0,CPG
2023-05-30 04:00:00,6.588,6.588,6.588,6.588,195.0,CPG
