date,1. open,2. high,3. low,4. close,5. volume,Ticker
2023-01-31 18:58:00,15.77,15.77,15.77,15.77,200.0,EBC
2023-01-31 16:56:00,15.9,15.9,15.9,15.9,200.0,EBC
2023-01-31 16:03:00,16.17,16.17,16.17,16.17,1091.0,EBC
2023-01-31 16:02:00,16.17,16.17,16.17,16.17,19925.0,EBC
2023-01-31 16:01:00,16.17,16.17,16.17,16.17,18275.0,EBC
2023-01-31 16:00:00,16.175,16.2,16.16,16.18,48661.0,EBC
2023-01-31 15:59:00,16.185,16.19,16.17,16.18,33140.0,EBC
2023-01-31 15:58:00,16.175,16.19,16.165,16.19,20062.0,EBC
2023-01-31 15:57:00,16.145,16.175,16.13,16.175,20712.0,EBC
2023-01-31 15:56:00,16.18,16.18,16.13,16.15,19764.0,EBC
2023-01-31 15:55:00,16.15,16.19,16.15,16.18,11504.0,EBC
2023-01-31 15:54:00,16.15,16.15,16.135,16.15,13290.0,EBC
2023-01-31 15:53:00,16.13,16.1589,16.13,16.15,12974.0,EBC
2023-01-31 15:52:00,16.1,16.13,16.095,16.12,13301.0,EBC
2023-01-31 15:51:00,16.05,16.09,16.05,16.09,11447.0,EBC
2023-01-31 15:50:00,16.06,16.06,16.045,16.045,4352.0,EBC
2023-01-31 15:49:00,16.02,16.055,16.015,16.05,17500.0,EBC
2023-01-31 15:48:00,16.04,16.045,16.03,16.035,14334.0,EBC
2023-01-31 15:47:00,16.055,16.055,16.03,16.03,4787.0,EBC
2023-01-31 15:46:00,16.05,16.055,16.045,16.055,11445.0,EBC
2023-01-31 15:45:00,16.055,16.055,16.045,16.045,8347.0,EBC
2023-01-31 15:44:00,16.02,16.07,16.02,16.055,15997.0,EBC
2023-01-31 15:43:00,16.02,16.02,16.015,16.02,10307.0,EBC
2023-01-31 15:42:00,16.01,16.02,16.01,16.02,41874.0,EBC
2023-01-31 15:41:00,16.005,16.02,16.002,16.005,8841.0,EBC
2023-01-31 15:40:00,15.99,16.0,15.99,16.0,5292.0,EBC
2023-01-31 15:39:00,16.0,16.0,15.97,15.98,95938.0,EBC
2023-01-31 15:38:00,16.005,16.005,16.0,16.005,3073.0,EBC
2023-01-31 15:37:00,16.005,16.005,15.99,16.0,9047.0,EBC
2023-01-31 15:36:00,16.005,16.005,16.0,16.005,2999.0,EBC
2023-01-31 15:35:00,16.005,16.01,16.005,16.005,1937.0,EBC
2023-01-31 15:34:00,15.995,16.01,15.995,16.01,6961.0,EBC
2023-01-31 15:33:00,16.025,16.025,15.995,15.995,20690.0,EBC
2023-01-31 15:32:00,15.995,16.03,15.9901,16.025,29246.0,EBC
2023-01-31 15:31:00,15.975,16.0,15.975,15.995,9138.0,EBC
2023-01-31 15:30:00,15.965,15.975,15.965,15.975,5774.0,EBC
2023-01-31 15:29:00,15.97,15.97,15.962,15.965,4092.0,EBC
2023-01-31 15:28:00,15.98,15.98,15.96,15.98,2131.0,EBC
2023-01-31 15:27:00,15.965,15.98,15.965,15.98,6695.0,EBC
2023-01-31 15:26:00,15.9513,15.965,15.9513,15.965,3440.0,EBC
2023-01-31 15:25:00,15.96,15.96,15.95,15.955,3678.0,EBC
2023-01-31 15:24:00,15.945,15.96,15.945,15.96,5246.0,EBC
2023-01-31 15:23:00,15.95,15.95,15.945,15.945,501.0,EBC
2023-01-31 15:22:00,15.945,15.945,15.94,15.941,3461.0,EBC
2023-01-31 15:21:00,15.925,15.95,15.925,15.95,2684.0,EBC
2023-01-31 15:20:00,15.93,15.93,15.925,15.925,3520.0,EBC
2023-01-31 15:19:00,15.94,15.95,15.94,15.95,509.0,EBC
2023-01-31 15:17:00,15.94,15.96,15.93,15.94,16780.0,EBC
2023-01-31 15:16:00,15.915,15.94,15.915,15.94,5714.0,EBC
2023-01-31 15:15:00,15.9066,15.92,15.9066,15.91,6648.0,EBC
2023-01-31 15:14:00,15.9,15.91,15.9,15.91,1064.0,EBC
2023-01-31 15:11:00,15.91,15.915,15.905,15.91,15452.0,EBC
2023-01-31 15:10:00,15.915,15.915,15.915,15.915,113.0,EBC
2023-01-31 15:09:00,15.915,15.915,15.915,15.915,743.0,EBC
2023-01-31 15:08:00,15.92,15.92,15.915,15.915,2152.0,EBC
2023-01-31 15:07:00,15.92,15.92,15.92,15.92,585.0,EBC
2023-01-31 15:06:00,15.93,15.93,15.93,15.93,1628.0,EBC
2023-01-31 15:05:00,15.93,15.935,15.93,15.935,2546.0,EBC
2023-01-31 15:04:00,15.925,15.93,15.925,15.93,410.0,EBC
2023-01-31 15:03:00,15.92,15.92,15.92,15.92,773.0,EBC
2023-01-31 15:02:00,15.905,15.915,15.905,15.915,12658.0,EBC
2023-01-31 15:01:00,15.905,15.905,15.905,15.905,1504.0,EBC
2023-01-31 15:00:00,15.915,15.915,15.905,15.9067,1153.0,EBC
2023-01-31 14:59:00,15.9201,15.925,15.91,15.915,3646.0,EBC
2023-01-31 14:58:00,15.9001,15.93,15.9001,15.925,7265.0,EBC
2023-01-31 14:56:00,15.91,15.915,15.91,15.91,4402.0,EBC
2023-01-31 14:55:00,15.92,15.92,15.915,15.915,350.0,EBC
2023-01-31 14:53:00,15.91,15.92,15.91,15.92,1494.0,EBC
2023-01-31 14:52:00,15.9,15.91,15.9,15.91,2977.0,EBC
2023-01-31 14:51:00,15.87,15.9,15.87,15.8989,19284.0,EBC
2023-01-31 14:50:00,15.865,15.865,15.865,15.865,613.0,EBC
2023-01-31 14:49:00,15.86,15.87,15.86,15.865,4507.0,EBC
2023-01-31 14:48:00,15.855,15.86,15.855,15.855,1442.0,EBC
2023-01-31 14:47:00,15.86,15.86,15.855,15.855,922.0,EBC
2023-01-31 14:46:00,15.855,15.855,15.855,15.855,510.0,EBC
2023-01-31 14:45:00,15.855,15.855,15.855,15.855,295.0,EBC
2023-01-31 14:44:00,15.85,15.855,15.85,15.855,1032.0,EBC
2023-01-31 14:42:00,15.86,15.86,15.86,15.86,1515.0,EBC
2023-01-31 14:41:00,15.845,15.85,15.845,15.85,4696.0,EBC
2023-01-31 14:40:00,15.8401,15.8401,15.8401,15.8401,187.0,EBC
2023-01-31 14:39:00,15.835,15.84,15.835,15.84,2643.0,EBC
2023-01-31 14:38:00,15.845,15.845,15.835,15.84,10598.0,EBC
2023-01-31 14:37:00,15.85,15.85,15.85,15.85,985.0,EBC
2023-01-31 14:36:00,15.825,15.865,15.825,15.855,25705.0,EBC
2023-01-31 14:35:00,15.825,15.825,15.825,15.825,403.0,EBC
2023-01-31 14:33:00,15.83,15.83,15.825,15.825,1490.0,EBC
2023-01-31 14:32:00,15.81,15.84,15.81,15.83,7266.0,EBC
2023-01-31 14:31:00,15.795,15.8,15.795,15.8,9309.0,EBC
2023-01-31 14:30:00,15.8,15.8,15.795,15.795,500.0,EBC
2023-01-31 14:29:00,15.8,15.8,15.795,15.795,392.0,EBC
2023-01-31 14:28:00,15.791,15.795,15.791,15.795,720.0,EBC
2023-01-31 14:27:00,15.79,15.795,15.79,15.795,3194.0,EBC
2023-01-31 14:25:00,15.785,15.785,15.785,15.785,219.0,EBC
2023-01-31 14:23:00,15.785,15.785,15.785,15.785,118.0,EBC
2023-01-31 14:22:00,15.78,15.78,15.775,15.78,1514.0,EBC
2023-01-31 14:21:00,15.78,15.78,15.775,15.78,3231.0,EBC
2023-01-31 14:20:00,15.78,15.785,15.78,15.78,3868.0,EBC
2023-01-31 14:19:00,15.785,15.785,15.78,15.785,767.0,EBC
2023-01-31 14:17:00,15.785,15.785,15.785,15.785,121.0,EBC
2023-01-31 14:16:00,15.785,15.785,15.775,15.78,6808.0,EBC
2023-01-31 14:15:00,15.775,15.78,15.775,15.78,2419.0,EBC
2023-01-31 14:14:00,15.78,15.78,15.775,15.775,1456.0,EBC
2023-01-31 14:12:00,15.7792,15.7792,15.775,15.775,1267.0,EBC
2023-01-31 14:11:00,15.78,15.78,15.78,15.78,1967.0,EBC
2023-01-31 14:10:00,15.7891,15.79,15.785,15.79,1691.0,EBC
2023-01-31 14:09:00,15.79,15.79,15.79,15.79,2172.0,EBC
2023-01-31 14:08:00,15.7866,15.7866,15.7866,15.7866,260.0,EBC
2023-01-31 14:05:00,15.79,15.79,15.785,15.785,3528.0,EBC
2023-01-31 14:03:00,15.785,15.79,15.785,15.79,1475.0,EBC
2023-01-31 14:02:00,15.785,15.785,15.785,15.785,210.0,EBC
2023-01-31 14:01:00,15.7801,15.7801,15.7801,15.7801,136.0,EBC
2023-01-31 14:00:00,15.76,15.78,15.755,15.78,10011.0,EBC
2023-01-31 13:59:00,15.76,15.765,15.755,15.755,1933.0,EBC
2023-01-31 13:58:00,15.76,15.765,15.76,15.765,1597.0,EBC
2023-01-31 13:57:00,15.7514,15.755,15.7514,15.755,244.0,EBC
2023-01-31 13:56:00,15.755,15.755,15.755,15.755,128.0,EBC
2023-01-31 13:55:00,15.75,15.75,15.75,15.75,1565.0,EBC
2023-01-31 13:54:00,15.755,15.755,15.745,15.75,7671.0,EBC
2023-01-31 13:53:00,15.75,15.76,15.75,15.76,1338.0,EBC
2023-01-31 13:52:00,15.76,15.76,15.76,15.76,107.0,EBC
2023-01-31 13:51:00,15.755,15.765,15.755,15.76,953.0,EBC
2023-01-31 13:50:00,15.76,15.76,15.755,15.755,636.0,EBC
2023-01-31 13:49:00,15.76,15.76,15.758,15.76,3989.0,EBC
2023-01-31 13:48:00,15.755,15.755,15.75,15.75,1317.0,EBC
2023-01-31 13:46:00,15.755,15.755,15.755,15.755,226.0,EBC
2023-01-31 13:45:00,15.755,15.755,15.755,15.755,300.0,EBC
2023-01-31 13:44:00,15.755,15.7587,15.755,15.7587,225.0,EBC
2023-01-31 13:43:00,15.765,15.765,15.75,15.76,4535.0,EBC
2023-01-31 13:42:00,15.755,15.76,15.755,15.76,1885.0,EBC
2023-01-31 13:40:00,15.755,15.755,15.75,15.75,337.0,EBC
2023-01-31 13:38:00,15.745,15.755,15.74,15.7537,7026.0,EBC
2023-01-31 13:37:00,15.755,15.755,15.75,15.75,1039.0,EBC
2023-01-31 13:36:00,15.752,15.755,15.752,15.755,700.0,EBC
2023-01-31 13:35:00,15.748,15.755,15.748,15.755,727.0,EBC
2023-01-31 13:34:00,15.7411,15.7411,15.74,15.74,435.0,EBC
2023-01-31 13:33:00,15.75,15.75,15.7464,15.7464,461.0,EBC
2023-01-31 13:32:00,15.7499,15.7499,15.7499,15.7499,217.0,EBC
2023-01-31 13:31:00,15.75,15.76,15.745,15.745,2624.0,EBC
2023-01-31 13:30:00,15.738,15.75,15.738,15.75,1406.0,EBC
2023-01-31 13:29:00,15.73,15.74,15.72,15.735,2534.0,EBC
2023-01-31 13:28:00,15.72,15.72,15.72,15.72,209.0,EBC
2023-01-31 13:27:00,15.72,15.72,15.72,15.72,100.0,EBC
2023-01-31 13:26:00,15.72,15.72,15.72,15.72,500.0,EBC
2023-01-31 13:25:00,15.7099,15.725,15.705,15.725,6967.0,EBC
2023-01-31 13:24:00,15.705,15.705,15.7,15.705,2089.0,EBC
2023-01-31 13:23:00,15.7,15.7,15.7,15.7,210.0,EBC
2023-01-31 13:22:00,15.7,15.7,15.693,15.7,2016.0,EBC
2023-01-31 13:21:00,15.7,15.7,15.7,15.7,101.0,EBC
2023-01-31 13:20:00,15.7,15.7,15.7,15.7,113.0,EBC
2023-01-31 13:19:00,15.7,15.7,15.7,15.7,200.0,EBC
2023-01-31 13:18:00,15.705,15.71,15.7,15.7,5431.0,EBC
2023-01-31 13:16:00,15.705,15.705,15.705,15.705,401.0,EBC
2023-01-31 13:15:00,15.7011,15.7099,15.7011,15.705,317.0,EBC
2023-01-31 13:14:00,15.675,15.7,15.67,15.7,3372.0,EBC
2023-01-31 13:13:00,15.68,15.68,15.675,15.68,595.0,EBC
2023-01-31 13:12:00,15.65,15.68,15.65,15.68,2196.0,EBC
2023-01-31 13:11:00,15.67,15.67,15.63,15.64,5261.0,EBC
2023-01-31 13:10:00,15.68,15.68,15.68,15.68,997.0,EBC
2023-01-31 13:09:00,15.675,15.675,15.675,15.675,165.0,EBC
2023-01-31 13:08:00,15.67,15.68,15.67,15.68,6765.0,EBC
2023-01-31 13:07:00,15.66,15.67,15.66,15.67,1363.0,EBC
2023-01-31 13:05:00,15.66,15.67,15.66,15.6699,1464.0,EBC
2023-01-31 13:04:00,15.66,15.67,15.66,15.67,2386.0,EBC
2023-01-31 13:03:00,15.66,15.6699,15.66,15.6699,227.0,EBC
2023-01-31 13:02:00,15.67,15.67,15.66,15.66,1311.0,EBC
2023-01-31 13:01:00,15.7,15.7,15.675,15.675,5990.0,EBC
2023-01-31 13:00:00,15.7071,15.7071,15.695,15.7,1687.0,EBC
2023-01-31 12:59:00,15.7,15.7,15.7,15.7,504.0,EBC
2023-01-31 12:57:00,15.72,15.73,15.7,15.7,4645.0,EBC
2023-01-31 12:56:00,15.705,15.715,15.7,15.715,3498.0,EBC
2023-01-31 12:55:00,15.7,15.71,15.7,15.7008,2031.0,EBC
2023-01-31 12:52:00,15.78,15.78,15.71,15.71,16664.0,EBC
2023-01-31 12:51:00,15.778,15.778,15.771,15.771,418.0,EBC
2023-01-31 12:49:00,15.778,15.778,15.778,15.778,103.0,EBC
2023-01-31 12:48:00,15.78,15.786,15.78,15.78,3040.0,EBC
2023-01-31 12:46:00,15.78,15.78,15.775,15.775,674.0,EBC
2023-01-31 12:44:00,15.775,15.775,15.775,15.775,100.0,EBC
2023-01-31 12:43:00,15.785,15.785,15.775,15.775,1744.0,EBC
2023-01-31 12:42:00,15.78,15.78,15.78,15.78,1627.0,EBC
2023-01-31 12:40:00,15.77,15.77,15.77,15.77,213.0,EBC
2023-01-31 12:39:00,15.7888,15.7888,15.775,15.785,8062.0,EBC
2023-01-31 12:38:00,15.785,15.785,15.78,15.78,631.0,EBC
2023-01-31 12:37:00,15.785,15.785,15.7801,15.7801,211.0,EBC
2023-01-31 12:36:00,15.785,15.785,15.78,15.785,374.0,EBC
2023-01-31 12:35:00,15.785,15.785,15.785,15.785,581.0,EBC
2023-01-31 12:34:00,15.785,15.785,15.78,15.785,504.0,EBC
2023-01-31 12:32:00,15.785,15.785,15.785,15.785,100.0,EBC
2023-01-31 12:31:00,15.785,15.785,15.785,15.785,113.0,EBC
2023-01-31 12:30:00,15.79,15.795,15.79,15.79,2352.0,EBC
2023-01-31 12:28:00,15.76,15.77,15.76,15.77,2303.0,EBC
2023-01-31 12:27:00,15.77,15.77,15.765,15.765,994.0,EBC
2023-01-31 12:26:00,15.76,15.765,15.76,15.765,1363.0,EBC
2023-01-31 12:25:00,15.755,15.755,15.755,15.755,294.0,EBC
2023-01-31 12:22:00,15.755,15.755,15.755,15.755,110.0,EBC
2023-01-31 12:21:00,15.7499,15.755,15.7499,15.755,1767.0,EBC
2023-01-31 12:20:00,15.7531,15.76,15.75,15.75,2640.0,EBC
2023-01-31 12:18:00,15.73,15.74,15.73,15.74,2574.0,EBC
2023-01-31 12:17:00,15.725,15.73,15.725,15.73,1409.0,EBC
2023-01-31 12:16:00,15.71,15.72,15.71,15.72,1567.0,EBC
2023-01-31 12:15:00,15.7099,15.7099,15.7099,15.7099,201.0,EBC
2023-01-31 12:14:00,15.695,15.7024,15.695,15.7,4235.0,EBC
2023-01-31 12:13:00,15.7,15.7,15.69,15.695,8000.0,EBC
2023-01-31 12:11:00,15.71,15.71,15.7,15.7,2095.0,EBC
2023-01-31 12:10:00,15.72,15.72,15.71,15.71,6664.0,EBC
2023-01-31 12:09:00,15.72,15.725,15.72,15.72,1832.0,EBC
2023-01-31 12:08:00,15.72,15.72,15.72,15.72,1269.0,EBC
2023-01-31 12:07:00,15.74,15.74,15.725,15.725,1909.0,EBC
2023-01-31 12:05:00,15.75,15.75,15.75,15.75,1261.0,EBC
2023-01-31 12:04:00,15.75,15.75,15.745,15.75,1123.0,EBC
2023-01-31 12:03:00,15.75,15.75,15.75,15.75,486.0,EBC
2023-01-31 12:02:00,15.75,15.75,15.75,15.75,1884.0,EBC
2023-01-31 12:01:00,15.76,15.76,15.76,15.76,1264.0,EBC
2023-01-31 12:00:00,15.76,15.76,15.76,15.76,261.0,EBC
2023-01-31 11:59:00,15.7501,15.7501,15.7501,15.7501,1182.0,EBC
2023-01-31 11:58:00,15.75,15.76,15.75,15.76,1538.0,EBC
2023-01-31 11:57:00,15.75,15.75,15.75,15.75,2013.0,EBC
2023-01-31 11:56:00,15.745,15.745,15.745,15.745,749.0,EBC
2023-01-31 11:55:00,15.74,15.74,15.73,15.73,1721.0,EBC
2023-01-31 11:54:00,15.78,15.78,15.755,15.755,10163.0,EBC
2023-01-31 11:53:00,15.78,15.785,15.78,15.785,790.0,EBC
2023-01-31 11:52:00,15.77,15.77,15.77,15.77,512.0,EBC
2023-01-31 11:51:00,15.77,15.77,15.77,15.77,1138.0,EBC
2023-01-31 11:50:00,15.78,15.785,15.77,15.77,3036.0,EBC
2023-01-31 11:49:00,15.78,15.78,15.77,15.77,427.0,EBC
2023-01-31 11:45:00,15.78,15.78,15.77,15.77,1478.0,EBC
2023-01-31 11:44:00,15.795,15.795,15.79,15.79,786.0,EBC
2023-01-31 11:43:00,15.79,15.795,15.79,15.795,704.0,EBC
2023-01-31 11:42:00,15.79,15.8,15.785,15.785,4545.0,EBC
2023-01-31 11:41:00,15.77,15.78,15.77,15.78,1290.0,EBC
2023-01-31 11:40:00,15.77,15.77,15.77,15.77,617.0,EBC
2023-01-31 11:38:00,15.76,15.775,15.76,15.775,1334.0,EBC
2023-01-31 11:37:00,15.76,15.77,15.76,15.76,2113.0,EBC
2023-01-31 11:36:00,15.76,15.76,15.76,15.76,500.0,EBC
2023-01-31 11:35:00,15.76,15.76,15.76,15.76,601.0,EBC
2023-01-31 11:34:00,15.76,15.76,15.76,15.76,2117.0,EBC
2023-01-31 11:33:00,15.76,15.77,15.76,15.77,1981.0,EBC
2023-01-31 11:32:00,15.76,15.76,15.75,15.75,568.0,EBC
2023-01-31 11:31:00,15.75,15.755,15.75,15.755,662.0,EBC
2023-01-31 11:29:00,15.7395,15.75,15.7395,15.75,2788.0,EBC
2023-01-31 11:28:00,15.74,15.74,15.7301,15.735,1617.0,EBC
2023-01-31 11:27:00,15.73,15.76,15.73,15.75,2620.0,EBC
2023-01-31 11:26:00,15.74,15.74,15.73,15.73,2686.0,EBC
2023-01-31 11:25:00,15.75,15.75,15.7401,15.747,541.0,EBC
2023-01-31 11:24:00,15.75,15.765,15.75,15.75,2030.0,EBC
2023-01-31 11:23:00,15.74,15.74,15.74,15.74,484.0,EBC
2023-01-31 11:22:00,15.72,15.73,15.72,15.73,2766.0,EBC
2023-01-31 11:21:00,15.715,15.715,15.715,15.715,178.0,EBC
2023-01-31 11:20:00,15.73,15.73,15.715,15.715,1503.0,EBC
2023-01-31 11:19:00,15.735,15.735,15.735,15.735,270.0,EBC
2023-01-31 11:18:00,15.74,15.74,15.73,15.7302,1134.0,EBC
2023-01-31 11:17:00,15.75,15.75,15.735,15.74,1086.0,EBC
2023-01-31 11:16:00,15.75,15.76,15.75,15.755,1270.0,EBC
2023-01-31 11:15:00,15.77,15.77,15.73,15.73,6815.0,EBC
2023-01-31 11:14:00,15.75,15.765,15.75,15.765,1495.0,EBC
2023-01-31 11:13:00,15.74,15.74,15.74,15.74,833.0,EBC
2023-01-31 11:12:00,15.745,15.745,15.745,15.745,221.0,EBC
2023-01-31 11:11:00,15.73,15.745,15.73,15.745,1684.0,EBC
2023-01-31 11:09:00,15.71,15.71,15.71,15.71,111.0,EBC
2023-01-31 11:08:00,15.72,15.725,15.72,15.725,1044.0,EBC
2023-01-31 11:07:00,15.75,15.77,15.71,15.71,12405.0,EBC
2023-01-31 11:06:00,15.735,15.745,15.735,15.745,1223.0,EBC
2023-01-31 11:05:00,15.73,15.73,15.73,15.73,123.0,EBC
2023-01-31 11:04:00,15.73,15.73,15.73,15.73,1155.0,EBC
2023-01-31 11:02:00,15.74,15.74,15.74,15.74,209.0,EBC
2023-01-31 11:01:00,15.72,15.75,15.72,15.74,2367.0,EBC
2023-01-31 11:00:00,15.68,15.73,15.68,15.72,15392.0,EBC
2023-01-31 10:59:00,15.66,15.67,15.66,15.67,1667.0,EBC
2023-01-31 10:58:00,15.66,15.66,15.66,15.66,2576.0,EBC
2023-01-31 10:57:00,15.6734,15.6734,15.66,15.66,4722.0,EBC
2023-01-31 10:56:00,15.68,15.68,15.6701,15.68,2593.0,EBC
2023-01-31 10:55:00,15.67,15.675,15.67,15.675,871.0,EBC
2023-01-31 10:54:00,15.66,15.67,15.66,15.67,1141.0,EBC
2023-01-31 10:53:00,15.65,15.65,15.645,15.65,1885.0,EBC
2023-01-31 10:52:00,15.655,15.66,15.655,15.66,1504.0,EBC
2023-01-31 10:51:00,15.66,15.66,15.66,15.66,854.0,EBC
2023-01-31 10:50:00,15.61,15.65,15.6033,15.65,5019.0,EBC
2023-01-31 10:49:00,15.6125,15.62,15.61,15.615,2283.0,EBC
2023-01-31 10:48:00,15.61,15.61,15.61,15.61,313.0,EBC
2023-01-31 10:47:00,15.62,15.62,15.62,15.62,223.0,EBC
2023-01-31 10:46:00,15.58,15.63,15.58,15.62,4307.0,EBC
2023-01-31 10:45:00,15.58,15.58,15.58,15.58,354.0,EBC
2023-01-31 10:44:00,15.58,15.58,15.58,15.58,1625.0,EBC
2023-01-31 10:43:00,15.58,15.58,15.575,15.575,730.0,EBC
2023-01-31 10:42:00,15.595,15.595,15.58,15.58,8326.0,EBC
2023-01-31 10:41:00,15.6,15.6,15.595,15.6,1112.0,EBC
2023-01-31 10:40:00,15.61,15.61,15.6,15.6,3651.0,EBC
2023-01-31 10:37:00,15.635,15.64,15.625,15.625,2296.0,EBC
2023-01-31 10:35:00,15.635,15.635,15.635,15.635,386.0,EBC
2023-01-31 10:34:00,15.62,15.63,15.62,15.63,845.0,EBC
2023-01-31 10:33:00,15.595,15.62,15.595,15.62,3046.0,EBC
2023-01-31 10:32:00,15.595,15.595,15.595,15.595,409.0,EBC
2023-01-31 10:31:00,15.615,15.615,15.57,15.59,3954.0,EBC
2023-01-31 10:30:00,15.6165,15.62,15.615,15.615,625.0,EBC
2023-01-31 10:29:00,15.625,15.625,15.6,15.62,3514.0,EBC
2023-01-31 10:28:00,15.64,15.64,15.625,15.625,1761.0,EBC
2023-01-31 10:27:00,15.64,15.65,15.6317,15.65,2101.0,EBC
2023-01-31 10:26:00,15.645,15.65,15.645,15.65,462.0,EBC
2023-01-31 10:25:00,15.63,15.64,15.63,15.64,1422.0,EBC
2023-01-31 10:22:00,15.63,15.63,15.62,15.625,1945.0,EBC
2023-01-31 10:21:00,15.635,15.635,15.635,15.635,847.0,EBC
2023-01-31 10:20:00,15.625,15.64,15.625,15.64,1237.0,EBC
2023-01-31 10:19:00,15.63,15.63,15.63,15.63,202.0,EBC
2023-01-31 10:18:00,15.62,15.64,15.62,15.625,1767.0,EBC
2023-01-31 10:17:00,15.5901,15.61,15.59,15.605,975.0,EBC
2023-01-31 10:16:00,15.575,15.6,15.575,15.6,1837.0,EBC
2023-01-31 10:15:00,15.55,15.58,15.55,15.58,1384.0,EBC
2023-01-31 10:14:00,15.55,15.55,15.545,15.55,742.0,EBC
2023-01-31 10:13:00,15.54,15.56,15.54,15.545,7158.0,EBC
2023-01-31 10:12:00,15.53,15.54,15.51,15.53,7297.0,EBC
2023-01-31 10:11:00,15.519,15.53,15.5,15.53,19591.0,EBC
2023-01-31 10:10:00,15.62,15.62,15.525,15.525,6743.0,EBC
2023-01-31 10:09:00,15.64,15.64,15.625,15.625,1769.0,EBC
2023-01-31 10:08:00,15.66,15.66,15.64,15.64,3982.0,EBC
2023-01-31 10:07:00,15.65,15.65,15.65,15.65,546.0,EBC
2023-01-31 10:06:00,15.61,15.66,15.61,15.66,3758.0,EBC
2023-01-31 10:04:00,15.61,15.62,15.61,15.61,1179.0,EBC
2023-01-31 10:03:00,15.61,15.62,15.61,15.61,2283.0,EBC
2023-01-31 10:02:00,15.58,15.6054,15.58,15.6054,2065.0,EBC
2023-01-31 10:01:00,15.56,15.575,15.56,15.575,2414.0,EBC
2023-01-31 10:00:00,15.56,15.56,15.56,15.56,1062.0,EBC
2023-01-31 09:59:00,15.54,15.57,15.54,15.57,11419.0,EBC
2023-01-31 09:58:00,15.52,15.56,15.52,15.54,15787.0,EBC
2023-01-31 09:57:00,15.5299,15.5299,15.51,15.52,4883.0,EBC
2023-01-31 09:56:00,15.5305,15.55,15.51,15.53,5028.0,EBC
2023-01-31 09:55:00,15.52,15.53,15.52,15.53,786.0,EBC
2023-01-31 09:54:00,15.51,15.51,15.5061,15.5061,1539.0,EBC
2023-01-31 09:53:00,15.47,15.515,15.47,15.51,3098.0,EBC
2023-01-31 09:52:00,15.465,15.505,15.455,15.48,12675.0,EBC
2023-01-31 09:51:00,15.49,15.49,15.46,15.46,18915.0,EBC
2023-01-31 09:50:00,15.51,15.53,15.474,15.49,12697.0,EBC
2023-01-31 09:49:00,15.48,15.5,15.464,15.485,6231.0,EBC
2023-01-31 09:48:00,15.475,15.49,15.47,15.48,8247.0,EBC
2023-01-31 09:47:00,15.48,15.5,15.47,15.48,100532.0,EBC
2023-01-31 09:46:00,15.435,15.48,15.435,15.48,6319.0,EBC
2023-01-31 09:45:00,15.454,15.454,15.435,15.435,1966.0,EBC
2023-01-31 09:44:00,15.48,15.49,15.47,15.475,4160.0,EBC
2023-01-31 09:43:00,15.493,15.495,15.47,15.47,7710.0,EBC
2023-01-31 09:42:00,15.48,15.5101,15.48,15.49,6189.0,EBC
2023-01-31 09:41:00,15.47,15.5,15.47,15.485,31889.0,EBC
2023-01-31 09:40:00,15.51,15.51,15.48,15.4802,2252.0,EBC
2023-01-31 09:39:00,15.51,15.53,15.51,15.525,9391.0,EBC
2023-01-31 09:38:00,15.49,15.53,15.49,15.53,3613.0,EBC
2023-01-31 09:37:00,15.43,15.49,15.429,15.48,5118.0,EBC
2023-01-31 09:36:00,15.36,15.435,15.36,15.42,15124.0,EBC
2023-01-31 09:35:00,15.35,15.37,15.35,15.36,2402.0,EBC
2023-01-31 09:33:00,15.36,15.365,15.354,15.354,1025.0,EBC
2023-01-31 09:32:00,15.36,15.37,15.28,15.32,12586.0,EBC
2023-01-31 09:31:00,15.382,15.382,15.36,15.36,46371.0,EBC
2023-01-31 09:30:00,15.36,15.36,15.36,15.36,500.0,EBC
2023-01-31 09:28:00,15.37,15.37,15.37,15.37,600.0,EBC
2023-01-31 09:26:00,15.45,15.45,15.41,15.45,1865.0,EBC
2023-01-31 08:01:00,15.47,15.49,15.47,15.49,6466.0,EBC
2023-01-31 07:10:00,15.47,15.47,15.47,15.47,200.0,EBC
2023-01-31 07:08:00,15.47,15.47,15.47,15.47,200.0,EBC
2023-01-31 07:04:00,15.47,15.47,15.47,15.47,500.0,EBC
2023-01-31 06:37:00,15.49,15.49,15.49,15.49,105.0,EBC
2023-01-31 06:36:00,15.5,15.5,15.5,15.5,100.0,EBC
2023-01-30 18:53:00,15.64,15.64,15.64,15.64,901.0,EBC
2023-01-30 18:45:00,15.69,15.69,15.69,15.69,242.0,EBC
2023-01-30 16:01:00,15.65,15.65,15.65,15.65,1304.0,EBC
2023-01-30 16:00:00,15.66,15.66,15.635,15.65,49649.0,EBC
2023-01-30 15:59:00,15.66,15.67,15.65,15.66,27549.0,EBC
2023-01-30 15:58:00,15.65,15.665,15.64,15.66,24310.0,EBC
2023-01-30 15:57:00,15.66,15.6799,15.65,15.66,15450.0,EBC
2023-01-30 15:56:00,15.665,15.675,15.66,15.67,34613.0,EBC
2023-01-30 15:55:00,15.68,15.685,15.655,15.66,24970.0,EBC
2023-01-30 15:54:00,15.695,15.695,15.68,15.685,5764.0,EBC
2023-01-30 15:53:00,15.705,15.7099,15.695,15.695,14267.0,EBC
2023-01-30 15:52:00,15.715,15.72,15.7,15.7,12340.0,EBC
2023-01-30 15:51:00,15.725,15.725,15.705,15.715,26931.0,EBC
2023-01-30 15:50:00,15.715,15.735,15.715,15.725,18733.0,EBC
2023-01-30 15:49:00,15.71,15.72,15.705,15.715,19374.0,EBC
2023-01-30 15:48:00,15.73,15.73,15.715,15.715,4231.0,EBC
2023-01-30 15:47:00,15.735,15.735,15.73,15.73,702.0,EBC
2023-01-30 15:46:00,15.74,15.745,15.73,15.735,7367.0,EBC
2023-01-30 15:45:00,15.74,15.755,15.74,15.75,13064.0,EBC
2023-01-30 15:44:00,15.75,15.755,15.745,15.745,7445.0,EBC
2023-01-30 15:43:00,15.76,15.765,15.745,15.75,5448.0,EBC
2023-01-30 15:42:00,15.765,15.775,15.76,15.76,10585.0,EBC
2023-01-30 15:41:00,15.765,15.765,15.765,15.765,712.0,EBC
2023-01-30 15:40:00,15.77,15.775,15.765,15.77,4410.0,EBC
2023-01-30 15:39:00,15.765,15.77,15.755,15.765,4789.0,EBC
2023-01-30 15:38:00,15.765,15.765,15.76,15.76,1576.0,EBC
2023-01-30 15:37:00,15.755,15.77,15.755,15.765,4568.0,EBC
2023-01-30 15:36:00,15.75,15.75,15.75,15.75,277.0,EBC
2023-01-30 15:35:00,15.755,15.755,15.7511,15.755,1417.0,EBC
2023-01-30 15:34:00,15.755,15.77,15.75,15.75,14472.0,EBC
2023-01-30 15:33:00,15.755,15.755,15.755,15.755,770.0,EBC
2023-01-30 15:32:00,15.75,15.76,15.75,15.755,8719.0,EBC
2023-01-30 15:31:00,15.745,15.745,15.745,15.745,952.0,EBC
2023-01-30 15:30:00,15.75,15.75,15.745,15.745,1108.0,EBC
2023-01-30 15:29:00,15.76,15.76,15.745,15.75,3232.0,EBC
2023-01-30 15:28:00,15.755,15.765,15.7501,15.765,2708.0,EBC
2023-01-30 15:27:00,15.75,15.76,15.75,15.755,2408.0,EBC
2023-01-30 15:26:00,15.755,15.755,15.75,15.7501,2336.0,EBC
2023-01-30 15:25:00,15.75,15.755,15.75,15.755,1127.0,EBC
2023-01-30 15:24:00,15.765,15.765,15.75,15.75,2380.0,EBC
2023-01-30 15:23:00,15.765,15.765,15.765,15.765,1208.0,EBC
2023-01-30 15:22:00,15.79,15.79,15.77,15.77,3918.0,EBC
2023-01-30 15:21:00,15.78,15.79,15.78,15.785,2024.0,EBC
2023-01-30 15:20:00,15.765,15.78,15.765,15.78,3731.0,EBC
2023-01-30 15:19:00,15.76,15.77,15.76,15.765,2429.0,EBC
2023-01-30 15:18:00,15.76,15.76,15.755,15.76,928.0,EBC
2023-01-30 15:17:00,15.755,15.76,15.755,15.76,1372.0,EBC
2023-01-30 15:16:00,15.76,15.76,15.75,15.755,3154.0,EBC
2023-01-30 15:15:00,15.775,15.775,15.76,15.765,5315.0,EBC
2023-01-30 15:14:00,15.76,15.78,15.76,15.78,4856.0,EBC
2023-01-30 15:13:00,15.755,15.765,15.755,15.765,4600.0,EBC
2023-01-30 15:12:00,15.765,15.765,15.75,15.75,3515.0,EBC
2023-01-30 15:11:00,15.765,15.765,15.76,15.765,3124.0,EBC
2023-01-30 15:10:00,15.7609,15.77,15.76,15.765,1978.0,EBC
2023-01-30 15:09:00,15.77,15.77,15.765,15.765,939.0,EBC
2023-01-30 15:08:00,15.79,15.795,15.765,15.765,11140.0,EBC
2023-01-30 15:07:00,15.8,15.8,15.79,15.795,917.0,EBC
2023-01-30 15:06:00,15.785,15.8,15.785,15.795,2595.0,EBC
2023-01-30 15:05:00,15.785,15.79,15.775,15.79,2743.0,EBC
2023-01-30 15:04:00,15.77,15.785,15.77,15.785,6941.0,EBC
2023-01-30 15:03:00,15.765,15.765,15.765,15.765,670.0,EBC
2023-01-30 15:02:00,15.775,15.775,15.765,15.765,3720.0,EBC
2023-01-30 15:01:00,15.78,15.78,15.775,15.775,533.0,EBC
2023-01-30 15:00:00,15.79,15.79,15.77,15.775,3408.0,EBC
2023-01-30 14:59:00,15.765,15.785,15.765,15.785,4590.0,EBC
2023-01-30 14:58:00,15.765,15.765,15.76,15.76,1560.0,EBC
2023-01-30 14:57:00,15.765,15.765,15.765,15.765,387.0,EBC
2023-01-30 14:56:00,15.76,15.765,15.76,15.765,993.0,EBC
2023-01-30 14:55:00,15.765,15.765,15.765,15.765,1548.0,EBC
2023-01-30 14:54:00,15.765,15.77,15.76,15.765,3853.0,EBC
2023-01-30 14:53:00,15.765,15.765,15.765,15.765,1053.0,EBC
2023-01-30 14:52:00,15.7601,15.765,15.76,15.765,2432.0,EBC
2023-01-30 14:51:00,15.76,15.765,15.76,15.76,400.0,EBC
2023-01-30 14:50:00,15.7606,15.765,15.7606,15.765,1526.0,EBC
2023-01-30 14:49:00,15.775,15.775,15.76,15.76,5550.0,EBC
2023-01-30 14:48:00,15.7801,15.782,15.78,15.78,1328.0,EBC
2023-01-30 14:47:00,15.81,15.812,15.78,15.78,3296.0,EBC
2023-01-30 14:46:00,15.8101,15.815,15.8101,15.815,271.0,EBC
2023-01-30 14:43:00,15.82,15.825,15.815,15.82,2352.0,EBC
2023-01-30 14:42:00,15.82,15.82,15.82,15.82,200.0,EBC
2023-01-30 14:41:00,15.81,15.82,15.81,15.82,1766.0,EBC
2023-01-30 14:40:00,15.785,15.81,15.785,15.805,6261.0,EBC
2023-01-30 14:38:00,15.79,15.79,15.79,15.79,100.0,EBC
2023-01-30 14:37:00,15.785,15.785,15.78,15.78,596.0,EBC
2023-01-30 14:36:00,15.77,15.78,15.77,15.78,3544.0,EBC
2023-01-30 14:35:00,15.775,15.775,15.775,15.775,166.0,EBC
2023-01-30 14:34:00,15.75,15.78,15.75,15.775,29753.0,EBC
2023-01-30 14:33:00,15.76,15.76,15.74,15.745,2545.0,EBC
2023-01-30 14:32:00,15.76,15.77,15.76,15.77,1688.0,EBC
2023-01-30 14:31:00,15.77,15.77,15.76,15.765,2527.0,EBC
2023-01-30 14:30:00,15.765,15.77,15.765,15.765,5233.0,EBC
2023-01-30 14:28:00,15.7601,15.7601,15.7601,15.7601,235.0,EBC
2023-01-30 14:27:00,15.7601,15.7601,15.7601,15.7601,300.0,EBC
2023-01-30 14:26:00,15.7601,15.7601,15.7601,15.7601,100.0,EBC
2023-01-30 14:25:00,15.76,15.765,15.76,15.76,2274.0,EBC
2023-01-30 14:24:00,15.77,15.77,15.76,15.76,4010.0,EBC
2023-01-30 14:23:00,15.775,15.775,15.775,15.775,141.0,EBC
2023-01-30 14:22:00,15.775,15.775,15.775,15.775,438.0,EBC
2023-01-30 14:21:00,15.78,15.785,15.775,15.775,1613.0,EBC
2023-01-30 14:20:00,15.778,15.785,15.775,15.785,4977.0,EBC
2023-01-30 14:18:00,15.775,15.775,15.77,15.77,502.0,EBC
2023-01-30 14:17:00,15.785,15.785,15.77,15.77,1183.0,EBC
2023-01-30 14:16:00,15.785,15.785,15.785,15.785,146.0,EBC
2023-01-30 14:15:00,15.78,15.78,15.78,15.78,790.0,EBC
2023-01-30 14:14:00,15.785,15.785,15.7758,15.7758,1216.0,EBC
2023-01-30 14:13:00,15.7758,15.781,15.775,15.781,7069.0,EBC
2023-01-30 14:12:00,15.78,15.785,15.78,15.78,2749.0,EBC
2023-01-30 14:11:00,15.775,15.78,15.775,15.78,1398.0,EBC
2023-01-30 14:10:00,15.78,15.78,15.77,15.775,1738.0,EBC
2023-01-30 14:09:00,15.78,15.79,15.78,15.785,3205.0,EBC
2023-01-30 14:08:00,15.7701,15.785,15.765,15.785,9155.0,EBC
2023-01-30 14:07:00,15.755,15.78,15.755,15.78,4204.0,EBC
2023-01-30 14:06:00,15.755,15.755,15.755,15.755,721.0,EBC
2023-01-30 14:05:00,15.755,15.755,15.75,15.755,677.0,EBC
2023-01-30 14:04:00,15.75,15.76,15.75,15.755,982.0,EBC
2023-01-30 14:03:00,15.75,15.76,15.7497,15.76,1464.0,EBC
2023-01-30 14:02:00,15.75,15.76,15.75,15.755,1494.0,EBC
2023-01-30 14:01:00,15.7501,15.76,15.7401,15.7401,6617.0,EBC
2023-01-30 14:00:00,15.74,15.76,15.74,15.756,2444.0,EBC
2023-01-30 13:59:00,15.76,15.76,15.73,15.73,3918.0,EBC
2023-01-30 13:58:00,15.76,15.765,15.76,15.765,983.0,EBC
2023-01-30 13:57:00,15.77,15.77,15.765,15.77,475.0,EBC
2023-01-30 13:56:00,15.775,15.775,15.775,15.775,100.0,EBC
2023-01-30 13:55:00,15.77,15.78,15.765,15.78,935.0,EBC
2023-01-30 13:54:00,15.77,15.77,15.77,15.77,114.0,EBC
2023-01-30 13:53:00,15.75,15.77,15.7475,15.77,5660.0,EBC
2023-01-30 13:52:00,15.74,15.76,15.735,15.75,2951.0,EBC
2023-01-30 13:51:00,15.74,15.74,15.74,15.74,248.0,EBC
2023-01-30 13:49:00,15.745,15.76,15.74,15.74,6667.0,EBC
2023-01-30 13:48:00,15.74,15.745,15.74,15.745,3863.0,EBC
2023-01-30 13:46:00,15.725,15.74,15.72,15.73,3306.0,EBC
2023-01-30 13:45:00,15.71,15.725,15.71,15.725,1521.0,EBC
2023-01-30 13:44:00,15.69,15.71,15.685,15.705,9281.0,EBC
2023-01-30 13:43:00,15.7,15.7,15.7,15.7,1130.0,EBC
2023-01-30 13:41:00,15.72,15.72,15.71,15.71,3472.0,EBC
2023-01-30 13:39:00,15.72,15.725,15.72,15.725,3368.0,EBC
2023-01-30 13:38:00,15.715,15.715,15.715,15.715,249.0,EBC
2023-01-30 13:37:00,15.715,15.715,15.71,15.71,1002.0,EBC
2023-01-30 13:36:00,15.71,15.71,15.71,15.71,142.0,EBC
2023-01-30 13:35:00,15.75,15.75,15.72,15.72,1473.0,EBC
2023-01-30 13:34:00,15.75,15.75,15.75,15.75,140.0,EBC
2023-01-30 13:33:00,15.76,15.76,15.75,15.755,2975.0,EBC
2023-01-30 13:32:00,15.78,15.78,15.76,15.76,1115.0,EBC
2023-01-30 13:31:00,15.79,15.79,15.77,15.78,5200.0,EBC
2023-01-30 13:30:00,15.79,15.8,15.79,15.795,6283.0,EBC
2023-01-30 13:29:00,15.79,15.7999,15.79,15.79,2355.0,EBC
2023-01-30 13:28:00,15.8,15.8,15.79,15.79,5609.0,EBC
2023-01-30 13:27:00,15.8,15.8,15.8,15.8,222.0,EBC
2023-01-30 13:26:00,15.81,15.81,15.81,15.81,330.0,EBC
2023-01-30 13:25:00,15.81,15.81,15.81,15.81,651.0,EBC
2023-01-30 13:24:00,15.81,15.81,15.81,15.81,184.0,EBC
2023-01-30 13:23:00,15.81,15.81,15.81,15.81,727.0,EBC
2023-01-30 13:22:00,15.8,15.82,15.795,15.82,2871.0,EBC
2023-01-30 13:20:00,15.8,15.8,15.795,15.8,1522.0,EBC
2023-01-30 13:19:00,15.81,15.81,15.81,15.81,102.0,EBC
2023-01-30 13:18:00,15.775,15.81,15.775,15.81,4318.0,EBC
2023-01-30 13:17:00,15.76,15.78,15.76,15.775,2153.0,EBC
2023-01-30 13:16:00,15.81,15.81,15.76,15.76,15902.0,EBC
2023-01-30 13:15:00,15.805,15.805,15.805,15.805,200.0,EBC
2023-01-30 13:14:00,15.81,15.81,15.805,15.805,510.0,EBC
2023-01-30 13:13:00,15.81,15.81,15.805,15.805,1295.0,EBC
2023-01-30 13:12:00,15.805,15.805,15.805,15.805,101.0,EBC
2023-01-30 13:11:00,15.805,15.805,15.805,15.805,112.0,EBC
2023-01-30 13:10:00,15.805,15.805,15.805,15.805,300.0,EBC
2023-01-30 13:09:00,15.8,15.805,15.795,15.8,4099.0,EBC
2023-01-30 13:08:00,15.79,15.805,15.79,15.805,3633.0,EBC
2023-01-30 13:07:00,15.79,15.79,15.7886,15.7886,509.0,EBC
2023-01-30 13:06:00,15.79,15.795,15.78,15.79,2714.0,EBC
2023-01-30 13:05:00,15.785,15.785,15.78,15.785,1243.0,EBC
2023-01-30 13:04:00,15.79,15.79,15.785,15.785,229.0,EBC
2023-01-30 13:03:00,15.79,15.79,15.785,15.785,1069.0,EBC
2023-01-30 13:02:00,15.78,15.79,15.78,15.79,1844.0,EBC
2023-01-30 13:01:00,15.785,15.785,15.775,15.78,2060.0,EBC
2023-01-30 13:00:00,15.765,15.79,15.765,15.79,5388.0,EBC
2023-01-30 12:59:00,15.765,15.77,15.765,15.765,741.0,EBC
2023-01-30 12:58:00,15.77,15.77,15.77,15.77,293.0,EBC
2023-01-30 12:57:00,15.765,15.765,15.765,15.765,105.0,EBC
2023-01-30 12:56:00,15.77,15.77,15.77,15.77,444.0,EBC
2023-01-30 12:53:00,15.765,15.765,15.76,15.765,1865.0,EBC
2023-01-30 12:52:00,15.745,15.77,15.745,15.77,7287.0,EBC
2023-01-30 12:50:00,15.745,15.745,15.745,15.745,266.0,EBC
2023-01-30 12:49:00,15.745,15.75,15.7401,15.7401,902.0,EBC
2023-01-30 12:48:00,15.75,15.75,15.75,15.75,104.0,EBC
2023-01-30 12:47:00,15.75,15.8,15.74,15.75,17068.0,EBC
2023-01-30 12:46:00,15.74,15.76,15.735,15.76,4271.0,EBC
2023-01-30 12:44:00,15.74,15.745,15.73,15.73,3216.0,EBC
2023-01-30 12:43:00,15.73,15.74,15.73,15.74,839.0,EBC
2023-01-30 12:41:00,15.715,15.7313,15.715,15.7313,4756.0,EBC
2023-01-30 12:40:00,15.72,15.72,15.71,15.715,13958.0,EBC
2023-01-30 12:39:00,15.73,15.74,15.73,15.73,5370.0,EBC
2023-01-30 12:38:00,15.7281,15.73,15.725,15.725,881.0,EBC
2023-01-30 12:37:00,15.735,15.735,15.725,15.7299,1308.0,EBC
2023-01-30 12:36:00,15.765,15.765,15.735,15.75,6965.0,EBC
2023-01-30 12:35:00,15.765,15.765,15.76,15.76,1506.0,EBC
2023-01-30 12:34:00,15.77,15.772,15.76,15.76,8316.0,EBC
2023-01-30 12:32:00,15.775,15.8,15.7715,15.7715,9586.0,EBC
2023-01-30 12:31:00,15.775,15.775,15.775,15.775,1070.0,EBC
2023-01-30 12:30:00,15.775,15.775,15.775,15.775,1322.0,EBC
2023-01-30 12:29:00,15.775,15.775,15.77,15.77,592.0,EBC
2023-01-30 12:28:00,15.785,15.79,15.775,15.775,4368.0,EBC
2023-01-30 12:27:00,15.82,15.82,15.79,15.79,18564.0,EBC
2023-01-30 12:25:00,15.825,15.825,15.825,15.825,204.0,EBC
2023-01-30 12:24:00,15.82,15.825,15.82,15.825,288.0,EBC
2023-01-30 12:23:00,15.82,15.825,15.82,15.825,200.0,EBC
2023-01-30 12:22:00,15.82,15.825,15.82,15.825,330.0,EBC
2023-01-30 12:21:00,15.82,15.825,15.82,15.825,779.0,EBC
2023-01-30 12:20:00,15.82,15.82,15.82,15.82,200.0,EBC
2023-01-30 12:19:00,15.83,15.83,15.82,15.82,4496.0,EBC
2023-01-30 12:18:00,15.83,15.84,15.83,15.84,1330.0,EBC
2023-01-30 12:17:00,15.835,15.84,15.83,15.83,1442.0,EBC
2023-01-30 12:16:00,15.83,15.84,15.8275,15.84,4006.0,EBC
2023-01-30 12:15:00,15.83,15.835,15.825,15.83,1526.0,EBC
2023-01-30 12:14:00,15.82,15.825,15.82,15.825,1529.0,EBC
2023-01-30 12:13:00,15.825,15.825,15.82,15.82,200.0,EBC
2023-01-30 12:12:00,15.84,15.84,15.82,15.82,3022.0,EBC
2023-01-30 12:11:00,15.835,15.84,15.83,15.84,1636.0,EBC
2023-01-30 12:10:00,15.8318,15.84,15.8318,15.84,600.0,EBC
2023-01-30 12:09:00,15.85,15.85,15.85,15.85,416.0,EBC
2023-01-30 12:08:00,15.84,15.84,15.83,15.84,2205.0,EBC
2023-01-30 12:05:00,15.83,15.83,15.83,15.83,1416.0,EBC
2023-01-30 12:04:00,15.825,15.83,15.825,15.83,300.0,EBC
2023-01-30 12:03:00,15.815,15.825,15.815,15.825,1467.0,EBC
2023-01-30 12:02:00,15.81,15.82,15.81,15.82,3046.0,EBC
2023-01-30 12:01:00,15.83,15.83,15.79,15.8,4987.0,EBC
2023-01-30 12:00:00,15.84,15.84,15.84,15.84,481.0,EBC
2023-01-30 11:59:00,15.87,15.87,15.85,15.85,2446.0,EBC
2023-01-30 11:58:00,15.855,15.865,15.855,15.865,1310.0,EBC
2023-01-30 11:57:00,15.86,15.86,15.855,15.855,1935.0,EBC
2023-01-30 11:56:00,15.85,15.86,15.8405,15.85,3612.0,EBC
2023-01-30 11:55:00,15.85,15.85,15.84,15.85,4004.0,EBC
2023-01-30 11:54:00,15.855,15.86,15.85,15.86,2288.0,EBC
2023-01-30 11:53:00,15.85,15.8561,15.85,15.85,1828.0,EBC
2023-01-30 11:52:00,15.8526,15.8526,15.8526,15.8526,1003.0,EBC
2023-01-30 11:51:00,15.86,15.86,15.85,15.86,5418.0,EBC
2023-01-30 11:50:00,15.8909,15.8909,15.87,15.87,5761.0,EBC
2023-01-30 11:49:00,15.895,15.895,15.895,15.895,539.0,EBC
2023-01-30 11:48:00,15.88,15.895,15.88,15.895,889.0,EBC
2023-01-30 11:47:00,15.885,15.89,15.88,15.89,1171.0,EBC
2023-01-30 11:46:00,15.8719,15.885,15.87,15.87,1086.0,EBC
2023-01-30 11:43:00,15.89,15.91,15.89,15.89,3456.0,EBC
2023-01-30 11:42:00,15.87,15.89,15.87,15.89,2006.0,EBC
2023-01-30 11:40:00,15.86,15.86,15.86,15.86,222.0,EBC
2023-01-30 11:39:00,15.86,15.86,15.855,15.86,2285.0,EBC
2023-01-30 11:38:00,15.86,15.86,15.86,15.86,1511.0,EBC
2023-01-30 11:37:00,15.855,15.86,15.85,15.86,3154.0,EBC
2023-01-30 11:36:00,15.85,15.85,15.85,15.85,845.0,EBC
2023-01-30 11:35:00,15.85,15.85,15.845,15.85,1248.0,EBC
2023-01-30 11:34:00,15.86,15.86,15.85,15.85,2635.0,EBC
2023-01-30 11:33:00,15.85,15.85,15.85,15.85,1349.0,EBC
2023-01-30 11:32:00,15.86,15.86,15.85,15.85,1682.0,EBC
2023-01-30 11:31:00,15.87,15.87,15.865,15.87,2392.0,EBC
2023-01-30 11:30:00,15.87,15.87,15.865,15.87,1974.0,EBC
2023-01-30 11:29:00,15.8407,15.86,15.8407,15.86,2917.0,EBC
2023-01-30 11:28:00,15.86,15.86,15.85,15.85,1429.0,EBC
2023-01-30 11:27:00,15.88,15.88,15.86,15.86,1876.0,EBC
2023-01-30 11:26:00,15.9,15.905,15.88,15.88,1550.0,EBC
2023-01-30 11:25:00,15.92,15.92,15.91,15.91,441.0,EBC
2023-01-30 11:24:00,15.94,15.945,15.92,15.92,2579.0,EBC
2023-01-30 11:23:00,15.915,15.93,15.915,15.93,2809.0,EBC
2023-01-30 11:22:00,15.91,15.915,15.91,15.915,331.0,EBC
2023-01-30 11:20:00,15.9,15.91,15.9,15.91,3462.0,EBC
2023-01-30 11:19:00,15.9,15.9,15.8901,15.9,6258.0,EBC
2023-01-30 11:18:00,15.88,15.9099,15.88,15.9099,3358.0,EBC
2023-01-30 11:17:00,15.855,15.88,15.85,15.88,3487.0,EBC
2023-01-30 11:16:00,15.86,15.86,15.86,15.86,200.0,EBC
2023-01-30 11:15:00,15.87,15.87,15.87,15.87,1240.0,EBC
2023-01-30 11:14:00,15.88,15.88,15.875,15.875,1523.0,EBC
2023-01-30 11:13:00,15.89,15.89,15.88,15.88,1247.0,EBC
2023-01-30 11:12:00,15.84,15.88,15.84,15.88,3158.0,EBC
2023-01-30 11:11:00,15.84,15.84,15.84,15.84,420.0,EBC
2023-01-30 11:10:00,15.81,15.84,15.81,15.84,6629.0,EBC
2023-01-30 11:09:00,15.81,15.81,15.81,15.81,1614.0,EBC
2023-01-30 11:08:00,15.82,15.82,15.81,15.81,2502.0,EBC
2023-01-30 11:07:00,15.81,15.82,15.805,15.82,7055.0,EBC
2023-01-30 11:05:00,15.81,15.81,15.81,15.81,798.0,EBC
2023-01-30 11:04:00,15.815,15.815,15.815,15.815,206.0,EBC
2023-01-30 11:03:00,15.81,15.82,15.81,15.82,1293.0,EBC
2023-01-30 11:02:00,15.81,15.81,15.805,15.81,1158.0,EBC
2023-01-30 11:01:00,15.79,15.81,15.79,15.8,5886.0,EBC
2023-01-30 11:00:00,15.79,15.79,15.79,15.79,310.0,EBC
2023-01-30 10:59:00,15.78,15.81,15.78,15.79,7613.0,EBC
2023-01-30 10:58:00,15.75,15.78,15.745,15.78,4084.0,EBC
2023-01-30 10:57:00,15.77,15.77,15.75,15.75,7199.0,EBC
2023-01-30 10:56:00,15.78,15.78,15.775,15.78,3800.0,EBC
2023-01-30 10:55:00,15.77,15.78,15.77,15.775,3015.0,EBC
2023-01-30 10:54:00,15.79,15.79,15.77,15.78,3850.0,EBC
2023-01-30 10:53:00,15.83,15.83,15.79,15.79,3287.0,EBC
2023-01-30 10:52:00,15.81,15.845,15.81,15.83,6213.0,EBC
2023-01-30 10:51:00,15.805,15.805,15.805,15.805,794.0,EBC
2023-01-30 10:50:00,15.8092,15.81,15.765,15.805,12563.0,EBC
2023-01-30 10:49:00,15.8,15.8001,15.8,15.8001,1325.0,EBC
2023-01-30 10:48:00,15.825,15.825,15.8,15.8,9591.0,EBC
2023-01-30 10:47:00,15.83,15.83,15.82,15.825,5532.0,EBC
2023-01-30 10:46:00,15.835,15.84,15.8,15.815,6048.0,EBC
2023-01-30 10:45:00,15.9,15.9,15.83,15.835,17191.0,EBC
2023-01-30 10:44:00,15.9,15.905,15.9,15.9,2296.0,EBC
2023-01-30 10:43:00,15.905,15.91,15.905,15.905,2221.0,EBC
2023-01-30 10:42:00,15.895,15.91,15.895,15.905,4916.0,EBC
2023-01-30 10:41:00,15.91,15.91,15.895,15.895,3986.0,EBC
2023-01-30 10:40:00,15.9,15.9,15.9,15.9,1016.0,EBC
2023-01-30 10:39:00,15.9,15.9,15.9,15.9,1050.0,EBC
2023-01-30 10:38:00,15.91,15.91,15.9,15.9,948.0,EBC
2023-01-30 10:37:00,15.92,15.925,15.91,15.92,2113.0,EBC
2023-01-30 10:36:00,15.905,15.925,15.905,15.925,3515.0,EBC
2023-01-30 10:35:00,15.905,15.905,15.905,15.905,882.0,EBC
2023-01-30 10:34:00,15.905,15.905,15.9,15.905,2660.0,EBC
2023-01-30 10:33:00,15.9,15.91,15.89,15.9,4250.0,EBC
2023-01-30 10:32:00,15.905,15.91,15.89,15.91,2563.0,EBC
2023-01-30 10:31:00,15.92,15.925,15.9,15.9,4495.0,EBC
2023-01-30 10:30:00,15.91,15.915,15.91,15.91,1570.0,EBC
2023-01-30 10:29:00,15.92,15.92,15.905,15.905,4625.0,EBC
2023-01-30 10:28:00,15.9,15.93,15.9,15.92,2756.0,EBC
2023-01-30 10:27:00,15.9,15.905,15.895,15.9,4781.0,EBC
2023-01-30 10:26:00,15.9,15.9076,15.9,15.9,472.0,EBC
2023-01-30 10:24:00,15.91,15.91,15.9,15.9,636.0,EBC
2023-01-30 10:23:00,15.94,15.945,15.93,15.93,2410.0,EBC
2023-01-30 10:22:00,15.92,15.94,15.92,15.94,3730.0,EBC
2023-01-30 10:21:00,15.92,15.92,15.92,15.92,1150.0,EBC
2023-01-30 10:20:00,15.92,15.92,15.915,15.92,1517.0,EBC
2023-01-30 10:19:00,15.92,15.9216,15.92,15.9216,1876.0,EBC
2023-01-30 10:18:00,15.94,15.94,15.94,15.94,639.0,EBC
2023-01-30 10:17:00,15.935,15.94,15.935,15.94,3604.0,EBC
2023-01-30 10:16:00,15.985,15.995,15.93,15.935,7224.0,EBC
2023-01-30 10:15:00,15.98,15.98,15.98,15.98,1610.0,EBC
2023-01-30 10:14:00,16.0001,16.0001,15.98,15.98,8665.0,EBC
2023-01-30 10:13:00,16.01,16.015,16.005,16.005,3104.0,EBC
2023-01-30 10:12:00,16.005,16.01,16.005,16.01,4943.0,EBC
2023-01-30 10:11:00,16.01,16.01,16.005,16.01,2265.0,EBC
2023-01-30 10:10:00,16.03,16.035,16.01,16.01,6343.0,EBC
2023-01-30 10:08:00,16.03,16.03,16.03,16.03,265.0,EBC
2023-01-30 10:07:00,16.04,16.06,16.03,16.03,5180.0,EBC
2023-01-30 10:06:00,15.98,16.02,15.98,16.02,8771.0,EBC
2023-01-30 10:05:00,15.98,15.98,15.97,15.98,2465.0,EBC
2023-01-30 10:04:00,15.95,15.99,15.95,15.98,4161.0,EBC
2023-01-30 10:03:00,15.955,15.965,15.945,15.95,4231.0,EBC
2023-01-30 10:02:00,15.945,15.955,15.945,15.955,1538.0,EBC
2023-01-30 10:01:00,15.945,15.945,15.945,15.945,1773.0,EBC
2023-01-30 10:00:00,15.9457,15.955,15.945,15.945,2642.0,EBC
2023-01-30 09:59:00,15.94,15.95,15.94,15.95,1194.0,EBC
2023-01-30 09:58:00,15.94,15.97,15.94,15.97,2903.0,EBC
2023-01-30 09:57:00,15.935,15.94,15.9301,15.9301,638.0,EBC
2023-01-30 09:56:00,15.915,15.935,15.91,15.935,3472.0,EBC
2023-01-30 09:55:00,15.94,15.945,15.91,15.92,3328.0,EBC
2023-01-30 09:54:00,15.935,15.935,15.92,15.935,2007.0,EBC
2023-01-30 09:53:00,15.93,15.935,15.93,15.935,477.0,EBC
2023-01-30 09:51:00,15.92,15.95,15.9182,15.9302,2953.0,EBC
2023-01-30 09:50:00,15.95,15.955,15.95,15.95,1003.0,EBC
2023-01-30 09:49:00,15.96,15.975,15.96,15.97,3256.0,EBC
2023-01-30 09:48:00,15.95,15.98,15.95,15.98,1421.0,EBC
2023-01-30 09:47:00,15.9,15.94,15.9,15.93,2631.0,EBC
2023-01-30 09:46:00,15.89,15.89,15.89,15.89,1184.0,EBC
2023-01-30 09:45:00,15.89,15.89,15.89,15.89,1375.0,EBC
2023-01-30 09:44:00,15.88,15.895,15.87,15.895,1154.0,EBC
2023-01-30 09:43:00,15.91,15.915,15.86,15.89,5437.0,EBC
2023-01-30 09:42:00,15.915,15.915,15.91,15.915,4041.0,EBC
2023-01-30 09:41:00,15.93,15.96,15.91,15.915,4877.0,EBC
2023-01-30 09:40:00,15.9307,15.97,15.925,15.9325,10837.0,EBC
2023-01-30 09:39:00,15.92,15.935,15.92,15.935,869.0,EBC
2023-01-30 09:38:00,15.92,15.93,15.91,15.915,1066.0,EBC
2023-01-30 09:37:00,15.875,15.93,15.87,15.93,2274.0,EBC
2023-01-30 09:36:00,15.83,15.85,15.83,15.85,971.0,EBC
2023-01-30 09:35:00,15.83,15.84,15.8275,15.84,4944.0,EBC
2023-01-30 09:34:00,15.84,15.84,15.8065,15.82,4748.0,EBC
2023-01-30 09:33:00,15.86,15.87,15.8435,15.86,9779.0,EBC
2023-01-30 09:32:00,15.85,15.91,15.85,15.865,5133.0,EBC
2023-01-30 09:31:00,15.73,15.92,15.73,15.85,21421.0,EBC
2023-01-30 09:30:00,15.72,15.72,15.72,15.72,750.0,EBC
2023-01-27 19:38:00,16.03,16.03,16.03,16.03,124.0,EBC
2023-01-27 19:02:00,15.89,16.02,15.61,16.02,1885.0,EBC
2023-01-27 17:29:00,16.02,16.02,16.02,16.02,100.0,EBC
2023-01-27 17:18:00,16.02,16.02,16.02,16.02,100.0,EBC
2023-01-27 16:11:00,15.84,15.84,15.84,15.84,150.0,EBC
2023-01-27 16:09:00,16.17,16.18,16.17,16.18,300.0,EBC
2023-01-27 16:01:00,16.01,16.01,16.01,16.01,1320.0,EBC
2023-01-27 16:00:00,16.015,16.03,16.0,16.01,27491.0,EBC
2023-01-27 15:59:00,16.018,16.03,16.0101,16.02,19985.0,EBC
2023-01-27 15:58:00,16.005,16.015,16.0,16.015,33439.0,EBC
2023-01-27 15:57:00,16.0,16.01,15.985,16.005,10750.0,EBC
2023-01-27 15:56:00,15.975,16.005,15.975,16.0,16171.0,EBC
2023-01-27 15:55:00,15.965,15.99,15.965,15.975,24532.0,EBC
2023-01-27 15:54:00,16.005,16.01,15.9601,15.97,9097.0,EBC
2023-01-27 15:53:00,16.0,16.01,15.99,16.005,20670.0,EBC
2023-01-27 15:52:00,16.045,16.045,16.0,16.0,21208.0,EBC
2023-01-27 15:51:00,16.065,16.07,16.045,16.045,7172.0,EBC
2023-01-27 15:50:00,16.065,16.065,16.065,16.065,696.0,EBC
2023-01-27 15:49:00,16.045,16.065,16.045,16.065,9815.0,EBC
2023-01-27 15:48:00,16.055,16.055,16.045,16.045,2333.0,EBC
2023-01-27 15:47:00,16.045,16.065,16.045,16.06,9372.0,EBC
2023-01-27 15:46:00,16.04,16.0587,16.035,16.05,10553.0,EBC
2023-01-27 15:45:00,16.04,16.04,16.04,16.04,359.0,EBC
2023-01-27 15:44:00,16.04,16.05,16.01,16.05,20151.0,EBC
2023-01-27 15:43:00,16.045,16.045,16.0401,16.0401,1841.0,EBC
2023-01-27 15:42:00,16.0299,16.06,16.025,16.05,35714.0,EBC
2023-01-27 15:41:00,16.02,16.02,16.02,16.02,3777.0,EBC
2023-01-27 15:40:00,16.0,16.02,16.0,16.02,15218.0,EBC
2023-01-27 15:39:00,16.01,16.01,15.99,16.0,7092.0,EBC
2023-01-27 15:38:00,16.025,16.025,16.015,16.015,2431.0,EBC
2023-01-27 15:37:00,16.025,16.025,16.025,16.025,311.0,EBC
2023-01-27 15:36:00,16.02,16.05,16.02,16.025,9485.0,EBC
2023-01-27 15:35:00,16.015,16.02,16.0,16.02,43555.0,EBC
2023-01-27 15:34:00,16.02,16.02,16.015,16.02,4850.0,EBC
2023-01-27 15:33:00,16.03,16.03,16.02,16.02,3491.0,EBC
2023-01-27 15:32:00,16.02,16.035,16.015,16.035,4168.0,EBC
2023-01-27 15:31:00,16.03,16.05,16.0172,16.02,8910.0,EBC
2023-01-27 15:30:00,16.02,16.02,16.01,16.02,5409.0,EBC
2023-01-27 15:29:00,15.99,16.03,15.99,16.0272,14353.0,EBC
2023-01-27 15:28:00,15.995,15.995,15.995,15.995,1522.0,EBC
2023-01-27 15:27:00,15.995,16.0,15.99,15.995,6037.0,EBC
2023-01-27 15:26:00,15.985,16.0,15.985,15.995,6027.0,EBC
2023-01-27 15:25:00,15.985,15.99,15.9818,15.99,5598.0,EBC
2023-01-27 15:24:00,15.995,16.0098,15.98,15.985,12767.0,EBC
2023-01-27 15:23:00,15.995,16.0,15.99,15.995,11540.0,EBC
2023-01-27 15:22:00,16.045,16.05,15.995,15.995,10457.0,EBC
2023-01-27 15:21:00,16.05,16.05,16.04,16.0401,12085.0,EBC
2023-01-27 15:20:00,16.045,16.05,16.0426,16.0475,12070.0,EBC
2023-01-27 15:19:00,16.045,16.05,16.04,16.0475,2451.0,EBC
2023-01-27 15:18:00,16.05,16.05,16.045,16.05,1749.0,EBC
2023-01-27 15:17:00,16.05,16.05,16.04,16.0475,3712.0,EBC
2023-01-27 15:16:00,16.05,16.05,16.045,16.05,2076.0,EBC
2023-01-27 15:15:00,16.045,16.05,16.045,16.05,1974.0,EBC
2023-01-27 15:14:00,16.05,16.05,16.04,16.05,2677.0,EBC
2023-01-27 15:13:00,16.05,16.05,16.04,16.05,3118.0,EBC
2023-01-27 15:12:00,16.05,16.055,16.04,16.04,3924.0,EBC
2023-01-27 15:11:00,16.0501,16.055,16.045,16.05,7946.0,EBC
2023-01-27 15:10:00,16.045,16.055,16.045,16.055,2130.0,EBC
2023-01-27 15:09:00,16.035,16.05,16.035,16.05,4829.0,EBC
2023-01-27 15:08:00,16.035,16.05,16.035,16.04,12755.0,EBC
2023-01-27 15:07:00,16.0211,16.04,16.0211,16.04,4108.0,EBC
2023-01-27 15:06:00,16.03,16.03,16.0219,16.0219,3388.0,EBC
2023-01-27 15:05:00,16.005,16.03,16.005,16.03,11238.0,EBC
2023-01-27 15:04:00,16.005,16.005,16.0,16.005,1216.0,EBC
2023-01-27 15:03:00,16.005,16.005,16.005,16.005,262.0,EBC
2023-01-27 15:02:00,16.005,16.005,16.005,16.005,418.0,EBC
2023-01-27 15:01:00,16.01,16.01,16.0,16.005,2350.0,EBC
2023-01-27 15:00:00,16.01,16.01,15.995,16.0,6783.0,EBC
2023-01-27 14:59:00,16.02,16.02,16.01,16.01,7017.0,EBC
2023-01-27 14:57:00,16.015,16.02,16.015,16.02,7830.0,EBC
2023-01-27 14:56:00,16.01,16.0194,16.01,16.0194,890.0,EBC
2023-01-27 14:55:00,16.015,16.015,16.015,16.015,132.0,EBC
2023-01-27 14:54:00,16.06,16.06,16.01,16.015,2399.0,EBC
2023-01-27 14:53:00,16.065,16.07,16.06,16.06,712.0,EBC
2023-01-27 14:52:00,16.05,16.06,16.05,16.06,8992.0,EBC
2023-01-27 14:51:00,16.06,16.06,16.04,16.05,8018.0,EBC
2023-01-27 14:50:00,16.04,16.05,16.035,16.05,3941.0,EBC
2023-01-27 14:49:00,16.015,16.03,16.015,16.025,8755.0,EBC
2023-01-27 14:48:00,16.015,16.015,16.01,16.015,4091.0,EBC
2023-01-27 14:47:00,16.0125,16.0125,16.0125,16.0125,739.0,EBC
2023-01-27 14:46:00,16.01,16.01,16.01,16.01,765.0,EBC
2023-01-27 14:45:00,16.02,16.025,16.015,16.02,1808.0,EBC
2023-01-27 14:44:00,16.055,16.06,16.03,16.03,4331.0,EBC
2023-01-27 14:43:00,16.055,16.055,16.055,16.055,570.0,EBC
2023-01-27 14:42:00,16.06,16.06,16.055,16.055,2900.0,EBC
2023-01-27 14:41:00,16.05,16.055,16.05,16.055,1751.0,EBC
2023-01-27 14:40:00,16.02,16.05,16.015,16.05,4502.0,EBC
2023-01-27 14:39:00,16.0198,16.025,16.015,16.02,4148.0,EBC
2023-01-27 14:38:00,16.0399,16.0399,16.015,16.015,766.0,EBC
2023-01-27 14:37:00,16.015,16.03,16.015,16.025,7462.0,EBC
2023-01-27 14:36:00,16.0199,16.02,16.01,16.015,4283.0,EBC
2023-01-27 14:35:00,16.075,16.075,16.015,16.015,1789.0,EBC
2023-01-27 14:34:00,16.135,16.135,16.07,16.075,3437.0,EBC
2023-01-27 14:33:00,16.14,16.14,16.135,16.135,1337.0,EBC
2023-01-27 14:32:00,16.135,16.1399,16.13,16.1399,853.0,EBC
2023-01-27 14:31:00,16.135,16.135,16.135,16.135,252.0,EBC
2023-01-27 14:30:00,16.13,16.13,16.13,16.13,569.0,EBC
2023-01-27 14:29:00,16.1399,16.1399,16.13,16.13,1081.0,EBC
2023-01-27 14:28:00,16.115,16.13,16.07,16.125,18619.0,EBC
2023-01-27 14:27:00,16.12,16.13,16.1101,16.12,3969.0,EBC
2023-01-27 14:26:00,16.12,16.13,16.1122,16.13,1848.0,EBC
2023-01-27 14:25:00,16.12,16.12,16.12,16.12,1432.0,EBC
2023-01-27 14:24:00,16.12,16.13,16.12,16.1299,1813.0,EBC
2023-01-27 14:23:00,16.1018,16.11,16.1018,16.11,3107.0,EBC
2023-01-27 14:22:00,16.094,16.1042,16.094,16.1042,1700.0,EBC
2023-01-27 14:21:00,16.13,16.14,16.095,16.1,6442.0,EBC
2023-01-27 14:20:00,16.12,16.13,16.11,16.13,4780.0,EBC
2023-01-27 14:19:00,16.095,16.12,16.095,16.12,4607.0,EBC
2023-01-27 14:18:00,16.07,16.1,16.06,16.1,5919.0,EBC
2023-01-27 14:17:00,16.055,16.075,16.0511,16.075,5792.0,EBC
2023-01-27 14:16:00,16.05,16.06,16.05,16.055,924.0,EBC
2023-01-27 14:15:00,16.055,16.0562,16.055,16.0562,622.0,EBC
2023-01-27 14:14:00,16.05,16.05,16.04,16.04,11343.0,EBC
2023-01-27 14:13:00,16.04,16.04,16.04,16.04,1016.0,EBC
2023-01-27 14:12:00,16.0499,16.0499,16.04,16.04,458.0,EBC
2023-01-27 14:11:00,16.03,16.07,16.03,16.045,7495.0,EBC
2023-01-27 14:10:00,16.005,16.032,16.005,16.032,7576.0,EBC
2023-01-27 14:09:00,16.005,16.005,16.0001,16.005,1611.0,EBC
2023-01-27 14:08:00,16.005,16.005,16.0,16.005,1797.0,EBC
2023-01-27 14:07:00,16.0,16.005,15.995,16.005,8339.0,EBC
2023-01-27 14:06:00,16.0,16.005,16.0,16.005,904.0,EBC
2023-01-27 14:04:00,16.0,16.0,16.0,16.0,5905.0,EBC
2023-01-27 14:03:00,16.0,16.0,16.0,16.0,2048.0,EBC
2023-01-27 14:02:00,15.9801,16.0,15.98,16.0,6005.0,EBC
2023-01-27 14:01:00,15.975,15.985,15.975,15.98,4045.0,EBC
2023-01-27 14:00:00,15.975,15.975,15.975,15.975,663.0,EBC
2023-01-27 13:59:00,15.99,16.005,15.975,15.98,13112.0,EBC
2023-01-27 13:58:00,15.984,15.985,15.9827,15.985,2827.0,EBC
2023-01-27 13:57:00,15.985,15.985,15.985,15.985,348.0,EBC
2023-01-27 13:56:00,16.0,16.0,15.995,15.995,1062.0,EBC
2023-01-27 13:55:00,16.0,16.005,16.0,16.005,1752.0,EBC
2023-01-27 13:54:00,16.0,16.0,15.985,16.0,8098.0,EBC
2023-01-27 13:53:00,16.005,16.0083,16.0022,16.0022,1163.0,EBC
2023-01-27 13:52:00,16.005,16.005,16.005,16.005,704.0,EBC
2023-01-27 13:51:00,16.005,16.01,16.005,16.01,8710.0,EBC
2023-01-27 13:50:00,16.0,16.009,16.0,16.005,1749.0,EBC
2023-01-27 13:49:00,16.01,16.01,16.0,16.005,1380.0,EBC
2023-01-27 13:48:00,16.0,16.015,16.0,16.01,2865.0,EBC
2023-01-27 13:47:00,16.0,16.0,15.995,16.0,1339.0,EBC
2023-01-27 13:46:00,16.0,16.0073,16.0,16.0,2154.0,EBC
2023-01-27 13:45:00,15.985,16.0,15.985,15.99,3965.0,EBC
2023-01-27 13:44:00,15.99,15.99,15.985,15.985,1171.0,EBC
2023-01-27 13:43:00,16.0,16.0,15.9921,15.995,1365.0,EBC
2023-01-27 13:42:00,15.985,16.0,15.985,16.0,4703.0,EBC
2023-01-27 13:41:00,16.0,16.0,15.99,15.99,4783.0,EBC
2023-01-27 13:39:00,16.0,16.0,15.99,16.0,4452.0,EBC
2023-01-27 13:38:00,15.99,16.0,15.9874,16.0,4622.0,EBC
2023-01-27 13:37:00,15.975,15.99,15.975,15.99,3687.0,EBC
2023-01-27 13:36:00,15.98,15.98,15.975,15.975,2044.0,EBC
2023-01-27 13:35:00,15.96,15.975,15.96,15.975,4765.0,EBC
2023-01-27 13:34:00,15.965,15.965,15.955,15.965,1595.0,EBC
2023-01-27 13:33:00,15.99,15.99,15.97,15.97,4584.0,EBC
2023-01-27 13:32:00,15.9901,16.0,15.9901,15.995,5212.0,EBC
2023-01-27 13:31:00,16.0201,16.0204,15.9921,15.995,2877.0,EBC
2023-01-27 13:30:00,15.995,16.05,15.995,16.03,10352.0,EBC
2023-01-27 13:29:00,15.95,16.0,15.945,15.995,19953.0,EBC
2023-01-27 13:28:00,15.91,15.95,15.91,15.95,11586.0,EBC
2023-01-27 13:27:00,15.91,15.915,15.91,15.915,1854.0,EBC
2023-01-27 13:26:00,15.915,15.915,15.9101,15.915,2087.0,EBC
2023-01-27 13:25:00,15.94,15.94,15.91,15.915,5773.0,EBC
2023-01-27 13:23:00,15.93,15.935,15.9239,15.935,1462.0,EBC
2023-01-27 13:22:00,15.9,15.93,15.8998,15.93,3404.0,EBC
2023-01-27 13:21:00,15.8975,15.91,15.891,15.895,4620.0,EBC
2023-01-27 13:20:00,15.93,15.93,15.895,15.9,3011.0,EBC
2023-01-27 13:19:00,15.9,15.94,15.895,15.94,10756.0,EBC
2023-01-27 13:18:00,15.92,15.9217,15.91,15.91,1975.0,EBC
2023-01-27 13:17:00,15.94,15.96,15.93,15.94,4018.0,EBC
2023-01-27 13:16:00,15.93,15.94,15.91,15.94,12329.0,EBC
2023-01-27 13:15:00,15.9,15.92,15.8948,15.92,5583.0,EBC
2023-01-27 13:14:00,15.9,15.9,15.8966,15.9,4433.0,EBC
2023-01-27 13:13:00,15.895,15.9,15.8843,15.9,2565.0,EBC
2023-01-27 13:12:00,15.895,15.895,15.895,15.895,531.0,EBC
2023-01-27 13:11:00,15.92,15.92,15.885,15.895,4980.0,EBC
2023-01-27 13:10:00,15.91,15.93,15.9,15.9141,13042.0,EBC
2023-01-27 13:09:00,15.9009,15.92,15.9,15.92,6088.0,EBC
2023-01-27 13:08:00,15.905,15.905,15.89,15.9,6263.0,EBC
2023-01-27 13:07:00,15.9,15.91,15.8912,15.9,1451.0,EBC
2023-01-27 13:06:00,15.8999,15.9,15.8999,15.9,784.0,EBC
2023-01-27 13:05:00,15.89,15.9,15.89,15.9,1987.0,EBC
2023-01-27 13:04:00,15.84,15.88,15.84,15.88,6456.0,EBC
2023-01-27 13:03:00,15.8006,15.84,15.8006,15.84,8940.0,EBC
2023-01-27 13:02:00,15.76,15.805,15.755,15.805,6744.0,EBC
2023-01-27 13:01:00,15.845,15.85,15.77,15.77,12783.0,EBC
2023-01-27 13:00:00,15.85,15.85,15.835,15.84,2302.0,EBC
2023-01-27 12:59:00,15.855,15.855,15.855,15.855,128.0,EBC
2023-01-27 12:58:00,15.87,15.87,15.87,15.87,830.0,EBC
2023-01-27 12:57:00,15.905,15.92,15.88,15.88,4633.0,EBC
2023-01-27 12:56:00,15.89,15.92,15.89,15.905,1292.0,EBC
2023-01-27 12:55:00,15.85,15.92,15.85,15.91,9557.0,EBC
2023-01-27 12:54:00,15.83,15.86,15.83,15.86,3008.0,EBC
2023-01-27 12:53:00,15.8226,15.85,15.8226,15.85,3014.0,EBC
2023-01-27 12:52:00,15.91,15.92,15.8201,15.8201,6827.0,EBC
2023-01-27 12:51:00,15.915,15.92,15.91,15.92,1329.0,EBC
2023-01-27 12:50:00,15.9,15.91,15.9,15.91,2757.0,EBC
2023-01-27 12:49:00,15.84,15.9,15.835,15.9,5369.0,EBC
2023-01-27 12:48:00,15.84,15.84,15.83,15.84,2020.0,EBC
2023-01-27 12:47:00,15.9128,15.9128,15.835,15.84,9535.0,EBC
2023-01-27 12:46:00,15.9556,15.9556,15.93,15.93,4397.0,EBC
2023-01-27 12:45:00,15.935,15.96,15.935,15.96,2431.0,EBC
2023-01-27 12:44:00,15.935,15.9399,15.935,15.9399,824.0,EBC
2023-01-27 12:43:00,15.955,15.975,15.93,15.93,16355.0,EBC
2023-01-27 12:42:00,15.915,15.97,15.915,15.96,5583.0,EBC
2023-01-27 12:41:00,15.915,15.925,15.915,15.92,4721.0,EBC
2023-01-27 12:39:00,15.925,15.93,15.91,15.91,6997.0,EBC
2023-01-27 12:38:00,15.94,15.96,15.93,15.96,3512.0,EBC
2023-01-27 12:37:00,15.88,15.95,15.88,15.95,10347.0,EBC
2023-01-27 12:36:00,15.86,15.9,15.86,15.871,2070.0,EBC
2023-01-27 12:35:00,15.92,15.92,15.86,15.86,2470.0,EBC
2023-01-27 12:34:00,15.96,15.96,15.86,15.92,11422.0,EBC
2023-01-27 12:33:00,16.02,16.02,15.97,15.97,1710.0,EBC
2023-01-27 12:32:00,15.98,16.03,15.97,16.01,11418.0,EBC
2023-01-27 12:31:00,15.96,16.04,15.9599,15.9701,36063.0,EBC
2023-01-27 12:30:00,15.9399,15.9509,15.9399,15.9509,5246.0,EBC
2023-01-27 12:29:00,15.8901,15.9373,15.8901,15.925,2410.0,EBC
2023-01-27 12:28:00,15.895,15.94,15.88,15.92,10530.0,EBC
2023-01-27 12:27:00,15.895,15.895,15.895,15.895,510.0,EBC
2023-01-27 12:26:00,15.865,15.9,15.865,15.895,10517.0,EBC
2023-01-27 12:25:00,15.86,15.865,15.86,15.865,994.0,EBC
2023-01-27 12:24:00,15.905,15.905,15.85,15.865,10277.0,EBC
2023-01-27 12:23:00,15.91,15.91,15.9,15.9,4919.0,EBC
2023-01-27 12:22:00,15.94,15.97,15.91,15.9115,4951.0,EBC
2023-01-27 12:21:00,15.945,15.98,15.93,15.96,15824.0,EBC
2023-01-27 12:20:00,15.9401,15.9401,15.93,15.94,10434.0,EBC
2023-01-27 12:19:00,15.948,15.96,15.94,15.94,4599.0,EBC
2023-01-27 12:18:00,15.875,15.99,15.875,15.95,32926.0,EBC
2023-01-27 12:17:00,15.85,15.8797,15.85,15.8797,9197.0,EBC
2023-01-27 12:16:00,15.83,15.8654,15.8297,15.865,12114.0,EBC
2023-01-27 12:15:00,15.78,15.83,15.78,15.83,10491.0,EBC
2023-01-27 12:14:00,15.755,15.78,15.75,15.78,11985.0,EBC
2023-01-27 12:13:00,15.71,15.755,15.71,15.75,19955.0,EBC
2023-01-27 12:12:00,15.71,15.73,15.7,15.71,26067.0,EBC
2023-01-27 12:11:00,15.71,15.71,15.7,15.71,2545.0,EBC
2023-01-27 12:10:00,15.715,15.72,15.71,15.71,5311.0,EBC
2023-01-27 12:09:00,15.67,15.71,15.67,15.71,6990.0,EBC
2023-01-27 12:08:00,15.64,15.67,15.64,15.66,5905.0,EBC
2023-01-27 12:07:00,15.63,15.63,15.615,15.63,6753.0,EBC
2023-01-27 12:06:00,15.655,15.655,15.635,15.635,1106.0,EBC
2023-01-27 12:05:00,15.69,15.69,15.665,15.665,2339.0,EBC
2023-01-27 12:04:00,15.645,15.7,15.645,15.6999,10768.0,EBC
2023-01-27 12:03:00,15.625,15.64,15.6,15.64,9927.0,EBC
2023-01-27 12:02:00,15.6101,15.621,15.61,15.62,11105.0,EBC
2023-01-27 12:01:00,15.605,15.615,15.6001,15.615,15042.0,EBC
2023-01-27 12:00:00,15.605,15.6098,15.595,15.605,8555.0,EBC
2023-01-27 11:59:00,15.6001,15.6099,15.6,15.605,3303.0,EBC
2023-01-27 11:58:00,15.61,15.61,15.595,15.61,4465.0,EBC
2023-01-27 11:57:00,15.615,15.62,15.6101,15.6113,1995.0,EBC
2023-01-27 11:56:00,15.621,15.6291,15.6115,15.6115,2589.0,EBC
2023-01-27 11:55:00,15.61,15.64,15.6,15.625,6700.0,EBC
2023-01-27 11:54:00,15.595,15.61,15.595,15.6,1973.0,EBC
2023-01-27 11:53:00,15.595,15.595,15.59,15.59,283.0,EBC
2023-01-27 11:52:00,15.585,15.62,15.585,15.61,3833.0,EBC
2023-01-27 11:51:00,15.55,15.58,15.5492,15.58,30119.0,EBC
2023-01-27 11:50:00,15.5307,15.57,15.5307,15.5501,9029.0,EBC
2023-01-27 11:49:00,15.53,15.5399,15.5278,15.5396,3473.0,EBC
2023-01-27 11:48:00,15.5039,15.5399,15.5039,15.53,12142.0,EBC
2023-01-27 11:47:00,15.505,15.51,15.504,15.505,3021.0,EBC
2023-01-27 11:46:00,15.5528,15.554,15.5,15.505,43013.0,EBC
2023-01-27 11:45:00,15.555,15.5599,15.5401,15.5599,1839.0,EBC
2023-01-27 11:44:00,15.535,15.55,15.535,15.55,15309.0,EBC
2023-01-27 11:43:00,15.535,15.5391,15.53,15.53,3285.0,EBC
2023-01-27 11:42:00,15.535,15.5399,15.5301,15.5301,3242.0,EBC
2023-01-27 11:41:00,15.51,15.5301,15.51,15.53,20228.0,EBC
2023-01-27 11:40:00,15.575,15.58,15.5,15.51,22584.0,EBC
2023-01-27 11:39:00,15.565,15.5799,15.565,15.57,10604.0,EBC
2023-01-27 11:38:00,15.5504,15.57,15.55,15.57,14641.0,EBC
2023-01-27 11:37:00,15.5701,15.5701,15.54,15.55,21445.0,EBC
2023-01-27 11:36:00,15.59,15.59,15.57,15.57,11104.0,EBC
2023-01-27 11:35:00,15.59,15.595,15.58,15.58,1759.0,EBC
2023-01-27 11:34:00,15.604,15.604,15.59,15.59,2166.0,EBC
2023-01-27 11:33:00,15.595,15.62,15.59,15.605,7417.0,EBC
2023-01-27 11:32:00,15.59,15.595,15.58,15.5901,6147.0,EBC
2023-01-27 11:31:00,15.6,15.6,15.575,15.59,11275.0,EBC
2023-01-27 11:30:00,15.595,15.6099,15.595,15.6065,2829.0,EBC
2023-01-27 11:29:00,15.5899,15.6,15.585,15.5957,6641.0,EBC
2023-01-27 11:28:00,15.6601,15.6601,15.575,15.5807,17060.0,EBC
2023-01-27 11:27:00,15.6624,15.6699,15.6607,15.665,1091.0,EBC
2023-01-27 11:26:00,15.665,15.6699,15.6609,15.665,1716.0,EBC
2023-01-27 11:25:00,15.6707,15.6707,15.66,15.665,1340.0,EBC
2023-01-27 11:24:00,15.645,15.6799,15.645,15.675,9557.0,EBC
2023-01-27 11:23:00,15.635,15.65,15.635,15.645,30511.0,EBC
2023-01-27 11:22:00,15.635,15.64,15.63,15.63,15719.0,EBC
2023-01-27 11:21:00,15.635,15.635,15.63,15.6301,3365.0,EBC
2023-01-27 11:20:00,15.625,15.6399,15.625,15.6399,2816.0,EBC
2023-01-27 11:19:00,15.6217,15.63,15.6217,15.625,4814.0,EBC
2023-01-27 11:18:00,15.625,15.68,15.62,15.6291,10023.0,EBC
2023-01-27 11:17:00,15.615,15.63,15.615,15.63,4570.0,EBC
2023-01-27 11:16:00,15.605,15.615,15.6,15.615,10671.0,EBC
2023-01-27 11:15:00,15.58,15.6199,15.58,15.6199,6395.0,EBC
2023-01-27 11:14:00,15.56,15.58,15.55,15.58,12378.0,EBC
2023-01-27 11:13:00,15.56,15.5601,15.56,15.56,9379.0,EBC
2023-01-27 11:12:00,15.55,15.57,15.545,15.57,6198.0,EBC
2023-01-27 11:11:00,15.615,15.615,15.54,15.545,13529.0,EBC
2023-01-27 11:10:00,15.675,15.685,15.61,15.61,32106.0,EBC
2023-01-27 11:09:00,15.68,15.68,15.67,15.67,18983.0,EBC
2023-01-27 11:08:00,15.67,15.69,15.67,15.68,15091.0,EBC
2023-01-27 11:07:00,15.6792,15.7,15.675,15.685,6071.0,EBC
2023-01-27 11:06:00,15.69,15.71,15.68,15.68,21143.0,EBC
2023-01-27 11:05:00,15.7053,15.7091,15.68,15.69,6755.0,EBC
2023-01-27 11:04:00,15.685,15.7,15.685,15.7,2765.0,EBC
2023-01-27 11:03:00,15.72,15.72,15.67,15.68,10884.0,EBC
2023-01-27 11:02:00,15.7201,15.7222,15.71,15.72,5340.0,EBC
2023-01-27 11:01:00,15.725,15.75,15.725,15.735,6871.0,EBC
2023-01-27 11:00:00,15.725,15.725,15.72,15.725,1261.0,EBC
2023-01-27 10:59:00,15.675,15.72,15.675,15.72,11647.0,EBC
2023-01-27 10:58:00,15.6788,15.68,15.67,15.675,3331.0,EBC
2023-01-27 10:57:00,15.655,15.675,15.655,15.675,5192.0,EBC
2023-01-27 10:56:00,15.7,15.705,15.655,15.66,12061.0,EBC
2023-01-27 10:55:00,15.705,15.71,15.7,15.7,3098.0,EBC
2023-01-27 10:54:00,15.7,15.7,15.7,15.7,202.0,EBC
2023-01-27 10:53:00,15.69,15.705,15.69,15.705,5220.0,EBC
2023-01-27 10:52:00,15.675,15.7,15.66,15.7,7269.0,EBC
2023-01-27 10:51:00,15.71,15.71,15.665,15.67,15055.0,EBC
2023-01-27 10:50:00,15.745,15.745,15.71,15.72,3277.0,EBC
2023-01-27 10:49:00,15.75,15.8,15.73,15.76,6369.0,EBC
2023-01-27 10:48:00,15.76,15.77,15.71,15.75,26677.0,EBC
2023-01-27 10:47:00,15.755,15.8,15.75,15.7601,8567.0,EBC
2023-01-27 10:46:00,15.75,15.7699,15.75,15.75,2293.0,EBC
2023-01-27 10:45:00,15.7599,15.77,15.7599,15.76,4603.0,EBC
2023-01-27 10:44:00,15.7541,15.755,15.74,15.755,3253.0,EBC
2023-01-27 10:43:00,15.76,15.76,15.75,15.75,2006.0,EBC
2023-01-27 10:42:00,15.751,15.77,15.75,15.77,8846.0,EBC
2023-01-27 10:41:00,15.7501,15.76,15.71,15.7508,11211.0,EBC
2023-01-27 10:40:00,15.725,15.76,15.71,15.74,10854.0,EBC
2023-01-27 10:39:00,15.72,15.73,15.72,15.72,5767.0,EBC
2023-01-27 10:38:00,15.67,15.72,15.67,15.72,6003.0,EBC
2023-01-27 10:37:00,15.64,15.67,15.62,15.67,8389.0,EBC
2023-01-27 10:36:00,15.65,15.66,15.6201,15.66,23318.0,EBC
2023-01-27 10:35:00,15.65,15.68,15.65,15.65,6326.0,EBC
2023-01-27 10:34:00,15.68,15.68,15.65,15.6555,2626.0,EBC
2023-01-27 10:33:00,15.65,15.69,15.64,15.6801,7383.0,EBC
2023-01-27 10:32:00,15.6853,15.6853,15.6,15.63,13200.0,EBC
2023-01-27 10:31:00,15.68,15.685,15.62,15.62,3208.0,EBC
2023-01-27 10:30:00,15.6485,15.72,15.6485,15.72,9746.0,EBC
2023-01-27 10:29:00,15.6701,15.6791,15.64,15.64,11665.0,EBC
2023-01-27 10:28:00,15.63,15.68,15.61,15.6789,10554.0,EBC
2023-01-27 10:27:00,15.76,15.76,15.6247,15.65,10813.0,EBC
2023-01-27 10:26:00,15.764,15.765,15.76,15.765,4128.0,EBC
2023-01-27 10:25:00,15.74,15.77,15.73,15.765,3556.0,EBC
2023-01-27 10:24:00,15.795,15.795,15.74,15.77,10169.0,EBC
2023-01-27 10:23:00,15.81,15.81,15.8,15.8,2129.0,EBC
2023-01-27 10:22:00,15.81,15.84,15.795,15.83,18538.0,EBC
2023-01-27 10:21:00,15.82,15.82,15.75,15.8,7261.0,EBC
2023-01-27 10:20:00,15.74,15.84,15.74,15.8029,21503.0,EBC
2023-01-27 10:19:00,15.715,15.74,15.715,15.74,2512.0,EBC
2023-01-27 10:18:00,15.715,15.73,15.71,15.72,8838.0,EBC
2023-01-27 10:17:00,15.76,15.76,15.72,15.725,2507.0,EBC
2023-01-27 10:16:00,15.74,15.7698,15.74,15.76,6939.0,EBC
2023-01-27 10:15:00,15.735,15.79,15.725,15.74,30102.0,EBC
2023-01-27 10:14:00,15.78,15.81,15.7238,15.7589,43022.0,EBC
2023-01-27 10:13:00,15.78,15.815,15.77,15.77,11102.0,EBC
2023-01-27 10:12:00,15.78,15.79,15.76,15.775,13573.0,EBC
2023-01-27 10:11:00,15.715,15.86,15.715,15.79,12240.0,EBC
2023-01-27 10:10:00,15.79,15.79,15.73,15.75,6033.0,EBC
2023-01-27 10:09:00,15.76,15.79,15.69,15.79,19785.0,EBC
2023-01-27 10:08:00,15.69,15.76,15.6,15.76,48751.0,EBC
2023-01-27 10:07:00,15.51,15.66,15.5,15.66,20321.0,EBC
2023-01-27 10:06:00,15.55,15.55,15.43,15.51,25727.0,EBC
2023-01-27 10:05:00,15.6099,15.6099,15.51,15.55,18121.0,EBC
2023-01-27 10:04:00,15.615,15.615,15.6,15.6,1437.0,EBC
2023-01-27 10:03:00,15.65,15.655,15.58,15.6,23811.0,EBC
2023-01-27 10:02:00,15.66,15.69,15.66,15.69,8990.0,EBC
2023-01-27 10:01:00,15.66,15.682,15.53,15.682,16227.0,EBC
2023-01-27 10:00:00,15.66,15.7485,15.6375,15.645,13520.0,EBC
2023-01-27 09:59:00,15.46,15.6599,15.4421,15.6303,21298.0,EBC
2023-01-27 09:58:00,15.375,15.5,15.375,15.45,7055.0,EBC
2023-01-27 09:57:00,15.4705,15.4893,15.36,15.36,17876.0,EBC
2023-01-27 09:56:00,15.42,15.5,15.42,15.4914,15432.0,EBC
2023-01-27 09:55:00,15.45,15.46,15.415,15.42,7851.0,EBC
2023-01-27 09:54:00,15.335,15.48,15.335,15.48,16643.0,EBC
2023-01-27 09:53:00,15.42,15.42,15.33,15.36,24284.0,EBC
2023-01-27 09:52:00,15.44,15.53,15.41,15.43,20443.0,EBC
2023-01-27 09:51:00,15.435,15.46,15.37,15.44,25975.0,EBC
2023-01-27 09:50:00,15.48,15.48,15.425,15.435,16060.0,EBC
2023-01-27 09:49:00,15.53,15.58,15.42,15.4714,31141.0,EBC
2023-01-27 09:48:00,15.46,15.52,15.46,15.51,25253.0,EBC
2023-01-27 09:47:00,15.465,15.465,15.42,15.44,9142.0,EBC
2023-01-27 09:46:00,15.48,15.55,15.46,15.485,24255.0,EBC
2023-01-27 09:45:00,15.38,15.5,15.38,15.4775,27579.0,EBC
2023-01-27 09:44:00,15.405,15.43,15.34,15.3971,15597.0,EBC
2023-01-27 09:43:00,15.55,15.57,15.37,15.42,34601.0,EBC
2023-01-27 09:42:00,15.43,15.5505,15.36,15.5505,22468.0,EBC
2023-01-27 09:41:00,15.5406,15.56,15.435,15.4692,16742.0,EBC
2023-01-27 09:40:00,15.805,15.84,15.56,15.57,23029.0,EBC
2023-01-27 09:39:00,15.52,15.7799,15.44,15.77,46604.0,EBC
2023-01-27 09:38:00,15.56,15.61,15.43,15.515,63669.0,EBC
2023-01-27 09:37:00,15.35,15.58,15.35,15.56,8097.0,EBC
2023-01-27 09:36:00,15.74,15.85,15.25,15.35,42909.0,EBC
2023-01-27 09:35:00,15.58,15.8099,15.58,15.71,21320.0,EBC
2023-01-27 09:34:00,15.93,15.94,15.39,15.57,20033.0,EBC
2023-01-27 09:33:00,16.29,16.29,15.91,15.92,32068.0,EBC
2023-01-27 09:32:00,16.6103,16.68,16.3,16.3,19663.0,EBC
2023-01-27 09:31:00,17.01,17.04,16.54,16.54,28934.0,EBC
2023-01-27 08:23:00,17.25,17.25,17.25,17.25,500.0,EBC
2023-01-26 16:02:00,17.59,17.59,17.59,17.59,150.0,EBC
2023-01-26 16:01:00,17.59,17.59,17.59,17.59,5300.0,EBC
2023-01-26 16:00:00,17.545,17.59,17.545,17.57,16477.0,EBC
2023-01-26 15:59:00,17.535,17.55,17.53,17.55,4436.0,EBC
2023-01-26 15:58:00,17.505,17.535,17.505,17.535,6469.0,EBC
2023-01-26 15:57:00,17.505,17.505,17.5,17.505,4193.0,EBC
2023-01-26 15:56:00,17.505,17.52,17.5,17.505,6689.0,EBC
2023-01-26 15:55:00,17.5,17.505,17.49,17.505,5805.0,EBC
2023-01-26 15:54:00,17.49,17.5075,17.49,17.5,3719.0,EBC
2023-01-26 15:53:00,17.5,17.51,17.4901,17.4901,1208.0,EBC
2023-01-26 15:52:00,17.5,17.51,17.5,17.5,2068.0,EBC
2023-01-26 15:51:00,17.48,17.53,17.48,17.5,2766.0,EBC
2023-01-26 15:50:00,17.47,17.47,17.47,17.47,205.0,EBC
2023-01-26 15:49:00,17.47,17.47,17.47,17.47,1195.0,EBC
2023-01-26 15:48:00,17.465,17.465,17.455,17.46,1898.0,EBC
2023-01-26 15:47:00,17.44,17.465,17.44,17.465,2943.0,EBC
2023-01-26 15:46:00,17.45,17.45,17.43,17.43,3857.0,EBC
2023-01-26 15:45:00,17.47,17.47,17.4522,17.4522,1358.0,EBC
2023-01-26 15:44:00,17.46,17.46,17.45,17.45,3120.0,EBC
2023-01-26 15:43:00,17.47,17.47,17.45,17.46,3753.0,EBC
2023-01-26 15:42:00,17.47,17.47,17.47,17.47,1018.0,EBC
2023-01-26 15:41:00,17.47,17.47,17.47,17.47,508.0,EBC
2023-01-26 15:40:00,17.47,17.47,17.46,17.46,1702.0,EBC
2023-01-26 15:39:00,17.48,17.48,17.47,17.475,6343.0,EBC
2023-01-26 15:38:00,17.4975,17.4975,17.49,17.495,904.0,EBC
2023-01-26 15:37:00,17.5,17.5,17.495,17.495,944.0,EBC
2023-01-26 15:36:00,17.505,17.5075,17.5,17.5075,1084.0,EBC
2023-01-26 15:35:00,17.5075,17.5075,17.505,17.505,424.0,EBC
2023-01-26 15:34:00,17.5,17.505,17.495,17.505,807.0,EBC
2023-01-26 15:33:00,17.49,17.51,17.49,17.5,3551.0,EBC
2023-01-26 15:32:00,17.49,17.49,17.485,17.485,1101.0,EBC
2023-01-26 15:31:00,17.5,17.5,17.5,17.5,1179.0,EBC
2023-01-26 15:30:00,17.5,17.5,17.5,17.5,488.0,EBC
2023-01-26 15:29:00,17.5,17.5,17.5,17.5,170.0,EBC
2023-01-26 15:28:00,17.51,17.515,17.5,17.505,1415.0,EBC
2023-01-26 15:27:00,17.5,17.52,17.5,17.52,1615.0,EBC
2023-01-26 15:26:00,17.51,17.51,17.5,17.5,606.0,EBC
2023-01-26 15:25:00,17.505,17.515,17.505,17.51,2609.0,EBC
2023-01-26 15:24:00,17.5101,17.5101,17.51,17.51,1068.0,EBC
2023-01-26 15:23:00,17.515,17.515,17.515,17.515,499.0,EBC
2023-01-26 15:21:00,17.515,17.515,17.51,17.51,2292.0,EBC
2023-01-26 15:20:00,17.51,17.515,17.51,17.515,1041.0,EBC
2023-01-26 15:19:00,17.505,17.505,17.503,17.505,315.0,EBC
2023-01-26 15:18:00,17.485,17.51,17.485,17.51,2607.0,EBC
2023-01-26 15:17:00,17.49,17.49,17.49,17.49,120.0,EBC
2023-01-26 15:16:00,17.49,17.49,17.48,17.48,2226.0,EBC
2023-01-26 15:15:00,17.49,17.49,17.49,17.49,653.0,EBC
2023-01-26 15:14:00,17.495,17.495,17.49,17.49,5339.0,EBC
2023-01-26 15:13:00,17.495,17.495,17.495,17.495,178.0,EBC
2023-01-26 15:12:00,17.475,17.5,17.475,17.495,1834.0,EBC
2023-01-26 15:11:00,17.475,17.475,17.475,17.475,101.0,EBC
2023-01-26 15:10:00,17.46,17.47,17.46,17.47,1431.0,EBC
2023-01-26 15:09:00,17.45,17.45,17.45,17.45,629.0,EBC
2023-01-26 15:08:00,17.45,17.45,17.45,17.45,288.0,EBC
2023-01-26 15:07:00,17.46,17.46,17.46,17.46,1066.0,EBC
2023-01-26 15:06:00,17.455,17.46,17.455,17.46,985.0,EBC
2023-01-26 15:05:00,17.46,17.47,17.46,17.46,1302.0,EBC
2023-01-26 15:04:00,17.455,17.455,17.45,17.45,626.0,EBC
2023-01-26 15:03:00,17.455,17.455,17.455,17.455,147.0,EBC
2023-01-26 15:01:00,17.45,17.46,17.45,17.45,1813.0,EBC
2023-01-26 15:00:00,17.46,17.46,17.45,17.45,1510.0,EBC
2023-01-26 14:58:00,17.46,17.46,17.455,17.46,644.0,EBC
2023-01-26 14:57:00,17.46,17.46,17.45,17.46,773.0,EBC
2023-01-26 14:56:00,17.45,17.45,17.45,17.45,100.0,EBC
2023-01-26 14:55:00,17.45,17.46,17.45,17.46,1266.0,EBC
2023-01-26 14:54:00,17.46,17.46,17.45,17.45,1335.0,EBC
2023-01-26 14:52:00,17.47,17.47,17.465,17.47,765.0,EBC
2023-01-26 14:51:00,17.48,17.48,17.48,17.48,487.0,EBC
2023-01-26 14:50:00,17.48,17.48,17.48,17.48,343.0,EBC
2023-01-26 14:49:00,17.485,17.485,17.485,17.485,217.0,EBC
2023-01-26 14:47:00,17.48,17.49,17.48,17.49,1007.0,EBC
2023-01-26 14:45:00,17.49,17.49,17.49,17.49,812.0,EBC
2023-01-26 14:44:00,17.485,17.49,17.485,17.49,735.0,EBC
2023-01-26 14:43:00,17.485,17.49,17.485,17.485,656.0,EBC
2023-01-26 14:39:00,17.49,17.49,17.49,17.49,330.0,EBC
2023-01-26 14:38:00,17.48,17.48,17.48,17.48,866.0,EBC
2023-01-26 14:37:00,17.47,17.47,17.47,17.47,638.0,EBC
2023-01-26 14:36:00,17.465,17.465,17.465,17.465,186.0,EBC
2023-01-26 14:35:00,17.45,17.46,17.45,17.46,1287.0,EBC
2023-01-26 14:34:00,17.455,17.455,17.455,17.455,139.0,EBC
2023-01-26 14:33:00,17.435,17.45,17.435,17.45,440.0,EBC
2023-01-26 14:32:00,17.44,17.44,17.44,17.44,1730.0,EBC
2023-01-26 14:31:00,17.46,17.46,17.445,17.445,1472.0,EBC
2023-01-26 14:30:00,17.445,17.45,17.445,17.45,1191.0,EBC
2023-01-26 14:29:00,17.4472,17.4472,17.445,17.445,650.0,EBC
2023-01-26 14:28:00,17.455,17.455,17.445,17.445,1210.0,EBC
2023-01-26 14:27:00,17.46,17.46,17.46,17.46,1257.0,EBC
2023-01-26 14:26:00,17.48,17.48,17.47,17.47,868.0,EBC
2023-01-26 14:25:00,17.48,17.48,17.48,17.48,895.0,EBC
2023-01-26 14:23:00,17.49,17.49,17.49,17.49,436.0,EBC
2023-01-26 14:21:00,17.5,17.5,17.5,17.5,447.0,EBC
2023-01-26 14:19:00,17.51,17.51,17.51,17.51,1717.0,EBC
2023-01-26 14:18:00,17.5,17.5,17.5,17.5,267.0,EBC
2023-01-26 14:17:00,17.5073,17.5073,17.5,17.5,453.0,EBC
2023-01-26 14:16:00,17.51,17.51,17.51,17.51,507.0,EBC
2023-01-26 14:15:00,17.515,17.515,17.515,17.515,276.0,EBC
2023-01-26 14:14:00,17.52,17.52,17.52,17.52,436.0,EBC
2023-01-26 14:13:00,17.525,17.525,17.525,17.525,125.0,EBC
2023-01-26 14:11:00,17.53,17.54,17.53,17.53,336.0,EBC
2023-01-26 14:10:00,17.52,17.52,17.52,17.52,640.0,EBC
2023-01-26 14:09:00,17.53,17.53,17.53,17.53,334.0,EBC
2023-01-26 14:08:00,17.53,17.53,17.525,17.53,816.0,EBC
2023-01-26 14:07:00,17.525,17.53,17.525,17.53,943.0,EBC
2023-01-26 14:06:00,17.52,17.52,17.52,17.52,547.0,EBC
2023-01-26 14:05:00,17.53,17.53,17.53,17.53,906.0,EBC
2023-01-26 14:03:00,17.535,17.535,17.535,17.535,267.0,EBC
2023-01-26 14:02:00,17.53,17.535,17.53,17.535,625.0,EBC
2023-01-26 14:01:00,17.525,17.53,17.525,17.53,428.0,EBC
2023-01-26 14:00:00,17.53,17.53,17.525,17.525,824.0,EBC
2023-01-26 13:59:00,17.535,17.535,17.525,17.525,1675.0,EBC
2023-01-26 13:58:00,17.535,17.535,17.535,17.535,104.0,EBC
2023-01-26 13:57:00,17.535,17.535,17.535,17.535,119.0,EBC
2023-01-26 13:56:00,17.53,17.53,17.53,17.53,217.0,EBC
2023-01-26 13:55:00,17.51,17.53,17.51,17.53,1245.0,EBC
2023-01-26 13:54:00,17.53,17.53,17.52,17.52,1030.0,EBC
2023-01-26 13:53:00,17.5301,17.5301,17.53,17.53,1033.0,EBC
2023-01-26 13:52:00,17.54,17.54,17.54,17.54,258.0,EBC
2023-01-26 13:51:00,17.54,17.54,17.54,17.54,312.0,EBC
2023-01-26 13:50:00,17.54,17.54,17.54,17.54,120.0,EBC
2023-01-26 13:49:00,17.54,17.54,17.54,17.54,164.0,EBC
2023-01-26 13:48:00,17.56,17.56,17.55,17.55,7633.0,EBC
2023-01-26 13:47:00,17.565,17.565,17.565,17.565,300.0,EBC
2023-01-26 13:45:00,17.565,17.565,17.565,17.565,107.0,EBC
2023-01-26 13:44:00,17.57,17.57,17.57,17.57,956.0,EBC
2023-01-26 13:43:00,17.575,17.575,17.575,17.575,238.0,EBC
2023-01-26 13:42:00,17.57,17.57,17.57,17.57,426.0,EBC
2023-01-26 13:41:00,17.57,17.57,17.57,17.57,252.0,EBC
2023-01-26 13:40:00,17.555,17.57,17.555,17.57,1543.0,EBC
2023-01-26 13:39:00,17.53,17.55,17.53,17.55,985.0,EBC
2023-01-26 13:38:00,17.53,17.53,17.525,17.525,592.0,EBC
2023-01-26 13:37:00,17.52,17.52,17.52,17.52,300.0,EBC
2023-01-26 13:36:00,17.52,17.52,17.52,17.52,200.0,EBC
2023-01-26 13:35:00,17.52,17.52,17.52,17.52,503.0,EBC
2023-01-26 13:33:00,17.535,17.54,17.51,17.51,2744.0,EBC
2023-01-26 13:32:00,17.54,17.54,17.53,17.53,1440.0,EBC
2023-01-26 13:29:00,17.53,17.53,17.53,17.53,688.0,EBC
2023-01-26 13:28:00,17.54,17.54,17.535,17.535,601.0,EBC
2023-01-26 13:27:00,17.56,17.56,17.54,17.54,6673.0,EBC
2023-01-26 13:25:00,17.55,17.56,17.55,17.56,1878.0,EBC
2023-01-26 13:21:00,17.54,17.54,17.54,17.54,761.0,EBC
2023-01-26 13:20:00,17.55,17.55,17.53,17.53,1886.0,EBC
2023-01-26 13:18:00,17.54,17.55,17.54,17.55,476.0,EBC
2023-01-26 13:15:00,17.55,17.55,17.55,17.55,166.0,EBC
2023-01-26 13:14:00,17.55,17.56,17.55,17.55,456.0,EBC
2023-01-26 13:12:00,17.555,17.555,17.55,17.55,286.0,EBC
2023-01-26 13:11:00,17.55,17.55,17.55,17.55,431.0,EBC
2023-01-26 13:10:00,17.55,17.55,17.545,17.545,374.0,EBC
2023-01-26 13:09:00,17.54,17.54,17.54,17.54,409.0,EBC
2023-01-26 13:07:00,17.54,17.54,17.54,17.54,207.0,EBC
2023-01-26 13:06:00,17.56,17.56,17.55,17.55,995.0,EBC
2023-01-26 13:02:00,17.55,17.56,17.54,17.56,811.0,EBC
2023-01-26 13:01:00,17.55,17.55,17.55,17.55,294.0,EBC
2023-01-26 13:00:00,17.54,17.55,17.54,17.55,2274.0,EBC
2023-01-26 12:56:00,17.55,17.56,17.55,17.559,1313.0,EBC
2023-01-26 12:55:00,17.55,17.55,17.54,17.545,1149.0,EBC
2023-01-26 12:54:00,17.555,17.555,17.555,17.555,238.0,EBC
2023-01-26 12:53:00,17.555,17.555,17.555,17.555,571.0,EBC
2023-01-26 12:51:00,17.54,17.549,17.54,17.549,1153.0,EBC
2023-01-26 12:49:00,17.54,17.54,17.535,17.535,317.0,EBC
2023-01-26 12:48:00,17.53,17.53,17.53,17.53,339.0,EBC
2023-01-26 12:47:00,17.54,17.54,17.54,17.54,111.0,EBC
2023-01-26 12:45:00,17.54,17.54,17.535,17.535,915.0,EBC
2023-01-26 12:44:00,17.5522,17.5522,17.53,17.53,2949.0,EBC
2023-01-26 12:42:00,17.565,17.565,17.565,17.565,196.0,EBC
2023-01-26 12:41:00,17.57,17.57,17.57,17.57,256.0,EBC
2023-01-26 12:39:00,17.56,17.56,17.56,17.56,105.0,EBC
2023-01-26 12:38:00,17.55,17.56,17.55,17.56,527.0,EBC
2023-01-26 12:37:00,17.55,17.55,17.55,17.55,241.0,EBC
2023-01-26 12:35:00,17.57,17.57,17.57,17.57,140.0,EBC
2023-01-26 12:34:00,17.56,17.56,17.56,17.56,320.0,EBC
2023-01-26 12:31:00,17.54,17.54,17.54,17.54,503.0,EBC
2023-01-26 12:30:00,17.54,17.54,17.54,17.54,214.0,EBC
2023-01-26 12:28:00,17.53,17.54,17.53,17.54,1760.0,EBC
2023-01-26 12:26:00,17.51,17.52,17.5,17.52,6213.0,EBC
2023-01-26 12:25:00,17.52,17.52,17.52,17.52,899.0,EBC
2023-01-26 12:21:00,17.54,17.54,17.54,17.54,699.0,EBC
2023-01-26 12:20:00,17.535,17.535,17.535,17.535,242.0,EBC
2023-01-26 12:19:00,17.53,17.54,17.53,17.54,728.0,EBC
2023-01-26 12:15:00,17.55,17.55,17.54,17.54,527.0,EBC
2023-01-26 12:14:00,17.56,17.56,17.56,17.56,226.0,EBC
2023-01-26 12:13:00,17.56,17.56,17.56,17.56,372.0,EBC
2023-01-26 12:12:00,17.55,17.55,17.55,17.55,458.0,EBC
2023-01-26 12:11:00,17.56,17.56,17.55,17.55,816.0,EBC
2023-01-26 12:09:00,17.56,17.56,17.56,17.56,216.0,EBC
2023-01-26 12:05:00,17.56,17.57,17.56,17.57,1074.0,EBC
2023-01-26 12:03:00,17.56,17.6,17.56,17.57,4457.0,EBC
2023-01-26 12:00:00,17.56,17.56,17.56,17.56,103.0,EBC
2023-01-26 11:58:00,17.56,17.56,17.56,17.56,315.0,EBC
2023-01-26 11:55:00,17.56,17.57,17.555,17.57,449.0,EBC
2023-01-26 11:52:00,17.55,17.56,17.55,17.56,591.0,EBC
2023-01-26 11:51:00,17.56,17.56,17.55,17.55,753.0,EBC
2023-01-26 11:47:00,17.55,17.55,17.55,17.55,140.0,EBC
2023-01-26 11:46:00,17.55,17.55,17.55,17.55,205.0,EBC
2023-01-26 11:45:00,17.56,17.56,17.55,17.55,1206.0,EBC
2023-01-26 11:42:00,17.55,17.55,17.55,17.55,227.0,EBC
2023-01-26 11:41:00,17.55,17.55,17.55,17.55,265.0,EBC
2023-01-26 11:40:00,17.54,17.54,17.53,17.54,1125.0,EBC
2023-01-26 11:39:00,17.54,17.54,17.54,17.54,161.0,EBC
2023-01-26 11:37:00,17.53,17.53,17.53,17.53,218.0,EBC
2023-01-26 11:36:00,17.5,17.52,17.5,17.52,2570.0,EBC
2023-01-26 11:35:00,17.495,17.5,17.495,17.495,519.0,EBC
2023-01-26 11:34:00,17.53,17.53,17.49,17.5,9878.0,EBC
2023-01-26 11:33:00,17.55,17.55,17.54,17.54,664.0,EBC
2023-01-26 11:32:00,17.54,17.55,17.54,17.55,419.0,EBC
2023-01-26 11:31:00,17.52,17.52,17.52,17.52,436.0,EBC
2023-01-26 11:30:00,17.515,17.53,17.515,17.53,666.0,EBC
2023-01-26 11:29:00,17.51,17.51,17.51,17.51,997.0,EBC
2023-01-26 11:28:00,17.51,17.52,17.49,17.5,7349.0,EBC
2023-01-26 11:27:00,17.5,17.505,17.5,17.5,2379.0,EBC
2023-01-26 11:26:00,17.495,17.495,17.495,17.495,468.0,EBC
2023-01-26 11:25:00,17.495,17.495,17.4802,17.49,2068.0,EBC
2023-01-26 11:24:00,17.5,17.5,17.49,17.49,748.0,EBC
2023-01-26 11:23:00,17.48,17.5,17.48,17.495,779.0,EBC
2023-01-26 11:22:00,17.49,17.49,17.49,17.49,640.0,EBC
2023-01-26 11:21:00,17.505,17.505,17.505,17.505,268.0,EBC
2023-01-26 11:20:00,17.51,17.51,17.51,17.51,204.0,EBC
2023-01-26 11:19:00,17.52,17.53,17.52,17.52,701.0,EBC
2023-01-26 11:18:00,17.515,17.52,17.515,17.515,556.0,EBC
2023-01-26 11:17:00,17.5,17.5,17.5,17.5,320.0,EBC
2023-01-26 11:16:00,17.49,17.49,17.49,17.49,675.0,EBC
2023-01-26 11:15:00,17.49,17.49,17.49,17.49,125.0,EBC
2023-01-26 11:14:00,17.5,17.5,17.48,17.48,1666.0,EBC
2023-01-26 11:13:00,17.505,17.505,17.505,17.505,115.0,EBC
2023-01-26 11:12:00,17.505,17.505,17.505,17.505,210.0,EBC
2023-01-26 11:10:00,17.48,17.49,17.48,17.49,267.0,EBC
2023-01-26 11:09:00,17.48,17.48,17.48,17.48,222.0,EBC
2023-01-26 11:08:00,17.49,17.49,17.49,17.49,621.0,EBC
2023-01-26 11:07:00,17.474,17.485,17.465,17.485,1405.0,EBC
2023-01-26 11:03:00,17.48,17.48,17.47,17.47,502.0,EBC
2023-01-26 11:02:00,17.45,17.46,17.45,17.46,923.0,EBC
2023-01-26 11:01:00,17.45,17.45,17.45,17.45,1076.0,EBC
2023-01-26 11:00:00,17.45,17.45,17.45,17.45,2351.0,EBC
2023-01-26 10:58:00,17.45,17.45,17.45,17.45,2243.0,EBC
2023-01-26 10:57:00,17.46,17.46,17.46,17.46,281.0,EBC
2023-01-26 10:55:00,17.475,17.49,17.47,17.47,486.0,EBC
2023-01-26 10:54:00,17.49,17.49,17.49,17.49,186.0,EBC
2023-01-26 10:52:00,17.46,17.47,17.46,17.47,795.0,EBC
2023-01-26 10:51:00,17.49,17.49,17.46,17.46,2445.0,EBC
2023-01-26 10:50:00,17.5,17.51,17.5,17.51,468.0,EBC
2023-01-26 10:49:00,17.5,17.5,17.49,17.499,896.0,EBC
2023-01-26 10:46:00,17.5,17.5,17.5,17.5,100.0,EBC
2023-01-26 10:45:00,17.519,17.519,17.519,17.519,129.0,EBC
2023-01-26 10:44:00,17.52,17.52,17.5,17.51,1351.0,EBC
2023-01-26 10:43:00,17.5,17.51,17.5,17.51,1430.0,EBC
2023-01-26 10:40:00,17.5,17.5,17.5,17.5,559.0,EBC
2023-01-26 10:39:00,17.5,17.5,17.49,17.49,918.0,EBC
2023-01-26 10:38:00,17.51,17.51,17.5,17.5,340.0,EBC
2023-01-26 10:37:00,17.51,17.51,17.51,17.51,219.0,EBC
2023-01-26 10:36:00,17.52,17.52,17.51,17.51,335.0,EBC
2023-01-26 10:35:00,17.53,17.53,17.53,17.53,561.0,EBC
2023-01-26 10:34:00,17.52,17.52,17.52,17.52,324.0,EBC
2023-01-26 10:33:00,17.51,17.52,17.51,17.52,623.0,EBC
2023-01-26 10:32:00,17.5,17.5,17.5,17.5,323.0,EBC
2023-01-26 10:31:00,17.51,17.51,17.5,17.5,973.0,EBC
2023-01-26 10:30:00,17.5,17.52,17.5,17.51,1021.0,EBC
2023-01-26 10:28:00,17.52,17.52,17.5,17.5,712.0,EBC
2023-01-26 10:27:00,17.53,17.53,17.52,17.52,888.0,EBC
2023-01-26 10:26:00,17.54,17.54,17.53,17.53,1144.0,EBC
2023-01-26 10:25:00,17.54,17.54,17.54,17.54,659.0,EBC
2023-01-26 10:24:00,17.55,17.55,17.55,17.55,295.0,EBC
2023-01-26 10:23:00,17.53,17.53,17.53,17.53,230.0,EBC
2023-01-26 10:22:00,17.52,17.52,17.52,17.52,400.0,EBC
2023-01-26 10:21:00,17.53,17.53,17.53,17.53,436.0,EBC
2023-01-26 10:20:00,17.53,17.55,17.53,17.545,1185.0,EBC
2023-01-26 10:19:00,17.53,17.53,17.53,17.53,547.0,EBC
2023-01-26 10:18:00,17.53,17.53,17.53,17.53,171.0,EBC
2023-01-26 10:17:00,17.52,17.52,17.52,17.52,339.0,EBC
2023-01-26 10:15:00,17.5,17.51,17.5,17.51,641.0,EBC
2023-01-26 10:14:00,17.49,17.49,17.49,17.49,260.0,EBC
2023-01-26 10:13:00,17.475,17.49,17.475,17.48,875.0,EBC
2023-01-26 10:12:00,17.47,17.47,17.47,17.47,233.0,EBC
2023-01-26 10:11:00,17.48,17.48,17.47,17.47,559.0,EBC
2023-01-26 10:10:00,17.49,17.49,17.49,17.49,136.0,EBC
2023-01-26 10:08:00,17.49,17.49,17.49,17.49,518.0,EBC
2023-01-26 10:07:00,17.51,17.51,17.505,17.505,694.0,EBC
2023-01-26 10:06:00,17.51,17.52,17.51,17.52,549.0,EBC
2023-01-26 10:05:00,17.505,17.52,17.5,17.52,1209.0,EBC
2023-01-26 10:04:00,17.475,17.475,17.475,17.475,412.0,EBC
2023-01-26 10:03:00,17.46,17.48,17.46,17.48,698.0,EBC
2023-01-26 10:02:00,17.47,17.47,17.47,17.47,127.0,EBC
2023-01-26 10:01:00,17.4699,17.48,17.4699,17.48,576.0,EBC
2023-01-26 10:00:00,17.48,17.48,17.435,17.435,1743.0,EBC
2023-01-26 09:59:00,17.5,17.5,17.5,17.5,379.0,EBC
2023-01-26 09:58:00,17.4895,17.4895,17.4895,17.4895,349.0,EBC
2023-01-26 09:57:00,17.48,17.48,17.48,17.48,145.0,EBC
2023-01-26 09:56:00,17.5,17.5,17.48,17.48,2363.0,EBC
2023-01-26 09:55:00,17.5,17.5,17.5,17.5,238.0,EBC
2023-01-26 09:51:00,17.51,17.51,17.51,17.51,123.0,EBC
2023-01-26 09:50:00,17.54,17.54,17.54,17.54,126.0,EBC
2023-01-26 09:45:00,17.54,17.54,17.54,17.54,305.0,EBC
2023-01-26 09:44:00,17.6,17.6,17.58,17.58,4449.0,EBC
2023-01-26 09:43:00,17.6,17.63,17.6,17.63,477.0,EBC
2023-01-26 09:42:00,17.62,17.62,17.62,17.62,340.0,EBC
2023-01-26 09:41:00,17.64,17.66,17.63,17.66,916.0,EBC
2023-01-26 09:40:00,17.65,17.68,17.65,17.67,846.0,EBC
2023-01-26 09:38:00,17.6353,17.6353,17.59,17.62,1141.0,EBC
2023-01-26 09:36:00,17.65,17.65,17.65,17.65,267.0,EBC
2023-01-26 09:31:00,17.58,17.58,17.58,17.58,1792.0,EBC
2023-01-25 16:02:00,17.52,17.52,17.52,17.52,156.0,EBC
2023-01-25 16:01:00,17.52,17.52,17.52,17.52,8012.0,EBC
2023-01-25 16:00:00,17.515,17.53,17.5,17.5,23112.0,EBC
2023-01-25 15:59:00,17.5,17.52,17.5,17.515,4649.0,EBC
2023-01-25 15:58:00,17.48,17.52,17.48,17.5,9928.0,EBC
2023-01-25 15:57:00,17.49,17.491,17.48,17.48,11112.0,EBC
2023-01-25 15:56:00,17.5,17.515,17.49,17.49,12690.0,EBC
2023-01-25 15:55:00,17.5,17.505,17.49,17.505,2824.0,EBC
2023-01-25 15:54:00,17.515,17.515,17.5,17.5,4796.0,EBC
2023-01-25 15:53:00,17.52,17.525,17.51,17.51,1555.0,EBC
2023-01-25 15:52:00,17.53,17.53,17.52,17.525,6449.0,EBC
2023-01-25 15:51:00,17.545,17.55,17.53,17.53,5528.0,EBC
2023-01-25 15:50:00,17.53,17.545,17.53,17.545,2773.0,EBC
2023-01-25 15:49:00,17.54,17.54,17.53,17.53,1998.0,EBC
2023-01-25 15:48:00,17.545,17.55,17.54,17.54,4638.0,EBC
2023-01-25 15:47:00,17.53,17.55,17.53,17.54,1492.0,EBC
2023-01-25 15:46:00,17.54,17.54,17.54,17.54,1787.0,EBC
2023-01-25 15:45:00,17.55,17.55,17.54,17.54,2158.0,EBC
2023-01-25 15:44:00,17.56,17.56,17.55,17.55,1325.0,EBC
2023-01-25 15:43:00,17.54,17.57,17.54,17.565,3478.0,EBC
2023-01-25 15:42:00,17.555,17.555,17.53,17.53,2902.0,EBC
2023-01-25 15:41:00,17.56,17.56,17.56,17.56,420.0,EBC
2023-01-25 15:40:00,17.57,17.57,17.56,17.56,1436.0,EBC
2023-01-25 15:39:00,17.57,17.57,17.56,17.56,989.0,EBC
2023-01-25 15:38:00,17.565,17.57,17.565,17.565,1601.0,EBC
2023-01-25 15:37:00,17.57,17.57,17.56,17.565,1049.0,EBC
2023-01-25 15:36:00,17.575,17.575,17.575,17.575,1981.0,EBC
2023-01-25 15:35:00,17.58,17.585,17.58,17.58,515.0,EBC
2023-01-25 15:34:00,17.58,17.58,17.58,17.58,416.0,EBC
2023-01-25 15:33:00,17.58,17.59,17.575,17.58,2388.0,EBC
2023-01-25 15:32:00,17.575,17.585,17.575,17.585,1688.0,EBC
2023-01-25 15:31:00,17.555,17.58,17.555,17.58,4661.0,EBC
2023-01-25 15:30:00,17.555,17.555,17.555,17.555,260.0,EBC
2023-01-25 15:29:00,17.545,17.56,17.545,17.56,2753.0,EBC
2023-01-25 15:28:00,17.55,17.55,17.55,17.55,1121.0,EBC
2023-01-25 15:27:00,17.545,17.55,17.545,17.55,1600.0,EBC
2023-01-25 15:26:00,17.55,17.55,17.54,17.54,693.0,EBC
2023-01-25 15:25:00,17.545,17.555,17.545,17.555,1407.0,EBC
2023-01-25 15:24:00,17.545,17.55,17.545,17.55,466.0,EBC
2023-01-25 15:23:00,17.54,17.55,17.54,17.55,1042.0,EBC
2023-01-25 15:22:00,17.54,17.54,17.54,17.54,1095.0,EBC
2023-01-25 15:21:00,17.55,17.55,17.54,17.54,666.0,EBC
2023-01-25 15:20:00,17.57,17.57,17.56,17.56,886.0,EBC
2023-01-25 15:19:00,17.56,17.57,17.56,17.57,1509.0,EBC
2023-01-25 15:18:00,17.54,17.56,17.54,17.56,3642.0,EBC
2023-01-25 15:17:00,17.54,17.54,17.54,17.54,863.0,EBC
2023-01-25 15:16:00,17.55,17.55,17.54,17.545,2092.0,EBC
2023-01-25 15:15:00,17.55,17.55,17.55,17.55,1392.0,EBC
2023-01-25 15:14:00,17.56,17.565,17.56,17.56,742.0,EBC
2023-01-25 15:13:00,17.58,17.58,17.57,17.57,1140.0,EBC
2023-01-25 15:12:00,17.6,17.6,17.58,17.58,1255.0,EBC
2023-01-25 15:10:00,17.6,17.6,17.6,17.6,481.0,EBC
2023-01-25 15:09:00,17.61,17.61,17.61,17.61,2700.0,EBC
2023-01-25 15:08:00,17.605,17.615,17.605,17.615,946.0,EBC
2023-01-25 15:07:00,17.605,17.605,17.605,17.605,994.0,EBC
2023-01-25 15:05:00,17.595,17.605,17.595,17.6,1915.0,EBC
2023-01-25 15:04:00,17.59,17.59,17.59,17.59,200.0,EBC
2023-01-25 15:02:00,17.59,17.6,17.59,17.595,1637.0,EBC
2023-01-25 15:01:00,17.57,17.58,17.57,17.58,728.0,EBC
2023-01-25 15:00:00,17.59,17.59,17.57,17.58,2323.0,EBC
2023-01-25 14:59:00,17.59,17.59,17.59,17.59,303.0,EBC
2023-01-25 14:58:00,17.58,17.585,17.58,17.585,2124.0,EBC
2023-01-25 14:57:00,17.6,17.6,17.585,17.59,1171.0,EBC
2023-01-25 14:56:00,17.585,17.595,17.585,17.595,2201.0,EBC
2023-01-25 14:55:00,17.585,17.585,17.58,17.58,806.0,EBC
2023-01-25 14:54:00,17.605,17.605,17.59,17.59,2359.0,EBC
2023-01-25 14:53:00,17.615,17.615,17.61,17.61,1102.0,EBC
2023-01-25 14:52:00,17.615,17.615,17.615,17.615,410.0,EBC
2023-01-25 14:51:00,17.62,17.625,17.615,17.615,1405.0,EBC
2023-01-25 14:50:00,17.61,17.63,17.6,17.63,3208.0,EBC
2023-01-25 14:49:00,17.62,17.62,17.61,17.61,592.0,EBC
2023-01-25 14:48:00,17.62,17.62,17.62,17.62,1013.0,EBC
2023-01-25 14:47:00,17.625,17.625,17.615,17.615,1314.0,EBC
2023-01-25 14:45:00,17.615,17.62,17.615,17.62,1558.0,EBC
2023-01-25 14:44:00,17.615,17.615,17.615,17.615,296.0,EBC
2023-01-25 14:42:00,17.61,17.62,17.61,17.62,981.0,EBC
2023-01-25 14:41:00,17.605,17.605,17.605,17.605,100.0,EBC
2023-01-25 14:40:00,17.605,17.605,17.605,17.605,113.0,EBC
2023-01-25 14:39:00,17.61,17.61,17.61,17.61,1854.0,EBC
2023-01-25 14:37:00,17.6,17.6,17.6,17.6,226.0,EBC
2023-01-25 14:35:00,17.605,17.605,17.605,17.605,210.0,EBC
2023-01-25 14:34:00,17.625,17.625,17.61,17.61,592.0,EBC
2023-01-25 14:32:00,17.62,17.62,17.62,17.62,987.0,EBC
2023-01-25 14:31:00,17.615,17.615,17.615,17.615,312.0,EBC
2023-01-25 14:30:00,17.615,17.615,17.615,17.615,221.0,EBC
2023-01-25 14:28:00,17.62,17.62,17.62,17.62,341.0,EBC
2023-01-25 14:27:00,17.63,17.63,17.62,17.62,300.0,EBC
2023-01-25 14:26:00,17.63,17.63,17.63,17.63,104.0,EBC
2023-01-25 14:25:00,17.635,17.64,17.635,17.64,1277.0,EBC
2023-01-25 14:24:00,17.65,17.65,17.635,17.635,2110.0,EBC
2023-01-25 14:23:00,17.66,17.66,17.66,17.66,236.0,EBC
2023-01-25 14:22:00,17.6508,17.66,17.6508,17.66,845.0,EBC
2023-01-25 14:21:00,17.66,17.66,17.66,17.66,100.0,EBC
2023-01-25 14:18:00,17.66,17.67,17.66,17.67,1068.0,EBC
2023-01-25 14:17:00,17.65,17.65,17.65,17.65,351.0,EBC
2023-01-25 14:16:00,17.65,17.65,17.65,17.65,1039.0,EBC
2023-01-25 14:14:00,17.64,17.65,17.64,17.64,831.0,EBC
2023-01-25 14:13:00,17.63,17.66,17.63,17.64,3506.0,EBC
2023-01-25 14:11:00,17.62,17.62,17.62,17.62,327.0,EBC
2023-01-25 14:10:00,17.62,17.62,17.62,17.62,313.0,EBC
2023-01-25 14:09:00,17.585,17.62,17.58,17.62,2964.0,EBC
2023-01-25 14:08:00,17.59,17.59,17.59,17.59,120.0,EBC
2023-01-25 14:07:00,17.59,17.59,17.59,17.59,119.0,EBC
2023-01-25 14:06:00,17.59,17.59,17.59,17.59,200.0,EBC
2023-01-25 14:05:00,17.59,17.59,17.59,17.59,169.0,EBC
2023-01-25 14:04:00,17.59,17.59,17.59,17.59,103.0,EBC
2023-01-25 14:03:00,17.59,17.59,17.59,17.59,117.0,EBC
2023-01-25 14:02:00,17.6,17.6,17.595,17.595,520.0,EBC
2023-01-25 14:01:00,17.6,17.6,17.6,17.6,213.0,EBC
2023-01-25 14:00:00,17.605,17.61,17.6,17.6,1501.0,EBC
2023-01-25 13:58:00,17.61,17.61,17.6,17.6,1691.0,EBC
2023-01-25 13:57:00,17.6,17.6,17.6,17.6,133.0,EBC
2023-01-25 13:54:00,17.61,17.61,17.61,17.61,114.0,EBC
2023-01-25 13:51:00,17.62,17.62,17.62,17.62,250.0,EBC
2023-01-25 13:49:00,17.6,17.61,17.6,17.61,2370.0,EBC
2023-01-25 13:47:00,17.6,17.6,17.6,17.6,1030.0,EBC
2023-01-25 13:46:00,17.59,17.59,17.59,17.59,1027.0,EBC
2023-01-25 13:45:00,17.58,17.585,17.58,17.585,555.0,EBC
2023-01-25 13:44:00,17.59,17.59,17.59,17.59,570.0,EBC
2023-01-25 13:43:00,17.595,17.595,17.595,17.595,152.0,EBC
2023-01-25 13:42:00,17.6,17.6,17.59,17.6,588.0,EBC
2023-01-25 13:41:00,17.6,17.6,17.6,17.6,702.0,EBC
2023-01-25 13:40:00,17.59,17.59,17.59,17.59,279.0,EBC
2023-01-25 13:38:00,17.59,17.59,17.59,17.59,274.0,EBC
2023-01-25 13:37:00,17.595,17.6,17.595,17.6,1463.0,EBC
2023-01-25 13:36:00,17.59,17.59,17.59,17.59,317.0,EBC
2023-01-25 13:35:00,17.59,17.59,17.59,17.59,270.0,EBC
2023-01-25 13:34:00,17.6,17.6,17.595,17.595,319.0,EBC
2023-01-25 13:33:00,17.61,17.61,17.6,17.6,1041.0,EBC
2023-01-25 13:32:00,17.61,17.61,17.61,17.61,100.0,EBC
2023-01-25 13:31:00,17.62,17.62,17.62,17.62,525.0,EBC
2023-01-25 13:30:00,17.615,17.62,17.615,17.62,1069.0,EBC
2023-01-25 13:27:00,17.61,17.61,17.61,17.61,112.0,EBC
2023-01-25 13:26:00,17.615,17.615,17.615,17.615,215.0,EBC
2023-01-25 13:25:00,17.61,17.61,17.61,17.61,365.0,EBC
2023-01-25 13:24:00,17.63,17.63,17.62,17.62,2322.0,EBC
2023-01-25 13:23:00,17.625,17.63,17.625,17.63,981.0,EBC
2023-01-25 13:22:00,17.625,17.625,17.625,17.625,101.0,EBC
2023-01-25 13:20:00,17.63,17.63,17.62,17.62,1113.0,EBC
2023-01-25 13:18:00,17.62,17.63,17.62,17.63,962.0,EBC
2023-01-25 13:17:00,17.62,17.62,17.62,17.62,460.0,EBC
2023-01-25 13:13:00,17.64,17.64,17.62,17.62,510.0,EBC
2023-01-25 13:12:00,17.66,17.67,17.64,17.64,3603.0,EBC
2023-01-25 13:11:00,17.63,17.65,17.63,17.65,1530.0,EBC
2023-01-25 13:10:00,17.61,17.62,17.61,17.62,1965.0,EBC
2023-01-25 13:09:00,17.61,17.6149,17.61,17.6149,854.0,EBC
2023-01-25 13:07:00,17.61,17.61,17.61,17.61,488.0,EBC
2023-01-25 13:06:00,17.6,17.6,17.6,17.6,105.0,EBC
2023-01-25 13:05:00,17.61,17.61,17.6,17.6,1687.0,EBC
2023-01-25 13:04:00,17.61,17.61,17.61,17.61,1080.0,EBC
2023-01-25 13:03:00,17.61,17.62,17.61,17.61,953.0,EBC
2023-01-25 13:02:00,17.59,17.6,17.59,17.6,3035.0,EBC
2023-01-25 13:01:00,17.58,17.58,17.58,17.58,115.0,EBC
2023-01-25 13:00:00,17.585,17.585,17.585,17.585,302.0,EBC
2023-01-25 12:58:00,17.58,17.58,17.58,17.58,508.0,EBC
2023-01-25 12:57:00,17.5882,17.5882,17.57,17.585,2728.0,EBC
2023-01-25 12:56:00,17.57,17.57,17.57,17.57,212.0,EBC
2023-01-25 12:55:00,17.58,17.58,17.57,17.57,1366.0,EBC
2023-01-25 12:53:00,17.595,17.595,17.585,17.585,2015.0,EBC
2023-01-25 12:52:00,17.59,17.595,17.59,17.595,540.0,EBC
2023-01-25 12:51:00,17.59,17.59,17.59,17.59,108.0,EBC
2023-01-25 12:50:00,17.58,17.585,17.58,17.58,1466.0,EBC
2023-01-25 12:49:00,17.575,17.575,17.57,17.57,863.0,EBC
2023-01-25 12:48:00,17.575,17.575,17.575,17.575,200.0,EBC
2023-01-25 12:46:00,17.56,17.57,17.555,17.57,3984.0,EBC
2023-01-25 12:45:00,17.56,17.56,17.56,17.56,1563.0,EBC
2023-01-25 12:44:00,17.56,17.56,17.555,17.555,200.0,EBC
2023-01-25 12:43:00,17.55,17.56,17.55,17.56,956.0,EBC
2023-01-25 12:42:00,17.56,17.56,17.56,17.56,1425.0,EBC
2023-01-25 12:41:00,17.56,17.565,17.56,17.565,601.0,EBC
2023-01-25 12:38:00,17.565,17.565,17.565,17.565,211.0,EBC
2023-01-25 12:36:00,17.56,17.56,17.56,17.56,316.0,EBC
2023-01-25 12:35:00,17.55,17.55,17.55,17.55,549.0,EBC
2023-01-25 12:34:00,17.565,17.565,17.55,17.55,1859.0,EBC
2023-01-25 12:33:00,17.55,17.56,17.55,17.56,552.0,EBC
2023-01-25 12:32:00,17.545,17.56,17.545,17.56,1918.0,EBC
2023-01-25 12:31:00,17.54,17.54,17.54,17.54,1077.0,EBC
2023-01-25 12:30:00,17.53,17.53,17.53,17.53,100.0,EBC
2023-01-25 12:28:00,17.535,17.535,17.52,17.53,3645.0,EBC
2023-01-25 12:27:00,17.54,17.55,17.54,17.55,1167.0,EBC
2023-01-25 12:26:00,17.52,17.54,17.52,17.54,4118.0,EBC
2023-01-25 12:25:00,17.52,17.52,17.52,17.52,100.0,EBC
2023-01-25 12:24:00,17.55,17.55,17.52,17.52,613.0,EBC
2023-01-25 12:23:00,17.54,17.54,17.54,17.54,101.0,EBC
2023-01-25 12:22:00,17.56,17.56,17.542,17.5473,1405.0,EBC
2023-01-25 12:21:00,17.57,17.57,17.57,17.57,968.0,EBC
2023-01-25 12:20:00,17.59,17.59,17.58,17.58,854.0,EBC
2023-01-25 12:19:00,17.575,17.585,17.575,17.585,1713.0,EBC
2023-01-25 12:18:00,17.6,17.6,17.6,17.6,3224.0,EBC
2023-01-25 12:16:00,17.6,17.605,17.6,17.605,1432.0,EBC
2023-01-25 12:15:00,17.6,17.6,17.6,17.6,812.0,EBC
2023-01-25 12:14:00,17.59,17.59,17.59,17.59,105.0,EBC
2023-01-25 12:13:00,17.61,17.61,17.59,17.595,743.0,EBC
2023-01-25 12:12:00,17.61,17.61,17.61,17.61,129.0,EBC
2023-01-25 12:11:00,17.6217,17.6217,17.6217,17.6217,601.0,EBC
2023-01-25 12:09:00,17.62,17.62,17.62,17.62,131.0,EBC
2023-01-25 12:07:00,17.62,17.62,17.62,17.62,1078.0,EBC
2023-01-25 12:06:00,17.62,17.62,17.62,17.62,305.0,EBC
2023-01-25 12:03:00,17.6487,17.6487,17.6487,17.6487,450.0,EBC
2023-01-25 12:02:00,17.6474,17.6474,17.6474,17.6474,300.0,EBC
2023-01-25 12:00:00,17.65,17.65,17.65,17.65,284.0,EBC
2023-01-25 11:59:00,17.66,17.66,17.66,17.66,442.0,EBC
2023-01-25 11:58:00,17.655,17.66,17.655,17.66,882.0,EBC
2023-01-25 11:57:00,17.65,17.65,17.65,17.65,368.0,EBC
2023-01-25 11:54:00,17.65,17.65,17.65,17.65,102.0,EBC
2023-01-25 11:53:00,17.64,17.65,17.64,17.65,1797.0,EBC
2023-01-25 11:51:00,17.6383,17.6383,17.63,17.63,2380.0,EBC
2023-01-25 11:49:00,17.64,17.64,17.64,17.64,221.0,EBC
2023-01-25 11:47:00,17.65,17.65,17.64,17.64,5078.0,EBC
2023-01-25 11:46:00,17.64,17.64,17.64,17.64,130.0,EBC
2023-01-25 11:43:00,17.64,17.64,17.64,17.64,255.0,EBC
2023-01-25 11:42:00,17.64,17.64,17.63,17.63,1626.0,EBC
2023-01-25 11:40:00,17.64,17.64,17.64,17.64,120.0,EBC
2023-01-25 11:39:00,17.63,17.64,17.63,17.64,891.0,EBC
2023-01-25 11:37:00,17.63,17.63,17.63,17.63,100.0,EBC
2023-01-25 11:36:00,17.63,17.63,17.63,17.63,457.0,EBC
2023-01-25 11:35:00,17.63,17.635,17.62,17.635,2429.0,EBC
2023-01-25 11:34:00,17.62,17.62,17.62,17.62,207.0,EBC
2023-01-25 11:33:00,17.62,17.62,17.62,17.62,342.0,EBC
2023-01-25 11:32:00,17.62,17.62,17.62,17.62,182.0,EBC
2023-01-25 11:31:00,17.62,17.62,17.62,17.62,110.0,EBC
2023-01-25 11:30:00,17.62,17.625,17.62,17.625,678.0,EBC
2023-01-25 11:29:00,17.61,17.61,17.61,17.61,362.0,EBC
2023-01-25 11:28:00,17.615,17.615,17.615,17.615,122.0,EBC
2023-01-25 11:27:00,17.615,17.615,17.615,17.615,101.0,EBC
2023-01-25 11:26:00,17.61,17.61,17.61,17.61,243.0,EBC
2023-01-25 11:25:00,17.61,17.61,17.61,17.61,109.0,EBC
2023-01-25 11:24:00,17.61,17.61,17.61,17.61,134.0,EBC
2023-01-25 11:23:00,17.61,17.62,17.61,17.62,985.0,EBC
2023-01-25 11:22:00,17.62,17.62,17.62,17.62,725.0,EBC
2023-01-25 11:21:00,17.62,17.62,17.61,17.61,1182.0,EBC
2023-01-25 11:20:00,17.61,17.63,17.605,17.63,1763.0,EBC
2023-01-25 11:19:00,17.595,17.595,17.595,17.595,134.0,EBC
2023-01-25 11:18:00,17.605,17.605,17.595,17.6,440.0,EBC
2023-01-25 11:17:00,17.6,17.605,17.6,17.605,581.0,EBC
2023-01-25 11:15:00,17.6,17.6,17.6,17.6,315.0,EBC
2023-01-25 11:13:00,17.6,17.6,17.6,17.6,1095.0,EBC
2023-01-25 11:12:00,17.59,17.59,17.59,17.59,641.0,EBC
2023-01-25 11:11:00,17.57,17.57,17.57,17.57,112.0,EBC
2023-01-25 11:10:00,17.57,17.575,17.57,17.575,361.0,EBC
2023-01-25 11:07:00,17.59,17.59,17.59,17.59,120.0,EBC
2023-01-25 11:06:00,17.59,17.61,17.59,17.6,3884.0,EBC
2023-01-25 11:05:00,17.565,17.58,17.565,17.58,537.0,EBC
2023-01-25 11:02:00,17.57,17.58,17.57,17.57,673.0,EBC
2023-01-25 11:01:00,17.56,17.56,17.56,17.56,487.0,EBC
2023-01-25 10:59:00,17.55,17.55,17.55,17.55,584.0,EBC
2023-01-25 10:58:00,17.532,17.532,17.53,17.53,858.0,EBC
2023-01-25 10:57:00,17.535,17.56,17.535,17.54,3670.0,EBC
2023-01-25 10:56:00,17.525,17.535,17.525,17.535,325.0,EBC
2023-01-25 10:54:00,17.52,17.53,17.52,17.53,512.0,EBC
2023-01-25 10:53:00,17.59,17.59,17.54,17.54,2264.0,EBC
2023-01-25 10:52:00,17.59,17.59,17.58,17.59,3190.0,EBC
2023-01-25 10:51:00,17.59,17.59,17.58,17.59,601.0,EBC
2023-01-25 10:50:00,17.565,17.59,17.56,17.58,9618.0,EBC
2023-01-25 10:49:00,17.55,17.57,17.55,17.57,1923.0,EBC
2023-01-25 10:48:00,17.53,17.56,17.53,17.56,3279.0,EBC
2023-01-25 10:47:00,17.5382,17.5382,17.5382,17.5382,1377.0,EBC
2023-01-25 10:46:00,17.53,17.53,17.52,17.53,1177.0,EBC
2023-01-25 10:43:00,17.53,17.53,17.53,17.53,301.0,EBC
2023-01-25 10:42:00,17.52,17.535,17.52,17.535,3210.0,EBC
2023-01-25 10:41:00,17.51,17.51,17.51,17.51,205.0,EBC
2023-01-25 10:40:00,17.51,17.51,17.51,17.51,252.0,EBC
2023-01-25 10:39:00,17.52,17.52,17.52,17.52,571.0,EBC
2023-01-25 10:36:00,17.58,17.58,17.58,17.58,107.0,EBC
2023-01-25 10:35:00,17.59,17.59,17.57,17.57,1893.0,EBC
2023-01-25 10:34:00,17.58,17.6,17.58,17.595,2869.0,EBC
2023-01-25 10:33:00,17.59,17.59,17.59,17.59,314.0,EBC
2023-01-25 10:32:00,17.58,17.595,17.58,17.595,2157.0,EBC
2023-01-25 10:31:00,17.57,17.57,17.56,17.57,4329.0,EBC
2023-01-25 10:30:00,17.57,17.57,17.56,17.57,768.0,EBC
2023-01-25 10:29:00,17.57,17.57,17.56,17.56,3017.0,EBC
2023-01-25 10:28:00,17.58,17.58,17.58,17.58,325.0,EBC
2023-01-25 10:27:00,17.56,17.59,17.56,17.58,1480.0,EBC
2023-01-25 10:26:00,17.57,17.57,17.565,17.565,550.0,EBC
2023-01-25 10:25:00,17.58,17.58,17.57,17.57,789.0,EBC
2023-01-25 10:23:00,17.5728,17.59,17.5728,17.59,893.0,EBC
2023-01-25 10:22:00,17.59,17.59,17.59,17.59,1391.0,EBC
2023-01-25 10:21:00,17.6,17.6,17.6,17.6,519.0,EBC
2023-01-25 10:20:00,17.6,17.6,17.6,17.6,459.0,EBC
2023-01-25 10:19:00,17.65,17.65,17.61,17.61,7119.0,EBC
2023-01-25 10:18:00,17.64,17.65,17.64,17.65,950.0,EBC
2023-01-25 10:17:00,17.63,17.64,17.63,17.64,503.0,EBC
2023-01-25 10:16:00,17.63,17.63,17.62,17.62,6390.0,EBC
2023-01-25 10:14:00,17.65,17.65,17.65,17.65,313.0,EBC
2023-01-25 10:13:00,17.65,17.65,17.65,17.65,277.0,EBC
2023-01-25 10:11:00,17.67,17.67,17.67,17.67,136.0,EBC
2023-01-25 10:10:00,17.65,17.67,17.65,17.67,468.0,EBC
2023-01-25 10:08:00,17.69,17.69,17.67,17.68,3719.0,EBC
2023-01-25 10:06:00,17.6,17.67,17.6,17.64,1370.0,EBC
2023-01-25 10:05:00,17.595,17.61,17.595,17.6,1278.0,EBC
2023-01-25 10:03:00,17.62,17.645,17.57,17.6,15238.0,EBC
2023-01-25 10:02:00,17.69,17.7,17.61,17.625,4071.0,EBC
2023-01-25 10:01:00,17.68,17.7,17.67,17.69,2865.0,EBC
2023-01-25 10:00:00,17.69,17.69,17.67,17.68,865.0,EBC
2023-01-25 09:59:00,17.68,17.685,17.68,17.68,382.0,EBC
2023-01-25 09:58:00,17.69,17.69,17.68,17.68,602.0,EBC
2023-01-25 09:57:00,17.68,17.69,17.68,17.69,519.0,EBC
2023-01-25 09:56:00,17.69,17.69,17.68,17.68,591.0,EBC
2023-01-25 09:55:00,17.685,17.685,17.67,17.67,200.0,EBC
2023-01-25 09:54:00,17.695,17.695,17.69,17.69,650.0,EBC
2023-01-25 09:53:00,17.74,17.74,17.69,17.69,2224.0,EBC
2023-01-25 09:52:00,17.745,17.745,17.74,17.74,304.0,EBC
2023-01-25 09:51:00,17.77,17.77,17.75,17.75,583.0,EBC
2023-01-25 09:50:00,17.75,17.75,17.75,17.75,2236.0,EBC
2023-01-25 09:49:00,17.78,17.78,17.75,17.75,200.0,EBC
2023-01-25 09:48:00,17.775,17.78,17.72,17.78,2974.0,EBC
2023-01-25 09:47:00,17.79,17.81,17.78,17.78,4500.0,EBC
2023-01-25 09:46:00,17.805,17.82,17.805,17.82,200.0,EBC
2023-01-25 09:45:00,17.8,17.83,17.8,17.83,200.0,EBC
2023-01-25 09:44:00,17.8,17.8,17.78,17.8,2031.0,EBC
2023-01-25 09:43:00,17.8,17.805,17.8,17.805,934.0,EBC
2023-01-25 09:42:00,17.83,17.83,17.83,17.83,118.0,EBC
2023-01-25 09:41:00,17.81,17.82,17.8,17.82,1333.0,EBC
2023-01-25 09:38:00,17.83,17.83,17.815,17.815,422.0,EBC
2023-01-25 09:37:00,17.7401,17.89,17.7401,17.865,3277.0,EBC
2023-01-25 09:36:00,17.77,17.77,17.77,17.77,253.0,EBC
2023-01-25 09:35:00,17.8021,17.8021,17.8021,17.8021,407.0,EBC
2023-01-25 09:34:00,17.79,17.79,17.7489,17.7489,901.0,EBC
2023-01-25 09:33:00,17.8086,17.8086,17.8086,17.8086,854.0,EBC
2023-01-25 09:32:00,17.8,17.8,17.78,17.78,200.0,EBC
2023-01-25 09:31:00,17.67,17.76,17.65,17.76,6213.0,EBC
2023-01-24 16:02:00,17.71,17.71,17.71,17.71,840.0,EBC
2023-01-24 16:01:00,17.71,17.71,17.71,17.71,48555.0,EBC
2023-01-24 16:00:00,17.76,17.76,17.71,17.71,18017.0,EBC
2023-01-24 15:59:00,17.745,17.75,17.745,17.75,4466.0,EBC
2023-01-24 15:58:00,17.745,17.75,17.74,17.745,4833.0,EBC
2023-01-24 15:57:00,17.75,17.75,17.74,17.745,2429.0,EBC
2023-01-24 15:56:00,17.74,17.74,17.74,17.74,1482.0,EBC
2023-01-24 15:55:00,17.74,17.74,17.74,17.74,1356.0,EBC
2023-01-24 15:54:00,17.735,17.745,17.735,17.745,2699.0,EBC
2023-01-24 15:53:00,17.73,17.74,17.73,17.735,2079.0,EBC
2023-01-24 15:52:00,17.725,17.73,17.72,17.725,1848.0,EBC
2023-01-24 15:51:00,17.725,17.735,17.725,17.725,3682.0,EBC
2023-01-24 15:50:00,17.735,17.735,17.73,17.73,900.0,EBC
2023-01-24 15:49:00,17.725,17.735,17.725,17.735,2243.0,EBC
2023-01-24 15:48:00,17.725,17.725,17.725,17.725,1072.0,EBC
2023-01-24 15:47:00,17.73,17.73,17.72,17.72,1095.0,EBC
2023-01-24 15:46:00,17.73,17.73,17.73,17.73,263.0,EBC
2023-01-24 15:45:00,17.73,17.74,17.73,17.73,6654.0,EBC
2023-01-24 15:44:00,17.73,17.73,17.73,17.73,1066.0,EBC
2023-01-24 15:43:00,17.75,17.755,17.74,17.74,4788.0,EBC
2023-01-24 15:42:00,17.73,17.75,17.73,17.745,8649.0,EBC
2023-01-24 15:41:00,17.73,17.735,17.73,17.735,531.0,EBC
2023-01-24 15:40:00,17.73,17.735,17.73,17.73,633.0,EBC
2023-01-24 15:39:00,17.73,17.735,17.73,17.735,1439.0,EBC
2023-01-24 15:38:00,17.72,17.73,17.72,17.73,401.0,EBC
2023-01-24 15:37:00,17.72,17.73,17.72,17.73,770.0,EBC
2023-01-24 15:36:00,17.72,17.73,17.72,17.72,428.0,EBC
2023-01-24 15:35:00,17.72,17.73,17.72,17.72,476.0,EBC
2023-01-24 15:34:00,17.72,17.72,17.72,17.72,262.0,EBC
2023-01-24 15:33:00,17.72,17.72,17.72,17.72,234.0,EBC
2023-01-24 15:32:00,17.73,17.73,17.72,17.72,1216.0,EBC
2023-01-24 15:31:00,17.735,17.735,17.735,17.735,110.0,EBC
2023-01-24 15:30:00,17.725,17.74,17.725,17.74,3023.0,EBC
2023-01-24 15:29:00,17.72,17.725,17.72,17.725,330.0,EBC
2023-01-24 15:28:00,17.725,17.725,17.72,17.725,1594.0,EBC
2023-01-24 15:27:00,17.725,17.725,17.725,17.725,300.0,EBC
2023-01-24 15:26:00,17.72,17.72,17.72,17.72,3057.0,EBC
2023-01-24 15:25:00,17.72,17.73,17.72,17.73,245.0,EBC
2023-01-24 15:24:00,17.72,17.7243,17.72,17.72,657.0,EBC
2023-01-24 15:23:00,17.72,17.72,17.72,17.72,202.0,EBC
2023-01-24 15:22:00,17.73,17.73,17.72,17.72,1590.0,EBC
2023-01-24 15:21:00,17.73,17.73,17.73,17.73,312.0,EBC
2023-01-24 15:20:00,17.73,17.73,17.73,17.73,147.0,EBC
2023-01-24 15:19:00,17.725,17.74,17.725,17.735,2584.0,EBC
2023-01-24 15:18:00,17.72,17.725,17.72,17.725,220.0,EBC
2023-01-24 15:17:00,17.72,17.725,17.72,17.725,721.0,EBC
2023-01-24 15:16:00,17.72,17.72,17.72,17.72,115.0,EBC
2023-01-24 15:15:00,17.72,17.72,17.72,17.72,202.0,EBC
2023-01-24 15:14:00,17.725,17.725,17.72,17.725,1123.0,EBC
2023-01-24 15:13:00,17.73,17.74,17.73,17.74,3125.0,EBC
2023-01-24 15:12:00,17.74,17.74,17.74,17.74,100.0,EBC
2023-01-24 15:11:00,17.745,17.745,17.73,17.73,1586.0,EBC
2023-01-24 15:10:00,17.74,17.74,17.74,17.74,423.0,EBC
2023-01-24 15:09:00,17.745,17.745,17.745,17.745,174.0,EBC
2023-01-24 15:08:00,17.745,17.745,17.745,17.745,100.0,EBC
2023-01-24 15:07:00,17.73,17.75,17.72,17.745,3670.0,EBC
2023-01-24 15:06:00,17.74,17.74,17.725,17.725,1151.0,EBC
2023-01-24 15:05:00,17.745,17.745,17.745,17.745,196.0,EBC
2023-01-24 15:04:00,17.745,17.745,17.745,17.745,315.0,EBC
2023-01-24 15:03:00,17.745,17.75,17.745,17.75,1006.0,EBC
2023-01-24 15:02:00,17.745,17.745,17.745,17.745,160.0,EBC
2023-01-24 15:01:00,17.75,17.75,17.75,17.75,2112.0,EBC
2023-01-24 15:00:00,17.74,17.75,17.74,17.75,5503.0,EBC
2023-01-24 14:59:00,17.745,17.745,17.74,17.74,216.0,EBC
2023-01-24 14:58:00,17.74,17.75,17.74,17.74,405.0,EBC
2023-01-24 14:57:00,17.74,17.74,17.74,17.74,222.0,EBC
2023-01-24 14:56:00,17.745,17.745,17.745,17.745,493.0,EBC
2023-01-24 14:54:00,17.74,17.74,17.735,17.74,600.0,EBC
2023-01-24 14:53:00,17.73,17.73,17.73,17.73,653.0,EBC
2023-01-24 14:51:00,17.735,17.745,17.73,17.74,2174.0,EBC
2023-01-24 14:50:00,17.73,17.73,17.73,17.73,2306.0,EBC
2023-01-24 14:49:00,17.7313,17.735,17.7313,17.735,659.0,EBC
2023-01-24 14:48:00,17.74,17.74,17.73,17.73,846.0,EBC
2023-01-24 14:47:00,17.742,17.745,17.74,17.74,2325.0,EBC
2023-01-24 14:46:00,17.745,17.745,17.735,17.74,2917.0,EBC
2023-01-24 14:45:00,17.75,17.75,17.745,17.745,207.0,EBC
2023-01-24 14:44:00,17.745,17.745,17.745,17.745,500.0,EBC
2023-01-24 14:43:00,17.74,17.7496,17.74,17.745,2848.0,EBC
2023-01-24 14:42:00,17.75,17.75,17.75,17.75,508.0,EBC
2023-01-24 14:38:00,17.74,17.74,17.74,17.74,107.0,EBC
2023-01-24 14:35:00,17.76,17.76,17.75,17.75,970.0,EBC
2023-01-24 14:34:00,17.735,17.755,17.735,17.755,1312.0,EBC
2023-01-24 14:33:00,17.72,17.74,17.72,17.735,2532.0,EBC
2023-01-24 14:26:00,17.72,17.72,17.72,17.72,100.0,EBC
2023-01-24 14:24:00,17.7,17.72,17.7,17.72,2452.0,EBC
2023-01-24 14:23:00,17.72,17.72,17.71,17.71,2078.0,EBC
2023-01-24 14:22:00,17.73,17.73,17.73,17.73,212.0,EBC
2023-01-24 14:21:00,17.72,17.72,17.72,17.72,126.0,EBC
2023-01-24 14:20:00,17.7296,17.73,17.7296,17.73,670.0,EBC
2023-01-24 14:19:00,17.73,17.74,17.73,17.74,604.0,EBC
2023-01-24 14:18:00,17.73,17.74,17.73,17.74,1358.0,EBC
2023-01-24 14:16:00,17.73,17.7307,17.73,17.7307,1304.0,EBC
2023-01-24 14:12:00,17.735,17.735,17.735,17.735,114.0,EBC
2023-01-24 14:10:00,17.73,17.735,17.73,17.735,1049.0,EBC
2023-01-24 14:09:00,17.72,17.72,17.72,17.72,100.0,EBC
2023-01-24 14:08:00,17.72,17.72,17.72,17.72,103.0,EBC
2023-01-24 14:07:00,17.71,17.73,17.71,17.73,459.0,EBC
2023-01-24 14:06:00,17.72,17.72,17.72,17.72,405.0,EBC
2023-01-24 14:05:00,17.72,17.72,17.72,17.72,152.0,EBC
2023-01-24 14:04:00,17.72,17.73,17.72,17.73,1828.0,EBC
2023-01-24 14:03:00,17.74,17.74,17.72,17.74,6753.0,EBC
2023-01-24 14:02:00,17.76,17.76,17.74,17.74,2112.0,EBC
2023-01-24 13:59:00,17.76,17.76,17.76,17.76,952.0,EBC
2023-01-24 13:58:00,17.78,17.78,17.77,17.78,772.0,EBC
2023-01-24 13:56:00,17.76,17.76,17.76,17.76,213.0,EBC
2023-01-24 13:53:00,17.77,17.77,17.76,17.77,618.0,EBC
2023-01-24 13:52:00,17.76,17.76,17.76,17.76,302.0,EBC
2023-01-24 13:50:00,17.76,17.76,17.76,17.76,454.0,EBC
2023-01-24 13:49:00,17.755,17.755,17.755,17.755,330.0,EBC
2023-01-24 13:45:00,17.75,17.75,17.75,17.75,747.0,EBC
2023-01-24 13:44:00,17.755,17.755,17.75,17.75,1002.0,EBC
2023-01-24 13:43:00,17.76,17.76,17.75,17.75,555.0,EBC
2023-01-24 13:41:00,17.765,17.78,17.765,17.77,1205.0,EBC
2023-01-24 13:40:00,17.76,17.77,17.76,17.765,1529.0,EBC
2023-01-24 13:36:00,17.745,17.745,17.745,17.745,330.0,EBC
2023-01-24 13:35:00,17.74,17.74,17.74,17.74,301.0,EBC
2023-01-24 13:34:00,17.755,17.755,17.74,17.74,1784.0,EBC
2023-01-24 13:32:00,17.71,17.74,17.71,17.74,2985.0,EBC
2023-01-24 13:30:00,17.72,17.72,17.72,17.72,729.0,EBC
2023-01-24 13:28:00,17.71,17.71,17.71,17.71,203.0,EBC
2023-01-24 13:26:00,17.69,17.71,17.69,17.71,1433.0,EBC
2023-01-24 13:25:00,17.69,17.69,17.69,17.69,100.0,EBC
2023-01-24 13:24:00,17.68,17.68,17.68,17.68,332.0,EBC
2023-01-24 13:22:00,17.67,17.68,17.67,17.68,372.0,EBC
2023-01-24 13:21:00,17.69,17.69,17.68,17.68,837.0,EBC
2023-01-24 13:20:00,17.71,17.71,17.7,17.705,909.0,EBC
2023-01-24 13:17:00,17.715,17.715,17.7,17.7,311.0,EBC
2023-01-24 13:16:00,17.715,17.715,17.715,17.715,109.0,EBC
2023-01-24 13:11:00,17.695,17.72,17.695,17.72,1187.0,EBC
2023-01-24 13:08:00,17.69,17.69,17.69,17.69,869.0,EBC
2023-01-24 13:05:00,17.71,17.71,17.7,17.7,715.0,EBC
2023-01-24 13:02:00,17.71,17.71,17.71,17.71,311.0,EBC
2023-01-24 13:01:00,17.72,17.72,17.71,17.71,725.0,EBC
2023-01-24 12:57:00,17.71,17.72,17.71,17.72,309.0,EBC
2023-01-24 12:56:00,17.71,17.71,17.71,17.71,120.0,EBC
2023-01-24 12:53:00,17.685,17.71,17.685,17.71,977.0,EBC
2023-01-24 12:52:00,17.68,17.68,17.68,17.68,100.0,EBC
2023-01-24 12:51:00,17.68,17.68,17.68,17.68,812.0,EBC
2023-01-24 12:50:00,17.69,17.69,17.69,17.69,207.0,EBC
2023-01-24 12:49:00,17.7,17.7,17.7,17.7,1463.0,EBC
2023-01-24 12:46:00,17.71,17.71,17.71,17.71,248.0,EBC
2023-01-24 12:43:00,17.73,17.73,17.71,17.71,1553.0,EBC
2023-01-24 12:40:00,17.74,17.74,17.74,17.74,106.0,EBC
2023-01-24 12:39:00,17.73,17.73,17.7299,17.73,473.0,EBC
2023-01-24 12:37:00,17.72,17.72,17.72,17.72,204.0,EBC
2023-01-24 12:33:00,17.72,17.72,17.72,17.72,100.0,EBC
2023-01-24 12:28:00,17.72,17.73,17.72,17.73,695.0,EBC
2023-01-24 12:24:00,17.72,17.72,17.72,17.72,102.0,EBC
2023-01-24 12:20:00,17.72,17.72,17.72,17.72,771.0,EBC
2023-01-24 12:19:00,17.73,17.73,17.72,17.72,464.0,EBC
2023-01-24 12:14:00,17.72,17.72,17.72,17.72,398.0,EBC
2023-01-24 12:13:00,17.73,17.73,17.73,17.73,391.0,EBC
2023-01-24 12:12:00,17.74,17.74,17.74,17.74,400.0,EBC
2023-01-24 12:11:00,17.74,17.74,17.74,17.74,216.0,EBC
2023-01-24 12:10:00,17.74,17.74,17.74,17.74,423.0,EBC
2023-01-24 12:09:00,17.73,17.73,17.73,17.73,501.0,EBC
2023-01-24 12:07:00,17.71,17.71,17.71,17.71,448.0,EBC
2023-01-24 12:06:00,17.7,17.7,17.7,17.7,291.0,EBC
2023-01-24 12:05:00,17.695,17.695,17.695,17.695,119.0,EBC
2023-01-24 12:02:00,17.69,17.69,17.69,17.69,212.0,EBC
2023-01-24 12:01:00,17.69,17.69,17.68,17.68,1308.0,EBC
2023-01-24 11:59:00,17.7,17.7,17.69,17.69,200.0,EBC
2023-01-24 11:58:00,17.7,17.7,17.7,17.7,263.0,EBC
2023-01-24 11:55:00,17.7,17.7,17.7,17.7,191.0,EBC
2023-01-24 11:49:00,17.69,17.69,17.69,17.69,148.0,EBC
2023-01-24 11:48:00,17.685,17.685,17.685,17.685,524.0,EBC
2023-01-24 11:47:00,17.69,17.69,17.69,17.69,229.0,EBC
2023-01-24 11:45:00,17.705,17.705,17.7,17.7,624.0,EBC
2023-01-24 11:44:00,17.71,17.71,17.7,17.71,2111.0,EBC
2023-01-24 11:43:00,17.72,17.72,17.72,17.72,1453.0,EBC
2023-01-24 11:42:00,17.74,17.74,17.7271,17.7271,644.0,EBC
2023-01-24 11:41:00,17.76,17.76,17.75,17.75,754.0,EBC
2023-01-24 11:39:00,17.77,17.77,17.76,17.76,1399.0,EBC
2023-01-24 11:38:00,17.78,17.78,17.78,17.78,236.0,EBC
2023-01-24 11:37:00,17.78,17.78,17.78,17.78,983.0,EBC
2023-01-24 11:36:00,17.79,17.8,17.78,17.78,10097.0,EBC
2023-01-24 11:33:00,17.78,17.78,17.78,17.78,347.0,EBC
2023-01-24 11:32:00,17.805,17.805,17.78,17.78,2897.0,EBC
2023-01-24 11:31:00,17.8,17.8,17.8,17.8,698.0,EBC
2023-01-24 11:30:00,17.81,17.81,17.81,17.81,234.0,EBC
2023-01-24 11:29:00,17.84,17.84,17.81,17.81,7040.0,EBC
2023-01-24 11:28:00,17.835,17.835,17.83,17.83,391.0,EBC
2023-01-24 11:25:00,17.84,17.84,17.84,17.84,171.0,EBC
2023-01-24 11:24:00,17.84,17.84,17.84,17.84,282.0,EBC
2023-01-24 11:23:00,17.82,17.83,17.815,17.83,1176.0,EBC
2023-01-24 11:22:00,17.8,17.82,17.8,17.82,659.0,EBC
2023-01-24 11:21:00,17.81,17.81,17.805,17.805,1315.0,EBC
2023-01-24 11:20:00,17.83,17.83,17.82,17.82,200.0,EBC
2023-01-24 11:18:00,17.82,17.83,17.82,17.83,822.0,EBC
2023-01-24 11:16:00,17.85,17.85,17.82,17.82,7859.0,EBC
2023-01-24 11:15:00,17.86,17.86,17.86,17.86,354.0,EBC
2023-01-24 11:14:00,17.83,17.86,17.83,17.86,1326.0,EBC
2023-01-24 11:13:00,17.84,17.84,17.84,17.84,605.0,EBC
2023-01-24 11:12:00,17.82,17.82,17.82,17.82,179.0,EBC
2023-01-24 11:11:00,17.825,17.825,17.825,17.825,105.0,EBC
2023-01-24 11:07:00,17.81,17.82,17.81,17.82,1164.0,EBC
2023-01-24 11:05:00,17.83,17.83,17.83,17.83,254.0,EBC
2023-01-24 11:03:00,17.8,17.8,17.8,17.8,271.0,EBC
2023-01-24 11:02:00,17.8,17.805,17.8,17.805,1421.0,EBC
2023-01-24 11:00:00,17.82,17.825,17.82,17.825,709.0,EBC
2023-01-24 10:58:00,17.82,17.84,17.82,17.82,3040.0,EBC
2023-01-24 10:57:00,17.805,17.805,17.805,17.805,276.0,EBC
2023-01-24 10:55:00,17.79,17.79,17.79,17.79,214.0,EBC
2023-01-24 10:54:00,17.78,17.78,17.78,17.78,243.0,EBC
2023-01-24 10:53:00,17.77,17.78,17.77,17.78,403.0,EBC
2023-01-24 10:52:00,17.78,17.78,17.78,17.78,775.0,EBC
2023-01-24 10:51:00,17.785,17.785,17.785,17.785,160.0,EBC
2023-01-24 10:50:00,17.77,17.77,17.77,17.77,343.0,EBC
2023-01-24 10:49:00,17.765,17.77,17.765,17.77,516.0,EBC
2023-01-24 10:48:00,17.77,17.77,17.77,17.77,1008.0,EBC
2023-01-24 10:47:00,17.76,17.79,17.76,17.79,1753.0,EBC
2023-01-24 10:44:00,17.73,17.73,17.73,17.73,362.0,EBC
2023-01-24 10:43:00,17.73,17.73,17.73,17.73,157.0,EBC
2023-01-24 10:42:00,17.715,17.73,17.715,17.73,1012.0,EBC
2023-01-24 10:41:00,17.7,17.7,17.7,17.7,217.0,EBC
2023-01-24 10:39:00,17.69,17.69,17.69,17.69,378.0,EBC
2023-01-24 10:38:00,17.67,17.68,17.67,17.68,475.0,EBC
2023-01-24 10:37:00,17.67,17.67,17.66,17.66,798.0,EBC
2023-01-24 10:36:00,17.685,17.685,17.685,17.685,1852.0,EBC
2023-01-24 10:35:00,17.69,17.69,17.69,17.69,378.0,EBC
2023-01-24 10:32:00,17.67,17.68,17.67,17.68,496.0,EBC
2023-01-24 10:27:00,17.67,17.67,17.67,17.67,1251.0,EBC
2023-01-24 10:25:00,17.67,17.67,17.67,17.67,343.0,EBC
2023-01-24 10:24:00,17.67,17.67,17.67,17.67,100.0,EBC
2023-01-24 10:23:00,17.67,17.67,17.67,17.67,815.0,EBC
2023-01-24 10:20:00,17.68,17.68,17.67,17.68,586.0,EBC
2023-01-24 10:18:00,17.69,17.69,17.69,17.69,127.0,EBC
2023-01-24 10:17:00,17.71,17.71,17.71,17.71,728.0,EBC
2023-01-24 10:15:00,17.69,17.69,17.69,17.69,369.0,EBC
2023-01-24 10:11:00,17.66,17.66,17.66,17.66,184.0,EBC
2023-01-24 10:10:00,17.66,17.66,17.65,17.65,1102.0,EBC
2023-01-24 10:09:00,17.64,17.64,17.64,17.64,505.0,EBC
2023-01-24 10:08:00,17.6466,17.65,17.62,17.63,2519.0,EBC
2023-01-24 10:07:00,17.66,17.66,17.66,17.66,107.0,EBC
2023-01-24 10:05:00,17.665,17.665,17.665,17.665,100.0,EBC
2023-01-24 10:03:00,17.65,17.65,17.65,17.65,983.0,EBC
2023-01-24 10:02:00,17.62,17.65,17.62,17.65,1042.0,EBC
2023-01-24 10:01:00,17.58,17.62,17.58,17.61,604.0,EBC
2023-01-24 09:59:00,17.6,17.6,17.6,17.6,223.0,EBC
2023-01-24 09:58:00,17.62,17.62,17.62,17.62,248.0,EBC
2023-01-24 09:57:00,17.65,17.65,17.615,17.615,2783.0,EBC
2023-01-24 09:53:00,17.7,17.7,17.7,17.7,605.0,EBC
2023-01-24 09:50:00,17.64,17.64,17.64,17.64,230.0,EBC
2023-01-24 09:49:00,17.65,17.65,17.65,17.65,409.0,EBC
2023-01-24 09:48:00,17.645,17.65,17.645,17.65,630.0,EBC
2023-01-24 09:41:00,17.67,17.67,17.67,17.67,100.0,EBC
2023-01-24 09:40:00,17.67,17.67,17.67,17.67,115.0,EBC
2023-01-24 09:39:00,17.67,17.67,17.67,17.67,107.0,EBC
2023-01-24 09:38:00,17.675,17.675,17.675,17.675,624.0,EBC
2023-01-24 09:37:00,17.61,17.63,17.61,17.625,1385.0,EBC
2023-01-24 09:36:00,17.68,17.68,17.62,17.62,1609.0,EBC
2023-01-24 09:31:00,17.76,17.76,17.76,17.76,1939.0,EBC
2023-01-23 16:02:00,17.74,17.74,17.74,17.74,3460.0,EBC
2023-01-23 16:01:00,17.74,17.74,17.74,17.74,6332.0,EBC
2023-01-23 16:00:00,17.76,17.77,17.74,17.76,17489.0,EBC
2023-01-23 15:59:00,17.79,17.81,17.755,17.76,9350.0,EBC
2023-01-23 15:58:00,17.805,17.81,17.79,17.8,4906.0,EBC
2023-01-23 15:57:00,17.8,17.81,17.79,17.8,2338.0,EBC
2023-01-23 15:56:00,17.78,17.8,17.775,17.8,6634.0,EBC
2023-01-23 15:55:00,17.79,17.805,17.77,17.78,5379.0,EBC
2023-01-23 15:54:00,17.775,17.8,17.77,17.8,11501.0,EBC
2023-01-23 15:53:00,17.78,17.78,17.78,17.78,1291.0,EBC
2023-01-23 15:52:00,17.77,17.775,17.77,17.775,867.0,EBC
2023-01-23 15:51:00,17.76,17.78,17.76,17.775,6079.0,EBC
2023-01-23 15:50:00,17.755,17.755,17.74,17.755,3345.0,EBC
2023-01-23 15:49:00,17.76,17.76,17.755,17.755,520.0,EBC
2023-01-23 15:48:00,17.76,17.76,17.755,17.76,1945.0,EBC
2023-01-23 15:47:00,17.755,17.765,17.755,17.765,1536.0,EBC
2023-01-23 15:46:00,17.75,17.755,17.75,17.75,2050.0,EBC
2023-01-23 15:45:00,17.75,17.755,17.75,17.75,2349.0,EBC
2023-01-23 15:43:00,17.73,17.75,17.73,17.75,4019.0,EBC
2023-01-23 15:42:00,17.72,17.72,17.72,17.72,266.0,EBC
2023-01-23 15:41:00,17.73,17.74,17.73,17.74,852.0,EBC
2023-01-23 15:40:00,17.75,17.75,17.73,17.73,600.0,EBC
2023-01-23 15:39:00,17.73,17.73,17.715,17.73,1732.0,EBC
2023-01-23 15:37:00,17.68,17.71,17.68,17.71,2201.0,EBC
2023-01-23 15:36:00,17.7,17.7,17.7,17.7,200.0,EBC
2023-01-23 15:35:00,17.7,17.7,17.69,17.69,1111.0,EBC
2023-01-23 15:34:00,17.69,17.69,17.69,17.69,1066.0,EBC
2023-01-23 15:33:00,17.69,17.69,17.675,17.69,1934.0,EBC
2023-01-23 15:32:00,17.695,17.695,17.695,17.695,444.0,EBC
2023-01-23 15:31:00,17.71,17.71,17.7,17.7,1244.0,EBC
2023-01-23 15:30:00,17.7,17.71,17.7,17.71,569.0,EBC
2023-01-23 15:29:00,17.71,17.71,17.705,17.705,1265.0,EBC
2023-01-23 15:28:00,17.69,17.69,17.69,17.69,328.0,EBC
2023-01-23 15:27:00,17.71,17.71,17.7,17.7,1304.0,EBC
2023-01-23 15:26:00,17.72,17.72,17.72,17.72,126.0,EBC
2023-01-23 15:25:00,17.715,17.72,17.715,17.72,797.0,EBC
2023-01-23 15:23:00,17.72,17.72,17.72,17.72,252.0,EBC
2023-01-23 15:22:00,17.72,17.72,17.72,17.72,359.0,EBC
2023-01-23 15:21:00,17.71,17.72,17.7,17.72,1825.0,EBC
2023-01-23 15:20:00,17.73,17.73,17.73,17.73,229.0,EBC
2023-01-23 15:18:00,17.73,17.73,17.73,17.73,275.0,EBC
2023-01-23 15:16:00,17.73,17.73,17.73,17.73,184.0,EBC
2023-01-23 15:15:00,17.73,17.73,17.72,17.72,249.0,EBC
2023-01-23 15:14:00,17.72,17.72,17.72,17.72,656.0,EBC
2023-01-23 15:13:00,17.71,17.72,17.71,17.72,573.0,EBC
2023-01-23 15:12:00,17.705,17.705,17.7,17.7,483.0,EBC
2023-01-23 15:11:00,17.72,17.72,17.705,17.705,875.0,EBC
2023-01-23 15:09:00,17.7,17.71,17.7,17.71,829.0,EBC
2023-01-23 15:08:00,17.7,17.7,17.7,17.7,1058.0,EBC
2023-01-23 15:07:00,17.705,17.705,17.67,17.69,2417.0,EBC
2023-01-23 15:06:00,17.705,17.705,17.705,17.705,102.0,EBC
2023-01-23 15:05:00,17.72,17.72,17.72,17.72,159.0,EBC
2023-01-23 15:04:00,17.7,17.705,17.69,17.705,1613.0,EBC
2023-01-23 15:03:00,17.6873,17.6873,17.6873,17.6873,297.0,EBC
2023-01-23 15:02:00,17.7,17.7,17.67,17.67,275.0,EBC
2023-01-23 15:00:00,17.68,17.68,17.68,17.68,544.0,EBC
2023-01-23 14:59:00,17.69,17.69,17.66,17.66,2331.0,EBC
2023-01-23 14:58:00,17.72,17.72,17.7,17.7,2664.0,EBC
2023-01-23 14:56:00,17.73,17.73,17.725,17.73,1415.0,EBC
2023-01-23 14:55:00,17.72,17.72,17.72,17.72,804.0,EBC
2023-01-23 14:54:00,17.71,17.71,17.71,17.71,364.0,EBC
2023-01-23 14:51:00,17.72,17.72,17.71,17.71,412.0,EBC
2023-01-23 14:49:00,17.72,17.72,17.72,17.72,140.0,EBC
2023-01-23 14:48:00,17.72,17.72,17.72,17.72,542.0,EBC
2023-01-23 14:47:00,17.73,17.73,17.71,17.72,1479.0,EBC
2023-01-23 14:46:00,17.75,17.75,17.74,17.74,963.0,EBC
2023-01-23 14:45:00,17.78,17.78,17.76,17.76,1786.0,EBC
2023-01-23 14:44:00,17.77,17.78,17.77,17.78,381.0,EBC
2023-01-23 14:43:00,17.77,17.77,17.77,17.77,161.0,EBC
2023-01-23 14:42:00,17.76,17.78,17.76,17.78,1501.0,EBC
2023-01-23 14:39:00,17.77,17.77,17.76,17.77,1735.0,EBC
2023-01-23 14:38:00,17.78,17.78,17.78,17.78,258.0,EBC
2023-01-23 14:37:00,17.76,17.77,17.75,17.77,2453.0,EBC
2023-01-23 14:34:00,17.76,17.76,17.76,17.76,130.0,EBC
2023-01-23 14:31:00,17.76,17.77,17.76,17.77,462.0,EBC
2023-01-23 14:30:00,17.78,17.78,17.78,17.78,777.0,EBC
2023-01-23 14:29:00,17.8,17.8,17.8,17.8,369.0,EBC
2023-01-23 14:27:00,17.79,17.79,17.79,17.79,1090.0,EBC
2023-01-23 14:23:00,17.79,17.79,17.79,17.79,257.0,EBC
2023-01-23 14:22:00,17.78,17.78,17.77,17.78,3779.0,EBC
2023-01-23 14:21:00,17.78,17.78,17.78,17.78,146.0,EBC
2023-01-23 14:19:00,17.79,17.795,17.78,17.795,1989.0,EBC
2023-01-23 14:14:00,17.8,17.8,17.8,17.8,200.0,EBC
2023-01-23 14:13:00,17.81,17.81,17.8,17.8,368.0,EBC
2023-01-23 14:11:00,17.8,17.805,17.8,17.805,574.0,EBC
2023-01-23 14:10:00,17.79,17.81,17.79,17.81,1366.0,EBC
2023-01-23 14:09:00,17.785,17.785,17.785,17.785,208.0,EBC
2023-01-23 14:08:00,17.79,17.79,17.78,17.78,796.0,EBC
2023-01-23 14:03:00,17.79,17.81,17.79,17.79,2077.0,EBC
2023-01-23 14:02:00,17.8,17.8,17.79,17.79,462.0,EBC
2023-01-23 14:01:00,17.83,17.83,17.82,17.82,958.0,EBC
2023-01-23 14:00:00,17.845,17.845,17.83,17.83,389.0,EBC
2023-01-23 13:56:00,17.85,17.85,17.85,17.85,495.0,EBC
2023-01-23 13:53:00,17.86,17.86,17.86,17.86,462.0,EBC
2023-01-23 13:52:00,17.88,17.88,17.87,17.87,520.0,EBC
2023-01-23 13:51:00,17.87,17.87,17.87,17.87,893.0,EBC
2023-01-23 13:49:00,17.88,17.89,17.88,17.89,330.0,EBC
2023-01-23 13:45:00,17.875,17.88,17.875,17.88,965.0,EBC
2023-01-23 13:44:00,17.87,17.875,17.87,17.87,1354.0,EBC
2023-01-23 13:43:00,17.87,17.87,17.87,17.87,403.0,EBC
2023-01-23 13:42:00,17.87,17.87,17.87,17.87,326.0,EBC
2023-01-23 13:39:00,17.885,17.89,17.885,17.89,320.0,EBC
2023-01-23 13:38:00,17.89,17.8904,17.88,17.8904,1155.0,EBC
2023-01-23 13:37:00,17.9,17.9,17.89,17.89,1421.0,EBC
2023-01-23 13:36:00,17.9,17.9,17.9,17.9,3127.0,EBC
2023-01-23 13:35:00,17.9,17.9,17.895,17.895,2059.0,EBC
2023-01-23 13:34:00,17.9,17.9,17.9,17.9,241.0,EBC
2023-01-23 13:31:00,17.885,17.885,17.885,17.885,489.0,EBC
2023-01-23 13:30:00,17.885,17.9,17.885,17.9,712.0,EBC
2023-01-23 13:29:00,17.9,17.9,17.9,17.9,388.0,EBC
2023-01-23 13:28:00,17.89,17.89,17.87,17.88,1428.0,EBC
2023-01-23 13:27:00,17.9,17.9,17.9,17.9,353.0,EBC
2023-01-23 13:26:00,17.88,17.88,17.88,17.88,251.0,EBC
2023-01-23 13:25:00,17.9,17.9,17.89,17.89,1373.0,EBC
2023-01-23 13:24:00,17.89,17.9,17.89,17.895,1758.0,EBC
2023-01-23 13:19:00,17.87,17.87,17.865,17.865,1086.0,EBC
2023-01-23 13:18:00,17.88,17.88,17.88,17.88,632.0,EBC
2023-01-23 13:17:00,17.87,17.87,17.87,17.87,668.0,EBC
2023-01-23 13:16:00,17.865,17.865,17.865,17.865,336.0,EBC
2023-01-23 13:13:00,17.85,17.86,17.85,17.86,2919.0,EBC
2023-01-23 13:12:00,17.84,17.84,17.84,17.84,256.0,EBC
2023-01-23 13:07:00,17.85,17.85,17.84,17.84,774.0,EBC
2023-01-23 13:05:00,17.84,17.84,17.84,17.84,243.0,EBC
2023-01-23 13:02:00,17.84,17.84,17.83,17.83,689.0,EBC
2023-01-23 13:01:00,17.835,17.84,17.835,17.84,699.0,EBC
2023-01-23 12:59:00,17.84,17.849,17.84,17.849,1245.0,EBC
2023-01-23 12:55:00,17.84,17.84,17.84,17.84,900.0,EBC
2023-01-23 12:53:00,17.85,17.85,17.845,17.845,1470.0,EBC
2023-01-23 12:52:00,17.83,17.85,17.83,17.85,2421.0,EBC
2023-01-23 12:49:00,17.81,17.82,17.81,17.82,527.0,EBC
2023-01-23 12:48:00,17.82,17.82,17.82,17.82,350.0,EBC
2023-01-23 12:47:00,17.8119,17.8119,17.8119,17.8119,240.0,EBC
2023-01-23 12:46:00,17.83,17.83,17.83,17.83,609.0,EBC
2023-01-23 12:45:00,17.83,17.84,17.83,17.84,763.0,EBC
2023-01-23 12:43:00,17.82,17.83,17.82,17.83,575.0,EBC
2023-01-23 12:42:00,17.815,17.815,17.815,17.815,419.0,EBC
2023-01-23 12:40:00,17.85,17.85,17.825,17.825,1545.0,EBC
2023-01-23 12:39:00,17.85,17.85,17.845,17.85,1493.0,EBC
2023-01-23 12:34:00,17.845,17.845,17.845,17.845,276.0,EBC
2023-01-23 12:32:00,17.85,17.85,17.845,17.845,2713.0,EBC
2023-01-23 12:30:00,17.84,17.84,17.84,17.84,441.0,EBC
2023-01-23 12:29:00,17.85,17.85,17.85,17.85,360.0,EBC
2023-01-23 12:28:00,17.85,17.85,17.845,17.845,860.0,EBC
2023-01-23 12:27:00,17.84,17.84,17.84,17.84,390.0,EBC
2023-01-23 12:25:00,17.835,17.835,17.835,17.835,262.0,EBC
2023-01-23 12:24:00,17.83,17.83,17.83,17.83,348.0,EBC
2023-01-23 12:23:00,17.81,17.84,17.8,17.84,1901.0,EBC
2023-01-23 12:22:00,17.8,17.8,17.8,17.8,154.0,EBC
2023-01-23 12:20:00,17.8,17.8,17.8,17.8,247.0,EBC
2023-01-23 12:19:00,17.78,17.795,17.78,17.795,1277.0,EBC
2023-01-23 12:17:00,17.78,17.78,17.78,17.78,270.0,EBC
2023-01-23 12:16:00,17.7899,17.7899,17.78,17.78,760.0,EBC
2023-01-23 12:15:00,17.78,17.78,17.78,17.78,326.0,EBC
2023-01-23 12:14:00,17.78,17.78,17.78,17.78,303.0,EBC
2023-01-23 12:12:00,17.77,17.77,17.77,17.77,187.0,EBC
2023-01-23 12:11:00,17.78,17.78,17.77,17.78,1049.0,EBC
2023-01-23 12:09:00,17.8,17.8,17.79,17.79,1112.0,EBC
2023-01-23 12:06:00,17.8,17.8,17.8,17.8,109.0,EBC
2023-01-23 12:05:00,17.8,17.8,17.8,17.8,1277.0,EBC
2023-01-23 12:03:00,17.795,17.795,17.795,17.795,110.0,EBC
2023-01-23 12:01:00,17.8,17.81,17.8,17.8,1232.0,EBC
2023-01-23 11:57:00,17.81,17.81,17.81,17.81,447.0,EBC
2023-01-23 11:56:00,17.8,17.8,17.8,17.8,395.0,EBC
2023-01-23 11:55:00,17.8,17.8,17.8,17.8,494.0,EBC
2023-01-23 11:54:00,17.81,17.82,17.81,17.81,1441.0,EBC
2023-01-23 11:53:00,17.789,17.85,17.789,17.81,26202.0,EBC
2023-01-23 11:51:00,17.78,17.78,17.78,17.78,185.0,EBC
2023-01-23 11:50:00,17.79,17.79,17.79,17.79,557.0,EBC
2023-01-23 11:49:00,17.77,17.77,17.77,17.77,242.0,EBC
2023-01-23 11:48:00,17.77,17.78,17.77,17.7717,1460.0,EBC
2023-01-23 11:47:00,17.77,17.77,17.77,17.77,510.0,EBC
2023-01-23 11:46:00,17.78,17.78,17.78,17.78,1017.0,EBC
2023-01-23 11:45:00,17.79,17.79,17.79,17.79,743.0,EBC
2023-01-23 11:43:00,17.79,17.79,17.79,17.79,622.0,EBC
2023-01-23 11:42:00,17.8,17.8,17.79,17.79,936.0,EBC
2023-01-23 11:41:00,17.8,17.8,17.8,17.8,611.0,EBC
2023-01-23 11:40:00,17.8,17.8,17.8,17.8,1660.0,EBC
2023-01-23 11:38:00,17.8,17.8,17.8,17.8,766.0,EBC
2023-01-23 11:37:00,17.79,17.79,17.785,17.79,922.0,EBC
2023-01-23 11:35:00,17.795,17.795,17.795,17.795,178.0,EBC
2023-01-23 11:34:00,17.79,17.79,17.79,17.79,122.0,EBC
2023-01-23 11:33:00,17.8,17.8,17.8,17.8,1618.0,EBC
2023-01-23 11:32:00,17.79,17.8,17.78,17.8,2526.0,EBC
2023-01-23 11:31:00,17.75,17.76,17.75,17.76,2077.0,EBC
2023-01-23 11:30:00,17.76,17.76,17.76,17.76,354.0,EBC
2023-01-23 11:29:00,17.76,17.76,17.76,17.76,830.0,EBC
2023-01-23 11:27:00,17.77,17.7712,17.77,17.7712,500.0,EBC
2023-01-23 11:26:00,17.77,17.77,17.76,17.76,1134.0,EBC
2023-01-23 11:25:00,17.77,17.77,17.77,17.77,266.0,EBC
2023-01-23 11:22:00,17.767,17.78,17.767,17.78,1154.0,EBC
2023-01-23 11:21:00,17.75,17.78,17.75,17.78,4906.0,EBC
2023-01-23 11:20:00,17.75,17.75,17.75,17.75,785.0,EBC
2023-01-23 11:19:00,17.74,17.74,17.74,17.74,529.0,EBC
2023-01-23 11:18:00,17.7427,17.7427,17.7427,17.7427,736.0,EBC
2023-01-23 11:16:00,17.74,17.74,17.74,17.74,1034.0,EBC
2023-01-23 11:14:00,17.74,17.75,17.74,17.75,1487.0,EBC
2023-01-23 11:12:00,17.73,17.73,17.73,17.73,1068.0,EBC
2023-01-23 11:08:00,17.735,17.74,17.73,17.73,1874.0,EBC
2023-01-23 11:06:00,17.72,17.72,17.715,17.715,1027.0,EBC
2023-01-23 11:05:00,17.71,17.73,17.71,17.73,993.0,EBC
2023-01-23 11:04:00,17.7,17.7,17.7,17.7,652.0,EBC
2023-01-23 11:00:00,17.69,17.6981,17.69,17.6981,957.0,EBC
2023-01-23 10:59:00,17.7,17.7,17.7,17.7,775.0,EBC
2023-01-23 10:56:00,17.7,17.7,17.7,17.7,385.0,EBC
2023-01-23 10:53:00,17.71,17.71,17.71,17.71,578.0,EBC
2023-01-23 10:50:00,17.715,17.72,17.715,17.72,2033.0,EBC
2023-01-23 10:49:00,17.72,17.72,17.7199,17.7199,924.0,EBC
2023-01-23 10:48:00,17.7,17.72,17.7,17.7,1953.0,EBC
2023-01-23 10:43:00,17.7,17.7,17.69,17.69,971.0,EBC
2023-01-23 10:41:00,17.69,17.71,17.69,17.71,2959.0,EBC
2023-01-23 10:40:00,17.68,17.69,17.68,17.69,602.0,EBC
2023-01-23 10:39:00,17.68,17.68,17.68,17.68,361.0,EBC
2023-01-23 10:38:00,17.68,17.69,17.68,17.69,1471.0,EBC
2023-01-23 10:37:00,17.69,17.69,17.69,17.69,154.0,EBC
2023-01-23 10:36:00,17.69,17.69,17.69,17.69,535.0,EBC
2023-01-23 10:34:00,17.68,17.685,17.675,17.685,2909.0,EBC
2023-01-23 10:33:00,17.68,17.68,17.68,17.68,141.0,EBC
2023-01-23 10:31:00,17.6601,17.67,17.6601,17.67,4023.0,EBC
2023-01-23 10:29:00,17.65,17.66,17.65,17.66,2175.0,EBC
2023-01-23 10:28:00,17.65,17.65,17.65,17.65,831.0,EBC
2023-01-23 10:26:00,17.64,17.64,17.64,17.64,457.0,EBC
2023-01-23 10:25:00,17.64,17.64,17.64,17.64,442.0,EBC
2023-01-23 10:24:00,17.645,17.645,17.645,17.645,168.0,EBC
2023-01-23 10:22:00,17.645,17.645,17.645,17.645,128.0,EBC
2023-01-23 10:21:00,17.65,17.65,17.65,17.65,1679.0,EBC
2023-01-23 10:13:00,17.66,17.66,17.66,17.66,238.0,EBC
2023-01-23 10:12:00,17.64,17.66,17.64,17.66,2589.0,EBC
2023-01-23 10:11:00,17.64,17.64,17.64,17.64,868.0,EBC
2023-01-23 10:10:00,17.64,17.64,17.64,17.64,265.0,EBC
2023-01-23 10:09:00,17.66,17.66,17.65,17.66,1635.0,EBC
2023-01-23 10:06:00,17.63,17.63,17.63,17.63,112.0,EBC
2023-01-23 10:05:00,17.63,17.63,17.63,17.63,644.0,EBC
2023-01-23 10:03:00,17.67,17.67,17.65,17.65,551.0,EBC
2023-01-23 10:02:00,17.68,17.68,17.68,17.68,1038.0,EBC
2023-01-23 10:01:00,17.62,17.68,17.6,17.66,173956.0,EBC
2023-01-23 10:00:00,17.65,17.65,17.64,17.64,790.0,EBC
2023-01-23 09:59:00,17.655,17.66,17.65,17.66,2310.0,EBC
2023-01-23 09:57:00,17.65,17.65,17.64,17.65,637.0,EBC
2023-01-23 09:56:00,17.66,17.66,17.659,17.66,998.0,EBC
2023-01-23 09:55:00,17.65,17.65,17.63,17.65,988.0,EBC
2023-01-23 09:54:00,17.665,17.665,17.665,17.665,161.0,EBC
2023-01-23 09:52:00,17.65,17.65,17.65,17.65,904.0,EBC
2023-01-23 09:51:00,17.65,17.65,17.65,17.65,1489.0,EBC
2023-01-23 09:50:00,17.6125,17.635,17.61,17.62,4724.0,EBC
2023-01-23 09:49:00,17.64,17.64,17.6,17.62,2206.0,EBC
2023-01-23 09:48:00,17.66,17.66,17.65,17.65,310.0,EBC
2023-01-23 09:46:00,17.68,17.68,17.67,17.67,1277.0,EBC
2023-01-23 09:42:00,17.655,17.655,17.655,17.655,513.0,EBC
2023-01-23 09:39:00,17.655,17.655,17.655,17.655,155.0,EBC
2023-01-23 09:38:00,17.64,17.64,17.63,17.63,235.0,EBC
2023-01-23 09:32:00,17.68,17.68,17.68,17.68,518.0,EBC
2023-01-23 09:31:00,17.66,17.755,17.66,17.755,3258.0,EBC
2023-01-20 16:02:00,17.66,17.66,17.66,17.66,9305.0,EBC
2023-01-20 16:01:00,17.66,17.66,17.66,17.66,11232.0,EBC
2023-01-20 16:00:00,17.66,17.67,17.655,17.67,23033.0,EBC
2023-01-20 15:59:00,17.66,17.66,17.65,17.655,13923.0,EBC
2023-01-20 15:58:00,17.66,17.67,17.66,17.665,10999.0,EBC
2023-01-20 15:57:00,17.65,17.67,17.64,17.665,19741.0,EBC
2023-01-20 15:56:00,17.64,17.66,17.64,17.655,12584.0,EBC
2023-01-20 15:55:00,17.63,17.64,17.63,17.635,6846.0,EBC
2023-01-20 15:54:00,17.63,17.64,17.62,17.635,8887.0,EBC
2023-01-20 15:53:00,17.63,17.64,17.62,17.6222,4600.0,EBC
2023-01-20 15:52:00,17.6,17.63,17.6,17.63,9004.0,EBC
2023-01-20 15:51:00,17.585,17.61,17.58,17.6,10995.0,EBC
2023-01-20 15:50:00,17.585,17.59,17.585,17.585,972.0,EBC
2023-01-20 15:49:00,17.575,17.59,17.575,17.59,4276.0,EBC
2023-01-20 15:48:00,17.565,17.575,17.56,17.575,4740.0,EBC
2023-01-20 15:47:00,17.57,17.575,17.57,17.57,2768.0,EBC
2023-01-20 15:46:00,17.5814,17.585,17.58,17.58,5331.0,EBC
2023-01-20 15:45:00,17.6,17.6,17.585,17.59,2958.0,EBC
2023-01-20 15:44:00,17.62,17.625,17.5919,17.5919,11587.0,EBC
2023-01-20 15:43:00,17.62,17.62,17.615,17.62,2472.0,EBC
2023-01-20 15:42:00,17.615,17.62,17.591,17.62,7244.0,EBC
2023-01-20 15:41:00,17.62,17.62,17.6101,17.6101,772.0,EBC
2023-01-20 15:40:00,17.61,17.62,17.605,17.62,2643.0,EBC
2023-01-20 15:39:00,17.605,17.61,17.6013,17.6013,522.0,EBC
2023-01-20 15:38:00,17.605,17.61,17.605,17.605,3245.0,EBC
2023-01-20 15:37:00,17.605,17.61,17.6013,17.605,1347.0,EBC
2023-01-20 15:36:00,17.6,17.61,17.6,17.6,8318.0,EBC
2023-01-20 15:35:00,17.6,17.615,17.59,17.6,8891.0,EBC
2023-01-20 15:34:00,17.6112,17.615,17.6,17.6,3468.0,EBC
2023-01-20 15:33:00,17.62,17.62,17.61,17.62,1777.0,EBC
2023-01-20 15:32:00,17.62,17.62,17.61,17.62,3056.0,EBC
2023-01-20 15:31:00,17.625,17.63,17.625,17.63,5352.0,EBC
2023-01-20 15:30:00,17.625,17.625,17.625,17.625,232.0,EBC
2023-01-20 15:29:00,17.63,17.63,17.62,17.62,243.0,EBC
2023-01-20 15:28:00,17.625,17.63,17.625,17.63,618.0,EBC
2023-01-20 15:27:00,17.625,17.625,17.625,17.625,105.0,EBC
2023-01-20 15:26:00,17.63,17.63,17.62,17.625,2673.0,EBC
2023-01-20 15:25:00,17.605,17.63,17.6,17.63,10280.0,EBC
2023-01-20 15:24:00,17.605,17.605,17.605,17.605,138.0,EBC
2023-01-20 15:23:00,17.61,17.61,17.605,17.61,1292.0,EBC
2023-01-20 15:22:00,17.615,17.62,17.615,17.62,530.0,EBC
2023-01-20 15:21:00,17.615,17.615,17.615,17.615,777.0,EBC
2023-01-20 15:20:00,17.615,17.62,17.615,17.615,1149.0,EBC
2023-01-20 15:19:00,17.615,17.62,17.61,17.61,4095.0,EBC
2023-01-20 15:18:00,17.615,17.615,17.615,17.615,240.0,EBC
2023-01-20 15:17:00,17.6,17.615,17.6,17.615,2606.0,EBC
2023-01-20 15:16:00,17.595,17.61,17.595,17.605,1625.0,EBC
2023-01-20 15:15:00,17.595,17.6,17.595,17.595,2255.0,EBC
2023-01-20 15:14:00,17.59,17.59,17.585,17.59,3719.0,EBC
2023-01-20 15:13:00,17.575,17.59,17.57,17.59,5919.0,EBC
2023-01-20 15:12:00,17.57,17.58,17.57,17.58,2103.0,EBC
2023-01-20 15:11:00,17.565,17.565,17.565,17.565,132.0,EBC
2023-01-20 15:10:00,17.56,17.56,17.56,17.56,135.0,EBC
2023-01-20 15:09:00,17.565,17.565,17.56,17.56,2899.0,EBC
2023-01-20 15:07:00,17.565,17.565,17.565,17.565,125.0,EBC
2023-01-20 15:06:00,17.57,17.575,17.57,17.57,862.0,EBC
2023-01-20 15:05:00,17.555,17.57,17.555,17.57,2797.0,EBC
2023-01-20 15:03:00,17.555,17.555,17.555,17.555,343.0,EBC
2023-01-20 15:02:00,17.555,17.555,17.555,17.555,485.0,EBC
2023-01-20 15:01:00,17.54,17.555,17.54,17.555,6427.0,EBC
2023-01-20 15:00:00,17.53,17.5302,17.53,17.5302,1807.0,EBC
2023-01-20 14:59:00,17.51,17.53,17.51,17.51,3785.0,EBC
2023-01-20 14:58:00,17.5,17.51,17.5,17.505,517.0,EBC
2023-01-20 14:56:00,17.5,17.505,17.5,17.5,1073.0,EBC
2023-01-20 14:55:00,17.5,17.5,17.49,17.495,5747.0,EBC
2023-01-20 14:54:00,17.495,17.495,17.49,17.495,816.0,EBC
2023-01-20 14:53:00,17.49,17.5,17.49,17.4998,1747.0,EBC
2023-01-20 14:52:00,17.49,17.49,17.49,17.49,400.0,EBC
2023-01-20 14:51:00,17.5,17.5,17.5,17.5,2875.0,EBC
2023-01-20 14:48:00,17.495,17.5,17.495,17.5,5979.0,EBC
2023-01-20 14:47:00,17.495,17.495,17.495,17.495,100.0,EBC
2023-01-20 14:43:00,17.48,17.49,17.48,17.49,2514.0,EBC
2023-01-20 14:42:00,17.4791,17.4791,17.4791,17.4791,766.0,EBC
2023-01-20 14:40:00,17.48,17.49,17.48,17.48,4113.0,EBC
2023-01-20 14:39:00,17.48,17.48,17.48,17.48,114.0,EBC
2023-01-20 14:38:00,17.48,17.48,17.48,17.48,100.0,EBC
2023-01-20 14:37:00,17.48,17.49,17.475,17.475,7398.0,EBC
2023-01-20 14:36:00,17.47,17.47,17.47,17.47,160.0,EBC
2023-01-20 14:35:00,17.47,17.48,17.47,17.48,1220.0,EBC
2023-01-20 14:34:00,17.48,17.48,17.48,17.48,797.0,EBC
2023-01-20 14:32:00,17.48,17.48,17.48,17.48,184.0,EBC
2023-01-20 14:31:00,17.48,17.48,17.48,17.48,1126.0,EBC
2023-01-20 14:30:00,17.49,17.5,17.48,17.485,9059.0,EBC
2023-01-20 14:29:00,17.495,17.495,17.49,17.49,900.0,EBC
2023-01-20 14:28:00,17.49,17.49,17.49,17.49,477.0,EBC
2023-01-20 14:27:00,17.49,17.49,17.49,17.49,100.0,EBC
2023-01-20 14:25:00,17.5,17.5,17.49,17.495,703.0,EBC
2023-01-20 14:23:00,17.49,17.49,17.49,17.49,200.0,EBC
2023-01-20 14:21:00,17.51,17.51,17.49,17.49,1072.0,EBC
2023-01-20 14:19:00,17.515,17.515,17.51,17.51,1133.0,EBC
2023-01-20 14:18:00,17.51,17.51,17.51,17.51,218.0,EBC
2023-01-20 14:17:00,17.515,17.515,17.51,17.51,672.0,EBC
2023-01-20 14:15:00,17.52,17.52,17.52,17.52,471.0,EBC
2023-01-20 14:14:00,17.52,17.52,17.51,17.51,643.0,EBC
2023-01-20 14:12:00,17.52,17.52,17.52,17.52,1265.0,EBC
2023-01-20 14:11:00,17.53,17.53,17.53,17.53,603.0,EBC
2023-01-20 14:08:00,17.53,17.53,17.53,17.53,104.0,EBC
2023-01-20 14:07:00,17.53,17.53,17.53,17.53,250.0,EBC
2023-01-20 14:03:00,17.53,17.53,17.52,17.52,750.0,EBC
2023-01-20 14:02:00,17.53,17.53,17.525,17.525,1139.0,EBC
2023-01-20 14:01:00,17.53,17.53,17.53,17.53,132.0,EBC
2023-01-20 14:00:00,17.54,17.545,17.54,17.54,664.0,EBC
2023-01-20 13:59:00,17.56,17.56,17.55,17.55,875.0,EBC
2023-01-20 13:57:00,17.55,17.55,17.54,17.54,200.0,EBC
2023-01-20 13:56:00,17.55,17.555,17.55,17.55,6486.0,EBC
2023-01-20 13:55:00,17.52,17.56,17.52,17.55,16501.0,EBC
2023-01-20 13:53:00,17.51,17.52,17.51,17.52,1843.0,EBC
2023-01-20 13:51:00,17.5,17.51,17.5,17.51,1142.0,EBC
2023-01-20 13:50:00,17.5,17.51,17.5,17.5,1406.0,EBC
2023-01-20 13:47:00,17.49,17.49,17.49,17.49,472.0,EBC
2023-01-20 13:44:00,17.49,17.49,17.49,17.49,200.0,EBC
2023-01-20 13:40:00,17.51,17.515,17.51,17.51,787.0,EBC
2023-01-20 13:39:00,17.5,17.53,17.5,17.51,2654.0,EBC
2023-01-20 13:38:00,17.49,17.49,17.49,17.49,938.0,EBC
2023-01-20 13:37:00,17.48,17.49,17.48,17.49,1303.0,EBC
2023-01-20 13:34:00,17.48,17.48,17.48,17.48,100.0,EBC
2023-01-20 13:33:00,17.465,17.49,17.465,17.49,1631.0,EBC
2023-01-20 13:31:00,17.47,17.47,17.465,17.47,375.0,EBC
2023-01-20 13:29:00,17.485,17.49,17.47,17.48,1808.0,EBC
2023-01-20 13:28:00,17.49,17.49,17.48,17.48,1068.0,EBC
2023-01-20 13:26:00,17.49,17.51,17.49,17.51,515.0,EBC
2023-01-20 13:24:00,17.505,17.52,17.505,17.52,900.0,EBC
2023-01-20 13:23:00,17.505,17.52,17.505,17.505,320.0,EBC
2023-01-20 13:22:00,17.505,17.505,17.505,17.505,100.0,EBC
2023-01-20 13:21:00,17.47,17.51,17.47,17.51,1962.0,EBC
2023-01-20 13:20:00,17.51,17.52,17.48,17.48,3986.0,EBC
2023-01-20 13:19:00,17.53,17.53,17.53,17.53,249.0,EBC
2023-01-20 13:18:00,17.53,17.53,17.53,17.53,240.0,EBC
2023-01-20 13:16:00,17.52,17.53,17.52,17.53,1227.0,EBC
2023-01-20 13:15:00,17.5,17.53,17.5,17.53,2537.0,EBC
2023-01-20 13:14:00,17.5,17.5,17.5,17.5,136.0,EBC
2023-01-20 13:13:00,17.495,17.5,17.495,17.5,275.0,EBC
2023-01-20 13:12:00,17.49,17.5,17.49,17.5,2476.0,EBC
2023-01-20 13:11:00,17.5,17.51,17.5,17.51,2874.0,EBC
2023-01-20 13:08:00,17.5,17.52,17.5,17.51,532.0,EBC
2023-01-20 13:06:00,17.51,17.51,17.5,17.5,224.0,EBC
2023-01-20 13:05:00,17.51,17.51,17.51,17.51,266.0,EBC
2023-01-20 13:04:00,17.52,17.52,17.51,17.51,204.0,EBC
2023-01-20 13:03:00,17.51,17.52,17.51,17.52,283.0,EBC
2023-01-20 13:02:00,17.51,17.52,17.51,17.52,635.0,EBC
2023-01-20 13:01:00,17.487,17.52,17.487,17.52,1558.0,EBC
2023-01-20 13:00:00,17.49,17.51,17.485,17.485,2403.0,EBC
2023-01-20 12:59:00,17.47,17.49,17.47,17.48,571.0,EBC
2023-01-20 12:58:00,17.47,17.49,17.47,17.48,536.0,EBC
2023-01-20 12:56:00,17.48,17.48,17.48,17.48,188.0,EBC
2023-01-20 12:55:00,17.49,17.49,17.49,17.49,240.0,EBC
2023-01-20 12:52:00,17.47,17.49,17.46,17.49,2896.0,EBC
2023-01-20 12:50:00,17.48,17.48,17.48,17.48,303.0,EBC
2023-01-20 12:48:00,17.48,17.5,17.48,17.49,406.0,EBC
2023-01-20 12:47:00,17.49,17.49,17.49,17.49,206.0,EBC
2023-01-20 12:45:00,17.51,17.52,17.5,17.5,1688.0,EBC
2023-01-20 12:44:00,17.48,17.52,17.48,17.51,1853.0,EBC
2023-01-20 12:43:00,17.49,17.49,17.48,17.48,200.0,EBC
2023-01-20 12:42:00,17.5,17.5,17.48,17.48,267.0,EBC
2023-01-20 12:41:00,17.51,17.52,17.49,17.5,2315.0,EBC
2023-01-20 12:39:00,17.51,17.51,17.51,17.51,310.0,EBC
2023-01-20 12:38:00,17.51,17.51,17.51,17.51,130.0,EBC
2023-01-20 12:36:00,17.52,17.53,17.52,17.53,755.0,EBC
2023-01-20 12:35:00,17.5,17.52,17.5,17.52,2604.0,EBC
2023-01-20 12:33:00,17.51,17.52,17.505,17.51,2373.0,EBC
2023-01-20 12:32:00,17.52,17.52,17.52,17.52,115.0,EBC
2023-01-20 12:31:00,17.52,17.53,17.51,17.53,1632.0,EBC
2023-01-20 12:30:00,17.53,17.54,17.52,17.54,900.0,EBC
2023-01-20 12:29:00,17.54,17.55,17.535,17.535,461.0,EBC
2023-01-20 12:28:00,17.54,17.54,17.54,17.54,132.0,EBC
2023-01-20 12:26:00,17.54,17.54,17.54,17.54,100.0,EBC
2023-01-20 12:25:00,17.54,17.55,17.54,17.54,641.0,EBC
2023-01-20 12:24:00,17.52,17.53,17.52,17.53,1395.0,EBC
2023-01-20 12:21:00,17.54,17.54,17.53,17.54,633.0,EBC
2023-01-20 12:20:00,17.52,17.56,17.52,17.54,3046.0,EBC
2023-01-20 12:19:00,17.51,17.52,17.51,17.52,875.0,EBC
2023-01-20 12:18:00,17.505,17.53,17.505,17.51,1011.0,EBC
2023-01-20 12:17:00,17.51,17.52,17.51,17.51,500.0,EBC
2023-01-20 12:16:00,17.515,17.52,17.51,17.52,1632.0,EBC
2023-01-20 12:15:00,17.5,17.53,17.5,17.53,1698.0,EBC
2023-01-20 12:13:00,17.49,17.49,17.49,17.49,263.0,EBC
2023-01-20 12:11:00,17.48,17.49,17.48,17.485,1685.0,EBC
2023-01-20 12:10:00,17.48,17.49,17.48,17.49,326.0,EBC
2023-01-20 12:09:00,17.49,17.5,17.49,17.5,1017.0,EBC
2023-01-20 12:08:00,17.48,17.49,17.48,17.49,551.0,EBC
2023-01-20 12:07:00,17.49,17.5,17.49,17.5,205.0,EBC
2023-01-20 12:06:00,17.49,17.49,17.48,17.48,326.0,EBC
2023-01-20 12:04:00,17.51,17.51,17.495,17.5,1149.0,EBC
2023-01-20 12:03:00,17.5,17.5,17.5,17.5,288.0,EBC
2023-01-20 12:02:00,17.49,17.5,17.49,17.5,216.0,EBC
2023-01-20 12:01:00,17.49,17.51,17.49,17.495,2861.0,EBC
2023-01-20 12:00:00,17.49,17.51,17.49,17.5,1416.0,EBC
2023-01-20 11:58:00,17.51,17.51,17.48,17.5,2375.0,EBC
2023-01-20 11:56:00,17.475,17.49,17.475,17.475,458.0,EBC
2023-01-20 11:55:00,17.47,17.47,17.47,17.47,635.0,EBC
2023-01-20 11:54:00,17.485,17.5,17.485,17.5,325.0,EBC
2023-01-20 11:53:00,17.48,17.49,17.46,17.48,2686.0,EBC
2023-01-20 11:52:00,17.48,17.48,17.48,17.48,220.0,EBC
2023-01-20 11:51:00,17.46,17.48,17.46,17.465,1494.0,EBC
2023-01-20 11:50:00,17.47,17.47,17.46,17.47,979.0,EBC
2023-01-20 11:49:00,17.45,17.47,17.45,17.45,620.0,EBC
2023-01-20 11:48:00,17.44,17.48,17.44,17.455,1693.0,EBC
2023-01-20 11:47:00,17.43,17.44,17.43,17.43,462.0,EBC
2023-01-20 11:46:00,17.41,17.45,17.41,17.435,1808.0,EBC
2023-01-20 11:45:00,17.4,17.42,17.4,17.42,1307.0,EBC
2023-01-20 11:44:00,17.4,17.4,17.4,17.4,237.0,EBC
2023-01-20 11:42:00,17.4,17.4,17.39,17.4,1618.0,EBC
2023-01-20 11:41:00,17.39,17.39,17.39,17.39,200.0,EBC
2023-01-20 11:39:00,17.38,17.41,17.38,17.4,5578.0,EBC
2023-01-20 11:38:00,17.39,17.39,17.375,17.38,3152.0,EBC
2023-01-20 11:37:00,17.39,17.4,17.39,17.395,622.0,EBC
2023-01-20 11:36:00,17.405,17.41,17.39,17.39,2662.0,EBC
2023-01-20 11:35:00,17.41,17.42,17.4,17.42,1025.0,EBC
2023-01-20 11:34:00,17.4,17.41,17.4,17.41,1988.0,EBC
2023-01-20 11:33:00,17.415,17.43,17.415,17.43,600.0,EBC
2023-01-20 11:32:00,17.415,17.415,17.415,17.415,123.0,EBC
2023-01-20 11:31:00,17.415,17.42,17.415,17.42,376.0,EBC
2023-01-20 11:29:00,17.41,17.415,17.41,17.415,555.0,EBC
2023-01-20 11:28:00,17.41,17.41,17.39,17.4,2225.0,EBC
2023-01-20 11:27:00,17.41,17.43,17.41,17.43,206.0,EBC
2023-01-20 11:26:00,17.415,17.415,17.415,17.415,100.0,EBC
2023-01-20 11:24:00,17.39,17.4,17.39,17.4,834.0,EBC
2023-01-20 11:23:00,17.4,17.4,17.39,17.4,1416.0,EBC
2023-01-20 11:22:00,17.37,17.42,17.37,17.42,3689.0,EBC
2023-01-20 11:21:00,17.395,17.41,17.37,17.37,3731.0,EBC
2023-01-20 11:20:00,17.39,17.41,17.38,17.41,2694.0,EBC
2023-01-20 11:19:00,17.395,17.41,17.395,17.395,880.0,EBC
2023-01-20 11:17:00,17.38,17.41,17.375,17.4,2653.0,EBC
2023-01-20 11:16:00,17.38,17.38,17.38,17.38,245.0,EBC
2023-01-20 11:15:00,17.37,17.39,17.37,17.38,2861.0,EBC
2023-01-20 11:13:00,17.395,17.41,17.395,17.41,1926.0,EBC
2023-01-20 11:10:00,17.395,17.4,17.38,17.38,1285.0,EBC
2023-01-20 11:09:00,17.4,17.41,17.395,17.395,3674.0,EBC
2023-01-20 11:08:00,17.405,17.42,17.37,17.41,2937.0,EBC
2023-01-20 11:07:00,17.42,17.42,17.42,17.42,320.0,EBC
2023-01-20 11:06:00,17.42,17.43,17.405,17.405,1768.0,EBC
2023-01-20 11:05:00,17.43,17.43,17.43,17.43,110.0,EBC
2023-01-20 11:04:00,17.44,17.44,17.425,17.425,730.0,EBC
2023-01-20 11:03:00,17.46,17.46,17.42,17.44,4725.0,EBC
2023-01-20 11:02:00,17.44,17.46,17.43,17.455,5067.0,EBC
2023-01-20 11:00:00,17.46,17.46,17.42,17.42,2174.0,EBC
2023-01-20 10:59:00,17.48,17.48,17.46,17.46,872.0,EBC
2023-01-20 10:58:00,17.47,17.47,17.47,17.47,179.0,EBC
2023-01-20 10:57:00,17.46,17.46,17.46,17.46,717.0,EBC
2023-01-20 10:56:00,17.45,17.45,17.45,17.45,253.0,EBC
2023-01-20 10:55:00,17.45,17.45,17.45,17.45,398.0,EBC
2023-01-20 10:54:00,17.435,17.45,17.435,17.45,551.0,EBC
2023-01-20 10:53:00,17.44,17.45,17.44,17.44,670.0,EBC
2023-01-20 10:52:00,17.43,17.44,17.43,17.44,250.0,EBC
2023-01-20 10:51:00,17.44,17.44,17.405,17.42,6127.0,EBC
2023-01-20 10:50:00,17.43,17.44,17.43,17.44,650.0,EBC
2023-01-20 10:49:00,17.43,17.435,17.43,17.435,1415.0,EBC
2023-01-20 10:48:00,17.435,17.435,17.43,17.43,1075.0,EBC
2023-01-20 10:47:00,17.47,17.47,17.43,17.44,2561.0,EBC
2023-01-20 10:46:00,17.44,17.47,17.44,17.47,1838.0,EBC
2023-01-20 10:45:00,17.42,17.44,17.42,17.44,897.0,EBC
2023-01-20 10:44:00,17.42,17.42,17.42,17.42,201.0,EBC
2023-01-20 10:43:00,17.42,17.42,17.42,17.42,514.0,EBC
2023-01-20 10:42:00,17.43,17.43,17.43,17.43,200.0,EBC
2023-01-20 10:41:00,17.41,17.435,17.41,17.435,1687.0,EBC
2023-01-20 10:40:00,17.44,17.44,17.41,17.42,1921.0,EBC
2023-01-20 10:39:00,17.44,17.445,17.44,17.445,1659.0,EBC
2023-01-20 10:38:00,17.41,17.44,17.41,17.44,1788.0,EBC
2023-01-20 10:37:00,17.4108,17.4108,17.41,17.41,1691.0,EBC
2023-01-20 10:35:00,17.42,17.42,17.415,17.415,744.0,EBC
2023-01-20 10:34:00,17.43,17.435,17.41,17.42,1262.0,EBC
2023-01-20 10:33:00,17.4231,17.44,17.42,17.42,1665.0,EBC
2023-01-20 10:32:00,17.455,17.455,17.43,17.43,2185.0,EBC
2023-01-20 10:31:00,17.45,17.45,17.45,17.45,269.0,EBC
2023-01-20 10:30:00,17.445,17.445,17.445,17.445,201.0,EBC
2023-01-20 10:29:00,17.425,17.45,17.425,17.45,690.0,EBC
2023-01-20 10:27:00,17.41,17.425,17.41,17.425,1309.0,EBC
2023-01-20 10:25:00,17.41,17.41,17.41,17.41,250.0,EBC
2023-01-20 10:24:00,17.4,17.4,17.4,17.4,210.0,EBC
2023-01-20 10:23:00,17.4,17.41,17.4,17.41,594.0,EBC
2023-01-20 10:21:00,17.35,17.36,17.35,17.36,543.0,EBC
2023-01-20 10:20:00,17.36,17.36,17.345,17.345,1079.0,EBC
2023-01-20 10:19:00,17.36,17.375,17.36,17.375,342.0,EBC
2023-01-20 10:18:00,17.37,17.37,17.37,17.37,431.0,EBC
2023-01-20 10:17:00,17.39,17.39,17.39,17.39,152.0,EBC
2023-01-20 10:14:00,17.36,17.4,17.35,17.4,1761.0,EBC
2023-01-20 10:13:00,17.38,17.38,17.38,17.38,319.0,EBC
2023-01-20 10:11:00,17.36,17.38,17.36,17.38,679.0,EBC
2023-01-20 10:10:00,17.38,17.38,17.38,17.38,382.0,EBC
2023-01-20 10:09:00,17.36,17.36,17.36,17.36,506.0,EBC
2023-01-20 10:08:00,17.4,17.4,17.4,17.4,565.0,EBC
2023-01-20 10:07:00,17.398,17.43,17.39,17.4,2449.0,EBC
2023-01-20 10:05:00,17.38,17.39,17.35,17.39,1952.0,EBC
2023-01-20 10:03:00,17.38,17.4,17.38,17.4,51476.0,EBC
2023-01-20 10:02:00,17.385,17.385,17.37,17.37,376.0,EBC
2023-01-20 09:59:00,17.408,17.408,17.408,17.408,956.0,EBC
2023-01-20 09:58:00,17.35,17.39,17.35,17.39,882.0,EBC
2023-01-20 09:57:00,17.34,17.34,17.32,17.33,1408.0,EBC
2023-01-20 09:56:00,17.34,17.34,17.34,17.34,307.0,EBC
2023-01-20 09:55:00,17.33,17.33,17.33,17.33,257.0,EBC
2023-01-20 09:54:00,17.35,17.35,17.35,17.35,318.0,EBC
2023-01-20 09:51:00,17.37,17.37,17.37,17.37,100.0,EBC
2023-01-20 09:50:00,17.4,17.41,17.39,17.395,1099.0,EBC
2023-01-20 09:49:00,17.315,17.35,17.315,17.35,553.0,EBC
2023-01-20 09:48:00,17.29,17.325,17.29,17.32,543.0,EBC
2023-01-20 09:45:00,17.31,17.31,17.31,17.31,301.0,EBC
2023-01-20 09:44:00,17.295,17.325,17.295,17.325,900.0,EBC
2023-01-20 09:43:00,17.29,17.3,17.29,17.3,525.0,EBC
2023-01-20 09:42:00,17.285,17.285,17.285,17.285,601.0,EBC
2023-01-20 09:41:00,17.295,17.295,17.29,17.29,710.0,EBC
2023-01-20 09:40:00,17.29,17.295,17.29,17.295,478.0,EBC
2023-01-20 09:39:00,17.24,17.265,17.23,17.265,50973.0,EBC
2023-01-20 09:38:00,17.235,17.235,17.235,17.235,183.0,EBC
2023-01-20 09:37:00,17.22,17.225,17.22,17.225,374.0,EBC
2023-01-20 09:36:00,17.22,17.22,17.22,17.22,372.0,EBC
2023-01-20 09:35:00,17.23,17.23,17.23,17.23,386.0,EBC
2023-01-20 09:34:00,17.21,17.26,17.21,17.26,723.0,EBC
2023-01-20 09:33:00,17.24,17.29,17.13,17.22,4403.0,EBC
2023-01-20 09:32:00,17.43,17.43,17.32,17.43,302.0,EBC
2023-01-20 09:31:00,17.36,17.36,17.31,17.31,60848.0,EBC
2023-01-19 16:02:00,17.2,17.2,17.2,17.2,4642.0,EBC
2023-01-19 16:01:00,17.2,17.2,17.2,17.2,69825.0,EBC
2023-01-19 16:00:00,17.2,17.21,17.19,17.19,20889.0,EBC
2023-01-19 15:59:00,17.2,17.2,17.195,17.195,7752.0,EBC
2023-01-19 15:58:00,17.205,17.21,17.195,17.2,16161.0,EBC
2023-01-19 15:57:00,17.21,17.21,17.205,17.205,2517.0,EBC
2023-01-19 15:56:00,17.205,17.21,17.205,17.205,1699.0,EBC
2023-01-19 15:55:00,17.2,17.21,17.2,17.205,1743.0,EBC
2023-01-19 15:54:00,17.2,17.21,17.19,17.2,3212.0,EBC
2023-01-19 15:53:00,17.22,17.22,17.21,17.21,526.0,EBC
2023-01-19 15:52:00,17.18,17.21,17.18,17.21,5225.0,EBC
2023-01-19 15:51:00,17.18,17.1899,17.175,17.175,2214.0,EBC
2023-01-19 15:50:00,17.18,17.18,17.18,17.18,1503.0,EBC
2023-01-19 15:49:00,17.2,17.2,17.185,17.19,1802.0,EBC
2023-01-19 15:48:00,17.19,17.19,17.19,17.19,1067.0,EBC
2023-01-19 15:47:00,17.18,17.185,17.18,17.185,1284.0,EBC
2023-01-19 15:46:00,17.17,17.175,17.17,17.175,554.0,EBC
2023-01-19 15:45:00,17.16,17.17,17.16,17.17,1224.0,EBC
2023-01-19 15:44:00,17.16,17.16,17.16,17.16,2056.0,EBC
2023-01-19 15:43:00,17.15,17.155,17.15,17.15,604.0,EBC
2023-01-19 15:42:00,17.16,17.16,17.15,17.15,1429.0,EBC
2023-01-19 15:41:00,17.16,17.16,17.16,17.16,907.0,EBC
2023-01-19 15:40:00,17.16,17.165,17.16,17.165,669.0,EBC
2023-01-19 15:38:00,17.17,17.17,17.17,17.17,439.0,EBC
2023-01-19 15:37:00,17.155,17.16,17.155,17.16,873.0,EBC
2023-01-19 15:36:00,17.14,17.155,17.14,17.155,3949.0,EBC
2023-01-19 15:35:00,17.145,17.145,17.135,17.135,1456.0,EBC
2023-01-19 15:34:00,17.14,17.15,17.14,17.14,3050.0,EBC
2023-01-19 15:33:00,17.13,17.13,17.12,17.12,864.0,EBC
2023-01-19 15:32:00,17.13,17.14,17.13,17.13,723.0,EBC
2023-01-19 15:31:00,17.14,17.14,17.125,17.13,2013.0,EBC
2023-01-19 15:30:00,17.15,17.155,17.13,17.14,5540.0,EBC
2023-01-19 15:29:00,17.16,17.16,17.14,17.14,1352.0,EBC
2023-01-19 15:28:00,17.16,17.16,17.16,17.16,307.0,EBC
2023-01-19 15:25:00,17.16,17.165,17.15,17.15,1285.0,EBC
2023-01-19 15:23:00,17.15,17.15,17.15,17.15,214.0,EBC
2023-01-19 15:22:00,17.165,17.165,17.15,17.15,1013.0,EBC
2023-01-19 15:21:00,17.165,17.165,17.16,17.16,250.0,EBC
2023-01-19 15:20:00,17.16,17.16,17.16,17.16,600.0,EBC
2023-01-19 15:19:00,17.155,17.155,17.155,17.155,148.0,EBC
2023-01-19 15:18:00,17.16,17.16,17.16,17.16,569.0,EBC
2023-01-19 15:17:00,17.16,17.1603,17.16,17.1603,909.0,EBC
2023-01-19 15:16:00,17.16,17.17,17.16,17.17,939.0,EBC
2023-01-19 15:14:00,17.15,17.15,17.15,17.15,204.0,EBC
2023-01-19 15:13:00,17.14,17.145,17.14,17.145,1678.0,EBC
2023-01-19 15:12:00,17.13,17.13,17.12,17.13,712.0,EBC
2023-01-19 15:11:00,17.13,17.14,17.13,17.13,2713.0,EBC
2023-01-19 15:10:00,17.145,17.145,17.135,17.135,707.0,EBC
2023-01-19 15:09:00,17.14,17.14,17.14,17.14,1405.0,EBC
2023-01-19 15:08:00,17.14,17.145,17.14,17.145,689.0,EBC
2023-01-19 15:07:00,17.15,17.15,17.14,17.14,1663.0,EBC
2023-01-19 15:06:00,17.17,17.17,17.15,17.15,654.0,EBC
2023-01-19 15:05:00,17.16,17.19,17.16,17.19,2078.0,EBC
2023-01-19 15:04:00,17.15,17.15,17.15,17.15,545.0,EBC
2023-01-19 15:03:00,17.16,17.16,17.16,17.16,245.0,EBC
2023-01-19 15:01:00,17.16,17.16,17.16,17.16,330.0,EBC
2023-01-19 14:59:00,17.16,17.17,17.16,17.17,397.0,EBC
2023-01-19 14:58:00,17.16,17.17,17.16,17.16,350.0,EBC
2023-01-19 14:56:00,17.145,17.17,17.145,17.16,3312.0,EBC
2023-01-19 14:55:00,17.15,17.15,17.14,17.14,1631.0,EBC
2023-01-19 14:53:00,17.1671,17.1671,17.1671,17.1671,174.0,EBC
2023-01-19 14:52:00,17.16,17.16,17.16,17.16,388.0,EBC
2023-01-19 14:50:00,17.17,17.17,17.165,17.165,935.0,EBC
2023-01-19 14:49:00,17.17,17.18,17.165,17.17,4125.0,EBC
2023-01-19 14:48:00,17.19,17.19,17.19,17.19,332.0,EBC
2023-01-19 14:47:00,17.18,17.18,17.18,17.18,971.0,EBC
2023-01-19 14:44:00,17.19,17.19,17.19,17.19,228.0,EBC
2023-01-19 14:43:00,17.18,17.19,17.18,17.19,1663.0,EBC
2023-01-19 14:42:00,17.18,17.18,17.18,17.18,123.0,EBC
2023-01-19 14:41:00,17.19,17.19,17.18,17.18,346.0,EBC
2023-01-19 14:40:00,17.19,17.19,17.18,17.18,438.0,EBC
2023-01-19 14:39:00,17.19,17.19,17.19,17.19,428.0,EBC
2023-01-19 14:38:00,17.19,17.19,17.18,17.19,568.0,EBC
2023-01-19 14:37:00,17.2,17.2,17.2,17.2,340.0,EBC
2023-01-19 14:36:00,17.19,17.19,17.19,17.19,897.0,EBC
2023-01-19 14:35:00,17.18,17.195,17.18,17.195,2773.0,EBC
2023-01-19 14:33:00,17.17,17.18,17.17,17.18,642.0,EBC
2023-01-19 14:32:00,17.16,17.16,17.16,17.16,255.0,EBC
2023-01-19 14:31:00,17.16,17.17,17.16,17.17,534.0,EBC
2023-01-19 14:28:00,17.18,17.18,17.18,17.18,399.0,EBC
2023-01-19 14:25:00,17.17,17.17,17.17,17.17,399.0,EBC
2023-01-19 14:24:00,17.155,17.155,17.155,17.155,206.0,EBC
2023-01-19 14:23:00,17.15,17.16,17.145,17.16,1006.0,EBC
2023-01-19 14:22:00,17.14,17.15,17.14,17.15,1169.0,EBC
2023-01-19 14:21:00,17.13,17.135,17.12,17.135,2214.0,EBC
2023-01-19 14:19:00,17.11,17.11,17.11,17.11,435.0,EBC
2023-01-19 14:18:00,17.13,17.13,17.13,17.13,365.0,EBC
2023-01-19 14:17:00,17.17,17.17,17.15,17.15,2094.0,EBC
2023-01-19 14:15:00,17.1709,17.1709,17.1709,17.1709,237.0,EBC
2023-01-19 14:11:00,17.17,17.17,17.17,17.17,2302.0,EBC
2023-01-19 14:08:00,17.16,17.16,17.16,17.16,381.0,EBC
2023-01-19 14:07:00,17.17,17.17,17.17,17.17,1672.0,EBC
2023-01-19 14:06:00,17.1609,17.1609,17.1609,17.1609,702.0,EBC
2023-01-19 14:05:00,17.16,17.16,17.16,17.16,118.0,EBC
2023-01-19 14:04:00,17.15,17.17,17.15,17.17,356.0,EBC
2023-01-19 14:03:00,17.15,17.15,17.15,17.15,100.0,EBC
2023-01-19 14:02:00,17.17,17.17,17.165,17.165,221.0,EBC
2023-01-19 14:01:00,17.16,17.18,17.16,17.165,2122.0,EBC
2023-01-19 14:00:00,17.16,17.16,17.16,17.16,259.0,EBC
2023-01-19 13:59:00,17.16,17.16,17.16,17.16,104.0,EBC
2023-01-19 13:57:00,17.19,17.19,17.16,17.16,1080.0,EBC
2023-01-19 13:53:00,17.22,17.22,17.22,17.22,545.0,EBC
2023-01-19 13:48:00,17.23,17.24,17.225,17.23,3487.0,EBC
2023-01-19 13:46:00,17.21,17.25,17.21,17.25,4782.0,EBC
2023-01-19 13:45:00,17.21,17.21,17.2,17.2,1141.0,EBC
2023-01-19 13:42:00,17.24,17.2418,17.23,17.23,1797.0,EBC
2023-01-19 13:41:00,17.23,17.23,17.23,17.23,848.0,EBC
2023-01-19 13:40:00,17.23,17.23,17.23,17.23,245.0,EBC
2023-01-19 13:38:00,17.22,17.22,17.22,17.22,287.0,EBC
2023-01-19 13:37:00,17.2,17.2,17.2,17.2,1044.0,EBC
2023-01-19 13:36:00,17.15,17.18,17.15,17.18,1726.0,EBC
2023-01-19 13:35:00,17.13,17.14,17.13,17.14,664.0,EBC
2023-01-19 13:34:00,17.14,17.14,17.14,17.14,254.0,EBC
2023-01-19 13:32:00,17.16,17.16,17.15,17.15,5263.0,EBC
2023-01-19 13:31:00,17.1,17.15,17.1,17.15,2824.0,EBC
2023-01-19 13:30:00,17.1,17.1,17.1,17.1,295.0,EBC
2023-01-19 13:27:00,17.12,17.12,17.12,17.12,1396.0,EBC
2023-01-19 13:26:00,17.13,17.13,17.13,17.13,331.0,EBC
2023-01-19 13:23:00,17.14,17.15,17.13,17.13,1690.0,EBC
2023-01-19 13:21:00,17.124,17.124,17.124,17.124,403.0,EBC
2023-01-19 13:20:00,17.13,17.13,17.13,17.13,325.0,EBC
2023-01-19 13:19:00,17.13,17.13,17.13,17.13,501.0,EBC
2023-01-19 13:16:00,17.13,17.13,17.12,17.12,329.0,EBC
2023-01-19 13:15:00,17.14,17.14,17.13,17.13,601.0,EBC
2023-01-19 13:14:00,17.1395,17.1395,17.13,17.13,368.0,EBC
2023-01-19 13:13:00,17.13,17.13,17.13,17.13,100.0,EBC
2023-01-19 13:12:00,17.1321,17.14,17.13,17.13,800.0,EBC
2023-01-19 13:11:00,17.14,17.14,17.14,17.14,100.0,EBC
2023-01-19 13:10:00,17.12,17.14,17.12,17.14,1833.0,EBC
2023-01-19 13:09:00,17.11,17.1199,17.11,17.1199,1110.0,EBC
2023-01-19 13:08:00,17.11,17.11,17.1,17.1,1908.0,EBC
2023-01-19 13:06:00,17.11,17.11,17.11,17.11,120.0,EBC
2023-01-19 13:05:00,17.125,17.125,17.125,17.125,100.0,EBC
2023-01-19 13:04:00,17.11,17.125,17.11,17.125,1185.0,EBC
2023-01-19 13:03:00,17.1,17.1,17.1,17.1,100.0,EBC
2023-01-19 13:01:00,17.1,17.1,17.1,17.1,100.0,EBC
2023-01-19 13:00:00,17.08,17.095,17.08,17.095,1645.0,EBC
2023-01-19 12:58:00,17.07,17.07,17.07,17.07,327.0,EBC
2023-01-19 12:56:00,17.07,17.07,17.07,17.07,101.0,EBC
2023-01-19 12:52:00,17.07,17.08,17.07,17.08,974.0,EBC
2023-01-19 12:50:00,17.0786,17.0786,17.07,17.07,343.0,EBC
2023-01-19 12:48:00,17.08,17.08,17.08,17.08,422.0,EBC
2023-01-19 12:47:00,17.08,17.085,17.08,17.085,1130.0,EBC
2023-01-19 12:45:00,17.07,17.07,17.07,17.07,312.0,EBC
2023-01-19 12:44:00,17.08,17.08,17.07,17.07,402.0,EBC
2023-01-19 12:43:00,17.09,17.09,17.09,17.09,589.0,EBC
2023-01-19 12:42:00,17.07,17.07,17.07,17.07,121.0,EBC
2023-01-19 12:41:00,17.07,17.08,17.07,17.08,236.0,EBC
2023-01-19 12:39:00,17.08,17.08,17.075,17.08,1390.0,EBC
2023-01-19 12:38:00,17.1,17.1,17.09,17.09,6033.0,EBC
2023-01-19 12:37:00,17.105,17.105,17.105,17.105,259.0,EBC
2023-01-19 12:36:00,17.105,17.105,17.09,17.105,657.0,EBC
2023-01-19 12:34:00,17.105,17.105,17.105,17.105,148.0,EBC
2023-01-19 12:33:00,17.1,17.105,17.1,17.105,970.0,EBC
2023-01-19 12:32:00,17.1,17.1,17.1,17.1,162.0,EBC
2023-01-19 12:30:00,17.115,17.12,17.1,17.1,580.0,EBC
2023-01-19 12:29:00,17.09,17.11,17.09,17.11,3986.0,EBC
2023-01-19 12:28:00,17.09,17.09,17.09,17.09,850.0,EBC
2023-01-19 12:27:00,17.12,17.13,17.09,17.09,11264.0,EBC
2023-01-19 12:26:00,17.11,17.13,17.11,17.115,1982.0,EBC
2023-01-19 12:25:00,17.13,17.13,17.12,17.12,612.0,EBC
2023-01-19 12:24:00,17.15,17.15,17.135,17.135,1778.0,EBC
2023-01-19 12:23:00,17.145,17.16,17.14,17.15,9531.0,EBC
2023-01-19 12:22:00,17.145,17.145,17.145,17.145,170.0,EBC
2023-01-19 12:21:00,17.165,17.17,17.15,17.15,1236.0,EBC
2023-01-19 12:18:00,17.16,17.16,17.16,17.16,256.0,EBC
2023-01-19 12:16:00,17.15,17.15,17.15,17.15,254.0,EBC
2023-01-19 12:15:00,17.14,17.16,17.14,17.16,2022.0,EBC
2023-01-19 12:14:00,17.13,17.13,17.13,17.13,182.0,EBC
2023-01-19 12:13:00,17.13,17.13,17.13,17.13,573.0,EBC
2023-01-19 12:12:00,17.13,17.135,17.13,17.135,211.0,EBC
2023-01-19 12:11:00,17.13,17.13,17.13,17.13,857.0,EBC
2023-01-19 12:09:00,17.13,17.13,17.12,17.12,1045.0,EBC
2023-01-19 12:08:00,17.13,17.13,17.13,17.13,460.0,EBC
2023-01-19 12:06:00,17.15,17.15,17.15,17.15,380.0,EBC
2023-01-19 12:05:00,17.14,17.14,17.14,17.14,100.0,EBC
2023-01-19 12:04:00,17.16,17.16,17.15,17.15,1049.0,EBC
2023-01-19 12:03:00,17.15,17.16,17.15,17.16,765.0,EBC
2023-01-19 12:01:00,17.14,17.16,17.14,17.16,2012.0,EBC
2023-01-19 12:00:00,17.135,17.135,17.135,17.135,258.0,EBC
2023-01-19 11:59:00,17.14,17.14,17.135,17.135,833.0,EBC
2023-01-19 11:58:00,17.14,17.14,17.135,17.135,588.0,EBC
2023-01-19 11:57:00,17.14,17.14,17.14,17.14,232.0,EBC
2023-01-19 11:54:00,17.135,17.14,17.135,17.14,541.0,EBC
2023-01-19 11:52:00,17.13,17.13,17.13,17.13,150.0,EBC
2023-01-19 11:50:00,17.12,17.135,17.12,17.135,1616.0,EBC
2023-01-19 11:49:00,17.135,17.135,17.115,17.115,3785.0,EBC
2023-01-19 11:48:00,17.13,17.14,17.115,17.14,3290.0,EBC
2023-01-19 11:47:00,17.115,17.115,17.115,17.115,450.0,EBC
2023-01-19 11:46:00,17.115,17.115,17.115,17.115,504.0,EBC
2023-01-19 11:45:00,17.115,17.115,17.1,17.1,230.0,EBC
2023-01-19 11:44:00,17.11,17.115,17.11,17.115,579.0,EBC
2023-01-19 11:43:00,17.11,17.12,17.11,17.12,300.0,EBC
2023-01-19 11:41:00,17.13,17.13,17.12,17.12,957.0,EBC
2023-01-19 11:40:00,17.12,17.14,17.12,17.14,1009.0,EBC
2023-01-19 11:36:00,17.13,17.13,17.13,17.13,246.0,EBC
2023-01-19 11:35:00,17.15,17.15,17.12,17.12,852.0,EBC
2023-01-19 11:34:00,17.15,17.17,17.15,17.17,1140.0,EBC
2023-01-19 11:33:00,17.15,17.15,17.15,17.15,370.0,EBC
2023-01-19 11:32:00,17.13,17.14,17.13,17.14,2753.0,EBC
2023-01-19 11:30:00,17.15,17.15,17.13,17.13,1076.0,EBC
2023-01-19 11:29:00,17.15,17.155,17.14,17.155,923.0,EBC
2023-01-19 11:28:00,17.15,17.16,17.15,17.15,1107.0,EBC
2023-01-19 11:27:00,17.15,17.15,17.15,17.15,307.0,EBC
2023-01-19 11:26:00,17.15,17.15,17.15,17.15,106.0,EBC
2023-01-19 11:25:00,17.16,17.16,17.16,17.16,263.0,EBC
2023-01-19 11:23:00,17.165,17.165,17.165,17.165,112.0,EBC
2023-01-19 11:22:00,17.17,17.18,17.17,17.17,549.0,EBC
2023-01-19 11:21:00,17.16,17.19,17.16,17.18,2278.0,EBC
2023-01-19 11:19:00,17.18,17.18,17.16,17.17,408.0,EBC
2023-01-19 11:18:00,17.18,17.18,17.17,17.17,759.0,EBC
2023-01-19 11:17:00,17.17,17.19,17.17,17.19,356.0,EBC
2023-01-19 11:16:00,17.19,17.19,17.19,17.19,184.0,EBC
2023-01-19 11:15:00,17.19,17.19,17.18,17.18,747.0,EBC
2023-01-19 11:14:00,17.205,17.205,17.2,17.2,547.0,EBC
2023-01-19 11:13:00,17.205,17.205,17.205,17.205,208.0,EBC
2023-01-19 11:12:00,17.21,17.21,17.2,17.2,2068.0,EBC
2023-01-19 11:11:00,17.2,17.22,17.2,17.215,3183.0,EBC
2023-01-19 11:10:00,17.18,17.2,17.18,17.2,464.0,EBC
2023-01-19 11:09:00,17.16,17.17,17.16,17.17,1047.0,EBC
2023-01-19 11:08:00,17.15,17.16,17.15,17.16,1199.0,EBC
2023-01-19 11:07:00,17.14,17.14,17.14,17.14,309.0,EBC
2023-01-19 11:04:00,17.16,17.18,17.15,17.18,855.0,EBC
2023-01-19 11:03:00,17.16,17.16,17.16,17.16,581.0,EBC
2023-01-19 11:01:00,17.14,17.15,17.14,17.15,674.0,EBC
2023-01-19 11:00:00,17.13,17.13,17.13,17.13,131.0,EBC
2023-01-19 10:59:00,17.12,17.13,17.12,17.13,668.0,EBC
2023-01-19 10:58:00,17.09,17.12,17.09,17.12,3844.0,EBC
2023-01-19 10:57:00,17.09,17.09,17.08,17.085,451.0,EBC
2023-01-19 10:56:00,17.1,17.1,17.08,17.08,1156.0,EBC
2023-01-19 10:55:00,17.1,17.11,17.1,17.1,2293.0,EBC
2023-01-19 10:54:00,17.11,17.11,17.1,17.1,515.0,EBC
2023-01-19 10:53:00,17.1,17.1,17.1,17.1,668.0,EBC
2023-01-19 10:52:00,17.1,17.11,17.1,17.11,1341.0,EBC
2023-01-19 10:51:00,17.12,17.12,17.12,17.12,101.0,EBC
2023-01-19 10:50:00,17.11,17.12,17.105,17.12,1448.0,EBC
2023-01-19 10:49:00,17.105,17.11,17.1,17.11,4757.0,EBC
2023-01-19 10:48:00,17.105,17.105,17.1,17.1,423.0,EBC
2023-01-19 10:47:00,17.12,17.12,17.1,17.11,2632.0,EBC
2023-01-19 10:46:00,17.13,17.13,17.12,17.125,2281.0,EBC
2023-01-19 10:45:00,17.13,17.13,17.1018,17.1018,846.0,EBC
2023-01-19 10:44:00,17.13,17.14,17.11,17.12,2980.0,EBC
2023-01-19 10:43:00,17.13,17.13,17.13,17.13,300.0,EBC
2023-01-19 10:42:00,17.17,17.17,17.13,17.13,320.0,EBC
2023-01-19 10:41:00,17.1477,17.1477,17.1477,17.1477,620.0,EBC
2023-01-19 10:40:00,17.13,17.16,17.13,17.16,640.0,EBC
2023-01-19 10:38:00,17.18,17.18,17.14,17.14,517.0,EBC
2023-01-19 10:36:00,17.19,17.19,17.18,17.18,500.0,EBC
2023-01-19 10:35:00,17.22,17.22,17.215,17.215,671.0,EBC
2023-01-19 10:34:00,17.24,17.25,17.235,17.235,495.0,EBC
2023-01-19 10:33:00,17.255,17.255,17.255,17.255,600.0,EBC
2023-01-19 10:32:00,17.23,17.26,17.23,17.255,1612.0,EBC
2023-01-19 10:31:00,17.21,17.22,17.21,17.22,27021.0,EBC
2023-01-19 10:29:00,17.21,17.21,17.21,17.21,291.0,EBC
2023-01-19 10:28:00,17.2,17.22,17.2,17.22,782.0,EBC
2023-01-19 10:27:00,17.2,17.22,17.2,17.21,1874.0,EBC
2023-01-19 10:26:00,17.1699,17.2,17.16,17.2,4878.0,EBC
2023-01-19 10:25:00,17.1529,17.17,17.1529,17.17,423.0,EBC
2023-01-19 10:24:00,17.125,17.16,17.125,17.16,2154.0,EBC
2023-01-19 10:23:00,17.14,17.15,17.14,17.14,982.0,EBC
2023-01-19 10:22:00,17.145,17.15,17.145,17.15,351.0,EBC
2023-01-19 10:19:00,17.17,17.19,17.17,17.17,2148.0,EBC
2023-01-19 10:18:00,17.12,17.13,17.12,17.13,2090.0,EBC
2023-01-19 10:16:00,17.1,17.1,17.1,17.1,200.0,EBC
2023-01-19 10:15:00,17.12,17.12,17.11,17.11,200.0,EBC
2023-01-19 10:14:00,17.11,17.11,17.11,17.11,214.0,EBC
2023-01-19 10:13:00,17.12,17.12,17.1,17.1,1945.0,EBC
2023-01-19 10:10:00,17.13,17.145,17.13,17.145,284.0,EBC
2023-01-19 10:09:00,17.15,17.15,17.15,17.15,437.0,EBC
2023-01-19 10:07:00,17.15,17.155,17.15,17.155,591.0,EBC
2023-01-19 10:06:00,17.11,17.11,17.11,17.11,173.0,EBC
2023-01-19 10:05:00,17.1111,17.1111,17.1111,17.1111,128.0,EBC
2023-01-19 10:04:00,17.14,17.14,17.14,17.14,441.0,EBC
2023-01-19 10:03:00,17.13,17.16,17.13,17.155,1692.0,EBC
2023-01-19 10:02:00,17.115,17.13,17.115,17.13,2351.0,EBC
2023-01-19 10:01:00,17.13,17.13,17.115,17.115,271.0,EBC
2023-01-19 10:00:00,17.1,17.11,17.1,17.11,1095.0,EBC
2023-01-19 09:59:00,17.15,17.15,17.13,17.14,1072.0,EBC
2023-01-19 09:58:00,17.13,17.13,17.13,17.13,232.0,EBC
2023-01-19 09:57:00,17.12,17.12,17.12,17.12,333.0,EBC
2023-01-19 09:56:00,17.119,17.119,17.119,17.119,143.0,EBC
2023-01-19 09:55:00,17.1,17.11,17.1,17.11,1975.0,EBC
2023-01-19 09:54:00,17.12,17.12,17.1,17.1,1613.0,EBC
2023-01-19 09:53:00,17.14,17.15,17.13,17.13,1686.0,EBC
2023-01-19 09:52:00,17.12,17.12,17.12,17.12,333.0,EBC
2023-01-19 09:51:00,17.1,17.11,17.1,17.1,2358.0,EBC
2023-01-19 09:49:00,17.1,17.11,17.04,17.07,5051.0,EBC
2023-01-19 09:48:00,17.1,17.11,17.1,17.1,591.0,EBC
2023-01-19 09:45:00,17.1,17.1,17.1,17.1,185.0,EBC
2023-01-19 09:44:00,17.1,17.1,17.1,17.1,270.0,EBC
2023-01-19 09:43:00,17.185,17.185,17.11,17.11,1676.0,EBC
2023-01-19 09:42:00,17.2,17.2,17.2,17.2,1074.0,EBC
2023-01-19 09:41:00,17.17,17.17,17.17,17.17,214.0,EBC
2023-01-19 09:40:00,17.19,17.21,17.15,17.175,1283.0,EBC
2023-01-19 09:38:00,17.1,17.1,17.1,17.1,100.0,EBC
2023-01-19 09:37:00,17.15,17.17,17.11,17.11,2976.0,EBC
2023-01-19 09:31:00,17.15,17.26,17.15,17.225,6700.0,EBC
2023-01-18 16:02:00,17.32,17.32,17.32,17.32,2806.0,EBC
2023-01-18 16:01:00,17.32,17.32,17.32,17.32,9508.0,EBC
2023-01-18 16:00:00,17.335,17.34,17.31,17.31,10581.0,EBC
2023-01-18 15:59:00,17.335,17.34,17.33,17.335,4304.0,EBC
2023-01-18 15:58:00,17.33,17.34,17.33,17.33,6377.0,EBC
2023-01-18 15:57:00,17.34,17.35,17.32,17.33,6284.0,EBC
2023-01-18 15:56:00,17.34,17.35,17.33,17.34,2484.0,EBC
2023-01-18 15:55:00,17.34,17.35,17.335,17.34,1710.0,EBC
2023-01-18 15:54:00,17.34,17.345,17.33,17.34,2914.0,EBC
2023-01-18 15:53:00,17.3577,17.36,17.34,17.35,1523.0,EBC
2023-01-18 15:52:00,17.35,17.35,17.34,17.35,1632.0,EBC
2023-01-18 15:51:00,17.34,17.36,17.335,17.35,2507.0,EBC
2023-01-18 15:50:00,17.345,17.35,17.34,17.34,4436.0,EBC
2023-01-18 15:49:00,17.345,17.35,17.34,17.34,1677.0,EBC
2023-01-18 15:48:00,17.34,17.35,17.34,17.345,1748.0,EBC
2023-01-18 15:47:00,17.34,17.3573,17.34,17.34,1304.0,EBC
2023-01-18 15:46:00,17.35,17.35,17.34,17.35,3128.0,EBC
2023-01-18 15:45:00,17.35,17.35,17.34,17.345,3249.0,EBC
2023-01-18 15:44:00,17.34,17.35,17.33,17.34,1052.0,EBC
2023-01-18 15:43:00,17.33,17.35,17.33,17.33,4175.0,EBC
2023-01-18 15:42:00,17.35,17.35,17.34,17.34,897.0,EBC
2023-01-18 15:41:00,17.345,17.345,17.335,17.34,6668.0,EBC
2023-01-18 15:40:00,17.345,17.345,17.34,17.34,867.0,EBC
2023-01-18 15:39:00,17.34,17.35,17.335,17.35,2651.0,EBC
2023-01-18 15:38:00,17.35,17.35,17.34,17.35,5778.0,EBC
2023-01-18 15:37:00,17.36,17.36,17.35,17.36,939.0,EBC
2023-01-18 15:36:00,17.35,17.35,17.34,17.34,6599.0,EBC
2023-01-18 15:35:00,17.35,17.35,17.34,17.34,790.0,EBC
2023-01-18 15:34:00,17.35,17.35,17.35,17.35,1348.0,EBC
2023-01-18 15:33:00,17.34,17.345,17.33,17.34,3211.0,EBC
2023-01-18 15:32:00,17.38,17.38,17.34,17.34,3814.0,EBC
2023-01-18 15:31:00,17.35,17.38,17.348,17.36,12277.0,EBC
2023-01-18 15:30:00,17.35,17.35,17.345,17.345,1053.0,EBC
2023-01-18 15:29:00,17.37,17.37,17.35,17.36,944.0,EBC
2023-01-18 15:28:00,17.36,17.37,17.36,17.37,535.0,EBC
2023-01-18 15:27:00,17.35,17.35,17.35,17.35,1997.0,EBC
2023-01-18 15:26:00,17.34,17.35,17.33,17.34,2265.0,EBC
2023-01-18 15:25:00,17.36,17.36,17.36,17.36,210.0,EBC
2023-01-18 15:24:00,17.35,17.35,17.35,17.35,283.0,EBC
2023-01-18 15:23:00,17.34,17.35,17.33,17.35,766.0,EBC
2023-01-18 15:22:00,17.315,17.34,17.315,17.34,9719.0,EBC
2023-01-18 15:21:00,17.3,17.31,17.3,17.31,2227.0,EBC
2023-01-18 15:20:00,17.3,17.3,17.28,17.295,4066.0,EBC
2023-01-18 15:19:00,17.27,17.305,17.27,17.305,2946.0,EBC
2023-01-18 15:18:00,17.28,17.3,17.28,17.2955,1319.0,EBC
2023-01-18 15:17:00,17.28,17.28,17.275,17.275,876.0,EBC
2023-01-18 15:15:00,17.32,17.32,17.28,17.28,867.0,EBC
2023-01-18 15:14:00,17.34,17.34,17.33,17.335,893.0,EBC
2023-01-18 15:13:00,17.35,17.3525,17.35,17.35,1029.0,EBC
2023-01-18 15:12:00,17.35,17.35,17.35,17.35,1257.0,EBC
2023-01-18 15:11:00,17.325,17.36,17.325,17.355,6085.0,EBC
2023-01-18 15:10:00,17.325,17.325,17.325,17.325,270.0,EBC
2023-01-18 15:09:00,17.325,17.33,17.325,17.33,367.0,EBC
2023-01-18 15:08:00,17.325,17.33,17.325,17.325,632.0,EBC
2023-01-18 15:07:00,17.34,17.34,17.32,17.32,1420.0,EBC
2023-01-18 15:05:00,17.35,17.36,17.35,17.36,900.0,EBC
2023-01-18 15:04:00,17.359,17.36,17.35,17.355,546.0,EBC
2023-01-18 15:03:00,17.36,17.36,17.36,17.36,219.0,EBC
2023-01-18 15:02:00,17.35,17.35,17.35,17.35,439.0,EBC
2023-01-18 15:01:00,17.34,17.34,17.34,17.34,370.0,EBC
2023-01-18 15:00:00,17.31,17.335,17.31,17.32,4110.0,EBC
2023-01-18 14:59:00,17.315,17.315,17.315,17.315,199.0,EBC
2023-01-18 14:57:00,17.315,17.315,17.315,17.315,210.0,EBC
2023-01-18 14:56:00,17.32,17.32,17.32,17.32,636.0,EBC
2023-01-18 14:55:00,17.32,17.33,17.32,17.33,229.0,EBC
2023-01-18 14:54:00,17.33,17.33,17.33,17.33,120.0,EBC
2023-01-18 14:53:00,17.31,17.32,17.31,17.32,210.0,EBC
2023-01-18 14:52:00,17.315,17.32,17.315,17.32,1452.0,EBC
2023-01-18 14:50:00,17.32,17.32,17.32,17.32,516.0,EBC
2023-01-18 14:49:00,17.32,17.32,17.32,17.32,126.0,EBC
2023-01-18 14:48:00,17.3,17.32,17.3,17.32,2248.0,EBC
2023-01-18 14:47:00,17.31,17.31,17.305,17.305,252.0,EBC
2023-01-18 14:46:00,17.32,17.32,17.32,17.32,1009.0,EBC
2023-01-18 14:44:00,17.32,17.33,17.31,17.33,317.0,EBC
2023-01-18 14:43:00,17.32,17.32,17.32,17.32,100.0,EBC
2023-01-18 14:42:00,17.3,17.32,17.3,17.32,1899.0,EBC
2023-01-18 14:41:00,17.31,17.31,17.3,17.3,1822.0,EBC
2023-01-18 14:40:00,17.33,17.33,17.315,17.32,1354.0,EBC
2023-01-18 14:39:00,17.325,17.325,17.325,17.325,216.0,EBC
2023-01-18 14:38:00,17.32,17.32,17.32,17.32,192.0,EBC
2023-01-18 14:36:00,17.32,17.32,17.32,17.32,382.0,EBC
2023-01-18 14:35:00,17.325,17.325,17.325,17.325,248.0,EBC
2023-01-18 14:34:00,17.32,17.325,17.32,17.325,854.0,EBC
2023-01-18 14:33:00,17.33,17.33,17.33,17.33,511.0,EBC
2023-01-18 14:32:00,17.33,17.33,17.32,17.33,485.0,EBC
2023-01-18 14:31:00,17.33,17.33,17.33,17.33,102.0,EBC
2023-01-18 14:29:00,17.33,17.33,17.32,17.33,1446.0,EBC
2023-01-18 14:25:00,17.315,17.315,17.315,17.315,130.0,EBC
2023-01-18 14:24:00,17.31,17.32,17.31,17.32,1006.0,EBC
2023-01-18 14:21:00,17.3,17.31,17.3,17.31,427.0,EBC
2023-01-18 14:20:00,17.31,17.31,17.3,17.3,1590.0,EBC
2023-01-18 14:19:00,17.3,17.31,17.3,17.31,1735.0,EBC
2023-01-18 14:18:00,17.31,17.32,17.3,17.31,2543.0,EBC
2023-01-18 14:17:00,17.32,17.32,17.32,17.32,221.0,EBC
2023-01-18 14:16:00,17.31,17.32,17.31,17.32,349.0,EBC
2023-01-18 14:15:00,17.305,17.315,17.305,17.31,1998.0,EBC
2023-01-18 14:14:00,17.3,17.305,17.3,17.305,1761.0,EBC
2023-01-18 14:13:00,17.31,17.31,17.31,17.31,272.0,EBC
2023-01-18 14:11:00,17.315,17.32,17.31,17.31,859.0,EBC
2023-01-18 14:10:00,17.31,17.31,17.31,17.31,276.0,EBC
2023-01-18 14:09:00,17.31,17.31,17.295,17.3,1912.0,EBC
2023-01-18 14:07:00,17.28,17.3,17.28,17.3,2181.0,EBC
2023-01-18 14:06:00,17.295,17.295,17.28,17.28,458.0,EBC
2023-01-18 14:05:00,17.29,17.29,17.29,17.29,219.0,EBC
2023-01-18 14:04:00,17.295,17.3,17.295,17.295,310.0,EBC
2023-01-18 14:03:00,17.29,17.29,17.28,17.28,828.0,EBC
2023-01-18 14:02:00,17.27,17.28,17.27,17.28,223.0,EBC
2023-01-18 14:01:00,17.28,17.29,17.27,17.28,4335.0,EBC
2023-01-18 14:00:00,17.25,17.29,17.25,17.29,3389.0,EBC
2023-01-18 13:59:00,17.28,17.28,17.27,17.27,939.0,EBC
2023-01-18 13:58:00,17.3,17.319,17.3,17.319,482.0,EBC
2023-01-18 13:57:00,17.32,17.32,17.32,17.32,1041.0,EBC
2023-01-18 13:56:00,17.34,17.34,17.33,17.33,340.0,EBC
2023-01-18 13:55:00,17.34,17.36,17.32,17.355,2612.0,EBC
2023-01-18 13:54:00,17.34,17.34,17.32,17.32,1652.0,EBC
2023-01-18 13:53:00,17.35,17.35,17.35,17.35,727.0,EBC
2023-01-18 13:52:00,17.36,17.36,17.36,17.36,714.0,EBC
2023-01-18 13:51:00,17.37,17.38,17.365,17.37,651.0,EBC
2023-01-18 13:50:00,17.38,17.38,17.37,17.37,999.0,EBC
2023-01-18 13:49:00,17.38,17.38,17.38,17.38,500.0,EBC
2023-01-18 13:48:00,17.36,17.38,17.36,17.365,847.0,EBC
2023-01-18 13:47:00,17.375,17.39,17.375,17.39,400.0,EBC
2023-01-18 13:46:00,17.37,17.375,17.36,17.375,676.0,EBC
2023-01-18 13:45:00,17.38,17.38,17.36,17.37,1047.0,EBC
2023-01-18 13:44:00,17.36,17.37,17.36,17.37,965.0,EBC
2023-01-18 13:43:00,17.35,17.36,17.34,17.34,1616.0,EBC
2023-01-18 13:42:00,17.38,17.38,17.38,17.38,788.0,EBC
2023-01-18 13:41:00,17.36,17.38,17.36,17.38,437.0,EBC
2023-01-18 13:40:00,17.34,17.35,17.34,17.35,1265.0,EBC
2023-01-18 13:39:00,17.36,17.36,17.34,17.36,1584.0,EBC
2023-01-18 13:38:00,17.37,17.37,17.34,17.355,956.0,EBC
2023-01-18 13:37:00,17.35,17.37,17.35,17.37,1019.0,EBC
2023-01-18 13:36:00,17.35,17.35,17.33,17.35,744.0,EBC
2023-01-18 13:35:00,17.35,17.36,17.34,17.36,1762.0,EBC
2023-01-18 13:34:00,17.38,17.38,17.35,17.35,1174.0,EBC
2023-01-18 13:33:00,17.38,17.38,17.355,17.38,1005.0,EBC
2023-01-18 13:32:00,17.38,17.38,17.32,17.37,1823.0,EBC
2023-01-18 13:31:00,17.345,17.38,17.345,17.38,773.0,EBC
2023-01-18 13:30:00,17.34,17.36,17.34,17.36,1065.0,EBC
2023-01-18 13:29:00,17.3,17.34,17.3,17.34,1360.0,EBC
2023-01-18 13:28:00,17.26,17.29,17.26,17.29,1913.0,EBC
2023-01-18 13:27:00,17.27,17.27,17.27,17.27,921.0,EBC
2023-01-18 13:23:00,17.27,17.27,17.27,17.27,368.0,EBC
2023-01-18 13:22:00,17.255,17.255,17.255,17.255,287.0,EBC
2023-01-18 13:21:00,17.235,17.26,17.235,17.26,1580.0,EBC
2023-01-18 13:19:00,17.24,17.24,17.24,17.24,100.0,EBC
2023-01-18 13:18:00,17.24,17.24,17.24,17.24,100.0,EBC
2023-01-18 13:17:00,17.24,17.26,17.24,17.26,408.0,EBC
2023-01-18 13:16:00,17.23,17.23,17.23,17.23,100.0,EBC
2023-01-18 13:15:00,17.23,17.24,17.23,17.24,696.0,EBC
2023-01-18 13:12:00,17.245,17.28,17.24,17.24,1523.0,EBC
2023-01-18 13:11:00,17.26,17.26,17.24,17.24,2250.0,EBC
2023-01-18 13:08:00,17.28,17.29,17.275,17.29,591.0,EBC
2023-01-18 13:07:00,17.26,17.27,17.26,17.265,2170.0,EBC
2023-01-18 13:06:00,17.27,17.28,17.27,17.28,671.0,EBC
2023-01-18 13:05:00,17.273,17.273,17.25,17.26,1562.0,EBC
2023-01-18 13:04:00,17.28,17.28,17.265,17.265,200.0,EBC
2023-01-18 13:03:00,17.27,17.28,17.26,17.27,2324.0,EBC
2023-01-18 13:01:00,17.27,17.28,17.27,17.28,382.0,EBC
2023-01-18 12:59:00,17.26,17.27,17.25,17.27,682.0,EBC
2023-01-18 12:58:00,17.27,17.27,17.27,17.27,506.0,EBC
2023-01-18 12:57:00,17.28,17.29,17.26,17.275,798.0,EBC
2023-01-18 12:56:00,17.27,17.27,17.27,17.27,211.0,EBC
2023-01-18 12:55:00,17.28,17.28,17.28,17.28,397.0,EBC
2023-01-18 12:54:00,17.29,17.3,17.28,17.28,913.0,EBC
2023-01-18 12:53:00,17.28,17.29,17.28,17.29,1108.0,EBC
2023-01-18 12:52:00,17.3,17.3,17.29,17.29,350.0,EBC
2023-01-18 12:51:00,17.31,17.31,17.31,17.31,433.0,EBC
2023-01-18 12:48:00,17.29,17.31,17.29,17.31,2524.0,EBC
2023-01-18 12:46:00,17.295,17.295,17.295,17.295,193.0,EBC
2023-01-18 12:42:00,17.3,17.3,17.3,17.3,111.0,EBC
2023-01-18 12:41:00,17.3,17.31,17.29,17.31,703.0,EBC
2023-01-18 12:40:00,17.3,17.3,17.3,17.3,180.0,EBC
2023-01-18 12:39:00,17.295,17.33,17.295,17.33,1138.0,EBC
2023-01-18 12:35:00,17.3,17.3,17.3,17.3,294.0,EBC
2023-01-18 12:34:00,17.3,17.3,17.28,17.3,987.0,EBC
2023-01-18 12:33:00,17.29,17.29,17.28,17.28,584.0,EBC
2023-01-18 12:32:00,17.32,17.32,17.29,17.295,1997.0,EBC
2023-01-18 12:29:00,17.32,17.32,17.32,17.32,205.0,EBC
2023-01-18 12:28:00,17.33,17.33,17.33,17.33,673.0,EBC
2023-01-18 12:27:00,17.34,17.35,17.33,17.33,580.0,EBC
2023-01-18 12:26:00,17.35,17.36,17.34,17.355,981.0,EBC
2023-01-18 12:25:00,17.35,17.375,17.35,17.36,1872.0,EBC
2023-01-18 12:22:00,17.335,17.335,17.335,17.335,278.0,EBC
2023-01-18 12:19:00,17.33,17.35,17.33,17.35,748.0,EBC
2023-01-18 12:18:00,17.36,17.36,17.36,17.36,476.0,EBC
2023-01-18 12:17:00,17.35,17.35,17.33,17.345,1010.0,EBC
2023-01-18 12:16:00,17.36,17.36,17.36,17.36,340.0,EBC
2023-01-18 12:15:00,17.34,17.35,17.34,17.34,949.0,EBC
2023-01-18 12:13:00,17.33,17.33,17.32,17.325,464.0,EBC
2023-01-18 12:11:00,17.31,17.31,17.31,17.31,121.0,EBC
2023-01-18 12:10:00,17.32,17.32,17.32,17.32,317.0,EBC
2023-01-18 12:09:00,17.33,17.33,17.33,17.33,578.0,EBC
2023-01-18 12:06:00,17.31,17.31,17.31,17.31,492.0,EBC
2023-01-18 12:05:00,17.32,17.325,17.31,17.31,3761.0,EBC
2023-01-18 12:04:00,17.315,17.315,17.315,17.315,107.0,EBC
2023-01-18 12:03:00,17.315,17.32,17.315,17.32,842.0,EBC
2023-01-18 12:01:00,17.31,17.31,17.31,17.31,657.0,EBC
2023-01-18 11:58:00,17.31,17.31,17.31,17.31,100.0,EBC
2023-01-18 11:57:00,17.29,17.29,17.29,17.29,178.0,EBC
2023-01-18 11:56:00,17.31,17.31,17.3,17.3,633.0,EBC
2023-01-18 11:55:00,17.3,17.32,17.3,17.32,3130.0,EBC
2023-01-18 11:54:00,17.29,17.29,17.29,17.29,314.0,EBC
2023-01-18 11:53:00,17.3,17.3,17.3,17.3,260.0,EBC
2023-01-18 11:52:00,17.31,17.31,17.28,17.295,3807.0,EBC
2023-01-18 11:51:00,17.325,17.325,17.31,17.31,559.0,EBC
2023-01-18 11:50:00,17.325,17.325,17.325,17.325,512.0,EBC
2023-01-18 11:49:00,17.31,17.33,17.31,17.33,1074.0,EBC
2023-01-18 11:48:00,17.285,17.295,17.28,17.29,2561.0,EBC
2023-01-18 11:47:00,17.3,17.3,17.29,17.295,1019.0,EBC
2023-01-18 11:46:00,17.27,17.3,17.27,17.3,4956.0,EBC
2023-01-18 11:45:00,17.26,17.27,17.25,17.25,1698.0,EBC
2023-01-18 11:44:00,17.315,17.315,17.25,17.25,3653.0,EBC
2023-01-18 11:41:00,17.3,17.3,17.3,17.3,117.0,EBC
2023-01-18 11:40:00,17.32,17.32,17.3,17.3,449.0,EBC
2023-01-18 11:39:00,17.3511,17.3511,17.33,17.33,1093.0,EBC
2023-01-18 11:38:00,17.3613,17.3613,17.34,17.36,1412.0,EBC
2023-01-18 11:37:00,17.36,17.36,17.35,17.35,437.0,EBC
2023-01-18 11:35:00,17.37,17.37,17.37,17.37,110.0,EBC
2023-01-18 11:34:00,17.39,17.39,17.37,17.37,552.0,EBC
2023-01-18 11:32:00,17.4,17.4,17.39,17.39,535.0,EBC
2023-01-18 11:29:00,17.41,17.41,17.4,17.4,266.0,EBC
2023-01-18 11:28:00,17.41,17.41,17.41,17.41,265.0,EBC
2023-01-18 11:27:00,17.42,17.42,17.42,17.42,142.0,EBC
2023-01-18 11:24:00,17.4,17.41,17.38,17.38,1077.0,EBC
2023-01-18 11:23:00,17.38,17.39,17.38,17.39,828.0,EBC
2023-01-18 11:22:00,17.38,17.38,17.38,17.38,262.0,EBC
2023-01-18 11:21:00,17.4,17.41,17.4,17.41,344.0,EBC
2023-01-18 11:20:00,17.38,17.4,17.38,17.4,992.0,EBC
2023-01-18 11:19:00,17.395,17.395,17.395,17.395,255.0,EBC
2023-01-18 11:16:00,17.41,17.41,17.38,17.38,1466.0,EBC
2023-01-18 11:15:00,17.43,17.43,17.43,17.43,606.0,EBC
2023-01-18 11:14:00,17.44,17.44,17.43,17.43,1893.0,EBC
2023-01-18 11:13:00,17.43,17.43,17.43,17.43,304.0,EBC
2023-01-18 11:11:00,17.45,17.45,17.44,17.44,290.0,EBC
2023-01-18 11:09:00,17.45,17.46,17.45,17.46,415.0,EBC
2023-01-18 11:08:00,17.43,17.45,17.43,17.45,602.0,EBC
2023-01-18 11:07:00,17.48,17.48,17.48,17.48,1067.0,EBC
2023-01-18 11:06:00,17.505,17.505,17.49,17.49,1670.0,EBC
2023-01-18 11:05:00,17.525,17.525,17.5,17.505,1658.0,EBC
2023-01-18 11:04:00,17.53,17.53,17.53,17.53,124.0,EBC
2023-01-18 11:02:00,17.505,17.505,17.505,17.505,110.0,EBC
2023-01-18 11:01:00,17.51,17.51,17.49,17.49,1292.0,EBC
2023-01-18 10:59:00,17.48,17.49,17.48,17.49,1175.0,EBC
2023-01-18 10:58:00,17.46,17.46,17.46,17.46,203.0,EBC
2023-01-18 10:57:00,17.44,17.45,17.44,17.45,572.0,EBC
2023-01-18 10:56:00,17.45,17.45,17.442,17.45,83174.0,EBC
2023-01-18 10:55:00,17.45,17.45,17.45,17.45,180.0,EBC
2023-01-18 10:54:00,17.469,17.47,17.465,17.465,988.0,EBC
2023-01-18 10:52:00,17.44,17.48,17.44,17.48,2968.0,EBC
2023-01-18 10:47:00,17.45,17.45,17.435,17.435,75317.0,EBC
2023-01-18 10:46:00,17.43,17.45,17.41,17.45,351.0,EBC
2023-01-18 10:45:00,17.44,17.44,17.44,17.44,335.0,EBC
2023-01-18 10:44:00,17.43,17.43,17.43,17.43,744.0,EBC
2023-01-18 10:42:00,17.45,17.45,17.45,17.45,104.0,EBC
2023-01-18 10:41:00,17.46,17.47,17.46,17.47,1208.0,EBC
2023-01-18 10:39:00,17.47,17.475,17.465,17.475,580.0,EBC
2023-01-18 10:38:00,17.5,17.5,17.48,17.485,5578.0,EBC
2023-01-18 10:35:00,17.49,17.49,17.49,17.49,355.0,EBC
2023-01-18 10:32:00,17.52,17.52,17.52,17.52,257.0,EBC
2023-01-18 10:31:00,17.54,17.54,17.54,17.54,199.0,EBC
2023-01-18 10:30:00,17.53,17.53,17.53,17.53,100.0,EBC
2023-01-18 10:29:00,17.55,17.55,17.55,17.55,348.0,EBC
2023-01-18 10:28:00,17.52,17.53,17.52,17.53,1016.0,EBC
2023-01-18 10:27:00,17.55,17.55,17.53,17.53,927.0,EBC
2023-01-18 10:23:00,17.58,17.58,17.56,17.58,1735.0,EBC
2023-01-18 10:22:00,17.58,17.6,17.58,17.6,1496.0,EBC
2023-01-18 10:21:00,17.55,17.569,17.55,17.565,889.0,EBC
2023-01-18 10:19:00,17.54,17.54,17.54,17.54,529.0,EBC
2023-01-18 10:17:00,17.54,17.54,17.54,17.54,163.0,EBC
2023-01-18 10:16:00,17.55,17.56,17.54,17.54,933.0,EBC
2023-01-18 10:13:00,17.54,17.54,17.54,17.54,167.0,EBC
2023-01-18 10:11:00,17.53,17.53,17.53,17.53,479.0,EBC
2023-01-18 10:10:00,17.58,17.58,17.55,17.55,973.0,EBC
2023-01-18 10:09:00,17.565,17.58,17.565,17.58,1228.0,EBC
2023-01-18 10:07:00,17.575,17.575,17.575,17.575,100.0,EBC
2023-01-18 10:06:00,17.59,17.6,17.585,17.6,1356.0,EBC
2023-01-18 10:05:00,17.57,17.57,17.5548,17.57,458.0,EBC
2023-01-18 10:04:00,17.57,17.57,17.55,17.55,751.0,EBC
2023-01-18 10:03:00,17.6,17.6,17.59,17.59,334.0,EBC
2023-01-18 10:02:00,17.63,17.63,17.6,17.6,1280.0,EBC
2023-01-18 10:01:00,17.555,17.57,17.555,17.57,456.0,EBC
2023-01-18 10:00:00,17.55,17.55,17.54,17.54,580.0,EBC
2023-01-18 09:59:00,17.5576,17.5576,17.5576,17.5576,150.0,EBC
2023-01-18 09:58:00,17.53,17.54,17.53,17.54,674.0,EBC
2023-01-18 09:57:00,17.5007,17.52,17.5,17.52,1208.0,EBC
2023-01-18 09:55:00,17.53,17.53,17.5,17.5,411.0,EBC
2023-01-18 09:54:00,17.51,17.51,17.51,17.51,100.0,EBC
2023-01-18 09:52:00,17.51,17.51,17.51,17.51,233.0,EBC
2023-01-18 09:50:00,17.45,17.45,17.44,17.44,252.0,EBC
2023-01-18 09:49:00,17.45,17.46,17.44,17.46,624.0,EBC
2023-01-18 09:48:00,17.44,17.44,17.44,17.44,278.0,EBC
2023-01-18 09:47:00,17.461,17.461,17.43,17.43,3012.0,EBC
2023-01-18 09:45:00,17.49,17.49,17.48,17.48,938.0,EBC
2023-01-18 09:43:00,17.485,17.485,17.485,17.485,250.0,EBC
2023-01-18 09:42:00,17.44,17.465,17.44,17.465,574.0,EBC
2023-01-18 09:41:00,17.44,17.46,17.42,17.42,4007.0,EBC
2023-01-18 09:40:00,17.47,17.47,17.45,17.45,1445.0,EBC
2023-01-18 09:39:00,17.42,17.46,17.42,17.46,2706.0,EBC
2023-01-18 09:37:00,17.48,17.48,17.44,17.44,462.0,EBC
2023-01-18 09:36:00,17.435,17.435,17.435,17.435,132.0,EBC
2023-01-18 09:34:00,17.46,17.49,17.46,17.49,768.0,EBC
2023-01-18 09:33:00,17.41,17.45,17.41,17.45,462.0,EBC
2023-01-18 09:31:00,17.6,17.73,17.5,17.64,1862.0,EBC
