date,1. open,2. high,3. low,4. close,5. volume,Ticker
2023-05-10 16:48:00,2.24,2.24,2.24,2.24,128.0,FARM
2023-05-10 16:45:00,2.24,2.24,2.24,2.24,160.0,FARM
2023-05-10 16:35:00,2.3,2.3,2.3,2.3,830.0,FARM
2023-05-10 16:09:00,2.34,2.34,2.34,2.34,500.0,FARM
2023-05-10 16:00:00,2.235,2.235,2.23,2.23,1210.0,FARM
2023-05-10 15:59:00,2.255,2.2597,2.22,2.22,5197.0,FARM
2023-05-10 15:58:00,2.27,2.27,2.25,2.26,2042.0,FARM
2023-05-10 15:57:00,2.225,2.2688,2.225,2.25,10953.0,FARM
2023-05-10 15:55:00,2.225,2.229,2.225,2.229,430.0,FARM
2023-05-10 15:54:00,2.24,2.24,2.23,2.23,2033.0,FARM
2023-05-10 15:53:00,2.24,2.2499,2.24,2.24,678.0,FARM
2023-05-10 15:52:00,2.24,2.25,2.2332,2.25,6297.0,FARM
2023-05-10 15:51:00,2.25,2.25,2.2498,2.2498,1815.0,FARM
2023-05-10 15:48:00,2.24,2.24,2.24,2.24,501.0,FARM
2023-05-10 15:46:00,2.26,2.26,2.2484,2.2484,3428.0,FARM
2023-05-10 15:45:00,2.255,2.2599,2.25,2.25,5726.0,FARM
2023-05-10 15:44:00,2.2591,2.2591,2.255,2.255,275.0,FARM
2023-05-10 15:42:00,2.2599,2.2599,2.2599,2.2599,351.0,FARM
2023-05-10 15:40:00,2.25,2.25,2.25,2.25,582.0,FARM
2023-05-10 15:38:00,2.255,2.2599,2.255,2.2599,236.0,FARM
2023-05-10 15:37:00,2.255,2.2599,2.25,2.25,1727.0,FARM
2023-05-10 15:36:00,2.2599,2.2599,2.25,2.255,3584.0,FARM
2023-05-10 15:35:00,2.255,2.2599,2.25,2.25,1300.0,FARM
2023-05-10 15:34:00,2.2599,2.2599,2.2599,2.2599,128.0,FARM
2023-05-10 15:32:00,2.255,2.255,2.25,2.25,1729.0,FARM
2023-05-10 15:31:00,2.2599,2.2599,2.25,2.2599,3439.0,FARM
2023-05-10 15:29:00,2.2501,2.2501,2.2501,2.2501,2160.0,FARM
2023-05-10 15:28:00,2.25,2.25,2.25,2.25,100.0,FARM
2023-05-10 15:26:00,2.26,2.26,2.26,2.26,100.0,FARM
2023-05-10 15:25:00,2.26,2.26,2.25,2.25,5400.0,FARM
2023-05-10 15:24:00,2.2516,2.2516,2.25,2.25,2300.0,FARM
2023-05-10 15:23:00,2.26,2.26,2.255,2.26,2195.0,FARM
2023-05-10 15:22:00,2.26,2.26,2.25,2.25,3234.0,FARM
2023-05-10 15:21:00,2.25,2.255,2.25,2.255,4010.0,FARM
2023-05-10 15:20:00,2.25,2.25,2.25,2.25,300.0,FARM
2023-05-10 15:19:00,2.2587,2.2587,2.2587,2.2587,140.0,FARM
2023-05-10 15:15:00,2.265,2.265,2.26,2.2601,2002.0,FARM
2023-05-10 15:12:00,2.27,2.27,2.27,2.27,314.0,FARM
2023-05-10 15:11:00,2.28,2.28,2.27,2.27,313.0,FARM
2023-05-10 15:09:00,2.2763,2.2763,2.2763,2.2763,200.0,FARM
2023-05-10 15:04:00,2.305,2.305,2.3,2.3,1315.0,FARM
2023-05-10 15:02:00,2.3,2.3,2.3,2.3,220.0,FARM
2023-05-10 14:59:00,2.305,2.305,2.305,2.305,105.0,FARM
2023-05-10 14:56:00,2.305,2.305,2.305,2.305,120.0,FARM
2023-05-10 14:54:00,2.305,2.305,2.305,2.305,105.0,FARM
2023-05-10 14:51:00,2.3,2.305,2.3,2.305,300.0,FARM
2023-05-10 14:48:00,2.305,2.305,2.3,2.3,932.0,FARM
2023-05-10 14:47:00,2.305,2.305,2.305,2.305,300.0,FARM
2023-05-10 14:45:00,2.31,2.31,2.305,2.305,300.0,FARM
2023-05-10 14:44:00,2.31,2.31,2.31,2.31,100.0,FARM
2023-05-10 14:40:00,2.315,2.315,2.31,2.31,1956.0,FARM
2023-05-10 14:37:00,2.315,2.315,2.315,2.315,100.0,FARM
2023-05-10 14:36:00,2.315,2.315,2.315,2.315,100.0,FARM
2023-05-10 14:35:00,2.31,2.31,2.31,2.31,400.0,FARM
2023-05-10 14:32:00,2.315,2.315,2.31,2.31,700.0,FARM
2023-05-10 14:31:00,2.315,2.3193,2.315,2.315,400.0,FARM
2023-05-10 14:30:00,2.31,2.32,2.31,2.315,2740.0,FARM
2023-05-10 14:28:00,2.35,2.35,2.35,2.35,100.0,FARM
2023-05-10 14:25:00,2.35,2.35,2.35,2.35,100.0,FARM
2023-05-10 14:22:00,2.35,2.35,2.35,2.35,100.0,FARM
2023-05-10 14:19:00,2.3101,2.3101,2.3101,2.3101,14820.0,FARM
2023-05-10 14:18:00,2.32,2.32,2.32,2.32,320.0,FARM
2023-05-10 14:15:00,2.34,2.34,2.34,2.34,300.0,FARM
2023-05-10 14:11:00,2.32,2.32,2.32,2.32,184.0,FARM
2023-05-10 14:10:00,2.3399,2.3399,2.3399,2.3399,155.0,FARM
2023-05-10 14:02:00,2.35,2.35,2.35,2.35,543.0,FARM
2023-05-10 13:59:00,2.35,2.364,2.35,2.35,2752.0,FARM
2023-05-10 13:58:00,2.36,2.36,2.36,2.36,350.0,FARM
2023-05-10 13:55:00,2.36,2.36,2.36,2.36,350.0,FARM
2023-05-10 13:50:00,2.35,2.35,2.35,2.35,100.0,FARM
2023-05-10 13:45:00,2.3501,2.3501,2.35,2.35,540.0,FARM
2023-05-10 13:44:00,2.35,2.365,2.35,2.365,1254.0,FARM
2023-05-10 13:43:00,2.36,2.36,2.3501,2.3501,360.0,FARM
2023-05-10 13:42:00,2.375,2.375,2.37,2.37,3674.0,FARM
2023-05-10 13:39:00,2.375,2.375,2.375,2.375,1000.0,FARM
2023-05-10 13:38:00,2.375,2.3799,2.375,2.3799,1100.0,FARM
2023-05-10 13:37:00,2.375,2.375,2.375,2.375,100.0,FARM
2023-05-10 13:36:00,2.375,2.375,2.375,2.375,250.0,FARM
2023-05-10 13:35:00,2.375,2.375,2.375,2.375,101.0,FARM
2023-05-10 13:34:00,2.375,2.375,2.375,2.375,100.0,FARM
2023-05-10 13:30:00,2.375,2.375,2.375,2.375,100.0,FARM
2023-05-10 13:27:00,2.375,2.375,2.375,2.375,105.0,FARM
2023-05-10 13:23:00,2.375,2.375,2.37,2.375,5100.0,FARM
2023-05-10 13:22:00,2.375,2.375,2.375,2.375,400.0,FARM
2023-05-10 13:20:00,2.375,2.375,2.375,2.375,100.0,FARM
2023-05-10 13:19:00,2.3701,2.375,2.3701,2.375,2200.0,FARM
2023-05-10 13:17:00,2.375,2.375,2.375,2.375,100.0,FARM
2023-05-10 13:13:00,2.375,2.375,2.375,2.375,100.0,FARM
2023-05-10 13:09:00,2.37,2.375,2.37,2.375,5000.0,FARM
2023-05-10 13:00:00,2.39,2.39,2.38,2.38,1725.0,FARM
2023-05-10 12:56:00,2.39,2.39,2.39,2.39,100.0,FARM
2023-05-10 12:53:00,2.4,2.4,2.4,2.4,200.0,FARM
2023-05-10 12:52:00,2.38,2.38,2.38,2.38,300.0,FARM
2023-05-10 12:46:00,2.385,2.385,2.385,2.385,100.0,FARM
2023-05-10 12:43:00,2.385,2.385,2.385,2.385,100.0,FARM
2023-05-10 12:42:00,2.39,2.39,2.38,2.38,503.0,FARM
2023-05-10 12:39:00,2.385,2.385,2.385,2.385,102.0,FARM
2023-05-10 12:36:00,2.385,2.385,2.385,2.385,100.0,FARM
2023-05-10 12:33:00,2.385,2.385,2.385,2.385,100.0,FARM
2023-05-10 12:30:00,2.385,2.385,2.385,2.385,100.0,FARM
2023-05-10 12:29:00,2.385,2.39,2.385,2.39,600.0,FARM
2023-05-10 12:28:00,2.38,2.39,2.38,2.39,300.0,FARM
2023-05-10 12:27:00,2.38,2.38,2.38,2.38,105.0,FARM
2023-05-10 12:26:00,2.38,2.38,2.38,2.38,105.0,FARM
2023-05-10 12:25:00,2.38,2.38,2.38,2.38,100.0,FARM
2023-05-10 12:24:00,2.3899,2.3899,2.3899,2.3899,2000.0,FARM
2023-05-10 12:23:00,2.38,2.38,2.38,2.38,200.0,FARM
2023-05-10 12:20:00,2.38,2.38,2.38,2.38,100.0,FARM
2023-05-10 12:17:00,2.38,2.38,2.38,2.38,200.0,FARM
2023-05-10 12:15:00,2.39,2.39,2.39,2.39,841.0,FARM
2023-05-10 12:13:00,2.38,2.38,2.38,2.38,100.0,FARM
2023-05-10 12:12:00,2.37,2.37,2.37,2.37,498.0,FARM
2023-05-10 12:10:00,2.38,2.38,2.38,2.38,100.0,FARM
2023-05-10 12:09:00,2.3894,2.3894,2.38,2.38,622.0,FARM
2023-05-10 11:56:00,2.37,2.37,2.37,2.37,100.0,FARM
2023-05-10 11:53:00,2.38,2.38,2.38,2.38,100.0,FARM
2023-05-10 11:52:00,2.38,2.38,2.38,2.38,101.0,FARM
2023-05-10 11:50:00,2.38,2.38,2.38,2.38,100.0,FARM
2023-05-10 11:47:00,2.38,2.38,2.38,2.38,136.0,FARM
2023-05-10 11:43:00,2.385,2.3946,2.385,2.3946,204.0,FARM
2023-05-10 11:39:00,2.37,2.37,2.37,2.37,275.0,FARM
2023-05-10 11:37:00,2.375,2.3995,2.35,2.35,3400.0,FARM
2023-05-10 11:34:00,2.39,2.4,2.36,2.36,1210.0,FARM
2023-05-10 11:33:00,2.39,2.39,2.39,2.39,100.0,FARM
2023-05-10 11:32:00,2.38,2.38,2.37,2.37,500.0,FARM
2023-05-10 11:30:00,2.385,2.385,2.385,2.385,200.0,FARM
2023-05-10 11:28:00,2.4,2.4,2.4,2.4,291.0,FARM
2023-05-10 11:27:00,2.4,2.4,2.4,2.4,130.0,FARM
2023-05-10 11:24:00,2.375,2.38,2.375,2.38,1500.0,FARM
2023-05-10 11:21:00,2.38,2.38,2.38,2.38,100.0,FARM
2023-05-10 11:18:00,2.38,2.38,2.38,2.38,100.0,FARM
2023-05-10 11:16:00,2.38,2.38,2.38,2.38,100.0,FARM
2023-05-10 11:10:00,2.3986,2.3986,2.3986,2.3986,1000.0,FARM
2023-05-10 11:08:00,2.3811,2.3811,2.38,2.38,4277.0,FARM
2023-05-10 11:06:00,2.38,2.38,2.38,2.38,124.0,FARM
2023-05-10 11:05:00,2.4,2.4,2.4,2.4,200.0,FARM
2023-05-10 11:03:00,2.4,2.4,2.4,2.4,200.0,FARM
2023-05-10 11:00:00,2.39,2.4,2.39,2.4,200.0,FARM
2023-05-10 10:59:00,2.39,2.39,2.39,2.39,258.0,FARM
2023-05-10 10:58:00,2.4,2.4,2.395,2.4,1840.0,FARM
2023-05-10 10:57:00,2.4,2.4,2.4,2.4,1000.0,FARM
2023-05-10 10:56:00,2.39,2.39,2.39,2.39,1531.0,FARM
2023-05-10 10:53:00,2.425,2.425,2.4,2.4,3250.0,FARM
2023-05-10 10:52:00,2.425,2.425,2.425,2.425,112.0,FARM
2023-05-10 10:50:00,2.4129,2.4129,2.4129,2.4129,500.0,FARM
2023-05-10 10:49:00,2.425,2.425,2.425,2.425,100.0,FARM
2023-05-10 10:48:00,2.425,2.425,2.425,2.425,300.0,FARM
2023-05-10 10:45:00,2.425,2.425,2.425,2.425,100.0,FARM
2023-05-10 10:43:00,2.425,2.425,2.425,2.425,100.0,FARM
2023-05-10 10:41:00,2.43,2.43,2.43,2.43,100.0,FARM
2023-05-10 10:38:00,2.41,2.43,2.41,2.43,200.0,FARM
2023-05-10 10:37:00,2.43,2.43,2.41,2.41,635.0,FARM
2023-05-10 10:34:00,2.41,2.41,2.41,2.41,100.0,FARM
2023-05-10 10:30:00,2.43,2.43,2.43,2.43,700.0,FARM
2023-05-10 10:29:00,2.4326,2.4326,2.4326,2.4326,524.0,FARM
2023-05-10 10:25:00,2.405,2.405,2.4,2.4,828.0,FARM
2023-05-10 10:24:00,2.4,2.41,2.4,2.405,5902.0,FARM
2023-05-10 10:22:00,2.405,2.405,2.405,2.405,100.0,FARM
2023-05-10 10:17:00,2.405,2.405,2.405,2.405,140.0,FARM
2023-05-10 10:14:00,2.3901,2.3901,2.3901,2.3901,110.0,FARM
2023-05-10 10:13:00,2.41,2.41,2.41,2.41,200.0,FARM
2023-05-10 10:12:00,2.41,2.41,2.41,2.41,100.0,FARM
2023-05-10 10:11:00,2.47,2.47,2.4,2.4,2897.0,FARM
2023-05-10 10:09:00,2.47,2.47,2.47,2.47,100.0,FARM
2023-05-10 10:07:00,2.47,2.47,2.47,2.47,138.0,FARM
2023-05-10 10:06:00,2.47,2.47,2.47,2.47,100.0,FARM
2023-05-10 10:04:00,2.45,2.47,2.435,2.47,500.0,FARM
2023-05-10 10:03:00,2.46,2.46,2.44,2.46,2438.0,FARM
2023-05-10 10:01:00,2.44,2.45,2.43,2.44,2249.0,FARM
2023-05-10 10:00:00,2.4205,2.4497,2.4205,2.44,3347.0,FARM
2023-05-10 09:58:00,2.435,2.44,2.435,2.44,300.0,FARM
2023-05-10 09:57:00,2.435,2.435,2.435,2.435,205.0,FARM
2023-05-10 09:53:00,2.4275,2.4275,2.4275,2.4275,250.0,FARM
2023-05-10 09:49:00,2.4448,2.4448,2.4448,2.4448,333.0,FARM
2023-05-10 09:47:00,2.46,2.46,2.45,2.45,680.0,FARM
2023-05-10 09:45:00,2.46,2.46,2.46,2.46,826.0,FARM
2023-05-10 09:41:00,2.48,2.4932,2.48,2.48,326.0,FARM
2023-05-10 09:40:00,2.48,2.4827,2.48,2.482,626.0,FARM
2023-05-10 09:39:00,2.5,2.5,2.5,2.5,201.0,FARM
2023-05-10 09:37:00,2.5,2.5297,2.5,2.5,842.0,FARM
2023-05-10 09:32:00,2.53,2.5301,2.5,2.5,7762.0,FARM
2023-05-10 09:31:00,2.57,2.57,2.5102,2.5102,3806.0,FARM
2023-05-10 08:01:00,2.6,2.6,2.6,2.6,2000.0,FARM
2023-05-10 07:31:00,2.6,2.6,2.6,2.6,4039.0,FARM
2023-05-09 17:22:00,2.77,2.77,2.77,2.77,198.0,FARM
2023-05-09 15:59:00,2.65,2.65,2.65,2.65,100.0,FARM
2023-05-09 15:57:00,2.65,2.65,2.65,2.65,200.0,FARM
2023-05-09 15:56:00,2.64,2.64,2.64,2.64,215.0,FARM
2023-05-09 15:55:00,2.65,2.65,2.65,2.65,202.0,FARM
2023-05-09 15:52:00,2.64,2.64,2.64,2.64,965.0,FARM
2023-05-09 15:51:00,2.64,2.64,2.64,2.64,1786.0,FARM
2023-05-09 15:46:00,2.65,2.66,2.65,2.65,1000.0,FARM
2023-05-09 15:45:00,2.65,2.65,2.65,2.65,1810.0,FARM
2023-05-09 15:40:00,2.6431,2.6431,2.6431,2.6431,609.0,FARM
2023-05-09 15:38:00,2.64,2.64,2.64,2.64,231.0,FARM
2023-05-09 15:37:00,2.65,2.65,2.65,2.65,228.0,FARM
2023-05-09 15:23:00,2.65,2.65,2.65,2.65,104.0,FARM
2023-05-09 15:22:00,2.65,2.65,2.65,2.65,403.0,FARM
2023-05-09 15:21:00,2.65,2.65,2.65,2.65,3000.0,FARM
2023-05-09 15:18:00,2.645,2.65,2.645,2.65,3250.0,FARM
2023-05-09 15:01:00,2.62,2.62,2.62,2.62,100.0,FARM
2023-05-09 14:47:00,2.6,2.6,2.6,2.6,279.0,FARM
2023-05-09 14:45:00,2.61,2.61,2.61,2.61,200.0,FARM
2023-05-09 14:43:00,2.6577,2.6577,2.6577,2.6577,1001.0,FARM
2023-05-09 14:40:00,2.63,2.63,2.62,2.62,200.0,FARM
2023-05-09 14:23:00,2.64,2.64,2.64,2.64,200.0,FARM
2023-05-09 14:18:00,2.64,2.64,2.64,2.64,200.0,FARM
2023-05-09 14:01:00,2.64,2.66,2.64,2.66,400.0,FARM
2023-05-09 13:55:00,2.6401,2.6401,2.6401,2.6401,100.0,FARM
2023-05-09 13:54:00,2.64,2.64,2.64,2.64,200.0,FARM
2023-05-09 13:50:00,2.66,2.66,2.66,2.66,301.0,FARM
2023-05-09 13:49:00,2.655,2.655,2.655,2.655,370.0,FARM
2023-05-09 13:48:00,2.655,2.655,2.655,2.655,5000.0,FARM
2023-05-09 13:47:00,2.6468,2.6468,2.6468,2.6468,200.0,FARM
2023-05-09 13:38:00,2.62,2.62,2.62,2.62,200.0,FARM
2023-05-09 13:33:00,2.62,2.62,2.62,2.62,200.0,FARM
2023-05-09 13:20:00,2.6599,2.6599,2.6599,2.6599,123.0,FARM
2023-05-09 13:19:00,2.61,2.61,2.61,2.61,200.0,FARM
2023-05-09 13:18:00,2.6699,2.6699,2.6699,2.6699,200.0,FARM
2023-05-09 13:16:00,2.62,2.62,2.6,2.6,2000.0,FARM
2023-05-09 13:06:00,2.66,2.66,2.66,2.66,100.0,FARM
2023-05-09 13:02:00,2.62,2.62,2.62,2.62,200.0,FARM
2023-05-09 12:54:00,2.64,2.6599,2.64,2.6599,400.0,FARM
2023-05-09 12:50:00,2.6689,2.6689,2.63,2.63,401.0,FARM
2023-05-09 12:31:00,2.65,2.65,2.65,2.65,300.0,FARM
2023-05-09 12:20:00,2.6501,2.6501,2.6501,2.6501,200.0,FARM
2023-05-09 12:09:00,2.65,2.65,2.65,2.65,202.0,FARM
2023-05-09 11:48:00,2.64,2.64,2.64,2.64,317.0,FARM
2023-05-09 11:46:00,2.66,2.68,2.66,2.68,434.0,FARM
2023-05-09 11:42:00,2.6799,2.6799,2.6799,2.6799,1000.0,FARM
2023-05-09 11:37:00,2.64,2.64,2.64,2.64,200.0,FARM
2023-05-09 11:29:00,2.655,2.655,2.655,2.655,100.0,FARM
2023-05-09 11:22:00,2.62,2.6319,2.62,2.6319,626.0,FARM
2023-05-09 11:19:00,2.65,2.65,2.65,2.65,1218.0,FARM
2023-05-09 11:18:00,2.6201,2.6201,2.6201,2.6201,276.0,FARM
2023-05-09 11:11:00,2.65,2.65,2.65,2.65,202.0,FARM
2023-05-09 11:01:00,2.67,2.67,2.67,2.67,100.0,FARM
2023-05-09 11:00:00,2.65,2.65,2.65,2.65,100.0,FARM
2023-05-09 10:45:00,2.64,2.64,2.64,2.64,200.0,FARM
2023-05-09 10:40:00,2.68,2.68,2.68,2.68,201.0,FARM
2023-05-09 10:32:00,2.7237,2.7237,2.7237,2.7237,500.0,FARM
2023-05-09 10:21:00,2.69,2.6901,2.69,2.6901,402.0,FARM
2023-05-09 10:20:00,2.69,2.7,2.69,2.695,1200.0,FARM
2023-05-09 10:14:00,2.72,2.72,2.72,2.72,100.0,FARM
2023-05-09 10:12:00,2.7,2.7,2.7,2.7,102.0,FARM
2023-05-09 10:09:00,2.715,2.715,2.715,2.715,100.0,FARM
2023-05-09 09:52:00,2.7,2.7,2.68,2.68,404.0,FARM
2023-05-09 09:51:00,2.7,2.7,2.6901,2.6901,800.0,FARM
2023-05-09 09:31:00,2.74,2.74,2.74,2.74,422.0,FARM
2023-05-08 16:00:00,2.68,2.68,2.67,2.67,532.0,FARM
2023-05-08 15:59:00,2.68,2.68,2.68,2.68,122.0,FARM
2023-05-08 15:58:00,2.67,2.67,2.67,2.67,296.0,FARM
2023-05-08 15:57:00,2.68,2.68,2.68,2.68,491.0,FARM
2023-05-08 15:56:00,2.68,2.68,2.68,2.68,159.0,FARM
2023-05-08 15:55:00,2.68,2.68,2.68,2.68,281.0,FARM
2023-05-08 15:53:00,2.68,2.68,2.68,2.68,187.0,FARM
2023-05-08 15:52:00,2.68,2.68,2.68,2.68,120.0,FARM
2023-05-08 15:50:00,2.68,2.68,2.68,2.68,141.0,FARM
2023-05-08 15:49:00,2.68,2.68,2.68,2.68,400.0,FARM
2023-05-08 15:48:00,2.675,2.68,2.675,2.68,276.0,FARM
2023-05-08 15:46:00,2.66,2.66,2.66,2.66,457.0,FARM
2023-05-08 15:39:00,2.64,2.64,2.64,2.64,170.0,FARM
2023-05-08 15:37:00,2.62,2.62,2.62,2.62,263.0,FARM
2023-05-08 15:36:00,2.62,2.64,2.62,2.64,293.0,FARM
2023-05-08 15:28:00,2.67,2.67,2.65,2.65,2510.0,FARM
2023-05-08 15:22:00,2.68,2.68,2.68,2.68,100.0,FARM
2023-05-08 15:19:00,2.68,2.68,2.68,2.68,210.0,FARM
2023-05-08 15:09:00,2.68,2.68,2.68,2.68,110.0,FARM
2023-05-08 15:06:00,2.68,2.68,2.68,2.68,210.0,FARM
2023-05-08 15:05:00,2.68,2.68,2.68,2.68,271.0,FARM
2023-05-08 15:04:00,2.685,2.685,2.685,2.685,2847.0,FARM
2023-05-08 14:57:00,2.685,2.685,2.685,2.685,130.0,FARM
2023-05-08 14:49:00,2.7,2.7,2.7,2.7,906.0,FARM
2023-05-08 14:48:00,2.7,2.7,2.7,2.7,210.0,FARM
2023-05-08 14:27:00,2.71,2.71,2.71,2.71,200.0,FARM
2023-05-08 14:21:00,2.71,2.71,2.71,2.71,320.0,FARM
2023-05-08 14:15:00,2.71,2.71,2.71,2.71,1471.0,FARM
2023-05-08 13:56:00,2.725,2.725,2.725,2.725,370.0,FARM
2023-05-08 13:55:00,2.71,2.71,2.71,2.71,210.0,FARM
2023-05-08 13:21:00,2.71,2.71,2.71,2.71,210.0,FARM
2023-05-08 13:06:00,2.705,2.705,2.705,2.705,5081.0,FARM
2023-05-08 12:45:00,2.705,2.705,2.705,2.705,3070.0,FARM
2023-05-08 12:43:00,2.71,2.71,2.71,2.71,100.0,FARM
2023-05-08 12:33:00,2.7,2.7,2.7,2.7,571.0,FARM
2023-05-08 12:31:00,2.715,2.715,2.715,2.715,120.0,FARM
2023-05-08 12:20:00,2.7132,2.7132,2.7132,2.7132,571.0,FARM
2023-05-08 12:02:00,2.71,2.71,2.71,2.71,100.0,FARM
2023-05-08 11:52:00,2.7299,2.7299,2.7299,2.7299,210.0,FARM
2023-05-08 11:51:00,2.7099,2.7099,2.7099,2.7099,221.0,FARM
2023-05-08 11:47:00,2.7,2.7,2.7,2.7,1910.0,FARM
2023-05-08 11:18:00,2.6801,2.6801,2.6801,2.6801,116.0,FARM
2023-05-08 11:15:00,2.67,2.67,2.67,2.67,1539.0,FARM
2023-05-08 11:02:00,2.705,2.705,2.705,2.705,210.0,FARM
2023-05-08 10:53:00,2.7,2.7,2.7,2.7,228.0,FARM
2023-05-08 10:47:00,2.7,2.74,2.7,2.7,3010.0,FARM
2023-05-08 10:42:00,2.65,2.65,2.65,2.65,100.0,FARM
2023-05-08 10:34:00,2.6705,2.6705,2.6705,2.6705,692.0,FARM
2023-05-08 10:29:00,2.64,2.64,2.64,2.64,3010.0,FARM
2023-05-08 10:25:00,2.67,2.67,2.67,2.67,1310.0,FARM
2023-05-08 10:11:00,2.65,2.66,2.65,2.66,452.0,FARM
2023-05-08 10:08:00,2.675,2.675,2.675,2.675,1126.0,FARM
2023-05-08 09:53:00,2.665,2.665,2.665,2.665,145.0,FARM
2023-05-08 09:52:00,2.68,2.68,2.68,2.68,106.0,FARM
2023-05-08 09:51:00,2.68,2.68,2.68,2.68,300.0,FARM
2023-05-08 09:45:00,2.685,2.7062,2.685,2.7062,1000.0,FARM
2023-05-08 09:32:00,2.73,2.73,2.73,2.73,1000.0,FARM
2023-05-08 09:31:00,2.72,2.72,2.72,2.72,591.0,FARM
2023-05-05 16:00:00,2.75,2.75,2.71,2.73,1790.0,FARM
2023-05-05 15:59:00,2.73,2.73,2.73,2.73,900.0,FARM
2023-05-05 15:58:00,2.74,2.74,2.74,2.74,206.0,FARM
2023-05-05 15:57:00,2.72,2.73,2.72,2.73,370.0,FARM
2023-05-05 15:56:00,2.73,2.73,2.72,2.72,320.0,FARM
2023-05-05 15:55:00,2.74,2.74,2.71,2.72,900.0,FARM
2023-05-05 15:54:00,2.725,2.725,2.71,2.71,723.0,FARM
2023-05-05 15:53:00,2.74,2.74,2.73,2.73,200.0,FARM
2023-05-05 15:52:00,2.74,2.74,2.74,2.74,124.0,FARM
2023-05-05 15:51:00,2.71,2.74,2.71,2.74,2554.0,FARM
2023-05-05 15:50:00,2.73,2.73,2.73,2.73,100.0,FARM
2023-05-05 15:45:00,2.72,2.72,2.72,2.72,103.0,FARM
2023-05-05 15:43:00,2.7,2.7,2.7,2.7,203.0,FARM
2023-05-05 15:40:00,2.7,2.7,2.7,2.7,300.0,FARM
2023-05-05 15:37:00,2.7,2.7,2.7,2.7,302.0,FARM
2023-05-05 15:35:00,2.71,2.71,2.71,2.71,100.0,FARM
2023-05-05 15:33:00,2.73,2.73,2.72,2.72,5148.0,FARM
2023-05-05 15:28:00,2.73,2.735,2.72,2.72,501.0,FARM
2023-05-05 15:24:00,2.73,2.73,2.73,2.73,100.0,FARM
2023-05-05 15:15:00,2.7299,2.7299,2.7299,2.7299,300.0,FARM
2023-05-05 15:12:00,2.725,2.725,2.72,2.72,200.0,FARM
2023-05-05 15:11:00,2.7299,2.7299,2.7299,2.7299,700.0,FARM
2023-05-05 15:08:00,2.73,2.73,2.72,2.72,300.0,FARM
2023-05-05 15:07:00,2.725,2.73,2.725,2.73,1800.0,FARM
2023-05-05 15:06:00,2.725,2.725,2.72,2.72,1200.0,FARM
2023-05-05 15:05:00,2.73,2.73,2.72,2.725,900.0,FARM
2023-05-05 15:01:00,2.735,2.735,2.735,2.735,400.0,FARM
2023-05-05 14:59:00,2.68,2.68,2.68,2.68,200.0,FARM
2023-05-05 14:55:00,2.7287,2.7287,2.66,2.66,3300.0,FARM
2023-05-05 14:54:00,2.69,2.69,2.66,2.66,1210.0,FARM
2023-05-05 14:53:00,2.71,2.71,2.65,2.66,1901.0,FARM
2023-05-05 14:43:00,2.71,2.71,2.71,2.71,100.0,FARM
2023-05-05 14:42:00,2.71,2.71,2.71,2.71,100.0,FARM
2023-05-05 14:38:00,2.725,2.725,2.725,2.725,400.0,FARM
2023-05-05 14:32:00,2.74,2.74,2.71,2.71,1003.0,FARM
2023-05-05 14:24:00,2.71,2.71,2.71,2.71,200.0,FARM
2023-05-05 14:19:00,2.71,2.71,2.71,2.71,1091.0,FARM
2023-05-05 14:14:00,2.725,2.725,2.71,2.71,200.0,FARM
2023-05-05 14:13:00,2.74,2.74,2.74,2.74,100.0,FARM
2023-05-05 14:08:00,2.73,2.73,2.73,2.73,100.0,FARM
2023-05-05 13:50:00,2.715,2.715,2.715,2.715,100.0,FARM
2023-05-05 13:46:00,2.7,2.7,2.7,2.7,322.0,FARM
2023-05-05 13:41:00,2.715,2.715,2.7,2.7,300.0,FARM
2023-05-05 13:31:00,2.73,2.73,2.73,2.73,100.0,FARM
2023-05-05 13:14:00,2.6801,2.71,2.68,2.71,500.0,FARM
2023-05-05 13:02:00,2.67,2.67,2.67,2.67,100.0,FARM
2023-05-05 12:59:00,2.69,2.69,2.69,2.69,285.0,FARM
2023-05-05 12:56:00,2.71,2.71,2.71,2.71,522.0,FARM
2023-05-05 12:54:00,2.72,2.72,2.72,2.72,529.0,FARM
2023-05-05 12:52:00,2.72,2.72,2.72,2.72,400.0,FARM
2023-05-05 12:50:00,2.7,2.71,2.6775,2.71,3078.0,FARM
2023-05-05 12:47:00,2.7,2.7,2.67,2.7,900.0,FARM
2023-05-05 12:42:00,2.67,2.67,2.67,2.67,100.0,FARM
2023-05-05 12:39:00,2.67,2.67,2.67,2.67,1810.0,FARM
2023-05-05 12:34:00,2.6351,2.67,2.6351,2.65,1280.0,FARM
2023-05-05 12:33:00,2.65,2.65,2.65,2.65,142.0,FARM
2023-05-05 12:29:00,2.665,2.665,2.665,2.665,100.0,FARM
2023-05-05 12:17:00,2.665,2.665,2.665,2.665,100.0,FARM
2023-05-05 12:15:00,2.65,2.65,2.65,2.65,200.0,FARM
2023-05-05 12:13:00,2.65,2.65,2.65,2.65,100.0,FARM
2023-05-05 12:09:00,2.65,2.65,2.65,2.65,200.0,FARM
2023-05-05 12:05:00,2.65,2.65,2.65,2.65,200.0,FARM
2023-05-05 12:04:00,2.67,2.67,2.67,2.67,100.0,FARM
2023-05-05 12:03:00,2.67,2.67,2.67,2.67,1250.0,FARM
2023-05-05 12:02:00,2.66,2.66,2.66,2.66,300.0,FARM
2023-05-05 11:58:00,2.66,2.66,2.66,2.66,101.0,FARM
2023-05-05 11:55:00,2.66,2.66,2.66,2.66,200.0,FARM
2023-05-05 11:51:00,2.65,2.65,2.65,2.65,400.0,FARM
2023-05-05 11:44:00,2.65,2.65,2.65,2.65,200.0,FARM
2023-05-05 11:43:00,2.6897,2.6897,2.6897,2.6897,1000.0,FARM
2023-05-05 11:41:00,2.67,2.67,2.67,2.67,147.0,FARM
2023-05-05 11:38:00,2.685,2.685,2.685,2.685,200.0,FARM
2023-05-05 11:37:00,2.71,2.71,2.67,2.67,5949.0,FARM
2023-05-05 11:34:00,2.71,2.71,2.71,2.71,200.0,FARM
2023-05-05 11:30:00,2.72,2.72,2.71,2.72,667.0,FARM
2023-05-05 11:26:00,2.71,2.71,2.71,2.71,200.0,FARM
2023-05-05 11:22:00,2.71,2.71,2.71,2.71,200.0,FARM
2023-05-05 11:20:00,2.725,2.725,2.725,2.725,111.0,FARM
2023-05-05 11:19:00,2.7,2.7,2.7,2.7,931.0,FARM
2023-05-05 11:16:00,2.715,2.7496,2.715,2.7496,10009.0,FARM
2023-05-05 11:13:00,2.7499,2.75,2.7,2.7125,7701.0,FARM
2023-05-05 11:11:00,2.72,2.72,2.71,2.71,200.0,FARM
2023-05-05 11:08:00,2.62,2.7414,2.62,2.7414,800.0,FARM
2023-05-05 11:07:00,2.66,2.66,2.66,2.66,100.0,FARM
2023-05-05 11:03:00,2.69,2.6901,2.67,2.67,1416.0,FARM
2023-05-05 11:01:00,2.7075,2.7075,2.7075,2.7075,100.0,FARM
2023-05-05 10:56:00,2.7,2.7,2.7,2.7,846.0,FARM
2023-05-05 10:53:00,2.7,2.7,2.7,2.7,322.0,FARM
2023-05-05 10:49:00,2.7459,2.7459,2.7,2.7,1100.0,FARM
2023-05-05 10:48:00,2.7125,2.7125,2.7,2.7,200.0,FARM
2023-05-05 10:39:00,2.7125,2.7125,2.7125,2.7125,100.0,FARM
2023-05-05 10:29:00,2.7125,2.7125,2.7125,2.7125,120.0,FARM
2023-05-05 10:27:00,2.7125,2.7125,2.7125,2.7125,100.0,FARM
2023-05-05 10:22:00,2.7,2.7,2.7,2.7,100.0,FARM
2023-05-05 10:21:00,2.69,2.69,2.69,2.69,200.0,FARM
2023-05-05 10:17:00,2.6301,2.74,2.6301,2.74,500.0,FARM
2023-05-05 10:16:00,2.69,2.69,2.69,2.69,400.0,FARM
2023-05-05 10:13:00,2.7361,2.7361,2.7361,2.7361,438.0,FARM
2023-05-05 10:11:00,2.69,2.69,2.69,2.69,100.0,FARM
2023-05-05 10:07:00,2.7499,2.7499,2.7499,2.7499,197.0,FARM
2023-05-05 10:03:00,2.65,2.65,2.65,2.65,111.0,FARM
2023-05-05 10:01:00,2.66,2.66,2.66,2.66,121.0,FARM
2023-05-05 10:00:00,2.68,2.68,2.68,2.68,104.0,FARM
2023-05-05 09:57:00,2.7,2.7,2.7,2.7,200.0,FARM
2023-05-05 09:53:00,2.72,2.72,2.66,2.66,5300.0,FARM
2023-05-05 09:51:00,2.72,2.735,2.72,2.73,300.0,FARM
2023-05-05 09:48:00,2.72,2.72,2.72,2.72,200.0,FARM
2023-05-05 09:47:00,2.73,2.73,2.73,2.73,1100.0,FARM
2023-05-05 09:45:00,2.71,2.71,2.71,2.71,380.0,FARM
2023-05-05 09:44:00,2.73,2.73,2.73,2.73,118.0,FARM
2023-05-05 09:38:00,2.73,2.73,2.73,2.73,100.0,FARM
2023-05-05 09:34:00,2.71,2.73,2.71,2.73,200.0,FARM
2023-05-05 09:33:00,2.7,2.71,2.7,2.71,657.0,FARM
2023-05-05 09:31:00,2.73,2.73,2.73,2.73,637.0,FARM
2023-05-04 16:00:00,2.715,2.72,2.715,2.72,878.0,FARM
2023-05-04 15:58:00,2.7,2.7,2.7,2.7,3679.0,FARM
2023-05-04 15:57:00,2.74,2.74,2.71,2.71,7763.0,FARM
2023-05-04 15:53:00,2.74,2.74,2.71,2.71,300.0,FARM
2023-05-04 15:48:00,2.74,2.74,2.725,2.725,728.0,FARM
2023-05-04 15:47:00,2.71,2.72,2.7,2.7,3939.0,FARM
2023-05-04 15:45:00,2.71,2.71,2.71,2.71,110.0,FARM
2023-05-04 15:42:00,2.69,2.7,2.69,2.7,250.0,FARM
2023-05-04 15:37:00,2.67,2.675,2.66,2.675,650.0,FARM
2023-05-04 15:36:00,2.69,2.69,2.66,2.66,3399.0,FARM
2023-05-04 15:28:00,2.675,2.675,2.675,2.675,137.0,FARM
2023-05-04 15:26:00,2.66,2.665,2.66,2.665,1176.0,FARM
2023-05-04 15:18:00,2.655,2.655,2.655,2.655,383.0,FARM
2023-05-04 15:13:00,2.64,2.66,2.64,2.65,4341.0,FARM
2023-05-04 15:08:00,2.64,2.64,2.64,2.64,100.0,FARM
2023-05-04 15:01:00,2.6416,2.6416,2.6416,2.6416,294.0,FARM
2023-05-04 14:58:00,2.64,2.64,2.64,2.64,100.0,FARM
2023-05-04 14:53:00,2.64,2.64,2.64,2.64,200.0,FARM
2023-05-04 14:52:00,2.6305,2.6305,2.6302,2.6302,583.0,FARM
2023-05-04 14:46:00,2.64,2.64,2.64,2.64,100.0,FARM
2023-05-04 14:35:00,2.64,2.64,2.64,2.64,100.0,FARM
2023-05-04 14:23:00,2.64,2.64,2.64,2.64,100.0,FARM
2023-05-04 14:03:00,2.64,2.64,2.64,2.64,117.0,FARM
2023-05-04 13:57:00,2.64,2.64,2.64,2.64,101.0,FARM
2023-05-04 13:54:00,2.6423,2.6423,2.6423,2.6423,100.0,FARM
2023-05-04 13:47:00,2.64,2.64,2.64,2.64,300.0,FARM
2023-05-04 13:40:00,2.64,2.64,2.64,2.64,100.0,FARM
2023-05-04 13:37:00,2.65,2.65,2.65,2.65,100.0,FARM
2023-05-04 13:36:00,2.64,2.64,2.64,2.64,100.0,FARM
2023-05-04 13:31:00,2.65,2.655,2.65,2.65,4062.0,FARM
2023-05-04 13:25:00,2.655,2.655,2.655,2.655,656.0,FARM
2023-05-04 13:22:00,2.655,2.655,2.655,2.655,200.0,FARM
2023-05-04 13:21:00,2.65,2.66,2.65,2.655,3644.0,FARM
2023-05-04 13:10:00,2.65,2.65,2.65,2.65,375.0,FARM
2023-05-04 12:57:00,2.6482,2.6482,2.6482,2.6482,500.0,FARM
2023-05-04 12:40:00,2.65,2.65,2.65,2.65,200.0,FARM
2023-05-04 12:27:00,2.6412,2.6412,2.6412,2.6412,150.0,FARM
2023-05-04 12:19:00,2.65,2.65,2.65,2.65,317.0,FARM
2023-05-04 12:11:00,2.64,2.64,2.64,2.64,439.0,FARM
2023-05-04 11:58:00,2.65,2.65,2.65,2.65,2000.0,FARM
2023-05-04 11:55:00,2.65,2.65,2.65,2.65,300.0,FARM
2023-05-04 11:54:00,2.64,2.64,2.64,2.64,100.0,FARM
2023-05-04 11:36:00,2.66,2.66,2.66,2.66,100.0,FARM
2023-05-04 11:25:00,2.66,2.66,2.66,2.66,100.0,FARM
2023-05-04 11:19:00,2.63,2.63,2.63,2.63,133.0,FARM
2023-05-04 11:16:00,2.6599,2.6599,2.6599,2.6599,5100.0,FARM
2023-05-04 11:04:00,2.62,2.62,2.62,2.62,103.0,FARM
2023-05-04 11:03:00,2.63,2.6301,2.63,2.6301,2011.0,FARM
2023-05-04 11:01:00,2.64,2.64,2.64,2.64,150.0,FARM
2023-05-04 10:57:00,2.64,2.64,2.63,2.63,852.0,FARM
2023-05-04 10:55:00,2.65,2.65,2.63,2.63,2100.0,FARM
2023-05-04 10:54:00,2.6498,2.65,2.6498,2.65,2520.0,FARM
2023-05-04 10:53:00,2.65,2.65,2.6499,2.6499,2900.0,FARM
2023-05-04 10:50:00,2.65,2.65,2.65,2.65,8033.0,FARM
2023-05-04 10:48:00,2.64,2.65,2.64,2.65,2772.0,FARM
2023-05-04 10:47:00,2.64,2.64,2.64,2.64,300.0,FARM
2023-05-04 10:41:00,2.65,2.65,2.65,2.65,100.0,FARM
2023-05-04 10:33:00,2.66,2.66,2.66,2.66,100.0,FARM
2023-05-04 10:24:00,2.645,2.645,2.645,2.645,100.0,FARM
2023-05-04 10:20:00,2.62,2.62,2.62,2.62,200.0,FARM
2023-05-04 10:19:00,2.64,2.65,2.63,2.63,10956.0,FARM
2023-05-04 10:16:00,2.64,2.64,2.64,2.64,100.0,FARM
2023-05-04 10:11:00,2.6201,2.6201,2.6201,2.6201,519.0,FARM
2023-05-04 10:08:00,2.6462,2.6462,2.6462,2.6462,500.0,FARM
2023-05-04 10:05:00,2.62,2.62,2.62,2.62,375.0,FARM
2023-05-04 09:56:00,2.66,2.66,2.66,2.66,226.0,FARM
2023-05-04 09:53:00,2.69,2.69,2.69,2.69,172.0,FARM
2023-05-04 09:50:00,2.6752,2.6752,2.6752,2.6752,500.0,FARM
2023-05-04 09:49:00,2.6856,2.6856,2.6856,2.6856,200.0,FARM
2023-05-04 09:46:00,2.7,2.7,2.68,2.68,600.0,FARM
2023-05-04 09:34:00,2.6655,2.6655,2.6655,2.6655,186.0,FARM
2023-05-04 09:33:00,2.7,2.7,2.7,2.7,23057.0,FARM
2023-05-04 09:32:00,2.7014,2.7014,2.7014,2.7014,25000.0,FARM
2023-05-04 09:31:00,2.7,2.7,2.7,2.7,2328.0,FARM
2023-05-03 16:00:00,2.685,2.7,2.67,2.67,1218.0,FARM
2023-05-03 15:59:00,2.685,2.7,2.685,2.7,200.0,FARM
2023-05-03 15:58:00,2.68,2.685,2.68,2.685,314.0,FARM
2023-05-03 15:57:00,2.68,2.68,2.68,2.68,327.0,FARM
2023-05-03 15:56:00,2.65,2.6797,2.65,2.6797,7113.0,FARM
2023-05-03 15:55:00,2.65,2.65,2.65,2.65,400.0,FARM
2023-05-03 15:54:00,2.65,2.65,2.65,2.65,1339.0,FARM
2023-05-03 15:53:00,2.65,2.65,2.65,2.65,303.0,FARM
2023-05-03 15:51:00,2.6417,2.6417,2.6417,2.6417,1000.0,FARM
2023-05-03 15:48:00,2.63,2.64,2.63,2.64,1115.0,FARM
2023-05-03 15:41:00,2.6,2.6,2.6,2.6,811.0,FARM
2023-05-03 15:39:00,2.628,2.63,2.628,2.63,1386.0,FARM
2023-05-03 15:29:00,2.65,2.65,2.61,2.61,3073.0,FARM
2023-05-03 15:26:00,2.66,2.66,2.66,2.66,300.0,FARM
2023-05-03 15:07:00,2.67,2.67,2.65,2.65,758.0,FARM
2023-05-03 15:04:00,2.675,2.675,2.675,2.675,100.0,FARM
2023-05-03 15:03:00,2.675,2.675,2.675,2.675,255.0,FARM
2023-05-03 14:50:00,2.675,2.675,2.675,2.675,400.0,FARM
2023-05-03 14:49:00,2.675,2.675,2.675,2.675,300.0,FARM
2023-05-03 14:43:00,2.685,2.685,2.67,2.67,500.0,FARM
2023-05-03 14:29:00,2.68,2.681,2.66,2.66,7800.0,FARM
2023-05-03 14:28:00,2.6965,2.6965,2.6965,2.6965,970.0,FARM
2023-05-03 14:24:00,2.67,2.67,2.65,2.65,400.0,FARM
2023-05-03 14:09:00,2.6773,2.68,2.65,2.65,7598.0,FARM
2023-05-03 14:04:00,2.67,2.67,2.67,2.67,100.0,FARM
2023-05-03 13:58:00,2.665,2.665,2.665,2.665,200.0,FARM
2023-05-03 13:56:00,2.665,2.665,2.665,2.665,100.0,FARM
2023-05-03 13:54:00,2.665,2.665,2.665,2.665,200.0,FARM
2023-05-03 13:46:00,2.665,2.665,2.665,2.665,521.0,FARM
2023-05-03 13:45:00,2.66,2.66,2.66,2.66,501.0,FARM
2023-05-03 13:43:00,2.67,2.67,2.67,2.67,1000.0,FARM
2023-05-03 13:33:00,2.665,2.665,2.65,2.65,2300.0,FARM
2023-05-03 13:32:00,2.6774,2.6774,2.6774,2.6774,1007.0,FARM
2023-05-03 13:31:00,2.665,2.665,2.65,2.65,1200.0,FARM
2023-05-03 13:24:00,2.65,2.665,2.65,2.665,1225.0,FARM
2023-05-03 13:16:00,2.68,2.68,2.67,2.67,343.0,FARM
2023-05-03 13:14:00,2.7,2.7,2.7,2.7,370.0,FARM
2023-05-03 13:09:00,2.66,2.66,2.66,2.66,600.0,FARM
2023-05-03 12:44:00,2.7,2.7,2.7,2.7,500.0,FARM
2023-05-03 12:17:00,2.68,2.68,2.68,2.68,100.0,FARM
2023-05-03 12:15:00,2.685,2.71,2.685,2.685,1316.0,FARM
2023-05-03 12:14:00,2.699,2.699,2.68,2.68,500.0,FARM
2023-05-03 12:11:00,2.695,2.695,2.695,2.695,778.0,FARM
2023-05-03 12:01:00,2.695,2.695,2.695,2.695,100.0,FARM
2023-05-03 11:45:00,2.6827,2.6827,2.68,2.68,400.0,FARM
2023-05-03 11:22:00,2.7,2.7,2.7,2.7,879.0,FARM
2023-05-03 11:20:00,2.7,2.7,2.7,2.7,223.0,FARM
2023-05-03 11:16:00,2.7,2.7,2.7,2.7,500.0,FARM
2023-05-03 11:14:00,2.7497,2.7497,2.7497,2.7497,1000.0,FARM
2023-05-03 11:06:00,2.7001,2.7001,2.7001,2.7001,100.0,FARM
2023-05-03 10:58:00,2.7436,2.7436,2.7436,2.7436,184.0,FARM
2023-05-03 10:46:00,2.7,2.7,2.7,2.7,200.0,FARM
2023-05-03 10:44:00,2.7,2.7,2.7,2.7,600.0,FARM
2023-05-03 10:39:00,2.7,2.7,2.7,2.7,200.0,FARM
2023-05-03 10:38:00,2.71,2.71,2.7,2.7,200.0,FARM
2023-05-03 10:37:00,2.7,2.7,2.7,2.7,450.0,FARM
2023-05-03 10:25:00,2.693,2.693,2.693,2.693,336.0,FARM
2023-05-03 10:24:00,2.725,2.725,2.725,2.725,100.0,FARM
2023-05-03 10:09:00,2.75,2.75,2.75,2.75,100.0,FARM
2023-05-03 10:00:00,2.7227,2.7227,2.7227,2.7227,123.0,FARM
2023-05-03 09:55:00,2.745,2.745,2.745,2.745,100.0,FARM
2023-05-03 09:49:00,2.73,2.73,2.73,2.73,100.0,FARM
2023-05-03 09:31:00,2.75,2.75,2.75,2.75,446.0,FARM
2023-05-02 16:00:00,2.755,2.772,2.755,2.772,686.0,FARM
2023-05-02 15:58:00,2.755,2.755,2.755,2.755,268.0,FARM
2023-05-02 15:55:00,2.755,2.755,2.755,2.755,104.0,FARM
2023-05-02 15:52:00,2.755,2.755,2.755,2.755,200.0,FARM
2023-05-02 15:51:00,2.762,2.762,2.762,2.762,217.0,FARM
2023-05-02 15:45:00,2.7581,2.7581,2.7581,2.7581,180.0,FARM
2023-05-02 15:42:00,2.75,2.75,2.75,2.75,402.0,FARM
2023-05-02 15:41:00,2.75,2.75,2.75,2.75,404.0,FARM
2023-05-02 15:10:00,2.73,2.73,2.73,2.73,732.0,FARM
2023-05-02 14:56:00,2.75,2.75,2.75,2.75,1769.0,FARM
2023-05-02 14:55:00,2.74,2.74,2.74,2.74,100.0,FARM
2023-05-02 14:43:00,2.73,2.73,2.73,2.73,309.0,FARM
2023-05-02 14:35:00,2.755,2.755,2.755,2.755,101.0,FARM
2023-05-02 14:32:00,2.755,2.755,2.755,2.755,428.0,FARM
2023-05-02 14:28:00,2.755,2.755,2.755,2.755,100.0,FARM
2023-05-02 14:24:00,2.755,2.755,2.755,2.755,301.0,FARM
2023-05-02 14:23:00,2.755,2.755,2.755,2.755,10590.0,FARM
2023-05-02 14:07:00,2.76,2.76,2.76,2.76,109.0,FARM
2023-05-02 13:21:00,2.73,2.73,2.73,2.73,191.0,FARM
2023-05-02 13:06:00,2.69,2.69,2.689,2.69,1999.0,FARM
2023-05-02 13:02:00,2.69,2.69,2.69,2.69,102.0,FARM
2023-05-02 12:36:00,2.67,2.67,2.67,2.67,157.0,FARM
2023-05-02 12:20:00,2.7,2.7,2.69,2.69,918.0,FARM
2023-05-02 12:13:00,2.74,2.7493,2.74,2.7493,501.0,FARM
2023-05-02 12:10:00,2.7297,2.7297,2.7297,2.7297,502.0,FARM
2023-05-02 11:34:00,2.72,2.72,2.72,2.72,1004.0,FARM
2023-05-02 11:30:00,2.7499,2.7499,2.7499,2.7499,1366.0,FARM
2023-05-02 11:28:00,2.73,2.73,2.73,2.73,563.0,FARM
2023-05-02 11:11:00,2.7365,2.7365,2.7365,2.7365,120.0,FARM
2023-05-02 11:03:00,2.77,2.77,2.77,2.77,101.0,FARM
2023-05-02 10:58:00,2.75,2.75,2.75,2.75,207.0,FARM
2023-05-02 10:57:00,2.7515,2.7515,2.7515,2.7515,142.0,FARM
2023-05-02 10:43:00,2.76,2.76,2.76,2.76,1195.0,FARM
2023-05-02 10:42:00,2.775,2.775,2.775,2.775,152.0,FARM
2023-05-02 10:31:00,2.76,2.76,2.76,2.76,746.0,FARM
2023-05-02 10:02:00,2.77,2.77,2.77,2.77,200.0,FARM
2023-05-02 09:49:00,2.77,2.7712,2.76,2.7712,692.0,FARM
2023-05-02 09:42:00,2.7776,2.7776,2.7776,2.7776,700.0,FARM
2023-05-02 09:31:00,2.8,2.8,2.8,2.8,2548.0,FARM
2023-05-01 16:00:00,2.82,2.82,2.82,2.82,496.0,FARM
2023-05-01 15:51:00,2.84,2.84,2.84,2.84,128.0,FARM
2023-05-01 15:48:00,2.815,2.815,2.815,2.815,240.0,FARM
2023-05-01 15:45:00,2.82,2.82,2.81,2.815,1749.0,FARM
2023-05-01 15:43:00,2.835,2.835,2.835,2.835,126.0,FARM
2023-05-01 15:36:00,2.82,2.82,2.82,2.82,217.0,FARM
2023-05-01 15:31:00,2.8275,2.8275,2.8275,2.8275,112.0,FARM
2023-05-01 15:14:00,2.835,2.835,2.835,2.835,111.0,FARM
2023-05-01 15:11:00,2.82,2.82,2.82,2.82,454.0,FARM
2023-05-01 14:53:00,2.82,2.82,2.82,2.82,210.0,FARM
2023-05-01 14:44:00,2.835,2.835,2.835,2.835,209.0,FARM
2023-05-01 14:40:00,2.835,2.838,2.835,2.835,2008.0,FARM
2023-05-01 14:37:00,2.835,2.835,2.835,2.835,108.0,FARM
2023-05-01 14:23:00,2.835,2.835,2.835,2.835,110.0,FARM
2023-05-01 13:53:00,2.82,2.82,2.82,2.82,209.0,FARM
2023-05-01 13:50:00,2.835,2.835,2.835,2.835,258.0,FARM
2023-05-01 13:32:00,2.835,2.835,2.835,2.835,210.0,FARM
2023-05-01 13:25:00,2.835,2.835,2.835,2.835,298.0,FARM
2023-05-01 13:13:00,2.835,2.835,2.835,2.835,108.0,FARM
2023-05-01 13:05:00,2.835,2.835,2.835,2.835,284.0,FARM
2023-05-01 12:58:00,2.8372,2.8372,2.8372,2.8372,109.0,FARM
2023-05-01 12:57:00,2.835,2.835,2.835,2.835,106.0,FARM
2023-05-01 12:31:00,2.835,2.835,2.835,2.835,107.0,FARM
2023-05-01 12:23:00,2.835,2.8357,2.835,2.8357,389.0,FARM
2023-05-01 11:57:00,2.83,2.83,2.83,2.83,156.0,FARM
2023-05-01 11:10:00,2.825,2.825,2.825,2.825,1010.0,FARM
2023-05-01 11:07:00,2.8,2.8,2.8,2.8,207.0,FARM
2023-05-01 11:01:00,2.825,2.825,2.825,2.825,1049.0,FARM
2023-05-01 10:26:00,2.815,2.815,2.815,2.815,106.0,FARM
2023-05-01 10:11:00,2.8,2.8,2.8,2.8,310.0,FARM
2023-05-01 09:58:00,2.8171,2.8171,2.8171,2.8171,558.0,FARM
2023-05-01 09:43:00,2.81,2.81,2.81,2.81,111.0,FARM
2023-05-01 09:34:00,2.85,2.85,2.85,2.85,1121.0,FARM
2023-05-01 09:31:00,2.86,2.86,2.86,2.86,484.0,FARM
2023-04-28 16:00:00,2.8498,2.85,2.8498,2.85,852.0,FARM
2023-04-28 15:59:00,2.85,2.85,2.85,2.85,4724.0,FARM
2023-04-28 15:58:00,2.849,2.85,2.849,2.85,521.0,FARM
2023-04-28 15:57:00,2.848,2.848,2.848,2.848,100.0,FARM
2023-04-28 15:56:00,2.85,2.85,2.84,2.84,418.0,FARM
2023-04-28 15:54:00,2.85,2.85,2.84,2.84,1336.0,FARM
2023-04-28 15:53:00,2.85,2.86,2.85,2.86,615.0,FARM
2023-04-28 15:52:00,2.87,2.88,2.855,2.855,500.0,FARM
2023-04-28 15:51:00,2.8746,2.8746,2.84,2.84,4466.0,FARM
2023-04-28 15:50:00,2.87,2.87,2.87,2.87,100.0,FARM
2023-04-28 15:44:00,2.85,2.88,2.85,2.88,500.0,FARM
2023-04-28 15:43:00,2.8401,2.85,2.8401,2.85,317.0,FARM
2023-04-28 15:41:00,2.85,2.855,2.85,2.855,612.0,FARM
2023-04-28 15:40:00,2.845,2.85,2.845,2.85,200.0,FARM
2023-04-28 15:37:00,2.84,2.85,2.83,2.85,5446.0,FARM
2023-04-28 15:31:00,2.84,2.84,2.84,2.84,216.0,FARM
2023-04-28 15:23:00,2.84,2.84,2.84,2.84,700.0,FARM
2023-04-28 15:19:00,2.835,2.85,2.835,2.835,6900.0,FARM
2023-04-28 15:12:00,2.84,2.84,2.83,2.8316,6056.0,FARM
2023-04-28 15:11:00,2.84,2.84,2.84,2.84,1626.0,FARM
2023-04-28 15:10:00,2.835,2.84,2.835,2.835,10210.0,FARM
2023-04-28 15:03:00,2.835,2.835,2.835,2.835,100.0,FARM
2023-04-28 15:02:00,2.835,2.835,2.835,2.835,3390.0,FARM
2023-04-28 14:59:00,2.835,2.835,2.835,2.835,100.0,FARM
2023-04-28 14:38:00,2.835,2.835,2.835,2.835,141.0,FARM
2023-04-28 14:29:00,2.83,2.83,2.83,2.83,210.0,FARM
2023-04-28 14:27:00,2.87,2.87,2.79,2.79,6395.0,FARM
2023-04-28 14:08:00,2.84,2.855,2.83,2.83,2229.0,FARM
2023-04-28 13:53:00,2.87,2.87,2.87,2.87,200.0,FARM
2023-04-28 13:46:00,2.88,2.88,2.83,2.83,1650.0,FARM
2023-04-28 13:43:00,2.88,2.88,2.88,2.88,114.0,FARM
2023-04-28 13:38:00,2.86,2.86,2.84,2.84,24097.0,FARM
2023-04-28 13:37:00,2.89,2.89,2.85,2.85,6039.0,FARM
2023-04-28 13:35:00,2.9,2.9,2.9,2.9,1116.0,FARM
2023-04-28 13:33:00,2.9,2.9,2.89,2.89,1235.0,FARM
2023-04-28 13:24:00,2.9,2.9,2.9,2.9,500.0,FARM
2023-04-28 13:19:00,2.89,2.9,2.89,2.9,1200.0,FARM
2023-04-28 13:10:00,2.93,2.93,2.9,2.9,600.0,FARM
2023-04-28 13:07:00,2.9,2.91,2.9,2.9,2270.0,FARM
2023-04-28 13:06:00,2.93,2.93,2.9,2.9,2905.0,FARM
2023-04-28 13:04:00,2.97,2.9747,2.92,2.92,3063.0,FARM
2023-04-28 13:03:00,2.9711,2.9711,2.9711,2.9711,280.0,FARM
2023-04-28 12:51:00,2.965,2.965,2.965,2.965,100.0,FARM
2023-04-28 12:39:00,2.96,2.96,2.96,2.96,300.0,FARM
2023-04-28 12:35:00,2.94,2.94,2.94,2.94,100.0,FARM
2023-04-28 12:34:00,2.985,2.985,2.94,2.94,19816.0,FARM
2023-04-28 12:33:00,2.96,2.99,2.96,2.985,4650.0,FARM
2023-04-28 12:17:00,2.96,2.96,2.96,2.96,416.0,FARM
2023-04-28 12:11:00,2.96,2.9601,2.96,2.96,845.0,FARM
2023-04-28 12:04:00,2.96,2.9675,2.96,2.9675,300.0,FARM
2023-04-28 11:42:00,2.94,2.94,2.94,2.94,100.0,FARM
2023-04-28 11:41:00,2.955,2.955,2.94,2.94,5815.0,FARM
2023-04-28 11:25:00,2.95,2.95,2.95,2.95,100.0,FARM
2023-04-28 11:24:00,2.95,2.95,2.93,2.93,4416.0,FARM
2023-04-28 11:18:00,2.95,2.95,2.93,2.93,404.0,FARM
2023-04-28 11:03:00,2.945,2.945,2.945,2.945,597.0,FARM
2023-04-28 11:02:00,2.945,2.945,2.945,2.945,350.0,FARM
2023-04-28 10:45:00,2.93,2.93,2.92,2.92,6081.0,FARM
2023-04-28 10:42:00,2.93,2.93,2.93,2.93,265.0,FARM
2023-04-28 10:21:00,2.945,2.945,2.945,2.945,100.0,FARM
2023-04-28 10:03:00,2.94,2.94,2.94,2.94,647.0,FARM
2023-04-28 09:59:00,2.935,2.94,2.935,2.935,301.0,FARM
2023-04-28 09:54:00,2.97,2.97,2.96,2.96,1616.0,FARM
2023-04-28 09:48:00,3.0,3.0,3.0,3.0,300.0,FARM
2023-04-28 09:45:00,2.985,2.985,2.985,2.985,117.0,FARM
2023-04-28 09:31:00,2.97,2.97,2.97,2.97,240.0,FARM
2023-04-27 16:00:00,2.93,2.96,2.93,2.96,621.0,FARM
2023-04-27 15:59:00,2.97,2.97,2.95,2.95,425.0,FARM
2023-04-27 15:58:00,2.93,2.93,2.93,2.93,191.0,FARM
2023-04-27 15:57:00,2.96,2.96,2.96,2.96,450.0,FARM
2023-04-27 15:56:00,2.92,2.92,2.92,2.92,112.0,FARM
2023-04-27 15:55:00,2.97,2.97,2.96,2.96,200.0,FARM
2023-04-27 15:54:00,2.95,2.95,2.95,2.95,100.0,FARM
2023-04-27 15:53:00,2.93,2.93,2.93,2.93,209.0,FARM
2023-04-27 15:52:00,2.92,2.92,2.92,2.92,100.0,FARM
2023-04-27 15:51:00,2.93,2.93,2.93,2.93,134.0,FARM
2023-04-27 15:50:00,2.92,2.92,2.92,2.92,269.0,FARM
2023-04-27 15:48:00,2.92,2.92,2.92,2.92,100.0,FARM
2023-04-27 15:46:00,2.92,2.9202,2.92,2.9202,200.0,FARM
2023-04-27 15:43:00,2.9199,2.93,2.9199,2.93,2560.0,FARM
2023-04-27 15:40:00,2.91,2.92,2.86,2.86,4843.0,FARM
2023-04-27 15:38:00,2.9,2.915,2.89,2.91,2600.0,FARM
2023-04-27 15:37:00,2.79,2.89,2.78,2.89,26486.0,FARM
2023-04-27 15:35:00,2.78,2.78,2.78,2.78,100.0,FARM
2023-04-27 15:34:00,2.79,2.79,2.79,2.79,100.0,FARM
2023-04-27 15:32:00,2.78,2.78,2.78,2.78,300.0,FARM
2023-04-27 15:31:00,2.79,2.79,2.79,2.79,700.0,FARM
2023-04-27 15:28:00,2.785,2.785,2.785,2.785,300.0,FARM
2023-04-27 15:27:00,2.77,2.77,2.77,2.77,100.0,FARM
2023-04-27 15:23:00,2.785,2.785,2.785,2.785,100.0,FARM
2023-04-27 15:21:00,2.77,2.77,2.77,2.77,100.0,FARM
2023-04-27 15:16:00,2.775,2.775,2.76,2.76,2640.0,FARM
2023-04-27 15:14:00,2.775,2.775,2.775,2.775,100.0,FARM
2023-04-27 15:09:00,2.76,2.76,2.76,2.76,100.0,FARM
2023-04-27 15:04:00,2.775,2.775,2.77,2.77,300.0,FARM
2023-04-27 15:01:00,2.76,2.76,2.76,2.76,100.0,FARM
2023-04-27 14:59:00,2.78,2.78,2.78,2.78,1000.0,FARM
2023-04-27 14:58:00,2.78,2.78,2.78,2.78,400.0,FARM
2023-04-27 14:57:00,2.77,2.78,2.77,2.78,200.0,FARM
2023-04-27 14:52:00,2.785,2.785,2.77,2.77,300.0,FARM
2023-04-27 14:51:00,2.77,2.77,2.77,2.77,100.0,FARM
2023-04-27 14:50:00,2.785,2.785,2.785,2.785,200.0,FARM
2023-04-27 14:44:00,2.77,2.77,2.77,2.77,100.0,FARM
2023-04-27 14:38:00,2.785,2.785,2.785,2.785,100.0,FARM
2023-04-27 14:37:00,2.77,2.77,2.77,2.77,100.0,FARM
2023-04-27 14:30:00,2.77,2.77,2.77,2.77,100.0,FARM
2023-04-27 14:26:00,2.785,2.785,2.785,2.785,100.0,FARM
2023-04-27 14:21:00,2.77,2.77,2.77,2.77,100.0,FARM
2023-04-27 14:15:00,2.785,2.785,2.785,2.785,100.0,FARM
2023-04-27 14:13:00,2.77,2.77,2.77,2.77,100.0,FARM
2023-04-27 14:02:00,2.785,2.785,2.785,2.785,100.0,FARM
2023-04-27 13:58:00,2.785,2.785,2.77,2.77,4000.0,FARM
2023-04-27 13:51:00,2.76,2.76,2.76,2.76,100.0,FARM
2023-04-27 13:50:00,2.78,2.78,2.76,2.76,2400.0,FARM
2023-04-27 13:48:00,2.78,2.78,2.76,2.78,4012.0,FARM
2023-04-27 13:44:00,2.76,2.76,2.76,2.76,100.0,FARM
2023-04-27 13:39:00,2.77,2.78,2.77,2.78,500.0,FARM
2023-04-27 13:38:00,2.76,2.78,2.76,2.78,300.0,FARM
2023-04-27 13:31:00,2.76,2.76,2.76,2.76,100.0,FARM
2023-04-27 13:29:00,2.775,2.775,2.775,2.775,200.0,FARM
2023-04-27 13:24:00,2.76,2.775,2.76,2.775,900.0,FARM
2023-04-27 13:17:00,2.76,2.76,2.76,2.76,300.0,FARM
2023-04-27 13:09:00,2.77,2.77,2.77,2.77,215.0,FARM
2023-04-27 13:06:00,2.78,2.78,2.78,2.78,311.0,FARM
2023-04-27 13:02:00,2.77,2.77,2.77,2.77,100.0,FARM
2023-04-27 12:55:00,2.78,2.78,2.77,2.77,200.0,FARM
2023-04-27 12:49:00,2.7798,2.7798,2.7798,2.7798,102.0,FARM
2023-04-27 12:48:00,2.77,2.77,2.77,2.77,100.0,FARM
2023-04-27 12:44:00,2.7887,2.7887,2.7887,2.7887,200.0,FARM
2023-04-27 12:43:00,2.78,2.787,2.77,2.77,1200.0,FARM
2023-04-27 12:40:00,2.78,2.78,2.78,2.78,100.0,FARM
2023-04-27 12:39:00,2.77,2.8,2.76,2.77,2027.0,FARM
2023-04-27 12:27:00,2.79,2.79,2.79,2.79,203.0,FARM
2023-04-27 12:26:00,2.79,2.79,2.79,2.79,100.0,FARM
2023-04-27 12:24:00,2.79,2.79,2.79,2.79,1000.0,FARM
2023-04-27 12:22:00,2.78,2.78,2.78,2.78,300.0,FARM
2023-04-27 12:21:00,2.79,2.79,2.79,2.79,100.0,FARM
2023-04-27 12:12:00,2.785,2.785,2.785,2.785,100.0,FARM
2023-04-27 12:00:00,2.77,2.77,2.77,2.77,100.0,FARM
2023-04-27 11:58:00,2.785,2.785,2.785,2.785,101.0,FARM
2023-04-27 11:52:00,2.77,2.77,2.77,2.77,101.0,FARM
2023-04-27 11:46:00,2.785,2.785,2.785,2.785,100.0,FARM
2023-04-27 11:44:00,2.77,2.77,2.77,2.77,100.0,FARM
2023-04-27 11:40:00,2.785,2.785,2.785,2.785,100.0,FARM
2023-04-27 11:39:00,2.785,2.785,2.785,2.785,105.0,FARM
2023-04-27 11:37:00,2.785,2.785,2.785,2.785,100.0,FARM
2023-04-27 11:36:00,2.77,2.77,2.77,2.77,100.0,FARM
2023-04-27 11:30:00,2.76,2.76,2.76,2.76,100.0,FARM
2023-04-27 11:24:00,2.73,2.73,2.73,2.73,117.0,FARM
2023-04-27 11:22:00,2.75,2.75,2.75,2.75,337.0,FARM
2023-04-27 11:20:00,2.775,2.775,2.775,2.775,100.0,FARM
2023-04-27 11:17:00,2.795,2.795,2.795,2.795,300.0,FARM
2023-04-27 11:16:00,2.795,2.795,2.795,2.795,105.0,FARM
2023-04-27 11:14:00,2.8,2.8,2.77,2.77,2805.0,FARM
2023-04-27 11:13:00,2.8,2.8,2.8,2.8,100.0,FARM
2023-04-27 11:07:00,2.79,2.79,2.79,2.79,100.0,FARM
2023-04-27 11:04:00,2.81,2.81,2.81,2.81,100.0,FARM
2023-04-27 10:59:00,2.83,2.83,2.78,2.78,2556.0,FARM
2023-04-27 10:57:00,2.845,2.845,2.832,2.832,400.0,FARM
2023-04-27 10:52:00,2.82,2.82,2.82,2.82,100.0,FARM
2023-04-27 10:44:00,2.82,2.82,2.82,2.82,100.0,FARM
2023-04-27 10:43:00,2.84,2.84,2.84,2.84,100.0,FARM
2023-04-27 10:41:00,2.84,2.84,2.83,2.83,546.0,FARM
2023-04-27 10:34:00,2.82,2.82,2.82,2.82,100.0,FARM
2023-04-27 10:31:00,2.845,2.845,2.845,2.845,100.0,FARM
2023-04-27 10:27:00,2.82,2.82,2.82,2.82,100.0,FARM
2023-04-27 10:21:00,2.82,2.82,2.82,2.82,100.0,FARM
2023-04-27 10:18:00,2.845,2.845,2.845,2.845,100.0,FARM
2023-04-27 10:16:00,2.82,2.845,2.82,2.845,200.0,FARM
2023-04-27 10:11:00,2.85,2.85,2.85,2.85,108.0,FARM
2023-04-27 10:07:00,2.865,2.865,2.865,2.865,100.0,FARM
2023-04-27 10:05:00,2.865,2.865,2.865,2.865,300.0,FARM
2023-04-27 09:55:00,2.885,2.885,2.885,2.885,100.0,FARM
2023-04-27 09:49:00,2.895,2.895,2.895,2.895,300.0,FARM
2023-04-27 09:40:00,2.905,2.905,2.905,2.905,100.0,FARM
2023-04-27 09:38:00,2.95,2.95,2.87,2.87,369.0,FARM
2023-04-27 09:35:00,2.95,2.95,2.95,2.95,100.0,FARM
2023-04-27 09:31:00,2.87,2.977,2.87,2.9595,1367.0,FARM
