date,1. open,2. high,3. low,4. close,5. volume,Ticker
2023-02-01 16:02:00,112.04,112.04,112.04,112.04,1479.0,FRT
2023-02-01 16:01:00,112.04,112.04,112.04,112.04,10022.0,FRT
2023-02-01 16:00:00,111.87,112.05,111.87,112.04,23989.0,FRT
2023-02-01 15:59:00,111.78,111.88,111.77,111.85,9796.0,FRT
2023-02-01 15:58:00,111.725,111.78,111.71,111.78,10500.0,FRT
2023-02-01 15:57:00,111.72,111.74,111.67,111.72,7830.0,FRT
2023-02-01 15:56:00,111.64,111.78,111.64,111.7,12634.0,FRT
2023-02-01 15:55:00,111.51,111.59,111.49,111.59,6147.0,FRT
2023-02-01 15:54:00,111.58,111.58,111.53,111.55,4298.0,FRT
2023-02-01 15:53:00,111.865,111.865,111.59,111.6,11996.0,FRT
2023-02-01 15:52:00,111.82,111.88,111.8,111.88,5066.0,FRT
2023-02-01 15:51:00,111.85,111.86,111.72,111.79,10298.0,FRT
2023-02-01 15:50:00,111.86,111.88,111.84,111.86,6112.0,FRT
2023-02-01 15:49:00,112.12,112.13,111.9,111.9,9403.0,FRT
2023-02-01 15:48:00,112.34,112.34,112.13,112.145,2648.0,FRT
2023-02-01 15:47:00,112.34,112.38,112.34,112.355,550.0,FRT
2023-02-01 15:46:00,112.33,112.39,112.32,112.36,2332.0,FRT
2023-02-01 15:45:00,112.26,112.315,112.2,112.315,4265.0,FRT
2023-02-01 15:44:00,112.4,112.42,112.3,112.3,2740.0,FRT
2023-02-01 15:43:00,112.45,112.45,112.415,112.45,1511.0,FRT
2023-02-01 15:42:00,112.27,112.5,112.27,112.47,2292.0,FRT
2023-02-01 15:41:00,112.285,112.31,112.225,112.26,8222.0,FRT
2023-02-01 15:40:00,112.335,112.36,112.31,112.31,1837.0,FRT
2023-02-01 15:39:00,112.47,112.47,112.385,112.42,3516.0,FRT
2023-02-01 15:38:00,112.45,112.56,112.45,112.52,3866.0,FRT
2023-02-01 15:37:00,112.3,112.37,112.26,112.37,3491.0,FRT
2023-02-01 15:36:00,112.125,112.25,112.125,112.25,2949.0,FRT
2023-02-01 15:35:00,111.98,112.1,111.98,112.1,1644.0,FRT
2023-02-01 15:34:00,111.84,111.97,111.84,111.945,7169.0,FRT
2023-02-01 15:33:00,111.995,112.03,111.86,111.87,9198.0,FRT
2023-02-01 15:32:00,112.025,112.025,111.98,111.98,690.0,FRT
2023-02-01 15:31:00,111.92,112.0,111.905,112.0,2326.0,FRT
2023-02-01 15:30:00,111.9,111.9,111.85,111.88,801.0,FRT
2023-02-01 15:29:00,111.89,111.96,111.885,111.96,1341.0,FRT
2023-02-01 15:28:00,111.83,111.92,111.8,111.92,1628.0,FRT
2023-02-01 15:27:00,111.76,111.79,111.76,111.7769,697.0,FRT
2023-02-01 15:26:00,111.81,111.81,111.77,111.77,1297.0,FRT
2023-02-01 15:25:00,111.6594,111.79,111.6594,111.79,1769.0,FRT
2023-02-01 15:24:00,111.5,111.63,111.5,111.62,2402.0,FRT
2023-02-01 15:23:00,111.69,111.72,111.48,111.4867,4355.0,FRT
2023-02-01 15:22:00,111.76,111.77,111.65,111.69,3354.0,FRT
2023-02-01 15:21:00,111.8,111.81,111.74,111.8,3683.0,FRT
2023-02-01 15:20:00,111.65,111.79,111.62,111.79,12019.0,FRT
2023-02-01 15:19:00,111.7,111.74,111.69,111.69,4113.0,FRT
2023-02-01 15:18:00,111.48,111.69,111.47,111.69,20936.0,FRT
2023-02-01 15:17:00,111.585,111.59,111.47,111.48,22159.0,FRT
2023-02-01 15:16:00,111.56,111.56,111.48,111.54,11511.0,FRT
2023-02-01 15:15:00,111.39,111.52,111.39,111.52,1131.0,FRT
2023-02-01 15:14:00,111.28,111.405,111.21,111.405,24827.0,FRT
2023-02-01 15:13:00,111.38,111.38,111.33,111.355,2059.0,FRT
2023-02-01 15:12:00,111.44,111.47,111.4,111.4,738.0,FRT
2023-02-01 15:11:00,111.49,111.49,111.395,111.4,2331.0,FRT
2023-02-01 15:10:00,111.535,111.535,111.535,111.535,448.0,FRT
2023-02-01 15:08:00,111.275,111.35,111.275,111.33,2510.0,FRT
2023-02-01 15:07:00,111.24,111.27,111.24,111.26,1879.0,FRT
2023-02-01 15:06:00,111.15,111.24,111.13,111.24,920.0,FRT
2023-02-01 15:05:00,111.135,111.1987,111.06,111.09,3295.0,FRT
2023-02-01 15:04:00,110.935,111.08,110.935,111.08,2257.0,FRT
2023-02-01 15:03:00,110.91,110.935,110.87,110.935,926.0,FRT
2023-02-01 15:02:00,110.87,110.87,110.82,110.84,3245.0,FRT
2023-02-01 15:00:00,110.84,110.85,110.84,110.84,869.0,FRT
2023-02-01 14:59:00,110.96,110.98,110.78,110.78,1938.0,FRT
2023-02-01 14:58:00,110.935,110.935,110.76,110.76,1682.0,FRT
2023-02-01 14:57:00,111.03,111.03,110.97,110.97,1126.0,FRT
2023-02-01 14:56:00,110.92,111.0,110.84,111.0,1160.0,FRT
2023-02-01 14:54:00,111.085,111.13,110.94,111.05,1890.0,FRT
2023-02-01 14:53:00,110.87,111.02,110.87,111.01,2537.0,FRT
2023-02-01 14:52:00,110.77,110.79,110.77,110.78,1355.0,FRT
2023-02-01 14:51:00,110.74,110.74,110.725,110.725,557.0,FRT
2023-02-01 14:50:00,110.79,110.79,110.7,110.7,952.0,FRT
2023-02-01 14:49:00,110.86,110.87,110.75,110.775,2105.0,FRT
2023-02-01 14:48:00,110.8,110.8,110.8,110.8,614.0,FRT
2023-02-01 14:47:00,110.585,110.795,110.58,110.72,1292.0,FRT
2023-02-01 14:46:00,110.625,110.625,110.44,110.46,1574.0,FRT
2023-02-01 14:45:00,110.565,110.565,110.54,110.54,531.0,FRT
2023-02-01 14:44:00,110.54,110.76,110.54,110.66,2362.0,FRT
2023-02-01 14:43:00,110.37,110.37,110.22,110.29,1747.0,FRT
2023-02-01 14:42:00,110.34,110.5,110.34,110.5,1958.0,FRT
2023-02-01 14:41:00,110.25,110.265,110.205,110.265,1954.0,FRT
2023-02-01 14:40:00,110.06,110.25,110.06,110.25,1758.0,FRT
2023-02-01 14:39:00,109.88,110.1,109.875,109.93,5943.0,FRT
2023-02-01 14:38:00,109.53,110.02,109.53,109.9,2088.0,FRT
2023-02-01 14:37:00,109.42,109.49,109.395,109.395,1761.0,FRT
2023-02-01 14:36:00,109.3451,109.52,109.33,109.52,1695.0,FRT
2023-02-01 14:35:00,109.175,109.34,109.09,109.33,10224.0,FRT
2023-02-01 14:34:00,109.32,109.32,109.26,109.26,639.0,FRT
2023-02-01 14:33:00,109.46,109.53,109.46,109.48,2830.0,FRT
2023-02-01 14:32:00,109.82,109.82,109.51,109.51,1440.0,FRT
2023-02-01 14:31:00,109.88,109.97,109.68,109.68,3890.0,FRT
2023-02-01 14:30:00,109.875,109.89,109.84,109.84,3113.0,FRT
2023-02-01 14:28:00,109.87,109.87,109.87,109.87,416.0,FRT
2023-02-01 14:27:00,109.83,109.83,109.83,109.83,355.0,FRT
2023-02-01 14:26:00,109.8,109.8,109.77,109.79,1282.0,FRT
2023-02-01 14:25:00,109.79,109.8,109.79,109.8,1055.0,FRT
2023-02-01 14:24:00,109.79,109.79,109.74,109.74,1481.0,FRT
2023-02-01 14:23:00,109.7536,109.82,109.7536,109.79,1248.0,FRT
2023-02-01 14:22:00,109.685,109.74,109.685,109.74,841.0,FRT
2023-02-01 14:21:00,109.675,109.675,109.675,109.675,551.0,FRT
2023-02-01 14:20:00,109.6,109.68,109.6,109.65,1736.0,FRT
2023-02-01 14:19:00,109.615,109.65,109.55,109.56,5893.0,FRT
2023-02-01 14:18:00,109.755,109.755,109.57,109.57,2833.0,FRT
2023-02-01 14:17:00,109.77,109.81,109.74,109.81,829.0,FRT
2023-02-01 14:16:00,109.775,109.79,109.7,109.79,2021.0,FRT
2023-02-01 14:15:00,109.84,109.84,109.81,109.81,2030.0,FRT
2023-02-01 14:14:00,109.92,109.92,109.8,109.8,1801.0,FRT
2023-02-01 14:13:00,110.07,110.07,110.07,110.07,336.0,FRT
2023-02-01 14:12:00,109.89,109.89,109.89,109.89,252.0,FRT
2023-02-01 14:11:00,109.85,109.85,109.85,109.85,486.0,FRT
2023-02-01 14:10:00,109.86,109.86,109.86,109.86,270.0,FRT
2023-02-01 14:08:00,109.445,109.79,109.445,109.77,1970.0,FRT
2023-02-01 14:07:00,109.4487,109.4487,109.4487,109.4487,554.0,FRT
2023-02-01 14:06:00,109.41,109.48,109.385,109.46,2050.0,FRT
2023-02-01 14:04:00,109.41,109.41,109.41,109.41,665.0,FRT
2023-02-01 14:03:00,109.52,109.52,109.49,109.49,712.0,FRT
2023-02-01 14:02:00,109.395,109.7849,109.395,109.725,4980.0,FRT
2023-02-01 14:01:00,109.71,109.71,109.38,109.38,3399.0,FRT
2023-02-01 14:00:00,109.75,109.75,109.75,109.75,873.0,FRT
2023-02-01 13:57:00,109.735,109.74,109.72,109.74,439.0,FRT
2023-02-01 13:56:00,109.72,109.735,109.72,109.735,600.0,FRT
2023-02-01 13:55:00,109.63,109.72,109.63,109.72,928.0,FRT
2023-02-01 13:54:00,109.655,109.655,109.6,109.6,2280.0,FRT
2023-02-01 13:51:00,109.595,109.64,109.595,109.63,1335.0,FRT
2023-02-01 13:50:00,109.6,109.6,109.6,109.6,825.0,FRT
2023-02-01 13:49:00,109.54,109.59,109.54,109.59,438.0,FRT
2023-02-01 13:48:00,109.56,109.56,109.56,109.56,489.0,FRT
2023-02-01 13:46:00,109.61,109.61,109.61,109.61,473.0,FRT
2023-02-01 13:45:00,109.63,109.63,109.58,109.63,1495.0,FRT
2023-02-01 13:44:00,109.67,109.67,109.67,109.67,206.0,FRT
2023-02-01 13:43:00,109.64,109.64,109.64,109.64,418.0,FRT
2023-02-01 13:42:00,109.71,109.71,109.67,109.67,928.0,FRT
2023-02-01 13:41:00,109.75,109.75,109.75,109.75,556.0,FRT
2023-02-01 13:40:00,109.675,109.68,109.67,109.67,523.0,FRT
2023-02-01 13:39:00,109.66,109.66,109.66,109.66,319.0,FRT
2023-02-01 13:38:00,109.66,109.69,109.66,109.69,897.0,FRT
2023-02-01 13:37:00,109.68,109.68,109.66,109.66,663.0,FRT
2023-02-01 13:36:00,109.71,109.71,109.7,109.7,617.0,FRT
2023-02-01 13:35:00,109.66,109.67,109.66,109.67,611.0,FRT
2023-02-01 13:33:00,109.61,109.61,109.61,109.61,230.0,FRT
2023-02-01 13:32:00,109.53,109.59,109.53,109.59,626.0,FRT
2023-02-01 13:31:00,109.56,109.56,109.555,109.555,519.0,FRT
2023-02-01 13:30:00,109.485,109.54,109.485,109.54,1873.0,FRT
2023-02-01 13:29:00,109.46,109.5,109.46,109.485,1665.0,FRT
2023-02-01 13:28:00,109.58,109.58,109.48,109.48,1918.0,FRT
2023-02-01 13:27:00,109.605,109.605,109.605,109.605,130.0,FRT
2023-02-01 13:25:00,109.6,109.6,109.56,109.56,1126.0,FRT
2023-02-01 13:24:00,109.55,109.55,109.55,109.55,319.0,FRT
2023-02-01 13:22:00,109.61,109.615,109.61,109.615,567.0,FRT
2023-02-01 13:20:00,109.59,109.6,109.59,109.6,538.0,FRT
2023-02-01 13:19:00,109.67,109.67,109.6522,109.6522,890.0,FRT
2023-02-01 13:17:00,109.73,109.73,109.62,109.62,1779.0,FRT
2023-02-01 13:16:00,109.76,109.76,109.72,109.72,988.0,FRT
2023-02-01 13:14:00,109.815,109.815,109.77,109.77,308.0,FRT
2023-02-01 13:11:00,109.91,109.91,109.87,109.885,961.0,FRT
2023-02-01 13:10:00,109.9164,109.9164,109.9164,109.9164,429.0,FRT
2023-02-01 13:08:00,109.89,109.89,109.89,109.89,384.0,FRT
2023-02-01 13:07:00,109.88,109.88,109.88,109.88,406.0,FRT
2023-02-01 13:06:00,109.69,109.77,109.69,109.77,434.0,FRT
2023-02-01 13:04:00,109.5175,109.56,109.5175,109.56,1195.0,FRT
2023-02-01 13:03:00,109.44,109.53,109.44,109.53,1299.0,FRT
2023-02-01 13:02:00,109.45,109.465,109.43,109.43,637.0,FRT
2023-02-01 13:01:00,109.54,109.54,109.5,109.5,301.0,FRT
2023-02-01 13:00:00,109.61,109.61,109.54,109.54,1226.0,FRT
2023-02-01 12:59:00,109.65,109.65,109.62,109.62,770.0,FRT
2023-02-01 12:58:00,109.675,109.675,109.675,109.675,518.0,FRT
2023-02-01 12:57:00,109.62,109.62,109.62,109.62,255.0,FRT
2023-02-01 12:56:00,109.66,109.66,109.66,109.66,399.0,FRT
2023-02-01 12:54:00,109.72,109.74,109.7,109.7,2650.0,FRT
2023-02-01 12:53:00,109.69,109.69,109.69,109.69,300.0,FRT
2023-02-01 12:52:00,109.675,109.675,109.65,109.65,518.0,FRT
2023-02-01 12:51:00,109.69,109.69,109.67,109.67,817.0,FRT
2023-02-01 12:50:00,109.7,109.7,109.7,109.7,237.0,FRT
2023-02-01 12:49:00,109.73,109.75,109.72,109.72,1646.0,FRT
2023-02-01 12:48:00,109.71,109.71,109.69,109.69,265.0,FRT
2023-02-01 12:46:00,109.73,109.73,109.73,109.73,1233.0,FRT
2023-02-01 12:45:00,109.84,109.84,109.84,109.84,625.0,FRT
2023-02-01 12:44:00,109.87,109.89,109.865,109.865,1131.0,FRT
2023-02-01 12:42:00,109.815,109.815,109.815,109.815,113.0,FRT
2023-02-01 12:41:00,109.815,109.815,109.815,109.815,518.0,FRT
2023-02-01 12:38:00,109.75,109.795,109.74,109.795,1542.0,FRT
2023-02-01 12:37:00,109.795,109.795,109.795,109.795,242.0,FRT
2023-02-01 12:33:00,109.84,109.84,109.79,109.79,721.0,FRT
2023-02-01 12:32:00,109.87,109.89,109.86,109.86,1511.0,FRT
2023-02-01 12:31:00,109.8,109.81,109.75,109.81,1853.0,FRT
2023-02-01 12:30:00,109.771,109.785,109.771,109.785,276.0,FRT
2023-02-01 12:27:00,109.82,109.82,109.76,109.76,1571.0,FRT
2023-02-01 12:26:00,109.85,109.85,109.85,109.85,274.0,FRT
2023-02-01 12:25:00,109.87,109.87,109.87,109.87,195.0,FRT
2023-02-01 12:23:00,109.815,109.815,109.815,109.815,860.0,FRT
2023-02-01 12:22:00,109.62,109.8,109.62,109.8,2210.0,FRT
2023-02-01 12:21:00,109.62,109.635,109.62,109.635,904.0,FRT
2023-02-01 12:20:00,109.7,109.7,109.66,109.66,1236.0,FRT
2023-02-01 12:19:00,109.755,109.755,109.73,109.73,1740.0,FRT
2023-02-01 12:18:00,109.755,109.78,109.755,109.755,625.0,FRT
2023-02-01 12:17:00,109.755,109.77,109.755,109.755,2579.0,FRT
2023-02-01 12:16:00,109.78,109.78,109.75,109.75,988.0,FRT
2023-02-01 12:15:00,109.81,109.81,109.7706,109.7706,1040.0,FRT
2023-02-01 12:14:00,109.73,109.82,109.73,109.81,3474.0,FRT
2023-02-01 12:13:00,109.88,109.88,109.78,109.78,2044.0,FRT
2023-02-01 12:12:00,109.88,109.94,109.88,109.94,576.0,FRT
2023-02-01 12:11:00,109.97,109.97,109.9,109.9,1786.0,FRT
2023-02-01 12:10:00,109.93,109.96,109.9,109.94,1659.0,FRT
2023-02-01 12:09:00,109.92,109.92,109.92,109.92,362.0,FRT
2023-02-01 12:06:00,109.89,109.89,109.87,109.87,415.0,FRT
2023-02-01 12:05:00,109.9,109.9,109.9,109.9,339.0,FRT
2023-02-01 12:04:00,109.94,109.94,109.94,109.94,134.0,FRT
2023-02-01 12:03:00,109.885,109.9206,109.88,109.88,524.0,FRT
2023-02-01 12:02:00,109.92,109.92,109.92,109.92,360.0,FRT
2023-02-01 12:01:00,109.93,109.93,109.93,109.93,842.0,FRT
2023-02-01 11:59:00,109.965,110.02,109.965,110.02,1559.0,FRT
2023-02-01 11:58:00,110.04,110.04,109.96,109.96,1207.0,FRT
2023-02-01 11:57:00,110.07,110.07,110.04,110.06,1719.0,FRT
2023-02-01 11:54:00,110.14,110.145,110.07,110.07,1826.0,FRT
2023-02-01 11:53:00,110.14,110.17,110.14,110.17,1265.0,FRT
2023-02-01 11:52:00,110.1057,110.1057,110.07,110.07,262.0,FRT
2023-02-01 11:51:00,110.09,110.12,110.09,110.105,931.0,FRT
2023-02-01 11:50:00,110.04,110.12,110.04,110.12,1124.0,FRT
2023-02-01 11:49:00,110.035,110.035,110.01,110.01,461.0,FRT
2023-02-01 11:48:00,110.03,110.06,110.01,110.06,1545.0,FRT
2023-02-01 11:47:00,110.085,110.085,110.03,110.03,1150.0,FRT
2023-02-01 11:46:00,110.11,110.14,110.08,110.08,1722.0,FRT
2023-02-01 11:44:00,110.03,110.08,110.03,110.08,3647.0,FRT
2023-02-01 11:43:00,110.065,110.065,110.065,110.065,127.0,FRT
2023-02-01 11:42:00,110.06,110.065,110.02,110.065,1609.0,FRT
2023-02-01 11:41:00,110.01,110.09,110.0,110.06,1871.0,FRT
2023-02-01 11:39:00,110.06,110.06,110.03,110.03,257.0,FRT
2023-02-01 11:38:00,110.06,110.09,110.05,110.05,1446.0,FRT
2023-02-01 11:37:00,109.97,110.05,109.97,110.05,1179.0,FRT
2023-02-01 11:36:00,110.02,110.02,110.02,110.02,619.0,FRT
2023-02-01 11:35:00,110.055,110.055,110.02,110.02,1163.0,FRT
2023-02-01 11:34:00,110.05,110.07,110.02,110.055,2747.0,FRT
2023-02-01 11:33:00,110.01,110.01,110.01,110.01,1054.0,FRT
2023-02-01 11:32:00,110.05,110.05,110.05,110.05,307.0,FRT
2023-02-01 11:31:00,110.06,110.06,110.02,110.02,631.0,FRT
2023-02-01 11:30:00,110.15,110.15,110.04,110.06,2720.0,FRT
2023-02-01 11:29:00,110.17,110.17,110.1,110.1,1699.0,FRT
2023-02-01 11:28:00,110.11,110.11,110.11,110.11,518.0,FRT
2023-02-01 11:27:00,110.15,110.158,110.14,110.14,1077.0,FRT
2023-02-01 11:26:00,110.17,110.21,110.17,110.17,1348.0,FRT
2023-02-01 11:23:00,110.08,110.08,110.04,110.04,478.0,FRT
2023-02-01 11:22:00,110.08,110.08,110.08,110.08,152.0,FRT
2023-02-01 11:21:00,109.95,109.95,109.95,109.95,314.0,FRT
2023-02-01 11:20:00,109.84,109.94,109.84,109.92,2444.0,FRT
2023-02-01 11:19:00,109.86,109.86,109.81,109.835,1326.0,FRT
2023-02-01 11:18:00,109.935,109.935,109.89,109.89,427.0,FRT
2023-02-01 11:17:00,109.85,109.94,109.84,109.94,2861.0,FRT
2023-02-01 11:16:00,109.87,109.88,109.85,109.86,896.0,FRT
2023-02-01 11:15:00,109.88,109.88,109.88,109.88,105.0,FRT
2023-02-01 11:14:00,109.84,109.91,109.84,109.89,2130.0,FRT
2023-02-01 11:13:00,109.83,109.83,109.8,109.8,586.0,FRT
2023-02-01 11:12:00,109.94,109.94,109.88,109.88,2065.0,FRT
2023-02-01 11:11:00,109.905,109.99,109.905,109.985,1976.0,FRT
2023-02-01 11:10:00,109.91,109.91,109.88,109.88,697.0,FRT
2023-02-01 11:09:00,109.945,109.945,109.92,109.92,717.0,FRT
2023-02-01 11:08:00,110.06,110.06,109.96,109.98,1074.0,FRT
2023-02-01 11:07:00,110.14,110.14,110.11,110.11,923.0,FRT
2023-02-01 11:06:00,110.17,110.17,110.14,110.14,837.0,FRT
2023-02-01 11:05:00,110.24,110.3,110.21,110.23,1502.0,FRT
2023-02-01 11:04:00,110.04,110.21,110.04,110.21,6348.0,FRT
2023-02-01 11:03:00,110.035,110.035,109.99,109.99,435.0,FRT
2023-02-01 11:02:00,110.1,110.1,109.99,110.0,1339.0,FRT
2023-02-01 11:01:00,110.03,110.095,110.03,110.095,1511.0,FRT
2023-02-01 11:00:00,110.22,110.22,110.1,110.105,1115.0,FRT
2023-02-01 10:59:00,110.31,110.31,110.265,110.265,783.0,FRT
2023-02-01 10:58:00,110.35,110.365,110.295,110.32,952.0,FRT
2023-02-01 10:57:00,110.31,110.31,110.31,110.31,252.0,FRT
2023-02-01 10:56:00,110.34,110.34,110.275,110.275,1365.0,FRT
2023-02-01 10:54:00,110.37,110.37,110.37,110.37,811.0,FRT
2023-02-01 10:53:00,110.37,110.39,110.37,110.37,996.0,FRT
2023-02-01 10:52:00,110.315,110.32,110.315,110.32,783.0,FRT
2023-02-01 10:51:00,110.59,110.59,110.26,110.385,4458.0,FRT
2023-02-01 10:50:00,110.705,110.705,110.62,110.62,1699.0,FRT
2023-02-01 10:49:00,110.695,110.695,110.695,110.695,295.0,FRT
2023-02-01 10:47:00,110.72,110.72,110.72,110.72,451.0,FRT
2023-02-01 10:46:00,110.67,110.67,110.65,110.65,1002.0,FRT
2023-02-01 10:45:00,110.78,110.78,110.71,110.71,2200.0,FRT
2023-02-01 10:44:00,110.8,110.815,110.8,110.815,335.0,FRT
2023-02-01 10:43:00,110.72,110.84,110.71,110.84,2055.0,FRT
2023-02-01 10:42:00,110.94,110.94,110.78,110.83,1372.0,FRT
2023-02-01 10:41:00,110.88,110.88,110.88,110.88,649.0,FRT
2023-02-01 10:40:00,110.85,110.85,110.79,110.79,1236.0,FRT
2023-02-01 10:39:00,110.9,110.915,110.87,110.915,1724.0,FRT
2023-02-01 10:36:00,110.69,110.85,110.61,110.85,3841.0,FRT
2023-02-01 10:35:00,110.585,110.72,110.52,110.675,10443.0,FRT
2023-02-01 10:34:00,110.55,110.58,110.525,110.58,9169.0,FRT
2023-02-01 10:33:00,110.56,110.56,110.51,110.51,1256.0,FRT
2023-02-01 10:32:00,110.695,110.695,110.535,110.55,2797.0,FRT
2023-02-01 10:31:00,110.725,110.78,110.68,110.68,4572.0,FRT
2023-02-01 10:30:00,110.69,110.73,110.685,110.73,940.0,FRT
2023-02-01 10:28:00,110.69,110.69,110.69,110.69,773.0,FRT
2023-02-01 10:27:00,110.69,110.69,110.67,110.67,1839.0,FRT
2023-02-01 10:25:00,110.71,110.72,110.68,110.69,926.0,FRT
2023-02-01 10:24:00,110.61,110.76,110.61,110.68,4782.0,FRT
2023-02-01 10:23:00,110.64,110.66,110.64,110.6563,2510.0,FRT
2023-02-01 10:22:00,110.74,110.77,110.69,110.69,3429.0,FRT
2023-02-01 10:21:00,110.77,110.77,110.705,110.705,585.0,FRT
2023-02-01 10:19:00,110.57,110.62,110.57,110.62,2023.0,FRT
2023-02-01 10:18:00,110.59,110.59,110.59,110.59,482.0,FRT
2023-02-01 10:17:00,110.72,110.72,110.63,110.63,2141.0,FRT
2023-02-01 10:16:00,110.78,110.78,110.76,110.76,329.0,FRT
2023-02-01 10:15:00,110.73,110.73,110.73,110.73,228.0,FRT
2023-02-01 10:14:00,110.83,110.83,110.74,110.75,2065.0,FRT
2023-02-01 10:13:00,110.8,110.89,110.8,110.89,1251.0,FRT
2023-02-01 10:12:00,110.78,110.78,110.78,110.78,650.0,FRT
2023-02-01 10:11:00,110.76,110.8375,110.76,110.76,2577.0,FRT
2023-02-01 10:10:00,110.735,110.75,110.72,110.75,1089.0,FRT
2023-02-01 10:09:00,110.63,110.75,110.63,110.705,1936.0,FRT
2023-02-01 10:08:00,110.88,110.9,110.69,110.69,2121.0,FRT
2023-02-01 10:07:00,110.955,110.955,110.94,110.955,1195.0,FRT
2023-02-01 10:06:00,110.99,110.99,110.99,110.99,1026.0,FRT
2023-02-01 10:05:00,110.98,111.02,110.955,111.01,3101.0,FRT
2023-02-01 10:04:00,111.08,111.08,110.95,110.95,1171.0,FRT
2023-02-01 10:03:00,111.16,111.17,111.09,111.1,1069.0,FRT
2023-02-01 10:02:00,111.13,111.22,111.12,111.16,4115.0,FRT
2023-02-01 10:01:00,111.21,111.21,111.05,111.18,2980.0,FRT
2023-02-01 09:59:00,111.165,111.3,111.165,111.28,2497.0,FRT
2023-02-01 09:58:00,111.44,111.5,111.19,111.225,8317.0,FRT
2023-02-01 09:57:00,111.51,111.56,111.48,111.48,967.0,FRT
2023-02-01 09:56:00,111.72,111.72,111.56,111.56,1906.0,FRT
2023-02-01 09:55:00,111.58,111.765,111.58,111.7,2936.0,FRT
2023-02-01 09:54:00,111.54,111.6,111.48,111.6,2077.0,FRT
2023-02-01 09:53:00,111.57,111.57,111.57,111.57,162.0,FRT
2023-02-01 09:52:00,111.52,111.57,111.48,111.48,1600.0,FRT
2023-02-01 09:51:00,111.44,111.44,111.44,111.44,552.0,FRT
2023-02-01 09:50:00,111.45,111.45,111.45,111.45,157.0,FRT
2023-02-01 09:49:00,111.44,111.56,111.44,111.56,377.0,FRT
2023-02-01 09:48:00,111.44,111.44,111.44,111.44,185.0,FRT
2023-02-01 09:47:00,111.4,111.4,111.4,111.4,692.0,FRT
2023-02-01 09:46:00,111.22,111.36,111.22,111.36,1375.0,FRT
2023-02-01 09:45:00,111.36,111.4,111.36,111.4,492.0,FRT
2023-02-01 09:44:00,111.38,111.38,111.38,111.38,134.0,FRT
2023-02-01 09:43:00,111.5,111.5,111.49,111.49,662.0,FRT
2023-02-01 09:41:00,111.59,111.59,111.4,111.4,950.0,FRT
2023-02-01 09:39:00,111.47,111.47,111.47,111.47,166.0,FRT
2023-02-01 09:37:00,111.33,111.33,111.33,111.33,304.0,FRT
2023-02-01 09:35:00,111.7,111.71,111.33,111.36,1243.0,FRT
2023-02-01 09:34:00,111.7,111.7,111.7,111.7,510.0,FRT
2023-02-01 09:33:00,111.76,111.83,111.76,111.83,449.0,FRT
2023-02-01 09:32:00,111.91,111.91,111.9,111.9,433.0,FRT
2023-02-01 09:31:00,111.3,111.45,111.12,111.45,8117.0,FRT
2023-01-31 16:44:00,111.6,111.6,111.6,111.6,360.0,FRT
2023-01-31 16:05:00,111.53,111.53,111.53,111.53,225565.0,FRT
2023-01-31 16:03:00,111.53,111.53,111.53,111.53,5584.0,FRT
2023-01-31 16:02:00,111.53,111.53,111.53,111.53,333.0,FRT
2023-01-31 16:01:00,111.53,111.53,111.53,111.53,61479.0,FRT
2023-01-31 16:00:00,111.83,111.84,111.4,111.56,117789.0,FRT
2023-01-31 15:59:00,111.88,111.98,111.81,111.83,27685.0,FRT
2023-01-31 15:58:00,111.65,111.87,111.615,111.86,28119.0,FRT
2023-01-31 15:57:00,111.82,111.82,111.59,111.67,23687.0,FRT
2023-01-31 15:56:00,111.57,111.82,111.54,111.82,36687.0,FRT
2023-01-31 15:55:00,111.51,111.57,111.48,111.53,13207.0,FRT
2023-01-31 15:54:00,111.49,111.56,111.47,111.51,20304.0,FRT
2023-01-31 15:53:00,111.65,111.65,111.46,111.47,20800.0,FRT
2023-01-31 15:52:00,111.83,111.84,111.66,111.67,15854.0,FRT
2023-01-31 15:51:00,111.47,111.9,111.47,111.85,26118.0,FRT
2023-01-31 15:50:00,111.505,111.56,111.45,111.45,4203.0,FRT
2023-01-31 15:49:00,111.54,111.58,111.47,111.505,6543.0,FRT
2023-01-31 15:48:00,111.43,111.53,111.43,111.52,5140.0,FRT
2023-01-31 15:47:00,111.4,111.44,111.39,111.44,5996.0,FRT
2023-01-31 15:46:00,111.38,111.46,111.37,111.44,5900.0,FRT
2023-01-31 15:45:00,111.3,111.34,111.27,111.335,2560.0,FRT
2023-01-31 15:44:00,111.35,111.365,111.3,111.3,4505.0,FRT
2023-01-31 15:43:00,111.34,111.35,111.32,111.32,2884.0,FRT
2023-01-31 15:42:00,111.25,111.34,111.25,111.34,4461.0,FRT
2023-01-31 15:41:00,111.18,111.26,111.18,111.22,4718.0,FRT
2023-01-31 15:40:00,111.14,111.17,111.1,111.13,4176.0,FRT
2023-01-31 15:39:00,111.08,111.18,111.08,111.16,2924.0,FRT
2023-01-31 15:38:00,111.16,111.16,111.1,111.1,3275.0,FRT
2023-01-31 15:37:00,111.06,111.159,111.06,111.159,1896.0,FRT
2023-01-31 15:36:00,111.13,111.13,111.05,111.06,2109.0,FRT
2023-01-31 15:35:00,111.23,111.29,111.11,111.11,5036.0,FRT
2023-01-31 15:34:00,111.165,111.24,111.165,111.235,2452.0,FRT
2023-01-31 15:33:00,111.09,111.19,111.09,111.18,8380.0,FRT
2023-01-31 15:32:00,111.05,111.075,111.05,111.075,2185.0,FRT
2023-01-31 15:31:00,110.84,110.98,110.83,110.98,5029.0,FRT
2023-01-31 15:30:00,110.78,110.82,110.77,110.8,3555.0,FRT
2023-01-31 15:29:00,110.77,110.77,110.77,110.77,333.0,FRT
2023-01-31 15:28:00,110.8,110.8,110.76,110.76,1154.0,FRT
2023-01-31 15:27:00,110.84,110.84,110.79,110.8,2274.0,FRT
2023-01-31 15:26:00,110.77,110.87,110.77,110.87,3171.0,FRT
2023-01-31 15:25:00,110.78,110.78,110.76,110.77,1849.0,FRT
2023-01-31 15:24:00,110.79,110.82,110.79,110.8,4839.0,FRT
2023-01-31 15:23:00,110.81,110.86,110.76,110.76,2404.0,FRT
2023-01-31 15:22:00,110.83,110.83,110.76,110.815,3157.0,FRT
2023-01-31 15:21:00,110.785,110.83,110.785,110.83,819.0,FRT
2023-01-31 15:20:00,110.77,110.78,110.77,110.78,579.0,FRT
2023-01-31 15:19:00,110.82,110.85,110.78,110.79,1412.0,FRT
2023-01-31 15:18:00,111.06,111.06,110.87,110.87,4125.0,FRT
2023-01-31 15:17:00,111.01,111.07,110.99,111.05,3616.0,FRT
2023-01-31 15:16:00,110.84,110.98,110.84,110.98,3150.0,FRT
2023-01-31 15:15:00,110.72,110.83,110.72,110.81,3236.0,FRT
2023-01-31 15:14:00,110.76,110.76,110.71,110.71,1303.0,FRT
2023-01-31 15:13:00,110.67,110.76,110.635,110.745,4078.0,FRT
2023-01-31 15:12:00,110.63,110.63,110.61,110.61,1663.0,FRT
2023-01-31 15:11:00,110.72,110.72,110.68,110.68,927.0,FRT
2023-01-31 15:10:00,110.68,110.68,110.68,110.68,659.0,FRT
2023-01-31 15:09:00,110.73,110.73,110.675,110.69,2349.0,FRT
2023-01-31 15:08:00,110.84,110.84,110.775,110.775,2485.0,FRT
2023-01-31 15:07:00,110.89,110.89,110.885,110.885,823.0,FRT
2023-01-31 15:05:00,110.96,110.98,110.96,110.98,1143.0,FRT
2023-01-31 15:04:00,111.06,111.06,110.94,110.94,3475.0,FRT
2023-01-31 15:03:00,111.02,111.05,111.01,111.01,2466.0,FRT
2023-01-31 15:02:00,110.94,111.0,110.93,110.98,2894.0,FRT
2023-01-31 15:01:00,110.89,110.95,110.88,110.93,3260.0,FRT
2023-01-31 15:00:00,110.99,110.99,110.9,110.9,4319.0,FRT
2023-01-31 14:59:00,110.94,111.0,110.93,110.98,3862.0,FRT
2023-01-31 14:58:00,110.92,110.92,110.91,110.91,1092.0,FRT
2023-01-31 14:57:00,110.93,110.965,110.93,110.93,2987.0,FRT
2023-01-31 14:56:00,110.9,110.9,110.88,110.88,633.0,FRT
2023-01-31 14:55:00,110.97,110.97,110.915,110.915,816.0,FRT
2023-01-31 14:54:00,111.05,111.05,110.97,110.97,2614.0,FRT
2023-01-31 14:53:00,111.025,111.08,110.99,111.06,2152.0,FRT
2023-01-31 14:52:00,111.01,111.015,110.97,111.015,1311.0,FRT
2023-01-31 14:51:00,111.13,111.2,111.01,111.015,6323.0,FRT
2023-01-31 14:50:00,111.17,111.17,111.13,111.13,789.0,FRT
2023-01-31 14:49:00,111.15,111.15,111.15,111.15,1038.0,FRT
2023-01-31 14:48:00,111.14,111.15,111.14,111.15,1503.0,FRT
2023-01-31 14:46:00,111.115,111.115,111.08,111.08,535.0,FRT
2023-01-31 14:45:00,111.13,111.14,111.13,111.14,1126.0,FRT
2023-01-31 14:44:00,111.1,111.11,111.08,111.08,841.0,FRT
2023-01-31 14:43:00,111.085,111.13,111.085,111.13,321.0,FRT
2023-01-31 14:42:00,111.07,111.07,111.07,111.07,846.0,FRT
2023-01-31 14:41:00,111.04,111.04,111.04,111.04,246.0,FRT
2023-01-31 14:40:00,110.935,111.03,110.935,111.03,1494.0,FRT
2023-01-31 14:39:00,110.905,110.94,110.905,110.91,1185.0,FRT
2023-01-31 14:38:00,110.83,110.91,110.83,110.8675,1959.0,FRT
2023-01-31 14:37:00,110.98,110.98,110.82,110.82,3639.0,FRT
2023-01-31 14:36:00,111.02,111.02,110.95,110.95,1991.0,FRT
2023-01-31 14:35:00,111.03,111.03,110.98,111.03,1342.0,FRT
2023-01-31 14:34:00,111.005,111.005,110.98,111.0,1735.0,FRT
2023-01-31 14:33:00,111.0,111.0,111.0,111.0,937.0,FRT
2023-01-31 14:31:00,111.04,111.04,110.99,110.99,2983.0,FRT
2023-01-31 14:30:00,111.01,111.05,111.01,111.03,1538.0,FRT
2023-01-31 14:29:00,110.96,111.01,110.92,111.01,2610.0,FRT
2023-01-31 14:28:00,110.95,110.95,110.95,110.95,851.0,FRT
2023-01-31 14:27:00,110.91,110.92,110.91,110.92,1267.0,FRT
2023-01-31 14:26:00,110.935,110.935,110.935,110.935,340.0,FRT
2023-01-31 14:25:00,110.88,110.95,110.88,110.95,1148.0,FRT
2023-01-31 14:24:00,110.99,110.99,110.95,110.95,1127.0,FRT
2023-01-31 14:23:00,111.14,111.14,111.0,111.0,2451.0,FRT
2023-01-31 14:22:00,111.05,111.19,111.05,111.19,3784.0,FRT
2023-01-31 14:21:00,111.115,111.115,111.09,111.09,714.0,FRT
2023-01-31 14:20:00,111.21,111.22,111.14,111.14,2434.0,FRT
2023-01-31 14:19:00,111.135,111.2,111.135,111.17,1712.0,FRT
2023-01-31 14:18:00,111.08,111.11,111.04,111.11,1675.0,FRT
2023-01-31 14:17:00,111.08,111.08,111.04,111.04,684.0,FRT
2023-01-31 14:16:00,111.07,111.075,111.04,111.04,1583.0,FRT
2023-01-31 14:15:00,111.11,111.11,111.09,111.09,312.0,FRT
2023-01-31 14:13:00,111.0886,111.1,111.0886,111.1,978.0,FRT
2023-01-31 14:12:00,111.05,111.05,111.05,111.05,1099.0,FRT
2023-01-31 14:11:00,111.18,111.18,111.06,111.11,1801.0,FRT
2023-01-31 14:10:00,111.3,111.3,111.2,111.2,3333.0,FRT
2023-01-31 14:09:00,111.27,111.29,111.24,111.29,842.0,FRT
2023-01-31 14:08:00,111.08,111.25,111.08,111.225,3364.0,FRT
2023-01-31 14:07:00,110.91,111.08,110.91,111.08,6106.0,FRT
2023-01-31 14:06:00,110.91,110.91,110.91,110.91,360.0,FRT
2023-01-31 14:05:00,110.91,110.91,110.91,110.91,199.0,FRT
2023-01-31 14:04:00,110.89,110.89,110.89,110.89,550.0,FRT
2023-01-31 14:03:00,110.95,110.95,110.92,110.92,1119.0,FRT
2023-01-31 14:02:00,110.875,110.95,110.875,110.95,1925.0,FRT
2023-01-31 14:01:00,110.875,110.875,110.875,110.875,210.0,FRT
2023-01-31 14:00:00,110.9099,110.9099,110.81,110.85,1802.0,FRT
2023-01-31 13:59:00,110.83,110.89,110.83,110.89,1222.0,FRT
2023-01-31 13:58:00,110.86,110.86,110.86,110.86,413.0,FRT
2023-01-31 13:57:00,110.94,110.94,110.9,110.9,1720.0,FRT
2023-01-31 13:56:00,110.95,110.96,110.95,110.96,325.0,FRT
2023-01-31 13:55:00,110.96,110.96,110.96,110.96,919.0,FRT
2023-01-31 13:54:00,110.93,110.9535,110.93,110.9535,847.0,FRT
2023-01-31 13:53:00,110.95,110.95,110.94,110.94,517.0,FRT
2023-01-31 13:51:00,110.86,110.91,110.86,110.91,1161.0,FRT
2023-01-31 13:50:00,110.74,110.81,110.74,110.81,2761.0,FRT
2023-01-31 13:49:00,110.78,110.78,110.75,110.75,1266.0,FRT
2023-01-31 13:48:00,110.78,110.79,110.7657,110.7657,1325.0,FRT
2023-01-31 13:47:00,110.75,110.75,110.75,110.75,344.0,FRT
2023-01-31 13:46:00,110.71,110.755,110.71,110.755,356.0,FRT
2023-01-31 13:44:00,110.83,110.83,110.75,110.76,1496.0,FRT
2023-01-31 13:43:00,110.865,110.865,110.865,110.865,283.0,FRT
2023-01-31 13:41:00,110.82,110.82,110.82,110.82,791.0,FRT
2023-01-31 13:40:00,110.735,110.745,110.73,110.745,936.0,FRT
2023-01-31 13:39:00,110.76,110.76,110.7,110.7,1387.0,FRT
2023-01-31 13:37:00,110.79,110.79,110.79,110.79,915.0,FRT
2023-01-31 13:36:00,110.76,110.76,110.76,110.76,652.0,FRT
2023-01-31 13:35:00,110.74,110.74,110.72,110.72,954.0,FRT
2023-01-31 13:34:00,110.7,110.7,110.67,110.67,541.0,FRT
2023-01-31 13:33:00,110.72,110.72,110.72,110.72,369.0,FRT
2023-01-31 13:32:00,110.84,110.84,110.72,110.72,2073.0,FRT
2023-01-31 13:31:00,110.85,110.86,110.85,110.86,1487.0,FRT
2023-01-31 13:30:00,110.8134,110.84,110.81,110.825,1024.0,FRT
2023-01-31 13:29:00,110.82,110.82,110.8,110.8,1140.0,FRT
2023-01-31 13:28:00,110.83,110.83,110.81,110.83,408.0,FRT
2023-01-31 13:27:00,110.88,110.88,110.83,110.845,1769.0,FRT
2023-01-31 13:26:00,110.83,110.85,110.825,110.85,672.0,FRT
2023-01-31 13:25:00,110.8327,110.8327,110.81,110.81,362.0,FRT
2023-01-31 13:24:00,110.84,110.84,110.83,110.83,416.0,FRT
2023-01-31 13:23:00,110.87,110.87,110.85,110.85,1231.0,FRT
2023-01-31 13:22:00,110.8,110.8446,110.8,110.8446,480.0,FRT
2023-01-31 13:21:00,110.78,110.795,110.78,110.795,954.0,FRT
2023-01-31 13:20:00,110.79,110.8,110.76,110.8,1811.0,FRT
2023-01-31 13:19:00,110.755,110.755,110.73,110.74,907.0,FRT
2023-01-31 13:18:00,110.725,110.75,110.67,110.75,2039.0,FRT
2023-01-31 13:17:00,110.71,110.71,110.71,110.71,175.0,FRT
2023-01-31 13:16:00,110.75,110.75,110.7,110.7,662.0,FRT
2023-01-31 13:15:00,110.82,110.82,110.76,110.76,767.0,FRT
2023-01-31 13:14:00,110.89,110.89,110.82,110.82,607.0,FRT
2023-01-31 13:13:00,110.94,110.94,110.94,110.94,736.0,FRT
2023-01-31 13:12:00,110.92,110.92,110.91,110.91,499.0,FRT
2023-01-31 13:10:00,110.97,110.97,110.87,110.88,2342.0,FRT
2023-01-31 13:09:00,110.9,110.98,110.9,110.98,1723.0,FRT
2023-01-31 13:07:00,110.86,110.9,110.8312,110.8612,1565.0,FRT
2023-01-31 13:06:00,110.85,110.86,110.85,110.86,411.0,FRT
2023-01-31 13:05:00,110.85,110.865,110.85,110.865,797.0,FRT
2023-01-31 13:04:00,110.8,110.81,110.76,110.76,1024.0,FRT
2023-01-31 13:03:00,110.81,110.81,110.7719,110.805,654.0,FRT
2023-01-31 13:02:00,110.86,110.86,110.805,110.825,1698.0,FRT
2023-01-31 13:01:00,110.88,110.9,110.88,110.89,1858.0,FRT
2023-01-31 13:00:00,110.88,110.9,110.875,110.88,764.0,FRT
2023-01-31 12:59:00,110.87,110.9,110.87,110.9,592.0,FRT
2023-01-31 12:58:00,110.88,110.89,110.86,110.86,825.0,FRT
2023-01-31 12:57:00,110.87,110.87,110.87,110.87,615.0,FRT
2023-01-31 12:56:00,110.9,110.9,110.875,110.875,766.0,FRT
2023-01-31 12:55:00,110.9,110.91,110.88,110.88,1527.0,FRT
2023-01-31 12:51:00,110.885,110.885,110.85,110.85,722.0,FRT
2023-01-31 12:50:00,110.82,110.9,110.82,110.89,1502.0,FRT
2023-01-31 12:48:00,110.84,110.84,110.835,110.835,812.0,FRT
2023-01-31 12:46:00,110.79,110.86,110.76,110.86,1261.0,FRT
2023-01-31 12:44:00,110.785,110.785,110.785,110.785,669.0,FRT
2023-01-31 12:42:00,110.79,110.8001,110.76,110.765,1764.0,FRT
2023-01-31 12:41:00,110.8,110.8,110.78,110.78,707.0,FRT
2023-01-31 12:40:00,110.765,110.765,110.735,110.735,849.0,FRT
2023-01-31 12:39:00,110.785,110.785,110.75,110.75,510.0,FRT
2023-01-31 12:38:00,110.77,110.82,110.74,110.82,1570.0,FRT
2023-01-31 12:37:00,110.72,110.745,110.72,110.73,427.0,FRT
2023-01-31 12:36:00,110.745,110.75,110.745,110.75,732.0,FRT
2023-01-31 12:35:00,110.75,110.75,110.75,110.75,276.0,FRT
2023-01-31 12:34:00,110.78,110.78,110.76,110.76,1228.0,FRT
2023-01-31 12:33:00,110.85,110.85,110.83,110.83,480.0,FRT
2023-01-31 12:32:00,110.835,110.835,110.835,110.835,160.0,FRT
2023-01-31 12:31:00,110.835,110.86,110.835,110.86,1569.0,FRT
2023-01-31 12:30:00,110.85,110.85,110.85,110.85,852.0,FRT
2023-01-31 12:29:00,110.76,110.83,110.76,110.83,1297.0,FRT
2023-01-31 12:28:00,110.73,110.76,110.73,110.76,543.0,FRT
2023-01-31 12:27:00,110.8,110.8,110.775,110.775,1328.0,FRT
2023-01-31 12:26:00,110.74,110.755,110.74,110.755,746.0,FRT
2023-01-31 12:25:00,110.74,110.75,110.74,110.75,273.0,FRT
2023-01-31 12:24:00,110.78,110.79,110.75,110.75,1121.0,FRT
2023-01-31 12:23:00,110.82,110.82,110.82,110.82,378.0,FRT
2023-01-31 12:22:00,110.885,110.885,110.86,110.86,835.0,FRT
2023-01-31 12:21:00,110.98,110.98,110.87,110.87,2357.0,FRT
2023-01-31 12:20:00,110.99,111.04,110.99,111.04,1529.0,FRT
2023-01-31 12:19:00,110.91,110.94,110.865,110.94,1063.0,FRT
2023-01-31 12:18:00,110.78,110.86,110.78,110.86,1859.0,FRT
2023-01-31 12:17:00,110.71,110.71,110.71,110.71,717.0,FRT
2023-01-31 12:16:00,110.73,110.73,110.715,110.7225,896.0,FRT
2023-01-31 12:14:00,110.72,110.75,110.72,110.75,671.0,FRT
2023-01-31 12:13:00,110.7,110.72,110.69,110.72,1532.0,FRT
2023-01-31 12:12:00,110.71,110.71,110.71,110.71,603.0,FRT
2023-01-31 12:11:00,110.61,110.67,110.61,110.67,1970.0,FRT
2023-01-31 12:10:00,110.62,110.65,110.62,110.62,929.0,FRT
2023-01-31 12:09:00,110.52,110.58,110.52,110.58,692.0,FRT
2023-01-31 12:08:00,110.67,110.67,110.57,110.57,1652.0,FRT
2023-01-31 12:07:00,110.7109,110.725,110.67,110.67,1100.0,FRT
2023-01-31 12:06:00,110.7,110.7,110.7,110.7,492.0,FRT
2023-01-31 12:05:00,110.71,110.74,110.71,110.74,569.0,FRT
2023-01-31 12:04:00,110.67,110.75,110.67,110.73,1397.0,FRT
2023-01-31 12:02:00,110.74,110.74,110.69,110.69,1341.0,FRT
2023-01-31 12:01:00,110.76,110.775,110.74,110.74,1917.0,FRT
2023-01-31 12:00:00,110.79,110.8,110.79,110.8,1180.0,FRT
2023-01-31 11:59:00,110.75,110.76,110.73,110.76,1960.0,FRT
2023-01-31 11:58:00,110.72,110.72,110.69,110.69,437.0,FRT
2023-01-31 11:57:00,110.75,110.75,110.75,110.75,421.0,FRT
2023-01-31 11:56:00,110.7,110.74,110.7,110.72,625.0,FRT
2023-01-31 11:55:00,110.76,110.78,110.685,110.685,3155.0,FRT
2023-01-31 11:54:00,110.75,110.755,110.75,110.755,484.0,FRT
2023-01-31 11:53:00,110.7692,110.79,110.71,110.745,1382.0,FRT
2023-01-31 11:52:00,110.73,110.745,110.73,110.745,374.0,FRT
2023-01-31 11:50:00,110.62,110.71,110.62,110.71,2091.0,FRT
2023-01-31 11:48:00,110.59,110.59,110.575,110.58,1415.0,FRT
2023-01-31 11:47:00,110.5,110.555,110.5,110.555,1654.0,FRT
2023-01-31 11:46:00,110.48,110.48,110.44,110.44,970.0,FRT
2023-01-31 11:45:00,110.56,110.56,110.51,110.51,1681.0,FRT
2023-01-31 11:43:00,110.39,110.56,110.39,110.56,718.0,FRT
2023-01-31 11:42:00,110.34,110.37,110.34,110.37,2346.0,FRT
2023-01-31 11:41:00,110.27,110.34,110.27,110.3229,1942.0,FRT
2023-01-31 11:40:00,110.26,110.26,110.26,110.26,800.0,FRT
2023-01-31 11:39:00,110.35,110.36,110.31,110.31,810.0,FRT
2023-01-31 11:38:00,110.32,110.41,110.32,110.41,2748.0,FRT
2023-01-31 11:37:00,110.42,110.42,110.34,110.34,1603.0,FRT
2023-01-31 11:35:00,110.42,110.4225,110.42,110.4225,550.0,FRT
2023-01-31 11:34:00,110.46,110.46,110.4264,110.4264,1201.0,FRT
2023-01-31 11:33:00,110.4,110.475,110.4,110.475,2892.0,FRT
2023-01-31 11:32:00,110.37,110.4,110.37,110.375,1680.0,FRT
2023-01-31 11:31:00,110.38,110.41,110.38,110.41,1562.0,FRT
2023-01-31 11:30:00,110.44,110.44,110.33,110.34,1417.0,FRT
2023-01-31 11:29:00,110.44,110.44,110.41,110.41,568.0,FRT
2023-01-31 11:28:00,110.4875,110.4875,110.44,110.44,474.0,FRT
2023-01-31 11:27:00,110.48,110.51,110.47,110.51,1422.0,FRT
2023-01-31 11:26:00,110.5,110.5,110.455,110.455,1323.0,FRT
2023-01-31 11:25:00,110.53,110.54,110.5,110.54,1161.0,FRT
2023-01-31 11:24:00,110.51,110.52,110.5,110.5,2065.0,FRT
2023-01-31 11:23:00,110.43,110.51,110.43,110.48,2738.0,FRT
2023-01-31 11:22:00,110.484,110.484,110.484,110.484,622.0,FRT
2023-01-31 11:21:00,110.42,110.42,110.42,110.42,322.0,FRT
2023-01-31 11:20:00,110.31,110.47,110.31,110.47,3132.0,FRT
2023-01-31 11:19:00,110.43,110.43,110.29,110.31,2466.0,FRT
2023-01-31 11:18:00,110.455,110.455,110.455,110.455,215.0,FRT
2023-01-31 11:17:00,110.455,110.455,110.455,110.455,102.0,FRT
2023-01-31 11:16:00,110.405,110.46,110.405,110.455,3380.0,FRT
2023-01-31 11:15:00,110.4,110.43,110.4,110.4,1183.0,FRT
2023-01-31 11:14:00,110.43,110.47,110.43,110.46,1846.0,FRT
2023-01-31 11:13:00,110.46,110.46,110.36,110.44,2313.0,FRT
2023-01-31 11:12:00,110.54,110.54,110.46,110.46,1113.0,FRT
2023-01-31 11:11:00,110.595,110.595,110.57,110.57,1165.0,FRT
2023-01-31 11:10:00,110.5,110.61,110.5,110.595,2382.0,FRT
2023-01-31 11:09:00,110.57,110.57,110.57,110.57,567.0,FRT
2023-01-31 11:08:00,110.565,110.61,110.565,110.57,2392.0,FRT
2023-01-31 11:07:00,110.5777,110.5777,110.57,110.57,340.0,FRT
2023-01-31 11:06:00,110.53,110.58,110.51,110.58,766.0,FRT
2023-01-31 11:05:00,110.55,110.59,110.53,110.585,2275.0,FRT
2023-01-31 11:04:00,110.8,110.8,110.52,110.52,3664.0,FRT
2023-01-31 11:03:00,110.82,110.83,110.82,110.83,602.0,FRT
2023-01-31 11:02:00,111.01,111.01,110.89,110.89,1158.0,FRT
2023-01-31 11:01:00,110.8,111.0,110.8,110.99,3748.0,FRT
2023-01-31 11:00:00,110.79,110.82,110.77,110.805,4557.0,FRT
2023-01-31 10:59:00,110.91,110.91,110.84,110.845,929.0,FRT
2023-01-31 10:58:00,110.65,110.86,110.65,110.86,6281.0,FRT
2023-01-31 10:57:00,110.78,110.78,110.69,110.69,2260.0,FRT
2023-01-31 10:56:00,110.665,110.77,110.665,110.77,934.0,FRT
2023-01-31 10:53:00,110.58,110.65,110.53,110.65,4782.0,FRT
2023-01-31 10:52:00,110.62,110.62,110.59,110.615,866.0,FRT
2023-01-31 10:51:00,110.605,110.64,110.605,110.62,1561.0,FRT
2023-01-31 10:50:00,110.62,110.63,110.6,110.62,1624.0,FRT
2023-01-31 10:49:00,110.68,110.71,110.63,110.63,3158.0,FRT
2023-01-31 10:48:00,110.615,110.68,110.615,110.665,1159.0,FRT
2023-01-31 10:47:00,110.6,110.6,110.59,110.59,1104.0,FRT
2023-01-31 10:46:00,110.54,110.56,110.54,110.54,1569.0,FRT
2023-01-31 10:45:00,110.53,110.53,110.47,110.5,1993.0,FRT
2023-01-31 10:44:00,110.46,110.51,110.46,110.5,1105.0,FRT
2023-01-31 10:43:00,110.48,110.48,110.48,110.48,493.0,FRT
2023-01-31 10:42:00,110.24,110.325,110.24,110.325,2067.0,FRT
2023-01-31 10:41:00,110.155,110.27,110.1,110.24,1762.0,FRT
2023-01-31 10:40:00,110.18,110.18,110.1736,110.1736,457.0,FRT
2023-01-31 10:38:00,110.38,110.38,110.31,110.31,2027.0,FRT
2023-01-31 10:37:00,110.46,110.46,110.42,110.42,428.0,FRT
2023-01-31 10:36:00,110.4,110.4,110.39,110.39,1040.0,FRT
2023-01-31 10:35:00,110.35,110.41,110.35,110.41,578.0,FRT
2023-01-31 10:34:00,110.3,110.3896,110.3,110.3896,2516.0,FRT
2023-01-31 10:32:00,110.24,110.24,110.18,110.2,948.0,FRT
2023-01-31 10:31:00,110.05,110.22,110.05,110.2075,2063.0,FRT
2023-01-31 10:30:00,109.99,110.03,109.99,110.01,839.0,FRT
2023-01-31 10:29:00,109.825,109.935,109.825,109.935,2074.0,FRT
2023-01-31 10:28:00,109.82,109.82,109.76,109.77,570.0,FRT
2023-01-31 10:27:00,109.96,109.96,109.8,109.8,1528.0,FRT
2023-01-31 10:26:00,110.02,110.02,109.94,109.995,1910.0,FRT
2023-01-31 10:25:00,110.06,110.1,110.06,110.1,515.0,FRT
2023-01-31 10:24:00,110.0305,110.0305,110.0305,110.0305,457.0,FRT
2023-01-31 10:23:00,110.005,110.1,110.005,110.1,1886.0,FRT
2023-01-31 10:21:00,110.005,110.005,109.97,109.98,1404.0,FRT
2023-01-31 10:20:00,110.0,110.04,110.0,110.04,612.0,FRT
2023-01-31 10:19:00,110.0,110.0,110.0,110.0,411.0,FRT
2023-01-31 10:18:00,110.04,110.04,109.99,109.99,1531.0,FRT
2023-01-31 10:17:00,109.93,109.99,109.93,109.98,1338.0,FRT
2023-01-31 10:16:00,109.86,109.93,109.86,109.93,1208.0,FRT
2023-01-31 10:15:00,109.75,109.83,109.75,109.83,2125.0,FRT
2023-01-31 10:14:00,109.67,109.715,109.67,109.7,2030.0,FRT
2023-01-31 10:13:00,109.63,109.63,109.63,109.63,557.0,FRT
2023-01-31 10:12:00,109.585,109.67,109.58,109.58,1275.0,FRT
2023-01-31 10:11:00,109.61,109.67,109.61,109.6115,2513.0,FRT
2023-01-31 10:10:00,109.8,109.8,109.62,109.64,1353.0,FRT
2023-01-31 10:09:00,109.87,109.87,109.8,109.8,1029.0,FRT
2023-01-31 10:08:00,110.06,110.12,109.96,109.96,2288.0,FRT
2023-01-31 10:07:00,110.0,110.0,109.99,109.99,898.0,FRT
2023-01-31 10:06:00,110.04,110.14,110.015,110.095,1939.0,FRT
2023-01-31 10:05:00,109.9801,109.9801,109.9801,109.9801,1563.0,FRT
2023-01-31 10:04:00,110.105,110.14,110.06,110.06,1864.0,FRT
2023-01-31 10:03:00,110.09,110.12,110.09,110.12,531.0,FRT
2023-01-31 10:02:00,110.01,110.04,110.01,110.04,2452.0,FRT
2023-01-31 10:01:00,110.0,110.0,110.0,110.0,1073.0,FRT
2023-01-31 10:00:00,110.09,110.15,110.02,110.15,2477.0,FRT
2023-01-31 09:59:00,110.05,110.11,109.94,110.11,1871.0,FRT
2023-01-31 09:58:00,110.36,110.36,110.16,110.16,1718.0,FRT
2023-01-31 09:57:00,110.34,110.34,110.33,110.33,752.0,FRT
2023-01-31 09:56:00,110.24,110.4,110.24,110.4,2967.0,FRT
2023-01-31 09:55:00,110.05,110.23,110.05,110.1,1603.0,FRT
2023-01-31 09:54:00,109.92,109.99,109.92,109.99,1300.0,FRT
2023-01-31 09:53:00,109.79,109.79,109.79,109.79,630.0,FRT
2023-01-31 09:52:00,110.02,110.02,109.79,109.79,2753.0,FRT
2023-01-31 09:51:00,110.07,110.22,110.07,110.1,2172.0,FRT
2023-01-31 09:50:00,109.96,109.96,109.96,109.96,220.0,FRT
2023-01-31 09:48:00,110.06,110.06,109.99,109.99,722.0,FRT
2023-01-31 09:47:00,110.08,110.08,110.08,110.08,554.0,FRT
2023-01-31 09:46:00,109.67,110.08,109.67,110.08,3467.0,FRT
2023-01-31 09:45:00,109.71,109.71,109.665,109.665,404.0,FRT
2023-01-31 09:43:00,109.49,109.72,109.33,109.72,3941.0,FRT
2023-01-31 09:42:00,109.64,109.64,109.5,109.53,1134.0,FRT
2023-01-31 09:41:00,109.53,109.545,109.53,109.545,1440.0,FRT
2023-01-31 09:40:00,109.41,109.475,109.32,109.475,2477.0,FRT
2023-01-31 09:39:00,109.175,109.38,109.175,109.345,1706.0,FRT
2023-01-31 09:38:00,109.05,109.24,109.02,109.24,2213.0,FRT
2023-01-31 09:37:00,109.1,109.1,108.86,109.05,1587.0,FRT
2023-01-31 09:36:00,109.21,109.21,108.87,109.21,6193.0,FRT
2023-01-31 09:35:00,109.31,109.4,109.31,109.31,1909.0,FRT
2023-01-31 09:34:00,109.35,109.35,109.35,109.35,248.0,FRT
2023-01-31 09:33:00,109.57,109.57,109.57,109.57,251.0,FRT
2023-01-31 09:31:00,109.94,109.94,109.94,109.94,3218.0,FRT
2023-01-30 16:02:00,109.97,109.97,109.97,109.97,4325.0,FRT
2023-01-30 16:01:00,109.97,109.97,109.97,109.97,6071.0,FRT
2023-01-30 16:00:00,109.96,110.0,109.88,109.97,19226.0,FRT
2023-01-30 15:59:00,109.945,110.03,109.925,109.95,12143.0,FRT
2023-01-30 15:58:00,109.99,109.99,109.925,109.945,7613.0,FRT
2023-01-30 15:57:00,109.955,110.0,109.94,109.99,7886.0,FRT
2023-01-30 15:56:00,110.04,110.06,109.94,109.95,6869.0,FRT
2023-01-30 15:55:00,110.13,110.14,110.02,110.03,6760.0,FRT
2023-01-30 15:54:00,110.08,110.12,110.06,110.11,4202.0,FRT
2023-01-30 15:53:00,110.16,110.16,110.08,110.09,4595.0,FRT
2023-01-30 15:52:00,110.26,110.34,110.18,110.18,6140.0,FRT
2023-01-30 15:51:00,110.14,110.27,110.11,110.25,7331.0,FRT
2023-01-30 15:50:00,110.06,110.1,110.06,110.1,1540.0,FRT
2023-01-30 15:49:00,110.01,110.0563,109.995,110.0563,3317.0,FRT
2023-01-30 15:48:00,110.0225,110.03,110.0,110.0,1991.0,FRT
2023-01-30 15:47:00,110.1,110.105,110.04,110.04,2658.0,FRT
2023-01-30 15:46:00,110.074,110.074,110.06,110.06,1822.0,FRT
2023-01-30 15:45:00,110.135,110.14,110.08,110.11,2296.0,FRT
2023-01-30 15:44:00,110.15,110.15,110.12,110.1264,1401.0,FRT
2023-01-30 15:43:00,110.24,110.24,110.19,110.19,1063.0,FRT
2023-01-30 15:42:00,110.26,110.3,110.21,110.21,2110.0,FRT
2023-01-30 15:41:00,110.29,110.3,110.26,110.3,2769.0,FRT
2023-01-30 15:39:00,110.29,110.325,110.29,110.325,1086.0,FRT
2023-01-30 15:38:00,110.23,110.26,110.22,110.26,1330.0,FRT
2023-01-30 15:37:00,110.2,110.2,110.18,110.19,1454.0,FRT
2023-01-30 15:36:00,110.1,110.17,110.1,110.17,1191.0,FRT
2023-01-30 15:35:00,110.04,110.09,110.04,110.05,1663.0,FRT
2023-01-30 15:34:00,110.02,110.02,110.02,110.02,833.0,FRT
2023-01-30 15:33:00,110.08,110.09,110.08,110.09,576.0,FRT
2023-01-30 15:32:00,109.94,110.0,109.94,110.0,1634.0,FRT
2023-01-30 15:31:00,109.96,109.96,109.88,109.88,1083.0,FRT
2023-01-30 15:30:00,109.98,109.98,109.98,109.98,507.0,FRT
2023-01-30 15:29:00,110.0,110.0,110.0,110.0,827.0,FRT
2023-01-30 15:28:00,109.97,110.0,109.97,110.0,1771.0,FRT
2023-01-30 15:27:00,109.92,109.95,109.91,109.92,1605.0,FRT
2023-01-30 15:26:00,109.95,109.95,109.95,109.95,357.0,FRT
2023-01-30 15:24:00,110.09,110.09,110.06,110.08,1484.0,FRT
2023-01-30 15:23:00,110.05,110.07,110.02,110.07,1085.0,FRT
2023-01-30 15:22:00,110.15,110.15,110.06,110.06,1463.0,FRT
2023-01-30 15:21:00,110.16,110.165,110.16,110.16,1010.0,FRT
2023-01-30 15:20:00,110.12,110.19,110.12,110.19,1426.0,FRT
2023-01-30 15:19:00,110.13,110.13,110.124,110.124,563.0,FRT
2023-01-30 15:18:00,110.12,110.12,110.12,110.12,304.0,FRT
2023-01-30 15:17:00,110.07,110.15,110.06,110.145,1016.0,FRT
2023-01-30 15:16:00,110.13,110.16,110.09,110.09,1811.0,FRT
2023-01-30 15:15:00,110.18,110.18,110.15,110.15,1284.0,FRT
2023-01-30 15:13:00,110.23,110.23,110.23,110.23,619.0,FRT
2023-01-30 15:12:00,110.11,110.15,110.11,110.15,1250.0,FRT
2023-01-30 15:11:00,110.05,110.12,110.02,110.12,1335.0,FRT
2023-01-30 15:09:00,110.03,110.04,110.02,110.04,1161.0,FRT
2023-01-30 15:08:00,110.185,110.185,110.07,110.07,1077.0,FRT
2023-01-30 15:07:00,110.23,110.23,110.185,110.185,494.0,FRT
2023-01-30 15:06:00,110.31,110.31,110.23,110.23,2001.0,FRT
2023-01-30 15:05:00,110.355,110.355,110.32,110.32,1932.0,FRT
2023-01-30 15:04:00,110.28,110.33,110.25,110.33,2056.0,FRT
2023-01-30 15:03:00,110.24,110.245,110.24,110.245,906.0,FRT
2023-01-30 15:02:00,110.33,110.35,110.24,110.26,2593.0,FRT
2023-01-30 15:01:00,110.28,110.335,110.28,110.33,3173.0,FRT
2023-01-30 15:00:00,110.28,110.28,110.28,110.28,139.0,FRT
2023-01-30 14:58:00,110.21,110.26,110.21,110.26,1820.0,FRT
2023-01-30 14:57:00,110.21,110.21,110.18,110.18,1801.0,FRT
2023-01-30 14:55:00,110.2,110.2,110.2,110.2,169.0,FRT
2023-01-30 14:54:00,110.14,110.17,110.14,110.15,1973.0,FRT
2023-01-30 14:53:00,110.12,110.14,110.12,110.14,636.0,FRT
2023-01-30 14:52:00,110.16,110.165,110.1,110.1,1043.0,FRT
2023-01-30 14:51:00,110.2,110.21,110.17,110.17,3035.0,FRT
2023-01-30 14:50:00,110.16,110.16,110.16,110.16,451.0,FRT
2023-01-30 14:49:00,110.16,110.16,110.16,110.16,120.0,FRT
2023-01-30 14:48:00,110.16,110.16,110.16,110.16,410.0,FRT
2023-01-30 14:47:00,110.16,110.17,110.16,110.16,954.0,FRT
2023-01-30 14:45:00,110.14,110.14,110.14,110.14,342.0,FRT
2023-01-30 14:44:00,110.12,110.13,110.12,110.12,939.0,FRT
2023-01-30 14:43:00,110.0512,110.11,110.045,110.11,801.0,FRT
2023-01-30 14:42:00,110.08,110.09,110.04,110.04,845.0,FRT
2023-01-30 14:41:00,110.08,110.08,110.025,110.025,388.0,FRT
2023-01-30 14:40:00,110.145,110.145,110.09,110.12,3342.0,FRT
2023-01-30 14:39:00,110.14,110.17,110.13,110.16,1487.0,FRT
2023-01-30 14:37:00,110.05,110.12,110.04,110.09,2636.0,FRT
2023-01-30 14:36:00,110.05,110.05,110.05,110.05,209.0,FRT
2023-01-30 14:34:00,110.01,110.01,110.01,110.01,711.0,FRT
2023-01-30 14:32:00,110.03,110.05,110.03,110.05,504.0,FRT
2023-01-30 14:31:00,109.98,109.99,109.965,109.99,838.0,FRT
2023-01-30 14:30:00,109.965,110.03,109.965,110.005,2381.0,FRT
2023-01-30 14:29:00,109.95,109.97,109.945,109.95,864.0,FRT
2023-01-30 14:28:00,110.02,110.02,109.97,109.975,2012.0,FRT
2023-01-30 14:26:00,110.045,110.045,110.045,110.045,284.0,FRT
2023-01-30 14:24:00,110.04,110.06,110.04,110.06,516.0,FRT
2023-01-30 14:22:00,109.98,110.04,109.95,110.04,1546.0,FRT
2023-01-30 14:21:00,110.0,110.0,110.0,110.0,169.0,FRT
2023-01-30 14:20:00,109.98,109.98,109.98,109.98,204.0,FRT
2023-01-30 14:19:00,109.98,109.98,109.98,109.98,328.0,FRT
2023-01-30 14:18:00,110.02,110.02,110.02,110.02,424.0,FRT
2023-01-30 14:17:00,110.1,110.1,110.02,110.02,942.0,FRT
2023-01-30 14:16:00,110.08,110.08,110.08,110.08,824.0,FRT
2023-01-30 14:15:00,110.0,110.09,110.0,110.09,1455.0,FRT
2023-01-30 14:14:00,110.02,110.02,110.0,110.0,510.0,FRT
2023-01-30 14:12:00,110.06,110.06,110.06,110.06,403.0,FRT
2023-01-30 14:10:00,110.1,110.1,110.09,110.09,502.0,FRT
2023-01-30 14:09:00,110.14,110.14,110.14,110.14,674.0,FRT
2023-01-30 14:08:00,110.21,110.22,110.2,110.22,1338.0,FRT
2023-01-30 14:06:00,110.23,110.24,110.23,110.24,905.0,FRT
2023-01-30 14:05:00,110.205,110.205,110.205,110.205,265.0,FRT
2023-01-30 14:04:00,110.205,110.24,110.17,110.24,424.0,FRT
2023-01-30 14:00:00,110.13,110.24,110.13,110.2,2026.0,FRT
2023-01-30 13:59:00,110.08,110.14,110.08,110.12,951.0,FRT
2023-01-30 13:58:00,110.05,110.05,110.05,110.05,343.0,FRT
2023-01-30 13:57:00,110.13,110.13,110.09,110.09,1507.0,FRT
2023-01-30 13:55:00,110.2,110.2,110.2,110.2,204.0,FRT
2023-01-30 13:53:00,110.17,110.17,110.17,110.17,469.0,FRT
2023-01-30 13:51:00,110.18,110.22,110.18,110.185,815.0,FRT
2023-01-30 13:50:00,110.13,110.145,110.13,110.145,469.0,FRT
2023-01-30 13:49:00,110.12,110.12,110.12,110.12,213.0,FRT
2023-01-30 13:48:00,110.16,110.22,110.15,110.15,2367.0,FRT
2023-01-30 13:47:00,110.155,110.155,110.155,110.155,117.0,FRT
2023-01-30 13:46:00,110.16,110.16,110.16,110.16,106.0,FRT
2023-01-30 13:44:00,110.14,110.15,110.14,110.15,640.0,FRT
2023-01-30 13:43:00,110.15,110.16,110.15,110.16,853.0,FRT
2023-01-30 13:42:00,110.13,110.13,110.11,110.11,692.0,FRT
2023-01-30 13:41:00,110.18,110.18,110.18,110.18,848.0,FRT
2023-01-30 13:40:00,110.17,110.21,110.17,110.21,1126.0,FRT
2023-01-30 13:38:00,110.135,110.135,110.135,110.135,122.0,FRT
2023-01-30 13:37:00,110.18,110.18,110.12,110.12,690.0,FRT
2023-01-30 13:36:00,110.18,110.19,110.18,110.19,1160.0,FRT
2023-01-30 13:35:00,110.19,110.19,110.19,110.19,567.0,FRT
2023-01-30 13:34:00,110.236,110.236,110.236,110.236,123.0,FRT
2023-01-30 13:32:00,110.26,110.28,110.26,110.28,799.0,FRT
2023-01-30 13:29:00,110.37,110.38,110.36,110.36,576.0,FRT
2023-01-30 13:28:00,110.45,110.47,110.36,110.36,3322.0,FRT
2023-01-30 13:27:00,110.48,110.48,110.48,110.48,402.0,FRT
2023-01-30 13:26:00,110.45,110.45,110.45,110.45,528.0,FRT
2023-01-30 13:24:00,110.45,110.5191,110.42,110.485,2252.0,FRT
2023-01-30 13:22:00,110.455,110.455,110.455,110.455,237.0,FRT
2023-01-30 13:21:00,110.48,110.48,110.46,110.46,383.0,FRT
2023-01-30 13:19:00,110.48,110.48,110.48,110.48,202.0,FRT
2023-01-30 13:18:00,110.36,110.36,110.36,110.36,435.0,FRT
2023-01-30 13:17:00,110.19,110.29,110.19,110.29,1297.0,FRT
2023-01-30 13:16:00,110.05,110.06,110.035,110.05,1916.0,FRT
2023-01-30 13:14:00,110.03,110.05,110.03,110.03,1112.0,FRT
2023-01-30 13:13:00,110.02,110.03,110.02,110.03,849.0,FRT
2023-01-30 13:12:00,109.995,109.995,109.995,109.995,157.0,FRT
2023-01-30 13:11:00,109.97,109.97,109.97,109.97,169.0,FRT
2023-01-30 13:10:00,109.995,110.02,109.995,109.9975,744.0,FRT
2023-01-30 13:09:00,109.9875,109.9875,109.9875,109.9875,594.0,FRT
2023-01-30 13:06:00,109.93,110.01,109.93,110.01,1238.0,FRT
2023-01-30 13:05:00,109.93,109.93,109.89,109.89,957.0,FRT
2023-01-30 13:04:00,109.92,109.92,109.86,109.86,1727.0,FRT
2023-01-30 13:03:00,109.99,109.99,109.95,109.97,487.0,FRT
2023-01-30 13:01:00,110.03,110.03,110.03,110.03,1503.0,FRT
2023-01-30 13:00:00,110.1,110.165,110.1,110.165,626.0,FRT
2023-01-30 12:59:00,110.1,110.1,110.1,110.1,167.0,FRT
2023-01-30 12:57:00,110.13,110.13,110.13,110.13,486.0,FRT
2023-01-30 12:56:00,110.06,110.07,110.06,110.07,1085.0,FRT
2023-01-30 12:52:00,110.02,110.0777,110.02,110.0777,260.0,FRT
2023-01-30 12:51:00,110.16,110.16,110.02,110.02,1054.0,FRT
2023-01-30 12:50:00,110.14,110.18,110.13,110.13,1348.0,FRT
2023-01-30 12:49:00,110.14,110.14,110.08,110.14,678.0,FRT
2023-01-30 12:48:00,110.11,110.11,110.11,110.11,145.0,FRT
2023-01-30 12:47:00,110.09,110.09,110.09,110.09,574.0,FRT
2023-01-30 12:45:00,110.14,110.14,110.11,110.11,1065.0,FRT
2023-01-30 12:44:00,110.16,110.16,110.16,110.16,468.0,FRT
2023-01-30 12:42:00,110.185,110.185,110.18,110.18,485.0,FRT
2023-01-30 12:40:00,110.24,110.24,110.19,110.19,1460.0,FRT
2023-01-30 12:37:00,110.23,110.29,110.23,110.26,1661.0,FRT
2023-01-30 12:35:00,110.17,110.19,110.17,110.19,697.0,FRT
2023-01-30 12:34:00,110.215,110.25,110.2,110.22,1065.0,FRT
2023-01-30 12:32:00,110.28,110.28,110.205,110.205,858.0,FRT
2023-01-30 12:31:00,110.31,110.32,110.3,110.3,1120.0,FRT
2023-01-30 12:30:00,110.265,110.31,110.265,110.31,1038.0,FRT
2023-01-30 12:29:00,110.26,110.31,110.26,110.31,1182.0,FRT
2023-01-30 12:28:00,110.1,110.125,110.06,110.06,775.0,FRT
2023-01-30 12:27:00,110.28,110.28,110.21,110.22,2345.0,FRT
2023-01-30 12:26:00,110.31,110.31,110.29,110.29,574.0,FRT
2023-01-30 12:25:00,110.29,110.29,110.2864,110.29,359.0,FRT
2023-01-30 12:24:00,110.29,110.29,110.29,110.29,508.0,FRT
2023-01-30 12:23:00,110.33,110.33,110.29,110.29,819.0,FRT
2023-01-30 12:22:00,110.33,110.33,110.295,110.295,330.0,FRT
2023-01-30 12:20:00,110.28,110.28,110.28,110.28,754.0,FRT
2023-01-30 12:18:00,110.29,110.29,110.23,110.23,815.0,FRT
2023-01-30 12:17:00,110.17,110.29,110.17,110.29,1692.0,FRT
2023-01-30 12:16:00,110.21,110.21,110.21,110.21,276.0,FRT
2023-01-30 12:15:00,110.21,110.25,110.21,110.25,1792.0,FRT
2023-01-30 12:14:00,110.24,110.24,110.24,110.24,102.0,FRT
2023-01-30 12:13:00,110.26,110.27,110.23,110.23,928.0,FRT
2023-01-30 12:12:00,110.28,110.28,110.27,110.27,962.0,FRT
2023-01-30 12:11:00,110.32,110.32,110.28,110.28,886.0,FRT
2023-01-30 12:09:00,110.35,110.35,110.35,110.35,142.0,FRT
2023-01-30 12:08:00,110.34,110.34,110.34,110.34,204.0,FRT
2023-01-30 12:06:00,110.325,110.33,110.325,110.33,235.0,FRT
2023-01-30 12:05:00,110.32,110.32,110.32,110.32,490.0,FRT
2023-01-30 12:03:00,110.315,110.37,110.315,110.37,547.0,FRT
2023-01-30 12:02:00,110.33,110.33,110.33,110.33,592.0,FRT
2023-01-30 12:01:00,110.32,110.32,110.28,110.28,967.0,FRT
2023-01-30 12:00:00,110.37,110.37,110.37,110.37,375.0,FRT
2023-01-30 11:59:00,110.28,110.32,110.28,110.32,1218.0,FRT
2023-01-30 11:58:00,110.2,110.25,110.2,110.2,1325.0,FRT
2023-01-30 11:57:00,110.185,110.185,110.185,110.185,427.0,FRT
2023-01-30 11:56:00,110.2975,110.2975,110.22,110.22,621.0,FRT
2023-01-30 11:55:00,110.37,110.37,110.315,110.315,1127.0,FRT
2023-01-30 11:54:00,110.46,110.46,110.41,110.425,1192.0,FRT
2023-01-30 11:53:00,110.42,110.49,110.39,110.465,1684.0,FRT
2023-01-30 11:52:00,110.385,110.385,110.385,110.385,914.0,FRT
2023-01-30 11:51:00,110.385,110.385,110.385,110.385,170.0,FRT
2023-01-30 11:50:00,110.35,110.375,110.35,110.36,560.0,FRT
2023-01-30 11:49:00,110.475,110.475,110.4,110.4,593.0,FRT
2023-01-30 11:47:00,110.55,110.55,110.53,110.53,1217.0,FRT
2023-01-30 11:46:00,110.485,110.555,110.485,110.555,3740.0,FRT
2023-01-30 11:45:00,110.54,110.54,110.5,110.5,1170.0,FRT
2023-01-30 11:44:00,110.54,110.54,110.54,110.54,215.0,FRT
2023-01-30 11:43:00,110.57,110.58,110.57,110.58,843.0,FRT
2023-01-30 11:42:00,110.53,110.53,110.53,110.53,610.0,FRT
2023-01-30 11:41:00,110.62,110.62,110.54,110.54,306.0,FRT
2023-01-30 11:40:00,110.57,110.57,110.55,110.55,813.0,FRT
2023-01-30 11:39:00,110.625,110.625,110.6,110.6,447.0,FRT
2023-01-30 11:38:00,110.67,110.67,110.62,110.62,703.0,FRT
2023-01-30 11:37:00,110.8,110.8,110.8,110.8,584.0,FRT
2023-01-30 11:36:00,110.845,110.845,110.845,110.845,145.0,FRT
2023-01-30 11:34:00,110.92,110.92,110.855,110.855,1739.0,FRT
2023-01-30 11:33:00,110.91,110.91,110.91,110.91,293.0,FRT
2023-01-30 11:32:00,110.85,110.955,110.85,110.955,2177.0,FRT
2023-01-30 11:31:00,110.88,110.92,110.87,110.87,1328.0,FRT
2023-01-30 11:30:00,110.845,110.845,110.845,110.845,502.0,FRT
2023-01-30 11:29:00,110.855,110.88,110.855,110.86,988.0,FRT
2023-01-30 11:28:00,110.855,110.8575,110.855,110.855,1205.0,FRT
2023-01-30 11:27:00,110.8,110.845,110.8,110.845,735.0,FRT
2023-01-30 11:26:00,110.805,110.805,110.65,110.745,3520.0,FRT
2023-01-30 11:25:00,110.88,110.88,110.86,110.865,1719.0,FRT
2023-01-30 11:24:00,110.94,110.94,110.92,110.92,606.0,FRT
2023-01-30 11:23:00,111.04,111.04,110.96,110.98,1456.0,FRT
2023-01-30 11:22:00,111.065,111.09,111.06,111.09,605.0,FRT
2023-01-30 11:21:00,111.05,111.05,111.05,111.05,165.0,FRT
2023-01-30 11:20:00,111.02,111.02,111.02,111.02,388.0,FRT
2023-01-30 11:19:00,110.975,110.975,110.97,110.97,219.0,FRT
2023-01-30 11:18:00,111.03,111.03,110.96,110.96,1040.0,FRT
2023-01-30 11:17:00,110.96,111.01,110.96,111.0,1057.0,FRT
2023-01-30 11:14:00,110.94,110.94,110.94,110.94,259.0,FRT
2023-01-30 11:13:00,110.9,110.99,110.9,110.99,339.0,FRT
2023-01-30 11:12:00,110.83,110.905,110.83,110.905,1495.0,FRT
2023-01-30 11:11:00,110.79,110.79,110.79,110.79,363.0,FRT
2023-01-30 11:10:00,110.75,110.75,110.75,110.75,637.0,FRT
2023-01-30 11:09:00,110.66,110.66,110.66,110.66,117.0,FRT
2023-01-30 11:08:00,110.83,110.8425,110.69,110.69,1341.0,FRT
2023-01-30 11:07:00,110.88,110.88,110.88,110.88,428.0,FRT
2023-01-30 11:05:00,110.9,110.9,110.9,110.9,114.0,FRT
2023-01-30 11:04:00,110.89,110.89,110.89,110.89,119.0,FRT
2023-01-30 11:02:00,110.82,110.83,110.82,110.83,848.0,FRT
2023-01-30 11:01:00,110.66,110.72,110.66,110.72,1865.0,FRT
2023-01-30 11:00:00,110.77,110.8,110.74,110.77,1430.0,FRT
2023-01-30 10:59:00,110.74,110.74,110.74,110.74,148.0,FRT
2023-01-30 10:58:00,110.78,110.78,110.78,110.78,908.0,FRT
2023-01-30 10:57:00,110.73,110.75,110.73,110.75,800.0,FRT
2023-01-30 10:53:00,110.84,110.855,110.79,110.79,1984.0,FRT
2023-01-30 10:50:00,110.8,110.9,110.8,110.9,438.0,FRT
2023-01-30 10:49:00,110.77,110.77,110.77,110.77,284.0,FRT
2023-01-30 10:48:00,110.69,110.69,110.69,110.69,361.0,FRT
2023-01-30 10:47:00,110.71,110.75,110.685,110.75,1189.0,FRT
2023-01-30 10:46:00,110.56,110.61,110.56,110.61,929.0,FRT
2023-01-30 10:45:00,110.56,110.56,110.5,110.51,819.0,FRT
2023-01-30 10:44:00,110.53,110.55,110.52,110.52,1860.0,FRT
2023-01-30 10:43:00,110.57,110.57,110.57,110.57,627.0,FRT
2023-01-30 10:41:00,110.86,110.86,110.86,110.86,700.0,FRT
2023-01-30 10:40:00,110.905,110.905,110.9,110.9,348.0,FRT
2023-01-30 10:39:00,110.86,110.94,110.86,110.92,1342.0,FRT
2023-01-30 10:38:00,110.89,110.93,110.82,110.86,2513.0,FRT
2023-01-30 10:37:00,110.99,110.99,110.9,110.94,1389.0,FRT
2023-01-30 10:36:00,110.92,111.01,110.92,111.01,1217.0,FRT
2023-01-30 10:35:00,110.99,111.0,110.99,111.0,1024.0,FRT
2023-01-30 10:34:00,111.11,111.11,111.11,111.11,747.0,FRT
2023-01-30 10:33:00,111.1875,111.1875,111.1875,111.1875,237.0,FRT
2023-01-30 10:31:00,111.3,111.31,111.23,111.23,2470.0,FRT
2023-01-30 10:30:00,111.25,111.26,111.25,111.26,433.0,FRT
2023-01-30 10:28:00,111.1875,111.24,111.185,111.24,794.0,FRT
2023-01-30 10:27:00,111.23,111.24,111.19,111.19,1452.0,FRT
2023-01-30 10:26:00,111.24,111.24,111.205,111.22,1614.0,FRT
2023-01-30 10:24:00,111.26,111.26,111.225,111.225,1185.0,FRT
2023-01-30 10:23:00,111.145,111.145,111.145,111.145,127.0,FRT
2023-01-30 10:22:00,111.19,111.19,111.17,111.17,797.0,FRT
2023-01-30 10:21:00,111.33,111.33,111.24,111.24,518.0,FRT
2023-01-30 10:20:00,111.03,111.18,111.03,111.17,2275.0,FRT
2023-01-30 10:19:00,111.11,111.135,111.09,111.09,1450.0,FRT
2023-01-30 10:18:00,111.09,111.09,110.98,111.05,1038.0,FRT
2023-01-30 10:17:00,111.175,111.175,111.175,111.175,444.0,FRT
2023-01-30 10:16:00,111.36,111.36,111.18,111.255,3093.0,FRT
2023-01-30 10:15:00,111.25,111.33,111.25,111.32,1887.0,FRT
2023-01-30 10:14:00,111.28,111.29,111.265,111.265,544.0,FRT
2023-01-30 10:13:00,111.19,111.25,111.19,111.25,1437.0,FRT
2023-01-30 10:12:00,111.26,111.26,111.26,111.26,436.0,FRT
2023-01-30 10:10:00,111.32,111.33,111.27,111.33,1428.0,FRT
2023-01-30 10:07:00,111.33,111.33,111.33,111.33,329.0,FRT
2023-01-30 10:04:00,111.14,111.14,111.06,111.08,852.0,FRT
2023-01-30 10:03:00,110.94,111.035,110.94,111.035,1025.0,FRT
2023-01-30 10:02:00,110.91,110.91,110.91,110.91,140.0,FRT
2023-01-30 10:01:00,111.0,111.01,110.86,110.86,2019.0,FRT
2023-01-30 10:00:00,110.91,110.96,110.81,110.96,2057.0,FRT
2023-01-30 09:59:00,111.04,111.08,110.87,110.87,1116.0,FRT
2023-01-30 09:58:00,111.165,111.165,111.145,111.145,508.0,FRT
2023-01-30 09:57:00,111.24,111.2575,111.19,111.19,1649.0,FRT
2023-01-30 09:56:00,111.24,111.24,111.13,111.145,1453.0,FRT
2023-01-30 09:55:00,111.24,111.265,111.24,111.265,913.0,FRT
2023-01-30 09:54:00,111.33,111.35,111.33,111.35,288.0,FRT
2023-01-30 09:53:00,111.265,111.265,111.26,111.26,937.0,FRT
2023-01-30 09:50:00,111.28,111.3619,111.28,111.3619,416.0,FRT
2023-01-30 09:49:00,111.42,111.42,111.42,111.42,365.0,FRT
2023-01-30 09:48:00,111.39,111.48,111.39,111.48,775.0,FRT
2023-01-30 09:47:00,111.34,111.34,111.34,111.34,478.0,FRT
2023-01-30 09:46:00,111.29,111.355,111.29,111.355,666.0,FRT
2023-01-30 09:45:00,111.29,111.29,111.29,111.29,293.0,FRT
2023-01-30 09:44:00,111.21,111.22,111.15,111.22,994.0,FRT
2023-01-30 09:43:00,111.25,111.25,111.16,111.16,696.0,FRT
2023-01-30 09:42:00,111.125,111.125,111.125,111.125,106.0,FRT
2023-01-30 09:41:00,111.16,111.16,111.13,111.13,413.0,FRT
2023-01-30 09:40:00,111.29,111.29,111.24,111.24,623.0,FRT
2023-01-30 09:39:00,111.32,111.38,111.27,111.28,1947.0,FRT
2023-01-30 09:37:00,111.14,111.28,111.14,111.275,938.0,FRT
2023-01-30 09:32:00,111.15,111.17,111.04,111.05,2662.0,FRT
2023-01-30 09:31:00,111.37,111.37,111.37,111.37,8193.0,FRT
2023-01-27 16:02:00,111.38,111.38,111.38,111.38,7787.0,FRT
2023-01-27 16:01:00,111.38,111.38,111.38,111.38,11680.0,FRT
2023-01-27 16:00:00,111.12,111.41,111.04,111.39,48408.0,FRT
2023-01-27 15:59:00,111.05,111.12,111.01,111.11,15592.0,FRT
2023-01-27 15:58:00,111.03,111.09,111.01,111.04,11196.0,FRT
2023-01-27 15:57:00,111.1,111.1,111.02,111.02,10594.0,FRT
2023-01-27 15:56:00,111.29,111.29,111.09,111.105,13957.0,FRT
2023-01-27 15:55:00,111.26,111.325,111.24,111.31,14053.0,FRT
2023-01-27 15:54:00,111.24,111.265,111.195,111.255,8677.0,FRT
2023-01-27 15:53:00,111.245,111.28,111.22,111.235,8615.0,FRT
2023-01-27 15:52:00,111.21,111.245,111.205,111.24,8462.0,FRT
2023-01-27 15:51:00,111.21,111.265,111.16,111.215,12366.0,FRT
2023-01-27 15:50:00,111.17,111.25,111.17,111.23,5170.0,FRT
2023-01-27 15:49:00,111.21,111.26,111.17,111.17,5555.0,FRT
2023-01-27 15:48:00,111.28,111.29,111.24,111.24,4596.0,FRT
2023-01-27 15:47:00,111.28,111.31,111.25,111.28,4972.0,FRT
2023-01-27 15:46:00,111.43,111.43,111.285,111.29,6438.0,FRT
2023-01-27 15:45:00,111.455,111.46,111.44,111.44,4420.0,FRT
2023-01-27 15:44:00,111.465,111.5,111.455,111.455,2425.0,FRT
2023-01-27 15:43:00,111.48,111.51,111.46,111.47,3273.0,FRT
2023-01-27 15:42:00,111.48,111.51,111.47,111.48,2540.0,FRT
2023-01-27 15:41:00,111.46,111.54,111.46,111.49,6902.0,FRT
2023-01-27 15:40:00,111.55,111.55,111.43,111.46,2072.0,FRT
2023-01-27 15:39:00,111.585,111.585,111.53,111.53,2071.0,FRT
2023-01-27 15:38:00,111.54,111.62,111.54,111.585,2894.0,FRT
2023-01-27 15:37:00,111.535,111.54,111.535,111.54,1875.0,FRT
2023-01-27 15:36:00,111.52,111.58,111.52,111.545,2555.0,FRT
2023-01-27 15:35:00,111.48,111.52,111.45,111.52,8181.0,FRT
2023-01-27 15:34:00,111.55,111.59,111.47,111.47,6454.0,FRT
2023-01-27 15:33:00,111.575,111.58,111.53,111.56,2317.0,FRT
2023-01-27 15:32:00,111.49,111.58,111.49,111.57,5533.0,FRT
2023-01-27 15:31:00,111.545,111.545,111.48,111.5,1640.0,FRT
2023-01-27 15:30:00,111.55,111.55,111.55,111.55,1055.0,FRT
2023-01-27 15:29:00,111.475,111.57,111.475,111.55,2784.0,FRT
2023-01-27 15:28:00,111.48,111.495,111.46,111.46,1629.0,FRT
2023-01-27 15:27:00,111.42,111.5,111.42,111.46,3031.0,FRT
2023-01-27 15:26:00,111.5,111.53,111.38,111.405,5588.0,FRT
2023-01-27 15:25:00,111.48,111.49,111.44,111.48,3126.0,FRT
2023-01-27 15:24:00,111.48,111.49,111.48,111.49,651.0,FRT
2023-01-27 15:23:00,111.46,111.49,111.46,111.49,1047.0,FRT
2023-01-27 15:22:00,111.44,111.495,111.415,111.495,4271.0,FRT
2023-01-27 15:21:00,111.445,111.445,111.4,111.43,2005.0,FRT
2023-01-27 15:20:00,111.4,111.47,111.4,111.455,3925.0,FRT
2023-01-27 15:19:00,111.44,111.44,111.44,111.44,314.0,FRT
2023-01-27 15:18:00,111.5,111.52,111.43,111.44,3724.0,FRT
2023-01-27 15:17:00,111.55,111.6,111.51,111.55,7641.0,FRT
2023-01-27 15:16:00,111.5,111.59,111.5,111.52,2983.0,FRT
2023-01-27 15:15:00,111.575,111.59,111.48,111.49,3181.0,FRT
2023-01-27 15:14:00,111.595,111.595,111.56,111.56,470.0,FRT
2023-01-27 15:13:00,111.61,111.61,111.59,111.6,870.0,FRT
2023-01-27 15:12:00,111.65,111.66,111.63,111.64,3257.0,FRT
2023-01-27 15:11:00,111.61,111.61,111.61,111.61,687.0,FRT
2023-01-27 15:10:00,111.64,111.64,111.64,111.64,233.0,FRT
2023-01-27 15:09:00,111.73,111.73,111.64,111.64,2652.0,FRT
2023-01-27 15:08:00,111.72,111.74,111.72,111.72,1910.0,FRT
2023-01-27 15:07:00,111.6904,111.75,111.67,111.72,2565.0,FRT
2023-01-27 15:06:00,111.675,111.675,111.64,111.67,819.0,FRT
2023-01-27 15:05:00,111.655,111.655,111.64,111.64,796.0,FRT
2023-01-27 15:04:00,111.545,111.62,111.54,111.61,3198.0,FRT
2023-01-27 15:03:00,111.55,111.585,111.55,111.58,1052.0,FRT
2023-01-27 15:02:00,111.64,111.64,111.55,111.56,1692.0,FRT
2023-01-27 15:01:00,111.64,111.645,111.61,111.645,1399.0,FRT
2023-01-27 15:00:00,111.665,111.665,111.665,111.665,140.0,FRT
2023-01-27 14:59:00,111.66,111.67,111.66,111.67,732.0,FRT
2023-01-27 14:58:00,111.62,111.67,111.605,111.64,2454.0,FRT
2023-01-27 14:57:00,111.64,111.64,111.59,111.59,1192.0,FRT
2023-01-27 14:56:00,111.555,111.62,111.555,111.62,1324.0,FRT
2023-01-27 14:55:00,111.52,111.58,111.51,111.55,1051.0,FRT
2023-01-27 14:54:00,111.525,111.525,111.51,111.51,380.0,FRT
2023-01-27 14:53:00,111.58,111.58,111.555,111.555,413.0,FRT
2023-01-27 14:52:00,111.58,111.58,111.55,111.55,1110.0,FRT
2023-01-27 14:51:00,111.55,111.58,111.55,111.56,654.0,FRT
2023-01-27 14:50:00,111.565,111.565,111.55,111.56,1153.0,FRT
2023-01-27 14:49:00,111.52,111.6,111.52,111.56,4617.0,FRT
2023-01-27 14:48:00,111.53,111.535,111.53,111.53,623.0,FRT
2023-01-27 14:47:00,111.54,111.54,111.54,111.54,217.0,FRT
2023-01-27 14:46:00,111.55,111.56,111.54,111.54,458.0,FRT
2023-01-27 14:45:00,111.6,111.61,111.565,111.5784,1195.0,FRT
2023-01-27 14:44:00,111.64,111.64,111.59,111.59,1669.0,FRT
2023-01-27 14:43:00,111.67,111.72,111.65,111.66,4927.0,FRT
2023-01-27 14:40:00,111.675,111.71,111.675,111.695,1550.0,FRT
2023-01-27 14:39:00,111.68,111.68,111.66,111.68,1541.0,FRT
2023-01-27 14:37:00,111.72,111.73,111.68,111.71,1224.0,FRT
2023-01-27 14:36:00,111.705,111.705,111.705,111.705,132.0,FRT
2023-01-27 14:34:00,111.71,111.71,111.71,111.71,424.0,FRT
2023-01-27 14:33:00,111.77,111.78,111.75,111.75,1246.0,FRT
2023-01-27 14:32:00,111.74,111.74,111.74,111.74,106.0,FRT
2023-01-27 14:31:00,111.63,111.73,111.63,111.73,1129.0,FRT
2023-01-27 14:30:00,111.74,111.74,111.68,111.69,2174.0,FRT
2023-01-27 14:29:00,111.76,111.76,111.74,111.74,718.0,FRT
2023-01-27 14:28:00,111.8,111.8,111.8,111.8,286.0,FRT
2023-01-27 14:27:00,111.76,111.76,111.76,111.76,120.0,FRT
2023-01-27 14:26:00,111.705,111.76,111.7,111.76,703.0,FRT
2023-01-27 14:24:00,111.66,111.69,111.62,111.62,1769.0,FRT
2023-01-27 14:22:00,111.71,111.71,111.63,111.69,588.0,FRT
2023-01-27 14:21:00,111.82,111.82,111.78,111.78,996.0,FRT
2023-01-27 14:19:00,111.6,111.735,111.6,111.735,1453.0,FRT
2023-01-27 14:17:00,111.565,111.64,111.565,111.64,1492.0,FRT
2023-01-27 14:16:00,111.54,111.54,111.54,111.54,815.0,FRT
2023-01-27 14:15:00,111.52,111.52,111.48,111.51,1349.0,FRT
2023-01-27 14:14:00,111.5,111.56,111.48,111.52,2163.0,FRT
2023-01-27 14:13:00,111.37,111.4,111.37,111.4,655.0,FRT
2023-01-27 14:12:00,111.14,111.36,111.12,111.36,17576.0,FRT
2023-01-27 14:11:00,111.1,111.1,111.1,111.1,477.0,FRT
2023-01-27 14:10:00,111.06,111.07,111.06,111.07,579.0,FRT
2023-01-27 14:09:00,110.98,110.98,110.98,110.98,527.0,FRT
2023-01-27 14:07:00,111.01,111.01,111.0,111.0,998.0,FRT
2023-01-27 14:06:00,110.925,111.05,110.925,111.05,3957.0,FRT
2023-01-27 14:05:00,110.925,110.96,110.915,110.925,2869.0,FRT
2023-01-27 14:04:00,110.89,110.89,110.88,110.88,269.0,FRT
2023-01-27 14:03:00,110.87,110.875,110.87,110.87,435.0,FRT
2023-01-27 14:02:00,111.05,111.07,110.97,110.97,1800.0,FRT
2023-01-27 14:01:00,111.05,111.08,111.02,111.02,1664.0,FRT
2023-01-27 14:00:00,111.015,111.025,111.015,111.025,301.0,FRT
2023-01-27 13:59:00,111.01,111.01,110.985,110.985,290.0,FRT
2023-01-27 13:58:00,111.045,111.045,111.02,111.03,628.0,FRT
2023-01-27 13:57:00,111.07,111.08,111.07,111.08,794.0,FRT
2023-01-27 13:56:00,111.09,111.09,111.025,111.025,788.0,FRT
2023-01-27 13:55:00,111.075,111.125,111.075,111.125,282.0,FRT
2023-01-27 13:54:00,111.17,111.17,111.17,111.17,427.0,FRT
2023-01-27 13:53:00,111.23,111.23,111.2,111.22,1108.0,FRT
2023-01-27 13:52:00,111.27,111.27,111.225,111.225,343.0,FRT
2023-01-27 13:51:00,111.265,111.265,111.265,111.265,271.0,FRT
2023-01-27 13:50:00,111.255,111.255,111.23,111.23,244.0,FRT
2023-01-27 13:49:00,111.255,111.255,111.255,111.255,191.0,FRT
2023-01-27 13:47:00,111.29,111.3,111.245,111.245,873.0,FRT
2023-01-27 13:45:00,111.235,111.235,111.17,111.17,1337.0,FRT
2023-01-27 13:42:00,111.28,111.28,111.28,111.28,390.0,FRT
2023-01-27 13:41:00,111.33,111.33,111.3,111.31,899.0,FRT
2023-01-27 13:39:00,111.42,111.42,111.37,111.37,829.0,FRT
2023-01-27 13:38:00,111.4,111.42,111.36,111.42,3077.0,FRT
2023-01-27 13:37:00,111.38,111.4,111.35,111.4,2606.0,FRT
2023-01-27 13:35:00,111.32,111.32,111.32,111.32,117.0,FRT
2023-01-27 13:34:00,111.35,111.38,111.35,111.38,860.0,FRT
2023-01-27 13:33:00,111.26,111.26,111.26,111.26,290.0,FRT
2023-01-27 13:31:00,111.2375,111.28,111.2275,111.28,1161.0,FRT
2023-01-27 13:30:00,111.27,111.27,111.27,111.27,240.0,FRT
2023-01-27 13:29:00,111.225,111.225,111.225,111.225,155.0,FRT
2023-01-27 13:28:00,111.215,111.215,111.215,111.215,341.0,FRT
2023-01-27 13:27:00,111.175,111.175,111.16,111.16,582.0,FRT
2023-01-27 13:26:00,111.31,111.31,111.225,111.225,628.0,FRT
2023-01-27 13:24:00,111.24,111.24,111.24,111.24,141.0,FRT
2023-01-27 13:19:00,111.33,111.33,111.33,111.33,490.0,FRT
2023-01-27 13:17:00,111.37,111.39,111.28,111.28,1661.0,FRT
2023-01-27 13:16:00,111.3,111.3,111.3,111.3,363.0,FRT
2023-01-27 13:15:00,111.24,111.27,111.24,111.27,1013.0,FRT
2023-01-27 13:14:00,111.21,111.21,111.21,111.21,163.0,FRT
2023-01-27 13:13:00,111.23,111.23,111.22,111.23,642.0,FRT
2023-01-27 13:12:00,111.22,111.22,111.22,111.22,301.0,FRT
2023-01-27 13:11:00,111.1,111.19,111.1,111.18,1752.0,FRT
2023-01-27 13:10:00,111.07,111.07,111.07,111.07,112.0,FRT
2023-01-27 13:09:00,111.055,111.055,111.055,111.055,204.0,FRT
2023-01-27 13:06:00,111.0,111.0,111.0,111.0,431.0,FRT
2023-01-27 13:05:00,111.065,111.065,111.065,111.065,225.0,FRT
2023-01-27 13:03:00,111.1,111.1,111.1,111.1,578.0,FRT
2023-01-27 13:02:00,111.135,111.135,110.98,111.04,1827.0,FRT
2023-01-27 13:01:00,111.12,111.21,111.09,111.2,5210.0,FRT
2023-01-27 12:59:00,111.16,111.16,111.16,111.16,735.0,FRT
2023-01-27 12:57:00,111.1717,111.1717,111.13,111.13,452.0,FRT
2023-01-27 12:56:00,111.1656,111.1656,111.1656,111.1656,229.0,FRT
2023-01-27 12:55:00,111.16,111.16,111.16,111.16,233.0,FRT
2023-01-27 12:54:00,111.24,111.24,111.2,111.22,1662.0,FRT
2023-01-27 12:53:00,111.25,111.285,111.22,111.26,2487.0,FRT
2023-01-27 12:52:00,111.27,111.27,111.27,111.27,665.0,FRT
2023-01-27 12:51:00,111.27,111.3,111.27,111.3,878.0,FRT
2023-01-27 12:48:00,111.24,111.24,111.22,111.225,440.0,FRT
2023-01-27 12:46:00,111.21,111.21,111.21,111.21,260.0,FRT
2023-01-27 12:45:00,111.225,111.225,111.225,111.225,477.0,FRT
2023-01-27 12:44:00,111.245,111.3099,111.245,111.3099,302.0,FRT
2023-01-27 12:43:00,111.26,111.26,111.235,111.235,311.0,FRT
2023-01-27 12:42:00,111.33,111.33,111.305,111.305,1234.0,FRT
2023-01-27 12:41:00,111.33,111.355,111.33,111.34,1161.0,FRT
2023-01-27 12:39:00,111.3,111.3,111.3,111.3,758.0,FRT
2023-01-27 12:37:00,111.22,111.22,111.22,111.22,544.0,FRT
2023-01-27 12:36:00,111.23,111.23,111.23,111.23,1734.0,FRT
2023-01-27 12:35:00,111.19,111.29,111.19,111.29,1190.0,FRT
2023-01-27 12:33:00,111.11,111.15,111.11,111.15,883.0,FRT
2023-01-27 12:32:00,111.1,111.1,111.085,111.085,602.0,FRT
2023-01-27 12:31:00,111.09,111.09,111.09,111.09,157.0,FRT
2023-01-27 12:30:00,111.07,111.07,111.07,111.07,264.0,FRT
2023-01-27 12:29:00,111.045,111.0887,111.0,111.0887,541.0,FRT
2023-01-27 12:27:00,111.12,111.12,111.09,111.09,401.0,FRT
2023-01-27 12:26:00,111.2014,111.2014,111.16,111.16,939.0,FRT
2023-01-27 12:25:00,111.22,111.22,111.22,111.22,319.0,FRT
2023-01-27 12:24:00,111.18,111.21,111.18,111.21,365.0,FRT
2023-01-27 12:22:00,111.24,111.24,111.24,111.24,226.0,FRT
2023-01-27 12:21:00,111.3,111.3,111.3,111.3,332.0,FRT
2023-01-27 12:19:00,111.3,111.3,111.27,111.27,1243.0,FRT
2023-01-27 12:18:00,111.28,111.28,111.28,111.28,432.0,FRT
2023-01-27 12:16:00,111.19,111.19,111.19,111.19,310.0,FRT
2023-01-27 12:15:00,111.125,111.16,111.125,111.16,832.0,FRT
2023-01-27 12:14:00,111.1,111.1,111.1,111.1,151.0,FRT
2023-01-27 12:11:00,111.01,111.09,111.01,111.09,1341.0,FRT
2023-01-27 12:10:00,111.04,111.04,111.02,111.02,1183.0,FRT
2023-01-27 12:09:00,110.97,110.97,110.97,110.97,406.0,FRT
2023-01-27 12:08:00,110.91,110.96,110.91,110.96,1332.0,FRT
2023-01-27 12:07:00,110.875,110.875,110.875,110.875,197.0,FRT
2023-01-27 12:05:00,110.85,110.85,110.85,110.85,486.0,FRT
2023-01-27 12:04:00,110.93,110.93,110.89,110.91,559.0,FRT
2023-01-27 12:01:00,110.94,110.97,110.92,110.97,2262.0,FRT
2023-01-27 11:59:00,110.99,110.99,110.99,110.99,1285.0,FRT
2023-01-27 11:58:00,110.99,111.01,110.99,111.01,501.0,FRT
2023-01-27 11:57:00,110.94,110.97,110.94,110.97,972.0,FRT
2023-01-27 11:53:00,110.97,110.97,110.895,110.895,767.0,FRT
2023-01-27 11:52:00,110.835,110.88,110.835,110.88,607.0,FRT
2023-01-27 11:51:00,110.91,110.91,110.86,110.86,604.0,FRT
2023-01-27 11:50:00,110.97,110.98,110.92,110.94,1277.0,FRT
2023-01-27 11:49:00,111.0484,111.0484,111.02,111.0271,725.0,FRT
2023-01-27 11:48:00,111.0,111.07,111.0,111.07,460.0,FRT
2023-01-27 11:47:00,110.875,111.0186,110.875,111.0186,645.0,FRT
2023-01-27 11:45:00,110.8,110.8,110.8,110.8,508.0,FRT
2023-01-27 11:42:00,110.76,110.76,110.71,110.71,515.0,FRT
2023-01-27 11:41:00,110.74,110.74,110.63,110.665,2831.0,FRT
2023-01-27 11:40:00,110.7,110.7,110.7,110.7,241.0,FRT
2023-01-27 11:38:00,110.66,110.67,110.64,110.64,556.0,FRT
2023-01-27 11:36:00,110.62,110.62,110.61,110.61,644.0,FRT
2023-01-27 11:32:00,110.49,110.68,110.49,110.68,959.0,FRT
2023-01-27 11:31:00,110.48,110.48,110.46,110.46,791.0,FRT
2023-01-27 11:29:00,110.38,110.38,110.35,110.35,1033.0,FRT
2023-01-27 11:28:00,110.445,110.445,110.445,110.445,102.0,FRT
2023-01-27 11:26:00,110.41,110.45,110.41,110.42,677.0,FRT
2023-01-27 11:25:00,110.43,110.435,110.43,110.435,441.0,FRT
2023-01-27 11:22:00,110.37,110.3975,110.37,110.3975,577.0,FRT
2023-01-27 11:21:00,110.32,110.37,110.32,110.37,1214.0,FRT
2023-01-27 11:20:00,110.37,110.39,110.37,110.38,2331.0,FRT
2023-01-27 11:19:00,110.36,110.37,110.32,110.3279,1197.0,FRT
2023-01-27 11:18:00,110.26,110.26,110.26,110.26,125.0,FRT
2023-01-27 11:16:00,110.33,110.33,110.22,110.22,684.0,FRT
2023-01-27 11:14:00,110.47,110.47,110.47,110.47,473.0,FRT
2023-01-27 11:13:00,110.5,110.5,110.5,110.5,162.0,FRT
2023-01-27 11:12:00,110.45,110.48,110.425,110.425,790.0,FRT
2023-01-27 11:11:00,110.51,110.51,110.45,110.45,773.0,FRT
2023-01-27 11:10:00,110.59,110.625,110.54,110.57,777.0,FRT
2023-01-27 11:08:00,110.72,110.72,110.72,110.72,304.0,FRT
2023-01-27 11:07:00,110.74,110.74,110.74,110.74,231.0,FRT
2023-01-27 11:06:00,110.68,110.68,110.66,110.66,247.0,FRT
2023-01-27 11:05:00,110.725,110.725,110.65,110.66,1236.0,FRT
2023-01-27 11:04:00,110.62,110.725,110.62,110.725,1252.0,FRT
2023-01-27 11:03:00,110.565,110.565,110.565,110.565,144.0,FRT
2023-01-27 11:01:00,110.565,110.565,110.565,110.565,214.0,FRT
2023-01-27 11:00:00,110.59,110.59,110.59,110.59,250.0,FRT
2023-01-27 10:58:00,110.49,110.59,110.49,110.59,3097.0,FRT
2023-01-27 10:57:00,110.45,110.4967,110.45,110.49,346.0,FRT
2023-01-27 10:56:00,110.51,110.51,110.5,110.5,464.0,FRT
2023-01-27 10:55:00,110.51,110.51,110.51,110.51,226.0,FRT
2023-01-27 10:54:00,110.64,110.64,110.52,110.58,357.0,FRT
2023-01-27 10:53:00,110.62,110.62,110.606,110.606,560.0,FRT
2023-01-27 10:51:00,110.7,110.7,110.7,110.7,323.0,FRT
2023-01-27 10:50:00,110.78,110.78,110.72,110.72,213.0,FRT
2023-01-27 10:48:00,110.77,110.77,110.74,110.76,737.0,FRT
2023-01-27 10:47:00,110.79,110.8899,110.79,110.865,2057.0,FRT
2023-01-27 10:45:00,110.785,110.79,110.73,110.79,408.0,FRT
2023-01-27 10:44:00,110.8,110.8,110.77,110.77,866.0,FRT
2023-01-27 10:43:00,110.72,110.86,110.72,110.83,1583.0,FRT
2023-01-27 10:42:00,110.665,110.665,110.665,110.665,990.0,FRT
2023-01-27 10:41:00,110.75,110.75,110.61,110.624,2352.0,FRT
2023-01-27 10:40:00,110.73,110.73,110.73,110.73,183.0,FRT
2023-01-27 10:39:00,110.82,110.82,110.74,110.74,2399.0,FRT
2023-01-27 10:37:00,110.81,110.81,110.81,110.81,214.0,FRT
2023-01-27 10:36:00,110.73,110.81,110.73,110.78,3102.0,FRT
2023-01-27 10:35:00,110.7,110.72,110.7,110.72,596.0,FRT
2023-01-27 10:34:00,110.73,110.73,110.67,110.67,2907.0,FRT
2023-01-27 10:33:00,110.72,110.72,110.72,110.72,749.0,FRT
2023-01-27 10:32:00,110.73,110.73,110.72,110.72,1131.0,FRT
2023-01-27 10:31:00,110.72,110.8,110.72,110.8,1161.0,FRT
2023-01-27 10:29:00,110.69,110.69,110.63,110.63,738.0,FRT
2023-01-27 10:28:00,110.73,110.775,110.69,110.69,2128.0,FRT
2023-01-27 10:27:00,110.54,110.62,110.49,110.61,4217.0,FRT
2023-01-27 10:26:00,110.58,110.58,110.57,110.57,220.0,FRT
2023-01-27 10:24:00,110.59,110.59,110.56,110.58,829.0,FRT
2023-01-27 10:23:00,110.6,110.61,110.56,110.56,577.0,FRT
2023-01-27 10:22:00,110.64,110.66,110.64,110.6452,458.0,FRT
2023-01-27 10:21:00,110.78,110.78,110.78,110.78,532.0,FRT
2023-01-27 10:20:00,110.79,110.79,110.695,110.695,1098.0,FRT
2023-01-27 10:19:00,110.78,110.78,110.78,110.78,107.0,FRT
2023-01-27 10:16:00,110.69,110.73,110.65,110.73,1224.0,FRT
2023-01-27 10:15:00,110.71,110.75,110.71,110.75,599.0,FRT
2023-01-27 10:14:00,110.8199,110.8199,110.8199,110.8199,153.0,FRT
2023-01-27 10:12:00,110.83,110.83,110.83,110.83,352.0,FRT
2023-01-27 10:11:00,110.72,110.78,110.72,110.78,1210.0,FRT
2023-01-27 10:10:00,110.72,110.72,110.675,110.6775,556.0,FRT
2023-01-27 10:08:00,110.81,110.81,110.8,110.8,584.0,FRT
2023-01-27 10:07:00,110.74,110.81,110.74,110.81,598.0,FRT
2023-01-27 10:06:00,110.67,110.67,110.66,110.66,284.0,FRT
2023-01-27 10:05:00,110.625,110.625,110.625,110.625,751.0,FRT
2023-01-27 10:04:00,110.71,110.71,110.71,110.71,122.0,FRT
2023-01-27 10:03:00,110.555,110.555,110.555,110.555,926.0,FRT
2023-01-27 10:02:00,110.54,110.54,110.54,110.54,156.0,FRT
2023-01-27 10:01:00,110.69,110.69,110.52,110.5225,722.0,FRT
2023-01-27 09:57:00,110.83,110.83,110.755,110.755,709.0,FRT
2023-01-27 09:54:00,110.84,110.87,110.82,110.82,1294.0,FRT
2023-01-27 09:53:00,110.74,110.74,110.725,110.73,488.0,FRT
2023-01-27 09:51:00,110.75,110.84,110.75,110.84,1499.0,FRT
2023-01-27 09:49:00,110.65,110.65,110.65,110.65,211.0,FRT
2023-01-27 09:48:00,110.75,110.75,110.725,110.725,793.0,FRT
2023-01-27 09:47:00,110.76,110.76,110.69,110.695,1646.0,FRT
2023-01-27 09:46:00,110.74,110.75,110.74,110.74,606.0,FRT
2023-01-27 09:45:00,110.72,110.73,110.72,110.73,651.0,FRT
2023-01-27 09:42:00,110.585,110.585,110.585,110.585,254.0,FRT
2023-01-27 09:41:00,110.498,110.498,110.498,110.498,390.0,FRT
2023-01-27 09:40:00,110.46,110.46,110.46,110.46,236.0,FRT
2023-01-27 09:39:00,110.52,110.52,110.52,110.52,488.0,FRT
2023-01-27 09:38:00,110.71,110.71,110.71,110.71,131.0,FRT
2023-01-27 09:33:00,110.27,110.42,110.17,110.415,673.0,FRT
2023-01-27 09:31:00,110.24,110.555,110.24,110.555,2796.0,FRT
2023-01-26 16:02:00,110.25,110.25,110.25,110.25,1930.0,FRT
2023-01-26 16:01:00,110.25,110.25,110.25,110.25,6780.0,FRT
2023-01-26 16:00:00,110.05,110.27,110.05,110.22,10507.0,FRT
2023-01-26 15:59:00,110.02,110.06,110.0,110.04,5909.0,FRT
2023-01-26 15:58:00,109.99,110.05,109.99,110.02,6347.0,FRT
2023-01-26 15:57:00,110.08,110.08,109.99,110.0,8073.0,FRT
2023-01-26 15:56:00,110.12,110.15,110.05,110.055,6711.0,FRT
2023-01-26 15:55:00,110.08,110.11,110.065,110.09,4736.0,FRT
2023-01-26 15:54:00,110.16,110.19,110.07,110.08,3358.0,FRT
2023-01-26 15:53:00,110.22,110.22,110.1,110.21,5696.0,FRT
2023-01-26 15:52:00,110.19,110.21,110.13,110.21,5009.0,FRT
2023-01-26 15:51:00,110.13,110.24,110.12,110.21,6218.0,FRT
2023-01-26 15:50:00,110.1,110.12,110.1,110.12,1474.0,FRT
2023-01-26 15:49:00,110.02,110.1,110.02,110.09,2451.0,FRT
2023-01-26 15:48:00,109.93,109.98,109.91,109.98,4407.0,FRT
2023-01-26 15:47:00,109.91,109.94,109.905,109.93,2935.0,FRT
2023-01-26 15:46:00,109.86,109.92,109.86,109.88,3707.0,FRT
2023-01-26 15:45:00,109.9,109.9,109.86,109.86,1459.0,FRT
2023-01-26 15:44:00,109.94,109.97,109.94,109.97,510.0,FRT
2023-01-26 15:43:00,110.0,110.0,109.96,109.96,1010.0,FRT
2023-01-26 15:42:00,110.0,110.01,110.0,110.01,1193.0,FRT
2023-01-26 15:41:00,109.91,109.94,109.91,109.94,2667.0,FRT
2023-01-26 15:40:00,109.89,109.89,109.88,109.88,836.0,FRT
2023-01-26 15:39:00,109.79,109.86,109.79,109.86,1016.0,FRT
2023-01-26 15:38:00,109.83,109.83,109.83,109.83,609.0,FRT
2023-01-26 15:37:00,109.87,109.87,109.87,109.87,304.0,FRT
2023-01-26 15:36:00,109.86,109.86,109.86,109.86,606.0,FRT
2023-01-26 15:35:00,109.85,109.85,109.82,109.82,960.0,FRT
2023-01-26 15:34:00,109.85,109.86,109.85,109.86,1914.0,FRT
2023-01-26 15:33:00,109.85,109.85,109.85,109.85,410.0,FRT
2023-01-26 15:32:00,109.83,109.85,109.8,109.8,1138.0,FRT
2023-01-26 15:31:00,109.795,109.795,109.76,109.76,1407.0,FRT
2023-01-26 15:30:00,109.86,109.905,109.86,109.9,1868.0,FRT
2023-01-26 15:28:00,109.84,109.84,109.84,109.84,486.0,FRT
2023-01-26 15:27:00,109.82,109.82,109.82,109.82,753.0,FRT
2023-01-26 15:25:00,109.82,109.82,109.82,109.82,692.0,FRT
2023-01-26 15:24:00,109.82,109.82,109.82,109.82,987.0,FRT
2023-01-26 15:23:00,109.85,109.85,109.81,109.82,1793.0,FRT
2023-01-26 15:22:00,109.88,109.88,109.88,109.88,353.0,FRT
2023-01-26 15:21:00,109.88,109.88,109.88,109.88,1379.0,FRT
2023-01-26 15:20:00,109.895,109.92,109.88,109.895,2116.0,FRT
2023-01-26 15:19:00,109.88,109.88,109.88,109.88,617.0,FRT
2023-01-26 15:18:00,109.825,109.84,109.825,109.84,754.0,FRT
2023-01-26 15:17:00,109.81,109.81,109.8,109.8,566.0,FRT
2023-01-26 15:16:00,109.75,109.75,109.75,109.75,306.0,FRT
2023-01-26 15:13:00,109.71,109.78,109.71,109.78,1156.0,FRT
2023-01-26 15:12:00,109.64,109.69,109.64,109.69,1523.0,FRT
2023-01-26 15:11:00,109.66,109.66,109.63,109.63,606.0,FRT
2023-01-26 15:10:00,109.62,109.62,109.62,109.62,165.0,FRT
2023-01-26 15:08:00,109.65,109.65,109.65,109.65,754.0,FRT
2023-01-26 15:07:00,109.71,109.715,109.7,109.715,829.0,FRT
2023-01-26 15:04:00,109.77,109.77,109.77,109.77,856.0,FRT
2023-01-26 15:03:00,109.72,109.72,109.715,109.715,1155.0,FRT
2023-01-26 15:02:00,109.73,109.74,109.73,109.74,339.0,FRT
2023-01-26 15:01:00,109.72,109.75,109.72,109.74,1566.0,FRT
2023-01-26 15:00:00,109.725,109.725,109.7,109.7,522.0,FRT
2023-01-26 14:59:00,109.71,109.72,109.7,109.72,895.0,FRT
2023-01-26 14:58:00,109.66,109.72,109.66,109.72,1453.0,FRT
2023-01-26 14:57:00,109.625,109.67,109.625,109.67,1702.0,FRT
2023-01-26 14:56:00,109.65,109.65,109.62,109.62,711.0,FRT
2023-01-26 14:55:00,109.66,109.66,109.64,109.64,669.0,FRT
2023-01-26 14:54:00,109.705,109.71,109.66,109.66,1401.0,FRT
2023-01-26 14:53:00,109.72,109.72,109.72,109.72,508.0,FRT
2023-01-26 14:51:00,109.83,109.84,109.78,109.78,1009.0,FRT
2023-01-26 14:50:00,109.86,109.87,109.84,109.84,500.0,FRT
2023-01-26 14:49:00,109.92,109.92,109.88,109.88,1228.0,FRT
2023-01-26 14:48:00,109.95,109.95,109.95,109.95,328.0,FRT
2023-01-26 14:47:00,109.96,109.96,109.93,109.94,436.0,FRT
2023-01-26 14:46:00,109.975,109.975,109.94,109.9582,313.0,FRT
2023-01-26 14:44:00,109.96,109.96,109.96,109.96,290.0,FRT
2023-01-26 14:43:00,109.92,109.99,109.92,109.99,1114.0,FRT
2023-01-26 14:42:00,109.95,109.9807,109.95,109.9807,417.0,FRT
2023-01-26 14:41:00,109.89,109.89,109.89,109.89,266.0,FRT
2023-01-26 14:40:00,109.95,109.95,109.95,109.95,169.0,FRT
2023-01-26 14:39:00,110.01,110.01,110.01,110.01,236.0,FRT
2023-01-26 14:38:00,109.99,110.03,109.99,109.99,1730.0,FRT
2023-01-26 14:37:00,110.09,110.105,109.975,109.975,2273.0,FRT
2023-01-26 14:36:00,110.09,110.12,110.09,110.12,853.0,FRT
2023-01-26 14:35:00,110.07,110.07,110.07,110.07,171.0,FRT
2023-01-26 14:34:00,110.07,110.07,110.05,110.05,477.0,FRT
2023-01-26 14:33:00,110.06,110.095,110.06,110.07,1048.0,FRT
2023-01-26 14:32:00,109.99,110.04,109.99,110.03,850.0,FRT
2023-01-26 14:31:00,109.925,109.97,109.925,109.97,2802.0,FRT
2023-01-26 14:30:00,109.92,109.92,109.9,109.9,783.0,FRT
2023-01-26 14:29:00,109.935,109.935,109.935,109.935,264.0,FRT
2023-01-26 14:28:00,109.91,109.915,109.86,109.915,1588.0,FRT
2023-01-26 14:27:00,109.9,109.91,109.87,109.91,1560.0,FRT
2023-01-26 14:26:00,109.975,109.99,109.975,109.99,987.0,FRT
2023-01-26 14:25:00,110.045,110.045,109.97,109.98,858.0,FRT
2023-01-26 14:24:00,110.045,110.045,110.045,110.045,466.0,FRT
2023-01-26 14:23:00,109.97,110.02,109.97,110.02,845.0,FRT
2023-01-26 14:22:00,110.06,110.06,110.02,110.02,557.0,FRT
2023-01-26 14:21:00,109.94,110.01,109.94,110.01,2526.0,FRT
2023-01-26 14:20:00,109.91,109.93,109.91,109.91,1284.0,FRT
2023-01-26 14:19:00,109.94,109.94,109.94,109.94,715.0,FRT
2023-01-26 14:18:00,109.935,109.94,109.935,109.94,565.0,FRT
2023-01-26 14:17:00,109.91,109.91,109.91,109.91,255.0,FRT
2023-01-26 14:16:00,109.93,109.935,109.9,109.9,1059.0,FRT
2023-01-26 14:15:00,109.93,109.93,109.93,109.93,296.0,FRT
2023-01-26 14:14:00,109.98,109.98,109.87,109.95,1342.0,FRT
2023-01-26 14:12:00,109.96,109.99,109.96,109.97,2088.0,FRT
2023-01-26 14:10:00,110.015,110.015,109.93,109.93,645.0,FRT
2023-01-26 14:09:00,110.12,110.12,109.98,109.982,2766.0,FRT
2023-01-26 14:08:00,110.11,110.12,110.11,110.12,453.0,FRT
2023-01-26 14:07:00,110.125,110.125,110.12,110.12,519.0,FRT
2023-01-26 14:06:00,110.13,110.13,110.13,110.13,237.0,FRT
2023-01-26 14:05:00,110.08,110.08,110.08,110.08,260.0,FRT
2023-01-26 14:04:00,109.94,110.09,109.94,110.09,5636.0,FRT
2023-01-26 14:02:00,109.88,109.915,109.88,109.915,533.0,FRT
2023-01-26 14:01:00,109.92,109.92,109.86,109.87,1413.0,FRT
2023-01-26 14:00:00,109.86,109.91,109.86,109.905,1059.0,FRT
2023-01-26 13:59:00,109.83,109.83,109.83,109.83,401.0,FRT
2023-01-26 13:57:00,109.86,109.86,109.835,109.835,416.0,FRT
2023-01-26 13:56:00,109.855,109.855,109.825,109.825,781.0,FRT
2023-01-26 13:54:00,109.91,109.91,109.88,109.91,447.0,FRT
2023-01-26 13:53:00,109.91,109.9338,109.91,109.9338,536.0,FRT
2023-01-26 13:52:00,109.95,109.95,109.95,109.95,618.0,FRT
2023-01-26 13:51:00,109.97,109.97,109.95,109.95,821.0,FRT
2023-01-26 13:49:00,110.05,110.05,110.05,110.05,780.0,FRT
2023-01-26 13:48:00,110.04,110.05,110.04,110.05,514.0,FRT
2023-01-26 13:47:00,109.99,110.03,109.96,110.03,2860.0,FRT
2023-01-26 13:46:00,109.98,109.99,109.96,109.96,1258.0,FRT
2023-01-26 13:44:00,109.92,109.92,109.9,109.91,1474.0,FRT
2023-01-26 13:43:00,109.895,109.925,109.89,109.9,1255.0,FRT
2023-01-26 13:42:00,109.895,109.9,109.87,109.87,1248.0,FRT
2023-01-26 13:41:00,109.86,109.89,109.86,109.88,706.0,FRT
2023-01-26 13:40:00,109.8,109.8,109.8,109.8,424.0,FRT
2023-01-26 13:39:00,109.715,109.76,109.715,109.76,2466.0,FRT
2023-01-26 13:38:00,109.72,109.72,109.71,109.71,552.0,FRT
2023-01-26 13:37:00,109.66,109.71,109.66,109.71,904.0,FRT
2023-01-26 13:36:00,109.66,109.66,109.66,109.66,498.0,FRT
2023-01-26 13:35:00,109.7,109.7,109.65,109.655,1435.0,FRT
2023-01-26 13:34:00,109.655,109.7,109.655,109.7,402.0,FRT
2023-01-26 13:33:00,109.65,109.66,109.65,109.66,587.0,FRT
2023-01-26 13:32:00,109.61,109.67,109.61,109.66,2460.0,FRT
2023-01-26 13:31:00,109.54,109.5775,109.54,109.5775,1591.0,FRT
2023-01-26 13:29:00,109.58,109.58,109.53,109.545,1113.0,FRT
2023-01-26 13:28:00,109.63,109.64,109.605,109.605,1114.0,FRT
2023-01-26 13:27:00,109.62,109.63,109.59,109.63,2199.0,FRT
2023-01-26 13:26:00,109.72,109.74,109.71,109.71,2443.0,FRT
2023-01-26 13:25:00,109.69,109.7,109.69,109.7,503.0,FRT
2023-01-26 13:24:00,109.675,109.675,109.675,109.675,268.0,FRT
2023-01-26 13:23:00,109.695,109.695,109.695,109.695,616.0,FRT
2023-01-26 13:22:00,109.65,109.69,109.65,109.69,1238.0,FRT
2023-01-26 13:21:00,109.645,109.65,109.645,109.65,375.0,FRT
2023-01-26 13:20:00,109.64,109.64,109.64,109.64,785.0,FRT
2023-01-26 13:19:00,109.73,109.73,109.64,109.65,1945.0,FRT
2023-01-26 13:18:00,109.8,109.8,109.74,109.74,1401.0,FRT
2023-01-26 13:17:00,109.8,109.8,109.795,109.8,769.0,FRT
2023-01-26 13:15:00,109.77,109.83,109.77,109.83,4310.0,FRT
2023-01-26 13:14:00,109.74,109.79,109.74,109.77,1086.0,FRT
2023-01-26 13:13:00,109.74,109.74,109.735,109.74,728.0,FRT
2023-01-26 13:12:00,109.71,109.71,109.71,109.71,215.0,FRT
2023-01-26 13:11:00,109.695,109.75,109.66,109.66,1244.0,FRT
2023-01-26 13:10:00,109.71,109.76,109.71,109.71,876.0,FRT
2023-01-26 13:09:00,109.815,109.815,109.67,109.67,572.0,FRT
2023-01-26 13:07:00,109.87,109.87,109.87,109.87,648.0,FRT
2023-01-26 13:06:00,109.88,109.88,109.88,109.88,323.0,FRT
2023-01-26 13:04:00,109.94,109.94,109.94,109.94,258.0,FRT
2023-01-26 13:03:00,109.91,109.91,109.895,109.895,296.0,FRT
2023-01-26 13:02:00,109.89,109.895,109.85,109.85,944.0,FRT
2023-01-26 13:01:00,109.9,109.9,109.7639,109.77,2101.0,FRT
2023-01-26 13:00:00,109.85,109.85,109.85,109.85,384.0,FRT
2023-01-26 12:59:00,109.9236,109.9236,109.91,109.91,472.0,FRT
2023-01-26 12:57:00,109.96,109.96,109.96,109.96,515.0,FRT
2023-01-26 12:55:00,109.99,109.99,109.96,109.96,736.0,FRT
2023-01-26 12:53:00,110.07,110.07,110.07,110.07,304.0,FRT
2023-01-26 12:52:00,110.02,110.02,110.02,110.02,345.0,FRT
2023-01-26 12:51:00,109.92,109.96,109.92,109.96,828.0,FRT
2023-01-26 12:50:00,109.905,109.905,109.905,109.905,450.0,FRT
2023-01-26 12:49:00,109.8,109.86,109.8,109.86,617.0,FRT
2023-01-26 12:48:00,109.83,109.87,109.83,109.87,665.0,FRT
2023-01-26 12:47:00,109.865,109.865,109.78,109.78,696.0,FRT
2023-01-26 12:45:00,109.96,109.96,109.96,109.96,552.0,FRT
2023-01-26 12:44:00,110.03,110.05,110.03,110.05,443.0,FRT
2023-01-26 12:42:00,110.2,110.2,110.16,110.16,928.0,FRT
2023-01-26 12:41:00,110.2,110.2,110.2,110.2,285.0,FRT
2023-01-26 12:40:00,110.075,110.23,110.075,110.2,7621.0,FRT
2023-01-26 12:38:00,110.07,110.095,110.07,110.07,755.0,FRT
2023-01-26 12:36:00,110.03,110.05,110.03,110.05,2469.0,FRT
2023-01-26 12:35:00,110.05,110.06,110.05,110.06,692.0,FRT
2023-01-26 12:34:00,110.02,110.06,110.01,110.01,789.0,FRT
2023-01-26 12:32:00,110.02,110.05,110.01,110.035,2970.0,FRT
2023-01-26 12:31:00,110.01,110.05,110.0,110.05,976.0,FRT
2023-01-26 12:29:00,110.03,110.05,110.03,110.05,924.0,FRT
2023-01-26 12:28:00,110.0,110.0,110.0,110.0,487.0,FRT
2023-01-26 12:27:00,110.0,110.0,110.0,110.0,2132.0,FRT
2023-01-26 12:26:00,110.06,110.06,110.015,110.015,555.0,FRT
2023-01-26 12:25:00,110.09,110.09,110.09,110.09,607.0,FRT
2023-01-26 12:23:00,110.18,110.18,110.165,110.165,439.0,FRT
2023-01-26 12:22:00,110.22,110.22,110.19,110.19,352.0,FRT
2023-01-26 12:21:00,110.12,110.12,110.12,110.12,704.0,FRT
2023-01-26 12:20:00,110.115,110.115,110.115,110.115,209.0,FRT
2023-01-26 12:17:00,109.99,110.09,109.99,110.09,1084.0,FRT
2023-01-26 12:16:00,110.06,110.06,110.06,110.06,345.0,FRT
2023-01-26 12:15:00,110.21,110.21,110.125,110.125,668.0,FRT
2023-01-26 12:13:00,110.19,110.19,110.19,110.19,156.0,FRT
2023-01-26 12:11:00,110.18,110.19,110.18,110.19,354.0,FRT
2023-01-26 12:10:00,110.07,110.185,110.07,110.185,1973.0,FRT
2023-01-26 12:09:00,110.06,110.06,110.06,110.06,100.0,FRT
2023-01-26 12:08:00,110.0959,110.0959,110.0959,110.0959,453.0,FRT
2023-01-26 12:07:00,110.02,110.07,110.02,110.07,1059.0,FRT
2023-01-26 12:06:00,109.985,110.02,109.985,110.02,940.0,FRT
2023-01-26 12:05:00,110.03,110.03,109.96,109.965,1399.0,FRT
2023-01-26 12:03:00,110.1,110.1,110.1,110.1,307.0,FRT
2023-01-26 12:02:00,110.075,110.12,110.075,110.12,347.0,FRT
2023-01-26 12:00:00,110.03,110.04,110.03,110.04,722.0,FRT
2023-01-26 11:59:00,110.05,110.08,110.05,110.08,699.0,FRT
2023-01-26 11:58:00,110.08,110.09,110.05,110.05,630.0,FRT
2023-01-26 11:57:00,109.96,110.01,109.96,110.0,1047.0,FRT
2023-01-26 11:56:00,109.98,109.98,109.95,109.95,503.0,FRT
2023-01-26 11:55:00,109.975,109.975,109.975,109.975,222.0,FRT
2023-01-26 11:54:00,109.91,109.91,109.91,109.91,208.0,FRT
2023-01-26 11:53:00,109.865,109.96,109.835,109.96,2591.0,FRT
2023-01-26 11:52:00,109.86,109.86,109.86,109.86,283.0,FRT
2023-01-26 11:51:00,109.91,109.91,109.83,109.83,1084.0,FRT
2023-01-26 11:48:00,109.965,109.965,109.965,109.965,206.0,FRT
2023-01-26 11:46:00,110.02,110.04,110.02,110.04,331.0,FRT
2023-01-26 11:45:00,110.05,110.09,110.0,110.0,2362.0,FRT
2023-01-26 11:44:00,110.04,110.04,110.04,110.04,132.0,FRT
2023-01-26 11:43:00,110.03,110.09,110.03,110.05,2177.0,FRT
2023-01-26 11:40:00,110.065,110.065,110.065,110.065,477.0,FRT
2023-01-26 11:37:00,110.0,110.08,110.0,110.08,897.0,FRT
2023-01-26 11:36:00,110.01,110.08,110.01,110.01,2764.0,FRT
2023-01-26 11:34:00,110.02,110.02,110.02,110.02,289.0,FRT
2023-01-26 11:32:00,110.155,110.155,110.14,110.14,709.0,FRT
2023-01-26 11:31:00,110.1,110.1,110.095,110.095,478.0,FRT
2023-01-26 11:30:00,110.1,110.1,110.015,110.05,458.0,FRT
2023-01-26 11:29:00,110.04,110.05,110.04,110.05,658.0,FRT
2023-01-26 11:28:00,109.985,109.985,109.985,109.985,209.0,FRT
2023-01-26 11:27:00,109.98,109.98,109.98,109.98,346.0,FRT
2023-01-26 11:26:00,109.97,110.01,109.97,109.97,735.0,FRT
2023-01-26 11:25:00,110.0,110.0,109.97,109.97,466.0,FRT
2023-01-26 11:24:00,110.0,110.0,110.0,110.0,178.0,FRT
2023-01-26 11:23:00,109.91,109.9775,109.89,109.9775,1794.0,FRT
2023-01-26 11:22:00,109.99,109.99,109.95,109.97,832.0,FRT
2023-01-26 11:21:00,110.03,110.03,109.98,109.98,461.0,FRT
2023-01-26 11:20:00,110.09,110.09,110.03,110.03,923.0,FRT
2023-01-26 11:17:00,109.97,109.97,109.97,109.97,1744.0,FRT
2023-01-26 11:16:00,109.94,109.94,109.94,109.94,178.0,FRT
2023-01-26 11:15:00,109.96,109.96,109.96,109.96,114.0,FRT
2023-01-26 11:12:00,109.9,109.9,109.9,109.9,439.0,FRT
2023-01-26 11:11:00,109.93,110.025,109.93,110.025,1467.0,FRT
2023-01-26 11:10:00,109.9,109.9,109.9,109.9,278.0,FRT
2023-01-26 11:08:00,109.91,109.91,109.84,109.84,1515.0,FRT
2023-01-26 11:07:00,109.915,109.915,109.915,109.915,302.0,FRT
2023-01-26 11:06:00,109.94,109.94,109.94,109.94,268.0,FRT
2023-01-26 11:05:00,109.91,109.91,109.91,109.91,235.0,FRT
2023-01-26 11:04:00,109.94,109.94,109.94,109.94,145.0,FRT
2023-01-26 11:03:00,109.93,109.93,109.93,109.93,115.0,FRT
2023-01-26 11:02:00,109.905,109.905,109.905,109.905,159.0,FRT
2023-01-26 11:01:00,109.74,109.8884,109.71,109.8884,2697.0,FRT
2023-01-26 11:00:00,109.7,109.73,109.66,109.73,2127.0,FRT
2023-01-26 10:59:00,109.65,109.65,109.65,109.65,342.0,FRT
2023-01-26 10:57:00,109.77,109.77,109.77,109.77,639.0,FRT
2023-01-26 10:55:00,109.955,109.96,109.795,109.795,901.0,FRT
2023-01-26 10:54:00,110.05,110.05,110.025,110.025,1112.0,FRT
2023-01-26 10:53:00,110.115,110.115,110.115,110.115,315.0,FRT
2023-01-26 10:50:00,110.18,110.18,110.13,110.135,589.0,FRT
2023-01-26 10:49:00,110.135,110.135,110.135,110.135,230.0,FRT
2023-01-26 10:48:00,110.15,110.15,110.15,110.15,323.0,FRT
2023-01-26 10:47:00,110.13,110.13,110.105,110.105,838.0,FRT
2023-01-26 10:45:00,110.2377,110.2377,110.06,110.06,1500.0,FRT
2023-01-26 10:43:00,110.055,110.1,110.055,110.1,297.0,FRT
2023-01-26 10:42:00,110.1199,110.1199,110.1199,110.1199,241.0,FRT
2023-01-26 10:41:00,109.9,110.03,109.9,110.03,1441.0,FRT
2023-01-26 10:40:00,110.0,110.0,109.93,109.93,783.0,FRT
2023-01-26 10:39:00,109.98,110.02,109.95,109.995,591.0,FRT
2023-01-26 10:38:00,110.12,110.12,110.1,110.1,660.0,FRT
2023-01-26 10:37:00,110.18,110.18,110.16,110.17,739.0,FRT
2023-01-26 10:35:00,110.315,110.315,110.315,110.315,187.0,FRT
2023-01-26 10:33:00,110.16,110.16,110.16,110.16,998.0,FRT
2023-01-26 10:32:00,110.13,110.13,110.13,110.13,809.0,FRT
2023-01-26 10:31:00,110.06,110.06,110.06,110.06,706.0,FRT
2023-01-26 10:30:00,110.06,110.06,110.06,110.06,448.0,FRT
2023-01-26 10:27:00,110.26,110.26,110.26,110.26,305.0,FRT
2023-01-26 10:26:00,110.36,110.36,110.32,110.32,1008.0,FRT
2023-01-26 10:25:00,110.34,110.3764,110.34,110.3764,980.0,FRT
2023-01-26 10:24:00,110.28,110.28,110.26,110.265,394.0,FRT
2023-01-26 10:23:00,110.23,110.23,110.23,110.23,559.0,FRT
2023-01-26 10:21:00,110.34,110.34,110.29,110.29,434.0,FRT
2023-01-26 10:20:00,110.36,110.36,110.36,110.36,606.0,FRT
2023-01-26 10:15:00,110.39,110.42,110.355,110.42,1012.0,FRT
2023-01-26 10:14:00,110.31,110.31,110.31,110.31,126.0,FRT
2023-01-26 10:13:00,110.28,110.37,110.28,110.37,819.0,FRT
2023-01-26 10:12:00,110.02,110.235,110.02,110.235,1814.0,FRT
2023-01-26 10:11:00,110.19,110.19,110.19,110.19,426.0,FRT
2023-01-26 10:09:00,110.2797,110.2797,110.2797,110.2797,184.0,FRT
2023-01-26 10:06:00,110.4,110.4,110.4,110.4,907.0,FRT
2023-01-26 10:04:00,110.21,110.34,110.21,110.26,704.0,FRT
2023-01-26 10:03:00,110.18,110.18,110.18,110.18,109.0,FRT
2023-01-26 10:02:00,110.29,110.29,110.18,110.18,1193.0,FRT
2023-01-26 10:01:00,110.29,110.335,110.29,110.335,1629.0,FRT
2023-01-26 10:00:00,110.22,110.29,110.2,110.29,1805.0,FRT
2023-01-26 09:59:00,110.2,110.24,110.2,110.24,855.0,FRT
2023-01-26 09:58:00,110.015,110.11,110.015,110.11,972.0,FRT
2023-01-26 09:56:00,110.1711,110.1711,110.08,110.08,420.0,FRT
2023-01-26 09:55:00,110.23,110.23,110.23,110.23,991.0,FRT
2023-01-26 09:54:00,110.34,110.4,110.33,110.38,2417.0,FRT
2023-01-26 09:53:00,110.2649,110.2649,110.2649,110.2649,561.0,FRT
2023-01-26 09:50:00,110.39,110.39,110.255,110.255,982.0,FRT
2023-01-26 09:49:00,110.61,110.66,110.53,110.53,1394.0,FRT
2023-01-26 09:47:00,110.68,110.68,110.68,110.68,118.0,FRT
2023-01-26 09:46:00,110.54,110.54,110.53,110.53,444.0,FRT
2023-01-26 09:41:00,110.84,110.84,110.84,110.84,458.0,FRT
2023-01-26 09:39:00,110.8,110.84,110.7,110.84,1583.0,FRT
2023-01-26 09:35:00,111.02,111.02,111.02,111.02,257.0,FRT
2023-01-26 09:34:00,111.08,111.08,111.08,111.08,130.0,FRT
2023-01-26 09:33:00,111.255,111.255,111.0545,111.0545,520.0,FRT
2023-01-26 09:31:00,111.45,111.45,111.45,111.45,2706.0,FRT
2023-01-25 16:02:00,110.48,110.48,110.48,110.48,148.0,FRT
2023-01-25 16:01:00,110.48,110.48,110.48,110.48,8498.0,FRT
2023-01-25 16:00:00,110.35,110.48,110.35,110.48,23444.0,FRT
2023-01-25 15:59:00,110.31,110.34,110.31,110.34,7240.0,FRT
2023-01-25 15:58:00,110.3,110.32,110.25,110.31,5943.0,FRT
2023-01-25 15:57:00,110.34,110.36,110.3,110.3,6871.0,FRT
2023-01-25 15:56:00,110.32,110.44,110.3,110.32,6423.0,FRT
2023-01-25 15:55:00,110.21,110.32,110.18,110.3116,6434.0,FRT
2023-01-25 15:54:00,110.18,110.22,110.15,110.195,4458.0,FRT
2023-01-25 15:53:00,110.14,110.18,110.105,110.16,9477.0,FRT
2023-01-25 15:52:00,110.19,110.2,110.15,110.15,4335.0,FRT
2023-01-25 15:51:00,110.27,110.28,110.14,110.14,3560.0,FRT
2023-01-25 15:50:00,110.22,110.31,110.22,110.295,1709.0,FRT
2023-01-25 15:49:00,110.28,110.29,110.22,110.245,3267.0,FRT
2023-01-25 15:48:00,110.16,110.215,110.14,110.215,1657.0,FRT
2023-01-25 15:47:00,110.21,110.22,110.17,110.17,1194.0,FRT
2023-01-25 15:46:00,110.22,110.3,110.2,110.21,3268.0,FRT
2023-01-25 15:45:00,110.27,110.285,110.27,110.27,657.0,FRT
2023-01-25 15:44:00,110.32,110.32,110.31,110.31,841.0,FRT
2023-01-25 15:43:00,110.34,110.35,110.32,110.32,1083.0,FRT
2023-01-25 15:42:00,110.33,110.36,110.32,110.32,1467.0,FRT
2023-01-25 15:41:00,110.34,110.35,110.335,110.34,1132.0,FRT
2023-01-25 15:39:00,110.4,110.4,110.4,110.4,178.0,FRT
2023-01-25 15:38:00,110.19,110.31,110.19,110.31,2266.0,FRT
2023-01-25 15:37:00,110.23,110.24,110.155,110.155,1901.0,FRT
2023-01-25 15:36:00,110.315,110.32,110.28,110.3,2191.0,FRT
2023-01-25 15:35:00,110.29,110.38,110.29,110.31,1398.0,FRT
2023-01-25 15:33:00,110.28,110.28,110.28,110.28,1035.0,FRT
2023-01-25 15:32:00,110.32,110.33,110.27,110.27,1057.0,FRT
2023-01-25 15:31:00,110.26,110.28,110.26,110.28,1043.0,FRT
2023-01-25 15:28:00,110.235,110.235,110.185,110.185,617.0,FRT
2023-01-25 15:27:00,110.24,110.24,110.24,110.24,532.0,FRT
2023-01-25 15:26:00,110.21,110.21,110.13,110.13,1209.0,FRT
2023-01-25 15:25:00,110.2,110.26,110.2,110.26,1268.0,FRT
2023-01-25 15:24:00,110.1,110.18,110.1,110.18,1908.0,FRT
2023-01-25 15:23:00,110.08,110.08,110.08,110.08,449.0,FRT
2023-01-25 15:22:00,110.115,110.115,110.07,110.11,857.0,FRT
2023-01-25 15:21:00,110.09,110.09,110.06,110.09,939.0,FRT
2023-01-25 15:20:00,110.06,110.06,110.06,110.06,499.0,FRT
2023-01-25 15:18:00,110.07,110.07,110.01,110.01,705.0,FRT
2023-01-25 15:17:00,110.07,110.07,110.07,110.07,438.0,FRT
2023-01-25 15:16:00,110.06,110.09,110.06,110.08,1139.0,FRT
2023-01-25 15:15:00,109.99,110.01,109.99,110.01,1087.0,FRT
2023-01-25 15:14:00,110.0,110.0,109.975,109.975,422.0,FRT
2023-01-25 15:13:00,110.05,110.05,110.035,110.035,460.0,FRT
2023-01-25 15:12:00,110.085,110.085,110.02,110.02,1565.0,FRT
2023-01-25 15:10:00,110.04,110.07,110.04,110.07,897.0,FRT
2023-01-25 15:09:00,109.95,110.11,109.89,110.11,2229.0,FRT
2023-01-25 15:08:00,109.92,109.92,109.89,109.89,343.0,FRT
2023-01-25 15:07:00,109.9,109.9,109.9,109.9,571.0,FRT
2023-01-25 15:06:00,109.85,109.85,109.85,109.85,305.0,FRT
2023-01-25 15:05:00,109.88,109.88,109.84,109.84,404.0,FRT
2023-01-25 15:04:00,109.81,109.835,109.81,109.835,494.0,FRT
2023-01-25 15:03:00,109.82,109.82,109.82,109.82,393.0,FRT
2023-01-25 15:02:00,109.71,109.72,109.71,109.72,673.0,FRT
2023-01-25 15:00:00,109.7,109.7,109.64,109.64,895.0,FRT
2023-01-25 14:57:00,109.72,109.72,109.69,109.72,720.0,FRT
2023-01-25 14:56:00,109.64,109.64,109.64,109.64,279.0,FRT
2023-01-25 14:55:00,109.62,109.62,109.62,109.62,1157.0,FRT
2023-01-25 14:54:00,109.59,109.59,109.59,109.59,169.0,FRT
2023-01-25 14:53:00,109.59,109.59,109.59,109.59,591.0,FRT
2023-01-25 14:52:00,109.58,109.58,109.57,109.57,671.0,FRT
2023-01-25 14:51:00,109.6,109.6,109.53,109.54,1909.0,FRT
2023-01-25 14:50:00,109.61,109.63,109.6,109.63,304.0,FRT
2023-01-25 14:49:00,109.64,109.64,109.63,109.64,421.0,FRT
2023-01-25 14:48:00,109.59,109.62,109.59,109.62,1113.0,FRT
2023-01-25 14:46:00,109.5775,109.5775,109.54,109.54,451.0,FRT
2023-01-25 14:45:00,109.49,109.55,109.49,109.55,222.0,FRT
2023-01-25 14:42:00,109.58,109.59,109.515,109.515,1935.0,FRT
2023-01-25 14:40:00,109.58,109.58,109.545,109.545,456.0,FRT
2023-01-25 14:39:00,109.48,109.55,109.48,109.55,1062.0,FRT
2023-01-25 14:37:00,109.53,109.54,109.53,109.54,602.0,FRT
2023-01-25 14:36:00,109.51,109.52,109.51,109.515,630.0,FRT
2023-01-25 14:35:00,109.635,109.635,109.515,109.515,1667.0,FRT
2023-01-25 14:34:00,109.61,109.62,109.61,109.61,779.0,FRT
2023-01-25 14:33:00,109.73,109.74,109.695,109.695,881.0,FRT
2023-01-25 14:32:00,109.753,109.753,109.753,109.753,510.0,FRT
2023-01-25 14:30:00,109.655,109.655,109.655,109.655,195.0,FRT
2023-01-25 14:29:00,109.6483,109.6483,109.6483,109.6483,254.0,FRT
2023-01-25 14:28:00,109.69,109.7,109.6,109.63,1486.0,FRT
2023-01-25 14:27:00,109.74,109.74,109.72,109.72,809.0,FRT
2023-01-25 14:25:00,109.79,109.79,109.79,109.79,746.0,FRT
2023-01-25 14:24:00,109.7,109.715,109.7,109.715,795.0,FRT
2023-01-25 14:23:00,109.73,109.75,109.73,109.745,373.0,FRT
2023-01-25 14:22:00,109.74,109.74,109.67,109.73,2482.0,FRT
2023-01-25 14:21:00,109.75,109.76,109.75,109.76,559.0,FRT
2023-01-25 14:20:00,109.7,109.765,109.7,109.765,541.0,FRT
2023-01-25 14:17:00,109.62,109.64,109.62,109.64,996.0,FRT
2023-01-25 14:16:00,109.6,109.63,109.58,109.63,1169.0,FRT
2023-01-25 14:14:00,109.555,109.555,109.525,109.555,575.0,FRT
2023-01-25 14:13:00,109.5,109.5,109.49,109.5,1975.0,FRT
2023-01-25 14:12:00,109.5,109.5,109.47,109.5,824.0,FRT
2023-01-25 14:11:00,109.44,109.5,109.385,109.5,901.0,FRT
2023-01-25 14:10:00,109.35,109.35,109.35,109.35,122.0,FRT
2023-01-25 14:09:00,109.24,109.32,109.24,109.32,2412.0,FRT
2023-01-25 14:08:00,109.2,109.2,109.2,109.2,388.0,FRT
2023-01-25 14:05:00,109.2,109.2,109.2,109.2,166.0,FRT
2023-01-25 14:04:00,109.24,109.25,109.195,109.21,1584.0,FRT
2023-01-25 14:03:00,109.2,109.23,109.2,109.21,2633.0,FRT
2023-01-25 14:02:00,109.24,109.24,109.19,109.19,1294.0,FRT
2023-01-25 14:01:00,109.26,109.26,109.214,109.214,1419.0,FRT
2023-01-25 14:00:00,109.19,109.23,109.19,109.2,1817.0,FRT
2023-01-25 13:59:00,109.3,109.3,109.21,109.21,3393.0,FRT
2023-01-25 13:58:00,109.285,109.285,109.285,109.285,189.0,FRT
2023-01-25 13:56:00,109.28,109.34,109.28,109.29,958.0,FRT
2023-01-25 13:55:00,109.33,109.34,109.29,109.29,1359.0,FRT
2023-01-25 13:54:00,109.43,109.43,109.33,109.33,327.0,FRT
2023-01-25 13:53:00,109.38,109.38,109.38,109.38,298.0,FRT
2023-01-25 13:50:00,109.43,109.43,109.385,109.385,307.0,FRT
2023-01-25 13:49:00,109.17,109.32,109.17,109.32,2230.0,FRT
2023-01-25 13:48:00,109.205,109.21,109.205,109.21,519.0,FRT
2023-01-25 13:47:00,109.25,109.25,109.2,109.2,1336.0,FRT
2023-01-25 13:46:00,109.205,109.205,109.205,109.205,149.0,FRT
2023-01-25 13:45:00,109.22,109.22,109.22,109.22,191.0,FRT
2023-01-25 13:44:00,109.275,109.275,109.21,109.26,2178.0,FRT
2023-01-25 13:43:00,109.31,109.31,109.29,109.29,756.0,FRT
2023-01-25 13:42:00,109.37,109.37,109.37,109.37,507.0,FRT
2023-01-25 13:41:00,109.36,109.39,109.3,109.3,2654.0,FRT
2023-01-25 13:40:00,109.35,109.35,109.27,109.27,1369.0,FRT
2023-01-25 13:39:00,109.425,109.425,109.425,109.425,287.0,FRT
2023-01-25 13:38:00,109.345,109.36,109.345,109.36,964.0,FRT
2023-01-25 13:37:00,109.345,109.36,109.31,109.345,783.0,FRT
2023-01-25 13:36:00,109.24,109.34,109.23,109.34,1176.0,FRT
2023-01-25 13:35:00,109.255,109.32,109.25,109.285,3840.0,FRT
2023-01-25 13:34:00,109.245,109.245,109.245,109.245,523.0,FRT
2023-01-25 13:33:00,109.205,109.265,109.205,109.265,1114.0,FRT
2023-01-25 13:32:00,109.2,109.22,109.18,109.18,911.0,FRT
2023-01-25 13:31:00,109.22,109.22,109.17,109.17,656.0,FRT
2023-01-25 13:30:00,109.22,109.245,109.175,109.175,1397.0,FRT
2023-01-25 13:26:00,109.155,109.2,109.155,109.2,833.0,FRT
2023-01-25 13:25:00,109.15,109.15,109.11,109.13,1100.0,FRT
2023-01-25 13:24:00,109.21,109.21,109.11,109.11,1202.0,FRT
2023-01-25 13:23:00,109.21,109.24,109.1908,109.24,805.0,FRT
2023-01-25 13:20:00,109.115,109.16,109.115,109.16,460.0,FRT
2023-01-25 13:19:00,109.115,109.115,109.115,109.115,421.0,FRT
2023-01-25 13:18:00,109.06,109.1,109.06,109.1,1387.0,FRT
2023-01-25 13:17:00,109.045,109.045,109.045,109.045,121.0,FRT
2023-01-25 13:16:00,108.95,109.09,108.95,109.05,1715.0,FRT
2023-01-25 13:15:00,108.885,108.885,108.885,108.885,341.0,FRT
2023-01-25 13:14:00,108.87,108.91,108.845,108.91,1669.0,FRT
2023-01-25 13:13:00,108.86,108.87,108.845,108.845,2200.0,FRT
2023-01-25 13:12:00,108.83,108.85,108.83,108.85,1167.0,FRT
2023-01-25 13:11:00,108.78,108.78,108.78,108.78,477.0,FRT
2023-01-25 13:10:00,108.79,108.79,108.72,108.72,326.0,FRT
2023-01-25 13:09:00,108.79,108.79,108.79,108.79,215.0,FRT
2023-01-25 13:08:00,108.79,108.79,108.77,108.77,277.0,FRT
2023-01-25 13:03:00,108.81,108.86,108.71,108.76,2677.0,FRT
2023-01-25 13:02:00,108.755,108.755,108.755,108.755,175.0,FRT
2023-01-25 13:01:00,108.685,108.685,108.685,108.685,1027.0,FRT
2023-01-25 13:00:00,108.7,108.7,108.67,108.7,1986.0,FRT
2023-01-25 12:59:00,108.75,108.77,108.705,108.75,2091.0,FRT
2023-01-25 12:56:00,108.65,108.65,108.65,108.65,132.0,FRT
2023-01-25 12:55:00,108.69,108.69,108.68,108.68,783.0,FRT
2023-01-25 12:54:00,108.745,108.745,108.745,108.745,221.0,FRT
2023-01-25 12:53:00,108.8,108.83,108.75,108.75,1625.0,FRT
2023-01-25 12:52:00,108.865,108.93,108.865,108.9,1238.0,FRT
2023-01-25 12:51:00,108.87,108.87,108.83,108.83,499.0,FRT
2023-01-25 12:49:00,108.97,108.97,108.93,108.93,1028.0,FRT
2023-01-25 12:48:00,108.93,108.93,108.93,108.93,151.0,FRT
2023-01-25 12:45:00,109.01,109.035,108.97,108.98,846.0,FRT
2023-01-25 12:44:00,109.16,109.17,108.98,108.98,2194.0,FRT
2023-01-25 12:42:00,109.17,109.2,109.17,109.17,794.0,FRT
2023-01-25 12:41:00,109.17,109.17,109.17,109.17,246.0,FRT
2023-01-25 12:40:00,109.225,109.225,109.225,109.225,113.0,FRT
2023-01-25 12:36:00,109.16,109.25,109.16,109.25,808.0,FRT
2023-01-25 12:35:00,109.17,109.21,109.17,109.21,404.0,FRT
2023-01-25 12:34:00,109.17,109.245,109.17,109.245,474.0,FRT
2023-01-25 12:33:00,109.28,109.28,109.28,109.28,373.0,FRT
2023-01-25 12:30:00,109.25,109.25,109.205,109.205,688.0,FRT
2023-01-25 12:28:00,109.315,109.315,109.315,109.315,154.0,FRT
2023-01-25 12:27:00,109.395,109.395,109.28,109.315,2576.0,FRT
2023-01-25 12:26:00,109.36,109.36,109.32,109.32,805.0,FRT
2023-01-25 12:24:00,109.255,109.255,109.25,109.25,323.0,FRT
2023-01-25 12:23:00,109.22,109.28,109.22,109.28,988.0,FRT
2023-01-25 12:22:00,109.1725,109.18,109.17,109.17,910.0,FRT
2023-01-25 12:21:00,109.2,109.2,109.17,109.17,480.0,FRT
2023-01-25 12:20:00,109.29,109.29,109.23,109.23,218.0,FRT
2023-01-25 12:19:00,109.28,109.31,109.28,109.31,318.0,FRT
2023-01-25 12:17:00,109.34,109.3999,109.31,109.3999,2185.0,FRT
2023-01-25 12:15:00,109.34,109.34,109.34,109.34,200.0,FRT
2023-01-25 12:13:00,109.33,109.33,109.275,109.275,1401.0,FRT
2023-01-25 12:12:00,109.34,109.34,109.34,109.34,105.0,FRT
2023-01-25 12:11:00,109.38,109.38,109.34,109.34,543.0,FRT
2023-01-25 12:10:00,109.44,109.44,109.44,109.44,341.0,FRT
2023-01-25 12:09:00,109.42,109.42,109.42,109.42,878.0,FRT
2023-01-25 12:04:00,109.4,109.4,109.4,109.4,454.0,FRT
2023-01-25 12:01:00,109.57,109.59,109.47,109.47,1402.0,FRT
2023-01-25 12:00:00,109.61,109.61,109.61,109.61,224.0,FRT
2023-01-25 11:59:00,109.58,109.645,109.58,109.64,1838.0,FRT
2023-01-25 11:58:00,109.625,109.625,109.55,109.58,1130.0,FRT
2023-01-25 11:57:00,109.65,109.65,109.65,109.65,497.0,FRT
2023-01-25 11:56:00,109.59,109.59,109.59,109.59,129.0,FRT
2023-01-25 11:55:00,109.665,109.665,109.665,109.665,140.0,FRT
2023-01-25 11:53:00,109.485,109.485,109.485,109.485,419.0,FRT
2023-01-25 11:52:00,109.425,109.5553,109.425,109.5553,1027.0,FRT
2023-01-25 11:50:00,109.36,109.36,109.36,109.36,112.0,FRT
2023-01-25 11:49:00,109.37,109.37,109.37,109.37,103.0,FRT
2023-01-25 11:42:00,109.49,109.49,109.405,109.405,1062.0,FRT
2023-01-25 11:41:00,109.48,109.48,109.48,109.48,119.0,FRT
2023-01-25 11:40:00,109.52,109.52,109.52,109.52,151.0,FRT
2023-01-25 11:37:00,109.56,109.56,109.56,109.56,154.0,FRT
2023-01-25 11:36:00,109.62,109.62,109.56,109.56,1637.0,FRT
2023-01-25 11:35:00,109.62,109.68,109.62,109.68,616.0,FRT
2023-01-25 11:34:00,109.58,109.58,109.56,109.56,246.0,FRT
2023-01-25 11:32:00,109.58,109.58,109.58,109.58,747.0,FRT
2023-01-25 11:31:00,109.46,109.46,109.46,109.46,143.0,FRT
2023-01-25 11:28:00,109.475,109.475,109.475,109.475,123.0,FRT
2023-01-25 11:27:00,109.38,109.38,109.38,109.38,138.0,FRT
2023-01-25 11:26:00,109.5,109.5,109.49,109.49,778.0,FRT
2023-01-25 11:23:00,109.59,109.62,109.55,109.55,1488.0,FRT
2023-01-25 11:22:00,109.61,109.61,109.59,109.59,912.0,FRT
2023-01-25 11:21:00,109.45,109.45,109.45,109.45,107.0,FRT
2023-01-25 11:20:00,109.41,109.43,109.41,109.43,1001.0,FRT
2023-01-25 11:19:00,109.35,109.36,109.35,109.36,669.0,FRT
2023-01-25 11:15:00,109.36,109.41,109.36,109.41,215.0,FRT
2023-01-25 11:14:00,109.35,109.35,109.35,109.35,287.0,FRT
2023-01-25 11:11:00,109.305,109.305,109.305,109.305,487.0,FRT
2023-01-25 11:10:00,109.31,109.31,109.31,109.31,382.0,FRT
2023-01-25 11:09:00,109.34,109.34,109.34,109.34,143.0,FRT
2023-01-25 11:08:00,109.32,109.32,109.32,109.32,147.0,FRT
2023-01-25 11:06:00,109.39,109.4,109.39,109.395,667.0,FRT
2023-01-25 11:05:00,109.415,109.45,109.415,109.45,353.0,FRT
2023-01-25 11:04:00,109.48,109.48,109.4,109.4,1741.0,FRT
2023-01-25 11:03:00,109.47,109.55,109.47,109.55,237.0,FRT
2023-01-25 11:02:00,109.44,109.54,109.44,109.54,511.0,FRT
2023-01-25 11:01:00,109.47,109.48,109.47,109.48,429.0,FRT
2023-01-25 10:59:00,109.34,109.34,109.34,109.34,215.0,FRT
2023-01-25 10:57:00,109.4,109.4,109.4,109.4,212.0,FRT
2023-01-25 10:55:00,109.29,109.29,109.29,109.29,111.0,FRT
2023-01-25 10:53:00,109.33,109.33,109.33,109.33,629.0,FRT
2023-01-25 10:51:00,109.43,109.43,109.34,109.405,1293.0,FRT
2023-01-25 10:50:00,109.53,109.53,109.53,109.53,640.0,FRT
2023-01-25 10:49:00,109.64,109.64,109.53,109.6,938.0,FRT
2023-01-25 10:46:00,109.495,109.59,109.495,109.59,1692.0,FRT
2023-01-25 10:45:00,109.55,109.59,109.47,109.47,1281.0,FRT
2023-01-25 10:44:00,109.525,109.525,109.48,109.48,596.0,FRT
2023-01-25 10:43:00,109.44,109.44,109.44,109.44,527.0,FRT
2023-01-25 10:41:00,109.5307,109.5307,109.5307,109.5307,131.0,FRT
2023-01-25 10:39:00,109.56,109.56,109.56,109.56,550.0,FRT
2023-01-25 10:36:00,109.68,109.68,109.68,109.68,462.0,FRT
2023-01-25 10:33:00,109.74,109.74,109.74,109.74,254.0,FRT
2023-01-25 10:32:00,109.74,109.84,109.74,109.84,3451.0,FRT
2023-01-25 10:31:00,109.71,109.71,109.55,109.6001,2057.0,FRT
2023-01-25 10:30:00,109.65,109.69,109.65,109.69,1406.0,FRT
2023-01-25 10:29:00,109.69,109.69,109.68,109.68,484.0,FRT
2023-01-25 10:28:00,109.757,109.76,109.68,109.68,1902.0,FRT
2023-01-25 10:27:00,109.775,109.87,109.775,109.87,366.0,FRT
2023-01-25 10:25:00,109.755,109.755,109.755,109.755,599.0,FRT
2023-01-25 10:24:00,109.69,109.72,109.655,109.72,2295.0,FRT
2023-01-25 10:23:00,109.705,109.705,109.66,109.66,379.0,FRT
2023-01-25 10:21:00,109.63,109.685,109.5401,109.685,731.0,FRT
2023-01-25 10:20:00,109.59,109.66,109.57,109.63,2374.0,FRT
2023-01-25 10:19:00,109.61,109.645,109.61,109.645,1229.0,FRT
2023-01-25 10:18:00,109.55,109.63,109.55,109.63,672.0,FRT
2023-01-25 10:15:00,109.45,109.49,109.45,109.49,967.0,FRT
2023-01-25 10:14:00,109.515,109.515,109.515,109.515,282.0,FRT
2023-01-25 10:13:00,109.45,109.45,109.45,109.45,777.0,FRT
2023-01-25 10:12:00,109.65,109.7,109.63,109.66,4803.0,FRT
2023-01-25 10:11:00,109.61,109.61,109.53,109.53,581.0,FRT
2023-01-25 10:10:00,109.66,109.66,109.66,109.66,840.0,FRT
2023-01-25 10:09:00,109.64,109.64,109.64,109.64,464.0,FRT
2023-01-25 10:08:00,109.745,109.745,109.67,109.67,670.0,FRT
2023-01-25 10:07:00,109.675,109.675,109.675,109.675,376.0,FRT
2023-01-25 10:06:00,109.435,109.435,109.435,109.435,439.0,FRT
2023-01-25 10:05:00,109.415,109.415,109.415,109.415,508.0,FRT
2023-01-25 10:03:00,109.21,109.21,109.21,109.21,347.0,FRT
2023-01-25 10:01:00,109.22,109.295,109.22,109.295,1320.0,FRT
2023-01-25 09:59:00,109.2226,109.2226,109.2226,109.2226,256.0,FRT
2023-01-25 09:58:00,109.05,109.14,109.05,109.052,1358.0,FRT
2023-01-25 09:57:00,109.17,109.17,109.08,109.08,422.0,FRT
2023-01-25 09:54:00,109.1768,109.24,109.1768,109.24,257.0,FRT
2023-01-25 09:53:00,109.385,109.385,109.385,109.385,212.0,FRT
2023-01-25 09:52:00,109.59,109.59,109.53,109.53,840.0,FRT
2023-01-25 09:51:00,109.65,109.78,109.65,109.78,339.0,FRT
2023-01-25 09:50:00,109.63,109.63,109.63,109.63,131.0,FRT
2023-01-25 09:48:00,109.79,109.81,109.79,109.81,451.0,FRT
2023-01-25 09:47:00,109.84,109.96,109.84,109.96,302.0,FRT
2023-01-25 09:44:00,109.82,109.96,109.81,109.96,957.0,FRT
2023-01-25 09:42:00,109.86,109.86,109.86,109.86,268.0,FRT
2023-01-25 09:41:00,109.9,109.9,109.9,109.9,602.0,FRT
2023-01-25 09:39:00,109.63,109.63,109.63,109.63,241.0,FRT
2023-01-25 09:38:00,109.705,109.705,109.705,109.705,163.0,FRT
2023-01-25 09:34:00,109.51,109.51,109.51,109.51,102.0,FRT
2023-01-25 09:31:00,109.64,110.015,109.64,109.64,4657.0,FRT
2023-01-24 16:02:00,110.28,110.28,110.28,110.28,1858.0,FRT
2023-01-24 16:01:00,110.28,110.28,110.28,110.28,5233.0,FRT
2023-01-24 16:00:00,110.32,110.36,110.26,110.26,11522.0,FRT
2023-01-24 15:59:00,110.36,110.39,110.32,110.32,12617.0,FRT
2023-01-24 15:58:00,110.405,110.405,110.36,110.36,5866.0,FRT
2023-01-24 15:57:00,110.38,110.41,110.37,110.4,4959.0,FRT
2023-01-24 15:56:00,110.31,110.37,110.31,110.37,6431.0,FRT
2023-01-24 15:55:00,110.23,110.3,110.23,110.29,6105.0,FRT
2023-01-24 15:54:00,110.2825,110.35,110.25,110.25,6032.0,FRT
2023-01-24 15:53:00,110.35,110.38,110.29,110.29,3243.0,FRT
2023-01-24 15:52:00,110.26,110.34,110.25,110.34,5124.0,FRT
2023-01-24 15:51:00,110.19,110.29,110.16,110.255,5531.0,FRT
2023-01-24 15:50:00,110.19,110.23,110.19,110.2,2381.0,FRT
2023-01-24 15:49:00,110.2,110.22,110.19,110.19,1674.0,FRT
2023-01-24 15:48:00,110.26,110.26,110.19,110.21,3516.0,FRT
2023-01-24 15:47:00,110.32,110.32,110.27,110.28,1751.0,FRT
2023-01-24 15:46:00,110.325,110.33,110.3,110.3,3223.0,FRT
2023-01-24 15:45:00,110.25,110.345,110.25,110.345,3247.0,FRT
2023-01-24 15:44:00,110.18,110.25,110.18,110.245,6452.0,FRT
2023-01-24 15:43:00,110.28,110.28,110.27,110.27,950.0,FRT
2023-01-24 15:42:00,110.415,110.437,110.385,110.385,2547.0,FRT
2023-01-24 15:41:00,110.44,110.44,110.4,110.415,3202.0,FRT
2023-01-24 15:40:00,110.42,110.43,110.42,110.42,770.0,FRT
2023-01-24 15:39:00,110.41,110.41,110.39,110.39,2765.0,FRT
2023-01-24 15:38:00,110.37,110.42,110.37,110.41,2158.0,FRT
2023-01-24 15:37:00,110.4,110.4,110.33,110.37,6024.0,FRT
2023-01-24 15:36:00,110.395,110.395,110.395,110.395,904.0,FRT
2023-01-24 15:35:00,110.4,110.42,110.4,110.4,2451.0,FRT
2023-01-24 15:34:00,110.43,110.43,110.4,110.415,4081.0,FRT
2023-01-24 15:33:00,110.44,110.44,110.43,110.43,1048.0,FRT
2023-01-24 15:32:00,110.4733,110.4733,110.42,110.44,2024.0,FRT
2023-01-24 15:31:00,110.49,110.49,110.43,110.45,2423.0,FRT
2023-01-24 15:28:00,110.44,110.48,110.44,110.48,995.0,FRT
2023-01-24 15:27:00,110.46,110.46,110.42,110.42,2341.0,FRT
2023-01-24 15:25:00,110.455,110.5,110.455,110.47,1443.0,FRT
2023-01-24 15:23:00,110.45,110.46,110.44,110.46,755.0,FRT
2023-01-24 15:22:00,110.44,110.44,110.42,110.425,1387.0,FRT
2023-01-24 15:21:00,110.43,110.43,110.43,110.43,857.0,FRT
2023-01-24 15:20:00,110.45,110.45,110.44,110.44,940.0,FRT
2023-01-24 15:19:00,110.33,110.47,110.33,110.47,3236.0,FRT
2023-01-24 15:18:00,110.33,110.335,110.32,110.335,621.0,FRT
2023-01-24 15:17:00,110.26,110.32,110.26,110.32,875.0,FRT
2023-01-24 15:16:00,110.385,110.385,110.27,110.28,1609.0,FRT
2023-01-24 15:15:00,110.37,110.37,110.345,110.345,239.0,FRT
2023-01-24 15:14:00,110.37,110.37,110.37,110.37,661.0,FRT
2023-01-24 15:13:00,110.38,110.38,110.38,110.38,774.0,FRT
2023-01-24 15:12:00,110.32,110.32,110.315,110.315,439.0,FRT
2023-01-24 15:11:00,110.34,110.34,110.32,110.32,792.0,FRT
2023-01-24 15:10:00,110.4,110.4,110.38,110.38,1018.0,FRT
2023-01-24 15:09:00,110.4,110.41,110.4,110.41,505.0,FRT
2023-01-24 15:08:00,110.37,110.37,110.37,110.37,856.0,FRT
2023-01-24 15:07:00,110.38,110.39,110.38,110.39,532.0,FRT
2023-01-24 15:06:00,110.38,110.38,110.38,110.38,246.0,FRT
2023-01-24 15:05:00,110.35,110.35,110.35,110.35,333.0,FRT
2023-01-24 15:04:00,110.3409,110.3409,110.3409,110.3409,108.0,FRT
2023-01-24 15:03:00,110.27,110.33,110.26,110.33,1861.0,FRT
2023-01-24 15:02:00,110.2527,110.2527,110.22,110.23,901.0,FRT
2023-01-24 15:01:00,110.24,110.24,110.24,110.24,233.0,FRT
2023-01-24 15:00:00,110.2492,110.2492,110.24,110.24,1616.0,FRT
2023-01-24 14:59:00,110.24,110.265,110.205,110.22,1362.0,FRT
2023-01-24 14:56:00,110.27,110.27,110.27,110.27,593.0,FRT
2023-01-24 14:55:00,110.24,110.25,110.24,110.24,1395.0,FRT
2023-01-24 14:54:00,110.205,110.205,110.205,110.205,415.0,FRT
2023-01-24 14:52:00,110.225,110.225,110.225,110.225,412.0,FRT
2023-01-24 14:51:00,110.23,110.23,110.2,110.2,805.0,FRT
2023-01-24 14:50:00,110.25,110.25,110.25,110.25,563.0,FRT
2023-01-24 14:48:00,110.28,110.28,110.28,110.28,260.0,FRT
2023-01-24 14:47:00,110.29,110.29,110.28,110.28,1317.0,FRT
2023-01-24 14:46:00,110.23,110.23,110.23,110.23,127.0,FRT
2023-01-24 14:45:00,110.26,110.26,110.22,110.22,575.0,FRT
2023-01-24 14:44:00,110.26,110.26,110.26,110.26,202.0,FRT
2023-01-24 14:43:00,110.2,110.2,110.2,110.2,102.0,FRT
2023-01-24 14:41:00,110.28,110.28,110.24,110.24,1058.0,FRT
2023-01-24 14:40:00,110.3,110.3,110.3,110.3,783.0,FRT
2023-01-24 14:39:00,110.27,110.275,110.27,110.275,637.0,FRT
2023-01-24 14:38:00,110.295,110.3,110.24,110.27,1616.0,FRT
2023-01-24 14:36:00,110.245,110.27,110.245,110.27,748.0,FRT
2023-01-24 14:35:00,110.165,110.21,110.165,110.165,2719.0,FRT
2023-01-24 14:34:00,110.155,110.155,110.155,110.155,105.0,FRT
2023-01-24 14:33:00,110.17,110.17,110.13,110.13,424.0,FRT
2023-01-24 14:32:00,110.17,110.18,110.13,110.18,416.0,FRT
2023-01-24 14:31:00,110.23,110.285,110.2,110.2,2789.0,FRT
2023-01-24 14:30:00,110.18,110.21,110.18,110.2,1502.0,FRT
2023-01-24 14:29:00,110.13,110.145,110.13,110.145,618.0,FRT
2023-01-24 14:28:00,110.135,110.135,110.135,110.135,257.0,FRT
2023-01-24 14:25:00,110.22,110.22,110.18,110.18,977.0,FRT
2023-01-24 14:24:00,110.18,110.2,110.18,110.2,677.0,FRT
2023-01-24 14:23:00,110.135,110.135,110.135,110.135,109.0,FRT
2023-01-24 14:22:00,110.125,110.16,110.125,110.16,833.0,FRT
2023-01-24 14:21:00,110.12,110.14,110.12,110.13,1107.0,FRT
2023-01-24 14:20:00,110.17,110.17,110.13,110.14,1730.0,FRT
2023-01-24 14:19:00,110.175,110.175,110.175,110.175,241.0,FRT
2023-01-24 14:18:00,110.185,110.185,110.16,110.185,433.0,FRT
2023-01-24 14:17:00,110.225,110.225,110.18,110.22,1454.0,FRT
2023-01-24 14:16:00,110.23,110.26,110.23,110.23,1457.0,FRT
2023-01-24 14:15:00,110.23,110.23,110.23,110.23,634.0,FRT
2023-01-24 14:14:00,110.29,110.29,110.24,110.285,1625.0,FRT
2023-01-24 14:13:00,110.231,110.29,110.22,110.29,1705.0,FRT
2023-01-24 14:12:00,110.23,110.235,110.23,110.235,535.0,FRT
2023-01-24 14:11:00,110.21,110.22,110.21,110.22,617.0,FRT
2023-01-24 14:09:00,110.18,110.18,110.18,110.18,178.0,FRT
2023-01-24 14:08:00,110.12,110.16,110.12,110.15,1042.0,FRT
2023-01-24 14:07:00,110.12,110.12,110.08,110.12,1287.0,FRT
2023-01-24 14:06:00,109.98,110.06,109.93,110.035,5067.0,FRT
2023-01-24 14:05:00,109.98,109.98,109.98,109.98,137.0,FRT
2023-01-24 14:04:00,110.0,110.0258,109.985,109.985,1111.0,FRT
2023-01-24 14:03:00,109.96,109.98,109.95,109.95,888.0,FRT
2023-01-24 14:02:00,110.075,110.075,109.93,109.93,2092.0,FRT
2023-01-24 14:01:00,110.075,110.11,110.075,110.11,412.0,FRT
2023-01-24 13:59:00,110.2,110.2,110.06,110.06,888.0,FRT
2023-01-24 13:58:00,110.06,110.14,110.015,110.14,1237.0,FRT
2023-01-24 13:57:00,110.005,110.005,110.005,110.005,551.0,FRT
2023-01-24 13:56:00,110.02,110.02,110.02,110.02,121.0,FRT
2023-01-24 13:55:00,109.99,110.04,109.96,110.04,945.0,FRT
2023-01-24 13:53:00,110.05,110.05,110.0,110.0,687.0,FRT
2023-01-24 13:52:00,110.09,110.09,110.09,110.09,111.0,FRT
2023-01-24 13:51:00,110.065,110.065,110.04,110.05,742.0,FRT
2023-01-24 13:50:00,110.06,110.06,110.06,110.06,605.0,FRT
2023-01-24 13:49:00,110.06,110.07,110.06,110.07,782.0,FRT
2023-01-24 13:47:00,110.11,110.11,110.11,110.11,405.0,FRT
2023-01-24 13:43:00,109.95,109.95,109.92,109.92,1336.0,FRT
2023-01-24 13:42:00,109.93,110.01,109.93,110.01,767.0,FRT
2023-01-24 13:41:00,109.92,109.93,109.92,109.93,675.0,FRT
2023-01-24 13:40:00,109.84,109.88,109.84,109.88,677.0,FRT
2023-01-24 13:38:00,109.84,109.84,109.806,109.84,1572.0,FRT
2023-01-24 13:37:00,109.83,109.83,109.83,109.83,366.0,FRT
2023-01-24 13:35:00,109.81,109.81,109.81,109.81,103.0,FRT
2023-01-24 13:34:00,109.81,109.81,109.81,109.81,399.0,FRT
2023-01-24 13:33:00,109.87,109.89,109.86,109.89,1058.0,FRT
2023-01-24 13:32:00,109.88,109.88,109.88,109.88,325.0,FRT
2023-01-24 13:30:00,109.84,109.84,109.84,109.84,478.0,FRT
2023-01-24 13:28:00,109.78,109.79,109.76,109.79,968.0,FRT
2023-01-24 13:27:00,109.69,109.735,109.69,109.735,324.0,FRT
2023-01-24 13:25:00,109.76,109.76,109.67,109.67,743.0,FRT
2023-01-24 13:24:00,109.79,109.79,109.76,109.76,1303.0,FRT
2023-01-24 13:21:00,109.835,109.835,109.79,109.79,302.0,FRT
2023-01-24 13:20:00,109.87,109.87,109.83,109.83,1795.0,FRT
2023-01-24 13:19:00,109.9,109.92,109.88,109.92,1067.0,FRT
2023-01-24 13:18:00,109.864,109.864,109.864,109.864,717.0,FRT
2023-01-24 13:17:00,109.96,109.96,109.87,109.8793,1112.0,FRT
2023-01-24 13:16:00,109.89,109.89,109.89,109.89,139.0,FRT
2023-01-24 13:11:00,109.83,109.88,109.83,109.88,281.0,FRT
2023-01-24 13:08:00,109.72,109.72,109.69,109.69,559.0,FRT
2023-01-24 13:07:00,109.63,109.63,109.63,109.63,826.0,FRT
2023-01-24 13:06:00,109.66,109.665,109.66,109.665,467.0,FRT
2023-01-24 13:05:00,109.72,109.72,109.66,109.66,876.0,FRT
2023-01-24 13:04:00,109.78,109.78,109.78,109.78,135.0,FRT
2023-01-24 13:03:00,109.7858,109.7858,109.7858,109.7858,723.0,FRT
2023-01-24 13:02:00,109.79,109.79,109.79,109.79,534.0,FRT
2023-01-24 13:00:00,109.77,109.77,109.75,109.75,575.0,FRT
2023-01-24 12:59:00,109.76,109.77,109.76,109.77,698.0,FRT
2023-01-24 12:58:00,109.7387,109.7387,109.7387,109.7387,170.0,FRT
2023-01-24 12:55:00,109.7629,109.7629,109.74,109.74,744.0,FRT
2023-01-24 12:53:00,109.74,109.74,109.74,109.74,311.0,FRT
2023-01-24 12:52:00,109.84,109.84,109.79,109.79,497.0,FRT
2023-01-24 12:50:00,109.89,109.89,109.89,109.89,744.0,FRT
2023-01-24 12:48:00,109.9,109.9,109.875,109.875,582.0,FRT
2023-01-24 12:45:00,109.955,109.955,109.955,109.955,328.0,FRT
2023-01-24 12:44:00,109.955,109.955,109.955,109.955,138.0,FRT
2023-01-24 12:43:00,109.98,109.98,109.96,109.96,624.0,FRT
2023-01-24 12:40:00,110.02,110.03,110.02,110.03,826.0,FRT
2023-01-24 12:39:00,110.12,110.12,110.12,110.12,105.0,FRT
2023-01-24 12:38:00,110.09,110.09,110.09,110.09,395.0,FRT
2023-01-24 12:37:00,110.05,110.05,110.05,110.05,436.0,FRT
2023-01-24 12:34:00,110.1,110.1,110.1,110.1,104.0,FRT
2023-01-24 12:31:00,110.05,110.05,110.05,110.05,461.0,FRT
2023-01-24 12:29:00,110.1334,110.14,110.1334,110.14,340.0,FRT
2023-01-24 12:28:00,110.1,110.1,110.1,110.1,893.0,FRT
2023-01-24 12:27:00,110.06,110.06,110.06,110.06,123.0,FRT
2023-01-24 12:26:00,110.11,110.11,110.07,110.07,1053.0,FRT
2023-01-24 12:25:00,110.16,110.21,110.16,110.21,444.0,FRT
2023-01-24 12:23:00,110.21,110.21,110.17,110.17,869.0,FRT
2023-01-24 12:22:00,110.15,110.15,110.14,110.14,481.0,FRT
2023-01-24 12:21:00,110.23,110.23,110.21,110.21,683.0,FRT
2023-01-24 12:12:00,110.23,110.23,110.23,110.23,261.0,FRT
2023-01-24 12:11:00,110.2,110.2,110.2,110.2,303.0,FRT
2023-01-24 12:09:00,110.23,110.23,110.2,110.2,497.0,FRT
2023-01-24 12:08:00,110.21,110.21,110.21,110.21,298.0,FRT
2023-01-24 12:05:00,110.05,110.11,110.05,110.11,998.0,FRT
2023-01-24 12:03:00,109.86,109.86,109.86,109.86,203.0,FRT
2023-01-24 12:02:00,110.11,110.11,109.98,109.98,897.0,FRT
2023-01-24 12:01:00,110.24,110.24,110.16,110.16,655.0,FRT
2023-01-24 12:00:00,110.25,110.25,110.25,110.25,565.0,FRT
2023-01-24 11:58:00,110.32,110.32,110.32,110.32,124.0,FRT
2023-01-24 11:56:00,110.28,110.28,110.28,110.28,800.0,FRT
2023-01-24 11:55:00,110.23,110.23,110.14,110.18,1473.0,FRT
2023-01-24 11:51:00,110.32,110.32,110.32,110.32,616.0,FRT
2023-01-24 11:50:00,110.28,110.3,110.23,110.23,1327.0,FRT
2023-01-24 11:45:00,110.31,110.31,110.31,110.31,212.0,FRT
2023-01-24 11:44:00,110.2255,110.2255,110.2255,110.2255,235.0,FRT
2023-01-24 11:42:00,110.25,110.25,110.23,110.23,873.0,FRT
2023-01-24 11:36:00,110.25,110.25,110.19,110.195,1234.0,FRT
2023-01-24 11:35:00,110.29,110.29,110.29,110.29,212.0,FRT
2023-01-24 11:31:00,110.31,110.31,110.31,110.31,244.0,FRT
2023-01-24 11:30:00,110.34,110.38,110.34,110.38,495.0,FRT
2023-01-24 11:29:00,110.17,110.25,110.17,110.25,2678.0,FRT
2023-01-24 11:27:00,110.16,110.16,110.16,110.16,269.0,FRT
2023-01-24 11:26:00,110.21,110.21,110.14,110.14,1104.0,FRT
2023-01-24 11:25:00,110.29,110.3,110.27,110.3,853.0,FRT
2023-01-24 11:18:00,110.15,110.15,110.15,110.15,168.0,FRT
2023-01-24 11:17:00,110.22,110.22,110.1,110.1,1976.0,FRT
2023-01-24 11:14:00,110.26,110.26,110.26,110.26,194.0,FRT
2023-01-24 11:13:00,110.17,110.17,110.16,110.16,751.0,FRT
2023-01-24 11:12:00,110.14,110.14,110.14,110.14,158.0,FRT
2023-01-24 11:10:00,110.05,110.05,110.05,110.05,375.0,FRT
2023-01-24 11:07:00,109.92,109.92,109.92,109.92,1217.0,FRT
2023-01-24 11:06:00,109.926,109.926,109.92,109.92,1056.0,FRT
2023-01-24 11:05:00,110.08,110.08,110.01,110.01,321.0,FRT
2023-01-24 11:04:00,109.96,109.96,109.92,109.92,291.0,FRT
2023-01-24 11:02:00,110.12,110.12,110.12,110.12,176.0,FRT
2023-01-24 10:56:00,110.07,110.07,110.0,110.0,532.0,FRT
2023-01-24 10:55:00,110.05,110.06,110.05,110.06,917.0,FRT
2023-01-24 10:53:00,110.05,110.09,110.03,110.09,767.0,FRT
2023-01-24 10:52:00,110.09,110.1,110.08,110.1,1091.0,FRT
2023-01-24 10:48:00,110.155,110.155,110.155,110.155,107.0,FRT
2023-01-24 10:47:00,110.18,110.18,110.1,110.1,1265.0,FRT
2023-01-24 10:45:00,110.16,110.16,110.16,110.16,352.0,FRT
2023-01-24 10:40:00,109.9344,109.9344,109.9344,109.9344,106.0,FRT
2023-01-24 10:38:00,110.045,110.045,110.045,110.045,375.0,FRT
2023-01-24 10:37:00,110.09,110.09,109.95,109.95,1599.0,FRT
2023-01-24 10:36:00,109.97,110.07,109.97,109.97,396.0,FRT
2023-01-24 10:35:00,110.035,110.13,110.035,110.13,389.0,FRT
2023-01-24 10:31:00,109.98,110.0,109.98,110.0,1240.0,FRT
2023-01-24 10:30:00,109.83,109.93,109.83,109.93,678.0,FRT
2023-01-24 10:28:00,109.75,109.75,109.68,109.75,627.0,FRT
2023-01-24 10:25:00,109.78,109.78,109.76,109.76,1015.0,FRT
2023-01-24 10:23:00,109.8607,109.8607,109.8607,109.8607,706.0,FRT
2023-01-24 10:22:00,109.76,109.81,109.76,109.79,1402.0,FRT
2023-01-24 10:21:00,109.615,109.72,109.615,109.72,866.0,FRT
2023-01-24 10:19:00,109.68,109.68,109.68,109.68,216.0,FRT
2023-01-24 10:18:00,109.76,109.79,109.67,109.67,1318.0,FRT
2023-01-24 10:16:00,109.74,109.88,109.74,109.88,1398.0,FRT
2023-01-24 10:14:00,109.65,109.65,109.65,109.65,136.0,FRT
2023-01-24 10:13:00,109.555,109.555,109.555,109.555,356.0,FRT
2023-01-24 10:06:00,109.28,109.28,109.26,109.28,1072.0,FRT
2023-01-24 10:05:00,109.47,109.47,109.47,109.47,322.0,FRT
2023-01-24 10:02:00,109.2,109.2,109.2,109.2,624.0,FRT
2023-01-24 10:01:00,109.24,109.24,109.11,109.11,767.0,FRT
2023-01-24 10:00:00,109.05,109.05,109.05,109.05,145.0,FRT
2023-01-24 09:59:00,109.09,109.09,109.09,109.09,284.0,FRT
2023-01-24 09:58:00,109.25,109.25,109.11,109.11,410.0,FRT
2023-01-24 09:57:00,109.26,109.26,109.26,109.26,355.0,FRT
2023-01-24 09:55:00,109.38,109.38,109.34,109.34,502.0,FRT
2023-01-24 09:48:00,109.47,109.47,109.47,109.47,182.0,FRT
2023-01-24 09:46:00,109.06,109.06,109.06,109.06,401.0,FRT
2023-01-24 09:45:00,109.25,109.25,109.25,109.25,487.0,FRT
2023-01-24 09:44:00,109.46,109.51,109.46,109.51,446.0,FRT
2023-01-24 09:42:00,109.155,109.155,109.155,109.155,241.0,FRT
2023-01-24 09:41:00,109.1951,109.1951,109.0801,109.0801,622.0,FRT
2023-01-24 09:36:00,109.23,109.23,109.16,109.16,600.0,FRT
2023-01-24 09:35:00,109.53,109.53,109.53,109.53,277.0,FRT
2023-01-24 09:34:00,109.23,109.23,109.04,109.04,540.0,FRT
2023-01-24 09:32:00,109.175,109.175,109.175,109.175,112.0,FRT
2023-01-24 09:31:00,109.36,109.36,109.36,109.36,2588.0,FRT
2023-01-23 16:02:00,109.4,109.4,109.4,109.4,4150.0,FRT
2023-01-23 16:01:00,109.4,109.4,109.4,109.4,3277.0,FRT
2023-01-23 16:00:00,109.48,109.5,109.38,109.4,10208.0,FRT
2023-01-23 15:59:00,109.48,109.52,109.46,109.46,4850.0,FRT
2023-01-23 15:58:00,109.55,109.55,109.48,109.5,5608.0,FRT
2023-01-23 15:57:00,109.48,109.5272,109.48,109.5272,4617.0,FRT
2023-01-23 15:56:00,109.47,109.525,109.47,109.49,3003.0,FRT
2023-01-23 15:55:00,109.38,109.5,109.38,109.495,4321.0,FRT
2023-01-23 15:54:00,109.39,109.39,109.37,109.37,1604.0,FRT
2023-01-23 15:53:00,109.39,109.4,109.3,109.4,4193.0,FRT
2023-01-23 15:52:00,109.2,109.41,109.2,109.38,8634.0,FRT
2023-01-23 15:51:00,109.22,109.25,109.17,109.2,3147.0,FRT
2023-01-23 15:50:00,109.21,109.22,109.18,109.18,819.0,FRT
2023-01-23 15:49:00,109.18,109.19,109.18,109.19,1066.0,FRT
2023-01-23 15:48:00,109.15,109.18,109.15,109.18,1404.0,FRT
2023-01-23 15:47:00,109.1,109.13,109.1,109.1,873.0,FRT
2023-01-23 15:46:00,109.08,109.11,109.07,109.07,973.0,FRT
2023-01-23 15:45:00,109.01,109.01,108.99,108.99,1204.0,FRT
2023-01-23 15:43:00,108.92,108.94,108.92,108.94,1168.0,FRT
2023-01-23 15:42:00,108.97,108.97,108.96,108.96,556.0,FRT
2023-01-23 15:41:00,109.07,109.07,109.05,109.05,1254.0,FRT
2023-01-23 15:40:00,109.06,109.1,109.06,109.1,1401.0,FRT
2023-01-23 15:39:00,108.99,109.06,108.99,109.06,752.0,FRT
2023-01-23 15:38:00,108.88,108.92,108.88,108.92,2557.0,FRT
2023-01-23 15:37:00,108.86,108.86,108.84,108.86,695.0,FRT
2023-01-23 15:36:00,108.87,108.89,108.815,108.86,2267.0,FRT
2023-01-23 15:35:00,108.92,108.92,108.9,108.9,992.0,FRT
2023-01-23 15:34:00,108.85,108.85,108.85,108.85,170.0,FRT
2023-01-23 15:33:00,108.92,108.92,108.83,108.83,518.0,FRT
2023-01-23 15:32:00,109.02,109.02,109.01,109.02,512.0,FRT
2023-01-23 15:30:00,109.01,109.01,108.95,108.955,1264.0,FRT
2023-01-23 15:29:00,108.93,108.93,108.93,108.93,746.0,FRT
2023-01-23 15:28:00,108.83,108.87,108.83,108.86,620.0,FRT
2023-01-23 15:27:00,108.89,108.89,108.85,108.8644,882.0,FRT
2023-01-23 15:26:00,108.96,108.97,108.89,108.89,1409.0,FRT
2023-01-23 15:25:00,108.98,108.98,108.98,108.98,830.0,FRT
2023-01-23 15:24:00,108.93,108.93,108.93,108.93,210.0,FRT
2023-01-23 15:23:00,108.95,108.95,108.94,108.94,1140.0,FRT
2023-01-23 15:21:00,108.95,108.95,108.92,108.92,919.0,FRT
2023-01-23 15:20:00,108.98,108.98,108.98,108.98,349.0,FRT
2023-01-23 15:19:00,109.0,109.0,109.0,109.0,503.0,FRT
2023-01-23 15:17:00,108.99,109.0,108.99,109.0,901.0,FRT
2023-01-23 15:16:00,108.97,108.99,108.945,108.945,1320.0,FRT
2023-01-23 15:15:00,109.03,109.03,109.03,109.03,116.0,FRT
2023-01-23 15:14:00,108.98,108.9989,108.98,108.9989,426.0,FRT
2023-01-23 15:13:00,108.86,108.92,108.86,108.92,622.0,FRT
2023-01-23 15:12:00,108.82,108.82,108.82,108.82,406.0,FRT
2023-01-23 15:10:00,108.85,108.85,108.85,108.85,401.0,FRT
2023-01-23 15:09:00,108.85,108.85,108.85,108.85,114.0,FRT
2023-01-23 15:08:00,108.71,108.71,108.71,108.71,636.0,FRT
2023-01-23 15:06:00,108.84,108.84,108.73,108.73,764.0,FRT
2023-01-23 15:05:00,108.87,108.87,108.86,108.86,665.0,FRT
2023-01-23 15:04:00,108.89,108.89,108.89,108.89,345.0,FRT
2023-01-23 15:03:00,108.795,108.795,108.795,108.795,295.0,FRT
2023-01-23 15:02:00,108.79,108.79,108.79,108.79,187.0,FRT
2023-01-23 15:00:00,108.755,108.78,108.74,108.78,524.0,FRT
2023-01-23 14:59:00,108.755,108.755,108.755,108.755,340.0,FRT
2023-01-23 14:58:00,108.985,108.985,108.91,108.91,1115.0,FRT
2023-01-23 14:56:00,108.91,109.04,108.91,109.04,1891.0,FRT
2023-01-23 14:55:00,108.82,108.88,108.81,108.88,4313.0,FRT
2023-01-23 14:53:00,108.7,108.86,108.7,108.825,2989.0,FRT
2023-01-23 14:51:00,108.76,108.78,108.75,108.75,614.0,FRT
2023-01-23 14:50:00,108.78,108.78,108.78,108.78,143.0,FRT
2023-01-23 14:49:00,108.735,108.74,108.73,108.74,371.0,FRT
2023-01-23 14:48:00,108.6746,108.6746,108.6746,108.6746,287.0,FRT
2023-01-23 14:47:00,108.77,108.77,108.745,108.745,467.0,FRT
2023-01-23 14:46:00,108.87,108.87,108.71,108.71,613.0,FRT
2023-01-23 14:45:00,108.97,108.97,108.97,108.97,254.0,FRT
2023-01-23 14:44:00,108.9,108.9,108.88,108.88,429.0,FRT
2023-01-23 14:42:00,108.86,108.95,108.86,108.95,1020.0,FRT
2023-01-23 14:40:00,108.96,108.97,108.96,108.97,521.0,FRT
2023-01-23 14:39:00,109.01,109.01,109.0,109.0,515.0,FRT
2023-01-23 14:38:00,109.02,109.07,109.02,109.07,565.0,FRT
2023-01-23 14:37:00,109.015,109.015,108.99,108.99,428.0,FRT
2023-01-23 14:36:00,108.92,108.97,108.91,108.97,1684.0,FRT
2023-01-23 14:33:00,108.98,108.98,108.93,108.93,537.0,FRT
2023-01-23 14:32:00,109.02,109.02,109.02,109.02,547.0,FRT
2023-01-23 14:31:00,108.85,108.96,108.85,108.945,1464.0,FRT
2023-01-23 14:30:00,108.8464,108.8464,108.8464,108.8464,248.0,FRT
2023-01-23 14:27:00,109.0,109.0,108.98,108.98,537.0,FRT
2023-01-23 14:25:00,109.17,109.18,109.16,109.18,766.0,FRT
2023-01-23 14:23:00,109.32,109.32,109.21,109.21,872.0,FRT
2023-01-23 14:22:00,109.32,109.33,109.32,109.33,445.0,FRT
2023-01-23 14:20:00,109.285,109.35,109.285,109.35,1372.0,FRT
2023-01-23 14:19:00,109.32,109.32,109.285,109.285,580.0,FRT
2023-01-23 14:18:00,109.31,109.31,109.3,109.3,561.0,FRT
2023-01-23 14:16:00,109.36,109.36,109.3275,109.3275,313.0,FRT
2023-01-23 14:15:00,109.29,109.29,109.29,109.29,397.0,FRT
2023-01-23 14:13:00,109.18,109.2344,109.18,109.2344,449.0,FRT
2023-01-23 14:12:00,109.43,109.43,109.43,109.43,187.0,FRT
2023-01-23 14:11:00,109.51,109.51,109.43,109.43,711.0,FRT
2023-01-23 14:09:00,109.54,109.54,109.54,109.54,649.0,FRT
2023-01-23 14:08:00,109.45,109.48,109.45,109.48,844.0,FRT
2023-01-23 14:07:00,109.26,109.415,109.26,109.41,3931.0,FRT
2023-01-23 14:06:00,109.28,109.28,109.28,109.28,274.0,FRT
2023-01-23 14:04:00,109.33,109.33,109.33,109.33,106.0,FRT
2023-01-23 14:02:00,109.34,109.34,109.305,109.305,347.0,FRT
2023-01-23 14:01:00,109.37,109.37,109.36,109.36,373.0,FRT
2023-01-23 13:58:00,109.52,109.52,109.47,109.47,282.0,FRT
2023-01-23 13:57:00,109.47,109.47,109.47,109.47,148.0,FRT
2023-01-23 13:56:00,109.41,109.41,109.41,109.41,247.0,FRT
2023-01-23 13:55:00,109.4,109.4,109.4,109.4,332.0,FRT
2023-01-23 13:54:00,109.43,109.43,109.43,109.43,305.0,FRT
2023-01-23 13:53:00,109.45,109.45,109.45,109.45,251.0,FRT
2023-01-23 13:52:00,109.5,109.5,109.5,109.5,441.0,FRT
2023-01-23 13:51:00,109.48,109.48,109.48,109.48,314.0,FRT
2023-01-23 13:48:00,109.48,109.54,109.48,109.48,761.0,FRT
2023-01-23 13:47:00,109.445,109.445,109.445,109.445,245.0,FRT
2023-01-23 13:46:00,109.45,109.45,109.4455,109.4455,261.0,FRT
2023-01-23 13:43:00,109.54,109.54,109.46,109.46,1215.0,FRT
2023-01-23 13:42:00,109.55,109.57,109.55,109.56,697.0,FRT
2023-01-23 13:41:00,109.49,109.52,109.49,109.52,3276.0,FRT
2023-01-23 13:40:00,109.41,109.47,109.41,109.47,551.0,FRT
2023-01-23 13:37:00,109.42,109.43,109.41,109.43,1977.0,FRT
2023-01-23 13:36:00,109.44,109.47,109.44,109.47,1026.0,FRT
2023-01-23 13:35:00,109.41,109.45,109.41,109.45,599.0,FRT
2023-01-23 13:34:00,109.4,109.4,109.4,109.4,255.0,FRT
2023-01-23 13:31:00,109.41,109.41,109.335,109.335,760.0,FRT
2023-01-23 13:29:00,109.32,109.32,109.32,109.32,113.0,FRT
2023-01-23 13:25:00,109.55,109.55,109.55,109.55,824.0,FRT
2023-01-23 13:24:00,109.56,109.56,109.56,109.56,395.0,FRT
2023-01-23 13:23:00,109.505,109.59,109.505,109.57,1394.0,FRT
2023-01-23 13:19:00,109.55,109.55,109.55,109.55,760.0,FRT
2023-01-23 13:18:00,109.605,109.605,109.59,109.59,665.0,FRT
2023-01-23 13:17:00,109.56,109.61,109.55,109.59,1300.0,FRT
2023-01-23 13:14:00,109.55,109.55,109.55,109.55,120.0,FRT
2023-01-23 13:09:00,109.55,109.55,109.55,109.55,178.0,FRT
2023-01-23 13:08:00,109.53,109.6,109.49,109.58,3975.0,FRT
2023-01-23 13:07:00,109.57,109.57,109.57,109.57,114.0,FRT
2023-01-23 13:05:00,109.57,109.57,109.57,109.57,456.0,FRT
2023-01-23 13:04:00,109.57,109.57,109.57,109.57,155.0,FRT
2023-01-23 13:03:00,109.565,109.62,109.565,109.62,290.0,FRT
2023-01-23 13:02:00,109.62,109.62,109.62,109.62,544.0,FRT
2023-01-23 12:58:00,109.57,109.57,109.56,109.56,594.0,FRT
2023-01-23 12:57:00,109.59,109.59,109.58,109.58,266.0,FRT
2023-01-23 12:56:00,109.58,109.58,109.58,109.58,484.0,FRT
2023-01-23 12:55:00,109.57,109.57,109.57,109.57,216.0,FRT
2023-01-23 12:54:00,109.39,109.63,109.39,109.63,5855.0,FRT
2023-01-23 12:53:00,109.4,109.4,109.4,109.4,577.0,FRT
2023-01-23 12:52:00,109.32,109.32,109.32,109.32,402.0,FRT
2023-01-23 12:49:00,109.35,109.35,109.35,109.35,506.0,FRT
2023-01-23 12:48:00,109.26,109.26,109.26,109.26,113.0,FRT
2023-01-23 12:46:00,109.4,109.4,109.3,109.3,2967.0,FRT
2023-01-23 12:45:00,109.34,109.41,109.34,109.4,3435.0,FRT
2023-01-23 12:44:00,109.27,109.27,109.27,109.27,107.0,FRT
2023-01-23 12:40:00,109.33,109.33,109.33,109.33,327.0,FRT
2023-01-23 12:39:00,109.37,109.37,109.345,109.345,791.0,FRT
2023-01-23 12:38:00,109.37,109.37,109.37,109.37,403.0,FRT
2023-01-23 12:37:00,109.34,109.34,109.34,109.34,387.0,FRT
2023-01-23 12:36:00,109.31,109.31,109.31,109.31,221.0,FRT
2023-01-23 12:34:00,109.21,109.24,109.21,109.24,1054.0,FRT
2023-01-23 12:33:00,109.28,109.28,109.28,109.28,578.0,FRT
2023-01-23 12:32:00,109.11,109.24,109.11,109.24,7502.0,FRT
2023-01-23 12:26:00,109.02,109.02,109.02,109.02,725.0,FRT
2023-01-23 12:25:00,109.03,109.09,109.02,109.02,943.0,FRT
2023-01-23 12:22:00,109.035,109.035,109.035,109.035,159.0,FRT
2023-01-23 12:20:00,109.05,109.05,109.05,109.05,325.0,FRT
2023-01-23 12:18:00,109.06,109.06,109.01,109.01,595.0,FRT
2023-01-23 12:17:00,109.0,109.1,108.97,109.09,2853.0,FRT
2023-01-23 12:16:00,108.97,108.97,108.97,108.97,475.0,FRT
2023-01-23 12:12:00,108.98,109.03,108.98,109.015,734.0,FRT
2023-01-23 12:11:00,108.87,108.87,108.87,108.87,535.0,FRT
2023-01-23 12:10:00,108.95,108.95,108.9425,108.9425,546.0,FRT
2023-01-23 12:09:00,109.03,109.03,109.02,109.02,529.0,FRT
2023-01-23 12:06:00,109.12,109.12,109.12,109.12,682.0,FRT
2023-01-23 12:05:00,109.03,109.03,109.03,109.03,505.0,FRT
2023-01-23 12:02:00,109.1,109.1,109.1,109.1,271.0,FRT
2023-01-23 12:01:00,109.12,109.12,109.11,109.11,579.0,FRT
2023-01-23 11:59:00,109.21,109.21,109.15,109.15,1494.0,FRT
2023-01-23 11:58:00,109.18,109.18,109.18,109.18,219.0,FRT
2023-01-23 11:57:00,109.11,109.22,109.11,109.175,1135.0,FRT
2023-01-23 11:56:00,108.99,109.08,108.99,109.08,1891.0,FRT
2023-01-23 11:52:00,108.83,108.91,108.82,108.91,791.0,FRT
2023-01-23 11:51:00,108.87,108.87,108.87,108.87,439.0,FRT
2023-01-23 11:50:00,108.915,108.915,108.915,108.915,255.0,FRT
2023-01-23 11:44:00,108.8,108.8699,108.8,108.8699,233.0,FRT
2023-01-23 11:40:00,108.88,108.88,108.88,108.88,107.0,FRT
2023-01-23 11:37:00,108.67,108.7,108.67,108.7,288.0,FRT
2023-01-23 11:34:00,108.82,108.82,108.78,108.78,798.0,FRT
2023-01-23 11:32:00,108.78,108.78,108.7699,108.7699,839.0,FRT
2023-01-23 11:30:00,108.69,108.715,108.64,108.64,1182.0,FRT
2023-01-23 11:29:00,108.69,108.69,108.69,108.69,361.0,FRT
2023-01-23 11:28:00,108.72,108.72,108.72,108.72,197.0,FRT
2023-01-23 11:25:00,108.89,108.89,108.84,108.84,580.0,FRT
2023-01-23 11:22:00,108.93,108.94,108.93,108.94,698.0,FRT
2023-01-23 11:20:00,108.9,108.9,108.9,108.9,673.0,FRT
2023-01-23 11:19:00,108.75,108.87,108.75,108.87,777.0,FRT
2023-01-23 11:18:00,108.81,108.81,108.81,108.81,301.0,FRT
2023-01-23 11:17:00,108.7949,108.7949,108.7949,108.7949,237.0,FRT
2023-01-23 11:16:00,108.78,108.78,108.78,108.78,176.0,FRT
2023-01-23 11:14:00,108.88,108.88,108.88,108.88,284.0,FRT
2023-01-23 11:13:00,108.765,108.765,108.765,108.765,199.0,FRT
2023-01-23 11:10:00,108.95,108.95,108.95,108.95,266.0,FRT
2023-01-23 11:09:00,109.01,109.01,109.01,109.01,423.0,FRT
2023-01-23 11:08:00,109.11,109.11,109.11,109.11,221.0,FRT
2023-01-23 11:07:00,109.0,109.0,109.0,109.0,127.0,FRT
2023-01-23 11:05:00,108.84,108.87,108.81,108.81,852.0,FRT
2023-01-23 11:03:00,108.71,108.71,108.675,108.675,544.0,FRT
2023-01-23 11:02:00,108.76,108.76,108.76,108.76,278.0,FRT
2023-01-23 10:59:00,108.72,108.77,108.62,108.62,1519.0,FRT
2023-01-23 10:56:00,108.58,108.695,108.58,108.695,1792.0,FRT
2023-01-23 10:54:00,108.48,108.48,108.48,108.48,119.0,FRT
2023-01-23 10:51:00,108.48,108.48,108.45,108.45,692.0,FRT
2023-01-23 10:49:00,108.49,108.5,108.49,108.5,1121.0,FRT
2023-01-23 10:48:00,108.44,108.44,108.44,108.44,175.0,FRT
2023-01-23 10:47:00,108.46,108.46,108.46,108.46,885.0,FRT
2023-01-23 10:46:00,108.405,108.405,108.405,108.405,259.0,FRT
2023-01-23 10:45:00,108.45,108.45,108.36,108.36,1040.0,FRT
2023-01-23 10:43:00,108.47,108.47,108.47,108.47,213.0,FRT
2023-01-23 10:40:00,108.485,108.54,108.485,108.54,394.0,FRT
2023-01-23 10:38:00,108.495,108.495,108.495,108.495,295.0,FRT
2023-01-23 10:35:00,108.31,108.45,108.31,108.45,238.0,FRT
2023-01-23 10:34:00,108.32,108.32,108.32,108.32,434.0,FRT
2023-01-23 10:29:00,108.14,108.14,108.14,108.14,387.0,FRT
2023-01-23 10:27:00,107.95,107.97,107.86,107.97,867.0,FRT
2023-01-23 10:26:00,107.95,107.95,107.88,107.88,1252.0,FRT
2023-01-23 10:25:00,107.99,107.99,107.92,107.92,779.0,FRT
2023-01-23 10:24:00,107.91,107.98,107.91,107.98,852.0,FRT
2023-01-23 10:23:00,107.91,107.91,107.91,107.91,215.0,FRT
2023-01-23 10:22:00,107.94,107.94,107.88,107.88,678.0,FRT
2023-01-23 10:21:00,107.84,107.84,107.84,107.84,254.0,FRT
2023-01-23 10:17:00,107.83,107.83,107.83,107.83,100.0,FRT
2023-01-23 10:15:00,107.87,107.87,107.85,107.85,374.0,FRT
2023-01-23 10:14:00,107.95,107.95,107.87,107.87,676.0,FRT
2023-01-23 10:13:00,107.81,107.84,107.81,107.84,341.0,FRT
2023-01-23 10:12:00,107.7,107.77,107.69,107.77,1007.0,FRT
2023-01-23 10:11:00,107.625,107.67,107.54,107.615,843.0,FRT
2023-01-23 10:10:00,107.645,107.645,107.645,107.645,194.0,FRT
2023-01-23 10:09:00,107.645,107.645,107.645,107.645,129.0,FRT
2023-01-23 10:08:00,107.7,107.7,107.7,107.7,125.0,FRT
2023-01-23 10:07:00,107.67,107.7,107.66,107.7,667.0,FRT
2023-01-23 10:05:00,107.72,107.72,107.68,107.68,361.0,FRT
2023-01-23 10:02:00,107.73,107.7814,107.73,107.7814,377.0,FRT
2023-01-23 10:01:00,107.549,107.77,107.549,107.77,1023.0,FRT
2023-01-23 10:00:00,107.65,107.66,107.65,107.66,557.0,FRT
2023-01-23 09:59:00,107.54,107.58,107.51,107.58,965.0,FRT
2023-01-23 09:58:00,107.54,107.54,107.54,107.54,130.0,FRT
2023-01-23 09:55:00,107.61,107.61,107.61,107.61,136.0,FRT
2023-01-23 09:53:00,107.665,107.8,107.665,107.67,369.0,FRT
2023-01-23 09:49:00,107.675,107.675,107.65,107.65,417.0,FRT
2023-01-23 09:48:00,107.67,107.69,107.67,107.69,964.0,FRT
2023-01-23 09:44:00,107.47,107.57,107.47,107.57,365.0,FRT
2023-01-23 09:41:00,107.35,107.35,107.35,107.35,270.0,FRT
2023-01-23 09:39:00,107.2,107.2,107.2,107.2,334.0,FRT
2023-01-23 09:35:00,107.3,107.3,107.3,107.3,227.0,FRT
2023-01-23 09:34:00,107.48,107.48,107.48,107.48,159.0,FRT
2023-01-23 09:32:00,107.8,107.8,107.23,107.43,641.0,FRT
2023-01-23 09:31:00,107.77,107.9,107.66,107.86,3554.0,FRT
2023-01-20 16:02:00,107.65,107.65,107.65,107.65,963.0,FRT
2023-01-20 16:01:00,107.65,107.65,107.65,107.65,20771.0,FRT
2023-01-20 16:00:00,107.49,107.7,107.49,107.64,18794.0,FRT
2023-01-20 15:59:00,107.55,107.55,107.45,107.5,11520.0,FRT
2023-01-20 15:58:00,107.56,107.57,107.51,107.54,8470.0,FRT
2023-01-20 15:57:00,107.6,107.6,107.51,107.55,9317.0,FRT
2023-01-20 15:56:00,107.71,107.71,107.62,107.62,9828.0,FRT
2023-01-20 15:55:00,107.72,107.74,107.64,107.72,10366.0,FRT
2023-01-20 15:54:00,107.6,107.72,107.58,107.69,6615.0,FRT
2023-01-20 15:53:00,107.44,107.62,107.44,107.59,7196.0,FRT
2023-01-20 15:52:00,107.33,107.42,107.31,107.42,4903.0,FRT
2023-01-20 15:51:00,107.24,107.375,107.22,107.33,6621.0,FRT
2023-01-20 15:50:00,107.21,107.23,107.18,107.22,3785.0,FRT
2023-01-20 15:49:00,107.21,107.23,107.1,107.21,8555.0,FRT
2023-01-20 15:48:00,107.15,107.2,107.14,107.17,1570.0,FRT
2023-01-20 15:47:00,107.065,107.15,107.065,107.14,2892.0,FRT
2023-01-20 15:46:00,107.15,107.15,107.05,107.05,2038.0,FRT
2023-01-20 15:45:00,107.13,107.17,107.13,107.17,595.0,FRT
2023-01-20 15:44:00,107.3275,107.34,107.23,107.23,3902.0,FRT
2023-01-20 15:43:00,107.35,107.35,107.3,107.34,661.0,FRT
2023-01-20 15:42:00,107.19,107.32,107.19,107.32,5481.0,FRT
2023-01-20 15:41:00,107.16,107.21,107.16,107.21,3008.0,FRT
2023-01-20 15:40:00,107.1,107.11,107.0775,107.11,884.0,FRT
2023-01-20 15:39:00,107.09,107.1,107.075,107.1,1350.0,FRT
2023-01-20 15:38:00,107.01,107.05,107.01,107.05,1286.0,FRT
2023-01-20 15:37:00,107.01,107.02,107.01,107.01,892.0,FRT
2023-01-20 15:36:00,107.01,107.01,106.96,106.99,3055.0,FRT
2023-01-20 15:35:00,107.055,107.1,107.045,107.045,1485.0,FRT
2023-01-20 15:34:00,107.055,107.055,107.055,107.055,785.0,FRT
2023-01-20 15:33:00,107.055,107.055,107.0,107.055,3085.0,FRT
2023-01-20 15:32:00,107.06,107.07,107.04,107.05,1387.0,FRT
2023-01-20 15:31:00,107.085,107.12,107.085,107.09,661.0,FRT
2023-01-20 15:30:00,107.0,107.01,106.995,107.01,1286.0,FRT
2023-01-20 15:29:00,106.98,106.98,106.935,106.935,672.0,FRT
2023-01-20 15:28:00,106.975,106.975,106.925,106.925,677.0,FRT
2023-01-20 15:27:00,106.97,107.0,106.97,106.97,1296.0,FRT
2023-01-20 15:26:00,106.96,106.98,106.96,106.98,397.0,FRT
2023-01-20 15:25:00,106.915,106.94,106.915,106.92,1213.0,FRT
2023-01-20 15:24:00,106.94,106.99,106.91,106.92,1063.0,FRT
2023-01-20 15:23:00,107.02,107.02,107.02,107.02,1455.0,FRT
2023-01-20 15:22:00,107.14,107.14,107.08,107.08,2118.0,FRT
2023-01-20 15:21:00,107.13,107.15,107.13,107.15,641.0,FRT
2023-01-20 15:19:00,107.02,107.09,107.02,107.09,2391.0,FRT
2023-01-20 15:18:00,106.97,107.02,106.97,107.02,448.0,FRT
2023-01-20 15:17:00,107.02,107.07,107.015,107.015,634.0,FRT
2023-01-20 15:16:00,107.02,107.06,107.02,107.06,565.0,FRT
2023-01-20 15:15:00,106.995,106.995,106.995,106.995,182.0,FRT
2023-01-20 15:14:00,106.94,107.0,106.94,107.0,1236.0,FRT
2023-01-20 15:13:00,106.87,106.87,106.87,106.87,461.0,FRT
2023-01-20 15:12:00,106.89,106.905,106.89,106.905,1545.0,FRT
2023-01-20 15:11:00,106.94,106.94,106.92,106.92,1288.0,FRT
2023-01-20 15:10:00,106.99,106.99,106.95,106.95,454.0,FRT
2023-01-20 15:09:00,106.96,107.0,106.96,107.0,753.0,FRT
2023-01-20 15:08:00,106.96,106.96,106.96,106.96,288.0,FRT
2023-01-20 15:06:00,106.89,106.92,106.88,106.92,1104.0,FRT
2023-01-20 15:05:00,106.87,106.91,106.87,106.91,2883.0,FRT
2023-01-20 15:04:00,106.87,106.905,106.87,106.9,435.0,FRT
2023-01-20 15:03:00,106.86,106.86,106.86,106.86,179.0,FRT
2023-01-20 15:02:00,106.85,106.865,106.85,106.865,284.0,FRT
2023-01-20 15:01:00,106.765,106.86,106.76,106.86,5460.0,FRT
2023-01-20 15:00:00,106.78,106.78,106.78,106.78,480.0,FRT
2023-01-20 14:59:00,106.71,106.72,106.71,106.72,1547.0,FRT
2023-01-20 14:58:00,106.61,106.66,106.61,106.66,642.0,FRT
2023-01-20 14:57:00,106.6,106.61,106.59,106.59,1774.0,FRT
2023-01-20 14:56:00,106.57,106.57,106.52,106.55,2289.0,FRT
2023-01-20 14:55:00,106.64,106.64,106.63,106.63,514.0,FRT
2023-01-20 14:54:00,106.66,106.66,106.63,106.66,1260.0,FRT
2023-01-20 14:53:00,106.64,106.64,106.64,106.64,557.0,FRT
2023-01-20 14:52:00,106.725,106.75,106.665,106.665,951.0,FRT
2023-01-20 14:51:00,106.705,106.735,106.705,106.725,788.0,FRT
2023-01-20 14:50:00,106.77,106.77,106.69,106.71,3091.0,FRT
2023-01-20 14:49:00,106.795,106.795,106.795,106.795,230.0,FRT
2023-01-20 14:48:00,106.7642,106.7642,106.755,106.755,425.0,FRT
2023-01-20 14:47:00,106.755,106.79,106.755,106.79,227.0,FRT
2023-01-20 14:46:00,106.73,106.765,106.7,106.765,1459.0,FRT
2023-01-20 14:45:00,106.695,106.73,106.695,106.73,528.0,FRT
2023-01-20 14:43:00,106.7,106.7,106.69,106.69,1205.0,FRT
2023-01-20 14:41:00,106.75,106.75,106.75,106.75,328.0,FRT
2023-01-20 14:40:00,106.69,106.695,106.675,106.695,645.0,FRT
2023-01-20 14:39:00,106.605,106.66,106.59,106.66,2228.0,FRT
2023-01-20 14:38:00,106.61,106.61,106.61,106.61,210.0,FRT
2023-01-20 14:37:00,106.64,106.65,106.64,106.64,492.0,FRT
2023-01-20 14:35:00,106.565,106.565,106.565,106.565,272.0,FRT
2023-01-20 14:34:00,106.575,106.635,106.56,106.56,2682.0,FRT
2023-01-20 14:33:00,106.595,106.595,106.58,106.585,2193.0,FRT
2023-01-20 14:32:00,106.64,106.665,106.595,106.595,738.0,FRT
2023-01-20 14:31:00,106.64,106.64,106.64,106.64,436.0,FRT
2023-01-20 14:30:00,106.59,106.66,106.59,106.66,1237.0,FRT
2023-01-20 14:29:00,106.51,106.55,106.51,106.55,628.0,FRT
2023-01-20 14:28:00,106.5375,106.5375,106.5375,106.5375,352.0,FRT
2023-01-20 14:27:00,106.515,106.515,106.515,106.515,166.0,FRT
2023-01-20 14:25:00,106.43,106.43,106.4,106.43,2168.0,FRT
2023-01-20 14:23:00,106.36,106.38,106.32,106.38,2321.0,FRT
2023-01-20 14:21:00,106.39,106.39,106.39,106.39,112.0,FRT
2023-01-20 14:20:00,106.39,106.41,106.39,106.39,455.0,FRT
2023-01-20 14:19:00,106.37,106.38,106.37,106.37,895.0,FRT
2023-01-20 14:18:00,106.4,106.4,106.345,106.345,1404.0,FRT
2023-01-20 14:17:00,106.39,106.42,106.39,106.42,215.0,FRT
2023-01-20 14:16:00,106.35,106.4,106.35,106.4,1174.0,FRT
2023-01-20 14:15:00,106.34,106.34,106.33,106.33,517.0,FRT
2023-01-20 14:13:00,106.41,106.41,106.36,106.36,932.0,FRT
2023-01-20 14:12:00,106.36,106.4099,106.36,106.4099,346.0,FRT
2023-01-20 14:11:00,106.36,106.36,106.32,106.35,1489.0,FRT
2023-01-20 14:10:00,106.42,106.42,106.42,106.42,684.0,FRT
2023-01-20 14:09:00,106.32,106.365,106.32,106.365,1070.0,FRT
2023-01-20 14:08:00,106.36,106.36,106.36,106.36,309.0,FRT
2023-01-20 14:07:00,106.34,106.34,106.275,106.275,1479.0,FRT
2023-01-20 14:06:00,106.34,106.34,106.34,106.34,299.0,FRT
2023-01-20 14:05:00,106.39,106.39,106.39,106.39,438.0,FRT
2023-01-20 14:04:00,106.345,106.38,106.3,106.3755,1023.0,FRT
2023-01-20 14:03:00,106.32,106.3687,106.32,106.3687,763.0,FRT
2023-01-20 14:02:00,106.33,106.38,106.33,106.33,844.0,FRT
2023-01-20 14:01:00,106.49,106.49,106.37,106.37,1890.0,FRT
2023-01-20 14:00:00,106.53,106.53,106.53,106.53,269.0,FRT
2023-01-20 13:59:00,106.475,106.545,106.475,106.545,1007.0,FRT
2023-01-20 13:58:00,106.475,106.475,106.475,106.475,413.0,FRT
2023-01-20 13:57:00,106.53,106.53,106.455,106.455,623.0,FRT
2023-01-20 13:56:00,106.555,106.555,106.53,106.53,361.0,FRT
2023-01-20 13:55:00,106.62,106.62,106.57,106.57,1178.0,FRT
2023-01-20 13:54:00,106.68,106.71,106.6441,106.6441,1100.0,FRT
2023-01-20 13:53:00,106.72,106.785,106.72,106.72,2063.0,FRT
2023-01-20 13:52:00,106.73,106.755,106.73,106.755,476.0,FRT
2023-01-20 13:51:00,106.69,106.73,106.69,106.7,749.0,FRT
2023-01-20 13:50:00,106.64,106.69,106.585,106.69,3886.0,FRT
2023-01-20 13:49:00,106.605,106.65,106.6,106.6,2158.0,FRT
2023-01-20 13:48:00,106.64,106.64,106.6,106.605,1295.0,FRT
2023-01-20 13:47:00,106.63,106.68,106.59,106.64,967.0,FRT
2023-01-20 13:46:00,106.6625,106.6625,106.6,106.6,520.0,FRT
2023-01-20 13:44:00,106.535,106.59,106.535,106.56,1828.0,FRT
2023-01-20 13:43:00,106.56,106.56,106.54,106.54,711.0,FRT
2023-01-20 13:42:00,106.66,106.66,106.55,106.55,922.0,FRT
2023-01-20 13:41:00,106.66,106.725,106.66,106.67,5827.0,FRT
2023-01-20 13:40:00,106.73,106.8,106.71,106.71,2022.0,FRT
2023-01-20 13:39:00,106.815,106.8168,106.73,106.73,2096.0,FRT
2023-01-20 13:38:00,106.73,106.73,106.54,106.69,19787.0,FRT
2023-01-20 13:37:00,106.665,106.72,106.665,106.72,634.0,FRT
2023-01-20 13:36:00,106.66,106.66,106.66,106.66,531.0,FRT
2023-01-20 13:35:00,106.68,106.69,106.66,106.66,633.0,FRT
2023-01-20 13:34:00,106.7,106.7,106.66,106.66,1730.0,FRT
2023-01-20 13:33:00,106.67,106.73,106.61,106.72,693.0,FRT
2023-01-20 13:31:00,106.52,106.55,106.51,106.55,1827.0,FRT
2023-01-20 13:30:00,106.445,106.52,106.445,106.52,327.0,FRT
2023-01-20 13:29:00,106.53,106.53,106.53,106.53,545.0,FRT
2023-01-20 13:27:00,106.41,106.42,106.375,106.39,747.0,FRT
2023-01-20 13:26:00,106.4,106.4,106.24,106.33,470.0,FRT
2023-01-20 13:25:00,106.39,106.39,106.39,106.39,160.0,FRT
2023-01-20 13:21:00,106.24,106.3,106.24,106.3,712.0,FRT
2023-01-20 13:20:00,106.35,106.35,106.33,106.33,487.0,FRT
2023-01-20 13:19:00,106.54,106.54,106.51,106.52,1038.0,FRT
2023-01-20 13:18:00,106.58,106.58,106.58,106.58,260.0,FRT
2023-01-20 13:17:00,106.47,106.55,106.47,106.55,531.0,FRT
2023-01-20 13:15:00,106.44,106.49,106.44,106.47,1057.0,FRT
2023-01-20 13:14:00,106.34,106.36,106.34,106.36,662.0,FRT
2023-01-20 13:12:00,106.31,106.31,106.31,106.31,210.0,FRT
2023-01-20 13:11:00,106.52,106.53,106.35,106.35,1749.0,FRT
2023-01-20 13:10:00,106.59,106.59,106.59,106.59,353.0,FRT
2023-01-20 13:09:00,106.58,106.58,106.58,106.58,132.0,FRT
2023-01-20 13:08:00,106.555,106.555,106.555,106.555,253.0,FRT
2023-01-20 13:06:00,106.575,106.575,106.575,106.575,182.0,FRT
2023-01-20 13:04:00,106.65,106.65,106.65,106.65,984.0,FRT
2023-01-20 13:03:00,106.72,106.72,106.65,106.65,388.0,FRT
2023-01-20 13:01:00,106.63,106.65,106.58,106.625,1905.0,FRT
2023-01-20 13:00:00,106.61,106.61,106.59,106.59,1086.0,FRT
2023-01-20 12:59:00,106.67,106.67,106.58,106.58,1689.0,FRT
2023-01-20 12:58:00,106.61,106.61,106.61,106.61,268.0,FRT
2023-01-20 12:56:00,106.705,106.705,106.705,106.705,244.0,FRT
2023-01-20 12:55:00,106.69,106.69,106.69,106.69,162.0,FRT
2023-01-20 12:54:00,106.71,106.71,106.71,106.71,228.0,FRT
2023-01-20 12:52:00,106.59,106.63,106.59,106.6,796.0,FRT
2023-01-20 12:51:00,106.555,106.555,106.555,106.555,245.0,FRT
2023-01-20 12:50:00,106.5,106.5,106.5,106.5,110.0,FRT
2023-01-20 12:48:00,106.52,106.52,106.52,106.52,129.0,FRT
2023-01-20 12:47:00,106.52,106.52,106.52,106.52,311.0,FRT
2023-01-20 12:46:00,106.57,106.57,106.57,106.57,701.0,FRT
2023-01-20 12:44:00,106.63,106.63,106.63,106.63,184.0,FRT
2023-01-20 12:43:00,106.63,106.63,106.63,106.63,353.0,FRT
2023-01-20 12:42:00,106.62,106.62,106.57,106.6,1428.0,FRT
2023-01-20 12:41:00,106.63,106.63,106.59,106.59,395.0,FRT
2023-01-20 12:40:00,106.55,106.615,106.55,106.615,1198.0,FRT
2023-01-20 12:37:00,106.55,106.55,106.495,106.495,679.0,FRT
2023-01-20 12:36:00,106.49,106.49,106.49,106.49,300.0,FRT
2023-01-20 12:34:00,106.4,106.45,106.4,106.45,678.0,FRT
2023-01-20 12:33:00,106.42,106.42,106.39,106.39,668.0,FRT
2023-01-20 12:32:00,106.48,106.48,106.46,106.46,420.0,FRT
2023-01-20 12:30:00,106.53,106.53,106.48,106.48,1143.0,FRT
2023-01-20 12:28:00,106.51,106.51,106.49,106.49,566.0,FRT
2023-01-20 12:24:00,106.44,106.45,106.44,106.45,1085.0,FRT
2023-01-20 12:23:00,106.56,106.56,106.43,106.43,1119.0,FRT
2023-01-20 12:22:00,106.62,106.63,106.62,106.63,433.0,FRT
2023-01-20 12:21:00,106.52,106.52,106.52,106.52,544.0,FRT
2023-01-20 12:20:00,106.6,106.6,106.49,106.49,2144.0,FRT
2023-01-20 12:19:00,106.65,106.65,106.65,106.65,185.0,FRT
2023-01-20 12:18:00,106.65,106.65,106.65,106.65,158.0,FRT
2023-01-20 12:17:00,106.62,106.62,106.62,106.62,807.0,FRT
2023-01-20 12:15:00,106.74,106.74,106.69,106.69,1927.0,FRT
2023-01-20 12:14:00,106.81,106.81,106.81,106.81,161.0,FRT
2023-01-20 12:13:00,106.795,106.795,106.795,106.795,289.0,FRT
2023-01-20 12:12:00,106.7,106.745,106.7,106.7,5258.0,FRT
2023-01-20 12:11:00,106.62,106.75,106.61,106.725,4515.0,FRT
2023-01-20 12:09:00,106.645,106.645,106.645,106.645,172.0,FRT
2023-01-20 12:06:00,106.62,106.62,106.605,106.605,953.0,FRT
2023-01-20 12:05:00,106.7,106.7,106.68,106.68,534.0,FRT
2023-01-20 12:04:00,106.75,106.75,106.7,106.7,451.0,FRT
2023-01-20 12:03:00,106.7,106.765,106.7,106.765,813.0,FRT
2023-01-20 12:02:00,106.65,106.66,106.61,106.66,1045.0,FRT
2023-01-20 12:01:00,106.7,106.7,106.7,106.7,726.0,FRT
2023-01-20 12:00:00,106.54,106.67,106.54,106.67,940.0,FRT
2023-01-20 11:59:00,106.59,106.59,106.56,106.56,559.0,FRT
2023-01-20 11:56:00,106.66,106.66,106.66,106.66,581.0,FRT
2023-01-20 11:55:00,106.63,106.64,106.63,106.63,1051.0,FRT
2023-01-20 11:53:00,106.69,106.69,106.69,106.69,714.0,FRT
2023-01-20 11:51:00,106.75,106.75,106.75,106.75,187.0,FRT
2023-01-20 11:50:00,106.81,106.82,106.66,106.7,14540.0,FRT
2023-01-20 11:49:00,106.87,106.87,106.855,106.855,291.0,FRT
2023-01-20 11:48:00,106.76,106.76,106.76,106.76,377.0,FRT
2023-01-20 11:47:00,106.69,106.69,106.69,106.69,146.0,FRT
2023-01-20 11:46:00,106.64,106.735,106.64,106.69,1113.0,FRT
2023-01-20 11:44:00,106.57,106.57,106.57,106.57,393.0,FRT
2023-01-20 11:41:00,106.5,106.54,106.5,106.52,1276.0,FRT
2023-01-20 11:40:00,106.55,106.55,106.55,106.55,297.0,FRT
2023-01-20 11:39:00,106.6,106.6,106.5,106.55,2067.0,FRT
2023-01-20 11:38:00,106.7,106.7,106.7,106.7,126.0,FRT
2023-01-20 11:37:00,106.67,106.67,106.67,106.67,252.0,FRT
2023-01-20 11:36:00,106.64,106.64,106.63,106.64,1346.0,FRT
2023-01-20 11:35:00,106.74,106.74,106.74,106.74,113.0,FRT
2023-01-20 11:34:00,106.73,106.74,106.7,106.7,799.0,FRT
2023-01-20 11:33:00,106.695,106.74,106.695,106.74,464.0,FRT
2023-01-20 11:32:00,106.57,106.61,106.57,106.61,247.0,FRT
2023-01-20 11:31:00,106.505,106.595,106.47,106.59,4317.0,FRT
2023-01-20 11:30:00,106.475,106.475,106.475,106.475,2047.0,FRT
2023-01-20 11:29:00,106.46,106.46,106.46,106.46,324.0,FRT
2023-01-20 11:28:00,106.51,106.52,106.39,106.46,2847.0,FRT
2023-01-20 11:27:00,106.56,106.56,106.481,106.481,332.0,FRT
2023-01-20 11:25:00,106.425,106.54,106.425,106.53,1322.0,FRT
2023-01-20 11:24:00,106.35,106.37,106.35,106.37,905.0,FRT
2023-01-20 11:23:00,106.29,106.345,106.25,106.34,1700.0,FRT
2023-01-20 11:21:00,106.49,106.505,106.36,106.36,3534.0,FRT
2023-01-20 11:20:00,106.3724,106.49,106.3724,106.49,820.0,FRT
2023-01-20 11:19:00,106.465,106.465,106.46,106.46,271.0,FRT
2023-01-20 11:18:00,106.3722,106.48,106.3722,106.43,552.0,FRT
2023-01-20 11:17:00,106.38,106.425,106.37,106.425,520.0,FRT
2023-01-20 11:16:00,106.345,106.37,106.345,106.37,546.0,FRT
2023-01-20 11:15:00,106.265,106.35,106.265,106.35,1232.0,FRT
2023-01-20 11:14:00,106.27,106.2875,106.23,106.23,446.0,FRT
2023-01-20 11:13:00,106.27,106.27,106.23,106.23,568.0,FRT
2023-01-20 11:12:00,106.3,106.31,106.25,106.25,2459.0,FRT
2023-01-20 11:11:00,106.23,106.23,106.23,106.23,590.0,FRT
2023-01-20 11:09:00,106.22,106.26,106.186,106.21,4583.0,FRT
2023-01-20 11:08:00,106.32,106.32,106.21,106.26,1310.0,FRT
2023-01-20 11:07:00,106.36,106.41,106.36,106.41,978.0,FRT
2023-01-20 11:06:00,106.52,106.52,106.36,106.36,3557.0,FRT
2023-01-20 11:05:00,106.615,106.615,106.57,106.58,431.0,FRT
2023-01-20 11:04:00,106.52,106.64,106.52,106.64,1000.0,FRT
2023-01-20 11:03:00,106.44,106.52,106.44,106.52,613.0,FRT
2023-01-20 11:02:00,106.4,106.4,106.4,106.4,221.0,FRT
2023-01-20 11:01:00,106.225,106.295,106.225,106.295,931.0,FRT
2023-01-20 11:00:00,106.12,106.12,106.11,106.11,1573.0,FRT
2023-01-20 10:58:00,106.2,106.2,106.2,106.2,374.0,FRT
2023-01-20 10:57:00,106.17,106.19,106.17,106.19,942.0,FRT
2023-01-20 10:56:00,106.115,106.135,106.085,106.135,3100.0,FRT
2023-01-20 10:55:00,106.01,106.05,106.0,106.05,825.0,FRT
2023-01-20 10:54:00,105.93,106.02,105.925,106.02,2817.0,FRT
2023-01-20 10:53:00,105.98,105.9921,105.92,105.96,1823.0,FRT
2023-01-20 10:52:00,106.085,106.1,105.98,105.98,1627.0,FRT
2023-01-20 10:51:00,106.24,106.275,106.04,106.04,2014.0,FRT
2023-01-20 10:49:00,106.13,106.21,106.09,106.21,2158.0,FRT
2023-01-20 10:48:00,106.06,106.06,106.06,106.06,468.0,FRT
2023-01-20 10:47:00,106.08,106.08,106.075,106.075,448.0,FRT
2023-01-20 10:46:00,105.99,106.07,105.99,106.03,844.0,FRT
2023-01-20 10:45:00,106.11,106.11,106.05,106.05,1002.0,FRT
2023-01-20 10:44:00,106.09,106.09,106.09,106.09,280.0,FRT
2023-01-20 10:43:00,106.135,106.2,106.125,106.17,1965.0,FRT
2023-01-20 10:42:00,106.18,106.18,106.08,106.08,1075.0,FRT
2023-01-20 10:41:00,106.18,106.18,106.18,106.18,368.0,FRT
2023-01-20 10:40:00,106.33,106.33,106.29,106.29,927.0,FRT
2023-01-20 10:38:00,106.34,106.37,106.3,106.37,3198.0,FRT
2023-01-20 10:36:00,106.36,106.41,106.3,106.41,1641.0,FRT
2023-01-20 10:35:00,106.49,106.49,106.36,106.42,3042.0,FRT
2023-01-20 10:34:00,106.59,106.59,106.59,106.59,115.0,FRT
2023-01-20 10:33:00,106.595,106.595,106.49,106.49,1822.0,FRT
2023-01-20 10:31:00,106.65,106.65,106.6,106.6,292.0,FRT
2023-01-20 10:30:00,106.65,106.65,106.645,106.645,692.0,FRT
2023-01-20 10:29:00,106.47,106.5016,106.47,106.5016,347.0,FRT
2023-01-20 10:28:00,106.56,106.56,106.56,106.56,225.0,FRT
2023-01-20 10:27:00,106.43,106.43,106.43,106.43,445.0,FRT
2023-01-20 10:26:00,106.34,106.34,106.34,106.34,375.0,FRT
2023-01-20 10:23:00,106.17,106.28,106.15,106.15,2367.0,FRT
2023-01-20 10:22:00,106.05,106.18,106.05,106.13,639.0,FRT
2023-01-20 10:21:00,105.85,106.0,105.85,106.0,2000.0,FRT
2023-01-20 10:20:00,105.865,105.865,105.865,105.865,472.0,FRT
2023-01-20 10:19:00,105.89,105.89,105.86,105.86,613.0,FRT
2023-01-20 10:18:00,105.95,105.98,105.85,105.91,2442.0,FRT
2023-01-20 10:17:00,106.05,106.05,105.94,105.94,829.0,FRT
2023-01-20 10:16:00,106.2,106.2,106.06,106.06,774.0,FRT
2023-01-20 10:15:00,106.46,106.46,106.275,106.284,1290.0,FRT
2023-01-20 10:14:00,106.57,106.57,106.42,106.42,2824.0,FRT
2023-01-20 10:13:00,106.615,106.62,106.6,106.62,1433.0,FRT
2023-01-20 10:12:00,106.51,106.58,106.51,106.58,4054.0,FRT
2023-01-20 10:11:00,106.58,106.6,106.54,106.5525,3263.0,FRT
2023-01-20 10:10:00,106.6,106.68,106.6,106.68,673.0,FRT
2023-01-20 10:09:00,106.65,106.65,106.65,106.65,1032.0,FRT
2023-01-20 10:08:00,106.72,106.77,106.585,106.6,7612.0,FRT
2023-01-20 10:07:00,106.78,106.78,106.78,106.78,467.0,FRT
2023-01-20 10:06:00,106.59,106.675,106.5,106.675,933.0,FRT
2023-01-20 10:05:00,106.48,106.495,106.48,106.495,662.0,FRT
2023-01-20 10:04:00,106.38,106.38,106.38,106.38,447.0,FRT
2023-01-20 10:03:00,106.47,106.47,106.47,106.47,142.0,FRT
2023-01-20 10:02:00,106.37,106.37,106.36,106.36,711.0,FRT
2023-01-20 10:01:00,106.345,106.345,106.27,106.27,528.0,FRT
2023-01-20 10:00:00,106.32,106.345,106.32,106.345,396.0,FRT
2023-01-20 09:59:00,106.37,106.37,106.325,106.325,231.0,FRT
2023-01-20 09:58:00,106.16,106.33,106.16,106.33,530.0,FRT
2023-01-20 09:57:00,106.02,106.065,106.02,106.065,848.0,FRT
2023-01-20 09:56:00,105.76,105.865,105.71,105.83,1170.0,FRT
2023-01-20 09:55:00,105.9577,105.9577,105.81,105.81,631.0,FRT
2023-01-20 09:54:00,105.83,105.83,105.83,105.83,294.0,FRT
2023-01-20 09:53:00,106.02,106.02,105.86,105.86,1280.0,FRT
2023-01-20 09:52:00,105.865,105.88,105.85,105.85,941.0,FRT
2023-01-20 09:50:00,105.705,105.71,105.67,105.67,1101.0,FRT
2023-01-20 09:49:00,105.77,105.77,105.77,105.77,294.0,FRT
2023-01-20 09:48:00,105.7,105.71,105.7,105.71,625.0,FRT
2023-01-20 09:44:00,105.45,105.56,105.45,105.56,919.0,FRT
2023-01-20 09:40:00,105.45,105.45,105.45,105.45,752.0,FRT
2023-01-20 09:38:00,105.67,105.67,105.56,105.56,549.0,FRT
2023-01-20 09:37:00,105.81,105.81,105.81,105.81,211.0,FRT
2023-01-20 09:32:00,106.04,106.09,106.04,106.04,1108.0,FRT
2023-01-20 09:31:00,106.58,106.63,106.58,106.63,28127.0,FRT
2023-01-19 16:02:00,106.52,106.52,106.52,106.52,444.0,FRT
2023-01-19 16:01:00,106.52,106.52,106.52,106.52,9145.0,FRT
2023-01-19 16:00:00,106.53,106.59,106.5,106.54,18026.0,FRT
2023-01-19 15:59:00,106.5,106.545,106.49,106.53,6726.0,FRT
2023-01-19 15:58:00,106.55,106.551,106.49,106.49,6264.0,FRT
2023-01-19 15:57:00,106.62,106.625,106.555,106.57,4150.0,FRT
2023-01-19 15:56:00,106.69,106.69,106.63,106.63,9948.0,FRT
2023-01-19 15:55:00,106.56,106.68,106.56,106.68,3774.0,FRT
2023-01-19 15:54:00,106.61,106.61,106.47,106.53,8018.0,FRT
2023-01-19 15:53:00,106.52,106.61,106.52,106.61,4162.0,FRT
2023-01-19 15:52:00,106.56,106.58,106.535,106.55,7278.0,FRT
2023-01-19 15:51:00,106.75,106.81,106.56,106.56,6895.0,FRT
2023-01-19 15:50:00,106.68,106.75,106.675,106.74,2428.0,FRT
2023-01-19 15:49:00,106.64,106.675,106.64,106.675,1739.0,FRT
2023-01-19 15:48:00,106.63,106.635,106.61,106.635,731.0,FRT
2023-01-19 15:47:00,106.68,106.68,106.64,106.66,1631.0,FRT
2023-01-19 15:46:00,106.72,106.72,106.68,106.71,4185.0,FRT
2023-01-19 15:45:00,106.72,106.72,106.7,106.72,1032.0,FRT
2023-01-19 15:44:00,106.795,106.8,106.77,106.77,1062.0,FRT
2023-01-19 15:43:00,106.81,106.81,106.8,106.81,1364.0,FRT
2023-01-19 15:42:00,106.82,106.84,106.81,106.81,1965.0,FRT
2023-01-19 15:41:00,106.86,106.86,106.8,106.8,1310.0,FRT
2023-01-19 15:40:00,106.92,106.92,106.86,106.86,1815.0,FRT
2023-01-19 15:39:00,106.93,106.93,106.93,106.93,350.0,FRT
2023-01-19 15:38:00,106.9,106.9,106.87,106.88,2098.0,FRT
2023-01-19 15:37:00,106.81,106.88,106.79,106.88,1288.0,FRT
2023-01-19 15:36:00,106.76,106.76,106.76,106.76,316.0,FRT
2023-01-19 15:35:00,106.76,106.79,106.76,106.76,1770.0,FRT
2023-01-19 15:34:00,106.73,106.77,106.73,106.77,1505.0,FRT
2023-01-19 15:33:00,106.69,106.73,106.69,106.73,1642.0,FRT
2023-01-19 15:32:00,106.62,106.69,106.595,106.69,2504.0,FRT
2023-01-19 15:31:00,106.65,106.65,106.64,106.64,1073.0,FRT
2023-01-19 15:30:00,106.65,106.69,106.65,106.69,910.0,FRT
2023-01-19 15:29:00,106.77,106.77,106.655,106.66,1577.0,FRT
2023-01-19 15:27:00,106.78,106.81,106.78,106.81,2816.0,FRT
2023-01-19 15:26:00,106.8,106.8,106.765,106.765,1341.0,FRT
2023-01-19 15:25:00,106.85,106.85,106.85,106.85,1085.0,FRT
2023-01-19 15:24:00,106.88,106.88,106.88,106.88,318.0,FRT
2023-01-19 15:23:00,106.96,106.96,106.8425,106.8425,1170.0,FRT
2023-01-19 15:22:00,107.02,107.02,106.98,106.98,1424.0,FRT
2023-01-19 15:20:00,107.0,107.0,107.0,107.0,956.0,FRT
2023-01-19 15:19:00,106.93,106.97,106.93,106.97,1912.0,FRT
2023-01-19 15:18:00,106.94,106.94,106.92,106.9212,973.0,FRT
2023-01-19 15:17:00,107.06,107.06,107.06,107.06,751.0,FRT
2023-01-19 15:16:00,107.08,107.13,107.08,107.09,2213.0,FRT
2023-01-19 15:15:00,107.05,107.1,107.05,107.08,614.0,FRT
2023-01-19 15:14:00,107.05,107.07,107.05,107.07,782.0,FRT
2023-01-19 15:13:00,107.01,107.01,107.01,107.01,1214.0,FRT
2023-01-19 15:11:00,106.955,107.0,106.955,106.98,1175.0,FRT
2023-01-19 15:10:00,107.09,107.09,106.97,106.97,2760.0,FRT
2023-01-19 15:09:00,107.13,107.13,107.13,107.13,273.0,FRT
2023-01-19 15:08:00,107.17,107.17,107.16,107.16,1024.0,FRT
2023-01-19 15:07:00,107.15,107.15,107.15,107.15,784.0,FRT
2023-01-19 15:06:00,107.2,107.2,107.19,107.19,1212.0,FRT
2023-01-19 15:05:00,107.23,107.24,107.22,107.22,1040.0,FRT
2023-01-19 15:03:00,107.21,107.21,107.21,107.21,472.0,FRT
2023-01-19 15:02:00,107.2,107.2,107.19,107.19,481.0,FRT
2023-01-19 15:01:00,107.13,107.17,107.13,107.15,1153.0,FRT
2023-01-19 15:00:00,107.14,107.15,107.13,107.15,1270.0,FRT
2023-01-19 14:58:00,107.17,107.17,107.17,107.17,1191.0,FRT
2023-01-19 14:57:00,107.12,107.12,107.12,107.12,407.0,FRT
2023-01-19 14:56:00,107.04,107.08,107.04,107.08,1557.0,FRT
2023-01-19 14:55:00,107.06,107.06,107.06,107.06,597.0,FRT
2023-01-19 14:54:00,107.05,107.05,107.04,107.04,1327.0,FRT
2023-01-19 14:53:00,107.05,107.05,107.035,107.035,1373.0,FRT
2023-01-19 14:52:00,107.04,107.04,107.03,107.03,708.0,FRT
2023-01-19 14:51:00,107.03,107.03,106.99,106.99,731.0,FRT
2023-01-19 14:50:00,107.07,107.07,107.07,107.07,103.0,FRT
2023-01-19 14:49:00,107.07,107.07,107.07,107.07,749.0,FRT
2023-01-19 14:48:00,107.25,107.25,107.25,107.25,734.0,FRT
2023-01-19 14:46:00,107.27,107.27,107.27,107.27,484.0,FRT
2023-01-19 14:45:00,107.29,107.29,107.29,107.29,413.0,FRT
2023-01-19 14:44:00,107.31,107.31,107.265,107.265,1582.0,FRT
2023-01-19 14:42:00,107.28,107.28,107.28,107.28,274.0,FRT
2023-01-19 14:41:00,107.28,107.31,107.28,107.31,2056.0,FRT
2023-01-19 14:40:00,107.25,107.25,107.25,107.25,416.0,FRT
2023-01-19 14:39:00,107.2719,107.2719,107.2719,107.2719,360.0,FRT
2023-01-19 14:38:00,107.28,107.28,107.28,107.28,566.0,FRT
2023-01-19 14:36:00,107.4,107.4,107.21,107.285,2852.0,FRT
2023-01-19 14:35:00,107.4,107.41,107.37,107.41,1705.0,FRT
2023-01-19 14:34:00,107.42,107.425,107.42,107.425,397.0,FRT
2023-01-19 14:33:00,107.41,107.41,107.37,107.37,900.0,FRT
2023-01-19 14:32:00,107.3283,107.38,107.3283,107.36,2106.0,FRT
2023-01-19 14:31:00,107.36,107.36,107.315,107.315,838.0,FRT
2023-01-19 14:29:00,107.38,107.38,107.38,107.38,365.0,FRT
2023-01-19 14:27:00,107.41,107.45,107.41,107.43,1618.0,FRT
2023-01-19 14:26:00,107.51,107.51,107.46,107.46,1756.0,FRT
2023-01-19 14:25:00,107.51,107.52,107.49,107.5,849.0,FRT
2023-01-19 14:24:00,107.47,107.52,107.46,107.5,2047.0,FRT
2023-01-19 14:23:00,107.45,107.485,107.43,107.47,1523.0,FRT
2023-01-19 14:21:00,107.465,107.465,107.465,107.465,1044.0,FRT
2023-01-19 14:20:00,107.35,107.385,107.35,107.385,667.0,FRT
2023-01-19 14:19:00,107.39,107.41,107.38,107.38,897.0,FRT
2023-01-19 14:18:00,107.455,107.455,107.355,107.355,1655.0,FRT
2023-01-19 14:17:00,107.505,107.515,107.46,107.475,1127.0,FRT
2023-01-19 14:16:00,107.52,107.52,107.52,107.52,762.0,FRT
2023-01-19 14:15:00,107.53,107.53,107.47,107.47,1261.0,FRT
2023-01-19 14:14:00,107.555,107.555,107.51,107.515,1374.0,FRT
2023-01-19 14:13:00,107.51,107.55,107.51,107.52,756.0,FRT
2023-01-19 14:12:00,107.45,107.48,107.45,107.48,814.0,FRT
2023-01-19 14:11:00,107.39,107.39,107.38,107.38,1319.0,FRT
2023-01-19 14:10:00,107.38,107.405,107.38,107.405,872.0,FRT
2023-01-19 14:09:00,107.38,107.38,107.35,107.35,1523.0,FRT
2023-01-19 14:08:00,107.305,107.305,107.305,107.305,191.0,FRT
2023-01-19 14:07:00,107.31,107.365,107.31,107.325,1092.0,FRT
2023-01-19 14:06:00,107.43,107.43,107.43,107.43,766.0,FRT
2023-01-19 14:04:00,107.45,107.45,107.35,107.35,1038.0,FRT
2023-01-19 14:02:00,107.39,107.51,107.355,107.51,5010.0,FRT
2023-01-19 14:01:00,107.43,107.45,107.43,107.43,1524.0,FRT
2023-01-19 14:00:00,107.46,107.47,107.46,107.47,2064.0,FRT
2023-01-19 13:59:00,107.46,107.47,107.42,107.42,2015.0,FRT
2023-01-19 13:58:00,107.34,107.39,107.34,107.39,2295.0,FRT
2023-01-19 13:57:00,107.32,107.365,107.32,107.365,382.0,FRT
2023-01-19 13:56:00,107.23,107.32,107.23,107.32,1682.0,FRT
2023-01-19 13:55:00,107.22,107.22,107.21,107.22,713.0,FRT
2023-01-19 13:54:00,107.08,107.19,107.08,107.19,2206.0,FRT
2023-01-19 13:53:00,107.0,107.07,106.97,107.06,4939.0,FRT
2023-01-19 13:49:00,107.16,107.16,107.11,107.11,1101.0,FRT
2023-01-19 13:48:00,107.16,107.215,107.145,107.2,3221.0,FRT
2023-01-19 13:47:00,107.145,107.145,107.145,107.145,867.0,FRT
2023-01-19 13:45:00,107.15,107.15,107.15,107.15,473.0,FRT
2023-01-19 13:44:00,107.2,107.2,107.17,107.17,910.0,FRT
2023-01-19 13:43:00,107.22,107.22,107.22,107.22,355.0,FRT
2023-01-19 13:42:00,107.34,107.365,107.32,107.32,1968.0,FRT
2023-01-19 13:41:00,107.36,107.39,107.32,107.32,3412.0,FRT
2023-01-19 13:40:00,107.3,107.315,107.3,107.315,517.0,FRT
2023-01-19 13:38:00,107.245,107.245,107.245,107.245,503.0,FRT
2023-01-19 13:37:00,107.14,107.23,107.14,107.23,1612.0,FRT
2023-01-19 13:36:00,107.08,107.1,107.08,107.09,1471.0,FRT
2023-01-19 13:35:00,107.05,107.07,107.05,107.065,1696.0,FRT
2023-01-19 13:34:00,107.06,107.06,107.06,107.06,1122.0,FRT
2023-01-19 13:33:00,107.04,107.04,107.015,107.03,712.0,FRT
2023-01-19 13:32:00,107.03,107.03,107.03,107.03,725.0,FRT
2023-01-19 13:31:00,106.96,107.02,106.94,107.02,1661.0,FRT
2023-01-19 13:30:00,106.92,106.92,106.92,106.92,760.0,FRT
2023-01-19 13:29:00,106.92,106.92,106.92,106.92,1069.0,FRT
2023-01-19 13:28:00,106.92,106.92,106.86,106.86,636.0,FRT
2023-01-19 13:27:00,106.95,106.95,106.95,106.95,376.0,FRT
2023-01-19 13:26:00,107.03,107.03,107.0,107.0,1038.0,FRT
2023-01-19 13:25:00,107.05,107.05,107.05,107.05,287.0,FRT
2023-01-19 13:24:00,107.12,107.12,107.06,107.06,1065.0,FRT
2023-01-19 13:23:00,107.16,107.16,107.16,107.16,719.0,FRT
2023-01-19 13:22:00,107.12,107.16,107.12,107.16,974.0,FRT
2023-01-19 13:21:00,107.12,107.12,107.11,107.11,670.0,FRT
2023-01-19 13:20:00,107.1,107.1,107.1,107.1,1085.0,FRT
2023-01-19 13:19:00,107.09,107.11,107.085,107.11,623.0,FRT
2023-01-19 13:18:00,107.09,107.09,107.09,107.09,405.0,FRT
2023-01-19 13:16:00,107.13,107.13,107.13,107.13,530.0,FRT
2023-01-19 13:15:00,107.17,107.17,107.17,107.17,1346.0,FRT
2023-01-19 13:14:00,107.13,107.13,107.13,107.13,431.0,FRT
2023-01-19 13:13:00,107.16,107.16,107.11,107.16,786.0,FRT
2023-01-19 13:11:00,107.22,107.22,107.21,107.21,1033.0,FRT
2023-01-19 13:09:00,107.285,107.33,107.285,107.285,914.0,FRT
2023-01-19 13:08:00,107.31,107.31,107.31,107.31,496.0,FRT
2023-01-19 13:06:00,107.43,107.43,107.37,107.37,1751.0,FRT
2023-01-19 13:04:00,107.36,107.485,107.36,107.485,1499.0,FRT
2023-01-19 13:03:00,107.37,107.37,107.37,107.37,954.0,FRT
2023-01-19 13:02:00,107.335,107.335,107.335,107.335,270.0,FRT
2023-01-19 13:01:00,107.34,107.34,107.33,107.33,754.0,FRT
2023-01-19 13:00:00,107.3025,107.31,107.3025,107.31,466.0,FRT
2023-01-19 12:59:00,107.3,107.3,107.285,107.285,697.0,FRT
2023-01-19 12:58:00,107.28,107.28,107.27,107.27,294.0,FRT
2023-01-19 12:56:00,107.26,107.26,107.26,107.26,422.0,FRT
2023-01-19 12:55:00,107.29,107.29,107.28,107.28,576.0,FRT
2023-01-19 12:54:00,107.33,107.33,107.33,107.33,241.0,FRT
2023-01-19 12:53:00,107.25,107.31,107.25,107.28,1420.0,FRT
2023-01-19 12:52:00,107.26,107.285,107.26,107.26,864.0,FRT
2023-01-19 12:51:00,107.255,107.28,107.255,107.28,489.0,FRT
2023-01-19 12:48:00,107.31,107.31,107.31,107.31,1338.0,FRT
2023-01-19 12:47:00,107.3,107.32,107.3,107.32,1241.0,FRT
2023-01-19 12:46:00,107.22,107.28,107.22,107.28,1830.0,FRT
2023-01-19 12:45:00,107.19,107.19,107.19,107.19,527.0,FRT
2023-01-19 12:43:00,107.19,107.19,107.19,107.19,283.0,FRT
2023-01-19 12:42:00,107.27,107.27,107.22,107.22,959.0,FRT
2023-01-19 12:39:00,107.36,107.36,107.36,107.36,1026.0,FRT
2023-01-19 12:37:00,107.33,107.38,107.32,107.38,2132.0,FRT
2023-01-19 12:36:00,107.26,107.26,107.26,107.26,315.0,FRT
2023-01-19 12:35:00,107.32,107.32,107.31,107.31,760.0,FRT
2023-01-19 12:34:00,107.35,107.35,107.34,107.34,500.0,FRT
2023-01-19 12:33:00,107.33,107.37,107.33,107.37,567.0,FRT
2023-01-19 12:32:00,107.37,107.37,107.37,107.37,909.0,FRT
2023-01-19 12:31:00,107.41,107.41,107.41,107.41,463.0,FRT
2023-01-19 12:29:00,107.37,107.41,107.37,107.41,1098.0,FRT
2023-01-19 12:28:00,107.29,107.32,107.29,107.32,1023.0,FRT
2023-01-19 12:27:00,107.32,107.33,107.295,107.33,845.0,FRT
2023-01-19 12:25:00,107.32,107.32,107.28,107.28,1886.0,FRT
2023-01-19 12:24:00,107.44,107.45,107.39,107.39,1195.0,FRT
2023-01-19 12:23:00,107.44,107.45,107.44,107.45,862.0,FRT
2023-01-19 12:22:00,107.42,107.42,107.42,107.42,509.0,FRT
2023-01-19 12:20:00,107.43,107.43,107.4,107.4,1334.0,FRT
2023-01-19 12:19:00,107.38,107.45,107.38,107.415,1156.0,FRT
2023-01-19 12:17:00,107.375,107.39,107.375,107.39,588.0,FRT
2023-01-19 12:16:00,107.24,107.36,107.24,107.33,2173.0,FRT
2023-01-19 12:15:00,107.14,107.14,107.14,107.14,184.0,FRT
2023-01-19 12:14:00,107.19,107.19,107.19,107.19,329.0,FRT
2023-01-19 12:12:00,107.175,107.1775,107.175,107.175,918.0,FRT
2023-01-19 12:11:00,107.19,107.21,107.19,107.21,842.0,FRT
2023-01-19 12:10:00,107.22,107.23,107.19,107.19,1599.0,FRT
2023-01-19 12:09:00,107.24,107.24,107.1951,107.1951,717.0,FRT
2023-01-19 12:08:00,107.39,107.39,107.32,107.32,1532.0,FRT
2023-01-19 12:07:00,107.44,107.44,107.39,107.435,969.0,FRT
2023-01-19 12:05:00,107.4854,107.4854,107.4854,107.4854,525.0,FRT
2023-01-19 12:04:00,107.52,107.52,107.46,107.51,2435.0,FRT
2023-01-19 12:03:00,107.55,107.55,107.55,107.55,334.0,FRT
2023-01-19 12:02:00,107.45,107.48,107.45,107.48,1324.0,FRT
2023-01-19 12:01:00,107.29,107.41,107.29,107.4,1737.0,FRT
2023-01-19 12:00:00,107.32,107.35,107.32,107.35,613.0,FRT
2023-01-19 11:59:00,107.34,107.34,107.34,107.34,753.0,FRT
2023-01-19 11:57:00,107.33,107.33,107.33,107.33,855.0,FRT
2023-01-19 11:56:00,107.35,107.35,107.34,107.34,948.0,FRT
2023-01-19 11:55:00,107.4,107.4,107.35,107.35,1092.0,FRT
2023-01-19 11:52:00,107.44,107.44,107.39,107.4,1783.0,FRT
2023-01-19 11:50:00,107.31,107.425,107.31,107.425,1458.0,FRT
2023-01-19 11:49:00,107.27,107.31,107.27,107.31,1629.0,FRT
2023-01-19 11:48:00,107.22,107.22,107.22,107.22,580.0,FRT
2023-01-19 11:47:00,107.285,107.29,107.28,107.28,853.0,FRT
2023-01-19 11:46:00,107.38,107.38,107.38,107.38,442.0,FRT
2023-01-19 11:45:00,107.38,107.38,107.38,107.38,133.0,FRT
2023-01-19 11:44:00,107.46,107.46,107.46,107.46,749.0,FRT
2023-01-19 11:43:00,107.49,107.49,107.49,107.49,327.0,FRT
2023-01-19 11:41:00,107.47,107.48,107.47,107.48,1416.0,FRT
2023-01-19 11:39:00,107.41,107.41,107.4,107.4,866.0,FRT
2023-01-19 11:38:00,107.46,107.48,107.43,107.43,1077.0,FRT
2023-01-19 11:37:00,107.46,107.46,107.42,107.42,1382.0,FRT
2023-01-19 11:36:00,107.46,107.47,107.46,107.47,596.0,FRT
2023-01-19 11:35:00,107.55,107.55,107.55,107.55,1488.0,FRT
2023-01-19 11:34:00,107.61,107.61,107.57,107.57,1358.0,FRT
2023-01-19 11:33:00,107.55,107.555,107.53,107.555,1174.0,FRT
2023-01-19 11:32:00,107.53,107.55,107.53,107.53,733.0,FRT
2023-01-19 11:31:00,107.5,107.53,107.5,107.51,1922.0,FRT
2023-01-19 11:30:00,107.51,107.51,107.49,107.49,708.0,FRT
2023-01-19 11:29:00,107.6,107.61,107.58,107.58,2192.0,FRT
2023-01-19 11:28:00,107.625,107.66,107.575,107.58,2465.0,FRT
2023-01-19 11:27:00,107.6,107.6,107.6,107.6,1257.0,FRT
2023-01-19 11:26:00,107.635,107.635,107.635,107.635,324.0,FRT
2023-01-19 11:25:00,107.62,107.64,107.6,107.605,2640.0,FRT
2023-01-19 11:24:00,107.735,107.785,107.62,107.62,2628.0,FRT
2023-01-19 11:22:00,107.83,107.83,107.775,107.775,2160.0,FRT
2023-01-19 11:21:00,107.82,107.86,107.81,107.85,1573.0,FRT
2023-01-19 11:20:00,107.83,107.83,107.8253,107.8253,808.0,FRT
2023-01-19 11:17:00,107.83,107.83,107.82,107.82,597.0,FRT
2023-01-19 11:16:00,107.83,107.835,107.83,107.835,802.0,FRT
2023-01-19 11:15:00,107.85,107.85,107.74,107.74,819.0,FRT
2023-01-19 11:14:00,107.965,107.965,107.965,107.965,234.0,FRT
2023-01-19 11:13:00,107.99,108.04,107.99,108.01,1433.0,FRT
2023-01-19 11:11:00,107.95,107.99,107.95,107.99,703.0,FRT
2023-01-19 11:10:00,107.8568,107.93,107.8568,107.91,2250.0,FRT
2023-01-19 11:09:00,107.89,107.89,107.87,107.875,1267.0,FRT
2023-01-19 11:08:00,107.79,107.79,107.79,107.79,263.0,FRT
2023-01-19 11:05:00,107.9,107.9,107.9,107.9,1013.0,FRT
2023-01-19 11:04:00,108.0,108.0,107.94,107.94,980.0,FRT
2023-01-19 11:02:00,107.93,107.93,107.93,107.93,219.0,FRT
2023-01-19 11:01:00,107.9162,107.96,107.9162,107.93,496.0,FRT
2023-01-19 11:00:00,107.965,107.965,107.965,107.965,180.0,FRT
2023-01-19 10:57:00,107.94,107.94,107.94,107.94,1128.0,FRT
2023-01-19 10:56:00,107.81,108.0,107.81,107.97,1814.0,FRT
2023-01-19 10:52:00,107.81,107.86,107.81,107.855,1647.0,FRT
2023-01-19 10:51:00,107.94,107.94,107.94,107.94,881.0,FRT
2023-01-19 10:50:00,107.9875,107.9875,107.9875,107.9875,263.0,FRT
2023-01-19 10:49:00,108.02,108.02,107.99,107.99,715.0,FRT
2023-01-19 10:48:00,108.07,108.07,108.04,108.04,747.0,FRT
2023-01-19 10:47:00,108.04,108.04,108.0,108.0,1755.0,FRT
2023-01-19 10:46:00,108.09,108.09,108.07,108.07,1356.0,FRT
2023-01-19 10:45:00,108.09,108.105,108.08,108.09,507.0,FRT
2023-01-19 10:44:00,108.21,108.21,108.17,108.17,1186.0,FRT
2023-01-19 10:42:00,108.25,108.27,108.25,108.265,1706.0,FRT
2023-01-19 10:41:00,108.27,108.32,108.27,108.32,651.0,FRT
2023-01-19 10:40:00,108.21,108.21,108.16,108.18,2107.0,FRT
2023-01-19 10:38:00,108.23,108.23,108.23,108.23,371.0,FRT
2023-01-19 10:37:00,108.35,108.35,108.2975,108.31,1383.0,FRT
2023-01-19 10:36:00,108.31,108.31,108.31,108.31,1017.0,FRT
2023-01-19 10:35:00,108.31,108.355,108.31,108.355,461.0,FRT
2023-01-19 10:33:00,108.214,108.29,108.19,108.29,2797.0,FRT
2023-01-19 10:32:00,108.34,108.34,108.2,108.2,550.0,FRT
2023-01-19 10:31:00,108.4,108.445,108.37,108.385,1324.0,FRT
2023-01-19 10:30:00,108.46,108.46,108.445,108.445,1117.0,FRT
2023-01-19 10:29:00,108.46,108.46,108.365,108.365,853.0,FRT
2023-01-19 10:28:00,108.46,108.46,108.43,108.46,1708.0,FRT
2023-01-19 10:26:00,108.435,108.47,108.4247,108.47,1178.0,FRT
2023-01-19 10:25:00,108.535,108.535,108.49,108.535,979.0,FRT
2023-01-19 10:23:00,108.63,108.63,108.54,108.54,1243.0,FRT
2023-01-19 10:22:00,108.68,108.68,108.68,108.68,440.0,FRT
2023-01-19 10:21:00,108.76,108.76,108.76,108.76,242.0,FRT
2023-01-19 10:20:00,108.81,108.87,108.78,108.82,4026.0,FRT
2023-01-19 10:17:00,109.01,109.01,109.01,109.01,246.0,FRT
2023-01-19 10:14:00,108.87,109.04,108.87,109.04,1171.0,FRT
2023-01-19 10:13:00,108.995,108.995,108.825,108.855,1609.0,FRT
2023-01-19 10:12:00,109.17,109.19,109.0,109.0,2977.0,FRT
2023-01-19 10:11:00,109.11,109.244,109.1,109.244,854.0,FRT
2023-01-19 10:10:00,109.28,109.28,109.28,109.28,193.0,FRT
2023-01-19 10:07:00,109.1,109.1,109.1,109.1,291.0,FRT
2023-01-19 10:04:00,109.045,109.045,108.93,108.93,1376.0,FRT
2023-01-19 10:03:00,108.82,109.005,108.8,109.005,1295.0,FRT
2023-01-19 10:01:00,108.89,108.89,108.89,108.89,216.0,FRT
2023-01-19 10:00:00,108.87,108.885,108.845,108.885,1249.0,FRT
2023-01-19 09:59:00,108.84,108.955,108.82,108.8905,1269.0,FRT
2023-01-19 09:58:00,108.7,108.83,108.7,108.83,1152.0,FRT
2023-01-19 09:57:00,108.62,108.62,108.62,108.62,294.0,FRT
2023-01-19 09:56:00,108.63,108.63,108.63,108.63,145.0,FRT
2023-01-19 09:54:00,108.79,108.85,108.695,108.695,1795.0,FRT
2023-01-19 09:53:00,108.75,108.75,108.68,108.7,822.0,FRT
2023-01-19 09:52:00,108.65,108.77,108.65,108.77,508.0,FRT
2023-01-19 09:50:00,108.41,108.42,108.41,108.42,633.0,FRT
2023-01-19 09:49:00,108.42,108.42,108.42,108.42,649.0,FRT
2023-01-19 09:48:00,108.445,108.445,108.445,108.445,500.0,FRT
2023-01-19 09:46:00,108.45,108.45,108.45,108.45,872.0,FRT
2023-01-19 09:45:00,108.34,108.405,108.34,108.405,1215.0,FRT
2023-01-19 09:44:00,108.474,108.474,108.42,108.42,442.0,FRT
2023-01-19 09:43:00,108.53,108.6,108.528,108.528,664.0,FRT
2023-01-19 09:42:00,108.16,108.16,108.16,108.16,435.0,FRT
2023-01-19 09:41:00,108.39,108.39,108.19,108.19,516.0,FRT
2023-01-19 09:40:00,107.88,108.18,107.865,108.18,1176.0,FRT
2023-01-19 09:39:00,108.0,108.0,108.0,108.0,134.0,FRT
2023-01-19 09:38:00,107.925,107.95,107.925,107.95,1744.0,FRT
2023-01-19 09:37:00,107.805,108.02,107.805,107.925,450.0,FRT
2023-01-19 09:36:00,107.805,108.05,107.805,108.05,385.0,FRT
2023-01-19 09:35:00,108.27,108.27,107.81,107.81,552.0,FRT
2023-01-19 09:34:00,107.91,108.17,107.91,108.17,1122.0,FRT
2023-01-19 09:33:00,107.2,107.2,107.2,107.2,309.0,FRT
2023-01-19 09:32:00,107.74,107.74,107.55,107.55,534.0,FRT
2023-01-19 09:31:00,107.79,108.26,107.79,108.26,2668.0,FRT
