date,1. open,2. high,3. low,4. close,5. volume,Ticker
2023-03-17 16:04:00,183.64,183.64,183.64,183.64,519.0,MORN
2023-03-17 16:03:00,183.64,183.64,183.64,183.64,957.0,MORN
2023-03-17 16:02:00,183.64,183.64,183.64,183.64,2883.0,MORN
2023-03-17 16:00:00,183.43,183.59,183.43,183.59,5332.0,MORN
2023-03-17 15:59:00,183.61,183.61,183.43,183.505,1143.0,MORN
2023-03-17 15:58:00,183.25,183.73,183.218,183.43,7111.0,MORN
2023-03-17 15:57:00,183.39,183.39,183.255,183.32,3639.0,MORN
2023-03-17 15:56:00,183.44,183.46,183.4,183.46,1503.0,MORN
2023-03-17 15:55:00,182.865,183.09,182.865,183.038,2299.0,MORN
2023-03-17 15:53:00,183.06,183.18,183.06,183.18,496.0,MORN
2023-03-17 15:52:00,182.88,183.09,182.88,183.09,1871.0,MORN
2023-03-17 15:51:00,182.395,182.89,182.395,182.58,1714.0,MORN
2023-03-17 15:47:00,183.38,183.38,183.22,183.22,522.0,MORN
2023-03-17 15:45:00,183.14,183.14,183.14,183.14,309.0,MORN
2023-03-17 15:43:00,182.91,182.91,182.91,182.91,156.0,MORN
2023-03-17 15:42:00,183.3,183.3,183.02,183.02,2910.0,MORN
2023-03-17 15:40:00,183.23,183.23,183.125,183.125,292.0,MORN
2023-03-17 15:36:00,183.25,183.4325,183.235,183.4325,638.0,MORN
2023-03-17 15:31:00,182.67,182.91,182.67,182.91,4261.0,MORN
2023-03-17 15:29:00,182.81,182.81,182.81,182.81,143.0,MORN
2023-03-17 15:26:00,182.99,182.99,182.93,182.93,826.0,MORN
2023-03-17 15:25:00,183.06,183.06,183.06,183.06,202.0,MORN
2023-03-17 15:22:00,182.76,182.76,182.745,182.745,242.0,MORN
2023-03-17 15:21:00,182.315,182.6,182.3075,182.6,1231.0,MORN
2023-03-17 15:18:00,182.035,182.035,182.035,182.035,124.0,MORN
2023-03-17 15:15:00,181.8201,182.185,181.8201,182.185,406.0,MORN
2023-03-17 15:14:00,182.06,182.06,182.06,182.06,616.0,MORN
2023-03-17 15:07:00,181.65,181.71,181.65,181.71,279.0,MORN
2023-03-17 15:05:00,181.655,181.655,181.655,181.655,112.0,MORN
2023-03-17 15:02:00,181.91,181.91,181.91,181.91,448.0,MORN
2023-03-17 14:58:00,181.89,182.165,181.89,182.165,403.0,MORN
2023-03-17 14:57:00,181.8,181.8,181.8,181.8,207.0,MORN
2023-03-17 14:53:00,181.21,181.21,181.21,181.21,242.0,MORN
2023-03-17 14:52:00,181.28,181.28,181.28,181.28,244.0,MORN
2023-03-17 14:51:00,181.43,181.43,181.43,181.43,182.0,MORN
2023-03-17 14:45:00,181.34,181.605,181.34,181.605,410.0,MORN
2023-03-17 14:42:00,181.64,181.64,181.34,181.34,803.0,MORN
2023-03-17 14:41:00,181.7775,181.7775,181.7775,181.7775,156.0,MORN
2023-03-17 14:40:00,181.505,181.505,181.505,181.505,111.0,MORN
2023-03-17 14:33:00,181.67,181.67,181.67,181.67,477.0,MORN
2023-03-17 14:32:00,181.495,181.495,181.495,181.495,113.0,MORN
2023-03-17 14:27:00,181.55,181.55,181.5425,181.5425,226.0,MORN
2023-03-17 14:25:00,181.92,181.92,181.92,181.92,272.0,MORN
2023-03-17 14:21:00,182.03,182.03,182.03,182.03,106.0,MORN
2023-03-17 14:19:00,182.065,182.065,182.065,182.065,201.0,MORN
2023-03-17 14:17:00,181.975,181.975,181.975,181.975,100.0,MORN
2023-03-17 14:12:00,182.145,182.145,182.145,182.145,708.0,MORN
2023-03-17 14:06:00,183.11,183.11,183.11,183.11,111.0,MORN
2023-03-17 13:59:00,182.91,182.91,182.515,182.515,838.0,MORN
2023-03-17 13:56:00,183.65,183.65,183.085,183.085,919.0,MORN
2023-03-17 13:55:00,183.86,183.86,183.64,183.64,590.0,MORN
2023-03-17 13:54:00,183.82,183.82,183.82,183.82,101.0,MORN
2023-03-17 13:53:00,183.75,183.75,183.75,183.75,114.0,MORN
2023-03-17 13:47:00,183.63,183.63,183.445,183.445,211.0,MORN
2023-03-17 13:44:00,183.49,183.49,183.49,183.49,121.0,MORN
2023-03-17 13:42:00,182.79,182.79,182.79,182.79,725.0,MORN
2023-03-17 13:40:00,183.26,183.26,182.965,182.965,203.0,MORN
2023-03-17 13:37:00,182.8642,182.8642,182.8642,182.8642,290.0,MORN
2023-03-17 13:33:00,183.56,183.56,183.56,183.56,139.0,MORN
2023-03-17 13:30:00,183.5499,183.5499,183.5499,183.5499,133.0,MORN
2023-03-17 13:22:00,182.94,182.94,182.94,182.94,238.0,MORN
2023-03-17 13:20:00,182.2,182.34,182.2,182.34,610.0,MORN
2023-03-17 13:19:00,182.145,182.145,182.145,182.145,111.0,MORN
2023-03-17 13:17:00,182.345,182.345,182.345,182.345,203.0,MORN
2023-03-17 13:16:00,182.45,182.45,182.45,182.45,280.0,MORN
2023-03-17 13:08:00,182.0,182.0,182.0,182.0,199.0,MORN
2023-03-17 13:06:00,181.59,181.59,181.59,181.59,453.0,MORN
2023-03-17 13:04:00,181.56,181.56,181.56,181.56,115.0,MORN
2023-03-17 13:02:00,181.47,181.47,181.47,181.47,261.0,MORN
2023-03-17 13:00:00,181.42,181.42,181.42,181.42,246.0,MORN
2023-03-17 12:59:00,181.42,181.42,181.42,181.42,130.0,MORN
2023-03-17 12:57:00,181.44,181.44,181.4,181.4,404.0,MORN
2023-03-17 12:54:00,181.77,181.77,181.575,181.575,1087.0,MORN
2023-03-17 12:51:00,182.195,182.195,182.195,182.195,199.0,MORN
2023-03-17 12:50:00,181.89,181.89,181.89,181.89,126.0,MORN
2023-03-17 12:49:00,181.895,181.895,181.895,181.895,199.0,MORN
2023-03-17 12:48:00,181.83,181.94,181.78,181.94,446.0,MORN
2023-03-17 12:45:00,181.89,181.89,181.5,181.5,370.0,MORN
2023-03-17 12:42:00,182.32,182.32,182.32,182.32,167.0,MORN
2023-03-17 12:41:00,182.37,182.37,182.37,182.37,222.0,MORN
2023-03-17 12:38:00,182.51,182.51,182.51,182.51,226.0,MORN
2023-03-17 12:37:00,182.55,182.55,182.55,182.55,502.0,MORN
2023-03-17 12:34:00,183.0401,183.0401,183.0401,183.0401,196.0,MORN
2023-03-17 12:28:00,182.81,182.81,182.81,182.81,399.0,MORN
2023-03-17 12:24:00,182.53,182.53,182.53,182.53,212.0,MORN
2023-03-17 12:17:00,183.43,183.43,183.43,183.43,128.0,MORN
2023-03-17 12:11:00,183.885,183.885,183.885,183.885,112.0,MORN
2023-03-17 12:10:00,183.42,183.42,183.42,183.42,559.0,MORN
2023-03-17 12:09:00,183.09,183.28,183.09,183.28,201.0,MORN
2023-03-17 12:07:00,183.08,183.08,183.08,183.08,100.0,MORN
2023-03-17 12:01:00,182.98,182.98,182.98,182.98,596.0,MORN
2023-03-17 11:57:00,183.09,183.09,183.09,183.09,157.0,MORN
2023-03-17 11:52:00,183.28,183.28,183.28,183.28,539.0,MORN
2023-03-17 11:51:00,182.4901,182.4901,182.4901,182.4901,203.0,MORN
2023-03-17 11:49:00,182.9,182.9,182.9,182.9,100.0,MORN
2023-03-17 11:48:00,182.715,182.75,182.715,182.75,244.0,MORN
2023-03-17 11:46:00,183.06,183.06,182.66,182.66,550.0,MORN
2023-03-17 11:44:00,183.42,183.42,183.33,183.33,1115.0,MORN
2023-03-17 11:23:00,184.1,184.25,184.08,184.19,5385.0,MORN
2023-03-17 11:21:00,183.835,184.17,183.835,184.17,244.0,MORN
2023-03-17 11:20:00,183.835,183.835,183.835,183.835,143.0,MORN
2023-03-17 11:16:00,183.96,183.96,183.96,183.96,101.0,MORN
2023-03-17 11:15:00,183.86,183.86,183.86,183.86,499.0,MORN
2023-03-17 11:14:00,184.0,184.07,184.0,184.035,1050.0,MORN
2023-03-17 11:12:00,184.35,184.35,183.96,183.96,703.0,MORN
2023-03-17 10:53:00,185.2,185.2,185.2,185.2,861.0,MORN
2023-03-17 10:52:00,185.32,185.32,185.32,185.32,207.0,MORN
2023-03-17 10:51:00,185.22,185.22,185.22,185.22,137.0,MORN
2023-03-17 10:48:00,185.12,185.2,184.77,185.2,381.0,MORN
2023-03-17 10:46:00,185.2,185.2,185.2,185.2,164.0,MORN
2023-03-17 10:45:00,185.2,185.2,185.2,185.2,154.0,MORN
2023-03-17 10:28:00,185.0,185.0,185.0,185.0,121.0,MORN
2023-03-17 10:20:00,185.355,185.355,185.355,185.355,124.0,MORN
2023-03-17 10:11:00,185.97,185.97,185.97,185.97,106.0,MORN
2023-03-17 10:10:00,185.74,185.74,185.52,185.52,337.0,MORN
2023-03-17 10:09:00,185.93,185.93,185.93,185.93,243.0,MORN
2023-03-17 09:58:00,184.8286,184.8286,184.8286,184.8286,189.0,MORN
2023-03-17 09:56:00,186.27,186.27,186.27,186.27,101.0,MORN
2023-03-17 09:46:00,185.055,185.055,185.055,185.055,225.0,MORN
2023-03-17 09:38:00,185.76,185.76,185.76,185.76,402.0,MORN
2023-03-17 09:36:00,185.14,185.14,185.14,185.14,284.0,MORN
2023-03-17 09:31:00,185.38,185.38,185.38,185.38,1462.0,MORN
2023-03-16 16:01:00,186.2,186.2,186.2,186.2,589.0,MORN
2023-03-16 16:00:00,186.42,186.42,185.82,185.93,3751.0,MORN
2023-03-16 15:59:00,186.605,186.615,186.43,186.43,2842.0,MORN
2023-03-16 15:58:00,186.46,186.46,186.46,186.46,940.0,MORN
2023-03-16 15:57:00,185.87,186.19,185.87,186.19,1706.0,MORN
2023-03-16 15:56:00,185.96,185.96,185.91,185.91,765.0,MORN
2023-03-16 15:55:00,185.93,185.93,185.89,185.89,1806.0,MORN
2023-03-16 15:54:00,185.96,185.96,185.96,185.96,228.0,MORN
2023-03-16 15:53:00,185.8,185.865,185.8,185.865,520.0,MORN
2023-03-16 15:51:00,186.09,186.1,185.86,185.86,6349.0,MORN
2023-03-16 15:50:00,186.09,186.17,186.05,186.11,3250.0,MORN
2023-03-16 15:49:00,185.85,186.14,185.85,186.14,2088.0,MORN
2023-03-16 15:48:00,186.3,186.3,186.245,186.245,1454.0,MORN
2023-03-16 15:47:00,186.39,186.39,186.31,186.31,676.0,MORN
2023-03-16 15:46:00,186.38,186.39,186.29,186.29,3114.0,MORN
2023-03-16 15:45:00,186.42,186.54,186.38,186.54,1617.0,MORN
2023-03-16 15:44:00,186.39,186.39,186.39,186.39,641.0,MORN
2023-03-16 15:43:00,186.39,186.39,186.39,186.39,573.0,MORN
2023-03-16 15:41:00,186.29,186.39,186.29,186.39,832.0,MORN
2023-03-16 15:38:00,186.05,186.05,186.05,186.05,623.0,MORN
2023-03-16 15:35:00,186.39,186.39,186.39,186.39,133.0,MORN
2023-03-16 15:33:00,186.24,186.45,186.24,186.45,847.0,MORN
2023-03-16 15:32:00,186.17,186.17,186.16,186.16,1364.0,MORN
2023-03-16 15:30:00,186.5,186.51,186.5,186.51,756.0,MORN
2023-03-16 15:29:00,186.5,186.5,186.44,186.44,774.0,MORN
2023-03-16 15:27:00,186.36,186.36,186.36,186.36,223.0,MORN
2023-03-16 15:26:00,186.5,186.68,186.5,186.68,258.0,MORN
2023-03-16 15:18:00,186.42,186.42,186.42,186.42,682.0,MORN
2023-03-16 15:15:00,186.19,186.19,186.07,186.07,855.0,MORN
2023-03-16 15:14:00,186.2,186.2,186.2,186.2,568.0,MORN
2023-03-16 15:07:00,186.34,186.34,186.34,186.34,201.0,MORN
2023-03-16 15:06:00,186.2,186.2,186.2,186.2,388.0,MORN
2023-03-16 15:04:00,186.32,186.32,186.32,186.32,702.0,MORN
2023-03-16 15:02:00,186.36,186.36,186.36,186.36,139.0,MORN
2023-03-16 15:01:00,186.3,186.3,186.3,186.3,411.0,MORN
2023-03-16 14:56:00,186.585,186.585,186.585,186.585,112.0,MORN
2023-03-16 14:51:00,186.46,186.54,186.46,186.47,707.0,MORN
2023-03-16 14:37:00,186.36,186.36,186.36,186.36,324.0,MORN
2023-03-16 14:36:00,186.36,186.42,186.36,186.42,288.0,MORN
2023-03-16 14:28:00,186.36,186.36,186.36,186.36,490.0,MORN
2023-03-16 14:27:00,186.16,186.16,186.16,186.16,196.0,MORN
2023-03-16 14:26:00,186.1,186.1,186.1,186.1,171.0,MORN
2023-03-16 14:23:00,186.0025,186.0025,186.0025,186.0025,431.0,MORN
2023-03-16 14:22:00,186.0688,186.0688,186.0688,186.0688,379.0,MORN
2023-03-16 14:16:00,186.54,186.54,186.54,186.54,289.0,MORN
2023-03-16 14:15:00,186.54,186.56,186.54,186.54,578.0,MORN
2023-03-16 14:13:00,186.43,186.43,186.43,186.43,582.0,MORN
2023-03-16 14:10:00,186.66,186.66,186.66,186.66,225.0,MORN
2023-03-16 14:08:00,186.57,186.57,186.57,186.57,180.0,MORN
2023-03-16 14:00:00,187.005,187.13,186.89,187.13,374.0,MORN
2023-03-16 13:59:00,186.92,187.07,186.92,187.05,499.0,MORN
2023-03-16 13:58:00,186.92,187.08,186.86,186.86,693.0,MORN
2023-03-16 13:57:00,187.13,187.13,187.05,187.05,618.0,MORN
2023-03-16 13:56:00,187.1659,187.1659,187.1659,187.1659,182.0,MORN
2023-03-16 13:53:00,186.635,186.65,186.635,186.65,351.0,MORN
2023-03-16 13:52:00,186.71,186.71,186.635,186.64,437.0,MORN
2023-03-16 13:51:00,187.07,187.24,186.795,186.795,1447.0,MORN
2023-03-16 13:50:00,187.21,187.21,187.21,187.21,269.0,MORN
2023-03-16 13:48:00,187.2,187.2,187.2,187.2,111.0,MORN
2023-03-16 13:46:00,187.515,187.515,187.515,187.515,139.0,MORN
2023-03-16 13:44:00,187.6,187.6,187.235,187.24,339.0,MORN
2023-03-16 13:42:00,187.45,187.45,187.45,187.45,543.0,MORN
2023-03-16 13:41:00,187.27,187.27,187.27,187.27,146.0,MORN
2023-03-16 13:40:00,186.97,186.97,186.97,186.97,120.0,MORN
2023-03-16 13:39:00,187.1,187.205,187.1,187.205,213.0,MORN
2023-03-16 13:37:00,186.99,187.0,186.99,187.0,297.0,MORN
2023-03-16 13:36:00,187.52,187.52,187.275,187.275,447.0,MORN
2023-03-16 13:32:00,187.57,187.57,187.57,187.57,122.0,MORN
2023-03-16 13:29:00,187.675,187.69,187.675,187.69,428.0,MORN
2023-03-16 13:25:00,188.4,188.4,188.06,188.06,690.0,MORN
2023-03-16 13:16:00,188.67,188.73,188.67,188.73,884.0,MORN
2023-03-16 13:14:00,188.975,188.975,188.975,188.975,188.0,MORN
2023-03-16 12:57:00,188.26,188.46,188.26,188.46,228.0,MORN
2023-03-16 12:51:00,187.45,187.65,187.45,187.495,1072.0,MORN
2023-03-16 12:50:00,187.21,187.21,187.21,187.21,236.0,MORN
2023-03-16 12:44:00,187.145,187.145,187.145,187.145,200.0,MORN
2023-03-16 12:43:00,187.145,187.145,187.145,187.145,221.0,MORN
2023-03-16 12:40:00,187.28,187.28,187.28,187.28,125.0,MORN
2023-03-16 12:37:00,187.17,187.17,187.17,187.17,150.0,MORN
2023-03-16 12:36:00,187.26,187.26,187.2,187.2,262.0,MORN
2023-03-16 12:35:00,187.53,187.53,187.39,187.39,739.0,MORN
2023-03-16 12:28:00,188.33,188.33,188.0,188.0,231.0,MORN
2023-03-16 12:14:00,187.23,187.23,187.23,187.23,212.0,MORN
2023-03-16 12:13:00,187.75,187.75,187.75,187.75,359.0,MORN
2023-03-16 12:03:00,188.35,188.35,188.35,188.35,181.0,MORN
2023-03-16 12:01:00,188.5175,188.5175,188.5175,188.5175,120.0,MORN
2023-03-16 11:57:00,189.06,189.075,188.96,188.96,502.0,MORN
2023-03-16 11:56:00,188.99,188.99,188.99,188.99,332.0,MORN
2023-03-16 11:54:00,188.94,188.99,188.94,188.99,809.0,MORN
2023-03-16 11:53:00,188.88,188.89,188.88,188.89,284.0,MORN
2023-03-16 11:50:00,188.99,188.99,188.8,188.8,1465.0,MORN
2023-03-16 11:47:00,188.96,188.96,188.96,188.96,139.0,MORN
2023-03-16 11:45:00,188.99,188.99,188.99,188.99,359.0,MORN
2023-03-16 11:39:00,189.1,189.1,188.71,188.81,1116.0,MORN
2023-03-16 11:33:00,189.46,189.46,189.46,189.46,153.0,MORN
2023-03-16 11:29:00,189.78,189.78,189.78,189.78,150.0,MORN
2023-03-16 11:28:00,190.22,190.22,190.22,190.22,174.0,MORN
2023-03-16 11:26:00,189.395,189.395,189.395,189.395,186.0,MORN
2023-03-16 11:21:00,189.1,189.1,189.1,189.1,216.0,MORN
2023-03-16 11:20:00,188.65,189.2,188.65,189.2,245.0,MORN
2023-03-16 11:17:00,189.24,189.24,188.5,188.6,1439.0,MORN
2023-03-16 11:10:00,187.84,187.84,187.84,187.84,112.0,MORN
2023-03-16 11:08:00,189.13,189.13,189.13,189.13,152.0,MORN
2023-03-16 10:51:00,187.5,187.5,187.5,187.5,112.0,MORN
2023-03-16 10:50:00,186.9912,186.9912,186.9912,186.9912,159.0,MORN
2023-03-16 10:49:00,186.58,186.58,186.58,186.58,565.0,MORN
2023-03-16 10:47:00,185.5,185.86,185.5,185.86,992.0,MORN
2023-03-16 10:46:00,185.55,185.55,185.5,185.5,906.0,MORN
2023-03-16 10:44:00,185.18,185.255,185.03,185.255,1140.0,MORN
2023-03-16 10:42:00,185.5,185.5,185.5,185.5,233.0,MORN
2023-03-16 10:37:00,185.5,185.5,185.5,185.5,1338.0,MORN
2023-03-16 10:36:00,185.5,185.53,185.49,185.49,643.0,MORN
2023-03-16 10:34:00,185.67,185.67,185.67,185.67,122.0,MORN
2023-03-16 10:27:00,185.08,185.75,185.08,185.75,1413.0,MORN
2023-03-16 10:26:00,185.0,185.06,185.0,185.06,1060.0,MORN
2023-03-16 10:25:00,185.0,185.0,184.67,184.765,2915.0,MORN
2023-03-16 10:24:00,185.0,185.355,184.995,185.0,5103.0,MORN
2023-03-16 10:21:00,185.04,185.04,185.04,185.04,189.0,MORN
2023-03-16 10:20:00,184.59,184.66,184.59,184.66,708.0,MORN
2023-03-16 10:10:00,184.68,184.68,184.68,184.68,106.0,MORN
2023-03-16 10:06:00,184.4,184.4,184.4,184.4,277.0,MORN
2023-03-16 10:05:00,184.6,184.6,184.6,184.6,123.0,MORN
2023-03-16 10:04:00,184.97,185.05,184.79,184.86,962.0,MORN
2023-03-16 10:03:00,184.845,184.845,184.64,184.675,316.0,MORN
2023-03-16 10:02:00,184.75,184.75,184.75,184.75,346.0,MORN
2023-03-16 09:59:00,184.89,185.04,184.73,184.73,670.0,MORN
2023-03-16 09:58:00,185.0,185.295,185.0,185.0,1578.0,MORN
2023-03-16 09:50:00,184.62,184.63,184.62,184.63,882.0,MORN
2023-03-16 09:49:00,184.585,184.585,184.585,184.585,131.0,MORN
2023-03-16 09:47:00,184.63,184.63,184.57,184.57,402.0,MORN
2023-03-16 09:46:00,185.47,185.48,185.0,185.48,493.0,MORN
2023-03-16 09:45:00,185.0,185.49,185.0,185.49,402.0,MORN
2023-03-16 09:33:00,184.4,184.4,183.01,183.01,205.0,MORN
2023-03-16 09:31:00,183.69,189.89,183.69,184.985,1750.0,MORN
2023-03-15 16:21:00,183.79,183.79,183.79,183.79,200.0,MORN
2023-03-15 16:00:00,183.81,183.89,183.39,183.79,10149.0,MORN
2023-03-15 15:59:00,184.205,184.205,183.94,183.94,3724.0,MORN
2023-03-15 15:58:00,183.83,183.99,183.76,183.95,4720.0,MORN
2023-03-15 15:57:00,184.21,184.21,183.865,183.865,544.0,MORN
2023-03-15 15:56:00,183.45,183.53,183.45,183.47,1414.0,MORN
2023-03-15 15:55:00,183.43,184.19,183.36,183.7,13803.0,MORN
2023-03-15 15:54:00,183.3,183.66,183.3,183.66,355.0,MORN
2023-03-15 15:52:00,183.31,183.31,183.295,183.295,314.0,MORN
2023-03-15 15:51:00,183.06,183.06,183.06,183.06,245.0,MORN
2023-03-15 15:50:00,182.78,182.8,182.67,182.765,774.0,MORN
2023-03-15 15:49:00,182.8,182.8,182.8,182.8,867.0,MORN
2023-03-15 15:48:00,182.9,183.18,182.9,182.96,440.0,MORN
2023-03-15 15:47:00,182.97,182.97,182.97,182.97,198.0,MORN
2023-03-15 15:45:00,182.1972,182.98,182.1972,182.925,622.0,MORN
2023-03-15 15:44:00,182.12,182.25,182.12,182.25,736.0,MORN
2023-03-15 15:43:00,182.07,182.07,182.0,182.0,1387.0,MORN
2023-03-15 15:42:00,182.2,182.28,182.16,182.16,976.0,MORN
2023-03-15 15:40:00,182.36,182.545,182.36,182.48,567.0,MORN
2023-03-15 15:39:00,182.38,182.38,182.38,182.38,688.0,MORN
2023-03-15 15:37:00,182.79,182.79,182.72,182.72,305.0,MORN
2023-03-15 15:35:00,182.88,182.88,182.57,182.63,1628.0,MORN
2023-03-15 15:34:00,182.9,182.9,182.84,182.84,218.0,MORN
2023-03-15 15:33:00,182.92,183.05,182.69,182.92,2034.0,MORN
2023-03-15 15:32:00,183.26,183.26,183.23,183.24,1281.0,MORN
2023-03-15 15:31:00,183.47,183.47,183.47,183.47,151.0,MORN
2023-03-15 15:29:00,183.505,183.505,183.505,183.505,137.0,MORN
2023-03-15 15:28:00,183.37,183.505,183.09,183.505,2746.0,MORN
2023-03-15 15:27:00,183.17,183.47,183.09,183.47,538.0,MORN
2023-03-15 15:26:00,183.22,183.22,183.22,183.22,397.0,MORN
2023-03-15 15:25:00,183.51,183.51,183.51,183.51,388.0,MORN
2023-03-15 15:24:00,183.57,183.57,183.57,183.57,306.0,MORN
2023-03-15 15:22:00,183.81,183.81,183.53,183.53,674.0,MORN
2023-03-15 15:21:00,183.14,183.14,183.14,183.14,293.0,MORN
2023-03-15 15:20:00,183.34,183.36,183.3,183.3,868.0,MORN
2023-03-15 15:19:00,183.64,183.64,183.64,183.64,100.0,MORN
2023-03-15 15:16:00,183.42,183.42,183.42,183.42,267.0,MORN
2023-03-15 15:15:00,183.21,183.21,183.21,183.21,102.0,MORN
2023-03-15 15:10:00,183.46,183.46,183.26,183.26,1266.0,MORN
2023-03-15 15:08:00,183.69,183.73,183.59,183.59,906.0,MORN
2023-03-15 15:07:00,183.34,183.34,183.34,183.34,535.0,MORN
2023-03-15 15:04:00,183.64,183.64,183.64,183.64,333.0,MORN
2023-03-15 15:03:00,183.92,183.95,183.785,183.785,1102.0,MORN
2023-03-15 15:02:00,183.9,183.96,183.9,183.96,428.0,MORN
2023-03-15 15:00:00,183.865,183.865,183.865,183.865,133.0,MORN
2023-03-15 14:56:00,183.62,183.62,183.62,183.62,103.0,MORN
2023-03-15 14:55:00,183.59,183.62,183.59,183.62,211.0,MORN
2023-03-15 14:54:00,183.605,183.605,183.605,183.605,153.0,MORN
2023-03-15 14:53:00,183.5,183.5,183.5,183.5,102.0,MORN
2023-03-15 14:52:00,183.08,183.25,183.08,183.24,476.0,MORN
2023-03-15 14:51:00,183.05,183.05,183.05,183.05,324.0,MORN
2023-03-15 14:48:00,183.49,183.49,183.49,183.49,103.0,MORN
2023-03-15 14:46:00,183.3,183.3,183.27,183.27,334.0,MORN
2023-03-15 14:45:00,183.48,183.48,183.48,183.48,341.0,MORN
2023-03-15 14:41:00,183.67,183.67,183.67,183.67,457.0,MORN
2023-03-15 14:39:00,183.93,183.93,183.93,183.93,650.0,MORN
2023-03-15 14:38:00,183.9375,183.9375,183.92,183.93,602.0,MORN
2023-03-15 14:32:00,184.26,184.26,184.015,184.015,305.0,MORN
2023-03-15 14:27:00,183.0,183.0,183.0,183.0,2420.0,MORN
2023-03-15 14:26:00,183.24,183.24,183.14,183.14,680.0,MORN
2023-03-15 14:25:00,183.26,183.26,183.26,183.26,529.0,MORN
2023-03-15 14:20:00,182.55,182.55,182.55,182.55,523.0,MORN
2023-03-15 14:19:00,182.52,182.52,182.52,182.52,356.0,MORN
2023-03-15 14:16:00,182.74,182.74,182.43,182.43,588.0,MORN
2023-03-15 14:15:00,182.92,182.92,182.92,182.92,114.0,MORN
2023-03-15 14:13:00,182.82,182.82,182.8,182.8,205.0,MORN
2023-03-15 14:00:00,183.14,183.14,182.9301,182.9301,804.0,MORN
2023-03-15 13:58:00,183.42,183.42,183.42,183.42,378.0,MORN
2023-03-15 13:57:00,183.74,183.74,183.74,183.74,105.0,MORN
2023-03-15 13:54:00,183.7,183.7,183.7,183.7,146.0,MORN
2023-03-15 13:52:00,183.47,183.48,183.47,183.48,1276.0,MORN
2023-03-15 13:51:00,183.52,183.52,183.52,183.52,177.0,MORN
2023-03-15 13:50:00,182.675,182.675,182.675,182.675,191.0,MORN
2023-03-15 13:46:00,183.63,183.63,183.06,183.06,1940.0,MORN
2023-03-15 13:45:00,183.685,183.685,183.685,183.685,138.0,MORN
2023-03-15 13:44:00,183.585,183.585,183.585,183.585,1066.0,MORN
2023-03-15 13:43:00,183.64,183.66,183.63,183.63,975.0,MORN
2023-03-15 13:34:00,183.98,183.98,183.52,183.625,3911.0,MORN
2023-03-15 13:33:00,183.77,183.83,183.77,183.83,1494.0,MORN
2023-03-15 13:32:00,183.645,183.75,183.645,183.75,218.0,MORN
2023-03-15 13:30:00,183.63,183.63,183.63,183.63,115.0,MORN
2023-03-15 13:29:00,183.635,183.635,183.635,183.635,103.0,MORN
2023-03-15 13:28:00,183.595,183.595,183.595,183.595,138.0,MORN
2023-03-15 13:27:00,183.44,183.75,183.44,183.75,2082.0,MORN
2023-03-15 13:26:00,183.42,183.67,183.42,183.67,282.0,MORN
2023-03-15 13:25:00,183.17,183.42,183.1,183.42,1728.0,MORN
2023-03-15 13:24:00,182.9,183.31,182.51,183.31,9267.0,MORN
2023-03-15 13:21:00,182.71,182.71,182.21,182.71,7980.0,MORN
2023-03-15 13:19:00,182.19,182.19,182.19,182.19,554.0,MORN
2023-03-15 13:17:00,182.69,182.69,182.53,182.53,760.0,MORN
2023-03-15 13:16:00,182.48,182.48,182.48,182.48,136.0,MORN
2023-03-15 13:15:00,182.345,182.345,182.345,182.345,115.0,MORN
2023-03-15 13:13:00,182.25,182.25,182.25,182.25,205.0,MORN
2023-03-15 13:12:00,182.315,182.345,182.315,182.345,568.0,MORN
2023-03-15 13:10:00,182.35,182.35,182.35,182.35,184.0,MORN
2023-03-15 13:08:00,182.26,182.26,182.26,182.26,273.0,MORN
2023-03-15 13:07:00,182.24,182.24,182.24,182.24,184.0,MORN
2023-03-15 13:06:00,182.46,182.72,182.35,182.54,1194.0,MORN
2023-03-15 12:59:00,182.02,182.21,182.02,182.21,1000.0,MORN
2023-03-15 12:57:00,182.19,182.365,182.19,182.365,512.0,MORN
2023-03-15 12:56:00,182.61,182.61,182.31,182.31,734.0,MORN
2023-03-15 12:55:00,182.62,182.77,182.62,182.71,931.0,MORN
2023-03-15 12:54:00,182.89,182.93,182.695,182.695,803.0,MORN
2023-03-15 12:48:00,183.11,183.1875,183.11,183.1875,281.0,MORN
2023-03-15 12:47:00,183.47,183.47,183.47,183.47,205.0,MORN
2023-03-15 12:43:00,183.56,183.56,183.56,183.56,248.0,MORN
2023-03-15 12:39:00,183.4,183.4,183.38,183.38,468.0,MORN
2023-03-15 12:37:00,183.575,183.575,183.575,183.575,103.0,MORN
2023-03-15 12:31:00,183.43,183.43,183.2,183.4,433.0,MORN
2023-03-15 12:17:00,183.85,183.86,183.56,183.56,2175.0,MORN
2023-03-15 12:12:00,183.9165,183.9165,183.9165,183.9165,101.0,MORN
2023-03-15 12:09:00,183.74,183.74,183.74,183.74,100.0,MORN
2023-03-15 12:08:00,183.6875,183.6875,183.6875,183.6875,432.0,MORN
2023-03-15 12:04:00,183.85,183.85,183.83,183.83,410.0,MORN
2023-03-15 11:51:00,183.71,183.71,183.71,183.71,761.0,MORN
2023-03-15 11:47:00,183.75,183.75,183.75,183.75,100.0,MORN
2023-03-15 11:45:00,183.33,183.35,183.33,183.35,521.0,MORN
2023-03-15 11:44:00,183.0,183.16,183.0,183.0725,2999.0,MORN
2023-03-15 11:42:00,183.0,183.0,182.99,183.0,2074.0,MORN
2023-03-15 11:41:00,183.12,183.12,183.12,183.12,106.0,MORN
2023-03-15 11:38:00,182.68,182.68,182.68,182.68,334.0,MORN
2023-03-15 11:34:00,182.79,182.79,182.79,182.79,176.0,MORN
2023-03-15 11:32:00,182.92,183.305,182.92,183.0,1249.0,MORN
2023-03-15 11:31:00,183.11,183.11,182.81,182.81,245.0,MORN
2023-03-15 11:29:00,183.0,183.0,183.0,183.0,111.0,MORN
2023-03-15 11:25:00,182.79,182.79,182.79,182.79,272.0,MORN
2023-03-15 11:22:00,183.06,183.06,182.91,182.91,1071.0,MORN
2023-03-15 11:21:00,183.0,183.0,182.99,183.0,1580.0,MORN
2023-03-15 11:16:00,183.0,183.21,183.0,183.21,300.0,MORN
2023-03-15 11:14:00,182.59,182.59,182.59,182.59,148.0,MORN
2023-03-15 11:13:00,182.87,183.34,182.72,182.72,1660.0,MORN
2023-03-15 11:12:00,182.75,182.87,182.64,182.87,1482.0,MORN
2023-03-15 11:09:00,182.03,182.42,182.03,182.35,695.0,MORN
2023-03-15 11:08:00,182.0,182.54,182.0,182.0,8093.0,MORN
2023-03-15 11:07:00,182.0,182.0,182.0,182.0,681.0,MORN
2023-03-15 11:04:00,182.0,182.0,182.0,182.0,156.0,MORN
2023-03-15 11:03:00,182.0,182.0,182.0,182.0,159.0,MORN
2023-03-15 11:02:00,182.0,182.34,182.0,182.0,509.0,MORN
2023-03-15 11:01:00,182.0,182.0,181.96,182.0,900.0,MORN
2023-03-15 11:00:00,182.0,182.42,182.0,182.0,872.0,MORN
2023-03-15 10:59:00,182.0,182.0,182.0,182.0,481.0,MORN
2023-03-15 10:58:00,182.0,182.0,182.0,182.0,417.0,MORN
2023-03-15 10:54:00,181.81,181.81,181.81,181.81,737.0,MORN
2023-03-15 10:53:00,181.69,181.69,181.69,181.69,611.0,MORN
2023-03-15 10:47:00,182.27,182.27,182.27,182.27,107.0,MORN
2023-03-15 10:45:00,182.07,182.07,182.07,182.07,218.0,MORN
2023-03-15 10:37:00,182.8,182.82,182.535,182.535,363.0,MORN
2023-03-15 10:36:00,182.23,182.23,181.89,181.89,619.0,MORN
2023-03-15 10:35:00,182.23,182.35,182.23,182.35,334.0,MORN
2023-03-15 10:32:00,182.66,183.03,182.66,182.92,1311.0,MORN
2023-03-15 10:30:00,182.96,182.96,182.96,182.96,108.0,MORN
2023-03-15 10:29:00,182.54,182.54,182.54,182.54,263.0,MORN
2023-03-15 10:28:00,182.32,182.32,182.32,182.32,515.0,MORN
2023-03-15 10:24:00,183.37,183.37,183.22,183.22,443.0,MORN
2023-03-15 10:23:00,183.73,183.73,183.26,183.26,202.0,MORN
2023-03-15 10:19:00,183.13,183.75,183.13,183.45,998.0,MORN
2023-03-15 10:18:00,182.955,182.955,182.955,182.955,194.0,MORN
2023-03-15 10:17:00,183.25,183.25,183.03,183.03,569.0,MORN
2023-03-15 10:14:00,183.41,183.41,183.41,183.41,100.0,MORN
2023-03-15 10:11:00,183.535,183.69,183.535,183.69,318.0,MORN
2023-03-15 10:09:00,184.21,184.21,184.21,184.21,203.0,MORN
2023-03-15 10:08:00,184.29,184.29,183.545,183.545,2685.0,MORN
2023-03-15 10:07:00,184.25,184.25,184.25,184.25,111.0,MORN
2023-03-15 10:06:00,184.03,184.17,183.85,184.17,2307.0,MORN
2023-03-15 10:02:00,183.94,184.01,183.94,184.01,1776.0,MORN
2023-03-15 10:01:00,184.72,184.72,184.72,184.72,141.0,MORN
2023-03-15 10:00:00,185.2,185.2,183.78,183.78,822.0,MORN
2023-03-15 09:50:00,183.82,184.42,183.82,184.42,779.0,MORN
2023-03-15 09:47:00,184.99,184.99,184.8,184.8,201.0,MORN
2023-03-15 09:35:00,185.99,185.99,185.99,185.99,100.0,MORN
2023-03-15 09:31:00,185.76,185.76,185.76,185.76,1385.0,MORN
2023-03-14 16:01:00,187.96,187.96,187.96,187.96,2622.0,MORN
2023-03-14 16:00:00,188.19,188.34,187.9,187.9,7804.0,MORN
2023-03-14 15:59:00,188.39,188.4,188.3,188.3,3452.0,MORN
2023-03-14 15:58:00,188.41,188.43,188.12,188.12,4235.0,MORN
2023-03-14 15:57:00,188.26,188.32,188.24,188.265,2892.0,MORN
2023-03-14 15:56:00,188.02,188.32,188.01,188.32,3975.0,MORN
2023-03-14 15:55:00,187.61,187.89,187.61,187.76,703.0,MORN
2023-03-14 15:54:00,187.81,187.81,187.55,187.55,1523.0,MORN
2023-03-14 15:53:00,187.82,187.85,187.77,187.77,3084.0,MORN
2023-03-14 15:52:00,188.045,188.045,187.77,188.045,487.0,MORN
2023-03-14 15:51:00,187.89,187.92,187.89,187.92,1228.0,MORN
2023-03-14 15:50:00,188.16,188.19,188.16,188.19,503.0,MORN
2023-03-14 15:49:00,188.1,188.1,188.075,188.075,715.0,MORN
2023-03-14 15:48:00,188.015,188.02,188.01,188.02,1283.0,MORN
2023-03-14 15:47:00,187.85,187.88,187.76,187.76,1285.0,MORN
2023-03-14 15:46:00,188.09,188.24,188.03,188.055,2732.0,MORN
2023-03-14 15:43:00,187.96,187.96,187.96,187.96,643.0,MORN
2023-03-14 15:42:00,188.08,188.08,188.06,188.07,571.0,MORN
2023-03-14 15:40:00,188.275,188.275,188.16,188.16,983.0,MORN
2023-03-14 15:38:00,188.66,188.66,188.66,188.66,154.0,MORN
2023-03-14 15:37:00,188.17,188.43,188.17,188.17,887.0,MORN
2023-03-14 15:35:00,187.98,187.98,187.98,187.98,151.0,MORN
2023-03-14 15:34:00,187.83,187.83,187.83,187.83,436.0,MORN
2023-03-14 15:32:00,187.7,187.78,187.7,187.78,721.0,MORN
2023-03-14 15:31:00,187.52,187.52,187.52,187.52,196.0,MORN
2023-03-14 15:24:00,187.68,187.68,187.47,187.6,736.0,MORN
2023-03-14 15:20:00,187.8,188.195,187.8,188.195,608.0,MORN
2023-03-14 15:19:00,187.89,187.91,187.89,187.91,490.0,MORN
2023-03-14 15:18:00,187.53,187.53,187.53,187.53,612.0,MORN
2023-03-14 15:14:00,187.97,187.97,187.74,187.74,765.0,MORN
2023-03-14 15:13:00,187.54,187.74,187.54,187.58,1191.0,MORN
2023-03-14 15:12:00,187.855,187.99,187.855,187.86,325.0,MORN
2023-03-14 15:03:00,188.69,188.69,188.69,188.69,187.0,MORN
2023-03-14 15:02:00,188.66,188.67,188.51,188.51,771.0,MORN
2023-03-14 15:01:00,188.53,188.53,188.52,188.52,373.0,MORN
2023-03-14 14:59:00,188.47,188.47,188.47,188.47,383.0,MORN
2023-03-14 14:57:00,188.93,188.93,188.93,188.93,116.0,MORN
2023-03-14 14:55:00,188.91,188.91,188.91,188.91,334.0,MORN
2023-03-14 14:52:00,189.34,189.34,189.34,189.34,254.0,MORN
2023-03-14 14:51:00,188.86,188.86,188.86,188.86,326.0,MORN
2023-03-14 14:48:00,189.08,189.12,189.08,189.12,381.0,MORN
2023-03-14 14:44:00,188.96,188.96,188.96,188.96,104.0,MORN
2023-03-14 14:42:00,189.04,189.04,188.5,188.5,1391.0,MORN
2023-03-14 14:39:00,189.1,189.1,189.1,189.1,121.0,MORN
2023-03-14 14:32:00,189.53,189.53,189.53,189.53,106.0,MORN
2023-03-14 14:28:00,189.3,189.34,189.3,189.34,463.0,MORN
2023-03-14 14:27:00,189.25,189.25,189.23,189.23,475.0,MORN
2023-03-14 14:22:00,189.13,189.13,189.12,189.12,481.0,MORN
2023-03-14 14:14:00,189.39,189.39,189.39,189.39,110.0,MORN
2023-03-14 14:10:00,189.18,189.3,189.08,189.27,2235.0,MORN
2023-03-14 14:09:00,188.815,188.815,188.815,188.815,386.0,MORN
2023-03-14 14:08:00,189.65,189.67,189.44,189.44,788.0,MORN
2023-03-14 14:04:00,189.69,189.69,189.69,189.69,100.0,MORN
2023-03-14 14:02:00,189.765,189.83,189.765,189.765,458.0,MORN
2023-03-14 14:01:00,190.05,190.0875,189.74,189.745,3705.0,MORN
2023-03-14 13:58:00,190.145,190.145,190.145,190.145,101.0,MORN
2023-03-14 13:57:00,190.0,190.06,189.99,190.0,1740.0,MORN
2023-03-14 13:56:00,189.81,189.81,189.81,189.81,177.0,MORN
2023-03-14 13:53:00,190.2864,190.2864,190.2864,190.2864,640.0,MORN
2023-03-14 13:46:00,190.03,190.03,190.03,190.03,452.0,MORN
2023-03-14 13:45:00,190.2425,190.2425,190.2425,190.2425,392.0,MORN
2023-03-14 13:42:00,190.49,190.49,190.49,190.49,218.0,MORN
2023-03-14 13:41:00,190.6,190.86,190.6,190.86,232.0,MORN
2023-03-14 13:39:00,190.46,190.49,190.46,190.49,461.0,MORN
2023-03-14 13:36:00,190.2192,190.2436,190.2192,190.2436,536.0,MORN
2023-03-14 13:32:00,190.03,190.03,190.03,190.03,376.0,MORN
2023-03-14 13:29:00,190.18,190.18,190.05,190.05,444.0,MORN
2023-03-14 13:28:00,189.55,190.05,189.53,190.05,3073.0,MORN
2023-03-14 13:27:00,189.42,189.54,189.42,189.54,771.0,MORN
2023-03-14 13:22:00,189.18,189.18,189.12,189.12,941.0,MORN
2023-03-14 13:19:00,189.02,189.305,189.02,189.305,656.0,MORN
2023-03-14 13:18:00,189.02,189.02,188.97,188.97,1351.0,MORN
2023-03-14 13:17:00,189.37,189.37,189.0225,189.0225,1962.0,MORN
2023-03-14 13:16:00,189.485,189.485,189.1975,189.1975,1650.0,MORN
2023-03-14 13:13:00,189.485,189.485,189.485,189.485,627.0,MORN
2023-03-14 13:12:00,189.285,189.395,189.07,189.395,2576.0,MORN
2023-03-14 13:10:00,189.57,189.57,189.57,189.57,442.0,MORN
2023-03-14 13:09:00,189.805,190.0,189.575,189.6,3546.0,MORN
2023-03-14 13:08:00,189.75,189.75,189.745,189.745,213.0,MORN
2023-03-14 13:07:00,189.8998,189.8998,189.75,189.75,1100.0,MORN
2023-03-14 13:06:00,189.905,189.975,189.655,189.655,5825.0,MORN
2023-03-14 13:05:00,189.9,189.9,189.9,189.9,104.0,MORN
2023-03-14 13:04:00,189.99,189.99,189.97,189.97,486.0,MORN
2023-03-14 13:03:00,189.99,189.99,189.99,189.99,192.0,MORN
2023-03-14 12:59:00,189.925,189.925,189.925,189.925,369.0,MORN
2023-03-14 12:56:00,189.94,189.94,189.94,189.94,103.0,MORN
2023-03-14 12:55:00,189.94,189.94,189.94,189.94,112.0,MORN
2023-03-14 12:54:00,189.99,190.0,189.84,189.925,1538.0,MORN
2023-03-14 12:45:00,190.07,190.07,190.07,190.07,426.0,MORN
2023-03-14 12:43:00,189.915,190.0,189.915,190.0,395.0,MORN
2023-03-14 12:36:00,189.9425,189.9425,189.9425,189.9425,271.0,MORN
2023-03-14 12:27:00,189.895,189.895,189.895,189.895,457.0,MORN
2023-03-14 12:26:00,189.98,190.07,189.895,189.895,991.0,MORN
2023-03-14 12:21:00,190.0,190.0,189.87,189.95,1032.0,MORN
2023-03-14 12:16:00,189.86,189.86,189.86,189.86,177.0,MORN
2023-03-14 12:07:00,189.95,189.95,189.95,189.95,333.0,MORN
2023-03-14 12:04:00,190.01,190.055,189.87,189.955,3734.0,MORN
2023-03-14 11:59:00,190.0275,190.0275,190.0275,190.0275,121.0,MORN
2023-03-14 11:49:00,189.995,189.995,189.995,189.995,110.0,MORN
2023-03-14 11:48:00,189.985,189.985,189.985,189.985,218.0,MORN
2023-03-14 11:44:00,189.995,189.995,189.995,189.995,781.0,MORN
2023-03-14 11:42:00,190.04,190.04,190.04,190.04,593.0,MORN
2023-03-14 11:35:00,190.19,190.19,190.19,190.19,120.0,MORN
2023-03-14 11:33:00,190.21,190.21,189.8992,190.0,4304.0,MORN
2023-03-14 11:28:00,190.35,190.35,190.35,190.35,312.0,MORN
2023-03-14 11:27:00,190.48,190.48,190.48,190.48,127.0,MORN
2023-03-14 11:25:00,190.525,190.525,190.5,190.5,1062.0,MORN
2023-03-14 11:21:00,190.35,190.35,190.34,190.34,992.0,MORN
2023-03-14 11:20:00,190.51,190.57,190.5,190.5,2435.0,MORN
2023-03-14 11:13:00,190.275,190.275,190.275,190.275,131.0,MORN
2023-03-14 11:08:00,190.26,190.51,190.26,190.51,360.0,MORN
2023-03-14 11:05:00,190.15,190.16,190.15,190.16,656.0,MORN
2023-03-14 11:00:00,189.96,190.0,189.56,189.68,2901.0,MORN
2023-03-14 10:57:00,189.89,190.09,189.89,190.09,463.0,MORN
2023-03-14 10:51:00,189.99,190.1,189.95,189.99,1530.0,MORN
2023-03-14 10:42:00,190.14,190.14,189.91,189.91,941.0,MORN
2023-03-14 10:41:00,189.915,189.955,189.915,189.955,397.0,MORN
2023-03-14 10:40:00,189.8,189.8,189.8,189.8,329.0,MORN
2023-03-14 10:39:00,190.13,190.13,189.8385,189.8385,701.0,MORN
2023-03-14 10:37:00,190.155,190.155,190.155,190.155,222.0,MORN
2023-03-14 10:32:00,190.15,190.15,190.15,190.15,451.0,MORN
2023-03-14 10:30:00,190.02,190.325,190.02,190.325,1772.0,MORN
2023-03-14 10:29:00,190.04,190.08,190.0,190.08,515.0,MORN
2023-03-14 10:28:00,189.76,189.76,189.76,189.76,342.0,MORN
2023-03-14 10:19:00,189.785,189.785,189.785,189.785,150.0,MORN
2023-03-14 10:18:00,189.78,189.8,189.72,189.8,643.0,MORN
2023-03-14 10:17:00,189.895,190.19,189.895,190.095,1623.0,MORN
2023-03-14 10:16:00,190.155,190.165,190.04,190.04,548.0,MORN
2023-03-14 10:15:00,190.02,190.085,189.98,190.07,2759.0,MORN
2023-03-14 10:14:00,189.925,190.16,189.925,190.13,2139.0,MORN
2023-03-14 10:13:00,189.545,189.73,189.545,189.73,475.0,MORN
2023-03-14 10:10:00,189.39,189.77,189.31,189.31,2561.0,MORN
2023-03-14 10:08:00,189.795,189.795,189.705,189.705,418.0,MORN
2023-03-14 10:07:00,190.0,190.15,189.35,189.35,3230.0,MORN
2023-03-14 10:01:00,189.46,189.46,189.46,189.46,266.0,MORN
2023-03-14 09:58:00,189.94,189.94,189.94,189.94,101.0,MORN
2023-03-14 09:57:00,190.28,190.29,190.28,190.29,342.0,MORN
2023-03-14 09:56:00,189.92,190.36,189.92,190.195,562.0,MORN
2023-03-14 09:50:00,189.91,190.83,189.7,189.7,3131.0,MORN
2023-03-14 09:44:00,188.22,188.22,188.22,188.22,205.0,MORN
2023-03-14 09:42:00,189.94,189.94,189.94,189.94,159.0,MORN
2023-03-14 09:31:00,190.0,190.0,186.69,186.69,927.0,MORN
2023-03-13 16:01:00,186.59,186.59,186.59,186.59,877.0,MORN
2023-03-13 16:00:00,186.5,186.76,186.36,186.48,4739.0,MORN
2023-03-13 15:59:00,186.74,186.74,186.44,186.44,4837.0,MORN
2023-03-13 15:58:00,186.95,186.97,186.95,186.97,1526.0,MORN
2023-03-13 15:57:00,186.95,187.03,186.615,186.69,2656.0,MORN
2023-03-13 15:56:00,187.08,187.22,186.91,186.92,2981.0,MORN
2023-03-13 15:55:00,186.82,187.24,186.505,186.71,5357.0,MORN
2023-03-13 15:54:00,186.405,186.405,186.405,186.405,375.0,MORN
2023-03-13 15:53:00,186.395,186.395,186.395,186.395,1112.0,MORN
2023-03-13 15:52:00,186.62,186.62,186.24,186.31,795.0,MORN
2023-03-13 15:51:00,186.745,186.745,186.28,186.28,854.0,MORN
2023-03-13 15:50:00,187.11,187.13,186.96,186.97,2912.0,MORN
2023-03-13 15:48:00,187.55,187.55,187.55,187.55,273.0,MORN
2023-03-13 15:47:00,187.455,187.49,187.43,187.49,552.0,MORN
2023-03-13 15:46:00,187.0772,187.39,187.0772,187.14,786.0,MORN
2023-03-13 15:45:00,187.39,187.49,187.11,187.22,2424.0,MORN
2023-03-13 15:44:00,187.57,187.57,187.33,187.33,481.0,MORN
2023-03-13 15:43:00,187.42,187.63,187.42,187.63,756.0,MORN
2023-03-13 15:42:00,187.1,187.1,187.1,187.1,166.0,MORN
2023-03-13 15:41:00,187.43,187.465,187.1,187.1,2579.0,MORN
2023-03-13 15:40:00,187.64,187.64,187.575,187.575,728.0,MORN
2023-03-13 15:39:00,187.15,187.45,187.15,187.45,1753.0,MORN
2023-03-13 15:38:00,187.16,187.16,187.16,187.16,240.0,MORN
2023-03-13 15:37:00,187.2,187.43,187.2,187.42,2357.0,MORN
2023-03-13 15:36:00,187.15,187.17,187.06,187.17,2267.0,MORN
2023-03-13 15:35:00,187.275,187.275,187.275,187.275,392.0,MORN
2023-03-13 15:34:00,187.18,187.25,187.18,187.25,461.0,MORN
2023-03-13 15:33:00,187.02,187.02,187.02,187.02,249.0,MORN
2023-03-13 15:32:00,187.01,187.01,187.01,187.01,297.0,MORN
2023-03-13 15:31:00,187.05,187.05,187.05,187.05,368.0,MORN
2023-03-13 15:30:00,186.81,186.81,186.76,186.76,1382.0,MORN
2023-03-13 15:29:00,186.565,186.66,186.565,186.66,726.0,MORN
2023-03-13 15:28:00,186.565,186.565,186.565,186.565,984.0,MORN
2023-03-13 15:26:00,186.37,186.37,186.37,186.37,218.0,MORN
2023-03-13 15:25:00,186.55,186.55,186.43,186.495,1827.0,MORN
2023-03-13 15:24:00,186.31,186.5,186.165,186.5,3208.0,MORN
2023-03-13 15:23:00,186.4,186.4,186.4,186.4,293.0,MORN
2023-03-13 15:21:00,186.5,186.5,186.5,186.5,774.0,MORN
2023-03-13 15:19:00,186.495,186.495,186.495,186.495,388.0,MORN
2023-03-13 15:18:00,186.68,186.68,186.625,186.625,516.0,MORN
2023-03-13 15:16:00,187.035,187.04,187.035,187.04,490.0,MORN
2023-03-13 15:13:00,186.795,186.795,186.795,186.795,530.0,MORN
2023-03-13 15:10:00,187.05,187.05,187.01,187.01,205.0,MORN
2023-03-13 15:08:00,186.86,186.86,186.85,186.85,213.0,MORN
2023-03-13 15:07:00,186.86,187.18,186.85,187.18,736.0,MORN
2023-03-13 15:06:00,186.76,186.765,186.76,186.76,448.0,MORN
2023-03-13 15:01:00,187.69,187.69,187.08,187.08,1216.0,MORN
2023-03-13 15:00:00,187.68,187.68,187.205,187.215,1583.0,MORN
2023-03-13 14:59:00,188.0,188.0,188.0,188.0,100.0,MORN
2023-03-13 14:55:00,187.16,187.27,187.13,187.13,1840.0,MORN
2023-03-13 14:53:00,187.69,187.69,187.69,187.69,119.0,MORN
2023-03-13 14:51:00,187.77,187.77,187.77,187.77,105.0,MORN
2023-03-13 14:45:00,188.02,188.05,187.8,187.8,990.0,MORN
2023-03-13 14:44:00,188.14,188.49,187.96,188.485,1300.0,MORN
2023-03-13 14:43:00,187.96,187.96,187.96,187.96,100.0,MORN
2023-03-13 14:40:00,187.56,187.56,187.56,187.56,119.0,MORN
2023-03-13 14:39:00,187.75,187.75,187.61,187.61,350.0,MORN
2023-03-13 14:38:00,187.73,187.73,187.66,187.66,453.0,MORN
2023-03-13 14:36:00,188.05,188.05,187.99,188.02,911.0,MORN
2023-03-13 14:35:00,188.31,188.36,188.14,188.14,1115.0,MORN
2023-03-13 14:33:00,187.98,188.29,187.98,188.29,531.0,MORN
2023-03-13 14:32:00,187.4,187.4,187.4,187.4,183.0,MORN
2023-03-13 14:29:00,186.935,186.935,186.935,186.935,131.0,MORN
2023-03-13 14:28:00,187.57,187.57,187.57,187.57,103.0,MORN
2023-03-13 14:23:00,187.335,187.335,187.335,187.335,126.0,MORN
2023-03-13 14:21:00,187.17,187.17,187.17,187.17,107.0,MORN
2023-03-13 14:20:00,187.16,187.16,187.16,187.16,137.0,MORN
2023-03-13 14:19:00,186.555,187.02,186.555,187.02,359.0,MORN
2023-03-13 14:16:00,186.68,186.68,186.622,186.622,393.0,MORN
2023-03-13 14:15:00,186.61,186.69,186.58,186.58,931.0,MORN
2023-03-13 14:14:00,186.59,186.78,186.59,186.78,562.0,MORN
2023-03-13 14:13:00,186.59,186.59,186.55,186.55,427.0,MORN
2023-03-13 14:12:00,186.68,186.68,186.485,186.485,214.0,MORN
2023-03-13 14:11:00,186.5,186.93,186.5,186.93,634.0,MORN
2023-03-13 14:10:00,186.465,186.465,186.465,186.465,241.0,MORN
2023-03-13 14:09:00,186.68,186.68,186.68,186.68,101.0,MORN
2023-03-13 14:08:00,186.58,186.8,186.58,186.76,627.0,MORN
2023-03-13 14:07:00,186.68,186.68,186.68,186.68,2206.0,MORN
2023-03-13 14:06:00,186.72,187.02,186.29,186.5,2195.0,MORN
2023-03-13 14:05:00,186.77,187.06,186.15,187.06,6708.0,MORN
2023-03-13 14:03:00,187.145,187.145,187.145,187.145,100.0,MORN
2023-03-13 14:02:00,187.3,187.3,187.3,187.3,243.0,MORN
2023-03-13 13:59:00,186.97,186.97,186.96,186.96,227.0,MORN
2023-03-13 13:58:00,186.89,186.89,186.89,186.89,100.0,MORN
2023-03-13 13:57:00,186.83,186.87,186.83,186.87,1029.0,MORN
2023-03-13 13:53:00,186.36,186.675,186.25,186.675,1583.0,MORN
2023-03-13 13:51:00,186.26,186.26,186.26,186.26,332.0,MORN
2023-03-13 13:48:00,186.4,186.4,186.4,186.4,210.0,MORN
2023-03-13 13:47:00,186.0,186.0,186.0,186.0,337.0,MORN
2023-03-13 13:46:00,186.0,186.0,186.0,186.0,396.0,MORN
2023-03-13 13:45:00,185.93,186.25,185.92,186.25,1241.0,MORN
2023-03-13 13:43:00,186.33,186.33,186.04,186.04,609.0,MORN
2023-03-13 13:40:00,186.36,186.44,186.35,186.35,665.0,MORN
2023-03-13 13:38:00,186.1,186.1,186.1,186.1,219.0,MORN
2023-03-13 13:37:00,186.07,186.29,186.07,186.11,972.0,MORN
2023-03-13 13:36:00,185.435,186.06,185.435,185.805,600.0,MORN
2023-03-13 13:34:00,185.54,185.54,185.54,185.54,208.0,MORN
2023-03-13 13:33:00,185.6,185.6,185.6,185.6,349.0,MORN
2023-03-13 13:31:00,186.24,186.24,186.24,186.24,183.0,MORN
2023-03-13 13:28:00,186.2039,186.2039,186.2039,186.2039,252.0,MORN
2023-03-13 13:27:00,185.685,185.685,185.685,185.685,496.0,MORN
2023-03-13 13:26:00,186.145,186.16,186.145,186.16,233.0,MORN
2023-03-13 13:20:00,186.18,186.18,186.18,186.18,114.0,MORN
2023-03-13 13:17:00,186.09,186.09,186.09,186.09,582.0,MORN
2023-03-13 13:14:00,185.81,185.81,185.81,185.81,216.0,MORN
2023-03-13 13:13:00,185.555,185.555,185.555,185.555,126.0,MORN
2023-03-13 13:12:00,185.32,185.32,185.32,185.32,250.0,MORN
2023-03-13 13:10:00,185.21,185.395,184.96,184.96,1211.0,MORN
2023-03-13 13:09:00,184.85,184.85,184.85,184.85,123.0,MORN
2023-03-13 13:08:00,184.87,184.87,184.87,184.87,106.0,MORN
2023-03-13 13:06:00,184.9,184.9,184.9,184.9,105.0,MORN
2023-03-13 13:05:00,184.93,184.93,184.93,184.93,220.0,MORN
2023-03-13 13:04:00,184.905,184.905,184.905,184.905,172.0,MORN
2023-03-13 13:02:00,184.43,184.73,184.42,184.73,948.0,MORN
2023-03-13 13:01:00,185.05,185.05,185.05,185.05,213.0,MORN
2023-03-13 13:00:00,184.465,185.39,184.465,184.65,1479.0,MORN
2023-03-13 12:56:00,185.12,185.12,185.12,185.12,117.0,MORN
2023-03-13 12:55:00,185.1,185.1,185.1,185.1,998.0,MORN
2023-03-13 12:53:00,184.12,184.81,184.12,184.81,1883.0,MORN
2023-03-13 12:52:00,184.67,184.67,184.63,184.63,236.0,MORN
2023-03-13 12:51:00,184.565,184.76,184.2,184.63,3007.0,MORN
2023-03-13 12:50:00,183.925,184.42,183.58,184.42,6438.0,MORN
2023-03-13 12:48:00,184.18,184.19,184.18,184.19,383.0,MORN
2023-03-13 12:47:00,184.56,184.56,184.56,184.56,253.0,MORN
2023-03-13 12:46:00,184.59,184.79,184.5,184.5,1212.0,MORN
2023-03-13 12:43:00,185.15,185.25,184.51,184.51,4837.0,MORN
2023-03-13 12:42:00,184.84,184.84,184.84,184.84,179.0,MORN
2023-03-13 12:40:00,184.53,184.53,184.5,184.5,260.0,MORN
2023-03-13 12:34:00,184.695,184.695,184.695,184.695,10116.0,MORN
2023-03-13 12:33:00,184.685,184.685,184.685,184.685,201.0,MORN
2023-03-13 12:32:00,184.5,184.63,184.28,184.62,2085.0,MORN
2023-03-13 12:25:00,184.53,184.68,184.19,184.19,1314.0,MORN
2023-03-13 12:24:00,184.59,184.59,184.59,184.59,201.0,MORN
2023-03-13 12:10:00,184.865,184.865,184.865,184.865,300.0,MORN
2023-03-13 12:08:00,184.79,184.79,184.79,184.79,137.0,MORN
2023-03-13 12:07:00,184.33,184.33,184.33,184.33,400.0,MORN
2023-03-13 12:06:00,184.465,185.32,184.465,185.32,674.0,MORN
2023-03-13 12:05:00,185.12,185.12,184.34,184.34,254.0,MORN
2023-03-13 12:03:00,185.12,185.12,185.12,185.12,124.0,MORN
2023-03-13 12:01:00,185.475,185.475,185.475,185.475,148.0,MORN
2023-03-13 12:00:00,185.07,185.07,185.07,185.07,217.0,MORN
2023-03-13 11:57:00,183.67,183.67,183.67,183.67,208.0,MORN
2023-03-13 11:56:00,185.64,185.64,185.64,185.64,185.0,MORN
2023-03-13 11:55:00,184.5,185.64,184.085,185.64,1124.0,MORN
2023-03-13 11:54:00,184.5,184.5,184.28,184.28,373.0,MORN
2023-03-13 11:50:00,184.775,185.4075,184.775,185.11,26725.0,MORN
2023-03-13 11:48:00,184.21,184.225,184.21,184.225,317.0,MORN
2023-03-13 11:46:00,184.0849,184.6,184.0849,184.6,364.0,MORN
2023-03-13 11:43:00,184.3,184.3,184.3,184.3,569.0,MORN
2023-03-13 11:39:00,184.68,184.685,184.25,184.25,536.0,MORN
2023-03-13 11:38:00,185.0,185.0,185.0,185.0,284.0,MORN
2023-03-13 11:37:00,184.485,184.505,184.48,184.505,390.0,MORN
2023-03-13 11:32:00,185.04,185.27,185.04,185.09,1605.0,MORN
2023-03-13 11:31:00,185.0,185.535,185.0,185.485,1349.0,MORN
2023-03-13 11:30:00,185.315,185.36,185.08,185.08,1972.0,MORN
2023-03-13 11:29:00,185.21,185.595,185.21,185.595,1846.0,MORN
2023-03-13 11:28:00,184.12,185.2525,184.12,185.2525,2705.0,MORN
2023-03-13 11:27:00,184.79,184.79,184.39,184.39,2234.0,MORN
2023-03-13 11:26:00,184.84,184.84,184.84,184.84,243.0,MORN
2023-03-13 11:23:00,185.245,185.245,184.93,184.93,1120.0,MORN
2023-03-13 11:22:00,185.37,185.375,185.37,185.375,286.0,MORN
2023-03-13 11:21:00,184.925,185.26,184.76,185.26,1821.0,MORN
2023-03-13 11:20:00,184.21,185.215,184.17,185.215,2282.0,MORN
2023-03-13 11:19:00,183.83,184.05,183.78,184.05,1117.0,MORN
2023-03-13 11:18:00,183.925,183.925,183.925,183.925,119.0,MORN
2023-03-13 11:16:00,183.95,184.05,183.785,183.955,1175.0,MORN
2023-03-13 11:14:00,183.91,183.91,183.9,183.9,502.0,MORN
2023-03-13 11:13:00,184.0,184.26,184.0,184.26,748.0,MORN
2023-03-13 11:12:00,183.68,183.81,183.68,183.81,296.0,MORN
2023-03-13 11:11:00,183.53,183.53,183.35,183.35,800.0,MORN
2023-03-13 11:10:00,183.94,183.94,183.63,183.65,739.0,MORN
2023-03-13 11:09:00,183.87,183.93,183.62,183.65,3007.0,MORN
2023-03-13 11:06:00,183.8,183.99,183.455,183.68,2850.0,MORN
2023-03-13 11:05:00,183.66,183.82,183.565,183.57,889.0,MORN
2023-03-13 11:04:00,183.56,183.74,183.56,183.74,423.0,MORN
2023-03-13 11:03:00,182.32,183.4625,182.24,183.4625,3333.0,MORN
2023-03-13 11:01:00,182.715,182.715,182.715,182.715,625.0,MORN
2023-03-13 11:00:00,182.825,182.825,182.77,182.78,1044.0,MORN
2023-03-13 10:59:00,183.135,183.31,183.08,183.08,701.0,MORN
2023-03-13 10:58:00,183.525,183.525,183.525,183.525,118.0,MORN
2023-03-13 10:57:00,183.555,183.85,183.555,183.85,355.0,MORN
2023-03-13 10:56:00,181.82,184.22,181.82,183.47,3660.0,MORN
2023-03-13 10:55:00,181.91,181.94,181.53,181.53,1448.0,MORN
2023-03-13 10:54:00,181.33,181.9609,181.33,181.9609,301.0,MORN
2023-03-13 10:53:00,182.135,182.135,181.55,181.55,515.0,MORN
2023-03-13 10:51:00,182.05,182.05,181.5,181.5,450.0,MORN
2023-03-13 10:50:00,182.39,182.39,181.82,181.82,755.0,MORN
2023-03-13 10:49:00,182.56,182.56,182.54,182.54,380.0,MORN
2023-03-13 10:48:00,182.74,182.75,182.49,182.5,2047.0,MORN
2023-03-13 10:47:00,182.87,182.87,182.87,182.87,554.0,MORN
2023-03-13 10:46:00,183.04,183.205,182.84,182.885,2734.0,MORN
2023-03-13 10:44:00,183.195,183.195,183.195,183.195,552.0,MORN
2023-03-13 10:43:00,183.14,183.14,183.14,183.14,325.0,MORN
2023-03-13 10:42:00,183.75,183.81,183.22,183.25,746.0,MORN
2023-03-13 10:41:00,183.34,183.905,183.26,183.695,1558.0,MORN
2023-03-13 10:39:00,183.14,183.14,182.73,182.8,902.0,MORN
2023-03-13 10:38:00,183.21,183.21,183.05,183.05,503.0,MORN
2023-03-13 10:37:00,183.185,183.185,183.185,183.185,103.0,MORN
2023-03-13 10:34:00,183.1,183.1,183.1,183.1,102.0,MORN
2023-03-13 10:33:00,183.32,183.36,182.96,182.96,741.0,MORN
2023-03-13 10:32:00,183.41,183.41,182.835,182.835,304.0,MORN
2023-03-13 10:28:00,183.375,183.375,183.13,183.13,440.0,MORN
2023-03-13 10:27:00,183.72,183.73,183.72,183.73,485.0,MORN
2023-03-13 10:25:00,183.195,183.45,183.195,183.42,437.0,MORN
2023-03-13 10:24:00,183.66,183.66,183.66,183.66,401.0,MORN
2023-03-13 10:23:00,183.49,183.95,183.49,183.95,1174.0,MORN
2023-03-13 10:22:00,183.47,183.92,183.47,183.62,616.0,MORN
2023-03-13 10:21:00,183.7,183.7,183.65,183.65,839.0,MORN
2023-03-13 10:20:00,184.34,184.34,183.38,183.38,226.0,MORN
2023-03-13 10:19:00,184.145,184.145,183.95,183.95,735.0,MORN
2023-03-13 10:18:00,183.92,183.92,183.92,183.92,433.0,MORN
2023-03-13 10:17:00,183.61,183.61,183.61,183.61,494.0,MORN
2023-03-13 10:16:00,184.245,184.245,184.11,184.12,1909.0,MORN
2023-03-13 10:14:00,184.5,184.71,184.36,184.71,1097.0,MORN
2023-03-13 10:12:00,185.51,185.51,185.49,185.49,353.0,MORN
2023-03-13 10:11:00,185.88,185.88,185.88,185.88,393.0,MORN
2023-03-13 10:10:00,185.78,185.82,185.78,185.79,1110.0,MORN
2023-03-13 10:06:00,186.59,186.59,185.32,185.32,1528.0,MORN
2023-03-13 10:05:00,186.92,187.07,186.65,186.65,2544.0,MORN
2023-03-13 10:03:00,186.87,186.87,186.43,186.43,790.0,MORN
2023-03-13 10:02:00,186.66,186.66,186.66,186.66,347.0,MORN
2023-03-13 10:01:00,187.23,187.23,187.02,187.02,779.0,MORN
2023-03-13 09:56:00,186.49,186.49,186.49,186.49,101.0,MORN
2023-03-13 09:55:00,185.85,185.85,185.85,185.85,346.0,MORN
2023-03-13 09:53:00,186.91,186.91,186.86,186.86,360.0,MORN
2023-03-13 09:51:00,186.69,187.27,186.69,186.83,1446.0,MORN
2023-03-13 09:50:00,186.4,186.99,186.05,186.52,1185.0,MORN
2023-03-13 09:49:00,187.3,187.41,185.46,185.89,4262.0,MORN
2023-03-13 09:48:00,186.315,186.315,186.315,186.315,580.0,MORN
2023-03-13 09:47:00,186.0,186.46,185.77,185.77,3115.0,MORN
2023-03-13 09:46:00,186.17,186.26,185.82,185.96,933.0,MORN
2023-03-13 09:45:00,185.59,185.59,185.59,185.59,131.0,MORN
2023-03-13 09:44:00,184.95,185.38,184.95,185.38,1269.0,MORN
2023-03-13 09:38:00,187.25,187.25,186.86,186.86,654.0,MORN
2023-03-13 09:33:00,187.6,187.7,187.6,187.7,457.0,MORN
2023-03-13 09:31:00,188.1,189.57,188.1,189.57,2487.0,MORN
2023-03-10 16:01:00,191.26,191.26,191.26,191.26,6012.0,MORN
2023-03-10 16:00:00,191.35,191.35,191.03,191.05,7024.0,MORN
2023-03-10 15:59:00,191.41,191.41,191.28,191.36,5578.0,MORN
2023-03-10 15:58:00,191.36,191.565,191.35,191.35,3354.0,MORN
2023-03-10 15:56:00,191.69,191.69,191.36,191.57,852.0,MORN
2023-03-10 15:55:00,191.73,191.88,191.66,191.74,3689.0,MORN
2023-03-10 15:54:00,191.43,191.43,191.43,191.43,494.0,MORN
2023-03-10 15:53:00,191.21,191.25,191.21,191.25,933.0,MORN
2023-03-10 15:52:00,191.3865,191.3865,191.3865,191.3865,368.0,MORN
2023-03-10 15:51:00,191.46,191.46,191.01,191.28,4441.0,MORN
2023-03-10 15:50:00,191.51,191.66,191.48,191.49,2539.0,MORN
2023-03-10 15:49:00,192.07,192.07,191.79,191.79,667.0,MORN
2023-03-10 15:44:00,191.83,191.83,191.83,191.83,161.0,MORN
2023-03-10 15:43:00,191.695,191.82,191.695,191.82,630.0,MORN
2023-03-10 15:42:00,191.43,191.43,191.43,191.43,628.0,MORN
2023-03-10 15:41:00,191.73,191.73,191.73,191.73,761.0,MORN
2023-03-10 15:40:00,192.2,192.2,192.185,192.185,461.0,MORN
2023-03-10 15:36:00,192.19,192.76,192.19,192.72,1539.0,MORN
2023-03-10 15:32:00,192.525,192.525,192.525,192.525,727.0,MORN
2023-03-10 15:27:00,192.28,192.6854,192.28,192.6854,402.0,MORN
2023-03-10 15:24:00,192.175,192.175,192.175,192.175,118.0,MORN
2023-03-10 15:21:00,192.456,192.456,192.01,192.01,767.0,MORN
2023-03-10 15:20:00,192.32,192.32,191.97,192.3,1854.0,MORN
2023-03-10 15:16:00,192.975,192.975,192.975,192.975,107.0,MORN
2023-03-10 15:13:00,193.42,193.42,193.42,193.42,100.0,MORN
2023-03-10 15:12:00,192.2,193.11,192.2,193.11,1793.0,MORN
2023-03-10 15:11:00,192.26,192.26,192.26,192.26,483.0,MORN
2023-03-10 15:09:00,192.34,192.34,192.34,192.34,523.0,MORN
2023-03-10 15:08:00,192.18,192.18,192.18,192.18,172.0,MORN
2023-03-10 15:04:00,193.005,193.005,192.87,192.87,205.0,MORN
2023-03-10 15:03:00,192.84,193.02,192.84,193.02,348.0,MORN
2023-03-10 15:01:00,193.69,193.75,192.95,192.95,3690.0,MORN
2023-03-10 14:58:00,194.048,194.13,194.048,194.13,796.0,MORN
2023-03-10 14:57:00,194.17,194.17,194.17,194.17,118.0,MORN
2023-03-10 14:55:00,194.165,194.165,194.165,194.165,101.0,MORN
2023-03-10 14:54:00,194.28,194.28,194.25,194.25,501.0,MORN
2023-03-10 14:53:00,194.22,194.22,194.22,194.22,182.0,MORN
2023-03-10 14:52:00,193.83,193.84,193.83,193.84,549.0,MORN
2023-03-10 14:51:00,193.56,193.57,193.54,193.54,952.0,MORN
2023-03-10 14:50:00,192.99,193.37,192.99,193.37,1577.0,MORN
2023-03-10 14:49:00,192.99,192.99,192.99,192.99,179.0,MORN
2023-03-10 14:48:00,192.99,192.99,192.99,192.99,379.0,MORN
2023-03-10 14:45:00,192.88,192.88,192.8,192.85,1017.0,MORN
2023-03-10 14:44:00,192.86,192.87,192.86,192.87,559.0,MORN
2023-03-10 14:43:00,193.01,193.01,192.99,192.99,1307.0,MORN
2023-03-10 14:41:00,192.89,192.89,192.62,192.8,841.0,MORN
2023-03-10 14:40:00,192.99,192.99,192.99,192.99,390.0,MORN
2023-03-10 14:39:00,192.87,192.88,192.83,192.88,931.0,MORN
2023-03-10 14:37:00,192.99,192.99,192.99,192.99,340.0,MORN
2023-03-10 14:36:00,192.99,192.99,192.99,192.99,114.0,MORN
2023-03-10 14:34:00,193.045,193.45,192.99,192.99,1885.0,MORN
2023-03-10 14:33:00,193.095,193.095,193.07,193.07,256.0,MORN
2023-03-10 14:32:00,192.99,193.2,192.99,193.2,556.0,MORN
2023-03-10 14:31:00,193.05,193.05,192.99,192.99,829.0,MORN
2023-03-10 14:30:00,192.81,192.81,192.81,192.81,100.0,MORN
2023-03-10 14:29:00,193.05,193.05,192.72,192.72,1655.0,MORN
2023-03-10 14:27:00,193.69,193.69,193.69,193.69,104.0,MORN
2023-03-10 14:26:00,193.36,193.66,193.3,193.35,1339.0,MORN
2023-03-10 14:21:00,193.45,194.13,193.45,194.13,1266.0,MORN
2023-03-10 14:20:00,193.165,193.6,193.07,193.07,601.0,MORN
2023-03-10 14:17:00,193.25,193.405,193.165,193.405,321.0,MORN
2023-03-10 14:14:00,193.14,193.14,193.08,193.115,422.0,MORN
2023-03-10 14:11:00,192.81,192.81,192.81,192.81,201.0,MORN
2023-03-10 14:10:00,192.815,193.12,192.815,193.12,1779.0,MORN
2023-03-10 14:09:00,192.0787,192.0787,192.0787,192.0787,274.0,MORN
2023-03-10 14:08:00,192.455,192.455,192.02,192.02,353.0,MORN
2023-03-10 14:01:00,192.84,192.84,192.5,192.5,2421.0,MORN
2023-03-10 14:00:00,192.89,192.89,192.89,192.89,597.0,MORN
2023-03-10 13:59:00,192.885,192.885,192.885,192.885,154.0,MORN
2023-03-10 13:58:00,192.65,192.65,192.65,192.65,100.0,MORN
2023-03-10 13:55:00,192.73,192.73,192.73,192.73,102.0,MORN
2023-03-10 13:54:00,192.9375,192.9375,192.9375,192.9375,252.0,MORN
2023-03-10 13:53:00,192.84,193.24,192.72,192.72,1033.0,MORN
2023-03-10 13:52:00,192.8675,192.94,192.76,192.885,2484.0,MORN
2023-03-10 13:44:00,193.47,193.47,193.47,193.47,224.0,MORN
2023-03-10 13:37:00,193.045,193.15,193.045,193.15,374.0,MORN
2023-03-10 13:35:00,193.28,193.46,193.0017,193.35,2534.0,MORN
2023-03-10 13:33:00,193.44,193.44,193.44,193.44,107.0,MORN
2023-03-10 13:32:00,193.43,193.43,193.43,193.43,188.0,MORN
2023-03-10 13:29:00,193.44,193.44,193.44,193.44,116.0,MORN
2023-03-10 13:24:00,193.155,193.62,193.1,193.445,3140.0,MORN
2023-03-10 13:22:00,193.2,193.2,193.2,193.2,170.0,MORN
2023-03-10 13:18:00,193.23,193.23,193.23,193.23,119.0,MORN
2023-03-10 13:15:00,193.63,193.63,193.63,193.63,257.0,MORN
2023-03-10 13:14:00,193.83,193.83,193.83,193.83,482.0,MORN
2023-03-10 13:03:00,194.74,194.74,194.74,194.74,123.0,MORN
2023-03-10 13:02:00,194.99,194.99,194.99,194.99,500.0,MORN
2023-03-10 13:00:00,195.005,195.005,195.005,195.005,107.0,MORN
2023-03-10 12:59:00,194.92,195.015,194.71,195.01,1109.0,MORN
2023-03-10 12:55:00,195.11,195.13,195.05,195.13,673.0,MORN
2023-03-10 12:54:00,195.07,195.11,194.91,194.94,1444.0,MORN
2023-03-10 12:50:00,195.4,195.4,195.4,195.4,111.0,MORN
2023-03-10 12:49:00,195.05,195.05,195.05,195.05,138.0,MORN
2023-03-10 12:47:00,195.25,195.53,195.25,195.53,437.0,MORN
2023-03-10 12:45:00,195.04,195.22,195.01,195.22,1280.0,MORN
2023-03-10 12:44:00,195.02,195.02,195.02,195.02,241.0,MORN
2023-03-10 12:42:00,195.18,195.18,194.82,194.955,661.0,MORN
2023-03-10 12:41:00,195.37,195.37,195.18,195.22,992.0,MORN
2023-03-10 12:38:00,195.3844,195.3844,195.3844,195.3844,183.0,MORN
2023-03-10 12:37:00,195.52,195.785,195.37,195.785,916.0,MORN
2023-03-10 12:33:00,195.6275,196.42,195.6275,196.42,489.0,MORN
2023-03-10 12:32:00,194.91,195.08,194.91,195.08,210.0,MORN
2023-03-10 12:31:00,195.42,195.42,195.11,195.11,844.0,MORN
2023-03-10 12:29:00,195.37,195.37,195.37,195.37,411.0,MORN
2023-03-10 12:26:00,194.71,195.41,194.69,195.41,797.0,MORN
2023-03-10 12:21:00,195.07,195.07,195.07,195.07,105.0,MORN
2023-03-10 12:18:00,195.23,195.23,195.23,195.23,116.0,MORN
2023-03-10 12:16:00,195.015,195.015,195.015,195.015,104.0,MORN
2023-03-10 12:11:00,195.075,195.12,195.075,195.12,288.0,MORN
2023-03-10 12:09:00,195.5,195.5,195.49,195.49,483.0,MORN
2023-03-10 12:08:00,196.07,196.07,196.07,196.07,116.0,MORN
2023-03-10 12:00:00,195.78,195.78,195.78,195.78,310.0,MORN
2023-03-10 11:57:00,195.7393,195.7393,195.7393,195.7393,215.0,MORN
2023-03-10 11:56:00,196.035,196.035,196.035,196.035,273.0,MORN
2023-03-10 11:55:00,196.49,196.6,196.25,196.27,1259.0,MORN
2023-03-10 11:47:00,196.3,196.3,196.18,196.18,400.0,MORN
2023-03-10 11:45:00,196.94,196.94,196.94,196.94,356.0,MORN
2023-03-10 11:43:00,197.26,197.45,197.2,197.45,526.0,MORN
2023-03-10 11:41:00,197.53,197.53,197.53,197.53,264.0,MORN
2023-03-10 11:40:00,197.25,197.37,197.16,197.195,1045.0,MORN
2023-03-10 11:30:00,197.12,197.12,196.95,196.95,352.0,MORN
2023-03-10 11:28:00,197.09,197.09,197.09,197.09,218.0,MORN
2023-03-10 11:24:00,196.78,196.78,196.78,196.78,109.0,MORN
2023-03-10 11:21:00,195.93,195.94,195.93,195.94,489.0,MORN
2023-03-10 11:16:00,195.41,195.41,195.41,195.41,345.0,MORN
2023-03-10 11:15:00,195.71,195.71,195.71,195.71,302.0,MORN
2023-03-10 11:13:00,196.74,196.74,195.97,196.08,1645.0,MORN
2023-03-10 11:12:00,197.31,197.31,196.99,196.99,1802.0,MORN
2023-03-10 10:58:00,196.44,196.44,196.44,196.44,127.0,MORN
2023-03-10 10:56:00,195.76,195.76,195.76,195.76,340.0,MORN
2023-03-10 10:54:00,195.4,195.4,195.35,195.35,646.0,MORN
2023-03-10 10:50:00,194.06,194.06,194.06,194.06,102.0,MORN
2023-03-10 10:43:00,195.34,195.34,195.34,195.34,503.0,MORN
2023-03-10 10:31:00,195.65,195.65,195.38,195.48,897.0,MORN
2023-03-10 10:28:00,195.07,195.07,195.07,195.07,101.0,MORN
2023-03-10 10:27:00,195.055,195.055,195.055,195.055,126.0,MORN
2023-03-10 10:25:00,195.02,195.02,195.02,195.02,1034.0,MORN
2023-03-10 10:22:00,194.72,194.72,194.72,194.72,121.0,MORN
2023-03-10 10:21:00,195.37,195.37,195.37,195.37,152.0,MORN
2023-03-10 10:12:00,195.59,195.59,195.59,195.59,434.0,MORN
2023-03-10 10:10:00,195.59,195.59,195.59,195.59,105.0,MORN
2023-03-10 10:08:00,196.0,196.0,196.0,196.0,270.0,MORN
2023-03-10 10:07:00,196.0,196.0,196.0,196.0,422.0,MORN
2023-03-10 10:04:00,195.77,195.77,195.59,195.59,453.0,MORN
2023-03-10 10:03:00,195.79,195.79,195.785,195.785,340.0,MORN
2023-03-10 10:02:00,196.0,196.0,196.0,196.0,410.0,MORN
2023-03-10 10:01:00,196.0,196.18,195.79,195.79,1744.0,MORN
2023-03-10 10:00:00,195.265,196.0,195.265,196.0,1069.0,MORN
2023-03-10 09:59:00,195.69,195.71,195.69,195.71,367.0,MORN
2023-03-10 09:55:00,195.56,195.785,195.56,195.785,701.0,MORN
2023-03-10 09:54:00,196.5,196.5,196.5,196.5,702.0,MORN
2023-03-10 09:51:00,196.0,196.0,196.0,196.0,508.0,MORN
2023-03-10 09:47:00,196.26,196.26,196.0,196.0,464.0,MORN
2023-03-10 09:36:00,200.16,200.16,198.33,198.34,2994.0,MORN
2023-03-10 09:32:00,200.52,200.52,200.52,200.52,100.0,MORN
2023-03-10 09:31:00,201.65,201.65,201.65,201.65,556.0,MORN
2023-03-09 16:01:00,201.12,201.12,201.12,201.12,8464.0,MORN
2023-03-09 16:00:00,201.76,201.76,201.17,201.19,7213.0,MORN
2023-03-09 15:59:00,201.98,202.05,201.76,201.76,3278.0,MORN
2023-03-09 15:58:00,201.96,202.06,201.96,202.06,1322.0,MORN
2023-03-09 15:57:00,202.13,202.13,202.04,202.08,1389.0,MORN
2023-03-09 15:56:00,202.145,202.18,202.145,202.15,1078.0,MORN
2023-03-09 15:55:00,202.37,202.37,202.24,202.24,1514.0,MORN
2023-03-09 15:53:00,202.58,202.58,202.37,202.37,1542.0,MORN
2023-03-09 15:51:00,202.65,202.72,202.65,202.655,863.0,MORN
2023-03-09 15:50:00,202.39,202.61,202.39,202.61,788.0,MORN
2023-03-09 15:49:00,202.155,202.155,202.155,202.155,215.0,MORN
2023-03-09 15:38:00,202.26,202.26,202.26,202.26,585.0,MORN
2023-03-09 15:34:00,202.38,202.69,202.37,202.69,1346.0,MORN
2023-03-09 15:31:00,202.055,202.055,201.96,201.96,708.0,MORN
2023-03-09 15:29:00,202.73,202.78,202.71,202.71,706.0,MORN
2023-03-09 15:28:00,203.095,203.32,202.97,203.16,6120.0,MORN
2023-03-09 15:27:00,202.93,203.225,202.93,203.225,551.0,MORN
2023-03-09 15:24:00,202.95,203.09,202.95,203.09,627.0,MORN
2023-03-09 15:20:00,203.1,203.1,203.1,203.1,244.0,MORN
2023-03-09 15:15:00,203.23,203.23,203.23,203.23,237.0,MORN
2023-03-09 15:14:00,203.485,203.485,203.485,203.485,207.0,MORN
2023-03-09 15:13:00,203.52,203.52,203.52,203.52,120.0,MORN
2023-03-09 15:07:00,204.0,204.0,203.88,203.88,688.0,MORN
2023-03-09 14:59:00,203.93,203.93,203.93,203.93,136.0,MORN
2023-03-09 14:57:00,204.68,204.68,204.68,204.68,161.0,MORN
2023-03-09 14:56:00,204.955,205.1,204.955,205.1,232.0,MORN
2023-03-09 14:48:00,205.87,205.87,205.87,205.87,170.0,MORN
2023-03-09 14:43:00,205.92,206.04,205.92,205.98,1220.0,MORN
2023-03-09 14:39:00,205.535,205.535,205.535,205.535,110.0,MORN
2023-03-09 14:38:00,206.3575,206.4,206.0,206.0,1964.0,MORN
2023-03-09 14:32:00,206.945,206.945,206.71,206.94,619.0,MORN
2023-03-09 14:31:00,206.97,206.97,206.945,206.945,202.0,MORN
2023-03-09 14:30:00,206.94,206.94,206.58,206.87,1845.0,MORN
2023-03-09 14:29:00,207.0,207.0,207.0,207.0,131.0,MORN
2023-03-09 14:27:00,207.0,207.0,207.0,207.0,272.0,MORN
2023-03-09 14:26:00,206.99,207.01,206.99,206.99,857.0,MORN
2023-03-09 14:25:00,206.97,206.97,206.97,206.97,577.0,MORN
2023-03-09 14:22:00,206.575,206.575,206.575,206.575,215.0,MORN
2023-03-09 14:17:00,206.73,206.73,206.73,206.73,121.0,MORN
2023-03-09 14:13:00,205.88,205.88,205.88,205.88,175.0,MORN
2023-03-09 14:05:00,206.76,206.76,206.76,206.76,120.0,MORN
2023-03-09 14:04:00,206.89,206.895,206.89,206.895,610.0,MORN
2023-03-09 14:02:00,206.5,206.5,206.5,206.5,174.0,MORN
2023-03-09 13:56:00,207.045,207.045,206.78,206.935,321.0,MORN
2023-03-09 13:55:00,206.75,206.75,206.75,206.75,108.0,MORN
2023-03-09 13:54:00,207.04,207.11,207.025,207.025,1473.0,MORN
2023-03-09 13:52:00,206.77,206.77,206.77,206.77,104.0,MORN
2023-03-09 13:51:00,206.795,206.795,206.795,206.795,384.0,MORN
2023-03-09 13:49:00,206.82,206.82,206.81,206.81,317.0,MORN
2023-03-09 13:48:00,207.22,207.22,207.22,207.22,343.0,MORN
2023-03-09 13:45:00,207.58,207.58,207.58,207.58,313.0,MORN
2023-03-09 13:43:00,207.53,207.53,207.255,207.38,505.0,MORN
2023-03-09 13:40:00,207.44,207.44,207.44,207.44,202.0,MORN
2023-03-09 13:39:00,207.53,207.53,207.53,207.53,122.0,MORN
2023-03-09 13:38:00,207.53,207.53,207.35,207.35,420.0,MORN
2023-03-09 13:34:00,206.815,207.5,206.815,207.29,1767.0,MORN
2023-03-09 13:33:00,206.97,206.97,206.97,206.97,328.0,MORN
2023-03-09 13:24:00,207.58,207.58,207.58,207.58,295.0,MORN
2023-03-09 13:10:00,208.2,208.2,208.2,208.2,221.0,MORN
2023-03-09 13:09:00,208.4999,208.4999,208.4999,208.4999,225.0,MORN
2023-03-09 13:08:00,208.265,208.265,208.265,208.265,132.0,MORN
2023-03-09 13:06:00,208.39,208.39,208.39,208.39,537.0,MORN
2023-03-09 13:01:00,208.14,208.14,208.14,208.14,114.0,MORN
2023-03-09 13:00:00,208.43,208.43,207.86,207.86,276.0,MORN
2023-03-09 12:49:00,208.33,208.33,208.33,208.33,443.0,MORN
2023-03-09 12:45:00,208.51,208.51,208.28,208.28,687.0,MORN
2023-03-09 12:44:00,208.63,208.7,208.63,208.7,870.0,MORN
2023-03-09 12:36:00,208.36,208.36,208.36,208.36,194.0,MORN
2023-03-09 12:34:00,208.89,209.005,208.31,208.35,1335.0,MORN
2023-03-09 12:11:00,208.64,208.64,208.64,208.64,322.0,MORN
2023-03-09 12:09:00,208.61,208.61,208.61,208.61,217.0,MORN
2023-03-09 12:08:00,208.39,208.39,208.39,208.39,479.0,MORN
2023-03-09 11:59:00,208.35,208.35,208.35,208.35,119.0,MORN
2023-03-09 11:53:00,208.37,208.37,208.37,208.37,203.0,MORN
2023-03-09 11:31:00,208.23,208.535,208.2,208.535,975.0,MORN
2023-03-09 11:17:00,208.25,208.2925,208.25,208.2925,313.0,MORN
2023-03-09 11:15:00,208.45,208.45,208.45,208.45,103.0,MORN
2023-03-09 10:58:00,208.96,208.96,208.96,208.96,489.0,MORN
2023-03-09 10:37:00,209.2,209.2,209.2,209.2,100.0,MORN
2023-03-09 10:31:00,209.085,209.41,209.085,209.175,773.0,MORN
2023-03-09 10:27:00,208.64,208.64,208.63,208.63,642.0,MORN
2023-03-09 10:25:00,207.55,208.075,207.55,207.95,1519.0,MORN
2023-03-09 10:24:00,207.1,207.17,206.9,206.95,1430.0,MORN
2023-03-09 10:13:00,207.93,207.93,207.93,207.93,132.0,MORN
2023-03-09 10:12:00,207.9,207.9,207.9,207.9,305.0,MORN
2023-03-09 10:04:00,208.28,209.13,208.28,208.59,1441.0,MORN
2023-03-09 10:01:00,207.96,207.96,207.96,207.96,264.0,MORN
2023-03-09 10:00:00,207.7,207.9,207.7,207.9,216.0,MORN
2023-03-09 09:43:00,208.24,208.24,208.24,208.24,242.0,MORN
2023-03-09 09:42:00,207.1,207.56,207.1,207.56,1456.0,MORN
2023-03-09 09:41:00,207.35,207.35,207.35,207.35,127.0,MORN
2023-03-09 09:40:00,206.8,207.2,206.8,207.2,420.0,MORN
2023-03-09 09:37:00,207.68,207.68,207.68,207.68,651.0,MORN
2023-03-09 09:36:00,207.67,207.67,207.67,207.67,134.0,MORN
2023-03-09 09:34:00,206.94,206.94,206.875,206.875,468.0,MORN
2023-03-09 09:33:00,207.3,207.45,206.94,207.1,2940.0,MORN
2023-03-09 09:31:00,208.15,209.215,208.15,209.215,369.0,MORN
2023-03-08 16:02:00,207.23,207.23,207.23,207.23,6992.0,MORN
2023-03-08 16:01:00,207.23,207.23,207.23,207.23,2256.0,MORN
2023-03-08 16:00:00,207.25,207.38,207.23,207.23,3978.0,MORN
2023-03-08 15:59:00,207.155,207.25,207.095,207.25,1950.0,MORN
2023-03-08 15:58:00,207.765,207.765,207.12,207.12,4037.0,MORN
2023-03-08 15:57:00,207.78,207.79,207.78,207.79,800.0,MORN
2023-03-08 15:56:00,207.465,207.6,207.465,207.6,1836.0,MORN
2023-03-08 15:55:00,207.31,207.59,207.135,207.59,2967.0,MORN
2023-03-08 15:54:00,207.35,207.35,207.35,207.35,382.0,MORN
2023-03-08 15:53:00,207.47,207.47,207.38,207.45,607.0,MORN
2023-03-08 15:52:00,207.64,207.64,207.15,207.4,876.0,MORN
2023-03-08 15:51:00,207.74,207.74,207.65,207.65,373.0,MORN
2023-03-08 15:50:00,207.85,207.88,207.57,207.57,1324.0,MORN
2023-03-08 15:49:00,207.84,207.95,207.84,207.87,493.0,MORN
2023-03-08 15:48:00,207.95,207.95,207.95,207.95,183.0,MORN
2023-03-08 15:47:00,208.0,208.0,207.855,207.855,514.0,MORN
2023-03-08 15:46:00,207.72,207.72,207.72,207.72,311.0,MORN
2023-03-08 15:43:00,207.6,207.8,207.55,207.8,1702.0,MORN
2023-03-08 15:42:00,207.64,207.64,207.585,207.585,556.0,MORN
2023-03-08 15:40:00,207.685,207.685,207.685,207.685,260.0,MORN
2023-03-08 15:37:00,207.51,207.69,207.51,207.69,669.0,MORN
2023-03-08 15:33:00,207.5,207.5,207.5,207.5,190.0,MORN
2023-03-08 15:32:00,207.36,207.36,207.36,207.36,189.0,MORN
2023-03-08 15:31:00,207.07,207.5,207.07,207.5,1453.0,MORN
2023-03-08 15:29:00,206.96,207.1,206.96,207.1,1265.0,MORN
2023-03-08 15:28:00,207.0,207.0,207.0,207.0,105.0,MORN
2023-03-08 15:26:00,206.84,207.0,206.84,206.84,426.0,MORN
2023-03-08 15:25:00,206.87,206.87,206.87,206.87,138.0,MORN
2023-03-08 15:24:00,207.0,207.0,207.0,207.0,297.0,MORN
2023-03-08 15:19:00,206.65,206.65,206.65,206.65,101.0,MORN
2023-03-08 15:16:00,207.0,207.0,206.82,207.0,958.0,MORN
2023-03-08 15:14:00,207.0,207.0,206.92,207.0,576.0,MORN
2023-03-08 15:13:00,206.94,206.94,206.94,206.94,186.0,MORN
2023-03-08 15:12:00,207.0,207.0,207.0,207.0,257.0,MORN
2023-03-08 15:11:00,207.02,207.02,207.0,207.0,765.0,MORN
2023-03-08 15:08:00,207.0,207.0,207.0,207.0,191.0,MORN
2023-03-08 15:07:00,207.0,207.0,206.95,206.95,1539.0,MORN
2023-03-08 15:02:00,207.0,207.05,206.98,207.0,1082.0,MORN
2023-03-08 15:00:00,206.96,206.96,206.96,206.96,154.0,MORN
2023-03-08 14:55:00,207.19,207.19,207.19,207.19,417.0,MORN
2023-03-08 14:54:00,207.1,207.1,207.1,207.1,382.0,MORN
2023-03-08 14:52:00,206.95,207.0,206.95,206.95,585.0,MORN
2023-03-08 14:49:00,206.77,206.77,206.77,206.77,160.0,MORN
2023-03-08 14:46:00,206.96,206.96,206.96,206.96,362.0,MORN
2023-03-08 14:43:00,207.0,207.0,206.97,206.97,990.0,MORN
2023-03-08 14:38:00,207.4,207.4,207.4,207.4,237.0,MORN
2023-03-08 14:35:00,207.13,207.13,207.13,207.13,241.0,MORN
2023-03-08 14:32:00,207.49,207.49,207.49,207.49,120.0,MORN
2023-03-08 14:29:00,206.95,206.95,206.95,206.95,342.0,MORN
2023-03-08 14:25:00,207.0,207.0,207.0,207.0,137.0,MORN
2023-03-08 14:22:00,207.17,207.17,207.055,207.055,506.0,MORN
2023-03-08 14:21:00,206.9,206.9,206.9,206.9,237.0,MORN
2023-03-08 14:14:00,206.75,206.96,206.75,206.96,741.0,MORN
2023-03-08 14:10:00,206.81,206.81,206.81,206.81,450.0,MORN
2023-03-08 14:08:00,206.57,206.57,206.57,206.57,193.0,MORN
2023-03-08 14:06:00,206.67,206.87,206.67,206.87,488.0,MORN
2023-03-08 13:59:00,206.86,206.86,206.86,206.86,119.0,MORN
2023-03-08 13:58:00,206.87,206.87,206.87,206.87,210.0,MORN
2023-03-08 13:54:00,206.71,206.71,206.71,206.71,286.0,MORN
2023-03-08 13:52:00,206.41,206.56,206.41,206.56,1581.0,MORN
2023-03-08 13:51:00,206.52,206.52,206.415,206.415,247.0,MORN
2023-03-08 13:50:00,206.77,207.0,206.74,206.79,919.0,MORN
2023-03-08 13:46:00,206.99,207.0,206.99,207.0,579.0,MORN
2023-03-08 13:37:00,207.25,207.25,207.23,207.23,271.0,MORN
2023-03-08 13:32:00,207.27,207.27,207.27,207.27,316.0,MORN
2023-03-08 13:29:00,207.0,207.18,207.0,207.18,455.0,MORN
2023-03-08 13:23:00,207.0875,207.24,207.0875,207.24,1254.0,MORN
2023-03-08 13:18:00,206.99,206.99,206.99,206.99,593.0,MORN
2023-03-08 13:12:00,206.76,207.0,206.76,207.0,321.0,MORN
2023-03-08 13:11:00,206.95,206.95,206.95,206.95,124.0,MORN
2023-03-08 13:10:00,207.02,207.02,207.02,207.02,139.0,MORN
2023-03-08 13:06:00,206.74,206.74,206.74,206.74,153.0,MORN
2023-03-08 12:59:00,207.435,207.435,207.435,207.435,320.0,MORN
2023-03-08 12:58:00,207.435,207.435,207.435,207.435,158.0,MORN
2023-03-08 12:56:00,207.47,207.47,207.47,207.47,181.0,MORN
2023-03-08 12:55:00,207.62,207.62,207.62,207.62,196.0,MORN
2023-03-08 12:33:00,206.81,206.97,206.81,206.97,1371.0,MORN
2023-03-08 12:32:00,206.94,207.0,206.94,207.0,777.0,MORN
2023-03-08 12:31:00,207.0,207.0,207.0,207.0,166.0,MORN
2023-03-08 12:29:00,206.95,206.95,206.95,206.95,188.0,MORN
2023-03-08 12:26:00,206.94,206.94,206.94,206.94,158.0,MORN
2023-03-08 12:19:00,207.025,207.025,207.025,207.025,151.0,MORN
2023-03-08 12:13:00,207.14,207.14,207.14,207.14,360.0,MORN
2023-03-08 12:11:00,207.24,207.24,207.14,207.14,240.0,MORN
2023-03-08 12:05:00,207.43,207.43,207.43,207.43,143.0,MORN
2023-03-08 11:47:00,206.77,207.0,206.745,207.0,999.0,MORN
2023-03-08 11:45:00,206.565,206.565,206.565,206.565,214.0,MORN
2023-03-08 11:44:00,206.55,206.55,206.55,206.55,100.0,MORN
2023-03-08 11:41:00,206.15,206.15,206.15,206.15,100.0,MORN
2023-03-08 11:38:00,206.86,206.86,206.86,206.86,103.0,MORN
2023-03-08 11:32:00,206.6,206.77,206.51,206.655,1730.0,MORN
2023-03-08 11:31:00,205.89,206.85,205.89,206.315,2602.0,MORN
2023-03-08 11:30:00,207.0,207.0,206.99,206.99,756.0,MORN
2023-03-08 11:29:00,207.21,207.21,207.2,207.21,517.0,MORN
2023-03-08 11:20:00,207.32,207.32,207.32,207.32,320.0,MORN
2023-03-08 11:02:00,207.165,207.165,207.165,207.165,216.0,MORN
2023-03-08 11:01:00,207.11,207.21,207.11,207.21,626.0,MORN
2023-03-08 10:55:00,206.98,206.98,206.98,206.98,110.0,MORN
2023-03-08 10:54:00,207.06,207.06,207.06,207.06,787.0,MORN
2023-03-08 10:53:00,206.91,207.08,206.7,206.96,1376.0,MORN
2023-03-08 10:49:00,207.0,207.0,206.925,206.925,539.0,MORN
2023-03-08 10:48:00,206.67,206.67,206.67,206.67,101.0,MORN
2023-03-08 10:46:00,206.965,206.965,206.965,206.965,172.0,MORN
2023-03-08 10:44:00,206.99,206.99,206.99,206.99,101.0,MORN
2023-03-08 10:42:00,206.99,206.99,206.99,206.99,117.0,MORN
2023-03-08 10:34:00,207.23,207.23,207.23,207.23,185.0,MORN
2023-03-08 10:31:00,206.99,206.99,206.7,206.9,483.0,MORN
2023-03-08 10:27:00,206.53,206.53,206.53,206.53,136.0,MORN
2023-03-08 10:25:00,207.0,207.02,207.0,207.02,229.0,MORN
2023-03-08 10:24:00,206.98,206.98,206.98,206.98,255.0,MORN
2023-03-08 10:23:00,206.81,206.93,206.81,206.93,502.0,MORN
2023-03-08 10:22:00,206.47,206.7,206.47,206.7,962.0,MORN
2023-03-08 10:19:00,206.465,206.465,206.465,206.465,122.0,MORN
2023-03-08 10:18:00,206.9,207.0,206.87,206.87,955.0,MORN
2023-03-08 10:17:00,207.0,207.0,206.99,206.99,275.0,MORN
2023-03-08 10:14:00,207.11,207.58,207.0,207.0,2064.0,MORN
2023-03-08 10:13:00,207.0,207.0,206.86,207.0,3209.0,MORN
2023-03-08 10:12:00,207.185,207.185,206.73,206.995,3282.0,MORN
2023-03-08 10:10:00,206.98,206.98,206.94,206.96,675.0,MORN
2023-03-08 10:09:00,206.845,206.845,206.7575,206.7575,397.0,MORN
2023-03-08 10:08:00,206.25,206.25,206.2,206.2,208.0,MORN
2023-03-08 10:04:00,206.0,206.17,206.0,206.13,1090.0,MORN
2023-03-08 10:02:00,206.1,206.1,206.1,206.1,216.0,MORN
2023-03-08 10:01:00,206.16,206.545,206.16,206.5275,456.0,MORN
2023-03-08 09:59:00,206.785,206.785,206.78,206.78,264.0,MORN
2023-03-08 09:58:00,206.9,206.9,206.9,206.9,4439.0,MORN
2023-03-08 09:54:00,206.66,206.66,206.66,206.66,172.0,MORN
2023-03-08 09:36:00,206.965,206.965,206.965,206.965,271.0,MORN
2023-03-08 09:31:00,208.45,208.66,207.35,207.35,728.0,MORN
2023-03-07 16:02:00,207.9,207.9,207.9,207.9,319.0,MORN
2023-03-07 16:01:00,207.9,207.9,207.9,207.9,1755.0,MORN
2023-03-07 16:00:00,207.68,208.04,207.64,207.97,7236.0,MORN
2023-03-07 15:59:00,208.02,208.02,207.7,207.7,647.0,MORN
2023-03-07 15:58:00,207.79,207.91,207.79,207.9,1162.0,MORN
2023-03-07 15:57:00,207.9,207.9,207.9,207.9,515.0,MORN
2023-03-07 15:56:00,207.71,208.04,207.69,207.855,2830.0,MORN
2023-03-07 15:55:00,207.9,207.9,207.65,207.88,2271.0,MORN
2023-03-07 15:53:00,207.9,207.9,207.76,207.76,992.0,MORN
2023-03-07 15:52:00,207.9,207.9,207.67,207.8325,1158.0,MORN
2023-03-07 15:51:00,207.78,207.9,207.595,207.9,1103.0,MORN
2023-03-07 15:49:00,207.78,207.78,207.78,207.78,296.0,MORN
2023-03-07 15:48:00,207.595,207.78,207.595,207.6,561.0,MORN
2023-03-07 15:47:00,207.54,207.69,207.54,207.62,593.0,MORN
2023-03-07 15:46:00,207.79,207.79,207.54,207.69,575.0,MORN
2023-03-07 15:45:00,207.8,207.805,207.56,207.69,726.0,MORN
2023-03-07 15:44:00,207.67,207.67,207.67,207.67,137.0,MORN
2023-03-07 15:43:00,207.57,207.57,207.57,207.57,121.0,MORN
2023-03-07 15:42:00,207.585,207.585,207.585,207.585,219.0,MORN
2023-03-07 15:38:00,207.635,207.635,207.635,207.635,197.0,MORN
2023-03-07 15:33:00,207.605,207.605,207.605,207.605,105.0,MORN
2023-03-07 15:31:00,207.39,207.43,207.39,207.43,903.0,MORN
2023-03-07 15:30:00,207.4,207.4,207.4,207.4,214.0,MORN
2023-03-07 15:29:00,207.41,207.41,207.41,207.41,589.0,MORN
2023-03-07 15:27:00,207.42,207.42,207.415,207.415,320.0,MORN
2023-03-07 15:26:00,207.45,207.45,207.44,207.44,350.0,MORN
2023-03-07 15:24:00,207.445,207.445,207.445,207.445,120.0,MORN
2023-03-07 15:23:00,207.47,207.47,207.28,207.28,380.0,MORN
2023-03-07 15:22:00,207.48,207.48,207.45,207.45,256.0,MORN
2023-03-07 15:21:00,207.48,207.48,207.31,207.48,346.0,MORN
2023-03-07 15:19:00,207.4175,207.4175,207.4175,207.4175,266.0,MORN
2023-03-07 15:18:00,207.5,207.5,207.5,207.5,148.0,MORN
2023-03-07 15:16:00,207.5,207.5,207.5,207.5,130.0,MORN
2023-03-07 15:15:00,207.5,207.5,207.485,207.485,216.0,MORN
2023-03-07 15:01:00,207.35,207.35,207.35,207.35,159.0,MORN
2023-03-07 15:00:00,207.36,207.48,207.36,207.48,241.0,MORN
2023-03-07 14:59:00,207.28,207.29,207.25,207.29,1205.0,MORN
2023-03-07 14:58:00,207.0,207.0,206.945,206.945,427.0,MORN
2023-03-07 14:57:00,207.0,207.0,207.0,207.0,152.0,MORN
2023-03-07 14:54:00,207.02,207.02,207.02,207.02,1199.0,MORN
2023-03-07 14:53:00,207.0,207.0,207.0,207.0,124.0,MORN
2023-03-07 14:45:00,206.715,206.715,206.715,206.715,288.0,MORN
2023-03-07 14:40:00,207.0,207.0,206.85,207.0,501.0,MORN
2023-03-07 14:39:00,206.87,206.87,206.73,206.73,221.0,MORN
2023-03-07 14:38:00,207.0,207.0,207.0,207.0,231.0,MORN
2023-03-07 14:37:00,206.91,206.91,206.865,206.865,504.0,MORN
2023-03-07 14:32:00,207.12,207.12,207.12,207.12,103.0,MORN
2023-03-07 14:29:00,206.5,206.5,206.5,206.5,110.0,MORN
2023-03-07 14:26:00,206.475,206.485,206.475,206.485,209.0,MORN
2023-03-07 14:25:00,206.665,207.27,205.9054,206.475,8913.0,MORN
2023-03-07 14:23:00,206.775,206.775,206.775,206.775,105.0,MORN
2023-03-07 14:20:00,207.0,207.0,207.0,207.0,146.0,MORN
2023-03-07 14:14:00,207.21,207.22,207.21,207.22,589.0,MORN
2023-03-07 14:13:00,207.21,207.21,207.21,207.21,211.0,MORN
2023-03-07 14:12:00,207.3,207.3,207.3,207.3,205.0,MORN
2023-03-07 14:11:00,207.0,207.21,207.0,207.21,1085.0,MORN
2023-03-07 14:10:00,206.88,206.88,206.88,206.88,121.0,MORN
2023-03-07 14:09:00,206.89,206.89,206.89,206.89,268.0,MORN
2023-03-07 14:01:00,206.91,206.91,206.91,206.91,161.0,MORN
2023-03-07 14:00:00,207.205,207.205,207.205,207.205,113.0,MORN
2023-03-07 13:57:00,207.255,207.255,207.255,207.255,225.0,MORN
2023-03-07 13:54:00,206.9,206.9,206.9,206.9,111.0,MORN
2023-03-07 13:47:00,206.83,207.0,206.645,206.885,644.0,MORN
2023-03-07 13:46:00,207.17,207.19,207.17,207.19,311.0,MORN
2023-03-07 13:45:00,207.2,207.2,207.2,207.2,231.0,MORN
2023-03-07 13:44:00,207.2,207.2,207.2,207.2,113.0,MORN
2023-03-07 13:41:00,207.665,207.665,207.26,207.26,508.0,MORN
2023-03-07 13:39:00,207.665,207.665,207.665,207.665,118.0,MORN
2023-03-07 13:34:00,207.915,207.915,207.915,207.915,119.0,MORN
2023-03-07 13:32:00,207.895,207.895,207.895,207.895,107.0,MORN
2023-03-07 13:31:00,207.92,207.92,207.9,207.9,203.0,MORN
2023-03-07 13:27:00,207.5,207.8,207.5,207.8,3405.0,MORN
2023-03-07 13:26:00,207.0,207.56,206.84,207.56,686.0,MORN
2023-03-07 13:19:00,206.73,206.73,206.73,206.73,101.0,MORN
2023-03-07 13:17:00,207.185,207.185,207.185,207.185,100.0,MORN
2023-03-07 13:09:00,207.32,207.32,207.32,207.32,329.0,MORN
2023-03-07 13:08:00,207.46,207.79,207.46,207.79,643.0,MORN
2023-03-07 12:57:00,208.73,208.73,208.73,208.73,541.0,MORN
2023-03-07 12:55:00,208.395,208.62,208.395,208.62,1175.0,MORN
2023-03-07 12:48:00,208.74,208.74,208.74,208.74,116.0,MORN
2023-03-07 12:42:00,208.78,208.78,208.78,208.78,233.0,MORN
2023-03-07 12:33:00,208.82,208.82,208.82,208.82,100.0,MORN
2023-03-07 12:31:00,208.81,208.81,208.79,208.79,227.0,MORN
2023-03-07 12:30:00,208.9,208.9,208.9,208.9,135.0,MORN
2023-03-07 12:28:00,209.3,209.3,209.3,209.3,113.0,MORN
2023-03-07 12:26:00,209.415,209.45,209.415,209.45,541.0,MORN
2023-03-07 12:20:00,208.75,209.02,208.75,209.02,998.0,MORN
2023-03-07 12:18:00,208.8,208.8,208.8,208.8,493.0,MORN
2023-03-07 12:15:00,208.71,208.71,208.71,208.71,100.0,MORN
2023-03-07 12:14:00,208.72,208.75,208.72,208.75,204.0,MORN
2023-03-07 12:10:00,208.8818,208.8818,208.69,208.69,511.0,MORN
2023-03-07 11:59:00,208.73,208.75,208.635,208.75,541.0,MORN
2023-03-07 11:58:00,208.51,208.51,208.51,208.51,183.0,MORN
2023-03-07 11:57:00,208.74,208.75,208.74,208.75,753.0,MORN
2023-03-07 11:45:00,209.02,209.02,208.91,208.91,1353.0,MORN
2023-03-07 11:42:00,208.75,209.0,208.47,208.95,2332.0,MORN
2023-03-07 11:36:00,208.5675,208.5675,208.5675,208.5675,109.0,MORN
2023-03-07 11:25:00,208.75,208.75,208.75,208.75,363.0,MORN
2023-03-07 11:20:00,209.09,209.09,209.09,209.09,435.0,MORN
2023-03-07 11:17:00,208.75,208.75,208.72,208.72,363.0,MORN
2023-03-07 11:06:00,208.67,208.67,208.565,208.565,369.0,MORN
2023-03-07 11:03:00,208.66,208.66,208.66,208.66,228.0,MORN
2023-03-07 11:01:00,207.8099,208.66,207.8099,208.66,1049.0,MORN
2023-03-07 11:00:00,208.42,208.42,208.42,208.42,229.0,MORN
2023-03-07 10:55:00,208.805,208.87,208.805,208.87,712.0,MORN
2023-03-07 10:54:00,208.6,208.6,208.6,208.6,194.0,MORN
2023-03-07 10:52:00,208.28,208.28,208.28,208.28,200.0,MORN
2023-03-07 10:51:00,208.26,208.26,208.26,208.26,315.0,MORN
2023-03-07 10:50:00,208.4,208.4,208.4,208.4,386.0,MORN
2023-03-07 10:48:00,209.11,209.11,209.11,209.11,646.0,MORN
2023-03-07 10:45:00,208.6,208.6,208.6,208.6,527.0,MORN
2023-03-07 10:44:00,208.53,208.6,208.53,208.6,661.0,MORN
2023-03-07 10:42:00,208.755,208.755,208.09,208.7,1445.0,MORN
2023-03-07 10:40:00,208.84,208.84,208.84,208.84,161.0,MORN
2023-03-07 10:39:00,209.05,209.05,209.05,209.05,289.0,MORN
2023-03-07 10:36:00,208.86,208.985,208.86,208.985,444.0,MORN
2023-03-07 10:34:00,209.27,209.27,209.0,209.0,2428.0,MORN
2023-03-07 10:33:00,208.55,208.55,208.55,208.55,398.0,MORN
2023-03-07 10:13:00,208.2581,208.435,207.725,208.435,1855.0,MORN
2023-03-07 10:04:00,208.99,208.99,208.99,208.99,258.0,MORN
2023-03-07 09:48:00,211.3,211.3,211.3,211.3,119.0,MORN
2023-03-07 09:32:00,209.14,209.14,209.14,209.14,112.0,MORN
2023-03-07 09:31:00,209.83,209.83,209.83,209.83,359.0,MORN
2023-03-06 16:01:00,210.14,210.14,210.14,210.14,785.0,MORN
2023-03-06 16:00:00,210.29,210.48,210.18,210.39,5333.0,MORN
2023-03-06 15:59:00,210.48,210.48,210.46,210.46,754.0,MORN
2023-03-06 15:58:00,210.715,210.715,210.4,210.4,1627.0,MORN
2023-03-06 15:57:00,210.86,210.99,210.825,210.825,498.0,MORN
2023-03-06 15:56:00,210.88,210.96,210.61,210.69,3209.0,MORN
2023-03-06 15:55:00,210.94,210.995,210.88,210.995,1023.0,MORN
2023-03-06 15:54:00,211.09,211.09,211.09,211.09,266.0,MORN
2023-03-06 15:52:00,210.99,210.99,210.99,210.99,954.0,MORN
2023-03-06 15:51:00,210.98,210.98,210.97,210.97,406.0,MORN
2023-03-06 15:50:00,210.91,210.91,210.91,210.91,359.0,MORN
2023-03-06 15:49:00,210.82,210.89,210.75,210.75,722.0,MORN
2023-03-06 15:47:00,210.955,210.955,210.83,210.83,578.0,MORN
2023-03-06 15:46:00,210.98,210.98,210.98,210.98,658.0,MORN
2023-03-06 15:45:00,210.99,210.99,210.985,210.985,554.0,MORN
2023-03-06 15:43:00,210.74,210.74,210.74,210.74,202.0,MORN
2023-03-06 15:41:00,210.59,210.59,210.59,210.59,106.0,MORN
2023-03-06 15:37:00,210.845,210.845,210.845,210.845,231.0,MORN
2023-03-06 15:36:00,210.97,210.97,210.97,210.97,350.0,MORN
2023-03-06 15:35:00,211.025,211.025,211.025,211.025,136.0,MORN
2023-03-06 15:31:00,211.22,211.22,211.22,211.22,167.0,MORN
2023-03-06 15:28:00,211.09,211.115,211.09,211.115,208.0,MORN
2023-03-06 15:25:00,211.3,211.3,211.3,211.3,115.0,MORN
2023-03-06 15:24:00,211.395,211.43,211.395,211.43,666.0,MORN
2023-03-06 15:20:00,211.69,211.93,211.39,211.44,1516.0,MORN
2023-03-06 15:19:00,211.67,211.67,211.38,211.38,450.0,MORN
2023-03-06 15:16:00,211.67,212.11,211.67,212.11,229.0,MORN
2023-03-06 15:15:00,212.12,212.4,212.11,212.18,1043.0,MORN
2023-03-06 15:14:00,212.42,212.71,212.42,212.71,307.0,MORN
2023-03-06 15:10:00,212.66,212.75,212.12,212.75,2782.0,MORN
2023-03-06 15:09:00,212.565,212.57,212.565,212.57,416.0,MORN
2023-03-06 15:08:00,212.59,212.63,212.525,212.525,664.0,MORN
2023-03-06 15:07:00,212.55,212.55,212.45,212.45,372.0,MORN
2023-03-06 15:04:00,212.55,212.55,212.55,212.55,255.0,MORN
2023-03-06 15:02:00,212.455,212.455,212.455,212.455,114.0,MORN
2023-03-06 15:01:00,212.61,212.61,212.61,212.61,583.0,MORN
2023-03-06 14:58:00,212.5,212.5,212.5,212.5,154.0,MORN
2023-03-06 14:56:00,212.75,212.75,212.49,212.64,932.0,MORN
2023-03-06 14:54:00,212.48,212.48,212.48,212.48,108.0,MORN
2023-03-06 14:53:00,212.55,212.55,212.55,212.55,270.0,MORN
2023-03-06 14:52:00,212.53,212.75,212.53,212.75,450.0,MORN
2023-03-06 14:49:00,212.47,212.51,212.47,212.51,207.0,MORN
2023-03-06 14:45:00,212.57,212.63,212.57,212.63,617.0,MORN
2023-03-06 14:44:00,212.57,212.57,212.57,212.57,158.0,MORN
2023-03-06 14:42:00,212.62,212.62,212.62,212.62,279.0,MORN
2023-03-06 14:40:00,212.25,212.25,212.25,212.25,568.0,MORN
2023-03-06 14:38:00,212.035,212.035,212.035,212.035,389.0,MORN
2023-03-06 14:37:00,212.05,212.05,212.02,212.05,907.0,MORN
2023-03-06 14:35:00,212.05,212.05,211.74,211.74,500.0,MORN
2023-03-06 14:33:00,212.38,212.48,212.06,212.06,1014.0,MORN
2023-03-06 14:32:00,212.48,212.48,212.48,212.48,114.0,MORN
2023-03-06 14:31:00,212.48,212.63,212.48,212.48,456.0,MORN
2023-03-06 14:30:00,212.48,212.48,212.48,212.48,264.0,MORN
2023-03-06 14:29:00,212.56,212.63,212.56,212.63,603.0,MORN
2023-03-06 14:28:00,212.565,212.565,212.565,212.565,257.0,MORN
2023-03-06 14:25:00,212.175,212.5,212.175,212.38,1706.0,MORN
2023-03-06 14:24:00,212.27,212.27,212.27,212.27,311.0,MORN
2023-03-06 14:21:00,211.975,211.975,211.975,211.975,152.0,MORN
2023-03-06 14:19:00,211.99,211.99,211.99,211.99,108.0,MORN
2023-03-06 14:18:00,211.94,211.94,211.87,211.87,557.0,MORN
2023-03-06 14:13:00,212.4,212.4,212.4,212.4,131.0,MORN
2023-03-06 14:12:00,212.34,212.34,212.34,212.34,615.0,MORN
2023-03-06 14:11:00,212.89,212.89,212.62,212.62,2400.0,MORN
2023-03-06 14:09:00,212.605,212.605,212.605,212.605,178.0,MORN
2023-03-06 14:07:00,212.42,212.42,212.42,212.42,312.0,MORN
2023-03-06 14:06:00,212.0,212.425,212.0,212.425,223.0,MORN
2023-03-06 14:05:00,212.4,212.4,212.4,212.4,560.0,MORN
2023-03-06 14:03:00,212.425,212.425,212.425,212.425,101.0,MORN
2023-03-06 14:01:00,212.71,212.71,212.71,212.71,149.0,MORN
2023-03-06 13:56:00,212.775,212.775,212.775,212.775,201.0,MORN
2023-03-06 13:55:00,212.47,212.47,212.47,212.47,228.0,MORN
2023-03-06 13:46:00,212.93,212.93,212.905,212.905,399.0,MORN
2023-03-06 13:38:00,213.06,213.06,213.06,213.06,125.0,MORN
2023-03-06 13:26:00,213.97,213.97,213.97,213.97,509.0,MORN
2023-03-06 13:22:00,214.03,214.03,214.03,214.03,120.0,MORN
2023-03-06 13:21:00,214.12,214.12,214.12,214.12,416.0,MORN
2023-03-06 13:12:00,213.83,213.83,213.83,213.83,245.0,MORN
2023-03-06 13:10:00,214.13,214.13,214.13,214.13,562.0,MORN
2023-03-06 13:07:00,214.34,214.59,214.34,214.59,200.0,MORN
2023-03-06 13:04:00,214.35,214.41,214.35,214.35,555.0,MORN
2023-03-06 13:02:00,214.455,214.78,214.455,214.51,315.0,MORN
2023-03-06 12:48:00,214.66,214.66,214.66,214.66,100.0,MORN
2023-03-06 12:47:00,214.59,214.59,214.59,214.59,116.0,MORN
2023-03-06 12:46:00,214.61,214.61,214.58,214.58,478.0,MORN
2023-03-06 12:45:00,214.935,214.935,214.935,214.935,120.0,MORN
2023-03-06 12:43:00,214.98,214.98,214.98,214.98,128.0,MORN
2023-03-06 12:40:00,214.59,214.59,214.59,214.59,214.0,MORN
2023-03-06 12:38:00,214.82,214.82,214.82,214.82,446.0,MORN
2023-03-06 12:35:00,214.29,214.29,214.29,214.29,300.0,MORN
2023-03-06 12:30:00,214.495,214.495,214.495,214.495,100.0,MORN
2023-03-06 12:25:00,214.86,214.86,214.18,214.18,1372.0,MORN
2023-03-06 12:24:00,215.145,215.145,215.145,215.145,222.0,MORN
2023-03-06 12:20:00,214.83,214.83,214.83,214.83,266.0,MORN
2023-03-06 12:13:00,214.23,214.23,214.23,214.23,248.0,MORN
2023-03-06 12:09:00,215.06,215.14,214.69,215.14,704.0,MORN
2023-03-06 12:07:00,215.065,215.065,215.065,215.065,230.0,MORN
2023-03-06 12:04:00,214.85,214.85,214.85,214.85,140.0,MORN
2023-03-06 12:03:00,215.31,215.53,215.31,215.53,431.0,MORN
2023-03-06 11:54:00,214.25,214.25,214.25,214.25,569.0,MORN
2023-03-06 11:50:00,214.39,214.39,214.39,214.39,200.0,MORN
2023-03-06 11:47:00,213.91,213.91,213.91,213.91,523.0,MORN
2023-03-06 11:45:00,214.15,214.37,213.92,213.92,568.0,MORN
2023-03-06 11:41:00,214.39,214.39,214.39,214.39,200.0,MORN
2023-03-06 11:39:00,214.35,214.35,214.35,214.35,133.0,MORN
2023-03-06 11:32:00,214.005,214.005,214.005,214.005,100.0,MORN
2023-03-06 11:28:00,213.91,213.91,213.54,213.54,687.0,MORN
2023-03-06 11:26:00,214.25,214.25,214.25,214.25,100.0,MORN
2023-03-06 11:24:00,214.165,214.165,213.91,213.91,542.0,MORN
2023-03-06 11:22:00,214.2,214.64,214.2,214.22,445.0,MORN
2023-03-06 11:21:00,214.64,214.64,214.64,214.64,211.0,MORN
2023-03-06 11:19:00,214.22,214.22,214.22,214.22,255.0,MORN
2023-03-06 11:16:00,214.215,214.215,214.215,214.215,174.0,MORN
2023-03-06 11:13:00,214.575,214.575,214.09,214.09,833.0,MORN
2023-03-06 11:12:00,214.585,214.585,214.585,214.585,191.0,MORN
2023-03-06 11:10:00,214.23,214.23,214.23,214.23,152.0,MORN
2023-03-06 11:07:00,214.595,214.595,214.595,214.595,224.0,MORN
2023-03-06 11:06:00,214.06,215.03,214.06,215.03,1823.0,MORN
2023-03-06 11:01:00,213.645,213.645,213.645,213.645,214.0,MORN
2023-03-06 10:56:00,213.53,213.53,213.53,213.53,363.0,MORN
2023-03-06 10:50:00,212.95,212.95,212.95,212.95,103.0,MORN
2023-03-06 10:48:00,213.485,213.485,213.485,213.485,101.0,MORN
2023-03-06 10:47:00,213.21,213.22,213.21,213.22,405.0,MORN
2023-03-06 10:46:00,213.21,213.21,212.26,212.26,323.0,MORN
2023-03-06 10:43:00,212.5525,212.65,212.5525,212.65,283.0,MORN
2023-03-06 10:38:00,212.25,212.25,212.25,212.25,505.0,MORN
2023-03-06 10:36:00,212.96,212.96,212.96,212.96,100.0,MORN
2023-03-06 10:34:00,212.94,212.94,212.29,212.29,1069.0,MORN
2023-03-06 10:33:00,213.495,213.495,213.495,213.495,334.0,MORN
2023-03-06 10:12:00,214.62,214.62,214.62,214.62,220.0,MORN
2023-03-06 10:10:00,213.62,213.62,213.26,213.26,646.0,MORN
2023-03-06 10:07:00,213.29,213.51,212.74,212.74,806.0,MORN
2023-03-06 10:06:00,213.115,213.115,213.115,213.115,102.0,MORN
2023-03-06 10:05:00,213.64,213.64,213.16,213.16,1318.0,MORN
2023-03-06 10:04:00,213.205,213.28,212.86,213.28,2386.0,MORN
2023-03-06 09:53:00,211.77,212.63,211.77,212.63,625.0,MORN
2023-03-06 09:50:00,210.605,210.605,210.605,210.605,158.0,MORN
2023-03-06 09:31:00,211.32,211.32,210.51,210.51,375.0,MORN
