date,1. open,2. high,3. low,4. close,5. volume,Ticker
2023-02-17 16:00:00,13.42,13.42,13.42,13.42,679.0,PCN
2023-02-17 15:58:00,13.42,13.42,13.42,13.42,706.0,PCN
2023-02-17 15:57:00,13.42,13.42,13.42,13.42,2008.0,PCN
2023-02-17 15:55:00,13.42,13.42,13.42,13.42,420.0,PCN
2023-02-17 15:54:00,13.42,13.42,13.4152,13.42,2385.0,PCN
2023-02-17 15:51:00,13.41,13.42,13.41,13.42,2761.0,PCN
2023-02-17 15:47:00,13.4,13.4,13.4,13.4,1000.0,PCN
2023-02-17 15:37:00,13.4,13.4,13.4,13.4,100.0,PCN
2023-02-17 15:34:00,13.41,13.418,13.41,13.418,300.0,PCN
2023-02-17 15:33:00,13.4,13.4,13.4,13.4,500.0,PCN
2023-02-17 15:20:00,13.395,13.395,13.395,13.395,400.0,PCN
2023-02-17 15:16:00,13.4091,13.4091,13.4091,13.4091,433.0,PCN
2023-02-17 14:52:00,13.3892,13.3892,13.3892,13.3892,223.0,PCN
2023-02-17 14:46:00,13.4,13.4,13.4,13.4,500.0,PCN
2023-02-17 14:44:00,13.3922,13.3922,13.3922,13.3922,223.0,PCN
2023-02-17 14:37:00,13.3999,13.4,13.39,13.39,1900.0,PCN
2023-02-17 14:34:00,13.38,13.4,13.38,13.3822,850.0,PCN
2023-02-17 14:29:00,13.3832,13.3832,13.3832,13.3832,1000.0,PCN
2023-02-17 14:28:00,13.382,13.382,13.382,13.382,292.0,PCN
2023-02-17 14:25:00,13.38,13.38,13.3763,13.3763,319.0,PCN
2023-02-17 14:24:00,13.38,13.38,13.38,13.38,224.0,PCN
2023-02-17 14:23:00,13.37,13.37,13.37,13.37,200.0,PCN
2023-02-17 14:22:00,13.37,13.37,13.37,13.37,1585.0,PCN
2023-02-17 14:18:00,13.36,13.36,13.36,13.36,1000.0,PCN
2023-02-17 14:15:00,13.3681,13.3698,13.3681,13.3698,500.0,PCN
2023-02-17 14:14:00,13.36,13.36,13.36,13.36,200.0,PCN
2023-02-17 14:11:00,13.357,13.357,13.357,13.357,614.0,PCN
2023-02-17 14:06:00,13.3599,13.3599,13.3599,13.3599,375.0,PCN
2023-02-17 13:55:00,13.33,13.3404,13.33,13.33,525.0,PCN
2023-02-17 13:53:00,13.38,13.38,13.335,13.335,4210.0,PCN
2023-02-17 13:52:00,13.3807,13.3807,13.3807,13.3807,200.0,PCN
2023-02-17 13:51:00,13.3853,13.3853,13.38,13.38,1548.0,PCN
2023-02-17 13:48:00,13.39,13.41,13.3852,13.41,1400.0,PCN
2023-02-17 13:44:00,13.3806,13.3806,13.38,13.38,990.0,PCN
2023-02-17 13:42:00,13.385,13.385,13.385,13.385,250.0,PCN
2023-02-17 13:40:00,13.3801,13.3801,13.3801,13.3801,1600.0,PCN
2023-02-17 13:37:00,13.385,13.3875,13.37,13.38,1383.0,PCN
2023-02-17 13:36:00,13.38,13.38,13.38,13.38,100.0,PCN
2023-02-17 13:34:00,13.3714,13.3714,13.3714,13.3714,2000.0,PCN
2023-02-17 13:32:00,13.38,13.38,13.38,13.38,100.0,PCN
2023-02-17 13:28:00,13.38,13.38,13.38,13.38,300.0,PCN
2023-02-17 12:59:00,13.38,13.38,13.38,13.38,104.0,PCN
2023-02-17 12:58:00,13.39,13.39,13.39,13.39,103.0,PCN
2023-02-17 12:56:00,13.4,13.4,13.4,13.4,400.0,PCN
2023-02-17 12:47:00,13.4119,13.4119,13.4119,13.4119,500.0,PCN
2023-02-17 12:41:00,13.4059,13.4059,13.4059,13.4059,200.0,PCN
2023-02-17 12:38:00,13.41,13.41,13.41,13.41,3000.0,PCN
2023-02-17 12:34:00,13.42,13.42,13.42,13.42,300.0,PCN
2023-02-17 12:30:00,13.4199,13.42,13.4199,13.42,635.0,PCN
2023-02-17 12:26:00,13.418,13.418,13.418,13.418,100.0,PCN
2023-02-17 12:19:00,13.42,13.42,13.42,13.42,200.0,PCN
2023-02-17 12:18:00,13.42,13.42,13.42,13.42,144.0,PCN
2023-02-17 12:16:00,13.4282,13.4282,13.4282,13.4282,165.0,PCN
2023-02-17 12:15:00,13.4291,13.4291,13.4291,13.4291,155.0,PCN
2023-02-17 12:14:00,13.43,13.43,13.43,13.43,1000.0,PCN
2023-02-17 12:11:00,13.4,13.44,13.4,13.43,2246.0,PCN
2023-02-17 12:01:00,13.3901,13.3901,13.3901,13.3901,1500.0,PCN
2023-02-17 11:58:00,13.394,13.394,13.394,13.394,100.0,PCN
2023-02-17 11:52:00,13.39,13.39,13.39,13.39,100.0,PCN
2023-02-17 11:51:00,13.41,13.41,13.4092,13.4092,1050.0,PCN
2023-02-17 11:49:00,13.3943,13.3943,13.3943,13.3943,107.0,PCN
2023-02-17 11:41:00,13.41,13.41,13.41,13.41,368.0,PCN
2023-02-17 11:39:00,13.395,13.395,13.395,13.395,455.0,PCN
2023-02-17 11:27:00,13.4,13.4,13.4,13.4,425.0,PCN
2023-02-17 11:22:00,13.4,13.4,13.4,13.4,215.0,PCN
2023-02-17 11:15:00,13.41,13.41,13.41,13.41,390.0,PCN
2023-02-17 11:09:00,13.4034,13.4034,13.3972,13.3972,2214.0,PCN
2023-02-17 11:05:00,13.38,13.4,13.38,13.3899,6618.0,PCN
2023-02-17 11:01:00,13.416,13.416,13.416,13.416,650.0,PCN
2023-02-17 10:58:00,13.4122,13.4122,13.4122,13.4122,201.0,PCN
2023-02-17 10:55:00,13.4,13.4199,13.4,13.4199,1100.0,PCN
2023-02-17 10:54:00,13.38,13.38,13.38,13.38,119.0,PCN
2023-02-17 10:48:00,13.4199,13.4199,13.4199,13.4199,2985.0,PCN
2023-02-17 10:45:00,13.4,13.4,13.4,13.4,100.0,PCN
2023-02-17 10:43:00,13.4136,13.4136,13.4136,13.4136,100.0,PCN
2023-02-17 10:42:00,13.4,13.4,13.4,13.4,2000.0,PCN
2023-02-17 10:40:00,13.3908,13.4,13.3908,13.4,666.0,PCN
2023-02-17 10:37:00,13.4,13.4,13.4,13.4,250.0,PCN
2023-02-17 10:35:00,13.4,13.4,13.4,13.4,1000.0,PCN
2023-02-17 10:25:00,13.39,13.39,13.39,13.39,1000.0,PCN
2023-02-17 10:24:00,13.4,13.405,13.4,13.405,2879.0,PCN
2023-02-17 10:16:00,13.3869,13.3869,13.3869,13.3869,106.0,PCN
2023-02-17 10:10:00,13.3881,13.3881,13.3881,13.3881,975.0,PCN
2023-02-17 10:04:00,13.3928,13.3928,13.3781,13.3781,220.0,PCN
2023-02-17 10:01:00,13.3483,13.3483,13.3483,13.3483,1250.0,PCN
2023-02-17 10:00:00,13.41,13.41,13.41,13.41,578.0,PCN
2023-02-17 09:54:00,13.38,13.38,13.38,13.38,100.0,PCN
2023-02-17 09:53:00,13.4097,13.4097,13.4097,13.4097,273.0,PCN
2023-02-17 09:45:00,13.375,13.375,13.375,13.375,673.0,PCN
2023-02-17 09:42:00,13.365,13.365,13.365,13.365,1200.0,PCN
2023-02-17 09:41:00,13.42,13.44,13.38,13.38,9208.0,PCN
2023-02-17 09:38:00,13.44,13.44,13.44,13.44,1100.0,PCN
2023-02-17 09:37:00,13.46,13.48,13.435,13.46,4559.0,PCN
2023-02-17 09:34:00,13.44,13.44,13.44,13.44,1600.0,PCN
2023-02-17 09:33:00,13.43,13.43,13.43,13.43,724.0,PCN
2023-02-17 09:31:00,13.43,13.485,13.43,13.485,3631.0,PCN
2023-02-17 08:10:00,13.4,13.4,13.4,13.4,600.0,PCN
2023-02-16 18:44:00,13.4,13.4,13.4,13.4,214.0,PCN
2023-02-16 16:01:00,13.43,13.43,13.43,13.43,300.0,PCN
2023-02-16 16:00:00,13.43,13.43,13.43,13.43,540.0,PCN
2023-02-16 15:59:00,13.4339,13.4339,13.43,13.43,889.0,PCN
2023-02-16 15:58:00,13.4471,13.4471,13.4471,13.4471,105.0,PCN
2023-02-16 15:57:00,13.4432,13.4432,13.4401,13.4401,328.0,PCN
2023-02-16 15:56:00,13.435,13.45,13.435,13.45,1400.0,PCN
2023-02-16 15:55:00,13.43,13.43,13.43,13.43,500.0,PCN
2023-02-16 15:54:00,13.44,13.44,13.43,13.4399,1501.0,PCN
2023-02-16 15:51:00,13.4379,13.4379,13.4379,13.4379,100.0,PCN
2023-02-16 15:50:00,13.45,13.45,13.45,13.45,500.0,PCN
2023-02-16 15:49:00,13.44,13.44,13.44,13.44,1223.0,PCN
2023-02-16 15:48:00,13.435,13.435,13.435,13.435,221.0,PCN
2023-02-16 15:45:00,13.435,13.435,13.4301,13.4301,213.0,PCN
2023-02-16 15:43:00,13.44,13.44,13.44,13.44,200.0,PCN
2023-02-16 15:40:00,13.44,13.45,13.4363,13.45,2084.0,PCN
2023-02-16 15:39:00,13.44,13.44,13.43,13.43,850.0,PCN
2023-02-16 15:38:00,13.43,13.44,13.43,13.44,2000.0,PCN
2023-02-16 15:37:00,13.432,13.44,13.43,13.43,1275.0,PCN
2023-02-16 15:34:00,13.44,13.4498,13.44,13.4498,1000.0,PCN
2023-02-16 15:32:00,13.4499,13.4499,13.4499,13.4499,1211.0,PCN
2023-02-16 15:31:00,13.44,13.44,13.44,13.44,230.0,PCN
2023-02-16 15:30:00,13.45,13.45,13.44,13.44,200.0,PCN
2023-02-16 15:29:00,13.45,13.45,13.45,13.45,1106.0,PCN
2023-02-16 15:23:00,13.43,13.44,13.43,13.43,630.0,PCN
2023-02-16 15:20:00,13.46,13.46,13.45,13.45,610.0,PCN
2023-02-16 15:19:00,13.47,13.47,13.47,13.47,101.0,PCN
2023-02-16 15:18:00,13.48,13.48,13.48,13.48,1095.0,PCN
2023-02-16 15:17:00,13.48,13.48,13.48,13.48,207.0,PCN
2023-02-16 15:14:00,13.4834,13.4834,13.4834,13.4834,1000.0,PCN
2023-02-16 15:11:00,13.4982,13.4982,13.4982,13.4982,100.0,PCN
2023-02-16 15:10:00,13.51,13.51,13.485,13.485,2248.0,PCN
2023-02-16 15:09:00,13.51,13.51,13.5,13.5,1000.0,PCN
2023-02-16 15:08:00,13.53,13.53,13.51,13.51,200.0,PCN
2023-02-16 15:06:00,13.53,13.55,13.52,13.55,1671.0,PCN
2023-02-16 15:05:00,13.5416,13.5416,13.5416,13.5416,1111.0,PCN
2023-02-16 14:52:00,13.5546,13.5546,13.5546,13.5546,153.0,PCN
2023-02-16 14:49:00,13.5599,13.5599,13.5599,13.5599,276.0,PCN
2023-02-16 14:47:00,13.551,13.551,13.551,13.551,550.0,PCN
2023-02-16 14:46:00,13.53,13.53,13.53,13.53,303.0,PCN
2023-02-16 14:35:00,13.56,13.58,13.56,13.58,700.0,PCN
2023-02-16 14:25:00,13.5331,13.5331,13.5331,13.5331,300.0,PCN
2023-02-16 14:23:00,13.5301,13.5301,13.5301,13.5301,500.0,PCN
2023-02-16 14:22:00,13.535,13.535,13.535,13.535,200.0,PCN
2023-02-16 14:18:00,13.5423,13.5423,13.5423,13.5423,294.0,PCN
2023-02-16 14:04:00,13.55,13.55,13.55,13.55,1231.0,PCN
2023-02-16 14:02:00,13.55,13.55,13.55,13.55,200.0,PCN
2023-02-16 13:59:00,13.5428,13.5428,13.5428,13.5428,535.0,PCN
2023-02-16 13:57:00,13.5383,13.5383,13.53,13.53,752.0,PCN
2023-02-16 13:55:00,13.54,13.54,13.54,13.54,380.0,PCN
2023-02-16 13:50:00,13.54,13.54,13.54,13.54,500.0,PCN
2023-02-16 13:44:00,13.54,13.54,13.54,13.54,1147.0,PCN
2023-02-16 13:34:00,13.5258,13.5258,13.5258,13.5258,1000.0,PCN
2023-02-16 13:30:00,13.5293,13.5293,13.5293,13.5293,100.0,PCN
2023-02-16 13:27:00,13.53,13.5398,13.53,13.5397,2524.0,PCN
2023-02-16 13:22:00,13.529,13.529,13.529,13.529,500.0,PCN
2023-02-16 13:05:00,13.53,13.53,13.52,13.52,908.0,PCN
2023-02-16 13:02:00,13.5387,13.5387,13.5387,13.5387,370.0,PCN
2023-02-16 12:53:00,13.5358,13.5358,13.5358,13.5358,670.0,PCN
2023-02-16 12:52:00,13.54,13.5491,13.53,13.5491,2009.0,PCN
2023-02-16 12:48:00,13.54,13.54,13.54,13.54,100.0,PCN
2023-02-16 12:39:00,13.55,13.55,13.55,13.55,800.0,PCN
2023-02-16 12:37:00,13.56,13.56,13.54,13.55,5007.0,PCN
2023-02-16 12:36:00,13.558,13.558,13.558,13.558,100.0,PCN
2023-02-16 12:33:00,13.5523,13.5523,13.5523,13.5523,497.0,PCN
2023-02-16 12:10:00,13.57,13.57,13.57,13.57,101.0,PCN
2023-02-16 12:09:00,13.5718,13.5718,13.57,13.57,550.0,PCN
2023-02-16 12:05:00,13.57,13.57,13.57,13.57,1000.0,PCN
2023-02-16 11:50:00,13.5814,13.5814,13.5814,13.5814,220.0,PCN
2023-02-16 11:49:00,13.6,13.6,13.6,13.6,223.0,PCN
2023-02-16 11:46:00,13.58,13.58,13.58,13.58,100.0,PCN
2023-02-16 11:45:00,13.58,13.58,13.58,13.58,304.0,PCN
2023-02-16 11:42:00,13.585,13.585,13.575,13.58,700.0,PCN
2023-02-16 11:41:00,13.6359,13.6359,13.56,13.56,13113.0,PCN
2023-02-16 11:38:00,13.6088,13.6088,13.6088,13.6088,278.0,PCN
2023-02-16 11:36:00,13.61,13.64,13.6099,13.64,1149.0,PCN
2023-02-16 11:30:00,13.6,13.6,13.6,13.6,1178.0,PCN
2023-02-16 11:28:00,13.61,13.61,13.61,13.61,700.0,PCN
2023-02-16 11:26:00,13.6009,13.6009,13.6009,13.6009,1328.0,PCN
2023-02-16 11:22:00,13.6077,13.6077,13.6077,13.6077,148.0,PCN
2023-02-16 11:19:00,13.6095,13.6095,13.6095,13.6095,730.0,PCN
2023-02-16 11:17:00,13.61,13.61,13.61,13.61,101.0,PCN
2023-02-16 11:16:00,13.61,13.61,13.6,13.6,1150.0,PCN
2023-02-16 10:51:00,13.6399,13.6399,13.6399,13.6399,150.0,PCN
2023-02-16 10:50:00,13.6256,13.6256,13.6256,13.6256,246.0,PCN
2023-02-16 10:49:00,13.6257,13.6257,13.6257,13.6257,154.0,PCN
2023-02-16 10:45:00,13.62,13.62,13.62,13.62,100.0,PCN
2023-02-16 10:41:00,13.6467,13.6467,13.6467,13.6467,500.0,PCN
2023-02-16 10:40:00,13.63,13.65,13.63,13.64,2505.0,PCN
2023-02-16 10:39:00,13.63,13.63,13.63,13.63,300.0,PCN
2023-02-16 10:38:00,13.61,13.61,13.61,13.61,150.0,PCN
2023-02-16 10:36:00,13.5947,13.6256,13.5947,13.6256,420.0,PCN
2023-02-16 10:34:00,13.5919,13.5919,13.5919,13.5919,334.0,PCN
2023-02-16 10:30:00,13.61,13.61,13.61,13.61,321.0,PCN
2023-02-16 10:26:00,13.6299,13.6299,13.6299,13.6299,300.0,PCN
2023-02-16 10:23:00,13.61,13.61,13.6,13.6,220.0,PCN
2023-02-16 10:06:00,13.58,13.58,13.58,13.58,206.0,PCN
2023-02-16 10:05:00,13.5596,13.5596,13.5596,13.5596,1007.0,PCN
2023-02-16 10:01:00,13.565,13.565,13.565,13.565,112.0,PCN
2023-02-16 09:57:00,13.5643,13.5643,13.5643,13.5643,140.0,PCN
2023-02-16 09:45:00,13.5273,13.5273,13.5273,13.5273,100.0,PCN
2023-02-16 09:42:00,13.54,13.54,13.54,13.54,100.0,PCN
2023-02-16 09:39:00,13.52,13.52,13.51,13.5101,1988.0,PCN
2023-02-16 09:38:00,13.52,13.52,13.51,13.51,2345.0,PCN
2023-02-16 09:31:00,13.53,13.53,13.53,13.53,5716.0,PCN
2023-02-15 16:01:00,13.64,13.64,13.64,13.64,301.0,PCN
2023-02-15 16:00:00,13.62,13.64,13.62,13.64,791.0,PCN
2023-02-15 15:58:00,13.62,13.62,13.62,13.62,738.0,PCN
2023-02-15 15:57:00,13.64,13.64,13.63,13.63,300.0,PCN
2023-02-15 15:51:00,13.63,13.66,13.63,13.63,9919.0,PCN
2023-02-15 15:48:00,13.625,13.64,13.625,13.63,2605.0,PCN
2023-02-15 15:44:00,13.625,13.625,13.62,13.62,400.0,PCN
2023-02-15 15:41:00,13.63,13.63,13.63,13.63,300.0,PCN
2023-02-15 15:37:00,13.6277,13.6277,13.6277,13.6277,365.0,PCN
2023-02-15 15:19:00,13.6201,13.6201,13.62,13.62,1050.0,PCN
2023-02-15 15:15:00,13.63,13.63,13.63,13.63,200.0,PCN
2023-02-15 15:07:00,13.6399,13.6399,13.6399,13.6399,1040.0,PCN
2023-02-15 14:48:00,13.64,13.64,13.64,13.64,700.0,PCN
2023-02-15 14:47:00,13.63,13.63,13.63,13.63,1100.0,PCN
2023-02-15 14:43:00,13.6101,13.6101,13.6101,13.6101,2000.0,PCN
2023-02-15 14:40:00,13.6101,13.6101,13.6101,13.6101,200.0,PCN
2023-02-15 14:27:00,13.62,13.62,13.62,13.62,490.0,PCN
2023-02-15 14:25:00,13.6299,13.6299,13.6299,13.6299,366.0,PCN
2023-02-15 14:22:00,13.63,13.63,13.63,13.63,175.0,PCN
2023-02-15 14:21:00,13.63,13.63,13.63,13.63,110.0,PCN
2023-02-15 14:11:00,13.63,13.63,13.63,13.63,569.0,PCN
2023-02-15 14:09:00,13.62,13.62,13.61,13.6101,1500.0,PCN
2023-02-15 14:07:00,13.6101,13.6101,13.6101,13.6101,1000.0,PCN
2023-02-15 13:58:00,13.61,13.61,13.61,13.61,1000.0,PCN
2023-02-15 13:50:00,13.625,13.63,13.625,13.63,3405.0,PCN
2023-02-15 13:49:00,13.6389,13.6389,13.6389,13.6389,220.0,PCN
2023-02-15 13:41:00,13.6122,13.6122,13.6122,13.6122,1052.0,PCN
2023-02-15 13:38:00,13.6399,13.6399,13.6399,13.6399,799.0,PCN
2023-02-15 13:37:00,13.64,13.64,13.64,13.64,200.0,PCN
2023-02-15 13:31:00,13.6387,13.6387,13.6387,13.6387,124.0,PCN
2023-02-15 13:27:00,13.6352,13.6352,13.6352,13.6352,734.0,PCN
2023-02-15 13:24:00,13.63,13.6399,13.63,13.6399,400.0,PCN
2023-02-15 13:22:00,13.6277,13.635,13.6277,13.63,1526.0,PCN
2023-02-15 13:15:00,13.63,13.63,13.63,13.63,100.0,PCN
2023-02-15 13:14:00,13.624,13.63,13.624,13.63,600.0,PCN
2023-02-15 13:04:00,13.62,13.62,13.6,13.61,1206.0,PCN
2023-02-15 13:03:00,13.63,13.64,13.63,13.64,600.0,PCN
2023-02-15 12:37:00,13.6179,13.63,13.6179,13.63,1251.0,PCN
2023-02-15 12:33:00,13.62,13.63,13.62,13.63,850.0,PCN
2023-02-15 12:24:00,13.63,13.63,13.63,13.63,200.0,PCN
2023-02-15 12:23:00,13.62,13.63,13.62,13.63,1123.0,PCN
2023-02-15 12:10:00,13.615,13.63,13.615,13.63,1460.0,PCN
2023-02-15 12:08:00,13.6272,13.63,13.6272,13.63,1100.0,PCN
2023-02-15 12:07:00,13.6299,13.6299,13.6299,13.6299,600.0,PCN
2023-02-15 12:03:00,13.62,13.62,13.6199,13.6199,730.0,PCN
2023-02-15 11:47:00,13.5947,13.5947,13.5947,13.5947,218.0,PCN
2023-02-15 11:34:00,13.61,13.61,13.61,13.61,125.0,PCN
2023-02-15 11:31:00,13.6001,13.6001,13.6001,13.6001,200.0,PCN
2023-02-15 11:30:00,13.6,13.6,13.6,13.6,1235.0,PCN
2023-02-15 11:19:00,13.6,13.6,13.6,13.6,1000.0,PCN
2023-02-15 11:14:00,13.6,13.6,13.595,13.595,465.0,PCN
2023-02-15 11:12:00,13.58,13.58,13.58,13.58,200.0,PCN
2023-02-15 10:48:00,13.61,13.61,13.6,13.6,1039.0,PCN
2023-02-15 10:46:00,13.63,13.63,13.625,13.625,300.0,PCN
2023-02-15 10:43:00,13.625,13.625,13.625,13.625,300.0,PCN
2023-02-15 10:41:00,13.63,13.63,13.63,13.63,300.0,PCN
2023-02-15 10:34:00,13.66,13.67,13.635,13.635,1500.0,PCN
2023-02-15 10:32:00,13.62,13.6493,13.6101,13.6493,6825.0,PCN
2023-02-15 10:21:00,13.65,13.65,13.65,13.65,501.0,PCN
2023-02-15 10:17:00,13.6351,13.6351,13.6351,13.6351,2906.0,PCN
2023-02-15 10:16:00,13.6,13.6,13.6,13.6,100.0,PCN
2023-02-15 09:59:00,13.61,13.61,13.59,13.59,3500.0,PCN
2023-02-15 09:58:00,13.6399,13.6399,13.6399,13.6399,850.0,PCN
2023-02-15 09:55:00,13.6,13.6,13.5839,13.5839,3650.0,PCN
2023-02-15 09:54:00,13.605,13.6126,13.605,13.61,544.0,PCN
2023-02-15 09:51:00,13.7,13.7,13.7,13.7,873.0,PCN
2023-02-15 09:36:00,13.6055,13.6055,13.6055,13.6055,225.0,PCN
2023-02-15 09:33:00,13.6,13.6,13.6,13.6,200.0,PCN
2023-02-15 09:31:00,13.59,13.59,13.5654,13.5654,6258.0,PCN
2023-02-15 09:24:00,13.62,13.62,13.62,13.62,460.0,PCN
2023-02-15 08:40:00,13.66,13.66,13.66,13.66,100.0,PCN
2023-02-15 08:31:00,13.66,13.66,13.66,13.66,300.0,PCN
2023-02-14 16:01:00,13.63,13.63,13.63,13.63,300.0,PCN
2023-02-14 16:00:00,13.61,13.61,13.6,13.6,843.0,PCN
2023-02-14 15:59:00,13.61,13.61,13.61,13.61,100.0,PCN
2023-02-14 15:58:00,13.63,13.6301,13.63,13.6301,800.0,PCN
2023-02-14 15:57:00,13.62,13.62,13.62,13.62,800.0,PCN
2023-02-14 15:56:00,13.64,13.64,13.64,13.64,200.0,PCN
2023-02-14 15:47:00,13.65,13.65,13.65,13.65,1052.0,PCN
2023-02-14 15:39:00,13.65,13.65,13.65,13.65,225.0,PCN
2023-02-14 15:36:00,13.65,13.65,13.65,13.65,550.0,PCN
2023-02-14 15:34:00,13.635,13.635,13.635,13.635,2196.0,PCN
2023-02-14 15:24:00,13.65,13.65,13.65,13.65,200.0,PCN
2023-02-14 15:15:00,13.64,13.64,13.64,13.64,100.0,PCN
2023-02-14 15:06:00,13.64,13.64,13.64,13.64,3500.0,PCN
2023-02-14 15:05:00,13.65,13.65,13.65,13.65,930.0,PCN
2023-02-14 14:41:00,13.6379,13.6439,13.6379,13.6439,3890.0,PCN
2023-02-14 14:39:00,13.63,13.63,13.63,13.63,100.0,PCN
2023-02-14 14:37:00,13.66,13.66,13.64,13.64,646.0,PCN
2023-02-14 14:36:00,13.654,13.654,13.654,13.654,1100.0,PCN
2023-02-14 14:32:00,13.63,13.63,13.63,13.63,350.0,PCN
2023-02-14 14:27:00,13.6445,13.6445,13.6445,13.6445,100.0,PCN
2023-02-14 14:14:00,13.61,13.61,13.61,13.61,450.0,PCN
2023-02-14 14:13:00,13.6458,13.6458,13.6458,13.6458,500.0,PCN
2023-02-14 14:04:00,13.6426,13.6426,13.6426,13.6426,212.0,PCN
2023-02-14 14:03:00,13.6018,13.6018,13.6018,13.6018,410.0,PCN
2023-02-14 14:00:00,13.6395,13.6395,13.6395,13.6395,100.0,PCN
2023-02-14 13:54:00,13.6253,13.6253,13.6253,13.6253,530.0,PCN
2023-02-14 13:51:00,13.62,13.62,13.62,13.62,1250.0,PCN
2023-02-14 13:47:00,13.62,13.62,13.62,13.62,500.0,PCN
2023-02-14 13:41:00,13.6377,13.6377,13.6377,13.6377,1410.0,PCN
2023-02-14 13:33:00,13.64,13.64,13.64,13.64,725.0,PCN
2023-02-14 13:32:00,13.64,13.64,13.6371,13.6371,1207.0,PCN
2023-02-14 13:25:00,13.64,13.64,13.64,13.64,1613.0,PCN
2023-02-14 13:18:00,13.63,13.64,13.63,13.64,300.0,PCN
2023-02-14 13:03:00,13.64,13.65,13.64,13.64,1640.0,PCN
2023-02-14 13:01:00,13.632,13.632,13.632,13.632,4000.0,PCN
2023-02-14 12:55:00,13.62,13.62,13.62,13.62,391.0,PCN
2023-02-14 12:37:00,13.62,13.62,13.62,13.62,400.0,PCN
2023-02-14 12:35:00,13.6194,13.6194,13.6194,13.6194,198.0,PCN
2023-02-14 12:34:00,13.62,13.62,13.62,13.62,1500.0,PCN
2023-02-14 12:28:00,13.5703,13.5703,13.5703,13.5703,820.0,PCN
2023-02-14 12:16:00,13.6,13.6,13.6,13.6,100.0,PCN
2023-02-14 12:11:00,13.61,13.61,13.61,13.61,454.0,PCN
2023-02-14 12:09:00,13.585,13.585,13.585,13.585,100.0,PCN
2023-02-14 12:06:00,13.5707,13.5707,13.5707,13.5707,1270.0,PCN
2023-02-14 12:05:00,13.5865,13.5865,13.5865,13.5865,135.0,PCN
2023-02-14 12:03:00,13.56,13.56,13.56,13.56,244.0,PCN
2023-02-14 12:01:00,13.555,13.56,13.555,13.56,700.0,PCN
2023-02-14 11:57:00,13.54,13.55,13.54,13.55,502.0,PCN
2023-02-14 11:54:00,13.5401,13.55,13.52,13.53,5563.0,PCN
2023-02-14 11:45:00,13.5496,13.5496,13.5496,13.5496,100.0,PCN
2023-02-14 11:44:00,13.55,13.55,13.54,13.54,461.0,PCN
2023-02-14 11:38:00,13.5783,13.5783,13.5783,13.5783,1550.0,PCN
2023-02-14 11:30:00,13.58,13.58,13.57,13.57,451.0,PCN
2023-02-14 11:28:00,13.61,13.61,13.59,13.59,300.0,PCN
2023-02-14 11:12:00,13.6397,13.6397,13.6397,13.6397,1111.0,PCN
2023-02-14 11:00:00,13.58,13.58,13.58,13.58,101.0,PCN
2023-02-14 10:59:00,13.59,13.59,13.59,13.59,100.0,PCN
2023-02-14 10:57:00,13.6,13.6,13.6,13.6,300.0,PCN
2023-02-14 10:56:00,13.58,13.58,13.58,13.58,147.0,PCN
2023-02-14 10:55:00,13.56,13.579,13.55,13.55,1523.0,PCN
2023-02-14 10:54:00,13.58,13.58,13.58,13.58,350.0,PCN
2023-02-14 10:53:00,13.5925,13.5925,13.5925,13.5925,125.0,PCN
2023-02-14 10:49:00,13.57,13.57,13.57,13.57,100.0,PCN
2023-02-14 10:47:00,13.56,13.56,13.56,13.56,415.0,PCN
2023-02-14 10:46:00,13.5999,13.5999,13.5999,13.5999,589.0,PCN
2023-02-14 10:38:00,13.57,13.5701,13.57,13.5701,1515.0,PCN
2023-02-14 10:37:00,13.6,13.6,13.57,13.57,1000.0,PCN
2023-02-14 10:32:00,13.63,13.63,13.6,13.6,572.0,PCN
2023-02-14 10:24:00,13.65,13.65,13.65,13.65,500.0,PCN
2023-02-14 10:22:00,13.6615,13.6615,13.6615,13.6615,1000.0,PCN
2023-02-14 10:21:00,13.67,13.67,13.65,13.65,4501.0,PCN
2023-02-14 10:19:00,13.63,13.65,13.63,13.65,6260.0,PCN
2023-02-14 10:14:00,13.63,13.645,13.63,13.645,1723.0,PCN
2023-02-14 10:12:00,13.63,13.63,13.63,13.63,2000.0,PCN
2023-02-14 10:10:00,13.63,13.63,13.63,13.63,1000.0,PCN
2023-02-14 10:09:00,13.64,13.66,13.63,13.64,700.0,PCN
2023-02-14 10:06:00,13.62,13.62,13.6197,13.62,800.0,PCN
2023-02-14 10:05:00,13.6138,13.6138,13.6138,13.6138,100.0,PCN
2023-02-14 10:01:00,13.59,13.59,13.59,13.59,185.0,PCN
2023-02-14 09:56:00,13.6199,13.6199,13.6199,13.6199,300.0,PCN
2023-02-14 09:53:00,13.6145,13.6145,13.6145,13.6145,100.0,PCN
2023-02-14 09:49:00,13.6425,13.6425,13.6425,13.6425,200.0,PCN
2023-02-14 09:47:00,13.581,13.62,13.581,13.585,946.0,PCN
2023-02-14 09:46:00,13.535,13.55,13.535,13.55,400.0,PCN
2023-02-14 09:38:00,13.5237,13.55,13.5237,13.55,1642.0,PCN
2023-02-14 09:37:00,13.56,13.56,13.48,13.52,28682.0,PCN
2023-02-14 09:36:00,13.56,13.575,13.52,13.53,14683.0,PCN
2023-02-14 09:35:00,13.53,13.5827,13.53,13.5827,304.0,PCN
2023-02-14 09:32:00,13.55,13.55,13.54,13.54,1600.0,PCN
2023-02-14 09:31:00,13.59,13.59,13.59,13.59,4120.0,PCN
2023-02-13 16:00:00,13.64,13.64,13.62,13.62,326.0,PCN
2023-02-13 15:59:00,13.64,13.64,13.64,13.64,422.0,PCN
2023-02-13 15:54:00,13.64,13.64,13.64,13.64,200.0,PCN
2023-02-13 15:53:00,13.6296,13.6296,13.6296,13.6296,212.0,PCN
2023-02-13 15:51:00,13.63,13.63,13.63,13.63,577.0,PCN
2023-02-13 15:50:00,13.625,13.625,13.625,13.625,300.0,PCN
2023-02-13 15:49:00,13.6099,13.61,13.6099,13.61,550.0,PCN
2023-02-13 15:47:00,13.61,13.61,13.61,13.61,401.0,PCN
2023-02-13 15:40:00,13.6099,13.6099,13.6099,13.6099,1000.0,PCN
2023-02-13 15:39:00,13.6,13.6,13.595,13.6,600.0,PCN
2023-02-13 15:29:00,13.5999,13.5999,13.5999,13.5999,175.0,PCN
2023-02-13 15:27:00,13.59,13.59,13.59,13.59,100.0,PCN
2023-02-13 15:25:00,13.59,13.5901,13.59,13.5901,520.0,PCN
2023-02-13 15:17:00,13.595,13.595,13.595,13.595,1001.0,PCN
2023-02-13 15:06:00,13.58,13.58,13.58,13.58,330.0,PCN
2023-02-13 15:05:00,13.59,13.59,13.59,13.59,301.0,PCN
2023-02-13 15:04:00,13.59,13.59,13.59,13.59,103.0,PCN
2023-02-13 15:01:00,13.6,13.6,13.59,13.59,436.0,PCN
2023-02-13 15:00:00,13.6,13.6,13.6,13.6,332.0,PCN
2023-02-13 14:59:00,13.61,13.61,13.6087,13.6087,3097.0,PCN
2023-02-13 14:58:00,13.6,13.61,13.6,13.61,407.0,PCN
2023-02-13 14:57:00,13.6,13.6,13.6,13.6,100.0,PCN
2023-02-13 14:49:00,13.61,13.61,13.61,13.61,200.0,PCN
2023-02-13 14:48:00,13.6194,13.6194,13.61,13.61,495.0,PCN
2023-02-13 14:47:00,13.62,13.62,13.58,13.61,4229.0,PCN
2023-02-13 14:45:00,13.62,13.62,13.62,13.62,100.0,PCN
2023-02-13 14:44:00,13.62,13.62,13.62,13.62,607.0,PCN
2023-02-13 14:40:00,13.615,13.615,13.615,13.615,100.0,PCN
2023-02-13 14:36:00,13.61,13.6101,13.61,13.6101,612.0,PCN
2023-02-13 14:32:00,13.615,13.6174,13.615,13.6174,310.0,PCN
2023-02-13 14:28:00,13.61,13.61,13.61,13.61,300.0,PCN
2023-02-13 14:22:00,13.6102,13.615,13.6102,13.615,700.0,PCN
2023-02-13 14:21:00,13.62,13.62,13.62,13.62,356.0,PCN
2023-02-13 14:20:00,13.6184,13.6184,13.6184,13.6184,300.0,PCN
2023-02-13 14:18:00,13.61,13.6182,13.61,13.6182,1750.0,PCN
2023-02-13 14:17:00,13.61,13.62,13.61,13.6181,3138.0,PCN
2023-02-13 14:09:00,13.6307,13.6307,13.63,13.63,371.0,PCN
2023-02-13 14:01:00,13.6377,13.6377,13.6377,13.6377,502.0,PCN
2023-02-13 13:57:00,13.64,13.64,13.64,13.64,300.0,PCN
2023-02-13 13:51:00,13.62,13.62,13.62,13.62,130.0,PCN
2023-02-13 13:50:00,13.6216,13.6216,13.6216,13.6216,667.0,PCN
2023-02-13 13:49:00,13.6226,13.6226,13.6226,13.6226,190.0,PCN
2023-02-13 13:48:00,13.64,13.64,13.64,13.64,300.0,PCN
2023-02-13 13:47:00,13.6208,13.6208,13.6208,13.6208,350.0,PCN
2023-02-13 13:41:00,13.6288,13.6288,13.6288,13.6288,1338.0,PCN
2023-02-13 13:40:00,13.6298,13.6321,13.6298,13.6321,824.0,PCN
2023-02-13 13:33:00,13.64,13.64,13.64,13.64,218.0,PCN
2023-02-13 13:30:00,13.635,13.635,13.635,13.635,1110.0,PCN
2023-02-13 13:29:00,13.6271,13.6271,13.6271,13.6271,190.0,PCN
2023-02-13 13:27:00,13.6439,13.6439,13.62,13.6203,2390.0,PCN
2023-02-13 13:25:00,13.62,13.62,13.62,13.62,100.0,PCN
2023-02-13 13:21:00,13.67,13.67,13.6,13.6,10100.0,PCN
2023-02-13 13:20:00,13.66,13.66,13.66,13.66,100.0,PCN
2023-02-13 13:05:00,13.69,13.6995,13.69,13.6995,313.0,PCN
2023-02-13 12:49:00,13.7199,13.7199,13.7199,13.7199,390.0,PCN
2023-02-13 12:48:00,13.71,13.71,13.71,13.71,2325.0,PCN
2023-02-13 12:47:00,13.71,13.71,13.71,13.71,1407.0,PCN
2023-02-13 12:45:00,13.7095,13.71,13.7095,13.71,2045.0,PCN
2023-02-13 12:37:00,13.7008,13.7008,13.7008,13.7008,1503.0,PCN
2023-02-13 12:34:00,13.7,13.71,13.7,13.71,500.0,PCN
2023-02-13 12:29:00,13.71,13.71,13.7,13.7,2132.0,PCN
2023-02-13 12:20:00,13.7,13.72,13.7,13.72,1450.0,PCN
2023-02-13 12:18:00,13.7,13.7,13.7,13.7,2297.0,PCN
2023-02-13 12:16:00,13.681,13.7,13.681,13.7,736.0,PCN
2023-02-13 12:15:00,13.7,13.7,13.7,13.7,150.0,PCN
2023-02-13 12:07:00,13.69,13.69,13.69,13.69,1000.0,PCN
2023-02-13 12:02:00,13.68,13.68,13.68,13.68,130.0,PCN
2023-02-13 11:57:00,13.6826,13.6826,13.6826,13.6826,100.0,PCN
2023-02-13 11:52:00,13.66,13.69,13.66,13.69,732.0,PCN
2023-02-13 11:51:00,13.7,13.7,13.7,13.7,300.0,PCN
2023-02-13 11:46:00,13.7,13.72,13.7,13.71,1600.0,PCN
2023-02-13 11:45:00,13.68,13.69,13.68,13.69,500.0,PCN
2023-02-13 11:33:00,13.66,13.66,13.66,13.66,366.0,PCN
2023-02-13 11:32:00,13.66,13.66,13.66,13.66,381.0,PCN
2023-02-13 11:30:00,13.66,13.66,13.66,13.66,2952.0,PCN
2023-02-13 11:27:00,13.6424,13.6424,13.6424,13.6424,1500.0,PCN
2023-02-13 11:25:00,13.66,13.66,13.66,13.66,2095.0,PCN
2023-02-13 11:21:00,13.6321,13.6321,13.6321,13.6321,293.0,PCN
2023-02-13 11:12:00,13.6317,13.6317,13.6317,13.6317,448.0,PCN
2023-02-13 11:08:00,13.64,13.653,13.61,13.62,6300.0,PCN
2023-02-13 11:07:00,13.65,13.65,13.64,13.64,921.0,PCN
2023-02-13 11:03:00,13.66,13.6742,13.65,13.6742,1662.0,PCN
2023-02-13 11:00:00,13.66,13.676,13.66,13.676,2200.0,PCN
2023-02-13 10:57:00,13.7054,13.7054,13.7054,13.7054,237.0,PCN
2023-02-13 10:56:00,13.6992,13.6992,13.6992,13.6992,102.0,PCN
2023-02-13 10:49:00,13.66,13.69,13.66,13.6899,455.0,PCN
2023-02-13 10:44:00,13.665,13.68,13.665,13.675,607.0,PCN
2023-02-13 10:43:00,13.6567,13.6567,13.6567,13.6567,699.0,PCN
2023-02-13 10:42:00,13.684,13.684,13.684,13.684,1512.0,PCN
2023-02-13 10:41:00,13.6561,13.6561,13.6561,13.6561,1000.0,PCN
2023-02-13 10:32:00,13.71,13.71,13.71,13.71,200.0,PCN
2023-02-13 10:26:00,13.6623,13.6623,13.6623,13.6623,120.0,PCN
2023-02-13 10:25:00,13.7149,13.7149,13.7,13.7,1886.0,PCN
2023-02-13 10:24:00,13.71,13.71,13.7,13.7,3357.0,PCN
2023-02-13 10:14:00,13.71,13.71,13.71,13.71,300.0,PCN
2023-02-13 10:13:00,13.74,13.74,13.72,13.72,1400.0,PCN
2023-02-13 10:12:00,13.74,13.74,13.74,13.74,100.0,PCN
2023-02-13 10:11:00,13.74,13.74,13.74,13.74,101.0,PCN
2023-02-13 10:10:00,13.74,13.74,13.74,13.74,200.0,PCN
2023-02-13 10:09:00,13.7681,13.7681,13.74,13.74,700.0,PCN
2023-02-13 10:08:00,13.77,13.77,13.745,13.745,700.0,PCN
2023-02-13 10:06:00,13.7699,13.7699,13.7699,13.7699,300.0,PCN
2023-02-13 10:01:00,13.75,13.75,13.75,13.75,203.0,PCN
2023-02-13 09:59:00,13.79,13.8,13.745,13.745,11047.0,PCN
2023-02-13 09:58:00,13.7787,13.7787,13.7787,13.7787,123.0,PCN
2023-02-13 09:56:00,13.7432,13.7432,13.7432,13.7432,3000.0,PCN
2023-02-13 09:55:00,13.74,13.74,13.74,13.74,206.0,PCN
2023-02-13 09:52:00,13.75,13.77,13.7305,13.7305,4570.0,PCN
2023-02-13 09:47:00,13.75,13.75,13.75,13.75,100.0,PCN
2023-02-13 09:46:00,13.75,13.75,13.75,13.75,400.0,PCN
2023-02-13 09:42:00,13.75,13.75,13.75,13.75,364.0,PCN
2023-02-13 09:37:00,13.7899,13.7899,13.7899,13.7899,140.0,PCN
2023-02-13 09:34:00,13.724,13.725,13.724,13.725,246.0,PCN
2023-02-13 09:33:00,13.724,13.724,13.72,13.72,7316.0,PCN
2023-02-13 09:31:00,13.76,13.76,13.72,13.72,4934.0,PCN
2023-02-10 16:02:00,13.71,13.71,13.71,13.71,116.0,PCN
2023-02-10 16:01:00,13.71,13.71,13.71,13.71,500.0,PCN
2023-02-10 16:00:00,13.73,13.74,13.71,13.71,2148.0,PCN
2023-02-10 15:59:00,13.73,13.73,13.725,13.725,974.0,PCN
2023-02-10 15:58:00,13.72,13.7299,13.7197,13.7299,2055.0,PCN
2023-02-10 15:56:00,13.72,13.72,13.72,13.72,101.0,PCN
2023-02-10 15:54:00,13.69,13.7,13.69,13.7,5963.0,PCN
2023-02-10 15:53:00,13.68,13.68,13.68,13.68,101.0,PCN
2023-02-10 15:52:00,13.69,13.69,13.69,13.69,112.0,PCN
2023-02-10 15:51:00,13.69,13.69,13.69,13.69,1859.0,PCN
2023-02-10 15:50:00,13.69,13.69,13.69,13.69,1000.0,PCN
2023-02-10 15:49:00,13.685,13.685,13.685,13.685,100.0,PCN
2023-02-10 15:48:00,13.6806,13.6806,13.6806,13.6806,200.0,PCN
2023-02-10 15:47:00,13.68,13.69,13.68,13.69,1437.0,PCN
2023-02-10 15:45:00,13.675,13.68,13.675,13.68,250.0,PCN
2023-02-10 15:43:00,13.68,13.68,13.675,13.675,616.0,PCN
2023-02-10 15:37:00,13.6722,13.6722,13.6722,13.6722,491.0,PCN
2023-02-10 15:35:00,13.69,13.69,13.69,13.69,654.0,PCN
2023-02-10 15:31:00,13.68,13.689,13.68,13.689,500.0,PCN
2023-02-10 15:21:00,13.6877,13.6877,13.6877,13.6877,608.0,PCN
2023-02-10 15:19:00,13.68,13.68,13.68,13.68,146.0,PCN
2023-02-10 15:17:00,13.68,13.68,13.67,13.67,500.0,PCN
2023-02-10 15:16:00,13.69,13.69,13.69,13.69,1000.0,PCN
2023-02-10 15:15:00,13.685,13.685,13.685,13.685,103.0,PCN
2023-02-10 15:12:00,13.68,13.69,13.68,13.69,1900.0,PCN
2023-02-10 15:11:00,13.67,13.68,13.67,13.67,1030.0,PCN
2023-02-10 14:57:00,13.6792,13.6792,13.6792,13.6792,1000.0,PCN
2023-02-10 14:55:00,13.6772,13.6772,13.6772,13.6772,100.0,PCN
2023-02-10 14:53:00,13.6614,13.6614,13.6614,13.6614,360.0,PCN
2023-02-10 14:47:00,13.67,13.67,13.67,13.67,120.0,PCN
2023-02-10 14:43:00,13.6706,13.6706,13.6706,13.6706,220.0,PCN
2023-02-10 14:42:00,13.68,13.68,13.68,13.68,100.0,PCN
2023-02-10 14:40:00,13.67,13.68,13.67,13.68,200.0,PCN
2023-02-10 14:39:00,13.68,13.69,13.68,13.69,300.0,PCN
2023-02-10 14:38:00,13.6799,13.6799,13.6799,13.6799,5000.0,PCN
2023-02-10 14:37:00,13.69,13.69,13.69,13.69,300.0,PCN
2023-02-10 14:35:00,13.6825,13.6825,13.6825,13.6825,250.0,PCN
2023-02-10 14:26:00,13.6603,13.6603,13.6603,13.6603,370.0,PCN
2023-02-10 13:57:00,13.68,13.68,13.66,13.66,1000.0,PCN
2023-02-10 13:54:00,13.69,13.69,13.69,13.69,252.0,PCN
2023-02-10 13:52:00,13.6815,13.6815,13.6815,13.6815,330.0,PCN
2023-02-10 13:49:00,13.6815,13.6815,13.6815,13.6815,364.0,PCN
2023-02-10 13:47:00,13.7,13.7,13.7,13.7,309.0,PCN
2023-02-10 13:46:00,13.7043,13.7083,13.7043,13.7083,769.0,PCN
2023-02-10 13:44:00,13.7,13.7,13.7,13.7,1000.0,PCN
2023-02-10 13:41:00,13.71,13.71,13.71,13.71,803.0,PCN
2023-02-10 13:40:00,13.7251,13.7251,13.7115,13.7115,3216.0,PCN
2023-02-10 13:35:00,13.72,13.72,13.72,13.72,1800.0,PCN
2023-02-10 13:33:00,13.72,13.73,13.7155,13.7155,565.0,PCN
2023-02-10 13:32:00,13.72,13.72,13.71,13.71,905.0,PCN
2023-02-10 13:26:00,13.71,13.71,13.71,13.71,200.0,PCN
2023-02-10 13:24:00,13.68,13.71,13.68,13.7085,4141.0,PCN
2023-02-10 13:23:00,13.68,13.68,13.68,13.68,200.0,PCN
2023-02-10 13:22:00,13.68,13.68,13.68,13.68,453.0,PCN
2023-02-10 13:21:00,13.68,13.68,13.68,13.68,500.0,PCN
2023-02-10 13:18:00,13.67,13.68,13.67,13.68,3101.0,PCN
2023-02-10 13:17:00,13.67,13.67,13.67,13.67,1000.0,PCN
2023-02-10 13:16:00,13.66,13.66,13.66,13.66,200.0,PCN
2023-02-10 13:15:00,13.65,13.65,13.65,13.65,1250.0,PCN
2023-02-10 13:14:00,13.65,13.65,13.65,13.65,545.0,PCN
2023-02-10 13:13:00,13.645,13.6465,13.645,13.6465,364.0,PCN
2023-02-10 12:58:00,13.65,13.65,13.64,13.64,200.0,PCN
2023-02-10 12:57:00,13.64,13.64,13.63,13.635,8128.0,PCN
2023-02-10 12:55:00,13.64,13.64,13.62,13.62,8800.0,PCN
2023-02-10 12:53:00,13.6491,13.6491,13.6491,13.6491,300.0,PCN
2023-02-10 12:49:00,13.64,13.65,13.64,13.6464,500.0,PCN
2023-02-10 12:47:00,13.62,13.62,13.62,13.62,100.0,PCN
2023-02-10 12:43:00,13.6399,13.6399,13.6399,13.6399,100.0,PCN
2023-02-10 12:37:00,13.6399,13.6399,13.625,13.625,3800.0,PCN
2023-02-10 12:36:00,13.625,13.625,13.625,13.625,200.0,PCN
2023-02-10 12:29:00,13.61,13.61,13.61,13.61,428.0,PCN
2023-02-10 12:28:00,13.6059,13.6059,13.6059,13.6059,300.0,PCN
2023-02-10 12:25:00,13.605,13.61,13.605,13.61,2900.0,PCN
2023-02-10 12:23:00,13.608,13.608,13.608,13.608,600.0,PCN
2023-02-10 12:05:00,13.6086,13.6086,13.6086,13.6086,230.0,PCN
2023-02-10 12:02:00,13.6,13.6,13.6,13.6,324.0,PCN
2023-02-10 12:01:00,13.6,13.6,13.6,13.6,800.0,PCN
2023-02-10 12:00:00,13.6089,13.6089,13.6,13.6,200.0,PCN
2023-02-10 11:59:00,13.6089,13.6089,13.605,13.605,470.0,PCN
2023-02-10 11:58:00,13.61,13.61,13.605,13.605,2752.0,PCN
2023-02-10 11:49:00,13.61,13.61,13.61,13.61,235.0,PCN
2023-02-10 11:48:00,13.61,13.61,13.61,13.61,900.0,PCN
2023-02-10 11:46:00,13.62,13.62,13.62,13.62,340.0,PCN
2023-02-10 11:39:00,13.6296,13.6296,13.6296,13.6296,126.0,PCN
2023-02-10 11:38:00,13.64,13.65,13.64,13.65,2875.0,PCN
2023-02-10 11:36:00,13.63,13.6338,13.63,13.6338,1159.0,PCN
2023-02-10 11:35:00,13.6368,13.6368,13.6368,13.6368,100.0,PCN
2023-02-10 11:32:00,13.64,13.6447,13.63,13.635,1600.0,PCN
2023-02-10 11:31:00,13.6425,13.6425,13.6425,13.6425,701.0,PCN
2023-02-10 11:27:00,13.6401,13.6401,13.64,13.6401,3524.0,PCN
2023-02-10 11:25:00,13.64,13.645,13.64,13.645,300.0,PCN
2023-02-10 11:13:00,13.6392,13.6392,13.6392,13.6392,200.0,PCN
2023-02-10 11:10:00,13.63,13.6459,13.63,13.6459,2000.0,PCN
2023-02-10 11:09:00,13.6196,13.6196,13.6196,13.6196,1688.0,PCN
2023-02-10 11:08:00,13.6109,13.6109,13.6109,13.6109,1000.0,PCN
2023-02-10 11:07:00,13.62,13.62,13.62,13.62,511.0,PCN
2023-02-10 11:06:00,13.6294,13.6294,13.6294,13.6294,245.0,PCN
2023-02-10 11:05:00,13.615,13.62,13.615,13.62,689.0,PCN
2023-02-10 11:04:00,13.61,13.61,13.61,13.61,302.0,PCN
2023-02-10 11:03:00,13.6186,13.6186,13.6186,13.6186,150.0,PCN
2023-02-10 11:00:00,13.6192,13.6192,13.6192,13.6192,235.0,PCN
2023-02-10 10:54:00,13.6,13.61,13.6,13.61,536.0,PCN
2023-02-10 10:53:00,13.62,13.62,13.6,13.6,1830.0,PCN
2023-02-10 10:52:00,13.6354,13.6354,13.6354,13.6354,100.0,PCN
2023-02-10 10:48:00,13.6301,13.6301,13.6301,13.6301,212.0,PCN
2023-02-10 10:47:00,13.63,13.631,13.63,13.631,1283.0,PCN
2023-02-10 10:46:00,13.6399,13.6399,13.6399,13.6399,715.0,PCN
2023-02-10 10:44:00,13.6347,13.6347,13.6347,13.6347,300.0,PCN
2023-02-10 10:41:00,13.635,13.635,13.635,13.635,215.0,PCN
2023-02-10 10:39:00,13.64,13.64,13.63,13.6301,666.0,PCN
2023-02-10 10:35:00,13.63,13.63,13.63,13.63,600.0,PCN
2023-02-10 10:28:00,13.6301,13.6301,13.6301,13.6301,100.0,PCN
2023-02-10 10:24:00,13.65,13.65,13.65,13.65,2682.0,PCN
2023-02-10 10:21:00,13.65,13.65,13.65,13.65,220.0,PCN
2023-02-10 10:20:00,13.6398,13.6492,13.6398,13.6492,1298.0,PCN
2023-02-10 10:19:00,13.65,13.65,13.65,13.65,900.0,PCN
2023-02-10 10:15:00,13.62,13.62,13.62,13.62,301.0,PCN
2023-02-10 10:14:00,13.62,13.62,13.62,13.62,500.0,PCN
2023-02-10 10:13:00,13.64,13.64,13.64,13.64,1215.0,PCN
2023-02-10 10:12:00,13.61,13.61,13.61,13.61,200.0,PCN
2023-02-10 10:11:00,13.58,13.62,13.58,13.6167,1650.0,PCN
2023-02-10 10:10:00,13.58,13.58,13.58,13.58,245.0,PCN
2023-02-10 10:08:00,13.57,13.57,13.57,13.57,500.0,PCN
2023-02-10 10:07:00,13.57,13.57,13.57,13.57,200.0,PCN
2023-02-10 10:05:00,13.565,13.565,13.54,13.54,1000.0,PCN
2023-02-10 10:03:00,13.55,13.5501,13.52,13.52,1812.0,PCN
2023-02-10 10:01:00,13.5638,13.5638,13.5638,13.5638,201.0,PCN
2023-02-10 09:59:00,13.55,13.55,13.55,13.55,200.0,PCN
2023-02-10 09:57:00,13.55,13.5501,13.54,13.5501,4326.0,PCN
2023-02-10 09:55:00,13.5516,13.5516,13.5516,13.5516,620.0,PCN
2023-02-10 09:54:00,13.5677,13.5677,13.5677,13.5677,220.0,PCN
2023-02-10 09:52:00,13.56,13.56,13.54,13.54,1700.0,PCN
2023-02-10 09:51:00,13.55,13.56,13.54,13.56,2446.0,PCN
2023-02-10 09:49:00,13.55,13.55,13.55,13.55,393.0,PCN
2023-02-10 09:48:00,13.56,13.56,13.53,13.53,705.0,PCN
2023-02-10 09:47:00,13.58,13.59,13.5701,13.5881,913.0,PCN
2023-02-10 09:44:00,13.573,13.58,13.57,13.572,6362.0,PCN
2023-02-10 09:43:00,13.59,13.59,13.57,13.57,1630.0,PCN
2023-02-10 09:42:00,13.59,13.59,13.59,13.59,1073.0,PCN
2023-02-10 09:41:00,13.58,13.58,13.58,13.58,102.0,PCN
2023-02-10 09:40:00,13.61,13.61,13.58,13.58,910.0,PCN
2023-02-10 09:37:00,13.61,13.61,13.61,13.61,321.0,PCN
2023-02-10 09:35:00,13.65,13.65,13.6,13.6,4954.0,PCN
2023-02-10 09:34:00,13.65,13.65,13.63,13.65,2207.0,PCN
2023-02-10 09:33:00,13.65,13.65,13.65,13.65,203.0,PCN
2023-02-10 09:31:00,13.65,13.65,13.65,13.65,6084.0,PCN
2023-02-10 08:50:00,13.64,13.64,13.64,13.64,450.0,PCN
2023-02-10 07:27:00,13.68,13.68,13.68,13.68,200.0,PCN
2023-02-10 07:17:00,13.68,13.68,13.68,13.68,500.0,PCN
2023-02-09 16:01:00,13.7075,13.7075,13.7075,13.7075,500.0,PCN
2023-02-09 16:00:00,13.7274,13.7373,13.7174,13.7174,1934.0,PCN
2023-02-09 15:58:00,13.7224,13.7224,13.7224,13.7224,500.0,PCN
2023-02-09 15:56:00,13.7274,13.7274,13.7224,13.7224,328.0,PCN
2023-02-09 15:55:00,13.7224,13.7224,13.7224,13.7224,761.0,PCN
2023-02-09 15:54:00,13.7274,13.7274,13.7174,13.7174,1250.0,PCN
2023-02-09 15:53:00,13.7174,13.722,13.7174,13.722,2300.0,PCN
2023-02-09 15:51:00,13.7274,13.7373,13.7274,13.7274,501.0,PCN
2023-02-09 15:50:00,13.7274,13.7274,13.7274,13.7274,350.0,PCN
2023-02-09 15:49:00,13.7372,13.7372,13.7372,13.7372,1100.0,PCN
2023-02-09 15:48:00,13.7274,13.7274,13.7274,13.7274,801.0,PCN
2023-02-09 15:47:00,13.7274,13.732,13.7174,13.7274,2380.0,PCN
2023-02-09 15:46:00,13.7283,13.7283,13.7283,13.7283,501.0,PCN
2023-02-09 15:44:00,13.7373,13.7373,13.7373,13.7373,910.0,PCN
2023-02-09 15:43:00,13.7373,13.7373,13.728,13.728,500.0,PCN
2023-02-09 15:41:00,13.7567,13.7569,13.7373,13.7427,10009.0,PCN
2023-02-09 15:40:00,13.7472,13.767,13.7472,13.7472,11447.0,PCN
2023-02-09 15:39:00,13.7472,13.7472,13.7415,13.7438,4660.0,PCN
2023-02-09 15:38:00,13.7571,13.7571,13.7472,13.7472,700.0,PCN
2023-02-09 15:36:00,13.767,13.767,13.767,13.767,200.0,PCN
2023-02-09 15:34:00,13.777,13.777,13.7571,13.7571,1008.0,PCN
2023-02-09 15:32:00,13.7869,13.8067,13.767,13.8067,2742.0,PCN
2023-02-09 15:31:00,13.8017,13.8017,13.8017,13.8017,300.0,PCN
2023-02-09 15:30:00,13.7869,13.8164,13.7869,13.8164,5488.0,PCN
2023-02-09 15:28:00,13.7918,13.7918,13.7869,13.7869,600.0,PCN
2023-02-09 15:27:00,13.7869,13.7869,13.7869,13.7869,400.0,PCN
2023-02-09 15:26:00,13.7869,13.7968,13.7869,13.7869,3001.0,PCN
2023-02-09 15:25:00,13.8017,13.8365,13.8017,13.8017,6000.0,PCN
2023-02-09 15:21:00,13.8067,13.8067,13.7869,13.7869,5500.0,PCN
2023-02-09 15:20:00,13.8166,13.8226,13.8166,13.8226,1768.0,PCN
2023-02-09 15:18:00,13.8365,13.8365,13.8265,13.8265,500.0,PCN
2023-02-09 15:15:00,13.8464,13.8464,13.8464,13.8464,800.0,PCN
2023-02-09 15:14:00,13.8365,13.8365,13.8365,13.8365,420.0,PCN
2023-02-09 15:13:00,13.8265,13.8265,13.8265,13.8265,400.0,PCN
2023-02-09 15:11:00,13.8364,13.8364,13.8364,13.8364,3500.0,PCN
2023-02-09 15:10:00,13.8283,13.8283,13.8283,13.8283,145.0,PCN
2023-02-09 15:02:00,13.8464,13.8662,13.8265,13.8265,9049.0,PCN
2023-02-09 15:01:00,13.8563,13.8563,13.8563,13.8563,1000.0,PCN
2023-02-09 15:00:00,13.8761,13.8761,13.8662,13.8662,1050.0,PCN
2023-02-09 14:59:00,13.8761,13.8761,13.8761,13.8761,100.0,PCN
2023-02-09 14:57:00,13.8761,13.8761,13.8761,13.8761,600.0,PCN
2023-02-09 14:55:00,13.8861,13.896,13.8761,13.8761,2009.0,PCN
2023-02-09 14:54:00,13.896,13.896,13.896,13.896,100.0,PCN
2023-02-09 14:53:00,13.891,13.891,13.8861,13.8861,450.0,PCN
2023-02-09 14:52:00,13.895,13.895,13.895,13.895,360.0,PCN
2023-02-09 14:50:00,13.896,13.9059,13.8861,13.9059,700.0,PCN
2023-02-09 14:47:00,13.896,13.896,13.896,13.896,2400.0,PCN
2023-02-09 14:44:00,13.896,13.896,13.8861,13.8861,899.0,PCN
2023-02-09 14:40:00,13.8861,13.9059,13.8861,13.891,5100.0,PCN
2023-02-09 14:39:00,13.8761,13.8761,13.8761,13.8761,990.0,PCN
2023-02-09 14:38:00,13.8662,13.8662,13.8662,13.8662,498.0,PCN
2023-02-09 14:37:00,13.8769,13.8769,13.8769,13.8769,100.0,PCN
2023-02-09 14:31:00,13.8761,13.8847,13.8761,13.8847,230.0,PCN
2023-02-09 14:30:00,13.8761,13.8761,13.8761,13.8761,701.0,PCN
2023-02-09 14:27:00,13.8761,13.896,13.8761,13.896,1500.0,PCN
2023-02-09 14:26:00,13.8702,13.8702,13.8702,13.8702,100.0,PCN
2023-02-09 14:21:00,13.8761,13.8761,13.8761,13.8761,700.0,PCN
2023-02-09 14:19:00,13.8777,13.8777,13.8761,13.8761,1131.0,PCN
2023-02-09 14:18:00,13.891,13.896,13.8861,13.8861,700.0,PCN
2023-02-09 14:17:00,13.8892,13.8892,13.8892,13.8892,100.0,PCN
2023-02-09 14:13:00,13.8861,13.8861,13.8861,13.8861,1500.0,PCN
2023-02-09 14:10:00,13.9058,13.9058,13.9058,13.9058,2500.0,PCN
2023-02-09 14:00:00,13.8761,13.8857,13.8761,13.8783,1250.0,PCN
2023-02-09 13:59:00,13.8761,13.8761,13.8761,13.8761,400.0,PCN
2023-02-09 13:58:00,13.8761,13.8761,13.8761,13.8761,300.0,PCN
2023-02-09 13:49:00,13.8861,13.896,13.8861,13.8861,5320.0,PCN
2023-02-09 13:47:00,13.891,13.891,13.891,13.891,509.0,PCN
2023-02-09 13:45:00,13.891,13.891,13.891,13.891,2607.0,PCN
2023-02-09 13:39:00,13.8861,13.8861,13.8861,13.8861,1000.0,PCN
2023-02-09 13:37:00,13.891,13.891,13.891,13.891,1400.0,PCN
2023-02-09 13:32:00,13.8761,13.8861,13.8761,13.8861,1480.0,PCN
2023-02-09 13:24:00,13.8662,13.8662,13.8662,13.8662,150.0,PCN
2023-02-09 13:13:00,13.8749,13.8749,13.8719,13.8719,1225.0,PCN
2023-02-09 13:12:00,13.8761,13.8761,13.8761,13.8761,424.0,PCN
2023-02-09 13:05:00,13.8861,13.8861,13.8761,13.8761,222.0,PCN
2023-02-09 13:00:00,13.885,13.885,13.885,13.885,178.0,PCN
2023-02-09 12:57:00,13.8662,13.8861,13.8662,13.8861,3545.0,PCN
2023-02-09 12:51:00,13.8761,13.8761,13.8613,13.8761,3469.0,PCN
2023-02-09 12:49:00,13.8761,13.8761,13.8761,13.8761,184.0,PCN
2023-02-09 12:48:00,13.8832,13.8832,13.8832,13.8832,1180.0,PCN
2023-02-09 12:47:00,13.8761,13.8861,13.8761,13.8861,1000.0,PCN
2023-02-09 12:44:00,13.8672,13.8672,13.8672,13.8672,400.0,PCN
2023-02-09 12:40:00,13.8662,13.8662,13.8662,13.8662,519.0,PCN
2023-02-09 12:38:00,13.8861,13.8861,13.8861,13.8861,831.0,PCN
2023-02-09 12:26:00,13.8761,13.8761,13.8761,13.8761,100.0,PCN
2023-02-09 12:06:00,13.8696,13.8696,13.8696,13.8696,480.0,PCN
2023-02-09 12:01:00,13.8717,13.8717,13.8717,13.8717,300.0,PCN
2023-02-09 11:56:00,13.8712,13.8712,13.8712,13.8712,100.0,PCN
2023-02-09 11:36:00,13.8662,13.8662,13.8662,13.8662,1076.0,PCN
2023-02-09 11:25:00,13.8707,13.8707,13.8707,13.8707,500.0,PCN
2023-02-09 11:24:00,13.8662,13.8662,13.8464,13.8464,500.0,PCN
2023-02-09 11:23:00,13.8753,13.8753,13.8753,13.8753,1000.0,PCN
2023-02-09 11:17:00,13.8861,13.8861,13.8861,13.8861,806.0,PCN
2023-02-09 11:15:00,13.8934,13.8934,13.8761,13.8761,977.0,PCN
2023-02-09 11:14:00,13.9109,13.9109,13.896,13.896,1620.0,PCN
2023-02-09 11:12:00,13.9059,13.9059,13.9059,13.9059,102.0,PCN
2023-02-09 11:11:00,13.9059,13.9257,13.9059,13.9158,12283.0,PCN
2023-02-09 11:10:00,13.896,13.9157,13.896,13.9157,940.0,PCN
2023-02-09 11:09:00,13.8761,13.9158,13.8755,13.9158,7501.0,PCN
2023-02-09 11:02:00,13.8662,13.8662,13.8662,13.8662,1200.0,PCN
2023-02-09 11:00:00,13.8811,13.8925,13.8811,13.8925,1765.0,PCN
2023-02-09 10:59:00,13.8944,13.8944,13.8719,13.8719,537.0,PCN
2023-02-09 10:58:00,13.8861,13.8861,13.8845,13.8845,2850.0,PCN
2023-02-09 10:56:00,13.8662,13.8662,13.8662,13.8662,1361.0,PCN
2023-02-09 10:50:00,13.8822,13.8822,13.8822,13.8822,500.0,PCN
2023-02-09 10:49:00,13.8464,13.8464,13.8464,13.8464,100.0,PCN
2023-02-09 10:43:00,13.8662,13.8662,13.8662,13.8662,508.0,PCN
2023-02-09 10:41:00,13.8671,13.8671,13.8671,13.8671,225.0,PCN
2023-02-09 10:35:00,13.8662,13.8662,13.8661,13.8661,801.0,PCN
2023-02-09 10:34:00,13.8631,13.8631,13.8631,13.8631,6001.0,PCN
2023-02-09 10:32:00,13.8464,13.8464,13.8464,13.8464,701.0,PCN
2023-02-09 10:28:00,13.8761,13.8761,13.8662,13.8761,800.0,PCN
2023-02-09 10:27:00,13.8761,13.8761,13.8761,13.8761,103.0,PCN
2023-02-09 10:22:00,13.8761,13.8843,13.8662,13.8843,1214.0,PCN
2023-02-09 10:21:00,13.8761,13.8761,13.8761,13.8761,1642.0,PCN
2023-02-09 10:17:00,13.8761,13.8861,13.8761,13.8861,500.0,PCN
2023-02-09 10:15:00,13.8727,13.8727,13.8727,13.8727,100.0,PCN
2023-02-09 10:13:00,13.8712,13.8712,13.8712,13.8712,400.0,PCN
2023-02-09 10:09:00,13.8563,13.8563,13.8563,13.8563,100.0,PCN
2023-02-09 10:08:00,13.8732,13.8732,13.8563,13.8563,550.0,PCN
2023-02-09 10:07:00,13.8826,13.8826,13.8826,13.8826,400.0,PCN
2023-02-09 10:05:00,13.8662,13.8662,13.8662,13.8662,300.0,PCN
2023-02-09 10:04:00,13.896,13.9158,13.895,13.9158,2081.0,PCN
2023-02-09 10:02:00,13.8861,13.8861,13.8712,13.8712,5097.0,PCN
2023-02-09 10:00:00,13.9057,13.9057,13.9009,13.9009,500.0,PCN
2023-02-09 09:59:00,13.9009,13.9059,13.8861,13.8861,2135.0,PCN
2023-02-09 09:55:00,13.9158,13.9158,13.9158,13.9158,240.0,PCN
2023-02-09 09:54:00,13.9257,13.9257,13.9257,13.9257,251.0,PCN
2023-02-09 09:51:00,13.9468,13.9468,13.9468,13.9468,100.0,PCN
2023-02-09 09:49:00,13.9574,13.9574,13.9574,13.9574,120.0,PCN
2023-02-09 09:45:00,13.9059,13.9158,13.9059,13.9158,1024.0,PCN
2023-02-09 09:44:00,13.9277,13.9277,13.9277,13.9277,100.0,PCN
2023-02-09 09:43:00,13.9505,13.9505,13.9257,13.9257,1108.0,PCN
2023-02-09 09:42:00,13.9852,13.9952,13.9852,13.9952,201.0,PCN
2023-02-09 09:41:00,13.9852,13.9952,13.9847,13.9852,1304.0,PCN
2023-02-09 09:40:00,13.9876,13.9952,13.9852,13.9952,915.0,PCN
2023-02-09 09:38:00,13.9555,13.9555,13.9555,13.9555,709.0,PCN
2023-02-09 09:37:00,13.9219,13.9555,13.9219,13.9555,417.0,PCN
2023-02-09 09:34:00,14.015,14.015,13.9654,13.9654,310.0,PCN
2023-02-09 09:33:00,14.0248,14.0248,14.0248,14.0248,550.0,PCN
2023-02-09 09:31:00,14.0348,14.0348,14.0348,14.0348,9173.0,PCN
2023-02-08 16:00:00,13.8745,13.8861,13.8712,13.8861,1155.0,PCN
2023-02-08 15:55:00,13.8712,13.8712,13.8712,13.8712,100.0,PCN
2023-02-08 15:53:00,13.8712,13.8835,13.8563,13.8563,1101.0,PCN
2023-02-08 15:51:00,13.8563,13.8761,13.8563,13.8761,2848.0,PCN
2023-02-08 15:50:00,13.8513,13.8563,13.8513,13.8563,611.0,PCN
2023-02-08 15:43:00,13.8384,13.8384,13.8384,13.8384,200.0,PCN
2023-02-08 15:34:00,13.8464,13.8464,13.8405,13.8405,2600.0,PCN
2023-02-08 15:33:00,13.8495,13.8495,13.8464,13.8464,1566.0,PCN
2023-02-08 15:32:00,13.8365,13.8365,13.8365,13.8365,225.0,PCN
2023-02-08 15:31:00,13.8563,13.8563,13.8365,13.8365,6573.0,PCN
2023-02-08 15:30:00,13.8662,13.8662,13.8662,13.8662,300.0,PCN
2023-02-08 15:28:00,13.8662,13.8684,13.8662,13.8662,1284.0,PCN
2023-02-08 15:22:00,13.8697,13.8712,13.8697,13.8712,1429.0,PCN
2023-02-08 15:21:00,13.8712,13.8712,13.8712,13.8712,100.0,PCN
2023-02-08 15:19:00,13.891,13.891,13.8662,13.8662,2361.0,PCN
2023-02-08 15:18:00,13.8772,13.891,13.8772,13.891,1406.0,PCN
2023-02-08 15:16:00,13.9059,13.9059,13.8861,13.891,1910.0,PCN
2023-02-08 15:15:00,13.891,13.891,13.8762,13.8762,1116.0,PCN
2023-02-08 15:13:00,13.8761,13.8802,13.8761,13.8802,433.0,PCN
2023-02-08 15:12:00,13.8861,13.896,13.8861,13.8861,535.0,PCN
2023-02-08 15:11:00,13.8811,13.8861,13.8811,13.8861,1072.0,PCN
2023-02-08 15:09:00,13.8861,13.8861,13.8861,13.8861,100.0,PCN
2023-02-08 15:07:00,13.8861,13.8861,13.8811,13.8861,1000.0,PCN
2023-02-08 15:02:00,13.8861,13.8861,13.8861,13.8861,250.0,PCN
2023-02-08 14:59:00,13.8854,13.8854,13.8854,13.8854,100.0,PCN
2023-02-08 14:58:00,13.8861,13.8861,13.8811,13.8811,200.0,PCN
2023-02-08 14:54:00,13.8861,13.8861,13.8761,13.8761,625.0,PCN
2023-02-08 14:46:00,13.8811,13.891,13.8761,13.8761,4800.0,PCN
2023-02-08 14:43:00,13.8811,13.8811,13.8811,13.8811,200.0,PCN
2023-02-08 14:31:00,13.8662,13.8662,13.8662,13.8662,300.0,PCN
2023-02-08 14:28:00,13.8861,13.8861,13.8861,13.8861,200.0,PCN
2023-02-08 14:27:00,13.8861,13.8861,13.8861,13.8861,250.0,PCN
2023-02-08 14:12:00,13.8891,13.8891,13.8761,13.8761,600.0,PCN
2023-02-08 14:08:00,13.8761,13.8861,13.8662,13.8861,300.0,PCN
2023-02-08 14:07:00,13.8662,13.8861,13.8662,13.8861,5855.0,PCN
2023-02-08 14:05:00,13.8861,13.8861,13.8761,13.8761,6173.0,PCN
2023-02-08 14:01:00,13.8861,13.8916,13.8861,13.8916,500.0,PCN
2023-02-08 13:52:00,13.8974,13.8974,13.8974,13.8974,125.0,PCN
2023-02-08 13:50:00,13.9013,13.9013,13.9013,13.9013,435.0,PCN
2023-02-08 13:44:00,13.8662,13.8662,13.8662,13.8662,130.0,PCN
2023-02-08 13:30:00,13.8861,13.8861,13.8861,13.8861,826.0,PCN
2023-02-08 13:29:00,13.8861,13.8961,13.8662,13.8662,6300.0,PCN
2023-02-08 13:24:00,13.884,13.8861,13.884,13.8861,1506.0,PCN
2023-02-08 13:22:00,13.8761,13.8761,13.8761,13.8761,200.0,PCN
2023-02-08 13:21:00,13.8761,13.8761,13.8761,13.8761,100.0,PCN
2023-02-08 13:17:00,13.8861,13.8861,13.8861,13.8861,714.0,PCN
2023-02-08 13:14:00,13.8761,13.8861,13.8761,13.8761,1847.0,PCN
2023-02-08 13:13:00,13.8761,13.8861,13.8761,13.8861,200.0,PCN
2023-02-08 13:12:00,13.873,13.873,13.873,13.873,100.0,PCN
2023-02-08 13:11:00,13.8761,13.8861,13.8712,13.8712,2955.0,PCN
2023-02-08 13:07:00,13.8761,13.8761,13.8761,13.8761,580.0,PCN
2023-02-08 13:05:00,13.8861,13.8861,13.8662,13.8761,2961.0,PCN
2023-02-08 12:57:00,13.8794,13.8794,13.8794,13.8794,310.0,PCN
2023-02-08 12:55:00,13.8613,13.8613,13.8613,13.8613,750.0,PCN
2023-02-08 12:49:00,13.8409,13.8613,13.8409,13.8613,1696.0,PCN
2023-02-08 12:44:00,13.8661,13.8661,13.8613,13.8613,500.0,PCN
2023-02-08 12:27:00,13.8813,13.8813,13.8813,13.8813,500.0,PCN
2023-02-08 12:25:00,13.8761,13.8761,13.8761,13.8761,425.0,PCN
2023-02-08 12:17:00,13.86,13.86,13.86,13.86,500.0,PCN
2023-02-08 12:16:00,13.8563,13.8563,13.8563,13.8563,100.0,PCN
2023-02-08 12:06:00,13.8365,13.8365,13.8365,13.8365,800.0,PCN
2023-02-08 12:01:00,13.8693,13.8693,13.8693,13.8693,155.0,PCN
2023-02-08 12:00:00,13.8464,13.8464,13.8464,13.8464,216.0,PCN
2023-02-08 11:54:00,13.8384,13.8384,13.8365,13.8384,500.0,PCN
2023-02-08 11:48:00,13.8365,13.8365,13.8365,13.8365,325.0,PCN
2023-02-08 11:28:00,13.8265,13.8265,13.8265,13.8265,191.0,PCN
2023-02-08 11:27:00,13.8365,13.8513,13.8265,13.8265,2000.0,PCN
2023-02-08 11:22:00,13.8613,13.8613,13.8613,13.8613,500.0,PCN
2023-02-08 11:21:00,13.8613,13.8613,13.8613,13.8613,157.0,PCN
2023-02-08 11:17:00,13.8662,13.8662,13.8662,13.8662,100.0,PCN
2023-02-08 11:13:00,13.8761,13.8761,13.8761,13.8761,222.0,PCN
2023-02-08 11:12:00,13.8563,13.8662,13.8563,13.8662,1000.0,PCN
2023-02-08 11:02:00,13.8567,13.8567,13.8365,13.8365,832.0,PCN
2023-02-08 11:01:00,13.8484,13.8484,13.8484,13.8484,319.0,PCN
2023-02-08 10:59:00,13.8513,13.8513,13.8513,13.8513,100.0,PCN
2023-02-08 10:57:00,13.8365,13.8661,13.8365,13.8661,900.0,PCN
2023-02-08 10:51:00,13.8265,13.8265,13.8265,13.8265,100.0,PCN
2023-02-08 10:50:00,13.8265,13.8265,13.8265,13.8265,200.0,PCN
2023-02-08 10:47:00,13.8265,13.8265,13.8265,13.8265,229.0,PCN
2023-02-08 10:45:00,13.8216,13.8265,13.8216,13.8264,1432.0,PCN
2023-02-08 10:44:00,13.824,13.8265,13.8166,13.8265,1252.0,PCN
2023-02-08 10:43:00,13.8166,13.8166,13.8166,13.8166,100.0,PCN
2023-02-08 10:42:00,13.8464,13.8464,13.8166,13.8166,3718.0,PCN
2023-02-08 10:39:00,13.8563,13.8563,13.8464,13.8464,248.0,PCN
2023-02-08 10:34:00,13.8662,13.8662,13.8365,13.8365,493.0,PCN
2023-02-08 10:33:00,13.8861,13.8861,13.8861,13.8861,1902.0,PCN
2023-02-08 10:32:00,13.896,13.896,13.8861,13.8861,1525.0,PCN
2023-02-08 10:30:00,13.9157,13.9157,13.9157,13.9157,150.0,PCN
2023-02-08 10:28:00,13.896,13.896,13.896,13.896,200.0,PCN
2023-02-08 10:26:00,13.8861,13.8861,13.8861,13.8861,300.0,PCN
2023-02-08 10:23:00,13.9009,13.9009,13.9009,13.9009,125.0,PCN
2023-02-08 10:20:00,13.896,13.896,13.896,13.896,200.0,PCN
2023-02-08 10:18:00,13.896,13.896,13.896,13.896,1595.0,PCN
2023-02-08 10:17:00,13.9059,13.9208,13.9059,13.9059,1225.0,PCN
2023-02-08 10:15:00,13.9059,13.9059,13.9059,13.9059,122.0,PCN
2023-02-08 10:11:00,13.9158,13.9158,13.9158,13.9158,257.0,PCN
2023-02-08 10:10:00,13.9059,13.9059,13.9059,13.9059,310.0,PCN
2023-02-08 10:09:00,13.9059,13.9059,13.9059,13.9059,112.0,PCN
2023-02-08 10:08:00,13.9158,13.9158,13.9158,13.9158,310.0,PCN
2023-02-08 10:06:00,13.9305,13.9305,13.9305,13.9305,517.0,PCN
2023-02-08 10:03:00,13.9309,13.9309,13.9309,13.9309,110.0,PCN
2023-02-08 10:02:00,13.9293,13.9293,13.9293,13.9293,210.0,PCN
2023-02-08 09:59:00,13.9059,13.9059,13.9059,13.9059,135.0,PCN
2023-02-08 09:58:00,13.9059,13.9059,13.9059,13.9059,110.0,PCN
2023-02-08 09:53:00,13.9109,13.9109,13.9109,13.9109,600.0,PCN
2023-02-08 09:52:00,13.9009,13.9158,13.9009,13.9158,675.0,PCN
2023-02-08 09:50:00,13.9059,13.9059,13.9059,13.9059,1217.0,PCN
2023-02-08 09:48:00,13.9158,13.9158,13.9158,13.9158,159.0,PCN
2023-02-08 09:46:00,13.9009,13.9009,13.9009,13.9009,100.0,PCN
2023-02-08 09:43:00,13.8862,13.8862,13.8862,13.8862,2223.0,PCN
2023-02-08 09:40:00,13.9009,13.9059,13.8861,13.9059,3084.0,PCN
2023-02-08 09:31:00,13.9059,13.9059,13.9059,13.9059,7190.0,PCN
2023-02-08 04:08:00,14.0348,14.0348,14.0348,14.0348,700.0,PCN
2023-02-07 16:00:00,13.8712,13.8712,13.8563,13.8712,539.0,PCN
2023-02-07 15:58:00,13.8712,13.8712,13.8712,13.8712,201.0,PCN
2023-02-07 15:57:00,13.8861,13.8861,13.8712,13.8712,1520.0,PCN
2023-02-07 15:56:00,13.8712,13.8712,13.8712,13.8712,150.0,PCN
2023-02-07 15:55:00,13.8712,13.8712,13.8712,13.8712,400.0,PCN
2023-02-07 15:54:00,13.8712,13.8861,13.8712,13.8712,2203.0,PCN
2023-02-07 15:53:00,13.8712,13.8712,13.8712,13.8712,100.0,PCN
2023-02-07 15:51:00,13.8712,13.8712,13.8712,13.8712,201.0,PCN
2023-02-07 15:50:00,13.8662,13.8662,13.8662,13.8662,425.0,PCN
2023-02-07 15:49:00,13.8662,13.8662,13.8662,13.8662,300.0,PCN
2023-02-07 15:48:00,13.8662,13.8662,13.8662,13.8662,1000.0,PCN
2023-02-07 15:47:00,13.8513,13.8563,13.8513,13.8563,320.0,PCN
2023-02-07 15:46:00,13.8464,13.8464,13.8464,13.8464,100.0,PCN
2023-02-07 15:45:00,13.8513,13.8563,13.8513,13.8563,750.0,PCN
2023-02-07 15:44:00,13.8563,13.8563,13.8563,13.8563,1285.0,PCN
2023-02-07 15:42:00,13.8712,13.8712,13.8712,13.8712,100.0,PCN
2023-02-07 15:41:00,13.8563,13.8563,13.8563,13.8563,100.0,PCN
2023-02-07 15:39:00,13.8712,13.8712,13.8712,13.8712,100.0,PCN
2023-02-07 15:35:00,13.8563,13.8563,13.8563,13.8563,107.0,PCN
2023-02-07 15:33:00,13.8712,13.8712,13.8712,13.8712,100.0,PCN
2023-02-07 15:32:00,13.8745,13.8745,13.8712,13.8712,1500.0,PCN
2023-02-07 15:31:00,13.8712,13.8712,13.8712,13.8712,130.0,PCN
2023-02-07 15:30:00,13.8712,13.8712,13.8712,13.8712,100.0,PCN
2023-02-07 15:29:00,13.8712,13.8712,13.8712,13.8712,100.0,PCN
2023-02-07 15:27:00,13.8712,13.8712,13.8712,13.8712,300.0,PCN
2023-02-07 15:24:00,13.8712,13.8712,13.8712,13.8712,100.0,PCN
2023-02-07 15:19:00,13.8464,13.8464,13.8464,13.8464,707.0,PCN
2023-02-07 15:17:00,13.8563,13.8662,13.8563,13.8661,2976.0,PCN
2023-02-07 15:16:00,13.8568,13.8568,13.8546,13.8546,951.0,PCN
2023-02-07 15:15:00,13.8464,13.8563,13.8464,13.8563,1290.0,PCN
2023-02-07 15:12:00,13.8563,13.8563,13.8563,13.8563,100.0,PCN
2023-02-07 15:09:00,13.8613,13.8613,13.8613,13.8613,115.0,PCN
2023-02-07 15:07:00,13.8745,13.8745,13.8745,13.8745,770.0,PCN
2023-02-07 15:05:00,13.8662,13.8662,13.8563,13.8662,1586.0,PCN
2023-02-07 15:01:00,13.8619,13.8619,13.8619,13.8619,400.0,PCN
2023-02-07 14:59:00,13.8712,13.8712,13.8563,13.8662,1925.0,PCN
2023-02-07 14:54:00,13.8596,13.8861,13.8596,13.8599,2027.0,PCN
2023-02-07 14:53:00,13.8761,13.8861,13.8712,13.8712,2863.0,PCN
2023-02-07 14:52:00,13.8662,13.8662,13.8662,13.8662,1200.0,PCN
2023-02-07 14:48:00,13.8662,13.8662,13.8662,13.8662,100.0,PCN
2023-02-07 14:45:00,13.8761,13.8761,13.8761,13.8761,325.0,PCN
2023-02-07 14:44:00,13.8662,13.8662,13.8662,13.8662,100.0,PCN
2023-02-07 14:43:00,13.8613,13.8613,13.8613,13.8613,785.0,PCN
2023-02-07 14:42:00,13.8563,13.8563,13.8563,13.8563,100.0,PCN
2023-02-07 14:38:00,13.8617,13.866,13.8563,13.866,1400.0,PCN
2023-02-07 14:35:00,13.8613,13.8613,13.8613,13.8613,100.0,PCN
2023-02-07 14:32:00,13.876,13.876,13.8563,13.8563,1300.0,PCN
2023-02-07 14:29:00,13.8613,13.8613,13.8613,13.8613,105.0,PCN
2023-02-07 14:27:00,13.8563,13.8563,13.8563,13.8563,150.0,PCN
2023-02-07 14:26:00,13.8563,13.8563,13.8563,13.8563,217.0,PCN
2023-02-07 14:23:00,13.8664,13.8664,13.8664,13.8664,143.0,PCN
2023-02-07 14:22:00,13.851,13.8761,13.851,13.8761,2955.0,PCN
2023-02-07 14:19:00,13.8662,13.8662,13.8662,13.8662,200.0,PCN
2023-02-07 14:18:00,13.8563,13.8563,13.8563,13.8563,100.0,PCN
2023-02-07 14:12:00,13.8365,13.8563,13.8365,13.8563,1946.0,PCN
2023-02-07 14:09:00,13.8166,13.8365,13.8166,13.8365,2347.0,PCN
2023-02-07 14:08:00,13.8166,13.8166,13.8117,13.8166,2753.0,PCN
2023-02-07 14:05:00,13.8166,13.8166,13.8166,13.8166,240.0,PCN
2023-02-07 13:55:00,13.8155,13.8155,13.8155,13.8155,1451.0,PCN
2023-02-07 13:44:00,13.8166,13.8166,13.8166,13.8166,250.0,PCN
2023-02-07 13:42:00,13.8117,13.8166,13.8067,13.8166,2360.0,PCN
2023-02-07 13:41:00,13.8067,13.8067,13.8067,13.8067,100.0,PCN
2023-02-07 13:40:00,13.8164,13.8164,13.8118,13.8118,332.0,PCN
2023-02-07 13:38:00,13.7869,13.8166,13.7869,13.8067,4320.0,PCN
2023-02-07 13:37:00,13.7869,13.7869,13.7869,13.7869,2000.0,PCN
2023-02-07 13:36:00,13.7918,13.8265,13.7869,13.8265,1900.0,PCN
2023-02-07 13:35:00,13.7869,13.7869,13.7869,13.7869,1256.0,PCN
2023-02-07 13:34:00,13.8067,13.8067,13.7968,13.7968,1272.0,PCN
2023-02-07 13:32:00,13.8365,13.8365,13.8255,13.8255,2599.0,PCN
2023-02-07 13:31:00,13.8464,13.8464,13.8414,13.8464,2200.0,PCN
2023-02-07 13:30:00,13.8464,13.8464,13.8464,13.8464,400.0,PCN
2023-02-07 13:25:00,13.8647,13.8647,13.8647,13.8647,927.0,PCN
2023-02-07 13:23:00,13.8714,13.8714,13.8714,13.8714,108.0,PCN
2023-02-07 13:06:00,13.8613,13.8613,13.8613,13.8613,100.0,PCN
2023-02-07 13:05:00,13.8563,13.8613,13.8504,13.8613,719.0,PCN
2023-02-07 13:03:00,13.8778,13.8778,13.8563,13.8563,421.0,PCN
2023-02-07 13:01:00,13.8563,13.8639,13.8563,13.8639,1312.0,PCN
2023-02-07 13:00:00,13.8662,13.8662,13.8563,13.8563,363.0,PCN
2023-02-07 12:58:00,13.8712,13.8761,13.8563,13.8563,4535.0,PCN
2023-02-07 12:47:00,13.8563,13.8563,13.8563,13.8563,100.0,PCN
2023-02-07 12:46:00,13.8563,13.8563,13.8563,13.8563,310.0,PCN
2023-02-07 12:45:00,13.8563,13.8563,13.8563,13.8563,1862.0,PCN
2023-02-07 12:37:00,13.85,13.85,13.85,13.85,200.0,PCN
2023-02-07 12:36:00,13.8414,13.8563,13.8414,13.8513,5177.0,PCN
2023-02-07 12:25:00,13.8374,13.8374,13.8374,13.8374,343.0,PCN
2023-02-07 12:23:00,13.8424,13.8424,13.8424,13.8424,259.0,PCN
2023-02-07 12:18:00,13.8513,13.8513,13.8513,13.8513,300.0,PCN
2023-02-07 12:16:00,13.8513,13.8513,13.8513,13.8513,500.0,PCN
2023-02-07 12:14:00,13.8589,13.8662,13.8589,13.8662,806.0,PCN
2023-02-07 12:13:00,13.8513,13.8513,13.8513,13.8513,222.0,PCN
2023-02-07 12:12:00,13.8662,13.8662,13.8662,13.8662,480.0,PCN
2023-02-07 12:09:00,13.8464,13.8644,13.8464,13.8644,1902.0,PCN
2023-02-07 12:06:00,13.8464,13.8464,13.8464,13.8464,300.0,PCN
2023-02-07 12:05:00,13.8366,13.8366,13.8366,13.8366,2427.0,PCN
2023-02-07 12:04:00,13.8464,13.8464,13.8464,13.8464,850.0,PCN
2023-02-07 12:01:00,13.8349,13.8563,13.8349,13.8563,2895.0,PCN
2023-02-07 12:00:00,13.8464,13.8464,13.8464,13.8464,215.0,PCN
2023-02-07 11:55:00,13.8513,13.8563,13.8513,13.8563,383.0,PCN
2023-02-07 11:50:00,13.8379,13.8379,13.8379,13.8379,357.0,PCN
2023-02-07 11:37:00,13.8399,13.8399,13.8399,13.8399,236.0,PCN
2023-02-07 11:36:00,13.8464,13.8464,13.8464,13.8464,500.0,PCN
2023-02-07 11:30:00,13.8265,13.8265,13.8265,13.8265,500.0,PCN
2023-02-07 11:26:00,13.8365,13.8365,13.8365,13.8365,100.0,PCN
2023-02-07 11:25:00,13.8464,13.8552,13.8464,13.8552,600.0,PCN
2023-02-07 11:22:00,13.8464,13.8563,13.8464,13.8563,4049.0,PCN
2023-02-07 11:18:00,13.8365,13.8365,13.8337,13.8337,3550.0,PCN
2023-02-07 11:16:00,13.8365,13.8365,13.8365,13.8365,500.0,PCN
2023-02-07 11:10:00,13.8464,13.8464,13.8464,13.8464,128.0,PCN
2023-02-07 11:09:00,13.8464,13.8464,13.8464,13.8464,101.0,PCN
2023-02-07 11:06:00,13.8365,13.8434,13.8365,13.8434,400.0,PCN
2023-02-07 11:05:00,13.8464,13.8464,13.8464,13.8464,300.0,PCN
2023-02-07 11:02:00,13.8315,13.8315,13.8315,13.8315,125.0,PCN
2023-02-07 10:55:00,13.8365,13.8365,13.8365,13.8365,2500.0,PCN
2023-02-07 10:54:00,13.8424,13.8424,13.8424,13.8424,101.0,PCN
2023-02-07 10:52:00,13.803,13.803,13.803,13.803,319.0,PCN
2023-02-07 10:51:00,13.8365,13.8365,13.8365,13.8365,150.0,PCN
2023-02-07 10:48:00,13.799,13.799,13.799,13.799,400.0,PCN
2023-02-07 10:47:00,13.8166,13.8166,13.8166,13.8166,218.0,PCN
2023-02-07 10:43:00,13.7968,13.8315,13.7968,13.8315,1053.0,PCN
2023-02-07 10:41:00,13.8067,13.8166,13.7968,13.8166,1360.0,PCN
2023-02-07 10:39:00,13.8166,13.8224,13.8166,13.8166,650.0,PCN
2023-02-07 10:38:00,13.8216,13.8216,13.8216,13.8216,360.0,PCN
2023-02-07 10:34:00,13.8166,13.8166,13.8067,13.8067,733.0,PCN
2023-02-07 10:33:00,13.8364,13.8364,13.8364,13.8364,100.0,PCN
2023-02-07 10:32:00,13.8216,13.8216,13.8216,13.8216,312.0,PCN
2023-02-07 10:29:00,13.8216,13.8216,13.8216,13.8216,117.0,PCN
2023-02-07 10:27:00,13.8216,13.8216,13.8216,13.8216,500.0,PCN
2023-02-07 10:26:00,13.8315,13.8315,13.8166,13.8166,1006.0,PCN
2023-02-07 10:25:00,13.8265,13.8265,13.8265,13.8265,360.0,PCN
2023-02-07 10:24:00,13.8216,13.8365,13.8166,13.8365,3205.0,PCN
2023-02-07 10:23:00,13.8216,13.8216,13.8216,13.8216,10765.0,PCN
2023-02-07 10:22:00,13.8166,13.8216,13.8166,13.8166,2473.0,PCN
2023-02-07 10:21:00,13.8265,13.8265,13.8166,13.8166,600.0,PCN
2023-02-07 10:20:00,13.8166,13.8216,13.8166,13.8216,6100.0,PCN
2023-02-07 10:13:00,13.8166,13.8166,13.8067,13.8067,1211.0,PCN
2023-02-07 10:02:00,13.8067,13.8067,13.8067,13.8067,500.0,PCN
2023-02-07 09:59:00,13.8199,13.8365,13.8199,13.8365,300.0,PCN
2023-02-07 09:58:00,13.8166,13.8166,13.8166,13.8166,500.0,PCN
2023-02-07 09:55:00,13.8216,13.8233,13.8216,13.8233,425.0,PCN
2023-02-07 09:49:00,13.8067,13.8211,13.8067,13.8211,700.0,PCN
2023-02-07 09:48:00,13.777,13.777,13.777,13.777,100.0,PCN
2023-02-07 09:47:00,13.7918,13.7918,13.7918,13.7918,353.0,PCN
2023-02-07 09:45:00,13.7968,13.7968,13.7968,13.7968,500.0,PCN
2023-02-07 09:41:00,13.8115,13.8166,13.777,13.777,1410.0,PCN
2023-02-07 09:37:00,13.772,13.825,13.772,13.825,1000.0,PCN
2023-02-07 09:36:00,13.8091,13.8091,13.8091,13.8091,127.0,PCN
2023-02-07 09:32:00,13.772,13.772,13.772,13.772,1900.0,PCN
2023-02-07 09:31:00,13.7869,13.7869,13.7869,13.7869,3211.0,PCN
