date,1. open,2. high,3. low,4. close,5. volume,Ticker
2023-02-17 16:00:00,9.22,9.22,9.21,9.22,864.0,PDLB
2023-02-17 15:59:00,9.21,9.21,9.2,9.2,573.0,PDLB
2023-02-17 15:58:00,9.21,9.21,9.21,9.21,1140.0,PDLB
2023-02-17 15:57:00,9.22,9.22,9.22,9.22,497.0,PDLB
2023-02-17 15:56:00,9.24,9.24,9.23,9.24,1620.0,PDLB
2023-02-17 15:51:00,9.25,9.25,9.25,9.25,134.0,PDLB
2023-02-17 15:50:00,9.25,9.25,9.25,9.25,1128.0,PDLB
2023-02-17 15:48:00,9.25,9.25,9.25,9.25,120.0,PDLB
2023-02-17 15:47:00,9.25,9.25,9.25,9.25,298.0,PDLB
2023-02-17 15:46:00,9.25,9.25,9.25,9.25,321.0,PDLB
2023-02-17 15:44:00,9.25,9.25,9.25,9.25,117.0,PDLB
2023-02-17 15:43:00,9.25,9.25,9.25,9.25,100.0,PDLB
2023-02-17 15:22:00,9.22,9.22,9.22,9.22,218.0,PDLB
2023-02-17 15:19:00,9.24,9.24,9.24,9.24,108.0,PDLB
2023-02-17 15:09:00,9.24,9.24,9.24,9.24,111.0,PDLB
2023-02-17 15:08:00,9.25,9.25,9.24,9.24,330.0,PDLB
2023-02-17 15:06:00,9.25,9.25,9.25,9.25,100.0,PDLB
2023-02-17 15:04:00,9.24,9.24,9.24,9.24,133.0,PDLB
2023-02-17 15:03:00,9.235,9.235,9.235,9.235,288.0,PDLB
2023-02-17 14:55:00,9.22,9.22,9.22,9.22,123.0,PDLB
2023-02-17 14:43:00,9.2,9.2,9.2,9.2,200.0,PDLB
2023-02-17 14:37:00,9.2,9.2,9.2,9.2,102.0,PDLB
2023-02-17 14:34:00,9.2,9.2,9.2,9.2,146.0,PDLB
2023-02-17 14:27:00,9.2,9.2,9.2,9.2,140.0,PDLB
2023-02-17 14:13:00,9.2,9.2,9.2,9.2,104.0,PDLB
2023-02-17 14:00:00,9.2,9.2,9.2,9.2,100.0,PDLB
2023-02-17 13:59:00,9.2,9.2,9.2,9.2,101.0,PDLB
2023-02-17 13:46:00,9.21,9.21,9.21,9.21,100.0,PDLB
2023-02-17 13:44:00,9.2,9.2,9.2,9.2,692.0,PDLB
2023-02-17 13:42:00,9.21,9.21,9.21,9.21,150.0,PDLB
2023-02-17 13:31:00,9.22,9.22,9.22,9.22,220.0,PDLB
2023-02-17 13:30:00,9.21,9.21,9.21,9.21,750.0,PDLB
2023-02-17 13:29:00,9.22,9.22,9.22,9.22,450.0,PDLB
2023-02-17 13:28:00,9.22,9.22,9.22,9.22,105.0,PDLB
2023-02-17 13:26:00,9.2018,9.2018,9.2003,9.2003,950.0,PDLB
2023-02-17 13:22:00,9.21,9.21,9.21,9.21,205.0,PDLB
2023-02-17 13:18:00,9.21,9.21,9.21,9.21,227.0,PDLB
2023-02-17 13:17:00,9.2001,9.2001,9.2001,9.2001,810.0,PDLB
2023-02-17 13:16:00,9.22,9.22,9.21,9.21,464.0,PDLB
2023-02-17 13:14:00,9.21,9.21,9.21,9.21,400.0,PDLB
2023-02-17 13:11:00,9.2,9.2,9.2,9.2,255.0,PDLB
2023-02-17 13:10:00,9.205,9.205,9.2,9.2,1816.0,PDLB
2023-02-17 13:03:00,9.2,9.2,9.2,9.2,200.0,PDLB
2023-02-17 13:02:00,9.2,9.2,9.2,9.2,105.0,PDLB
2023-02-17 12:53:00,9.2,9.2,9.2,9.2,101.0,PDLB
2023-02-17 12:44:00,9.2,9.2,9.2,9.2,106.0,PDLB
2023-02-17 12:40:00,9.2,9.2,9.2,9.2,105.0,PDLB
2023-02-17 12:35:00,9.2,9.2,9.2,9.2,132.0,PDLB
2023-02-17 12:28:00,9.2,9.2,9.2,9.2,232.0,PDLB
2023-02-17 12:27:00,9.2,9.2,9.2,9.2,110.0,PDLB
2023-02-17 12:26:00,9.2,9.2,9.2,9.2,100.0,PDLB
2023-02-17 12:22:00,9.2,9.2,9.2,9.2,205.0,PDLB
2023-02-17 12:19:00,9.1901,9.1901,9.19,9.19,3071.0,PDLB
2023-02-17 12:18:00,9.2,9.2,9.1901,9.1901,372.0,PDLB
2023-02-17 12:17:00,9.2,9.2,9.1918,9.2,1266.0,PDLB
2023-02-17 12:16:00,9.205,9.205,9.2,9.2,300.0,PDLB
2023-02-17 12:12:00,9.2,9.2,9.2,9.2,400.0,PDLB
2023-02-17 12:08:00,9.2,9.2,9.2,9.2,105.0,PDLB
2023-02-17 11:52:00,9.2,9.2,9.2,9.2,249.0,PDLB
2023-02-17 11:50:00,9.2,9.2,9.2,9.2,205.0,PDLB
2023-02-17 11:45:00,9.2,9.2,9.2,9.2,100.0,PDLB
2023-02-17 11:35:00,9.2,9.2,9.2,9.2,205.0,PDLB
2023-02-17 11:22:00,9.2,9.2,9.2,9.2,205.0,PDLB
2023-02-17 11:21:00,9.2,9.2,9.2,9.2,427.0,PDLB
2023-02-17 11:15:00,9.2,9.2,9.2,9.2,201.0,PDLB
2023-02-17 11:14:00,9.2,9.2,9.2,9.2,253.0,PDLB
2023-02-17 11:12:00,9.2,9.2,9.2,9.2,200.0,PDLB
2023-02-17 11:07:00,9.2,9.2,9.2,9.2,200.0,PDLB
2023-02-17 11:05:00,9.2,9.2,9.2,9.2,100.0,PDLB
2023-02-17 11:01:00,9.2,9.2,9.2,9.2,100.0,PDLB
2023-02-17 10:51:00,9.2,9.2,9.2,9.2,100.0,PDLB
2023-02-17 10:47:00,9.2,9.2,9.2,9.2,200.0,PDLB
2023-02-17 10:41:00,9.2,9.2,9.2,9.2,100.0,PDLB
2023-02-17 10:38:00,9.2,9.2,9.2,9.2,728.0,PDLB
2023-02-17 10:31:00,9.2,9.2,9.2,9.2,108.0,PDLB
2023-02-17 10:27:00,9.2,9.2,9.2,9.2,410.0,PDLB
2023-02-17 10:21:00,9.2,9.2,9.2,9.2,100.0,PDLB
2023-02-17 10:14:00,9.2,9.2,9.2,9.2,108.0,PDLB
2023-02-17 10:12:00,9.2,9.2,9.2,9.2,200.0,PDLB
2023-02-17 10:10:00,9.2,9.2,9.2,9.2,100.0,PDLB
2023-02-17 10:09:00,9.2,9.2,9.2,9.2,200.0,PDLB
2023-02-17 10:08:00,9.2,9.2,9.2,9.2,387.0,PDLB
2023-02-17 10:07:00,9.195,9.21,9.195,9.21,973.0,PDLB
2023-02-17 10:04:00,9.18,9.2,9.18,9.2,2343.0,PDLB
2023-02-17 09:59:00,9.2,9.2,9.2,9.2,100.0,PDLB
2023-02-17 09:54:00,9.15,9.22,9.15,9.2,7377.0,PDLB
2023-02-17 09:33:00,9.1501,9.1501,9.1501,9.1501,535.0,PDLB
2023-02-17 09:31:00,9.19,9.19,9.19,9.19,107.0,PDLB
2023-02-16 16:00:00,9.185,9.19,9.175,9.19,1589.0,PDLB
2023-02-16 15:59:00,9.185,9.185,9.185,9.185,334.0,PDLB
2023-02-16 15:58:00,9.185,9.19,9.18,9.19,927.0,PDLB
2023-02-16 15:57:00,9.185,9.185,9.185,9.185,200.0,PDLB
2023-02-16 15:55:00,9.185,9.19,9.185,9.19,622.0,PDLB
2023-02-16 15:53:00,9.19,9.19,9.19,9.19,100.0,PDLB
2023-02-16 15:52:00,9.19,9.19,9.19,9.19,721.0,PDLB
2023-02-16 15:51:00,9.185,9.19,9.185,9.19,200.0,PDLB
2023-02-16 15:50:00,9.19,9.19,9.19,9.19,100.0,PDLB
2023-02-16 15:49:00,9.185,9.185,9.18,9.18,311.0,PDLB
2023-02-16 15:45:00,9.185,9.185,9.185,9.185,258.0,PDLB
2023-02-16 15:44:00,9.1758,9.18,9.175,9.18,1302.0,PDLB
2023-02-16 15:42:00,9.17,9.17,9.17,9.17,266.0,PDLB
2023-02-16 15:39:00,9.18,9.18,9.18,9.18,100.0,PDLB
2023-02-16 15:38:00,9.18,9.18,9.18,9.18,334.0,PDLB
2023-02-16 15:37:00,9.16,9.19,9.16,9.19,473.0,PDLB
2023-02-16 15:32:00,9.175,9.175,9.175,9.175,100.0,PDLB
2023-02-16 15:31:00,9.2,9.2,9.18,9.19,975.0,PDLB
2023-02-16 15:30:00,9.195,9.195,9.19,9.19,616.0,PDLB
2023-02-16 15:28:00,9.2,9.2,9.2,9.2,100.0,PDLB
2023-02-16 15:17:00,9.19,9.19,9.19,9.19,306.0,PDLB
2023-02-16 15:11:00,9.2,9.2,9.2,9.2,300.0,PDLB
2023-02-16 15:09:00,9.185,9.185,9.185,9.185,100.0,PDLB
2023-02-16 15:06:00,9.19,9.19,9.19,9.19,603.0,PDLB
2023-02-16 15:02:00,9.19,9.19,9.19,9.19,736.0,PDLB
2023-02-16 14:54:00,9.19,9.19,9.19,9.19,320.0,PDLB
2023-02-16 14:40:00,9.1925,9.2,9.19,9.2,777.0,PDLB
2023-02-16 14:37:00,9.2,9.2,9.2,9.2,204.0,PDLB
2023-02-16 14:35:00,9.2,9.2,9.2,9.2,100.0,PDLB
2023-02-16 14:30:00,9.2,9.2,9.2,9.2,100.0,PDLB
2023-02-16 14:29:00,9.2,9.2,9.2,9.2,880.0,PDLB
2023-02-16 14:23:00,9.2,9.2,9.2,9.2,105.0,PDLB
2023-02-16 14:21:00,9.2,9.2,9.19,9.19,505.0,PDLB
2023-02-16 14:18:00,9.2,9.2,9.2,9.2,105.0,PDLB
2023-02-16 14:17:00,9.2,9.2,9.2,9.2,100.0,PDLB
2023-02-16 14:15:00,9.2,9.2,9.2,9.2,100.0,PDLB
2023-02-16 14:12:00,9.2,9.2,9.2,9.2,300.0,PDLB
2023-02-16 14:11:00,9.2,9.2,9.2,9.2,100.0,PDLB
2023-02-16 14:10:00,9.2,9.2,9.2,9.2,105.0,PDLB
2023-02-16 14:09:00,9.2,9.2,9.2,9.2,651.0,PDLB
2023-02-16 14:07:00,9.19,9.2,9.19,9.2,300.0,PDLB
2023-02-16 14:03:00,9.2,9.2,9.2,9.2,400.0,PDLB
2023-02-16 13:59:00,9.195,9.2,9.195,9.2,465.0,PDLB
2023-02-16 13:48:00,9.2,9.2,9.2,9.2,400.0,PDLB
2023-02-16 13:45:00,9.2,9.2,9.2,9.2,122.0,PDLB
2023-02-16 13:44:00,9.2,9.2,9.2,9.2,200.0,PDLB
2023-02-16 13:43:00,9.2,9.2,9.2,9.2,205.0,PDLB
2023-02-16 13:38:00,9.2,9.2,9.2,9.2,100.0,PDLB
2023-02-16 13:35:00,9.2,9.2,9.2,9.2,103.0,PDLB
2023-02-16 13:34:00,9.2,9.2,9.2,9.2,605.0,PDLB
2023-02-16 13:32:00,9.195,9.195,9.195,9.195,263.0,PDLB
2023-02-16 13:22:00,9.2,9.2,9.2,9.2,200.0,PDLB
2023-02-16 13:21:00,9.2,9.2,9.2,9.2,100.0,PDLB
2023-02-16 13:15:00,9.2,9.2,9.2,9.2,1656.0,PDLB
2023-02-16 13:11:00,9.18,9.18,9.18,9.18,120.0,PDLB
2023-02-16 13:08:00,9.2,9.2,9.2,9.2,100.0,PDLB
2023-02-16 13:07:00,9.2,9.2,9.2,9.2,104.0,PDLB
2023-02-16 12:53:00,9.19,9.2,9.19,9.2,215.0,PDLB
2023-02-16 12:52:00,9.19,9.19,9.19,9.19,100.0,PDLB
2023-02-16 12:38:00,9.165,9.165,9.165,9.165,108.0,PDLB
2023-02-16 12:36:00,9.18,9.18,9.18,9.18,200.0,PDLB
2023-02-16 12:35:00,9.17,9.17,9.17,9.17,166.0,PDLB
2023-02-16 12:25:00,9.18,9.18,9.18,9.18,100.0,PDLB
2023-02-16 12:24:00,9.17,9.17,9.17,9.17,600.0,PDLB
2023-02-16 12:21:00,9.2,9.2,9.2,9.2,100.0,PDLB
2023-02-16 12:16:00,9.185,9.185,9.185,9.185,186.0,PDLB
2023-02-16 12:09:00,9.2,9.2,9.2,9.2,100.0,PDLB
2023-02-16 12:08:00,9.1667,9.18,9.165,9.17,660.0,PDLB
2023-02-16 12:00:00,9.16,9.17,9.16,9.17,1176.0,PDLB
2023-02-16 11:58:00,9.17,9.17,9.17,9.17,100.0,PDLB
2023-02-16 11:55:00,9.17,9.17,9.17,9.17,115.0,PDLB
2023-02-16 11:42:00,9.17,9.17,9.17,9.17,100.0,PDLB
2023-02-16 11:41:00,9.18,9.18,9.17,9.17,279.0,PDLB
2023-02-16 11:26:00,9.18,9.18,9.18,9.18,215.0,PDLB
2023-02-16 11:24:00,9.17,9.17,9.17,9.17,600.0,PDLB
2023-02-16 11:08:00,9.165,9.165,9.165,9.165,400.0,PDLB
2023-02-16 11:07:00,9.1695,9.1695,9.1695,9.1695,123.0,PDLB
2023-02-16 11:03:00,9.165,9.17,9.165,9.17,388.0,PDLB
2023-02-16 10:57:00,9.16,9.16,9.16,9.16,220.0,PDLB
2023-02-16 10:54:00,9.16,9.17,9.16,9.17,359.0,PDLB
2023-02-16 10:47:00,9.1501,9.17,9.15,9.16,3709.0,PDLB
2023-02-16 10:44:00,9.16,9.16,9.16,9.16,108.0,PDLB
2023-02-16 10:40:00,9.16,9.16,9.16,9.16,100.0,PDLB
2023-02-16 10:29:00,9.15,9.15,9.15,9.15,300.0,PDLB
2023-02-16 10:14:00,9.165,9.165,9.165,9.165,107.0,PDLB
2023-02-16 09:59:00,9.15,9.15,9.15,9.15,100.0,PDLB
2023-02-16 09:55:00,9.165,9.165,9.165,9.165,164.0,PDLB
2023-02-16 09:37:00,9.16,9.16,9.15,9.15,2683.0,PDLB
2023-02-16 09:36:00,9.16,9.16,9.16,9.16,1841.0,PDLB
2023-02-16 09:35:00,9.17,9.19,9.17,9.17,500.0,PDLB
2023-02-16 09:33:00,9.17,9.17,9.17,9.17,411.0,PDLB
2023-02-16 09:31:00,9.18,9.18,9.18,9.18,100.0,PDLB
2023-02-15 16:00:00,9.18,9.18,9.17,9.17,1677.0,PDLB
2023-02-15 15:58:00,9.175,9.175,9.175,9.175,492.0,PDLB
2023-02-15 15:57:00,9.18,9.18,9.18,9.18,219.0,PDLB
2023-02-15 15:56:00,9.175,9.175,9.175,9.175,226.0,PDLB
2023-02-15 15:55:00,9.1773,9.1773,9.1773,9.1773,217.0,PDLB
2023-02-15 15:54:00,9.1789,9.1789,9.1789,9.1789,508.0,PDLB
2023-02-15 15:53:00,9.17,9.17,9.17,9.17,251.0,PDLB
2023-02-15 15:50:00,9.2,9.2,9.17,9.18,2860.0,PDLB
2023-02-15 15:48:00,9.2,9.2,9.2,9.2,460.0,PDLB
2023-02-15 15:46:00,9.2,9.2,9.2,9.2,100.0,PDLB
2023-02-15 15:44:00,9.2,9.2,9.2,9.2,101.0,PDLB
2023-02-15 15:41:00,9.2,9.21,9.19,9.2,26666.0,PDLB
2023-02-15 15:40:00,9.2,9.2,9.2,9.2,400.0,PDLB
2023-02-15 15:38:00,9.2,9.2,9.2,9.2,202.0,PDLB
2023-02-15 15:37:00,9.2,9.2,9.2,9.2,100.0,PDLB
2023-02-15 15:35:00,9.2,9.2,9.2,9.2,419.0,PDLB
2023-02-15 15:33:00,9.2,9.2,9.2,9.2,829.0,PDLB
2023-02-15 15:31:00,9.2,9.2,9.2,9.2,204.0,PDLB
2023-02-15 15:29:00,9.2,9.2,9.2,9.2,156.0,PDLB
2023-02-15 15:27:00,9.2,9.2,9.2,9.2,103.0,PDLB
2023-02-15 15:26:00,9.2,9.2,9.2,9.2,101.0,PDLB
2023-02-15 15:25:00,9.2,9.2,9.2,9.2,101.0,PDLB
2023-02-15 15:19:00,9.195,9.195,9.195,9.195,202.0,PDLB
2023-02-15 15:18:00,9.19,9.19,9.19,9.19,841.0,PDLB
2023-02-15 15:12:00,9.185,9.185,9.185,9.185,200.0,PDLB
2023-02-15 15:10:00,9.18,9.18,9.18,9.18,500.0,PDLB
2023-02-15 15:07:00,9.19,9.19,9.18,9.19,987.0,PDLB
2023-02-15 15:05:00,9.2,9.2,9.19,9.19,1566.0,PDLB
2023-02-15 15:04:00,9.2,9.2,9.19,9.19,235.0,PDLB
2023-02-15 15:03:00,9.2,9.2,9.2,9.2,506.0,PDLB
2023-02-15 14:57:00,9.2,9.2,9.2,9.2,100.0,PDLB
2023-02-15 14:56:00,9.19,9.19,9.19,9.19,106.0,PDLB
2023-02-15 14:54:00,9.2,9.2,9.2,9.2,686.0,PDLB
2023-02-15 14:51:00,9.2,9.2,9.2,9.2,100.0,PDLB
2023-02-15 14:50:00,9.2,9.2,9.2,9.2,100.0,PDLB
2023-02-15 14:47:00,9.2,9.2,9.2,9.2,300.0,PDLB
2023-02-15 14:45:00,9.19,9.192,9.19,9.192,314.0,PDLB
2023-02-15 14:44:00,9.2,9.2,9.2,9.2,100.0,PDLB
2023-02-15 14:43:00,9.2,9.2,9.2,9.2,1246.0,PDLB
2023-02-15 14:39:00,9.2,9.2,9.2,9.2,109.0,PDLB
2023-02-15 14:38:00,9.2,9.2,9.2,9.2,100.0,PDLB
2023-02-15 14:34:00,9.2,9.2,9.2,9.2,900.0,PDLB
2023-02-15 14:30:00,9.2,9.2,9.2,9.2,176.0,PDLB
2023-02-15 14:29:00,9.2,9.2,9.2,9.2,120.0,PDLB
2023-02-15 14:28:00,9.2,9.2,9.195,9.195,228.0,PDLB
2023-02-15 14:27:00,9.2,9.2,9.2,9.2,100.0,PDLB
2023-02-15 14:26:00,9.2,9.2,9.2,9.2,100.0,PDLB
2023-02-15 14:24:00,9.2,9.2,9.2,9.2,206.0,PDLB
2023-02-15 14:22:00,9.2,9.2,9.2,9.2,225.0,PDLB
2023-02-15 14:21:00,9.2,9.2,9.2,9.2,100.0,PDLB
2023-02-15 14:19:00,9.1998,9.2,9.1998,9.2,219.0,PDLB
2023-02-15 14:17:00,9.2,9.2,9.2,9.2,200.0,PDLB
2023-02-15 14:13:00,9.2,9.2,9.2,9.2,200.0,PDLB
2023-02-15 14:12:00,9.2,9.2,9.2,9.2,145.0,PDLB
2023-02-15 14:11:00,9.2,9.2,9.2,9.2,103.0,PDLB
2023-02-15 14:09:00,9.2,9.2,9.2,9.2,113.0,PDLB
2023-02-15 14:07:00,9.2,9.2,9.2,9.2,236.0,PDLB
2023-02-15 14:05:00,9.2,9.2,9.2,9.2,100.0,PDLB
2023-02-15 14:04:00,9.2,9.2,9.2,9.2,109.0,PDLB
2023-02-15 13:59:00,9.2,9.2,9.2,9.2,310.0,PDLB
2023-02-15 13:57:00,9.2,9.2,9.2,9.2,100.0,PDLB
2023-02-15 13:56:00,9.2,9.2,9.2,9.2,173.0,PDLB
2023-02-15 13:54:00,9.2,9.2,9.2,9.2,100.0,PDLB
2023-02-15 13:50:00,9.2,9.2,9.2,9.2,100.0,PDLB
2023-02-15 13:48:00,9.2,9.2,9.2,9.2,200.0,PDLB
2023-02-15 13:46:00,9.2,9.2,9.2,9.2,100.0,PDLB
2023-02-15 13:43:00,9.2,9.2,9.2,9.2,226.0,PDLB
2023-02-15 13:38:00,9.18,9.18,9.18,9.18,201.0,PDLB
2023-02-15 13:26:00,9.19,9.19,9.19,9.19,744.0,PDLB
2023-02-15 13:22:00,9.179,9.187,9.179,9.187,429.0,PDLB
2023-02-15 13:16:00,9.19,9.19,9.19,9.19,298.0,PDLB
2023-02-15 13:12:00,9.18,9.18,9.18,9.18,567.0,PDLB
2023-02-15 13:08:00,9.19,9.19,9.18,9.19,1236.0,PDLB
2023-02-15 13:06:00,9.2,9.2,9.19,9.2,9023.0,PDLB
2023-02-15 12:51:00,9.19,9.19,9.18,9.19,1200.0,PDLB
2023-02-15 12:50:00,9.2,9.2,9.2,9.2,125.0,PDLB
2023-02-15 12:49:00,9.2,9.2,9.2,9.2,100.0,PDLB
2023-02-15 12:40:00,9.2,9.2,9.2,9.2,110.0,PDLB
2023-02-15 12:30:00,9.2,9.2,9.2,9.2,100.0,PDLB
2023-02-15 12:27:00,9.2,9.2,9.2,9.2,118.0,PDLB
2023-02-15 12:26:00,9.2,9.2,9.2,9.2,164.0,PDLB
2023-02-15 12:25:00,9.2,9.2,9.2,9.2,100.0,PDLB
2023-02-15 12:24:00,9.2,9.2,9.2,9.2,100.0,PDLB
2023-02-15 12:23:00,9.2,9.2,9.2,9.2,284.0,PDLB
2023-02-15 12:21:00,9.2,9.2,9.2,9.2,100.0,PDLB
2023-02-15 12:20:00,9.2,9.2,9.2,9.2,100.0,PDLB
2023-02-15 12:19:00,9.2,9.2,9.2,9.2,100.0,PDLB
2023-02-15 12:17:00,9.2,9.2,9.2,9.2,100.0,PDLB
2023-02-15 12:07:00,9.19,9.19,9.18,9.18,698.0,PDLB
2023-02-15 12:06:00,9.2,9.2,9.2,9.2,100.0,PDLB
2023-02-15 12:00:00,9.2,9.2,9.2,9.2,300.0,PDLB
2023-02-15 11:59:00,9.2,9.2,9.2,9.2,154.0,PDLB
2023-02-15 11:58:00,9.2,9.2,9.2,9.2,100.0,PDLB
2023-02-15 11:56:00,9.2,9.2,9.2,9.2,300.0,PDLB
2023-02-15 11:51:00,9.2,9.2,9.2,9.2,400.0,PDLB
2023-02-15 11:43:00,9.2,9.2,9.2,9.2,100.0,PDLB
2023-02-15 11:41:00,9.2,9.2,9.2,9.2,100.0,PDLB
2023-02-15 11:35:00,9.2,9.2,9.2,9.2,200.0,PDLB
2023-02-15 11:34:00,9.2,9.2,9.2,9.2,154.0,PDLB
2023-02-15 11:31:00,9.2,9.2,9.2,9.2,365.0,PDLB
2023-02-15 11:27:00,9.2,9.2,9.2,9.2,100.0,PDLB
2023-02-15 11:24:00,9.2,9.2,9.2,9.2,100.0,PDLB
2023-02-15 11:21:00,9.2,9.2,9.2,9.2,100.0,PDLB
2023-02-15 11:17:00,9.2,9.2,9.2,9.2,100.0,PDLB
2023-02-15 11:15:00,9.2,9.2,9.2,9.2,107.0,PDLB
2023-02-15 11:14:00,9.2,9.2,9.2,9.2,109.0,PDLB
2023-02-15 11:13:00,9.2,9.2,9.2,9.2,837.0,PDLB
2023-02-15 11:11:00,9.21,9.21,9.21,9.21,119.0,PDLB
2023-02-15 11:10:00,9.2,9.2,9.2,9.2,340.0,PDLB
2023-02-15 11:09:00,9.2,9.2,9.2,9.2,200.0,PDLB
2023-02-15 11:07:00,9.1901,9.2,9.1901,9.2,1105.0,PDLB
2023-02-15 11:00:00,9.2,9.2,9.2,9.2,100.0,PDLB
2023-02-15 10:55:00,9.2,9.2,9.2,9.2,205.0,PDLB
2023-02-15 10:54:00,9.2,9.2,9.2,9.2,100.0,PDLB
2023-02-15 10:51:00,9.2,9.2,9.2,9.2,100.0,PDLB
2023-02-15 10:49:00,9.2,9.2,9.2,9.2,200.0,PDLB
2023-02-15 10:43:00,9.2,9.2,9.2,9.2,104.0,PDLB
2023-02-15 10:42:00,9.2,9.2,9.2,9.2,2552.0,PDLB
2023-02-15 10:18:00,9.19,9.19,9.19,9.19,100.0,PDLB
2023-02-15 10:07:00,9.185,9.185,9.18,9.18,1435.0,PDLB
2023-02-15 10:06:00,9.19,9.19,9.19,9.19,150.0,PDLB
2023-02-15 10:05:00,9.2,9.2,9.2,9.2,430.0,PDLB
2023-02-15 09:48:00,9.21,9.21,9.21,9.21,100.0,PDLB
2023-02-15 09:39:00,9.2,9.2,9.2,9.2,100.0,PDLB
2023-02-15 09:32:00,9.22,9.22,9.22,9.22,250.0,PDLB
2023-02-15 09:31:00,9.16,9.16,9.16,9.16,199.0,PDLB
2023-02-14 16:00:00,9.18,9.18,9.16,9.16,1906.0,PDLB
2023-02-14 15:59:00,9.185,9.185,9.185,9.185,349.0,PDLB
2023-02-14 15:58:00,9.2,9.2,9.18,9.18,678.0,PDLB
2023-02-14 15:56:00,9.19,9.2,9.19,9.2,1879.0,PDLB
2023-02-14 15:55:00,9.2,9.2,9.2,9.2,363.0,PDLB
2023-02-14 15:48:00,9.2,9.2,9.2,9.2,303.0,PDLB
2023-02-14 15:46:00,9.2,9.2,9.2,9.2,331.0,PDLB
2023-02-14 15:45:00,9.2,9.2,9.2,9.2,131.0,PDLB
2023-02-14 15:44:00,9.2,9.2,9.2,9.2,212.0,PDLB
2023-02-14 15:43:00,9.19,9.19,9.19,9.19,598.0,PDLB
2023-02-14 15:39:00,9.19,9.19,9.19,9.19,245.0,PDLB
2023-02-14 15:35:00,9.2,9.2,9.2,9.2,426.0,PDLB
2023-02-14 15:34:00,9.2,9.2,9.2,9.2,300.0,PDLB
2023-02-14 15:32:00,9.205,9.205,9.205,9.205,101.0,PDLB
2023-02-14 15:29:00,9.2,9.2,9.2,9.2,360.0,PDLB
2023-02-14 15:28:00,9.2,9.2,9.2,9.2,176.0,PDLB
2023-02-14 15:25:00,9.2,9.2,9.2,9.2,121.0,PDLB
2023-02-14 15:24:00,9.19,9.19,9.19,9.19,155.0,PDLB
2023-02-14 15:22:00,9.2,9.2,9.2,9.2,956.0,PDLB
2023-02-14 15:21:00,9.2,9.2,9.2,9.2,100.0,PDLB
2023-02-14 15:20:00,9.2,9.2,9.2,9.2,145.0,PDLB
2023-02-14 15:17:00,9.2,9.2,9.2,9.2,105.0,PDLB
2023-02-14 15:14:00,9.195,9.195,9.195,9.195,104.0,PDLB
2023-02-14 15:13:00,9.195,9.195,9.195,9.195,437.0,PDLB
2023-02-14 15:12:00,9.2,9.2,9.2,9.2,1480.0,PDLB
2023-02-14 15:07:00,9.19,9.19,9.19,9.19,309.0,PDLB
2023-02-14 15:05:00,9.185,9.185,9.185,9.185,124.0,PDLB
2023-02-14 15:03:00,9.2,9.2,9.2,9.2,109.0,PDLB
2023-02-14 14:57:00,9.2,9.2,9.2,9.2,141.0,PDLB
2023-02-14 14:53:00,9.2,9.2,9.2,9.2,171.0,PDLB
2023-02-14 14:48:00,9.2,9.2,9.2,9.2,206.0,PDLB
2023-02-14 14:44:00,9.18,9.18,9.18,9.18,116.0,PDLB
2023-02-14 14:38:00,9.19,9.19,9.19,9.19,118.0,PDLB
2023-02-14 14:25:00,9.19,9.19,9.19,9.19,813.0,PDLB
2023-02-14 14:22:00,9.19,9.19,9.19,9.19,100.0,PDLB
2023-02-14 14:21:00,9.2,9.2,9.2,9.2,116.0,PDLB
2023-02-14 14:17:00,9.2,9.2,9.2,9.2,373.0,PDLB
2023-02-14 14:12:00,9.2,9.2,9.2,9.2,563.0,PDLB
2023-02-14 14:06:00,9.19,9.19,9.19,9.19,366.0,PDLB
2023-02-14 14:02:00,9.2,9.2,9.2,9.2,501.0,PDLB
2023-02-14 14:00:00,9.2,9.2,9.2,9.2,150.0,PDLB
2023-02-14 13:57:00,9.19,9.19,9.19,9.19,112.0,PDLB
2023-02-14 13:54:00,9.2,9.2,9.2,9.2,215.0,PDLB
2023-02-14 13:48:00,9.2,9.2,9.2,9.2,170.0,PDLB
2023-02-14 13:47:00,9.2,9.2,9.2,9.2,482.0,PDLB
2023-02-14 13:45:00,9.2,9.2,9.2,9.2,327.0,PDLB
2023-02-14 13:42:00,9.2,9.2,9.2,9.2,300.0,PDLB
2023-02-14 13:36:00,9.2,9.2,9.2,9.2,331.0,PDLB
2023-02-14 13:32:00,9.2,9.2,9.2,9.2,181.0,PDLB
2023-02-14 13:27:00,9.2,9.2,9.2,9.2,117.0,PDLB
2023-02-14 13:18:00,9.2,9.2,9.2,9.2,300.0,PDLB
2023-02-14 13:05:00,9.21,9.21,9.21,9.21,100.0,PDLB
2023-02-14 13:02:00,9.2,9.2,9.2,9.2,300.0,PDLB
2023-02-14 13:00:00,9.2,9.2,9.2,9.2,1093.0,PDLB
2023-02-14 12:47:00,9.2,9.2,9.2,9.2,1258.0,PDLB
2023-02-14 12:46:00,9.2,9.2,9.2,9.2,926.0,PDLB
2023-02-14 12:37:00,9.2,9.2,9.2,9.2,100.0,PDLB
2023-02-14 12:32:00,9.2,9.2,9.2,9.2,100.0,PDLB
2023-02-14 12:27:00,9.17,9.2,9.17,9.2,200.0,PDLB
2023-02-14 12:24:00,9.2,9.2,9.2,9.2,100.0,PDLB
2023-02-14 12:21:00,9.2,9.2,9.2,9.2,100.0,PDLB
2023-02-14 12:18:00,9.2,9.2,9.2,9.2,155.0,PDLB
2023-02-14 12:15:00,9.18,9.18,9.18,9.18,807.0,PDLB
2023-02-14 12:11:00,9.18,9.18,9.18,9.18,528.0,PDLB
2023-02-14 12:03:00,9.1787,9.1787,9.1787,9.1787,100.0,PDLB
2023-02-14 12:02:00,9.17,9.175,9.17,9.175,649.0,PDLB
2023-02-14 12:00:00,9.17,9.175,9.17,9.175,348.0,PDLB
2023-02-14 11:55:00,9.16,9.16,9.16,9.16,118.0,PDLB
2023-02-14 11:50:00,9.17,9.175,9.17,9.175,496.0,PDLB
2023-02-14 11:31:00,9.19,9.19,9.18,9.18,762.0,PDLB
2023-02-14 11:30:00,9.19,9.19,9.19,9.19,135.0,PDLB
2023-02-14 11:26:00,9.19,9.19,9.19,9.19,775.0,PDLB
2023-02-14 11:25:00,9.19,9.19,9.19,9.19,100.0,PDLB
2023-02-14 11:24:00,9.2,9.2,9.2,9.2,110.0,PDLB
2023-02-14 11:22:00,9.2,9.2,9.2,9.2,200.0,PDLB
2023-02-14 11:18:00,9.2,9.2,9.2,9.2,203.0,PDLB
2023-02-14 11:10:00,9.21,9.21,9.2,9.2,1436.0,PDLB
2023-02-14 11:09:00,9.21,9.21,9.21,9.21,100.0,PDLB
2023-02-14 10:58:00,9.205,9.205,9.205,9.205,230.0,PDLB
2023-02-14 10:52:00,9.2,9.2,9.2,9.2,300.0,PDLB
2023-02-14 10:48:00,9.205,9.205,9.205,9.205,100.0,PDLB
2023-02-14 10:45:00,9.2,9.2,9.2,9.2,105.0,PDLB
2023-02-14 10:43:00,9.2,9.2,9.2,9.2,100.0,PDLB
2023-02-14 10:41:00,9.2,9.2,9.2,9.2,130.0,PDLB
2023-02-14 10:33:00,9.2083,9.21,9.2083,9.21,1211.0,PDLB
2023-02-14 10:31:00,9.2,9.2,9.2,9.2,1030.0,PDLB
2023-02-14 09:58:00,9.185,9.185,9.185,9.185,220.0,PDLB
2023-02-14 09:51:00,9.185,9.185,9.185,9.185,240.0,PDLB
2023-02-14 09:42:00,9.185,9.185,9.185,9.185,300.0,PDLB
2023-02-14 09:32:00,9.21,9.21,9.21,9.21,100.0,PDLB
2023-02-14 09:31:00,9.18,9.18,9.17,9.17,1498.0,PDLB
2023-02-13 16:00:00,9.19,9.2,9.18,9.2,1652.0,PDLB
2023-02-13 15:59:00,9.2,9.2,9.18,9.18,262.0,PDLB
2023-02-13 15:58:00,9.19,9.2,9.19,9.2,686.0,PDLB
2023-02-13 15:57:00,9.19,9.19,9.19,9.19,591.0,PDLB
2023-02-13 15:56:00,9.2,9.2,9.2,9.2,207.0,PDLB
2023-02-13 15:55:00,9.2,9.2,9.2,9.2,322.0,PDLB
2023-02-13 15:54:00,9.19,9.19,9.19,9.19,101.0,PDLB
2023-02-13 15:52:00,9.2,9.2,9.2,9.2,338.0,PDLB
2023-02-13 15:50:00,9.2,9.2,9.1973,9.2,818.0,PDLB
2023-02-13 15:48:00,9.19,9.19,9.19,9.19,1811.0,PDLB
2023-02-13 15:47:00,9.19,9.19,9.19,9.19,100.0,PDLB
2023-02-13 15:46:00,9.2,9.2,9.2,9.2,209.0,PDLB
2023-02-13 15:43:00,9.2,9.2,9.2,9.2,119.0,PDLB
2023-02-13 15:42:00,9.2,9.2,9.2,9.2,253.0,PDLB
2023-02-13 15:40:00,9.2,9.2,9.2,9.2,101.0,PDLB
2023-02-13 15:39:00,9.2,9.2,9.2,9.2,107.0,PDLB
2023-02-13 15:35:00,9.2,9.2,9.2,9.2,275.0,PDLB
2023-02-13 15:33:00,9.2,9.2,9.2,9.2,348.0,PDLB
2023-02-13 15:32:00,9.2,9.2,9.2,9.2,100.0,PDLB
2023-02-13 15:27:00,9.19,9.19,9.19,9.19,713.0,PDLB
2023-02-13 15:26:00,9.2,9.2,9.2,9.2,202.0,PDLB
2023-02-13 15:21:00,9.2,9.2,9.2,9.2,259.0,PDLB
2023-02-13 15:15:00,9.2,9.2,9.2,9.2,400.0,PDLB
2023-02-13 15:14:00,9.2,9.2,9.2,9.2,1382.0,PDLB
2023-02-13 15:10:00,9.2,9.2,9.2,9.2,100.0,PDLB
2023-02-13 15:08:00,9.2,9.2,9.2,9.2,201.0,PDLB
2023-02-13 15:07:00,9.2,9.2,9.2,9.2,286.0,PDLB
2023-02-13 15:04:00,9.2,9.2,9.2,9.2,100.0,PDLB
2023-02-13 15:01:00,9.2,9.2,9.2,9.2,100.0,PDLB
2023-02-13 15:00:00,9.18,9.18,9.18,9.18,100.0,PDLB
2023-02-13 14:55:00,9.19,9.2,9.19,9.2,300.0,PDLB
2023-02-13 14:54:00,9.19,9.2,9.19,9.2,709.0,PDLB
2023-02-13 14:53:00,9.19,9.19,9.19,9.19,100.0,PDLB
2023-02-13 14:50:00,9.2,9.2,9.2,9.2,100.0,PDLB
2023-02-13 14:49:00,9.2,9.2,9.2,9.2,100.0,PDLB
2023-02-13 14:46:00,9.2,9.2,9.2,9.2,174.0,PDLB
2023-02-13 14:42:00,9.2,9.2,9.2,9.2,106.0,PDLB
2023-02-13 14:39:00,9.2,9.2,9.2,9.2,100.0,PDLB
2023-02-13 14:37:00,9.2,9.2,9.2,9.2,253.0,PDLB
2023-02-13 14:36:00,9.2,9.2,9.2,9.2,100.0,PDLB
2023-02-13 14:32:00,9.19,9.19,9.19,9.19,323.0,PDLB
2023-02-13 14:30:00,9.2,9.2,9.2,9.2,148.0,PDLB
2023-02-13 14:29:00,9.2,9.2,9.2,9.2,100.0,PDLB
2023-02-13 14:24:00,9.2,9.2,9.2,9.2,108.0,PDLB
2023-02-13 14:23:00,9.2,9.2,9.2,9.2,234.0,PDLB
2023-02-13 14:20:00,9.2,9.2,9.2,9.2,345.0,PDLB
2023-02-13 14:18:00,9.2,9.2,9.2,9.2,115.0,PDLB
2023-02-13 14:14:00,9.2,9.2,9.2,9.2,216.0,PDLB
2023-02-13 14:08:00,9.2,9.2,9.2,9.2,333.0,PDLB
2023-02-13 14:07:00,9.19,9.2,9.19,9.2,981.0,PDLB
2023-02-13 14:05:00,9.19,9.19,9.19,9.19,140.0,PDLB
2023-02-13 14:03:00,9.19,9.19,9.19,9.19,1244.0,PDLB
2023-02-13 14:00:00,9.19,9.2,9.19,9.2,530.0,PDLB
2023-02-13 13:55:00,9.2,9.2,9.2,9.2,301.0,PDLB
2023-02-13 13:49:00,9.2,9.2,9.2,9.2,100.0,PDLB
2023-02-13 13:46:00,9.2,9.2,9.2,9.2,130.0,PDLB
2023-02-13 13:45:00,9.195,9.195,9.195,9.195,163.0,PDLB
2023-02-13 13:40:00,9.2,9.2,9.2,9.2,386.0,PDLB
2023-02-13 13:27:00,9.2,9.2,9.2,9.2,138.0,PDLB
2023-02-13 13:26:00,9.2,9.2,9.2,9.2,100.0,PDLB
2023-02-13 13:23:00,9.2,9.2,9.2,9.2,100.0,PDLB
2023-02-13 13:22:00,9.19,9.2,9.19,9.2,244.0,PDLB
2023-02-13 13:15:00,9.2,9.2,9.2,9.2,100.0,PDLB
2023-02-13 13:11:00,9.2,9.2,9.2,9.2,219.0,PDLB
2023-02-13 13:10:00,9.2,9.2,9.2,9.2,105.0,PDLB
2023-02-13 13:06:00,9.2,9.2,9.2,9.2,106.0,PDLB
2023-02-13 12:58:00,9.2,9.2,9.19,9.2,896.0,PDLB
2023-02-13 12:34:00,9.2,9.2,9.2,9.2,128.0,PDLB
2023-02-13 12:33:00,9.2,9.2,9.2,9.2,100.0,PDLB
2023-02-13 12:28:00,9.2,9.2,9.2,9.2,100.0,PDLB
2023-02-13 12:24:00,9.2,9.2,9.2,9.2,100.0,PDLB
2023-02-13 11:43:00,9.2,9.2,9.2,9.2,100.0,PDLB
2023-02-13 11:42:00,9.2,9.2,9.2,9.2,142.0,PDLB
2023-02-13 11:39:00,9.2,9.2,9.2,9.2,100.0,PDLB
2023-02-13 11:34:00,9.18,9.19,9.18,9.19,591.0,PDLB
2023-02-13 11:27:00,9.19,9.19,9.18,9.18,300.0,PDLB
2023-02-13 11:22:00,9.2,9.2,9.2,9.2,101.0,PDLB
2023-02-13 11:16:00,9.2,9.2,9.2,9.2,100.0,PDLB
2023-02-13 11:12:00,9.2,9.2,9.2,9.2,107.0,PDLB
2023-02-13 11:01:00,9.2,9.2,9.2,9.2,384.0,PDLB
2023-02-13 10:59:00,9.18,9.2,9.18,9.2,230.0,PDLB
2023-02-13 10:54:00,9.2,9.2,9.2,9.2,120.0,PDLB
2023-02-13 10:44:00,9.18,9.2,9.18,9.2,200.0,PDLB
2023-02-13 10:42:00,9.205,9.21,9.2,9.2,960.0,PDLB
2023-02-13 10:41:00,9.205,9.205,9.205,9.205,100.0,PDLB
2023-02-13 10:33:00,9.2,9.205,9.2,9.205,400.0,PDLB
2023-02-13 10:01:00,9.2,9.2,9.2,9.2,100.0,PDLB
2023-02-13 09:51:00,9.2,9.2,9.2,9.2,100.0,PDLB
2023-02-13 09:37:00,9.1841,9.1841,9.1841,9.1841,100.0,PDLB
2023-02-13 09:31:00,9.23,9.23,9.23,9.23,444.0,PDLB
2023-02-10 16:00:00,9.2,9.205,9.19,9.205,1579.0,PDLB
2023-02-10 15:59:00,9.19,9.2,9.19,9.19,599.0,PDLB
2023-02-10 15:58:00,9.2,9.2,9.2,9.2,355.0,PDLB
2023-02-10 15:56:00,9.18,9.18,9.18,9.18,100.0,PDLB
2023-02-10 15:54:00,9.18,9.18,9.18,9.18,776.0,PDLB
2023-02-10 15:52:00,9.19,9.19,9.19,9.19,100.0,PDLB
2023-02-10 15:51:00,9.18,9.18,9.18,9.18,423.0,PDLB
2023-02-10 15:43:00,9.19,9.19,9.18,9.18,1216.0,PDLB
2023-02-10 15:41:00,9.2,9.2,9.2,9.2,400.0,PDLB
2023-02-10 15:39:00,9.19,9.19,9.19,9.19,177.0,PDLB
2023-02-10 15:38:00,9.2,9.2,9.2,9.2,433.0,PDLB
2023-02-10 15:35:00,9.2,9.2,9.2,9.2,582.0,PDLB
2023-02-10 15:32:00,9.2,9.2,9.2,9.2,343.0,PDLB
2023-02-10 15:26:00,9.2,9.2,9.2,9.2,330.0,PDLB
2023-02-10 15:19:00,9.2,9.2,9.2,9.2,300.0,PDLB
2023-02-10 15:16:00,9.21,9.21,9.2,9.2,1636.0,PDLB
2023-02-10 15:11:00,9.2,9.2,9.2,9.2,331.0,PDLB
2023-02-10 15:07:00,9.2,9.2,9.2,9.2,200.0,PDLB
2023-02-10 15:04:00,9.1901,9.1901,9.1901,9.1901,107.0,PDLB
2023-02-10 14:59:00,9.2,9.2,9.2,9.2,328.0,PDLB
2023-02-10 14:54:00,9.2,9.2,9.2,9.2,581.0,PDLB
2023-02-10 14:51:00,9.2,9.2,9.2,9.2,100.0,PDLB
2023-02-10 14:46:00,9.2,9.2,9.2,9.2,404.0,PDLB
2023-02-10 14:45:00,9.2,9.2,9.2,9.2,301.0,PDLB
2023-02-10 14:43:00,9.2,9.2,9.2,9.2,100.0,PDLB
2023-02-10 14:40:00,9.2,9.2,9.2,9.2,100.0,PDLB
2023-02-10 14:35:00,9.19,9.19,9.19,9.19,507.0,PDLB
2023-02-10 14:32:00,9.19,9.19,9.19,9.19,100.0,PDLB
2023-02-10 14:24:00,9.2,9.2,9.2,9.2,100.0,PDLB
2023-02-10 14:18:00,9.19,9.19,9.19,9.19,883.0,PDLB
2023-02-10 14:15:00,9.2,9.2,9.2,9.2,392.0,PDLB
2023-02-10 14:01:00,9.2,9.2,9.2,9.2,300.0,PDLB
2023-02-10 13:53:00,9.2,9.2,9.2,9.2,424.0,PDLB
2023-02-10 13:51:00,9.205,9.205,9.205,9.205,172.0,PDLB
2023-02-10 13:50:00,9.2,9.2,9.2,9.2,441.0,PDLB
2023-02-10 13:44:00,9.2,9.2,9.2,9.2,1070.0,PDLB
2023-02-10 13:42:00,9.2,9.2,9.2,9.2,146.0,PDLB
2023-02-10 13:40:00,9.2,9.2,9.1914,9.195,517.0,PDLB
2023-02-10 13:36:00,9.2,9.2,9.2,9.2,110.0,PDLB
2023-02-10 13:25:00,9.2,9.2,9.2,9.2,404.0,PDLB
2023-02-10 13:19:00,9.19,9.19,9.19,9.19,100.0,PDLB
2023-02-10 12:52:00,9.19,9.19,9.19,9.19,910.0,PDLB
2023-02-10 12:48:00,9.19,9.19,9.19,9.19,604.0,PDLB
2023-02-10 12:46:00,9.2,9.2,9.2,9.2,1110.0,PDLB
2023-02-10 12:38:00,9.21,9.21,9.21,9.21,100.0,PDLB
2023-02-10 12:32:00,9.2,9.2,9.2,9.2,200.0,PDLB
2023-02-10 12:31:00,9.2,9.2,9.2,9.2,393.0,PDLB
2023-02-10 12:20:00,9.2,9.2,9.2,9.2,377.0,PDLB
2023-02-10 12:12:00,9.2,9.2,9.2,9.2,312.0,PDLB
2023-02-10 12:09:00,9.2,9.2,9.2,9.2,100.0,PDLB
2023-02-10 12:04:00,9.2,9.2,9.2,9.2,300.0,PDLB
2023-02-10 11:57:00,9.2,9.2,9.2,9.2,411.0,PDLB
2023-02-10 11:53:00,9.2,9.2,9.2,9.2,318.0,PDLB
2023-02-10 11:48:00,9.2,9.2,9.1919,9.2,1072.0,PDLB
2023-02-10 11:46:00,9.2,9.2,9.2,9.2,300.0,PDLB
2023-02-10 11:20:00,9.2,9.2,9.19,9.19,1334.0,PDLB
2023-02-10 11:14:00,9.2,9.2,9.2,9.2,100.0,PDLB
2023-02-10 11:12:00,9.2,9.2,9.2,9.2,300.0,PDLB
2023-02-10 11:01:00,9.2,9.2,9.2,9.2,1636.0,PDLB
2023-02-10 10:59:00,9.19,9.205,9.19,9.205,659.0,PDLB
2023-02-10 10:57:00,9.19,9.19,9.19,9.19,743.0,PDLB
2023-02-10 10:56:00,9.19,9.19,9.19,9.19,117.0,PDLB
2023-02-10 10:47:00,9.19,9.19,9.19,9.19,100.0,PDLB
2023-02-10 10:40:00,9.19,9.19,9.19,9.19,315.0,PDLB
2023-02-10 10:39:00,9.19,9.19,9.19,9.19,415.0,PDLB
2023-02-10 10:36:00,9.19,9.19,9.19,9.19,305.0,PDLB
2023-02-10 10:35:00,9.2,9.2,9.19,9.19,1283.0,PDLB
2023-02-10 10:34:00,9.2,9.2,9.2,9.2,300.0,PDLB
2023-02-10 10:32:00,9.2,9.2,9.2,9.2,669.0,PDLB
2023-02-10 10:29:00,9.2,9.2,9.2,9.2,104.0,PDLB
2023-02-10 10:28:00,9.2,9.2,9.2,9.2,125.0,PDLB
2023-02-10 10:27:00,9.2,9.2,9.2,9.2,100.0,PDLB
2023-02-10 10:26:00,9.2,9.2,9.19,9.2,2005.0,PDLB
2023-02-10 10:21:00,9.2,9.2,9.2,9.2,100.0,PDLB
2023-02-10 10:19:00,9.21,9.21,9.21,9.21,101.0,PDLB
2023-02-10 10:18:00,9.1901,9.1901,9.1901,9.1901,279.0,PDLB
2023-02-10 10:16:00,9.19,9.2,9.19,9.2,654.0,PDLB
2023-02-10 10:10:00,9.2,9.2,9.2,9.2,100.0,PDLB
2023-02-10 10:04:00,9.2,9.2,9.2,9.2,139.0,PDLB
2023-02-10 10:01:00,9.2,9.2,9.2,9.2,407.0,PDLB
2023-02-10 09:39:00,9.2,9.2,9.2,9.2,130.0,PDLB
2023-02-10 09:32:00,9.2,9.2,9.2,9.2,100.0,PDLB
2023-02-10 09:31:00,9.2,9.2,9.2,9.2,200.0,PDLB
2023-02-09 16:00:00,9.2,9.2,9.18,9.2,1633.0,PDLB
2023-02-09 15:59:00,9.19,9.19,9.19,9.19,353.0,PDLB
2023-02-09 15:58:00,9.18,9.18,9.18,9.18,726.0,PDLB
2023-02-09 15:55:00,9.2,9.2,9.2,9.2,200.0,PDLB
2023-02-09 15:54:00,9.2,9.2,9.2,9.2,206.0,PDLB
2023-02-09 15:53:00,9.2,9.2,9.2,9.2,234.0,PDLB
2023-02-09 15:51:00,9.2,9.2,9.2,9.2,116.0,PDLB
2023-02-09 15:49:00,9.2,9.2,9.2,9.2,100.0,PDLB
2023-02-09 15:47:00,9.2,9.2,9.2,9.2,100.0,PDLB
2023-02-09 15:46:00,9.19,9.19,9.19,9.19,229.0,PDLB
2023-02-09 15:44:00,9.2,9.2,9.2,9.2,105.0,PDLB
2023-02-09 15:37:00,9.2,9.2,9.2,9.2,619.0,PDLB
2023-02-09 15:36:00,9.2,9.2,9.2,9.2,100.0,PDLB
2023-02-09 15:31:00,9.205,9.205,9.205,9.205,109.0,PDLB
2023-02-09 15:26:00,9.2,9.2,9.2,9.2,429.0,PDLB
2023-02-09 15:21:00,9.2,9.2,9.2,9.2,1523.0,PDLB
2023-02-09 15:19:00,9.2,9.2,9.2,9.2,101.0,PDLB
2023-02-09 15:17:00,9.2,9.2,9.2,9.2,121.0,PDLB
2023-02-09 15:15:00,9.2,9.2,9.2,9.2,211.0,PDLB
2023-02-09 15:14:00,9.2,9.2,9.2,9.2,100.0,PDLB
2023-02-09 15:11:00,9.2,9.2,9.2,9.2,106.0,PDLB
2023-02-09 15:07:00,9.205,9.205,9.205,9.205,102.0,PDLB
2023-02-09 15:04:00,9.2,9.2,9.2,9.2,139.0,PDLB
2023-02-09 15:01:00,9.2,9.2,9.2,9.2,102.0,PDLB
2023-02-09 14:58:00,9.2,9.2,9.2,9.2,138.0,PDLB
2023-02-09 14:54:00,9.21,9.21,9.21,9.21,101.0,PDLB
2023-02-09 14:48:00,9.2,9.2,9.2,9.2,204.0,PDLB
2023-02-09 14:45:00,9.2,9.2,9.2,9.2,130.0,PDLB
2023-02-09 14:42:00,9.2,9.2,9.2,9.2,100.0,PDLB
2023-02-09 14:29:00,9.19,9.19,9.19,9.19,100.0,PDLB
2023-02-09 14:16:00,9.1822,9.1822,9.1822,9.1822,100.0,PDLB
2023-02-09 13:55:00,9.17,9.17,9.16,9.16,305.0,PDLB
2023-02-09 13:53:00,9.17,9.17,9.17,9.17,230.0,PDLB
2023-02-09 13:48:00,9.16,9.17,9.16,9.17,310.0,PDLB
2023-02-09 13:45:00,9.17,9.17,9.17,9.17,100.0,PDLB
2023-02-09 13:23:00,9.18,9.18,9.18,9.18,100.0,PDLB
2023-02-09 13:14:00,9.18,9.18,9.18,9.18,149.0,PDLB
2023-02-09 13:05:00,9.16,9.16,9.16,9.16,100.0,PDLB
2023-02-09 13:04:00,9.16,9.16,9.16,9.16,114.0,PDLB
2023-02-09 13:01:00,9.16,9.16,9.16,9.16,2335.0,PDLB
2023-02-09 12:45:00,9.2,9.2,9.2,9.2,100.0,PDLB
2023-02-09 12:39:00,9.2,9.2,9.2,9.2,100.0,PDLB
2023-02-09 12:36:00,9.2,9.2,9.16,9.16,1700.0,PDLB
2023-02-09 12:26:00,9.18,9.18,9.16,9.16,2500.0,PDLB
2023-02-09 12:25:00,9.2,9.2,9.2,9.2,100.0,PDLB
2023-02-09 12:21:00,9.17,9.17,9.17,9.17,115.0,PDLB
2023-02-09 12:20:00,9.2,9.2,9.2,9.2,100.0,PDLB
2023-02-09 12:18:00,9.2,9.2,9.2,9.2,100.0,PDLB
2023-02-09 12:17:00,9.2,9.2,9.18,9.18,200.0,PDLB
2023-02-09 12:16:00,9.19,9.19,9.19,9.19,100.0,PDLB
2023-02-09 12:09:00,9.16,9.16,9.16,9.16,100.0,PDLB
2023-02-09 12:07:00,9.19,9.19,9.19,9.19,105.0,PDLB
2023-02-09 12:06:00,9.19,9.19,9.19,9.19,235.0,PDLB
2023-02-09 11:58:00,9.1675,9.1675,9.1675,9.1675,113.0,PDLB
2023-02-09 11:53:00,9.19,9.19,9.19,9.19,202.0,PDLB
2023-02-09 11:51:00,9.17,9.17,9.17,9.17,271.0,PDLB
2023-02-09 11:39:00,9.19,9.19,9.19,9.19,371.0,PDLB
2023-02-09 11:38:00,9.2,9.21,9.2,9.2,725.0,PDLB
2023-02-09 11:36:00,9.195,9.212,9.195,9.212,365.0,PDLB
2023-02-09 11:28:00,9.21,9.21,9.21,9.21,138.0,PDLB
2023-02-09 11:21:00,9.17,9.17,9.17,9.17,100.0,PDLB
2023-02-09 11:12:00,9.2,9.2,9.2,9.2,552.0,PDLB
2023-02-09 11:07:00,9.215,9.215,9.2,9.2,457.0,PDLB
2023-02-09 11:03:00,9.2,9.2,9.2,9.2,103.0,PDLB
2023-02-09 10:44:00,9.19,9.19,9.19,9.19,1222.0,PDLB
2023-02-09 10:42:00,9.19,9.19,9.19,9.19,100.0,PDLB
2023-02-09 10:40:00,9.21,9.21,9.21,9.21,100.0,PDLB
2023-02-09 10:39:00,9.21,9.21,9.21,9.21,100.0,PDLB
2023-02-09 10:38:00,9.19,9.19,9.19,9.19,201.0,PDLB
2023-02-09 10:37:00,9.21,9.21,9.21,9.21,100.0,PDLB
2023-02-09 10:36:00,9.21,9.21,9.21,9.21,200.0,PDLB
2023-02-09 10:32:00,9.2,9.2,9.2,9.2,525.0,PDLB
2023-02-09 10:27:00,9.21,9.21,9.2006,9.21,543.0,PDLB
2023-02-09 10:24:00,9.21,9.21,9.21,9.21,100.0,PDLB
2023-02-09 10:18:00,9.215,9.215,9.215,9.215,100.0,PDLB
2023-02-09 10:16:00,9.2,9.2,9.2,9.2,500.0,PDLB
2023-02-09 10:15:00,9.215,9.215,9.215,9.215,100.0,PDLB
2023-02-09 10:10:00,9.2,9.225,9.2,9.2,2845.0,PDLB
2023-02-09 10:09:00,9.225,9.225,9.225,9.225,2000.0,PDLB
2023-02-09 10:08:00,9.22,9.22,9.22,9.22,2000.0,PDLB
2023-02-09 10:01:00,9.23,9.23,9.2,9.22,14181.0,PDLB
2023-02-09 09:53:00,9.24,9.25,9.24,9.25,1083.0,PDLB
2023-02-09 09:51:00,9.24,9.24,9.24,9.24,2100.0,PDLB
2023-02-09 09:46:00,9.24,9.24,9.24,9.24,100.0,PDLB
2023-02-09 09:42:00,9.24,9.24,9.24,9.24,1847.0,PDLB
2023-02-09 09:36:00,9.24,9.24,9.24,9.24,514.0,PDLB
2023-02-09 09:31:00,9.24,9.24,9.24,9.24,461.0,PDLB
2023-02-09 09:10:00,9.31,9.31,9.31,9.31,150.0,PDLB
2023-02-09 09:09:00,9.31,9.31,9.31,9.31,150.0,PDLB
2023-02-08 19:52:00,9.34,9.34,9.34,9.34,3000.0,PDLB
2023-02-08 16:00:00,9.25,9.25,9.25,9.25,882.0,PDLB
2023-02-08 15:59:00,9.24,9.24,9.23,9.23,895.0,PDLB
2023-02-08 15:58:00,9.25,9.25,9.25,9.25,199.0,PDLB
2023-02-08 15:57:00,9.24,9.25,9.24,9.24,830.0,PDLB
2023-02-08 15:56:00,9.25,9.25,9.25,9.25,104.0,PDLB
2023-02-08 15:55:00,9.25,9.25,9.25,9.25,129.0,PDLB
2023-02-08 15:52:00,9.25,9.25,9.24,9.24,252.0,PDLB
2023-02-08 15:51:00,9.25,9.25,9.25,9.25,112.0,PDLB
2023-02-08 15:50:00,9.25,9.25,9.25,9.25,114.0,PDLB
2023-02-08 15:47:00,9.24,9.24,9.24,9.24,508.0,PDLB
2023-02-08 15:44:00,9.25,9.25,9.25,9.25,118.0,PDLB
2023-02-08 15:42:00,9.25,9.25,9.25,9.25,184.0,PDLB
2023-02-08 15:39:00,9.25,9.25,9.25,9.25,100.0,PDLB
2023-02-08 15:38:00,9.25,9.25,9.25,9.25,306.0,PDLB
2023-02-08 15:33:00,9.24,9.24,9.24,9.24,231.0,PDLB
2023-02-08 15:30:00,9.24,9.25,9.24,9.24,5235.0,PDLB
2023-02-08 15:29:00,9.25,9.25,9.24,9.24,5352.0,PDLB
2023-02-08 15:28:00,9.25,9.25,9.24,9.24,10757.0,PDLB
2023-02-08 15:26:00,9.25,9.25,9.25,9.25,203.0,PDLB
2023-02-08 15:23:00,9.25,9.25,9.25,9.25,190.0,PDLB
2023-02-08 15:22:00,9.25,9.25,9.25,9.25,114.0,PDLB
2023-02-08 15:20:00,9.25,9.25,9.25,9.25,157.0,PDLB
2023-02-08 15:17:00,9.25,9.25,9.25,9.25,201.0,PDLB
2023-02-08 15:15:00,9.25,9.25,9.25,9.25,100.0,PDLB
2023-02-08 15:13:00,9.25,9.25,9.25,9.25,520.0,PDLB
2023-02-08 15:11:00,9.25,9.25,9.25,9.25,101.0,PDLB
2023-02-08 15:10:00,9.25,9.25,9.25,9.25,200.0,PDLB
2023-02-08 15:08:00,9.25,9.25,9.25,9.25,100.0,PDLB
2023-02-08 15:07:00,9.25,9.25,9.25,9.25,201.0,PDLB
2023-02-08 15:06:00,9.25,9.25,9.25,9.25,135.0,PDLB
2023-02-08 15:03:00,9.25,9.25,9.25,9.25,100.0,PDLB
2023-02-08 15:01:00,9.25,9.25,9.25,9.25,120.0,PDLB
2023-02-08 15:00:00,9.25,9.25,9.25,9.25,100.0,PDLB
2023-02-08 14:58:00,9.25,9.25,9.25,9.25,100.0,PDLB
2023-02-08 14:55:00,9.25,9.25,9.25,9.25,421.0,PDLB
2023-02-08 14:48:00,9.25,9.25,9.25,9.25,117.0,PDLB
2023-02-08 14:44:00,9.24,9.24,9.24,9.24,105.0,PDLB
2023-02-08 14:40:00,9.25,9.25,9.25,9.25,105.0,PDLB
2023-02-08 14:34:00,9.24,9.24,9.24,9.24,976.0,PDLB
2023-02-08 14:26:00,9.25,9.25,9.25,9.25,105.0,PDLB
2023-02-08 14:25:00,9.245,9.245,9.245,9.245,105.0,PDLB
2023-02-08 14:23:00,9.245,9.245,9.245,9.245,185.0,PDLB
2023-02-08 14:19:00,9.245,9.245,9.245,9.245,101.0,PDLB
2023-02-08 14:18:00,9.25,9.255,9.24,9.245,17282.0,PDLB
2023-02-08 14:15:00,9.25,9.25,9.25,9.25,130.0,PDLB
2023-02-08 14:13:00,9.25,9.25,9.25,9.25,104.0,PDLB
2023-02-08 14:11:00,9.2462,9.2462,9.2462,9.2462,235.0,PDLB
2023-02-08 14:08:00,9.25,9.25,9.24,9.25,624.0,PDLB
2023-02-08 14:01:00,9.245,9.25,9.245,9.25,530.0,PDLB
2023-02-08 14:00:00,9.25,9.25,9.25,9.25,100.0,PDLB
2023-02-08 13:58:00,9.25,9.25,9.25,9.25,131.0,PDLB
2023-02-08 13:57:00,9.25,9.25,9.25,9.25,129.0,PDLB
2023-02-08 13:53:00,9.24,9.24,9.24,9.24,149.0,PDLB
2023-02-08 13:50:00,9.245,9.245,9.245,9.245,100.0,PDLB
2023-02-08 13:49:00,9.25,9.25,9.24,9.245,1455.0,PDLB
2023-02-08 13:48:00,9.25,9.25,9.25,9.25,6412.0,PDLB
2023-02-08 13:42:00,9.25,9.25,9.25,9.25,209.0,PDLB
2023-02-08 13:41:00,9.25,9.25,9.25,9.25,143.0,PDLB
2023-02-08 13:39:00,9.25,9.25,9.25,9.25,201.0,PDLB
2023-02-08 13:36:00,9.25,9.25,9.25,9.25,100.0,PDLB
2023-02-08 13:28:00,9.25,9.25,9.25,9.25,172.0,PDLB
2023-02-08 13:25:00,9.25,9.25,9.25,9.25,100.0,PDLB
2023-02-08 13:23:00,9.25,9.25,9.25,9.25,100.0,PDLB
2023-02-08 13:22:00,9.25,9.25,9.25,9.25,100.0,PDLB
2023-02-08 13:19:00,9.25,9.25,9.25,9.25,133.0,PDLB
2023-02-08 13:17:00,9.25,9.25,9.25,9.25,221.0,PDLB
2023-02-08 13:15:00,9.25,9.25,9.25,9.25,100.0,PDLB
2023-02-08 13:08:00,9.25,9.25,9.25,9.25,100.0,PDLB
2023-02-08 13:07:00,9.25,9.25,9.25,9.25,220.0,PDLB
2023-02-08 13:05:00,9.25,9.25,9.25,9.25,100.0,PDLB
2023-02-08 13:03:00,9.25,9.25,9.25,9.25,100.0,PDLB
2023-02-08 13:01:00,9.25,9.25,9.25,9.25,100.0,PDLB
2023-02-08 13:00:00,9.25,9.25,9.25,9.25,100.0,PDLB
2023-02-08 12:58:00,9.25,9.25,9.25,9.25,100.0,PDLB
2023-02-08 12:54:00,9.25,9.25,9.25,9.25,100.0,PDLB
2023-02-08 12:50:00,9.25,9.25,9.25,9.25,196.0,PDLB
2023-02-08 12:46:00,9.23,9.24,9.23,9.24,303.0,PDLB
2023-02-08 12:38:00,9.25,9.25,9.25,9.25,100.0,PDLB
2023-02-08 12:35:00,9.25,9.25,9.25,9.25,303.0,PDLB
2023-02-08 12:33:00,9.25,9.25,9.25,9.25,115.0,PDLB
2023-02-08 12:32:00,9.25,9.25,9.25,9.25,100.0,PDLB
2023-02-08 12:30:00,9.25,9.25,9.25,9.25,100.0,PDLB
2023-02-08 12:27:00,9.25,9.25,9.25,9.25,100.0,PDLB
2023-02-08 12:25:00,9.25,9.25,9.25,9.25,100.0,PDLB
2023-02-08 12:22:00,9.25,9.25,9.25,9.25,100.0,PDLB
2023-02-08 12:20:00,9.25,9.25,9.25,9.25,116.0,PDLB
2023-02-08 12:17:00,9.25,9.25,9.25,9.25,106.0,PDLB
2023-02-08 12:13:00,9.25,9.25,9.25,9.25,106.0,PDLB
2023-02-08 12:09:00,9.25,9.25,9.25,9.25,106.0,PDLB
2023-02-08 12:07:00,9.25,9.25,9.25,9.25,106.0,PDLB
2023-02-08 12:06:00,9.25,9.25,9.25,9.25,106.0,PDLB
2023-02-08 12:04:00,9.24,9.24,9.24,9.24,100.0,PDLB
2023-02-08 12:03:00,9.24,9.24,9.235,9.235,528.0,PDLB
2023-02-08 11:52:00,9.234,9.234,9.234,9.234,100.0,PDLB
2023-02-08 11:43:00,9.23,9.23,9.23,9.23,345.0,PDLB
2023-02-08 11:42:00,9.23,9.23,9.23,9.23,1154.0,PDLB
2023-02-08 11:11:00,9.238,9.24,9.23,9.23,460.0,PDLB
2023-02-08 10:58:00,9.25,9.25,9.25,9.25,100.0,PDLB
2023-02-08 10:53:00,9.2699,9.2699,9.2699,9.2699,250.0,PDLB
2023-02-08 10:50:00,9.25,9.25,9.2346,9.2346,400.0,PDLB
2023-02-08 10:48:00,9.25,9.25,9.25,9.25,250.0,PDLB
2023-02-08 10:47:00,9.25,9.25,9.23,9.23,720.0,PDLB
2023-02-08 10:41:00,9.27,9.27,9.27,9.27,100.0,PDLB
2023-02-08 10:37:00,9.22,9.22,9.22,9.22,100.0,PDLB
2023-02-08 10:23:00,9.23,9.23,9.23,9.23,120.0,PDLB
2023-02-08 10:22:00,9.25,9.255,9.25,9.255,1440.0,PDLB
2023-02-08 10:18:00,9.25,9.25,9.25,9.25,1110.0,PDLB
2023-02-08 10:14:00,9.25,9.25,9.25,9.25,1435.0,PDLB
2023-02-08 10:13:00,9.22,9.25,9.21,9.25,2853.0,PDLB
2023-02-08 09:57:00,9.22,9.22,9.22,9.22,1000.0,PDLB
2023-02-08 09:51:00,9.23,9.23,9.23,9.23,104.0,PDLB
2023-02-08 09:48:00,9.22,9.22,9.22,9.22,954.0,PDLB
2023-02-08 09:34:00,9.215,9.215,9.215,9.215,10000.0,PDLB
2023-02-08 09:32:00,9.25,9.25,9.25,9.25,300.0,PDLB
2023-02-08 09:31:00,9.22,9.22,9.22,9.22,183.0,PDLB
2023-02-07 16:00:00,9.21,9.22,9.21,9.21,2591.0,PDLB
2023-02-07 15:59:00,9.21,9.23,9.21,9.23,857.0,PDLB
2023-02-07 15:58:00,9.21,9.21,9.21,9.21,1215.0,PDLB
2023-02-07 15:57:00,9.21,9.22,9.21,9.22,310.0,PDLB
2023-02-07 15:56:00,9.22,9.22,9.21,9.21,1020.0,PDLB
2023-02-07 15:55:00,9.22,9.22,9.22,9.22,221.0,PDLB
2023-02-07 15:54:00,9.225,9.225,9.22,9.22,531.0,PDLB
2023-02-07 15:53:00,9.22,9.23,9.22,9.225,564.0,PDLB
2023-02-07 15:52:00,9.23,9.23,9.22,9.23,1797.0,PDLB
2023-02-07 15:51:00,9.22,9.23,9.22,9.22,609.0,PDLB
2023-02-07 15:50:00,9.22,9.22,9.22,9.22,106.0,PDLB
2023-02-07 15:49:00,9.225,9.225,9.22,9.22,611.0,PDLB
2023-02-07 15:48:00,9.225,9.225,9.22,9.22,400.0,PDLB
2023-02-07 15:47:00,9.22,9.22,9.22,9.22,352.0,PDLB
2023-02-07 15:46:00,9.225,9.225,9.22,9.22,200.0,PDLB
2023-02-07 15:45:00,9.22,9.22,9.22,9.22,188.0,PDLB
2023-02-07 15:43:00,9.22,9.22,9.22,9.22,100.0,PDLB
2023-02-07 15:41:00,9.23,9.23,9.22,9.22,655.0,PDLB
2023-02-07 15:40:00,9.228,9.23,9.22,9.22,1251.0,PDLB
2023-02-07 15:39:00,9.22,9.225,9.22,9.22,788.0,PDLB
2023-02-07 15:38:00,9.22,9.22,9.22,9.22,400.0,PDLB
2023-02-07 15:37:00,9.22,9.23,9.22,9.23,341.0,PDLB
2023-02-07 15:36:00,9.22,9.23,9.22,9.23,288.0,PDLB
2023-02-07 15:35:00,9.23,9.23,9.23,9.23,101.0,PDLB
2023-02-07 15:34:00,9.22,9.22,9.22,9.22,100.0,PDLB
2023-02-07 15:33:00,9.23,9.23,9.22,9.22,200.0,PDLB
2023-02-07 15:32:00,9.23,9.23,9.23,9.23,156.0,PDLB
2023-02-07 15:31:00,9.22,9.22,9.22,9.22,100.0,PDLB
2023-02-07 15:29:00,9.22,9.23,9.22,9.23,633.0,PDLB
2023-02-07 15:27:00,9.22,9.23,9.22,9.23,200.0,PDLB
2023-02-07 15:25:00,9.22,9.24,9.22,9.24,542.0,PDLB
2023-02-07 15:23:00,9.23,9.23,9.23,9.23,1451.0,PDLB
2023-02-07 15:19:00,9.235,9.235,9.235,9.235,100.0,PDLB
2023-02-07 15:18:00,9.235,9.235,9.23,9.23,332.0,PDLB
2023-02-07 15:16:00,9.235,9.235,9.235,9.235,310.0,PDLB
2023-02-07 15:12:00,9.22,9.235,9.22,9.235,300.0,PDLB
2023-02-07 15:10:00,9.22,9.22,9.22,9.22,291.0,PDLB
2023-02-07 15:07:00,9.23,9.24,9.23,9.24,352.0,PDLB
2023-02-07 15:04:00,9.235,9.235,9.235,9.235,140.0,PDLB
2023-02-07 14:59:00,9.25,9.25,9.243,9.243,3426.0,PDLB
2023-02-07 14:58:00,9.22,9.25,9.22,9.25,5468.0,PDLB
2023-02-07 14:57:00,9.22,9.22,9.22,9.22,150.0,PDLB
2023-02-07 14:56:00,9.21,9.21,9.21,9.21,200.0,PDLB
2023-02-07 14:54:00,9.21,9.21,9.21,9.21,200.0,PDLB
2023-02-07 14:51:00,9.21,9.21,9.21,9.21,187.0,PDLB
2023-02-07 14:50:00,9.22,9.22,9.22,9.22,100.0,PDLB
2023-02-07 14:49:00,9.21,9.21,9.21,9.21,345.0,PDLB
2023-02-07 14:46:00,9.21,9.22,9.21,9.22,200.0,PDLB
2023-02-07 14:43:00,9.21,9.21,9.21,9.21,286.0,PDLB
2023-02-07 14:41:00,9.215,9.22,9.215,9.22,206.0,PDLB
2023-02-07 14:40:00,9.22,9.22,9.22,9.22,100.0,PDLB
2023-02-07 14:38:00,9.215,9.228,9.215,9.228,370.0,PDLB
2023-02-07 14:36:00,9.22,9.22,9.22,9.22,100.0,PDLB
2023-02-07 14:35:00,9.21,9.21,9.21,9.21,100.0,PDLB
2023-02-07 14:32:00,9.21,9.21,9.21,9.21,100.0,PDLB
2023-02-07 14:31:00,9.2206,9.2206,9.22,9.22,371.0,PDLB
2023-02-07 14:30:00,9.22,9.22,9.21,9.21,1053.0,PDLB
2023-02-07 14:28:00,9.22,9.22,9.22,9.22,100.0,PDLB
2023-02-07 14:27:00,9.221,9.221,9.221,9.221,319.0,PDLB
2023-02-07 14:26:00,9.22,9.22,9.22,9.22,100.0,PDLB
2023-02-07 14:24:00,9.225,9.225,9.225,9.225,100.0,PDLB
2023-02-07 14:23:00,9.225,9.225,9.225,9.225,100.0,PDLB
2023-02-07 14:22:00,9.225,9.225,9.22,9.225,601.0,PDLB
2023-02-07 14:21:00,9.22,9.22,9.22,9.22,100.0,PDLB
2023-02-07 14:14:00,9.225,9.225,9.225,9.225,421.0,PDLB
2023-02-07 14:08:00,9.21,9.22,9.21,9.22,1230.0,PDLB
2023-02-07 14:05:00,9.21,9.21,9.21,9.21,200.0,PDLB
2023-02-07 14:04:00,9.2189,9.2189,9.2189,9.2189,217.0,PDLB
2023-02-07 13:59:00,9.215,9.215,9.21,9.215,1311.0,PDLB
2023-02-07 13:58:00,9.215,9.215,9.21,9.21,206.0,PDLB
2023-02-07 13:51:00,9.21,9.21,9.21,9.21,100.0,PDLB
2023-02-07 13:50:00,9.215,9.215,9.215,9.215,113.0,PDLB
2023-02-07 13:47:00,9.21,9.21,9.21,9.21,310.0,PDLB
2023-02-07 13:45:00,9.21,9.23,9.21,9.23,416.0,PDLB
2023-02-07 13:44:00,9.22,9.22,9.22,9.22,100.0,PDLB
2023-02-07 13:40:00,9.22,9.22,9.22,9.22,200.0,PDLB
2023-02-07 13:37:00,9.21,9.21,9.21,9.21,167.0,PDLB
2023-02-07 13:35:00,9.22,9.22,9.22,9.22,213.0,PDLB
2023-02-07 13:32:00,9.23,9.23,9.23,9.23,136.0,PDLB
2023-02-07 13:31:00,9.23,9.23,9.23,9.23,100.0,PDLB
2023-02-07 13:19:00,9.24,9.24,9.24,9.24,100.0,PDLB
2023-02-07 13:18:00,9.24,9.245,9.24,9.245,210.0,PDLB
2023-02-07 13:17:00,9.25,9.25,9.24,9.245,1319.0,PDLB
2023-02-07 13:16:00,9.25,9.25,9.25,9.25,100.0,PDLB
2023-02-07 13:15:00,9.25,9.25,9.24,9.24,200.0,PDLB
2023-02-07 13:14:00,9.24,9.24,9.24,9.24,100.0,PDLB
2023-02-07 13:13:00,9.25,9.25,9.25,9.25,100.0,PDLB
2023-02-07 13:12:00,9.25,9.25,9.25,9.25,210.0,PDLB
2023-02-07 13:11:00,9.25,9.25,9.25,9.25,100.0,PDLB
2023-02-07 13:09:00,9.24,9.24,9.24,9.24,100.0,PDLB
2023-02-07 13:08:00,9.25,9.25,9.25,9.25,100.0,PDLB
2023-02-07 13:07:00,9.25,9.25,9.25,9.25,125.0,PDLB
2023-02-07 13:04:00,9.24,9.24,9.24,9.24,200.0,PDLB
2023-02-07 12:58:00,9.25,9.25,9.25,9.25,1388.0,PDLB
2023-02-07 12:56:00,9.25,9.25,9.25,9.25,518.0,PDLB
2023-02-07 12:55:00,9.25,9.25,9.25,9.25,110.0,PDLB
2023-02-07 12:54:00,9.24,9.24,9.24,9.24,304.0,PDLB
2023-02-07 12:53:00,9.25,9.25,9.25,9.25,904.0,PDLB
2023-02-07 12:52:00,9.25,9.25,9.25,9.25,100.0,PDLB
2023-02-07 12:49:00,9.25,9.25,9.25,9.25,106.0,PDLB
2023-02-07 12:47:00,9.25,9.25,9.25,9.25,2294.0,PDLB
2023-02-07 12:46:00,9.25,9.25,9.25,9.25,100.0,PDLB
2023-02-07 12:45:00,9.25,9.25,9.245,9.25,1230.0,PDLB
2023-02-07 12:42:00,9.25,9.25,9.25,9.25,2237.0,PDLB
2023-02-07 12:40:00,9.24,9.24,9.24,9.24,100.0,PDLB
2023-02-07 12:39:00,9.25,9.25,9.25,9.25,592.0,PDLB
2023-02-07 12:38:00,9.25,9.25,9.25,9.25,699.0,PDLB
2023-02-07 12:33:00,9.25,9.25,9.25,9.25,106.0,PDLB
2023-02-07 12:31:00,9.2424,9.2424,9.2424,9.2424,305.0,PDLB
2023-02-07 12:29:00,9.25,9.25,9.25,9.25,106.0,PDLB
2023-02-07 12:28:00,9.25,9.25,9.25,9.25,116.0,PDLB
2023-02-07 12:24:00,9.25,9.25,9.25,9.25,100.0,PDLB
2023-02-07 12:22:00,9.25,9.25,9.25,9.25,106.0,PDLB
2023-02-07 12:20:00,9.24,9.24,9.24,9.24,327.0,PDLB
2023-02-07 12:19:00,9.25,9.25,9.25,9.25,206.0,PDLB
2023-02-07 12:16:00,9.25,9.25,9.25,9.25,106.0,PDLB
2023-02-07 12:10:00,9.25,9.25,9.25,9.25,206.0,PDLB
2023-02-07 12:09:00,9.25,9.25,9.25,9.25,100.0,PDLB
2023-02-07 12:07:00,9.25,9.25,9.25,9.25,106.0,PDLB
2023-02-07 12:05:00,9.25,9.25,9.25,9.25,116.0,PDLB
2023-02-07 12:04:00,9.24,9.24,9.24,9.24,306.0,PDLB
2023-02-07 12:03:00,9.25,9.25,9.25,9.25,100.0,PDLB
2023-02-07 12:01:00,9.25,9.25,9.25,9.25,200.0,PDLB
2023-02-07 11:59:00,9.25,9.25,9.25,9.25,100.0,PDLB
2023-02-07 11:58:00,9.25,9.25,9.2432,9.2432,200.0,PDLB
2023-02-07 11:57:00,9.25,9.25,9.25,9.25,100.0,PDLB
2023-02-07 11:55:00,9.25,9.25,9.25,9.25,100.0,PDLB
2023-02-07 11:54:00,9.25,9.25,9.25,9.25,100.0,PDLB
2023-02-07 11:53:00,9.25,9.25,9.25,9.25,100.0,PDLB
2023-02-07 11:52:00,9.25,9.25,9.25,9.25,100.0,PDLB
2023-02-07 11:51:00,9.25,9.25,9.25,9.25,106.0,PDLB
2023-02-07 11:49:00,9.25,9.25,9.25,9.25,216.0,PDLB
2023-02-07 11:47:00,9.25,9.25,9.2424,9.2424,611.0,PDLB
2023-02-07 11:41:00,9.25,9.25,9.25,9.25,1489.0,PDLB
2023-02-07 11:39:00,9.24,9.24,9.24,9.24,118.0,PDLB
2023-02-07 11:38:00,9.24,9.24,9.24,9.24,200.0,PDLB
2023-02-07 11:36:00,9.2432,9.2432,9.2432,9.2432,100.0,PDLB
2023-02-07 11:34:00,9.25,9.25,9.25,9.25,109.0,PDLB
2023-02-07 11:32:00,9.24,9.24,9.24,9.24,2487.0,PDLB
2023-02-07 11:31:00,9.25,9.25,9.25,9.25,200.0,PDLB
2023-02-07 11:29:00,9.25,9.25,9.25,9.25,100.0,PDLB
2023-02-07 11:28:00,9.25,9.25,9.25,9.25,100.0,PDLB
2023-02-07 11:26:00,9.25,9.25,9.24,9.24,941.0,PDLB
2023-02-07 11:25:00,9.2436,9.25,9.2436,9.25,218.0,PDLB
2023-02-07 11:21:00,9.2599,9.2599,9.2599,9.2599,1016.0,PDLB
2023-02-07 11:17:00,9.24,9.24,9.24,9.24,285.0,PDLB
2023-02-07 11:14:00,9.2436,9.2436,9.2436,9.2436,206.0,PDLB
2023-02-07 11:10:00,9.25,9.25,9.25,9.25,4601.0,PDLB
2023-02-07 11:07:00,9.25,9.25,9.25,9.25,493.0,PDLB
2023-02-07 11:03:00,9.244,9.244,9.244,9.244,105.0,PDLB
2023-02-07 11:01:00,9.25,9.25,9.25,9.25,300.0,PDLB
2023-02-07 10:52:00,9.24,9.24,9.24,9.24,100.0,PDLB
2023-02-07 10:50:00,9.25,9.25,9.25,9.25,100.0,PDLB
2023-02-07 10:48:00,9.25,9.25,9.25,9.25,110.0,PDLB
2023-02-07 10:45:00,9.25,9.25,9.25,9.25,116.0,PDLB
2023-02-07 10:40:00,9.25,9.25,9.24,9.24,200.0,PDLB
2023-02-07 10:29:00,9.24,9.24,9.24,9.24,300.0,PDLB
2023-02-07 10:23:00,9.25,9.25,9.25,9.25,227.0,PDLB
2023-02-07 10:22:00,9.24,9.24,9.24,9.24,1000.0,PDLB
2023-02-07 10:18:00,9.24,9.24,9.24,9.24,112.0,PDLB
2023-02-07 10:09:00,9.24,9.24,9.24,9.24,200.0,PDLB
2023-02-07 10:07:00,9.2533,9.2533,9.24,9.24,550.0,PDLB
2023-02-07 10:04:00,9.255,9.255,9.255,9.255,100.0,PDLB
2023-02-07 10:03:00,9.25,9.25,9.25,9.25,1000.0,PDLB
2023-02-07 10:01:00,9.25,9.25,9.25,9.25,370.0,PDLB
2023-02-07 09:56:00,9.24,9.24,9.24,9.24,100.0,PDLB
2023-02-07 09:52:00,9.25,9.25,9.25,9.25,1000.0,PDLB
2023-02-07 09:49:00,9.25,9.25,9.25,9.25,10000.0,PDLB
2023-02-07 09:48:00,9.25,9.25,9.25,9.25,200.0,PDLB
2023-02-07 09:46:00,9.26,9.26,9.26,9.26,450.0,PDLB
2023-02-07 09:40:00,9.26,9.26,9.26,9.26,1700.0,PDLB
2023-02-07 09:39:00,9.28,9.28,9.28,9.28,270.0,PDLB
2023-02-07 09:38:00,9.27,9.27,9.27,9.27,430.0,PDLB
2023-02-07 09:37:00,9.27,9.27,9.27,9.27,1700.0,PDLB
2023-02-07 09:34:00,9.27,9.27,9.27,9.27,200.0,PDLB
2023-02-07 09:32:00,9.26,9.26,9.26,9.26,288.0,PDLB
2023-02-07 09:31:00,9.29,9.29,9.29,9.29,688.0,PDLB
