date,1. open,2. high,3. low,4. close,5. volume,Ticker
2023-02-23 16:02:00,339.6,339.6,339.6,339.6,146.0,TYL
2023-02-23 16:01:00,339.6,339.6,339.6,339.6,3871.0,TYL
2023-02-23 16:00:00,339.73,339.785,339.5,339.67,12718.0,TYL
2023-02-23 15:59:00,339.84,340.05,339.72,339.72,4075.0,TYL
2023-02-23 15:58:00,340.13,340.14,339.84,339.85,3506.0,TYL
2023-02-23 15:57:00,339.95,340.26,339.95,340.23,1914.0,TYL
2023-02-23 15:56:00,340.02,340.03,339.86,339.86,2309.0,TYL
2023-02-23 15:55:00,339.89,339.98,339.62,339.98,4184.0,TYL
2023-02-23 15:54:00,340.05,340.05,339.87,339.87,1254.0,TYL
2023-02-23 15:53:00,340.23,340.23,340.085,340.085,1112.0,TYL
2023-02-23 15:52:00,340.3,340.3,340.14,340.14,1157.0,TYL
2023-02-23 15:51:00,340.28,340.52,340.28,340.43,2083.0,TYL
2023-02-23 15:50:00,340.15,340.63,340.13,340.63,2249.0,TYL
2023-02-23 15:49:00,340.37,340.45,340.37,340.45,646.0,TYL
2023-02-23 15:48:00,340.27,340.27,340.27,340.27,579.0,TYL
2023-02-23 15:46:00,340.75,340.75,340.61,340.61,1050.0,TYL
2023-02-23 15:44:00,341.125,341.125,341.0,341.04,709.0,TYL
2023-02-23 15:43:00,341.13,341.13,341.02,341.02,361.0,TYL
2023-02-23 15:42:00,341.45,341.46,341.24,341.24,865.0,TYL
2023-02-23 15:41:00,341.74,341.74,341.74,341.74,314.0,TYL
2023-02-23 15:40:00,341.77,341.84,341.44,341.44,4808.0,TYL
2023-02-23 15:38:00,341.43,341.43,341.43,341.43,561.0,TYL
2023-02-23 15:37:00,341.39,341.77,341.39,341.77,6745.0,TYL
2023-02-23 15:36:00,341.18,341.36,341.16,341.36,1042.0,TYL
2023-02-23 15:35:00,341.2199,341.26,341.2199,341.26,953.0,TYL
2023-02-23 15:34:00,341.16,341.16,341.07,341.07,2180.0,TYL
2023-02-23 15:33:00,341.25,341.36,341.25,341.36,835.0,TYL
2023-02-23 15:32:00,341.25,341.29,341.14,341.14,1672.0,TYL
2023-02-23 15:30:00,341.26,341.34,341.26,341.34,922.0,TYL
2023-02-23 15:29:00,340.95,341.19,340.95,341.19,1486.0,TYL
2023-02-23 15:27:00,340.67,340.7,340.65,340.7,736.0,TYL
2023-02-23 15:26:00,341.08,341.14,340.825,340.825,1723.0,TYL
2023-02-23 15:24:00,341.1589,341.1589,341.03,341.03,554.0,TYL
2023-02-23 15:23:00,341.06,341.16,341.06,341.16,712.0,TYL
2023-02-23 15:20:00,341.01,341.02,341.01,341.02,1017.0,TYL
2023-02-23 15:17:00,341.465,341.545,341.24,341.305,1266.0,TYL
2023-02-23 15:16:00,341.58,341.58,341.55,341.55,1646.0,TYL
2023-02-23 15:15:00,341.59,341.68,341.59,341.68,1081.0,TYL
2023-02-23 15:13:00,341.37,341.415,341.37,341.415,883.0,TYL
2023-02-23 15:10:00,341.16,341.16,341.04,341.04,385.0,TYL
2023-02-23 15:09:00,341.21,341.21,341.21,341.21,603.0,TYL
2023-02-23 15:08:00,341.47,341.47,341.47,341.47,146.0,TYL
2023-02-23 15:07:00,341.57,341.57,341.43,341.43,840.0,TYL
2023-02-23 15:04:00,341.0001,341.58,341.0001,341.57,3626.0,TYL
2023-02-23 15:03:00,341.13,341.13,341.13,341.13,837.0,TYL
2023-02-23 15:02:00,340.78,340.78,340.77,340.78,884.0,TYL
2023-02-23 15:00:00,340.32,340.32,340.23,340.23,381.0,TYL
2023-02-23 14:59:00,340.33,340.33,340.24,340.24,858.0,TYL
2023-02-23 14:58:00,340.065,340.065,340.065,340.065,260.0,TYL
2023-02-23 14:57:00,340.24,340.24,339.985,339.985,1050.0,TYL
2023-02-23 14:56:00,340.22,340.22,340.04,340.04,1878.0,TYL
2023-02-23 14:52:00,340.435,340.435,340.435,340.435,153.0,TYL
2023-02-23 14:49:00,340.22,340.425,340.22,340.425,414.0,TYL
2023-02-23 14:48:00,340.435,340.435,340.16,340.16,1309.0,TYL
2023-02-23 14:46:00,340.39,340.39,340.39,340.39,250.0,TYL
2023-02-23 14:43:00,340.37,340.37,340.37,340.37,172.0,TYL
2023-02-23 14:42:00,340.46,340.46,340.46,340.46,110.0,TYL
2023-02-23 14:40:00,339.93,340.54,339.8249,340.45,3807.0,TYL
2023-02-23 14:39:00,339.72,339.875,339.71,339.875,1180.0,TYL
2023-02-23 14:38:00,339.7725,339.7725,339.7725,339.7725,544.0,TYL
2023-02-23 14:35:00,339.89,339.89,339.89,339.89,161.0,TYL
2023-02-23 14:34:00,339.76,339.78,339.76,339.78,328.0,TYL
2023-02-23 14:32:00,339.57,339.745,339.56,339.745,793.0,TYL
2023-02-23 14:29:00,339.715,339.72,339.715,339.72,432.0,TYL
2023-02-23 14:28:00,339.63,339.63,339.61,339.61,589.0,TYL
2023-02-23 14:27:00,339.84,339.84,339.805,339.81,679.0,TYL
2023-02-23 14:26:00,339.77,339.95,339.77,339.935,829.0,TYL
2023-02-23 14:23:00,339.87,339.87,339.83,339.85,1028.0,TYL
2023-02-23 14:22:00,340.045,340.055,340.045,340.055,252.0,TYL
2023-02-23 14:21:00,339.99,339.99,339.99,339.99,413.0,TYL
2023-02-23 14:20:00,340.0,340.23,340.0,340.23,902.0,TYL
2023-02-23 14:19:00,339.77,339.77,339.77,339.77,216.0,TYL
2023-02-23 14:18:00,339.595,340.0,339.595,339.77,875.0,TYL
2023-02-23 14:16:00,339.13,339.33,339.13,339.31,710.0,TYL
2023-02-23 14:15:00,338.71,338.71,338.71,338.71,253.0,TYL
2023-02-23 14:14:00,338.74,338.9199,338.74,338.9199,949.0,TYL
2023-02-23 14:13:00,338.23,338.595,338.23,338.595,1806.0,TYL
2023-02-23 14:12:00,338.11,338.11,338.11,338.11,237.0,TYL
2023-02-23 14:08:00,337.9,338.29,337.9,338.29,766.0,TYL
2023-02-23 14:04:00,337.55,337.55,337.55,337.55,323.0,TYL
2023-02-23 14:02:00,337.67,337.67,337.67,337.67,146.0,TYL
2023-02-23 14:01:00,337.75,337.75,337.57,337.675,1167.0,TYL
2023-02-23 13:59:00,337.8,337.8,337.8,337.8,114.0,TYL
2023-02-23 13:58:00,337.25,337.725,337.25,337.725,1771.0,TYL
2023-02-23 13:57:00,337.12,337.125,336.95,337.01,1505.0,TYL
2023-02-23 13:56:00,336.94,337.12,336.94,337.12,212.0,TYL
2023-02-23 13:55:00,336.98,337.1,336.98,337.1,1143.0,TYL
2023-02-23 13:54:00,336.97,336.97,336.97,336.97,112.0,TYL
2023-02-23 13:45:00,336.93,336.93,336.93,336.93,158.0,TYL
2023-02-23 13:44:00,337.26,337.26,336.75,336.75,1684.0,TYL
2023-02-23 13:43:00,336.91,337.15,336.81,337.15,2164.0,TYL
2023-02-23 13:42:00,336.52,336.52,336.52,336.52,504.0,TYL
2023-02-23 13:41:00,335.9764,336.43,335.9764,336.43,1315.0,TYL
2023-02-23 13:40:00,336.085,336.085,336.085,336.085,122.0,TYL
2023-02-23 13:38:00,335.66,335.66,335.66,335.66,205.0,TYL
2023-02-23 13:36:00,335.615,335.615,335.615,335.615,182.0,TYL
2023-02-23 13:35:00,335.57,335.6,335.45,335.6,843.0,TYL
2023-02-23 13:29:00,335.22,335.53,335.21,335.53,1980.0,TYL
2023-02-23 13:28:00,335.01,335.01,335.01,335.01,132.0,TYL
2023-02-23 13:27:00,335.16,335.16,335.16,335.16,401.0,TYL
2023-02-23 13:20:00,335.54,335.54,335.54,335.54,305.0,TYL
2023-02-23 13:19:00,335.27,335.55,335.27,335.55,842.0,TYL
2023-02-23 13:14:00,335.0,335.1,335.0,335.1,1418.0,TYL
2023-02-23 13:12:00,335.25,335.48,335.085,335.085,1577.0,TYL
2023-02-23 13:10:00,335.23,335.23,335.23,335.23,179.0,TYL
2023-02-23 13:07:00,335.15,335.59,335.15,335.59,453.0,TYL
2023-02-23 13:06:00,335.1775,335.1775,335.1775,335.1775,328.0,TYL
2023-02-23 13:04:00,335.25,335.25,335.21,335.21,463.0,TYL
2023-02-23 13:03:00,335.0,335.145,335.0,335.0,1241.0,TYL
2023-02-23 13:02:00,335.44,335.57,335.11,335.16,2918.0,TYL
2023-02-23 13:01:00,335.02,335.02,335.02,335.02,359.0,TYL
2023-02-23 12:57:00,335.2,335.2,335.2,335.2,304.0,TYL
2023-02-23 12:56:00,335.0,335.0,335.0,335.0,588.0,TYL
2023-02-23 12:55:00,335.24,335.24,335.24,335.24,208.0,TYL
2023-02-23 12:51:00,335.53,335.81,335.53,335.81,1219.0,TYL
2023-02-23 12:49:00,335.04,335.04,335.04,335.04,322.0,TYL
2023-02-23 12:46:00,335.2,335.2,335.2,335.2,454.0,TYL
2023-02-23 12:44:00,334.73,334.75,334.73,334.75,410.0,TYL
2023-02-23 12:42:00,334.66,334.66,334.66,334.66,381.0,TYL
2023-02-23 12:39:00,335.19,335.19,335.19,335.19,127.0,TYL
2023-02-23 12:38:00,335.0,335.05,335.0,335.0,2642.0,TYL
2023-02-23 12:37:00,335.37,335.37,335.37,335.37,244.0,TYL
2023-02-23 12:36:00,335.04,335.115,335.04,335.115,722.0,TYL
2023-02-23 12:35:00,334.95,335.3,334.95,335.3,2198.0,TYL
2023-02-23 12:33:00,334.66,334.66,334.66,334.66,286.0,TYL
2023-02-23 12:32:00,334.5,334.585,334.5,334.5,1357.0,TYL
2023-02-23 12:25:00,334.82,334.82,334.82,334.82,180.0,TYL
2023-02-23 12:24:00,334.98,335.06,334.98,335.06,513.0,TYL
2023-02-23 12:22:00,334.5,334.5,334.5,334.5,987.0,TYL
2023-02-23 12:20:00,334.65,334.65,334.65,334.65,492.0,TYL
2023-02-23 12:19:00,334.77,334.77,334.77,334.77,363.0,TYL
2023-02-23 12:16:00,335.06,335.06,334.536,334.795,389.0,TYL
2023-02-23 12:15:00,334.4624,334.4624,334.4624,334.4624,157.0,TYL
2023-02-23 12:13:00,334.46,334.46,334.46,334.46,273.0,TYL
2023-02-23 12:11:00,334.67,334.6875,334.67,334.6875,438.0,TYL
2023-02-23 12:10:00,334.9,334.95,334.9,334.95,450.0,TYL
2023-02-23 12:09:00,334.66,334.78,334.66,334.78,486.0,TYL
2023-02-23 12:08:00,334.29,334.52,334.29,334.52,2043.0,TYL
2023-02-23 12:07:00,333.97,334.09,333.97,334.09,324.0,TYL
2023-02-23 12:05:00,334.285,334.285,334.285,334.285,136.0,TYL
2023-02-23 12:04:00,334.05,334.05,334.05,334.05,572.0,TYL
2023-02-23 12:03:00,334.1243,334.1243,334.1243,334.1243,241.0,TYL
2023-02-23 11:58:00,334.91,334.91,334.91,334.91,374.0,TYL
2023-02-23 11:51:00,335.82,335.82,335.82,335.82,191.0,TYL
2023-02-23 11:50:00,336.45,336.45,336.01,336.01,1125.0,TYL
2023-02-23 11:48:00,336.08,336.21,336.08,336.205,925.0,TYL
2023-02-23 11:47:00,335.63,335.79,335.63,335.79,1467.0,TYL
2023-02-23 11:44:00,335.0,335.22,335.0,335.22,1185.0,TYL
2023-02-23 11:42:00,335.9,335.9,335.9,335.9,1479.0,TYL
2023-02-23 11:41:00,336.935,336.94,336.935,336.94,25700.0,TYL
2023-02-23 11:40:00,337.0,337.12,337.0,337.12,735.0,TYL
2023-02-23 11:39:00,337.5,337.5,337.25,337.25,2341.0,TYL
2023-02-23 11:38:00,337.5,337.5,337.5,337.5,1219.0,TYL
2023-02-23 11:36:00,337.25,337.25,337.25,337.25,880.0,TYL
2023-02-23 11:34:00,337.52,337.56,337.52,337.56,849.0,TYL
2023-02-23 11:33:00,337.5075,337.65,337.5075,337.65,644.0,TYL
2023-02-23 11:32:00,337.52,337.63,337.52,337.63,381.0,TYL
2023-02-23 11:30:00,336.89,336.89,336.89,336.89,393.0,TYL
2023-02-23 11:29:00,336.55,336.62,336.23,336.62,7919.0,TYL
2023-02-23 11:28:00,336.5,336.5,336.275,336.275,1412.0,TYL
2023-02-23 11:27:00,336.52,336.52,336.5,336.5,771.0,TYL
2023-02-23 11:26:00,336.34,336.74,336.33,336.74,2227.0,TYL
2023-02-23 11:25:00,336.15,336.15,336.15,336.15,214.0,TYL
2023-02-23 11:24:00,336.05,336.05,336.05,336.05,422.0,TYL
2023-02-23 11:23:00,337.0,337.02,336.3,336.3,1933.0,TYL
2023-02-23 11:22:00,337.07,337.07,337.07,337.07,210.0,TYL
2023-02-23 11:21:00,338.0,338.0,337.8,337.8,530.0,TYL
2023-02-23 11:20:00,338.115,338.18,338.0,338.035,3809.0,TYL
2023-02-23 11:19:00,338.24,338.24,338.0,338.0,586.0,TYL
2023-02-23 11:18:00,338.46,338.46,338.46,338.46,515.0,TYL
2023-02-23 11:17:00,338.0,338.23,338.0,338.22,2430.0,TYL
2023-02-23 11:16:00,338.29,338.29,338.23,338.23,349.0,TYL
2023-02-23 11:15:00,338.65,338.65,338.43,338.43,1191.0,TYL
2023-02-23 11:13:00,338.23,338.235,338.23,338.235,591.0,TYL
2023-02-23 11:12:00,338.28,338.28,338.23,338.23,1372.0,TYL
2023-02-23 11:11:00,338.04,338.04,338.04,338.04,218.0,TYL
2023-02-23 11:10:00,338.45,338.49,337.75,337.75,9278.0,TYL
2023-02-23 11:09:00,338.365,338.61,338.24,338.53,4665.0,TYL
2023-02-23 11:07:00,338.37,338.37,338.09,338.18,2468.0,TYL
2023-02-23 11:06:00,338.365,338.365,338.365,338.365,148.0,TYL
2023-02-23 11:04:00,338.365,338.43,338.365,338.43,431.0,TYL
2023-02-23 11:03:00,338.3575,338.3575,338.3575,338.3575,298.0,TYL
2023-02-23 11:02:00,338.21,338.61,338.21,338.395,1239.0,TYL
2023-02-23 11:01:00,337.59,337.59,337.54,337.54,1182.0,TYL
2023-02-23 10:58:00,337.62,337.62,337.62,337.62,285.0,TYL
2023-02-23 10:57:00,337.835,337.835,337.81,337.81,1217.0,TYL
2023-02-23 10:56:00,337.83,337.83,337.83,337.83,237.0,TYL
2023-02-23 10:53:00,338.36,338.38,338.18,338.18,439.0,TYL
2023-02-23 10:51:00,338.175,338.175,338.175,338.175,112.0,TYL
2023-02-23 10:49:00,338.97,338.97,338.97,338.97,251.0,TYL
2023-02-23 10:48:00,339.195,339.195,339.19,339.19,473.0,TYL
2023-02-23 10:47:00,339.225,339.225,339.225,339.225,185.0,TYL
2023-02-23 10:46:00,339.5025,339.585,339.5025,339.585,439.0,TYL
2023-02-23 10:45:00,339.31,339.5225,339.31,339.5225,454.0,TYL
2023-02-23 10:42:00,339.84,339.84,339.79,339.79,850.0,TYL
2023-02-23 10:40:00,340.51,340.51,340.51,340.51,556.0,TYL
2023-02-23 10:39:00,340.63,340.63,340.63,340.63,625.0,TYL
2023-02-23 10:37:00,340.52,340.52,340.52,340.52,251.0,TYL
2023-02-23 10:36:00,340.4,340.4,340.4,340.4,378.0,TYL
2023-02-23 10:34:00,339.98,339.98,339.98,339.98,978.0,TYL
2023-02-23 10:33:00,339.42,339.42,339.405,339.405,794.0,TYL
2023-02-23 10:32:00,339.26,339.34,338.9,339.255,5890.0,TYL
2023-02-23 10:30:00,339.24,339.24,339.24,339.24,112.0,TYL
2023-02-23 10:29:00,339.16,339.16,339.16,339.16,184.0,TYL
2023-02-23 10:27:00,338.89,339.13,338.89,339.13,547.0,TYL
2023-02-23 10:24:00,339.02,339.02,339.02,339.02,349.0,TYL
2023-02-23 10:22:00,338.65,338.67,338.63,338.67,555.0,TYL
2023-02-23 10:21:00,338.945,338.945,338.5,338.5,839.0,TYL
2023-02-23 10:20:00,338.82,338.87,338.49,338.49,1220.0,TYL
2023-02-23 10:17:00,339.08,339.08,339.08,339.08,415.0,TYL
2023-02-23 10:14:00,339.22,339.22,339.22,339.22,302.0,TYL
2023-02-23 10:12:00,338.49,339.14,338.49,339.12,2092.0,TYL
2023-02-23 10:11:00,338.86,338.86,338.86,338.86,155.0,TYL
2023-02-23 10:08:00,338.775,338.89,338.775,338.83,1271.0,TYL
2023-02-23 10:07:00,339.09,339.29,338.78,339.13,2621.0,TYL
2023-02-23 10:05:00,339.05,339.23,338.87,339.09,1216.0,TYL
2023-02-23 10:04:00,338.9475,339.19,338.67,339.19,3420.0,TYL
2023-02-23 10:03:00,339.03,339.22,338.78,338.78,889.0,TYL
2023-02-23 10:00:00,339.7,339.7,339.7,339.7,708.0,TYL
2023-02-23 09:59:00,339.91,339.91,339.91,339.91,178.0,TYL
2023-02-23 09:57:00,340.28,340.28,340.28,340.28,146.0,TYL
2023-02-23 09:56:00,340.56,340.56,340.56,340.56,530.0,TYL
2023-02-23 09:55:00,339.63,340.0,339.63,340.0,453.0,TYL
2023-02-23 09:54:00,338.435,338.435,338.435,338.435,347.0,TYL
2023-02-23 09:53:00,338.43,338.78,338.15,338.78,2286.0,TYL
2023-02-23 09:47:00,338.25,338.59,338.25,338.59,1043.0,TYL
2023-02-23 09:45:00,337.18,337.89,337.18,337.89,889.0,TYL
2023-02-23 09:41:00,338.77,338.77,338.77,338.77,146.0,TYL
2023-02-23 09:39:00,337.19,337.59,337.19,337.59,399.0,TYL
2023-02-23 09:31:00,335.33,337.42,335.33,336.235,1727.0,TYL
2023-02-22 16:01:00,334.59,334.59,334.59,334.59,8028.0,TYL
2023-02-22 16:00:00,334.885,334.885,334.12,334.8,22095.0,TYL
2023-02-22 15:59:00,334.63,335.0,334.515,334.885,5722.0,TYL
2023-02-22 15:58:00,334.6,334.78,334.46,334.534,6166.0,TYL
2023-02-22 15:57:00,334.715,334.715,334.455,334.59,6266.0,TYL
2023-02-22 15:56:00,334.14,334.805,334.14,334.67,4751.0,TYL
2023-02-22 15:55:00,333.97,334.16,333.97,334.025,2944.0,TYL
2023-02-22 15:54:00,333.45,334.17,333.43,334.17,5141.0,TYL
2023-02-22 15:53:00,333.95,333.95,333.33,333.45,2060.0,TYL
2023-02-22 15:52:00,333.87,334.11,333.87,334.11,627.0,TYL
2023-02-22 15:51:00,333.6,333.61,333.18,333.55,6663.0,TYL
2023-02-22 15:50:00,333.76,333.76,333.76,333.76,476.0,TYL
2023-02-22 15:49:00,333.5,333.81,333.5,333.81,1696.0,TYL
2023-02-22 15:48:00,333.665,333.86,333.61,333.61,625.0,TYL
2023-02-22 15:47:00,333.59,333.695,333.59,333.695,917.0,TYL
2023-02-22 15:46:00,333.3,333.4,333.3,333.4,509.0,TYL
2023-02-22 15:45:00,333.38,333.605,333.38,333.605,225.0,TYL
2023-02-22 15:44:00,333.7,333.94,333.7,333.755,2926.0,TYL
2023-02-22 15:43:00,333.71,333.71,333.505,333.69,1383.0,TYL
2023-02-22 15:42:00,333.79,334.1,333.715,334.1,12514.0,TYL
2023-02-22 15:41:00,334.0,334.0,333.7,333.7,2624.0,TYL
2023-02-22 15:39:00,334.0,334.0,334.0,334.0,554.0,TYL
2023-02-22 15:38:00,334.5,334.5,334.12,334.12,1021.0,TYL
2023-02-22 15:37:00,334.82,334.82,334.515,334.515,212.0,TYL
2023-02-22 15:36:00,334.81,334.81,334.67,334.67,1053.0,TYL
2023-02-22 15:35:00,334.215,334.96,334.215,334.96,2404.0,TYL
2023-02-22 15:34:00,334.445,334.445,334.445,334.445,289.0,TYL
2023-02-22 15:33:00,334.69,334.69,334.52,334.52,2006.0,TYL
2023-02-22 15:32:00,334.53,334.675,334.53,334.675,310.0,TYL
2023-02-22 15:31:00,334.83,335.2,334.65,335.2,10990.0,TYL
2023-02-22 15:29:00,335.05,335.05,334.54,334.86,5658.0,TYL
2023-02-22 15:28:00,335.12,335.275,335.12,335.275,575.0,TYL
2023-02-22 15:27:00,335.55,335.55,335.4425,335.4425,641.0,TYL
2023-02-22 15:26:00,335.62,335.62,335.535,335.54,1737.0,TYL
2023-02-22 15:25:00,335.62,335.62,335.48,335.48,337.0,TYL
2023-02-22 15:24:00,334.73,335.53,334.73,335.53,2308.0,TYL
2023-02-22 15:23:00,334.55,334.87,334.55,334.87,2626.0,TYL
2023-02-22 15:22:00,334.765,334.765,334.765,334.765,167.0,TYL
2023-02-22 15:21:00,334.6,334.6,334.6,334.6,214.0,TYL
2023-02-22 15:20:00,334.68,334.68,334.68,334.68,375.0,TYL
2023-02-22 15:19:00,334.61,335.0,334.61,335.0,3096.0,TYL
2023-02-22 15:18:00,334.55,334.72,334.38,334.38,1564.0,TYL
2023-02-22 15:17:00,334.71,334.71,334.55,334.55,249.0,TYL
2023-02-22 15:16:00,334.25,334.53,334.12,334.53,783.0,TYL
2023-02-22 15:15:00,334.405,334.405,334.405,334.405,274.0,TYL
2023-02-22 15:14:00,334.2,334.2,334.2,334.2,161.0,TYL
2023-02-22 15:13:00,334.79,334.79,334.79,334.79,234.0,TYL
2023-02-22 15:12:00,334.46,334.96,334.46,334.96,2216.0,TYL
2023-02-22 15:11:00,334.78,334.78,334.78,334.78,504.0,TYL
2023-02-22 15:09:00,334.43,334.43,334.43,334.43,550.0,TYL
2023-02-22 15:08:00,334.4,334.4,334.4,334.4,156.0,TYL
2023-02-22 15:07:00,334.26,334.26,334.06,334.06,291.0,TYL
2023-02-22 15:06:00,334.74,334.74,334.44,334.44,1113.0,TYL
2023-02-22 15:05:00,334.66,334.66,334.455,334.455,323.0,TYL
2023-02-22 15:04:00,334.56,334.56,334.56,334.56,220.0,TYL
2023-02-22 15:03:00,334.56,334.56,334.56,334.56,333.0,TYL
2023-02-22 15:02:00,334.5,334.56,334.24,334.24,1448.0,TYL
2023-02-22 15:01:00,333.89,334.43,333.89,334.43,1826.0,TYL
2023-02-22 15:00:00,334.34,334.34,333.75,334.09,1207.0,TYL
2023-02-22 14:59:00,334.31,334.81,334.25,334.25,2685.0,TYL
2023-02-22 14:57:00,334.1,334.1,334.1,334.1,429.0,TYL
2023-02-22 14:56:00,334.29,334.36,334.1,334.1,1207.0,TYL
2023-02-22 14:53:00,335.2,335.2,335.2,335.2,147.0,TYL
2023-02-22 14:51:00,335.5,335.5,335.5,335.5,649.0,TYL
2023-02-22 14:49:00,335.3075,335.3075,335.3075,335.3075,245.0,TYL
2023-02-22 14:48:00,335.34,335.51,335.34,335.51,519.0,TYL
2023-02-22 14:47:00,334.79,334.79,334.56,334.56,857.0,TYL
2023-02-22 14:45:00,334.77,334.77,334.77,334.77,170.0,TYL
2023-02-22 14:43:00,334.76,334.76,334.76,334.76,393.0,TYL
2023-02-22 14:39:00,334.77,335.14,334.77,335.14,3072.0,TYL
2023-02-22 14:38:00,334.7,334.9,334.7,334.9,684.0,TYL
2023-02-22 14:35:00,333.99,333.99,333.99,333.99,164.0,TYL
2023-02-22 14:34:00,334.47,334.53,334.47,334.53,747.0,TYL
2023-02-22 14:33:00,334.67,334.67,334.21,334.21,1945.0,TYL
2023-02-22 14:31:00,334.9189,334.9189,334.69,334.69,595.0,TYL
2023-02-22 14:26:00,335.035,335.035,334.47,334.47,472.0,TYL
2023-02-22 14:25:00,334.62,334.62,334.62,334.62,213.0,TYL
2023-02-22 14:24:00,335.78,335.875,335.4218,335.4218,642.0,TYL
2023-02-22 14:23:00,335.86,335.86,335.86,335.86,130.0,TYL
2023-02-22 14:22:00,336.06,336.06,336.005,336.005,312.0,TYL
2023-02-22 14:21:00,335.98,336.05,335.897,336.05,914.0,TYL
2023-02-22 14:19:00,335.37,335.57,335.04,335.57,1513.0,TYL
2023-02-22 14:18:00,334.77,334.95,334.77,334.86,705.0,TYL
2023-02-22 14:17:00,334.555,334.65,334.38,334.65,447.0,TYL
2023-02-22 14:16:00,335.45,335.45,335.0,335.0,601.0,TYL
2023-02-22 14:15:00,335.44,335.59,335.44,335.59,267.0,TYL
2023-02-22 14:12:00,335.6,335.6,335.6,335.6,480.0,TYL
2023-02-22 14:11:00,336.03,336.11,336.03,336.11,1093.0,TYL
2023-02-22 14:10:00,335.67,335.67,335.67,335.67,363.0,TYL
2023-02-22 14:09:00,335.21,335.54,335.21,335.54,764.0,TYL
2023-02-22 14:07:00,336.02,336.02,336.01,336.01,370.0,TYL
2023-02-22 14:05:00,335.44,336.09,335.44,335.65,902.0,TYL
2023-02-22 14:03:00,334.81,334.81,334.81,334.81,341.0,TYL
2023-02-22 14:02:00,335.635,335.635,335.635,335.635,331.0,TYL
2023-02-22 14:01:00,335.24,335.24,335.24,335.24,824.0,TYL
2023-02-22 13:57:00,336.02,336.08,336.02,336.08,209.0,TYL
2023-02-22 13:54:00,336.245,336.245,335.95,335.95,448.0,TYL
2023-02-22 13:52:00,336.44,336.44,336.44,336.44,299.0,TYL
2023-02-22 13:51:00,336.57,336.835,336.57,336.835,226.0,TYL
2023-02-22 13:48:00,336.54,336.54,336.54,336.54,311.0,TYL
2023-02-22 13:42:00,337.01,337.4,336.76,336.885,1850.0,TYL
2023-02-22 13:40:00,336.79,336.79,336.79,336.79,405.0,TYL
2023-02-22 13:37:00,336.27,336.27,336.27,336.27,120.0,TYL
2023-02-22 13:36:00,336.37,336.425,336.37,336.425,501.0,TYL
2023-02-22 13:35:00,336.49,336.635,336.49,336.635,956.0,TYL
2023-02-22 13:33:00,336.14,336.14,336.09,336.09,899.0,TYL
2023-02-22 13:32:00,336.33,336.33,336.14,336.28,2068.0,TYL
2023-02-22 13:31:00,336.22,336.46,336.22,336.46,2498.0,TYL
2023-02-22 13:30:00,336.215,336.215,336.215,336.215,196.0,TYL
2023-02-22 13:29:00,335.96,336.14,335.96,336.13,820.0,TYL
2023-02-22 13:27:00,336.0,336.0,336.0,336.0,235.0,TYL
2023-02-22 13:13:00,335.49,335.49,335.49,335.49,105.0,TYL
2023-02-22 13:09:00,335.7024,335.7024,335.7024,335.7024,159.0,TYL
2023-02-22 13:08:00,335.61,335.61,335.44,335.44,425.0,TYL
2023-02-22 13:07:00,335.79,335.79,335.79,335.79,297.0,TYL
2023-02-22 13:05:00,335.69,335.69,335.59,335.59,583.0,TYL
2023-02-22 13:04:00,335.53,335.53,335.53,335.53,399.0,TYL
2023-02-22 13:00:00,335.74,335.77,335.74,335.77,567.0,TYL
2023-02-22 12:58:00,335.275,335.275,335.275,335.275,193.0,TYL
2023-02-22 12:57:00,335.43,335.43,335.43,335.43,441.0,TYL
2023-02-22 12:52:00,335.29,335.39,335.29,335.39,835.0,TYL
2023-02-22 12:48:00,335.38,335.38,335.38,335.38,469.0,TYL
2023-02-22 12:47:00,335.42,335.69,335.42,335.69,1751.0,TYL
2023-02-22 12:46:00,335.46,335.46,335.46,335.46,136.0,TYL
2023-02-22 12:43:00,335.44,335.44,335.44,335.44,451.0,TYL
2023-02-22 12:41:00,335.23,335.23,335.23,335.23,207.0,TYL
2023-02-22 12:40:00,334.97,334.97,334.97,334.97,871.0,TYL
2023-02-22 12:39:00,334.79,335.15,334.79,335.13,4121.0,TYL
2023-02-22 12:37:00,334.6557,334.6557,334.6557,334.6557,888.0,TYL
2023-02-22 12:27:00,335.35,335.35,335.13,335.19,1053.0,TYL
2023-02-22 12:23:00,335.53,335.53,335.42,335.42,1012.0,TYL
2023-02-22 12:20:00,335.26,335.33,335.04,335.33,1093.0,TYL
2023-02-22 12:19:00,334.87,334.9,334.87,334.9,633.0,TYL
2023-02-22 12:15:00,334.19,334.46,334.19,334.46,1764.0,TYL
2023-02-22 12:13:00,333.97,333.97,333.97,333.97,119.0,TYL
2023-02-22 12:10:00,334.26,334.26,334.0,334.0,525.0,TYL
2023-02-22 12:09:00,334.16,334.16,334.13,334.13,679.0,TYL
2023-02-22 12:06:00,334.22,334.22,334.22,334.22,424.0,TYL
2023-02-22 12:05:00,334.01,334.01,334.01,334.01,112.0,TYL
2023-02-22 12:04:00,333.84,333.91,333.82,333.91,772.0,TYL
2023-02-22 12:01:00,333.97,333.97,333.97,333.97,120.0,TYL
2023-02-22 12:00:00,333.99,333.99,333.99,333.99,432.0,TYL
2023-02-22 11:58:00,333.745,333.745,333.745,333.745,159.0,TYL
2023-02-22 11:54:00,334.1,334.315,333.87,333.87,866.0,TYL
2023-02-22 11:53:00,334.25,334.25,334.25,334.25,889.0,TYL
2023-02-22 11:52:00,333.49,333.72,333.49,333.71,1082.0,TYL
2023-02-22 11:50:00,333.27,333.27,333.22,333.23,1412.0,TYL
2023-02-22 11:49:00,333.14,333.14,333.14,333.14,164.0,TYL
2023-02-22 11:43:00,333.39,333.39,333.39,333.39,365.0,TYL
2023-02-22 11:42:00,333.38,333.53,333.38,333.53,1203.0,TYL
2023-02-22 11:39:00,333.75,333.75,333.41,333.41,660.0,TYL
2023-02-22 11:37:00,333.895,333.895,333.895,333.895,384.0,TYL
2023-02-22 11:36:00,334.46,334.53,334.24,334.24,1434.0,TYL
2023-02-22 11:33:00,334.03,334.42,334.03,334.42,616.0,TYL
2023-02-22 11:32:00,333.8,333.8,333.8,333.8,358.0,TYL
2023-02-22 11:30:00,333.3,333.79,333.02,333.54,2437.0,TYL
2023-02-22 11:27:00,333.13,333.2,333.13,333.2,627.0,TYL
2023-02-22 11:25:00,333.56,333.6,333.35,333.35,659.0,TYL
2023-02-22 11:24:00,333.5,333.755,333.5,333.755,1552.0,TYL
2023-02-22 11:23:00,333.1,333.32,333.1,333.32,976.0,TYL
2023-02-22 11:20:00,333.085,333.13,332.92,333.13,2848.0,TYL
2023-02-22 11:18:00,332.95,332.95,332.95,332.95,213.0,TYL
2023-02-22 11:17:00,332.86,332.86,332.86,332.86,202.0,TYL
2023-02-22 11:16:00,332.755,332.755,332.755,332.755,190.0,TYL
2023-02-22 11:15:00,332.92,332.92,332.815,332.815,701.0,TYL
2023-02-22 11:13:00,333.12,333.12,333.12,333.12,396.0,TYL
2023-02-22 11:11:00,333.42,333.4425,333.42,333.4425,206.0,TYL
2023-02-22 11:07:00,334.42,334.42,333.75,333.75,1682.0,TYL
2023-02-22 11:03:00,334.47,334.47,334.47,334.47,147.0,TYL
2023-02-22 10:59:00,334.365,334.365,334.365,334.365,220.0,TYL
2023-02-22 10:58:00,334.535,334.535,334.41,334.41,605.0,TYL
2023-02-22 10:57:00,333.68,334.31,333.68,334.31,1219.0,TYL
2023-02-22 10:56:00,333.51,333.69,333.36,333.69,876.0,TYL
2023-02-22 10:52:00,333.11,333.11,333.11,333.11,253.0,TYL
2023-02-22 10:51:00,332.92,333.03,332.92,333.03,672.0,TYL
2023-02-22 10:48:00,332.635,332.635,332.455,332.455,347.0,TYL
2023-02-22 10:47:00,332.33,332.33,332.31,332.31,237.0,TYL
2023-02-22 10:42:00,331.65,331.65,331.65,331.65,165.0,TYL
2023-02-22 10:39:00,330.9514,330.9514,330.9514,330.9514,345.0,TYL
2023-02-22 10:37:00,330.92,331.08,330.92,331.08,721.0,TYL
2023-02-22 10:36:00,330.71,330.71,330.71,330.71,461.0,TYL
2023-02-22 10:34:00,330.85,330.9,330.85,330.9,587.0,TYL
2023-02-22 10:33:00,330.79,330.79,330.6,330.79,611.0,TYL
2023-02-22 10:31:00,330.72,330.72,330.72,330.72,500.0,TYL
2023-02-22 10:30:00,330.96,330.96,330.96,330.96,264.0,TYL
2023-02-22 10:28:00,331.56,331.56,331.56,331.56,389.0,TYL
2023-02-22 10:27:00,331.82,331.82,331.82,331.82,155.0,TYL
2023-02-22 10:21:00,331.34,331.5,331.34,331.5,1160.0,TYL
2023-02-22 10:19:00,331.26,331.26,331.26,331.26,194.0,TYL
2023-02-22 10:16:00,331.75,331.86,331.75,331.78,986.0,TYL
2023-02-22 10:12:00,331.48,331.48,331.48,331.48,200.0,TYL
2023-02-22 10:11:00,332.27,332.41,332.24,332.41,816.0,TYL
2023-02-22 10:08:00,332.89,332.89,332.77,332.77,751.0,TYL
2023-02-22 10:03:00,334.01,334.01,333.29,333.29,1077.0,TYL
2023-02-22 10:02:00,334.43,334.43,334.43,334.43,375.0,TYL
2023-02-22 10:01:00,334.39,334.39,333.85,333.85,863.0,TYL
2023-02-22 10:00:00,335.13,335.29,335.13,335.29,779.0,TYL
2023-02-22 09:57:00,335.205,335.205,335.205,335.205,336.0,TYL
2023-02-22 09:55:00,335.19,335.19,335.19,335.19,415.0,TYL
2023-02-22 09:54:00,335.63,335.655,335.63,335.655,453.0,TYL
2023-02-22 09:52:00,335.46,336.06,335.46,336.06,654.0,TYL
2023-02-22 09:51:00,335.97,335.97,335.31,335.31,799.0,TYL
2023-02-22 09:41:00,335.12,335.12,335.12,335.12,147.0,TYL
2023-02-22 09:37:00,334.97,334.97,334.97,334.97,113.0,TYL
2023-02-22 09:31:00,335.69,336.55,335.69,336.55,1724.0,TYL
2023-02-21 16:12:00,333.26,333.26,333.26,333.26,275.0,TYL
2023-02-21 16:03:00,333.26,333.26,333.26,333.26,123.0,TYL
2023-02-21 16:02:00,333.26,333.26,333.26,333.26,703.0,TYL
2023-02-21 16:01:00,333.26,333.26,333.26,333.26,6684.0,TYL
2023-02-21 16:00:00,333.94,334.03,333.26,333.55,21068.0,TYL
2023-02-21 15:59:00,333.8,334.06,333.79,334.06,7096.0,TYL
2023-02-21 15:58:00,334.01,334.01,333.785,333.785,3239.0,TYL
2023-02-21 15:57:00,333.785,334.05,333.76,333.99,5527.0,TYL
2023-02-21 15:56:00,333.985,334.03,333.92,333.98,2629.0,TYL
2023-02-21 15:55:00,333.91,334.33,333.91,334.005,4588.0,TYL
2023-02-21 15:54:00,334.12,334.32,333.705,333.73,6575.0,TYL
2023-02-21 15:53:00,334.5,334.5,334.12,334.135,4333.0,TYL
2023-02-21 15:52:00,334.695,334.88,334.47,334.675,2958.0,TYL
2023-02-21 15:51:00,334.825,334.825,334.825,334.825,1152.0,TYL
2023-02-21 15:50:00,335.49,335.52,335.27,335.27,2269.0,TYL
2023-02-21 15:49:00,335.03,335.33,335.03,335.33,1933.0,TYL
2023-02-21 15:48:00,335.13,335.13,334.88,334.88,1420.0,TYL
2023-02-21 15:47:00,334.91,335.045,334.91,334.91,1078.0,TYL
2023-02-21 15:46:00,334.8875,334.8875,334.8875,334.8875,1057.0,TYL
2023-02-21 15:45:00,334.79,335.04,334.79,335.04,598.0,TYL
2023-02-21 15:44:00,334.64,334.87,334.64,334.87,1336.0,TYL
2023-02-21 15:43:00,334.42,334.42,334.42,334.42,997.0,TYL
2023-02-21 15:42:00,334.35,334.35,334.23,334.26,677.0,TYL
2023-02-21 15:41:00,334.34,334.34,334.24,334.24,1038.0,TYL
2023-02-21 15:40:00,334.14,334.29,334.04,334.29,564.0,TYL
2023-02-21 15:39:00,334.38,334.38,334.38,334.38,436.0,TYL
2023-02-21 15:38:00,334.5,334.525,334.5,334.525,446.0,TYL
2023-02-21 15:37:00,334.885,334.885,334.495,334.53,1616.0,TYL
2023-02-21 15:36:00,334.88,334.88,334.88,334.88,388.0,TYL
2023-02-21 15:35:00,334.855,334.86,334.72,334.86,546.0,TYL
2023-02-21 15:33:00,334.7,334.87,334.7,334.85,2504.0,TYL
2023-02-21 15:32:00,334.525,334.55,334.525,334.55,466.0,TYL
2023-02-21 15:31:00,334.53,334.53,334.53,334.53,349.0,TYL
2023-02-21 15:30:00,334.14,334.54,334.1325,334.54,2330.0,TYL
2023-02-21 15:29:00,334.28,334.28,334.26,334.26,448.0,TYL
2023-02-21 15:28:00,334.335,334.335,334.105,334.22,1069.0,TYL
2023-02-21 15:27:00,334.565,334.565,334.44,334.54,495.0,TYL
2023-02-21 15:26:00,334.71,334.71,334.49,334.59,1173.0,TYL
2023-02-21 15:25:00,334.72,334.72,334.72,334.72,148.0,TYL
2023-02-21 15:23:00,334.64,334.69,334.64,334.65,1238.0,TYL
2023-02-21 15:22:00,334.265,334.45,334.265,334.45,1301.0,TYL
2023-02-21 15:21:00,334.27,334.27,334.27,334.27,319.0,TYL
2023-02-21 15:20:00,334.42,334.435,334.42,334.43,547.0,TYL
2023-02-21 15:18:00,334.52,334.52,334.52,334.52,275.0,TYL
2023-02-21 15:17:00,334.785,334.785,334.605,334.605,585.0,TYL
2023-02-21 15:15:00,334.87,335.085,334.87,335.025,2681.0,TYL
2023-02-21 15:14:00,334.815,334.815,334.8,334.8,1715.0,TYL
2023-02-21 15:13:00,334.34,334.87,334.34,334.835,1759.0,TYL
2023-02-21 15:11:00,334.15,334.15,334.14,334.14,725.0,TYL
2023-02-21 15:10:00,334.14,334.26,334.12,334.26,908.0,TYL
2023-02-21 15:08:00,334.26,334.485,334.26,334.485,1182.0,TYL
2023-02-21 15:07:00,334.87,334.87,334.47,334.63,824.0,TYL
2023-02-21 15:06:00,335.085,335.085,335.0,335.01,623.0,TYL
2023-02-21 15:05:00,334.855,335.0625,334.8,335.0625,1288.0,TYL
2023-02-21 15:03:00,334.74,334.87,334.72,334.755,2212.0,TYL
2023-02-21 15:02:00,334.7025,334.7025,334.55,334.59,869.0,TYL
2023-02-21 15:01:00,334.72,334.78,334.72,334.78,461.0,TYL
2023-02-21 15:00:00,334.63,334.63,334.63,334.63,463.0,TYL
2023-02-21 14:58:00,334.605,334.66,334.41,334.41,786.0,TYL
2023-02-21 14:57:00,335.045,335.045,334.77,334.8,811.0,TYL
2023-02-21 14:53:00,335.11,335.11,335.11,335.11,136.0,TYL
2023-02-21 14:48:00,335.505,335.505,335.505,335.505,247.0,TYL
2023-02-21 14:47:00,335.505,335.505,335.505,335.505,102.0,TYL
2023-02-21 14:44:00,335.51,335.51,335.51,335.51,708.0,TYL
2023-02-21 14:43:00,335.1,335.44,335.1,335.44,1902.0,TYL
2023-02-21 14:40:00,335.47,335.47,335.47,335.47,211.0,TYL
2023-02-21 14:37:00,335.555,335.555,335.555,335.555,714.0,TYL
2023-02-21 14:36:00,336.05,336.14,336.05,336.065,944.0,TYL
2023-02-21 14:35:00,336.025,336.025,336.025,336.025,156.0,TYL
2023-02-21 14:33:00,336.1,336.1,336.1,336.1,262.0,TYL
2023-02-21 14:32:00,335.65,335.98,335.4792,335.98,1471.0,TYL
2023-02-21 14:31:00,335.74,335.74,335.465,335.465,502.0,TYL
2023-02-21 14:30:00,335.5,335.7,335.47,335.7,612.0,TYL
2023-02-21 14:29:00,335.65,335.79,335.65,335.735,1153.0,TYL
2023-02-21 14:28:00,335.6,336.04,335.6,335.77,1857.0,TYL
2023-02-21 14:27:00,335.48,335.48,335.48,335.48,646.0,TYL
2023-02-21 14:26:00,335.06,335.26,335.06,335.26,881.0,TYL
2023-02-21 14:25:00,335.055,335.26,335.05,335.26,367.0,TYL
2023-02-21 14:24:00,335.07,335.07,335.07,335.07,428.0,TYL
2023-02-21 14:22:00,334.64,335.0,334.64,335.0,1615.0,TYL
2023-02-21 14:20:00,334.63,334.71,334.49,334.71,591.0,TYL
2023-02-21 14:18:00,334.79,334.79,334.79,334.79,560.0,TYL
2023-02-21 14:16:00,334.66,334.66,334.66,334.66,559.0,TYL
2023-02-21 14:14:00,334.47,334.47,334.47,334.47,803.0,TYL
2023-02-21 14:09:00,334.6,334.6,334.6,334.6,437.0,TYL
2023-02-21 14:08:00,334.645,334.74,334.63,334.63,1057.0,TYL
2023-02-21 14:06:00,334.42,334.67,334.42,334.67,586.0,TYL
2023-02-21 14:05:00,334.325,334.325,334.325,334.325,160.0,TYL
2023-02-21 14:03:00,334.32,334.32,334.32,334.32,255.0,TYL
2023-02-21 14:01:00,334.12,334.41,333.98,334.38,2313.0,TYL
2023-02-21 14:00:00,334.12,334.12,334.12,334.12,201.0,TYL
2023-02-21 13:59:00,334.0,334.0,334.0,334.0,500.0,TYL
2023-02-21 13:58:00,333.71,333.79,333.71,333.78,807.0,TYL
2023-02-21 13:57:00,333.21,333.71,333.21,333.71,3855.0,TYL
2023-02-21 13:56:00,333.5,333.5,333.5,333.5,222.0,TYL
2023-02-21 13:55:00,333.335,333.335,333.335,333.335,178.0,TYL
2023-02-21 13:53:00,332.99,333.3,332.99,333.115,2046.0,TYL
2023-02-21 13:51:00,332.965,332.965,332.965,332.965,122.0,TYL
2023-02-21 13:50:00,332.58,332.58,332.58,332.58,128.0,TYL
2023-02-21 13:49:00,333.065,333.065,333.065,333.065,208.0,TYL
2023-02-21 13:47:00,333.32,333.32,332.89,333.02,593.0,TYL
2023-02-21 13:46:00,333.36,333.555,333.36,333.53,852.0,TYL
2023-02-21 13:44:00,333.51,333.51,333.51,333.51,252.0,TYL
2023-02-21 13:43:00,333.995,333.995,333.995,333.995,169.0,TYL
2023-02-21 13:41:00,334.34,334.36,334.175,334.175,1244.0,TYL
2023-02-21 13:40:00,334.975,334.975,334.975,334.975,470.0,TYL
2023-02-21 13:39:00,335.46,335.46,334.95,334.975,2777.0,TYL
2023-02-21 13:38:00,335.435,335.46,335.38,335.4,1159.0,TYL
2023-02-21 13:37:00,335.5,335.52,335.425,335.5,1645.0,TYL
2023-02-21 13:36:00,335.545,335.545,335.35,335.4,1653.0,TYL
2023-02-21 13:35:00,335.5,335.545,335.36,335.545,1366.0,TYL
2023-02-21 13:34:00,335.415,335.5,335.415,335.5,559.0,TYL
2023-02-21 13:33:00,335.585,335.585,335.33,335.33,808.0,TYL
2023-02-21 13:32:00,335.585,335.585,335.585,335.585,114.0,TYL
2023-02-21 13:29:00,335.48,335.48,335.48,335.48,110.0,TYL
2023-02-21 13:28:00,335.39,335.48,335.39,335.48,946.0,TYL
2023-02-21 13:27:00,335.555,335.555,335.555,335.555,288.0,TYL
2023-02-21 13:23:00,335.66,335.705,335.62,335.62,731.0,TYL
2023-02-21 13:21:00,335.52,335.535,335.52,335.535,519.0,TYL
2023-02-21 13:20:00,335.34,335.5,335.34,335.5,472.0,TYL
2023-02-21 13:19:00,335.44,335.44,335.44,335.44,269.0,TYL
2023-02-21 13:17:00,335.415,335.415,335.41,335.415,465.0,TYL
2023-02-21 13:16:00,335.42,335.4499,335.42,335.4499,811.0,TYL
2023-02-21 13:15:00,335.25,335.25,335.25,335.25,104.0,TYL
2023-02-21 13:14:00,335.25,335.25,335.165,335.165,447.0,TYL
2023-02-21 13:12:00,335.09,335.38,335.09,335.375,2398.0,TYL
2023-02-21 13:11:00,334.985,335.03,334.8,334.955,3055.0,TYL
2023-02-21 13:10:00,334.995,334.995,334.995,334.995,365.0,TYL
2023-02-21 13:09:00,334.8,334.8,334.8,334.8,208.0,TYL
2023-02-21 13:08:00,335.4,335.4,335.19,335.19,543.0,TYL
2023-02-21 13:07:00,335.405,335.405,335.405,335.405,126.0,TYL
2023-02-21 13:06:00,335.535,335.535,335.535,335.535,370.0,TYL
2023-02-21 13:00:00,335.58,335.58,335.58,335.58,115.0,TYL
2023-02-21 12:59:00,335.97,335.97,335.97,335.97,1668.0,TYL
2023-02-21 12:57:00,336.07,336.07,336.07,336.07,143.0,TYL
2023-02-21 12:54:00,335.83,336.13,335.83,336.13,1225.0,TYL
2023-02-21 12:51:00,335.74,335.76,335.735,335.74,1093.0,TYL
2023-02-21 12:50:00,335.495,335.495,335.495,335.495,342.0,TYL
2023-02-21 12:49:00,335.455,335.455,335.455,335.455,265.0,TYL
2023-02-21 12:47:00,335.465,335.465,335.465,335.465,144.0,TYL
2023-02-21 12:43:00,335.47,335.47,335.2,335.2,630.0,TYL
2023-02-21 12:42:00,335.615,335.615,335.615,335.615,444.0,TYL
2023-02-21 12:41:00,335.51,335.65,335.51,335.65,774.0,TYL
2023-02-21 12:40:00,335.23,335.39,335.23,335.39,840.0,TYL
2023-02-21 12:39:00,334.855,334.855,334.855,334.855,192.0,TYL
2023-02-21 12:38:00,334.93,334.93,334.73,334.9,1402.0,TYL
2023-02-21 12:37:00,334.9708,334.9708,334.9708,334.9708,255.0,TYL
2023-02-21 12:35:00,334.815,335.0,334.815,335.0,4781.0,TYL
2023-02-21 12:34:00,335.0,335.0,334.82,334.82,795.0,TYL
2023-02-21 12:33:00,335.02,335.02,335.0,335.0,2752.0,TYL
2023-02-21 12:32:00,334.825,335.36,334.825,335.265,2331.0,TYL
2023-02-21 12:31:00,334.825,334.825,334.825,334.825,183.0,TYL
2023-02-21 12:29:00,334.8869,334.8869,334.8869,334.8869,383.0,TYL
2023-02-21 12:27:00,335.25,335.25,335.25,335.25,369.0,TYL
2023-02-21 12:24:00,336.5,336.5,336.35,336.35,629.0,TYL
2023-02-21 12:23:00,336.715,336.715,336.715,336.715,232.0,TYL
2023-02-21 12:22:00,336.88,336.88,336.86,336.86,313.0,TYL
2023-02-21 12:21:00,337.025,337.025,337.025,337.025,110.0,TYL
2023-02-21 12:20:00,337.2394,337.2394,336.7,336.7,941.0,TYL
2023-02-21 12:16:00,337.66,337.66,337.66,337.66,387.0,TYL
2023-02-21 12:14:00,337.61,337.73,337.61,337.73,257.0,TYL
2023-02-21 12:13:00,338.055,338.055,337.78,337.94,420.0,TYL
2023-02-21 12:12:00,338.14,338.14,338.14,338.14,183.0,TYL
2023-02-21 12:10:00,338.0,338.0,338.0,338.0,927.0,TYL
2023-02-21 12:04:00,338.42,338.42,338.42,338.42,137.0,TYL
2023-02-21 12:03:00,338.375,338.375,338.375,338.375,201.0,TYL
2023-02-21 11:58:00,338.495,338.495,338.495,338.495,147.0,TYL
2023-02-21 11:57:00,338.77,338.77,338.77,338.77,297.0,TYL
2023-02-21 11:56:00,339.445,339.445,339.16,339.16,1022.0,TYL
2023-02-21 11:54:00,339.56,339.56,339.56,339.56,280.0,TYL
2023-02-21 11:53:00,339.71,339.71,339.71,339.71,330.0,TYL
2023-02-21 11:52:00,340.18,340.18,339.96,339.975,478.0,TYL
2023-02-21 11:51:00,340.325,340.33,340.32,340.33,1243.0,TYL
2023-02-21 11:50:00,340.395,340.4,340.08,340.08,1500.0,TYL
2023-02-21 11:49:00,340.2722,340.2722,340.2722,340.2722,216.0,TYL
2023-02-21 11:48:00,340.28,340.33,340.28,340.33,1034.0,TYL
2023-02-21 11:47:00,339.28,339.95,339.28,339.93,3873.0,TYL
2023-02-21 11:44:00,339.48,339.53,339.48,339.53,201.0,TYL
2023-02-21 11:43:00,339.33,339.59,339.33,339.59,1125.0,TYL
2023-02-21 11:42:00,339.18,339.21,339.18,339.21,469.0,TYL
2023-02-21 11:41:00,338.83,339.0,338.82,338.99,1364.0,TYL
2023-02-21 11:40:00,339.245,339.245,339.245,339.245,200.0,TYL
2023-02-21 11:39:00,339.37,339.37,339.29,339.29,294.0,TYL
2023-02-21 11:38:00,339.28,339.5,339.26,339.5,3321.0,TYL
2023-02-21 11:37:00,339.17,339.17,339.17,339.17,251.0,TYL
2023-02-21 11:36:00,339.19,339.32,339.17,339.17,1169.0,TYL
2023-02-21 11:35:00,338.895,338.895,338.895,338.895,314.0,TYL
2023-02-21 11:32:00,338.935,338.935,338.93,338.93,439.0,TYL
2023-02-21 11:31:00,338.91,339.2,338.91,339.07,849.0,TYL
2023-02-21 11:30:00,338.6,338.6,338.6,338.6,327.0,TYL
2023-02-21 11:29:00,339.095,339.095,338.81,338.81,1175.0,TYL
2023-02-21 11:28:00,339.25,339.25,339.25,339.25,257.0,TYL
2023-02-21 11:27:00,339.18,339.18,338.78,338.945,10830.0,TYL
2023-02-21 11:26:00,339.13,339.13,339.13,339.13,363.0,TYL
2023-02-21 11:25:00,338.76,339.01,338.755,338.86,1490.0,TYL
2023-02-21 11:24:00,338.86,338.86,338.86,338.86,631.0,TYL
2023-02-21 11:21:00,338.66,338.86,338.66,338.75,1642.0,TYL
2023-02-21 11:20:00,338.72,338.72,338.465,338.5253,1170.0,TYL
2023-02-21 11:18:00,338.46,338.5,338.46,338.5,402.0,TYL
2023-02-21 11:16:00,338.33,338.52,337.98,337.98,2972.0,TYL
2023-02-21 11:13:00,337.405,338.13,337.405,337.87,3553.0,TYL
2023-02-21 11:12:00,337.44,337.44,337.44,337.44,154.0,TYL
2023-02-21 11:10:00,337.69,337.69,337.545,337.545,438.0,TYL
2023-02-21 11:09:00,338.39,338.39,338.08,338.08,1751.0,TYL
2023-02-21 11:08:00,338.455,338.455,337.98,338.295,1485.0,TYL
2023-02-21 11:07:00,338.86,338.99,338.42,338.6,2924.0,TYL
2023-02-21 11:05:00,338.85,338.895,338.85,338.895,495.0,TYL
2023-02-21 11:04:00,338.73,338.73,338.73,338.73,525.0,TYL
2023-02-21 11:03:00,337.68,338.63,337.68,338.4625,5722.0,TYL
2023-02-21 11:02:00,337.985,338.005,337.985,338.005,560.0,TYL
2023-02-21 11:01:00,338.08,338.105,337.9,338.04,1104.0,TYL
2023-02-21 11:00:00,337.56,337.96,337.56,337.96,886.0,TYL
2023-02-21 10:59:00,337.33,338.325,337.1,338.325,7387.0,TYL
2023-02-21 10:58:00,337.44,337.74,337.11,337.11,2353.0,TYL
2023-02-21 10:57:00,337.58,337.99,337.54,337.99,1235.0,TYL
2023-02-21 10:55:00,337.22,337.51,337.22,337.45,1883.0,TYL
2023-02-21 10:54:00,337.15,337.34,337.15,337.34,709.0,TYL
2023-02-21 10:53:00,336.84,337.2,336.84,337.19,1014.0,TYL
2023-02-21 10:52:00,337.73,338.015,337.515,337.515,1890.0,TYL
2023-02-21 10:51:00,338.45,338.54,337.75,338.01,6391.0,TYL
2023-02-21 10:50:00,338.2,338.2,337.86,337.86,393.0,TYL
2023-02-21 10:49:00,337.865,338.22,337.74,338.21,6890.0,TYL
2023-02-21 10:48:00,338.52,338.52,337.74,337.74,689.0,TYL
2023-02-21 10:47:00,338.37,338.59,338.37,338.53,946.0,TYL
2023-02-21 10:46:00,337.95,337.95,337.945,337.945,250.0,TYL
2023-02-21 10:45:00,338.28,338.28,337.96,337.96,812.0,TYL
2023-02-21 10:44:00,338.745,338.745,338.45,338.45,1171.0,TYL
2023-02-21 10:43:00,338.59,338.78,338.59,338.78,864.0,TYL
2023-02-21 10:41:00,338.25,338.25,338.205,338.205,495.0,TYL
2023-02-21 10:40:00,337.5,337.67,337.5,337.67,490.0,TYL
2023-02-21 10:39:00,338.055,338.055,337.93,337.93,1060.0,TYL
2023-02-21 10:38:00,337.88,338.26,337.88,338.09,3091.0,TYL
2023-02-21 10:37:00,337.58,337.58,337.55,337.55,353.0,TYL
2023-02-21 10:36:00,337.46,337.51,337.46,337.51,533.0,TYL
2023-02-21 10:35:00,336.955,337.15,336.955,337.075,1071.0,TYL
2023-02-21 10:34:00,336.0,337.07,336.0,337.0,6637.0,TYL
2023-02-21 10:33:00,337.0,337.0,335.995,335.995,3356.0,TYL
2023-02-21 10:32:00,336.96,337.07,336.62,336.96,7122.0,TYL
2023-02-21 10:31:00,336.34,337.36,336.34,337.08,17831.0,TYL
2023-02-21 10:30:00,335.49,336.34,335.28,336.34,3726.0,TYL
2023-02-21 10:29:00,335.505,335.505,335.13,335.41,1942.0,TYL
2023-02-21 10:28:00,335.93,335.93,335.54,335.635,2270.0,TYL
2023-02-21 10:27:00,336.04,336.04,335.945,335.95,1200.0,TYL
2023-02-21 10:26:00,336.32,336.32,336.065,336.065,1760.0,TYL
2023-02-21 10:25:00,336.125,336.48,336.0,336.32,2631.0,TYL
2023-02-21 10:24:00,335.92,336.115,335.92,336.115,954.0,TYL
2023-02-21 10:23:00,335.98,335.98,335.98,335.98,1161.0,TYL
2023-02-21 10:22:00,336.365,336.365,336.365,336.365,152.0,TYL
2023-02-21 10:21:00,336.365,336.365,336.365,336.365,263.0,TYL
2023-02-21 10:20:00,335.87,336.36,335.87,336.36,294.0,TYL
2023-02-21 10:18:00,336.16,336.16,336.16,336.16,235.0,TYL
2023-02-21 10:17:00,336.64,336.79,336.64,336.79,741.0,TYL
2023-02-21 10:16:00,336.865,336.865,336.145,336.145,760.0,TYL
2023-02-21 10:15:00,336.44,336.99,336.44,336.99,369.0,TYL
2023-02-21 10:13:00,337.22,337.22,337.04,337.04,444.0,TYL
2023-02-21 10:12:00,337.9,337.9,337.38,337.575,2465.0,TYL
2023-02-21 10:11:00,337.905,337.905,337.905,337.905,155.0,TYL
2023-02-21 10:10:00,337.945,337.945,337.54,337.88,1141.0,TYL
2023-02-21 10:09:00,337.115,338.0,337.115,337.955,6044.0,TYL
2023-02-21 10:08:00,337.115,337.115,337.115,337.115,109.0,TYL
2023-02-21 10:07:00,336.89,336.89,336.89,336.89,178.0,TYL
2023-02-21 10:05:00,338.105,338.105,337.71,337.71,1103.0,TYL
2023-02-21 10:04:00,338.62,338.62,338.62,338.62,702.0,TYL
2023-02-21 10:03:00,339.205,339.205,338.12,338.12,377.0,TYL
2023-02-21 10:02:00,339.215,339.215,339.215,339.215,223.0,TYL
2023-02-21 10:01:00,340.285,340.285,340.285,340.285,337.0,TYL
2023-02-21 10:00:00,340.995,341.0,340.67,341.0,998.0,TYL
2023-02-21 09:58:00,340.955,341.32,340.955,341.32,412.0,TYL
2023-02-21 09:57:00,341.01,341.01,340.85,340.85,439.0,TYL
2023-02-21 09:56:00,341.21,341.21,340.665,340.665,922.0,TYL
2023-02-21 09:54:00,341.115,341.54,341.08,341.47,786.0,TYL
2023-02-21 09:53:00,340.83,341.36,340.83,341.2,3660.0,TYL
2023-02-21 09:52:00,340.485,340.7,340.09,340.7,2191.0,TYL
2023-02-21 09:51:00,340.555,340.87,340.32,340.87,707.0,TYL
2023-02-21 09:49:00,341.57,341.57,341.01,341.01,943.0,TYL
2023-02-21 09:48:00,341.59,341.59,341.59,341.59,119.0,TYL
2023-02-21 09:46:00,340.94,342.27,340.94,342.27,2887.0,TYL
2023-02-21 09:45:00,341.6,341.6,341.58,341.58,312.0,TYL
2023-02-21 09:43:00,341.38,341.38,341.336,341.336,348.0,TYL
2023-02-21 09:42:00,341.77,341.77,341.77,341.77,801.0,TYL
2023-02-21 09:41:00,342.01,342.05,341.375,341.375,689.0,TYL
2023-02-21 09:40:00,341.37,341.37,341.255,341.255,440.0,TYL
2023-02-21 09:39:00,341.53,341.53,341.37,341.37,286.0,TYL
2023-02-21 09:38:00,341.05,342.02,341.05,342.02,729.0,TYL
2023-02-21 09:37:00,341.43,341.43,341.43,341.43,170.0,TYL
2023-02-21 09:33:00,340.0,340.0,340.0,340.0,108.0,TYL
2023-02-21 09:32:00,342.17,343.15,342.17,343.15,733.0,TYL
2023-02-21 09:31:00,339.92,340.14,339.92,340.14,6871.0,TYL
2023-02-21 09:30:00,340.56,340.56,340.56,340.56,100.0,TYL
2023-02-17 16:03:00,343.6,343.6,343.6,343.6,734.0,TYL
2023-02-17 16:01:00,343.6,343.6,343.6,343.6,14890.0,TYL
2023-02-17 16:00:00,343.47,343.66,343.37,343.39,20328.0,TYL
2023-02-17 15:59:00,343.66,343.81,343.45,343.45,8632.0,TYL
2023-02-17 15:58:00,343.76,343.85,343.61,343.8,8198.0,TYL
2023-02-17 15:57:00,343.99,343.99,343.65,343.69,5786.0,TYL
2023-02-17 15:56:00,343.72,344.31,343.72,344.0,3819.0,TYL
2023-02-17 15:55:00,343.435,343.72,343.3,343.72,10876.0,TYL
2023-02-17 15:54:00,344.04,344.04,343.35,343.46,6905.0,TYL
2023-02-17 15:53:00,344.08,344.23,343.87,344.2,6576.0,TYL
2023-02-17 15:52:00,344.17,344.28,343.94,344.08,4594.0,TYL
2023-02-17 15:51:00,344.29,344.44,344.22,344.35,1767.0,TYL
2023-02-17 15:50:00,344.28,344.5,344.0,344.011,6298.0,TYL
2023-02-17 15:49:00,344.03,344.31,343.9552,344.31,3735.0,TYL
2023-02-17 15:48:00,344.15,344.15,343.69,343.78,2314.0,TYL
2023-02-17 15:47:00,344.19,344.19,344.19,344.19,340.0,TYL
2023-02-17 15:46:00,343.93,344.18,343.89,343.95,2452.0,TYL
2023-02-17 15:45:00,343.951,343.951,343.89,343.89,641.0,TYL
2023-02-17 15:44:00,343.97,344.12,343.97,344.12,346.0,TYL
2023-02-17 15:43:00,344.36,344.38,344.13,344.13,2094.0,TYL
2023-02-17 15:42:00,344.5,344.595,344.4,344.4,1239.0,TYL
2023-02-17 15:41:00,344.26,344.41,344.26,344.36,1456.0,TYL
2023-02-17 15:40:00,344.27,344.27,344.27,344.27,692.0,TYL
2023-02-17 15:39:00,343.75,344.19,343.71,344.19,6204.0,TYL
2023-02-17 15:38:00,344.47,344.51,343.98,343.98,1867.0,TYL
2023-02-17 15:37:00,344.4501,344.72,344.4501,344.71,1310.0,TYL
2023-02-17 15:36:00,344.46,344.63,344.46,344.63,507.0,TYL
2023-02-17 15:35:00,344.26,344.41,344.1,344.39,1695.0,TYL
2023-02-17 15:33:00,344.055,344.06,343.93,343.93,753.0,TYL
2023-02-17 15:32:00,343.79,344.18,343.79,344.18,2661.0,TYL
2023-02-17 15:31:00,343.62,343.62,343.6,343.6,314.0,TYL
2023-02-17 15:30:00,343.7,343.78,343.38,343.615,2727.0,TYL
2023-02-17 15:29:00,343.83,343.83,343.7,343.7,680.0,TYL
2023-02-17 15:28:00,343.46,343.83,343.46,343.83,1390.0,TYL
2023-02-17 15:27:00,343.68,343.68,343.68,343.68,349.0,TYL
2023-02-17 15:26:00,343.58,343.58,343.58,343.58,1102.0,TYL
2023-02-17 15:24:00,343.645,343.645,343.33,343.33,977.0,TYL
2023-02-17 15:23:00,343.96,343.96,343.71,343.71,1955.0,TYL
2023-02-17 15:22:00,344.18,344.24,344.1,344.1,1294.0,TYL
2023-02-17 15:21:00,343.88,343.88,343.88,343.88,425.0,TYL
2023-02-17 15:20:00,343.81,343.895,343.69,343.875,950.0,TYL
2023-02-17 15:19:00,343.845,343.845,343.845,343.845,120.0,TYL
2023-02-17 15:18:00,343.83,343.945,343.83,343.945,1346.0,TYL
2023-02-17 15:17:00,344.16,344.16,343.64,343.78,2841.0,TYL
2023-02-17 15:16:00,343.79,344.01,343.79,344.01,465.0,TYL
2023-02-17 15:15:00,343.2,343.73,343.2,343.73,584.0,TYL
2023-02-17 15:13:00,343.85,343.85,343.425,343.425,1573.0,TYL
2023-02-17 15:12:00,343.87,344.29,343.87,344.29,785.0,TYL
2023-02-17 15:11:00,343.73,343.9,343.4756,343.67,617.0,TYL
2023-02-17 15:10:00,343.31,343.72,343.31,343.72,733.0,TYL
2023-02-17 15:09:00,342.29,343.1,342.29,343.09,1856.0,TYL
2023-02-17 15:08:00,342.34,342.57,342.34,342.57,420.0,TYL
2023-02-17 15:07:00,342.63,342.63,342.32,342.47,774.0,TYL
2023-02-17 15:05:00,342.88,343.02,342.83,343.02,2758.0,TYL
2023-02-17 15:03:00,343.46,343.46,343.46,343.46,108.0,TYL
2023-02-17 15:02:00,343.275,343.48,343.03,343.16,57207.0,TYL
2023-02-17 14:59:00,342.965,342.965,342.965,342.965,245.0,TYL
2023-02-17 14:58:00,342.93,343.17,342.68,343.17,1014.0,TYL
2023-02-17 14:57:00,343.31,343.43,343.07,343.43,1680.0,TYL
2023-02-17 14:54:00,343.29,343.3,342.91,343.02,1627.0,TYL
2023-02-17 14:53:00,343.46,343.62,343.46,343.62,934.0,TYL
2023-02-17 14:52:00,343.52,343.52,343.52,343.52,180.0,TYL
2023-02-17 14:51:00,343.51,343.51,343.51,343.51,172.0,TYL
2023-02-17 14:49:00,342.93,343.23,342.87,342.96,2141.0,TYL
2023-02-17 14:47:00,342.66,342.71,342.63,342.645,2230.0,TYL
2023-02-17 14:46:00,342.48,342.615,342.48,342.61,519.0,TYL
2023-02-17 14:45:00,342.83,342.83,342.48,342.655,2067.0,TYL
2023-02-17 14:44:00,342.715,342.715,342.715,342.715,103.0,TYL
2023-02-17 14:43:00,342.73,343.17,342.73,342.8,2785.0,TYL
2023-02-17 14:41:00,342.75,343.04,342.75,342.915,715.0,TYL
2023-02-17 14:39:00,342.79,342.79,342.79,342.79,134.0,TYL
2023-02-17 14:37:00,343.11,343.11,342.75,342.76,1965.0,TYL
2023-02-17 14:36:00,343.22,343.4099,343.2,343.2,1661.0,TYL
2023-02-17 14:35:00,343.015,343.015,343.015,343.015,124.0,TYL
2023-02-17 14:34:00,343.005,343.005,343.005,343.005,229.0,TYL
2023-02-17 14:32:00,342.78,342.78,342.78,342.78,147.0,TYL
2023-02-17 14:30:00,342.9,342.9,342.9,342.9,446.0,TYL
2023-02-17 14:29:00,342.915,342.915,342.73,342.79,1006.0,TYL
2023-02-17 14:28:00,343.0,343.0,342.995,343.0,563.0,TYL
2023-02-17 14:27:00,343.29,343.29,342.9,342.93,1190.0,TYL
2023-02-17 14:26:00,343.305,343.305,343.305,343.305,233.0,TYL
2023-02-17 14:25:00,343.44,343.44,343.44,343.44,308.0,TYL
2023-02-17 14:23:00,343.16,343.16,343.16,343.16,188.0,TYL
2023-02-17 14:22:00,342.81,342.98,342.81,342.98,768.0,TYL
2023-02-17 14:21:00,342.72,342.73,342.7,342.73,430.0,TYL
2023-02-17 14:20:00,342.795,342.795,342.3,342.48,2327.0,TYL
2023-02-17 14:18:00,342.275,342.715,342.275,342.715,824.0,TYL
2023-02-17 14:17:00,342.15,342.275,342.15,342.275,835.0,TYL
2023-02-17 14:16:00,341.755,341.755,341.755,341.755,373.0,TYL
2023-02-17 14:15:00,341.78,341.805,341.78,341.7875,779.0,TYL
2023-02-17 14:14:00,341.9825,342.05,341.91,341.91,887.0,TYL
2023-02-17 14:13:00,342.37,342.37,341.97,342.055,2293.0,TYL
2023-02-17 14:12:00,341.955,342.18,341.955,342.17,735.0,TYL
2023-02-17 14:11:00,341.9,341.945,341.69,341.94,1509.0,TYL
2023-02-17 14:10:00,341.875,341.955,341.875,341.955,467.0,TYL
2023-02-17 14:09:00,342.09,342.09,341.895,341.895,328.0,TYL
2023-02-17 14:08:00,342.13,342.25,342.13,342.21,412.0,TYL
2023-02-17 14:06:00,341.84,341.84,341.84,341.84,488.0,TYL
2023-02-17 14:05:00,341.55,341.55,341.54,341.54,216.0,TYL
2023-02-17 14:04:00,341.575,341.575,341.57,341.57,228.0,TYL
2023-02-17 14:03:00,341.41,341.53,341.35,341.53,1323.0,TYL
2023-02-17 14:02:00,340.92,341.34,340.77,341.33,2079.0,TYL
2023-02-17 14:01:00,340.79,340.79,340.79,340.79,705.0,TYL
2023-02-17 13:59:00,340.31,340.31,340.31,340.31,392.0,TYL
2023-02-17 13:58:00,340.16,340.31,340.16,340.31,813.0,TYL
2023-02-17 13:55:00,340.06,340.06,339.95,339.95,1158.0,TYL
2023-02-17 13:54:00,339.82,340.065,339.82,340.05,2245.0,TYL
2023-02-17 13:53:00,339.63,339.84,339.63,339.83,1053.0,TYL
2023-02-17 13:52:00,339.36,339.74,339.36,339.72,2454.0,TYL
2023-02-17 13:51:00,339.485,339.5,339.485,339.5,801.0,TYL
2023-02-17 13:50:00,339.365,339.365,339.35,339.36,545.0,TYL
2023-02-17 13:48:00,339.75,339.75,339.31,339.46,3290.0,TYL
2023-02-17 13:47:00,339.64,339.64,339.64,339.64,485.0,TYL
2023-02-17 13:46:00,339.45,339.46,339.45,339.46,687.0,TYL
2023-02-17 13:43:00,339.28,339.3,339.1,339.1,547.0,TYL
2023-02-17 13:42:00,338.88,338.89,338.87,338.87,719.0,TYL
2023-02-17 13:40:00,338.595,338.595,338.595,338.595,303.0,TYL
2023-02-17 13:38:00,338.89,338.89,338.89,338.89,137.0,TYL
2023-02-17 13:37:00,338.455,338.455,338.45,338.45,744.0,TYL
2023-02-17 13:36:00,338.65,338.65,338.65,338.65,319.0,TYL
2023-02-17 13:35:00,338.3,338.3,338.12,338.12,913.0,TYL
2023-02-17 13:34:00,338.03,338.13,338.02,338.13,1819.0,TYL
2023-02-17 13:33:00,337.65,337.87,337.61,337.87,1564.0,TYL
2023-02-17 13:29:00,337.925,337.925,337.61,337.61,223.0,TYL
2023-02-17 13:26:00,338.245,338.245,338.245,338.245,510.0,TYL
2023-02-17 13:25:00,338.605,338.605,338.36,338.36,658.0,TYL
2023-02-17 13:22:00,339.03,339.03,338.78,338.87,706.0,TYL
2023-02-17 13:21:00,338.98,338.98,338.98,338.98,179.0,TYL
2023-02-17 13:20:00,338.93,339.05,338.93,338.98,881.0,TYL
2023-02-17 13:19:00,339.18,339.18,339.18,339.18,126.0,TYL
2023-02-17 13:18:00,339.01,339.19,338.99,339.19,448.0,TYL
2023-02-17 13:17:00,339.2,339.2,339.2,339.2,216.0,TYL
2023-02-17 13:14:00,339.07,339.25,339.07,339.25,382.0,TYL
2023-02-17 13:13:00,339.29,339.4275,339.28,339.4275,1131.0,TYL
2023-02-17 13:12:00,339.44,339.44,339.44,339.44,208.0,TYL
2023-02-17 13:11:00,339.47,339.47,339.465,339.465,435.0,TYL
2023-02-17 13:10:00,339.21,339.33,339.21,339.24,732.0,TYL
2023-02-17 13:09:00,338.9,339.06,338.9,339.06,620.0,TYL
2023-02-17 13:08:00,339.0,339.145,338.74,339.13,1434.0,TYL
2023-02-17 13:07:00,338.77,338.77,338.77,338.77,331.0,TYL
2023-02-17 13:06:00,338.775,338.775,338.775,338.775,306.0,TYL
2023-02-17 13:05:00,338.97,339.225,338.8,338.8,319.0,TYL
2023-02-17 13:04:00,339.54,339.54,339.54,339.54,450.0,TYL
2023-02-17 13:03:00,339.89,339.89,339.62,339.62,787.0,TYL
2023-02-17 13:02:00,340.35,340.35,340.17,340.17,638.0,TYL
2023-02-17 13:01:00,340.43,340.44,340.43,340.44,222.0,TYL
2023-02-17 13:00:00,340.475,340.475,340.475,340.475,165.0,TYL
2023-02-17 12:58:00,340.64,340.775,340.59,340.59,1065.0,TYL
2023-02-17 12:57:00,340.43,340.87,340.43,340.8,1648.0,TYL
2023-02-17 12:56:00,340.28,340.505,340.28,340.505,1737.0,TYL
2023-02-17 12:55:00,340.46,340.46,340.19,340.2,1622.0,TYL
2023-02-17 12:54:00,340.31,340.32,340.31,340.32,969.0,TYL
2023-02-17 12:53:00,339.83,340.29,339.83,340.29,2947.0,TYL
2023-02-17 12:52:00,339.86,339.86,339.86,339.86,121.0,TYL
2023-02-17 12:51:00,340.09,340.09,340.09,340.09,222.0,TYL
2023-02-17 12:50:00,340.695,340.695,340.27,340.27,806.0,TYL
2023-02-17 12:49:00,340.51,340.705,340.51,340.705,291.0,TYL
2023-02-17 12:48:00,340.715,340.715,340.715,340.715,116.0,TYL
2023-02-17 12:47:00,340.98,340.98,340.94,340.94,620.0,TYL
2023-02-17 12:46:00,341.23,341.23,341.07,341.17,955.0,TYL
2023-02-17 12:45:00,341.2,341.395,341.14,341.235,1565.0,TYL
2023-02-17 12:43:00,341.43,341.43,341.43,341.43,257.0,TYL
2023-02-17 12:40:00,341.85,342.0,341.66,341.66,786.0,TYL
2023-02-17 12:39:00,342.0,342.0,342.0,342.0,279.0,TYL
2023-02-17 12:38:00,342.055,342.055,341.83,341.995,882.0,TYL
2023-02-17 12:37:00,342.22,342.22,342.06,342.06,300.0,TYL
2023-02-17 12:36:00,342.16,342.16,342.16,342.16,669.0,TYL
2023-02-17 12:35:00,341.735,341.96,341.61,341.96,454.0,TYL
2023-02-17 12:34:00,341.66,341.74,341.66,341.67,1161.0,TYL
2023-02-17 12:33:00,341.84,341.84,341.84,341.84,238.0,TYL
2023-02-17 12:31:00,341.82,341.82,341.82,341.82,183.0,TYL
2023-02-17 12:30:00,341.91,341.91,341.66,341.875,1271.0,TYL
2023-02-17 12:29:00,342.0673,342.0673,342.0673,342.0673,187.0,TYL
2023-02-17 12:27:00,342.05,342.05,341.865,341.96,1470.0,TYL
2023-02-17 12:26:00,342.05,342.23,342.0,342.21,1156.0,TYL
2023-02-17 12:25:00,341.925,341.925,341.925,341.925,612.0,TYL
2023-02-17 12:24:00,341.77,341.95,341.77,341.95,1180.0,TYL
2023-02-17 12:23:00,341.78,341.78,341.77,341.77,361.0,TYL
2023-02-17 12:21:00,341.84,341.84,341.84,341.84,282.0,TYL
2023-02-17 12:20:00,341.7375,341.7375,341.59,341.595,1181.0,TYL
2023-02-17 12:19:00,341.59,341.745,341.52,341.745,1351.0,TYL
2023-02-17 12:18:00,341.7675,341.7675,341.7675,341.7675,214.0,TYL
2023-02-17 12:17:00,341.975,341.975,341.8,341.8,1156.0,TYL
2023-02-17 12:16:00,341.8,341.97,341.8,341.97,1494.0,TYL
2023-02-17 12:14:00,341.685,341.685,341.49,341.68,1511.0,TYL
2023-02-17 12:13:00,341.69,341.845,341.68,341.845,543.0,TYL
2023-02-17 12:11:00,341.55,341.67,341.55,341.67,779.0,TYL
2023-02-17 12:06:00,340.83,341.265,340.83,341.03,2540.0,TYL
2023-02-17 12:05:00,341.03,341.09,340.7,340.75,3647.0,TYL
2023-02-17 12:04:00,340.92,341.065,340.92,341.065,2809.0,TYL
2023-02-17 12:03:00,340.55,340.785,340.55,340.7825,3236.0,TYL
2023-02-17 12:02:00,340.56,340.625,340.56,340.625,1244.0,TYL
2023-02-17 12:01:00,340.18,340.2264,340.16,340.18,1324.0,TYL
2023-02-17 12:00:00,339.81,340.0808,339.81,340.0808,971.0,TYL
2023-02-17 11:59:00,339.53,339.53,339.53,339.53,497.0,TYL
2023-02-17 11:58:00,339.475,339.475,339.475,339.475,209.0,TYL
2023-02-17 11:57:00,339.525,339.64,339.525,339.64,203.0,TYL
2023-02-17 11:54:00,339.21,339.73,339.21,339.615,3682.0,TYL
2023-02-17 11:53:00,339.54,339.68,339.54,339.68,648.0,TYL
2023-02-17 11:52:00,339.585,339.585,339.535,339.535,807.0,TYL
2023-02-17 11:51:00,339.6,339.6,339.6,339.6,338.0,TYL
2023-02-17 11:50:00,339.74,339.74,339.35,339.35,668.0,TYL
2023-02-17 11:49:00,339.96,339.96,339.82,339.9,1066.0,TYL
2023-02-17 11:48:00,339.99,339.99,339.99,339.99,112.0,TYL
2023-02-17 11:47:00,339.84,339.935,339.83,339.83,1038.0,TYL
2023-02-17 11:46:00,339.8,339.87,339.8,339.87,515.0,TYL
2023-02-17 11:44:00,339.531,339.531,339.531,339.531,507.0,TYL
2023-02-17 11:43:00,339.45,339.45,339.45,339.45,109.0,TYL
2023-02-17 11:42:00,339.325,339.5,339.13,339.5,3640.0,TYL
2023-02-17 11:41:00,339.81,339.81,339.5,339.515,1451.0,TYL
2023-02-17 11:40:00,339.39,339.39,339.39,339.39,155.0,TYL
2023-02-17 11:39:00,339.76,339.76,339.39,339.39,1735.0,TYL
2023-02-17 11:38:00,339.3725,339.385,339.3725,339.385,441.0,TYL
2023-02-17 11:37:00,338.94,339.39,338.92,339.29,4574.0,TYL
2023-02-17 11:36:00,339.01,339.015,339.01,339.015,561.0,TYL
2023-02-17 11:35:00,338.64,338.64,338.64,338.64,386.0,TYL
2023-02-17 11:34:00,338.65,338.85,338.44,338.62,2766.0,TYL
2023-02-17 11:33:00,339.29,339.48,338.825,338.825,2941.0,TYL
2023-02-17 11:32:00,339.23,339.27,338.92,339.27,4273.0,TYL
2023-02-17 11:31:00,339.29,339.44,339.29,339.325,2655.0,TYL
2023-02-17 11:30:00,338.96,339.245,338.92,339.245,2118.0,TYL
2023-02-17 11:29:00,339.48,339.48,339.175,339.175,2076.0,TYL
2023-02-17 11:28:00,338.875,339.32,338.81,339.32,3149.0,TYL
2023-02-17 11:27:00,339.4,339.47,338.85,339.04,2450.0,TYL
2023-02-17 11:26:00,339.245,339.735,339.005,339.65,4244.0,TYL
2023-02-17 11:25:00,339.48,339.57,339.26,339.26,2578.0,TYL
2023-02-17 11:23:00,339.01,339.07,339.01,339.07,868.0,TYL
2023-02-17 11:22:00,338.89,338.89,338.74,338.845,3685.0,TYL
2023-02-17 11:21:00,338.74,338.79,338.64,338.79,1702.0,TYL
2023-02-17 11:20:00,338.7,338.7,338.57,338.7,3097.0,TYL
2023-02-17 11:19:00,338.36,338.955,338.2,338.71,6448.0,TYL
2023-02-17 11:18:00,338.3,338.5675,338.08,338.08,1667.0,TYL
2023-02-17 11:17:00,338.605,338.62,338.225,338.485,8005.0,TYL
2023-02-17 11:16:00,338.45,338.865,338.4,338.6351,4644.0,TYL
2023-02-17 11:15:00,338.36,338.44,338.23,338.44,4658.0,TYL
2023-02-17 11:14:00,338.225,338.33,338.1,338.25,2816.0,TYL
2023-02-17 11:13:00,337.85,338.22,337.85,338.08,3902.0,TYL
2023-02-17 11:12:00,338.035,338.035,337.665,337.74,3589.0,TYL
2023-02-17 11:11:00,337.5,337.97,337.49,337.97,3918.0,TYL
2023-02-17 11:10:00,337.72,337.72,337.5,337.6325,3130.0,TYL
2023-02-17 11:09:00,337.58,337.63,337.37,337.57,4421.0,TYL
2023-02-17 11:08:00,337.23,337.57,337.23,337.57,2889.0,TYL
2023-02-17 11:05:00,336.9,337.02,336.725,336.725,832.0,TYL
2023-02-17 11:04:00,337.34,337.34,337.34,337.34,143.0,TYL
2023-02-17 11:01:00,337.565,337.565,337.5,337.535,904.0,TYL
2023-02-17 11:00:00,337.31,337.365,337.225,337.225,942.0,TYL
2023-02-17 10:59:00,337.145,337.71,337.145,337.71,1271.0,TYL
2023-02-17 10:58:00,337.3,337.575,337.15,337.15,1279.0,TYL
2023-02-17 10:57:00,337.5,337.5,337.5,337.5,115.0,TYL
2023-02-17 10:56:00,337.775,337.775,337.435,337.435,1679.0,TYL
2023-02-17 10:55:00,337.74,337.795,337.72,337.795,1258.0,TYL
2023-02-17 10:54:00,337.6413,337.6413,337.6413,337.6413,280.0,TYL
2023-02-17 10:53:00,337.3,337.6,337.3,337.435,1201.0,TYL
2023-02-17 10:52:00,337.17,337.62,337.17,337.5,833.0,TYL
2023-02-17 10:50:00,336.88,336.88,336.66,336.88,820.0,TYL
2023-02-17 10:49:00,336.81,336.98,336.74,336.9,1062.0,TYL
2023-02-17 10:48:00,336.3,336.535,336.245,336.535,1628.0,TYL
2023-02-17 10:47:00,336.85,336.85,336.2,336.715,655.0,TYL
2023-02-17 10:44:00,337.185,337.185,337.185,337.185,275.0,TYL
2023-02-17 10:43:00,337.435,337.435,337.435,337.435,157.0,TYL
2023-02-17 10:41:00,338.72,338.72,338.12,338.12,526.0,TYL
2023-02-17 10:39:00,339.0,339.01,338.97,338.97,622.0,TYL
2023-02-17 10:38:00,340.06,340.41,339.76,339.76,2682.0,TYL
2023-02-17 10:37:00,339.88,340.05,339.88,340.05,557.0,TYL
2023-02-17 10:35:00,339.65,339.66,339.47,339.655,711.0,TYL
2023-02-17 10:34:00,339.57,339.84,339.32,339.66,2556.0,TYL
2023-02-17 10:33:00,339.07,339.35,338.83,339.35,3591.0,TYL
2023-02-17 10:32:00,339.06,339.06,338.87,338.87,273.0,TYL
2023-02-17 10:31:00,338.38,338.525,338.38,338.525,541.0,TYL
2023-02-17 10:30:00,339.09,339.09,338.64,338.64,940.0,TYL
2023-02-17 10:28:00,338.92,339.25,338.92,339.25,678.0,TYL
2023-02-17 10:27:00,338.79,338.79,338.23,338.52,740.0,TYL
2023-02-17 10:26:00,338.9,338.9,338.83,338.83,203.0,TYL
2023-02-17 10:25:00,338.5,338.5,338.5,338.5,693.0,TYL
2023-02-17 10:24:00,339.14,339.14,338.16,338.16,1549.0,TYL
2023-02-17 10:23:00,339.38,339.4,339.18,339.18,1134.0,TYL
2023-02-17 10:22:00,339.48,339.48,339.4,339.4,345.0,TYL
2023-02-17 10:21:00,339.33,339.51,339.33,339.51,1665.0,TYL
2023-02-17 10:20:00,338.645,340.09,338.645,340.03,3167.0,TYL
2023-02-17 10:19:00,338.28,338.28,338.265,338.265,554.0,TYL
2023-02-17 10:18:00,338.03,338.5,338.03,338.055,3706.0,TYL
2023-02-17 10:17:00,337.63,338.33,337.63,338.11,1810.0,TYL
2023-02-17 10:16:00,336.98,336.98,336.68,336.94,1550.0,TYL
2023-02-17 10:15:00,337.11,337.11,336.6725,336.6725,414.0,TYL
2023-02-17 10:14:00,337.04,337.04,337.04,337.04,185.0,TYL
2023-02-17 10:13:00,336.38,336.38,336.38,336.38,399.0,TYL
2023-02-17 10:12:00,336.22,336.22,336.22,336.22,318.0,TYL
2023-02-17 10:11:00,335.305,336.06,335.305,336.06,2927.0,TYL
2023-02-17 10:10:00,336.675,336.7275,335.305,335.64,3898.0,TYL
2023-02-17 10:09:00,337.02,337.05,336.86,336.975,4347.0,TYL
2023-02-17 10:08:00,336.815,337.0,336.54,336.765,2110.0,TYL
2023-02-17 10:07:00,336.615,336.9,336.61,336.815,6952.0,TYL
2023-02-17 10:06:00,336.34,336.49,335.9701,336.49,2424.0,TYL
2023-02-17 10:05:00,335.66,336.32,335.66,336.32,1432.0,TYL
2023-02-17 10:04:00,335.3387,336.035,335.3387,336.01,1276.0,TYL
2023-02-17 10:03:00,335.43,335.46,335.43,335.46,1072.0,TYL
2023-02-17 10:02:00,335.115,335.26,334.91,335.26,3484.0,TYL
2023-02-17 10:01:00,334.525,334.525,334.525,334.525,327.0,TYL
2023-02-17 10:00:00,334.72,335.235,334.42,334.905,3324.0,TYL
2023-02-17 09:59:00,334.125,334.54,333.94,334.54,4137.0,TYL
2023-02-17 09:58:00,333.88,334.205,333.52,333.52,2733.0,TYL
2023-02-17 09:57:00,333.335,333.56,333.09,333.56,1071.0,TYL
2023-02-17 09:55:00,333.785,333.905,333.385,333.745,2343.0,TYL
2023-02-17 09:54:00,333.91,333.91,333.91,333.91,148.0,TYL
2023-02-17 09:53:00,333.855,334.56,333.855,334.155,1149.0,TYL
2023-02-17 09:52:00,334.0,334.015,333.92,334.015,449.0,TYL
2023-02-17 09:51:00,333.805,334.095,333.65,334.0575,2334.0,TYL
2023-02-17 09:50:00,333.605,333.97,333.44,333.97,2145.0,TYL
2023-02-17 09:48:00,333.84,333.84,333.07,333.83,466.0,TYL
2023-02-17 09:47:00,333.67,334.135,333.67,333.9,894.0,TYL
2023-02-17 09:46:00,334.64,334.925,333.67,333.675,3143.0,TYL
2023-02-17 09:45:00,335.73,335.73,335.0,335.405,3628.0,TYL
2023-02-17 09:44:00,335.74,335.74,335.74,335.74,310.0,TYL
2023-02-17 09:43:00,335.62,335.785,334.99,335.755,1556.0,TYL
2023-02-17 09:41:00,335.41,336.07,335.31,336.07,1627.0,TYL
2023-02-17 09:37:00,336.41,336.43,336.36,336.41,555.0,TYL
2023-02-17 09:31:00,336.22,336.22,336.22,336.22,7588.0,TYL
2023-02-16 16:02:00,339.09,339.09,339.09,339.09,574.0,TYL
2023-02-16 16:01:00,339.09,339.09,339.09,339.09,5127.0,TYL
2023-02-16 16:00:00,339.72,339.89,339.07,339.22,23538.0,TYL
2023-02-16 15:59:00,339.5,339.91,339.49,339.87,7257.0,TYL
2023-02-16 15:58:00,339.37,339.63,339.37,339.39,5534.0,TYL
2023-02-16 15:57:00,339.21,339.4,338.82,339.1,11300.0,TYL
2023-02-16 15:56:00,339.72,339.72,339.25,339.35,6364.0,TYL
2023-02-16 15:55:00,339.9,340.0,339.49,339.49,5831.0,TYL
2023-02-16 15:54:00,340.17,340.22,339.8,340.12,6911.0,TYL
2023-02-16 15:53:00,340.435,340.65,340.17,340.23,6438.0,TYL
2023-02-16 15:52:00,340.21,340.54,340.11,340.49,6606.0,TYL
2023-02-16 15:51:00,340.44,340.44,339.6,340.01,6611.0,TYL
2023-02-16 15:50:00,340.245,340.375,340.245,340.37,1649.0,TYL
2023-02-16 15:49:00,340.29,340.34,339.99,340.34,3592.0,TYL
2023-02-16 15:48:00,340.51,340.56,340.31,340.33,1974.0,TYL
2023-02-16 15:47:00,341.175,341.175,340.11,340.225,3005.0,TYL
2023-02-16 15:46:00,341.65,341.83,341.115,341.265,6126.0,TYL
2023-02-16 15:45:00,341.415,341.8275,341.33,341.685,5130.0,TYL
2023-02-16 15:44:00,341.1,341.5,340.9,341.455,7344.0,TYL
2023-02-16 15:43:00,341.04,341.31,340.94,341.15,5927.0,TYL
2023-02-16 15:42:00,341.26,341.26,341.01,341.01,3617.0,TYL
2023-02-16 15:41:00,341.455,341.63,341.27,341.27,3453.0,TYL
2023-02-16 15:40:00,341.78,341.945,341.57,341.63,5214.0,TYL
2023-02-16 15:39:00,341.68,341.8,341.42,341.655,3134.0,TYL
2023-02-16 15:38:00,341.955,342.07,341.41,341.68,5810.0,TYL
2023-02-16 15:37:00,341.57,342.185,341.57,342.185,6126.0,TYL
2023-02-16 15:36:00,341.16,341.57,341.045,341.57,6190.0,TYL
2023-02-16 15:35:00,340.81,341.0,340.62,341.0,6828.0,TYL
2023-02-16 15:34:00,340.62,340.9,340.57,340.9,4497.0,TYL
2023-02-16 15:33:00,340.47,340.51,340.385,340.51,1852.0,TYL
2023-02-16 15:32:00,340.64,340.81,340.03,340.43,6328.0,TYL
2023-02-16 15:31:00,341.05,341.05,340.545,340.545,4589.0,TYL
2023-02-16 15:30:00,341.6,341.74,341.06,341.3,4418.0,TYL
2023-02-16 15:29:00,341.32,341.74,341.32,341.53,7643.0,TYL
2023-02-16 15:28:00,341.86,341.95,341.495,341.495,2302.0,TYL
2023-02-16 15:27:00,341.94,342.22,341.9,342.11,3312.0,TYL
2023-02-16 15:26:00,341.625,341.985,341.32,341.9,5102.0,TYL
2023-02-16 15:25:00,341.6,341.7,341.46,341.5,2657.0,TYL
2023-02-16 15:24:00,341.445,341.875,341.445,341.63,3196.0,TYL
2023-02-16 15:23:00,340.83,341.34,340.5701,341.34,3367.0,TYL
2023-02-16 15:22:00,340.79,340.79,339.99,340.565,5558.0,TYL
2023-02-16 15:21:00,340.935,341.05,340.45,340.865,4935.0,TYL
2023-02-16 15:20:00,341.0,341.175,340.84,340.925,4803.0,TYL
2023-02-16 15:19:00,341.11,341.27,340.82,341.075,2549.0,TYL
2023-02-16 15:18:00,341.83,341.94,341.14,341.14,2422.0,TYL
2023-02-16 15:17:00,342.02,342.05,341.22,341.78,8885.0,TYL
2023-02-16 15:16:00,342.02,342.04,341.93,341.93,857.0,TYL
2023-02-16 15:15:00,342.05,342.33,341.98,342.33,1180.0,TYL
2023-02-16 15:14:00,342.295,342.44,342.21,342.21,783.0,TYL
2023-02-16 15:13:00,342.03,342.39,342.03,342.39,302.0,TYL
2023-02-16 15:12:00,342.425,342.425,342.315,342.315,509.0,TYL
2023-02-16 15:11:00,342.285,342.81,342.14,342.81,1466.0,TYL
2023-02-16 15:10:00,342.07,342.235,342.07,342.235,751.0,TYL
2023-02-16 15:09:00,342.38,342.38,342.135,342.135,724.0,TYL
2023-02-16 15:08:00,342.135,342.135,342.135,342.135,416.0,TYL
2023-02-16 15:07:00,341.99,342.39,341.98,342.14,2296.0,TYL
2023-02-16 15:06:00,341.96,342.71,341.775,342.08,17577.0,TYL
2023-02-16 15:05:00,342.25,342.25,341.99,342.11,1483.0,TYL
2023-02-16 15:04:00,342.59,342.59,342.59,342.59,453.0,TYL
2023-02-16 15:03:00,342.76,343.33,342.76,343.16,2449.0,TYL
2023-02-16 15:02:00,343.27,343.27,342.47,342.73,2314.0,TYL
2023-02-16 15:01:00,343.85,343.995,343.09,343.275,5019.0,TYL
2023-02-16 15:00:00,344.495,344.495,343.765,343.79,4661.0,TYL
2023-02-16 14:59:00,344.49,344.51,344.42,344.42,1527.0,TYL
2023-02-16 14:58:00,344.475,344.53,344.475,344.48,463.0,TYL
2023-02-16 14:57:00,344.36,344.52,344.36,344.47,834.0,TYL
2023-02-16 14:56:00,344.35,344.41,344.245,344.275,644.0,TYL
2023-02-16 14:55:00,344.27,344.36,344.16,344.26,1524.0,TYL
2023-02-16 14:54:00,343.9,344.39,343.9,344.39,905.0,TYL
2023-02-16 14:53:00,344.275,344.3,343.87,343.87,1996.0,TYL
2023-02-16 14:52:00,344.0,344.23,343.95,344.18,1469.0,TYL
2023-02-16 14:51:00,344.12,344.47,343.95,344.14,4641.0,TYL
2023-02-16 14:50:00,344.21,344.27,344.21,344.27,965.0,TYL
2023-02-16 14:49:00,344.15,344.21,344.06,344.21,1175.0,TYL
2023-02-16 14:48:00,344.33,344.33,343.96,344.28,1687.0,TYL
2023-02-16 14:47:00,343.52,344.355,343.52,344.355,1796.0,TYL
2023-02-16 14:46:00,343.37,343.37,343.37,343.37,930.0,TYL
2023-02-16 14:45:00,343.25,343.35,343.25,343.35,444.0,TYL
2023-02-16 14:44:00,343.18,343.3,343.0,343.1835,3056.0,TYL
2023-02-16 14:43:00,343.35,343.5,343.19,343.31,4245.0,TYL
2023-02-16 14:41:00,343.175,343.46,342.975,343.235,4482.0,TYL
2023-02-16 14:40:00,343.17,343.17,343.17,343.17,462.0,TYL
2023-02-16 14:39:00,343.165,343.47,343.04,343.2369,2180.0,TYL
2023-02-16 14:38:00,343.47,343.47,343.47,343.47,346.0,TYL
2023-02-16 14:37:00,343.0243,343.31,343.0243,343.31,703.0,TYL
2023-02-16 14:36:00,343.13,343.4,343.13,343.175,1488.0,TYL
2023-02-16 14:35:00,343.53,343.53,343.53,343.53,314.0,TYL
2023-02-16 14:34:00,343.125,343.125,343.04,343.04,381.0,TYL
2023-02-16 14:33:00,342.98,343.2,342.71,343.12,3440.0,TYL
2023-02-16 14:32:00,342.595,342.87,342.595,342.76,552.0,TYL
2023-02-16 14:31:00,342.62,342.79,342.46,342.79,2113.0,TYL
2023-02-16 14:30:00,342.865,342.865,342.865,342.865,538.0,TYL
2023-02-16 14:29:00,342.72,342.72,342.46,342.71,514.0,TYL
2023-02-16 14:28:00,342.67,342.79,342.67,342.79,512.0,TYL
2023-02-16 14:27:00,342.5,342.5,342.38,342.38,1016.0,TYL
2023-02-16 14:26:00,341.715,342.28,341.69,342.28,1392.0,TYL
2023-02-16 14:25:00,341.54,341.79,341.54,341.79,859.0,TYL
2023-02-16 14:24:00,341.38,341.5,341.38,341.49,784.0,TYL
2023-02-16 14:23:00,341.37,341.44,341.37,341.385,852.0,TYL
2023-02-16 14:22:00,341.505,341.505,340.76,341.365,3258.0,TYL
2023-02-16 14:21:00,341.89,341.89,341.28,341.445,2989.0,TYL
2023-02-16 14:20:00,341.96,341.96,341.68,341.68,403.0,TYL
2023-02-16 14:19:00,342.225,342.225,341.955,342.0525,1407.0,TYL
2023-02-16 14:18:00,342.01,342.26,341.86,342.26,2399.0,TYL
2023-02-16 14:17:00,341.8,342.28,341.8,342.1,2833.0,TYL
2023-02-16 14:16:00,341.765,342.01,341.765,341.785,1156.0,TYL
2023-02-16 14:14:00,341.52,341.84,341.52,341.84,1058.0,TYL
2023-02-16 14:13:00,341.37,341.56,341.345,341.56,972.0,TYL
2023-02-16 14:12:00,341.36,341.36,341.36,341.36,100.0,TYL
2023-02-16 14:11:00,340.9,340.94,340.9,340.94,1063.0,TYL
2023-02-16 14:10:00,340.9,340.9,340.9,340.9,226.0,TYL
2023-02-16 14:09:00,340.39,340.8,340.39,340.8,1566.0,TYL
2023-02-16 14:08:00,340.03,340.03,339.7,339.7,784.0,TYL
2023-02-16 14:07:00,340.05,340.18,340.04,340.04,503.0,TYL
2023-02-16 14:06:00,340.245,340.245,339.895,339.895,2909.0,TYL
2023-02-16 14:04:00,340.28,340.455,340.28,340.44,1167.0,TYL
2023-02-16 14:03:00,340.275,340.275,340.275,340.275,358.0,TYL
2023-02-16 14:02:00,340.67,340.67,340.075,340.445,2297.0,TYL
2023-02-16 14:01:00,340.67,340.67,340.665,340.665,420.0,TYL
2023-02-16 13:59:00,340.79,340.83,340.79,340.83,460.0,TYL
2023-02-16 13:58:00,340.61,340.61,340.61,340.61,119.0,TYL
2023-02-16 13:57:00,340.64,340.645,340.64,340.645,362.0,TYL
2023-02-16 13:56:00,340.59,340.59,340.59,340.59,166.0,TYL
2023-02-16 13:55:00,340.445,340.61,340.29,340.61,804.0,TYL
2023-02-16 13:54:00,340.425,340.43,340.425,340.43,338.0,TYL
2023-02-16 13:53:00,340.35,340.43,340.12,340.43,736.0,TYL
2023-02-16 13:52:00,340.6,340.6,340.31,340.51,1176.0,TYL
2023-02-16 13:51:00,340.635,340.815,340.635,340.815,445.0,TYL
2023-02-16 13:50:00,340.66,340.66,340.66,340.66,540.0,TYL
2023-02-16 13:49:00,340.74,340.74,340.34,340.685,1125.0,TYL
2023-02-16 13:48:00,339.74,340.61,339.74,340.61,2026.0,TYL
2023-02-16 13:47:00,339.07,339.48,339.07,339.48,970.0,TYL
2023-02-16 13:46:00,338.415,339.01,338.415,339.01,3183.0,TYL
2023-02-16 13:44:00,338.43,338.43,338.43,338.43,328.0,TYL
2023-02-16 13:43:00,338.3,338.3,338.3,338.3,209.0,TYL
2023-02-16 13:42:00,338.225,338.225,338.225,338.225,341.0,TYL
2023-02-16 13:41:00,338.795,338.795,338.26,338.41,2181.0,TYL
2023-02-16 13:38:00,338.65,338.89,338.65,338.89,939.0,TYL
2023-02-16 13:37:00,338.4,338.56,338.4,338.56,370.0,TYL
2023-02-16 13:36:00,338.68,338.68,338.68,338.68,150.0,TYL
2023-02-16 13:35:00,338.32,338.385,338.32,338.385,567.0,TYL
2023-02-16 13:34:00,338.51,338.71,338.51,338.545,1228.0,TYL
2023-02-16 13:33:00,338.2781,338.545,338.255,338.545,411.0,TYL
2023-02-16 13:32:00,338.59,338.59,338.2,338.2,325.0,TYL
2023-02-16 13:31:00,338.585,338.99,338.585,338.715,531.0,TYL
2023-02-16 13:30:00,338.75,339.0,338.4705,338.715,1690.0,TYL
2023-02-16 13:29:00,339.115,339.115,338.66,339.04,1245.0,TYL
2023-02-16 13:28:00,339.45,339.45,339.45,339.45,225.0,TYL
2023-02-16 13:27:00,339.48,339.48,339.48,339.48,210.0,TYL
2023-02-16 13:26:00,339.02,339.26,339.02,339.26,793.0,TYL
2023-02-16 13:25:00,339.125,339.125,339.025,339.025,626.0,TYL
2023-02-16 13:24:00,339.4,339.41,339.37,339.41,909.0,TYL
2023-02-16 13:23:00,339.59,339.73,339.59,339.73,434.0,TYL
2023-02-16 13:22:00,339.845,339.845,339.845,339.845,344.0,TYL
2023-02-16 13:21:00,339.39,339.95,339.39,339.95,881.0,TYL
2023-02-16 13:19:00,339.015,339.3,339.015,339.055,1050.0,TYL
2023-02-16 13:18:00,339.23,339.47,339.23,339.47,714.0,TYL
2023-02-16 13:17:00,339.37,339.37,338.47,339.2,2797.0,TYL
2023-02-16 13:16:00,339.675,339.675,339.675,339.675,157.0,TYL
2023-02-16 13:15:00,339.39,339.685,339.39,339.685,2278.0,TYL
2023-02-16 13:14:00,339.63,339.63,339.63,339.63,534.0,TYL
2023-02-16 13:13:00,339.72,339.72,339.72,339.72,326.0,TYL
2023-02-16 13:12:00,339.66,339.66,339.1687,339.1687,1952.0,TYL
2023-02-16 13:11:00,340.02,340.0427,339.78,339.87,2117.0,TYL
2023-02-16 13:10:00,340.08,340.35,340.08,340.35,481.0,TYL
2023-02-16 13:09:00,339.85,340.2,339.85,340.2,1091.0,TYL
2023-02-16 13:08:00,339.83,340.13,339.83,340.13,469.0,TYL
2023-02-16 13:07:00,339.85,339.85,339.85,339.85,185.0,TYL
2023-02-16 13:06:00,340.04,340.04,340.04,340.04,156.0,TYL
2023-02-16 13:05:00,339.6,339.65,339.6,339.65,658.0,TYL
2023-02-16 13:04:00,339.535,339.535,339.135,339.135,536.0,TYL
2023-02-16 13:03:00,340.09,340.35,339.96,340.08,2271.0,TYL
2023-02-16 13:02:00,339.4963,339.6,339.39,339.57,1146.0,TYL
2023-02-16 13:01:00,338.77,339.56,338.67,339.09,2769.0,TYL
2023-02-16 12:58:00,338.835,338.835,338.62,338.62,3773.0,TYL
2023-02-16 12:57:00,338.84,338.84,338.84,338.84,455.0,TYL
2023-02-16 12:56:00,338.82,338.82,338.82,338.82,252.0,TYL
2023-02-16 12:55:00,338.77,338.77,338.74,338.74,938.0,TYL
2023-02-16 12:54:00,338.925,338.995,338.8,338.995,2408.0,TYL
2023-02-16 12:53:00,339.05,339.05,339.05,339.05,716.0,TYL
2023-02-16 12:52:00,339.02,339.36,339.02,339.36,1128.0,TYL
2023-02-16 12:51:00,338.925,339.0,338.79,339.0,1525.0,TYL
2023-02-16 12:50:00,339.415,339.415,338.865,339.0769,2631.0,TYL
2023-02-16 12:49:00,338.935,338.935,338.935,338.935,139.0,TYL
2023-02-16 12:47:00,338.615,338.615,338.615,338.615,145.0,TYL
2023-02-16 12:46:00,338.5,338.79,338.5,338.66,2585.0,TYL
2023-02-16 12:45:00,338.05,339.3199,337.95,339.3199,2504.0,TYL
2023-02-16 12:43:00,337.86,337.86,337.855,337.855,759.0,TYL
2023-02-16 12:41:00,338.11,338.2105,337.97,337.995,1702.0,TYL
2023-02-16 12:40:00,338.25,338.26,338.13,338.13,667.0,TYL
2023-02-16 12:39:00,337.93,338.0,337.93,338.0,822.0,TYL
2023-02-16 12:38:00,338.06,338.06,338.06,338.06,445.0,TYL
2023-02-16 12:37:00,337.56,337.85,337.56,337.85,449.0,TYL
2023-02-16 12:36:00,337.5609,337.5609,337.5609,337.5609,343.0,TYL
2023-02-16 12:35:00,336.83,337.37,336.83,337.2932,1405.0,TYL
2023-02-16 12:34:00,336.546,336.93,336.546,336.93,1046.0,TYL
2023-02-16 12:33:00,336.18,336.3,336.18,336.3,1494.0,TYL
2023-02-16 12:32:00,336.27,336.27,336.27,336.27,460.0,TYL
2023-02-16 12:31:00,336.065,336.37,336.065,336.275,2417.0,TYL
2023-02-16 12:30:00,336.485,336.485,336.315,336.315,556.0,TYL
2023-02-16 12:29:00,336.63,337.07,336.485,336.485,885.0,TYL
2023-02-16 12:27:00,336.58,337.0,336.58,336.585,1241.0,TYL
2023-02-16 12:25:00,335.45,335.8,335.45,335.75,2026.0,TYL
2023-02-16 12:23:00,335.05,335.05,334.9042,334.9042,1109.0,TYL
2023-02-16 12:22:00,334.689,334.69,334.689,334.69,1313.0,TYL
2023-02-16 12:19:00,334.77,334.77,334.1581,334.16,3377.0,TYL
2023-02-16 12:17:00,334.99,335.085,334.9,335.085,2075.0,TYL
2023-02-16 12:16:00,335.295,335.295,335.04,335.04,487.0,TYL
2023-02-16 12:15:00,335.42,335.42,334.915,335.31,1861.0,TYL
2023-02-16 12:14:00,334.92,334.92,334.92,334.92,323.0,TYL
2023-02-16 12:11:00,335.1,335.1,335.1,335.1,1114.0,TYL
2023-02-16 12:08:00,334.71,334.71,334.71,334.71,148.0,TYL
2023-02-16 12:06:00,334.4,334.63,334.3972,334.3972,774.0,TYL
2023-02-16 12:04:00,333.35,334.29,333.35,334.04,4558.0,TYL
2023-02-16 12:03:00,333.74,333.74,333.4014,333.4014,792.0,TYL
2023-02-16 12:02:00,333.215,333.215,333.215,333.215,207.0,TYL
2023-02-16 12:01:00,332.42,333.2,332.42,332.94,4570.0,TYL
2023-02-16 11:59:00,332.77,332.87,332.74,332.86,1063.0,TYL
2023-02-16 11:58:00,332.91,332.91,332.91,332.91,968.0,TYL
2023-02-16 11:57:00,333.1082,333.1082,333.1082,333.1082,1362.0,TYL
2023-02-16 11:55:00,332.89,333.42,332.89,333.42,1279.0,TYL
2023-02-16 11:52:00,332.8,333.07,332.63,332.63,4751.0,TYL
2023-02-16 11:50:00,333.18,333.72,333.18,333.325,777.0,TYL
2023-02-16 11:48:00,333.12,333.12,333.12,333.12,290.0,TYL
2023-02-16 11:47:00,333.005,333.005,333.005,333.005,132.0,TYL
2023-02-16 11:46:00,333.065,333.065,333.065,333.065,373.0,TYL
2023-02-16 11:45:00,333.46,333.64,333.06,333.06,3884.0,TYL
2023-02-16 11:44:00,333.43,333.43,333.0,333.0,627.0,TYL
2023-02-16 11:42:00,332.865,332.865,332.865,332.865,246.0,TYL
2023-02-16 11:41:00,332.49,332.49,332.49,332.49,302.0,TYL
2023-02-16 11:38:00,332.505,333.3,332.505,333.3,940.0,TYL
2023-02-16 11:37:00,333.25,333.25,332.87,332.87,491.0,TYL
2023-02-16 11:35:00,333.215,333.215,333.215,333.215,220.0,TYL
2023-02-16 11:32:00,332.94,333.15,332.76,332.95,3401.0,TYL
2023-02-16 11:31:00,332.61,332.61,332.61,332.61,302.0,TYL
2023-02-16 11:30:00,332.43,332.78,332.43,332.625,696.0,TYL
2023-02-16 11:29:00,332.1,332.1,332.1,332.1,345.0,TYL
2023-02-16 11:28:00,332.03,332.03,332.03,332.03,155.0,TYL
2023-02-16 11:27:00,331.52,332.03,331.52,332.03,1766.0,TYL
2023-02-16 11:26:00,331.735,331.735,331.735,331.735,185.0,TYL
2023-02-16 11:25:00,331.81,331.81,331.4499,331.735,407.0,TYL
2023-02-16 11:24:00,332.77,332.77,331.715,331.715,2382.0,TYL
2023-02-16 11:23:00,332.64,332.64,331.96,331.96,1107.0,TYL
2023-02-16 11:22:00,332.825,332.97,332.6,332.6,1081.0,TYL
2023-02-16 11:21:00,332.83,332.83,332.83,332.83,338.0,TYL
2023-02-16 11:20:00,332.83,332.83,332.83,332.83,271.0,TYL
2023-02-16 11:15:00,333.275,333.275,333.275,333.275,487.0,TYL
2023-02-16 11:14:00,333.275,333.275,333.275,333.275,124.0,TYL
2023-02-16 11:13:00,333.105,333.105,333.105,333.105,321.0,TYL
2023-02-16 11:12:00,333.6,333.71,332.78,332.78,1818.0,TYL
2023-02-16 11:11:00,333.72,333.81,333.72,333.8,1026.0,TYL
2023-02-16 11:10:00,333.07,333.71,333.07,333.175,2494.0,TYL
2023-02-16 11:09:00,333.16,333.445,333.16,333.445,336.0,TYL
2023-02-16 11:08:00,333.55,333.755,333.16,333.57,2138.0,TYL
2023-02-16 11:07:00,334.06,334.52,333.81,333.81,2553.0,TYL
2023-02-16 11:06:00,334.39,334.39,333.96,334.39,595.0,TYL
2023-02-16 11:05:00,334.345,334.345,334.345,334.345,243.0,TYL
2023-02-16 11:04:00,334.345,334.345,334.345,334.345,166.0,TYL
2023-02-16 11:03:00,334.5801,334.5801,334.5801,334.5801,176.0,TYL
2023-02-16 11:02:00,334.4925,334.68,334.21,334.68,761.0,TYL
2023-02-16 11:01:00,333.94,335.5599,333.22,334.395,9229.0,TYL
2023-02-16 11:00:00,333.505,333.505,333.505,333.505,395.0,TYL
2023-02-16 10:59:00,333.505,333.615,333.38,333.505,1384.0,TYL
2023-02-16 10:58:00,333.15,333.9499,333.15,333.915,853.0,TYL
2023-02-16 10:57:00,333.03,333.95,332.66,333.95,4067.0,TYL
2023-02-16 10:56:00,333.325,333.325,333.325,333.325,212.0,TYL
2023-02-16 10:55:00,333.32,333.32,333.32,333.32,152.0,TYL
2023-02-16 10:54:00,333.36,333.36,333.36,333.36,278.0,TYL
2023-02-16 10:53:00,332.785,333.97,332.48,333.97,5575.0,TYL
2023-02-16 10:52:00,332.77,332.934,332.45,332.45,2268.0,TYL
2023-02-16 10:50:00,333.06,334.125,332.96,333.625,2075.0,TYL
2023-02-16 10:49:00,332.665,332.665,332.38,332.38,1000.0,TYL
2023-02-16 10:48:00,332.38,332.745,332.38,332.745,431.0,TYL
2023-02-16 10:47:00,333.1,333.1,332.36,332.675,1890.0,TYL
2023-02-16 10:46:00,332.625,333.21,331.92,332.83,3765.0,TYL
2023-02-16 10:45:00,332.27,332.27,331.82,331.82,435.0,TYL
2023-02-16 10:43:00,332.28,332.28,332.28,332.28,173.0,TYL
2023-02-16 10:42:00,331.82,331.82,331.81,331.81,968.0,TYL
2023-02-16 10:41:00,331.85,332.29,331.59,331.605,3016.0,TYL
2023-02-16 10:40:00,331.63,331.63,331.48,331.53,926.0,TYL
2023-02-16 10:39:00,330.9693,330.9693,330.9693,330.9693,207.0,TYL
2023-02-16 10:38:00,330.13,330.59,329.42,330.07,2495.0,TYL
2023-02-16 10:37:00,329.8,330.65,329.8,330.2,1618.0,TYL
2023-02-16 10:36:00,329.27,329.9299,329.27,329.3346,937.0,TYL
2023-02-16 10:35:00,328.66,328.66,328.66,328.66,309.0,TYL
2023-02-16 10:34:00,329.185,329.185,327.75,328.56,3495.0,TYL
2023-02-16 10:33:00,328.91,329.65,328.43,329.65,2201.0,TYL
2023-02-16 10:32:00,328.84,329.12,328.57,328.57,1354.0,TYL
2023-02-16 10:31:00,329.43,329.43,328.3,328.79,5004.0,TYL
2023-02-16 10:30:00,330.18,330.18,329.42,329.89,1461.0,TYL
2023-02-16 10:29:00,329.39,330.17,329.39,329.7991,1956.0,TYL
2023-02-16 10:28:00,327.92,329.1,327.92,329.09,1750.0,TYL
2023-02-16 10:27:00,327.895,328.91,327.895,328.91,859.0,TYL
2023-02-16 10:26:00,327.01,328.4999,326.53,328.4999,3080.0,TYL
2023-02-16 10:25:00,326.83,327.76,326.42,326.89,8777.0,TYL
2023-02-16 10:23:00,326.9,326.92,326.9,326.92,335.0,TYL
2023-02-16 10:21:00,326.7,326.98,326.39,326.97,1178.0,TYL
2023-02-16 10:19:00,326.11,326.45,326.11,326.45,283.0,TYL
2023-02-16 10:18:00,325.88,325.88,325.88,325.88,505.0,TYL
2023-02-16 10:17:00,324.86,325.36,324.86,325.35,2257.0,TYL
2023-02-16 10:16:00,325.37,325.37,324.55,324.55,671.0,TYL
2023-02-16 10:15:00,326.605,326.605,325.015,325.015,1734.0,TYL
2023-02-16 10:14:00,323.89,326.81,323.89,326.5,5270.0,TYL
2023-02-16 10:13:00,322.39,323.32,322.3678,323.13,1359.0,TYL
2023-02-16 10:10:00,323.29,323.63,322.375,322.375,2219.0,TYL
2023-02-16 10:09:00,323.765,323.9861,323.425,323.425,690.0,TYL
2023-02-16 10:08:00,323.69,324.1645,323.5137,324.0386,739.0,TYL
2023-02-16 10:07:00,322.505,324.2999,322.19,324.2999,4889.0,TYL
2023-02-16 10:06:00,322.431,322.53,322.025,322.53,521.0,TYL
2023-02-16 10:05:00,321.93,322.54,321.71,322.04,2370.0,TYL
2023-02-16 10:04:00,321.07,321.07,321.0,321.0,1110.0,TYL
2023-02-16 10:03:00,320.89,321.0,320.8,321.0,1466.0,TYL
2023-02-16 10:02:00,321.46,321.66,320.515,320.515,3064.0,TYL
2023-02-16 10:01:00,322.46,322.46,321.51,321.51,978.0,TYL
2023-02-16 10:00:00,322.37,322.55,321.43,321.835,8482.0,TYL
2023-02-16 09:59:00,322.11,322.62,321.06,322.55,4095.0,TYL
2023-02-16 09:57:00,321.7056,321.7056,321.7056,321.7056,197.0,TYL
2023-02-16 09:56:00,321.7348,321.7348,321.7348,321.7348,263.0,TYL
2023-02-16 09:54:00,321.51,322.63,321.51,322.63,1037.0,TYL
2023-02-16 09:53:00,319.82,320.19,318.435,320.19,2087.0,TYL
2023-02-16 09:52:00,316.93,320.0,316.93,320.0,1872.0,TYL
2023-02-16 09:51:00,316.67,316.94,316.175,316.175,1239.0,TYL
2023-02-16 09:50:00,315.49,316.14,315.185,315.66,2019.0,TYL
2023-02-16 09:49:00,315.38,315.81,315.335,315.81,1769.0,TYL
2023-02-16 09:48:00,316.67,316.67,314.6434,314.6434,2198.0,TYL
2023-02-16 09:47:00,315.9,316.8748,315.63,315.84,4231.0,TYL
2023-02-16 09:46:00,315.75,316.04,315.45,316.04,555.0,TYL
2023-02-16 09:45:00,315.35,316.75,315.35,316.47,1867.0,TYL
2023-02-16 09:44:00,316.07,317.09,315.605,315.61,3224.0,TYL
2023-02-16 09:43:00,316.14,316.14,314.92,314.92,508.0,TYL
2023-02-16 09:41:00,314.92,314.92,314.92,314.92,497.0,TYL
2023-02-16 09:40:00,319.6,320.005,315.01,315.14,7712.0,TYL
2023-02-16 09:39:00,318.3,318.8156,318.17,318.8156,709.0,TYL
2023-02-16 09:38:00,321.63,321.63,318.42,319.04,2715.0,TYL
2023-02-16 09:37:00,321.5,321.5,320.56,320.565,513.0,TYL
2023-02-16 09:36:00,322.0,322.0,322.0,322.0,123.0,TYL
2023-02-16 09:34:00,323.165,323.165,323.165,323.165,215.0,TYL
2023-02-16 09:33:00,323.43,326.12,323.43,326.12,543.0,TYL
2023-02-16 09:32:00,320.01,320.01,320.01,320.01,296.0,TYL
2023-02-16 09:31:00,324.04,324.04,320.0101,320.0101,3737.0,TYL
2023-02-16 09:30:00,320.0,320.0,320.0,320.0,270.0,TYL
2023-02-15 16:03:00,332.77,332.77,332.77,332.77,362.0,TYL
2023-02-15 16:01:00,332.77,332.77,332.77,332.77,1736.0,TYL
2023-02-15 16:00:00,331.895,332.79,331.83,332.77,13566.0,TYL
2023-02-15 15:59:00,331.76,331.93,331.55,331.89,6399.0,TYL
2023-02-15 15:58:00,331.28,331.84,331.02,331.505,7423.0,TYL
2023-02-15 15:57:00,331.0,331.3,330.89,331.22,10031.0,TYL
2023-02-15 15:56:00,330.7425,331.04,330.575,330.74,6627.0,TYL
2023-02-15 15:55:00,330.41,330.8,330.41,330.71,5328.0,TYL
2023-02-15 15:54:00,330.17,330.39,330.17,330.38,2516.0,TYL
2023-02-15 15:53:00,330.29,330.34,329.98,330.12,7111.0,TYL
2023-02-15 15:52:00,330.75,330.75,330.38,330.48,3330.0,TYL
2023-02-15 15:51:00,330.72,330.905,330.53,330.75,3531.0,TYL
2023-02-15 15:50:00,330.63,330.63,330.35,330.44,3092.0,TYL
2023-02-15 15:49:00,330.41,330.82,330.385,330.57,3374.0,TYL
2023-02-15 15:48:00,330.405,330.61,330.39,330.47,1770.0,TYL
2023-02-15 15:47:00,330.085,330.49,330.02,330.49,1857.0,TYL
2023-02-15 15:46:00,329.855,330.12,329.71,330.12,3458.0,TYL
2023-02-15 15:45:00,329.98,330.0,329.77,329.77,1515.0,TYL
2023-02-15 15:44:00,330.225,330.225,330.225,330.225,647.0,TYL
2023-02-15 15:43:00,330.18,330.21,329.86,330.19,2322.0,TYL
2023-02-15 15:42:00,330.741,330.78,330.09,330.165,2626.0,TYL
2023-02-15 15:41:00,330.98,331.2575,330.83,330.91,2214.0,TYL
2023-02-15 15:40:00,331.17,331.31,331.0,331.05,1789.0,TYL
2023-02-15 15:39:00,331.27,331.275,331.27,331.275,289.0,TYL
2023-02-15 15:38:00,330.8,331.33,330.795,331.305,4389.0,TYL
2023-02-15 15:37:00,330.7,330.76,330.6,330.76,1169.0,TYL
2023-02-15 15:36:00,330.84,330.84,330.7,330.79,726.0,TYL
2023-02-15 15:35:00,330.92,330.92,330.73,330.73,1393.0,TYL
2023-02-15 15:34:00,330.645,331.025,330.645,331.025,1948.0,TYL
2023-02-15 15:33:00,330.94,331.12,330.775,330.775,5623.0,TYL
2023-02-15 15:32:00,331.25,331.26,331.02,331.02,1922.0,TYL
2023-02-15 15:31:00,331.23,331.25,331.07,331.25,1756.0,TYL
2023-02-15 15:30:00,331.14,331.33,331.025,331.025,1942.0,TYL
2023-02-15 15:29:00,330.645,331.015,330.645,331.015,685.0,TYL
2023-02-15 15:28:00,330.31,330.645,330.31,330.645,1462.0,TYL
2023-02-15 15:27:00,330.27,330.34,330.27,330.31,787.0,TYL
2023-02-15 15:26:00,330.1,330.25,330.005,330.25,6085.0,TYL
2023-02-15 15:25:00,329.85,330.04,329.85,330.04,907.0,TYL
2023-02-15 15:24:00,329.73,329.87,329.64,329.64,1638.0,TYL
2023-02-15 15:23:00,329.865,329.865,329.69,329.69,934.0,TYL
2023-02-15 15:22:00,329.63,329.735,329.63,329.735,1220.0,TYL
2023-02-15 15:21:00,329.51,329.51,329.43,329.43,433.0,TYL
2023-02-15 15:20:00,329.73,329.8,329.57,329.63,1970.0,TYL
2023-02-15 15:19:00,329.885,329.885,329.885,329.885,112.0,TYL
2023-02-15 15:18:00,330.175,330.175,329.8416,329.99,2498.0,TYL
2023-02-15 15:17:00,330.255,330.29,330.09,330.09,1192.0,TYL
2023-02-15 15:16:00,330.3,330.4,330.23,330.23,2776.0,TYL
2023-02-15 15:15:00,330.02,330.02,330.02,330.02,726.0,TYL
2023-02-15 15:14:00,330.06,330.13,329.92,329.93,1459.0,TYL
2023-02-15 15:13:00,330.295,330.295,330.11,330.11,771.0,TYL
2023-02-15 15:12:00,330.29,330.29,330.17,330.185,1739.0,TYL
2023-02-15 15:11:00,330.4,330.45,330.21,330.21,1264.0,TYL
2023-02-15 15:10:00,330.33,330.33,330.33,330.33,588.0,TYL
2023-02-15 15:09:00,330.515,330.515,330.43,330.45,721.0,TYL
2023-02-15 15:08:00,330.64,330.64,330.53,330.53,1759.0,TYL
2023-02-15 15:07:00,331.04,331.04,331.04,331.04,370.0,TYL
2023-02-15 15:06:00,331.07,331.07,331.07,331.07,774.0,TYL
2023-02-15 15:05:00,330.82,330.82,330.81,330.81,632.0,TYL
2023-02-15 15:04:00,331.29,331.29,330.81,330.81,1320.0,TYL
2023-02-15 15:03:00,330.715,331.19,330.715,331.0854,592.0,TYL
2023-02-15 15:02:00,330.405,330.68,330.405,330.68,8425.0,TYL
2023-02-15 15:01:00,330.17,330.66,330.17,330.66,1583.0,TYL
2023-02-15 14:59:00,330.45,330.45,330.15,330.15,1167.0,TYL
2023-02-15 14:58:00,329.94,330.46,329.94,330.45,4163.0,TYL
2023-02-15 14:57:00,330.075,330.075,330.075,330.075,113.0,TYL
2023-02-15 14:56:00,330.06,330.14,329.99,330.075,2053.0,TYL
2023-02-15 14:55:00,329.91,329.95,329.91,329.95,1113.0,TYL
2023-02-15 14:54:00,330.175,330.175,330.0,330.0,802.0,TYL
2023-02-15 14:53:00,330.2,330.2,330.175,330.175,865.0,TYL
2023-02-15 14:52:00,330.38,330.38,330.38,330.38,298.0,TYL
2023-02-15 14:51:00,330.08,330.35,330.04,330.27,1987.0,TYL
2023-02-15 14:50:00,330.24,330.26,330.165,330.165,631.0,TYL
2023-02-15 14:49:00,330.49,330.49,330.49,330.49,594.0,TYL
2023-02-15 14:48:00,330.475,330.48,330.19,330.19,2455.0,TYL
2023-02-15 14:47:00,330.54,330.54,330.535,330.535,228.0,TYL
2023-02-15 14:46:00,330.53,330.53,330.53,330.53,212.0,TYL
2023-02-15 14:45:00,330.78,330.78,330.48,330.48,4895.0,TYL
2023-02-15 14:44:00,330.95,331.1899,330.95,331.1899,512.0,TYL
2023-02-15 14:42:00,330.92,330.92,330.92,330.92,124.0,TYL
2023-02-15 14:41:00,330.835,330.835,330.835,330.835,291.0,TYL
2023-02-15 14:39:00,330.88,330.88,330.79,330.79,378.0,TYL
2023-02-15 14:38:00,330.695,330.89,330.695,330.885,5003.0,TYL
2023-02-15 14:37:00,330.68,330.8697,330.53,330.53,1067.0,TYL
2023-02-15 14:36:00,330.78,330.78,330.78,330.78,5718.0,TYL
2023-02-15 14:35:00,330.79,330.79,330.79,330.79,233.0,TYL
2023-02-15 14:34:00,330.865,330.865,330.865,330.865,109.0,TYL
2023-02-15 14:33:00,331.25,331.25,330.84,330.84,1854.0,TYL
2023-02-15 14:30:00,331.29,331.29,331.29,331.29,425.0,TYL
2023-02-15 14:29:00,331.3,331.3,331.295,331.295,229.0,TYL
2023-02-15 14:28:00,331.5,331.55,331.26,331.26,1321.0,TYL
2023-02-15 14:27:00,331.7,331.78,331.49,331.64,4474.0,TYL
2023-02-15 14:26:00,332.0,332.0,331.82,331.82,321.0,TYL
2023-02-15 14:25:00,331.86,331.86,331.86,331.86,129.0,TYL
2023-02-15 14:23:00,331.76,331.78,331.76,331.78,429.0,TYL
2023-02-15 14:21:00,331.22,331.46,331.22,331.43,806.0,TYL
2023-02-15 14:20:00,331.3,331.3,331.285,331.285,705.0,TYL
2023-02-15 14:19:00,331.475,331.475,331.475,331.475,1027.0,TYL
2023-02-15 14:17:00,331.64,331.64,331.64,331.64,694.0,TYL
2023-02-15 14:15:00,331.69,331.69,331.69,331.69,352.0,TYL
2023-02-15 14:14:00,331.4,331.4,331.4,331.4,307.0,TYL
2023-02-15 14:10:00,331.09,331.09,331.075,331.075,346.0,TYL
2023-02-15 14:07:00,330.81,330.82,330.69,330.82,1431.0,TYL
2023-02-15 14:04:00,330.63,330.63,330.62,330.63,413.0,TYL
2023-02-15 14:03:00,330.6,330.6,330.6,330.6,509.0,TYL
2023-02-15 14:02:00,330.38,330.38,330.38,330.38,137.0,TYL
2023-02-15 14:01:00,330.37,330.58,330.37,330.58,848.0,TYL
2023-02-15 14:00:00,330.51,330.51,330.51,330.51,669.0,TYL
2023-02-15 13:59:00,330.685,330.685,330.685,330.685,197.0,TYL
2023-02-15 13:58:00,330.52,330.61,330.52,330.61,620.0,TYL
2023-02-15 13:57:00,330.99,330.99,330.99,330.99,156.0,TYL
2023-02-15 13:55:00,330.94,330.94,330.94,330.94,281.0,TYL
2023-02-15 13:54:00,330.89,330.91,330.89,330.91,998.0,TYL
2023-02-15 13:52:00,330.74,330.74,330.74,330.74,121.0,TYL
2023-02-15 13:51:00,330.9,330.92,330.78,330.78,1179.0,TYL
2023-02-15 13:50:00,330.99,330.99,330.99,330.99,515.0,TYL
2023-02-15 13:49:00,331.15,331.15,331.02,331.02,564.0,TYL
2023-02-15 13:48:00,331.0,331.0,330.99,330.99,1295.0,TYL
2023-02-15 13:46:00,330.94,330.94,330.94,330.94,200.0,TYL
2023-02-15 13:44:00,330.36,330.72,330.25,330.72,2256.0,TYL
2023-02-15 13:43:00,330.61,330.61,330.27,330.29,3500.0,TYL
2023-02-15 13:42:00,330.61,330.74,330.61,330.74,576.0,TYL
2023-02-15 13:41:00,330.97,330.97,330.97,330.97,148.0,TYL
2023-02-15 13:40:00,330.98,330.98,330.98,330.98,211.0,TYL
2023-02-15 13:38:00,330.16,330.505,330.16,330.505,1026.0,TYL
2023-02-15 13:37:00,330.165,330.165,330.12,330.165,1372.0,TYL
2023-02-15 13:35:00,330.065,330.065,329.99,330.0,700.0,TYL
2023-02-15 13:33:00,329.59,329.59,329.59,329.59,577.0,TYL
2023-02-15 13:32:00,329.96,329.96,329.96,329.96,213.0,TYL
2023-02-15 13:30:00,329.665,329.665,329.655,329.655,1207.0,TYL
2023-02-15 13:28:00,329.23,329.23,329.23,329.23,175.0,TYL
2023-02-15 13:25:00,329.23,329.305,329.23,329.29,1120.0,TYL
2023-02-15 13:24:00,329.19,329.285,329.03,329.03,1757.0,TYL
2023-02-15 13:23:00,328.97,329.315,328.97,329.16,1174.0,TYL
2023-02-15 13:21:00,329.0,329.0,329.0,329.0,517.0,TYL
2023-02-15 13:20:00,328.8916,329.0,328.8916,329.0,874.0,TYL
2023-02-15 13:19:00,329.0,329.01,329.0,329.0,1227.0,TYL
2023-02-15 13:17:00,328.93,328.93,328.93,328.93,235.0,TYL
2023-02-15 13:14:00,328.82,328.885,328.82,328.885,464.0,TYL
2023-02-15 13:10:00,328.51,328.61,328.48,328.58,820.0,TYL
2023-02-15 13:09:00,328.04,328.48,328.04,328.48,1444.0,TYL
2023-02-15 13:07:00,327.975,327.975,327.975,327.975,258.0,TYL
2023-02-15 13:06:00,328.155,328.27,327.9,327.9,1042.0,TYL
2023-02-15 13:05:00,328.35,328.52,328.35,328.49,632.0,TYL
2023-02-15 13:04:00,328.905,328.905,328.51,328.51,974.0,TYL
2023-02-15 13:02:00,328.89,328.94,328.87,328.94,965.0,TYL
2023-02-15 13:01:00,328.605,329.15,328.605,329.01,1841.0,TYL
2023-02-15 13:00:00,328.665,328.665,328.53,328.53,669.0,TYL
2023-02-15 12:58:00,328.66,328.7,328.55,328.7,4945.0,TYL
2023-02-15 12:57:00,328.61,328.86,328.6,328.85,1551.0,TYL
2023-02-15 12:56:00,328.92,328.92,328.67,328.67,1361.0,TYL
2023-02-15 12:55:00,329.04,329.15,329.04,329.15,358.0,TYL
2023-02-15 12:54:00,329.15,329.15,329.15,329.15,632.0,TYL
2023-02-15 12:53:00,329.035,329.035,329.03,329.03,360.0,TYL
2023-02-15 12:52:00,329.145,329.15,329.025,329.15,1761.0,TYL
2023-02-15 12:49:00,328.99,329.05,328.99,329.05,323.0,TYL
2023-02-15 12:48:00,329.07,329.2,329.07,329.2,758.0,TYL
2023-02-15 12:47:00,329.25,329.59,329.25,329.59,350.0,TYL
2023-02-15 12:44:00,329.41,329.41,329.41,329.41,134.0,TYL
2023-02-15 12:43:00,328.835,328.835,328.835,328.835,139.0,TYL
2023-02-15 12:42:00,328.48,328.785,328.42,328.785,309.0,TYL
2023-02-15 12:41:00,328.145,328.61,328.145,328.59,1644.0,TYL
2023-02-15 12:38:00,327.72,327.9,327.52,327.9,2073.0,TYL
2023-02-15 12:37:00,327.61,328.01,327.61,328.01,574.0,TYL
2023-02-15 12:36:00,327.38,327.66,327.38,327.66,835.0,TYL
2023-02-15 12:34:00,327.15,327.3,327.15,327.3,330.0,TYL
2023-02-15 12:33:00,326.94,327.04,326.94,327.04,697.0,TYL
2023-02-15 12:32:00,326.66,326.79,326.66,326.79,209.0,TYL
2023-02-15 12:31:00,326.84,326.84,326.65,326.65,1219.0,TYL
2023-02-15 12:30:00,326.8,326.84,326.8,326.84,493.0,TYL
2023-02-15 12:29:00,327.075,327.075,327.075,327.075,110.0,TYL
2023-02-15 12:27:00,326.93,327.175,326.88,327.175,1355.0,TYL
2023-02-15 12:26:00,326.71,326.71,326.71,326.71,490.0,TYL
2023-02-15 12:24:00,327.52,327.52,326.97,326.97,1662.0,TYL
2023-02-15 12:23:00,327.41,327.66,327.41,327.66,340.0,TYL
2023-02-15 12:22:00,327.7,327.86,327.7,327.86,867.0,TYL
2023-02-15 12:21:00,327.97,327.97,327.78,327.78,1097.0,TYL
2023-02-15 12:20:00,328.39,328.39,328.02,328.02,832.0,TYL
2023-02-15 12:19:00,328.39,328.39,328.385,328.385,504.0,TYL
2023-02-15 12:18:00,328.33,328.4,328.33,328.34,1535.0,TYL
2023-02-15 12:17:00,328.53,328.61,328.53,328.6,383.0,TYL
2023-02-15 12:16:00,328.64,328.69,328.54,328.66,1573.0,TYL
2023-02-15 12:15:00,328.76,328.76,328.76,328.76,185.0,TYL
2023-02-15 12:12:00,328.87,328.87,328.66,328.66,497.0,TYL
2023-02-15 12:09:00,328.88,328.88,328.54,328.54,2670.0,TYL
2023-02-15 12:08:00,328.73,328.92,328.73,328.88,841.0,TYL
2023-02-15 12:07:00,328.86,328.9,328.37,328.49,2728.0,TYL
2023-02-15 12:05:00,329.065,329.065,329.06,329.06,245.0,TYL
2023-02-15 12:04:00,329.16,329.16,329.16,329.16,481.0,TYL
2023-02-15 12:03:00,329.095,329.13,329.095,329.13,276.0,TYL
2023-02-15 12:02:00,328.55,329.105,328.55,329.06,1887.0,TYL
2023-02-15 12:01:00,328.46,328.46,328.46,328.46,120.0,TYL
2023-02-15 11:59:00,328.34,328.45,328.2,328.45,1817.0,TYL
2023-02-15 11:58:00,328.66,328.66,328.4,328.4,905.0,TYL
2023-02-15 11:57:00,328.83,328.83,328.74,328.81,685.0,TYL
2023-02-15 11:56:00,328.98,328.98,328.94,328.94,433.0,TYL
2023-02-15 11:53:00,328.96,328.96,328.96,328.96,491.0,TYL
2023-02-15 11:47:00,328.88,328.88,328.72,328.72,892.0,TYL
2023-02-15 11:46:00,328.8675,328.8675,328.8675,328.8675,382.0,TYL
2023-02-15 11:45:00,329.0,329.0,328.79,328.79,1589.0,TYL
2023-02-15 11:44:00,329.06,329.06,329.06,329.06,156.0,TYL
2023-02-15 11:42:00,328.68,328.92,328.68,328.92,537.0,TYL
2023-02-15 11:38:00,328.125,328.125,328.125,328.125,136.0,TYL
2023-02-15 11:36:00,327.95,327.96,327.86,327.86,424.0,TYL
2023-02-15 11:35:00,328.005,328.005,327.8,327.9,2267.0,TYL
2023-02-15 11:34:00,328.1,328.1,328.1,328.1,109.0,TYL
2023-02-15 11:33:00,327.78,327.97,327.78,327.79,507.0,TYL
2023-02-15 11:32:00,328.03,328.03,327.97,327.99,1083.0,TYL
2023-02-15 11:31:00,328.7,328.7,328.7,328.7,108.0,TYL
2023-02-15 11:30:00,328.39,328.39,328.39,328.39,389.0,TYL
2023-02-15 11:29:00,327.84,327.84,327.84,327.84,113.0,TYL
2023-02-15 11:28:00,327.86,327.88,327.86,327.88,483.0,TYL
2023-02-15 11:26:00,327.575,327.575,327.44,327.44,656.0,TYL
2023-02-15 11:25:00,327.39,327.49,327.3,327.3,321.0,TYL
2023-02-15 11:24:00,327.26,327.45,327.26,327.45,691.0,TYL
2023-02-15 11:23:00,326.96,327.28,326.96,327.28,975.0,TYL
2023-02-15 11:22:00,326.955,327.07,326.95,327.06,891.0,TYL
2023-02-15 11:21:00,327.6,327.61,327.015,327.03,1808.0,TYL
2023-02-15 11:19:00,327.37,327.37,327.37,327.37,250.0,TYL
2023-02-15 11:18:00,327.63,327.63,327.46,327.525,703.0,TYL
2023-02-15 11:16:00,327.62,327.62,327.62,327.62,215.0,TYL
2023-02-15 11:14:00,327.77,327.89,327.7,327.7,794.0,TYL
2023-02-15 11:13:00,327.835,327.995,327.83,327.96,532.0,TYL
2023-02-15 11:12:00,328.05,328.05,327.89,327.89,681.0,TYL
2023-02-15 11:11:00,328.19,328.19,327.94,328.19,822.0,TYL
2023-02-15 11:10:00,327.99,327.99,327.92,327.92,721.0,TYL
2023-02-15 11:09:00,327.87,327.87,327.87,327.87,246.0,TYL
2023-02-15 11:08:00,328.085,328.13,328.0,328.0,1380.0,TYL
2023-02-15 11:07:00,328.11,328.19,328.11,328.19,1107.0,TYL
2023-02-15 11:06:00,327.7,327.7,327.7,327.7,748.0,TYL
2023-02-15 11:04:00,326.96,326.96,326.96,326.96,621.0,TYL
2023-02-15 11:03:00,327.19,327.19,327.0,327.0,517.0,TYL
2023-02-15 11:02:00,326.83,326.83,326.83,326.83,301.0,TYL
2023-02-15 10:59:00,326.84,327.09,326.84,326.975,583.0,TYL
2023-02-15 10:58:00,326.88,326.94,326.7,326.94,1856.0,TYL
2023-02-15 10:56:00,327.255,327.255,326.85,327.125,2558.0,TYL
2023-02-15 10:55:00,327.4,327.4,327.4,327.4,272.0,TYL
2023-02-15 10:54:00,327.28,327.5,327.28,327.5,337.0,TYL
2023-02-15 10:53:00,326.745,327.27,326.74,327.245,2789.0,TYL
2023-02-15 10:52:00,326.68,326.875,326.61,326.61,1768.0,TYL
2023-02-15 10:48:00,326.33,326.33,326.33,326.33,284.0,TYL
2023-02-15 10:46:00,326.64,326.64,326.64,326.64,454.0,TYL
2023-02-15 10:45:00,327.09,327.09,326.88,326.88,651.0,TYL
2023-02-15 10:44:00,327.475,327.475,327.475,327.475,115.0,TYL
2023-02-15 10:43:00,327.26,327.26,327.12,327.12,819.0,TYL
2023-02-15 10:42:00,327.65,327.65,327.63,327.65,1130.0,TYL
2023-02-15 10:40:00,328.25,328.25,327.66,327.94,1909.0,TYL
2023-02-15 10:39:00,327.85,328.13,327.85,328.13,1209.0,TYL
2023-02-15 10:36:00,327.16,327.51,327.16,327.395,1385.0,TYL
2023-02-15 10:35:00,327.37,327.52,327.37,327.52,849.0,TYL
2023-02-15 10:32:00,327.32,327.33,326.84,326.84,1879.0,TYL
2023-02-15 10:31:00,326.695,326.695,326.695,326.695,388.0,TYL
2023-02-15 10:30:00,327.49,327.49,327.26,327.26,1904.0,TYL
2023-02-15 10:29:00,327.95,327.95,327.935,327.935,579.0,TYL
2023-02-15 10:28:00,327.965,327.965,327.965,327.965,204.0,TYL
2023-02-15 10:27:00,328.0025,328.0025,328.0025,328.0025,145.0,TYL
2023-02-15 10:26:00,327.98,327.98,327.98,327.98,224.0,TYL
2023-02-15 10:25:00,328.32,328.32,327.37,327.37,1145.0,TYL
2023-02-15 10:24:00,327.9,328.29,327.9,328.29,811.0,TYL
2023-02-15 10:23:00,327.68,327.78,327.68,327.78,738.0,TYL
2023-02-15 10:22:00,327.61,327.61,327.61,327.61,135.0,TYL
2023-02-15 10:20:00,327.65,327.65,327.65,327.65,158.0,TYL
2023-02-15 10:19:00,327.16,327.16,326.91,326.91,373.0,TYL
2023-02-15 10:18:00,327.165,327.165,327.165,327.165,200.0,TYL
2023-02-15 10:15:00,327.44,327.44,326.47,326.47,1046.0,TYL
2023-02-15 10:14:00,326.04,327.28,326.04,327.28,778.0,TYL
2023-02-15 10:12:00,326.57,326.57,326.19,326.19,1206.0,TYL
2023-02-15 10:11:00,326.9025,326.9025,326.9025,326.9025,813.0,TYL
2023-02-15 10:08:00,326.635,326.635,326.635,326.635,185.0,TYL
2023-02-15 10:07:00,326.745,326.745,326.745,326.745,595.0,TYL
2023-02-15 10:05:00,326.85,326.85,326.85,326.85,620.0,TYL
2023-02-15 10:04:00,327.315,327.62,327.315,327.62,336.0,TYL
2023-02-15 10:03:00,327.99,327.99,327.03,327.32,1825.0,TYL
2023-02-15 10:02:00,327.915,328.48,327.915,328.48,835.0,TYL
2023-02-15 10:01:00,327.365,329.3,327.36,329.3,1122.0,TYL
2023-02-15 10:00:00,328.23,328.23,328.23,328.23,230.0,TYL
2023-02-15 09:59:00,327.22,327.7,327.05,327.66,964.0,TYL
2023-02-15 09:58:00,327.29,327.67,327.29,327.67,1092.0,TYL
2023-02-15 09:57:00,327.08,327.08,327.08,327.08,513.0,TYL
2023-02-15 09:55:00,326.8,326.8,326.8,326.8,136.0,TYL
2023-02-15 09:54:00,328.105,328.105,326.81,326.81,2534.0,TYL
2023-02-15 09:53:00,328.67,328.67,327.67,328.11,2001.0,TYL
2023-02-15 09:52:00,328.42,328.42,328.42,328.42,151.0,TYL
2023-02-15 09:51:00,328.49,328.52,328.49,328.52,419.0,TYL
2023-02-15 09:47:00,328.99,328.99,328.99,328.99,223.0,TYL
2023-02-15 09:46:00,326.2,327.75,325.78,327.75,1840.0,TYL
2023-02-15 09:44:00,326.27,326.27,326.27,326.27,110.0,TYL
2023-02-15 09:42:00,325.73,325.73,325.73,325.73,124.0,TYL
2023-02-15 09:41:00,325.13,325.675,324.59,325.05,2294.0,TYL
2023-02-15 09:39:00,326.105,326.24,325.2788,326.085,677.0,TYL
2023-02-15 09:36:00,326.04,326.66,325.25,326.185,2470.0,TYL
2023-02-15 09:32:00,323.54,324.83,323.54,324.83,913.0,TYL
2023-02-15 09:31:00,324.52,324.52,324.52,324.52,1241.0,TYL
2023-02-14 16:02:00,326.19,326.19,326.19,326.19,298.0,TYL
2023-02-14 16:01:00,326.19,326.19,326.19,326.19,12846.0,TYL
2023-02-14 16:00:00,326.08,326.28,325.75,325.96,14197.0,TYL
2023-02-14 15:59:00,326.03,326.24,325.86,326.11,6222.0,TYL
2023-02-14 15:58:00,326.06,326.19,325.89,325.98,8420.0,TYL
2023-02-14 15:57:00,326.13,326.51,326.1,326.19,6848.0,TYL
2023-02-14 15:56:00,326.89,326.98,326.18,326.23,9634.0,TYL
2023-02-14 15:55:00,326.89,326.89,326.69,326.72,3181.0,TYL
2023-02-14 15:54:00,326.73,326.89,326.67,326.89,3354.0,TYL
2023-02-14 15:53:00,326.83,326.89,326.7,326.705,2797.0,TYL
2023-02-14 15:52:00,327.23,327.285,326.89,326.89,3728.0,TYL
2023-02-14 15:51:00,327.18,327.18,327.05,327.085,3216.0,TYL
2023-02-14 15:50:00,327.36,327.37,327.26,327.34,1217.0,TYL
2023-02-14 15:49:00,327.585,327.6,327.34,327.6,2382.0,TYL
2023-02-14 15:48:00,327.66,327.66,327.4,327.65,5185.0,TYL
2023-02-14 15:47:00,327.825,327.825,327.65,327.65,822.0,TYL
2023-02-14 15:46:00,327.97,328.1279,327.72,327.91,1097.0,TYL
2023-02-14 15:45:00,328.23,328.23,328.08,328.08,679.0,TYL
2023-02-14 15:44:00,328.065,328.065,328.065,328.065,1022.0,TYL
2023-02-14 15:43:00,328.1,328.1,328.05,328.05,353.0,TYL
2023-02-14 15:42:00,328.01,328.205,327.94,328.205,1236.0,TYL
2023-02-14 15:41:00,328.01,328.01,327.91,327.91,632.0,TYL
2023-02-14 15:40:00,327.93,327.93,327.63,327.88,3543.0,TYL
2023-02-14 15:39:00,327.755,327.97,327.755,327.97,1401.0,TYL
2023-02-14 15:38:00,327.77,327.78,327.71,327.71,481.0,TYL
2023-02-14 15:37:00,327.68,327.82,327.68,327.82,279.0,TYL
2023-02-14 15:36:00,327.695,328.01,327.695,328.01,318.0,TYL
2023-02-14 15:35:00,327.38,327.38,327.38,327.38,378.0,TYL
2023-02-14 15:34:00,327.13,327.24,327.11,327.18,1752.0,TYL
2023-02-14 15:33:00,327.51,327.51,327.32,327.32,1645.0,TYL
2023-02-14 15:32:00,327.18,327.57,327.18,327.57,1010.0,TYL
2023-02-14 15:31:00,326.73,327.13,326.73,327.13,2318.0,TYL
2023-02-14 15:30:00,326.9375,326.985,326.9375,326.985,535.0,TYL
2023-02-14 15:29:00,327.205,327.205,326.91,326.91,923.0,TYL
2023-02-14 15:28:00,327.1,327.1,327.1,327.1,176.0,TYL
2023-02-14 15:27:00,327.31,327.365,327.31,327.365,519.0,TYL
2023-02-14 15:26:00,327.6,327.6,327.37,327.4,3421.0,TYL
2023-02-14 15:25:00,327.79,327.79,327.45,327.53,1369.0,TYL
2023-02-14 15:24:00,327.625,327.625,327.46,327.46,548.0,TYL
2023-02-14 15:22:00,327.44,327.59,327.44,327.59,304.0,TYL
2023-02-14 15:21:00,327.62,327.62,327.61,327.61,561.0,TYL
2023-02-14 15:20:00,327.8825,327.8825,327.83,327.83,674.0,TYL
2023-02-14 15:19:00,327.54,328.05,327.54,328.05,997.0,TYL
2023-02-14 15:17:00,327.265,327.265,327.265,327.265,161.0,TYL
2023-02-14 15:16:00,327.24,327.27,327.24,327.27,861.0,TYL
2023-02-14 15:15:00,327.76,327.76,327.76,327.76,330.0,TYL
2023-02-14 15:13:00,326.95,326.97,326.95,326.97,1249.0,TYL
2023-02-14 15:11:00,327.11,327.11,326.76,326.76,753.0,TYL
2023-02-14 15:10:00,327.44,327.44,327.44,327.44,845.0,TYL
2023-02-14 15:09:00,327.525,327.525,327.525,327.525,370.0,TYL
2023-02-14 15:07:00,327.51,327.73,327.48,327.48,395.0,TYL
2023-02-14 15:05:00,327.505,327.505,327.505,327.505,159.0,TYL
2023-02-14 15:04:00,327.86,328.03,327.51,327.51,1319.0,TYL
2023-02-14 15:03:00,328.04,328.04,328.04,328.04,199.0,TYL
2023-02-14 15:02:00,327.855,327.855,327.855,327.855,278.0,TYL
2023-02-14 15:01:00,327.85,328.05,327.85,327.96,423.0,TYL
2023-02-14 15:00:00,327.47,327.8275,327.47,327.8275,1661.0,TYL
2023-02-14 14:59:00,327.32,327.32,327.32,327.32,281.0,TYL
2023-02-14 14:58:00,327.32,327.32,327.24,327.24,369.0,TYL
2023-02-14 14:54:00,327.454,327.512,327.42,327.42,1479.0,TYL
2023-02-14 14:53:00,327.74,327.74,327.57,327.57,1314.0,TYL
2023-02-14 14:52:00,328.12,328.12,328.12,328.12,227.0,TYL
2023-02-14 14:51:00,328.12,328.12,328.12,328.12,168.0,TYL
2023-02-14 14:50:00,327.86,327.86,327.86,327.86,1097.0,TYL
2023-02-14 14:49:00,328.005,328.005,328.005,328.005,329.0,TYL
2023-02-14 14:48:00,327.71,327.85,327.71,327.85,576.0,TYL
2023-02-14 14:47:00,327.57,327.57,327.57,327.57,212.0,TYL
2023-02-14 14:46:00,327.7,327.77,327.7,327.73,509.0,TYL
2023-02-14 14:44:00,327.56,327.56,327.56,327.56,377.0,TYL
2023-02-14 14:43:00,327.74,327.74,327.61,327.61,890.0,TYL
2023-02-14 14:40:00,327.01,327.22,327.01,327.22,555.0,TYL
2023-02-14 14:38:00,327.42,327.42,327.42,327.42,135.0,TYL
2023-02-14 14:37:00,326.745,326.98,326.745,326.98,497.0,TYL
2023-02-14 14:36:00,327.0,327.0,327.0,327.0,691.0,TYL
2023-02-14 14:35:00,326.435,326.68,326.435,326.63,1488.0,TYL
2023-02-14 14:34:00,326.325,326.325,326.325,326.325,776.0,TYL
2023-02-14 14:33:00,326.85,326.85,326.85,326.85,114.0,TYL
2023-02-14 14:32:00,326.31,326.31,326.31,326.31,237.0,TYL
2023-02-14 14:31:00,325.88,325.92,325.88,325.92,692.0,TYL
2023-02-14 14:30:00,325.62,325.88,325.59,325.735,1124.0,TYL
2023-02-14 14:29:00,326.05,326.05,325.66,325.73,2141.0,TYL
2023-02-14 14:27:00,326.17,326.19,326.0,326.0,2654.0,TYL
2023-02-14 14:26:00,325.95,325.95,325.95,325.95,101.0,TYL
2023-02-14 14:25:00,325.91,325.91,325.91,325.91,276.0,TYL
2023-02-14 14:24:00,325.915,325.915,325.915,325.915,106.0,TYL
2023-02-14 14:22:00,325.95,326.095,325.94,325.94,626.0,TYL
2023-02-14 14:21:00,326.25,326.25,325.94,325.94,927.0,TYL
2023-02-14 14:20:00,325.91,325.91,325.88,325.88,460.0,TYL
2023-02-14 14:19:00,326.03,326.03,325.87,325.87,1785.0,TYL
2023-02-14 14:17:00,326.08,326.08,325.86,325.865,1085.0,TYL
2023-02-14 14:16:00,326.0,326.24,326.0,326.0,779.0,TYL
2023-02-14 14:15:00,326.0,326.0,326.0,326.0,257.0,TYL
2023-02-14 14:14:00,325.985,326.0,325.985,326.0,205.0,TYL
2023-02-14 14:13:00,325.975,325.975,325.64,325.86,3596.0,TYL
2023-02-14 14:11:00,326.0,326.0,326.0,326.0,230.0,TYL
2023-02-14 14:10:00,326.29,326.29,326.29,326.29,543.0,TYL
2023-02-14 14:09:00,325.615,325.715,325.615,325.715,612.0,TYL
2023-02-14 14:08:00,326.06,326.06,325.59,325.62,769.0,TYL
2023-02-14 14:06:00,326.69,326.7,326.02,326.23,2911.0,TYL
2023-02-14 14:05:00,327.17,327.17,327.05,327.05,1097.0,TYL
2023-02-14 14:04:00,327.1,327.45,327.1,327.45,1591.0,TYL
2023-02-14 14:03:00,327.09,327.09,327.05,327.05,230.0,TYL
2023-02-14 14:02:00,327.04,327.04,327.04,327.04,136.0,TYL
2023-02-14 14:01:00,327.28,327.28,327.28,327.28,246.0,TYL
2023-02-14 13:59:00,327.67,327.67,327.57,327.57,890.0,TYL
2023-02-14 13:57:00,328.36,328.49,328.0,328.0,1003.0,TYL
2023-02-14 13:56:00,328.28,328.28,328.28,328.28,202.0,TYL
2023-02-14 13:55:00,328.23,328.23,328.04,328.04,821.0,TYL
2023-02-14 13:54:00,328.21,328.21,328.21,328.21,454.0,TYL
2023-02-14 13:52:00,328.435,328.435,328.21,328.21,471.0,TYL
2023-02-14 13:47:00,328.06,328.47,328.06,328.47,979.0,TYL
2023-02-14 13:46:00,327.415,327.8,327.415,327.765,3783.0,TYL
2023-02-14 13:45:00,327.51,327.65,327.36,327.41,2493.0,TYL
2023-02-14 13:44:00,327.73,327.73,327.58,327.58,693.0,TYL
2023-02-14 13:42:00,328.0425,328.0425,327.74,327.74,592.0,TYL
2023-02-14 13:38:00,328.095,328.095,327.72,327.72,466.0,TYL
2023-02-14 13:36:00,327.72,327.72,327.72,327.72,162.0,TYL
2023-02-14 13:35:00,327.9,327.9,327.9,327.9,239.0,TYL
2023-02-14 13:34:00,327.98,327.98,327.94,327.95,725.0,TYL
2023-02-14 13:31:00,328.38,328.48,328.14,328.14,352.0,TYL
2023-02-14 13:28:00,328.3,328.3,328.0,328.0,464.0,TYL
2023-02-14 13:25:00,328.45,328.47,328.12,328.12,2066.0,TYL
2023-02-14 13:24:00,328.68,328.68,328.68,328.68,511.0,TYL
2023-02-14 13:19:00,328.04,328.04,327.64,327.96,3422.0,TYL
2023-02-14 13:18:00,328.0,328.0,327.8,327.8,695.0,TYL
2023-02-14 13:17:00,327.37,327.37,327.37,327.37,104.0,TYL
2023-02-14 13:15:00,326.64,327.07,326.64,326.895,4440.0,TYL
2023-02-14 13:11:00,326.44,326.455,326.27,326.455,480.0,TYL
2023-02-14 13:10:00,326.39,326.47,326.34,326.47,1034.0,TYL
2023-02-14 13:08:00,326.62,326.8,326.62,326.8,769.0,TYL
2023-02-14 13:06:00,326.54,326.74,326.405,326.71,824.0,TYL
2023-02-14 13:05:00,326.25,326.25,326.25,326.25,213.0,TYL
2023-02-14 13:04:00,325.77,326.0,325.77,325.8,490.0,TYL
2023-02-14 13:02:00,325.3,325.83,325.3,325.83,1054.0,TYL
2023-02-14 13:01:00,325.3,325.3,325.3,325.3,321.0,TYL
2023-02-14 12:58:00,325.18,325.18,325.18,325.18,103.0,TYL
2023-02-14 12:57:00,325.12,325.12,325.12,325.12,402.0,TYL
2023-02-14 12:56:00,324.93,324.94,324.93,324.94,227.0,TYL
2023-02-14 12:54:00,324.37,324.37,324.37,324.37,385.0,TYL
2023-02-14 12:50:00,324.82,324.88,324.68,324.68,813.0,TYL
2023-02-14 12:49:00,324.92,324.92,324.76,324.76,941.0,TYL
2023-02-14 12:48:00,324.91,325.1,324.91,325.1,915.0,TYL
2023-02-14 12:47:00,324.49,324.5,324.49,324.5,380.0,TYL
2023-02-14 12:46:00,324.15,324.4,324.15,324.4,1203.0,TYL
2023-02-14 12:45:00,324.09,324.09,324.08,324.08,326.0,TYL
2023-02-14 12:44:00,324.5,324.5,324.5,324.5,495.0,TYL
2023-02-14 12:42:00,325.01,325.04,325.01,325.04,1015.0,TYL
2023-02-14 12:41:00,325.0782,325.17,325.04,325.04,761.0,TYL
2023-02-14 12:40:00,325.21,325.21,325.21,325.21,128.0,TYL
2023-02-14 12:38:00,325.17,325.17,325.17,325.17,248.0,TYL
2023-02-14 12:36:00,325.23,325.23,325.15,325.15,887.0,TYL
2023-02-14 12:30:00,324.65,324.65,324.65,324.65,360.0,TYL
2023-02-14 12:29:00,324.99,324.99,324.99,324.99,558.0,TYL
2023-02-14 12:27:00,325.09,325.09,325.09,325.09,248.0,TYL
2023-02-14 12:26:00,324.82,324.82,324.82,324.82,391.0,TYL
2023-02-14 12:25:00,324.715,324.715,324.715,324.715,271.0,TYL
2023-02-14 12:24:00,324.54,324.7,324.53,324.7,987.0,TYL
2023-02-14 12:23:00,324.86,324.86,324.86,324.86,102.0,TYL
2023-02-14 12:22:00,325.21,325.21,324.91,324.91,940.0,TYL
2023-02-14 12:21:00,325.03,325.04,325.03,325.04,277.0,TYL
2023-02-14 12:19:00,324.805,324.82,324.805,324.82,203.0,TYL
2023-02-14 12:18:00,324.75,324.99,324.7,324.99,1536.0,TYL
2023-02-14 12:16:00,324.465,324.465,324.465,324.465,157.0,TYL
2023-02-14 12:15:00,324.7,324.7,324.39,324.4,1785.0,TYL
2023-02-14 12:14:00,324.875,324.875,324.875,324.875,213.0,TYL
2023-02-14 12:13:00,324.71,324.71,324.71,324.71,266.0,TYL
2023-02-14 12:11:00,324.87,325.28,324.87,325.26,1490.0,TYL
2023-02-14 12:09:00,324.595,324.595,324.595,324.595,101.0,TYL
2023-02-14 12:06:00,324.385,324.385,324.385,324.385,145.0,TYL
2023-02-14 12:03:00,324.31,324.31,324.31,324.31,332.0,TYL
2023-02-14 12:01:00,324.39,324.39,324.27,324.3,539.0,TYL
2023-02-14 12:00:00,324.59,324.59,324.59,324.59,337.0,TYL
2023-02-14 11:55:00,323.76,324.26,323.76,324.26,1370.0,TYL
2023-02-14 11:54:00,323.74,323.815,323.74,323.78,1167.0,TYL
2023-02-14 11:51:00,324.14,324.15,323.95,324.15,1171.0,TYL
2023-02-14 11:50:00,324.26,324.26,324.26,324.26,509.0,TYL
2023-02-14 11:44:00,323.805,323.805,323.805,323.805,154.0,TYL
2023-02-14 11:43:00,324.01,324.01,324.01,324.01,921.0,TYL
2023-02-14 11:41:00,324.17,324.17,324.17,324.17,106.0,TYL
2023-02-14 11:38:00,324.395,324.395,324.395,324.395,164.0,TYL
2023-02-14 11:37:00,324.76,324.76,324.76,324.76,107.0,TYL
2023-02-14 11:36:00,324.12,324.45,324.05,324.45,1578.0,TYL
2023-02-14 11:34:00,323.81,323.81,323.81,323.81,200.0,TYL
2023-02-14 11:33:00,324.32,324.63,323.875,323.945,848.0,TYL
2023-02-14 11:32:00,324.52,324.52,324.52,324.52,393.0,TYL
2023-02-14 11:31:00,324.3,324.32,323.9825,324.32,704.0,TYL
2023-02-14 11:29:00,325.76,325.76,324.85,324.85,1018.0,TYL
2023-02-14 11:27:00,325.79,325.79,325.695,325.695,629.0,TYL
2023-02-14 11:26:00,326.55,326.56,326.42,326.42,750.0,TYL
2023-02-14 11:25:00,326.57,326.57,326.57,326.57,342.0,TYL
2023-02-14 11:24:00,326.74,326.74,326.74,326.74,407.0,TYL
2023-02-14 11:23:00,326.68,326.68,326.59,326.59,953.0,TYL
2023-02-14 11:22:00,327.11,327.24,327.11,327.14,938.0,TYL
2023-02-14 11:19:00,327.22,327.22,327.22,327.22,195.0,TYL
2023-02-14 11:15:00,326.36,326.83,326.36,326.83,573.0,TYL
2023-02-14 11:14:00,326.45,326.45,326.37,326.37,552.0,TYL
2023-02-14 11:13:00,327.27,327.27,326.71,326.71,980.0,TYL
2023-02-14 11:12:00,326.93,326.93,326.93,326.93,270.0,TYL
2023-02-14 11:11:00,326.79,326.79,326.79,326.79,117.0,TYL
2023-02-14 11:10:00,327.16,327.16,326.8,326.8,835.0,TYL
2023-02-14 11:09:00,327.105,327.105,327.105,327.105,474.0,TYL
2023-02-14 11:07:00,326.865,326.865,326.865,326.865,190.0,TYL
2023-02-14 11:05:00,326.79,326.81,326.79,326.81,846.0,TYL
2023-02-14 11:04:00,327.24,327.24,326.67,326.69,1504.0,TYL
2023-02-14 11:03:00,327.41,327.41,327.41,327.41,167.0,TYL
2023-02-14 11:02:00,326.95,326.95,326.95,326.95,141.0,TYL
2023-02-14 11:01:00,326.5,326.5,326.5,326.5,638.0,TYL
2023-02-14 10:59:00,326.95,326.95,326.95,326.95,175.0,TYL
2023-02-14 10:56:00,325.07,325.07,325.07,325.07,192.0,TYL
2023-02-14 10:55:00,325.235,325.235,325.235,325.235,187.0,TYL
2023-02-14 10:53:00,324.97,324.97,324.97,324.97,136.0,TYL
2023-02-14 10:51:00,325.895,325.895,325.67,325.67,536.0,TYL
2023-02-14 10:50:00,325.105,325.71,325.105,325.64,1010.0,TYL
2023-02-14 10:49:00,324.98,324.98,324.98,324.98,139.0,TYL
2023-02-14 10:47:00,324.98,324.98,324.98,324.98,300.0,TYL
2023-02-14 10:46:00,324.72,324.72,324.72,324.72,856.0,TYL
2023-02-14 10:45:00,325.355,325.355,325.355,325.355,112.0,TYL
2023-02-14 10:44:00,325.15,325.15,325.15,325.15,150.0,TYL
2023-02-14 10:43:00,325.39,325.39,325.16,325.16,468.0,TYL
2023-02-14 10:42:00,325.12,325.12,324.96,324.96,1089.0,TYL
2023-02-14 10:41:00,325.7,325.91,325.7,325.9,1162.0,TYL
2023-02-14 10:38:00,327.21,327.21,326.11,326.11,632.0,TYL
2023-02-14 10:36:00,328.12,328.12,327.5,327.5,1359.0,TYL
2023-02-14 10:33:00,328.415,328.415,328.415,328.415,180.0,TYL
2023-02-14 10:32:00,328.68,328.68,328.68,328.68,928.0,TYL
2023-02-14 10:31:00,328.97,328.97,328.925,328.925,728.0,TYL
2023-02-14 10:30:00,328.93,329.07,328.655,328.655,1265.0,TYL
2023-02-14 10:29:00,329.08,329.08,329.08,329.08,304.0,TYL
2023-02-14 10:28:00,330.08,330.08,329.7,329.7,716.0,TYL
2023-02-14 10:27:00,330.78,330.78,330.18,330.3,1881.0,TYL
2023-02-14 10:26:00,330.615,330.615,330.615,330.615,163.0,TYL
2023-02-14 10:24:00,330.88,330.88,330.88,330.88,167.0,TYL
2023-02-14 10:22:00,329.88,329.88,329.88,329.88,308.0,TYL
2023-02-14 10:21:00,329.51,329.51,329.51,329.51,395.0,TYL
2023-02-14 10:20:00,330.29,330.37,330.29,330.37,805.0,TYL
2023-02-14 10:19:00,329.49,329.49,329.49,329.49,559.0,TYL
2023-02-14 10:16:00,329.07,329.58,329.07,329.58,714.0,TYL
2023-02-14 10:14:00,329.03,329.37,328.32,328.32,1720.0,TYL
2023-02-14 10:13:00,329.42,329.42,329.42,329.42,198.0,TYL
2023-02-14 10:12:00,328.85,328.85,328.85,328.85,642.0,TYL
2023-02-14 10:11:00,328.52,328.52,328.24,328.34,2517.0,TYL
2023-02-14 10:10:00,327.7,328.9,327.7,328.9,613.0,TYL
2023-02-14 10:08:00,327.57,327.57,327.57,327.57,233.0,TYL
2023-02-14 10:07:00,326.615,327.63,326.615,327.1,1105.0,TYL
2023-02-14 10:05:00,326.03,326.41,326.03,326.41,434.0,TYL
2023-02-14 10:04:00,325.17,325.83,325.17,325.83,1297.0,TYL
2023-02-14 10:03:00,325.01,325.13,325.01,325.13,370.0,TYL
2023-02-14 10:02:00,323.62,324.15,323.62,324.15,471.0,TYL
2023-02-14 10:01:00,323.37,323.77,323.2275,323.6,2138.0,TYL
2023-02-14 10:00:00,323.02,323.02,322.86,323.0,499.0,TYL
2023-02-14 09:59:00,323.23,323.23,322.685,323.195,690.0,TYL
2023-02-14 09:58:00,322.75,322.85,322.75,322.785,703.0,TYL
2023-02-14 09:57:00,322.28,322.28,322.28,322.28,547.0,TYL
2023-02-14 09:56:00,321.04,321.16,321.04,321.16,349.0,TYL
2023-02-14 09:55:00,321.32,321.32,321.015,321.015,572.0,TYL
2023-02-14 09:51:00,321.43,321.44,321.43,321.435,368.0,TYL
2023-02-14 09:49:00,321.69,321.76,321.69,321.755,563.0,TYL
2023-02-14 09:48:00,322.53,322.54,322.235,322.26,1206.0,TYL
2023-02-14 09:47:00,322.815,322.82,321.91,321.91,1438.0,TYL
2023-02-14 09:46:00,322.57,322.83,322.57,322.83,354.0,TYL
2023-02-14 09:43:00,322.085,322.085,322.04,322.08,563.0,TYL
2023-02-14 09:41:00,322.2,322.2,322.2,322.2,246.0,TYL
2023-02-14 09:39:00,322.33,322.33,322.09,322.09,567.0,TYL
2023-02-14 09:38:00,323.4,323.4,323.25,323.25,381.0,TYL
2023-02-14 09:35:00,323.602,323.602,323.602,323.602,434.0,TYL
2023-02-14 09:33:00,322.7,322.7,322.7,322.7,126.0,TYL
2023-02-14 09:32:00,324.44,324.44,322.4978,322.4978,596.0,TYL
2023-02-14 09:31:00,323.24,326.6,323.24,325.98,4042.0,TYL
2023-02-13 16:02:00,325.92,325.92,325.92,325.92,5743.0,TYL
2023-02-13 16:01:00,325.92,325.92,325.92,325.92,2269.0,TYL
2023-02-13 16:00:00,325.13,325.94,325.065,325.91,11435.0,TYL
2023-02-13 15:59:00,325.08,325.12,324.98,325.03,6938.0,TYL
2023-02-13 15:58:00,325.04,325.12,324.97,325.01,2710.0,TYL
2023-02-13 15:57:00,325.08,325.35,325.0,325.015,9225.0,TYL
2023-02-13 15:56:00,325.1,325.1625,324.985,325.085,4223.0,TYL
2023-02-13 15:55:00,324.99,325.22,324.88,324.88,3772.0,TYL
2023-02-13 15:54:00,325.12,325.12,324.96,324.97,1133.0,TYL
2023-02-13 15:53:00,324.95,325.25,324.84,325.24,5789.0,TYL
2023-02-13 15:52:00,325.08,325.17,324.835,324.935,5795.0,TYL
2023-02-13 15:51:00,325.56,325.57,325.06,325.06,2484.0,TYL
2023-02-13 15:50:00,325.56,325.855,325.46,325.58,2209.0,TYL
2023-02-13 15:49:00,325.22,325.42,325.22,325.4,998.0,TYL
2023-02-13 15:48:00,325.45,325.58,325.15,325.2,1688.0,TYL
2023-02-13 15:47:00,325.35,325.43,325.31,325.405,1510.0,TYL
2023-02-13 15:46:00,325.57,325.665,325.4,325.4,1760.0,TYL
2023-02-13 15:45:00,325.66,325.685,325.615,325.685,1803.0,TYL
2023-02-13 15:44:00,325.53,325.53,325.46,325.46,626.0,TYL
2023-02-13 15:43:00,325.74,325.74,325.47,325.53,3111.0,TYL
2023-02-13 15:42:00,325.34,325.74,325.32,325.74,2007.0,TYL
2023-02-13 15:41:00,325.28,325.28,325.22,325.22,390.0,TYL
2023-02-13 15:40:00,325.225,325.395,325.15,325.15,2305.0,TYL
2023-02-13 15:38:00,325.235,325.235,325.235,325.235,124.0,TYL
2023-02-13 15:37:00,325.32,325.32,325.15,325.18,2184.0,TYL
2023-02-13 15:36:00,325.38,325.43,325.27,325.36,1840.0,TYL
2023-02-13 15:34:00,325.36,325.465,325.35,325.41,1654.0,TYL
2023-02-13 15:33:00,325.43,325.43,325.32,325.32,1531.0,TYL
2023-02-13 15:31:00,325.4125,325.595,325.405,325.54,1644.0,TYL
2023-02-13 15:29:00,325.635,325.76,325.35,325.405,1759.0,TYL
2023-02-13 15:28:00,325.42,325.53,325.335,325.53,1177.0,TYL
2023-02-13 15:27:00,325.375,325.375,325.22,325.3,1078.0,TYL
2023-02-13 15:26:00,325.415,325.415,325.375,325.375,495.0,TYL
2023-02-13 15:24:00,325.45,325.45,325.44,325.44,445.0,TYL
2023-02-13 15:23:00,325.765,325.765,325.58,325.58,1057.0,TYL
2023-02-13 15:22:00,325.57,325.75,325.57,325.75,857.0,TYL
2023-02-13 15:21:00,325.75,325.75,325.66,325.66,624.0,TYL
2023-02-13 15:20:00,325.42,325.61,325.42,325.6,1255.0,TYL
2023-02-13 15:19:00,325.44,325.44,325.44,325.44,125.0,TYL
2023-02-13 15:15:00,325.41,325.41,325.41,325.41,147.0,TYL
2023-02-13 15:14:00,325.66,325.865,325.47,325.65,2184.0,TYL
2023-02-13 15:13:00,325.76,325.76,325.76,325.76,343.0,TYL
2023-02-13 15:12:00,325.61,325.615,325.58,325.615,557.0,TYL
2023-02-13 15:11:00,325.11,325.56,325.11,325.56,1176.0,TYL
2023-02-13 15:08:00,325.12,325.15,325.06,325.06,686.0,TYL
2023-02-13 15:07:00,324.8,324.855,324.8,324.855,1152.0,TYL
2023-02-13 15:06:00,324.516,324.516,324.516,324.516,241.0,TYL
2023-02-13 15:05:00,324.65,324.66,324.65,324.65,825.0,TYL
2023-02-13 15:04:00,324.405,324.405,324.405,324.405,135.0,TYL
2023-02-13 15:02:00,324.825,324.825,324.35,324.35,683.0,TYL
2023-02-13 15:01:00,324.705,324.705,324.705,324.705,372.0,TYL
2023-02-13 15:00:00,324.75,324.78,324.75,324.78,1357.0,TYL
2023-02-13 14:56:00,324.49,324.5,324.49,324.5,877.0,TYL
2023-02-13 14:55:00,324.61,324.76,324.59,324.76,537.0,TYL
2023-02-13 14:54:00,324.775,324.775,324.775,324.775,333.0,TYL
2023-02-13 14:53:00,324.335,324.85,324.335,324.85,1890.0,TYL
2023-02-13 14:50:00,324.34,324.34,324.34,324.34,216.0,TYL
2023-02-13 14:48:00,324.79,324.79,324.48,324.5,1084.0,TYL
2023-02-13 14:46:00,324.68,324.84,324.6,324.82,1727.0,TYL
2023-02-13 14:45:00,325.0,325.07,324.87,324.87,2845.0,TYL
2023-02-13 14:44:00,324.79,324.79,324.79,324.79,119.0,TYL
2023-02-13 14:43:00,324.93,324.93,324.93,324.93,298.0,TYL
2023-02-13 14:42:00,325.33,325.48,325.08,325.08,1562.0,TYL
2023-02-13 14:41:00,325.435,325.435,325.435,325.435,137.0,TYL
2023-02-13 14:40:00,325.425,325.425,325.26,325.26,247.0,TYL
2023-02-13 14:39:00,325.67,325.74,325.46,325.46,1318.0,TYL
2023-02-13 14:36:00,325.57,326.03,325.57,325.93,740.0,TYL
2023-02-13 14:35:00,325.56,325.75,325.36,325.75,2506.0,TYL
2023-02-13 14:34:00,325.5847,325.5847,325.5847,325.5847,468.0,TYL
2023-02-13 14:33:00,325.65,325.65,325.565,325.565,330.0,TYL
2023-02-13 14:32:00,325.12,325.43,325.12,325.43,1806.0,TYL
2023-02-13 14:30:00,325.265,325.265,325.265,325.265,2216.0,TYL
2023-02-13 14:29:00,325.52,325.52,325.27,325.27,1902.0,TYL
2023-02-13 14:28:00,325.48,325.48,325.48,325.48,644.0,TYL
2023-02-13 14:26:00,325.5,325.5,325.5,325.5,345.0,TYL
2023-02-13 14:25:00,325.015,325.39,325.015,325.39,1396.0,TYL
2023-02-13 14:23:00,325.01,325.01,325.01,325.01,218.0,TYL
2023-02-13 14:22:00,324.97,324.97,324.92,324.92,1107.0,TYL
2023-02-13 14:20:00,325.12,325.12,325.12,325.12,324.0,TYL
2023-02-13 14:19:00,324.86,324.86,324.82,324.82,262.0,TYL
2023-02-13 14:18:00,324.68,324.96,324.68,324.93,1640.0,TYL
2023-02-13 14:16:00,324.84,325.03,324.72,324.72,822.0,TYL
2023-02-13 14:13:00,325.23,325.23,324.94,324.94,683.0,TYL
2023-02-13 14:12:00,325.74,325.74,325.56,325.575,1879.0,TYL
2023-02-13 14:09:00,325.82,326.115,325.82,326.115,272.0,TYL
2023-02-13 14:08:00,326.57,326.57,325.8,326.09,3339.0,TYL
2023-02-13 14:05:00,327.03,327.03,327.03,327.03,394.0,TYL
2023-02-13 14:03:00,326.67,326.67,326.67,326.67,251.0,TYL
2023-02-13 14:02:00,326.98,326.98,326.67,326.67,220.0,TYL
2023-02-13 14:01:00,326.645,326.645,326.645,326.645,291.0,TYL
2023-02-13 14:00:00,326.57,326.86,326.54,326.86,935.0,TYL
2023-02-13 13:59:00,326.38,326.38,326.38,326.38,175.0,TYL
2023-02-13 13:58:00,326.35,326.35,326.34,326.34,202.0,TYL
2023-02-13 13:57:00,326.27,326.38,326.27,326.38,742.0,TYL
2023-02-13 13:55:00,326.1,326.1,326.1,326.1,180.0,TYL
2023-02-13 13:51:00,326.07,326.07,326.07,326.07,424.0,TYL
2023-02-13 13:49:00,325.355,325.56,325.355,325.56,694.0,TYL
2023-02-13 13:48:00,325.355,325.355,325.355,325.355,137.0,TYL
2023-02-13 13:47:00,325.195,325.36,325.195,325.36,607.0,TYL
2023-02-13 13:46:00,325.17,325.21,325.04,325.105,1120.0,TYL
2023-02-13 13:42:00,325.33,325.33,325.33,325.33,125.0,TYL
2023-02-13 13:41:00,325.63,325.63,325.51,325.63,951.0,TYL
2023-02-13 13:39:00,325.53,325.53,325.53,325.53,128.0,TYL
2023-02-13 13:37:00,325.47,325.54,325.4,325.54,1881.0,TYL
2023-02-13 13:36:00,325.635,325.635,325.635,325.635,192.0,TYL
2023-02-13 13:35:00,325.46,325.46,325.46,325.46,122.0,TYL
2023-02-13 13:33:00,325.64,325.64,325.64,325.64,104.0,TYL
2023-02-13 13:31:00,325.7,325.72,325.635,325.635,888.0,TYL
2023-02-13 13:30:00,325.4,325.4,325.4,325.4,174.0,TYL
2023-02-13 13:29:00,325.6075,325.6075,325.45,325.55,1842.0,TYL
2023-02-13 13:28:00,325.77,325.77,325.54,325.6,792.0,TYL
2023-02-13 13:27:00,325.49,325.49,325.49,325.49,110.0,TYL
2023-02-13 13:24:00,324.765,324.765,324.765,324.765,328.0,TYL
2023-02-13 13:23:00,324.65,324.65,324.65,324.65,426.0,TYL
2023-02-13 13:22:00,324.02,324.64,324.02,324.58,1421.0,TYL
2023-02-13 13:21:00,323.95,323.95,323.95,323.95,408.0,TYL
2023-02-13 13:18:00,324.01,324.01,324.01,324.01,423.0,TYL
2023-02-13 13:17:00,323.67,323.9,323.67,323.76,301.0,TYL
2023-02-13 13:15:00,323.29,323.29,323.29,323.29,133.0,TYL
2023-02-13 13:14:00,323.43,323.43,323.43,323.43,265.0,TYL
2023-02-13 13:10:00,323.7,323.7,323.7,323.7,467.0,TYL
2023-02-13 13:08:00,323.83,323.95,323.83,323.95,203.0,TYL
2023-02-13 13:05:00,324.14,324.14,324.14,324.14,225.0,TYL
2023-02-13 13:04:00,324.31,324.31,324.31,324.31,202.0,TYL
2023-02-13 13:03:00,324.67,324.67,324.67,324.67,988.0,TYL
2023-02-13 12:58:00,324.44,324.44,324.29,324.29,766.0,TYL
2023-02-13 12:56:00,324.445,324.445,324.445,324.445,645.0,TYL
2023-02-13 12:54:00,324.21,324.21,324.21,324.21,499.0,TYL
2023-02-13 12:53:00,324.35,324.35,324.16,324.16,634.0,TYL
2023-02-13 12:52:00,325.12,325.12,324.76,324.765,2612.0,TYL
2023-02-13 12:51:00,325.37,325.37,325.19,325.19,603.0,TYL
2023-02-13 12:50:00,325.2,325.2,325.2,325.2,118.0,TYL
2023-02-13 12:48:00,324.82,324.82,324.82,324.82,116.0,TYL
2023-02-13 12:47:00,325.02,325.02,325.02,325.02,249.0,TYL
2023-02-13 12:46:00,324.7,324.7,324.665,324.665,386.0,TYL
2023-02-13 12:45:00,324.73,324.73,324.73,324.73,164.0,TYL
2023-02-13 12:44:00,324.905,325.06,324.905,325.06,507.0,TYL
2023-02-13 12:42:00,324.65,324.845,324.65,324.845,332.0,TYL
2023-02-13 12:41:00,324.68,324.68,324.68,324.68,347.0,TYL
2023-02-13 12:32:00,324.55,324.55,324.55,324.55,116.0,TYL
2023-02-13 12:29:00,324.32,324.32,324.32,324.32,203.0,TYL
2023-02-13 12:25:00,324.46,324.66,324.46,324.49,1183.0,TYL
2023-02-13 12:22:00,324.3,324.3,324.3,324.3,307.0,TYL
2023-02-13 12:21:00,324.64,324.64,324.58,324.58,675.0,TYL
2023-02-13 12:19:00,324.81,324.81,324.81,324.81,700.0,TYL
2023-02-13 12:16:00,324.62,324.62,324.62,324.62,446.0,TYL
2023-02-13 12:15:00,324.29,324.29,324.29,324.29,101.0,TYL
2023-02-13 12:14:00,324.81,324.81,324.38,324.39,968.0,TYL
2023-02-13 12:13:00,324.82,324.96,324.82,324.955,723.0,TYL
2023-02-13 12:11:00,325.12,325.12,324.73,324.73,260.0,TYL
2023-02-13 12:10:00,324.82,324.82,324.82,324.82,209.0,TYL
2023-02-13 12:09:00,324.53,324.59,324.48,324.59,720.0,TYL
2023-02-13 12:05:00,324.21,324.21,324.21,324.21,422.0,TYL
2023-02-13 12:03:00,324.18,324.18,324.18,324.18,190.0,TYL
2023-02-13 12:02:00,323.92,323.92,323.92,323.92,618.0,TYL
2023-02-13 11:59:00,323.71,323.71,323.71,323.71,214.0,TYL
2023-02-13 11:57:00,323.44,323.79,323.44,323.68,1438.0,TYL
2023-02-13 11:54:00,323.77,323.77,323.77,323.77,214.0,TYL
2023-02-13 11:53:00,324.335,324.335,323.92,323.92,936.0,TYL
2023-02-13 11:50:00,324.455,324.455,324.455,324.455,388.0,TYL
2023-02-13 11:48:00,324.54,324.54,324.54,324.54,159.0,TYL
2023-02-13 11:45:00,324.53,324.54,324.53,324.54,351.0,TYL
2023-02-13 11:44:00,324.06,324.06,324.06,324.06,167.0,TYL
2023-02-13 11:41:00,324.07,324.3,324.07,324.3,424.0,TYL
2023-02-13 11:37:00,323.965,323.965,323.965,323.965,255.0,TYL
2023-02-13 11:36:00,324.18,324.23,324.17,324.23,751.0,TYL
2023-02-13 11:35:00,323.97,323.97,323.75,323.8,777.0,TYL
2023-02-13 11:34:00,324.41,324.41,324.41,324.41,158.0,TYL
2023-02-13 11:33:00,324.905,324.905,324.71,324.71,814.0,TYL
2023-02-13 11:31:00,324.875,324.875,324.875,324.875,162.0,TYL
2023-02-13 11:25:00,325.27,325.27,325.27,325.27,102.0,TYL
2023-02-13 11:22:00,325.25,325.25,325.03,325.03,452.0,TYL
2023-02-13 11:21:00,325.49,325.49,325.49,325.49,634.0,TYL
2023-02-13 11:17:00,325.21,325.35,325.21,325.35,683.0,TYL
2023-02-13 11:16:00,324.795,324.97,324.795,324.97,334.0,TYL
2023-02-13 11:15:00,324.845,325.06,324.845,325.01,1085.0,TYL
2023-02-13 11:14:00,324.845,324.845,324.64,324.64,248.0,TYL
2023-02-13 11:13:00,324.72,324.72,324.72,324.72,181.0,TYL
2023-02-13 11:12:00,325.03,325.14,324.98,324.98,457.0,TYL
2023-02-13 11:11:00,325.13,325.13,324.99,325.01,829.0,TYL
2023-02-13 11:10:00,325.23,325.405,325.15,325.405,604.0,TYL
2023-02-13 11:08:00,325.46,325.46,325.41,325.41,730.0,TYL
2023-02-13 11:03:00,325.54,325.91,325.54,325.91,205.0,TYL
2023-02-13 11:01:00,325.73,325.9,325.73,325.9,974.0,TYL
2023-02-13 11:00:00,325.52,325.59,325.52,325.59,850.0,TYL
2023-02-13 10:58:00,325.745,325.745,325.745,325.745,296.0,TYL
2023-02-13 10:56:00,325.64,325.64,325.64,325.64,278.0,TYL
2023-02-13 10:53:00,325.52,325.71,325.52,325.71,355.0,TYL
2023-02-13 10:51:00,325.97,325.97,325.84,325.84,1080.0,TYL
2023-02-13 10:50:00,325.6,325.97,325.6,325.96,896.0,TYL
2023-02-13 10:47:00,325.35,325.66,325.35,325.5,489.0,TYL
2023-02-13 10:43:00,324.71,324.71,324.7,324.7,635.0,TYL
2023-02-13 10:42:00,324.88,324.88,324.88,324.88,880.0,TYL
2023-02-13 10:36:00,324.84,325.1,324.84,324.84,556.0,TYL
2023-02-13 10:35:00,324.48,324.66,324.48,324.66,496.0,TYL
2023-02-13 10:33:00,324.58,324.58,324.58,324.58,355.0,TYL
2023-02-13 10:32:00,324.49,324.94,324.26,324.26,1330.0,TYL
2023-02-13 10:31:00,325.58,325.58,325.58,325.58,247.0,TYL
2023-02-13 10:30:00,325.15,325.15,324.96,324.96,691.0,TYL
2023-02-13 10:27:00,324.625,324.625,324.625,324.625,228.0,TYL
2023-02-13 10:26:00,324.32,324.32,324.32,324.32,212.0,TYL
2023-02-13 10:25:00,324.625,324.625,324.12,324.12,258.0,TYL
2023-02-13 10:23:00,325.1799,325.1799,325.1799,325.1799,2271.0,TYL
2023-02-13 10:22:00,324.66,324.88,324.66,324.88,720.0,TYL
2023-02-13 10:20:00,323.985,323.985,323.985,323.985,201.0,TYL
2023-02-13 10:19:00,324.45,324.45,324.2,324.2,678.0,TYL
2023-02-13 10:18:00,324.6,324.64,324.6,324.64,536.0,TYL
2023-02-13 10:17:00,324.12,324.53,324.12,324.53,1437.0,TYL
2023-02-13 10:16:00,325.31,325.31,324.06,324.06,1338.0,TYL
2023-02-13 10:14:00,325.32,325.32,324.25,324.25,293.0,TYL
2023-02-13 10:08:00,324.51,324.51,324.51,324.51,210.0,TYL
2023-02-13 10:06:00,324.94,325.09,324.86,324.86,753.0,TYL
2023-02-13 10:04:00,325.7658,325.7658,325.7658,325.7658,178.0,TYL
2023-02-13 09:59:00,325.065,325.065,325.065,325.065,400.0,TYL
2023-02-13 09:58:00,325.405,325.405,325.405,325.405,371.0,TYL
2023-02-13 09:55:00,324.01,324.105,324.01,324.105,377.0,TYL
2023-02-13 09:54:00,323.6765,323.6765,323.6765,323.6765,2301.0,TYL
2023-02-13 09:53:00,324.13,324.6126,323.34,323.34,1235.0,TYL
2023-02-13 09:48:00,324.22,324.49,324.22,324.49,431.0,TYL
2023-02-13 09:47:00,324.28,324.32,324.27,324.27,307.0,TYL
2023-02-13 09:46:00,324.89,324.89,324.89,324.89,399.0,TYL
2023-02-13 09:44:00,324.13,324.13,324.13,324.13,111.0,TYL
2023-02-13 09:43:00,324.41,324.41,324.41,324.41,179.0,TYL
2023-02-13 09:41:00,323.25,323.25,323.25,323.25,273.0,TYL
2023-02-13 09:35:00,323.365,323.365,322.485,322.485,1773.0,TYL
2023-02-13 09:31:00,324.79,324.79,324.79,324.79,1351.0,TYL
2023-02-10 16:03:00,322.54,322.54,322.54,322.54,2342.0,TYL
2023-02-10 16:02:00,322.54,322.54,322.54,322.54,196.0,TYL
2023-02-10 16:01:00,322.54,322.54,322.54,322.54,1631.0,TYL
2023-02-10 16:00:00,322.09,322.53,322.04,322.24,7035.0,TYL
2023-02-10 15:59:00,322.34,322.34,322.04,322.04,2928.0,TYL
2023-02-10 15:58:00,321.96,322.07,321.89,322.07,1533.0,TYL
2023-02-10 15:57:00,321.94,322.22,321.87,321.94,2009.0,TYL
2023-02-10 15:56:00,322.22,322.225,322.08,322.12,2168.0,TYL
2023-02-10 15:55:00,322.06,322.27,322.06,322.085,1777.0,TYL
2023-02-10 15:54:00,322.2,322.2,322.06,322.14,992.0,TYL
2023-02-10 15:53:00,321.68,321.96,321.45,321.96,3423.0,TYL
2023-02-10 15:52:00,321.78,321.78,321.78,321.78,769.0,TYL
2023-02-10 15:50:00,322.08,322.08,321.81,321.97,2503.0,TYL
2023-02-10 15:49:00,322.065,322.065,322.065,322.065,564.0,TYL
2023-02-10 15:48:00,321.59,321.59,321.5,321.5,958.0,TYL
2023-02-10 15:46:00,321.65,321.68,321.59,321.59,1033.0,TYL
2023-02-10 15:45:00,321.79,321.79,321.63,321.63,460.0,TYL
2023-02-10 15:44:00,321.61,321.69,321.56,321.56,666.0,TYL
2023-02-10 15:43:00,321.69,321.74,321.69,321.74,735.0,TYL
2023-02-10 15:41:00,321.8,322.05,321.74,321.77,1374.0,TYL
2023-02-10 15:39:00,321.74,321.79,321.74,321.79,503.0,TYL
2023-02-10 15:38:00,321.41,321.605,321.41,321.605,613.0,TYL
2023-02-10 15:35:00,321.17,321.17,320.96,320.96,1164.0,TYL
2023-02-10 15:34:00,321.18,321.36,321.15,321.35,872.0,TYL
2023-02-10 15:33:00,321.16,321.16,321.16,321.16,566.0,TYL
2023-02-10 15:32:00,321.07,321.19,321.07,321.19,675.0,TYL
2023-02-10 15:31:00,321.08,321.08,321.08,321.08,163.0,TYL
2023-02-10 15:30:00,321.02,321.17,320.97,320.97,433.0,TYL
2023-02-10 15:29:00,320.95,320.95,320.95,320.95,254.0,TYL
2023-02-10 15:28:00,320.83,320.83,320.83,320.83,202.0,TYL
2023-02-10 15:27:00,321.04,321.07,321.04,321.07,594.0,TYL
2023-02-10 15:26:00,321.1,321.1,321.1,321.1,227.0,TYL
2023-02-10 15:22:00,321.08,321.08,321.07,321.07,360.0,TYL
2023-02-10 15:21:00,321.17,321.17,320.97,320.97,970.0,TYL
2023-02-10 15:16:00,321.55,321.55,321.22,321.27,1039.0,TYL
2023-02-10 15:12:00,321.69,321.95,321.69,321.95,437.0,TYL
2023-02-10 15:11:00,321.52,321.52,321.52,321.52,264.0,TYL
2023-02-10 15:08:00,321.49,321.49,321.49,321.49,422.0,TYL
2023-02-10 15:05:00,321.61,321.61,321.39,321.4525,871.0,TYL
2023-02-10 15:04:00,321.85,321.85,321.78,321.78,865.0,TYL
2023-02-10 15:01:00,321.805,321.805,321.805,321.805,180.0,TYL
2023-02-10 15:00:00,321.4,321.4,321.4,321.4,429.0,TYL
2023-02-10 14:58:00,321.365,321.365,321.365,321.365,514.0,TYL
2023-02-10 14:55:00,321.46,321.46,321.46,321.46,299.0,TYL
2023-02-10 14:52:00,321.06,321.06,321.06,321.06,311.0,TYL
2023-02-10 14:50:00,321.06,321.06,321.06,321.06,103.0,TYL
2023-02-10 14:48:00,320.71,320.71,320.71,320.71,147.0,TYL
2023-02-10 14:45:00,320.94,321.08,320.94,321.08,1892.0,TYL
2023-02-10 14:43:00,321.0,321.03,320.8,320.8,891.0,TYL
2023-02-10 14:40:00,321.28,321.48,321.255,321.48,455.0,TYL
2023-02-10 14:37:00,321.5814,321.5814,321.5814,321.5814,2319.0,TYL
2023-02-10 14:33:00,320.9,321.02,320.9,321.02,300.0,TYL
2023-02-10 14:31:00,321.2,321.2,321.2,321.2,169.0,TYL
2023-02-10 14:29:00,321.065,321.065,321.065,321.065,491.0,TYL
2023-02-10 14:28:00,321.155,321.155,321.155,321.155,385.0,TYL
2023-02-10 14:25:00,321.45,321.45,321.45,321.45,191.0,TYL
2023-02-10 14:24:00,321.58,321.58,321.535,321.535,313.0,TYL
2023-02-10 14:23:00,321.98,321.98,321.98,321.98,139.0,TYL
2023-02-10 14:19:00,321.475,321.475,321.475,321.475,141.0,TYL
2023-02-10 14:18:00,321.5,321.5,321.5,321.5,767.0,TYL
2023-02-10 14:17:00,321.82,321.82,321.67,321.67,358.0,TYL
2023-02-10 14:16:00,321.61,321.61,321.61,321.61,281.0,TYL
2023-02-10 14:10:00,321.1136,321.1136,321.1136,321.1136,236.0,TYL
2023-02-10 14:05:00,321.07,321.07,321.07,321.07,793.0,TYL
2023-02-10 14:03:00,320.95,320.95,320.95,320.95,535.0,TYL
2023-02-10 14:02:00,321.27,321.27,321.27,321.27,139.0,TYL
2023-02-10 13:58:00,321.12,321.12,321.08,321.08,490.0,TYL
2023-02-10 13:56:00,321.475,321.475,321.475,321.475,169.0,TYL
2023-02-10 13:54:00,321.62,321.62,321.62,321.62,281.0,TYL
2023-02-10 13:53:00,321.62,321.62,321.62,321.62,149.0,TYL
2023-02-10 13:51:00,321.74,321.74,321.74,321.74,184.0,TYL
2023-02-10 13:49:00,321.83,321.83,321.83,321.83,331.0,TYL
2023-02-10 13:47:00,321.755,321.755,321.755,321.755,387.0,TYL
2023-02-10 13:45:00,321.76,321.76,321.76,321.76,187.0,TYL
2023-02-10 13:43:00,321.81,321.81,321.81,321.81,150.0,TYL
2023-02-10 13:42:00,321.91,321.91,321.91,321.91,129.0,TYL
2023-02-10 13:41:00,322.25,322.25,322.04,322.04,490.0,TYL
2023-02-10 13:38:00,322.39,322.39,322.39,322.39,128.0,TYL
2023-02-10 13:37:00,322.71,322.71,322.71,322.71,416.0,TYL
2023-02-10 13:33:00,322.73,322.73,322.73,322.73,103.0,TYL
2023-02-10 13:24:00,322.78,323.235,322.78,323.235,400.0,TYL
2023-02-10 13:23:00,322.99,322.99,322.99,322.99,231.0,TYL
2023-02-10 13:22:00,322.7,322.71,322.66,322.66,893.0,TYL
2023-02-10 13:20:00,322.68,322.68,322.68,322.68,184.0,TYL
2023-02-10 13:17:00,322.26,322.26,322.26,322.26,353.0,TYL
2023-02-10 13:16:00,322.05,322.05,322.05,322.05,317.0,TYL
2023-02-10 13:12:00,321.08,321.08,321.06,321.06,265.0,TYL
2023-02-10 13:11:00,321.08,321.08,321.08,321.08,139.0,TYL
2023-02-10 13:09:00,321.3,321.3,321.3,321.3,161.0,TYL
2023-02-10 13:02:00,320.81,320.81,320.81,320.81,618.0,TYL
2023-02-10 13:01:00,320.87,320.87,320.87,320.87,659.0,TYL
2023-02-10 12:58:00,320.45,320.56,320.45,320.56,331.0,TYL
2023-02-10 12:57:00,320.71,320.71,320.67,320.67,742.0,TYL
2023-02-10 12:56:00,320.64,320.64,320.64,320.64,287.0,TYL
2023-02-10 12:54:00,320.55,320.55,320.55,320.55,515.0,TYL
2023-02-10 12:52:00,320.62,320.705,320.62,320.705,286.0,TYL
2023-02-10 12:47:00,320.1573,320.1573,320.1573,320.1573,349.0,TYL
2023-02-10 12:43:00,320.52,320.52,320.52,320.52,167.0,TYL
2023-02-10 12:36:00,320.58,320.58,320.18,320.18,1333.0,TYL
2023-02-10 12:35:00,320.625,320.625,320.625,320.625,366.0,TYL
2023-02-10 12:32:00,320.74,321.11,320.63,321.11,722.0,TYL
2023-02-10 12:28:00,321.11,321.11,320.9,320.9,1256.0,TYL
2023-02-10 12:25:00,321.565,321.565,321.46,321.46,381.0,TYL
2023-02-10 12:22:00,321.39,321.63,321.32,321.63,512.0,TYL
2023-02-10 12:15:00,321.67,321.67,321.67,321.67,101.0,TYL
2023-02-10 12:14:00,321.53,321.53,321.53,321.53,248.0,TYL
2023-02-10 12:06:00,321.16,321.5,321.16,321.49,1502.0,TYL
2023-02-10 12:04:00,321.385,321.385,321.23,321.245,595.0,TYL
2023-02-10 12:02:00,321.86,321.86,321.86,321.86,223.0,TYL
2023-02-10 12:01:00,321.81,321.81,321.81,321.81,264.0,TYL
2023-02-10 12:00:00,322.11,322.11,322.0995,322.0995,664.0,TYL
2023-02-10 11:58:00,322.54,322.575,322.54,322.575,491.0,TYL
2023-02-10 11:56:00,322.86,322.86,322.86,322.86,284.0,TYL
2023-02-10 11:53:00,322.585,322.585,322.585,322.585,161.0,TYL
2023-02-10 11:47:00,323.09,323.09,323.09,323.09,135.0,TYL
2023-02-10 11:45:00,322.69,322.69,322.675,322.675,870.0,TYL
2023-02-10 11:44:00,322.76,322.76,322.76,322.76,120.0,TYL
2023-02-10 11:42:00,322.79,322.79,322.79,322.79,668.0,TYL
2023-02-10 11:39:00,322.5875,322.595,322.27,322.27,967.0,TYL
2023-02-10 11:38:00,322.66,322.66,322.66,322.66,129.0,TYL
2023-02-10 11:35:00,321.965,321.965,321.965,321.965,365.0,TYL
2023-02-10 11:33:00,322.22,322.22,321.665,321.81,652.0,TYL
2023-02-10 11:32:00,322.2175,322.37,322.2175,322.37,542.0,TYL
2023-02-10 11:26:00,323.28,323.3,323.28,323.3,664.0,TYL
2023-02-10 11:24:00,323.37,323.42,323.36,323.36,792.0,TYL
2023-02-10 11:23:00,323.36,323.36,323.36,323.36,151.0,TYL
2023-02-10 11:18:00,322.97,322.97,322.97,322.97,186.0,TYL
2023-02-10 11:16:00,322.78,322.79,322.78,322.79,536.0,TYL
2023-02-10 11:15:00,322.715,322.715,322.54,322.54,765.0,TYL
2023-02-10 11:14:00,322.905,322.905,322.905,322.905,129.0,TYL
2023-02-10 11:13:00,323.26,323.26,323.26,323.26,314.0,TYL
2023-02-10 11:12:00,323.68,323.68,323.63,323.65,669.0,TYL
2023-02-10 11:11:00,323.65,323.77,323.6,323.685,497.0,TYL
2023-02-10 11:10:00,323.665,323.665,323.07,323.07,221.0,TYL
2023-02-10 11:09:00,323.03,323.545,323.02,323.545,857.0,TYL
2023-02-10 11:08:00,323.28,323.55,323.035,323.55,522.0,TYL
2023-02-10 11:07:00,323.15,323.29,322.9,323.29,1252.0,TYL
2023-02-10 11:06:00,323.59,323.59,322.795,322.795,660.0,TYL
2023-02-10 11:05:00,323.17,323.17,323.17,323.17,225.0,TYL
2023-02-10 11:01:00,322.57,322.57,322.57,322.57,161.0,TYL
2023-02-10 10:56:00,322.23,322.88,321.94,322.315,4026.0,TYL
2023-02-10 10:55:00,322.08,322.08,322.08,322.08,614.0,TYL
2023-02-10 10:54:00,321.92,321.92,321.74,321.74,685.0,TYL
2023-02-10 10:53:00,322.64,322.67,322.64,322.67,206.0,TYL
2023-02-10 10:52:00,323.43,323.43,322.705,323.08,882.0,TYL
2023-02-10 10:51:00,323.77,323.77,323.77,323.77,509.0,TYL
2023-02-10 10:50:00,323.455,323.455,323.455,323.455,110.0,TYL
2023-02-10 10:44:00,323.41,323.64,323.41,323.64,466.0,TYL
2023-02-10 10:43:00,323.57,323.76,323.31,323.48,1795.0,TYL
2023-02-10 10:42:00,323.74,323.96,323.62,323.745,3054.0,TYL
2023-02-10 10:41:00,324.58,324.58,323.9,323.95,1615.0,TYL
2023-02-10 10:40:00,323.98,324.16,323.92,324.16,924.0,TYL
2023-02-10 10:39:00,323.8575,323.98,323.8575,323.98,651.0,TYL
2023-02-10 10:38:00,324.14,324.14,323.9,323.9,1308.0,TYL
2023-02-10 10:37:00,324.0,324.02,323.9525,323.9525,540.0,TYL
2023-02-10 10:36:00,323.75,323.79,323.34,323.75,2545.0,TYL
2023-02-10 10:35:00,323.5,323.5,323.34,323.34,524.0,TYL
2023-02-10 10:34:00,324.05,324.05,324.05,324.05,230.0,TYL
2023-02-10 10:33:00,323.39,323.74,323.39,323.74,1507.0,TYL
2023-02-10 10:31:00,323.22,323.26,323.22,323.225,447.0,TYL
2023-02-10 10:30:00,323.36,323.5,323.36,323.46,738.0,TYL
2023-02-10 10:29:00,323.3725,323.41,323.34,323.41,712.0,TYL
2023-02-10 10:26:00,322.845,322.845,322.845,322.845,180.0,TYL
2023-02-10 10:24:00,323.24,323.46,323.2,323.2,491.0,TYL
2023-02-10 10:23:00,323.36,323.8925,323.32,323.8925,392.0,TYL
2023-02-10 10:22:00,323.58,323.58,323.34,323.34,514.0,TYL
2023-02-10 10:21:00,323.23,323.34,323.21,323.23,2570.0,TYL
2023-02-10 10:19:00,322.39,322.39,322.39,322.39,177.0,TYL
2023-02-10 10:18:00,322.75,322.75,322.75,322.75,262.0,TYL
2023-02-10 10:17:00,321.78,322.105,321.78,322.105,693.0,TYL
2023-02-10 10:14:00,322.22,322.22,321.85,322.18,502.0,TYL
2023-02-10 10:11:00,322.48,322.48,322.09,322.09,313.0,TYL
2023-02-10 10:09:00,321.68,321.8,321.68,321.8,612.0,TYL
2023-02-10 10:08:00,320.81,320.81,320.81,320.81,256.0,TYL
2023-02-10 10:06:00,320.94,320.97,320.94,320.97,364.0,TYL
2023-02-10 10:05:00,320.6,320.645,320.6,320.645,206.0,TYL
2023-02-10 10:04:00,321.63,321.63,320.94,321.175,1049.0,TYL
2023-02-10 10:02:00,321.6175,321.6175,321.6175,321.6175,207.0,TYL
2023-02-10 09:53:00,322.8,322.81,321.98,322.805,1479.0,TYL
2023-02-10 09:52:00,323.465,323.59,323.4,323.4,458.0,TYL
2023-02-10 09:51:00,323.16,324.41,323.16,324.41,581.0,TYL
2023-02-10 09:50:00,323.14,323.14,323.14,323.14,112.0,TYL
2023-02-10 09:46:00,323.785,323.785,322.35,323.555,1263.0,TYL
2023-02-10 09:45:00,324.1171,324.1171,324.1171,324.1171,220.0,TYL
2023-02-10 09:44:00,322.91,322.91,322.91,322.91,351.0,TYL
2023-02-10 09:43:00,322.8,322.92,322.8,322.92,679.0,TYL
2023-02-10 09:36:00,323.085,323.085,323.085,323.085,104.0,TYL
2023-02-10 09:33:00,322.895,322.945,322.895,322.945,2579.0,TYL
2023-02-10 09:31:00,322.23,322.23,322.23,322.23,1803.0,TYL
2023-02-10 09:21:00,323.93,323.93,323.93,323.93,100.0,TYL
