date,1. open,2. high,3. low,4. close,5. volume,Ticker
2023-03-24 16:03:00,22.49,22.49,22.49,22.49,498.0,VIR
2023-03-24 16:02:00,22.49,22.49,22.49,22.49,4385.0,VIR
2023-03-24 16:01:00,22.49,22.49,22.49,22.49,31529.0,VIR
2023-03-24 16:00:00,22.415,22.53,22.415,22.51,54719.0,VIR
2023-03-24 15:59:00,22.4,22.425,22.4,22.42,11761.0,VIR
2023-03-24 15:58:00,22.4,22.43,22.39,22.39,14065.0,VIR
2023-03-24 15:57:00,22.38,22.42,22.38,22.39,8634.0,VIR
2023-03-24 15:56:00,22.38,22.4,22.36,22.38,13812.0,VIR
2023-03-24 15:55:00,22.37,22.41,22.37,22.38,10813.0,VIR
2023-03-24 15:54:00,22.41,22.41,22.37,22.37,9472.0,VIR
2023-03-24 15:53:00,22.45,22.45,22.41,22.41,6899.0,VIR
2023-03-24 15:52:00,22.485,22.485,22.45,22.45,7183.0,VIR
2023-03-24 15:51:00,22.55,22.55,22.48,22.49,6233.0,VIR
2023-03-24 15:50:00,22.535,22.54,22.52,22.54,2630.0,VIR
2023-03-24 15:49:00,22.55,22.55,22.52,22.535,3091.0,VIR
2023-03-24 15:48:00,22.52,22.56,22.52,22.555,3901.0,VIR
2023-03-24 15:47:00,22.555,22.5627,22.53,22.54,4548.0,VIR
2023-03-24 15:46:00,22.61,22.61,22.55,22.559,3153.0,VIR
2023-03-24 15:45:00,22.62,22.62,22.61,22.615,2578.0,VIR
2023-03-24 15:44:00,22.645,22.665,22.63,22.635,3399.0,VIR
2023-03-24 15:43:00,22.62,22.65,22.62,22.635,1059.0,VIR
2023-03-24 15:42:00,22.6,22.62,22.6,22.62,802.0,VIR
2023-03-24 15:41:00,22.61,22.62,22.6,22.6,2222.0,VIR
2023-03-24 15:40:00,22.635,22.645,22.59,22.6,2205.0,VIR
2023-03-24 15:39:00,22.64,22.64,22.63,22.635,2520.0,VIR
2023-03-24 15:38:00,22.62,22.63,22.6,22.62,954.0,VIR
2023-03-24 15:37:00,22.61,22.64,22.61,22.62,3283.0,VIR
2023-03-24 15:36:00,22.63,22.64,22.615,22.615,1402.0,VIR
2023-03-24 15:35:00,22.651,22.655,22.64,22.64,1687.0,VIR
2023-03-24 15:34:00,22.71,22.715,22.65,22.66,2605.0,VIR
2023-03-24 15:33:00,22.73,22.73,22.72,22.72,939.0,VIR
2023-03-24 15:32:00,22.75,22.75,22.72,22.73,2106.0,VIR
2023-03-24 15:31:00,22.74,22.751,22.74,22.751,1179.0,VIR
2023-03-24 15:30:00,22.745,22.745,22.73,22.73,1246.0,VIR
2023-03-24 15:29:00,22.71,22.74,22.71,22.73,1958.0,VIR
2023-03-24 15:28:00,22.73,22.73,22.711,22.72,1678.0,VIR
2023-03-24 15:27:00,22.715,22.7295,22.71,22.725,3411.0,VIR
2023-03-24 15:25:00,22.7,22.7,22.67,22.691,501.0,VIR
2023-03-24 15:24:00,22.75,22.75,22.71,22.71,2685.0,VIR
2023-03-24 15:23:00,22.69,22.73,22.69,22.73,939.0,VIR
2023-03-24 15:22:00,22.7,22.7,22.66,22.685,3184.0,VIR
2023-03-24 15:21:00,22.67,22.69,22.67,22.6811,2404.0,VIR
2023-03-24 15:20:00,22.69,22.69,22.67,22.67,599.0,VIR
2023-03-24 15:19:00,22.705,22.705,22.68,22.69,3329.0,VIR
2023-03-24 15:18:00,22.685,22.7,22.685,22.7,1054.0,VIR
2023-03-24 15:17:00,22.68,22.7,22.68,22.69,1222.0,VIR
2023-03-24 15:16:00,22.67,22.67,22.665,22.67,622.0,VIR
2023-03-24 15:15:00,22.66,22.67,22.66,22.67,647.0,VIR
2023-03-24 15:14:00,22.665,22.67,22.66,22.67,1365.0,VIR
2023-03-24 15:13:00,22.71,22.71,22.66,22.66,2595.0,VIR
2023-03-24 15:12:00,22.69,22.72,22.69,22.705,9913.0,VIR
2023-03-24 15:11:00,22.67,22.69,22.67,22.69,854.0,VIR
2023-03-24 15:10:00,22.68,22.68,22.67,22.67,731.0,VIR
2023-03-24 15:09:00,22.65,22.69,22.64,22.68,5678.0,VIR
2023-03-24 15:08:00,22.64,22.65,22.64,22.65,800.0,VIR
2023-03-24 15:07:00,22.64,22.6489,22.635,22.635,1121.0,VIR
2023-03-24 15:06:00,22.64,22.64,22.62,22.625,1969.0,VIR
2023-03-24 15:05:00,22.64,22.64,22.64,22.64,1109.0,VIR
2023-03-24 15:04:00,22.62,22.6338,22.62,22.62,1170.0,VIR
2023-03-24 15:03:00,22.63,22.63,22.62,22.62,1213.0,VIR
2023-03-24 15:02:00,22.625,22.63,22.625,22.63,640.0,VIR
2023-03-24 15:01:00,22.64,22.645,22.64,22.64,762.0,VIR
2023-03-24 15:00:00,22.65,22.655,22.64,22.65,1357.0,VIR
2023-03-24 14:59:00,22.65,22.65,22.65,22.65,518.0,VIR
2023-03-24 14:58:00,22.66,22.66,22.65,22.65,979.0,VIR
2023-03-24 14:57:00,22.66,22.66,22.64,22.64,1633.0,VIR
2023-03-24 14:56:00,22.65,22.65,22.645,22.65,848.0,VIR
2023-03-24 14:55:00,22.645,22.645,22.63,22.63,356.0,VIR
2023-03-24 14:54:00,22.62,22.62,22.62,22.62,262.0,VIR
2023-03-24 14:53:00,22.61,22.61,22.61,22.61,129.0,VIR
2023-03-24 14:52:00,22.65,22.65,22.61,22.63,1980.0,VIR
2023-03-24 14:51:00,22.65,22.68,22.65,22.65,2792.0,VIR
2023-03-24 14:49:00,22.645,22.645,22.645,22.645,244.0,VIR
2023-03-24 14:48:00,22.64,22.645,22.64,22.645,522.0,VIR
2023-03-24 14:47:00,22.66,22.66,22.63,22.63,1235.0,VIR
2023-03-24 14:46:00,22.65,22.67,22.65,22.67,1769.0,VIR
2023-03-24 14:45:00,22.665,22.665,22.66,22.66,405.0,VIR
2023-03-24 14:42:00,22.645,22.65,22.64,22.64,1010.0,VIR
2023-03-24 14:41:00,22.665,22.665,22.65,22.65,2344.0,VIR
2023-03-24 14:40:00,22.65,22.665,22.65,22.665,623.0,VIR
2023-03-24 14:39:00,22.63,22.63,22.6299,22.6299,754.0,VIR
2023-03-24 14:38:00,22.58,22.59,22.58,22.59,622.0,VIR
2023-03-24 14:37:00,22.61,22.61,22.59,22.59,945.0,VIR
2023-03-24 14:36:00,22.632,22.632,22.62,22.62,2118.0,VIR
2023-03-24 14:35:00,22.62,22.66,22.62,22.64,2461.0,VIR
2023-03-24 14:34:00,22.58,22.6,22.57,22.6,2198.0,VIR
2023-03-24 14:33:00,22.59,22.59,22.58,22.58,461.0,VIR
2023-03-24 14:32:00,22.58,22.59,22.57,22.59,420.0,VIR
2023-03-24 14:31:00,22.575,22.58,22.575,22.58,685.0,VIR
2023-03-24 14:30:00,22.58,22.58,22.57,22.58,708.0,VIR
2023-03-24 14:29:00,22.58,22.58,22.58,22.58,671.0,VIR
2023-03-24 14:28:00,22.585,22.585,22.58,22.585,500.0,VIR
2023-03-24 14:27:00,22.58,22.585,22.58,22.585,310.0,VIR
2023-03-24 14:26:00,22.58,22.585,22.58,22.585,454.0,VIR
2023-03-24 14:25:00,22.6,22.6,22.58,22.58,1974.0,VIR
2023-03-24 14:24:00,22.57,22.58,22.57,22.58,375.0,VIR
2023-03-24 14:23:00,22.57,22.57,22.57,22.57,1026.0,VIR
2023-03-24 14:22:00,22.57,22.57,22.57,22.57,266.0,VIR
2023-03-24 14:21:00,22.55,22.56,22.55,22.56,788.0,VIR
2023-03-24 14:20:00,22.52,22.52,22.52,22.52,460.0,VIR
2023-03-24 14:19:00,22.58,22.58,22.53,22.53,1167.0,VIR
2023-03-24 14:18:00,22.585,22.59,22.585,22.59,1414.0,VIR
2023-03-24 14:17:00,22.555,22.58,22.555,22.58,520.0,VIR
2023-03-24 14:16:00,22.51,22.53,22.51,22.53,886.0,VIR
2023-03-24 14:15:00,22.48,22.48,22.48,22.48,748.0,VIR
2023-03-24 14:14:00,22.485,22.485,22.48,22.48,708.0,VIR
2023-03-24 14:13:00,22.475,22.485,22.475,22.48,829.0,VIR
2023-03-24 14:12:00,22.49,22.49,22.49,22.49,512.0,VIR
2023-03-24 14:11:00,22.5,22.505,22.5,22.5,893.0,VIR
2023-03-24 14:10:00,22.49,22.5,22.49,22.5,1099.0,VIR
2023-03-24 14:09:00,22.51,22.51,22.5,22.5,1110.0,VIR
2023-03-24 14:08:00,22.505,22.505,22.505,22.505,306.0,VIR
2023-03-24 14:07:00,22.51,22.515,22.51,22.51,716.0,VIR
2023-03-24 14:06:00,22.52,22.525,22.52,22.52,881.0,VIR
2023-03-24 14:04:00,22.52,22.52,22.52,22.52,202.0,VIR
2023-03-24 14:03:00,22.52,22.52,22.51,22.51,341.0,VIR
2023-03-24 14:02:00,22.52,22.52,22.51,22.51,478.0,VIR
2023-03-24 14:01:00,22.51,22.51,22.51,22.51,432.0,VIR
2023-03-24 14:00:00,22.53,22.53,22.51,22.52,542.0,VIR
2023-03-24 13:59:00,22.515,22.525,22.515,22.52,1423.0,VIR
2023-03-24 13:58:00,22.49,22.52,22.49,22.52,1366.0,VIR
2023-03-24 13:57:00,22.47,22.47,22.47,22.47,1396.0,VIR
2023-03-24 13:56:00,22.47,22.48,22.47,22.48,619.0,VIR
2023-03-24 13:55:00,22.48,22.48,22.47,22.47,655.0,VIR
2023-03-24 13:54:00,22.47,22.48,22.47,22.48,406.0,VIR
2023-03-24 13:53:00,22.47,22.49,22.47,22.47,801.0,VIR
2023-03-24 13:52:00,22.48,22.48,22.47,22.47,668.0,VIR
2023-03-24 13:50:00,22.48,22.48,22.47,22.4782,424.0,VIR
2023-03-24 13:49:00,22.49,22.49,22.49,22.49,114.0,VIR
2023-03-24 13:48:00,22.49,22.49,22.48,22.49,1006.0,VIR
2023-03-24 13:47:00,22.49,22.49,22.49,22.49,255.0,VIR
2023-03-24 13:46:00,22.51,22.51,22.5,22.5,940.0,VIR
2023-03-24 13:45:00,22.51,22.51,22.5,22.51,1132.0,VIR
2023-03-24 13:44:00,22.51,22.51,22.495,22.5,1460.0,VIR
2023-03-24 13:43:00,22.5,22.5,22.5,22.5,221.0,VIR
2023-03-24 13:42:00,22.55,22.55,22.505,22.505,1489.0,VIR
2023-03-24 13:41:00,22.55,22.57,22.55,22.57,726.0,VIR
2023-03-24 13:40:00,22.55,22.565,22.55,22.565,417.0,VIR
2023-03-24 13:39:00,22.58,22.58,22.55,22.55,846.0,VIR
2023-03-24 13:38:00,22.53,22.565,22.53,22.56,1344.0,VIR
2023-03-24 13:37:00,22.53,22.53,22.53,22.53,764.0,VIR
2023-03-24 13:36:00,22.53,22.55,22.52,22.545,1436.0,VIR
2023-03-24 13:35:00,22.52,22.53,22.52,22.53,324.0,VIR
2023-03-24 13:34:00,22.53,22.53,22.53,22.53,583.0,VIR
2023-03-24 13:33:00,22.51,22.52,22.51,22.52,668.0,VIR
2023-03-24 13:32:00,22.53,22.53,22.5,22.5,783.0,VIR
2023-03-24 13:31:00,22.49,22.51,22.49,22.51,1430.0,VIR
2023-03-24 13:30:00,22.49,22.49,22.49,22.49,215.0,VIR
2023-03-24 13:29:00,22.49,22.495,22.49,22.49,1203.0,VIR
2023-03-24 13:28:00,22.49,22.53,22.49,22.53,1399.0,VIR
2023-03-24 13:27:00,22.5,22.515,22.5,22.5,1486.0,VIR
2023-03-24 13:26:00,22.45,22.48,22.45,22.48,1100.0,VIR
2023-03-24 13:25:00,22.44,22.44,22.44,22.44,687.0,VIR
2023-03-24 13:24:00,22.44,22.44,22.44,22.44,312.0,VIR
2023-03-24 13:23:00,22.45,22.45,22.445,22.445,1084.0,VIR
2023-03-24 13:22:00,22.45,22.45,22.44,22.44,797.0,VIR
2023-03-24 13:21:00,22.43,22.43,22.43,22.43,248.0,VIR
2023-03-24 13:20:00,22.46,22.46,22.46,22.46,959.0,VIR
2023-03-24 13:19:00,22.49,22.49,22.47,22.47,816.0,VIR
2023-03-24 13:18:00,22.49,22.495,22.49,22.495,730.0,VIR
2023-03-24 13:17:00,22.51,22.51,22.49,22.5,948.0,VIR
2023-03-24 13:16:00,22.5307,22.54,22.51,22.52,2037.0,VIR
2023-03-24 13:15:00,22.53,22.53,22.53,22.53,111.0,VIR
2023-03-24 13:14:00,22.525,22.53,22.52,22.525,712.0,VIR
2023-03-24 13:13:00,22.52,22.52,22.51,22.51,442.0,VIR
2023-03-24 13:12:00,22.52,22.52,22.49,22.51,825.0,VIR
2023-03-24 13:11:00,22.52,22.52,22.52,22.52,407.0,VIR
2023-03-24 13:10:00,22.5,22.5,22.49,22.49,620.0,VIR
2023-03-24 13:09:00,22.51,22.51,22.5,22.5,400.0,VIR
2023-03-24 13:08:00,22.51,22.51,22.5,22.51,1102.0,VIR
2023-03-24 13:07:00,22.54,22.54,22.51,22.52,380.0,VIR
2023-03-24 13:06:00,22.53,22.53,22.53,22.53,625.0,VIR
2023-03-24 13:05:00,22.52,22.53,22.52,22.53,520.0,VIR
2023-03-24 13:04:00,22.525,22.525,22.51,22.51,606.0,VIR
2023-03-24 13:03:00,22.53,22.53,22.53,22.53,379.0,VIR
2023-03-24 13:02:00,22.56,22.56,22.55,22.55,438.0,VIR
2023-03-24 13:01:00,22.57,22.57,22.55,22.55,778.0,VIR
2023-03-24 13:00:00,22.54,22.54,22.54,22.54,315.0,VIR
2023-03-24 12:59:00,22.55,22.57,22.55,22.56,1622.0,VIR
2023-03-24 12:58:00,22.55,22.55,22.55,22.55,238.0,VIR
2023-03-24 12:57:00,22.55,22.55,22.55,22.55,1043.0,VIR
2023-03-24 12:56:00,22.54,22.54,22.54,22.54,235.0,VIR
2023-03-24 12:55:00,22.5,22.52,22.49,22.52,859.0,VIR
2023-03-24 12:54:00,22.5,22.5,22.5,22.5,227.0,VIR
2023-03-24 12:53:00,22.51,22.51,22.5,22.5,619.0,VIR
2023-03-24 12:52:00,22.495,22.5,22.495,22.5,430.0,VIR
2023-03-24 12:51:00,22.54,22.54,22.51,22.51,2090.0,VIR
2023-03-24 12:50:00,22.515,22.515,22.5,22.5,613.0,VIR
2023-03-24 12:49:00,22.5048,22.5048,22.5048,22.5048,310.0,VIR
2023-03-24 12:48:00,22.51,22.52,22.5,22.5,1462.0,VIR
2023-03-24 12:47:00,22.49,22.5,22.48,22.5,755.0,VIR
2023-03-24 12:46:00,22.49,22.49,22.48,22.48,1281.0,VIR
2023-03-24 12:45:00,22.47,22.5,22.47,22.5,661.0,VIR
2023-03-24 12:44:00,22.46,22.475,22.46,22.46,774.0,VIR
2023-03-24 12:43:00,22.46,22.49,22.46,22.46,1988.0,VIR
2023-03-24 12:42:00,22.455,22.455,22.455,22.455,396.0,VIR
2023-03-24 12:41:00,22.45,22.465,22.45,22.465,711.0,VIR
2023-03-24 12:40:00,22.425,22.445,22.425,22.445,524.0,VIR
2023-03-24 12:39:00,22.46,22.46,22.4275,22.4275,2071.0,VIR
2023-03-24 12:38:00,22.44,22.46,22.44,22.46,2532.0,VIR
2023-03-24 12:37:00,22.43,22.43,22.43,22.43,532.0,VIR
2023-03-24 12:36:00,22.43,22.44,22.42,22.43,1218.0,VIR
2023-03-24 12:35:00,22.425,22.425,22.41,22.41,585.0,VIR
2023-03-24 12:34:00,22.41,22.41,22.4,22.4,650.0,VIR
2023-03-24 12:33:00,22.41,22.415,22.41,22.415,556.0,VIR
2023-03-24 12:32:00,22.42,22.42,22.42,22.42,330.0,VIR
2023-03-24 12:31:00,22.41,22.41,22.4,22.4,1172.0,VIR
2023-03-24 12:30:00,22.4,22.4,22.4,22.4,535.0,VIR
2023-03-24 12:29:00,22.37,22.39,22.37,22.38,821.0,VIR
2023-03-24 12:28:00,22.365,22.365,22.365,22.365,668.0,VIR
2023-03-24 12:27:00,22.375,22.38,22.36,22.36,726.0,VIR
2023-03-24 12:26:00,22.37,22.375,22.37,22.375,905.0,VIR
2023-03-24 12:25:00,22.375,22.375,22.36,22.36,973.0,VIR
2023-03-24 12:24:00,22.35,22.36,22.35,22.36,545.0,VIR
2023-03-24 12:23:00,22.37,22.37,22.35,22.36,1449.0,VIR
2023-03-24 12:22:00,22.37,22.37,22.36,22.36,1152.0,VIR
2023-03-24 12:21:00,22.38,22.39,22.37,22.37,1131.0,VIR
2023-03-24 12:20:00,22.32,22.37,22.32,22.37,1145.0,VIR
2023-03-24 12:19:00,22.32,22.33,22.32,22.33,916.0,VIR
2023-03-24 12:18:00,22.33,22.39,22.33,22.335,6002.0,VIR
2023-03-24 12:17:00,22.34,22.4,22.305,22.34,7624.0,VIR
2023-03-24 12:16:00,22.32,22.435,22.32,22.36,23960.0,VIR
2023-03-24 12:13:00,22.29,22.3,22.29,22.3,568.0,VIR
2023-03-24 12:11:00,22.27,22.27,22.27,22.27,597.0,VIR
2023-03-24 12:10:00,22.245,22.245,22.23,22.23,820.0,VIR
2023-03-24 12:09:00,22.25,22.25,22.235,22.235,1082.0,VIR
2023-03-24 12:08:00,22.23,22.245,22.23,22.245,827.0,VIR
2023-03-24 12:07:00,22.25,22.25,22.235,22.25,772.0,VIR
2023-03-24 12:06:00,22.26,22.265,22.25,22.26,923.0,VIR
2023-03-24 12:05:00,22.32,22.32,22.26,22.26,1088.0,VIR
2023-03-24 12:04:00,22.3,22.32,22.3,22.32,2347.0,VIR
2023-03-24 12:03:00,22.33,22.33,22.31,22.32,1282.0,VIR
2023-03-24 12:02:00,22.29,22.34,22.28,22.34,1929.0,VIR
2023-03-24 12:01:00,22.3,22.3,22.27,22.29,1384.0,VIR
2023-03-24 12:00:00,22.34,22.3499,22.28,22.31,11658.0,VIR
2023-03-24 11:59:00,22.35,22.35,22.33,22.33,291.0,VIR
2023-03-24 11:58:00,22.32,22.35,22.32,22.35,2572.0,VIR
2023-03-24 11:57:00,22.33,22.34,22.33,22.34,1017.0,VIR
2023-03-24 11:56:00,22.3,22.32,22.29,22.32,996.0,VIR
2023-03-24 11:55:00,22.32,22.32,22.3,22.3,476.0,VIR
2023-03-24 11:54:00,22.31,22.31,22.31,22.31,415.0,VIR
2023-03-24 11:53:00,22.305,22.305,22.305,22.305,394.0,VIR
2023-03-24 11:52:00,22.29,22.29,22.28,22.29,868.0,VIR
2023-03-24 11:51:00,22.28,22.28,22.27,22.27,553.0,VIR
2023-03-24 11:50:00,22.31,22.31,22.29,22.29,731.0,VIR
2023-03-24 11:49:00,22.33,22.33,22.31,22.32,1708.0,VIR
2023-03-24 11:47:00,22.27,22.3,22.27,22.3,978.0,VIR
2023-03-24 11:46:00,22.2,22.26,22.2,22.26,1219.0,VIR
2023-03-24 11:45:00,22.2,22.2,22.18,22.18,700.0,VIR
2023-03-24 11:44:00,22.2,22.2,22.2,22.2,1071.0,VIR
2023-03-24 11:43:00,22.14,22.16,22.14,22.16,494.0,VIR
2023-03-24 11:42:00,22.15,22.15,22.1404,22.1404,414.0,VIR
2023-03-24 11:41:00,22.14,22.155,22.14,22.155,263.0,VIR
2023-03-24 11:40:00,22.14,22.14,22.13,22.14,537.0,VIR
2023-03-24 11:39:00,22.12,22.135,22.12,22.135,501.0,VIR
2023-03-24 11:38:00,22.13,22.13,22.12,22.13,1001.0,VIR
2023-03-24 11:37:00,22.15,22.15,22.14,22.14,656.0,VIR
2023-03-24 11:36:00,22.11,22.13,22.09,22.13,970.0,VIR
2023-03-24 11:34:00,22.11,22.11,22.08,22.095,1226.0,VIR
2023-03-24 11:33:00,22.085,22.085,22.07,22.08,548.0,VIR
2023-03-24 11:32:00,22.08,22.09,22.08,22.09,547.0,VIR
2023-03-24 11:31:00,22.1,22.11,22.1,22.1,896.0,VIR
2023-03-24 11:30:00,22.1,22.115,22.1,22.1,1224.0,VIR
2023-03-24 11:29:00,22.085,22.09,22.07,22.09,505.0,VIR
2023-03-24 11:28:00,22.09,22.09,22.08,22.08,715.0,VIR
2023-03-24 11:27:00,22.1,22.1,22.08,22.09,1175.0,VIR
2023-03-24 11:26:00,22.1,22.1,22.07,22.08,2290.0,VIR
2023-03-24 11:25:00,22.07,22.07,22.07,22.07,444.0,VIR
2023-03-24 11:24:00,22.08,22.09,22.05,22.065,1929.0,VIR
2023-03-24 11:22:00,22.075,22.08,22.06,22.06,518.0,VIR
2023-03-24 11:21:00,22.08,22.0934,22.06,22.0934,1672.0,VIR
2023-03-24 11:20:00,22.06,22.06,22.06,22.06,410.0,VIR
2023-03-24 11:19:00,22.1,22.1,22.06,22.06,1010.0,VIR
2023-03-24 11:18:00,22.06,22.085,22.05,22.07,1195.0,VIR
2023-03-24 11:17:00,22.065,22.065,22.05,22.065,635.0,VIR
2023-03-24 11:16:00,22.09,22.1,22.075,22.075,1884.0,VIR
2023-03-24 11:15:00,22.02,22.035,22.02,22.035,2573.0,VIR
2023-03-24 11:14:00,22.05,22.05,22.01,22.03,7149.0,VIR
2023-03-24 11:13:00,22.06,22.06,22.03,22.04,3530.0,VIR
2023-03-24 11:12:00,22.075,22.08,22.06,22.06,1461.0,VIR
2023-03-24 11:11:00,22.085,22.085,22.08,22.08,773.0,VIR
2023-03-24 11:10:00,22.0501,22.08,22.0501,22.08,1225.0,VIR
2023-03-24 11:09:00,22.075,22.075,22.06,22.07,542.0,VIR
2023-03-24 11:08:00,22.135,22.135,22.085,22.085,1489.0,VIR
2023-03-24 11:07:00,22.14,22.14,22.12,22.14,1658.0,VIR
2023-03-24 11:06:00,22.14,22.16,22.13,22.13,1046.0,VIR
2023-03-24 11:05:00,22.14,22.16,22.125,22.13,1466.0,VIR
2023-03-24 11:04:00,22.14,22.155,22.14,22.155,1096.0,VIR
2023-03-24 11:03:00,22.145,22.145,22.13,22.13,946.0,VIR
2023-03-24 11:02:00,22.09,22.14,22.09,22.14,2155.0,VIR
2023-03-24 11:01:00,22.09,22.12,22.09,22.1,1950.0,VIR
2023-03-24 11:00:00,22.09,22.1,22.09,22.1,981.0,VIR
2023-03-24 10:59:00,22.08,22.0964,22.07,22.07,712.0,VIR
2023-03-24 10:58:00,22.12,22.12,22.07,22.075,1256.0,VIR
2023-03-24 10:57:00,22.08,22.11,22.08,22.11,2274.0,VIR
2023-03-24 10:56:00,22.08,22.08,22.05,22.065,987.0,VIR
2023-03-24 10:55:00,22.055,22.09,22.055,22.09,2068.0,VIR
2023-03-24 10:54:00,22.06,22.06,22.03,22.05,1307.0,VIR
2023-03-24 10:53:00,22.05,22.08,22.03,22.08,6161.0,VIR
2023-03-24 10:52:00,22.1188,22.1188,22.05,22.05,2651.0,VIR
2023-03-24 10:51:00,22.06,22.12,22.06,22.12,2830.0,VIR
2023-03-24 10:50:00,22.12,22.12,22.07,22.07,1134.0,VIR
2023-03-24 10:49:00,22.14,22.14,22.07,22.1,2173.0,VIR
2023-03-24 10:48:00,22.19,22.19,22.15,22.15,6364.0,VIR
2023-03-24 10:47:00,22.25,22.28,22.21,22.22,14196.0,VIR
2023-03-24 10:46:00,22.28,22.28,22.25,22.255,897.0,VIR
2023-03-24 10:45:00,22.27,22.27,22.25,22.25,423.0,VIR
2023-03-24 10:44:00,22.28,22.29,22.26,22.27,1189.0,VIR
2023-03-24 10:43:00,22.265,22.27,22.265,22.27,516.0,VIR
2023-03-24 10:41:00,22.29,22.29,22.265,22.28,1377.0,VIR
2023-03-24 10:39:00,22.28,22.28,22.28,22.28,119.0,VIR
2023-03-24 10:38:00,22.235,22.26,22.235,22.26,1194.0,VIR
2023-03-24 10:37:00,22.28,22.28,22.25,22.25,940.0,VIR
2023-03-24 10:36:00,22.27,22.27,22.24,22.26,14741.0,VIR
2023-03-24 10:35:00,22.29,22.3,22.29,22.295,1042.0,VIR
2023-03-24 10:34:00,22.3,22.3,22.28,22.28,432.0,VIR
2023-03-24 10:33:00,22.365,22.365,22.33,22.33,614.0,VIR
2023-03-24 10:32:00,22.38,22.38,22.37,22.37,1076.0,VIR
2023-03-24 10:30:00,22.4045,22.41,22.36,22.36,1025.0,VIR
2023-03-24 10:29:00,22.41,22.41,22.41,22.41,272.0,VIR
2023-03-24 10:28:00,22.35,22.4,22.35,22.39,1944.0,VIR
2023-03-24 10:27:00,22.26,22.32,22.26,22.32,2369.0,VIR
2023-03-24 10:26:00,22.17,22.25,22.145,22.25,4279.0,VIR
2023-03-24 10:23:00,22.11,22.11,22.1,22.11,1049.0,VIR
2023-03-24 10:22:00,22.1399,22.1399,22.1,22.1,848.0,VIR
2023-03-24 10:21:00,22.13,22.15,22.13,22.15,1166.0,VIR
2023-03-24 10:19:00,22.12,22.16,22.12,22.16,1621.0,VIR
2023-03-24 10:18:00,22.13,22.13,22.11,22.11,593.0,VIR
2023-03-24 10:16:00,22.185,22.185,22.15,22.15,305.0,VIR
2023-03-24 10:15:00,22.25,22.25,22.2,22.21,3231.0,VIR
2023-03-24 10:14:00,22.18,22.21,22.17,22.21,975.0,VIR
2023-03-24 10:13:00,22.11,22.125,22.11,22.125,891.0,VIR
2023-03-24 10:12:00,22.03,22.09,22.03,22.08,1706.0,VIR
2023-03-24 10:10:00,22.08,22.08,22.07,22.07,1040.0,VIR
2023-03-24 10:09:00,22.12,22.12,22.1,22.1,2723.0,VIR
2023-03-24 10:08:00,22.19,22.2,22.1585,22.1585,1946.0,VIR
2023-03-24 10:07:00,22.215,22.215,22.2,22.21,1172.0,VIR
2023-03-24 10:06:00,22.22,22.22,22.22,22.22,205.0,VIR
2023-03-24 10:05:00,22.21,22.223,22.21,22.22,1704.0,VIR
2023-03-24 10:04:00,22.19,22.22,22.19,22.22,430.0,VIR
2023-03-24 10:03:00,22.22,22.22,22.22,22.22,322.0,VIR
2023-03-24 10:02:00,22.2,22.21,22.2,22.21,1416.0,VIR
2023-03-24 10:01:00,22.155,22.19,22.155,22.19,3463.0,VIR
2023-03-24 10:00:00,22.22,22.24,22.13,22.13,1367.0,VIR
2023-03-24 09:59:00,22.13,22.2,22.13,22.2,1382.0,VIR
2023-03-24 09:58:00,22.13,22.15,22.13,22.15,537.0,VIR
2023-03-24 09:57:00,22.12,22.13,22.12,22.13,590.0,VIR
2023-03-24 09:56:00,22.045,22.145,22.045,22.145,2395.0,VIR
2023-03-24 09:55:00,22.05,22.05,22.05,22.05,522.0,VIR
2023-03-24 09:53:00,22.07,22.07,22.07,22.07,298.0,VIR
2023-03-24 09:52:00,22.1,22.1,22.08,22.08,1071.0,VIR
2023-03-24 09:51:00,22.04,22.06,22.04,22.04,1496.0,VIR
2023-03-24 09:50:00,22.025,22.025,22.025,22.025,266.0,VIR
2023-03-24 09:49:00,22.02,22.02,22.02,22.02,1059.0,VIR
2023-03-24 09:48:00,22.12,22.12,22.08,22.08,3199.0,VIR
2023-03-24 09:47:00,22.14,22.14,22.14,22.14,694.0,VIR
2023-03-24 09:46:00,22.14,22.15,22.12,22.12,2659.0,VIR
2023-03-24 09:45:00,22.14,22.14,22.14,22.14,656.0,VIR
2023-03-24 09:44:00,22.05,22.05,22.05,22.05,194.0,VIR
2023-03-24 09:42:00,22.11,22.11,22.05,22.05,444.0,VIR
2023-03-24 09:41:00,22.0909,22.1246,22.09,22.09,1718.0,VIR
2023-03-24 09:40:00,22.14,22.14,22.14,22.14,161.0,VIR
2023-03-24 09:37:00,22.12,22.12,22.08,22.12,4754.0,VIR
2023-03-24 09:36:00,22.1325,22.1325,22.105,22.105,206.0,VIR
2023-03-24 09:35:00,22.1,22.165,22.1,22.165,226.0,VIR
2023-03-24 09:34:00,22.1,22.1,22.1,22.1,195.0,VIR
2023-03-24 09:33:00,22.1,22.1,22.1,22.1,1316.0,VIR
2023-03-24 09:31:00,22.15,22.15,22.08,22.1109,8160.0,VIR
2023-03-23 16:03:00,22.26,22.26,22.26,22.26,402.0,VIR
2023-03-23 16:02:00,22.26,22.26,22.26,22.26,2294.0,VIR
2023-03-23 16:01:00,22.26,22.26,22.26,22.26,35344.0,VIR
2023-03-23 16:00:00,22.2,22.28,22.2,22.26,42981.0,VIR
2023-03-23 15:59:00,22.205,22.22,22.19,22.195,21863.0,VIR
2023-03-23 15:58:00,22.2,22.23,22.2,22.21,16079.0,VIR
2023-03-23 15:57:00,22.14,22.2,22.14,22.19,22785.0,VIR
2023-03-23 15:56:00,22.18,22.185,22.135,22.14,16982.0,VIR
2023-03-23 15:55:00,22.17,22.18,22.15,22.17,15027.0,VIR
2023-03-23 15:54:00,22.18,22.2,22.17,22.175,10627.0,VIR
2023-03-23 15:53:00,22.22,22.22,22.19,22.19,11574.0,VIR
2023-03-23 15:52:00,22.235,22.235,22.19,22.22,19015.0,VIR
2023-03-23 15:51:00,22.29,22.31,22.22,22.23,22634.0,VIR
2023-03-23 15:50:00,22.26,22.29,22.26,22.285,1305.0,VIR
2023-03-23 15:49:00,22.3,22.3,22.255,22.26,3544.0,VIR
2023-03-23 15:48:00,22.285,22.31,22.275,22.31,1904.0,VIR
2023-03-23 15:47:00,22.25,22.295,22.25,22.29,2291.0,VIR
2023-03-23 15:46:00,22.23,22.25,22.23,22.25,2573.0,VIR
2023-03-23 15:45:00,22.22,22.22,22.2,22.21,3201.0,VIR
2023-03-23 15:44:00,22.215,22.23,22.215,22.225,2133.0,VIR
2023-03-23 15:43:00,22.19,22.21,22.19,22.21,1701.0,VIR
2023-03-23 15:42:00,22.17,22.195,22.16,22.195,1934.0,VIR
2023-03-23 15:41:00,22.17,22.17,22.15,22.17,1594.0,VIR
2023-03-23 15:40:00,22.16,22.18,22.16,22.18,1199.0,VIR
2023-03-23 15:39:00,22.17,22.17,22.135,22.135,3248.0,VIR
2023-03-23 15:38:00,22.17,22.18,22.165,22.175,1381.0,VIR
2023-03-23 15:37:00,22.15,22.19,22.15,22.17,3387.0,VIR
2023-03-23 15:36:00,22.15,22.17,22.15,22.16,1951.0,VIR
2023-03-23 15:35:00,22.13,22.14,22.12,22.135,2474.0,VIR
2023-03-23 15:34:00,22.11,22.13,22.11,22.12,2145.0,VIR
2023-03-23 15:33:00,22.09,22.12,22.09,22.11,1555.0,VIR
2023-03-23 15:32:00,22.05,22.055,22.03,22.05,2119.0,VIR
2023-03-23 15:31:00,22.065,22.075,22.05,22.055,2208.0,VIR
2023-03-23 15:30:00,22.08,22.08,22.07,22.07,797.0,VIR
2023-03-23 15:29:00,22.1,22.11,22.09,22.1,1164.0,VIR
2023-03-23 15:28:00,22.14,22.15,22.095,22.1,3611.0,VIR
2023-03-23 15:27:00,22.14,22.155,22.12,22.13,2646.0,VIR
2023-03-23 15:26:00,22.15,22.1576,22.15,22.1576,1278.0,VIR
2023-03-23 15:25:00,22.15,22.15,22.13,22.15,1341.0,VIR
2023-03-23 15:24:00,22.16,22.16,22.15,22.16,828.0,VIR
2023-03-23 15:23:00,22.09,22.11,22.09,22.11,1660.0,VIR
2023-03-23 15:22:00,22.09,22.09,22.06,22.06,3022.0,VIR
2023-03-23 15:21:00,22.11,22.11,22.08,22.09,7822.0,VIR
2023-03-23 15:20:00,22.13,22.13,22.115,22.115,609.0,VIR
2023-03-23 15:19:00,22.14,22.14,22.11,22.12,1795.0,VIR
2023-03-23 15:18:00,22.14,22.14,22.14,22.14,691.0,VIR
2023-03-23 15:17:00,22.13,22.1359,22.12,22.12,601.0,VIR
2023-03-23 15:16:00,22.15,22.16,22.13,22.13,1498.0,VIR
2023-03-23 15:15:00,22.12,22.13,22.12,22.13,785.0,VIR
2023-03-23 15:14:00,22.15,22.15,22.12,22.12,2499.0,VIR
2023-03-23 15:13:00,22.18,22.19,22.16,22.16,1137.0,VIR
2023-03-23 15:12:00,22.19,22.19,22.19,22.19,195.0,VIR
2023-03-23 15:11:00,22.2,22.205,22.19,22.19,1367.0,VIR
2023-03-23 15:09:00,22.16,22.16,22.15,22.16,989.0,VIR
2023-03-23 15:08:00,22.2,22.2,22.16,22.165,2733.0,VIR
2023-03-23 15:07:00,22.22,22.22,22.21,22.21,1272.0,VIR
2023-03-23 15:06:00,22.22,22.22,22.2,22.21,1485.0,VIR
2023-03-23 15:05:00,22.238,22.245,22.21,22.21,1614.0,VIR
2023-03-23 15:04:00,22.22,22.25,22.22,22.25,715.0,VIR
2023-03-23 15:03:00,22.25,22.27,22.215,22.215,1479.0,VIR
2023-03-23 15:02:00,22.315,22.335,22.24,22.245,3549.0,VIR
2023-03-23 15:01:00,22.2,22.32,22.2,22.32,7287.0,VIR
2023-03-23 15:00:00,22.18,22.19,22.18,22.19,785.0,VIR
2023-03-23 14:59:00,22.155,22.17,22.155,22.17,449.0,VIR
2023-03-23 14:58:00,22.14,22.15,22.14,22.14,1028.0,VIR
2023-03-23 14:57:00,22.12,22.135,22.12,22.13,1905.0,VIR
2023-03-23 14:56:00,22.14,22.14,22.12,22.12,1261.0,VIR
2023-03-23 14:55:00,22.16,22.16,22.14,22.15,1603.0,VIR
2023-03-23 14:54:00,22.17,22.17,22.1681,22.1681,2076.0,VIR
2023-03-23 14:52:00,22.16,22.18,22.16,22.18,880.0,VIR
2023-03-23 14:51:00,22.14,22.15,22.14,22.15,505.0,VIR
2023-03-23 14:50:00,22.135,22.15,22.13,22.15,1107.0,VIR
2023-03-23 14:49:00,22.12,22.12,22.12,22.12,852.0,VIR
2023-03-23 14:48:00,22.15,22.15,22.12,22.12,1326.0,VIR
2023-03-23 14:47:00,22.14,22.16,22.14,22.16,1563.0,VIR
2023-03-23 14:46:00,22.13,22.16,22.13,22.15,3264.0,VIR
2023-03-23 14:45:00,22.115,22.13,22.11,22.11,2580.0,VIR
2023-03-23 14:44:00,22.11,22.115,22.11,22.115,3771.0,VIR
2023-03-23 14:43:00,22.12,22.125,22.12,22.125,1262.0,VIR
2023-03-23 14:42:00,22.13,22.13,22.12,22.12,610.0,VIR
2023-03-23 14:41:00,22.15,22.15,22.14,22.14,1504.0,VIR
2023-03-23 14:40:00,22.16,22.17,22.155,22.16,1233.0,VIR
2023-03-23 14:39:00,22.2,22.2,22.17,22.17,1503.0,VIR
2023-03-23 14:38:00,22.21,22.21,22.2,22.2,332.0,VIR
2023-03-23 14:37:00,22.2,22.205,22.2,22.205,627.0,VIR
2023-03-23 14:36:00,22.19,22.215,22.19,22.215,2078.0,VIR
2023-03-23 14:34:00,22.18,22.19,22.17,22.19,1059.0,VIR
2023-03-23 14:33:00,22.19,22.19,22.18,22.19,770.0,VIR
2023-03-23 14:32:00,22.205,22.205,22.205,22.205,525.0,VIR
2023-03-23 14:31:00,22.16,22.165,22.16,22.165,917.0,VIR
2023-03-23 14:30:00,22.17,22.17,22.1573,22.16,1882.0,VIR
2023-03-23 14:29:00,22.2,22.2,22.19,22.19,1224.0,VIR
2023-03-23 14:28:00,22.21,22.21,22.2,22.2,1534.0,VIR
2023-03-23 14:27:00,22.21,22.21,22.2,22.2,674.0,VIR
2023-03-23 14:26:00,22.24,22.24,22.21,22.21,2031.0,VIR
2023-03-23 14:25:00,22.255,22.255,22.24,22.25,1303.0,VIR
2023-03-23 14:24:00,22.26,22.26,22.26,22.26,185.0,VIR
2023-03-23 14:23:00,22.265,22.27,22.26,22.26,567.0,VIR
2023-03-23 14:22:00,22.27,22.27,22.25,22.25,1348.0,VIR
2023-03-23 14:21:00,22.27,22.28,22.27,22.28,732.0,VIR
2023-03-23 14:20:00,22.3,22.3,22.29,22.29,756.0,VIR
2023-03-23 14:19:00,22.26,22.3,22.26,22.29,757.0,VIR
2023-03-23 14:18:00,22.29,22.29,22.29,22.29,532.0,VIR
2023-03-23 14:17:00,22.31,22.31,22.31,22.31,548.0,VIR
2023-03-23 14:16:00,22.3,22.3,22.29,22.29,1440.0,VIR
2023-03-23 14:15:00,22.3202,22.3202,22.3202,22.3202,321.0,VIR
2023-03-23 14:14:00,22.31,22.31,22.31,22.31,1047.0,VIR
2023-03-23 14:12:00,22.3,22.3,22.29,22.29,652.0,VIR
2023-03-23 14:11:00,22.3,22.3,22.28,22.28,451.0,VIR
2023-03-23 14:10:00,22.31,22.31,22.29,22.3,1787.0,VIR
2023-03-23 14:09:00,22.32,22.32,22.31,22.31,1071.0,VIR
2023-03-23 14:08:00,22.288,22.31,22.288,22.31,871.0,VIR
2023-03-23 14:07:00,22.285,22.285,22.28,22.28,485.0,VIR
2023-03-23 14:06:00,22.29,22.29,22.29,22.29,803.0,VIR
2023-03-23 14:05:00,22.27,22.27,22.27,22.27,426.0,VIR
2023-03-23 14:04:00,22.31,22.31,22.31,22.31,241.0,VIR
2023-03-23 14:03:00,22.33,22.33,22.32,22.32,849.0,VIR
2023-03-23 14:02:00,22.31,22.33,22.31,22.33,737.0,VIR
2023-03-23 14:01:00,22.305,22.31,22.305,22.31,727.0,VIR
2023-03-23 14:00:00,22.3,22.3,22.29,22.29,799.0,VIR
2023-03-23 13:59:00,22.31,22.34,22.295,22.3,3006.0,VIR
2023-03-23 13:58:00,22.315,22.315,22.315,22.315,143.0,VIR
2023-03-23 13:55:00,22.34,22.34,22.32,22.32,1465.0,VIR
2023-03-23 13:54:00,22.33,22.33,22.33,22.33,190.0,VIR
2023-03-23 13:53:00,22.35,22.35,22.34,22.34,1019.0,VIR
2023-03-23 13:52:00,22.36,22.365,22.355,22.355,1105.0,VIR
2023-03-23 13:49:00,22.32,22.325,22.32,22.325,217.0,VIR
2023-03-23 13:48:00,22.32,22.35,22.32,22.33,2889.0,VIR
2023-03-23 13:47:00,22.33,22.33,22.321,22.321,552.0,VIR
2023-03-23 13:46:00,22.331,22.331,22.331,22.331,110.0,VIR
2023-03-23 13:45:00,22.31,22.335,22.31,22.33,2682.0,VIR
2023-03-23 13:44:00,22.29,22.29,22.29,22.29,651.0,VIR
2023-03-23 13:43:00,22.3,22.3,22.3,22.3,827.0,VIR
2023-03-23 13:42:00,22.281,22.281,22.281,22.281,373.0,VIR
2023-03-23 13:41:00,22.28,22.28,22.28,22.28,373.0,VIR
2023-03-23 13:40:00,22.32,22.33,22.31,22.31,983.0,VIR
2023-03-23 13:39:00,22.33,22.33,22.33,22.33,496.0,VIR
2023-03-23 13:38:00,22.335,22.34,22.335,22.34,1028.0,VIR
2023-03-23 13:37:00,22.3,22.32,22.3,22.32,1471.0,VIR
2023-03-23 13:36:00,22.33,22.33,22.31,22.31,675.0,VIR
2023-03-23 13:35:00,22.34,22.34,22.33,22.33,512.0,VIR
2023-03-23 13:34:00,22.36,22.36,22.34,22.345,1213.0,VIR
2023-03-23 13:33:00,22.395,22.395,22.36,22.36,1283.0,VIR
2023-03-23 13:32:00,22.38,22.39,22.38,22.39,802.0,VIR
2023-03-23 13:31:00,22.38,22.39,22.38,22.39,885.0,VIR
2023-03-23 13:30:00,22.36,22.36,22.36,22.36,315.0,VIR
2023-03-23 13:29:00,22.34,22.37,22.33,22.36,23174.0,VIR
2023-03-23 13:28:00,22.36,22.365,22.33,22.33,5300.0,VIR
2023-03-23 13:27:00,22.38,22.38,22.36,22.36,1617.0,VIR
2023-03-23 13:26:00,22.4,22.42,22.395,22.41,1955.0,VIR
2023-03-23 13:25:00,22.44,22.44,22.41,22.41,1286.0,VIR
2023-03-23 13:24:00,22.46,22.48,22.46,22.465,1032.0,VIR
2023-03-23 13:23:00,22.45,22.45,22.45,22.45,192.0,VIR
2023-03-23 13:22:00,22.42,22.43,22.42,22.43,1092.0,VIR
2023-03-23 13:21:00,22.39,22.41,22.39,22.41,645.0,VIR
2023-03-23 13:20:00,22.4,22.4,22.38,22.39,609.0,VIR
2023-03-23 13:19:00,22.41,22.41,22.39,22.39,1017.0,VIR
2023-03-23 13:18:00,22.41,22.43,22.41,22.4246,1285.0,VIR
2023-03-23 13:17:00,22.41,22.41,22.4,22.4,555.0,VIR
2023-03-23 13:16:00,22.425,22.43,22.42,22.42,635.0,VIR
2023-03-23 13:14:00,22.41,22.42,22.41,22.42,681.0,VIR
2023-03-23 13:13:00,22.41,22.41,22.41,22.41,138.0,VIR
2023-03-23 13:12:00,22.431,22.431,22.41,22.41,579.0,VIR
2023-03-23 13:10:00,22.45,22.45,22.44,22.45,1054.0,VIR
2023-03-23 13:09:00,22.46,22.46,22.43,22.46,1176.0,VIR
2023-03-23 13:08:00,22.48,22.48,22.47,22.47,842.0,VIR
2023-03-23 13:07:00,22.48,22.48,22.48,22.48,204.0,VIR
2023-03-23 13:06:00,22.45,22.47,22.45,22.47,674.0,VIR
2023-03-23 13:05:00,22.44,22.45,22.44,22.45,755.0,VIR
2023-03-23 13:04:00,22.43,22.431,22.43,22.43,1410.0,VIR
2023-03-23 13:02:00,22.425,22.43,22.425,22.43,307.0,VIR
2023-03-23 13:01:00,22.43,22.43,22.43,22.43,455.0,VIR
2023-03-23 13:00:00,22.43,22.43,22.43,22.43,280.0,VIR
2023-03-23 12:57:00,22.44,22.44,22.43,22.43,490.0,VIR
2023-03-23 12:56:00,22.44,22.44,22.435,22.435,754.0,VIR
2023-03-23 12:55:00,22.44,22.44,22.44,22.44,261.0,VIR
2023-03-23 12:54:00,22.48,22.48,22.46,22.46,1268.0,VIR
2023-03-23 12:53:00,22.47,22.475,22.47,22.475,515.0,VIR
2023-03-23 12:52:00,22.46,22.475,22.46,22.47,972.0,VIR
2023-03-23 12:51:00,22.47,22.47,22.47,22.47,322.0,VIR
2023-03-23 12:50:00,22.46,22.48,22.46,22.4715,1128.0,VIR
2023-03-23 12:49:00,22.455,22.46,22.455,22.46,533.0,VIR
2023-03-23 12:48:00,22.475,22.475,22.421,22.44,2112.0,VIR
2023-03-23 12:46:00,22.4518,22.4518,22.4518,22.4518,282.0,VIR
2023-03-23 12:45:00,22.47,22.47,22.46,22.46,652.0,VIR
2023-03-23 12:44:00,22.575,22.575,22.5,22.5,11983.0,VIR
2023-03-23 12:43:00,22.58,22.58,22.5766,22.5766,1152.0,VIR
2023-03-23 12:42:00,22.565,22.565,22.565,22.565,360.0,VIR
2023-03-23 12:41:00,22.57,22.57,22.56,22.57,1735.0,VIR
2023-03-23 12:40:00,22.561,22.57,22.561,22.57,900.0,VIR
2023-03-23 12:39:00,22.56,22.56,22.56,22.56,1248.0,VIR
2023-03-23 12:38:00,22.66,22.66,22.59,22.59,2686.0,VIR
2023-03-23 12:37:00,22.6615,22.6615,22.66,22.66,1006.0,VIR
2023-03-23 12:36:00,22.7,22.7,22.67,22.67,882.0,VIR
2023-03-23 12:35:00,22.7296,22.73,22.68,22.7,14678.0,VIR
2023-03-23 12:33:00,22.72,22.72,22.72,22.72,270.0,VIR
2023-03-23 12:32:00,22.73,22.73,22.73,22.73,393.0,VIR
2023-03-23 12:31:00,22.73,22.73,22.73,22.73,2586.0,VIR
2023-03-23 12:30:00,22.73,22.73,22.71,22.715,998.0,VIR
2023-03-23 12:29:00,22.73,22.73,22.73,22.73,372.0,VIR
2023-03-23 12:28:00,22.74,22.74,22.725,22.73,1629.0,VIR
2023-03-23 12:27:00,22.77,22.78,22.77,22.78,1720.0,VIR
2023-03-23 12:26:00,22.77,22.77,22.755,22.76,27080.0,VIR
2023-03-23 12:25:00,22.77,22.77,22.77,22.77,172.0,VIR
2023-03-23 12:24:00,22.78,22.79,22.78,22.78,1332.0,VIR
2023-03-23 12:23:00,22.76,22.77,22.76,22.77,762.0,VIR
2023-03-23 12:22:00,22.76,22.76,22.76,22.76,144.0,VIR
2023-03-23 12:21:00,22.76,22.76,22.76,22.76,797.0,VIR
2023-03-23 12:20:00,22.735,22.76,22.73,22.76,1656.0,VIR
2023-03-23 12:19:00,22.755,22.755,22.74,22.74,2051.0,VIR
2023-03-23 12:18:00,22.76,22.76,22.75,22.755,1331.0,VIR
2023-03-23 12:17:00,22.75,22.76,22.75,22.76,805.0,VIR
2023-03-23 12:16:00,22.75,22.76,22.74,22.76,966.0,VIR
2023-03-23 12:15:00,22.76,22.77,22.76,22.77,708.0,VIR
2023-03-23 12:14:00,22.76,22.76,22.735,22.75,1561.0,VIR
2023-03-23 12:12:00,22.76,22.76,22.75,22.76,1451.0,VIR
2023-03-23 12:11:00,22.76,22.765,22.76,22.76,2783.0,VIR
2023-03-23 12:10:00,22.76,22.76,22.76,22.76,1002.0,VIR
2023-03-23 12:08:00,22.75,22.76,22.75,22.76,1004.0,VIR
2023-03-23 12:07:00,22.75,22.75,22.75,22.75,221.0,VIR
2023-03-23 12:06:00,22.75,22.75,22.735,22.735,1910.0,VIR
2023-03-23 12:05:00,22.76,22.76,22.75,22.75,1839.0,VIR
2023-03-23 12:04:00,22.76,22.77,22.76,22.76,1037.0,VIR
2023-03-23 12:03:00,22.75,22.76,22.75,22.755,587.0,VIR
2023-03-23 12:02:00,22.74,22.75,22.74,22.74,1322.0,VIR
2023-03-23 12:01:00,22.735,22.735,22.72,22.73,953.0,VIR
2023-03-23 11:59:00,22.74,22.74,22.71,22.72,2343.0,VIR
2023-03-23 11:58:00,22.77,22.77,22.76,22.76,926.0,VIR
2023-03-23 11:57:00,22.7501,22.76,22.7501,22.76,788.0,VIR
2023-03-23 11:56:00,22.765,22.765,22.75,22.755,1529.0,VIR
2023-03-23 11:55:00,22.76,22.76,22.75,22.75,1482.0,VIR
2023-03-23 11:54:00,22.76,22.76,22.76,22.76,164.0,VIR
2023-03-23 11:53:00,22.77,22.77,22.76,22.76,1626.0,VIR
2023-03-23 11:52:00,22.76,22.76,22.76,22.76,227.0,VIR
2023-03-23 11:51:00,22.76,22.77,22.76,22.77,1153.0,VIR
2023-03-23 11:50:00,22.73,22.7472,22.73,22.7472,1285.0,VIR
2023-03-23 11:49:00,22.7307,22.7307,22.73,22.73,610.0,VIR
2023-03-23 11:48:00,22.73,22.73,22.72,22.72,780.0,VIR
2023-03-23 11:47:00,22.7,22.73,22.695,22.73,4133.0,VIR
2023-03-23 11:46:00,22.695,22.695,22.695,22.695,369.0,VIR
2023-03-23 11:45:00,22.69,22.69,22.69,22.69,571.0,VIR
2023-03-23 11:44:00,22.695,22.695,22.68,22.69,1176.0,VIR
2023-03-23 11:43:00,22.69,22.695,22.69,22.695,1350.0,VIR
2023-03-23 11:42:00,22.695,22.71,22.69,22.71,1173.0,VIR
2023-03-23 11:41:00,22.7,22.705,22.7,22.705,444.0,VIR
2023-03-23 11:40:00,22.71,22.71,22.7,22.7,1233.0,VIR
2023-03-23 11:39:00,22.7,22.705,22.69,22.705,1008.0,VIR
2023-03-23 11:37:00,22.7,22.7,22.7,22.7,719.0,VIR
2023-03-23 11:36:00,22.69,22.7,22.69,22.7,653.0,VIR
2023-03-23 11:35:00,22.7,22.7,22.69,22.69,814.0,VIR
2023-03-23 11:34:00,22.73,22.73,22.7,22.7,998.0,VIR
2023-03-23 11:33:00,22.74,22.74,22.74,22.74,419.0,VIR
2023-03-23 11:32:00,22.73,22.75,22.73,22.75,1100.0,VIR
2023-03-23 11:31:00,22.72,22.74,22.72,22.74,738.0,VIR
2023-03-23 11:29:00,22.71,22.71,22.7,22.7,422.0,VIR
2023-03-23 11:28:00,22.71,22.71,22.71,22.71,679.0,VIR
2023-03-23 11:27:00,22.73,22.73,22.72,22.72,567.0,VIR
2023-03-23 11:26:00,22.735,22.735,22.735,22.735,419.0,VIR
2023-03-23 11:24:00,22.79,22.79,22.73,22.73,2585.0,VIR
2023-03-23 11:23:00,22.76,22.785,22.75,22.78,3387.0,VIR
2023-03-23 11:22:00,22.77,22.77,22.765,22.765,1200.0,VIR
2023-03-23 11:21:00,22.79,22.79,22.77,22.77,919.0,VIR
2023-03-23 11:20:00,22.81,22.82,22.8,22.8,734.0,VIR
2023-03-23 11:18:00,22.86,22.86,22.84,22.85,1341.0,VIR
2023-03-23 11:17:00,22.87,22.87,22.865,22.865,382.0,VIR
2023-03-23 11:16:00,22.88,22.88,22.87,22.87,568.0,VIR
2023-03-23 11:15:00,22.85,22.88,22.835,22.87,1457.0,VIR
2023-03-23 11:14:00,22.87,22.87,22.86,22.86,1451.0,VIR
2023-03-23 11:13:00,22.8874,22.8874,22.87,22.87,914.0,VIR
2023-03-23 11:12:00,22.87,22.87,22.87,22.87,610.0,VIR
2023-03-23 11:11:00,22.82,22.85,22.82,22.85,905.0,VIR
2023-03-23 11:10:00,22.86,22.86,22.84,22.84,1309.0,VIR
2023-03-23 11:09:00,22.832,22.85,22.832,22.85,530.0,VIR
2023-03-23 11:08:00,22.84,22.84,22.84,22.84,403.0,VIR
2023-03-23 11:06:00,22.88,22.88,22.85,22.85,1270.0,VIR
2023-03-23 11:05:00,22.865,22.87,22.865,22.87,454.0,VIR
2023-03-23 11:04:00,22.865,22.87,22.86,22.87,506.0,VIR
2023-03-23 11:03:00,22.86,22.86,22.86,22.86,697.0,VIR
2023-03-23 11:02:00,22.87,22.89,22.87,22.89,1177.0,VIR
2023-03-23 11:01:00,22.85,22.8715,22.85,22.8715,512.0,VIR
2023-03-23 11:00:00,22.84,22.84,22.82,22.82,1719.0,VIR
2023-03-23 10:59:00,22.83,22.84,22.83,22.84,840.0,VIR
2023-03-23 10:58:00,22.84,22.84,22.84,22.84,664.0,VIR
2023-03-23 10:56:00,22.89,22.89,22.87,22.87,2926.0,VIR
2023-03-23 10:55:00,22.92,22.92,22.91,22.91,388.0,VIR
2023-03-23 10:54:00,22.92,22.93,22.92,22.92,1416.0,VIR
2023-03-23 10:53:00,22.91,22.91,22.91,22.91,1381.0,VIR
2023-03-23 10:52:00,22.89,22.89,22.89,22.89,1340.0,VIR
2023-03-23 10:51:00,22.88,22.9,22.88,22.9,1821.0,VIR
2023-03-23 10:50:00,22.87,22.89,22.87,22.89,1074.0,VIR
2023-03-23 10:49:00,22.85,22.86,22.8477,22.8477,1746.0,VIR
2023-03-23 10:48:00,22.82,22.83,22.82,22.83,1244.0,VIR
2023-03-23 10:47:00,22.78,22.82,22.78,22.81,2376.0,VIR
2023-03-23 10:46:00,22.76,22.77,22.76,22.77,645.0,VIR
2023-03-23 10:45:00,22.77,22.77,22.73,22.73,3003.0,VIR
2023-03-23 10:44:00,22.8,22.8,22.79,22.79,635.0,VIR
2023-03-23 10:42:00,22.83,22.83,22.82,22.83,1646.0,VIR
2023-03-23 10:40:00,22.83,22.84,22.83,22.84,2396.0,VIR
2023-03-23 10:39:00,22.81,22.83,22.81,22.83,1059.0,VIR
2023-03-23 10:38:00,22.77,22.77,22.77,22.77,245.0,VIR
2023-03-23 10:37:00,22.77,22.78,22.77,22.78,787.0,VIR
2023-03-23 10:36:00,22.76,22.76,22.75,22.75,573.0,VIR
2023-03-23 10:35:00,22.745,22.76,22.745,22.76,837.0,VIR
2023-03-23 10:34:00,22.79,22.79,22.74,22.74,2508.0,VIR
2023-03-23 10:33:00,22.82,22.82,22.79,22.7915,4340.0,VIR
2023-03-23 10:32:00,22.8,22.8,22.79,22.79,1154.0,VIR
2023-03-23 10:31:00,22.75,22.79,22.75,22.79,622.0,VIR
2023-03-23 10:30:00,22.76,22.76,22.75,22.75,975.0,VIR
2023-03-23 10:29:00,22.72,22.73,22.72,22.73,681.0,VIR
2023-03-23 10:28:00,22.79,22.8,22.72,22.72,4089.0,VIR
2023-03-23 10:27:00,22.7536,22.77,22.75,22.77,2999.0,VIR
2023-03-23 10:26:00,22.7796,22.7796,22.75,22.75,1421.0,VIR
2023-03-23 10:25:00,22.715,22.75,22.715,22.75,2171.0,VIR
2023-03-23 10:23:00,22.7067,22.712,22.705,22.712,1693.0,VIR
2023-03-23 10:22:00,22.74,22.74,22.71,22.71,2697.0,VIR
2023-03-23 10:21:00,22.74,22.7403,22.73,22.7403,1032.0,VIR
2023-03-23 10:20:00,22.74,22.74,22.74,22.74,513.0,VIR
2023-03-23 10:19:00,22.73,22.7499,22.73,22.7499,1319.0,VIR
2023-03-23 10:18:00,22.72,22.72,22.72,22.72,683.0,VIR
2023-03-23 10:17:00,22.71,22.72,22.7,22.72,2063.0,VIR
2023-03-23 10:16:00,22.705,22.72,22.7,22.72,3444.0,VIR
2023-03-23 10:14:00,22.71,22.72,22.7,22.71,1991.0,VIR
2023-03-23 10:13:00,22.71,22.73,22.69,22.71,4788.0,VIR
2023-03-23 10:12:00,22.71,22.72,22.71,22.71,984.0,VIR
2023-03-23 10:11:00,22.71,22.71,22.7,22.71,1337.0,VIR
2023-03-23 10:10:00,22.71,22.72,22.7,22.7,1979.0,VIR
2023-03-23 10:09:00,22.72,22.72,22.7001,22.701,1203.0,VIR
2023-03-23 10:08:00,22.7,22.71,22.68,22.7,4211.0,VIR
2023-03-23 10:07:00,22.69,22.71,22.67,22.7,2267.0,VIR
2023-03-23 10:06:00,22.67,22.7,22.66,22.66,1314.0,VIR
2023-03-23 10:05:00,22.72,22.72,22.67,22.67,1591.0,VIR
2023-03-23 10:04:00,22.72,22.72,22.695,22.695,362.0,VIR
2023-03-23 10:02:00,22.64,22.73,22.64,22.66,8669.0,VIR
2023-03-23 10:01:00,22.66,22.66,22.6167,22.62,1860.0,VIR
2023-03-23 10:00:00,22.61,22.61,22.61,22.61,370.0,VIR
2023-03-23 09:59:00,22.63,22.63,22.61,22.6151,1233.0,VIR
2023-03-23 09:58:00,22.645,22.65,22.63,22.64,1530.0,VIR
2023-03-23 09:57:00,22.63,22.63,22.55,22.62,3023.0,VIR
2023-03-23 09:56:00,22.61,22.65,22.61,22.645,3043.0,VIR
2023-03-23 09:55:00,22.65,22.65,22.65,22.65,303.0,VIR
2023-03-23 09:54:00,22.61,22.61,22.59,22.59,556.0,VIR
2023-03-23 09:53:00,22.64,22.64,22.615,22.615,240.0,VIR
2023-03-23 09:51:00,22.62,22.69,22.5901,22.67,1921.0,VIR
2023-03-23 09:50:00,22.5948,22.64,22.58,22.64,1384.0,VIR
2023-03-23 09:49:00,22.61,22.63,22.58,22.58,911.0,VIR
2023-03-23 09:48:00,22.62,22.62,22.62,22.62,204.0,VIR
2023-03-23 09:47:00,22.67,22.7,22.64,22.64,831.0,VIR
2023-03-23 09:46:00,22.645,22.7,22.645,22.7,269.0,VIR
2023-03-23 09:45:00,22.71,22.71,22.6971,22.6971,655.0,VIR
2023-03-23 09:44:00,22.64,22.64,22.64,22.64,622.0,VIR
2023-03-23 09:43:00,22.555,22.63,22.555,22.63,1327.0,VIR
2023-03-23 09:40:00,22.65,22.65,22.65,22.65,574.0,VIR
2023-03-23 09:38:00,22.685,22.685,22.685,22.685,732.0,VIR
2023-03-23 09:36:00,22.555,22.68,22.555,22.68,2330.0,VIR
2023-03-23 09:35:00,22.55,22.55,22.55,22.55,145.0,VIR
2023-03-23 09:32:00,22.57,22.57,22.57,22.57,179.0,VIR
2023-03-23 09:31:00,22.57,22.57,22.57,22.57,6278.0,VIR
2023-03-23 09:30:00,22.58,22.58,22.58,22.58,119.0,VIR
2023-03-23 08:26:00,22.11,22.11,22.11,22.11,100.0,VIR
2023-03-22 17:43:00,23.45,23.45,23.45,23.45,210.0,VIR
2023-03-22 16:01:00,22.34,22.34,22.34,22.34,9973.0,VIR
2023-03-22 16:00:00,22.36,22.365,22.29,22.3,78794.0,VIR
2023-03-22 15:59:00,22.45,22.455,22.34,22.37,47224.0,VIR
2023-03-22 15:58:00,22.48,22.48,22.44,22.45,10180.0,VIR
2023-03-22 15:57:00,22.485,22.5,22.475,22.48,6697.0,VIR
2023-03-22 15:56:00,22.465,22.485,22.41,22.485,10122.0,VIR
2023-03-22 15:55:00,22.51,22.52,22.435,22.45,12768.0,VIR
2023-03-22 15:54:00,22.52,22.52,22.5,22.51,5522.0,VIR
2023-03-22 15:53:00,22.565,22.565,22.51,22.525,3181.0,VIR
2023-03-22 15:52:00,22.6,22.6,22.55,22.575,9156.0,VIR
2023-03-22 15:51:00,22.51,22.6,22.51,22.6,9371.0,VIR
2023-03-22 15:50:00,22.525,22.54,22.49,22.54,5741.0,VIR
2023-03-22 15:49:00,22.53,22.535,22.51,22.53,5676.0,VIR
2023-03-22 15:48:00,22.57,22.58,22.56,22.56,3731.0,VIR
2023-03-22 15:47:00,22.59,22.6069,22.58,22.58,2601.0,VIR
2023-03-22 15:46:00,22.645,22.645,22.6,22.61,5481.0,VIR
2023-03-22 15:45:00,22.69,22.69,22.65,22.66,4218.0,VIR
2023-03-22 15:44:00,22.69,22.69,22.67,22.69,1351.0,VIR
2023-03-22 15:43:00,22.675,22.69,22.67,22.69,2806.0,VIR
2023-03-22 15:42:00,22.74,22.74,22.67,22.68,3129.0,VIR
2023-03-22 15:41:00,22.77,22.77,22.75,22.75,1287.0,VIR
2023-03-22 15:40:00,22.77,22.77,22.75,22.75,2125.0,VIR
2023-03-22 15:39:00,22.78,22.78,22.775,22.775,917.0,VIR
2023-03-22 15:38:00,22.815,22.82,22.78,22.79,4966.0,VIR
2023-03-22 15:37:00,22.81,22.82,22.79,22.81,2365.0,VIR
2023-03-22 15:36:00,22.82,22.825,22.815,22.82,2493.0,VIR
2023-03-22 15:35:00,22.83,22.83,22.805,22.81,2163.0,VIR
2023-03-22 15:34:00,22.845,22.845,22.8215,22.825,5513.0,VIR
2023-03-22 15:33:00,22.845,22.845,22.84,22.84,1815.0,VIR
2023-03-22 15:32:00,22.88,22.88,22.83,22.85,2716.0,VIR
2023-03-22 15:31:00,22.88,22.88,22.87,22.88,1211.0,VIR
2023-03-22 15:30:00,22.88,22.88,22.86,22.87,1832.0,VIR
2023-03-22 15:29:00,22.89,22.91,22.87,22.91,3202.0,VIR
2023-03-22 15:28:00,22.875,22.89,22.86,22.888,4273.0,VIR
2023-03-22 15:27:00,22.875,22.8775,22.865,22.87,1617.0,VIR
2023-03-22 15:26:00,22.87,22.9,22.87,22.9,1997.0,VIR
2023-03-22 15:25:00,22.86,22.87,22.86,22.86,1570.0,VIR
2023-03-22 15:24:00,22.9,22.9,22.85,22.87,3713.0,VIR
2023-03-22 15:23:00,22.91,22.91,22.9,22.9,1700.0,VIR
2023-03-22 15:22:00,22.9,22.93,22.9,22.91,6941.0,VIR
2023-03-22 15:21:00,22.85,22.88,22.83,22.88,1669.0,VIR
2023-03-22 15:20:00,22.86,22.88,22.85,22.86,1835.0,VIR
2023-03-22 15:19:00,22.84,22.88,22.84,22.88,1800.0,VIR
2023-03-22 15:18:00,22.84,22.86,22.83,22.85,2302.0,VIR
2023-03-22 15:17:00,22.8,22.82,22.8,22.82,1241.0,VIR
2023-03-22 15:16:00,22.81,22.83,22.8,22.83,1923.0,VIR
2023-03-22 15:15:00,22.76,22.795,22.752,22.795,1411.0,VIR
2023-03-22 15:14:00,22.76,22.76,22.76,22.76,602.0,VIR
2023-03-22 15:13:00,22.74,22.74,22.71,22.74,789.0,VIR
2023-03-22 15:12:00,22.74,22.755,22.72,22.72,2749.0,VIR
2023-03-22 15:11:00,22.7277,22.74,22.7277,22.74,1260.0,VIR
2023-03-22 15:10:00,22.67,22.6881,22.66,22.6881,1517.0,VIR
2023-03-22 15:09:00,22.73,22.735,22.69,22.69,2120.0,VIR
2023-03-22 15:08:00,22.78,22.7825,22.71,22.74,3707.0,VIR
2023-03-22 15:07:00,22.715,22.77,22.715,22.76,3115.0,VIR
2023-03-22 15:06:00,22.75,22.75,22.72,22.72,1558.0,VIR
2023-03-22 15:05:00,22.76,22.76,22.71,22.74,3701.0,VIR
2023-03-22 15:04:00,22.79,22.82,22.79,22.81,4057.0,VIR
2023-03-22 15:03:00,22.78,22.8,22.78,22.79,1859.0,VIR
2023-03-22 15:02:00,22.81,22.81,22.78,22.785,3381.0,VIR
2023-03-22 15:01:00,22.8,22.825,22.78,22.81,3175.0,VIR
2023-03-22 15:00:00,22.81,22.825,22.785,22.82,4959.0,VIR
2023-03-22 14:59:00,22.87,22.87,22.83,22.83,2348.0,VIR
2023-03-22 14:58:00,22.9,22.91,22.89,22.89,1665.0,VIR
2023-03-22 14:57:00,22.9,22.91,22.9,22.91,777.0,VIR
2023-03-22 14:56:00,22.88,22.905,22.87,22.905,1244.0,VIR
2023-03-22 14:55:00,22.93,22.93,22.87,22.87,5061.0,VIR
2023-03-22 14:54:00,22.98,22.9999,22.93,22.93,1868.0,VIR
2023-03-22 14:53:00,22.985,23.01,22.98,23.01,1054.0,VIR
2023-03-22 14:52:00,22.99,23.01,22.99,22.99,1752.0,VIR
2023-03-22 14:51:00,22.985,22.99,22.975,22.99,1271.0,VIR
2023-03-22 14:50:00,23.02,23.02,22.97,22.97,3309.0,VIR
2023-03-22 14:49:00,23.03,23.05,23.03,23.05,812.0,VIR
2023-03-22 14:48:00,23.03,23.03,23.01,23.01,2526.0,VIR
2023-03-22 14:47:00,22.92,23.0,22.91,22.985,2651.0,VIR
2023-03-22 14:46:00,22.9,22.91,22.89,22.9,819.0,VIR
2023-03-22 14:45:00,22.915,22.92,22.9,22.9,965.0,VIR
2023-03-22 14:44:00,22.93,22.94,22.92,22.93,3432.0,VIR
2023-03-22 14:43:00,22.9,22.92,22.9,22.92,2239.0,VIR
2023-03-22 14:42:00,22.88,22.9,22.88,22.89,2431.0,VIR
2023-03-22 14:41:00,22.87,22.9,22.86,22.87,3893.0,VIR
2023-03-22 14:40:00,22.87,22.87,22.87,22.87,356.0,VIR
2023-03-22 14:39:00,22.855,22.885,22.855,22.885,1352.0,VIR
2023-03-22 14:38:00,22.82,22.855,22.82,22.84,1544.0,VIR
2023-03-22 14:37:00,22.815,22.82,22.75,22.805,6318.0,VIR
2023-03-22 14:36:00,22.87,22.87,22.8,22.805,3974.0,VIR
2023-03-22 14:35:00,22.88,22.885,22.88,22.885,457.0,VIR
2023-03-22 14:34:00,22.86,22.88,22.85,22.875,2484.0,VIR
2023-03-22 14:33:00,22.92,22.95,22.865,22.87,2901.0,VIR
2023-03-22 14:32:00,22.86,22.94,22.851,22.91,3688.0,VIR
2023-03-22 14:31:00,22.865,22.87,22.86,22.87,2201.0,VIR
2023-03-22 14:30:00,22.88,22.88,22.86,22.86,455.0,VIR
2023-03-22 14:29:00,22.88,22.88,22.86,22.88,2324.0,VIR
2023-03-22 14:28:00,22.85,22.88,22.835,22.88,25630.0,VIR
2023-03-22 14:27:00,22.82,22.83,22.82,22.83,1301.0,VIR
2023-03-22 14:26:00,22.8,22.82,22.8,22.82,890.0,VIR
2023-03-22 14:25:00,22.78,22.79,22.77,22.79,1216.0,VIR
2023-03-22 14:24:00,22.79,22.79,22.79,22.79,630.0,VIR
2023-03-22 14:23:00,22.79,22.81,22.79,22.81,290.0,VIR
2023-03-22 14:22:00,22.785,22.81,22.785,22.81,1406.0,VIR
2023-03-22 14:21:00,22.83,22.83,22.79,22.79,2186.0,VIR
2023-03-22 14:20:00,22.8,22.845,22.8,22.84,2830.0,VIR
2023-03-22 14:19:00,22.77,22.8,22.77,22.79,1352.0,VIR
2023-03-22 14:18:00,22.77,22.78,22.77,22.78,794.0,VIR
2023-03-22 14:17:00,22.765,22.765,22.75,22.76,1170.0,VIR
2023-03-22 14:16:00,22.725,22.77,22.725,22.77,1664.0,VIR
2023-03-22 14:15:00,22.73,22.73,22.71,22.71,946.0,VIR
2023-03-22 14:14:00,22.8,22.8,22.73,22.76,2389.0,VIR
2023-03-22 14:13:00,22.8201,22.84,22.82,22.82,1283.0,VIR
2023-03-22 14:12:00,22.84,22.84,22.83,22.83,454.0,VIR
2023-03-22 14:11:00,22.83,22.85,22.83,22.85,1727.0,VIR
2023-03-22 14:10:00,22.85,22.85,22.82,22.82,2620.0,VIR
2023-03-22 14:09:00,22.88,22.9,22.86,22.86,2971.0,VIR
2023-03-22 14:08:00,22.9,22.9,22.89,22.89,914.0,VIR
2023-03-22 14:07:00,22.9,22.92,22.89,22.9,6558.0,VIR
2023-03-22 14:06:00,22.85,22.89,22.85,22.88,2173.0,VIR
2023-03-22 14:05:00,22.82,22.84,22.82,22.84,1637.0,VIR
2023-03-22 14:04:00,22.82,22.83,22.8,22.81,2430.0,VIR
2023-03-22 14:03:00,22.855,22.86,22.78,22.795,3828.0,VIR
2023-03-22 14:02:00,22.91,22.91,22.83,22.855,3255.0,VIR
2023-03-22 14:01:00,22.83,22.94,22.815,22.9225,9823.0,VIR
2023-03-22 14:00:00,22.8,22.82,22.8,22.82,596.0,VIR
2023-03-22 13:59:00,22.79,22.79,22.79,22.79,190.0,VIR
2023-03-22 13:58:00,22.81,22.82,22.81,22.81,530.0,VIR
2023-03-22 13:57:00,22.83,22.83,22.81,22.81,2171.0,VIR
2023-03-22 13:56:00,22.84,22.84,22.84,22.84,1379.0,VIR
2023-03-22 13:55:00,22.91,22.93,22.87,22.87,4528.0,VIR
2023-03-22 13:54:00,22.89,22.9,22.89,22.9,1419.0,VIR
2023-03-22 13:53:00,22.85,22.87,22.85,22.87,1694.0,VIR
2023-03-22 13:52:00,22.84,22.84,22.84,22.84,100.0,VIR
2023-03-22 13:51:00,22.83,22.84,22.83,22.84,1338.0,VIR
2023-03-22 13:50:00,22.85,22.85,22.84,22.845,3630.0,VIR
2023-03-22 13:49:00,22.85,22.85,22.85,22.85,464.0,VIR
2023-03-22 13:48:00,22.84,22.85,22.84,22.85,2953.0,VIR
2023-03-22 13:47:00,22.83,22.83,22.83,22.83,222.0,VIR
2023-03-22 13:46:00,22.81,22.83,22.81,22.83,2915.0,VIR
2023-03-22 13:45:00,22.81,22.83,22.81,22.82,593.0,VIR
2023-03-22 13:44:00,22.8015,22.81,22.8015,22.81,1208.0,VIR
2023-03-22 13:43:00,22.8,22.82,22.8,22.805,1135.0,VIR
2023-03-22 13:42:00,22.82,22.83,22.82,22.82,1118.0,VIR
2023-03-22 13:41:00,22.845,22.845,22.82,22.83,5856.0,VIR
2023-03-22 13:39:00,22.82,22.84,22.82,22.84,1528.0,VIR
2023-03-22 13:38:00,22.8,22.8,22.8,22.8,201.0,VIR
2023-03-22 13:37:00,22.82,22.825,22.8,22.8,2698.0,VIR
2023-03-22 13:36:00,22.81,22.81,22.81,22.81,222.0,VIR
2023-03-22 13:35:00,22.82,22.82,22.82,22.82,104.0,VIR
2023-03-22 13:34:00,22.82,22.82,22.82,22.82,567.0,VIR
2023-03-22 13:33:00,22.85,22.85,22.82,22.82,4770.0,VIR
2023-03-22 13:32:00,22.835,22.85,22.83,22.85,1432.0,VIR
2023-03-22 13:31:00,22.83,22.83,22.83,22.83,227.0,VIR
2023-03-22 13:30:00,22.81,22.82,22.81,22.82,379.0,VIR
2023-03-22 13:29:00,22.79,22.81,22.785,22.81,2072.0,VIR
2023-03-22 13:28:00,22.76,22.81,22.76,22.79,4184.0,VIR
2023-03-22 13:27:00,22.75,22.755,22.75,22.755,1274.0,VIR
2023-03-22 13:26:00,22.75,22.75,22.75,22.75,1044.0,VIR
2023-03-22 13:25:00,22.75,22.75,22.75,22.75,375.0,VIR
2023-03-22 13:24:00,22.73,22.75,22.73,22.75,2135.0,VIR
2023-03-22 13:23:00,22.735,22.74,22.735,22.7375,333.0,VIR
2023-03-22 13:22:00,22.75,22.75,22.74,22.74,995.0,VIR
2023-03-22 13:21:00,22.77,22.77,22.73,22.73,2607.0,VIR
2023-03-22 13:20:00,22.79,22.79,22.77,22.77,2738.0,VIR
2023-03-22 13:19:00,22.775,22.78,22.77,22.78,3820.0,VIR
2023-03-22 13:18:00,22.78,22.78,22.78,22.78,246.0,VIR
2023-03-22 13:17:00,22.77,22.78,22.77,22.78,691.0,VIR
2023-03-22 13:16:00,22.77,22.77,22.765,22.765,1918.0,VIR
2023-03-22 13:15:00,22.7615,22.78,22.7615,22.78,1064.0,VIR
2023-03-22 13:14:00,22.77,22.78,22.77,22.77,2930.0,VIR
2023-03-22 13:13:00,22.77,22.785,22.77,22.77,2856.0,VIR
2023-03-22 13:12:00,22.76,22.77,22.76,22.77,897.0,VIR
2023-03-22 13:11:00,22.77,22.77,22.76,22.76,418.0,VIR
2023-03-22 13:10:00,22.75,22.75,22.75,22.75,359.0,VIR
2023-03-22 13:09:00,22.75,22.755,22.7401,22.75,2743.0,VIR
2023-03-22 13:08:00,22.75,22.77,22.75,22.76,2057.0,VIR
2023-03-22 13:07:00,22.735,22.74,22.735,22.74,488.0,VIR
2023-03-22 13:06:00,22.72,22.74,22.72,22.73,4367.0,VIR
2023-03-22 13:05:00,22.71,22.72,22.71,22.715,2614.0,VIR
2023-03-22 13:04:00,22.72,22.72,22.7,22.71,2870.0,VIR
2023-03-22 13:03:00,22.72,22.73,22.72,22.72,1977.0,VIR
2023-03-22 13:02:00,22.71,22.71,22.71,22.71,100.0,VIR
2023-03-22 13:01:00,22.7,22.72,22.7,22.72,500.0,VIR
2023-03-22 13:00:00,22.72,22.73,22.705,22.71,2025.0,VIR
2023-03-22 12:59:00,22.72,22.73,22.72,22.73,1761.0,VIR
2023-03-22 12:58:00,22.72,22.72,22.71,22.71,1187.0,VIR
2023-03-22 12:57:00,22.715,22.725,22.715,22.725,1830.0,VIR
2023-03-22 12:56:00,22.72,22.72,22.71,22.71,597.0,VIR
2023-03-22 12:55:00,22.76,22.76,22.73,22.73,1362.0,VIR
2023-03-22 12:54:00,22.76,22.76,22.73,22.76,6155.0,VIR
2023-03-22 12:53:00,22.76,22.78,22.76,22.78,316.0,VIR
2023-03-22 12:52:00,22.74,22.77,22.74,22.77,1416.0,VIR
2023-03-22 12:51:00,22.75,22.75,22.745,22.745,1306.0,VIR
2023-03-22 12:50:00,22.73,22.74,22.73,22.74,1269.0,VIR
2023-03-22 12:49:00,22.71,22.72,22.71,22.72,1124.0,VIR
2023-03-22 12:48:00,22.74,22.745,22.72,22.73,3454.0,VIR
2023-03-22 12:47:00,22.73,22.77,22.73,22.74,1765.0,VIR
2023-03-22 12:46:00,22.7273,22.7273,22.7273,22.7273,563.0,VIR
2023-03-22 12:45:00,22.71,22.71,22.71,22.71,104.0,VIR
2023-03-22 12:44:00,22.75,22.77,22.71,22.71,4721.0,VIR
2023-03-22 12:43:00,22.74,22.77,22.74,22.77,1114.0,VIR
2023-03-22 12:42:00,22.71,22.73,22.71,22.73,1033.0,VIR
2023-03-22 12:41:00,22.7,22.7,22.695,22.7,2709.0,VIR
2023-03-22 12:40:00,22.69,22.7,22.69,22.7,682.0,VIR
2023-03-22 12:39:00,22.68,22.68,22.68,22.68,102.0,VIR
2023-03-22 12:38:00,22.7,22.72,22.69,22.69,5341.0,VIR
2023-03-22 12:37:00,22.7,22.7,22.69,22.7,2178.0,VIR
2023-03-22 12:36:00,22.7,22.7,22.7,22.7,498.0,VIR
2023-03-22 12:35:00,22.69,22.705,22.69,22.69,2320.0,VIR
2023-03-22 12:34:00,22.67,22.67,22.67,22.67,189.0,VIR
2023-03-22 12:33:00,22.69,22.695,22.67,22.67,2014.0,VIR
2023-03-22 12:32:00,22.69,22.7,22.69,22.7,1839.0,VIR
2023-03-22 12:31:00,22.685,22.685,22.685,22.685,265.0,VIR
2023-03-22 12:30:00,22.68,22.68,22.66,22.67,1155.0,VIR
2023-03-22 12:29:00,22.68,22.7,22.68,22.69,1737.0,VIR
2023-03-22 12:28:00,22.68,22.69,22.68,22.69,423.0,VIR
2023-03-22 12:27:00,22.7334,22.74,22.69,22.69,3069.0,VIR
2023-03-22 12:26:00,22.72,22.73,22.72,22.73,1987.0,VIR
2023-03-22 12:25:00,22.7,22.71,22.7,22.71,658.0,VIR
2023-03-22 12:24:00,22.645,22.67,22.645,22.67,1346.0,VIR
2023-03-22 12:23:00,22.66,22.66,22.64,22.65,989.0,VIR
2023-03-22 12:22:00,22.67,22.67,22.67,22.67,113.0,VIR
2023-03-22 12:21:00,22.645,22.66,22.635,22.66,2105.0,VIR
2023-03-22 12:20:00,22.62,22.65,22.62,22.65,1090.0,VIR
2023-03-22 12:19:00,22.63,22.63,22.62,22.62,1394.0,VIR
2023-03-22 12:18:00,22.635,22.64,22.63,22.63,913.0,VIR
2023-03-22 12:17:00,22.62,22.62,22.62,22.62,584.0,VIR
2023-03-22 12:16:00,22.63,22.63,22.62,22.62,210.0,VIR
2023-03-22 12:15:00,22.63,22.645,22.62,22.62,742.0,VIR
2023-03-22 12:14:00,22.68,22.68,22.66,22.66,1407.0,VIR
2023-03-22 12:13:00,22.69,22.7,22.69,22.7,3662.0,VIR
2023-03-22 12:12:00,22.62,22.68,22.62,22.68,3862.0,VIR
2023-03-22 12:11:00,22.57,22.615,22.57,22.615,1518.0,VIR
2023-03-22 12:09:00,22.55,22.57,22.54,22.56,21314.0,VIR
2023-03-22 12:08:00,22.58,22.59,22.56,22.56,1496.0,VIR
2023-03-22 12:07:00,22.6,22.61,22.6,22.6,602.0,VIR
2023-03-22 12:06:00,22.6,22.62,22.58,22.62,1026.0,VIR
2023-03-22 12:05:00,22.585,22.61,22.58,22.61,2009.0,VIR
2023-03-22 12:04:00,22.58,22.585,22.58,22.585,233.0,VIR
2023-03-22 12:03:00,22.57,22.57,22.57,22.57,516.0,VIR
2023-03-22 12:02:00,22.57,22.57,22.56,22.56,481.0,VIR
2023-03-22 12:01:00,22.59,22.59,22.565,22.585,1616.0,VIR
2023-03-22 12:00:00,22.6,22.6,22.595,22.595,757.0,VIR
2023-03-22 11:59:00,22.61,22.61,22.595,22.595,756.0,VIR
2023-03-22 11:58:00,22.62,22.62,22.61,22.61,748.0,VIR
2023-03-22 11:57:00,22.595,22.595,22.595,22.595,139.0,VIR
2023-03-22 11:56:00,22.595,22.6,22.595,22.6,1096.0,VIR
2023-03-22 11:55:00,22.62,22.62,22.61,22.61,465.0,VIR
2023-03-22 11:54:00,22.59,22.62,22.59,22.62,912.0,VIR
2023-03-22 11:53:00,22.59,22.59,22.585,22.585,684.0,VIR
2023-03-22 11:52:00,22.58,22.59,22.58,22.58,500.0,VIR
2023-03-22 11:51:00,22.58,22.58,22.565,22.565,342.0,VIR
2023-03-22 11:50:00,22.575,22.585,22.57,22.585,1461.0,VIR
2023-03-22 11:49:00,22.57,22.5791,22.57,22.575,373.0,VIR
2023-03-22 11:48:00,22.57,22.57,22.57,22.57,515.0,VIR
2023-03-22 11:47:00,22.56,22.57,22.56,22.56,820.0,VIR
2023-03-22 11:46:00,22.61,22.61,22.57,22.57,1393.0,VIR
2023-03-22 11:45:00,22.58,22.59,22.58,22.59,1295.0,VIR
2023-03-22 11:44:00,22.555,22.56,22.555,22.56,325.0,VIR
2023-03-22 11:43:00,22.57,22.57,22.55,22.55,1703.0,VIR
2023-03-22 11:42:00,22.6,22.6,22.58,22.58,927.0,VIR
2023-03-22 11:41:00,22.57,22.58,22.57,22.58,845.0,VIR
2023-03-22 11:40:00,22.5871,22.595,22.58,22.595,1127.0,VIR
2023-03-22 11:39:00,22.55,22.59,22.55,22.59,2139.0,VIR
2023-03-22 11:38:00,22.55,22.55,22.545,22.55,513.0,VIR
2023-03-22 11:37:00,22.56,22.56,22.55,22.55,1665.0,VIR
2023-03-22 11:36:00,22.55,22.56,22.55,22.56,801.0,VIR
2023-03-22 11:35:00,22.57,22.57,22.57,22.57,295.0,VIR
2023-03-22 11:34:00,22.58,22.61,22.58,22.59,1915.0,VIR
2023-03-22 11:33:00,22.5674,22.585,22.55,22.585,2705.0,VIR
2023-03-22 11:32:00,22.58,22.58,22.56,22.56,1296.0,VIR
2023-03-22 11:31:00,22.56,22.56,22.56,22.56,126.0,VIR
2023-03-22 11:30:00,22.58,22.58,22.56,22.56,497.0,VIR
2023-03-22 11:29:00,22.58,22.58,22.57,22.575,313.0,VIR
2023-03-22 11:28:00,22.58,22.58,22.56,22.57,1143.0,VIR
2023-03-22 11:27:00,22.59,22.59,22.59,22.59,222.0,VIR
2023-03-22 11:26:00,22.61,22.63,22.59,22.59,1189.0,VIR
2023-03-22 11:25:00,22.61,22.61,22.61,22.61,282.0,VIR
2023-03-22 11:24:00,22.635,22.635,22.62,22.62,1637.0,VIR
2023-03-22 11:23:00,22.66,22.66,22.63,22.64,1437.0,VIR
2023-03-22 11:22:00,22.655,22.659,22.64,22.65,1767.0,VIR
2023-03-22 11:21:00,22.6,22.64,22.6,22.64,2150.0,VIR
2023-03-22 11:19:00,22.59,22.59,22.59,22.59,243.0,VIR
2023-03-22 11:18:00,22.595,22.6,22.595,22.6,428.0,VIR
2023-03-22 11:16:00,22.64,22.65,22.63,22.63,1126.0,VIR
2023-03-22 11:15:00,22.64,22.65,22.64,22.64,422.0,VIR
2023-03-22 11:14:00,22.64,22.64,22.64,22.64,543.0,VIR
2023-03-22 11:13:00,22.66,22.67,22.65,22.65,1756.0,VIR
2023-03-22 11:11:00,22.66,22.66,22.66,22.66,100.0,VIR
2023-03-22 11:10:00,22.67,22.68,22.655,22.655,4136.0,VIR
2023-03-22 11:09:00,22.68,22.68,22.675,22.675,1569.0,VIR
2023-03-22 11:08:00,22.685,22.685,22.68,22.68,265.0,VIR
2023-03-22 11:07:00,22.675,22.675,22.675,22.675,129.0,VIR
2023-03-22 11:06:00,22.69,22.69,22.675,22.68,733.0,VIR
2023-03-22 11:05:00,22.69,22.69,22.69,22.69,338.0,VIR
2023-03-22 11:04:00,22.69,22.7,22.69,22.7,405.0,VIR
2023-03-22 11:03:00,22.73,22.73,22.72,22.72,2016.0,VIR
2023-03-22 11:02:00,22.72,22.725,22.72,22.725,924.0,VIR
2023-03-22 11:01:00,22.72,22.74,22.72,22.72,2251.0,VIR
2023-03-22 11:00:00,22.71,22.72,22.71,22.72,939.0,VIR
2023-03-22 10:59:00,22.69,22.705,22.69,22.705,776.0,VIR
2023-03-22 10:57:00,22.7,22.7,22.7,22.7,278.0,VIR
2023-03-22 10:56:00,22.7,22.7,22.69,22.69,568.0,VIR
2023-03-22 10:55:00,22.7,22.7,22.7,22.7,828.0,VIR
2023-03-22 10:53:00,22.7,22.7,22.68,22.69,1322.0,VIR
2023-03-22 10:52:00,22.69,22.715,22.69,22.705,2512.0,VIR
2023-03-22 10:51:00,22.7,22.71,22.69,22.7,2057.0,VIR
2023-03-22 10:49:00,22.7,22.7,22.7,22.7,279.0,VIR
2023-03-22 10:48:00,22.69,22.71,22.69,22.69,1456.0,VIR
2023-03-22 10:47:00,22.71,22.71,22.71,22.71,634.0,VIR
2023-03-22 10:46:00,22.695,22.695,22.695,22.695,102.0,VIR
2023-03-22 10:45:00,22.715,22.715,22.7,22.7,1154.0,VIR
2023-03-22 10:44:00,22.705,22.705,22.705,22.705,215.0,VIR
2023-03-22 10:43:00,22.705,22.705,22.705,22.705,314.0,VIR
2023-03-22 10:42:00,22.7199,22.7199,22.7153,22.7153,715.0,VIR
2023-03-22 10:41:00,22.73,22.73,22.71,22.725,789.0,VIR
2023-03-22 10:40:00,22.77,22.77,22.7,22.71,3129.0,VIR
2023-03-22 10:38:00,22.79,22.79,22.775,22.775,611.0,VIR
2023-03-22 10:37:00,22.76,22.79,22.76,22.79,1456.0,VIR
2023-03-22 10:36:00,22.77,22.77,22.76,22.77,1765.0,VIR
2023-03-22 10:35:00,22.74,22.77,22.73,22.77,1796.0,VIR
2023-03-22 10:34:00,22.73,22.76,22.73,22.74,2599.0,VIR
2023-03-22 10:32:00,22.72,22.73,22.72,22.73,612.0,VIR
2023-03-22 10:31:00,22.7501,22.76,22.74,22.74,2658.0,VIR
2023-03-22 10:30:00,22.7701,22.7701,22.75,22.765,1403.0,VIR
2023-03-22 10:29:00,22.725,22.78,22.725,22.78,2286.0,VIR
2023-03-22 10:28:00,22.69,22.725,22.69,22.725,2077.0,VIR
2023-03-22 10:27:00,22.7,22.7073,22.69,22.69,1343.0,VIR
2023-03-22 10:26:00,22.7,22.7,22.68,22.69,2142.0,VIR
2023-03-22 10:25:00,22.7,22.7,22.69,22.7,879.0,VIR
2023-03-22 10:23:00,22.68,22.69,22.68,22.69,1860.0,VIR
2023-03-22 10:22:00,22.7,22.7,22.68,22.68,720.0,VIR
2023-03-22 10:21:00,22.69,22.7,22.69,22.7,1331.0,VIR
2023-03-22 10:20:00,22.685,22.685,22.685,22.685,135.0,VIR
2023-03-22 10:19:00,22.67,22.7,22.67,22.7,867.0,VIR
2023-03-22 10:18:00,22.66,22.66,22.66,22.66,688.0,VIR
2023-03-22 10:17:00,22.64,22.6493,22.64,22.6493,691.0,VIR
2023-03-22 10:16:00,22.66,22.67,22.65,22.65,523.0,VIR
2023-03-22 10:15:00,22.625,22.66,22.625,22.65,919.0,VIR
2023-03-22 10:14:00,22.65,22.65,22.635,22.64,1160.0,VIR
2023-03-22 10:13:00,22.67,22.67,22.65,22.67,850.0,VIR
2023-03-22 10:12:00,22.72,22.72,22.72,22.72,200.0,VIR
2023-03-22 10:11:00,22.72,22.735,22.69,22.695,1892.0,VIR
2023-03-22 10:10:00,22.7,22.71,22.7,22.71,796.0,VIR
2023-03-22 10:09:00,22.72,22.73,22.715,22.715,1042.0,VIR
2023-03-22 10:08:00,22.69,22.72,22.68,22.71,2504.0,VIR
2023-03-22 10:07:00,22.68,22.68,22.68,22.68,652.0,VIR
2023-03-22 10:06:00,22.66,22.66,22.66,22.66,332.0,VIR
2023-03-22 10:04:00,22.665,22.665,22.665,22.665,421.0,VIR
2023-03-22 10:03:00,22.68,22.69,22.67,22.68,1096.0,VIR
2023-03-22 10:02:00,22.68,22.68,22.655,22.655,1567.0,VIR
2023-03-22 10:01:00,22.645,22.645,22.645,22.645,321.0,VIR
2023-03-22 10:00:00,22.6,22.62,22.57,22.62,1333.0,VIR
2023-03-22 09:59:00,22.63,22.63,22.625,22.625,217.0,VIR
2023-03-22 09:57:00,22.625,22.625,22.625,22.625,115.0,VIR
2023-03-22 09:55:00,22.6692,22.6699,22.57,22.58,1385.0,VIR
2023-03-22 09:53:00,22.5784,22.5784,22.5784,22.5784,330.0,VIR
2023-03-22 09:50:00,22.6995,22.73,22.565,22.565,2310.0,VIR
2023-03-22 09:48:00,22.66,22.7,22.65,22.7,1153.0,VIR
2023-03-22 09:47:00,22.62,22.62,22.62,22.62,454.0,VIR
2023-03-22 09:46:00,22.505,22.56,22.5,22.56,649.0,VIR
2023-03-22 09:43:00,22.44,22.485,22.43,22.46,8223.0,VIR
2023-03-22 09:42:00,22.4,22.46,22.4,22.44,3536.0,VIR
2023-03-22 09:41:00,22.405,22.455,22.4,22.455,555.0,VIR
2023-03-22 09:40:00,22.4803,22.4803,22.43,22.43,226.0,VIR
2023-03-22 09:39:00,22.41,22.46,22.39,22.4,4591.0,VIR
2023-03-22 09:38:00,22.515,22.515,22.38,22.42,11555.0,VIR
2023-03-22 09:37:00,22.54,22.55,22.47,22.53,3266.0,VIR
2023-03-22 09:36:00,22.53,22.56,22.52,22.52,2326.0,VIR
2023-03-22 09:35:00,22.57,22.57,22.57,22.57,652.0,VIR
2023-03-22 09:34:00,22.65,22.68,22.59,22.59,1957.0,VIR
2023-03-22 09:33:00,22.7,22.7,22.65,22.7,1088.0,VIR
2023-03-22 09:32:00,22.825,22.9,22.68,22.69,5098.0,VIR
2023-03-22 09:31:00,23.0,23.0,22.86,22.9529,9342.0,VIR
2023-03-22 09:00:00,23.03,23.03,23.03,23.03,100.0,VIR
2023-03-21 16:34:00,23.9,23.9,23.9,23.9,100.0,VIR
2023-03-21 16:02:00,23.03,23.03,23.03,23.03,2187.0,VIR
2023-03-21 16:01:00,23.03,23.03,23.03,23.03,9348.0,VIR
2023-03-21 16:00:00,23.07,23.07,22.97,23.0,51482.0,VIR
2023-03-21 15:59:00,23.08,23.11,23.07,23.07,13213.0,VIR
2023-03-21 15:58:00,23.09,23.1,23.075,23.08,7925.0,VIR
2023-03-21 15:57:00,23.1,23.11,23.07,23.1,10786.0,VIR
2023-03-21 15:56:00,23.1,23.12,23.1,23.11,7652.0,VIR
2023-03-21 15:55:00,23.13,23.13,23.02,23.1,20609.0,VIR
2023-03-21 15:54:00,23.13,23.14,23.13,23.14,5053.0,VIR
2023-03-21 15:53:00,23.12,23.14,23.12,23.13,6161.0,VIR
2023-03-21 15:52:00,23.09,23.13,23.08,23.13,6586.0,VIR
2023-03-21 15:51:00,23.1,23.1,23.09,23.09,5830.0,VIR
2023-03-21 15:50:00,23.09,23.11,23.09,23.1,3741.0,VIR
2023-03-21 15:49:00,23.12,23.13,23.095,23.095,4453.0,VIR
2023-03-21 15:48:00,23.15,23.15,23.13,23.13,3658.0,VIR
2023-03-21 15:47:00,23.1721,23.1721,23.15,23.15,3469.0,VIR
2023-03-21 15:46:00,23.21,23.21,23.14,23.17,29043.0,VIR
2023-03-21 15:45:00,23.21,23.21,23.21,23.21,2739.0,VIR
2023-03-21 15:44:00,23.22,23.23,23.22,23.22,3764.0,VIR
2023-03-21 15:43:00,23.21,23.21,23.2,23.21,1242.0,VIR
2023-03-21 15:42:00,23.24,23.24,23.22,23.22,1354.0,VIR
2023-03-21 15:41:00,23.23,23.25,23.23,23.25,1634.0,VIR
2023-03-21 15:40:00,23.22,23.23,23.21,23.22,1133.0,VIR
2023-03-21 15:39:00,23.231,23.2385,23.22,23.22,1700.0,VIR
2023-03-21 15:38:00,23.25,23.25,23.235,23.235,1232.0,VIR
2023-03-21 15:37:00,23.24,23.245,23.24,23.24,1276.0,VIR
2023-03-21 15:36:00,23.22,23.23,23.21,23.23,2645.0,VIR
2023-03-21 15:35:00,23.24,23.24,23.22,23.22,3185.0,VIR
2023-03-21 15:34:00,23.255,23.255,23.245,23.245,1766.0,VIR
2023-03-21 15:33:00,23.255,23.255,23.255,23.255,536.0,VIR
2023-03-21 15:32:00,23.255,23.255,23.24,23.25,1332.0,VIR
2023-03-21 15:31:00,23.25,23.255,23.25,23.255,698.0,VIR
2023-03-21 15:30:00,23.26,23.26,23.26,23.26,1079.0,VIR
2023-03-21 15:29:00,23.25,23.26,23.25,23.26,821.0,VIR
2023-03-21 15:28:00,23.235,23.24,23.235,23.24,2126.0,VIR
2023-03-21 15:27:00,23.245,23.245,23.24,23.24,785.0,VIR
2023-03-21 15:26:00,23.24,23.25,23.24,23.25,743.0,VIR
2023-03-21 15:25:00,23.26,23.26,23.25,23.25,1513.0,VIR
2023-03-21 15:24:00,23.28,23.28,23.27,23.27,836.0,VIR
2023-03-21 15:21:00,23.3,23.3,23.275,23.275,1272.0,VIR
2023-03-21 15:19:00,23.3,23.31,23.3,23.31,1719.0,VIR
2023-03-21 15:18:00,23.31,23.31,23.31,23.31,634.0,VIR
2023-03-21 15:16:00,23.3,23.3,23.3,23.3,731.0,VIR
2023-03-21 15:15:00,23.24,23.26,23.24,23.26,2109.0,VIR
2023-03-21 15:14:00,23.23,23.235,23.23,23.235,815.0,VIR
2023-03-21 15:13:00,23.23,23.24,23.22,23.24,2306.0,VIR
2023-03-21 15:12:00,23.225,23.225,23.22,23.22,702.0,VIR
2023-03-21 15:11:00,23.23,23.23,23.22,23.22,317.0,VIR
2023-03-21 15:10:00,23.26,23.26,23.23,23.23,1294.0,VIR
2023-03-21 15:09:00,23.27,23.27,23.26,23.26,1488.0,VIR
2023-03-21 15:08:00,23.275,23.275,23.275,23.275,136.0,VIR
2023-03-21 15:07:00,23.29,23.29,23.275,23.275,828.0,VIR
2023-03-21 15:06:00,23.255,23.27,23.255,23.27,1099.0,VIR
2023-03-21 15:05:00,23.23,23.24,23.23,23.24,317.0,VIR
2023-03-21 15:04:00,23.27,23.27,23.23,23.23,2380.0,VIR
2023-03-21 15:03:00,23.3001,23.3001,23.28,23.285,3009.0,VIR
2023-03-21 15:02:00,23.31,23.32,23.3,23.3001,4344.0,VIR
2023-03-21 15:01:00,23.295,23.3,23.29,23.3,2199.0,VIR
2023-03-21 15:00:00,23.31,23.31,23.3,23.3,22889.0,VIR
2023-03-21 14:59:00,23.31,23.31,23.31,23.31,369.0,VIR
2023-03-21 14:56:00,23.32,23.32,23.32,23.32,1608.0,VIR
2023-03-21 14:54:00,23.32,23.32,23.32,23.32,201.0,VIR
2023-03-21 14:53:00,23.33,23.33,23.3,23.315,13134.0,VIR
2023-03-21 14:52:00,23.32,23.32,23.32,23.32,537.0,VIR
2023-03-21 14:51:00,23.335,23.335,23.325,23.325,730.0,VIR
2023-03-21 14:50:00,23.32,23.33,23.32,23.33,1161.0,VIR
2023-03-21 14:49:00,23.34,23.34,23.31,23.31,3770.0,VIR
2023-03-21 14:48:00,23.355,23.355,23.35,23.35,848.0,VIR
2023-03-21 14:47:00,23.35,23.35,23.35,23.35,555.0,VIR
2023-03-21 14:46:00,23.33,23.35,23.33,23.35,1183.0,VIR
2023-03-21 14:45:00,23.34,23.35,23.325,23.33,4168.0,VIR
2023-03-21 14:44:00,23.335,23.335,23.335,23.335,122.0,VIR
2023-03-21 14:43:00,23.34,23.34,23.34,23.34,1129.0,VIR
2023-03-21 14:42:00,23.335,23.335,23.335,23.335,209.0,VIR
2023-03-21 14:41:00,23.335,23.335,23.335,23.335,124.0,VIR
2023-03-21 14:40:00,23.335,23.335,23.335,23.335,206.0,VIR
2023-03-21 14:39:00,23.36,23.365,23.335,23.335,1442.0,VIR
2023-03-21 14:38:00,23.35,23.37,23.35,23.37,1471.0,VIR
2023-03-21 14:37:00,23.335,23.34,23.335,23.34,766.0,VIR
2023-03-21 14:36:00,23.33,23.34,23.33,23.34,729.0,VIR
2023-03-21 14:35:00,23.33,23.33,23.305,23.325,2241.0,VIR
2023-03-21 14:34:00,23.33,23.345,23.33,23.34,901.0,VIR
2023-03-21 14:32:00,23.33,23.33,23.3222,23.3222,375.0,VIR
2023-03-21 14:31:00,23.34,23.35,23.33,23.34,4173.0,VIR
2023-03-21 14:30:00,23.335,23.36,23.3309,23.34,3502.0,VIR
2023-03-21 14:29:00,23.34,23.3485,23.33,23.3375,545.0,VIR
2023-03-21 14:28:00,23.31,23.34,23.31,23.34,1141.0,VIR
2023-03-21 14:27:00,23.32,23.32,23.32,23.32,233.0,VIR
2023-03-21 14:26:00,23.345,23.345,23.33,23.33,936.0,VIR
2023-03-21 14:25:00,23.335,23.38,23.335,23.35,4673.0,VIR
2023-03-21 14:24:00,23.335,23.335,23.33,23.335,817.0,VIR
2023-03-21 14:23:00,23.375,23.375,23.335,23.335,1554.0,VIR
2023-03-21 14:22:00,23.375,23.375,23.37,23.375,412.0,VIR
2023-03-21 14:21:00,23.34,23.37,23.34,23.37,3180.0,VIR
2023-03-21 14:19:00,23.34,23.37,23.325,23.337,3753.0,VIR
2023-03-21 14:18:00,23.33,23.34,23.33,23.335,1254.0,VIR
2023-03-21 14:17:00,23.34,23.34,23.34,23.34,420.0,VIR
2023-03-21 14:16:00,23.35,23.35,23.35,23.35,530.0,VIR
2023-03-21 14:15:00,23.355,23.355,23.355,23.355,415.0,VIR
2023-03-21 14:14:00,23.36,23.36,23.33,23.34,1372.0,VIR
2023-03-21 14:13:00,23.31,23.4,23.295,23.365,16470.0,VIR
2023-03-21 14:12:00,23.335,23.335,23.315,23.315,1892.0,VIR
2023-03-21 14:11:00,23.355,23.355,23.34,23.34,1526.0,VIR
2023-03-21 14:08:00,23.35,23.35,23.35,23.35,366.0,VIR
2023-03-21 14:07:00,23.35,23.35,23.35,23.35,216.0,VIR
2023-03-21 14:06:00,23.37,23.37,23.36,23.36,906.0,VIR
2023-03-21 14:05:00,23.39,23.41,23.38,23.38,2652.0,VIR
2023-03-21 14:04:00,23.36,23.37,23.36,23.37,969.0,VIR
2023-03-21 14:03:00,23.36,23.37,23.35,23.365,1795.0,VIR
2023-03-21 14:02:00,23.36,23.36,23.32,23.36,3068.0,VIR
2023-03-21 14:01:00,23.27,23.39,23.25,23.35,25148.0,VIR
2023-03-21 14:00:00,23.275,23.275,23.275,23.275,216.0,VIR
2023-03-21 13:59:00,23.28,23.285,23.27,23.27,2360.0,VIR
2023-03-21 13:58:00,23.275,23.28,23.26,23.27,4972.0,VIR
2023-03-21 13:57:00,23.3,23.3,23.28,23.28,1186.0,VIR
2023-03-21 13:55:00,23.29,23.32,23.29,23.32,1050.0,VIR
2023-03-21 13:54:00,23.28,23.28,23.28,23.28,701.0,VIR
2023-03-21 13:53:00,23.29,23.29,23.29,23.29,101.0,VIR
2023-03-21 13:51:00,23.28,23.28,23.28,23.28,254.0,VIR
2023-03-21 13:50:00,23.29,23.29,23.28,23.28,2795.0,VIR
2023-03-21 13:48:00,23.31,23.31,23.295,23.3,1005.0,VIR
2023-03-21 13:45:00,23.31,23.31,23.3,23.31,1243.0,VIR
2023-03-21 13:44:00,23.3,23.31,23.3,23.31,523.0,VIR
2023-03-21 13:42:00,23.29,23.29,23.28,23.29,2628.0,VIR
2023-03-21 13:40:00,23.32,23.32,23.32,23.32,600.0,VIR
2023-03-21 13:39:00,23.34,23.34,23.34,23.34,557.0,VIR
2023-03-21 13:37:00,23.36,23.37,23.36,23.36,1398.0,VIR
2023-03-21 13:36:00,23.35,23.35,23.35,23.35,537.0,VIR
2023-03-21 13:35:00,23.37,23.375,23.37,23.375,740.0,VIR
2023-03-21 13:34:00,23.37,23.37,23.36,23.36,665.0,VIR
2023-03-21 13:33:00,23.39,23.39,23.39,23.39,484.0,VIR
2023-03-21 13:31:00,23.41,23.41,23.41,23.41,1212.0,VIR
2023-03-21 13:30:00,23.43,23.43,23.4298,23.4298,690.0,VIR
2023-03-21 13:29:00,23.43,23.4555,23.43,23.43,2735.0,VIR
2023-03-21 13:28:00,23.4,23.42,23.4,23.42,2467.0,VIR
2023-03-21 13:27:00,23.39,23.39,23.39,23.39,181.0,VIR
2023-03-21 13:26:00,23.38,23.38,23.38,23.38,525.0,VIR
2023-03-21 13:25:00,23.4,23.4,23.37,23.38,2329.0,VIR
2023-03-21 13:24:00,23.39,23.39,23.39,23.39,267.0,VIR
2023-03-21 13:23:00,23.32,23.36,23.315,23.36,4543.0,VIR
2023-03-21 13:22:00,23.3,23.3,23.3,23.3,283.0,VIR
2023-03-21 13:21:00,23.29,23.295,23.285,23.295,688.0,VIR
2023-03-21 13:20:00,23.28,23.28,23.28,23.28,621.0,VIR
2023-03-21 13:19:00,23.272,23.272,23.272,23.272,201.0,VIR
2023-03-21 13:18:00,23.28,23.28,23.26,23.26,597.0,VIR
2023-03-21 13:17:00,23.29,23.29,23.29,23.29,577.0,VIR
2023-03-21 13:16:00,23.3,23.3,23.27,23.27,1671.0,VIR
2023-03-21 13:15:00,23.285,23.31,23.285,23.31,925.0,VIR
2023-03-21 13:14:00,23.29,23.29,23.29,23.29,307.0,VIR
2023-03-21 13:13:00,23.27,23.2843,23.27,23.2843,1594.0,VIR
2023-03-21 13:12:00,23.27,23.27,23.27,23.27,829.0,VIR
2023-03-21 13:11:00,23.2492,23.27,23.2492,23.27,924.0,VIR
2023-03-21 13:10:00,23.27,23.27,23.24,23.24,2064.0,VIR
2023-03-21 13:09:00,23.275,23.275,23.275,23.275,269.0,VIR
2023-03-21 13:07:00,23.265,23.27,23.265,23.27,529.0,VIR
2023-03-21 13:06:00,23.26,23.26,23.26,23.26,321.0,VIR
2023-03-21 13:05:00,23.21,23.26,23.21,23.26,2649.0,VIR
2023-03-21 13:04:00,23.19,23.21,23.19,23.21,1541.0,VIR
2023-03-21 13:03:00,23.195,23.195,23.195,23.195,249.0,VIR
2023-03-21 13:02:00,23.21,23.21,23.21,23.21,862.0,VIR
2023-03-21 13:00:00,23.21,23.225,23.21,23.215,2402.0,VIR
2023-03-21 12:58:00,23.19,23.201,23.19,23.201,600.0,VIR
2023-03-21 12:57:00,23.1965,23.1965,23.1965,23.1965,374.0,VIR
2023-03-21 12:56:00,23.21,23.21,23.2,23.2,2790.0,VIR
2023-03-21 12:55:00,23.25,23.25,23.225,23.23,1342.0,VIR
2023-03-21 12:53:00,23.26,23.26,23.26,23.26,1090.0,VIR
2023-03-21 12:52:00,23.25,23.25,23.25,23.25,129.0,VIR
2023-03-21 12:50:00,23.29,23.29,23.26,23.265,1832.0,VIR
2023-03-21 12:48:00,23.29,23.29,23.29,23.29,400.0,VIR
2023-03-21 12:46:00,23.2874,23.2874,23.2874,23.2874,1239.0,VIR
2023-03-21 12:45:00,23.28,23.295,23.28,23.28,1721.0,VIR
2023-03-21 12:44:00,23.3,23.3,23.28,23.28,892.0,VIR
2023-03-21 12:43:00,23.31,23.31,23.3,23.3,913.0,VIR
2023-03-21 12:41:00,23.29,23.31,23.29,23.3094,1040.0,VIR
2023-03-21 12:40:00,23.31,23.31,23.3,23.3,1470.0,VIR
2023-03-21 12:39:00,23.31,23.31,23.31,23.31,586.0,VIR
2023-03-21 12:38:00,23.32,23.32,23.32,23.32,315.0,VIR
2023-03-21 12:37:00,23.32,23.32,23.32,23.32,642.0,VIR
2023-03-21 12:35:00,23.385,23.385,23.37,23.37,620.0,VIR
2023-03-21 12:34:00,23.4,23.405,23.39,23.39,2648.0,VIR
2023-03-21 12:32:00,23.39,23.39,23.39,23.39,429.0,VIR
2023-03-21 12:31:00,23.38,23.39,23.38,23.38,1378.0,VIR
2023-03-21 12:29:00,23.32,23.38,23.32,23.38,1781.0,VIR
2023-03-21 12:28:00,23.32,23.32,23.29,23.31,2644.0,VIR
2023-03-21 12:27:00,23.3138,23.315,23.3138,23.315,400.0,VIR
2023-03-21 12:26:00,23.315,23.3191,23.315,23.3191,249.0,VIR
2023-03-21 12:25:00,23.33,23.33,23.32,23.32,745.0,VIR
2023-03-21 12:24:00,23.328,23.33,23.32,23.32,1004.0,VIR
2023-03-21 12:23:00,23.335,23.335,23.335,23.335,479.0,VIR
2023-03-21 12:21:00,23.325,23.325,23.325,23.325,159.0,VIR
2023-03-21 12:19:00,23.32,23.32,23.315,23.315,643.0,VIR
2023-03-21 12:18:00,23.35,23.38,23.325,23.325,7181.0,VIR
2023-03-21 12:16:00,23.35,23.35,23.335,23.335,909.0,VIR
2023-03-21 12:15:00,23.38,23.38,23.35,23.35,2507.0,VIR
2023-03-21 12:14:00,23.3995,23.3995,23.38,23.38,1047.0,VIR
2023-03-21 12:13:00,23.39,23.41,23.385,23.4,2477.0,VIR
2023-03-21 12:12:00,23.37,23.38,23.36,23.38,1537.0,VIR
2023-03-21 12:11:00,23.3401,23.36,23.3401,23.36,421.0,VIR
2023-03-21 12:10:00,23.35,23.35,23.35,23.35,473.0,VIR
2023-03-21 12:09:00,23.36,23.36,23.345,23.345,927.0,VIR
2023-03-21 12:08:00,23.3638,23.3638,23.3638,23.3638,528.0,VIR
2023-03-21 12:07:00,23.38,23.38,23.38,23.38,355.0,VIR
2023-03-21 12:06:00,23.38,23.38,23.37,23.37,839.0,VIR
2023-03-21 12:05:00,23.4,23.4,23.395,23.395,508.0,VIR
2023-03-21 12:03:00,23.445,23.45,23.405,23.405,2885.0,VIR
2023-03-21 12:02:00,23.47,23.47,23.44,23.45,4785.0,VIR
2023-03-21 12:01:00,23.51,23.51,23.485,23.485,1117.0,VIR
2023-03-21 12:00:00,23.52,23.52,23.52,23.52,427.0,VIR
2023-03-21 11:59:00,23.55,23.55,23.53,23.54,6318.0,VIR
2023-03-21 11:57:00,23.55,23.55,23.55,23.55,241.0,VIR
2023-03-21 11:56:00,23.57,23.57,23.57,23.57,862.0,VIR
2023-03-21 11:54:00,23.57,23.57,23.55,23.56,1856.0,VIR
2023-03-21 11:53:00,23.59,23.59,23.54,23.57,6897.0,VIR
2023-03-21 11:52:00,23.59,23.59,23.59,23.59,301.0,VIR
2023-03-21 11:50:00,23.58,23.58,23.58,23.58,410.0,VIR
2023-03-21 11:48:00,23.59,23.59,23.59,23.59,413.0,VIR
2023-03-21 11:47:00,23.58,23.58,23.58,23.58,153.0,VIR
2023-03-21 11:46:00,23.59,23.59,23.59,23.59,107.0,VIR
2023-03-21 11:45:00,23.6,23.6,23.6,23.6,968.0,VIR
2023-03-21 11:44:00,23.59,23.59,23.59,23.59,664.0,VIR
2023-03-21 11:43:00,23.6,23.61,23.6,23.61,969.0,VIR
2023-03-21 11:42:00,23.56,23.56,23.53,23.56,4128.0,VIR
2023-03-21 11:41:00,23.56,23.56,23.55,23.55,350.0,VIR
2023-03-21 11:40:00,23.55,23.55,23.53,23.55,3025.0,VIR
2023-03-21 11:39:00,23.58,23.6,23.545,23.56,4800.0,VIR
2023-03-21 11:38:00,23.5602,23.57,23.5602,23.57,416.0,VIR
2023-03-21 11:37:00,23.55,23.55,23.55,23.55,519.0,VIR
2023-03-21 11:36:00,23.55,23.56,23.55,23.55,1353.0,VIR
2023-03-21 11:35:00,23.55,23.55,23.54,23.55,1903.0,VIR
2023-03-21 11:34:00,23.57,23.57,23.57,23.57,409.0,VIR
2023-03-21 11:32:00,23.59,23.5909,23.59,23.59,682.0,VIR
2023-03-21 11:31:00,23.5976,23.5976,23.5976,23.5976,319.0,VIR
2023-03-21 11:29:00,23.58,23.6,23.58,23.6,864.0,VIR
2023-03-21 11:28:00,23.56,23.57,23.56,23.57,582.0,VIR
2023-03-21 11:27:00,23.57,23.57,23.55,23.56,1285.0,VIR
2023-03-21 11:26:00,23.56,23.56,23.555,23.56,1133.0,VIR
2023-03-21 11:25:00,23.56,23.56,23.55,23.55,568.0,VIR
2023-03-21 11:24:00,23.55,23.57,23.55,23.57,1576.0,VIR
2023-03-21 11:23:00,23.57,23.57,23.57,23.57,477.0,VIR
2023-03-21 11:22:00,23.5693,23.5693,23.5693,23.5693,170.0,VIR
2023-03-21 11:21:00,23.57,23.57,23.57,23.57,1044.0,VIR
2023-03-21 11:19:00,23.58,23.58,23.56,23.56,774.0,VIR
2023-03-21 11:18:00,23.59,23.59,23.59,23.59,711.0,VIR
2023-03-21 11:17:00,23.61,23.61,23.61,23.61,365.0,VIR
2023-03-21 11:15:00,23.63,23.63,23.61,23.61,514.0,VIR
2023-03-21 11:14:00,23.62,23.62,23.6,23.61,1512.0,VIR
2023-03-21 11:12:00,23.63,23.65,23.63,23.645,1668.0,VIR
2023-03-21 11:11:00,23.62,23.62,23.62,23.62,649.0,VIR
2023-03-21 11:10:00,23.625,23.625,23.625,23.625,100.0,VIR
2023-03-21 11:09:00,23.62,23.625,23.62,23.625,392.0,VIR
2023-03-21 11:08:00,23.62,23.62,23.62,23.62,137.0,VIR
2023-03-21 11:07:00,23.585,23.61,23.585,23.61,640.0,VIR
2023-03-21 11:06:00,23.57,23.58,23.57,23.58,1195.0,VIR
2023-03-21 11:05:00,23.56,23.56,23.56,23.56,744.0,VIR
2023-03-21 11:04:00,23.575,23.575,23.575,23.575,233.0,VIR
2023-03-21 11:03:00,23.61,23.61,23.56,23.575,2498.0,VIR
2023-03-21 11:00:00,23.61,23.61,23.61,23.61,365.0,VIR
2023-03-21 10:59:00,23.62,23.62,23.6,23.6,459.0,VIR
2023-03-21 10:58:00,23.66,23.66,23.66,23.66,737.0,VIR
2023-03-21 10:56:00,23.68,23.7,23.68,23.7,621.0,VIR
2023-03-21 10:55:00,23.66,23.69,23.66,23.69,2584.0,VIR
2023-03-21 10:53:00,23.675,23.675,23.675,23.675,628.0,VIR
2023-03-21 10:52:00,23.7,23.715,23.7,23.71,1240.0,VIR
2023-03-21 10:51:00,23.69,23.7,23.69,23.7,642.0,VIR
2023-03-21 10:50:00,23.73,23.74,23.72,23.73,1992.0,VIR
2023-03-21 10:49:00,23.73,23.73,23.73,23.73,358.0,VIR
2023-03-21 10:48:00,23.74,23.74,23.73,23.73,404.0,VIR
2023-03-21 10:47:00,23.71,23.75,23.7,23.745,98239.0,VIR
2023-03-21 10:46:00,23.7059,23.73,23.7,23.71,3922.0,VIR
2023-03-21 10:45:00,23.7,23.705,23.7,23.7,1234.0,VIR
2023-03-21 10:43:00,23.72,23.72,23.71,23.71,565.0,VIR
2023-03-21 10:42:00,23.71,23.72,23.71,23.72,1110.0,VIR
2023-03-21 10:41:00,23.64,23.68,23.64,23.68,783.0,VIR
2023-03-21 10:39:00,23.63,23.65,23.63,23.63,2064.0,VIR
2023-03-21 10:37:00,23.64,23.67,23.63,23.64,2451.0,VIR
2023-03-21 10:36:00,23.64,23.65,23.64,23.64,1681.0,VIR
2023-03-21 10:35:00,23.63,23.63,23.63,23.63,895.0,VIR
2023-03-21 10:34:00,23.64,23.65,23.64,23.65,441.0,VIR
2023-03-21 10:33:00,23.625,23.64,23.5975,23.64,4693.0,VIR
2023-03-21 10:32:00,23.66,23.66,23.63,23.63,802.0,VIR
2023-03-21 10:31:00,23.59,23.62,23.57,23.62,3013.0,VIR
2023-03-21 10:30:00,23.55,23.58,23.55,23.58,2813.0,VIR
2023-03-21 10:29:00,23.58,23.58,23.56,23.57,1133.0,VIR
2023-03-21 10:28:00,23.545,23.57,23.54,23.57,3653.0,VIR
2023-03-21 10:27:00,23.6,23.6,23.55,23.55,1173.0,VIR
2023-03-21 10:26:00,23.57,23.61,23.57,23.61,1942.0,VIR
2023-03-21 10:25:00,23.57,23.58,23.57,23.57,700.0,VIR
2023-03-21 10:24:00,23.58,23.58,23.58,23.58,513.0,VIR
2023-03-21 10:23:00,23.59,23.6,23.56,23.58,3226.0,VIR
2023-03-21 10:22:00,23.58,23.605,23.55,23.6,7736.0,VIR
2023-03-21 10:21:00,23.57,23.59,23.57,23.59,974.0,VIR
2023-03-21 10:20:00,23.56,23.57,23.558,23.57,809.0,VIR
2023-03-21 10:19:00,23.6,23.6,23.57,23.57,1827.0,VIR
2023-03-21 10:18:00,23.64,23.64,23.61,23.61,968.0,VIR
2023-03-21 10:17:00,23.55,23.62,23.55,23.62,2276.0,VIR
2023-03-21 10:16:00,23.57,23.575,23.55,23.55,2428.0,VIR
2023-03-21 10:15:00,23.63,23.63,23.62,23.62,397.0,VIR
2023-03-21 10:14:00,23.64,23.64,23.64,23.64,435.0,VIR
2023-03-21 10:13:00,23.68,23.69,23.65,23.65,1647.0,VIR
2023-03-21 10:12:00,23.73,23.73,23.685,23.7,1061.0,VIR
2023-03-21 10:11:00,23.63,23.74,23.63,23.74,2527.0,VIR
2023-03-21 10:10:00,23.6,23.62,23.6,23.62,643.0,VIR
2023-03-21 10:09:00,23.602,23.64,23.59,23.64,2376.0,VIR
2023-03-21 10:08:00,23.63,23.63,23.61,23.63,2177.0,VIR
2023-03-21 10:07:00,23.64,23.64,23.635,23.635,582.0,VIR
2023-03-21 10:06:00,23.65,23.67,23.65,23.67,798.0,VIR
2023-03-21 10:05:00,23.635,23.635,23.635,23.635,232.0,VIR
2023-03-21 10:04:00,23.715,23.725,23.665,23.68,4292.0,VIR
2023-03-21 10:03:00,23.72,23.72,23.72,23.72,660.0,VIR
2023-03-21 10:02:00,23.77,23.79,23.77,23.77,1247.0,VIR
2023-03-21 10:01:00,23.74,23.79,23.74,23.765,3477.0,VIR
2023-03-21 10:00:00,23.73,23.74,23.72,23.74,1372.0,VIR
2023-03-21 09:59:00,23.7061,23.7061,23.7061,23.7061,345.0,VIR
2023-03-21 09:58:00,23.7,23.7,23.7,23.7,308.0,VIR
2023-03-21 09:57:00,23.69,23.69,23.69,23.69,130.0,VIR
2023-03-21 09:56:00,23.68,23.76,23.67,23.73,2132.0,VIR
2023-03-21 09:55:00,23.595,23.67,23.57,23.67,5636.0,VIR
2023-03-21 09:54:00,23.62,23.62,23.55,23.61,2272.0,VIR
2023-03-21 09:53:00,23.645,23.645,23.645,23.645,243.0,VIR
2023-03-21 09:52:00,23.645,23.67,23.645,23.655,560.0,VIR
2023-03-21 09:51:00,23.67,23.67,23.645,23.665,424.0,VIR
2023-03-21 09:50:00,23.68,23.68,23.64,23.64,705.0,VIR
2023-03-21 09:49:00,23.65,23.705,23.61,23.65,3174.0,VIR
2023-03-21 09:48:00,23.625,23.67,23.625,23.67,1027.0,VIR
2023-03-21 09:47:00,23.67,23.67,23.67,23.67,546.0,VIR
2023-03-21 09:46:00,23.67,23.7299,23.61,23.67,1300.0,VIR
2023-03-21 09:45:00,23.6421,23.6421,23.6421,23.6421,245.0,VIR
2023-03-21 09:44:00,23.655,23.675,23.655,23.675,819.0,VIR
2023-03-21 09:43:00,23.67,23.67,23.61,23.655,2423.0,VIR
2023-03-21 09:42:00,23.715,23.715,23.715,23.715,725.0,VIR
2023-03-21 09:41:00,23.725,23.725,23.725,23.725,568.0,VIR
2023-03-21 09:40:00,23.725,23.725,23.725,23.725,416.0,VIR
2023-03-21 09:37:00,23.8125,23.8125,23.73,23.73,712.0,VIR
2023-03-21 09:36:00,23.785,23.785,23.73,23.785,551.0,VIR
2023-03-21 09:35:00,23.79,23.79,23.79,23.79,489.0,VIR
2023-03-21 09:34:00,23.72,23.735,23.68,23.7,960.0,VIR
2023-03-21 09:33:00,23.68,23.82,23.68,23.735,1860.0,VIR
2023-03-21 09:32:00,23.66,23.68,23.55,23.55,848.0,VIR
2023-03-21 09:31:00,23.86,23.955,23.66,23.66,12351.0,VIR
2023-03-21 08:07:00,23.5,23.5,23.5,23.5,3490.0,VIR
2023-03-20 16:02:00,23.76,23.76,23.76,23.76,12610.0,VIR
2023-03-20 16:01:00,23.76,23.76,23.76,23.76,17684.0,VIR
2023-03-20 16:00:00,23.75,23.77,23.74,23.76,28454.0,VIR
2023-03-20 15:59:00,23.79,23.795,23.74,23.75,33132.0,VIR
2023-03-20 15:58:00,23.78,23.795,23.765,23.79,21486.0,VIR
2023-03-20 15:57:00,23.855,23.87,23.765,23.77,32768.0,VIR
2023-03-20 15:56:00,23.83,23.91,23.825,23.855,18394.0,VIR
2023-03-20 15:55:00,23.86,23.905,23.84,23.84,23701.0,VIR
2023-03-20 15:54:00,23.865,23.88,23.855,23.86,10236.0,VIR
2023-03-20 15:53:00,23.895,23.905,23.865,23.865,9172.0,VIR
2023-03-20 15:52:00,23.88,23.92,23.88,23.89,6461.0,VIR
2023-03-20 15:51:00,23.86,23.92,23.85,23.88,14892.0,VIR
2023-03-20 15:50:00,23.85,23.855,23.84,23.855,2550.0,VIR
2023-03-20 15:49:00,23.89,23.89,23.86,23.87,4442.0,VIR
2023-03-20 15:48:00,23.83,23.9,23.825,23.9,4407.0,VIR
2023-03-20 15:47:00,23.8,23.83,23.795,23.82,3641.0,VIR
2023-03-20 15:46:00,23.81,23.81,23.785,23.79,3030.0,VIR
2023-03-20 15:45:00,23.86,23.87,23.815,23.815,7120.0,VIR
2023-03-20 15:44:00,23.895,23.9,23.85,23.85,5817.0,VIR
2023-03-20 15:43:00,23.92,23.92,23.9,23.9,4891.0,VIR
2023-03-20 15:42:00,23.91,23.925,23.9,23.92,2683.0,VIR
2023-03-20 15:41:00,23.92,23.93,23.92,23.92,819.0,VIR
2023-03-20 15:40:00,23.95,23.95,23.93,23.93,3383.0,VIR
2023-03-20 15:39:00,23.959,23.959,23.94,23.95,828.0,VIR
2023-03-20 15:38:00,23.965,23.965,23.96,23.96,3450.0,VIR
2023-03-20 15:37:00,23.98,23.98,23.97,23.97,533.0,VIR
2023-03-20 15:36:00,23.99,23.995,23.98,23.98,1916.0,VIR
2023-03-20 15:35:00,23.98,23.98,23.955,23.98,1154.0,VIR
2023-03-20 15:34:00,23.99,23.99,23.965,23.98,995.0,VIR
2023-03-20 15:33:00,23.97,23.98,23.95,23.98,2609.0,VIR
2023-03-20 15:32:00,23.935,23.97,23.935,23.97,2183.0,VIR
2023-03-20 15:31:00,23.95,23.95,23.9301,23.9301,1211.0,VIR
2023-03-20 15:30:00,23.94,23.949,23.94,23.945,1521.0,VIR
2023-03-20 15:29:00,23.96,23.965,23.93,23.93,2792.0,VIR
2023-03-20 15:28:00,23.96,23.965,23.94,23.95,3175.0,VIR
2023-03-20 15:27:00,24.0,24.0,23.96,23.97,3677.0,VIR
2023-03-20 15:26:00,23.97,24.0,23.97,24.0,3053.0,VIR
2023-03-20 15:25:00,23.97,23.98,23.969,23.969,2090.0,VIR
2023-03-20 15:24:00,23.985,23.985,23.97,23.98,1152.0,VIR
2023-03-20 15:23:00,23.97,23.99,23.97,23.97,1178.0,VIR
2023-03-20 15:22:00,23.99,23.99,23.95,23.96,2449.0,VIR
2023-03-20 15:21:00,24.02,24.02,23.99,23.99,2304.0,VIR
2023-03-20 15:20:00,23.995,24.009,23.995,24.009,1816.0,VIR
2023-03-20 15:19:00,24.0,24.005,23.995,23.995,1169.0,VIR
2023-03-20 15:18:00,23.979,24.01,23.975,23.98,3601.0,VIR
2023-03-20 15:17:00,23.98,24.0,23.975,23.975,1397.0,VIR
2023-03-20 15:16:00,24.0,24.01,23.96,23.97,2445.0,VIR
2023-03-20 15:15:00,24.0,24.005,23.96,24.0,4284.0,VIR
2023-03-20 15:14:00,24.02,24.02,24.005,24.005,1615.0,VIR
2023-03-20 15:13:00,24.03,24.03,24.02,24.02,1541.0,VIR
2023-03-20 15:12:00,24.05,24.05,24.035,24.0435,2235.0,VIR
2023-03-20 15:11:00,24.04,24.055,24.04,24.055,1810.0,VIR
2023-03-20 15:10:00,24.07,24.07,24.05,24.05,1386.0,VIR
2023-03-20 15:09:00,24.04,24.07,24.04,24.07,1269.0,VIR
2023-03-20 15:08:00,24.05,24.0593,24.04,24.04,1597.0,VIR
2023-03-20 15:07:00,24.05,24.05,24.05,24.05,1040.0,VIR
2023-03-20 15:06:00,24.049,24.049,24.049,24.049,560.0,VIR
2023-03-20 15:05:00,24.05,24.06,24.04,24.05,1603.0,VIR
2023-03-20 15:03:00,24.07,24.07,24.045,24.045,694.0,VIR
2023-03-20 15:02:00,24.055,24.06,24.055,24.06,746.0,VIR
2023-03-20 15:01:00,24.04,24.055,24.03,24.055,1299.0,VIR
2023-03-20 15:00:00,24.04,24.05,24.04,24.05,1197.0,VIR
2023-03-20 14:59:00,24.06,24.06,24.025,24.03,2017.0,VIR
2023-03-20 14:58:00,24.05,24.05,24.035,24.05,1856.0,VIR
2023-03-20 14:57:00,24.08,24.085,24.07,24.07,1431.0,VIR
2023-03-20 14:56:00,24.07,24.075,24.07,24.075,561.0,VIR
2023-03-20 14:55:00,24.055,24.07,24.055,24.07,1388.0,VIR
2023-03-20 14:54:00,24.07,24.07,24.06,24.06,1746.0,VIR
2023-03-20 14:53:00,24.06,24.06,24.06,24.06,346.0,VIR
2023-03-20 14:52:00,24.03,24.03,24.02,24.03,1514.0,VIR
2023-03-20 14:51:00,24.05,24.06,24.03,24.03,3887.0,VIR
2023-03-20 14:50:00,24.05,24.05,24.05,24.05,993.0,VIR
2023-03-20 14:49:00,24.08,24.08,24.06,24.06,1351.0,VIR
2023-03-20 14:47:00,24.105,24.105,24.1,24.1,1107.0,VIR
2023-03-20 14:46:00,24.1,24.105,24.1,24.1,962.0,VIR
2023-03-20 14:45:00,24.09,24.1,24.085,24.1,1779.0,VIR
2023-03-20 14:44:00,24.06,24.0886,24.06,24.075,1823.0,VIR
2023-03-20 14:43:00,24.03,24.04,24.03,24.04,623.0,VIR
2023-03-20 14:42:00,24.03,24.03,24.029,24.029,653.0,VIR
2023-03-20 14:41:00,24.05,24.05,24.02,24.02,1615.0,VIR
2023-03-20 14:40:00,24.05,24.07,24.05,24.07,1686.0,VIR
2023-03-20 14:39:00,24.04,24.04,24.04,24.04,418.0,VIR
2023-03-20 14:38:00,24.03,24.04,24.03,24.03,1786.0,VIR
2023-03-20 14:37:00,24.02,24.025,24.02,24.025,1199.0,VIR
2023-03-20 14:36:00,24.01,24.01,24.0,24.0001,2087.0,VIR
2023-03-20 14:35:00,24.01,24.01,24.01,24.01,738.0,VIR
2023-03-20 14:33:00,24.0,24.005,24.0,24.0,1463.0,VIR
2023-03-20 14:32:00,24.045,24.05,23.99,23.99,6564.0,VIR
2023-03-20 14:30:00,24.07,24.07,24.06,24.06,1625.0,VIR
2023-03-20 14:29:00,24.07,24.079,24.07,24.079,456.0,VIR
2023-03-20 14:28:00,24.07,24.07,24.0648,24.0648,541.0,VIR
2023-03-20 14:27:00,24.075,24.075,24.075,24.075,613.0,VIR
2023-03-20 14:26:00,24.0911,24.1,24.06,24.06,4515.0,VIR
2023-03-20 14:25:00,24.095,24.095,24.095,24.095,239.0,VIR
2023-03-20 14:23:00,24.07,24.085,24.07,24.085,1085.0,VIR
2023-03-20 14:22:00,24.06,24.07,24.06,24.065,1522.0,VIR
2023-03-20 14:21:00,24.06,24.06,24.06,24.06,220.0,VIR
2023-03-20 14:20:00,24.06,24.06,24.06,24.06,104.0,VIR
2023-03-20 14:19:00,24.01,24.04,24.0,24.04,1928.0,VIR
2023-03-20 14:18:00,24.01,24.01,24.01,24.01,227.0,VIR
2023-03-20 14:17:00,24.03,24.03,24.02,24.02,910.0,VIR
2023-03-20 14:16:00,24.04,24.04,24.04,24.04,1463.0,VIR
2023-03-20 14:15:00,24.02,24.03,24.02,24.03,817.0,VIR
2023-03-20 14:13:00,24.05,24.05,24.05,24.05,379.0,VIR
2023-03-20 14:12:00,24.035,24.04,24.025,24.03,2016.0,VIR
2023-03-20 14:11:00,24.02,24.038,24.02,24.038,1429.0,VIR
2023-03-20 14:10:00,24.005,24.01,23.995,24.01,1827.0,VIR
2023-03-20 14:09:00,24.01,24.01,24.01,24.01,404.0,VIR
2023-03-20 14:08:00,24.01,24.01,24.01,24.01,425.0,VIR
2023-03-20 14:07:00,24.015,24.02,24.015,24.02,778.0,VIR
2023-03-20 14:06:00,24.015,24.015,24.01,24.01,330.0,VIR
2023-03-20 14:05:00,23.99,24.015,23.99,24.01,2605.0,VIR
2023-03-20 14:04:00,24.0,24.0,23.99,23.99,1097.0,VIR
2023-03-20 14:02:00,23.99,24.0,23.99,24.0,604.0,VIR
2023-03-20 14:01:00,24.005,24.005,23.985,23.985,1244.0,VIR
2023-03-20 14:00:00,23.989,24.0092,23.985,24.0092,1250.0,VIR
2023-03-20 13:59:00,23.98,23.99,23.98,23.99,550.0,VIR
2023-03-20 13:58:00,23.975,23.975,23.96,23.96,1130.0,VIR
2023-03-20 13:57:00,23.98,23.98,23.97,23.97,561.0,VIR
2023-03-20 13:56:00,23.97,23.97,23.97,23.97,214.0,VIR
2023-03-20 13:55:00,23.98,23.98,23.97,23.97,1158.0,VIR
2023-03-20 13:54:00,23.97,24.0,23.97,23.99,1486.0,VIR
2023-03-20 13:53:00,23.965,23.965,23.95,23.965,3227.0,VIR
2023-03-20 13:52:00,23.98,23.98,23.965,23.965,1582.0,VIR
2023-03-20 13:51:00,23.985,23.985,23.98,23.98,761.0,VIR
2023-03-20 13:50:00,23.98,24.0,23.98,24.0,1285.0,VIR
2023-03-20 13:49:00,23.96,23.97,23.96,23.97,1558.0,VIR
2023-03-20 13:48:00,24.0,24.0,23.97,23.97,2046.0,VIR
2023-03-20 13:46:00,24.015,24.015,24.0,24.0,1088.0,VIR
2023-03-20 13:45:00,24.01,24.02,24.005,24.02,1634.0,VIR
2023-03-20 13:43:00,24.02,24.02,24.01,24.01,976.0,VIR
2023-03-20 13:42:00,23.99,24.015,23.98,24.015,1905.0,VIR
2023-03-20 13:41:00,23.98,23.98,23.98,23.98,637.0,VIR
2023-03-20 13:40:00,23.98,24.0,23.98,23.988,2997.0,VIR
2023-03-20 13:39:00,23.995,23.999,23.98,23.98,1107.0,VIR
2023-03-20 13:38:00,24.0,24.0,24.0,24.0,332.0,VIR
2023-03-20 13:37:00,24.02,24.02,24.01,24.015,1339.0,VIR
2023-03-20 13:36:00,24.04,24.04,24.03,24.03,1050.0,VIR
2023-03-20 13:35:00,24.07,24.07,24.045,24.045,747.0,VIR
2023-03-20 13:34:00,24.04,24.06,24.04,24.06,1788.0,VIR
2023-03-20 13:33:00,24.04,24.04,24.035,24.035,1813.0,VIR
2023-03-20 13:32:00,24.05,24.065,24.05,24.05,2306.0,VIR
2023-03-20 13:31:00,24.025,24.04,24.025,24.04,1028.0,VIR
2023-03-20 13:30:00,24.04,24.04,24.02,24.02,792.0,VIR
2023-03-20 13:29:00,24.04,24.05,24.02,24.02,3371.0,VIR
2023-03-20 13:28:00,24.039,24.039,24.035,24.035,532.0,VIR
2023-03-20 13:27:00,24.02,24.03,24.02,24.03,962.0,VIR
2023-03-20 13:26:00,24.06,24.06,24.04,24.04,2851.0,VIR
2023-03-20 13:24:00,24.05,24.05,24.04,24.05,820.0,VIR
2023-03-20 13:23:00,24.05,24.055,24.045,24.055,1323.0,VIR
2023-03-20 13:22:00,24.055,24.055,24.05,24.05,776.0,VIR
2023-03-20 13:21:00,24.06,24.06,24.045,24.055,987.0,VIR
2023-03-20 13:20:00,24.05,24.07,24.05,24.06,888.0,VIR
2023-03-20 13:19:00,24.04,24.06,24.04,24.04,875.0,VIR
2023-03-20 13:18:00,24.08,24.08,24.04,24.04,686.0,VIR
2023-03-20 13:17:00,24.07,24.09,24.07,24.07,1893.0,VIR
2023-03-20 13:16:00,24.065,24.079,24.065,24.079,984.0,VIR
2023-03-20 13:15:00,24.06,24.07,24.06,24.07,748.0,VIR
2023-03-20 13:14:00,24.06,24.06,24.055,24.06,689.0,VIR
2023-03-20 13:13:00,24.07,24.08,24.07,24.08,918.0,VIR
2023-03-20 13:12:00,24.079,24.09,24.079,24.08,379.0,VIR
2023-03-20 13:11:00,24.05,24.09,24.05,24.09,2598.0,VIR
2023-03-20 13:10:00,24.04,24.04,24.035,24.04,1012.0,VIR
2023-03-20 13:09:00,24.065,24.065,24.06,24.06,957.0,VIR
2023-03-20 13:07:00,24.07,24.1,24.065,24.07,3087.0,VIR
2023-03-20 13:06:00,24.06,24.06,24.05,24.05,912.0,VIR
2023-03-20 13:05:00,24.05,24.06,24.05,24.06,636.0,VIR
2023-03-20 13:04:00,24.01,24.04,24.01,24.04,1095.0,VIR
2023-03-20 13:03:00,24.01,24.01,23.99,24.01,2557.0,VIR
2023-03-20 13:02:00,24.04,24.04,24.025,24.04,390.0,VIR
2023-03-20 13:01:00,24.02,24.02,24.02,24.02,750.0,VIR
2023-03-20 13:00:00,23.99,23.99,23.99,23.99,139.0,VIR
2023-03-20 12:59:00,23.99,23.99,23.99,23.99,300.0,VIR
2023-03-20 12:58:00,24.0,24.0,23.995,23.995,460.0,VIR
2023-03-20 12:57:00,23.93,24.015,23.93,24.015,849.0,VIR
2023-03-20 12:56:00,23.92,23.94,23.92,23.94,509.0,VIR
2023-03-20 12:55:00,23.9,23.92,23.895,23.92,1479.0,VIR
2023-03-20 12:54:00,23.85,23.875,23.835,23.875,1163.0,VIR
2023-03-20 12:53:00,23.86,23.86,23.86,23.86,714.0,VIR
2023-03-20 12:52:00,23.855,23.855,23.855,23.855,337.0,VIR
2023-03-20 12:51:00,23.84,23.89,23.84,23.855,3752.0,VIR
2023-03-20 12:50:00,23.86,23.86,23.83,23.84,1245.0,VIR
2023-03-20 12:49:00,23.88,23.9,23.87,23.88,2712.0,VIR
2023-03-20 12:48:00,23.87,23.87,23.85,23.865,2254.0,VIR
2023-03-20 12:47:00,23.875,23.885,23.875,23.88,24725.0,VIR
2023-03-20 12:45:00,23.82,23.87,23.82,23.87,3680.0,VIR
2023-03-20 12:44:00,23.83,23.83,23.81,23.82,743.0,VIR
2023-03-20 12:43:00,23.83,23.83,23.82,23.83,671.0,VIR
2023-03-20 12:41:00,23.87,23.87,23.85,23.85,1002.0,VIR
2023-03-20 12:39:00,23.9,23.9,23.88,23.89,1590.0,VIR
2023-03-20 12:38:00,23.91,23.92,23.9,23.9,1380.0,VIR
2023-03-20 12:36:00,23.905,23.92,23.875,23.91,3455.0,VIR
2023-03-20 12:35:00,23.9,23.9,23.9,23.9,308.0,VIR
2023-03-20 12:34:00,23.94,23.94,23.905,23.905,753.0,VIR
2023-03-20 12:33:00,23.95,23.95,23.95,23.95,420.0,VIR
2023-03-20 12:31:00,23.98,23.99,23.9781,23.985,1452.0,VIR
2023-03-20 12:30:00,23.93,23.96,23.93,23.96,1216.0,VIR
2023-03-20 12:29:00,23.92,23.93,23.91,23.925,652.0,VIR
2023-03-20 12:28:00,23.9,23.92,23.9,23.92,2080.0,VIR
2023-03-20 12:27:00,23.96,23.96,23.895,23.91,3546.0,VIR
2023-03-20 12:24:00,23.94,23.97,23.94,23.96,1594.0,VIR
2023-03-20 12:23:00,23.91,23.945,23.91,23.93,2531.0,VIR
2023-03-20 12:22:00,23.9,23.9,23.9,23.9,491.0,VIR
2023-03-20 12:21:00,23.91,23.91,23.91,23.91,104.0,VIR
2023-03-20 12:20:00,23.91,23.915,23.91,23.915,450.0,VIR
2023-03-20 12:19:00,23.915,23.915,23.9,23.9,911.0,VIR
2023-03-20 12:18:00,23.94,23.945,23.91,23.92,2760.0,VIR
2023-03-20 12:17:00,23.91,23.93,23.91,23.93,2270.0,VIR
2023-03-20 12:16:00,23.91,23.91,23.91,23.91,260.0,VIR
2023-03-20 12:15:00,23.92,23.92,23.915,23.915,519.0,VIR
2023-03-20 12:14:00,23.9,23.92,23.9,23.92,535.0,VIR
2023-03-20 12:13:00,23.945,23.945,23.875,23.885,3742.0,VIR
2023-03-20 12:11:00,23.96,24.0,23.94,23.95,52266.0,VIR
2023-03-20 12:10:00,23.97,23.97,23.96,23.96,320.0,VIR
2023-03-20 12:09:00,23.98,24.01,23.93,24.0,3685.0,VIR
2023-03-20 12:08:00,24.11,24.11,24.0,24.0,8738.0,VIR
2023-03-20 12:07:00,24.13,24.13,24.1,24.1,2301.0,VIR
2023-03-20 12:06:00,24.135,24.135,24.13,24.13,600.0,VIR
2023-03-20 12:05:00,24.11,24.14,24.1,24.14,2891.0,VIR
2023-03-20 12:04:00,24.14,24.16,24.13,24.13,2205.0,VIR
2023-03-20 12:03:00,24.16,24.16,24.11,24.13,1475.0,VIR
2023-03-20 12:02:00,24.185,24.19,24.14,24.155,33169.0,VIR
2023-03-20 12:01:00,24.195,24.2,24.15,24.2,19545.0,VIR
2023-03-20 12:00:00,24.195,24.22,24.195,24.21,1379.0,VIR
2023-03-20 11:59:00,24.22,24.22,24.2,24.21,670.0,VIR
2023-03-20 11:58:00,24.23,24.23,24.2,24.215,2681.0,VIR
2023-03-20 11:57:00,24.265,24.265,24.235,24.235,727.0,VIR
2023-03-20 11:56:00,24.24,24.27,24.225,24.27,3547.0,VIR
2023-03-20 11:55:00,24.245,24.26,24.245,24.25,686.0,VIR
2023-03-20 11:54:00,24.24,24.24,24.24,24.24,231.0,VIR
2023-03-20 11:53:00,24.27,24.28,24.26,24.26,1811.0,VIR
2023-03-20 11:52:00,24.26,24.26,24.26,24.26,227.0,VIR
2023-03-20 11:51:00,24.25,24.27,24.25,24.26,958.0,VIR
2023-03-20 11:50:00,24.25,24.26,24.25,24.26,219.0,VIR
2023-03-20 11:49:00,24.26,24.2681,24.26,24.26,429.0,VIR
2023-03-20 11:48:00,24.25,24.25,24.235,24.25,1132.0,VIR
2023-03-20 11:47:00,24.29,24.29,24.29,24.29,443.0,VIR
2023-03-20 11:46:00,24.27,24.28,24.27,24.28,1060.0,VIR
2023-03-20 11:45:00,24.2827,24.2827,24.2827,24.2827,401.0,VIR
2023-03-20 11:44:00,24.28,24.29,24.2694,24.2769,2857.0,VIR
2023-03-20 11:42:00,24.31,24.31,24.305,24.305,332.0,VIR
2023-03-20 11:41:00,24.32,24.32,24.32,24.32,209.0,VIR
2023-03-20 11:39:00,24.32,24.32,24.31,24.31,431.0,VIR
2023-03-20 11:38:00,24.33,24.33,24.33,24.33,486.0,VIR
2023-03-20 11:37:00,24.3,24.3555,24.3,24.34,2479.0,VIR
2023-03-20 11:35:00,24.31,24.31,24.31,24.31,180.0,VIR
2023-03-20 11:34:00,24.32,24.32,24.305,24.305,303.0,VIR
2023-03-20 11:33:00,24.34,24.34,24.295,24.31,671.0,VIR
2023-03-20 11:30:00,24.31,24.35,24.31,24.35,1844.0,VIR
2023-03-20 11:29:00,24.29,24.31,24.29,24.31,1407.0,VIR
2023-03-20 11:27:00,24.33,24.33,24.315,24.315,712.0,VIR
2023-03-20 11:25:00,24.34,24.34,24.31,24.31,1542.0,VIR
2023-03-20 11:24:00,24.365,24.365,24.365,24.365,165.0,VIR
2023-03-20 11:22:00,24.33,24.36,24.32,24.36,1916.0,VIR
2023-03-20 11:20:00,24.31,24.31,24.29,24.305,601.0,VIR
2023-03-20 11:19:00,24.28,24.32,24.28,24.32,1843.0,VIR
2023-03-20 11:18:00,24.2411,24.2411,24.2411,24.2411,256.0,VIR
2023-03-20 11:17:00,24.23,24.26,24.22,24.24,3330.0,VIR
2023-03-20 11:16:00,24.23,24.23,24.21,24.23,1118.0,VIR
2023-03-20 11:15:00,24.248,24.25,24.24,24.25,306.0,VIR
2023-03-20 11:14:00,24.22,24.24,24.215,24.24,1045.0,VIR
2023-03-20 11:13:00,24.21,24.23,24.21,24.215,775.0,VIR
2023-03-20 11:12:00,24.22,24.22,24.19,24.22,746.0,VIR
2023-03-20 11:11:00,24.18,24.21,24.18,24.21,460.0,VIR
2023-03-20 11:10:00,24.22,24.22,24.21,24.215,833.0,VIR
2023-03-20 11:09:00,24.245,24.28,24.195,24.25,6788.0,VIR
2023-03-20 11:08:00,24.29,24.29,24.25,24.25,1874.0,VIR
2023-03-20 11:07:00,24.24,24.29,24.24,24.25,3894.0,VIR
2023-03-20 11:06:00,24.24,24.24,24.225,24.225,389.0,VIR
2023-03-20 11:05:00,24.225,24.24,24.225,24.225,520.0,VIR
2023-03-20 11:04:00,24.25,24.26,24.25,24.26,300.0,VIR
2023-03-20 11:03:00,24.24,24.25,24.235,24.235,2657.0,VIR
2023-03-20 11:02:00,24.27,24.27,24.24,24.24,906.0,VIR
2023-03-20 11:01:00,24.375,24.375,24.25,24.25,2833.0,VIR
2023-03-20 11:00:00,24.42,24.45,24.37,24.39,7727.0,VIR
2023-03-20 10:59:00,24.3,24.43,24.3,24.42,7387.0,VIR
2023-03-20 10:58:00,24.28,24.3,24.28,24.3,2247.0,VIR
2023-03-20 10:57:00,24.31,24.31,24.31,24.31,397.0,VIR
2023-03-20 10:56:00,24.25,24.27,24.25,24.27,1347.0,VIR
2023-03-20 10:55:00,24.245,24.25,24.24,24.245,1556.0,VIR
2023-03-20 10:54:00,24.2564,24.28,24.2564,24.28,1118.0,VIR
2023-03-20 10:52:00,24.245,24.245,24.245,24.245,370.0,VIR
2023-03-20 10:51:00,24.21,24.25,24.21,24.25,2917.0,VIR
2023-03-20 10:50:00,24.275,24.275,24.21,24.21,1788.0,VIR
2023-03-20 10:49:00,24.27,24.29,24.27,24.28,973.0,VIR
2023-03-20 10:48:00,24.26,24.26,24.25,24.25,607.0,VIR
2023-03-20 10:47:00,24.26,24.27,24.26,24.27,412.0,VIR
2023-03-20 10:46:00,24.22,24.25,24.215,24.25,1398.0,VIR
2023-03-20 10:45:00,24.2,24.23,24.2,24.225,1634.0,VIR
2023-03-20 10:44:00,24.23,24.24,24.212,24.212,684.0,VIR
2023-03-20 10:43:00,24.24,24.25,24.21,24.22,1096.0,VIR
2023-03-20 10:42:00,24.27,24.27,24.27,24.27,922.0,VIR
2023-03-20 10:41:00,24.26,24.27,24.24,24.26,3561.0,VIR
2023-03-20 10:40:00,24.18,24.26,24.18,24.245,2930.0,VIR
2023-03-20 10:39:00,24.26,24.26,24.25,24.25,760.0,VIR
2023-03-20 10:38:00,24.27,24.27,24.23,24.26,2981.0,VIR
2023-03-20 10:37:00,24.265,24.28,24.265,24.28,346.0,VIR
2023-03-20 10:36:00,24.29,24.29,24.28,24.28,629.0,VIR
2023-03-20 10:35:00,24.24,24.31,24.24,24.29,5265.0,VIR
2023-03-20 10:34:00,24.2,24.22,24.2,24.22,2498.0,VIR
2023-03-20 10:33:00,24.19,24.22,24.18,24.195,1720.0,VIR
2023-03-20 10:32:00,24.125,24.19,24.125,24.19,3507.0,VIR
2023-03-20 10:31:00,24.11,24.125,24.11,24.125,1088.0,VIR
2023-03-20 10:30:00,24.12,24.13,24.1,24.12,1468.0,VIR
2023-03-20 10:29:00,24.09,24.12,24.09,24.11,2708.0,VIR
2023-03-20 10:28:00,24.1,24.1,24.1,24.1,361.0,VIR
2023-03-20 10:27:00,24.075,24.11,24.075,24.095,3034.0,VIR
2023-03-20 10:26:00,24.085,24.085,24.06,24.08,1177.0,VIR
2023-03-20 10:25:00,24.07,24.09,24.07,24.09,431.0,VIR
2023-03-20 10:24:00,24.13,24.13,24.1,24.1,1045.0,VIR
2023-03-20 10:23:00,24.15,24.15,24.125,24.125,483.0,VIR
2023-03-20 10:22:00,24.16,24.16,24.16,24.16,277.0,VIR
2023-03-20 10:21:00,24.08,24.12,24.08,24.12,1573.0,VIR
2023-03-20 10:20:00,24.03,24.08,24.02,24.08,5403.0,VIR
2023-03-20 10:19:00,24.06,24.07,24.06,24.07,1911.0,VIR
2023-03-20 10:18:00,24.045,24.05,24.045,24.045,854.0,VIR
2023-03-20 10:17:00,24.05,24.05,24.045,24.045,432.0,VIR
2023-03-20 10:16:00,24.06,24.06,24.05,24.05,1931.0,VIR
2023-03-20 10:15:00,24.09,24.09,24.02,24.04,2282.0,VIR
2023-03-20 10:14:00,24.105,24.105,24.105,24.105,261.0,VIR
2023-03-20 10:13:00,24.14,24.145,24.08,24.1,1151.0,VIR
2023-03-20 10:12:00,24.22,24.22,24.05,24.13,15588.0,VIR
2023-03-20 10:11:00,24.2,24.25,24.2,24.23,3776.0,VIR
2023-03-20 10:10:00,24.255,24.255,24.15,24.2225,12345.0,VIR
2023-03-20 10:09:00,24.14,24.25,24.12,24.25,22127.0,VIR
2023-03-20 10:08:00,24.29,24.29,24.12,24.12,14580.0,VIR
2023-03-20 10:07:00,24.3,24.34,24.28,24.28,901.0,VIR
2023-03-20 10:06:00,24.34,24.34,24.33,24.34,987.0,VIR
2023-03-20 10:05:00,24.3,24.3,24.27,24.3,1893.0,VIR
2023-03-20 10:04:00,24.18,24.3,24.14,24.3,6320.0,VIR
2023-03-20 10:03:00,24.18,24.27,24.18,24.26,2092.0,VIR
2023-03-20 10:02:00,24.07,24.2,24.035,24.18,15043.0,VIR
2023-03-20 10:01:00,23.905,24.075,23.905,24.07,3251.0,VIR
2023-03-20 10:00:00,23.895,23.94,23.895,23.9,1600.0,VIR
2023-03-20 09:59:00,23.95,24.0,23.89,23.895,2296.0,VIR
2023-03-20 09:58:00,23.99,23.995,23.99,23.995,247.0,VIR
2023-03-20 09:57:00,23.94,23.9689,23.92,23.92,1630.0,VIR
2023-03-20 09:56:00,23.74,23.88,23.74,23.865,9104.0,VIR
2023-03-20 09:53:00,23.795,23.795,23.795,23.795,213.0,VIR
2023-03-20 09:52:00,23.66,23.745,23.62,23.745,1177.0,VIR
2023-03-20 09:51:00,23.61,23.62,23.61,23.62,309.0,VIR
2023-03-20 09:50:00,23.6,23.6,23.6,23.6,213.0,VIR
2023-03-20 09:49:00,23.55,23.57,23.51,23.57,2891.0,VIR
2023-03-20 09:48:00,23.43,23.58,23.43,23.58,4007.0,VIR
2023-03-20 09:47:00,23.41,23.43,23.41,23.43,420.0,VIR
2023-03-20 09:46:00,23.41,23.47,23.41,23.41,565.0,VIR
2023-03-20 09:45:00,23.4472,23.475,23.41,23.475,823.0,VIR
2023-03-20 09:44:00,23.475,23.5019,23.4,23.41,801.0,VIR
2023-03-20 09:43:00,23.46,23.46,23.46,23.46,332.0,VIR
2023-03-20 09:42:00,23.55,23.55,23.46,23.46,990.0,VIR
2023-03-20 09:41:00,23.47,23.535,23.47,23.48,926.0,VIR
2023-03-20 09:40:00,23.51,23.535,23.46,23.46,631.0,VIR
2023-03-20 09:39:00,23.53,23.65,23.51,23.52,900.0,VIR
2023-03-20 09:38:00,23.61,23.63,23.545,23.545,1543.0,VIR
2023-03-20 09:37:00,23.645,23.68,23.61,23.61,1635.0,VIR
2023-03-20 09:36:00,23.74,23.74,23.705,23.74,2075.0,VIR
2023-03-20 09:35:00,23.665,23.74,23.665,23.725,907.0,VIR
2023-03-20 09:34:00,23.65,23.65,23.65,23.65,464.0,VIR
2023-03-20 09:33:00,23.735,23.735,23.67,23.725,603.0,VIR
2023-03-20 09:32:00,23.78,23.78,23.68,23.7,1405.0,VIR
2023-03-20 09:31:00,23.85,23.96,23.85,23.91,5721.0,VIR
2023-03-17 16:41:00,23.01,23.01,23.01,23.01,339.0,VIR
2023-03-17 16:14:00,23.67,23.67,23.67,23.67,16472.0,VIR
2023-03-17 16:04:00,23.67,23.67,23.67,23.67,40266.0,VIR
2023-03-17 16:02:00,23.67,23.67,23.67,23.67,2211.0,VIR
2023-03-17 16:01:00,23.67,23.67,23.67,23.67,76647.0,VIR
2023-03-17 16:00:00,23.61,23.69,23.61,23.65,70543.0,VIR
2023-03-17 15:59:00,23.62,23.66,23.61,23.615,35887.0,VIR
2023-03-17 15:58:00,23.59,23.61,23.575,23.61,40371.0,VIR
2023-03-17 15:57:00,23.64,23.64,23.58,23.585,26256.0,VIR
2023-03-17 15:56:00,23.48,23.64,23.48,23.64,35915.0,VIR
2023-03-17 15:55:00,23.48,23.48,23.42,23.46,29834.0,VIR
2023-03-17 15:54:00,23.475,23.5,23.47,23.48,23656.0,VIR
2023-03-17 15:53:00,23.49,23.52,23.46,23.47,21522.0,VIR
2023-03-17 15:52:00,23.51,23.52,23.46,23.49,16227.0,VIR
2023-03-17 15:51:00,23.72,23.74,23.515,23.52,44378.0,VIR
2023-03-17 15:50:00,23.71,23.71,23.7012,23.71,2159.0,VIR
2023-03-17 15:49:00,23.7,23.71,23.7,23.71,2703.0,VIR
2023-03-17 15:48:00,23.72,23.735,23.72,23.72,1892.0,VIR
2023-03-17 15:47:00,23.76,23.76,23.71,23.72,1755.0,VIR
2023-03-17 15:46:00,23.79,23.79,23.76,23.76,2761.0,VIR
2023-03-17 15:45:00,23.78,23.8,23.7753,23.8,2202.0,VIR
2023-03-17 15:44:00,23.76,23.78,23.76,23.78,2174.0,VIR
2023-03-17 15:43:00,23.755,23.77,23.755,23.77,762.0,VIR
2023-03-17 15:42:00,23.77,23.77,23.75,23.75,1635.0,VIR
2023-03-17 15:41:00,23.735,23.76,23.735,23.76,1438.0,VIR
2023-03-17 15:40:00,23.69,23.72,23.68,23.72,2700.0,VIR
2023-03-17 15:39:00,23.72,23.72,23.69,23.69,2205.0,VIR
2023-03-17 15:38:00,23.71,23.72,23.71,23.72,1126.0,VIR
2023-03-17 15:37:00,23.695,23.7,23.67,23.7,3727.0,VIR
2023-03-17 15:36:00,23.7,23.7,23.695,23.695,1461.0,VIR
2023-03-17 15:35:00,23.7,23.7,23.69,23.7,1315.0,VIR
2023-03-17 15:34:00,23.71,23.71,23.69,23.7,2472.0,VIR
2023-03-17 15:33:00,23.74,23.74,23.73,23.73,1416.0,VIR
2023-03-17 15:32:00,23.74,23.75,23.74,23.75,1295.0,VIR
2023-03-17 15:31:00,23.78,23.78,23.74,23.74,2158.0,VIR
2023-03-17 15:30:00,23.79,23.79,23.79,23.79,1107.0,VIR
2023-03-17 15:29:00,23.8,23.81,23.8,23.809,2052.0,VIR
2023-03-17 15:28:00,23.78,23.8,23.78,23.8,1410.0,VIR
2023-03-17 15:27:00,23.815,23.815,23.78,23.78,1129.0,VIR
2023-03-17 15:26:00,23.85,23.85,23.82,23.82,1931.0,VIR
2023-03-17 15:25:00,23.84,23.85,23.84,23.85,540.0,VIR
2023-03-17 15:24:00,23.825,23.84,23.825,23.84,890.0,VIR
2023-03-17 15:23:00,23.8,23.82,23.8,23.82,508.0,VIR
2023-03-17 15:22:00,23.795,23.81,23.795,23.805,1492.0,VIR
2023-03-17 15:21:00,23.79,23.81,23.79,23.81,354.0,VIR
2023-03-17 15:20:00,23.8,23.8,23.77,23.79,1771.0,VIR
2023-03-17 15:19:00,23.8,23.82,23.8,23.82,694.0,VIR
2023-03-17 15:18:00,23.74,23.81,23.74,23.81,3732.0,VIR
2023-03-17 15:17:00,23.71,23.73,23.71,23.73,1731.0,VIR
2023-03-17 15:16:00,23.745,23.745,23.709,23.709,1183.0,VIR
2023-03-17 15:15:00,23.7586,23.7599,23.75,23.75,1073.0,VIR
2023-03-17 15:14:00,23.75,23.759,23.75,23.759,1669.0,VIR
2023-03-17 15:13:00,23.75,23.75,23.75,23.75,485.0,VIR
2023-03-17 15:12:00,23.76,23.76,23.75,23.75,1538.0,VIR
2023-03-17 15:11:00,23.755,23.755,23.755,23.755,397.0,VIR
2023-03-17 15:08:00,23.795,23.795,23.76,23.77,1952.0,VIR
2023-03-17 15:07:00,23.81,23.81,23.8,23.81,1186.0,VIR
2023-03-17 15:06:00,23.81,23.83,23.81,23.83,1201.0,VIR
2023-03-17 15:05:00,23.76,23.81,23.76,23.81,2779.0,VIR
2023-03-17 15:04:00,23.74,23.75,23.735,23.74,803.0,VIR
2023-03-17 15:03:00,23.7,23.71,23.7,23.71,2194.0,VIR
2023-03-17 15:01:00,23.71,23.71,23.68,23.69,795.0,VIR
2023-03-17 15:00:00,23.7,23.7,23.69,23.7,1553.0,VIR
2023-03-17 14:59:00,23.7,23.7,23.69,23.7,2512.0,VIR
2023-03-17 14:58:00,23.73,23.73,23.7,23.7,416.0,VIR
2023-03-17 14:56:00,23.71,23.74,23.71,23.74,375.0,VIR
2023-03-17 14:55:00,23.68,23.7,23.68,23.7,1661.0,VIR
2023-03-17 14:54:00,23.69,23.7,23.67,23.67,2136.0,VIR
2023-03-17 14:53:00,23.69,23.69,23.69,23.69,220.0,VIR
2023-03-17 14:52:00,23.71,23.71,23.68,23.68,636.0,VIR
2023-03-17 14:51:00,23.715,23.715,23.7,23.7,893.0,VIR
2023-03-17 14:50:00,23.76,23.76,23.73,23.73,1177.0,VIR
2023-03-17 14:49:00,23.75,23.75,23.74,23.74,980.0,VIR
2023-03-17 14:48:00,23.73,23.75,23.73,23.75,2347.0,VIR
2023-03-17 14:47:00,23.72,23.73,23.72,23.73,1056.0,VIR
2023-03-17 14:46:00,23.74,23.74,23.73,23.73,561.0,VIR
2023-03-17 14:45:00,23.76,23.76,23.745,23.745,1250.0,VIR
2023-03-17 14:44:00,23.78,23.78,23.7641,23.7641,1802.0,VIR
2023-03-17 14:43:00,23.78,23.78,23.78,23.78,201.0,VIR
2023-03-17 14:42:00,23.765,23.77,23.765,23.77,208.0,VIR
2023-03-17 14:41:00,23.76,23.8,23.76,23.77,2114.0,VIR
2023-03-17 14:40:00,23.755,23.755,23.755,23.755,369.0,VIR
2023-03-17 14:39:00,23.745,23.76,23.745,23.745,416.0,VIR
2023-03-17 14:38:00,23.79,23.79,23.75,23.75,1460.0,VIR
2023-03-17 14:37:00,23.78,23.79,23.78,23.79,1478.0,VIR
2023-03-17 14:36:00,23.7924,23.8,23.78,23.78,3938.0,VIR
2023-03-17 14:35:00,23.82,23.82,23.8,23.8,1638.0,VIR
2023-03-17 14:34:00,23.8187,23.84,23.8187,23.829,1234.0,VIR
2023-03-17 14:33:00,23.8,23.825,23.8,23.825,549.0,VIR
2023-03-17 14:32:00,23.76,23.79,23.76,23.79,2794.0,VIR
2023-03-17 14:31:00,23.76,23.76,23.76,23.76,320.0,VIR
2023-03-17 14:30:00,23.78,23.78,23.78,23.78,107.0,VIR
2023-03-17 14:29:00,23.765,23.78,23.76,23.76,938.0,VIR
2023-03-17 14:28:00,23.75,23.76,23.75,23.76,357.0,VIR
2023-03-17 14:27:00,23.73,23.77,23.73,23.77,1334.0,VIR
2023-03-17 14:26:00,23.71,23.74,23.71,23.74,1661.0,VIR
2023-03-17 14:25:00,23.73,23.73,23.7,23.71,1273.0,VIR
2023-03-17 14:24:00,23.74,23.74,23.74,23.74,902.0,VIR
2023-03-17 14:23:00,23.73,23.735,23.73,23.73,472.0,VIR
2023-03-17 14:22:00,23.73,23.735,23.73,23.735,1048.0,VIR
2023-03-17 14:21:00,23.74,23.745,23.73,23.74,1320.0,VIR
2023-03-17 14:20:00,23.72,23.74,23.72,23.74,666.0,VIR
2023-03-17 14:19:00,23.72,23.72,23.715,23.715,489.0,VIR
2023-03-17 14:18:00,23.72,23.73,23.72,23.73,1471.0,VIR
2023-03-17 14:17:00,23.71,23.719,23.71,23.719,346.0,VIR
2023-03-17 14:16:00,23.72,23.735,23.7014,23.71,1963.0,VIR
2023-03-17 14:15:00,23.75,23.75,23.72,23.72,792.0,VIR
2023-03-17 14:14:00,23.75,23.75,23.75,23.75,262.0,VIR
2023-03-17 14:13:00,23.72,23.73,23.72,23.73,844.0,VIR
2023-03-17 14:12:00,23.75,23.75,23.71,23.715,1840.0,VIR
2023-03-17 14:11:00,23.77,23.77,23.75,23.75,514.0,VIR
2023-03-17 14:10:00,23.74,23.75,23.74,23.75,845.0,VIR
2023-03-17 14:09:00,23.76,23.76,23.72,23.73,2714.0,VIR
2023-03-17 14:08:00,23.76,23.76,23.76,23.76,236.0,VIR
2023-03-17 14:07:00,23.8,23.8,23.76,23.77,2021.0,VIR
2023-03-17 14:06:00,23.77,23.8,23.77,23.8,1553.0,VIR
2023-03-17 14:05:00,23.77,23.77,23.73,23.77,1563.0,VIR
2023-03-17 14:04:00,23.77,23.77,23.755,23.755,701.0,VIR
2023-03-17 14:03:00,23.7,23.76,23.7,23.76,2326.0,VIR
2023-03-17 14:02:00,23.68,23.68,23.68,23.68,583.0,VIR
2023-03-17 14:01:00,23.64,23.66,23.64,23.66,599.0,VIR
2023-03-17 14:00:00,23.6,23.63,23.6,23.63,1710.0,VIR
2023-03-17 13:59:00,23.59,23.595,23.59,23.595,680.0,VIR
2023-03-17 13:58:00,23.595,23.595,23.59,23.59,659.0,VIR
2023-03-17 13:57:00,23.595,23.595,23.595,23.595,509.0,VIR
2023-03-17 13:56:00,23.58,23.595,23.58,23.595,2256.0,VIR
2023-03-17 13:55:00,23.57,23.57,23.57,23.57,393.0,VIR
2023-03-17 13:54:00,23.57,23.57,23.57,23.57,201.0,VIR
2023-03-17 13:53:00,23.58,23.58,23.56,23.565,623.0,VIR
2023-03-17 13:52:00,23.53,23.565,23.53,23.56,7286.0,VIR
2023-03-17 13:51:00,23.54,23.545,23.51,23.52,3200.0,VIR
2023-03-17 13:50:00,23.56,23.56,23.54,23.54,245.0,VIR
2023-03-17 13:49:00,23.57,23.57,23.54,23.54,4272.0,VIR
2023-03-17 13:48:00,23.55,23.56,23.55,23.555,15707.0,VIR
2023-03-17 13:47:00,23.52,23.54,23.51,23.54,4666.0,VIR
2023-03-17 13:46:00,23.51,23.53,23.51,23.53,2549.0,VIR
2023-03-17 13:45:00,23.51,23.53,23.51,23.53,213.0,VIR
2023-03-17 13:44:00,23.53,23.53,23.53,23.53,737.0,VIR
2023-03-17 13:43:00,23.545,23.545,23.545,23.545,210.0,VIR
2023-03-17 13:42:00,23.56,23.56,23.54,23.55,11617.0,VIR
2023-03-17 13:41:00,23.571,23.58,23.56,23.57,3282.0,VIR
2023-03-17 13:40:00,23.565,23.58,23.565,23.57,1623.0,VIR
2023-03-17 13:39:00,23.56,23.565,23.56,23.565,260.0,VIR
2023-03-17 13:38:00,23.58,23.58,23.57,23.57,950.0,VIR
2023-03-17 13:37:00,23.58,23.59,23.58,23.59,704.0,VIR
2023-03-17 13:36:00,23.56,23.58,23.56,23.58,4446.0,VIR
2023-03-17 13:35:00,23.56,23.57,23.56,23.57,574.0,VIR
2023-03-17 13:34:00,23.57,23.57,23.56,23.56,2379.0,VIR
2023-03-17 13:33:00,23.57,23.58,23.57,23.575,1206.0,VIR
2023-03-17 13:32:00,23.57,23.58,23.57,23.58,524.0,VIR
2023-03-17 13:30:00,23.56,23.57,23.56,23.57,2875.0,VIR
2023-03-17 13:29:00,23.57,23.57,23.555,23.56,1732.0,VIR
2023-03-17 13:27:00,23.58,23.58,23.58,23.58,601.0,VIR
2023-03-17 13:25:00,23.59,23.59,23.59,23.59,201.0,VIR
2023-03-17 13:24:00,23.65,23.65,23.61,23.61,2575.0,VIR
2023-03-17 13:23:00,23.66,23.66,23.66,23.66,404.0,VIR
2023-03-17 13:22:00,23.63,23.66,23.63,23.66,1647.0,VIR
2023-03-17 13:21:00,23.6,23.62,23.6,23.62,3024.0,VIR
2023-03-17 13:20:00,23.585,23.6,23.585,23.6,1712.0,VIR
2023-03-17 13:18:00,23.6,23.6,23.58,23.585,2077.0,VIR
2023-03-17 13:17:00,23.6,23.61,23.6,23.6,2467.0,VIR
2023-03-17 13:16:00,23.62,23.63,23.61,23.61,2491.0,VIR
2023-03-17 13:14:00,23.62,23.62,23.62,23.62,1581.0,VIR
2023-03-17 13:13:00,23.6,23.61,23.6,23.61,300.0,VIR
2023-03-17 13:12:00,23.62,23.62,23.61,23.61,1500.0,VIR
2023-03-17 13:11:00,23.62,23.629,23.62,23.629,367.0,VIR
2023-03-17 13:10:00,23.62,23.62,23.62,23.62,809.0,VIR
2023-03-17 13:07:00,23.64,23.64,23.62,23.62,2472.0,VIR
2023-03-17 13:06:00,23.59,23.64,23.59,23.64,6095.0,VIR
2023-03-17 13:05:00,23.59,23.6,23.58,23.6,1069.0,VIR
2023-03-17 13:04:00,23.61,23.61,23.59,23.5921,1995.0,VIR
2023-03-17 13:03:00,23.62,23.62,23.62,23.62,519.0,VIR
2023-03-17 13:02:00,23.61,23.61,23.61,23.61,150.0,VIR
2023-03-17 13:01:00,23.62,23.62,23.62,23.62,447.0,VIR
2023-03-17 13:00:00,23.6,23.6,23.6,23.6,564.0,VIR
2023-03-17 12:59:00,23.61,23.62,23.61,23.62,656.0,VIR
2023-03-17 12:58:00,23.6,23.6,23.595,23.6,1637.0,VIR
2023-03-17 12:57:00,23.58,23.59,23.58,23.59,2079.0,VIR
2023-03-17 12:55:00,23.575,23.575,23.57,23.57,699.0,VIR
2023-03-17 12:53:00,23.6,23.6,23.6,23.6,560.0,VIR
2023-03-17 12:52:00,23.61,23.615,23.61,23.615,332.0,VIR
2023-03-17 12:51:00,23.6,23.61,23.6,23.61,2491.0,VIR
2023-03-17 12:50:00,23.58,23.58,23.58,23.58,210.0,VIR
2023-03-17 12:49:00,23.63,23.63,23.59,23.59,2606.0,VIR
2023-03-17 12:48:00,23.61,23.62,23.61,23.62,509.0,VIR
2023-03-17 12:47:00,23.62,23.63,23.61,23.61,1655.0,VIR
2023-03-17 12:46:00,23.58,23.59,23.5526,23.59,5447.0,VIR
2023-03-17 12:45:00,23.6,23.6,23.59,23.59,316.0,VIR
2023-03-17 12:44:00,23.62,23.62,23.61,23.61,669.0,VIR
2023-03-17 12:43:00,23.635,23.635,23.635,23.635,1601.0,VIR
2023-03-17 12:42:00,23.66,23.66,23.64,23.64,1133.0,VIR
2023-03-17 12:41:00,23.67,23.67,23.67,23.67,1612.0,VIR
2023-03-17 12:40:00,23.66,23.66,23.65,23.66,2096.0,VIR
2023-03-17 12:38:00,23.69,23.69,23.69,23.69,357.0,VIR
2023-03-17 12:37:00,23.69,23.69,23.69,23.69,102.0,VIR
2023-03-17 12:36:00,23.72,23.73,23.69,23.69,973.0,VIR
2023-03-17 12:35:00,23.74,23.74,23.72,23.72,538.0,VIR
2023-03-17 12:34:00,23.77,23.77,23.75,23.75,1259.0,VIR
2023-03-17 12:33:00,23.75,23.75,23.75,23.75,520.0,VIR
2023-03-17 12:32:00,23.76,23.76,23.74,23.75,1483.0,VIR
2023-03-17 12:31:00,23.68,23.73,23.68,23.73,3160.0,VIR
2023-03-17 12:30:00,23.655,23.66,23.65,23.66,1349.0,VIR
2023-03-17 12:29:00,23.64,23.64,23.64,23.64,271.0,VIR
2023-03-17 12:28:00,23.66,23.66,23.66,23.66,815.0,VIR
2023-03-17 12:27:00,23.65,23.65,23.65,23.65,546.0,VIR
2023-03-17 12:26:00,23.65,23.65,23.63,23.63,660.0,VIR
2023-03-17 12:24:00,23.595,23.63,23.595,23.63,1556.0,VIR
2023-03-17 12:23:00,23.57,23.6,23.55,23.6,5559.0,VIR
2023-03-17 12:22:00,23.59,23.59,23.59,23.59,252.0,VIR
2023-03-17 12:21:00,23.595,23.61,23.595,23.61,465.0,VIR
2023-03-17 12:20:00,23.62,23.62,23.6,23.6,694.0,VIR
2023-03-17 12:19:00,23.64,23.64,23.63,23.63,783.0,VIR
2023-03-17 12:18:00,23.65,23.66,23.65,23.65,1563.0,VIR
2023-03-17 12:17:00,23.61,23.65,23.61,23.65,2482.0,VIR
2023-03-17 12:16:00,23.63,23.63,23.61,23.61,959.0,VIR
2023-03-17 12:15:00,23.65,23.6574,23.63,23.63,562.0,VIR
2023-03-17 12:13:00,23.66,23.66,23.66,23.66,312.0,VIR
2023-03-17 12:12:00,23.66,23.66,23.66,23.66,822.0,VIR
2023-03-17 12:11:00,23.6681,23.67,23.6681,23.67,1111.0,VIR
2023-03-17 12:10:00,23.65,23.66,23.65,23.66,661.0,VIR
2023-03-17 12:09:00,23.66,23.67,23.65,23.65,819.0,VIR
2023-03-17 12:08:00,23.62,23.65,23.62,23.65,1265.0,VIR
2023-03-17 12:07:00,23.57,23.62,23.57,23.62,2591.0,VIR
2023-03-17 12:06:00,23.6,23.6,23.58,23.58,879.0,VIR
2023-03-17 12:05:00,23.62,23.62,23.6,23.6,1712.0,VIR
2023-03-17 12:04:00,23.57,23.61,23.56,23.61,2510.0,VIR
2023-03-17 12:03:00,23.57,23.58,23.57,23.58,897.0,VIR
2023-03-17 12:02:00,23.57,23.58,23.56,23.56,1564.0,VIR
2023-03-17 12:01:00,23.56,23.59,23.56,23.57,3062.0,VIR
2023-03-17 12:00:00,23.56,23.56,23.55,23.55,1565.0,VIR
2023-03-17 11:59:00,23.56,23.58,23.56,23.58,1135.0,VIR
2023-03-17 11:58:00,23.55,23.55,23.54,23.55,815.0,VIR
2023-03-17 11:57:00,23.575,23.575,23.57,23.57,492.0,VIR
2023-03-17 11:56:00,23.54,23.57,23.535,23.55,4284.0,VIR
2023-03-17 11:55:00,23.55,23.55,23.54,23.545,1445.0,VIR
2023-03-17 11:54:00,23.57,23.57,23.57,23.57,725.0,VIR
2023-03-17 11:53:00,23.59,23.59,23.59,23.59,101.0,VIR
2023-03-17 11:52:00,23.58,23.59,23.57,23.57,2828.0,VIR
2023-03-17 11:51:00,23.57,23.58,23.57,23.58,538.0,VIR
2023-03-17 11:50:00,23.5,23.56,23.5,23.56,2640.0,VIR
2023-03-17 11:49:00,23.54,23.54,23.51,23.51,1639.0,VIR
2023-03-17 11:48:00,23.54,23.54,23.53,23.53,751.0,VIR
2023-03-17 11:47:00,23.54,23.545,23.53,23.53,1068.0,VIR
2023-03-17 11:46:00,23.54,23.56,23.54,23.55,2016.0,VIR
2023-03-17 11:45:00,23.52,23.52,23.52,23.52,2028.0,VIR
2023-03-17 11:44:00,23.52,23.52,23.49,23.505,2859.0,VIR
2023-03-17 11:43:00,23.53,23.535,23.52,23.52,597.0,VIR
2023-03-17 11:42:00,23.525,23.535,23.525,23.535,1309.0,VIR
2023-03-17 11:41:00,23.53,23.53,23.515,23.525,2449.0,VIR
2023-03-17 11:40:00,23.57,23.57,23.5,23.51,1990.0,VIR
2023-03-17 11:39:00,23.58,23.58,23.58,23.58,146.0,VIR
2023-03-17 11:38:00,23.55,23.61,23.55,23.6,3550.0,VIR
2023-03-17 11:37:00,23.56,23.56,23.55,23.55,884.0,VIR
2023-03-17 11:36:00,23.53,23.545,23.52,23.545,1062.0,VIR
2023-03-17 11:35:00,23.54,23.55,23.515,23.55,2231.0,VIR
2023-03-17 11:34:00,23.51,23.55,23.47,23.55,5538.0,VIR
2023-03-17 11:33:00,23.525,23.525,23.51,23.51,451.0,VIR
2023-03-17 11:32:00,23.57,23.57,23.52,23.525,3570.0,VIR
2023-03-17 11:31:00,23.58,23.58,23.58,23.58,550.0,VIR
2023-03-17 11:30:00,23.58,23.59,23.58,23.58,2241.0,VIR
2023-03-17 11:29:00,23.57,23.58,23.56,23.58,1382.0,VIR
2023-03-17 11:28:00,23.51,23.57,23.51,23.57,4663.0,VIR
2023-03-17 11:27:00,23.5042,23.52,23.5,23.52,1799.0,VIR
2023-03-17 11:26:00,23.52,23.5279,23.51,23.51,1887.0,VIR
2023-03-17 11:25:00,23.505,23.52,23.505,23.52,2605.0,VIR
2023-03-17 11:24:00,23.575,23.575,23.52,23.52,4267.0,VIR
2023-03-17 11:23:00,23.58,23.58,23.57,23.575,2770.0,VIR
2023-03-17 11:22:00,23.565,23.58,23.565,23.58,1291.0,VIR
2023-03-17 11:21:00,23.575,23.575,23.565,23.57,946.0,VIR
2023-03-17 11:20:00,23.595,23.595,23.565,23.575,1427.0,VIR
2023-03-17 11:19:00,23.59,23.6,23.585,23.6,1111.0,VIR
2023-03-17 11:18:00,23.61,23.61,23.58,23.585,1978.0,VIR
2023-03-17 11:17:00,23.599,23.62,23.59,23.62,2949.0,VIR
2023-03-17 11:16:00,23.61,23.61,23.56,23.59,7585.0,VIR
2023-03-17 11:15:00,23.585,23.6,23.585,23.6,1873.0,VIR
2023-03-17 11:14:00,23.59,23.595,23.59,23.59,973.0,VIR
2023-03-17 11:13:00,23.61,23.62,23.575,23.575,3889.0,VIR
2023-03-17 11:12:00,23.59,23.59,23.59,23.59,1056.0,VIR
2023-03-17 11:11:00,23.57,23.58,23.57,23.58,3463.0,VIR
2023-03-17 11:10:00,23.59,23.59,23.57,23.575,2956.0,VIR
2023-03-17 11:09:00,23.59,23.59,23.58,23.59,2809.0,VIR
2023-03-17 11:08:00,23.575,23.6,23.575,23.59,2849.0,VIR
2023-03-17 11:07:00,23.575,23.575,23.57,23.575,738.0,VIR
2023-03-17 11:06:00,23.575,23.575,23.56,23.575,2034.0,VIR
2023-03-17 11:05:00,23.595,23.595,23.575,23.575,924.0,VIR
2023-03-17 11:04:00,23.61,23.61,23.595,23.595,1036.0,VIR
2023-03-17 11:03:00,23.61,23.62,23.6,23.62,1425.0,VIR
2023-03-17 11:02:00,23.6,23.6,23.6,23.6,704.0,VIR
2023-03-17 11:01:00,23.6,23.62,23.6,23.6,1932.0,VIR
2023-03-17 11:00:00,23.64,23.64,23.63,23.63,1217.0,VIR
2023-03-17 10:59:00,23.63,23.67,23.63,23.63,4834.0,VIR
2023-03-17 10:58:00,23.62,23.62,23.61,23.615,774.0,VIR
2023-03-17 10:57:00,23.61,23.62,23.61,23.61,2988.0,VIR
2023-03-17 10:56:00,23.6,23.605,23.6,23.6,1204.0,VIR
2023-03-17 10:55:00,23.6,23.6,23.595,23.595,1216.0,VIR
2023-03-17 10:54:00,23.59,23.6,23.585,23.595,1328.0,VIR
2023-03-17 10:53:00,23.585,23.59,23.585,23.59,350.0,VIR
2023-03-17 10:52:00,23.61,23.61,23.595,23.595,1386.0,VIR
2023-03-17 10:51:00,23.64,23.645,23.595,23.609,4440.0,VIR
2023-03-17 10:50:00,23.6,23.65,23.6,23.645,3307.0,VIR
2023-03-17 10:49:00,23.58,23.6,23.58,23.6,1098.0,VIR
2023-03-17 10:48:00,23.56,23.56,23.555,23.555,2826.0,VIR
2023-03-17 10:47:00,23.53,23.56,23.52,23.56,4886.0,VIR
2023-03-17 10:46:00,23.545,23.545,23.53,23.54,1256.0,VIR
2023-03-17 10:45:00,23.58,23.59,23.56,23.56,2266.0,VIR
2023-03-17 10:44:00,23.56,23.565,23.55,23.565,1334.0,VIR
2023-03-17 10:43:00,23.595,23.595,23.595,23.595,1386.0,VIR
2023-03-17 10:42:00,23.57,23.61,23.57,23.61,1381.0,VIR
2023-03-17 10:41:00,23.515,23.57,23.515,23.57,4639.0,VIR
2023-03-17 10:40:00,23.54,23.55,23.52,23.52,1965.0,VIR
2023-03-17 10:39:00,23.575,23.575,23.56,23.56,516.0,VIR
2023-03-17 10:37:00,23.57,23.58,23.57,23.58,1470.0,VIR
2023-03-17 10:36:00,23.54,23.56,23.54,23.56,1335.0,VIR
2023-03-17 10:35:00,23.56,23.56,23.55,23.55,1014.0,VIR
2023-03-17 10:34:00,23.55,23.585,23.55,23.585,1694.0,VIR
2023-03-17 10:33:00,23.545,23.57,23.53,23.53,4216.0,VIR
2023-03-17 10:32:00,23.56,23.56,23.52,23.545,1402.0,VIR
2023-03-17 10:31:00,23.65,23.65,23.58,23.58,4190.0,VIR
2023-03-17 10:30:00,23.645,23.645,23.63,23.635,1467.0,VIR
2023-03-17 10:29:00,23.64,23.64,23.64,23.64,684.0,VIR
2023-03-17 10:28:00,23.63,23.66,23.63,23.66,3329.0,VIR
2023-03-17 10:27:00,23.7,23.7,23.65,23.65,4346.0,VIR
2023-03-17 10:26:00,23.71,23.7125,23.71,23.71,2275.0,VIR
2023-03-17 10:25:00,23.7,23.72,23.68,23.72,3947.0,VIR
2023-03-17 10:24:00,23.71,23.72,23.69,23.69,4534.0,VIR
2023-03-17 10:23:00,23.715,23.72,23.7,23.72,1884.0,VIR
2023-03-17 10:22:00,23.74,23.76,23.7,23.7,2710.0,VIR
2023-03-17 10:21:00,23.745,23.745,23.745,23.745,162.0,VIR
2023-03-17 10:20:00,23.735,23.76,23.71,23.76,2944.0,VIR
2023-03-17 10:19:00,23.73,23.75,23.71,23.735,3557.0,VIR
2023-03-17 10:18:00,23.77,23.77,23.74,23.75,2447.0,VIR
2023-03-17 10:17:00,23.765,23.765,23.765,23.765,185.0,VIR
2023-03-17 10:16:00,23.82,23.83,23.77,23.77,7861.0,VIR
2023-03-17 10:15:00,23.79,23.81,23.74,23.81,9328.0,VIR
2023-03-17 10:14:00,23.81,23.82,23.79,23.79,1061.0,VIR
2023-03-17 10:13:00,23.86,23.865,23.82,23.82,3071.0,VIR
2023-03-17 10:11:00,23.86,23.88,23.86,23.87,3010.0,VIR
2023-03-17 10:10:00,23.87,23.87,23.83,23.85,2043.0,VIR
2023-03-17 10:09:00,23.8875,23.895,23.845,23.845,2174.0,VIR
2023-03-17 10:08:00,23.93,23.95,23.875,23.9,5612.0,VIR
2023-03-17 10:07:00,23.89,23.915,23.89,23.9,1646.0,VIR
2023-03-17 10:06:00,23.82,23.88,23.82,23.86,2654.0,VIR
2023-03-17 10:05:00,23.81,23.815,23.81,23.81,719.0,VIR
2023-03-17 10:04:00,23.86,23.87,23.77,23.83,4346.0,VIR
2023-03-17 10:03:00,23.915,23.915,23.87,23.87,800.0,VIR
2023-03-17 10:02:00,24.01,24.01,23.9,23.9,7605.0,VIR
2023-03-17 10:01:00,24.005,24.005,24.005,24.005,327.0,VIR
2023-03-17 10:00:00,24.0,24.05,24.0,24.0,490.0,VIR
2023-03-17 09:59:00,24.025,24.025,23.99,24.005,426.0,VIR
2023-03-17 09:58:00,23.87,24.03,23.87,24.03,6543.0,VIR
2023-03-17 09:57:00,23.93,23.93,23.86,23.87,5648.0,VIR
2023-03-17 09:56:00,23.99,23.99,23.88,23.8925,5892.0,VIR
2023-03-17 09:54:00,24.075,24.12,24.07,24.08,8734.0,VIR
2023-03-17 09:51:00,24.0,24.065,24.0,24.065,1440.0,VIR
2023-03-17 09:50:00,23.945,23.945,23.945,23.945,729.0,VIR
2023-03-17 09:49:00,23.94,23.95,23.915,23.915,2171.0,VIR
2023-03-17 09:48:00,24.02,24.025,23.89,23.89,1442.0,VIR
2023-03-17 09:47:00,24.13,24.13,24.02,24.02,2321.0,VIR
2023-03-17 09:46:00,24.13,24.13,24.13,24.13,207.0,VIR
2023-03-17 09:45:00,24.155,24.21,24.1,24.1006,1782.0,VIR
2023-03-17 09:44:00,24.1799,24.1799,24.1799,24.1799,1059.0,VIR
2023-03-17 09:43:00,24.14,24.15,24.14,24.15,633.0,VIR
2023-03-17 09:42:00,24.245,24.25,24.22,24.22,870.0,VIR
2023-03-17 09:41:00,24.3,24.3,24.22,24.245,3178.0,VIR
2023-03-17 09:40:00,24.27,24.27,24.27,24.27,1051.0,VIR
2023-03-17 09:39:00,24.34,24.34,24.22,24.27,3375.0,VIR
2023-03-17 09:38:00,24.38,24.38,24.365,24.365,349.0,VIR
2023-03-17 09:37:00,24.3,24.41,24.3,24.3697,3480.0,VIR
2023-03-17 09:36:00,24.275,24.275,24.2313,24.2313,718.0,VIR
2023-03-17 09:35:00,24.19,24.26,24.19,24.26,682.0,VIR
2023-03-17 09:34:00,24.0,24.19,24.0,24.19,4114.0,VIR
2023-03-17 09:33:00,24.005,24.06,23.99,24.01,8867.0,VIR
2023-03-17 09:32:00,24.01,24.01,24.01,24.01,545.0,VIR
2023-03-17 09:31:00,24.11,24.13,23.93,24.005,138940.0,VIR
2023-03-17 09:30:00,24.1,24.1,24.1,24.1,200.0,VIR
2023-03-16 18:55:00,24.04,24.04,24.04,24.04,2899.0,VIR
2023-03-16 16:26:00,24.04,24.04,24.04,24.04,2565.0,VIR
2023-03-16 16:02:00,24.18,24.18,24.18,24.18,1035.0,VIR
2023-03-16 16:01:00,24.18,24.18,24.18,24.18,128254.0,VIR
2023-03-16 16:00:00,24.18,24.2,24.17,24.18,27667.0,VIR
2023-03-16 15:59:00,24.19,24.2,24.17,24.18,12754.0,VIR
2023-03-16 15:58:00,24.135,24.22,24.135,24.2,14290.0,VIR
2023-03-16 15:57:00,24.11,24.14,24.105,24.14,9990.0,VIR
2023-03-16 15:56:00,24.13,24.14,24.1,24.105,9870.0,VIR
2023-03-16 15:55:00,24.14,24.14,24.11,24.14,4681.0,VIR
2023-03-16 15:54:00,24.15,24.15,24.13,24.13,6726.0,VIR
2023-03-16 15:53:00,24.125,24.145,24.11,24.145,5482.0,VIR
2023-03-16 15:52:00,24.12,24.12,24.1,24.11,11170.0,VIR
2023-03-16 15:51:00,24.11,24.12,24.1,24.11,4847.0,VIR
2023-03-16 15:50:00,24.105,24.13,24.105,24.13,4446.0,VIR
2023-03-16 15:49:00,24.105,24.11,24.105,24.1051,4187.0,VIR
2023-03-16 15:48:00,24.1,24.12,24.1,24.105,16635.0,VIR
2023-03-16 15:47:00,24.11,24.11,24.1,24.11,1740.0,VIR
2023-03-16 15:46:00,24.11,24.11,24.1,24.11,2551.0,VIR
2023-03-16 15:45:00,24.13,24.13,24.11,24.11,3223.0,VIR
2023-03-16 15:44:00,24.13,24.14,24.1,24.12,16083.0,VIR
2023-03-16 15:43:00,24.12,24.13,24.12,24.125,3190.0,VIR
2023-03-16 15:42:00,24.11,24.12,24.11,24.11,2659.0,VIR
2023-03-16 15:41:00,24.1,24.12,24.1,24.12,5490.0,VIR
2023-03-16 15:40:00,24.13,24.14,24.12,24.12,2369.0,VIR
2023-03-16 15:39:00,24.13,24.14,24.125,24.125,3261.0,VIR
2023-03-16 15:38:00,24.12,24.12,24.1,24.12,2825.0,VIR
2023-03-16 15:37:00,24.11,24.13,24.1,24.12,4337.0,VIR
2023-03-16 15:36:00,24.12,24.12,24.1,24.12,7244.0,VIR
2023-03-16 15:35:00,24.135,24.15,24.125,24.125,1536.0,VIR
2023-03-16 15:34:00,24.15,24.15,24.13,24.135,2825.0,VIR
2023-03-16 15:33:00,24.17,24.17,24.15,24.15,1878.0,VIR
2023-03-16 15:32:00,24.21,24.21,24.18,24.18,1088.0,VIR
2023-03-16 15:31:00,24.205,24.21,24.205,24.209,1149.0,VIR
2023-03-16 15:30:00,24.19,24.205,24.19,24.2,1628.0,VIR
2023-03-16 15:29:00,24.2,24.2,24.2,24.2,743.0,VIR
2023-03-16 15:28:00,24.2,24.21,24.2,24.21,1892.0,VIR
2023-03-16 15:27:00,24.19,24.19,24.185,24.19,1248.0,VIR
2023-03-16 15:26:00,24.205,24.22,24.205,24.22,1185.0,VIR
2023-03-16 15:25:00,24.1936,24.2,24.1936,24.2,1513.0,VIR
2023-03-16 15:24:00,24.2,24.2,24.19,24.19,946.0,VIR
2023-03-16 15:23:00,24.21,24.23,24.21,24.21,2546.0,VIR
2023-03-16 15:22:00,24.17,24.21,24.15,24.21,3934.0,VIR
2023-03-16 15:21:00,24.18,24.18,24.16,24.165,1521.0,VIR
2023-03-16 15:20:00,24.185,24.185,24.18,24.18,466.0,VIR
2023-03-16 15:19:00,24.2,24.2,24.18,24.18,2081.0,VIR
2023-03-16 15:18:00,24.185,24.195,24.18,24.195,3125.0,VIR
2023-03-16 15:17:00,24.18,24.18,24.18,24.18,1038.0,VIR
2023-03-16 15:16:00,24.195,24.195,24.18,24.18,743.0,VIR
2023-03-16 15:15:00,24.21,24.21,24.195,24.195,1089.0,VIR
2023-03-16 15:14:00,24.22,24.22,24.205,24.21,1428.0,VIR
2023-03-16 15:13:00,24.2,24.22,24.1957,24.22,2738.0,VIR
2023-03-16 15:12:00,24.2,24.2,24.2,24.2,1461.0,VIR
2023-03-16 15:11:00,24.2,24.21,24.2,24.2,512.0,VIR
2023-03-16 15:10:00,24.21,24.21,24.2,24.2,656.0,VIR
2023-03-16 15:09:00,24.26,24.26,24.21,24.21,3258.0,VIR
2023-03-16 15:08:00,24.24,24.26,24.24,24.25,8184.0,VIR
2023-03-16 15:07:00,24.24,24.24,24.23,24.23,817.0,VIR
2023-03-16 15:06:00,24.23,24.235,24.23,24.23,953.0,VIR
2023-03-16 15:05:00,24.225,24.235,24.225,24.235,511.0,VIR
2023-03-16 15:04:00,24.22,24.23,24.22,24.23,1282.0,VIR
2023-03-16 15:03:00,24.22,24.23,24.22,24.23,841.0,VIR
2023-03-16 15:02:00,24.22,24.22,24.2,24.2159,1843.0,VIR
2023-03-16 15:01:00,24.24,24.24,24.22,24.22,1641.0,VIR
2023-03-16 15:00:00,24.23,24.24,24.23,24.24,997.0,VIR
2023-03-16 14:59:00,24.23,24.23,24.215,24.215,609.0,VIR
2023-03-16 14:58:00,24.21,24.24,24.21,24.2201,2698.0,VIR
2023-03-16 14:57:00,24.19,24.2,24.185,24.2,737.0,VIR
2023-03-16 14:56:00,24.18,24.19,24.17,24.19,814.0,VIR
2023-03-16 14:55:00,24.17,24.17,24.17,24.17,925.0,VIR
2023-03-16 14:54:00,24.17,24.17,24.17,24.17,144.0,VIR
2023-03-16 14:53:00,24.15,24.15,24.15,24.15,330.0,VIR
2023-03-16 14:52:00,24.14,24.15,24.12,24.15,3494.0,VIR
2023-03-16 14:51:00,24.14,24.15,24.13,24.13,2268.0,VIR
2023-03-16 14:50:00,24.15,24.1502,24.15,24.15,630.0,VIR
2023-03-16 14:49:00,24.175,24.19,24.17,24.17,777.0,VIR
2023-03-16 14:48:00,24.18,24.19,24.16,24.18,908.0,VIR
2023-03-16 14:47:00,24.215,24.215,24.18,24.19,4235.0,VIR
2023-03-16 14:46:00,24.21,24.21,24.21,24.21,538.0,VIR
2023-03-16 14:45:00,24.19,24.2,24.19,24.2,1051.0,VIR
2023-03-16 14:44:00,24.185,24.19,24.185,24.19,1042.0,VIR
2023-03-16 14:43:00,24.1999,24.1999,24.19,24.19,1106.0,VIR
2023-03-16 14:42:00,24.22,24.22,24.21,24.21,858.0,VIR
2023-03-16 14:41:00,24.2,24.24,24.2,24.24,2263.0,VIR
2023-03-16 14:40:00,24.18,24.19,24.18,24.19,1022.0,VIR
2023-03-16 14:39:00,24.18,24.18,24.18,24.18,583.0,VIR
2023-03-16 14:38:00,24.15,24.1618,24.15,24.1618,471.0,VIR
2023-03-16 14:37:00,24.16,24.17,24.16,24.17,1324.0,VIR
2023-03-16 14:36:00,24.13,24.17,24.13,24.17,1677.0,VIR
2023-03-16 14:35:00,24.12,24.12,24.115,24.115,831.0,VIR
2023-03-16 14:34:00,24.12,24.12,24.1,24.12,3054.0,VIR
2023-03-16 14:33:00,24.12,24.12,24.1,24.11,2241.0,VIR
2023-03-16 14:32:00,24.12,24.12,24.12,24.12,573.0,VIR
2023-03-16 14:31:00,24.15,24.15,24.14,24.14,529.0,VIR
2023-03-16 14:30:00,24.16,24.16,24.16,24.16,610.0,VIR
2023-03-16 14:29:00,24.15,24.15,24.135,24.135,487.0,VIR
2023-03-16 14:28:00,24.21,24.21,24.15,24.15,8156.0,VIR
2023-03-16 14:27:00,24.195,24.2,24.195,24.2,707.0,VIR
2023-03-16 14:26:00,24.21,24.21,24.195,24.195,1305.0,VIR
2023-03-16 14:25:00,24.22,24.22,24.21,24.21,572.0,VIR
2023-03-16 14:24:00,24.205,24.225,24.2,24.22,3493.0,VIR
2023-03-16 14:23:00,24.21,24.21,24.21,24.21,513.0,VIR
2023-03-16 14:22:00,24.202,24.21,24.202,24.21,1234.0,VIR
2023-03-16 14:21:00,24.21,24.21,24.1901,24.1901,1377.0,VIR
2023-03-16 14:20:00,24.2,24.2,24.2,24.2,528.0,VIR
2023-03-16 14:19:00,24.18,24.2,24.18,24.2,816.0,VIR
2023-03-16 14:18:00,24.18,24.19,24.18,24.185,970.0,VIR
2023-03-16 14:17:00,24.19,24.2099,24.18,24.19,3094.0,VIR
2023-03-16 14:16:00,24.175,24.18,24.175,24.18,1091.0,VIR
2023-03-16 14:15:00,24.175,24.18,24.17,24.18,1096.0,VIR
2023-03-16 14:14:00,24.17,24.18,24.17,24.18,366.0,VIR
2023-03-16 14:13:00,24.17,24.17,24.17,24.17,445.0,VIR
2023-03-16 14:12:00,24.17,24.17,24.17,24.17,641.0,VIR
2023-03-16 14:11:00,24.18,24.19,24.17,24.17,2789.0,VIR
2023-03-16 14:10:00,24.12,24.16,24.12,24.16,2090.0,VIR
2023-03-16 14:09:00,24.11,24.11,24.105,24.11,955.0,VIR
2023-03-16 14:08:00,24.11,24.11,24.1,24.11,1301.0,VIR
2023-03-16 14:07:00,24.11,24.11,24.1,24.1025,3381.0,VIR
2023-03-16 14:06:00,24.115,24.115,24.11,24.11,683.0,VIR
2023-03-16 14:05:00,24.11,24.13,24.11,24.125,540.0,VIR
2023-03-16 14:04:00,24.1,24.12,24.1,24.115,3214.0,VIR
2023-03-16 14:03:00,24.13,24.13,24.13,24.13,451.0,VIR
2023-03-16 14:02:00,24.125,24.125,24.12,24.12,434.0,VIR
2023-03-16 14:01:00,24.125,24.15,24.125,24.125,3334.0,VIR
2023-03-16 13:59:00,24.115,24.13,24.1,24.125,4166.0,VIR
2023-03-16 13:58:00,24.12,24.12,24.115,24.115,780.0,VIR
2023-03-16 13:57:00,24.12,24.13,24.1,24.115,638.0,VIR
2023-03-16 13:56:00,24.115,24.115,24.115,24.115,482.0,VIR
2023-03-16 13:55:00,24.12,24.12,24.12,24.12,177.0,VIR
2023-03-16 13:54:00,24.12,24.12,24.12,24.12,720.0,VIR
2023-03-16 13:53:00,24.11,24.14,24.11,24.14,676.0,VIR
2023-03-16 13:52:00,24.1049,24.13,24.1049,24.13,1064.0,VIR
2023-03-16 13:51:00,24.12,24.12,24.1,24.11,4303.0,VIR
2023-03-16 13:50:00,24.14,24.14,24.12,24.12,1173.0,VIR
2023-03-16 13:49:00,24.1325,24.15,24.125,24.1401,2301.0,VIR
2023-03-16 13:48:00,24.14,24.14,24.125,24.125,268.0,VIR
2023-03-16 13:47:00,24.13,24.13,24.13,24.13,535.0,VIR
2023-03-16 13:46:00,24.12,24.12,24.115,24.12,777.0,VIR
2023-03-16 13:45:00,24.13,24.14,24.13,24.14,716.0,VIR
2023-03-16 13:44:00,24.115,24.13,24.115,24.12,738.0,VIR
2023-03-16 13:43:00,24.115,24.12,24.11,24.115,2462.0,VIR
2023-03-16 13:42:00,24.1,24.1015,24.1,24.1015,1067.0,VIR
2023-03-16 13:41:00,24.11,24.12,24.095,24.1,1539.0,VIR
2023-03-16 13:40:00,24.12,24.12,24.1,24.12,3964.0,VIR
2023-03-16 13:39:00,24.13,24.15,24.13,24.135,2948.0,VIR
2023-03-16 13:38:00,24.115,24.125,24.115,24.12,459.0,VIR
2023-03-16 13:37:00,24.115,24.115,24.115,24.115,830.0,VIR
2023-03-16 13:36:00,24.1,24.1226,24.1,24.1226,655.0,VIR
2023-03-16 13:35:00,24.12,24.125,24.1001,24.1001,1226.0,VIR
2023-03-16 13:33:00,24.125,24.125,24.1,24.11,1021.0,VIR
2023-03-16 13:32:00,24.11,24.13,24.1,24.13,2036.0,VIR
2023-03-16 13:31:00,24.12,24.13,24.12,24.12,768.0,VIR
2023-03-16 13:30:00,24.11,24.13,24.1,24.13,2604.0,VIR
2023-03-16 13:28:00,24.12,24.14,24.12,24.14,600.0,VIR
2023-03-16 13:27:00,24.115,24.115,24.115,24.115,180.0,VIR
2023-03-16 13:26:00,24.15,24.16,24.14,24.14,3260.0,VIR
2023-03-16 13:25:00,24.13,24.15,24.13,24.15,1276.0,VIR
2023-03-16 13:24:00,24.115,24.13,24.115,24.13,620.0,VIR
2023-03-16 13:23:00,24.1,24.13,24.1,24.11,1033.0,VIR
2023-03-16 13:22:00,24.05,24.09,24.05,24.09,1004.0,VIR
2023-03-16 13:21:00,24.065,24.065,24.035,24.05,1262.0,VIR
2023-03-16 13:20:00,24.035,24.06,24.035,24.06,1399.0,VIR
2023-03-16 13:19:00,24.02,24.035,24.02,24.035,2108.0,VIR
2023-03-16 13:18:00,24.015,24.03,24.014,24.014,751.0,VIR
2023-03-16 13:17:00,24.02,24.04,24.015,24.015,565.0,VIR
2023-03-16 13:16:00,24.13,24.13,24.021,24.021,3828.0,VIR
2023-03-16 13:15:00,24.11,24.13,24.11,24.13,1042.0,VIR
2023-03-16 13:14:00,24.11,24.11,24.1,24.1,2000.0,VIR
2023-03-16 13:13:00,24.0801,24.11,24.0801,24.1,1304.0,VIR
2023-03-16 13:12:00,24.085,24.1,24.085,24.1,1987.0,VIR
2023-03-16 13:11:00,24.1,24.1,24.08,24.085,4472.0,VIR
2023-03-16 13:10:00,24.06,24.1,24.06,24.09,6192.0,VIR
2023-03-16 13:09:00,24.025,24.06,24.025,24.06,1529.0,VIR
2023-03-16 13:08:00,24.03,24.05,24.03,24.05,243.0,VIR
2023-03-16 13:07:00,23.96,24.01,23.96,24.01,6423.0,VIR
2023-03-16 13:06:00,23.95,23.965,23.94,23.95,1334.0,VIR
2023-03-16 13:05:00,23.99,23.99,23.97,23.98,1344.0,VIR
2023-03-16 13:04:00,23.97,24.015,23.97,23.99,8331.0,VIR
2023-03-16 13:03:00,23.99,23.99,23.97,23.98,776.0,VIR
2023-03-16 13:02:00,23.985,23.99,23.97,23.98,1504.0,VIR
2023-03-16 13:01:00,23.985,23.985,23.97,23.97,592.0,VIR
2023-03-16 13:00:00,23.96,23.99,23.955,23.99,5496.0,VIR
2023-03-16 12:59:00,23.97,23.9795,23.96,23.96,1332.0,VIR
2023-03-16 12:58:00,23.95,23.98,23.95,23.97,1864.0,VIR
2023-03-16 12:57:00,23.98,23.99,23.94,23.94,2285.0,VIR
2023-03-16 12:56:00,23.95,23.98,23.95,23.98,1210.0,VIR
2023-03-16 12:55:00,23.96,23.96,23.93,23.96,4511.0,VIR
2023-03-16 12:54:00,23.96,23.965,23.95,23.96,1340.0,VIR
2023-03-16 12:53:00,23.96,23.965,23.945,23.945,1024.0,VIR
2023-03-16 12:52:00,23.94,23.98,23.94,23.95,1683.0,VIR
2023-03-16 12:51:00,23.885,23.96,23.885,23.945,3343.0,VIR
2023-03-16 12:50:00,23.85,23.89,23.85,23.89,1766.0,VIR
2023-03-16 12:49:00,23.86,23.86,23.85,23.85,1516.0,VIR
2023-03-16 12:48:00,23.865,23.865,23.83,23.85,1975.0,VIR
2023-03-16 12:47:00,23.85,23.86,23.84,23.86,3006.0,VIR
2023-03-16 12:46:00,23.865,23.865,23.84,23.85,2666.0,VIR
2023-03-16 12:45:00,23.86,23.87,23.86,23.87,2274.0,VIR
2023-03-16 12:44:00,23.85,23.86,23.85,23.86,1325.0,VIR
2023-03-16 12:43:00,23.83,23.835,23.83,23.835,685.0,VIR
2023-03-16 12:42:00,23.83,23.85,23.83,23.85,1287.0,VIR
2023-03-16 12:41:00,23.84,23.84,23.825,23.825,797.0,VIR
2023-03-16 12:40:00,23.82,23.83,23.82,23.83,673.0,VIR
2023-03-16 12:39:00,23.77,23.79,23.77,23.79,2072.0,VIR
2023-03-16 12:38:00,23.8125,23.8125,23.75,23.76,1545.0,VIR
2023-03-16 12:37:00,23.8,23.8,23.79,23.79,460.0,VIR
2023-03-16 12:36:00,23.8,23.81,23.795,23.81,1060.0,VIR
2023-03-16 12:35:00,23.83,23.83,23.83,23.83,438.0,VIR
2023-03-16 12:34:00,23.72,23.79,23.72,23.785,4409.0,VIR
2023-03-16 12:33:00,23.71,23.74,23.71,23.74,400.0,VIR
2023-03-16 12:32:00,23.755,23.755,23.72,23.72,2257.0,VIR
2023-03-16 12:31:00,23.77,23.77,23.74,23.74,805.0,VIR
2023-03-16 12:30:00,23.79,23.79,23.76,23.76,1332.0,VIR
2023-03-16 12:29:00,23.83,23.83,23.8,23.8,3331.0,VIR
2023-03-16 12:28:00,23.85,23.86,23.84,23.84,716.0,VIR
2023-03-16 12:27:00,23.87,23.87,23.845,23.845,2087.0,VIR
2023-03-16 12:26:00,23.89,23.89,23.83,23.835,4729.0,VIR
2023-03-16 12:25:00,23.86,23.88,23.86,23.88,1809.0,VIR
2023-03-16 12:24:00,23.88,23.89,23.845,23.85,10930.0,VIR
2023-03-16 12:23:00,23.87,23.88,23.87,23.87,3078.0,VIR
2023-03-16 12:22:00,23.8,23.84,23.8,23.84,4975.0,VIR
2023-03-16 12:21:00,23.79,23.802,23.79,23.802,3660.0,VIR
2023-03-16 12:20:00,23.78,23.78,23.775,23.775,207.0,VIR
2023-03-16 12:19:00,23.76,23.77,23.76,23.77,420.0,VIR
2023-03-16 12:18:00,23.75,23.75,23.75,23.75,603.0,VIR
2023-03-16 12:17:00,23.73,23.75,23.725,23.75,2585.0,VIR
2023-03-16 12:16:00,23.7,23.72,23.7,23.72,2505.0,VIR
2023-03-16 12:15:00,23.665,23.7,23.665,23.7,444.0,VIR
2023-03-16 12:14:00,23.69,23.69,23.69,23.69,100.0,VIR
2023-03-16 12:13:00,23.69,23.69,23.66,23.66,1429.0,VIR
2023-03-16 12:12:00,23.73,23.73,23.7,23.7,830.0,VIR
2023-03-16 12:11:00,23.71,23.72,23.71,23.72,1026.0,VIR
2023-03-16 12:10:00,23.68,23.71,23.68,23.71,1268.0,VIR
2023-03-16 12:09:00,23.69,23.69,23.69,23.69,327.0,VIR
2023-03-16 12:08:00,23.7277,23.7277,23.7,23.7,1339.0,VIR
2023-03-16 12:07:00,23.74,23.74,23.72,23.72,1947.0,VIR
2023-03-16 12:06:00,23.76,23.76,23.73,23.73,1233.0,VIR
2023-03-16 12:05:00,23.73,23.74,23.73,23.74,624.0,VIR
2023-03-16 12:04:00,23.75,23.77,23.74,23.74,1580.0,VIR
2023-03-16 12:03:00,23.76,23.76,23.75,23.76,955.0,VIR
2023-03-16 12:02:00,23.79,23.79,23.79,23.79,184.0,VIR
2023-03-16 12:01:00,23.775,23.775,23.775,23.775,121.0,VIR
2023-03-16 12:00:00,23.82,23.82,23.765,23.765,1657.0,VIR
2023-03-16 11:59:00,23.805,23.81,23.79,23.8,534.0,VIR
2023-03-16 11:58:00,23.77,23.81,23.77,23.81,861.0,VIR
2023-03-16 11:57:00,23.77,23.78,23.75,23.77,1526.0,VIR
2023-03-16 11:56:00,23.75,23.76,23.74,23.76,1666.0,VIR
2023-03-16 11:55:00,23.73,23.74,23.73,23.74,1540.0,VIR
2023-03-16 11:54:00,23.72,23.72,23.71,23.71,878.0,VIR
2023-03-16 11:53:00,23.69,23.69,23.69,23.69,541.0,VIR
2023-03-16 11:52:00,23.7,23.7,23.7,23.7,148.0,VIR
2023-03-16 11:51:00,23.73,23.73,23.72,23.72,626.0,VIR
2023-03-16 11:50:00,23.76,23.76,23.73,23.74,937.0,VIR
2023-03-16 11:49:00,23.74,23.76,23.74,23.745,2257.0,VIR
2023-03-16 11:48:00,23.755,23.755,23.73,23.74,1523.0,VIR
2023-03-16 11:47:00,23.76,23.78,23.76,23.77,794.0,VIR
2023-03-16 11:46:00,23.84,23.84,23.77,23.77,1899.0,VIR
2023-03-16 11:45:00,23.7882,23.83,23.78,23.83,3192.0,VIR
2023-03-16 11:44:00,23.82,23.825,23.8,23.8,7821.0,VIR
2023-03-16 11:43:00,23.82,23.825,23.8,23.805,5645.0,VIR
2023-03-16 11:42:00,23.82,23.82,23.8,23.805,840.0,VIR
2023-03-16 11:41:00,23.84,23.86,23.82,23.83,1436.0,VIR
2023-03-16 11:40:00,23.87,23.87,23.83,23.83,848.0,VIR
2023-03-16 11:39:00,23.81,23.87,23.8,23.87,2780.0,VIR
2023-03-16 11:38:00,23.81,23.81,23.81,23.81,903.0,VIR
2023-03-16 11:37:00,23.8,23.825,23.8,23.825,2679.0,VIR
2023-03-16 11:36:00,23.8,23.8,23.785,23.785,504.0,VIR
2023-03-16 11:35:00,23.79,23.79,23.77,23.775,1021.0,VIR
2023-03-16 11:34:00,23.81,23.815,23.8,23.8,1351.0,VIR
2023-03-16 11:33:00,23.81,23.82,23.8,23.82,844.0,VIR
2023-03-16 11:32:00,23.82,23.83,23.82,23.83,592.0,VIR
2023-03-16 11:31:00,23.85,23.85,23.85,23.85,128.0,VIR
2023-03-16 11:30:00,23.86,23.86,23.82,23.82,1051.0,VIR
2023-03-16 11:29:00,23.87,23.87,23.84,23.84,1742.0,VIR
2023-03-16 11:27:00,23.84,23.89,23.83,23.835,4156.0,VIR
2023-03-16 11:26:00,23.83,23.83,23.83,23.83,277.0,VIR
2023-03-16 11:25:00,23.79,23.81,23.79,23.805,728.0,VIR
2023-03-16 11:24:00,23.82,23.82,23.76,23.78,1895.0,VIR
2023-03-16 11:23:00,23.81,23.82,23.8,23.8,2036.0,VIR
2023-03-16 11:22:00,23.79,23.79,23.79,23.79,412.0,VIR
2023-03-16 11:21:00,23.78,23.79,23.77,23.78,2107.0,VIR
2023-03-16 11:20:00,23.8,23.81,23.795,23.8,2206.0,VIR
2023-03-16 11:19:00,23.82,23.82,23.82,23.82,532.0,VIR
2023-03-16 11:18:00,23.75,23.81,23.75,23.81,2415.0,VIR
2023-03-16 11:17:00,23.75,23.755,23.75,23.755,905.0,VIR
2023-03-16 11:16:00,23.73,23.745,23.73,23.745,514.0,VIR
2023-03-16 11:15:00,23.68,23.74,23.68,23.74,1673.0,VIR
2023-03-16 11:14:00,23.7,23.715,23.68,23.7,1916.0,VIR
2023-03-16 11:13:00,23.72,23.72,23.7,23.7,918.0,VIR
2023-03-16 11:12:00,23.75,23.75,23.71,23.7325,753.0,VIR
2023-03-16 11:11:00,23.74,23.74,23.74,23.74,499.0,VIR
2023-03-16 11:10:00,23.71,23.71,23.71,23.71,455.0,VIR
2023-03-16 11:09:00,23.65,23.735,23.65,23.73,2029.0,VIR
2023-03-16 11:08:00,23.66,23.66,23.66,23.66,664.0,VIR
2023-03-16 11:07:00,23.66,23.66,23.64,23.64,607.0,VIR
2023-03-16 11:06:00,23.595,23.64,23.595,23.63,2002.0,VIR
2023-03-16 11:05:00,23.59,23.59,23.59,23.59,127.0,VIR
2023-03-16 11:04:00,23.6,23.6,23.6,23.6,2239.0,VIR
2023-03-16 11:03:00,23.62,23.62,23.59,23.6,1183.0,VIR
2023-03-16 11:02:00,23.6,23.64,23.6,23.62,3392.0,VIR
2023-03-16 11:01:00,23.625,23.64,23.625,23.64,248.0,VIR
2023-03-16 11:00:00,23.64,23.64,23.635,23.64,1259.0,VIR
2023-03-16 10:59:00,23.69,23.69,23.64,23.65,3270.0,VIR
2023-03-16 10:57:00,23.745,23.745,23.74,23.74,904.0,VIR
2023-03-16 10:56:00,23.71,23.75,23.71,23.73,1468.0,VIR
2023-03-16 10:55:00,23.685,23.7,23.68,23.7,3349.0,VIR
2023-03-16 10:54:00,23.66,23.7,23.65,23.685,2698.0,VIR
2023-03-16 10:53:00,23.64,23.66,23.64,23.655,1387.0,VIR
2023-03-16 10:52:00,23.6525,23.66,23.64,23.66,779.0,VIR
2023-03-16 10:51:00,23.67,23.67,23.64,23.65,1336.0,VIR
2023-03-16 10:50:00,23.664,23.664,23.62,23.621,1518.0,VIR
2023-03-16 10:49:00,23.59,23.64,23.59,23.64,1302.0,VIR
2023-03-16 10:48:00,23.46,23.56,23.46,23.54,3986.0,VIR
2023-03-16 10:47:00,23.57,23.57,23.47,23.47,2668.0,VIR
2023-03-16 10:46:00,23.59,23.59,23.59,23.59,157.0,VIR
2023-03-16 10:45:00,23.58,23.58,23.58,23.58,675.0,VIR
2023-03-16 10:44:00,23.62,23.62,23.59,23.59,2132.0,VIR
2023-03-16 10:43:00,23.65,23.66,23.645,23.645,710.0,VIR
2023-03-16 10:42:00,23.62,23.655,23.62,23.65,2261.0,VIR
2023-03-16 10:41:00,23.65,23.65,23.61,23.61,2216.0,VIR
2023-03-16 10:40:00,23.64,23.64,23.64,23.64,1138.0,VIR
2023-03-16 10:39:00,23.65,23.66,23.65,23.66,990.0,VIR
2023-03-16 10:38:00,23.651,23.66,23.63,23.64,2221.0,VIR
2023-03-16 10:37:00,23.64,23.66,23.64,23.65,2130.0,VIR
2023-03-16 10:36:00,23.65,23.6625,23.64,23.66,787.0,VIR
2023-03-16 10:35:00,23.675,23.675,23.65,23.655,2484.0,VIR
2023-03-16 10:34:00,23.67,23.6899,23.67,23.6899,638.0,VIR
2023-03-16 10:32:00,23.62,23.655,23.62,23.65,2540.0,VIR
2023-03-16 10:31:00,23.62,23.62,23.6,23.62,951.0,VIR
2023-03-16 10:30:00,23.61,23.61,23.6,23.604,750.0,VIR
2023-03-16 10:29:00,23.585,23.63,23.585,23.63,1684.0,VIR
2023-03-16 10:28:00,23.58,23.59,23.58,23.59,661.0,VIR
2023-03-16 10:27:00,23.655,23.655,23.6,23.605,1904.0,VIR
2023-03-16 10:26:00,23.6,23.63,23.58,23.63,3447.0,VIR
2023-03-16 10:25:00,23.56,23.57,23.56,23.57,1165.0,VIR
2023-03-16 10:24:00,23.53,23.56,23.53,23.56,2337.0,VIR
2023-03-16 10:23:00,23.51,23.53,23.51,23.515,836.0,VIR
2023-03-16 10:22:00,23.54,23.54,23.52,23.53,2475.0,VIR
2023-03-16 10:21:00,23.56,23.56,23.545,23.55,804.0,VIR
2023-03-16 10:20:00,23.545,23.545,23.545,23.545,845.0,VIR
2023-03-16 10:19:00,23.525,23.545,23.525,23.545,1122.0,VIR
2023-03-16 10:18:00,23.5101,23.5101,23.51,23.51,1575.0,VIR
2023-03-16 10:17:00,23.49,23.53,23.47,23.522,2576.0,VIR
2023-03-16 10:16:00,23.5,23.5,23.5,23.5,271.0,VIR
2023-03-16 10:15:00,23.5,23.505,23.49,23.505,1147.0,VIR
2023-03-16 10:14:00,23.48,23.51,23.48,23.51,1369.0,VIR
2023-03-16 10:13:00,23.48,23.48,23.46,23.46,1727.0,VIR
2023-03-16 10:12:00,23.43,23.45,23.43,23.45,986.0,VIR
2023-03-16 10:11:00,23.43,23.46,23.415,23.43,4098.0,VIR
2023-03-16 10:10:00,23.45,23.5,23.39,23.43,15266.0,VIR
2023-03-16 10:09:00,23.45,23.49,23.41,23.45,7347.0,VIR
2023-03-16 10:08:00,23.4,23.43,23.4,23.43,1086.0,VIR
2023-03-16 10:07:00,23.35,23.44,23.35,23.44,4410.0,VIR
2023-03-16 10:06:00,23.395,23.4,23.36,23.36,1085.0,VIR
2023-03-16 10:05:00,23.4,23.4,23.4,23.4,1543.0,VIR
2023-03-16 10:04:00,23.5,23.5,23.4,23.4,3805.0,VIR
2023-03-16 10:03:00,23.495,23.52,23.47,23.485,6452.0,VIR
2023-03-16 10:02:00,23.48,23.51,23.48,23.51,3021.0,VIR
2023-03-16 10:01:00,23.59,23.59,23.5,23.54,12579.0,VIR
2023-03-16 10:00:00,23.59,23.6,23.59,23.595,1153.0,VIR
2023-03-16 09:59:00,23.57,23.585,23.57,23.585,1149.0,VIR
2023-03-16 09:58:00,23.59,23.59,23.59,23.59,611.0,VIR
2023-03-16 09:57:00,23.54,23.56,23.54,23.56,642.0,VIR
2023-03-16 09:56:00,23.55,23.55,23.55,23.55,569.0,VIR
2023-03-16 09:55:00,23.54,23.54,23.54,23.54,416.0,VIR
2023-03-16 09:54:00,23.49,23.49,23.49,23.49,794.0,VIR
2023-03-16 09:53:00,23.43,23.49,23.42,23.48,3488.0,VIR
2023-03-16 09:52:00,23.42,23.44,23.42,23.44,2133.0,VIR
2023-03-16 09:51:00,23.405,23.45,23.405,23.44,1487.0,VIR
2023-03-16 09:50:00,23.34,23.44,23.34,23.44,3854.0,VIR
2023-03-16 09:49:00,23.37,23.37,23.33,23.33,281.0,VIR
2023-03-16 09:48:00,23.35,23.365,23.35,23.365,529.0,VIR
2023-03-16 09:47:00,23.35,23.4,23.35,23.4,509.0,VIR
2023-03-16 09:45:00,23.42,23.42,23.42,23.42,178.0,VIR
2023-03-16 09:44:00,23.42,23.44,23.42,23.44,447.0,VIR
2023-03-16 09:43:00,23.4,23.46,23.4,23.43,1757.0,VIR
2023-03-16 09:42:00,23.371,23.4,23.37,23.4,900.0,VIR
2023-03-16 09:41:00,23.45,23.49,23.39,23.4,3430.0,VIR
2023-03-16 09:40:00,23.42,23.44,23.42,23.43,694.0,VIR
2023-03-16 09:39:00,23.33,23.4,23.33,23.4,1083.0,VIR
2023-03-16 09:38:00,23.285,23.29,23.285,23.29,547.0,VIR
2023-03-16 09:37:00,23.29,23.32,23.28,23.32,1437.0,VIR
2023-03-16 09:35:00,23.2,23.3,23.16,23.3,3660.0,VIR
2023-03-16 09:34:00,23.3204,23.3204,23.28,23.28,491.0,VIR
2023-03-16 09:33:00,23.365,23.365,23.35,23.35,603.0,VIR
2023-03-16 09:32:00,23.335,23.44,23.335,23.36,1014.0,VIR
2023-03-16 09:31:00,23.52,23.52,23.345,23.345,14802.0,VIR
2023-03-16 09:30:00,23.39,23.39,23.39,23.39,198.0,VIR
2023-03-16 09:29:00,23.4,23.4,23.06,23.37,1187.0,VIR
2023-03-16 08:44:00,23.06,23.06,23.06,23.06,100.0,VIR
2023-03-16 07:01:00,23.04,23.04,23.04,23.04,108.0,VIR
2023-03-15 19:58:00,23.06,23.06,23.06,23.06,200.0,VIR
2023-03-15 16:03:00,23.52,23.52,23.52,23.52,5206.0,VIR
2023-03-15 16:02:00,23.52,23.52,23.52,23.52,5272.0,VIR
2023-03-15 16:01:00,23.52,23.52,23.52,23.52,26208.0,VIR
2023-03-15 16:00:00,23.46,23.55,23.45,23.55,21966.0,VIR
2023-03-15 15:59:00,23.495,23.51,23.46,23.47,12230.0,VIR
2023-03-15 15:58:00,23.495,23.5,23.48,23.49,7888.0,VIR
2023-03-15 15:57:00,23.485,23.505,23.47,23.5,8660.0,VIR
2023-03-15 15:56:00,23.48,23.509,23.47,23.48,11347.0,VIR
2023-03-15 15:55:00,23.4,23.49,23.4,23.46,10383.0,VIR
2023-03-15 15:54:00,23.38,23.41,23.36,23.4,8090.0,VIR
2023-03-15 15:53:00,23.395,23.41,23.38,23.38,3926.0,VIR
2023-03-15 15:52:00,23.43,23.43,23.395,23.395,2254.0,VIR
2023-03-15 15:51:00,23.47,23.47,23.425,23.43,7313.0,VIR
2023-03-15 15:50:00,23.49,23.49,23.47,23.48,1186.0,VIR
2023-03-15 15:49:00,23.525,23.525,23.52,23.52,1431.0,VIR
2023-03-15 15:48:00,23.49,23.53,23.49,23.53,2267.0,VIR
2023-03-15 15:47:00,23.51,23.51,23.49,23.49,2139.0,VIR
2023-03-15 15:46:00,23.52,23.52,23.495,23.51,2161.0,VIR
2023-03-15 15:45:00,23.46,23.54,23.46,23.54,4035.0,VIR
2023-03-15 15:44:00,23.45,23.48,23.45,23.46,2264.0,VIR
2023-03-15 15:43:00,23.48,23.48,23.435,23.45,4011.0,VIR
2023-03-15 15:42:00,23.49,23.52,23.48,23.48,2117.0,VIR
2023-03-15 15:41:00,23.51,23.51,23.485,23.49,1842.0,VIR
2023-03-15 15:40:00,23.44,23.53,23.44,23.51,6532.0,VIR
2023-03-15 15:39:00,23.44,23.45,23.43,23.44,2210.0,VIR
2023-03-15 15:38:00,23.45,23.45,23.44,23.44,1263.0,VIR
2023-03-15 15:37:00,23.45,23.47,23.45,23.45,1868.0,VIR
2023-03-15 15:36:00,23.45,23.45,23.415,23.44,3184.0,VIR
2023-03-15 15:35:00,23.48,23.49,23.45,23.45,1606.0,VIR
2023-03-15 15:34:00,23.465,23.48,23.465,23.4752,1822.0,VIR
2023-03-15 15:33:00,23.51,23.515,23.47,23.47,1372.0,VIR
2023-03-15 15:32:00,23.51,23.53,23.5,23.51,1489.0,VIR
2023-03-15 15:31:00,23.49,23.53,23.485,23.52,2886.0,VIR
2023-03-15 15:30:00,23.5,23.51,23.49,23.51,1696.0,VIR
2023-03-15 15:29:00,23.525,23.525,23.48,23.49,1351.0,VIR
2023-03-15 15:28:00,23.525,23.54,23.52,23.53,2160.0,VIR
2023-03-15 15:27:00,23.54,23.54,23.49,23.52,2398.0,VIR
2023-03-15 15:26:00,23.54,23.54,23.53,23.53,1805.0,VIR
2023-03-15 15:25:00,23.56,23.57,23.54,23.54,1132.0,VIR
2023-03-15 15:24:00,23.54,23.54,23.54,23.54,921.0,VIR
2023-03-15 15:23:00,23.53,23.535,23.52,23.535,1090.0,VIR
2023-03-15 15:22:00,23.5,23.55,23.5,23.515,2704.0,VIR
2023-03-15 15:21:00,23.48,23.5,23.48,23.5,2306.0,VIR
2023-03-15 15:20:00,23.52,23.52,23.51,23.51,1054.0,VIR
2023-03-15 15:19:00,23.55,23.55,23.53,23.53,1301.0,VIR
2023-03-15 15:18:00,23.54,23.57,23.54,23.57,617.0,VIR
2023-03-15 15:17:00,23.54,23.57,23.54,23.57,803.0,VIR
2023-03-15 15:16:00,23.51,23.54,23.51,23.53,1869.0,VIR
2023-03-15 15:15:00,23.475,23.49,23.47,23.49,765.0,VIR
2023-03-15 15:14:00,23.48,23.48,23.47,23.47,990.0,VIR
2023-03-15 15:13:00,23.48,23.51,23.48,23.49,1380.0,VIR
2023-03-15 15:12:00,23.47,23.47,23.47,23.47,189.0,VIR
2023-03-15 15:11:00,23.42,23.48,23.42,23.48,2417.0,VIR
2023-03-15 15:10:00,23.49,23.5,23.46,23.46,2237.0,VIR
2023-03-15 15:09:00,23.54,23.54,23.49,23.495,1415.0,VIR
2023-03-15 15:08:00,23.52,23.56,23.52,23.56,1465.0,VIR
2023-03-15 15:07:00,23.45,23.46,23.445,23.46,1588.0,VIR
2023-03-15 15:06:00,23.42,23.46,23.41,23.46,2177.0,VIR
2023-03-15 15:05:00,23.41,23.45,23.41,23.435,1698.0,VIR
2023-03-15 15:04:00,23.465,23.465,23.4,23.4,1552.0,VIR
2023-03-15 15:03:00,23.51,23.51,23.465,23.465,1537.0,VIR
2023-03-15 15:02:00,23.5,23.51,23.5,23.51,580.0,VIR
2023-03-15 15:01:00,23.51,23.51,23.48,23.49,1604.0,VIR
2023-03-15 15:00:00,23.5,23.5,23.5,23.5,441.0,VIR
2023-03-15 14:59:00,23.51,23.52,23.48,23.49,4496.0,VIR
2023-03-15 14:58:00,23.54,23.54,23.49,23.49,2558.0,VIR
2023-03-15 14:57:00,23.54,23.58,23.54,23.58,1145.0,VIR
2023-03-15 14:56:00,23.6,23.615,23.58,23.58,2713.0,VIR
2023-03-15 14:55:00,23.62,23.62,23.591,23.595,2102.0,VIR
2023-03-15 14:54:00,23.62,23.62,23.62,23.62,1052.0,VIR
2023-03-15 14:53:00,23.62,23.62,23.605,23.605,335.0,VIR
2023-03-15 14:52:00,23.59,23.61,23.59,23.61,3433.0,VIR
2023-03-15 14:51:00,23.63,23.635,23.575,23.59,3442.0,VIR
2023-03-15 14:50:00,23.675,23.675,23.61,23.61,2321.0,VIR
2023-03-15 14:49:00,23.69,23.69,23.67,23.675,997.0,VIR
2023-03-15 14:48:00,23.695,23.7,23.695,23.7,555.0,VIR
2023-03-15 14:47:00,23.7,23.7,23.7,23.7,390.0,VIR
2023-03-15 14:46:00,23.71,23.71,23.69,23.69,552.0,VIR
2023-03-15 14:45:00,23.721,23.721,23.72,23.72,800.0,VIR
2023-03-15 14:44:00,23.74,23.75,23.74,23.74,613.0,VIR
2023-03-15 14:43:00,23.72,23.74,23.72,23.74,750.0,VIR
2023-03-15 14:42:00,23.75,23.75,23.74,23.74,814.0,VIR
2023-03-15 14:41:00,23.725,23.74,23.725,23.74,1516.0,VIR
2023-03-15 14:40:00,23.755,23.76,23.721,23.721,1610.0,VIR
2023-03-15 14:39:00,23.73,23.755,23.73,23.75,902.0,VIR
2023-03-15 14:38:00,23.7,23.735,23.7,23.73,1375.0,VIR
2023-03-15 14:37:00,23.66,23.7,23.66,23.7,1515.0,VIR
2023-03-15 14:36:00,23.69,23.695,23.6301,23.645,1591.0,VIR
2023-03-15 14:35:00,23.695,23.72,23.69,23.69,1547.0,VIR
2023-03-15 14:34:00,23.72,23.72,23.69,23.695,1565.0,VIR
2023-03-15 14:33:00,23.765,23.765,23.73,23.74,858.0,VIR
2023-03-15 14:32:00,23.74,23.77,23.715,23.77,2447.0,VIR
2023-03-15 14:31:00,23.72,23.75,23.705,23.74,1968.0,VIR
2023-03-15 14:30:00,23.75,23.76,23.7,23.7,929.0,VIR
2023-03-15 14:29:00,23.76,23.79,23.74,23.7642,2955.0,VIR
2023-03-15 14:28:00,23.73,23.79,23.72,23.78,5426.0,VIR
2023-03-15 14:27:00,23.69,23.73,23.69,23.725,1581.0,VIR
2023-03-15 14:26:00,23.7,23.7,23.675,23.69,1570.0,VIR
2023-03-15 14:25:00,23.695,23.72,23.695,23.71,2167.0,VIR
2023-03-15 14:24:00,23.675,23.69,23.675,23.69,746.0,VIR
2023-03-15 14:23:00,23.675,23.675,23.675,23.675,244.0,VIR
2023-03-15 14:22:00,23.66,23.71,23.66,23.66,2629.0,VIR
2023-03-15 14:21:00,23.655,23.66,23.645,23.66,470.0,VIR
2023-03-15 14:20:00,23.64,23.6508,23.635,23.6508,1472.0,VIR
2023-03-15 14:19:00,23.61,23.63,23.61,23.63,1149.0,VIR
2023-03-15 14:18:00,23.625,23.625,23.61,23.61,647.0,VIR
2023-03-15 14:17:00,23.61,23.62,23.61,23.62,968.0,VIR
2023-03-15 14:16:00,23.63,23.63,23.61,23.61,1000.0,VIR
2023-03-15 14:15:00,23.635,23.65,23.635,23.65,786.0,VIR
2023-03-15 14:14:00,23.62,23.635,23.62,23.635,1216.0,VIR
2023-03-15 14:12:00,23.64,23.655,23.63,23.63,2447.0,VIR
2023-03-15 14:11:00,23.6218,23.64,23.6218,23.64,1284.0,VIR
2023-03-15 14:10:00,23.65,23.65,23.62,23.62,805.0,VIR
2023-03-15 14:09:00,23.7,23.7,23.69,23.695,888.0,VIR
2023-03-15 14:08:00,23.7,23.71,23.7,23.71,1609.0,VIR
2023-03-15 14:07:00,23.695,23.695,23.695,23.695,475.0,VIR
2023-03-15 14:06:00,23.68,23.71,23.655,23.71,3538.0,VIR
2023-03-15 14:05:00,23.675,23.685,23.675,23.68,1157.0,VIR
2023-03-15 14:04:00,23.675,23.69,23.675,23.68,1057.0,VIR
2023-03-15 14:03:00,23.675,23.675,23.675,23.675,134.0,VIR
2023-03-15 14:02:00,23.735,23.735,23.71,23.71,1100.0,VIR
2023-03-15 14:01:00,23.745,23.745,23.73,23.735,835.0,VIR
2023-03-15 14:00:00,23.74,23.74,23.74,23.74,996.0,VIR
2023-03-15 13:59:00,23.77,23.77,23.745,23.745,1402.0,VIR
2023-03-15 13:58:00,23.79,23.81,23.76,23.76,712.0,VIR
2023-03-15 13:57:00,23.82,23.82,23.8,23.8,1483.0,VIR
2023-03-15 13:56:00,23.79,23.82,23.7882,23.815,1458.0,VIR
2023-03-15 13:55:00,23.79,23.79,23.77,23.79,1205.0,VIR
2023-03-15 13:54:00,23.775,23.775,23.761,23.761,318.0,VIR
2023-03-15 13:53:00,23.78,23.79,23.765,23.78,953.0,VIR
2023-03-15 13:52:00,23.73,23.75,23.73,23.75,786.0,VIR
2023-03-15 13:51:00,23.69,23.7,23.69,23.7,962.0,VIR
2023-03-15 13:50:00,23.635,23.65,23.635,23.65,928.0,VIR
2023-03-15 13:48:00,23.61,23.62,23.61,23.61,1839.0,VIR
2023-03-15 13:47:00,23.62,23.62,23.6,23.61,2134.0,VIR
2023-03-15 13:46:00,23.635,23.65,23.635,23.65,377.0,VIR
2023-03-15 13:45:00,23.65,23.65,23.635,23.635,657.0,VIR
2023-03-15 13:44:00,23.66,23.66,23.66,23.66,130.0,VIR
2023-03-15 13:43:00,23.59,23.63,23.59,23.63,1511.0,VIR
2023-03-15 13:42:00,23.65,23.65,23.59,23.59,2493.0,VIR
2023-03-15 13:41:00,23.625,23.66,23.625,23.66,2016.0,VIR
2023-03-15 13:40:00,23.65,23.65,23.63,23.63,590.0,VIR
2023-03-15 13:39:00,23.7,23.7,23.7,23.7,241.0,VIR
2023-03-15 13:38:00,23.74,23.74,23.695,23.695,1053.0,VIR
2023-03-15 13:37:00,23.76,23.76,23.74,23.74,575.0,VIR
2023-03-15 13:36:00,23.77,23.78,23.765,23.765,1105.0,VIR
2023-03-15 13:35:00,23.74,23.77,23.73,23.77,2054.0,VIR
2023-03-15 13:34:00,23.74,23.74,23.71,23.73,1974.0,VIR
2023-03-15 13:33:00,23.75,23.76,23.75,23.76,445.0,VIR
2023-03-15 13:32:00,23.76,23.76,23.74,23.745,2899.0,VIR
2023-03-15 13:31:00,23.78,23.78,23.77,23.77,326.0,VIR
2023-03-15 13:30:00,23.77,23.79,23.77,23.775,1710.0,VIR
2023-03-15 13:29:00,23.75,23.765,23.75,23.765,917.0,VIR
2023-03-15 13:28:00,23.725,23.74,23.725,23.74,1852.0,VIR
2023-03-15 13:27:00,23.73,23.73,23.73,23.73,435.0,VIR
2023-03-15 13:26:00,23.72,23.75,23.72,23.75,694.0,VIR
2023-03-15 13:25:00,23.7167,23.7167,23.71,23.71,424.0,VIR
2023-03-15 13:24:00,23.68,23.73,23.68,23.73,1543.0,VIR
2023-03-15 13:23:00,23.66,23.67,23.66,23.67,1587.0,VIR
2023-03-15 13:22:00,23.66,23.6699,23.65,23.66,2685.0,VIR
2023-03-15 13:21:00,23.66,23.66,23.66,23.66,611.0,VIR
2023-03-15 13:20:00,23.66,23.66,23.66,23.66,380.0,VIR
2023-03-15 13:19:00,23.615,23.64,23.615,23.64,899.0,VIR
2023-03-15 13:18:00,23.66,23.66,23.63,23.63,1414.0,VIR
2023-03-15 13:17:00,23.65,23.6837,23.65,23.66,1528.0,VIR
2023-03-15 13:16:00,23.67,23.67,23.6307,23.645,1906.0,VIR
2023-03-15 13:15:00,23.65,23.65,23.64,23.64,1114.0,VIR
2023-03-15 13:14:00,23.64,23.65,23.64,23.65,771.0,VIR
2023-03-15 13:13:00,23.61,23.66,23.61,23.63,3623.0,VIR
2023-03-15 13:12:00,23.595,23.6099,23.59,23.6099,1594.0,VIR
2023-03-15 13:11:00,23.58,23.595,23.58,23.595,1171.0,VIR
2023-03-15 13:10:00,23.56,23.58,23.56,23.575,3622.0,VIR
2023-03-15 13:09:00,23.5796,23.58,23.561,23.57,712.0,VIR
2023-03-15 13:08:00,23.56,23.57,23.55,23.57,4841.0,VIR
2023-03-15 13:07:00,23.57,23.57,23.57,23.57,125.0,VIR
2023-03-15 13:06:00,23.55,23.58,23.55,23.55,1365.0,VIR
2023-03-15 13:05:00,23.45,23.47,23.45,23.47,1635.0,VIR
2023-03-15 13:04:00,23.445,23.445,23.44,23.44,1002.0,VIR
2023-03-15 13:03:00,23.4401,23.46,23.4401,23.46,761.0,VIR
2023-03-15 13:02:00,23.46,23.46,23.46,23.46,100.0,VIR
2023-03-15 13:01:00,23.44,23.45,23.44,23.45,447.0,VIR
2023-03-15 13:00:00,23.42,23.4365,23.42,23.4365,1027.0,VIR
2023-03-15 12:59:00,23.4165,23.4165,23.4165,23.4165,686.0,VIR
2023-03-15 12:58:00,23.38,23.38,23.365,23.38,1537.0,VIR
2023-03-15 12:57:00,23.37,23.395,23.36,23.39,2790.0,VIR
2023-03-15 12:56:00,23.37,23.38,23.37,23.38,616.0,VIR
2023-03-15 12:55:00,23.345,23.38,23.345,23.38,2029.0,VIR
2023-03-15 12:54:00,23.34,23.35,23.34,23.35,516.0,VIR
2023-03-15 12:53:00,23.4,23.4,23.36,23.36,1290.0,VIR
2023-03-15 12:52:00,23.36,23.4,23.35,23.4,2226.0,VIR
2023-03-15 12:51:00,23.4,23.405,23.38,23.38,1804.0,VIR
2023-03-15 12:50:00,23.4,23.41,23.39,23.41,842.0,VIR
2023-03-15 12:49:00,23.39,23.4,23.37,23.4,1534.0,VIR
2023-03-15 12:48:00,23.35,23.37,23.35,23.37,6956.0,VIR
2023-03-15 12:47:00,23.35,23.35,23.35,23.35,306.0,VIR
2023-03-15 12:46:00,23.32,23.35,23.32,23.35,3014.0,VIR
2023-03-15 12:45:00,23.315,23.315,23.31,23.31,478.0,VIR
2023-03-15 12:44:00,23.35,23.35,23.31,23.31,2354.0,VIR
2023-03-15 12:43:00,23.35,23.35,23.35,23.35,165.0,VIR
2023-03-15 12:42:00,23.34,23.34,23.34,23.34,971.0,VIR
2023-03-15 12:41:00,23.36,23.37,23.355,23.37,1360.0,VIR
2023-03-15 12:40:00,23.35,23.35,23.35,23.35,726.0,VIR
2023-03-15 12:39:00,23.395,23.395,23.35,23.36,1664.0,VIR
2023-03-15 12:38:00,23.42,23.42,23.4,23.405,1137.0,VIR
2023-03-15 12:37:00,23.455,23.46,23.455,23.46,328.0,VIR
2023-03-15 12:36:00,23.47,23.49,23.47,23.49,1258.0,VIR
2023-03-15 12:35:00,23.48,23.48,23.46,23.46,607.0,VIR
2023-03-15 12:34:00,23.52,23.52,23.48,23.4812,1274.0,VIR
2023-03-15 12:33:00,23.51,23.52,23.51,23.52,657.0,VIR
2023-03-15 12:32:00,23.5,23.5,23.49,23.49,2143.0,VIR
2023-03-15 12:31:00,23.48,23.49,23.48,23.49,1990.0,VIR
2023-03-15 12:30:00,23.49,23.5,23.48,23.48,938.0,VIR
2023-03-15 12:29:00,23.45,23.475,23.45,23.475,1210.0,VIR
2023-03-15 12:28:00,23.44,23.4406,23.44,23.4406,243.0,VIR
2023-03-15 12:27:00,23.44,23.44,23.41,23.42,2091.0,VIR
2023-03-15 12:25:00,23.45,23.45,23.44,23.445,466.0,VIR
2023-03-15 12:24:00,23.465,23.465,23.44,23.46,1574.0,VIR
2023-03-15 12:23:00,23.47,23.47,23.47,23.47,1230.0,VIR
2023-03-15 12:22:00,23.46,23.47,23.46,23.47,496.0,VIR
2023-03-15 12:21:00,23.44,23.46,23.44,23.46,2109.0,VIR
2023-03-15 12:20:00,23.46,23.46,23.44,23.44,745.0,VIR
2023-03-15 12:19:00,23.46,23.48,23.46,23.48,405.0,VIR
2023-03-15 12:18:00,23.46,23.51,23.46,23.485,1006.0,VIR
2023-03-15 12:17:00,23.465,23.465,23.44,23.445,1123.0,VIR
2023-03-15 12:16:00,23.405,23.45,23.405,23.45,3733.0,VIR
2023-03-15 12:15:00,23.42,23.43,23.42,23.42,825.0,VIR
2023-03-15 12:14:00,23.44,23.44,23.42,23.43,466.0,VIR
2023-03-15 12:11:00,23.44,23.455,23.44,23.445,1890.0,VIR
2023-03-15 12:10:00,23.46,23.46,23.44,23.45,749.0,VIR
2023-03-15 12:09:00,23.41,23.455,23.41,23.455,1364.0,VIR
2023-03-15 12:08:00,23.42,23.42,23.42,23.42,560.0,VIR
2023-03-15 12:07:00,23.43,23.44,23.425,23.44,897.0,VIR
2023-03-15 12:06:00,23.43,23.44,23.415,23.43,2307.0,VIR
2023-03-15 12:05:00,23.5,23.5,23.44,23.44,3793.0,VIR
2023-03-15 12:04:00,23.52,23.52,23.51,23.51,363.0,VIR
2023-03-15 12:03:00,23.49,23.49,23.49,23.49,596.0,VIR
2023-03-15 12:02:00,23.5,23.5,23.48,23.49,1905.0,VIR
2023-03-15 12:01:00,23.48,23.5,23.48,23.5,1091.0,VIR
2023-03-15 12:00:00,23.46,23.46,23.45,23.45,1236.0,VIR
2023-03-15 11:59:00,23.46,23.46,23.43,23.45,1986.0,VIR
2023-03-15 11:58:00,23.45,23.47,23.45,23.46,950.0,VIR
2023-03-15 11:57:00,23.44,23.445,23.44,23.445,1515.0,VIR
2023-03-15 11:56:00,23.44,23.44,23.43,23.43,913.0,VIR
2023-03-15 11:55:00,23.455,23.465,23.44,23.44,1291.0,VIR
2023-03-15 11:54:00,23.44,23.45,23.431,23.45,1428.0,VIR
2023-03-15 11:53:00,23.485,23.485,23.44,23.44,1244.0,VIR
2023-03-15 11:52:00,23.49,23.49,23.49,23.49,212.0,VIR
2023-03-15 11:51:00,23.53,23.535,23.49,23.49,1059.0,VIR
2023-03-15 11:50:00,23.49,23.56,23.49,23.535,2159.0,VIR
2023-03-15 11:49:00,23.48,23.48,23.46,23.48,2258.0,VIR
2023-03-15 11:48:00,23.45,23.49,23.45,23.47,1118.0,VIR
2023-03-15 11:47:00,23.45,23.45,23.45,23.45,210.0,VIR
2023-03-15 11:46:00,23.475,23.48,23.45,23.46,1313.0,VIR
2023-03-15 11:45:00,23.48,23.48,23.475,23.475,339.0,VIR
2023-03-15 11:44:00,23.455,23.485,23.45,23.465,2512.0,VIR
2023-03-15 11:43:00,23.4679,23.4731,23.46,23.46,936.0,VIR
2023-03-15 11:42:00,23.47,23.5,23.47,23.5,597.0,VIR
2023-03-15 11:41:00,23.4,23.41,23.4,23.41,1241.0,VIR
2023-03-15 11:40:00,23.4,23.42,23.3994,23.42,1488.0,VIR
2023-03-15 11:39:00,23.33,23.4,23.33,23.4,3163.0,VIR
2023-03-15 11:38:00,23.33,23.33,23.3,23.31,2512.0,VIR
2023-03-15 11:37:00,23.42,23.42,23.35,23.35,1643.0,VIR
2023-03-15 11:35:00,23.425,23.425,23.425,23.425,309.0,VIR
2023-03-15 11:34:00,23.4,23.41,23.4,23.41,888.0,VIR
2023-03-15 11:33:00,23.39,23.4,23.38,23.39,2796.0,VIR
2023-03-15 11:32:00,23.361,23.41,23.361,23.41,1568.0,VIR
2023-03-15 11:31:00,23.39,23.39,23.36,23.37,1683.0,VIR
2023-03-15 11:30:00,23.38,23.39,23.38,23.39,1963.0,VIR
2023-03-15 11:29:00,23.39,23.41,23.355,23.355,8157.0,VIR
2023-03-15 11:28:00,23.38,23.39,23.38,23.385,1324.0,VIR
2023-03-15 11:27:00,23.37,23.39,23.36,23.37,1111.0,VIR
2023-03-15 11:26:00,23.35,23.36,23.35,23.36,1441.0,VIR
2023-03-15 11:25:00,23.34,23.35,23.33,23.34,1817.0,VIR
2023-03-15 11:24:00,23.38,23.38,23.35,23.36,3251.0,VIR
2023-03-15 11:23:00,23.38,23.4,23.38,23.4,600.0,VIR
2023-03-15 11:22:00,23.43,23.43,23.39,23.39,1726.0,VIR
2023-03-15 11:21:00,23.43,23.4597,23.42,23.4597,2399.0,VIR
2023-03-15 11:20:00,23.39,23.43,23.39,23.43,1997.0,VIR
2023-03-15 11:19:00,23.41,23.41,23.395,23.395,903.0,VIR
2023-03-15 11:17:00,23.41,23.415,23.41,23.415,462.0,VIR
2023-03-15 11:16:00,23.41,23.41,23.39,23.41,2123.0,VIR
2023-03-15 11:15:00,23.435,23.435,23.43,23.43,640.0,VIR
2023-03-15 11:14:00,23.435,23.435,23.43,23.435,423.0,VIR
2023-03-15 11:13:00,23.44,23.45,23.44,23.44,1572.0,VIR
2023-03-15 11:12:00,23.45,23.45,23.43,23.43,1492.0,VIR
2023-03-15 11:11:00,23.4471,23.4471,23.44,23.44,1167.0,VIR
2023-03-15 11:10:00,23.45,23.48,23.44,23.46,3100.0,VIR
2023-03-15 11:09:00,23.51,23.515,23.47,23.47,2756.0,VIR
2023-03-15 11:08:00,23.45,23.525,23.45,23.5,2657.0,VIR
2023-03-15 11:07:00,23.37,23.43,23.37,23.43,2293.0,VIR
2023-03-15 11:06:00,23.36,23.36,23.34,23.36,2030.0,VIR
2023-03-15 11:05:00,23.36,23.38,23.36,23.38,1403.0,VIR
2023-03-15 11:04:00,23.36,23.3645,23.35,23.36,3222.0,VIR
2023-03-15 11:03:00,23.32,23.35,23.31,23.35,2589.0,VIR
2023-03-15 11:02:00,23.32,23.34,23.32,23.32,804.0,VIR
2023-03-15 11:01:00,23.33,23.34,23.32,23.32,2038.0,VIR
2023-03-15 11:00:00,23.34,23.35,23.34,23.35,693.0,VIR
2023-03-15 10:59:00,23.33,23.34,23.32,23.325,1296.0,VIR
2023-03-15 10:58:00,23.295,23.31,23.295,23.31,1190.0,VIR
2023-03-15 10:57:00,23.31,23.31,23.295,23.295,526.0,VIR
2023-03-15 10:56:00,23.315,23.315,23.29,23.31,2955.0,VIR
2023-03-15 10:55:00,23.23,23.32,23.23,23.31,2750.0,VIR
2023-03-15 10:53:00,23.23,23.25,23.22,23.235,830.0,VIR
2023-03-15 10:52:00,23.22,23.24,23.22,23.23,2894.0,VIR
2023-03-15 10:51:00,23.25,23.25,23.225,23.23,2130.0,VIR
2023-03-15 10:50:00,23.27,23.27,23.25,23.25,400.0,VIR
2023-03-15 10:49:00,23.21,23.24,23.21,23.24,1637.0,VIR
2023-03-15 10:48:00,23.2,23.21,23.17,23.21,2644.0,VIR
2023-03-15 10:47:00,23.2,23.205,23.2,23.205,2046.0,VIR
2023-03-15 10:46:00,23.11,23.22,23.11,23.22,2970.0,VIR
2023-03-15 10:45:00,23.115,23.115,23.11,23.11,315.0,VIR
2023-03-15 10:44:00,23.14,23.16,23.115,23.12,1638.0,VIR
2023-03-15 10:43:00,23.18,23.2,23.165,23.165,726.0,VIR
2023-03-15 10:42:00,23.19,23.19,23.16,23.185,1174.0,VIR
2023-03-15 10:40:00,23.24,23.24,23.205,23.205,300.0,VIR
2023-03-15 10:39:00,23.205,23.205,23.205,23.205,277.0,VIR
2023-03-15 10:38:00,23.255,23.26,23.235,23.235,1114.0,VIR
2023-03-15 10:37:00,23.22,23.26,23.22,23.255,751.0,VIR
2023-03-15 10:36:00,23.155,23.18,23.13,23.17,1497.0,VIR
2023-03-15 10:35:00,23.145,23.155,23.145,23.155,827.0,VIR
2023-03-15 10:34:00,23.155,23.18,23.155,23.18,900.0,VIR
2023-03-15 10:33:00,23.165,23.165,23.16,23.16,602.0,VIR
2023-03-15 10:32:00,23.15,23.19,23.11,23.19,600.0,VIR
2023-03-15 10:31:00,23.17,23.17,23.15,23.15,304.0,VIR
2023-03-15 10:30:00,23.15,23.155,23.15,23.155,351.0,VIR
2023-03-15 10:29:00,23.06,23.165,23.06,23.165,2298.0,VIR
2023-03-15 10:28:00,23.04,23.05,23.025,23.025,786.0,VIR
2023-03-15 10:27:00,23.01,23.04,23.01,23.04,1722.0,VIR
2023-03-15 10:26:00,23.03,23.03,23.01,23.01,243.0,VIR
2023-03-15 10:25:00,23.07,23.07,23.045,23.045,573.0,VIR
2023-03-15 10:24:00,23.1,23.1,23.075,23.09,1313.0,VIR
2023-03-15 10:23:00,23.105,23.13,23.09,23.12,3769.0,VIR
2023-03-15 10:22:00,23.09,23.12,23.09,23.1,979.0,VIR
2023-03-15 10:21:00,23.09,23.1,23.09,23.1,587.0,VIR
2023-03-15 10:20:00,23.13,23.13,23.07,23.09,2878.0,VIR
2023-03-15 10:19:00,23.195,23.23,23.18,23.18,2174.0,VIR
2023-03-15 10:18:00,23.195,23.195,23.17,23.17,310.0,VIR
2023-03-15 10:17:00,23.19,23.195,23.19,23.195,321.0,VIR
2023-03-15 10:16:00,23.2,23.2,23.2,23.2,741.0,VIR
2023-03-15 10:15:00,23.16,23.19,23.15,23.185,4878.0,VIR
2023-03-15 10:14:00,23.175,23.175,23.17,23.17,790.0,VIR
2023-03-15 10:13:00,23.19,23.2,23.17,23.2,1086.0,VIR
2023-03-15 10:12:00,23.26,23.26,23.2,23.2,1453.0,VIR
2023-03-15 10:11:00,23.24,23.265,23.24,23.26,1105.0,VIR
2023-03-15 10:10:00,23.22,23.24,23.215,23.22,970.0,VIR
2023-03-15 10:09:00,23.285,23.285,23.23,23.23,1688.0,VIR
2023-03-15 10:08:00,23.24,23.2625,23.24,23.2625,1804.0,VIR
2023-03-15 10:06:00,23.29,23.29,23.27,23.27,869.0,VIR
2023-03-15 10:05:00,23.26,23.27,23.24,23.24,1630.0,VIR
2023-03-15 10:04:00,23.23,23.23,23.23,23.23,128.0,VIR
2023-03-15 10:03:00,23.26,23.305,23.24,23.24,1744.0,VIR
2023-03-15 10:02:00,23.27,23.27,23.24,23.25,1031.0,VIR
2023-03-15 10:01:00,23.3,23.3,23.3,23.3,157.0,VIR
2023-03-15 10:00:00,23.27,23.34,23.27,23.34,1694.0,VIR
2023-03-15 09:59:00,23.185,23.25,23.185,23.25,1914.0,VIR
2023-03-15 09:58:00,23.25,23.25,23.21,23.21,7763.0,VIR
2023-03-15 09:57:00,23.26,23.27,23.231,23.27,731.0,VIR
2023-03-15 09:56:00,23.3,23.3,23.26,23.26,389.0,VIR
2023-03-15 09:55:00,23.275,23.31,23.275,23.275,800.0,VIR
2023-03-15 09:54:00,23.24,23.31,23.24,23.31,1304.0,VIR
2023-03-15 09:53:00,23.24,23.24,23.24,23.24,351.0,VIR
2023-03-15 09:52:00,23.205,23.205,23.19,23.205,5278.0,VIR
2023-03-15 09:51:00,23.28,23.305,23.15,23.175,6517.0,VIR
2023-03-15 09:50:00,23.31,23.315,23.31,23.315,565.0,VIR
2023-03-15 09:49:00,23.33,23.33,23.315,23.315,468.0,VIR
2023-03-15 09:48:00,23.23,23.25,23.2,23.215,1947.0,VIR
2023-03-15 09:47:00,23.24,23.24,23.19,23.19,207.0,VIR
2023-03-15 09:46:00,23.24,23.245,23.195,23.195,1586.0,VIR
2023-03-15 09:45:00,23.26,23.26,23.22,23.22,338.0,VIR
2023-03-15 09:43:00,23.145,23.275,23.11,23.275,1643.0,VIR
2023-03-15 09:42:00,23.125,23.125,23.125,23.125,358.0,VIR
2023-03-15 09:41:00,23.155,23.155,23.04,23.04,1219.0,VIR
2023-03-15 09:40:00,23.05,23.16,23.03,23.16,3726.0,VIR
2023-03-15 09:39:00,23.0,23.06,23.0,23.02,4886.0,VIR
2023-03-15 09:38:00,23.0,23.0,22.96,23.0,638.0,VIR
2023-03-15 09:37:00,23.005,23.035,22.98,23.035,859.0,VIR
2023-03-15 09:36:00,23.08,23.11,23.0,23.0,3935.0,VIR
2023-03-15 09:35:00,23.09,23.12,23.06,23.09,3043.0,VIR
2023-03-15 09:34:00,23.07,23.1,23.045,23.06,5592.0,VIR
2023-03-15 09:33:00,22.8609,23.04,22.8,23.04,2279.0,VIR
2023-03-15 09:31:00,23.27,23.27,23.05,23.05,10486.0,VIR
2023-03-15 08:01:00,23.0,23.0,23.0,23.0,225.0,VIR
2023-03-14 19:14:00,23.42,23.42,23.42,23.42,100.0,VIR
2023-03-14 16:03:00,23.52,23.52,23.52,23.52,1835.0,VIR
2023-03-14 16:02:00,23.52,23.52,23.52,23.52,1380.0,VIR
2023-03-14 16:01:00,23.52,23.52,23.52,23.52,29805.0,VIR
2023-03-14 16:00:00,23.49,23.56,23.485,23.55,54415.0,VIR
2023-03-14 15:59:00,23.495,23.495,23.48,23.485,14521.0,VIR
2023-03-14 15:58:00,23.475,23.5,23.475,23.495,16898.0,VIR
2023-03-14 15:57:00,23.48,23.48,23.47,23.47,12655.0,VIR
2023-03-14 15:56:00,23.465,23.4764,23.45,23.4764,12853.0,VIR
2023-03-14 15:55:00,23.425,23.47,23.42,23.46,11246.0,VIR
2023-03-14 15:54:00,23.45,23.45,23.42,23.42,7463.0,VIR
2023-03-14 15:53:00,23.45,23.47,23.44,23.46,4107.0,VIR
2023-03-14 15:52:00,23.44,23.46,23.44,23.45,4487.0,VIR
2023-03-14 15:51:00,23.4,23.43,23.37,23.43,6758.0,VIR
2023-03-14 15:50:00,23.4,23.42,23.4,23.42,1970.0,VIR
2023-03-14 15:49:00,23.425,23.43,23.4,23.41,3834.0,VIR
2023-03-14 15:48:00,23.39,23.42,23.39,23.42,2124.0,VIR
2023-03-14 15:47:00,23.36,23.38,23.36,23.38,1699.0,VIR
2023-03-14 15:46:00,23.4,23.4,23.38,23.38,3690.0,VIR
2023-03-14 15:45:00,23.4,23.41,23.39,23.39,7571.0,VIR
2023-03-14 15:44:00,23.4,23.41,23.4,23.4,1318.0,VIR
2023-03-14 15:43:00,23.4,23.4,23.4,23.4,1315.0,VIR
2023-03-14 15:42:00,23.38,23.39,23.38,23.39,1050.0,VIR
2023-03-14 15:41:00,23.37,23.39,23.37,23.38,1900.0,VIR
2023-03-14 15:40:00,23.371,23.4,23.371,23.38,4641.0,VIR
2023-03-14 15:39:00,23.38,23.38,23.37,23.38,3235.0,VIR
2023-03-14 15:38:00,23.375,23.39,23.375,23.39,927.0,VIR
2023-03-14 15:37:00,23.3338,23.37,23.3338,23.37,2080.0,VIR
2023-03-14 15:36:00,23.32,23.33,23.31,23.33,4417.0,VIR
2023-03-14 15:35:00,23.3,23.3,23.3,23.3,902.0,VIR
2023-03-14 15:34:00,23.305,23.305,23.29,23.29,2211.0,VIR
2023-03-14 15:33:00,23.29,23.3,23.29,23.3,690.0,VIR
2023-03-14 15:32:00,23.31,23.335,23.29,23.31,4726.0,VIR
2023-03-14 15:31:00,23.335,23.335,23.3,23.3,3606.0,VIR
2023-03-14 15:30:00,23.33,23.34,23.33,23.34,1684.0,VIR
2023-03-14 15:29:00,23.331,23.331,23.331,23.331,1800.0,VIR
2023-03-14 15:28:00,23.32,23.3242,23.32,23.32,1732.0,VIR
2023-03-14 15:27:00,23.32,23.32,23.3,23.3,1530.0,VIR
2023-03-14 15:26:00,23.28,23.29,23.27,23.29,2109.0,VIR
2023-03-14 15:25:00,23.275,23.275,23.26,23.27,1453.0,VIR
2023-03-14 15:24:00,23.3,23.3,23.27,23.27,2360.0,VIR
2023-03-14 15:23:00,23.31,23.31,23.3,23.3,671.0,VIR
2023-03-14 15:22:00,23.3,23.31,23.3,23.31,626.0,VIR
2023-03-14 15:21:00,23.32,23.33,23.31,23.31,2196.0,VIR
2023-03-14 15:20:00,23.3,23.31,23.3,23.31,763.0,VIR
2023-03-14 15:19:00,23.27,23.28,23.265,23.28,1728.0,VIR
2023-03-14 15:18:00,23.26,23.2771,23.26,23.275,1676.0,VIR
2023-03-14 15:17:00,23.3,23.31,23.26,23.27,6391.0,VIR
2023-03-14 15:16:00,23.2919,23.34,23.2919,23.31,3483.0,VIR
2023-03-14 15:15:00,23.29,23.3,23.29,23.3,1710.0,VIR
2023-03-14 15:13:00,23.28,23.295,23.28,23.295,2439.0,VIR
2023-03-14 15:12:00,23.31,23.315,23.3,23.3,979.0,VIR
2023-03-14 15:11:00,23.33,23.33,23.3,23.305,1575.0,VIR
2023-03-14 15:10:00,23.37,23.3798,23.32,23.33,3724.0,VIR
2023-03-14 15:09:00,23.39,23.39,23.37,23.37,1114.0,VIR
2023-03-14 15:08:00,23.38,23.39,23.38,23.39,1505.0,VIR
2023-03-14 15:07:00,23.39,23.395,23.39,23.392,1802.0,VIR
2023-03-14 15:06:00,23.39,23.4,23.39,23.4,1118.0,VIR
2023-03-14 15:05:00,23.4,23.4,23.4,23.4,778.0,VIR
2023-03-14 15:04:00,23.39,23.39,23.39,23.39,1840.0,VIR
2023-03-14 15:03:00,23.37,23.38,23.37,23.38,501.0,VIR
2023-03-14 15:02:00,23.37,23.37,23.36,23.36,799.0,VIR
2023-03-14 15:01:00,23.34,23.36,23.34,23.36,2831.0,VIR
2023-03-14 15:00:00,23.34,23.34,23.34,23.34,419.0,VIR
2023-03-14 14:59:00,23.31,23.31,23.3,23.31,1154.0,VIR
2023-03-14 14:58:00,23.33,23.33,23.32,23.32,1933.0,VIR
2023-03-14 14:57:00,23.35,23.35,23.34,23.34,581.0,VIR
2023-03-14 14:56:00,23.38,23.38,23.36,23.36,859.0,VIR
2023-03-14 14:55:00,23.42,23.42,23.4,23.4,3152.0,VIR
2023-03-14 14:54:00,23.42,23.42,23.415,23.415,774.0,VIR
2023-03-14 14:53:00,23.43,23.43,23.43,23.43,421.0,VIR
2023-03-14 14:52:00,23.435,23.44,23.435,23.44,517.0,VIR
2023-03-14 14:51:00,23.44,23.44,23.41,23.44,1280.0,VIR
2023-03-14 14:50:00,23.45,23.45,23.45,23.45,379.0,VIR
2023-03-14 14:49:00,23.47,23.49,23.44,23.46,5278.0,VIR
2023-03-14 14:48:00,23.47,23.47,23.47,23.47,1437.0,VIR
2023-03-14 14:47:00,23.465,23.47,23.465,23.47,622.0,VIR
2023-03-14 14:46:00,23.495,23.495,23.47,23.47,2682.0,VIR
2023-03-14 14:45:00,23.495,23.495,23.49,23.49,381.0,VIR
2023-03-14 14:44:00,23.48,23.49,23.48,23.49,691.0,VIR
2023-03-14 14:43:00,23.49,23.49,23.4818,23.4818,1263.0,VIR
2023-03-14 14:42:00,23.47,23.47,23.46,23.46,2174.0,VIR
2023-03-14 14:41:00,23.48,23.48,23.48,23.48,305.0,VIR
2023-03-14 14:40:00,23.48,23.48,23.47,23.47,1567.0,VIR
2023-03-14 14:39:00,23.48,23.485,23.48,23.485,870.0,VIR
2023-03-14 14:38:00,23.47,23.47,23.47,23.47,817.0,VIR
2023-03-14 14:37:00,23.45,23.47,23.45,23.47,964.0,VIR
2023-03-14 14:36:00,23.46,23.46,23.46,23.46,911.0,VIR
2023-03-14 14:35:00,23.47,23.48,23.47,23.48,693.0,VIR
2023-03-14 14:34:00,23.47,23.47,23.45,23.45,829.0,VIR
2023-03-14 14:33:00,23.49,23.49,23.48,23.48,1958.0,VIR
2023-03-14 14:32:00,23.49,23.51,23.49,23.51,922.0,VIR
2023-03-14 14:31:00,23.5,23.5,23.47,23.48,1600.0,VIR
2023-03-14 14:30:00,23.5,23.5,23.495,23.5,1035.0,VIR
2023-03-14 14:29:00,23.5,23.5,23.48,23.48,2658.0,VIR
2023-03-14 14:28:00,23.47,23.49,23.47,23.49,1509.0,VIR
2023-03-14 14:27:00,23.47,23.475,23.465,23.47,1389.0,VIR
2023-03-14 14:26:00,23.46,23.48,23.46,23.48,1377.0,VIR
2023-03-14 14:25:00,23.45,23.46,23.45,23.46,1533.0,VIR
2023-03-14 14:24:00,23.405,23.43,23.405,23.43,1054.0,VIR
2023-03-14 14:23:00,23.4,23.4,23.4,23.4,490.0,VIR
2023-03-14 14:22:00,23.36,23.39,23.36,23.39,2939.0,VIR
2023-03-14 14:21:00,23.37,23.375,23.37,23.37,995.0,VIR
2023-03-14 14:19:00,23.38,23.38,23.38,23.38,184.0,VIR
2023-03-14 14:18:00,23.4,23.4001,23.38,23.38,3191.0,VIR
2023-03-14 14:17:00,23.41,23.41,23.4,23.4,1295.0,VIR
2023-03-14 14:16:00,23.425,23.43,23.39,23.4,2186.0,VIR
2023-03-14 14:15:00,23.43,23.43,23.43,23.43,693.0,VIR
2023-03-14 14:13:00,23.455,23.455,23.43,23.445,1769.0,VIR
2023-03-14 14:12:00,23.44,23.46,23.44,23.46,623.0,VIR
2023-03-14 14:11:00,23.4,23.43,23.4,23.43,850.0,VIR
2023-03-14 14:09:00,23.33,23.35,23.3225,23.3225,2670.0,VIR
2023-03-14 14:08:00,23.36,23.36,23.34,23.34,1388.0,VIR
2023-03-14 14:07:00,23.37,23.39,23.37,23.39,530.0,VIR
2023-03-14 14:06:00,23.36,23.3791,23.35,23.3791,2882.0,VIR
2023-03-14 14:05:00,23.36,23.36,23.36,23.36,263.0,VIR
2023-03-14 14:04:00,23.385,23.4,23.34,23.34,3581.0,VIR
2023-03-14 14:03:00,23.345,23.36,23.345,23.36,791.0,VIR
2023-03-14 14:02:00,23.33,23.35,23.33,23.33,1926.0,VIR
2023-03-14 14:01:00,23.35,23.35,23.33,23.335,1369.0,VIR
2023-03-14 14:00:00,23.33,23.35,23.33,23.33,1105.0,VIR
2023-03-14 13:59:00,23.33,23.33,23.31,23.31,1294.0,VIR
2023-03-14 13:58:00,23.31,23.34,23.31,23.34,1213.0,VIR
2023-03-14 13:57:00,23.31,23.31,23.27,23.285,1210.0,VIR
2023-03-14 13:56:00,23.32,23.32,23.29,23.3,2183.0,VIR
2023-03-14 13:55:00,23.3,23.33,23.3,23.33,1176.0,VIR
2023-03-14 13:54:00,23.285,23.31,23.285,23.305,1784.0,VIR
2023-03-14 13:53:00,23.29,23.29,23.29,23.29,312.0,VIR
2023-03-14 13:52:00,23.27,23.28,23.27,23.28,1243.0,VIR
2023-03-14 13:51:00,23.29,23.29,23.27,23.28,1626.0,VIR
2023-03-14 13:50:00,23.29,23.29,23.28,23.29,1402.0,VIR
2023-03-14 13:49:00,23.29,23.305,23.29,23.3,1167.0,VIR
2023-03-14 13:48:00,23.315,23.315,23.3,23.3,889.0,VIR
2023-03-14 13:47:00,23.315,23.32,23.315,23.32,437.0,VIR
2023-03-14 13:46:00,23.27,23.315,23.26,23.315,1493.0,VIR
2023-03-14 13:45:00,23.27,23.275,23.255,23.275,1501.0,VIR
2023-03-14 13:44:00,23.31,23.31,23.27,23.27,2151.0,VIR
2023-03-14 13:43:00,23.33,23.33,23.315,23.315,713.0,VIR
2023-03-14 13:42:00,23.38,23.38,23.34,23.34,2743.0,VIR
2023-03-14 13:41:00,23.4392,23.4392,23.39,23.39,2750.0,VIR
2023-03-14 13:40:00,23.43,23.44,23.415,23.44,2933.0,VIR
2023-03-14 13:39:00,23.42,23.435,23.42,23.435,1029.0,VIR
2023-03-14 13:37:00,23.4,23.41,23.4,23.41,628.0,VIR
2023-03-14 13:36:00,23.395,23.41,23.3701,23.41,2934.0,VIR
2023-03-14 13:35:00,23.42,23.42,23.41,23.41,657.0,VIR
2023-03-14 13:34:00,23.41,23.41,23.38,23.41,1165.0,VIR
2023-03-14 13:33:00,23.4323,23.4323,23.42,23.42,1418.0,VIR
2023-03-14 13:32:00,23.45,23.45,23.43,23.43,837.0,VIR
2023-03-14 13:31:00,23.43,23.46,23.41,23.46,1635.0,VIR
2023-03-14 13:30:00,23.45,23.45,23.43,23.44,1243.0,VIR
2023-03-14 13:28:00,23.46,23.46,23.46,23.46,656.0,VIR
2023-03-14 13:27:00,23.3952,23.44,23.39,23.44,1199.0,VIR
2023-03-14 13:26:00,23.4,23.42,23.4,23.4,1976.0,VIR
2023-03-14 13:25:00,23.38,23.4,23.37,23.4,1649.0,VIR
2023-03-14 13:23:00,23.36,23.36,23.36,23.36,508.0,VIR
2023-03-14 13:22:00,23.38,23.38,23.33,23.35,1087.0,VIR
2023-03-14 13:21:00,23.38,23.38,23.36,23.38,1482.0,VIR
2023-03-14 13:20:00,23.4,23.4,23.37,23.38,2302.0,VIR
2023-03-14 13:19:00,23.4,23.41,23.4,23.4,946.0,VIR
2023-03-14 13:18:00,23.36,23.39,23.36,23.39,613.0,VIR
2023-03-14 13:17:00,23.39,23.39,23.35,23.35,1267.0,VIR
2023-03-14 13:16:00,23.43,23.43,23.395,23.41,1690.0,VIR
2023-03-14 13:15:00,23.4499,23.45,23.4499,23.45,985.0,VIR
2023-03-14 13:14:00,23.46,23.46,23.4323,23.4323,2581.0,VIR
2023-03-14 13:13:00,23.42,23.45,23.42,23.45,915.0,VIR
2023-03-14 13:12:00,23.4,23.42,23.4,23.4,1159.0,VIR
2023-03-14 13:11:00,23.38,23.41,23.37,23.41,1938.0,VIR
2023-03-14 13:10:00,23.41,23.41,23.39,23.41,719.0,VIR
2023-03-14 13:09:00,23.42,23.42,23.4,23.4,605.0,VIR
2023-03-14 13:08:00,23.43,23.44,23.425,23.435,870.0,VIR
2023-03-14 13:07:00,23.47,23.47,23.43,23.43,2688.0,VIR
2023-03-14 13:06:00,23.49,23.51,23.47,23.48,2185.0,VIR
2023-03-14 13:05:00,23.49,23.49,23.49,23.49,1191.0,VIR
2023-03-14 13:04:00,23.47,23.47,23.47,23.47,256.0,VIR
2023-03-14 13:02:00,23.49,23.49,23.49,23.49,141.0,VIR
2023-03-14 13:00:00,23.44,23.47,23.42,23.47,2354.0,VIR
2023-03-14 12:59:00,23.45,23.46,23.43,23.43,948.0,VIR
2023-03-14 12:58:00,23.52,23.52,23.44,23.44,3600.0,VIR
2023-03-14 12:56:00,23.52,23.52,23.48,23.51,2278.0,VIR
2023-03-14 12:53:00,23.485,23.51,23.485,23.51,2414.0,VIR
2023-03-14 12:52:00,23.56,23.56,23.5,23.5,2632.0,VIR
2023-03-14 12:51:00,23.63,23.63,23.575,23.575,2761.0,VIR
2023-03-14 12:50:00,23.62,23.625,23.61,23.62,515.0,VIR
2023-03-14 12:49:00,23.63,23.63,23.61,23.61,1939.0,VIR
2023-03-14 12:48:00,23.63,23.645,23.63,23.64,1141.0,VIR
2023-03-14 12:47:00,23.61,23.611,23.61,23.61,629.0,VIR
2023-03-14 12:45:00,23.62,23.635,23.62,23.63,1818.0,VIR
2023-03-14 12:42:00,23.655,23.655,23.61,23.61,1543.0,VIR
2023-03-14 12:41:00,23.68,23.68,23.65,23.655,2182.0,VIR
2023-03-14 12:40:00,23.68,23.69,23.68,23.69,809.0,VIR
2023-03-14 12:39:00,23.69,23.7,23.69,23.7,509.0,VIR
2023-03-14 12:38:00,23.68,23.7,23.68,23.68,2823.0,VIR
2023-03-14 12:37:00,23.68,23.68,23.68,23.68,283.0,VIR
2023-03-14 12:36:00,23.66,23.67,23.65,23.67,1449.0,VIR
2023-03-14 12:35:00,23.66,23.67,23.66,23.67,1291.0,VIR
2023-03-14 12:34:00,23.65,23.65,23.65,23.65,337.0,VIR
2023-03-14 12:33:00,23.64,23.64,23.64,23.64,970.0,VIR
2023-03-14 12:32:00,23.65,23.65,23.64,23.64,1037.0,VIR
2023-03-14 12:31:00,23.63,23.65,23.63,23.65,1198.0,VIR
2023-03-14 12:30:00,23.68,23.68,23.64,23.64,1957.0,VIR
2023-03-14 12:29:00,23.665,23.68,23.665,23.68,890.0,VIR
2023-03-14 12:28:00,23.67,23.67,23.66,23.66,492.0,VIR
2023-03-14 12:26:00,23.67,23.67,23.65,23.65,802.0,VIR
2023-03-14 12:25:00,23.7125,23.7125,23.69,23.69,1790.0,VIR
2023-03-14 12:24:00,23.68,23.71,23.68,23.7095,964.0,VIR
2023-03-14 12:22:00,23.68,23.68,23.68,23.68,214.0,VIR
2023-03-14 12:21:00,23.69,23.7,23.67,23.67,1191.0,VIR
2023-03-14 12:19:00,23.71,23.71,23.69,23.7,1904.0,VIR
2023-03-14 12:18:00,23.66,23.71,23.66,23.71,1115.0,VIR
2023-03-14 12:17:00,23.68,23.68,23.65,23.65,1792.0,VIR
2023-03-14 12:16:00,23.6773,23.71,23.6773,23.71,2667.0,VIR
2023-03-14 12:15:00,23.67,23.68,23.67,23.68,1172.0,VIR
2023-03-14 12:14:00,23.66,23.67,23.66,23.66,934.0,VIR
2023-03-14 12:13:00,23.65,23.68,23.65,23.67,1145.0,VIR
2023-03-14 12:12:00,23.64,23.65,23.64,23.64,2213.0,VIR
2023-03-14 12:11:00,23.62,23.65,23.62,23.65,1125.0,VIR
2023-03-14 12:09:00,23.59,23.61,23.59,23.61,1381.0,VIR
2023-03-14 12:08:00,23.61,23.61,23.58,23.5875,2390.0,VIR
2023-03-14 12:07:00,23.66,23.66,23.61,23.61,2589.0,VIR
2023-03-14 12:06:00,23.66,23.67,23.65,23.67,2646.0,VIR
2023-03-14 12:05:00,23.65,23.65,23.65,23.65,109.0,VIR
2023-03-14 12:04:00,23.65,23.65,23.65,23.65,285.0,VIR
2023-03-14 12:03:00,23.64,23.64,23.64,23.64,433.0,VIR
2023-03-14 12:02:00,23.65,23.65,23.65,23.65,222.0,VIR
2023-03-14 12:01:00,23.65,23.65,23.64,23.641,553.0,VIR
2023-03-14 12:00:00,23.64,23.64,23.63,23.63,1449.0,VIR
2023-03-14 11:59:00,23.645,23.65,23.645,23.65,397.0,VIR
2023-03-14 11:57:00,23.66,23.66,23.64,23.64,1150.0,VIR
2023-03-14 11:56:00,23.65,23.675,23.63,23.66,1389.0,VIR
2023-03-14 11:54:00,23.68,23.68,23.64,23.655,2117.0,VIR
2023-03-14 11:52:00,23.73,23.74,23.68,23.68,3133.0,VIR
2023-03-14 11:51:00,23.72,23.72,23.72,23.72,421.0,VIR
2023-03-14 11:50:00,23.73,23.73,23.68,23.69,1725.0,VIR
2023-03-14 11:49:00,23.74,23.74,23.73,23.73,796.0,VIR
2023-03-14 11:48:00,23.79,23.79,23.75,23.75,3574.0,VIR
2023-03-14 11:47:00,23.81,23.81,23.77,23.795,1069.0,VIR
2023-03-14 11:46:00,23.82,23.83,23.81,23.81,1168.0,VIR
2023-03-14 11:45:00,23.7906,23.8,23.7906,23.8,916.0,VIR
2023-03-14 11:44:00,23.79,23.79,23.79,23.79,322.0,VIR
2023-03-14 11:43:00,23.8,23.8,23.78,23.8,3231.0,VIR
2023-03-14 11:42:00,23.81,23.82,23.81,23.81,803.0,VIR
2023-03-14 11:40:00,23.82,23.83,23.82,23.82,962.0,VIR
2023-03-14 11:39:00,23.816,23.816,23.81,23.81,435.0,VIR
2023-03-14 11:38:00,23.74,23.78,23.74,23.78,1057.0,VIR
2023-03-14 11:37:00,23.76,23.76,23.75,23.76,823.0,VIR
2023-03-14 11:36:00,23.79,23.79,23.73,23.77,1679.0,VIR
2023-03-14 11:35:00,23.81,23.81,23.79,23.79,1921.0,VIR
2023-03-14 11:34:00,23.82,23.82,23.81,23.82,1015.0,VIR
2023-03-14 11:32:00,23.82,23.82,23.81,23.81,1247.0,VIR
2023-03-14 11:31:00,23.82,23.82,23.81,23.81,405.0,VIR
2023-03-14 11:30:00,23.8,23.8,23.8,23.8,767.0,VIR
2023-03-14 11:29:00,23.79,23.8,23.79,23.79,672.0,VIR
2023-03-14 11:28:00,23.77,23.77,23.77,23.77,121.0,VIR
2023-03-14 11:27:00,23.81,23.815,23.77,23.77,3861.0,VIR
2023-03-14 11:26:00,23.8,23.8,23.78,23.78,1141.0,VIR
2023-03-14 11:25:00,23.8,23.8,23.79,23.79,1619.0,VIR
2023-03-14 11:24:00,23.8,23.81,23.8,23.81,201.0,VIR
2023-03-14 11:23:00,23.78,23.79,23.78,23.79,1096.0,VIR
2023-03-14 11:22:00,23.77,23.77,23.77,23.77,684.0,VIR
2023-03-14 11:21:00,23.77,23.77,23.77,23.77,447.0,VIR
2023-03-14 11:20:00,23.75,23.75,23.73,23.73,1891.0,VIR
2023-03-14 11:19:00,23.73,23.75,23.73,23.75,1326.0,VIR
2023-03-14 11:18:00,23.755,23.755,23.74,23.74,2665.0,VIR
2023-03-14 11:17:00,23.71,23.75,23.71,23.75,1432.0,VIR
2023-03-14 11:16:00,23.74,23.75,23.71,23.74,4418.0,VIR
2023-03-14 11:15:00,23.72,23.72,23.72,23.72,299.0,VIR
2023-03-14 11:14:00,23.735,23.75,23.71,23.71,3685.0,VIR
2023-03-14 11:13:00,23.73,23.73,23.73,23.73,358.0,VIR
2023-03-14 11:12:00,23.74,23.74,23.73,23.735,2275.0,VIR
2023-03-14 11:11:00,23.74,23.74,23.74,23.74,273.0,VIR
2023-03-14 11:10:00,23.72,23.7399,23.72,23.72,530.0,VIR
2023-03-14 11:09:00,23.72,23.72,23.71,23.72,1863.0,VIR
2023-03-14 11:08:00,23.71,23.715,23.7,23.705,1460.0,VIR
2023-03-14 11:07:00,23.7,23.7,23.7,23.7,460.0,VIR
2023-03-14 11:06:00,23.672,23.68,23.672,23.68,626.0,VIR
2023-03-14 11:05:00,23.7,23.71,23.68,23.68,2343.0,VIR
2023-03-14 11:04:00,23.65,23.6807,23.65,23.6807,1886.0,VIR
2023-03-14 11:03:00,23.605,23.63,23.605,23.63,649.0,VIR
2023-03-14 11:02:00,23.5724,23.612,23.5724,23.59,1557.0,VIR
2023-03-14 11:01:00,23.56,23.57,23.56,23.56,6463.0,VIR
2023-03-14 11:00:00,23.58,23.58,23.54,23.55,4608.0,VIR
2023-03-14 10:59:00,23.615,23.615,23.59,23.59,883.0,VIR
2023-03-14 10:58:00,23.58,23.6153,23.58,23.59,2480.0,VIR
2023-03-14 10:57:00,23.59,23.59,23.59,23.59,237.0,VIR
2023-03-14 10:56:00,23.585,23.59,23.585,23.59,300.0,VIR
2023-03-14 10:55:00,23.56,23.58,23.54,23.58,3135.0,VIR
2023-03-14 10:54:00,23.56,23.56,23.56,23.56,530.0,VIR
2023-03-14 10:53:00,23.55,23.57,23.54,23.56,3880.0,VIR
2023-03-14 10:52:00,23.58,23.58,23.53,23.53,3222.0,VIR
2023-03-14 10:51:00,23.605,23.62,23.58,23.58,2340.0,VIR
2023-03-14 10:50:00,23.63,23.63,23.6,23.6,1782.0,VIR
2023-03-14 10:49:00,23.6455,23.6455,23.6241,23.63,1065.0,VIR
2023-03-14 10:48:00,23.62,23.65,23.612,23.65,1572.0,VIR
2023-03-14 10:47:00,23.62,23.64,23.62,23.64,800.0,VIR
2023-03-14 10:46:00,23.59,23.62,23.59,23.62,1382.0,VIR
2023-03-14 10:45:00,23.54,23.6,23.54,23.59,2583.0,VIR
2023-03-14 10:44:00,23.54,23.55,23.54,23.55,1188.0,VIR
2023-03-14 10:43:00,23.52,23.52,23.51,23.51,786.0,VIR
2023-03-14 10:42:00,23.53,23.54,23.53,23.54,324.0,VIR
2023-03-14 10:41:00,23.515,23.52,23.48,23.52,2368.0,VIR
2023-03-14 10:40:00,23.54,23.54,23.52,23.52,545.0,VIR
2023-03-14 10:39:00,23.55,23.55,23.52,23.53,2142.0,VIR
2023-03-14 10:38:00,23.54,23.56,23.5102,23.5582,2637.0,VIR
2023-03-14 10:37:00,23.51,23.5227,23.51,23.5227,530.0,VIR
2023-03-14 10:36:00,23.54,23.56,23.495,23.52,2454.0,VIR
2023-03-14 10:35:00,23.52,23.59,23.52,23.56,3131.0,VIR
2023-03-14 10:34:00,23.524,23.524,23.51,23.51,642.0,VIR
2023-03-14 10:33:00,23.52,23.52,23.52,23.52,1276.0,VIR
2023-03-14 10:32:00,23.545,23.545,23.52,23.53,1853.0,VIR
2023-03-14 10:31:00,23.57,23.57,23.53,23.53,1484.0,VIR
2023-03-14 10:30:00,23.64,23.64,23.57,23.585,2982.0,VIR
2023-03-14 10:29:00,23.61,23.64,23.6,23.64,2280.0,VIR
2023-03-14 10:28:00,23.62,23.62,23.61,23.61,908.0,VIR
2023-03-14 10:27:00,23.5939,23.62,23.5939,23.6,1268.0,VIR
2023-03-14 10:26:00,23.645,23.645,23.58,23.58,1496.0,VIR
2023-03-14 10:25:00,23.64,23.64,23.59,23.63,6668.0,VIR
2023-03-14 10:24:00,23.525,23.6225,23.525,23.6041,2586.0,VIR
2023-03-14 10:23:00,23.4979,23.534,23.4952,23.52,4686.0,VIR
2023-03-14 10:22:00,23.44,23.48,23.44,23.48,1080.0,VIR
2023-03-14 10:21:00,23.405,23.43,23.405,23.425,1076.0,VIR
2023-03-14 10:20:00,23.405,23.42,23.396,23.396,6326.0,VIR
2023-03-14 10:19:00,23.4032,23.415,23.4032,23.415,399.0,VIR
2023-03-14 10:18:00,23.405,23.405,23.37,23.37,1094.0,VIR
2023-03-14 10:17:00,23.43,23.44,23.38,23.405,4874.0,VIR
2023-03-14 10:16:00,23.34,23.39,23.335,23.375,3992.0,VIR
2023-03-14 10:15:00,23.335,23.34,23.335,23.34,627.0,VIR
2023-03-14 10:14:00,23.28,23.3,23.28,23.3,1118.0,VIR
2023-03-14 10:13:00,23.24,23.28,23.23,23.28,2895.0,VIR
2023-03-14 10:12:00,23.26,23.29,23.26,23.26,4758.0,VIR
2023-03-14 10:11:00,23.27,23.3,23.27,23.28,1738.0,VIR
2023-03-14 10:10:00,23.25,23.28,23.24,23.27,3753.0,VIR
2023-03-14 10:09:00,23.25,23.2845,23.25,23.27,4284.0,VIR
2023-03-14 10:08:00,23.22,23.23,23.21,23.23,1332.0,VIR
2023-03-14 10:07:00,23.27,23.27,23.26,23.26,374.0,VIR
2023-03-14 10:06:00,23.26,23.28,23.25,23.28,1254.0,VIR
2023-03-14 10:05:00,23.28,23.28,23.28,23.28,234.0,VIR
2023-03-14 10:04:00,23.25,23.33,23.25,23.3,10937.0,VIR
2023-03-14 10:03:00,23.23,23.25,23.23,23.25,1662.0,VIR
2023-03-14 10:02:00,23.21,23.25,23.19,23.25,1267.0,VIR
2023-03-14 10:01:00,23.24,23.24,23.19,23.23,1254.0,VIR
2023-03-14 10:00:00,23.21,23.23,23.21,23.225,533.0,VIR
2023-03-14 09:59:00,23.22,23.26,23.18,23.205,2213.0,VIR
2023-03-14 09:58:00,23.12,23.16,23.115,23.15,3625.0,VIR
2023-03-14 09:57:00,23.1,23.105,23.1,23.105,745.0,VIR
2023-03-14 09:56:00,23.07,23.09,23.06,23.09,2916.0,VIR
2023-03-14 09:55:00,23.08,23.1,23.05,23.075,4756.0,VIR
2023-03-14 09:54:00,23.03,23.1,23.03,23.1,2473.0,VIR
2023-03-14 09:53:00,23.0,23.0,23.0,23.0,345.0,VIR
2023-03-14 09:52:00,23.02,23.02,23.01,23.01,1689.0,VIR
2023-03-14 09:50:00,23.03,23.03,23.0,23.0,1311.0,VIR
2023-03-14 09:49:00,23.04,23.06,23.04,23.06,475.0,VIR
2023-03-14 09:48:00,23.13,23.13,23.02,23.02,1920.0,VIR
2023-03-14 09:47:00,23.16,23.16,23.11,23.12,2248.0,VIR
2023-03-14 09:46:00,23.12,23.16,23.12,23.1404,1505.0,VIR
2023-03-14 09:45:00,23.0803,23.0803,23.0803,23.0803,121.0,VIR
2023-03-14 09:44:00,23.1116,23.1116,23.08,23.08,510.0,VIR
2023-03-14 09:43:00,23.12,23.12,23.09,23.09,2166.0,VIR
2023-03-14 09:42:00,23.14,23.17,23.12,23.12,3873.0,VIR
2023-03-14 09:41:00,23.13,23.13,23.13,23.13,225.0,VIR
2023-03-14 09:40:00,23.1,23.15,23.1,23.15,1191.0,VIR
2023-03-14 09:38:00,23.13,23.15,23.07,23.1,4921.0,VIR
2023-03-14 09:37:00,23.12,23.12,23.08,23.0858,574.0,VIR
2023-03-14 09:36:00,23.03,23.075,23.03,23.075,823.0,VIR
2023-03-14 09:35:00,22.97,22.97,22.97,22.97,245.0,VIR
2023-03-14 09:33:00,22.97,23.0,22.92,22.97,1913.0,VIR
2023-03-14 09:32:00,22.96,23.055,22.96,22.97,8901.0,VIR
2023-03-14 09:31:00,23.0,23.0,22.78,22.895,19434.0,VIR
2023-03-14 08:38:00,22.5601,22.5601,22.56,22.56,700.0,VIR
2023-03-14 08:01:00,22.59,22.59,22.59,22.59,415.0,VIR
2023-03-13 16:01:00,22.55,22.55,22.55,22.55,18898.0,VIR
2023-03-13 16:00:00,22.49,22.57,22.49,22.55,59803.0,VIR
2023-03-13 15:59:00,22.47,22.5,22.47,22.49,30261.0,VIR
2023-03-13 15:58:00,22.47,22.5,22.47,22.48,23046.0,VIR
2023-03-13 15:57:00,22.52,22.53,22.47,22.49,13643.0,VIR
2023-03-13 15:56:00,22.56,22.57,22.505,22.52,14016.0,VIR
2023-03-13 15:55:00,22.54,22.58,22.54,22.57,13587.0,VIR
2023-03-13 15:54:00,22.55,22.555,22.535,22.54,6660.0,VIR
2023-03-13 15:53:00,22.52,22.54,22.51,22.54,7324.0,VIR
2023-03-13 15:52:00,22.51,22.54,22.5,22.525,7629.0,VIR
2023-03-13 15:51:00,22.56,22.57,22.45,22.495,8532.0,VIR
2023-03-13 15:50:00,22.5775,22.5775,22.56,22.57,3811.0,VIR
2023-03-13 15:49:00,22.55,22.575,22.54,22.575,4797.0,VIR
2023-03-13 15:48:00,22.54,22.56,22.54,22.55,4075.0,VIR
2023-03-13 15:47:00,22.535,22.54,22.53,22.54,3711.0,VIR
2023-03-13 15:46:00,22.55,22.56,22.54,22.54,3301.0,VIR
2023-03-13 15:45:00,22.57,22.57,22.53,22.53,3913.0,VIR
2023-03-13 15:44:00,22.57,22.57,22.535,22.54,7795.0,VIR
2023-03-13 15:43:00,22.535,22.57,22.53,22.56,6810.0,VIR
2023-03-13 15:42:00,22.54,22.54,22.535,22.54,1411.0,VIR
2023-03-13 15:41:00,22.54,22.54,22.52,22.53,2573.0,VIR
2023-03-13 15:40:00,22.5,22.54,22.49,22.54,2530.0,VIR
2023-03-13 15:39:00,22.4,22.5,22.4,22.5,8195.0,VIR
2023-03-13 15:38:00,22.41,22.42,22.4,22.4,6864.0,VIR
2023-03-13 15:37:00,22.43,22.46,22.4,22.41,9463.0,VIR
2023-03-13 15:36:00,22.42,22.44,22.41,22.43,6689.0,VIR
2023-03-13 15:35:00,22.46,22.465,22.41,22.41,6542.0,VIR
2023-03-13 15:34:00,22.41,22.455,22.41,22.45,11090.0,VIR
2023-03-13 15:33:00,22.39,22.4199,22.39,22.41,11714.0,VIR
2023-03-13 15:32:00,22.38,22.4,22.38,22.39,3459.0,VIR
2023-03-13 15:31:00,22.405,22.42,22.38,22.39,8039.0,VIR
2023-03-13 15:30:00,22.4,22.41,22.39,22.405,3638.0,VIR
2023-03-13 15:29:00,22.41,22.43,22.4,22.4,4172.0,VIR
2023-03-13 15:28:00,22.44,22.44,22.41,22.41,2953.0,VIR
2023-03-13 15:27:00,22.42,22.46,22.42,22.445,2724.0,VIR
2023-03-13 15:26:00,22.42,22.43,22.4,22.4,5647.0,VIR
2023-03-13 15:25:00,22.43,22.43,22.42,22.42,2080.0,VIR
2023-03-13 15:24:00,22.42,22.46,22.42,22.43,4948.0,VIR
2023-03-13 15:23:00,22.46,22.46,22.425,22.425,4878.0,VIR
2023-03-13 15:22:00,22.48,22.48,22.44,22.445,1293.0,VIR
2023-03-13 15:21:00,22.505,22.505,22.49,22.49,2485.0,VIR
2023-03-13 15:20:00,22.49,22.515,22.49,22.51,4660.0,VIR
2023-03-13 15:19:00,22.48,22.49,22.48,22.49,561.0,VIR
2023-03-13 15:18:00,22.51,22.515,22.485,22.485,2553.0,VIR
2023-03-13 15:17:00,22.535,22.54,22.52,22.52,2434.0,VIR
2023-03-13 15:16:00,22.535,22.535,22.525,22.525,376.0,VIR
2023-03-13 15:15:00,22.525,22.555,22.525,22.54,1888.0,VIR
2023-03-13 15:14:00,22.57,22.57,22.53,22.53,4487.0,VIR
2023-03-13 15:13:00,22.525,22.56,22.525,22.55,2400.0,VIR
2023-03-13 15:12:00,22.525,22.53,22.515,22.515,3242.0,VIR
2023-03-13 15:11:00,22.49,22.51,22.49,22.51,1699.0,VIR
2023-03-13 15:10:00,22.55,22.57,22.515,22.515,3483.0,VIR
2023-03-13 15:09:00,22.58,22.58,22.55,22.55,4116.0,VIR
2023-03-13 15:08:00,22.57,22.57,22.57,22.57,1276.0,VIR
2023-03-13 15:07:00,22.57,22.585,22.56,22.56,4458.0,VIR
2023-03-13 15:06:00,22.53,22.57,22.52,22.56,2934.0,VIR
2023-03-13 15:05:00,22.55,22.55,22.54,22.55,1041.0,VIR
2023-03-13 15:04:00,22.55,22.57,22.55,22.56,2114.0,VIR
2023-03-13 15:03:00,22.58,22.58,22.57,22.57,1035.0,VIR
2023-03-13 15:02:00,22.62,22.63,22.55,22.55,5260.0,VIR
2023-03-13 15:01:00,22.61,22.615,22.61,22.61,1059.0,VIR
2023-03-13 15:00:00,22.61,22.61,22.61,22.61,369.0,VIR
2023-03-13 14:59:00,22.61,22.62,22.6,22.61,987.0,VIR
2023-03-13 14:58:00,22.615,22.62,22.6,22.61,1349.0,VIR
2023-03-13 14:57:00,22.63,22.63,22.61,22.61,2265.0,VIR
2023-03-13 14:56:00,22.64,22.64,22.625,22.63,23126.0,VIR
2023-03-13 14:55:00,22.63,22.63,22.63,22.63,691.0,VIR
2023-03-13 14:54:00,22.64,22.64,22.63,22.63,1474.0,VIR
2023-03-13 14:53:00,22.62,22.62,22.61,22.615,1756.0,VIR
2023-03-13 14:52:00,22.63,22.63,22.6284,22.63,473.0,VIR
2023-03-13 14:51:00,22.63,22.64,22.62,22.63,1291.0,VIR
2023-03-13 14:50:00,22.63,22.65,22.62,22.62,5024.0,VIR
2023-03-13 14:49:00,22.63,22.63,22.63,22.63,830.0,VIR
2023-03-13 14:48:00,22.63,22.63,22.62,22.63,1199.0,VIR
2023-03-13 14:47:00,22.64,22.65,22.63,22.64,1927.0,VIR
2023-03-13 14:46:00,22.68,22.69,22.65,22.65,2785.0,VIR
2023-03-13 14:45:00,22.68,22.68,22.66,22.66,751.0,VIR
2023-03-13 14:44:00,22.65,22.69,22.64,22.69,2618.0,VIR
2023-03-13 14:43:00,22.645,22.645,22.62,22.62,934.0,VIR
2023-03-13 14:42:00,22.6,22.65,22.6,22.64,3087.0,VIR
2023-03-13 14:41:00,22.58,22.58,22.58,22.58,814.0,VIR
2023-03-13 14:40:00,22.585,22.605,22.58,22.58,1039.0,VIR
2023-03-13 14:39:00,22.62,22.62,22.595,22.595,4530.0,VIR
2023-03-13 14:38:00,22.61,22.635,22.61,22.63,1722.0,VIR
2023-03-13 14:37:00,22.6,22.605,22.6,22.605,614.0,VIR
2023-03-13 14:36:00,22.665,22.665,22.64,22.64,2253.0,VIR
2023-03-13 14:35:00,22.66,22.68,22.66,22.68,2406.0,VIR
2023-03-13 14:34:00,22.6,22.65,22.6,22.65,27994.0,VIR
2023-03-13 14:33:00,22.595,22.6,22.595,22.6,698.0,VIR
2023-03-13 14:32:00,22.6,22.6,22.6,22.6,700.0,VIR
2023-03-13 14:31:00,22.59,22.61,22.58,22.605,2572.0,VIR
2023-03-13 14:30:00,22.59,22.6,22.585,22.585,631.0,VIR
2023-03-13 14:29:00,22.63,22.65,22.59,22.59,3801.0,VIR
2023-03-13 14:28:00,22.62,22.63,22.62,22.625,1225.0,VIR
2023-03-13 14:27:00,22.64,22.64,22.61,22.61,2143.0,VIR
2023-03-13 14:26:00,22.65,22.675,22.65,22.65,2559.0,VIR
2023-03-13 14:25:00,22.62,22.665,22.62,22.65,2548.0,VIR
2023-03-13 14:24:00,22.62,22.62,22.62,22.62,433.0,VIR
2023-03-13 14:23:00,22.64,22.64,22.625,22.63,1060.0,VIR
2023-03-13 14:22:00,22.66,22.66,22.65,22.66,2271.0,VIR
2023-03-13 14:21:00,22.6701,22.69,22.66,22.68,2285.0,VIR
2023-03-13 14:20:00,22.69,22.69,22.66,22.685,3359.0,VIR
2023-03-13 14:19:00,22.68,22.69,22.635,22.68,6035.0,VIR
2023-03-13 14:18:00,22.65,22.69,22.65,22.68,5085.0,VIR
2023-03-13 14:17:00,22.65,22.66,22.65,22.655,13262.0,VIR
2023-03-13 14:16:00,22.625,22.655,22.625,22.65,23016.0,VIR
2023-03-13 14:15:00,22.63,22.64,22.625,22.625,1025.0,VIR
2023-03-13 14:14:00,22.66,22.66,22.63,22.63,1138.0,VIR
2023-03-13 14:13:00,22.64,22.67,22.64,22.66,1455.0,VIR
2023-03-13 14:12:00,22.67,22.67,22.64,22.64,2095.0,VIR
2023-03-13 14:11:00,22.62,22.66,22.62,22.65,1826.0,VIR
2023-03-13 14:10:00,22.6,22.62,22.591,22.61,3860.0,VIR
2023-03-13 14:09:00,22.61,22.62,22.61,22.615,831.0,VIR
2023-03-13 14:08:00,22.63,22.63,22.61,22.61,1178.0,VIR
2023-03-13 14:07:00,22.645,22.645,22.645,22.645,464.0,VIR
2023-03-13 14:06:00,22.645,22.645,22.645,22.645,494.0,VIR
2023-03-13 14:05:00,22.64,22.645,22.64,22.645,543.0,VIR
2023-03-13 14:04:00,22.67,22.67,22.67,22.67,596.0,VIR
2023-03-13 14:03:00,22.66,22.68,22.65,22.68,7339.0,VIR
2023-03-13 14:02:00,22.61,22.66,22.61,22.66,1541.0,VIR
2023-03-13 14:01:00,22.59,22.61,22.59,22.61,1920.0,VIR
2023-03-13 14:00:00,22.5764,22.5764,22.5764,22.5764,467.0,VIR
2023-03-13 13:59:00,22.56,22.565,22.56,22.565,404.0,VIR
2023-03-13 13:58:00,22.56,22.56,22.56,22.56,1389.0,VIR
2023-03-13 13:57:00,22.54,22.56,22.54,22.56,2677.0,VIR
2023-03-13 13:56:00,22.515,22.53,22.515,22.53,1572.0,VIR
2023-03-13 13:55:00,22.54,22.54,22.515,22.515,1356.0,VIR
2023-03-13 13:54:00,22.49,22.54,22.49,22.54,959.0,VIR
2023-03-13 13:53:00,22.48,22.49,22.47,22.49,1803.0,VIR
2023-03-13 13:52:00,22.46,22.46,22.46,22.46,1607.0,VIR
2023-03-13 13:51:00,22.43,22.44,22.43,22.44,842.0,VIR
2023-03-13 13:50:00,22.45,22.45,22.45,22.45,280.0,VIR
2023-03-13 13:49:00,22.43,22.44,22.43,22.44,502.0,VIR
2023-03-13 13:48:00,22.43,22.43,22.42,22.42,1416.0,VIR
2023-03-13 13:47:00,22.41,22.445,22.4,22.445,2587.0,VIR
2023-03-13 13:46:00,22.42,22.425,22.42,22.425,329.0,VIR
2023-03-13 13:45:00,22.465,22.48,22.43,22.43,3759.0,VIR
2023-03-13 13:44:00,22.46,22.465,22.45,22.465,2701.0,VIR
2023-03-13 13:43:00,22.45,22.47,22.45,22.47,996.0,VIR
2023-03-13 13:42:00,22.44,22.45,22.435,22.45,1149.0,VIR
2023-03-13 13:41:00,22.44,22.44,22.42,22.425,1026.0,VIR
2023-03-13 13:40:00,22.52,22.52,22.46,22.46,27679.0,VIR
2023-03-13 13:39:00,22.5253,22.555,22.51,22.54,6453.0,VIR
2023-03-13 13:38:00,22.52,22.53,22.5,22.53,1355.0,VIR
2023-03-13 13:37:00,22.5,22.52,22.495,22.51,2297.0,VIR
2023-03-13 13:36:00,22.47,22.51,22.47,22.5,2599.0,VIR
2023-03-13 13:35:00,22.4775,22.4775,22.4775,22.4775,357.0,VIR
2023-03-13 13:34:00,22.49,22.49,22.475,22.485,2090.0,VIR
2023-03-13 13:33:00,22.48,22.48,22.47,22.47,655.0,VIR
2023-03-13 13:32:00,22.5,22.5,22.49,22.49,966.0,VIR
2023-03-13 13:31:00,22.51,22.51,22.51,22.51,627.0,VIR
2023-03-13 13:30:00,22.48,22.51,22.48,22.49,1523.0,VIR
2023-03-13 13:29:00,22.47,22.47,22.47,22.47,288.0,VIR
2023-03-13 13:28:00,22.4753,22.48,22.45,22.45,1367.0,VIR
2023-03-13 13:27:00,22.475,22.5,22.475,22.485,2549.0,VIR
2023-03-13 13:26:00,22.52,22.52,22.505,22.505,2920.0,VIR
2023-03-13 13:25:00,22.5276,22.53,22.52,22.52,803.0,VIR
2023-03-13 13:24:00,22.53,22.53,22.53,22.53,649.0,VIR
2023-03-13 13:23:00,22.51,22.52,22.51,22.52,662.0,VIR
2023-03-13 13:22:00,22.5,22.51,22.48,22.51,2787.0,VIR
2023-03-13 13:21:00,22.515,22.515,22.515,22.515,499.0,VIR
2023-03-13 13:20:00,22.51,22.52,22.51,22.52,528.0,VIR
2023-03-13 13:19:00,22.525,22.525,22.51,22.51,300.0,VIR
2023-03-13 13:18:00,22.54,22.56,22.53,22.53,2517.0,VIR
2023-03-13 13:17:00,22.495,22.55,22.495,22.55,2552.0,VIR
2023-03-13 13:16:00,22.49,22.49,22.49,22.49,132.0,VIR
2023-03-13 13:15:00,22.46,22.485,22.46,22.485,1737.0,VIR
2023-03-13 13:14:00,22.5,22.5,22.48,22.5,2156.0,VIR
2023-03-13 13:13:00,22.5,22.51,22.5,22.51,1103.0,VIR
2023-03-13 13:12:00,22.5,22.51,22.49,22.49,1711.0,VIR
2023-03-13 13:11:00,22.49,22.49,22.49,22.49,2123.0,VIR
2023-03-13 13:10:00,22.47,22.49,22.47,22.48,1595.0,VIR
2023-03-13 13:09:00,22.45,22.45,22.45,22.45,313.0,VIR
2023-03-13 13:08:00,22.44,22.44,22.43,22.435,1403.0,VIR
2023-03-13 13:07:00,22.45,22.45,22.45,22.45,335.0,VIR
2023-03-13 13:06:00,22.45,22.47,22.45,22.47,1424.0,VIR
2023-03-13 13:04:00,22.43,22.46,22.42,22.46,2496.0,VIR
2023-03-13 13:03:00,22.445,22.445,22.4399,22.4399,724.0,VIR
2023-03-13 13:02:00,22.44,22.44,22.43,22.44,955.0,VIR
2023-03-13 13:01:00,22.51,22.52,22.45,22.45,1951.0,VIR
2023-03-13 13:00:00,22.5,22.5,22.495,22.495,278.0,VIR
2023-03-13 12:59:00,22.49,22.49,22.49,22.49,975.0,VIR
2023-03-13 12:58:00,22.5,22.5,22.49,22.49,900.0,VIR
2023-03-13 12:57:00,22.53,22.53,22.52,22.53,1914.0,VIR
2023-03-13 12:56:00,22.54,22.54,22.53,22.53,650.0,VIR
2023-03-13 12:55:00,22.48,22.525,22.48,22.525,2294.0,VIR
2023-03-13 12:54:00,22.48,22.48,22.475,22.475,1428.0,VIR
2023-03-13 12:53:00,22.53,22.53,22.49,22.49,1765.0,VIR
2023-03-13 12:52:00,22.52,22.52,22.5,22.51,1373.0,VIR
2023-03-13 12:51:00,22.5253,22.5253,22.49,22.5,1327.0,VIR
2023-03-13 12:50:00,22.49,22.53,22.47,22.53,3473.0,VIR
2023-03-13 12:49:00,22.51,22.529,22.51,22.529,607.0,VIR
2023-03-13 12:48:00,22.495,22.52,22.495,22.5,1511.0,VIR
2023-03-13 12:47:00,22.53,22.53,22.51,22.51,853.0,VIR
2023-03-13 12:46:00,22.5,22.55,22.5,22.55,1248.0,VIR
2023-03-13 12:45:00,22.58,22.58,22.535,22.535,1661.0,VIR
2023-03-13 12:44:00,22.58,22.59,22.58,22.58,1410.0,VIR
2023-03-13 12:43:00,22.59,22.61,22.57,22.59,5515.0,VIR
2023-03-13 12:42:00,22.55,22.56,22.55,22.56,1110.0,VIR
2023-03-13 12:41:00,22.56,22.58,22.55,22.55,3371.0,VIR
2023-03-13 12:40:00,22.57,22.57,22.56,22.56,455.0,VIR
2023-03-13 12:39:00,22.58,22.58,22.56,22.575,2240.0,VIR
2023-03-13 12:38:00,22.59,22.61,22.58,22.58,2419.0,VIR
2023-03-13 12:36:00,22.58,22.59,22.57,22.58,3065.0,VIR
2023-03-13 12:35:00,22.59,22.59,22.57,22.57,1825.0,VIR
2023-03-13 12:34:00,22.575,22.575,22.575,22.575,634.0,VIR
2023-03-13 12:33:00,22.54,22.5403,22.54,22.5403,781.0,VIR
2023-03-13 12:32:00,22.55,22.56,22.53,22.55,2169.0,VIR
2023-03-13 12:31:00,22.54,22.54,22.535,22.535,690.0,VIR
2023-03-13 12:30:00,22.51,22.5117,22.51,22.5117,800.0,VIR
2023-03-13 12:29:00,22.525,22.54,22.51,22.51,924.0,VIR
2023-03-13 12:28:00,22.51,22.53,22.51,22.53,1143.0,VIR
2023-03-13 12:27:00,22.53,22.53,22.4746,22.51,1589.0,VIR
2023-03-13 12:26:00,22.55,22.55,22.54,22.545,544.0,VIR
2023-03-13 12:25:00,22.61,22.61,22.54,22.54,1436.0,VIR
2023-03-13 12:24:00,22.63,22.66,22.62,22.62,2583.0,VIR
2023-03-13 12:23:00,22.62,22.66,22.62,22.64,1504.0,VIR
2023-03-13 12:22:00,22.64,22.64,22.605,22.61,2109.0,VIR
2023-03-13 12:21:00,22.65,22.6546,22.645,22.65,733.0,VIR
2023-03-13 12:20:00,22.645,22.645,22.6327,22.645,1750.0,VIR
2023-03-13 12:19:00,22.645,22.665,22.64,22.65,2245.0,VIR
2023-03-13 12:18:00,22.645,22.66,22.64,22.64,934.0,VIR
2023-03-13 12:17:00,22.63,22.66,22.63,22.6545,1719.0,VIR
2023-03-13 12:16:00,22.61,22.665,22.61,22.65,2326.0,VIR
2023-03-13 12:15:00,22.595,22.66,22.595,22.61,4501.0,VIR
2023-03-13 12:14:00,22.57,22.6,22.57,22.59,4470.0,VIR
2023-03-13 12:13:00,22.62,22.62,22.54,22.54,2657.0,VIR
2023-03-13 12:12:00,22.68,22.68,22.625,22.625,2517.0,VIR
2023-03-13 12:11:00,22.735,22.75,22.67,22.67,6280.0,VIR
2023-03-13 12:10:00,22.65,22.74,22.65,22.73,3844.0,VIR
2023-03-13 12:09:00,22.64,22.64,22.64,22.64,256.0,VIR
2023-03-13 12:08:00,22.63,22.655,22.63,22.65,7362.0,VIR
2023-03-13 12:07:00,22.54,22.595,22.535,22.595,2157.0,VIR
2023-03-13 12:06:00,22.52,22.53,22.52,22.53,1143.0,VIR
2023-03-13 12:05:00,22.48,22.495,22.47,22.49,2151.0,VIR
2023-03-13 12:04:00,22.545,22.545,22.5,22.5,1424.0,VIR
2023-03-13 12:03:00,22.575,22.58,22.545,22.545,2187.0,VIR
2023-03-13 12:02:00,22.5678,22.58,22.5678,22.58,1106.0,VIR
2023-03-13 12:01:00,22.59,22.61,22.57,22.57,6808.0,VIR
2023-03-13 12:00:00,22.57,22.575,22.5558,22.575,1414.0,VIR
2023-03-13 11:59:00,22.52,22.55,22.52,22.55,647.0,VIR
2023-03-13 11:58:00,22.53,22.53,22.51,22.52,1444.0,VIR
2023-03-13 11:57:00,22.52,22.54,22.52,22.54,989.0,VIR
2023-03-13 11:56:00,22.5,22.5144,22.5,22.505,492.0,VIR
2023-03-13 11:55:00,22.52,22.52,22.51,22.51,636.0,VIR
2023-03-13 11:54:00,22.53,22.53,22.52,22.52,900.0,VIR
2023-03-13 11:53:00,22.545,22.545,22.545,22.545,361.0,VIR
2023-03-13 11:52:00,22.535,22.535,22.535,22.535,221.0,VIR
2023-03-13 11:51:00,22.6,22.6,22.52,22.52,1667.0,VIR
2023-03-13 11:50:00,22.5975,22.605,22.59,22.605,1034.0,VIR
2023-03-13 11:49:00,22.575,22.61,22.54,22.61,6582.0,VIR
2023-03-13 11:48:00,22.56,22.58,22.56,22.58,1522.0,VIR
2023-03-13 11:47:00,22.57,22.57,22.525,22.525,2332.0,VIR
2023-03-13 11:46:00,22.555,22.59,22.54,22.59,6504.0,VIR
2023-03-13 11:45:00,22.56,22.56,22.56,22.56,1072.0,VIR
2023-03-13 11:44:00,22.53,22.54,22.51,22.5339,3068.0,VIR
2023-03-13 11:43:00,22.47,22.51,22.47,22.51,1943.0,VIR
2023-03-13 11:42:00,22.47,22.4898,22.47,22.4898,973.0,VIR
2023-03-13 11:41:00,22.46,22.46,22.45,22.455,1365.0,VIR
2023-03-13 11:40:00,22.43,22.435,22.38,22.435,1464.0,VIR
2023-03-13 11:39:00,22.42,22.43,22.42,22.43,1424.0,VIR
2023-03-13 11:38:00,22.4199,22.47,22.4199,22.43,3762.0,VIR
2023-03-13 11:37:00,22.41,22.41,22.4,22.41,1388.0,VIR
2023-03-13 11:36:00,22.45,22.45,22.425,22.425,1615.0,VIR
2023-03-13 11:35:00,22.46,22.465,22.44,22.445,1533.0,VIR
2023-03-13 11:33:00,22.51,22.51,22.48,22.48,1784.0,VIR
2023-03-13 11:32:00,22.57,22.57,22.51,22.53,5558.0,VIR
2023-03-13 11:31:00,22.55,22.595,22.55,22.585,1743.0,VIR
2023-03-13 11:30:00,22.55,22.565,22.55,22.565,750.0,VIR
2023-03-13 11:29:00,22.525,22.6,22.525,22.58,3408.0,VIR
2023-03-13 11:28:00,22.56,22.57,22.53,22.53,1273.0,VIR
2023-03-13 11:27:00,22.52,22.56,22.52,22.55,1320.0,VIR
2023-03-13 11:26:00,22.55,22.55,22.55,22.55,743.0,VIR
2023-03-13 11:25:00,22.59,22.59,22.545,22.545,3802.0,VIR
2023-03-13 11:24:00,22.6,22.6,22.57,22.57,1558.0,VIR
2023-03-13 11:23:00,22.655,22.655,22.6,22.6,2660.0,VIR
2023-03-13 11:22:00,22.64,22.675,22.64,22.66,1214.0,VIR
2023-03-13 11:21:00,22.61,22.64,22.61,22.63,2361.0,VIR
2023-03-13 11:20:00,22.6,22.6,22.555,22.57,2972.0,VIR
2023-03-13 11:19:00,22.58,22.6,22.58,22.6,1785.0,VIR
2023-03-13 11:18:00,22.595,22.595,22.57,22.57,1018.0,VIR
2023-03-13 11:17:00,22.585,22.6,22.57,22.6,1054.0,VIR
2023-03-13 11:16:00,22.6,22.61,22.58,22.58,1798.0,VIR
2023-03-13 11:15:00,22.57,22.58,22.56,22.58,935.0,VIR
2023-03-13 11:14:00,22.57,22.57,22.56,22.565,1160.0,VIR
2023-03-13 11:13:00,22.525,22.62,22.525,22.62,2070.0,VIR
2023-03-13 11:12:00,22.525,22.525,22.525,22.525,208.0,VIR
2023-03-13 11:11:00,22.5295,22.53,22.52,22.52,543.0,VIR
2023-03-13 11:10:00,22.54,22.54,22.49,22.52,1979.0,VIR
2023-03-13 11:09:00,22.55,22.59,22.55,22.555,1911.0,VIR
2023-03-13 11:08:00,22.56,22.57,22.535,22.57,2127.0,VIR
2023-03-13 11:07:00,22.585,22.62,22.56,22.57,3930.0,VIR
2023-03-13 11:06:00,22.575,22.58,22.575,22.58,854.0,VIR
2023-03-13 11:05:00,22.565,22.6,22.565,22.595,3706.0,VIR
2023-03-13 11:04:00,22.61,22.63,22.575,22.585,2670.0,VIR
2023-03-13 11:03:00,22.551,22.64,22.551,22.63,5772.0,VIR
2023-03-13 11:02:00,22.58,22.6,22.55,22.55,4118.0,VIR
2023-03-13 11:01:00,22.54,22.57,22.51,22.56,1875.0,VIR
2023-03-13 11:00:00,22.6,22.63,22.555,22.555,2156.0,VIR
2023-03-13 10:59:00,22.62,22.62,22.6,22.6,1618.0,VIR
2023-03-13 10:58:00,22.7,22.7,22.62,22.645,3579.0,VIR
2023-03-13 10:57:00,22.7,22.7,22.66,22.675,3941.0,VIR
2023-03-13 10:56:00,22.61,22.7192,22.61,22.7192,12128.0,VIR
2023-03-13 10:55:00,22.6,22.64,22.59,22.6,1364.0,VIR
2023-03-13 10:54:00,22.56,22.585,22.56,22.585,1516.0,VIR
2023-03-13 10:53:00,22.62,22.655,22.57,22.57,3533.0,VIR
2023-03-13 10:52:00,22.615,22.615,22.59,22.61,1844.0,VIR
2023-03-13 10:51:00,22.625,22.625,22.6,22.61,715.0,VIR
2023-03-13 10:50:00,22.67,22.67,22.63,22.63,1840.0,VIR
2023-03-13 10:49:00,22.71,22.71,22.71,22.71,213.0,VIR
2023-03-13 10:48:00,22.705,22.705,22.68,22.68,772.0,VIR
2023-03-13 10:47:00,22.7,22.7,22.67,22.695,960.0,VIR
2023-03-13 10:46:00,22.695,22.695,22.695,22.695,201.0,VIR
2023-03-13 10:45:00,22.68,22.72,22.68,22.69,5725.0,VIR
2023-03-13 10:44:00,22.65,22.665,22.64,22.65,960.0,VIR
2023-03-13 10:43:00,22.7,22.7,22.6584,22.6584,472.0,VIR
2023-03-13 10:42:00,22.75,22.75,22.72,22.72,2336.0,VIR
2023-03-13 10:41:00,22.8,22.8,22.75,22.78,1889.0,VIR
2023-03-13 10:40:00,22.79,22.795,22.77,22.77,1612.0,VIR
2023-03-13 10:39:00,22.85,22.85,22.79,22.79,1785.0,VIR
2023-03-13 10:38:00,22.85,22.88,22.83,22.88,1165.0,VIR
2023-03-13 10:37:00,22.9,22.9,22.86,22.86,1324.0,VIR
2023-03-13 10:36:00,22.875,22.89,22.875,22.89,2043.0,VIR
2023-03-13 10:35:00,22.87,22.87,22.87,22.87,304.0,VIR
2023-03-13 10:34:00,22.88,22.88,22.85,22.85,3239.0,VIR
2023-03-13 10:33:00,22.84,22.84,22.84,22.84,556.0,VIR
2023-03-13 10:32:00,22.81,22.81,22.794,22.794,1504.0,VIR
2023-03-13 10:31:00,22.85,22.88,22.85,22.86,2010.0,VIR
2023-03-13 10:30:00,22.87,22.89,22.83,22.84,3676.0,VIR
2023-03-13 10:29:00,22.88,22.88,22.87,22.87,561.0,VIR
2023-03-13 10:28:00,22.925,22.96,22.89,22.89,1072.0,VIR
2023-03-13 10:27:00,22.89,22.92,22.88,22.92,4175.0,VIR
2023-03-13 10:26:00,22.82,22.87,22.81,22.87,2752.0,VIR
2023-03-13 10:25:00,22.775,22.8,22.74,22.8,1072.0,VIR
2023-03-13 10:24:00,22.83,22.83,22.78,22.78,1450.0,VIR
2023-03-13 10:23:00,22.78,22.83,22.78,22.83,1343.0,VIR
2023-03-13 10:22:00,22.8,22.85,22.77,22.77,4623.0,VIR
2023-03-13 10:21:00,22.78,22.78,22.78,22.78,293.0,VIR
2023-03-13 10:20:00,22.69,22.76,22.6752,22.76,4410.0,VIR
2023-03-13 10:19:00,22.72,22.74,22.715,22.72,1061.0,VIR
2023-03-13 10:18:00,22.6931,22.72,22.685,22.685,999.0,VIR
2023-03-13 10:17:00,22.7,22.7,22.65,22.69,2433.0,VIR
2023-03-13 10:16:00,22.705,22.73,22.65,22.705,1648.0,VIR
2023-03-13 10:15:00,22.71,22.71,22.65,22.65,1542.0,VIR
2023-03-13 10:14:00,22.8,22.8,22.71,22.75,733.0,VIR
2023-03-13 10:13:00,22.84,22.84,22.79,22.83,3114.0,VIR
2023-03-13 10:12:00,22.875,22.875,22.85,22.865,2456.0,VIR
2023-03-13 10:11:00,22.875,22.9099,22.85,22.9099,778.0,VIR
2023-03-13 10:10:00,22.87,22.87,22.87,22.87,545.0,VIR
2023-03-13 10:09:00,22.85,22.9,22.85,22.87,2103.0,VIR
2023-03-13 10:08:00,22.82,22.83,22.73,22.82,3957.0,VIR
2023-03-13 10:07:00,22.76,22.83,22.76,22.83,1075.0,VIR
2023-03-13 10:06:00,22.855,22.855,22.81,22.81,857.0,VIR
2023-03-13 10:05:00,22.82,22.9,22.81,22.84,2109.0,VIR
2023-03-13 10:04:00,22.725,22.85,22.725,22.85,4491.0,VIR
2023-03-13 10:03:00,22.725,22.725,22.72,22.72,501.0,VIR
2023-03-13 10:02:00,22.69,22.755,22.69,22.725,2015.0,VIR
2023-03-13 10:01:00,22.84,22.84,22.69,22.755,2730.0,VIR
2023-03-13 10:00:00,22.83,22.83,22.79,22.79,925.0,VIR
2023-03-13 09:59:00,22.865,22.865,22.865,22.865,304.0,VIR
2023-03-13 09:58:00,22.85,22.85,22.825,22.84,2776.0,VIR
2023-03-13 09:56:00,22.81,22.81,22.75,22.75,1002.0,VIR
2023-03-13 09:55:00,22.665,22.76,22.665,22.755,2764.0,VIR
2023-03-13 09:54:00,22.79,22.79,22.66,22.66,1009.0,VIR
2023-03-13 09:53:00,22.91,22.91,22.85,22.85,1248.0,VIR
2023-03-13 09:52:00,22.91,22.92,22.8,22.89,3731.0,VIR
2023-03-13 09:51:00,22.88,22.88,22.87,22.87,1244.0,VIR
2023-03-13 09:50:00,22.7753,22.83,22.7753,22.8,1724.0,VIR
2023-03-13 09:49:00,22.74,22.8,22.74,22.79,2571.0,VIR
2023-03-13 09:48:00,22.56,22.69,22.56,22.69,1600.0,VIR
2023-03-13 09:47:00,22.51,22.51,22.4501,22.46,2627.0,VIR
2023-03-13 09:46:00,22.51,22.55,22.505,22.55,2500.0,VIR
2023-03-13 09:44:00,22.47,22.47,22.4279,22.4279,669.0,VIR
2023-03-13 09:43:00,22.49,22.52,22.45,22.48,6069.0,VIR
2023-03-13 09:42:00,22.62,22.63,22.565,22.565,1161.0,VIR
2023-03-13 09:41:00,22.59,22.7,22.56,22.67,2676.0,VIR
2023-03-13 09:40:00,22.5996,22.5996,22.5,22.5613,1842.0,VIR
2023-03-13 09:39:00,22.68,22.68,22.5701,22.595,1669.0,VIR
2023-03-13 09:37:00,22.5927,22.7599,22.5927,22.7599,2212.0,VIR
2023-03-13 09:36:00,22.48,22.64,22.48,22.64,5497.0,VIR
2023-03-13 09:35:00,22.51,22.53,22.49,22.49,771.0,VIR
2023-03-13 09:34:00,22.52,22.56,22.52,22.56,2984.0,VIR
2023-03-13 09:33:00,22.49,22.56,22.47,22.56,2020.0,VIR
2023-03-13 09:32:00,22.4,22.4,22.4,22.4,345.0,VIR
2023-03-13 09:31:00,22.36,22.49,22.1103,22.3234,14907.0,VIR
2023-03-13 09:28:00,22.2,22.2,22.2,22.2,1402.0,VIR
2023-03-13 09:26:00,22.01,22.01,22.01,22.01,508.0,VIR
2023-03-13 09:19:00,22.01,22.01,22.0,22.0,761.0,VIR
2023-03-13 09:02:00,22.07,22.07,22.07,22.07,200.0,VIR
2023-03-13 08:59:00,22.08,22.16,22.07,22.07,1442.0,VIR
2023-03-13 07:09:00,22.5,22.5,22.5,22.5,100.0,VIR
