date,1. open,2. high,3. low,4. close,5. volume,Ticker
2023-04-21 16:01:00,21.99,21.99,21.99,21.99,101292.0,ZI
2023-04-21 16:00:00,21.965,22.0,21.96,22.0,117934.0,ZI
2023-04-21 15:59:00,21.98,21.98,21.96,21.965,49693.0,ZI
2023-04-21 15:58:00,21.955,21.98,21.95,21.98,39353.0,ZI
2023-04-21 15:57:00,21.93,21.96,21.93,21.955,54354.0,ZI
2023-04-21 15:56:00,21.935,21.95,21.92,21.93,40994.0,ZI
2023-04-21 15:55:00,21.945,21.97,21.935,21.935,40756.0,ZI
2023-04-21 15:54:00,21.95,21.96,21.925,21.935,31054.0,ZI
2023-04-21 15:53:00,21.945,21.96,21.94,21.95,35872.0,ZI
2023-04-21 15:52:00,21.99,21.99,21.95,21.955,30344.0,ZI
2023-04-21 15:51:00,21.96,21.985,21.93,21.985,44580.0,ZI
2023-04-21 15:50:00,21.995,21.995,21.96,21.97,13415.0,ZI
2023-04-21 15:49:00,21.985,21.995,21.985,21.995,15126.0,ZI
2023-04-21 15:48:00,21.995,21.995,21.98,21.985,13712.0,ZI
2023-04-21 15:47:00,21.98,21.995,21.98,21.995,13419.0,ZI
2023-04-21 15:46:00,21.965,21.98,21.96,21.975,19655.0,ZI
2023-04-21 15:45:00,21.975,21.975,21.955,21.965,12774.0,ZI
2023-04-21 15:44:00,21.98,21.99,21.975,21.975,11489.0,ZI
2023-04-21 15:43:00,22.015,22.015,21.98,21.98,13734.0,ZI
2023-04-21 15:42:00,22.045,22.05,22.015,22.015,16707.0,ZI
2023-04-21 15:41:00,22.025,22.045,22.025,22.045,12298.0,ZI
2023-04-21 15:40:00,22.05,22.055,22.025,22.025,16243.0,ZI
2023-04-21 15:39:00,22.045,22.045,22.035,22.04,7214.0,ZI
2023-04-21 15:38:00,22.045,22.045,22.04,22.045,2134.0,ZI
2023-04-21 15:37:00,22.04,22.045,22.04,22.045,2878.0,ZI
2023-04-21 15:36:00,22.0389,22.05,22.0389,22.05,17609.0,ZI
2023-04-21 15:35:00,22.035,22.035,22.035,22.035,3570.0,ZI
2023-04-21 15:34:00,22.045,22.05,22.035,22.04,13380.0,ZI
2023-04-21 15:33:00,22.055,22.055,22.04,22.045,10156.0,ZI
2023-04-21 15:32:00,22.075,22.09,22.05,22.06,19038.0,ZI
2023-04-21 15:31:00,22.0,22.075,22.0,22.075,16032.0,ZI
2023-04-21 15:30:00,21.995,22.0,21.995,22.0,2044.0,ZI
2023-04-21 15:29:00,21.985,22.005,21.985,21.995,27703.0,ZI
2023-04-21 15:28:00,21.995,21.995,21.98,21.98,12602.0,ZI
2023-04-21 15:27:00,21.995,21.995,21.99,21.99,3586.0,ZI
2023-04-21 15:26:00,21.995,22.0,21.995,21.995,16102.0,ZI
2023-04-21 15:25:00,22.0,22.0,21.99,22.0,6774.0,ZI
2023-04-21 15:24:00,21.995,22.0,21.99,21.995,14480.0,ZI
2023-04-21 15:23:00,22.0,22.0,21.99,21.995,9739.0,ZI
2023-04-21 15:22:00,21.985,21.995,21.975,21.995,9206.0,ZI
2023-04-21 15:21:00,21.995,22.0,21.985,21.99,12356.0,ZI
2023-04-21 15:20:00,21.99,21.995,21.99,21.995,5433.0,ZI
2023-04-21 15:19:00,21.975,21.995,21.97,21.985,18358.0,ZI
2023-04-21 15:18:00,21.97,21.9771,21.97,21.97,5938.0,ZI
2023-04-21 15:17:00,21.96,21.98,21.96,21.97,8389.0,ZI
2023-04-21 15:16:00,21.965,21.965,21.96,21.965,7595.0,ZI
2023-04-21 15:15:00,21.985,21.985,21.965,21.965,11106.0,ZI
2023-04-21 15:14:00,21.985,21.985,21.98,21.98,3755.0,ZI
2023-04-21 15:13:00,21.98,21.9894,21.97,21.9894,9386.0,ZI
2023-04-21 15:12:00,21.98,21.985,21.98,21.985,6744.0,ZI
2023-04-21 15:11:00,21.975,21.985,21.975,21.98,4758.0,ZI
2023-04-21 15:10:00,21.99,21.995,21.97,21.97,9555.0,ZI
2023-04-21 15:09:00,22.02,22.025,21.985,21.985,29273.0,ZI
2023-04-21 15:08:00,22.03,22.0386,22.03,22.03,8141.0,ZI
2023-04-21 15:07:00,22.035,22.04,22.035,22.04,3874.0,ZI
2023-04-21 15:06:00,22.035,22.04,22.015,22.04,9801.0,ZI
2023-04-21 15:05:00,22.045,22.045,22.031,22.04,4026.0,ZI
2023-04-21 15:04:00,22.045,22.055,22.03,22.045,17441.0,ZI
2023-04-21 15:03:00,22.07,22.08,22.04,22.045,13525.0,ZI
2023-04-21 15:02:00,22.07,22.08,22.06,22.08,8725.0,ZI
2023-04-21 15:01:00,22.065,22.075,22.06,22.065,6892.0,ZI
2023-04-21 15:00:00,22.06,22.07,22.06,22.06,8789.0,ZI
2023-04-21 14:59:00,22.0,22.06,21.995,22.06,7176.0,ZI
2023-04-21 14:58:00,21.97,22.0,21.97,22.0,13478.0,ZI
2023-04-21 14:57:00,22.0,22.0,21.97,21.97,18735.0,ZI
2023-04-21 14:56:00,21.99,22.01,21.99,21.995,81411.0,ZI
2023-04-21 14:55:00,21.995,22.0,21.995,21.9999,1244.0,ZI
2023-04-21 14:54:00,21.99,22.0,21.985,21.995,20676.0,ZI
2023-04-21 14:53:00,21.99,22.0,21.985,21.995,10798.0,ZI
2023-04-21 14:52:00,21.99,22.0,21.99,21.995,41459.0,ZI
2023-04-21 14:51:00,21.98,22.0,21.98,21.995,2719.0,ZI
2023-04-21 14:50:00,22.0,22.0,21.985,21.985,13446.0,ZI
2023-04-21 14:49:00,21.99,22.0,21.99,22.0,5149.0,ZI
2023-04-21 14:48:00,21.985,22.0,21.985,21.995,7335.0,ZI
2023-04-21 14:47:00,21.98,21.985,21.975,21.985,3896.0,ZI
2023-04-21 14:46:00,21.995,21.995,21.975,21.975,13366.0,ZI
2023-04-21 14:45:00,22.0,22.0,21.995,21.995,3579.0,ZI
2023-04-21 14:44:00,22.005,22.005,22.0,22.005,4673.0,ZI
2023-04-21 14:43:00,22.005,22.005,22.005,22.005,5889.0,ZI
2023-04-21 14:42:00,22.01,22.01,22.005,22.01,1334.0,ZI
2023-04-21 14:41:00,21.985,22.01,21.985,22.005,3587.0,ZI
2023-04-21 14:40:00,21.97,21.985,21.97,21.985,4100.0,ZI
2023-04-21 14:39:00,21.945,21.96,21.945,21.96,7382.0,ZI
2023-04-21 14:38:00,21.94,21.95,21.94,21.95,3280.0,ZI
2023-04-21 14:37:00,21.92,21.935,21.92,21.935,11342.0,ZI
2023-04-21 14:36:00,21.92,21.925,21.92,21.925,9689.0,ZI
2023-04-21 14:35:00,21.91,21.925,21.91,21.925,7485.0,ZI
2023-04-21 14:34:00,21.91,21.925,21.91,21.915,6296.0,ZI
2023-04-21 14:33:00,21.92,21.925,21.91,21.91,4988.0,ZI
2023-04-21 14:32:00,21.95,21.95,21.93,21.93,4506.0,ZI
2023-04-21 14:31:00,21.96,21.96,21.95,21.95,4295.0,ZI
2023-04-21 14:30:00,21.96,21.97,21.955,21.965,10090.0,ZI
2023-04-21 14:29:00,21.965,21.965,21.965,21.965,474.0,ZI
2023-04-21 14:28:00,21.975,21.975,21.97,21.97,2028.0,ZI
2023-04-21 14:27:00,21.96,21.97,21.96,21.97,3411.0,ZI
2023-04-21 14:26:00,21.95,21.955,21.945,21.955,5706.0,ZI
2023-04-21 14:25:00,21.96,21.97,21.955,21.955,11560.0,ZI
2023-04-21 14:24:00,21.96,21.96,21.955,21.955,399.0,ZI
2023-04-21 14:23:00,21.965,21.965,21.96,21.96,3514.0,ZI
2023-04-21 14:22:00,21.9475,21.97,21.94,21.97,10099.0,ZI
2023-04-21 14:21:00,21.95,21.95,21.94,21.945,1543.0,ZI
2023-04-21 14:20:00,21.965,21.965,21.93,21.94,9255.0,ZI
2023-04-21 14:19:00,21.975,21.98,21.96,21.97,14000.0,ZI
2023-04-21 14:18:00,21.99,21.99,21.98,21.98,3750.0,ZI
2023-04-21 14:17:00,21.99,21.99,21.985,21.99,1467.0,ZI
2023-04-21 14:16:00,22.0,22.01,21.98,21.98,26388.0,ZI
2023-04-21 14:15:00,21.995,22.0151,21.995,21.995,18380.0,ZI
2023-04-21 14:14:00,21.985,22.0,21.98,21.99,27679.0,ZI
2023-04-21 14:13:00,21.975,21.99,21.975,21.99,3220.0,ZI
2023-04-21 14:12:00,21.9628,21.975,21.9628,21.975,8707.0,ZI
2023-04-21 14:11:00,21.955,21.965,21.955,21.965,1564.0,ZI
2023-04-21 14:10:00,21.955,21.955,21.955,21.955,2194.0,ZI
2023-04-21 14:09:00,21.96,21.96,21.95,21.955,1968.0,ZI
2023-04-21 14:08:00,21.96,21.962,21.96,21.96,4026.0,ZI
2023-04-21 14:07:00,21.96,21.97,21.95,21.96,11376.0,ZI
2023-04-21 14:06:00,21.96,21.97,21.95,21.95,6714.0,ZI
2023-04-21 14:05:00,21.99,21.99,21.965,21.965,4540.0,ZI
2023-04-21 14:04:00,21.98,21.995,21.97,21.99,5796.0,ZI
2023-04-21 14:03:00,21.9811,21.985,21.97,21.975,3314.0,ZI
2023-04-21 14:02:00,21.985,21.99,21.985,21.99,2875.0,ZI
2023-04-21 14:01:00,21.98,21.985,21.98,21.98,4710.0,ZI
2023-04-21 14:00:00,21.96,21.98,21.96,21.98,7813.0,ZI
2023-04-21 13:59:00,21.94,21.96,21.94,21.96,2362.0,ZI
2023-04-21 13:58:00,21.93,21.94,21.925,21.93,5182.0,ZI
2023-04-21 13:57:00,21.945,21.955,21.935,21.935,10357.0,ZI
2023-04-21 13:56:00,21.925,21.94,21.925,21.94,5025.0,ZI
2023-04-21 13:55:00,21.925,21.925,21.925,21.925,367.0,ZI
2023-04-21 13:54:00,21.92,21.92,21.92,21.92,488.0,ZI
2023-04-21 13:53:00,21.93,21.93,21.925,21.925,1373.0,ZI
2023-04-21 13:52:00,21.93,21.935,21.93,21.935,2480.0,ZI
2023-04-21 13:51:00,21.925,21.925,21.925,21.925,638.0,ZI
2023-04-21 13:50:00,21.925,21.925,21.925,21.925,474.0,ZI
2023-04-21 13:49:00,21.92,21.92,21.92,21.92,561.0,ZI
2023-04-21 13:48:00,21.92,21.93,21.92,21.92,2478.0,ZI
2023-04-21 13:47:00,21.91,21.91,21.905,21.91,3198.0,ZI
2023-04-21 13:46:00,21.915,21.915,21.915,21.915,590.0,ZI
2023-04-21 13:45:00,21.92,21.92,21.91,21.91,1886.0,ZI
2023-04-21 13:44:00,21.9,21.92,21.9,21.92,2588.0,ZI
2023-04-21 13:43:00,21.89,21.91,21.885,21.905,8827.0,ZI
2023-04-21 13:42:00,21.89,21.895,21.89,21.895,1556.0,ZI
2023-04-21 13:41:00,21.83,21.88,21.83,21.88,8917.0,ZI
2023-04-21 13:40:00,21.83,21.83,21.83,21.83,5669.0,ZI
2023-04-21 13:39:00,21.82,21.84,21.82,21.835,3845.0,ZI
2023-04-21 13:38:00,21.8,21.815,21.795,21.815,14280.0,ZI
2023-04-21 13:37:00,21.8,21.8,21.79,21.79,347.0,ZI
2023-04-21 13:36:00,21.78,21.79,21.78,21.79,5277.0,ZI
2023-04-21 13:35:00,21.77,21.77,21.74,21.77,8341.0,ZI
2023-04-21 13:34:00,21.78,21.78,21.78,21.78,210.0,ZI
2023-04-21 13:33:00,21.775,21.795,21.77,21.77,7899.0,ZI
2023-04-21 13:32:00,21.75,21.775,21.75,21.775,16387.0,ZI
2023-04-21 13:31:00,21.735,21.74,21.735,21.74,1259.0,ZI
2023-04-21 13:30:00,21.73,21.735,21.725,21.735,1727.0,ZI
2023-04-21 13:29:00,21.725,21.725,21.715,21.72,1879.0,ZI
2023-04-21 13:28:00,21.72,21.72,21.715,21.72,1906.0,ZI
2023-04-21 13:27:00,21.71,21.725,21.71,21.725,1354.0,ZI
2023-04-21 13:25:00,21.72,21.72,21.71,21.71,1114.0,ZI
2023-04-21 13:24:00,21.7154,21.72,21.71,21.71,3251.0,ZI
2023-04-21 13:23:00,21.71,21.72,21.7,21.72,3040.0,ZI
2023-04-21 13:22:00,21.7591,21.7591,21.72,21.72,6406.0,ZI
2023-04-21 13:21:00,21.75,21.75,21.75,21.75,248.0,ZI
2023-04-21 13:20:00,21.76,21.76,21.75,21.755,1360.0,ZI
2023-04-21 13:19:00,21.76,21.79,21.76,21.77,3552.0,ZI
2023-04-21 13:18:00,21.805,21.805,21.77,21.77,5645.0,ZI
2023-04-21 13:17:00,21.805,21.81,21.8,21.805,1505.0,ZI
2023-04-21 13:16:00,21.785,21.8,21.78,21.8,2985.0,ZI
2023-04-21 13:15:00,21.78,21.79,21.78,21.79,2616.0,ZI
2023-04-21 13:14:00,21.79,21.795,21.77,21.77,6204.0,ZI
2023-04-21 13:13:00,21.805,21.805,21.79,21.79,5273.0,ZI
2023-04-21 13:12:00,21.805,21.815,21.805,21.805,9088.0,ZI
2023-04-21 13:11:00,21.805,21.805,21.805,21.805,1882.0,ZI
2023-04-21 13:10:00,21.8,21.81,21.79,21.805,14613.0,ZI
2023-04-21 13:09:00,21.83,21.84,21.8,21.8,8344.0,ZI
2023-04-21 13:08:00,21.765,21.84,21.75,21.82,80450.0,ZI
2023-04-21 13:07:00,21.77,21.78,21.77,21.77,4943.0,ZI
2023-04-21 13:06:00,21.755,21.765,21.755,21.765,1951.0,ZI
2023-04-21 13:05:00,21.76,21.76,21.755,21.755,1718.0,ZI
2023-04-21 13:04:00,21.76,21.76,21.76,21.76,615.0,ZI
2023-04-21 13:03:00,21.765,21.765,21.76,21.76,731.0,ZI
2023-04-21 13:02:00,21.76,21.77,21.755,21.765,2056.0,ZI
2023-04-21 13:01:00,21.755,21.76,21.755,21.7595,1157.0,ZI
2023-04-21 13:00:00,21.76,21.76,21.745,21.75,7211.0,ZI
2023-04-21 12:59:00,21.765,21.765,21.765,21.765,309.0,ZI
2023-04-21 12:58:00,21.76,21.77,21.76,21.77,3132.0,ZI
2023-04-21 12:57:00,21.76,21.76,21.76,21.76,2272.0,ZI
2023-04-21 12:56:00,21.745,21.75,21.745,21.75,819.0,ZI
2023-04-21 12:55:00,21.75,21.75,21.75,21.75,873.0,ZI
2023-04-21 12:54:00,21.76,21.76,21.745,21.75,3149.0,ZI
2023-04-21 12:53:00,21.765,21.77,21.76,21.76,1388.0,ZI
2023-04-21 12:52:00,21.74,21.76,21.74,21.76,2594.0,ZI
2023-04-21 12:51:00,21.75,21.75,21.73,21.74,4762.0,ZI
2023-04-21 12:49:00,21.755,21.76,21.755,21.76,405.0,ZI
2023-04-21 12:48:00,21.735,21.75,21.735,21.75,2671.0,ZI
2023-04-21 12:47:00,21.76,21.77,21.735,21.735,8384.0,ZI
2023-04-21 12:46:00,21.74,21.75,21.74,21.75,3798.0,ZI
2023-04-21 12:45:00,21.745,21.745,21.745,21.745,249.0,ZI
2023-04-21 12:44:00,21.74,21.75,21.735,21.745,3647.0,ZI
2023-04-21 12:42:00,21.73,21.755,21.73,21.74,10903.0,ZI
2023-04-21 12:41:00,21.735,21.735,21.73,21.73,1089.0,ZI
2023-04-21 12:40:00,21.73,21.735,21.73,21.735,779.0,ZI
2023-04-21 12:39:00,21.715,21.73,21.715,21.73,3257.0,ZI
2023-04-21 12:38:00,21.735,21.75,21.73,21.73,3884.0,ZI
2023-04-21 12:37:00,21.76,21.765,21.74,21.74,3818.0,ZI
2023-04-21 12:36:00,21.745,21.78,21.745,21.76,7559.0,ZI
2023-04-21 12:35:00,21.745,21.745,21.745,21.745,1150.0,ZI
2023-04-21 12:34:00,21.74,21.75,21.73,21.75,4512.0,ZI
2023-04-21 12:33:00,21.755,21.755,21.75,21.75,1139.0,ZI
2023-04-21 12:32:00,21.755,21.755,21.745,21.745,4532.0,ZI
2023-04-21 12:31:00,21.755,21.76,21.755,21.755,4874.0,ZI
2023-04-21 12:30:00,21.76,21.76,21.75,21.75,6902.0,ZI
2023-04-21 12:29:00,21.79,21.79,21.765,21.765,1120.0,ZI
2023-04-21 12:28:00,21.82,21.82,21.79,21.79,4838.0,ZI
2023-04-21 12:27:00,21.83,21.83,21.815,21.815,1938.0,ZI
2023-04-21 12:26:00,21.85,21.85,21.825,21.83,3025.0,ZI
2023-04-21 12:25:00,21.87,21.88,21.85,21.85,4069.0,ZI
2023-04-21 12:24:00,21.87,21.87,21.86,21.86,1354.0,ZI
2023-04-21 12:23:00,21.9,21.9,21.865,21.87,3612.0,ZI
2023-04-21 12:22:00,21.9,21.9,21.895,21.9,4356.0,ZI
2023-04-21 12:21:00,21.93,21.93,21.9,21.9,5469.0,ZI
2023-04-21 12:20:00,21.94,21.94,21.935,21.94,2174.0,ZI
2023-04-21 12:19:00,21.95,21.955,21.94,21.94,2894.0,ZI
2023-04-21 12:18:00,21.935,21.95,21.935,21.945,1535.0,ZI
2023-04-21 12:17:00,21.885,21.935,21.885,21.935,2477.0,ZI
2023-04-21 12:16:00,21.885,21.885,21.885,21.885,244.0,ZI
2023-04-21 12:15:00,21.88,21.88,21.88,21.88,750.0,ZI
2023-04-21 12:14:00,21.86,21.875,21.86,21.87,5964.0,ZI
2023-04-21 12:13:00,21.87,21.87,21.855,21.86,5289.0,ZI
2023-04-21 12:12:00,21.88,21.8801,21.875,21.88,3668.0,ZI
2023-04-21 12:11:00,21.88,21.89,21.88,21.88,2066.0,ZI
2023-04-21 12:10:00,21.88,21.885,21.88,21.885,1053.0,ZI
2023-04-21 12:09:00,21.87,21.87,21.87,21.87,930.0,ZI
2023-04-21 12:08:00,21.88,21.88,21.86,21.87,4183.0,ZI
2023-04-21 12:07:00,21.89,21.89,21.86,21.88,10867.0,ZI
2023-04-21 12:06:00,21.89,21.9,21.86,21.88,7818.0,ZI
2023-04-21 12:05:00,21.89,21.89,21.88,21.88,3047.0,ZI
2023-04-21 12:04:00,21.865,21.9,21.865,21.89,7122.0,ZI
2023-04-21 12:03:00,21.87,21.875,21.87,21.87,1211.0,ZI
2023-04-21 12:02:00,21.805,21.87,21.8,21.865,11801.0,ZI
2023-04-21 12:01:00,21.795,21.825,21.795,21.81,10919.0,ZI
2023-04-21 12:00:00,21.77,21.8,21.765,21.7999,14339.0,ZI
2023-04-21 11:59:00,21.77,21.77,21.76,21.7607,880.0,ZI
2023-04-21 11:58:00,21.77,21.775,21.765,21.775,5317.0,ZI
2023-04-21 11:57:00,21.7575,21.775,21.755,21.775,8281.0,ZI
2023-04-21 11:56:00,21.755,21.76,21.7322,21.755,4826.0,ZI
2023-04-21 11:55:00,21.755,21.76,21.75,21.76,3716.0,ZI
2023-04-21 11:54:00,21.78,21.78,21.755,21.755,5252.0,ZI
2023-04-21 11:53:00,21.785,21.79,21.77,21.775,2088.0,ZI
2023-04-21 11:52:00,21.82,21.82,21.785,21.785,3947.0,ZI
2023-04-21 11:51:00,21.825,21.825,21.82,21.82,12694.0,ZI
2023-04-21 11:50:00,21.86,21.86,21.82,21.82,2123.0,ZI
2023-04-21 11:49:00,21.875,21.875,21.87,21.87,620.0,ZI
2023-04-21 11:48:00,21.9,21.9,21.88,21.88,1965.0,ZI
2023-04-21 11:47:00,21.93,21.93,21.905,21.905,3346.0,ZI
2023-04-21 11:46:00,21.92,21.92,21.915,21.92,5549.0,ZI
2023-04-21 11:45:00,21.915,21.925,21.91,21.91,2186.0,ZI
2023-04-21 11:44:00,21.93,21.93,21.92,21.92,2874.0,ZI
2023-04-21 11:43:00,21.92,21.925,21.92,21.925,1862.0,ZI
2023-04-21 11:42:00,21.9,21.93,21.9,21.92,3394.0,ZI
2023-04-21 11:41:00,21.905,21.905,21.89,21.89,1500.0,ZI
2023-04-21 11:40:00,21.945,21.945,21.9,21.91,6356.0,ZI
2023-04-21 11:39:00,21.95,21.95,21.94,21.94,3108.0,ZI
2023-04-21 11:38:00,21.94,21.965,21.94,21.96,8192.0,ZI
2023-04-21 11:37:00,21.905,21.94,21.905,21.94,3419.0,ZI
2023-04-21 11:36:00,21.92,21.9356,21.9,21.9,16914.0,ZI
2023-04-21 11:35:00,21.9,21.92,21.895,21.91,37615.0,ZI
2023-04-21 11:34:00,21.89,21.895,21.89,21.895,4042.0,ZI
2023-04-21 11:33:00,21.88,21.88,21.875,21.88,4375.0,ZI
2023-04-21 11:32:00,21.87,21.88,21.87,21.8799,4776.0,ZI
2023-04-21 11:31:00,21.844,21.8684,21.84,21.8684,6387.0,ZI
2023-04-21 11:30:00,21.83,21.8568,21.825,21.845,5558.0,ZI
2023-04-21 11:29:00,21.86,21.87,21.83,21.8325,12379.0,ZI
2023-04-21 11:28:00,21.86,21.86,21.845,21.86,8987.0,ZI
2023-04-21 11:27:00,21.87,21.88,21.86,21.86,5874.0,ZI
2023-04-21 11:26:00,21.79,21.86,21.79,21.86,14212.0,ZI
2023-04-21 11:25:00,21.79,21.8,21.79,21.79,7591.0,ZI
2023-04-21 11:24:00,21.7602,21.795,21.755,21.785,8400.0,ZI
2023-04-21 11:23:00,21.755,21.775,21.75,21.76,33134.0,ZI
2023-04-21 11:22:00,21.75,21.755,21.75,21.755,4989.0,ZI
2023-04-21 11:21:00,21.76,21.76,21.745,21.745,5254.0,ZI
2023-04-21 11:20:00,21.77,21.775,21.765,21.765,8047.0,ZI
2023-04-21 11:19:00,21.7672,21.77,21.76,21.76,5013.0,ZI
2023-04-21 11:18:00,21.75,21.77,21.74,21.765,28949.0,ZI
2023-04-21 11:17:00,21.73,21.755,21.725,21.75,6089.0,ZI
2023-04-21 11:16:00,21.73,21.73,21.73,21.73,1938.0,ZI
2023-04-21 11:15:00,21.7308,21.75,21.72,21.74,13200.0,ZI
2023-04-21 11:14:00,21.775,21.7775,21.74,21.74,2931.0,ZI
2023-04-21 11:13:00,21.805,21.81,21.77,21.7775,17664.0,ZI
2023-04-21 11:12:00,21.79,21.805,21.79,21.805,3381.0,ZI
2023-04-21 11:11:00,21.795,21.8,21.77,21.79,6421.0,ZI
2023-04-21 11:10:00,21.86,21.86,21.8,21.8,19324.0,ZI
2023-04-21 11:09:00,21.83,21.87,21.83,21.87,9415.0,ZI
2023-04-21 11:08:00,21.76,21.83,21.75,21.825,16455.0,ZI
2023-04-21 11:07:00,21.775,21.775,21.75,21.77,9534.0,ZI
2023-04-21 11:06:00,21.765,21.775,21.76,21.775,4478.0,ZI
2023-04-21 11:05:00,21.7,21.79,21.7,21.77,15807.0,ZI
2023-04-21 11:04:00,21.645,21.7,21.645,21.7,10407.0,ZI
2023-04-21 11:03:00,21.62,21.64,21.615,21.64,8557.0,ZI
2023-04-21 11:02:00,21.585,21.62,21.585,21.615,12196.0,ZI
2023-04-21 11:01:00,21.599,21.6,21.58,21.58,11674.0,ZI
2023-04-21 11:00:00,21.58,21.6,21.575,21.6,16116.0,ZI
2023-04-21 10:59:00,21.59,21.6,21.58,21.58,8201.0,ZI
2023-04-21 10:58:00,21.6,21.6,21.58,21.59,7127.0,ZI
2023-04-21 10:57:00,21.61,21.615,21.6,21.6,9834.0,ZI
2023-04-21 10:56:00,21.635,21.64,21.61,21.61,11654.0,ZI
2023-04-21 10:55:00,21.655,21.655,21.63,21.635,9054.0,ZI
2023-04-21 10:54:00,21.65,21.665,21.65,21.655,9760.0,ZI
2023-04-21 10:53:00,21.665,21.665,21.645,21.645,3669.0,ZI
2023-04-21 10:52:00,21.67,21.68,21.66,21.665,8257.0,ZI
2023-04-21 10:51:00,21.69,21.69,21.675,21.675,3609.0,ZI
2023-04-21 10:50:00,21.67,21.69,21.67,21.69,3450.0,ZI
2023-04-21 10:49:00,21.65,21.66,21.65,21.66,1940.0,ZI
2023-04-21 10:48:00,21.67,21.67,21.65,21.65,2097.0,ZI
2023-04-21 10:47:00,21.63,21.67,21.625,21.67,6291.0,ZI
2023-04-21 10:46:00,21.66,21.66,21.64,21.64,3390.0,ZI
2023-04-21 10:45:00,21.68,21.68,21.655,21.655,3596.0,ZI
2023-04-21 10:44:00,21.6875,21.695,21.6809,21.6809,3848.0,ZI
2023-04-21 10:43:00,21.6701,21.69,21.6701,21.68,2496.0,ZI
2023-04-21 10:42:00,21.7,21.7,21.675,21.675,10282.0,ZI
2023-04-21 10:41:00,21.71,21.715,21.71,21.71,3099.0,ZI
2023-04-21 10:40:00,21.7,21.71,21.69,21.71,8418.0,ZI
2023-04-21 10:39:00,21.77,21.77,21.705,21.71,7455.0,ZI
2023-04-21 10:38:00,21.78,21.79,21.78,21.78,1571.0,ZI
2023-04-21 10:37:00,21.75,21.8,21.75,21.78,6951.0,ZI
2023-04-21 10:36:00,21.77,21.77,21.745,21.75,4590.0,ZI
2023-04-21 10:35:00,21.81,21.81,21.77,21.77,6436.0,ZI
2023-04-21 10:34:00,21.8,21.81,21.8,21.805,1284.0,ZI
2023-04-21 10:33:00,21.815,21.82,21.79,21.8,6055.0,ZI
2023-04-21 10:32:00,21.765,21.815,21.76,21.815,6457.0,ZI
2023-04-21 10:31:00,21.745,21.765,21.745,21.76,3860.0,ZI
2023-04-21 10:30:00,21.725,21.74,21.72,21.735,8445.0,ZI
2023-04-21 10:29:00,21.75,21.75,21.73,21.73,3000.0,ZI
2023-04-21 10:28:00,21.73,21.755,21.725,21.755,3851.0,ZI
2023-04-21 10:27:00,21.72,21.745,21.72,21.725,8034.0,ZI
2023-04-21 10:26:00,21.645,21.71,21.645,21.71,4844.0,ZI
2023-04-21 10:25:00,21.65,21.66,21.65,21.65,5975.0,ZI
2023-04-21 10:24:00,21.66,21.665,21.63,21.66,23466.0,ZI
2023-04-21 10:23:00,21.67,21.685,21.665,21.665,3728.0,ZI
2023-04-21 10:22:00,21.72,21.72,21.665,21.665,7576.0,ZI
2023-04-21 10:21:00,21.72,21.73,21.72,21.72,4934.0,ZI
2023-04-21 10:20:00,21.72,21.72,21.715,21.72,1021.0,ZI
2023-04-21 10:19:00,21.73,21.74,21.72,21.72,2874.0,ZI
2023-04-21 10:18:00,21.7,21.7269,21.7,21.7269,2053.0,ZI
2023-04-21 10:17:00,21.7,21.71,21.695,21.695,2905.0,ZI
2023-04-21 10:16:00,21.725,21.725,21.71,21.71,2418.0,ZI
2023-04-21 10:15:00,21.69,21.72,21.67,21.72,4303.0,ZI
2023-04-21 10:14:00,21.66,21.685,21.66,21.685,3475.0,ZI
2023-04-21 10:13:00,21.65,21.67,21.65,21.665,3144.0,ZI
2023-04-21 10:12:00,21.64,21.655,21.64,21.645,1517.0,ZI
2023-04-21 10:11:00,21.64,21.655,21.635,21.635,4212.0,ZI
2023-04-21 10:10:00,21.62,21.64,21.62,21.64,1839.0,ZI
2023-04-21 10:09:00,21.58,21.6166,21.58,21.6166,3575.0,ZI
2023-04-21 10:08:00,21.57,21.59,21.57,21.59,1874.0,ZI
2023-04-21 10:07:00,21.59,21.59,21.56,21.565,15062.0,ZI
2023-04-21 10:06:00,21.5284,21.595,21.525,21.595,3534.0,ZI
2023-04-21 10:05:00,21.51,21.52,21.48,21.52,11634.0,ZI
2023-04-21 10:04:00,21.5,21.525,21.5,21.52,2215.0,ZI
2023-04-21 10:03:00,21.5,21.505,21.485,21.49,6404.0,ZI
2023-04-21 10:02:00,21.51,21.53,21.505,21.505,7128.0,ZI
2023-04-21 10:01:00,21.55,21.55,21.52,21.52,7393.0,ZI
2023-04-21 10:00:00,21.58,21.585,21.54,21.545,3469.0,ZI
2023-04-21 09:59:00,21.61,21.61,21.58,21.58,4542.0,ZI
2023-04-21 09:58:00,21.565,21.62,21.56,21.62,3810.0,ZI
2023-04-21 09:57:00,21.545,21.57,21.52,21.57,4673.0,ZI
2023-04-21 09:56:00,21.58,21.58,21.54,21.55,7705.0,ZI
2023-04-21 09:55:00,21.545,21.61,21.53,21.59,9108.0,ZI
2023-04-21 09:54:00,21.6,21.6,21.47,21.55,44708.0,ZI
2023-04-21 09:53:00,21.61,21.63,21.57,21.61,8972.0,ZI
2023-04-21 09:52:00,21.62,21.62,21.59,21.61,8986.0,ZI
2023-04-21 09:51:00,21.655,21.66,21.615,21.615,4978.0,ZI
2023-04-21 09:50:00,21.66,21.67,21.64,21.67,5430.0,ZI
2023-04-21 09:49:00,21.65,21.69,21.65,21.66,9977.0,ZI
2023-04-21 09:48:00,21.63,21.64,21.63,21.64,4246.0,ZI
2023-04-21 09:47:00,21.605,21.63,21.605,21.63,1832.0,ZI
2023-04-21 09:46:00,21.55,21.615,21.55,21.605,6560.0,ZI
2023-04-21 09:45:00,21.51,21.54,21.51,21.54,2250.0,ZI
2023-04-21 09:44:00,21.5,21.51,21.485,21.51,4259.0,ZI
2023-04-21 09:43:00,21.48,21.5,21.48,21.5,4928.0,ZI
2023-04-21 09:42:00,21.455,21.475,21.455,21.47,6608.0,ZI
2023-04-21 09:41:00,21.47,21.49,21.435,21.46,22704.0,ZI
2023-04-21 09:40:00,21.51,21.51,21.47,21.48,4768.0,ZI
2023-04-21 09:39:00,21.54,21.55,21.52,21.52,3480.0,ZI
2023-04-21 09:38:00,21.55,21.56,21.54,21.54,1795.0,ZI
2023-04-21 09:37:00,21.54,21.56,21.52,21.54,7431.0,ZI
2023-04-21 09:36:00,21.55,21.59,21.54,21.54,9485.0,ZI
2023-04-21 09:35:00,21.56,21.56,21.52,21.54,2217.0,ZI
2023-04-21 09:34:00,21.61,21.63,21.55,21.58,10500.0,ZI
2023-04-21 09:33:00,21.68,21.68,21.55,21.6,25266.0,ZI
2023-04-21 09:32:00,21.58,21.68,21.565,21.68,4525.0,ZI
2023-04-21 09:31:00,21.5,21.65,21.44,21.545,79673.0,ZI
2023-04-21 09:30:00,21.54,21.54,21.54,21.54,465.0,ZI
2023-04-20 17:46:00,21.35,21.35,21.35,21.35,467.0,ZI
2023-04-20 16:38:00,21.46,21.46,21.46,21.46,300.0,ZI
2023-04-20 16:19:00,21.45,21.45,21.45,21.45,100.0,ZI
2023-04-20 16:01:00,21.46,21.46,21.46,21.46,44183.0,ZI
2023-04-20 16:00:00,21.45,21.49,21.45,21.46,82778.0,ZI
2023-04-20 15:59:00,21.465,21.47,21.45,21.45,22162.0,ZI
2023-04-20 15:58:00,21.46,21.5,21.46,21.465,36729.0,ZI
2023-04-20 15:57:00,21.49,21.49,21.46,21.46,37365.0,ZI
2023-04-20 15:56:00,21.48,21.505,21.475,21.49,23461.0,ZI
2023-04-20 15:55:00,21.44,21.49,21.435,21.475,30896.0,ZI
2023-04-20 15:54:00,21.415,21.445,21.41,21.435,15976.0,ZI
2023-04-20 15:53:00,21.39,21.42,21.39,21.42,21382.0,ZI
2023-04-20 15:52:00,21.39,21.39,21.365,21.39,15003.0,ZI
2023-04-20 15:51:00,21.42,21.42,21.37,21.385,34108.0,ZI
2023-04-20 15:50:00,21.435,21.435,21.42,21.42,9183.0,ZI
2023-04-20 15:49:00,21.435,21.44,21.425,21.43,11402.0,ZI
2023-04-20 15:48:00,21.425,21.44,21.425,21.435,22538.0,ZI
2023-04-20 15:47:00,21.47,21.47,21.425,21.43,25087.0,ZI
2023-04-20 15:46:00,21.46,21.48,21.46,21.475,11045.0,ZI
2023-04-20 15:45:00,21.46,21.465,21.451,21.46,11898.0,ZI
2023-04-20 15:44:00,21.435,21.465,21.43,21.46,12355.0,ZI
2023-04-20 15:43:00,21.475,21.48,21.44,21.44,13132.0,ZI
2023-04-20 15:42:00,21.475,21.475,21.4644,21.47,12640.0,ZI
2023-04-20 15:41:00,21.45,21.475,21.45,21.47,17016.0,ZI
2023-04-20 15:40:00,21.45,21.45,21.44,21.445,30299.0,ZI
2023-04-20 15:39:00,21.46,21.46,21.44,21.45,17180.0,ZI
2023-04-20 15:38:00,21.445,21.465,21.445,21.465,9484.0,ZI
2023-04-20 15:37:00,21.465,21.47,21.44,21.45,9892.0,ZI
2023-04-20 15:36:00,21.4601,21.47,21.4511,21.46,13166.0,ZI
2023-04-20 15:35:00,21.475,21.475,21.455,21.46,47404.0,ZI
2023-04-20 15:34:00,21.48,21.485,21.465,21.475,15708.0,ZI
2023-04-20 15:33:00,21.49,21.49,21.48,21.485,2409.0,ZI
2023-04-20 15:32:00,21.47,21.49,21.47,21.49,8630.0,ZI
2023-04-20 15:31:00,21.415,21.47,21.415,21.47,18348.0,ZI
2023-04-20 15:30:00,21.41,21.43,21.41,21.415,16385.0,ZI
2023-04-20 15:29:00,21.41,21.41,21.4,21.405,11504.0,ZI
2023-04-20 15:28:00,21.455,21.455,21.41,21.411,30672.0,ZI
2023-04-20 15:27:00,21.455,21.455,21.445,21.45,8372.0,ZI
2023-04-20 15:26:00,21.455,21.465,21.455,21.455,6739.0,ZI
2023-04-20 15:25:00,21.475,21.475,21.455,21.455,4711.0,ZI
2023-04-20 15:24:00,21.47,21.475,21.461,21.475,3077.0,ZI
2023-04-20 15:23:00,21.47,21.475,21.47,21.47,3701.0,ZI
2023-04-20 15:22:00,21.455,21.475,21.45,21.475,2896.0,ZI
2023-04-20 15:21:00,21.465,21.47,21.455,21.4599,2800.0,ZI
2023-04-20 15:20:00,21.48,21.48,21.46,21.46,4980.0,ZI
2023-04-20 15:19:00,21.5,21.5,21.465,21.475,6275.0,ZI
2023-04-20 15:18:00,21.5046,21.51,21.5,21.5,1016.0,ZI
2023-04-20 15:17:00,21.52,21.52,21.505,21.505,4200.0,ZI
2023-04-20 15:16:00,21.5225,21.53,21.52,21.52,6453.0,ZI
2023-04-20 15:15:00,21.57,21.57,21.525,21.525,8792.0,ZI
2023-04-20 15:14:00,21.59,21.59,21.56,21.57,14364.0,ZI
2023-04-20 15:13:00,21.59,21.61,21.59,21.595,6580.0,ZI
2023-04-20 15:12:00,21.58,21.58,21.57,21.58,4490.0,ZI
2023-04-20 15:11:00,21.56,21.57,21.555,21.57,9001.0,ZI
2023-04-20 15:10:00,21.57,21.575,21.56,21.57,4939.0,ZI
2023-04-20 15:09:00,21.56,21.575,21.55,21.575,4255.0,ZI
2023-04-20 15:08:00,21.605,21.605,21.555,21.56,12376.0,ZI
2023-04-20 15:07:00,21.595,21.605,21.595,21.605,2035.0,ZI
2023-04-20 15:06:00,21.61,21.61,21.59,21.595,9275.0,ZI
2023-04-20 15:05:00,21.625,21.63,21.61,21.615,15777.0,ZI
2023-04-20 15:04:00,21.61,21.635,21.605,21.625,17641.0,ZI
2023-04-20 15:03:00,21.61,21.615,21.605,21.61,6363.0,ZI
2023-04-20 15:02:00,21.6,21.61,21.595,21.605,45248.0,ZI
2023-04-20 15:01:00,21.575,21.61,21.565,21.61,13333.0,ZI
2023-04-20 15:00:00,21.575,21.585,21.575,21.58,4323.0,ZI
2023-04-20 14:59:00,21.57,21.58,21.57,21.58,2519.0,ZI
2023-04-20 14:58:00,21.54,21.5699,21.54,21.565,11895.0,ZI
2023-04-20 14:57:00,21.53,21.54,21.515,21.535,9604.0,ZI
2023-04-20 14:56:00,21.505,21.53,21.505,21.53,2225.0,ZI
2023-04-20 14:55:00,21.495,21.51,21.495,21.51,1676.0,ZI
2023-04-20 14:54:00,21.485,21.495,21.485,21.495,3857.0,ZI
2023-04-20 14:53:00,21.49,21.49,21.48,21.48,2540.0,ZI
2023-04-20 14:52:00,21.46,21.49,21.455,21.485,14206.0,ZI
2023-04-20 14:51:00,21.45,21.465,21.445,21.465,5908.0,ZI
2023-04-20 14:50:00,21.46,21.46,21.44,21.445,17073.0,ZI
2023-04-20 14:49:00,21.475,21.475,21.46,21.465,10083.0,ZI
2023-04-20 14:48:00,21.475,21.475,21.475,21.475,722.0,ZI
2023-04-20 14:47:00,21.49,21.49,21.47,21.475,6424.0,ZI
2023-04-20 14:46:00,21.48,21.49,21.465,21.485,8417.0,ZI
2023-04-20 14:45:00,21.465,21.48,21.465,21.48,2754.0,ZI
2023-04-20 14:44:00,21.465,21.465,21.45,21.46,4779.0,ZI
2023-04-20 14:43:00,21.47,21.47,21.455,21.46,10027.0,ZI
2023-04-20 14:42:00,21.47,21.48,21.445,21.48,8066.0,ZI
2023-04-20 14:41:00,21.5075,21.5075,21.475,21.48,11666.0,ZI
2023-04-20 14:40:00,21.505,21.51,21.505,21.505,1015.0,ZI
2023-04-20 14:39:00,21.505,21.505,21.505,21.505,245.0,ZI
2023-04-20 14:38:00,21.49,21.505,21.4808,21.505,5730.0,ZI
2023-04-20 14:37:00,21.5,21.5,21.48,21.485,7361.0,ZI
2023-04-20 14:36:00,21.53,21.53,21.505,21.505,7246.0,ZI
2023-04-20 14:35:00,21.535,21.54,21.5313,21.54,710.0,ZI
2023-04-20 14:34:00,21.525,21.535,21.525,21.535,3129.0,ZI
2023-04-20 14:33:00,21.545,21.545,21.52,21.52,4924.0,ZI
2023-04-20 14:32:00,21.545,21.545,21.545,21.545,580.0,ZI
2023-04-20 14:31:00,21.54,21.56,21.54,21.55,5822.0,ZI
2023-04-20 14:30:00,21.55,21.55,21.53,21.54,3344.0,ZI
2023-04-20 14:29:00,21.565,21.565,21.56,21.56,2519.0,ZI
2023-04-20 14:28:00,21.56,21.56,21.555,21.56,2677.0,ZI
2023-04-20 14:27:00,21.59,21.59,21.555,21.56,11802.0,ZI
2023-04-20 14:26:00,21.585,21.59,21.585,21.59,3136.0,ZI
2023-04-20 14:25:00,21.595,21.6,21.585,21.585,4964.0,ZI
2023-04-20 14:24:00,21.6,21.605,21.5901,21.5901,1554.0,ZI
2023-04-20 14:23:00,21.59,21.6,21.59,21.6,2093.0,ZI
2023-04-20 14:22:00,21.58,21.585,21.575,21.585,2381.0,ZI
2023-04-20 14:21:00,21.59,21.59,21.565,21.58,6560.0,ZI
2023-04-20 14:20:00,21.6,21.6,21.59,21.59,7121.0,ZI
2023-04-20 14:19:00,21.61,21.61,21.61,21.61,2083.0,ZI
2023-04-20 14:18:00,21.61,21.615,21.61,21.615,274.0,ZI
2023-04-20 14:17:00,21.6275,21.6275,21.61,21.61,4789.0,ZI
2023-04-20 14:16:00,21.63,21.63,21.62,21.625,4280.0,ZI
2023-04-20 14:15:00,21.655,21.655,21.63,21.63,3290.0,ZI
2023-04-20 14:14:00,21.675,21.675,21.66,21.66,3105.0,ZI
2023-04-20 14:13:00,21.66,21.68,21.66,21.68,5410.0,ZI
2023-04-20 14:12:00,21.655,21.655,21.655,21.655,310.0,ZI
2023-04-20 14:11:00,21.66,21.66,21.645,21.655,7349.0,ZI
2023-04-20 14:10:00,21.67,21.67,21.66,21.66,2138.0,ZI
2023-04-20 14:09:00,21.68,21.69,21.68,21.68,5433.0,ZI
2023-04-20 14:08:00,21.655,21.67,21.655,21.67,4395.0,ZI
2023-04-20 14:07:00,21.66,21.66,21.65,21.65,1489.0,ZI
2023-04-20 14:06:00,21.68,21.68,21.665,21.665,2356.0,ZI
2023-04-20 14:05:00,21.69,21.69,21.68,21.68,1083.0,ZI
2023-04-20 14:04:00,21.71,21.715,21.69,21.69,8220.0,ZI
2023-04-20 14:03:00,21.705,21.705,21.705,21.705,1201.0,ZI
2023-04-20 14:02:00,21.7,21.71,21.7,21.71,4733.0,ZI
2023-04-20 14:01:00,21.72,21.72,21.69,21.695,7909.0,ZI
2023-04-20 14:00:00,21.72,21.725,21.71,21.725,4418.0,ZI
2023-04-20 13:59:00,21.73,21.73,21.725,21.725,2646.0,ZI
2023-04-20 13:58:00,21.765,21.765,21.72,21.725,9196.0,ZI
2023-04-20 13:57:00,21.77,21.77,21.765,21.765,1290.0,ZI
2023-04-20 13:56:00,21.765,21.765,21.76,21.765,896.0,ZI
2023-04-20 13:55:00,21.765,21.765,21.765,21.765,264.0,ZI
2023-04-20 13:54:00,21.755,21.76,21.755,21.76,2904.0,ZI
2023-04-20 13:53:00,21.73,21.75,21.73,21.75,3438.0,ZI
2023-04-20 13:52:00,21.72,21.73,21.72,21.73,3094.0,ZI
2023-04-20 13:51:00,21.765,21.765,21.715,21.72,14064.0,ZI
2023-04-20 13:50:00,21.76,21.765,21.76,21.765,309.0,ZI
2023-04-20 13:49:00,21.765,21.765,21.76,21.76,627.0,ZI
2023-04-20 13:48:00,21.77,21.77,21.7614,21.7614,2412.0,ZI
2023-04-20 13:47:00,21.77,21.775,21.77,21.77,2321.0,ZI
2023-04-20 13:46:00,21.77,21.77,21.7631,21.765,8956.0,ZI
2023-04-20 13:45:00,21.77,21.78,21.765,21.775,3198.0,ZI
2023-04-20 13:44:00,21.77,21.78,21.765,21.78,4154.0,ZI
2023-04-20 13:43:00,21.79,21.79,21.775,21.775,4587.0,ZI
2023-04-20 13:42:00,21.78,21.79,21.78,21.785,1601.0,ZI
2023-04-20 13:41:00,21.79,21.79,21.782,21.782,2688.0,ZI
2023-04-20 13:40:00,21.79,21.79,21.78,21.785,3253.0,ZI
2023-04-20 13:39:00,21.815,21.815,21.79,21.795,3976.0,ZI
2023-04-20 13:38:00,21.835,21.835,21.82,21.82,8120.0,ZI
2023-04-20 13:36:00,21.84,21.84,21.835,21.835,5387.0,ZI
2023-04-20 13:35:00,21.84,21.845,21.84,21.84,2706.0,ZI
2023-04-20 13:34:00,21.84,21.84,21.83,21.83,2226.0,ZI
2023-04-20 13:33:00,21.845,21.85,21.83,21.83,15231.0,ZI
2023-04-20 13:32:00,21.84,21.84,21.83,21.84,3884.0,ZI
2023-04-20 13:31:00,21.82,21.84,21.82,21.84,7241.0,ZI
2023-04-20 13:30:00,21.87,21.875,21.82,21.82,49827.0,ZI
2023-04-20 13:29:00,21.88,21.88,21.8626,21.8626,11481.0,ZI
2023-04-20 13:28:00,21.87,21.88,21.87,21.875,931.0,ZI
2023-04-20 13:27:00,21.88,21.88,21.87,21.88,3593.0,ZI
2023-04-20 13:26:00,21.88,21.885,21.88,21.885,1751.0,ZI
2023-04-20 13:25:00,21.875,21.875,21.875,21.875,1346.0,ZI
2023-04-20 13:24:00,21.89,21.89,21.875,21.875,4704.0,ZI
2023-04-20 13:23:00,21.87,21.89,21.87,21.89,3192.0,ZI
2023-04-20 13:22:00,21.865,21.865,21.855,21.86,5264.0,ZI
2023-04-20 13:21:00,21.875,21.875,21.86,21.865,14477.0,ZI
2023-04-20 13:20:00,21.875,21.875,21.87,21.87,1373.0,ZI
2023-04-20 13:19:00,21.855,21.87,21.855,21.87,2940.0,ZI
2023-04-20 13:18:00,21.805,21.875,21.805,21.875,13523.0,ZI
2023-04-20 13:17:00,21.845,21.855,21.79,21.805,27803.0,ZI
2023-04-20 13:16:00,21.85,21.85,21.845,21.845,5624.0,ZI
2023-04-20 13:15:00,21.83,21.855,21.83,21.85,5830.0,ZI
2023-04-20 13:14:00,21.765,21.82,21.76,21.82,10636.0,ZI
2023-04-20 13:13:00,21.77,21.77,21.76,21.765,5116.0,ZI
2023-04-20 13:12:00,21.77,21.775,21.765,21.77,16501.0,ZI
2023-04-20 13:11:00,21.76,21.765,21.74,21.7618,15819.0,ZI
2023-04-20 13:10:00,21.755,21.7636,21.75,21.7636,4690.0,ZI
2023-04-20 13:09:00,21.755,21.755,21.75,21.75,2660.0,ZI
2023-04-20 13:08:00,21.775,21.775,21.755,21.755,12603.0,ZI
2023-04-20 13:07:00,21.78,21.78,21.775,21.775,7035.0,ZI
2023-04-20 13:06:00,21.78,21.78,21.77,21.77,2908.0,ZI
2023-04-20 13:05:00,21.79,21.79,21.775,21.775,14502.0,ZI
2023-04-20 13:04:00,21.79,21.8,21.79,21.795,3474.0,ZI
2023-04-20 13:03:00,21.77,21.78,21.77,21.78,2655.0,ZI
2023-04-20 13:02:00,21.78,21.78,21.775,21.775,3536.0,ZI
2023-04-20 13:01:00,21.805,21.805,21.78,21.78,6213.0,ZI
2023-04-20 13:00:00,21.8,21.815,21.795,21.805,8908.0,ZI
2023-04-20 12:59:00,21.74,21.795,21.74,21.795,7154.0,ZI
2023-04-20 12:58:00,21.745,21.75,21.735,21.735,7614.0,ZI
2023-04-20 12:57:00,21.745,21.745,21.74,21.745,432.0,ZI
2023-04-20 12:56:00,21.7422,21.745,21.74,21.74,5776.0,ZI
2023-04-20 12:55:00,21.735,21.75,21.735,21.745,11253.0,ZI
2023-04-20 12:54:00,21.735,21.735,21.735,21.735,303.0,ZI
2023-04-20 12:53:00,21.74,21.75,21.73,21.73,15420.0,ZI
2023-04-20 12:52:00,21.73,21.75,21.73,21.74,15189.0,ZI
2023-04-20 12:51:00,21.725,21.73,21.725,21.725,887.0,ZI
2023-04-20 12:50:00,21.73,21.735,21.72,21.7228,13193.0,ZI
2023-04-20 12:49:00,21.725,21.735,21.725,21.73,8078.0,ZI
2023-04-20 12:48:00,21.73,21.73,21.725,21.725,5210.0,ZI
2023-04-20 12:47:00,21.725,21.725,21.725,21.725,150.0,ZI
2023-04-20 12:46:00,21.73,21.73,21.725,21.73,6594.0,ZI
2023-04-20 12:45:00,21.715,21.7375,21.71,21.73,17919.0,ZI
2023-04-20 12:44:00,21.705,21.72,21.705,21.715,3401.0,ZI
2023-04-20 12:43:00,21.7,21.705,21.695,21.705,4768.0,ZI
2023-04-20 12:42:00,21.695,21.705,21.695,21.705,2228.0,ZI
2023-04-20 12:41:00,21.705,21.72,21.695,21.695,8139.0,ZI
2023-04-20 12:40:00,21.7,21.7,21.695,21.7,3298.0,ZI
2023-04-20 12:39:00,21.71,21.71,21.695,21.705,5868.0,ZI
2023-04-20 12:38:00,21.675,21.735,21.675,21.71,37683.0,ZI
2023-04-20 12:37:00,21.671,21.68,21.67,21.67,15486.0,ZI
2023-04-20 12:36:00,21.71,21.71,21.675,21.675,16993.0,ZI
2023-04-20 12:35:00,21.715,21.72,21.71,21.71,3914.0,ZI
2023-04-20 12:34:00,21.7,21.72,21.7,21.71,7567.0,ZI
2023-04-20 12:33:00,21.7,21.7,21.695,21.695,1238.0,ZI
2023-04-20 12:32:00,21.69,21.705,21.69,21.695,5308.0,ZI
2023-04-20 12:31:00,21.685,21.685,21.685,21.685,431.0,ZI
2023-04-20 12:30:00,21.685,21.69,21.6847,21.6847,1719.0,ZI
2023-04-20 12:29:00,21.68,21.685,21.675,21.685,4649.0,ZI
2023-04-20 12:28:00,21.685,21.685,21.68,21.685,919.0,ZI
2023-04-20 12:27:00,21.675,21.685,21.675,21.685,1660.0,ZI
2023-04-20 12:26:00,21.68,21.68,21.67,21.68,3093.0,ZI
2023-04-20 12:25:00,21.675,21.69,21.675,21.68,1785.0,ZI
2023-04-20 12:24:00,21.67,21.675,21.655,21.675,5412.0,ZI
2023-04-20 12:23:00,21.68,21.68,21.68,21.68,931.0,ZI
2023-04-20 12:22:00,21.72,21.72,21.68,21.68,8963.0,ZI
2023-04-20 12:21:00,21.72,21.725,21.715,21.715,1666.0,ZI
2023-04-20 12:20:00,21.72,21.72,21.71,21.715,1959.0,ZI
2023-04-20 12:19:00,21.73,21.73,21.715,21.72,8753.0,ZI
2023-04-20 12:17:00,21.75,21.76,21.73,21.73,28170.0,ZI
2023-04-20 12:16:00,21.745,21.75,21.745,21.7475,31349.0,ZI
2023-04-20 12:15:00,21.745,21.75,21.74,21.74,19067.0,ZI
2023-04-20 12:14:00,21.74,21.745,21.735,21.745,3658.0,ZI
2023-04-20 12:13:00,21.72,21.745,21.715,21.74,14741.0,ZI
2023-04-20 12:12:00,21.7,21.73,21.7,21.7225,11042.0,ZI
2023-04-20 12:11:00,21.7,21.71,21.7,21.7,4418.0,ZI
2023-04-20 12:10:00,21.73,21.73,21.7,21.7,11789.0,ZI
2023-04-20 12:09:00,21.74,21.74,21.73,21.73,1442.0,ZI
2023-04-20 12:08:00,21.74,21.74,21.73,21.73,5030.0,ZI
2023-04-20 12:07:00,21.71,21.74,21.705,21.74,20399.0,ZI
2023-04-20 12:06:00,21.735,21.735,21.705,21.71,17329.0,ZI
2023-04-20 12:05:00,21.735,21.738,21.73,21.73,14787.0,ZI
2023-04-20 12:04:00,21.74,21.74,21.735,21.735,11560.0,ZI
2023-04-20 12:03:00,21.74,21.745,21.74,21.745,673.0,ZI
2023-04-20 12:02:00,21.735,21.745,21.7313,21.74,5578.0,ZI
2023-04-20 12:01:00,21.75,21.75,21.74,21.74,7254.0,ZI
2023-04-20 12:00:00,21.745,21.75,21.7414,21.745,1172.0,ZI
2023-04-20 11:59:00,21.75,21.75,21.745,21.745,937.0,ZI
2023-04-20 11:58:00,21.75,21.75,21.75,21.75,3148.0,ZI
2023-04-20 11:57:00,21.735,21.74,21.735,21.74,2293.0,ZI
2023-04-20 11:56:00,21.74,21.74,21.7312,21.7341,7036.0,ZI
2023-04-20 11:55:00,21.75,21.75,21.74,21.745,20610.0,ZI
2023-04-20 11:54:00,21.74,21.75,21.74,21.745,12431.0,ZI
2023-04-20 11:53:00,21.749,21.75,21.745,21.745,7353.0,ZI
2023-04-20 11:52:00,21.73,21.74,21.725,21.74,2168.0,ZI
2023-04-20 11:51:00,21.73,21.73,21.72,21.725,2378.0,ZI
2023-04-20 11:50:00,21.725,21.74,21.725,21.735,2553.0,ZI
2023-04-20 11:49:00,21.745,21.745,21.72,21.72,5858.0,ZI
2023-04-20 11:48:00,21.735,21.745,21.735,21.745,1907.0,ZI
2023-04-20 11:47:00,21.745,21.745,21.735,21.74,5850.0,ZI
2023-04-20 11:46:00,21.735,21.745,21.735,21.745,1850.0,ZI
2023-04-20 11:45:00,21.75,21.75,21.7301,21.735,3071.0,ZI
2023-04-20 11:44:00,21.7319,21.74,21.725,21.74,8460.0,ZI
2023-04-20 11:43:00,21.74,21.74,21.735,21.735,1355.0,ZI
2023-04-20 11:42:00,21.725,21.745,21.725,21.74,7359.0,ZI
2023-04-20 11:41:00,21.725,21.73,21.725,21.725,2573.0,ZI
2023-04-20 11:40:00,21.725,21.725,21.725,21.725,2213.0,ZI
2023-04-20 11:39:00,21.715,21.73,21.715,21.72,8960.0,ZI
2023-04-20 11:38:00,21.695,21.7175,21.695,21.715,2504.0,ZI
2023-04-20 11:37:00,21.7,21.7,21.69,21.695,2274.0,ZI
2023-04-20 11:36:00,21.685,21.695,21.68,21.69,2918.0,ZI
2023-04-20 11:35:00,21.685,21.685,21.685,21.685,845.0,ZI
2023-04-20 11:34:00,21.69,21.69,21.67,21.685,4898.0,ZI
2023-04-20 11:33:00,21.7,21.71,21.695,21.695,4726.0,ZI
2023-04-20 11:32:00,21.7,21.7,21.695,21.695,847.0,ZI
2023-04-20 11:31:00,21.705,21.705,21.69,21.695,4687.0,ZI
2023-04-20 11:30:00,21.67,21.705,21.67,21.705,12636.0,ZI
2023-04-20 11:29:00,21.7307,21.7307,21.67,21.67,11161.0,ZI
2023-04-20 11:28:00,21.75,21.75,21.73,21.735,8332.0,ZI
2023-04-20 11:27:00,21.78,21.78,21.75,21.75,6580.0,ZI
2023-04-20 11:26:00,21.8,21.81,21.78,21.785,7894.0,ZI
2023-04-20 11:25:00,21.78,21.795,21.745,21.795,21590.0,ZI
2023-04-20 11:24:00,21.88,21.88,21.76,21.78,64169.0,ZI
2023-04-20 11:23:00,21.875,21.885,21.875,21.885,1758.0,ZI
2023-04-20 11:22:00,21.87,21.87,21.85,21.87,7217.0,ZI
2023-04-20 11:21:00,21.87,21.875,21.87,21.875,2650.0,ZI
2023-04-20 11:20:00,21.88,21.88,21.87,21.87,3849.0,ZI
2023-04-20 11:19:00,21.875,21.88,21.875,21.88,1504.0,ZI
2023-04-20 11:18:00,21.85,21.8771,21.85,21.87,6709.0,ZI
2023-04-20 11:17:00,21.83,21.845,21.83,21.845,3283.0,ZI
2023-04-20 11:16:00,21.85,21.85,21.82,21.83,3711.0,ZI
2023-04-20 11:15:00,21.87,21.875,21.85,21.85,5032.0,ZI
2023-04-20 11:14:00,21.865,21.87,21.85,21.87,4049.0,ZI
2023-04-20 11:13:00,21.85,21.865,21.85,21.865,1221.0,ZI
2023-04-20 11:12:00,21.86,21.86,21.84,21.84,4127.0,ZI
2023-04-20 11:11:00,21.84,21.865,21.84,21.865,3185.0,ZI
2023-04-20 11:10:00,21.85,21.85,21.835,21.84,3722.0,ZI
2023-04-20 11:09:00,21.82,21.84,21.8,21.84,5834.0,ZI
2023-04-20 11:08:00,21.87,21.87,21.82,21.82,5983.0,ZI
2023-04-20 11:07:00,21.89,21.89,21.875,21.8758,7253.0,ZI
2023-04-20 11:06:00,21.88,21.895,21.88,21.895,1300.0,ZI
2023-04-20 11:05:00,21.89,21.89,21.88,21.88,3226.0,ZI
2023-04-20 11:04:00,21.895,21.895,21.885,21.885,4130.0,ZI
2023-04-20 11:03:00,21.9,21.9,21.9,21.9,1506.0,ZI
2023-04-20 11:02:00,21.925,21.925,21.9,21.9,7346.0,ZI
2023-04-20 11:01:00,21.925,21.93,21.92,21.93,1012.0,ZI
2023-04-20 11:00:00,21.895,21.93,21.895,21.93,3905.0,ZI
2023-04-20 10:59:00,21.895,21.91,21.895,21.9,8408.0,ZI
2023-04-20 10:58:00,21.8985,21.8985,21.89,21.895,728.0,ZI
2023-04-20 10:57:00,21.94,21.94,21.895,21.895,9034.0,ZI
2023-04-20 10:55:00,21.94,21.945,21.94,21.945,1227.0,ZI
2023-04-20 10:54:00,21.99,21.99,21.935,21.935,6902.0,ZI
2023-04-20 10:53:00,21.97,21.98,21.97,21.98,1721.0,ZI
2023-04-20 10:52:00,21.935,21.95,21.92,21.95,15231.0,ZI
2023-04-20 10:51:00,21.94,21.94,21.94,21.94,530.0,ZI
2023-04-20 10:50:00,21.98,21.98,21.94,21.94,8839.0,ZI
2023-04-20 10:49:00,21.9907,21.9907,21.98,21.986,2295.0,ZI
2023-04-20 10:48:00,21.975,22.0,21.95,21.99,12100.0,ZI
2023-04-20 10:47:00,21.99,22.005,21.975,21.975,65990.0,ZI
2023-04-20 10:46:00,21.985,21.985,21.985,21.985,944.0,ZI
2023-04-20 10:45:00,22.0,22.005,21.985,21.99,32962.0,ZI
2023-04-20 10:44:00,21.985,22.0,21.985,22.0,19404.0,ZI
2023-04-20 10:43:00,21.97,21.985,21.97,21.985,2943.0,ZI
2023-04-20 10:42:00,21.97,21.98,21.965,21.97,2083.0,ZI
2023-04-20 10:41:00,21.955,21.96,21.955,21.96,1710.0,ZI
2023-04-20 10:40:00,21.97,21.98,21.95,21.955,5075.0,ZI
2023-04-20 10:39:00,21.95,21.97,21.95,21.97,1890.0,ZI
2023-04-20 10:38:00,21.94,21.95,21.94,21.95,4520.0,ZI
2023-04-20 10:37:00,21.94,21.94,21.93,21.93,2354.0,ZI
2023-04-20 10:36:00,21.95,21.95,21.945,21.945,1771.0,ZI
2023-04-20 10:35:00,21.985,21.985,21.955,21.955,12147.0,ZI
2023-04-20 10:34:00,21.935,21.98,21.935,21.98,4290.0,ZI
2023-04-20 10:33:00,21.95,21.95,21.935,21.935,2390.0,ZI
2023-04-20 10:32:00,21.93,21.94,21.925,21.94,4936.0,ZI
2023-04-20 10:31:00,21.905,21.925,21.905,21.92,3449.0,ZI
2023-04-20 10:30:00,21.89,21.925,21.89,21.905,7960.0,ZI
2023-04-20 10:29:00,21.885,21.89,21.87,21.89,6120.0,ZI
2023-04-20 10:28:00,21.885,21.89,21.885,21.885,3628.0,ZI
2023-04-20 10:27:00,21.89,21.9,21.88,21.88,7015.0,ZI
2023-04-20 10:26:00,21.875,21.89,21.875,21.89,1608.0,ZI
2023-04-20 10:25:00,21.87,21.875,21.87,21.875,417.0,ZI
2023-04-20 10:24:00,21.875,21.875,21.865,21.865,2726.0,ZI
2023-04-20 10:23:00,21.875,21.89,21.87,21.875,4346.0,ZI
2023-04-20 10:22:00,21.86,21.87,21.86,21.86,5094.0,ZI
2023-04-20 10:21:00,21.85,21.86,21.845,21.86,3543.0,ZI
2023-04-20 10:20:00,21.815,21.865,21.815,21.85,6277.0,ZI
2023-04-20 10:19:00,21.835,21.835,21.815,21.815,4112.0,ZI
2023-04-20 10:18:00,21.815,21.84,21.815,21.83,1570.0,ZI
2023-04-20 10:17:00,21.86,21.86,21.815,21.815,8660.0,ZI
2023-04-20 10:16:00,21.87,21.875,21.86,21.87,4030.0,ZI
2023-04-20 10:15:00,21.865,21.875,21.86,21.875,9176.0,ZI
2023-04-20 10:14:00,21.845,21.87,21.845,21.86,4124.0,ZI
2023-04-20 10:13:00,21.84,21.845,21.825,21.83,4507.0,ZI
2023-04-20 10:12:00,21.82,21.85,21.81,21.85,4608.0,ZI
2023-04-20 10:11:00,21.82,21.825,21.79,21.82,10333.0,ZI
2023-04-20 10:10:00,21.84,21.85,21.81,21.815,5640.0,ZI
2023-04-20 10:09:00,21.85,21.88,21.84,21.84,11480.0,ZI
2023-04-20 10:08:00,21.81,21.845,21.81,21.845,7265.0,ZI
2023-04-20 10:07:00,21.83,21.83,21.805,21.805,1713.0,ZI
2023-04-20 10:06:00,21.81,21.83,21.81,21.83,4532.0,ZI
2023-04-20 10:05:00,21.83,21.83,21.82,21.82,4781.0,ZI
2023-04-20 10:04:00,21.82,21.835,21.805,21.835,8081.0,ZI
2023-04-20 10:03:00,21.8,21.815,21.8,21.815,1359.0,ZI
2023-04-20 10:02:00,21.76,21.8,21.76,21.8,4232.0,ZI
2023-04-20 10:01:00,21.755,21.79,21.755,21.77,6133.0,ZI
2023-04-20 10:00:00,21.75,21.76,21.75,21.75,4263.0,ZI
2023-04-20 09:59:00,21.74,21.75,21.74,21.75,1606.0,ZI
2023-04-20 09:58:00,21.725,21.725,21.715,21.72,2500.0,ZI
2023-04-20 09:57:00,21.72,21.72,21.7,21.72,4600.0,ZI
2023-04-20 09:56:00,21.73,21.73,21.7,21.72,3682.0,ZI
2023-04-20 09:55:00,21.74,21.755,21.73,21.74,3752.0,ZI
2023-04-20 09:54:00,21.765,21.765,21.74,21.74,4046.0,ZI
2023-04-20 09:53:00,21.785,21.7904,21.77,21.78,4629.0,ZI
2023-04-20 09:52:00,21.75,21.775,21.75,21.765,4616.0,ZI
2023-04-20 09:51:00,21.75,21.75,21.735,21.74,1768.0,ZI
2023-04-20 09:50:00,21.76,21.78,21.74,21.74,13440.0,ZI
2023-04-20 09:49:00,21.76,21.76,21.75,21.75,3428.0,ZI
2023-04-20 09:48:00,21.76,21.76,21.735,21.76,8296.0,ZI
2023-04-20 09:47:00,21.71,21.75,21.71,21.75,1019.0,ZI
2023-04-20 09:46:00,21.69,21.69,21.685,21.69,3199.0,ZI
2023-04-20 09:45:00,21.68,21.69,21.65,21.69,4136.0,ZI
2023-04-20 09:44:00,21.76,21.76,21.68,21.68,12324.0,ZI
2023-04-20 09:43:00,21.74,21.765,21.74,21.755,5125.0,ZI
2023-04-20 09:42:00,21.74,21.74,21.73,21.73,478.0,ZI
2023-04-20 09:41:00,21.74,21.74,21.72,21.74,2758.0,ZI
2023-04-20 09:40:00,21.77,21.78,21.75,21.76,5149.0,ZI
2023-04-20 09:39:00,21.76,21.77,21.76,21.77,1762.0,ZI
2023-04-20 09:38:00,21.77,21.77,21.74,21.76,2251.0,ZI
2023-04-20 09:37:00,21.77,21.79,21.77,21.77,4482.0,ZI
2023-04-20 09:36:00,21.74,21.88,21.74,21.785,21648.0,ZI
2023-04-20 09:35:00,21.74,21.74,21.73,21.74,1381.0,ZI
2023-04-20 09:34:00,21.71,21.775,21.7,21.75,2671.0,ZI
2023-04-20 09:33:00,21.68,21.78,21.68,21.69,5001.0,ZI
2023-04-20 09:32:00,21.695,21.73,21.695,21.73,1816.0,ZI
2023-04-20 09:31:00,21.67,21.73,21.67,21.695,23808.0,ZI
2023-04-20 08:46:00,21.64,21.66,21.64,21.66,345.0,ZI
2023-04-20 08:26:00,21.62,21.62,21.62,21.62,100.0,ZI
2023-04-19 16:01:00,21.92,21.92,21.92,21.92,22642.0,ZI
2023-04-19 16:00:00,21.925,21.93,21.91,21.92,56631.0,ZI
2023-04-19 15:59:00,21.93,21.93,21.92,21.925,17927.0,ZI
2023-04-19 15:58:00,21.915,21.93,21.91,21.925,27072.0,ZI
2023-04-19 15:57:00,21.915,21.915,21.91,21.91,12280.0,ZI
2023-04-19 15:56:00,21.915,21.92,21.91,21.915,13249.0,ZI
2023-04-19 15:55:00,21.925,21.935,21.91,21.915,31940.0,ZI
2023-04-19 15:54:00,21.925,21.93,21.92,21.925,6744.0,ZI
2023-04-19 15:53:00,21.905,21.93,21.905,21.925,12407.0,ZI
2023-04-19 15:52:00,21.92,21.925,21.9,21.905,11441.0,ZI
2023-04-19 15:51:00,21.935,21.935,21.91,21.92,28058.0,ZI
2023-04-19 15:50:00,21.935,21.94,21.93,21.935,4849.0,ZI
2023-04-19 15:49:00,21.945,21.95,21.93,21.935,8861.0,ZI
2023-04-19 15:48:00,21.94,21.95,21.94,21.945,13260.0,ZI
2023-04-19 15:47:00,21.965,21.965,21.94,21.94,8766.0,ZI
2023-04-19 15:46:00,21.975,21.975,21.955,21.965,12972.0,ZI
2023-04-19 15:45:00,21.985,21.985,21.97,21.975,5350.0,ZI
2023-04-19 15:44:00,22.005,22.005,21.98,21.985,11996.0,ZI
2023-04-19 15:43:00,22.01,22.015,22.005,22.005,5100.0,ZI
2023-04-19 15:42:00,22.01,22.025,22.0,22.015,20209.0,ZI
2023-04-19 15:41:00,22.0101,22.015,22.01,22.015,1249.0,ZI
2023-04-19 15:40:00,22.015,22.015,21.99,22.01,14042.0,ZI
2023-04-19 15:39:00,22.025,22.025,22.01,22.01,4054.0,ZI
2023-04-19 15:38:00,22.045,22.045,22.02,22.02,14378.0,ZI
2023-04-19 15:37:00,22.05,22.05,22.04,22.045,5050.0,ZI
2023-04-19 15:36:00,22.05,22.065,22.05,22.05,7586.0,ZI
2023-04-19 15:35:00,22.065,22.065,22.04,22.05,19982.0,ZI
2023-04-19 15:34:00,22.08,22.085,22.06,22.06,6977.0,ZI
2023-04-19 15:33:00,22.105,22.105,22.085,22.085,11343.0,ZI
2023-04-19 15:32:00,22.095,22.11,22.09,22.105,11955.0,ZI
2023-04-19 15:31:00,22.09,22.095,22.085,22.095,7753.0,ZI
2023-04-19 15:30:00,22.105,22.105,22.085,22.085,17845.0,ZI
2023-04-19 15:29:00,22.105,22.11,22.105,22.105,4824.0,ZI
2023-04-19 15:28:00,22.11,22.11,22.105,22.11,3719.0,ZI
2023-04-19 15:27:00,22.1,22.11,22.1,22.11,3144.0,ZI
2023-04-19 15:26:00,22.085,22.1,22.07,22.095,12299.0,ZI
2023-04-19 15:25:00,22.095,22.095,22.08,22.085,7350.0,ZI
2023-04-19 15:24:00,22.09,22.095,22.09,22.095,2379.0,ZI
2023-04-19 15:23:00,22.045,22.09,22.045,22.09,15284.0,ZI
2023-04-19 15:22:00,22.06,22.06,22.04,22.04,11524.0,ZI
2023-04-19 15:21:00,22.065,22.065,22.06,22.06,792.0,ZI
2023-04-19 15:20:00,22.07,22.07,22.06,22.06,2955.0,ZI
2023-04-19 15:19:00,22.1,22.105,22.065,22.07,40182.0,ZI
2023-04-19 15:18:00,22.105,22.11,22.1,22.105,2455.0,ZI
2023-04-19 15:17:00,22.1,22.11,22.095,22.11,8524.0,ZI
2023-04-19 15:16:00,22.095,22.1,22.09,22.095,4862.0,ZI
2023-04-19 15:15:00,22.075,22.095,22.075,22.09,6495.0,ZI
2023-04-19 15:14:00,22.07,22.075,22.065,22.075,7673.0,ZI
2023-04-19 15:13:00,22.075,22.075,22.065,22.065,6175.0,ZI
2023-04-19 15:12:00,22.075,22.08,22.07,22.07,12091.0,ZI
2023-04-19 15:11:00,22.075,22.075,22.07,22.075,1304.0,ZI
2023-04-19 15:10:00,22.075,22.08,22.07,22.075,1718.0,ZI
2023-04-19 15:09:00,22.095,22.095,22.075,22.075,8957.0,ZI
2023-04-19 15:08:00,22.075,22.1,22.07,22.095,7462.0,ZI
2023-04-19 15:07:00,22.0914,22.0914,22.07,22.071,7634.0,ZI
2023-04-19 15:06:00,22.095,22.095,22.09,22.09,633.0,ZI
2023-04-19 15:05:00,22.105,22.105,22.08,22.095,16998.0,ZI
2023-04-19 15:04:00,22.105,22.105,22.105,22.105,1191.0,ZI
2023-04-19 15:03:00,22.1,22.105,22.09,22.105,7547.0,ZI
2023-04-19 15:02:00,22.1,22.105,22.09,22.09,6149.0,ZI
2023-04-19 15:01:00,22.135,22.14,22.1,22.105,21604.0,ZI
2023-04-19 15:00:00,22.135,22.14,22.13,22.135,3634.0,ZI
2023-04-19 14:59:00,22.135,22.14,22.13,22.135,6788.0,ZI
2023-04-19 14:58:00,22.135,22.14,22.13,22.135,2757.0,ZI
2023-04-19 14:57:00,22.135,22.14,22.13,22.135,1598.0,ZI
2023-04-19 14:56:00,22.135,22.135,22.13,22.135,1103.0,ZI
2023-04-19 14:55:00,22.13,22.135,22.13,22.135,3211.0,ZI
2023-04-19 14:54:00,22.12,22.12,22.11,22.12,6713.0,ZI
2023-04-19 14:53:00,22.12,22.13,22.12,22.125,5465.0,ZI
2023-04-19 14:52:00,22.122,22.135,22.12,22.12,13630.0,ZI
2023-04-19 14:51:00,22.14,22.14,22.12,22.125,8037.0,ZI
2023-04-19 14:50:00,22.145,22.15,22.145,22.145,1829.0,ZI
2023-04-19 14:49:00,22.14,22.15,22.14,22.14,9176.0,ZI
2023-04-19 14:48:00,22.145,22.15,22.14,22.145,4794.0,ZI
2023-04-19 14:47:00,22.15,22.155,22.145,22.145,4784.0,ZI
2023-04-19 14:46:00,22.14,22.16,22.14,22.155,4455.0,ZI
2023-04-19 14:45:00,22.13,22.145,22.12,22.14,9560.0,ZI
2023-04-19 14:44:00,22.13,22.13,22.13,22.13,858.0,ZI
2023-04-19 14:43:00,22.16,22.16,22.13,22.13,11493.0,ZI
2023-04-19 14:42:00,22.17,22.17,22.16,22.165,5340.0,ZI
2023-04-19 14:41:00,22.175,22.175,22.17,22.175,1909.0,ZI
2023-04-19 14:40:00,22.145,22.175,22.145,22.175,3908.0,ZI
2023-04-19 14:39:00,22.12,22.16,22.115,22.14,39656.0,ZI
2023-04-19 14:38:00,22.11,22.115,22.11,22.115,945.0,ZI
2023-04-19 14:37:00,22.125,22.125,22.115,22.115,3884.0,ZI
2023-04-19 14:36:00,22.12,22.125,22.12,22.125,937.0,ZI
2023-04-19 14:35:00,22.125,22.125,22.125,22.125,192.0,ZI
2023-04-19 14:34:00,22.12,22.14,22.1,22.13,29138.0,ZI
2023-04-19 14:33:00,22.125,22.125,22.12,22.121,1199.0,ZI
2023-04-19 14:32:00,22.13,22.13,22.125,22.125,5161.0,ZI
2023-04-19 14:31:00,22.135,22.14,22.135,22.135,2131.0,ZI
2023-04-19 14:30:00,22.145,22.145,22.13,22.135,6219.0,ZI
2023-04-19 14:29:00,22.14,22.15,22.14,22.15,1533.0,ZI
2023-04-19 14:28:00,22.145,22.15,22.14,22.15,997.0,ZI
2023-04-19 14:27:00,22.14,22.155,22.135,22.145,17227.0,ZI
2023-04-19 14:26:00,22.15,22.155,22.145,22.15,7123.0,ZI
2023-04-19 14:25:00,22.14,22.15,22.13,22.15,10182.0,ZI
2023-04-19 14:24:00,22.13,22.14,22.13,22.14,1012.0,ZI
2023-04-19 14:23:00,22.115,22.12,22.105,22.12,5624.0,ZI
2023-04-19 14:22:00,22.075,22.115,22.075,22.11,13040.0,ZI
2023-04-19 14:21:00,22.075,22.075,22.065,22.075,9111.0,ZI
2023-04-19 14:20:00,22.08,22.08,22.07,22.07,1331.0,ZI
2023-04-19 14:19:00,22.075,22.075,22.071,22.075,4388.0,ZI
2023-04-19 14:18:00,22.0816,22.085,22.07,22.075,5414.0,ZI
2023-04-19 14:17:00,22.085,22.085,22.085,22.085,1042.0,ZI
2023-04-19 14:16:00,22.08,22.085,22.08,22.085,1150.0,ZI
2023-04-19 14:15:00,22.075,22.085,22.075,22.085,3651.0,ZI
2023-04-19 14:14:00,22.075,22.085,22.075,22.08,3863.0,ZI
2023-04-19 14:13:00,22.095,22.1,22.07,22.075,9437.0,ZI
2023-04-19 14:12:00,22.095,22.095,22.0907,22.095,3248.0,ZI
2023-04-19 14:11:00,22.1,22.105,22.095,22.1,2786.0,ZI
2023-04-19 14:10:00,22.1,22.105,22.095,22.1,7347.0,ZI
2023-04-19 14:09:00,22.095,22.1,22.095,22.1,1722.0,ZI
2023-04-19 14:08:00,22.105,22.105,22.095,22.095,5221.0,ZI
2023-04-19 14:07:00,22.105,22.105,22.105,22.105,1200.0,ZI
2023-04-19 14:06:00,22.08,22.11,22.08,22.1044,9957.0,ZI
2023-04-19 14:05:00,22.095,22.095,22.075,22.075,5161.0,ZI
2023-04-19 14:04:00,22.11,22.11,22.09,22.1,6597.0,ZI
2023-04-19 14:03:00,22.12,22.12,22.11,22.11,1949.0,ZI
2023-04-19 14:02:00,22.135,22.135,22.115,22.125,10943.0,ZI
2023-04-19 14:01:00,22.145,22.155,22.13,22.135,29457.0,ZI
2023-04-19 14:00:00,22.145,22.145,22.145,22.145,1603.0,ZI
2023-04-19 13:59:00,22.15,22.15,22.14,22.15,3980.0,ZI
2023-04-19 13:58:00,22.13,22.145,22.13,22.145,5661.0,ZI
2023-04-19 13:57:00,22.1,22.125,22.1,22.125,3928.0,ZI
2023-04-19 13:56:00,22.105,22.11,22.1008,22.105,987.0,ZI
2023-04-19 13:55:00,22.095,22.105,22.095,22.105,3250.0,ZI
2023-04-19 13:54:00,22.09,22.095,22.085,22.095,5467.0,ZI
2023-04-19 13:53:00,22.09,22.09,22.09,22.09,271.0,ZI
2023-04-19 13:52:00,22.08,22.09,22.08,22.085,1583.0,ZI
2023-04-19 13:51:00,22.09,22.09,22.0801,22.0801,4136.0,ZI
2023-04-19 13:50:00,22.095,22.095,22.075,22.085,7066.0,ZI
2023-04-19 13:49:00,22.085,22.095,22.085,22.095,7764.0,ZI
2023-04-19 13:48:00,22.08,22.08,22.08,22.08,782.0,ZI
2023-04-19 13:47:00,22.075,22.08,22.065,22.08,10443.0,ZI
2023-04-19 13:46:00,22.09,22.09,22.07,22.07,1993.0,ZI
2023-04-19 13:45:00,22.1,22.1,22.09,22.095,6229.0,ZI
2023-04-19 13:44:00,22.11,22.11,22.1001,22.1001,4387.0,ZI
2023-04-19 13:43:00,22.12,22.12,22.115,22.115,4423.0,ZI
2023-04-19 13:42:00,22.12,22.12,22.11,22.111,1952.0,ZI
2023-04-19 13:41:00,22.125,22.125,22.12,22.12,4637.0,ZI
2023-04-19 13:40:00,22.13,22.13,22.125,22.125,3063.0,ZI
2023-04-19 13:39:00,22.15,22.15,22.13,22.13,3329.0,ZI
2023-04-19 13:38:00,22.13,22.15,22.13,22.15,5126.0,ZI
2023-04-19 13:37:00,22.115,22.14,22.11,22.13,4530.0,ZI
2023-04-19 13:36:00,22.145,22.15,22.12,22.12,8395.0,ZI
2023-04-19 13:35:00,22.145,22.155,22.14,22.145,8966.0,ZI
2023-04-19 13:34:00,22.17,22.19,22.13,22.15,26559.0,ZI
2023-04-19 13:33:00,22.11,22.165,22.105,22.165,4328.0,ZI
2023-04-19 13:32:00,22.105,22.105,22.105,22.105,527.0,ZI
2023-04-19 13:31:00,22.1,22.12,22.1,22.105,7801.0,ZI
2023-04-19 13:30:00,22.095,22.095,22.095,22.095,177.0,ZI
2023-04-19 13:29:00,22.06,22.1,22.05,22.09,19008.0,ZI
2023-04-19 13:28:00,22.08,22.09,22.05,22.06,46415.0,ZI
2023-04-19 13:27:00,22.09,22.095,22.075,22.075,6017.0,ZI
2023-04-19 13:26:00,22.135,22.135,22.09,22.09,31249.0,ZI
2023-04-19 13:25:00,22.125,22.14,22.125,22.135,3559.0,ZI
2023-04-19 13:24:00,22.12,22.13,22.12,22.125,1220.0,ZI
2023-04-19 13:23:00,22.12,22.135,22.115,22.125,9272.0,ZI
2023-04-19 13:22:00,22.12,22.12,22.115,22.115,3116.0,ZI
2023-04-19 13:21:00,22.12,22.125,22.115,22.125,7870.0,ZI
2023-04-19 13:20:00,22.11,22.115,22.095,22.115,7572.0,ZI
2023-04-19 13:19:00,22.135,22.135,22.115,22.115,7730.0,ZI
2023-04-19 13:18:00,22.14,22.14,22.13,22.135,1741.0,ZI
2023-04-19 13:17:00,22.145,22.16,22.135,22.14,82401.0,ZI
2023-04-19 13:16:00,22.15,22.155,22.14,22.145,13017.0,ZI
2023-04-19 13:15:00,22.14,22.16,22.135,22.15,138522.0,ZI
2023-04-19 13:14:00,22.135,22.135,22.135,22.135,344.0,ZI
2023-04-19 13:13:00,22.135,22.14,22.135,22.14,2474.0,ZI
2023-04-19 13:12:00,22.12,22.15,22.12,22.135,5867.0,ZI
2023-04-19 13:11:00,22.115,22.115,22.1,22.115,6662.0,ZI
2023-04-19 13:10:00,22.14,22.14,22.115,22.12,13192.0,ZI
2023-04-19 13:09:00,22.125,22.13,22.125,22.13,2064.0,ZI
2023-04-19 13:08:00,22.115,22.125,22.115,22.125,1986.0,ZI
2023-04-19 13:07:00,22.125,22.125,22.095,22.12,15243.0,ZI
2023-04-19 13:06:00,22.105,22.13,22.105,22.125,8816.0,ZI
2023-04-19 13:05:00,22.105,22.1099,22.1,22.105,3619.0,ZI
2023-04-19 13:04:00,22.1,22.1,22.1,22.1,1289.0,ZI
2023-04-19 13:03:00,22.11,22.11,22.09,22.09,4104.0,ZI
2023-04-19 13:02:00,22.095,22.11,22.09,22.105,6806.0,ZI
2023-04-19 13:01:00,22.12,22.12,22.095,22.095,6193.0,ZI
2023-04-19 13:00:00,22.12,22.12,22.12,22.12,282.0,ZI
2023-04-19 12:59:00,22.135,22.135,22.121,22.125,5078.0,ZI
2023-04-19 12:58:00,22.14,22.14,22.135,22.135,511.0,ZI
2023-04-19 12:57:00,22.135,22.1386,22.13,22.1386,957.0,ZI
2023-04-19 12:56:00,22.14,22.145,22.135,22.135,2032.0,ZI
2023-04-19 12:55:00,22.135,22.14,22.125,22.13,5770.0,ZI
2023-04-19 12:54:00,22.14,22.14,22.13,22.135,3759.0,ZI
2023-04-19 12:53:00,22.13,22.135,22.13,22.135,1600.0,ZI
2023-04-19 12:52:00,22.12,22.13,22.12,22.13,1034.0,ZI
2023-04-19 12:51:00,22.11,22.125,22.11,22.12,4197.0,ZI
2023-04-19 12:50:00,22.115,22.115,22.11,22.11,2825.0,ZI
2023-04-19 12:49:00,22.11,22.115,22.11,22.115,1464.0,ZI
2023-04-19 12:48:00,22.11,22.115,22.11,22.11,2374.0,ZI
2023-04-19 12:47:00,22.12,22.12,22.1,22.1,4093.0,ZI
2023-04-19 12:46:00,22.12,22.13,22.12,22.125,4274.0,ZI
2023-04-19 12:45:00,22.12,22.125,22.11,22.11,6773.0,ZI
2023-04-19 12:44:00,22.12,22.12,22.11,22.12,3835.0,ZI
2023-04-19 12:43:00,22.14,22.15,22.125,22.125,9392.0,ZI
2023-04-19 12:42:00,22.1409,22.15,22.135,22.135,7824.0,ZI
2023-04-19 12:41:00,22.155,22.165,22.15,22.15,5610.0,ZI
2023-04-19 12:40:00,22.15,22.15,22.15,22.15,671.0,ZI
2023-04-19 12:39:00,22.15,22.1578,22.145,22.1578,1700.0,ZI
2023-04-19 12:38:00,22.14,22.145,22.13,22.145,5714.0,ZI
2023-04-19 12:37:00,22.16,22.16,22.1421,22.145,4145.0,ZI
2023-04-19 12:36:00,22.145,22.165,22.14,22.155,3368.0,ZI
2023-04-19 12:35:00,22.13,22.155,22.13,22.14,8715.0,ZI
2023-04-19 12:34:00,22.08,22.13,22.08,22.13,6938.0,ZI
2023-04-19 12:33:00,22.07,22.08,22.07,22.0725,1347.0,ZI
2023-04-19 12:32:00,22.07,22.0789,22.07,22.075,1248.0,ZI
2023-04-19 12:31:00,22.065,22.075,22.065,22.075,2527.0,ZI
2023-04-19 12:30:00,22.07,22.07,22.065,22.065,2698.0,ZI
2023-04-19 12:29:00,22.0601,22.075,22.0601,22.075,6217.0,ZI
2023-04-19 12:28:00,22.05,22.065,22.045,22.065,5503.0,ZI
2023-04-19 12:27:00,22.09,22.105,22.05,22.055,21373.0,ZI
2023-04-19 12:26:00,22.065,22.09,22.0606,22.09,8257.0,ZI
2023-04-19 12:25:00,22.065,22.07,22.06,22.065,972.0,ZI
2023-04-19 12:24:00,22.065,22.07,22.065,22.065,978.0,ZI
2023-04-19 12:23:00,22.045,22.065,22.045,22.065,3713.0,ZI
2023-04-19 12:22:00,22.045,22.05,22.035,22.04,7701.0,ZI
2023-04-19 12:21:00,22.04,22.04,22.03,22.04,6210.0,ZI
2023-04-19 12:20:00,22.045,22.045,22.04,22.04,329.0,ZI
2023-04-19 12:19:00,22.045,22.05,22.035,22.045,5051.0,ZI
2023-04-19 12:18:00,22.055,22.055,22.045,22.045,2477.0,ZI
2023-04-19 12:17:00,22.06,22.07,22.04,22.05,16569.0,ZI
2023-04-19 12:16:00,22.005,22.07,22.005,22.065,6272.0,ZI
2023-04-19 12:15:00,21.96,22.005,21.96,22.005,9921.0,ZI
2023-04-19 12:14:00,21.96,21.96,21.955,21.96,5128.0,ZI
2023-04-19 12:13:00,21.98,21.985,21.96,21.965,13412.0,ZI
2023-04-19 12:12:00,21.99,21.99,21.98,21.98,3016.0,ZI
2023-04-19 12:11:00,21.99,22.0,21.99,22.0,3193.0,ZI
2023-04-19 12:10:00,22.0,22.0,21.985,21.985,7598.0,ZI
2023-04-19 12:09:00,22.01,22.01,22.0,22.005,7329.0,ZI
2023-04-19 12:08:00,21.99,22.005,21.99,22.005,4193.0,ZI
2023-04-19 12:07:00,22.0,22.0,21.98,21.985,6761.0,ZI
2023-04-19 12:06:00,22.0,22.01,21.99,21.995,9155.0,ZI
2023-04-19 12:05:00,22.0088,22.01,21.99,21.995,14089.0,ZI
2023-04-19 12:04:00,22.04,22.04,22.0,22.001,7008.0,ZI
2023-04-19 12:03:00,22.055,22.055,22.05,22.05,3134.0,ZI
2023-04-19 12:02:00,22.07,22.07,22.05,22.06,10423.0,ZI
2023-04-19 12:01:00,22.045,22.065,22.045,22.065,17108.0,ZI
2023-04-19 12:00:00,22.0428,22.045,22.04,22.04,1166.0,ZI
2023-04-19 11:59:00,22.04,22.05,22.03,22.04,8070.0,ZI
2023-04-19 11:58:00,22.08,22.08,22.04,22.045,16893.0,ZI
2023-04-19 11:57:00,22.075,22.09,22.065,22.07,43882.0,ZI
2023-04-19 11:56:00,22.095,22.095,22.075,22.075,4322.0,ZI
2023-04-19 11:55:00,22.1,22.105,22.09,22.09,6230.0,ZI
2023-04-19 11:54:00,22.085,22.105,22.085,22.1,8137.0,ZI
2023-04-19 11:53:00,22.045,22.08,22.045,22.08,11894.0,ZI
2023-04-19 11:52:00,22.035,22.045,22.035,22.04,5697.0,ZI
2023-04-19 11:51:00,22.065,22.065,22.035,22.035,5913.0,ZI
2023-04-19 11:50:00,22.045,22.075,22.04,22.065,9272.0,ZI
2023-04-19 11:49:00,22.01,22.06,22.01,22.045,11029.0,ZI
2023-04-19 11:48:00,22.015,22.02,21.9901,22.005,11556.0,ZI
2023-04-19 11:47:00,22.015,22.025,22.015,22.015,5762.0,ZI
2023-04-19 11:46:00,22.02,22.025,22.01,22.015,8906.0,ZI
2023-04-19 11:45:00,22.02,22.025,22.02,22.02,3150.0,ZI
2023-04-19 11:44:00,22.02,22.035,22.01,22.02,15434.0,ZI
2023-04-19 11:43:00,22.05,22.055,22.02,22.02,14307.0,ZI
2023-04-19 11:42:00,22.03,22.05,22.03,22.045,6448.0,ZI
2023-04-19 11:41:00,22.01,22.03,22.01,22.03,4391.0,ZI
2023-04-19 11:40:00,21.985,22.0,21.985,22.0,6639.0,ZI
2023-04-19 11:39:00,21.945,21.99,21.945,21.99,17398.0,ZI
2023-04-19 11:38:00,21.945,21.945,21.945,21.945,181.0,ZI
2023-04-19 11:37:00,21.945,21.945,21.94,21.945,2212.0,ZI
2023-04-19 11:36:00,21.94,21.95,21.91,21.95,16136.0,ZI
2023-04-19 11:35:00,21.985,21.985,21.945,21.945,11824.0,ZI
2023-04-19 11:34:00,21.97,21.98,21.97,21.98,56325.0,ZI
2023-04-19 11:33:00,21.98,21.98,21.97,21.97,4379.0,ZI
2023-04-19 11:32:00,21.98,21.995,21.975,21.985,12516.0,ZI
2023-04-19 11:31:00,21.98,21.985,21.975,21.985,7253.0,ZI
2023-04-19 11:30:00,21.99,22.0,21.98,21.985,12296.0,ZI
2023-04-19 11:29:00,21.97,21.995,21.97,21.99,11862.0,ZI
2023-04-19 11:28:00,21.965,21.97,21.965,21.97,5190.0,ZI
2023-04-19 11:27:00,21.94,21.96,21.94,21.96,6321.0,ZI
2023-04-19 11:26:00,21.9522,21.9522,21.935,21.94,5550.0,ZI
2023-04-19 11:25:00,21.95,21.96,21.95,21.95,3426.0,ZI
2023-04-19 11:24:00,21.935,21.9454,21.93,21.9454,1109.0,ZI
2023-04-19 11:23:00,21.935,21.941,21.935,21.94,3886.0,ZI
2023-04-19 11:22:00,21.95,21.95,21.93,21.93,4438.0,ZI
2023-04-19 11:21:00,21.96,21.96,21.945,21.95,7583.0,ZI
2023-04-19 11:20:00,21.95,21.96,21.94,21.96,10479.0,ZI
2023-04-19 11:19:00,21.95,21.96,21.945,21.959,5402.0,ZI
2023-04-19 11:18:00,21.975,21.99,21.945,21.945,16838.0,ZI
2023-04-19 11:17:00,21.985,21.985,21.97,21.97,9268.0,ZI
2023-04-19 11:16:00,21.985,21.99,21.985,21.985,3457.0,ZI
2023-04-19 11:15:00,21.97,21.99,21.97,21.99,6038.0,ZI
2023-04-19 11:14:00,21.98,21.98,21.97,21.97,9841.0,ZI
2023-04-19 11:13:00,21.95,21.97,21.95,21.97,5907.0,ZI
2023-04-19 11:12:00,21.95,21.95,21.95,21.95,1120.0,ZI
2023-04-19 11:11:00,21.935,21.95,21.935,21.9475,1728.0,ZI
2023-04-19 11:10:00,21.95,21.95,21.92,21.94,8135.0,ZI
2023-04-19 11:09:00,21.9488,21.96,21.945,21.96,6849.0,ZI
2023-04-19 11:08:00,21.96,21.96,21.945,21.945,8123.0,ZI
2023-04-19 11:07:00,21.96,21.96,21.945,21.955,4930.0,ZI
2023-04-19 11:06:00,21.945,21.96,21.94,21.96,5166.0,ZI
2023-04-19 11:05:00,21.98,21.98,21.94,21.945,6964.0,ZI
2023-04-19 11:04:00,22.0,22.015,21.97,21.98,15161.0,ZI
2023-04-19 11:03:00,21.98,22.0,21.98,21.995,3448.0,ZI
2023-04-19 11:02:00,21.955,21.98,21.955,21.975,4619.0,ZI
2023-04-19 11:01:00,21.98,21.985,21.955,21.955,5797.0,ZI
2023-04-19 11:00:00,21.9649,21.98,21.9649,21.98,5692.0,ZI
2023-04-19 10:59:00,21.97,21.97,21.955,21.965,11450.0,ZI
2023-04-19 10:58:00,21.975,21.98,21.975,21.975,1485.0,ZI
2023-04-19 10:57:00,21.96,21.975,21.96,21.975,2837.0,ZI
2023-04-19 10:56:00,21.915,21.955,21.915,21.955,8523.0,ZI
2023-04-19 10:55:00,21.92,21.92,21.91,21.915,5355.0,ZI
2023-04-19 10:54:00,21.94,21.95,21.92,21.921,14741.0,ZI
2023-04-19 10:53:00,21.93,21.95,21.93,21.94,3092.0,ZI
2023-04-19 10:52:00,21.91,21.925,21.91,21.925,3866.0,ZI
2023-04-19 10:51:00,21.915,21.915,21.915,21.915,6168.0,ZI
2023-04-19 10:50:00,21.92,21.92,21.91,21.915,2424.0,ZI
2023-04-19 10:49:00,21.905,21.91,21.905,21.91,1299.0,ZI
2023-04-19 10:48:00,21.93,21.935,21.9,21.9,11284.0,ZI
2023-04-19 10:47:00,21.95,21.955,21.93,21.935,7271.0,ZI
2023-04-19 10:46:00,21.97,21.98,21.96,21.96,5473.0,ZI
2023-04-19 10:45:00,21.92,21.9781,21.92,21.9781,4533.0,ZI
2023-04-19 10:44:00,21.88,21.9,21.88,21.9,5093.0,ZI
2023-04-19 10:43:00,21.87,21.875,21.865,21.875,4011.0,ZI
2023-04-19 10:42:00,21.865,21.875,21.865,21.875,2049.0,ZI
2023-04-19 10:41:00,21.84,21.88,21.84,21.87,7978.0,ZI
2023-04-19 10:40:00,21.825,21.84,21.82,21.84,6265.0,ZI
2023-04-19 10:39:00,21.87,21.885,21.825,21.825,17436.0,ZI
2023-04-19 10:38:00,21.865,21.885,21.85,21.87,18578.0,ZI
2023-04-19 10:37:00,21.835,21.87,21.83,21.865,55887.0,ZI
2023-04-19 10:36:00,21.84,21.84,21.825,21.835,45487.0,ZI
2023-04-19 10:35:00,21.83,21.84,21.82,21.83,16897.0,ZI
2023-04-19 10:34:00,21.84,21.84,21.8,21.83,16759.0,ZI
2023-04-19 10:33:00,21.82,21.85,21.82,21.83,16373.0,ZI
2023-04-19 10:32:00,21.82,21.835,21.815,21.82,5854.0,ZI
2023-04-19 10:31:00,21.815,21.83,21.815,21.815,5784.0,ZI
2023-04-19 10:30:00,21.81,21.825,21.81,21.81,6642.0,ZI
2023-04-19 10:29:00,21.77,21.81,21.77,21.8081,6937.0,ZI
2023-04-19 10:28:00,21.76,21.77,21.755,21.77,4322.0,ZI
2023-04-19 10:27:00,21.75,21.755,21.745,21.755,4795.0,ZI
2023-04-19 10:26:00,21.75,21.755,21.75,21.75,2249.0,ZI
2023-04-19 10:25:00,21.78,21.78,21.75,21.75,5426.0,ZI
2023-04-19 10:24:00,21.8,21.8,21.78,21.79,3994.0,ZI
2023-04-19 10:23:00,21.765,21.79,21.765,21.79,1740.0,ZI
2023-04-19 10:22:00,21.81,21.81,21.74,21.76,9156.0,ZI
2023-04-19 10:21:00,21.8,21.82,21.8,21.815,3595.0,ZI
2023-04-19 10:20:00,21.86,21.87,21.8,21.8,21094.0,ZI
2023-04-19 10:19:00,21.84,21.86,21.84,21.855,3364.0,ZI
2023-04-19 10:18:00,21.7929,21.84,21.79,21.835,4639.0,ZI
2023-04-19 10:17:00,21.79,21.795,21.775,21.79,6741.0,ZI
2023-04-19 10:16:00,21.795,21.795,21.78,21.795,5383.0,ZI
2023-04-19 10:15:00,21.78,21.81,21.78,21.795,5844.0,ZI
2023-04-19 10:14:00,21.755,21.78,21.755,21.775,4476.0,ZI
2023-04-19 10:13:00,21.745,21.755,21.735,21.75,5803.0,ZI
2023-04-19 10:12:00,21.77,21.77,21.74,21.75,8004.0,ZI
2023-04-19 10:11:00,21.765,21.765,21.765,21.765,493.0,ZI
2023-04-19 10:10:00,21.735,21.76,21.735,21.76,3750.0,ZI
2023-04-19 10:09:00,21.72,21.73,21.71,21.73,4101.0,ZI
2023-04-19 10:08:00,21.755,21.755,21.72,21.73,4409.0,ZI
2023-04-19 10:07:00,21.72,21.77,21.72,21.75,5659.0,ZI
2023-04-19 10:06:00,21.755,21.755,21.705,21.71,5195.0,ZI
2023-04-19 10:05:00,21.78,21.78,21.74,21.75,7435.0,ZI
2023-04-19 10:04:00,21.7397,21.78,21.72,21.78,6255.0,ZI
2023-04-19 10:03:00,21.745,21.745,21.715,21.73,4994.0,ZI
2023-04-19 10:02:00,21.7,21.725,21.7,21.72,3897.0,ZI
2023-04-19 10:01:00,21.695,21.695,21.685,21.695,6230.0,ZI
2023-04-19 10:00:00,21.66,21.7,21.66,21.69,10524.0,ZI
2023-04-19 09:59:00,21.73,21.74,21.66,21.66,9344.0,ZI
2023-04-19 09:58:00,21.695,21.73,21.69,21.73,5536.0,ZI
2023-04-19 09:57:00,21.68,21.695,21.675,21.695,4286.0,ZI
2023-04-19 09:56:00,21.67,21.69,21.663,21.68,4203.0,ZI
2023-04-19 09:55:00,21.735,21.735,21.68,21.68,7348.0,ZI
2023-04-19 09:54:00,21.695,21.74,21.695,21.735,4024.0,ZI
2023-04-19 09:53:00,21.805,21.805,21.665,21.695,19872.0,ZI
2023-04-19 09:52:00,21.8096,21.815,21.8,21.805,5826.0,ZI
2023-04-19 09:51:00,21.81,21.815,21.8,21.805,6090.0,ZI
2023-04-19 09:50:00,21.8407,21.8407,21.8,21.8,6149.0,ZI
2023-04-19 09:49:00,21.8209,21.86,21.82,21.845,13977.0,ZI
2023-04-19 09:48:00,21.8111,21.835,21.805,21.83,20512.0,ZI
2023-04-19 09:47:00,21.825,21.845,21.815,21.815,16320.0,ZI
2023-04-19 09:46:00,21.8,21.83,21.79,21.83,20760.0,ZI
2023-04-19 09:45:00,21.81,21.81,21.795,21.805,8547.0,ZI
2023-04-19 09:44:00,21.81,21.82,21.795,21.82,8251.0,ZI
2023-04-19 09:43:00,21.79,21.82,21.79,21.805,5460.0,ZI
2023-04-19 09:42:00,21.82,21.82,21.775,21.8,7883.0,ZI
2023-04-19 09:41:00,21.8,21.83,21.78,21.825,7217.0,ZI
2023-04-19 09:40:00,21.82,21.83,21.76,21.78,17568.0,ZI
2023-04-19 09:39:00,21.845,21.85,21.825,21.825,5086.0,ZI
2023-04-19 09:38:00,21.85,21.85,21.8,21.84,5833.0,ZI
2023-04-19 09:37:00,21.87,21.87,21.8311,21.84,6405.0,ZI
2023-04-19 09:36:00,21.81,21.875,21.81,21.87,3892.0,ZI
2023-04-19 09:35:00,21.82,21.84,21.8,21.81,4609.0,ZI
2023-04-19 09:34:00,21.71,21.83,21.7,21.83,15292.0,ZI
2023-04-19 09:33:00,21.64,21.715,21.62,21.715,5339.0,ZI
2023-04-19 09:32:00,21.67,21.67,21.61,21.63,7447.0,ZI
2023-04-19 09:31:00,21.5,21.68,21.5,21.665,25804.0,ZI
2023-04-19 08:00:00,21.62,21.62,21.62,21.62,400.0,ZI
2023-04-18 18:57:00,21.81,21.81,21.81,21.81,100.0,ZI
2023-04-18 16:03:00,21.6,21.6,21.6,21.6,3200.0,ZI
2023-04-18 16:02:00,21.66,21.66,21.66,21.66,510.0,ZI
2023-04-18 16:01:00,21.81,21.81,21.81,21.81,259950.0,ZI
2023-04-18 16:00:00,21.8,21.82,21.8,21.81,94012.0,ZI
2023-04-18 15:59:00,21.8,21.81,21.79,21.805,57410.0,ZI
2023-04-18 15:58:00,21.82,21.82,21.79,21.795,72868.0,ZI
2023-04-18 15:57:00,21.805,21.82,21.8,21.815,59689.0,ZI
2023-04-18 15:56:00,21.75,21.81,21.75,21.805,64473.0,ZI
2023-04-18 15:55:00,21.77,21.79,21.73,21.74,84333.0,ZI
2023-04-18 15:54:00,21.78,21.79,21.77,21.77,34936.0,ZI
2023-04-18 15:53:00,21.75,21.79,21.75,21.78,54399.0,ZI
2023-04-18 15:52:00,21.77,21.78,21.74,21.75,38903.0,ZI
2023-04-18 15:51:00,21.84,21.845,21.77,21.77,84596.0,ZI
2023-04-18 15:50:00,21.825,21.86,21.81,21.845,87338.0,ZI
2023-04-18 15:49:00,21.83,21.835,21.82,21.82,27787.0,ZI
2023-04-18 15:48:00,21.835,21.835,21.83,21.83,11743.0,ZI
2023-04-18 15:47:00,21.83,21.84,21.82,21.835,44187.0,ZI
2023-04-18 15:46:00,21.8399,21.84,21.83,21.835,20576.0,ZI
2023-04-18 15:45:00,21.82,21.84,21.82,21.84,17589.0,ZI
2023-04-18 15:44:00,21.82,21.83,21.82,21.825,11954.0,ZI
2023-04-18 15:43:00,21.83,21.84,21.82,21.82,18768.0,ZI
2023-04-18 15:42:00,21.83,21.84,21.82,21.835,15660.0,ZI
2023-04-18 15:41:00,21.805,21.84,21.8,21.825,39761.0,ZI
2023-04-18 15:40:00,21.805,21.81,21.795,21.8,25259.0,ZI
2023-04-18 15:39:00,21.805,21.81,21.8,21.8,11143.0,ZI
2023-04-18 15:38:00,21.805,21.81,21.8,21.8,6558.0,ZI
2023-04-18 15:37:00,21.815,21.815,21.795,21.805,24272.0,ZI
2023-04-18 15:36:00,21.815,21.825,21.81,21.81,14380.0,ZI
2023-04-18 15:35:00,21.8,21.82,21.8,21.815,14570.0,ZI
2023-04-18 15:34:00,21.805,21.81,21.8,21.805,4583.0,ZI
2023-04-18 15:33:00,21.815,21.825,21.8,21.805,19330.0,ZI
2023-04-18 15:32:00,21.8,21.82,21.8,21.815,23584.0,ZI
2023-04-18 15:31:00,21.805,21.805,21.79,21.8,25675.0,ZI
2023-04-18 15:30:00,21.81,21.815,21.795,21.805,40388.0,ZI
2023-04-18 15:29:00,21.825,21.825,21.81,21.81,13914.0,ZI
2023-04-18 15:28:00,21.82,21.83,21.82,21.825,8969.0,ZI
2023-04-18 15:27:00,21.805,21.825,21.8,21.825,10065.0,ZI
2023-04-18 15:26:00,21.815,21.82,21.8,21.8,10440.0,ZI
2023-04-18 15:25:00,21.805,21.82,21.795,21.815,47192.0,ZI
2023-04-18 15:24:00,21.865,21.865,21.8,21.8,23968.0,ZI
2023-04-18 15:23:00,21.855,21.8761,21.855,21.865,13256.0,ZI
2023-04-18 15:22:00,21.85,21.86,21.845,21.855,5801.0,ZI
2023-04-18 15:21:00,21.825,21.86,21.82,21.845,18073.0,ZI
2023-04-18 15:20:00,21.8,21.825,21.79,21.825,37449.0,ZI
2023-04-18 15:19:00,21.805,21.81,21.8,21.805,3189.0,ZI
2023-04-18 15:18:00,21.805,21.81,21.8,21.805,3735.0,ZI
2023-04-18 15:17:00,21.795,21.81,21.79,21.805,16927.0,ZI
2023-04-18 15:16:00,21.785,21.795,21.78,21.795,8934.0,ZI
2023-04-18 15:15:00,21.775,21.79,21.77,21.785,6973.0,ZI
2023-04-18 15:14:00,21.775,21.78,21.77,21.775,17054.0,ZI
2023-04-18 15:13:00,21.765,21.775,21.76,21.77,14313.0,ZI
2023-04-18 15:12:00,21.755,21.77,21.755,21.76,8321.0,ZI
2023-04-18 15:11:00,21.755,21.76,21.75,21.755,7055.0,ZI
2023-04-18 15:10:00,21.75,21.755,21.745,21.75,16793.0,ZI
2023-04-18 15:09:00,21.75,21.755,21.75,21.755,1151.0,ZI
2023-04-18 15:08:00,21.775,21.775,21.75,21.75,7576.0,ZI
2023-04-18 15:07:00,21.795,21.795,21.77,21.78,21445.0,ZI
2023-04-18 15:06:00,21.805,21.805,21.79,21.79,10145.0,ZI
2023-04-18 15:05:00,21.785,21.805,21.78,21.8,13552.0,ZI
2023-04-18 15:04:00,21.775,21.79,21.775,21.78,2696.0,ZI
2023-04-18 15:03:00,21.79,21.8,21.78,21.78,15576.0,ZI
2023-04-18 15:02:00,21.795,21.8,21.79,21.795,5588.0,ZI
2023-04-18 15:01:00,21.765,21.82,21.76,21.795,23223.0,ZI
2023-04-18 15:00:00,21.755,21.77,21.755,21.765,9304.0,ZI
2023-04-18 14:59:00,21.74,21.76,21.74,21.755,14962.0,ZI
2023-04-18 14:58:00,21.745,21.75,21.74,21.745,2834.0,ZI
2023-04-18 14:57:00,21.74,21.76,21.735,21.745,17477.0,ZI
2023-04-18 14:56:00,21.725,21.74,21.725,21.735,8944.0,ZI
2023-04-18 14:55:00,21.715,21.73,21.715,21.72,10034.0,ZI
2023-04-18 14:54:00,21.71,21.715,21.705,21.715,6905.0,ZI
2023-04-18 14:53:00,21.725,21.725,21.71,21.71,7727.0,ZI
2023-04-18 14:52:00,21.74,21.745,21.725,21.7253,17757.0,ZI
2023-04-18 14:51:00,21.735,21.745,21.73,21.745,9401.0,ZI
2023-04-18 14:50:00,21.7,21.74,21.69,21.735,49782.0,ZI
2023-04-18 14:49:00,21.74,21.74,21.705,21.705,13123.0,ZI
2023-04-18 14:48:00,21.76,21.76,21.74,21.74,12524.0,ZI
2023-04-18 14:47:00,21.795,21.795,21.76,21.76,8673.0,ZI
2023-04-18 14:46:00,21.82,21.82,21.79,21.79,7025.0,ZI
2023-04-18 14:45:00,21.83,21.83,21.825,21.825,3325.0,ZI
2023-04-18 14:44:00,21.825,21.84,21.82,21.83,16003.0,ZI
2023-04-18 14:43:00,21.86,21.86,21.82,21.82,9961.0,ZI
2023-04-18 14:42:00,21.88,21.88,21.86,21.86,11701.0,ZI
2023-04-18 14:41:00,21.885,21.89,21.88,21.885,5367.0,ZI
2023-04-18 14:40:00,21.865,21.89,21.865,21.885,13246.0,ZI
2023-04-18 14:39:00,21.865,21.87,21.86,21.865,2213.0,ZI
2023-04-18 14:38:00,21.865,21.87,21.86,21.865,3581.0,ZI
2023-04-18 14:37:00,21.88,21.88,21.865,21.865,20670.0,ZI
2023-04-18 14:36:00,21.88,21.885,21.88,21.885,3405.0,ZI
2023-04-18 14:35:00,21.885,21.89,21.88,21.88,3730.0,ZI
2023-04-18 14:34:00,21.885,21.895,21.885,21.885,11142.0,ZI
2023-04-18 14:33:00,21.89,21.9,21.8808,21.885,15463.0,ZI
2023-04-18 14:32:00,21.865,21.89,21.865,21.885,26377.0,ZI
2023-04-18 14:31:00,21.895,21.895,21.86,21.86,14704.0,ZI
2023-04-18 14:30:00,21.915,21.915,21.895,21.895,14448.0,ZI
2023-04-18 14:29:00,21.915,21.915,21.91,21.915,1721.0,ZI
2023-04-18 14:28:00,21.9,21.91,21.895,21.905,26438.0,ZI
2023-04-18 14:27:00,21.89,21.9,21.89,21.895,13769.0,ZI
2023-04-18 14:26:00,21.88,21.9,21.88,21.895,33375.0,ZI
2023-04-18 14:25:00,21.885,21.89,21.88,21.88,8517.0,ZI
2023-04-18 14:24:00,21.885,21.89,21.88,21.885,3179.0,ZI
2023-04-18 14:23:00,21.885,21.89,21.88,21.88,13536.0,ZI
2023-04-18 14:22:00,21.865,21.885,21.86,21.88,7329.0,ZI
2023-04-18 14:21:00,21.86,21.87,21.86,21.865,2587.0,ZI
2023-04-18 14:20:00,21.855,21.865,21.85,21.865,8007.0,ZI
2023-04-18 14:19:00,21.85,21.86,21.845,21.855,5937.0,ZI
2023-04-18 14:18:00,21.845,21.855,21.84,21.845,10103.0,ZI
2023-04-18 14:17:00,21.88,21.8814,21.85,21.86,8988.0,ZI
2023-04-18 14:16:00,21.88,21.89,21.88,21.885,5411.0,ZI
2023-04-18 14:15:00,21.885,21.89,21.88,21.88,3503.0,ZI
2023-04-18 14:14:00,21.9,21.905,21.885,21.885,17487.0,ZI
2023-04-18 14:13:00,21.895,21.91,21.895,21.9,18150.0,ZI
2023-04-18 14:12:00,21.885,21.895,21.88,21.89,14337.0,ZI
2023-04-18 14:11:00,21.885,21.885,21.88,21.885,2225.0,ZI
2023-04-18 14:10:00,21.885,21.895,21.885,21.885,9134.0,ZI
2023-04-18 14:09:00,21.875,21.885,21.875,21.885,5655.0,ZI
2023-04-18 14:08:00,21.89,21.895,21.875,21.875,6523.0,ZI
2023-04-18 14:07:00,21.91,21.91,21.89,21.89,8891.0,ZI
2023-04-18 14:06:00,21.925,21.93,21.915,21.915,6551.0,ZI
2023-04-18 14:05:00,21.925,21.93,21.9213,21.925,8489.0,ZI
2023-04-18 14:04:00,21.92,21.92,21.9125,21.92,8520.0,ZI
2023-04-18 14:03:00,21.93,21.93,21.92,21.92,6704.0,ZI
2023-04-18 14:02:00,21.945,21.945,21.93,21.93,6359.0,ZI
2023-04-18 14:01:00,21.935,21.945,21.935,21.94,5435.0,ZI
2023-04-18 14:00:00,21.925,21.94,21.915,21.935,10636.0,ZI
2023-04-18 13:59:00,21.925,21.94,21.925,21.93,9956.0,ZI
2023-04-18 13:58:00,21.93,21.935,21.92,21.925,9419.0,ZI
2023-04-18 13:57:00,21.9479,21.9479,21.93,21.93,4885.0,ZI
2023-04-18 13:56:00,21.94,21.945,21.94,21.945,3038.0,ZI
2023-04-18 13:55:00,21.925,21.95,21.925,21.945,9008.0,ZI
2023-04-18 13:54:00,21.94,21.945,21.92,21.925,11610.0,ZI
2023-04-18 13:53:00,21.945,21.9499,21.94,21.94,1849.0,ZI
2023-04-18 13:52:00,21.945,21.955,21.94,21.945,6488.0,ZI
2023-04-18 13:51:00,21.955,21.955,21.94,21.945,5025.0,ZI
2023-04-18 13:50:00,21.93,21.96,21.92,21.96,23288.0,ZI
2023-04-18 13:49:00,21.94,21.94,21.93,21.93,1729.0,ZI
2023-04-18 13:48:00,21.935,21.94,21.93,21.93,3011.0,ZI
2023-04-18 13:47:00,21.935,21.935,21.925,21.935,7363.0,ZI
2023-04-18 13:46:00,21.91,21.935,21.905,21.935,18197.0,ZI
2023-04-18 13:45:00,21.89,21.92,21.885,21.915,29475.0,ZI
2023-04-18 13:44:00,21.8879,21.89,21.88,21.885,8964.0,ZI
2023-04-18 13:43:00,21.8775,21.89,21.87,21.89,7277.0,ZI
2023-04-18 13:42:00,21.885,21.8875,21.875,21.8779,8710.0,ZI
2023-04-18 13:41:00,21.885,21.89,21.882,21.885,5045.0,ZI
2023-04-18 13:40:00,21.885,21.89,21.885,21.885,1939.0,ZI
2023-04-18 13:39:00,21.875,21.89,21.87,21.885,4339.0,ZI
2023-04-18 13:38:00,21.82,21.88,21.82,21.875,7918.0,ZI
2023-04-18 13:37:00,21.885,21.89,21.825,21.825,36275.0,ZI
2023-04-18 13:36:00,21.865,21.89,21.865,21.89,11963.0,ZI
2023-04-18 13:35:00,21.825,21.86,21.825,21.86,6625.0,ZI
2023-04-18 13:34:00,21.79,21.83,21.785,21.825,11649.0,ZI
2023-04-18 13:33:00,21.785,21.795,21.785,21.785,12473.0,ZI
2023-04-18 13:32:00,21.79,21.79,21.78,21.785,14495.0,ZI
2023-04-18 13:31:00,21.785,21.79,21.765,21.785,26935.0,ZI
2023-04-18 13:30:00,21.785,21.79,21.78,21.78,3353.0,ZI
2023-04-18 13:29:00,21.79,21.79,21.78,21.785,3349.0,ZI
2023-04-18 13:28:00,21.79,21.79,21.78,21.785,2650.0,ZI
2023-04-18 13:27:00,21.775,21.79,21.775,21.785,5267.0,ZI
2023-04-18 13:26:00,21.785,21.79,21.775,21.775,16379.0,ZI
2023-04-18 13:25:00,21.775,21.7875,21.775,21.785,5547.0,ZI
2023-04-18 13:24:00,21.765,21.785,21.765,21.78,15720.0,ZI
2023-04-18 13:23:00,21.755,21.765,21.75,21.765,5087.0,ZI
2023-04-18 13:22:00,21.755,21.76,21.755,21.755,3448.0,ZI
2023-04-18 13:21:00,21.745,21.765,21.7427,21.755,23961.0,ZI
2023-04-18 13:20:00,21.725,21.75,21.725,21.745,10534.0,ZI
2023-04-18 13:19:00,21.72,21.7201,21.72,21.72,1208.0,ZI
2023-04-18 13:18:00,21.745,21.745,21.72,21.72,9532.0,ZI
2023-04-18 13:17:00,21.755,21.7581,21.74,21.74,4707.0,ZI
2023-04-18 13:16:00,21.76,21.76,21.745,21.76,13293.0,ZI
2023-04-18 13:15:00,21.775,21.79,21.76,21.76,12146.0,ZI
2023-04-18 13:14:00,21.77,21.775,21.75,21.77,15333.0,ZI
2023-04-18 13:13:00,21.79,21.79,21.7721,21.775,6371.0,ZI
2023-04-18 13:12:00,21.79,21.8,21.785,21.785,19375.0,ZI
2023-04-18 13:11:00,21.785,21.795,21.77,21.795,11501.0,ZI
2023-04-18 13:10:00,21.79,21.8,21.785,21.785,25198.0,ZI
2023-04-18 13:09:00,21.755,21.79,21.745,21.79,27901.0,ZI
2023-04-18 13:08:00,21.79,21.795,21.755,21.77,33096.0,ZI
2023-04-18 13:07:00,21.715,21.79,21.715,21.785,9600.0,ZI
2023-04-18 13:06:00,21.71,21.72,21.68,21.72,18457.0,ZI
2023-04-18 13:05:00,21.715,21.725,21.71,21.715,29902.0,ZI
2023-04-18 13:04:00,21.705,21.725,21.705,21.715,9060.0,ZI
2023-04-18 13:03:00,21.715,21.725,21.705,21.705,7419.0,ZI
2023-04-18 13:02:00,21.705,21.72,21.695,21.72,36547.0,ZI
2023-04-18 13:01:00,21.725,21.73,21.7,21.705,15892.0,ZI
2023-04-18 13:00:00,21.74,21.74,21.72,21.725,5862.0,ZI
2023-04-18 12:59:00,21.735,21.745,21.735,21.745,8957.0,ZI
2023-04-18 12:58:00,21.745,21.755,21.735,21.735,22933.0,ZI
2023-04-18 12:57:00,21.74,21.745,21.74,21.74,1362.0,ZI
2023-04-18 12:56:00,21.75,21.75,21.735,21.745,13729.0,ZI
2023-04-18 12:55:00,21.735,21.76,21.735,21.75,6323.0,ZI
2023-04-18 12:54:00,21.69,21.735,21.68,21.735,17407.0,ZI
2023-04-18 12:53:00,21.725,21.75,21.7,21.7,78852.0,ZI
2023-04-18 12:52:00,21.73,21.745,21.715,21.725,21164.0,ZI
2023-04-18 12:51:00,21.715,21.73,21.71,21.725,13467.0,ZI
2023-04-18 12:50:00,21.695,21.72,21.695,21.715,10132.0,ZI
2023-04-18 12:49:00,21.675,21.7,21.675,21.695,10738.0,ZI
2023-04-18 12:48:00,21.68,21.68,21.665,21.675,11934.0,ZI
2023-04-18 12:47:00,21.66,21.69,21.655,21.685,27452.0,ZI
2023-04-18 12:46:00,21.655,21.66,21.655,21.66,18159.0,ZI
2023-04-18 12:45:00,21.655,21.655,21.655,21.655,454.0,ZI
2023-04-18 12:44:00,21.655,21.67,21.655,21.655,14955.0,ZI
2023-04-18 12:43:00,21.655,21.66,21.655,21.655,6718.0,ZI
2023-04-18 12:42:00,21.625,21.655,21.625,21.655,15446.0,ZI
2023-04-18 12:41:00,21.635,21.635,21.625,21.625,7262.0,ZI
2023-04-18 12:40:00,21.645,21.645,21.635,21.635,14624.0,ZI
2023-04-18 12:39:00,21.64,21.66,21.635,21.645,13622.0,ZI
2023-04-18 12:38:00,21.665,21.665,21.64,21.64,7410.0,ZI
2023-04-18 12:37:00,21.68,21.68,21.64,21.665,18692.0,ZI
2023-04-18 12:36:00,21.675,21.71,21.675,21.685,33667.0,ZI
2023-04-18 12:35:00,21.6605,21.68,21.66,21.665,12705.0,ZI
2023-04-18 12:34:00,21.71,21.71,21.66,21.665,13177.0,ZI
2023-04-18 12:33:00,21.7,21.71,21.695,21.705,15696.0,ZI
2023-04-18 12:32:00,21.705,21.71,21.705,21.705,1311.0,ZI
2023-04-18 12:31:00,21.705,21.71,21.705,21.705,15865.0,ZI
2023-04-18 12:30:00,21.705,21.71,21.705,21.71,5623.0,ZI
2023-04-18 12:29:00,21.705,21.715,21.705,21.705,13997.0,ZI
2023-04-18 12:28:00,21.705,21.71,21.705,21.705,6366.0,ZI
2023-04-18 12:27:00,21.7,21.74,21.7,21.705,22498.0,ZI
2023-04-18 12:26:00,21.695,21.71,21.695,21.71,15142.0,ZI
2023-04-18 12:25:00,21.685,21.7,21.6822,21.695,7759.0,ZI
2023-04-18 12:24:00,21.685,21.69,21.685,21.685,1667.0,ZI
2023-04-18 12:23:00,21.685,21.71,21.685,21.685,15402.0,ZI
2023-04-18 12:22:00,21.7175,21.7175,21.685,21.685,9502.0,ZI
2023-04-18 12:21:00,21.7208,21.7208,21.715,21.715,5087.0,ZI
2023-04-18 12:20:00,21.7112,21.73,21.7112,21.725,9785.0,ZI
2023-04-18 12:19:00,21.72,21.73,21.715,21.715,7924.0,ZI
2023-04-18 12:18:00,21.745,21.75,21.725,21.725,11792.0,ZI
2023-04-18 12:17:00,21.745,21.75,21.74,21.745,13446.0,ZI
2023-04-18 12:16:00,21.725,21.745,21.725,21.7443,7013.0,ZI
2023-04-18 12:15:00,21.74,21.74,21.72,21.725,8770.0,ZI
2023-04-18 12:14:00,21.7389,21.74,21.735,21.735,9140.0,ZI
2023-04-18 12:13:00,21.72,21.735,21.715,21.73,14297.0,ZI
2023-04-18 12:12:00,21.71,21.735,21.71,21.72,19350.0,ZI
2023-04-18 12:11:00,21.715,21.73,21.71,21.715,26647.0,ZI
2023-04-18 12:10:00,21.645,21.72,21.645,21.72,32854.0,ZI
2023-04-18 12:09:00,21.575,21.65,21.575,21.645,18122.0,ZI
2023-04-18 12:08:00,21.575,21.58,21.575,21.575,10376.0,ZI
2023-04-18 12:07:00,21.56,21.58,21.5511,21.575,25331.0,ZI
2023-04-18 12:06:00,21.54,21.57,21.54,21.565,11057.0,ZI
2023-04-18 12:05:00,21.57,21.575,21.545,21.55,35392.0,ZI
2023-04-18 12:04:00,21.595,21.6075,21.575,21.5775,11010.0,ZI
2023-04-18 12:03:00,21.6,21.61,21.595,21.595,7136.0,ZI
2023-04-18 12:02:00,21.59,21.6,21.585,21.6,5057.0,ZI
2023-04-18 12:01:00,21.61,21.63,21.595,21.6,12584.0,ZI
2023-04-18 12:00:00,21.63,21.63,21.61,21.61,4588.0,ZI
2023-04-18 11:59:00,21.64,21.64,21.62,21.64,18733.0,ZI
2023-04-18 11:58:00,21.66,21.66,21.63,21.63,12341.0,ZI
2023-04-18 11:57:00,21.61,21.665,21.605,21.665,13084.0,ZI
2023-04-18 11:56:00,21.64,21.64,21.6148,21.615,8620.0,ZI
2023-04-18 11:55:00,21.58,21.65,21.58,21.64,24591.0,ZI
2023-04-18 11:54:00,21.54,21.585,21.54,21.575,11340.0,ZI
2023-04-18 11:53:00,21.55,21.55,21.54,21.545,7805.0,ZI
2023-04-18 11:52:00,21.55,21.555,21.545,21.55,4452.0,ZI
2023-04-18 11:51:00,21.52,21.55,21.515,21.545,10460.0,ZI
2023-04-18 11:50:00,21.515,21.535,21.5,21.525,47914.0,ZI
2023-04-18 11:49:00,21.515,21.515,21.51,21.515,3124.0,ZI
2023-04-18 11:48:00,21.525,21.53,21.51,21.515,9565.0,ZI
2023-04-18 11:47:00,21.535,21.57,21.52,21.535,16419.0,ZI
2023-04-18 11:46:00,21.545,21.555,21.535,21.535,13772.0,ZI
2023-04-18 11:45:00,21.53,21.61,21.53,21.5432,36119.0,ZI
2023-04-18 11:44:00,21.51,21.525,21.51,21.525,7307.0,ZI
2023-04-18 11:43:00,21.48,21.5088,21.475,21.505,12896.0,ZI
2023-04-18 11:42:00,21.465,21.475,21.45,21.475,14328.0,ZI
2023-04-18 11:41:00,21.475,21.48,21.455,21.46,19388.0,ZI
2023-04-18 11:40:00,21.505,21.51,21.47,21.48,13852.0,ZI
2023-04-18 11:39:00,21.54,21.54,21.5,21.5,20608.0,ZI
2023-04-18 11:38:00,21.565,21.565,21.535,21.545,28970.0,ZI
2023-04-18 11:37:00,21.58,21.585,21.565,21.565,10108.0,ZI
2023-04-18 11:36:00,21.5725,21.59,21.56,21.585,31512.0,ZI
2023-04-18 11:35:00,21.565,21.59,21.565,21.575,9507.0,ZI
2023-04-18 11:34:00,21.6,21.6,21.56,21.56,10940.0,ZI
2023-04-18 11:33:00,21.575,21.595,21.5625,21.59,12742.0,ZI
2023-04-18 11:32:00,21.595,21.61,21.57,21.575,100583.0,ZI
2023-04-18 11:31:00,21.6,21.605,21.58,21.59,58703.0,ZI
2023-04-18 11:30:00,21.5816,21.6,21.57,21.595,35547.0,ZI
2023-04-18 11:29:00,21.6,21.605,21.58,21.585,19813.0,ZI
2023-04-18 11:28:00,21.62,21.64,21.59,21.59,64891.0,ZI
2023-04-18 11:27:00,21.62,21.625,21.61,21.625,14703.0,ZI
2023-04-18 11:26:00,21.66,21.675,21.625,21.625,22189.0,ZI
2023-04-18 11:25:00,21.675,21.675,21.655,21.655,6493.0,ZI
2023-04-18 11:24:00,21.67,21.68,21.64,21.675,19193.0,ZI
2023-04-18 11:23:00,21.71,21.71,21.655,21.67,18942.0,ZI
2023-04-18 11:22:00,21.748,21.748,21.715,21.715,7084.0,ZI
2023-04-18 11:21:00,21.74,21.76,21.74,21.75,6686.0,ZI
2023-04-18 11:20:00,21.75,21.75,21.72,21.735,14542.0,ZI
2023-04-18 11:19:00,21.79,21.79,21.74,21.75,36439.0,ZI
2023-04-18 11:18:00,21.8,21.81,21.795,21.8,12260.0,ZI
2023-04-18 11:17:00,21.7908,21.81,21.79,21.79,16068.0,ZI
2023-04-18 11:16:00,21.785,21.79,21.775,21.79,8538.0,ZI
2023-04-18 11:15:00,21.78,21.8,21.78,21.78,17969.0,ZI
2023-04-18 11:14:00,21.7699,21.805,21.76,21.785,13921.0,ZI
2023-04-18 11:13:00,21.765,21.765,21.76,21.76,8563.0,ZI
2023-04-18 11:12:00,21.74,21.76,21.715,21.76,33687.0,ZI
2023-04-18 11:11:00,21.74,21.75,21.74,21.74,3134.0,ZI
2023-04-18 11:10:00,21.73,21.74,21.72,21.74,16353.0,ZI
2023-04-18 11:09:00,21.79,21.79,21.725,21.73,30075.0,ZI
2023-04-18 11:08:00,21.795,21.8,21.79,21.79,2635.0,ZI
2023-04-18 11:07:00,21.795,21.81,21.795,21.8,11209.0,ZI
2023-04-18 11:06:00,21.7945,21.8075,21.7945,21.8,13918.0,ZI
2023-04-18 11:05:00,21.795,21.805,21.79,21.795,9574.0,ZI
2023-04-18 11:04:00,21.82,21.83,21.79,21.795,14341.0,ZI
2023-04-18 11:03:00,21.785,21.84,21.785,21.82,20640.0,ZI
2023-04-18 11:02:00,21.8,21.805,21.785,21.785,11691.0,ZI
2023-04-18 11:01:00,21.795,21.81,21.795,21.8,7544.0,ZI
2023-04-18 11:00:00,21.8,21.81,21.795,21.795,8764.0,ZI
2023-04-18 10:59:00,21.81,21.81,21.795,21.795,6029.0,ZI
2023-04-18 10:58:00,21.795,21.82,21.795,21.805,21219.0,ZI
2023-04-18 10:57:00,21.78,21.8,21.78,21.795,8636.0,ZI
2023-04-18 10:56:00,21.795,21.82,21.78,21.79,13203.0,ZI
2023-04-18 10:55:00,21.8,21.81,21.7971,21.8,9462.0,ZI
2023-04-18 10:54:00,21.8,21.8,21.78,21.79,13798.0,ZI
2023-04-18 10:53:00,21.775,21.8,21.775,21.8,12559.0,ZI
2023-04-18 10:52:00,21.74,21.78,21.74,21.78,16960.0,ZI
2023-04-18 10:51:00,21.78,21.78,21.75,21.75,11354.0,ZI
2023-04-18 10:50:00,21.795,21.805,21.78,21.785,14581.0,ZI
2023-04-18 10:49:00,21.79,21.8,21.79,21.8,6250.0,ZI
2023-04-18 10:48:00,21.8,21.805,21.79,21.79,21753.0,ZI
2023-04-18 10:47:00,21.81,21.815,21.77,21.8,47458.0,ZI
2023-04-18 10:46:00,21.81,21.82,21.805,21.815,20910.0,ZI
2023-04-18 10:45:00,21.81,21.82,21.8,21.815,12080.0,ZI
2023-04-18 10:44:00,21.85,21.85,21.81,21.81,18734.0,ZI
2023-04-18 10:43:00,21.8,21.85,21.79,21.845,41033.0,ZI
2023-04-18 10:42:00,21.795,21.8175,21.795,21.81,15394.0,ZI
2023-04-18 10:41:00,21.82,21.82,21.8,21.8,11891.0,ZI
2023-04-18 10:40:00,21.78,21.83,21.775,21.815,21920.0,ZI
2023-04-18 10:39:00,21.795,21.7961,21.765,21.775,8107.0,ZI
2023-04-18 10:38:00,21.8,21.805,21.78,21.795,10216.0,ZI
2023-04-18 10:37:00,21.77,21.795,21.77,21.795,10579.0,ZI
2023-04-18 10:36:00,21.76,21.78,21.76,21.765,14305.0,ZI
2023-04-18 10:35:00,21.805,21.805,21.76,21.77,7953.0,ZI
2023-04-18 10:34:00,21.815,21.83,21.8,21.8,10425.0,ZI
2023-04-18 10:33:00,21.815,21.875,21.815,21.82,12941.0,ZI
2023-04-18 10:32:00,21.78,21.815,21.76,21.815,19110.0,ZI
2023-04-18 10:31:00,21.82,21.835,21.7801,21.7801,11928.0,ZI
2023-04-18 10:30:00,21.83,21.84,21.8,21.815,7344.0,ZI
2023-04-18 10:29:00,21.83,21.835,21.82,21.83,6667.0,ZI
2023-04-18 10:28:00,21.8,21.84,21.79,21.84,12688.0,ZI
2023-04-18 10:27:00,21.865,21.865,21.8,21.805,15840.0,ZI
2023-04-18 10:26:00,21.91,21.91,21.87,21.87,12020.0,ZI
2023-04-18 10:25:00,21.95,21.97,21.905,21.915,14251.0,ZI
2023-04-18 10:24:00,21.96,21.96,21.935,21.95,12962.0,ZI
2023-04-18 10:23:00,22.0,22.005,21.95,21.95,13198.0,ZI
2023-04-18 10:22:00,21.94,22.01,21.94,22.0,20658.0,ZI
2023-04-18 10:21:00,21.925,21.938,21.925,21.935,5317.0,ZI
2023-04-18 10:20:00,21.91,21.94,21.9,21.925,13483.0,ZI
2023-04-18 10:19:00,21.94,21.955,21.91,21.91,19891.0,ZI
2023-04-18 10:18:00,21.95,21.96,21.94,21.945,9706.0,ZI
2023-04-18 10:17:00,21.895,21.955,21.895,21.955,14286.0,ZI
2023-04-18 10:16:00,21.9,21.91,21.89,21.895,14229.0,ZI
2023-04-18 10:15:00,21.92,21.92,21.895,21.905,7084.0,ZI
2023-04-18 10:14:00,21.93,21.945,21.925,21.925,9336.0,ZI
2023-04-18 10:13:00,21.925,21.93,21.915,21.93,11864.0,ZI
2023-04-18 10:12:00,21.93,21.93,21.905,21.925,10949.0,ZI
2023-04-18 10:11:00,21.915,21.96,21.905,21.935,26524.0,ZI
2023-04-18 10:10:00,21.885,21.915,21.885,21.91,14126.0,ZI
2023-04-18 10:09:00,21.89,21.9,21.89,21.89,15769.0,ZI
2023-04-18 10:08:00,21.86,21.89,21.855,21.88,9592.0,ZI
2023-04-18 10:07:00,21.87,21.88,21.87,21.87,9940.0,ZI
2023-04-18 10:06:00,21.87,21.885,21.86,21.865,13016.0,ZI
2023-04-18 10:05:00,21.91,21.92,21.86,21.87,28002.0,ZI
2023-04-18 10:04:00,21.91,21.91,21.89,21.9,10444.0,ZI
2023-04-18 10:03:00,21.9499,21.9499,21.91,21.91,8257.0,ZI
2023-04-18 10:02:00,21.96,21.965,21.94,21.9443,10108.0,ZI
2023-04-18 10:01:00,21.925,21.9575,21.925,21.955,15200.0,ZI
2023-04-18 10:00:00,21.94,21.955,21.915,21.925,19890.0,ZI
2023-04-18 09:59:00,22.02,22.025,21.94,21.95,18510.0,ZI
2023-04-18 09:58:00,22.08,22.085,22.04,22.04,13092.0,ZI
2023-04-18 09:57:00,22.14,22.14,22.07,22.075,8155.0,ZI
2023-04-18 09:56:00,22.125,22.175,22.125,22.14,9786.0,ZI
2023-04-18 09:55:00,22.17,22.18,22.12,22.12,15815.0,ZI
2023-04-18 09:54:00,22.1791,22.18,22.17,22.175,3735.0,ZI
2023-04-18 09:53:00,22.175,22.175,22.13,22.17,13700.0,ZI
2023-04-18 09:52:00,22.1791,22.19,22.16,22.18,16149.0,ZI
2023-04-18 09:51:00,22.27,22.27,22.175,22.175,13859.0,ZI
2023-04-18 09:50:00,22.275,22.28,22.24,22.275,14386.0,ZI
2023-04-18 09:49:00,22.29,22.29,22.265,22.275,9547.0,ZI
2023-04-18 09:48:00,22.28,22.29,22.245,22.285,11872.0,ZI
2023-04-18 09:47:00,22.275,22.275,22.235,22.27,9489.0,ZI
2023-04-18 09:46:00,22.22,22.27,22.21,22.265,18935.0,ZI
2023-04-18 09:45:00,22.23,22.23,22.21,22.21,14827.0,ZI
2023-04-18 09:44:00,22.19,22.225,22.185,22.21,13542.0,ZI
2023-04-18 09:43:00,22.2,22.205,22.18,22.18,3835.0,ZI
2023-04-18 09:42:00,22.17,22.24,22.17,22.2,11032.0,ZI
2023-04-18 09:41:00,22.185,22.185,22.13,22.17,9664.0,ZI
2023-04-18 09:40:00,22.17,22.235,22.16,22.2,30111.0,ZI
2023-04-18 09:39:00,22.14,22.175,22.13,22.175,5265.0,ZI
2023-04-18 09:38:00,22.16,22.16,22.12,22.13,6197.0,ZI
2023-04-18 09:37:00,22.145,22.17,22.13,22.16,12091.0,ZI
2023-04-18 09:36:00,22.17,22.18,22.1,22.14,19903.0,ZI
2023-04-18 09:35:00,22.17,22.1877,22.15,22.16,6669.0,ZI
2023-04-18 09:34:00,22.24,22.26,22.18,22.18,12300.0,ZI
2023-04-18 09:33:00,22.31,22.33,22.23,22.27,14058.0,ZI
2023-04-18 09:32:00,22.46,22.48,22.32,22.32,19408.0,ZI
2023-04-18 09:31:00,22.53,22.53,22.41,22.44,38468.0,ZI
2023-04-17 17:09:00,22.45,22.45,22.45,22.45,100.0,ZI
2023-04-17 16:01:00,22.41,22.41,22.41,22.41,59142.0,ZI
2023-04-17 16:00:00,22.41,22.415,22.4,22.4,67130.0,ZI
2023-04-17 15:59:00,22.4,22.43,22.4,22.415,86824.0,ZI
2023-04-17 15:58:00,22.42,22.425,22.385,22.405,113575.0,ZI
2023-04-17 15:57:00,22.44,22.445,22.42,22.425,30789.0,ZI
2023-04-17 15:56:00,22.42,22.445,22.42,22.445,20669.0,ZI
2023-04-17 15:55:00,22.435,22.45,22.42,22.425,39908.0,ZI
2023-04-17 15:54:00,22.445,22.45,22.435,22.435,57347.0,ZI
2023-04-17 15:53:00,22.445,22.45,22.44,22.445,28676.0,ZI
2023-04-17 15:52:00,22.405,22.45,22.405,22.445,58641.0,ZI
2023-04-17 15:51:00,22.4,22.425,22.39,22.405,46570.0,ZI
2023-04-17 15:50:00,22.385,22.41,22.385,22.405,16270.0,ZI
2023-04-17 15:49:00,22.38,22.39,22.37,22.385,30007.0,ZI
2023-04-17 15:48:00,22.385,22.39,22.38,22.385,6416.0,ZI
2023-04-17 15:47:00,22.405,22.405,22.38,22.385,21729.0,ZI
2023-04-17 15:46:00,22.445,22.445,22.4,22.405,20367.0,ZI
2023-04-17 15:45:00,22.435,22.445,22.4319,22.445,20048.0,ZI
2023-04-17 15:44:00,22.43,22.435,22.43,22.435,6125.0,ZI
2023-04-17 15:43:00,22.415,22.435,22.415,22.435,13664.0,ZI
2023-04-17 15:42:00,22.405,22.42,22.4,22.415,14424.0,ZI
2023-04-17 15:41:00,22.4,22.415,22.4,22.405,12335.0,ZI
2023-04-17 15:40:00,22.435,22.435,22.4,22.4,17104.0,ZI
2023-04-17 15:39:00,22.45,22.45,22.435,22.435,8391.0,ZI
2023-04-17 15:38:00,22.425,22.45,22.425,22.445,13981.0,ZI
2023-04-17 15:37:00,22.435,22.45,22.425,22.425,46758.0,ZI
2023-04-17 15:36:00,22.435,22.435,22.425,22.435,13936.0,ZI
2023-04-17 15:35:00,22.425,22.4375,22.425,22.435,7010.0,ZI
2023-04-17 15:34:00,22.435,22.435,22.42,22.425,17026.0,ZI
2023-04-17 15:33:00,22.435,22.44,22.435,22.435,2959.0,ZI
2023-04-17 15:32:00,22.435,22.45,22.43,22.435,16937.0,ZI
2023-04-17 15:31:00,22.435,22.445,22.43,22.435,11376.0,ZI
2023-04-17 15:30:00,22.435,22.445,22.435,22.435,8179.0,ZI
2023-04-17 15:29:00,22.435,22.44,22.425,22.425,12394.0,ZI
2023-04-17 15:28:00,22.445,22.445,22.41,22.435,45097.0,ZI
2023-04-17 15:27:00,22.425,22.455,22.42,22.45,20163.0,ZI
2023-04-17 15:26:00,22.47,22.47,22.42,22.425,7627.0,ZI
2023-04-17 15:25:00,22.465,22.4653,22.46,22.465,3841.0,ZI
2023-04-17 15:24:00,22.46,22.475,22.46,22.465,3837.0,ZI
2023-04-17 15:23:00,22.465,22.465,22.455,22.46,6924.0,ZI
2023-04-17 15:22:00,22.445,22.46,22.445,22.46,4867.0,ZI
2023-04-17 15:21:00,22.445,22.45,22.44,22.445,11380.0,ZI
2023-04-17 15:20:00,22.49,22.49,22.43,22.445,33657.0,ZI
2023-04-17 15:19:00,22.49,22.5,22.49,22.495,7547.0,ZI
2023-04-17 15:18:00,22.475,22.485,22.475,22.48,10178.0,ZI
2023-04-17 15:17:00,22.47,22.49,22.47,22.48,10479.0,ZI
2023-04-17 15:16:00,22.455,22.47,22.45,22.465,12363.0,ZI
2023-04-17 15:15:00,22.455,22.455,22.45,22.455,1341.0,ZI
2023-04-17 15:14:00,22.455,22.46,22.45,22.455,3110.0,ZI
2023-04-17 15:13:00,22.455,22.455,22.45,22.45,4804.0,ZI
2023-04-17 15:12:00,22.475,22.475,22.44,22.455,87216.0,ZI
2023-04-17 15:11:00,22.495,22.495,22.475,22.475,14769.0,ZI
2023-04-17 15:10:00,22.495,22.5,22.495,22.495,927.0,ZI
2023-04-17 15:09:00,22.48,22.5,22.48,22.495,18901.0,ZI
2023-04-17 15:08:00,22.475,22.48,22.475,22.475,4078.0,ZI
2023-04-17 15:07:00,22.475,22.5,22.47,22.475,20510.0,ZI
2023-04-17 15:06:00,22.495,22.5,22.47,22.475,55994.0,ZI
2023-04-17 15:05:00,22.495,22.5,22.495,22.495,7316.0,ZI
2023-04-17 15:04:00,22.5,22.5,22.49,22.49,2834.0,ZI
2023-04-17 15:03:00,22.5,22.5,22.495,22.5,12951.0,ZI
2023-04-17 15:02:00,22.495,22.495,22.49,22.495,922.0,ZI
2023-04-17 15:01:00,22.505,22.52,22.495,22.495,22386.0,ZI
2023-04-17 15:00:00,22.51,22.515,22.505,22.505,5570.0,ZI
2023-04-17 14:59:00,22.495,22.51,22.495,22.51,5958.0,ZI
2023-04-17 14:58:00,22.49,22.495,22.49,22.49,6045.0,ZI
2023-04-17 14:57:00,22.48,22.49,22.48,22.485,3551.0,ZI
2023-04-17 14:56:00,22.47,22.48,22.44,22.475,19710.0,ZI
2023-04-17 14:55:00,22.485,22.485,22.465,22.465,5965.0,ZI
2023-04-17 14:54:00,22.485,22.5,22.48,22.485,13700.0,ZI
2023-04-17 14:53:00,22.49,22.495,22.485,22.485,9043.0,ZI
2023-04-17 14:52:00,22.49,22.49,22.485,22.4863,1838.0,ZI
2023-04-17 14:51:00,22.48,22.49,22.48,22.485,1527.0,ZI
2023-04-17 14:50:00,22.45,22.485,22.445,22.48,4421.0,ZI
2023-04-17 14:49:00,22.425,22.445,22.425,22.445,4408.0,ZI
2023-04-17 14:48:00,22.415,22.43,22.41,22.425,9124.0,ZI
2023-04-17 14:47:00,22.415,22.415,22.415,22.415,2061.0,ZI
2023-04-17 14:46:00,22.425,22.425,22.41,22.415,15207.0,ZI
2023-04-17 14:45:00,22.425,22.43,22.425,22.43,2765.0,ZI
2023-04-17 14:44:00,22.435,22.465,22.42,22.425,23249.0,ZI
2023-04-17 14:43:00,22.42,22.44,22.415,22.44,8661.0,ZI
2023-04-17 14:42:00,22.39,22.41,22.385,22.405,11769.0,ZI
2023-04-17 14:41:00,22.36,22.385,22.36,22.385,10026.0,ZI
2023-04-17 14:40:00,22.355,22.355,22.355,22.355,910.0,ZI
2023-04-17 14:39:00,22.36,22.37,22.35,22.355,7655.0,ZI
2023-04-17 14:38:00,22.365,22.375,22.365,22.365,7278.0,ZI
2023-04-17 14:37:00,22.365,22.365,22.365,22.365,683.0,ZI
2023-04-17 14:36:00,22.365,22.3699,22.36,22.365,2132.0,ZI
2023-04-17 14:35:00,22.365,22.365,22.365,22.365,1100.0,ZI
2023-04-17 14:34:00,22.355,22.365,22.355,22.365,6475.0,ZI
2023-04-17 14:33:00,22.365,22.365,22.355,22.355,1522.0,ZI
2023-04-17 14:32:00,22.3776,22.4,22.365,22.365,30019.0,ZI
2023-04-17 14:31:00,22.375,22.38,22.375,22.375,7411.0,ZI
2023-04-17 14:30:00,22.38,22.38,22.375,22.375,3141.0,ZI
2023-04-17 14:29:00,22.365,22.375,22.365,22.37,5509.0,ZI
2023-04-17 14:28:00,22.365,22.37,22.365,22.365,7043.0,ZI
2023-04-17 14:27:00,22.37,22.37,22.365,22.365,4674.0,ZI
2023-04-17 14:26:00,22.365,22.365,22.365,22.365,3269.0,ZI
2023-04-17 14:25:00,22.365,22.365,22.365,22.365,1293.0,ZI
2023-04-17 14:24:00,22.355,22.365,22.355,22.365,6494.0,ZI
2023-04-17 14:23:00,22.355,22.355,22.355,22.355,801.0,ZI
2023-04-17 14:22:00,22.365,22.365,22.355,22.355,9768.0,ZI
2023-04-17 14:21:00,22.37,22.38,22.365,22.365,21429.0,ZI
2023-04-17 14:20:00,22.37,22.37,22.365,22.365,1173.0,ZI
2023-04-17 14:19:00,22.36,22.37,22.36,22.365,3548.0,ZI
2023-04-17 14:18:00,22.36,22.36,22.355,22.355,2166.0,ZI
2023-04-17 14:17:00,22.355,22.36,22.355,22.36,1095.0,ZI
2023-04-17 14:16:00,22.355,22.36,22.355,22.355,1352.0,ZI
2023-04-17 14:15:00,22.35,22.36,22.35,22.355,3092.0,ZI
2023-04-17 14:14:00,22.335,22.35,22.335,22.35,10271.0,ZI
2023-04-17 14:13:00,22.34,22.345,22.33,22.33,6438.0,ZI
2023-04-17 14:12:00,22.34,22.35,22.34,22.35,1946.0,ZI
2023-04-17 14:11:00,22.35,22.36,22.345,22.35,6457.0,ZI
2023-04-17 14:10:00,22.34,22.35,22.335,22.35,4626.0,ZI
2023-04-17 14:09:00,22.33,22.34,22.33,22.34,3505.0,ZI
2023-04-17 14:08:00,22.33,22.335,22.325,22.33,6137.0,ZI
2023-04-17 14:07:00,22.325,22.33,22.325,22.33,1940.0,ZI
2023-04-17 14:06:00,22.305,22.33,22.305,22.325,7705.0,ZI
2023-04-17 14:05:00,22.31,22.31,22.29,22.305,9648.0,ZI
2023-04-17 14:04:00,22.33,22.33,22.31,22.31,13514.0,ZI
2023-04-17 14:03:00,22.33,22.34,22.33,22.335,2144.0,ZI
2023-04-17 14:02:00,22.305,22.34,22.29,22.33,23630.0,ZI
2023-04-17 14:01:00,22.335,22.34,22.3,22.305,8939.0,ZI
2023-04-17 14:00:00,22.335,22.34,22.335,22.335,1054.0,ZI
2023-04-17 13:59:00,22.293,22.34,22.293,22.335,12103.0,ZI
2023-04-17 13:58:00,22.335,22.335,22.295,22.295,17575.0,ZI
2023-04-17 13:57:00,22.34,22.345,22.33,22.33,4465.0,ZI
2023-04-17 13:56:00,22.36,22.36,22.335,22.345,9726.0,ZI
2023-04-17 13:55:00,22.38,22.38,22.365,22.365,3235.0,ZI
2023-04-17 13:54:00,22.37,22.375,22.355,22.375,12265.0,ZI
2023-04-17 13:53:00,22.37,22.375,22.365,22.365,4722.0,ZI
2023-04-17 13:52:00,22.385,22.385,22.375,22.375,7677.0,ZI
2023-04-17 13:51:00,22.4,22.4,22.38,22.385,8595.0,ZI
2023-04-17 13:50:00,22.39,22.4,22.39,22.4,4939.0,ZI
2023-04-17 13:49:00,22.4,22.4,22.395,22.395,1470.0,ZI
2023-04-17 13:48:00,22.4,22.405,22.39,22.395,5806.0,ZI
2023-04-17 13:47:00,22.4,22.405,22.395,22.4,7944.0,ZI
2023-04-17 13:46:00,22.395,22.395,22.395,22.395,1977.0,ZI
2023-04-17 13:45:00,22.37,22.39,22.36,22.39,19755.0,ZI
2023-04-17 13:44:00,22.38,22.38,22.37,22.375,2789.0,ZI
2023-04-17 13:43:00,22.38,22.385,22.37,22.38,7438.0,ZI
2023-04-17 13:42:00,22.385,22.395,22.38,22.385,10644.0,ZI
2023-04-17 13:41:00,22.425,22.425,22.385,22.385,14750.0,ZI
2023-04-17 13:40:00,22.41,22.425,22.41,22.425,5444.0,ZI
2023-04-17 13:39:00,22.41,22.42,22.4,22.415,8720.0,ZI
2023-04-17 13:38:00,22.405,22.405,22.39,22.405,10989.0,ZI
2023-04-17 13:37:00,22.405,22.405,22.405,22.405,7170.0,ZI
2023-04-17 13:36:00,22.41,22.415,22.375,22.41,23734.0,ZI
2023-04-17 13:35:00,22.4,22.405,22.4,22.405,10785.0,ZI
2023-04-17 13:34:00,22.375,22.4,22.375,22.4,11631.0,ZI
2023-04-17 13:33:00,22.375,22.385,22.375,22.375,14550.0,ZI
2023-04-17 13:32:00,22.365,22.38,22.36,22.375,8411.0,ZI
2023-04-17 13:31:00,22.365,22.37,22.36,22.365,5080.0,ZI
2023-04-17 13:30:00,22.36,22.37,22.33,22.365,28615.0,ZI
2023-04-17 13:29:00,22.345,22.365,22.345,22.355,18832.0,ZI
2023-04-17 13:28:00,22.365,22.365,22.3428,22.345,5297.0,ZI
2023-04-17 13:27:00,22.385,22.385,22.35,22.37,23176.0,ZI
2023-04-17 13:26:00,22.425,22.425,22.37,22.385,18289.0,ZI
2023-04-17 13:25:00,22.42,22.425,22.42,22.425,2692.0,ZI
2023-04-17 13:24:00,22.43,22.45,22.4,22.425,31237.0,ZI
2023-04-17 13:23:00,22.435,22.44,22.415,22.43,17237.0,ZI
2023-04-17 13:22:00,22.445,22.49,22.43,22.43,38585.0,ZI
2023-04-17 13:21:00,22.445,22.46,22.44,22.44,61181.0,ZI
2023-04-17 13:20:00,22.445,22.455,22.44,22.445,24893.0,ZI
2023-04-17 13:19:00,22.45,22.45,22.44,22.445,7372.0,ZI
2023-04-17 13:18:00,22.45,22.455,22.43,22.44,64449.0,ZI
2023-04-17 13:17:00,22.445,22.5,22.44,22.455,82004.0,ZI
2023-04-17 13:16:00,22.45,22.46,22.44,22.445,23143.0,ZI
2023-04-17 13:15:00,22.445,22.45,22.44,22.445,25569.0,ZI
2023-04-17 13:14:00,22.445,22.455,22.44,22.445,20441.0,ZI
2023-04-17 13:13:00,22.445,22.45,22.445,22.445,13816.0,ZI
2023-04-17 13:12:00,22.445,22.45,22.44,22.445,895.0,ZI
2023-04-17 13:11:00,22.435,22.455,22.43,22.45,10283.0,ZI
2023-04-17 13:10:00,22.42,22.435,22.42,22.435,12196.0,ZI
2023-04-17 13:09:00,22.42,22.425,22.42,22.425,1136.0,ZI
2023-04-17 13:08:00,22.445,22.445,22.42,22.425,13229.0,ZI
2023-04-17 13:07:00,22.445,22.445,22.445,22.445,870.0,ZI
2023-04-17 13:06:00,22.47,22.48,22.43,22.445,17865.0,ZI
2023-04-17 13:05:00,22.465,22.465,22.44,22.455,18989.0,ZI
2023-04-17 13:04:00,22.43,22.465,22.42,22.465,8836.0,ZI
2023-04-17 13:03:00,22.425,22.425,22.415,22.425,10432.0,ZI
2023-04-17 13:02:00,22.425,22.435,22.42,22.425,8611.0,ZI
2023-04-17 13:01:00,22.435,22.435,22.42,22.425,5688.0,ZI
2023-04-17 13:00:00,22.425,22.435,22.425,22.435,4150.0,ZI
2023-04-17 12:59:00,22.41,22.425,22.41,22.425,5380.0,ZI
2023-04-17 12:58:00,22.4,22.405,22.4,22.405,1790.0,ZI
2023-04-17 12:57:00,22.4,22.42,22.4,22.405,15665.0,ZI
2023-04-17 12:56:00,22.4,22.44,22.4,22.4,15086.0,ZI
2023-04-17 12:55:00,22.42,22.42,22.4,22.4,6789.0,ZI
2023-04-17 12:54:00,22.43,22.43,22.41,22.42,9570.0,ZI
2023-04-17 12:53:00,22.42,22.43,22.42,22.43,3541.0,ZI
2023-04-17 12:52:00,22.41,22.42,22.41,22.415,3524.0,ZI
2023-04-17 12:51:00,22.385,22.42,22.385,22.415,7652.0,ZI
2023-04-17 12:50:00,22.38,22.385,22.38,22.385,4178.0,ZI
2023-04-17 12:49:00,22.395,22.4,22.385,22.385,17017.0,ZI
2023-04-17 12:48:00,22.38,22.4,22.37,22.395,24048.0,ZI
2023-04-17 12:47:00,22.415,22.415,22.38,22.38,25961.0,ZI
2023-04-17 12:46:00,22.45,22.45,22.41,22.41,12157.0,ZI
2023-04-17 12:45:00,22.445,22.4499,22.435,22.44,9099.0,ZI
2023-04-17 12:44:00,22.445,22.445,22.445,22.445,2053.0,ZI
2023-04-17 12:43:00,22.44,22.45,22.44,22.445,3449.0,ZI
2023-04-17 12:42:00,22.45,22.455,22.44,22.44,29872.0,ZI
2023-04-17 12:41:00,22.435,22.455,22.435,22.45,27741.0,ZI
2023-04-17 12:40:00,22.495,22.495,22.43,22.435,25675.0,ZI
2023-04-17 12:39:00,22.49,22.5,22.49,22.495,5893.0,ZI
2023-04-17 12:38:00,22.455,22.49,22.455,22.49,6646.0,ZI
2023-04-17 12:37:00,22.445,22.46,22.435,22.455,6766.0,ZI
2023-04-17 12:36:00,22.445,22.455,22.445,22.45,5055.0,ZI
2023-04-17 12:35:00,22.455,22.455,22.44,22.44,9446.0,ZI
2023-04-17 12:34:00,22.465,22.47,22.455,22.455,23935.0,ZI
2023-04-17 12:33:00,22.44,22.47,22.435,22.4675,13052.0,ZI
2023-04-17 12:32:00,22.44,22.44,22.435,22.44,3960.0,ZI
2023-04-17 12:31:00,22.425,22.44,22.425,22.44,7573.0,ZI
2023-04-17 12:30:00,22.41,22.42,22.405,22.42,8037.0,ZI
2023-04-17 12:29:00,22.4184,22.42,22.415,22.415,1951.0,ZI
2023-04-17 12:28:00,22.39,22.42,22.39,22.4199,5761.0,ZI
2023-04-17 12:27:00,22.39,22.39,22.385,22.385,6555.0,ZI
2023-04-17 12:26:00,22.38,22.39,22.375,22.38,3053.0,ZI
2023-04-17 12:25:00,22.345,22.38,22.345,22.375,13848.0,ZI
2023-04-17 12:24:00,22.35,22.35,22.34,22.34,3018.0,ZI
2023-04-17 12:23:00,22.35,22.355,22.345,22.345,8306.0,ZI
2023-04-17 12:22:00,22.38,22.38,22.33,22.35,18602.0,ZI
2023-04-17 12:21:00,22.405,22.405,22.375,22.38,6444.0,ZI
2023-04-17 12:20:00,22.39,22.41,22.38,22.4,9249.0,ZI
2023-04-17 12:19:00,22.375,22.39,22.375,22.385,2321.0,ZI
2023-04-17 12:18:00,22.395,22.395,22.375,22.375,4900.0,ZI
2023-04-17 12:17:00,22.36,22.38,22.355,22.38,6408.0,ZI
2023-04-17 12:16:00,22.39,22.39,22.34,22.36,17720.0,ZI
2023-04-17 12:15:00,22.38,22.4,22.375,22.39,6019.0,ZI
2023-04-17 12:14:00,22.425,22.425,22.38,22.38,4420.0,ZI
2023-04-17 12:13:00,22.375,22.42,22.375,22.42,17222.0,ZI
2023-04-17 12:12:00,22.395,22.395,22.37,22.37,5693.0,ZI
2023-04-17 12:11:00,22.415,22.415,22.36,22.3953,35697.0,ZI
2023-04-17 12:10:00,22.425,22.425,22.41,22.415,3474.0,ZI
2023-04-17 12:09:00,22.435,22.44,22.42,22.425,4670.0,ZI
2023-04-17 12:08:00,22.435,22.44,22.435,22.44,11017.0,ZI
2023-04-17 12:07:00,22.46,22.465,22.435,22.44,5500.0,ZI
2023-04-17 12:06:00,22.46,22.47,22.46,22.46,2404.0,ZI
2023-04-17 12:05:00,22.46,22.46,22.43,22.46,12067.0,ZI
2023-04-17 12:04:00,22.425,22.46,22.425,22.46,4846.0,ZI
2023-04-17 12:03:00,22.44,22.46,22.44,22.44,5110.0,ZI
2023-04-17 12:02:00,22.44,22.445,22.4,22.445,14322.0,ZI
2023-04-17 12:01:00,22.43,22.45,22.425,22.435,5734.0,ZI
2023-04-17 12:00:00,22.45,22.46,22.44,22.44,2209.0,ZI
2023-04-17 11:59:00,22.44,22.445,22.4,22.445,24342.0,ZI
2023-04-17 11:58:00,22.455,22.48,22.435,22.435,13690.0,ZI
2023-04-17 11:57:00,22.455,22.46,22.44,22.455,6657.0,ZI
2023-04-17 11:56:00,22.47,22.47,22.4,22.45,23969.0,ZI
2023-04-17 11:55:00,22.47,22.475,22.47,22.475,970.0,ZI
2023-04-17 11:54:00,22.475,22.48,22.45,22.47,5386.0,ZI
2023-04-17 11:53:00,22.46,22.48,22.46,22.48,2771.0,ZI
2023-04-17 11:52:00,22.465,22.465,22.45,22.455,2701.0,ZI
2023-04-17 11:51:00,22.48,22.49,22.455,22.465,15055.0,ZI
2023-04-17 11:50:00,22.465,22.48,22.465,22.48,14142.0,ZI
2023-04-17 11:49:00,22.455,22.46,22.45,22.46,5590.0,ZI
2023-04-17 11:48:00,22.4,22.45,22.4,22.45,8885.0,ZI
2023-04-17 11:47:00,22.405,22.405,22.39,22.4,3454.0,ZI
2023-04-17 11:46:00,22.425,22.45,22.405,22.405,26360.0,ZI
2023-04-17 11:45:00,22.4,22.44,22.36,22.425,41661.0,ZI
2023-04-17 11:44:00,22.435,22.435,22.385,22.4,21031.0,ZI
2023-04-17 11:43:00,22.42,22.44,22.415,22.43,10246.0,ZI
2023-04-17 11:42:00,22.37,22.42,22.37,22.415,7959.0,ZI
2023-04-17 11:41:00,22.36,22.39,22.36,22.37,18451.0,ZI
2023-04-17 11:40:00,22.34,22.36,22.33,22.355,6618.0,ZI
2023-04-17 11:39:00,22.35,22.35,22.305,22.32,9270.0,ZI
2023-04-17 11:38:00,22.34,22.36,22.33,22.36,8001.0,ZI
2023-04-17 11:37:00,22.35,22.38,22.33,22.335,23850.0,ZI
2023-04-17 11:36:00,22.365,22.365,22.325,22.34,3762.0,ZI
2023-04-17 11:35:00,22.355,22.38,22.355,22.37,24445.0,ZI
2023-04-17 11:34:00,22.385,22.385,22.335,22.355,14324.0,ZI
2023-04-17 11:33:00,22.295,22.395,22.295,22.385,148757.0,ZI
2023-04-17 11:32:00,22.355,22.36,22.29,22.295,27463.0,ZI
2023-04-17 11:31:00,22.45,22.45,22.355,22.355,33249.0,ZI
2023-04-17 11:30:00,22.4833,22.4833,22.435,22.445,11223.0,ZI
2023-04-17 11:29:00,22.54,22.55,22.485,22.49,109353.0,ZI
2023-04-17 11:28:00,22.55,22.55,22.535,22.54,5828.0,ZI
2023-04-17 11:27:00,22.58,22.58,22.55,22.55,19240.0,ZI
2023-04-17 11:26:00,22.58,22.59,22.56,22.585,34512.0,ZI
2023-04-17 11:25:00,22.58,22.59,22.565,22.57,22466.0,ZI
2023-04-17 11:24:00,22.585,22.585,22.57,22.575,1758.0,ZI
2023-04-17 11:23:00,22.5601,22.61,22.56,22.6,10064.0,ZI
2023-04-17 11:22:00,22.56,22.575,22.55,22.57,11271.0,ZI
2023-04-17 11:21:00,22.62,22.62,22.56,22.565,16325.0,ZI
2023-04-17 11:20:00,22.6191,22.63,22.605,22.63,4986.0,ZI
2023-04-17 11:19:00,22.63,22.63,22.615,22.62,4779.0,ZI
2023-04-17 11:18:00,22.56,22.635,22.555,22.63,11485.0,ZI
2023-04-17 11:17:00,22.57,22.57,22.56,22.56,9400.0,ZI
2023-04-17 11:16:00,22.57,22.57,22.56,22.56,5959.0,ZI
2023-04-17 11:15:00,22.55,22.57,22.55,22.57,3537.0,ZI
2023-04-17 11:14:00,22.56,22.56,22.555,22.555,1639.0,ZI
2023-04-17 11:13:00,22.56,22.56,22.56,22.56,1784.0,ZI
2023-04-17 11:12:00,22.63,22.63,22.535,22.56,12334.0,ZI
2023-04-17 11:11:00,22.64,22.65,22.63,22.6425,8936.0,ZI
2023-04-17 11:10:00,22.58,22.64,22.58,22.635,18443.0,ZI
2023-04-17 11:09:00,22.53,22.58,22.53,22.58,3462.0,ZI
2023-04-17 11:08:00,22.53,22.53,22.525,22.53,8247.0,ZI
2023-04-17 11:07:00,22.5,22.53,22.495,22.525,23849.0,ZI
2023-04-17 11:06:00,22.49,22.5,22.485,22.5,15650.0,ZI
2023-04-17 11:05:00,22.46,22.49,22.46,22.48,7046.0,ZI
2023-04-17 11:04:00,22.475,22.475,22.455,22.455,2158.0,ZI
2023-04-17 11:03:00,22.48,22.49,22.475,22.48,8885.0,ZI
2023-04-17 11:02:00,22.5,22.5,22.485,22.49,3246.0,ZI
2023-04-17 11:01:00,22.5,22.5,22.49,22.495,11505.0,ZI
2023-04-17 11:00:00,22.45,22.5,22.45,22.5,3135.0,ZI
2023-04-17 10:59:00,22.46,22.465,22.445,22.445,4551.0,ZI
2023-04-17 10:58:00,22.425,22.455,22.42,22.455,10052.0,ZI
2023-04-17 10:57:00,22.42,22.43,22.42,22.425,4335.0,ZI
2023-04-17 10:56:00,22.45,22.45,22.405,22.41,3259.0,ZI
2023-04-17 10:55:00,22.45,22.46,22.44,22.46,4029.0,ZI
2023-04-17 10:54:00,22.5,22.5,22.46,22.46,5832.0,ZI
2023-04-17 10:53:00,22.5,22.52,22.495,22.495,23882.0,ZI
2023-04-17 10:52:00,22.5,22.51,22.495,22.505,61630.0,ZI
2023-04-17 10:51:00,22.495,22.5,22.49,22.495,9555.0,ZI
2023-04-17 10:50:00,22.475,22.5,22.465,22.5,13299.0,ZI
2023-04-17 10:49:00,22.47,22.47,22.47,22.47,662.0,ZI
2023-04-17 10:48:00,22.48,22.5,22.47,22.47,6236.0,ZI
2023-04-17 10:47:00,22.47,22.48,22.465,22.475,9112.0,ZI
2023-04-17 10:46:00,22.48,22.48,22.46,22.465,3798.0,ZI
2023-04-17 10:45:00,22.47,22.49,22.47,22.48,5255.0,ZI
2023-04-17 10:44:00,22.46,22.48,22.43,22.48,6499.0,ZI
2023-04-17 10:43:00,22.47,22.47,22.46,22.46,2633.0,ZI
2023-04-17 10:42:00,22.54,22.54,22.475,22.475,8611.0,ZI
2023-04-17 10:41:00,22.575,22.58,22.55,22.55,4718.0,ZI
2023-04-17 10:40:00,22.56,22.56,22.55,22.555,2136.0,ZI
2023-04-17 10:39:00,22.601,22.601,22.55,22.56,4754.0,ZI
2023-04-17 10:38:00,22.56,22.605,22.56,22.605,8634.0,ZI
2023-04-17 10:37:00,22.53,22.56,22.515,22.55,3804.0,ZI
2023-04-17 10:36:00,22.47,22.53,22.465,22.53,11990.0,ZI
2023-04-17 10:35:00,22.485,22.485,22.41,22.46,9873.0,ZI
2023-04-17 10:34:00,22.59,22.59,22.5,22.5,10107.0,ZI
2023-04-17 10:33:00,22.57,22.59,22.57,22.59,1658.0,ZI
2023-04-17 10:32:00,22.57,22.57,22.555,22.565,10855.0,ZI
2023-04-17 10:31:00,22.575,22.61,22.57,22.57,9797.0,ZI
2023-04-17 10:30:00,22.6,22.6,22.575,22.575,5154.0,ZI
2023-04-17 10:29:00,22.64,22.65,22.62,22.62,4463.0,ZI
2023-04-17 10:28:00,22.7,22.7,22.65,22.65,3694.0,ZI
2023-04-17 10:27:00,22.71,22.72,22.7,22.7,5088.0,ZI
2023-04-17 10:26:00,22.76,22.76,22.7,22.7,6078.0,ZI
2023-04-17 10:25:00,22.79,22.81,22.75,22.75,18981.0,ZI
2023-04-17 10:24:00,22.795,22.805,22.785,22.785,13934.0,ZI
2023-04-17 10:23:00,22.8,22.825,22.8,22.8,5293.0,ZI
2023-04-17 10:22:00,22.82,22.82,22.79,22.8,8813.0,ZI
2023-04-17 10:21:00,22.8,22.82,22.8,22.82,4753.0,ZI
2023-04-17 10:20:00,22.77,22.785,22.77,22.785,4341.0,ZI
2023-04-17 10:19:00,22.76,22.78,22.76,22.77,12043.0,ZI
2023-04-17 10:18:00,22.69,22.75,22.69,22.75,12399.0,ZI
2023-04-17 10:17:00,22.68,22.695,22.665,22.685,14318.0,ZI
2023-04-17 10:16:00,22.615,22.69,22.615,22.68,6097.0,ZI
2023-04-17 10:15:00,22.625,22.63,22.6179,22.6179,2646.0,ZI
2023-04-17 10:14:00,22.6,22.61,22.6,22.61,5927.0,ZI
2023-04-17 10:13:00,22.6,22.61,22.59,22.6,3513.0,ZI
2023-04-17 10:12:00,22.6,22.6,22.585,22.6,7260.0,ZI
2023-04-17 10:11:00,22.58,22.595,22.565,22.59,11133.0,ZI
2023-04-17 10:10:00,22.56,22.575,22.54,22.575,3542.0,ZI
2023-04-17 10:09:00,22.57,22.59,22.56,22.56,3099.0,ZI
2023-04-17 10:08:00,22.55,22.57,22.535,22.57,3216.0,ZI
2023-04-17 10:07:00,22.59,22.59,22.535,22.54,6208.0,ZI
2023-04-17 10:06:00,22.565,22.6081,22.56,22.595,3099.0,ZI
2023-04-17 10:05:00,22.52,22.53,22.485,22.53,16097.0,ZI
2023-04-17 10:04:00,22.5474,22.5474,22.515,22.53,4991.0,ZI
2023-04-17 10:03:00,22.49,22.555,22.49,22.55,3776.0,ZI
2023-04-17 10:02:00,22.465,22.505,22.455,22.5,5817.0,ZI
2023-04-17 10:01:00,22.395,22.505,22.395,22.465,62993.0,ZI
2023-04-17 10:00:00,22.41,22.44,22.36,22.39,80650.0,ZI
2023-04-17 09:59:00,22.375,22.42,22.37,22.41,4256.0,ZI
2023-04-17 09:58:00,22.39,22.405,22.355,22.375,10620.0,ZI
2023-04-17 09:57:00,22.395,22.4,22.38,22.4,4154.0,ZI
2023-04-17 09:56:00,22.38,22.395,22.37,22.39,2997.0,ZI
2023-04-17 09:55:00,22.37,22.405,22.37,22.39,3319.0,ZI
2023-04-17 09:54:00,22.44,22.44,22.37,22.37,11276.0,ZI
2023-04-17 09:53:00,22.485,22.49,22.44,22.455,8417.0,ZI
2023-04-17 09:52:00,22.42,22.47,22.4162,22.47,2218.0,ZI
2023-04-17 09:51:00,22.37,22.4105,22.37,22.41,4574.0,ZI
2023-04-17 09:50:00,22.31,22.365,22.31,22.36,4462.0,ZI
2023-04-17 09:49:00,22.295,22.31,22.29,22.31,3607.0,ZI
2023-04-17 09:48:00,22.33,22.34,22.3,22.31,5996.0,ZI
2023-04-17 09:47:00,22.33,22.34,22.29,22.32,5420.0,ZI
2023-04-17 09:46:00,22.39,22.39,22.33,22.35,4934.0,ZI
2023-04-17 09:45:00,22.315,22.33,22.3,22.33,2675.0,ZI
2023-04-17 09:44:00,22.315,22.33,22.305,22.31,2705.0,ZI
2023-04-17 09:43:00,22.32,22.34,22.29,22.31,3725.0,ZI
2023-04-17 09:42:00,22.365,22.365,22.33,22.33,1822.0,ZI
2023-04-17 09:41:00,22.3,22.34,22.27,22.305,6608.0,ZI
2023-04-17 09:40:00,22.38,22.388,22.3,22.3,4852.0,ZI
2023-04-17 09:39:00,22.33,22.39,22.33,22.375,2942.0,ZI
2023-04-17 09:38:00,22.35,22.3715,22.34,22.34,2395.0,ZI
2023-04-17 09:37:00,22.28,22.39,22.28,22.36,4771.0,ZI
2023-04-17 09:36:00,22.26,22.32,22.25,22.2885,10990.0,ZI
2023-04-17 09:35:00,22.22,22.28,22.22,22.28,1496.0,ZI
2023-04-17 09:34:00,22.23,22.28,22.18,22.22,6881.0,ZI
2023-04-17 09:33:00,22.11,22.23,22.079,22.23,7057.0,ZI
2023-04-17 09:32:00,22.12,22.2,22.09,22.09,6175.0,ZI
2023-04-17 09:31:00,22.32,22.32,22.01,22.01,30060.0,ZI
2023-04-17 09:25:00,22.44,22.44,22.44,22.44,250.0,ZI
2023-04-17 07:59:00,22.16,22.16,22.16,22.16,200.0,ZI
2023-04-14 16:05:00,22.13,22.13,22.13,22.13,100.0,ZI
2023-04-14 16:03:00,22.13,22.13,22.13,22.13,200.0,ZI
2023-04-14 16:01:00,22.15,22.15,22.15,22.15,24160.0,ZI
2023-04-14 16:00:00,22.165,22.18,22.16,22.175,59037.0,ZI
2023-04-14 15:59:00,22.14,22.17,22.13,22.165,34551.0,ZI
2023-04-14 15:58:00,22.11,22.145,22.105,22.14,36496.0,ZI
2023-04-14 15:57:00,22.105,22.125,22.1,22.105,14895.0,ZI
2023-04-14 15:56:00,22.085,22.105,22.07,22.105,28539.0,ZI
2023-04-14 15:55:00,22.09,22.095,22.065,22.09,44732.0,ZI
2023-04-14 15:54:00,22.11,22.11,22.085,22.09,19065.0,ZI
2023-04-14 15:53:00,22.12,22.125,22.11,22.11,21453.0,ZI
2023-04-14 15:52:00,22.135,22.135,22.12,22.125,10939.0,ZI
2023-04-14 15:51:00,22.17,22.17,22.125,22.135,16915.0,ZI
2023-04-14 15:50:00,22.165,22.18,22.165,22.17,15099.0,ZI
2023-04-14 15:49:00,22.185,22.19,22.155,22.165,14853.0,ZI
2023-04-14 15:48:00,22.19,22.19,22.185,22.185,6271.0,ZI
2023-04-14 15:47:00,22.22,22.22,22.185,22.195,15963.0,ZI
2023-04-14 15:46:00,22.205,22.225,22.205,22.22,8232.0,ZI
2023-04-14 15:45:00,22.2,22.2,22.19,22.2,10127.0,ZI
2023-04-14 15:44:00,22.19,22.205,22.19,22.205,20266.0,ZI
2023-04-14 15:43:00,22.205,22.22,22.19,22.195,18075.0,ZI
2023-04-14 15:42:00,22.175,22.205,22.17,22.205,11269.0,ZI
2023-04-14 15:41:00,22.17,22.18,22.165,22.175,9667.0,ZI
2023-04-14 15:40:00,22.16,22.17,22.16,22.17,32463.0,ZI
2023-04-14 15:39:00,22.165,22.17,22.155,22.155,10155.0,ZI
2023-04-14 15:38:00,22.185,22.185,22.165,22.165,19006.0,ZI
2023-04-14 15:37:00,22.195,22.195,22.18,22.18,6753.0,ZI
2023-04-14 15:36:00,22.2,22.2,22.19,22.195,7387.0,ZI
2023-04-14 15:35:00,22.19,22.2,22.19,22.195,6450.0,ZI
2023-04-14 15:34:00,22.195,22.195,22.18,22.185,9325.0,ZI
2023-04-14 15:33:00,22.195,22.195,22.19,22.19,1799.0,ZI
2023-04-14 15:32:00,22.21,22.215,22.195,22.195,17174.0,ZI
2023-04-14 15:31:00,22.22,22.22,22.21,22.215,12559.0,ZI
2023-04-14 15:30:00,22.23,22.235,22.22,22.225,7417.0,ZI
2023-04-14 15:29:00,22.23,22.23,22.21,22.225,9774.0,ZI
2023-04-14 15:28:00,22.21,22.235,22.205,22.23,11047.0,ZI
2023-04-14 15:27:00,22.185,22.205,22.18,22.2,7719.0,ZI
2023-04-14 15:26:00,22.18,22.19,22.175,22.185,8280.0,ZI
2023-04-14 15:25:00,22.17,22.185,22.17,22.175,9276.0,ZI
2023-04-14 15:24:00,22.15,22.165,22.145,22.165,7169.0,ZI
2023-04-14 15:23:00,22.135,22.145,22.135,22.14,3179.0,ZI
2023-04-14 15:22:00,22.1299,22.14,22.12,22.135,4981.0,ZI
2023-04-14 15:21:00,22.14,22.14,22.12,22.12,3483.0,ZI
2023-04-14 15:20:00,22.15,22.15,22.14,22.14,1266.0,ZI
2023-04-14 15:19:00,22.14,22.14,22.14,22.14,1715.0,ZI
2023-04-14 15:18:00,22.12,22.14,22.115,22.13,10610.0,ZI
2023-04-14 15:17:00,22.11,22.125,22.11,22.12,2842.0,ZI
2023-04-14 15:16:00,22.13,22.13,22.1,22.11,7622.0,ZI
2023-04-14 15:15:00,22.165,22.175,22.135,22.135,6743.0,ZI
2023-04-14 15:14:00,22.165,22.17,22.155,22.165,5339.0,ZI
2023-04-14 15:13:00,22.17,22.17,22.16,22.16,2276.0,ZI
2023-04-14 15:12:00,22.18,22.18,22.17,22.17,6765.0,ZI
2023-04-14 15:11:00,22.2,22.2,22.175,22.18,12168.0,ZI
2023-04-14 15:10:00,22.2,22.2,22.19,22.195,8656.0,ZI
2023-04-14 15:09:00,22.205,22.205,22.195,22.2,11093.0,ZI
2023-04-14 15:08:00,22.2,22.21,22.2,22.21,10577.0,ZI
2023-04-14 15:07:00,22.19,22.19,22.19,22.19,374.0,ZI
2023-04-14 15:06:00,22.23,22.23,22.195,22.195,4683.0,ZI
2023-04-14 15:05:00,22.23,22.24,22.225,22.225,4983.0,ZI
2023-04-14 15:04:00,22.22,22.225,22.22,22.225,889.0,ZI
2023-04-14 15:03:00,22.235,22.235,22.22,22.22,3707.0,ZI
2023-04-14 15:02:00,22.24,22.24,22.235,22.235,4036.0,ZI
2023-04-14 15:01:00,22.23,22.24,22.23,22.24,1820.0,ZI
2023-04-14 15:00:00,22.22,22.24,22.22,22.235,4364.0,ZI
2023-04-14 14:59:00,22.215,22.22,22.215,22.215,3219.0,ZI
2023-04-14 14:58:00,22.225,22.225,22.21,22.22,6234.0,ZI
2023-04-14 14:57:00,22.225,22.23,22.225,22.225,760.0,ZI
2023-04-14 14:56:00,22.205,22.225,22.2,22.225,5279.0,ZI
2023-04-14 14:55:00,22.205,22.205,22.2,22.205,942.0,ZI
2023-04-14 14:54:00,22.2,22.205,22.195,22.2001,2337.0,ZI
2023-04-14 14:53:00,22.22,22.22,22.2,22.21,3362.0,ZI
2023-04-14 14:52:00,22.2,22.225,22.2,22.22,3304.0,ZI
2023-04-14 14:51:00,22.2,22.2,22.195,22.195,2364.0,ZI
2023-04-14 14:50:00,22.195,22.21,22.195,22.205,3638.0,ZI
2023-04-14 14:49:00,22.195,22.195,22.19,22.19,442.0,ZI
2023-04-14 14:48:00,22.185,22.195,22.18,22.195,3588.0,ZI
2023-04-14 14:47:00,22.19,22.19,22.185,22.185,1849.0,ZI
2023-04-14 14:46:00,22.195,22.2,22.195,22.195,1477.0,ZI
2023-04-14 14:45:00,22.195,22.2,22.195,22.195,3122.0,ZI
2023-04-14 14:44:00,22.195,22.2,22.195,22.195,1348.0,ZI
2023-04-14 14:43:00,22.1901,22.195,22.185,22.195,3635.0,ZI
2023-04-14 14:42:00,22.195,22.2,22.19,22.19,3450.0,ZI
2023-04-14 14:41:00,22.22,22.22,22.2,22.2,1439.0,ZI
2023-04-14 14:40:00,22.2,22.23,22.2,22.23,16533.0,ZI
2023-04-14 14:39:00,22.2009,22.21,22.195,22.2,3923.0,ZI
2023-04-14 14:38:00,22.21,22.21,22.21,22.21,2162.0,ZI
2023-04-14 14:37:00,22.22,22.23,22.22,22.22,1259.0,ZI
2023-04-14 14:36:00,22.255,22.255,22.22,22.22,9375.0,ZI
2023-04-14 14:35:00,22.25,22.265,22.25,22.26,3556.0,ZI
2023-04-14 14:34:00,22.25,22.25,22.245,22.25,1590.0,ZI
2023-04-14 14:33:00,22.245,22.25,22.245,22.245,4318.0,ZI
2023-04-14 14:32:00,22.25,22.25,22.24,22.245,2369.0,ZI
2023-04-14 14:31:00,22.235,22.255,22.235,22.255,1421.0,ZI
2023-04-14 14:30:00,22.24,22.24,22.23,22.235,5903.0,ZI
2023-04-14 14:29:00,22.2,22.235,22.2,22.235,2647.0,ZI
2023-04-14 14:28:00,22.1991,22.1991,22.19,22.19,1112.0,ZI
2023-04-14 14:27:00,22.18,22.2,22.18,22.195,1770.0,ZI
2023-04-14 14:26:00,22.19,22.19,22.185,22.185,2476.0,ZI
2023-04-14 14:25:00,22.215,22.215,22.19,22.19,3975.0,ZI
2023-04-14 14:24:00,22.19,22.22,22.19,22.21,4934.0,ZI
2023-04-14 14:23:00,22.17,22.18,22.165,22.18,7526.0,ZI
2023-04-14 14:22:00,22.135,22.175,22.135,22.17,11108.0,ZI
2023-04-14 14:21:00,22.13,22.135,22.13,22.135,6734.0,ZI
2023-04-14 14:20:00,22.15,22.15,22.135,22.135,4492.0,ZI
2023-04-14 14:19:00,22.14,22.14,22.14,22.14,105.0,ZI
2023-04-14 14:18:00,22.155,22.16,22.135,22.145,5442.0,ZI
2023-04-14 14:17:00,22.17,22.17,22.16,22.16,1160.0,ZI
2023-04-14 14:16:00,22.11,22.19,22.11,22.18,72539.0,ZI
2023-04-14 14:15:00,22.09,22.1,22.09,22.1,1916.0,ZI
2023-04-14 14:14:00,22.08,22.085,22.08,22.085,1230.0,ZI
2023-04-14 14:13:00,22.085,22.085,22.075,22.075,2552.0,ZI
2023-04-14 14:12:00,22.07,22.085,22.07,22.085,1590.0,ZI
2023-04-14 14:11:00,22.06,22.08,22.06,22.07,3000.0,ZI
2023-04-14 14:10:00,22.025,22.055,22.025,22.055,8972.0,ZI
2023-04-14 14:09:00,22.03,22.03,22.03,22.03,1141.0,ZI
2023-04-14 14:08:00,22.02,22.02,22.02,22.02,672.0,ZI
2023-04-14 14:07:00,22.01,22.02,22.005,22.015,3776.0,ZI
2023-04-14 14:06:00,22.02,22.02,21.995,21.995,1938.0,ZI
2023-04-14 14:05:00,22.03,22.03,22.02,22.02,1149.0,ZI
2023-04-14 14:04:00,22.03,22.03,22.0,22.02,16456.0,ZI
2023-04-14 14:03:00,22.04,22.04,22.04,22.04,438.0,ZI
2023-04-14 14:02:00,22.04,22.04,22.035,22.04,1751.0,ZI
2023-04-14 14:01:00,22.04,22.04,22.035,22.04,3157.0,ZI
2023-04-14 14:00:00,22.06,22.06,22.045,22.0473,1556.0,ZI
2023-04-14 13:59:00,22.05,22.05,22.05,22.05,2395.0,ZI
2023-04-14 13:58:00,22.05,22.055,22.04,22.05,5098.0,ZI
2023-04-14 13:57:00,22.045,22.06,22.045,22.06,2582.0,ZI
2023-04-14 13:56:00,22.045,22.045,22.045,22.045,735.0,ZI
2023-04-14 13:55:00,22.025,22.045,22.025,22.045,3065.0,ZI
2023-04-14 13:54:00,22.02,22.02,22.02,22.02,2311.0,ZI
2023-04-14 13:53:00,21.99,22.015,21.99,22.015,6057.0,ZI
2023-04-14 13:52:00,21.99,21.99,21.99,21.99,936.0,ZI
2023-04-14 13:51:00,21.98,22.005,21.98,22.0,6454.0,ZI
2023-04-14 13:50:00,21.9991,21.9991,21.975,21.975,2874.0,ZI
2023-04-14 13:49:00,22.005,22.005,21.995,22.0,7417.0,ZI
2023-04-14 13:48:00,21.99,22.005,21.99,22.0,11253.0,ZI
2023-04-14 13:47:00,21.985,21.985,21.985,21.985,162.0,ZI
2023-04-14 13:46:00,21.985,22.0075,21.985,21.99,8624.0,ZI
2023-04-14 13:45:00,21.995,21.995,21.99,21.99,2936.0,ZI
2023-04-14 13:44:00,22.0,22.0,22.0,22.0,1736.0,ZI
2023-04-14 13:43:00,22.01,22.01,22.005,22.005,1091.0,ZI
2023-04-14 13:42:00,22.01,22.015,22.005,22.0112,5719.0,ZI
2023-04-14 13:41:00,21.985,22.01,21.985,22.01,5004.0,ZI
2023-04-14 13:40:00,21.98,21.995,21.98,21.98,6129.0,ZI
2023-04-14 13:39:00,21.97,21.975,21.965,21.975,2399.0,ZI
2023-04-14 13:38:00,21.96,21.96,21.96,21.96,1408.0,ZI
2023-04-14 13:37:00,21.955,21.96,21.955,21.96,1453.0,ZI
2023-04-14 13:36:00,21.98,21.98,21.945,21.955,4019.0,ZI
2023-04-14 13:35:00,21.98,21.98,21.975,21.975,2201.0,ZI
2023-04-14 13:34:00,21.98,21.98,21.975,21.98,1411.0,ZI
2023-04-14 13:33:00,21.965,21.98,21.965,21.975,3683.0,ZI
2023-04-14 13:32:00,21.96,21.97,21.94,21.97,7581.0,ZI
2023-04-14 13:31:00,21.98,21.98,21.955,21.97,4501.0,ZI
2023-04-14 13:30:00,22.005,22.005,21.985,21.985,1577.0,ZI
2023-04-14 13:29:00,22.01,22.01,22.005,22.005,2108.0,ZI
2023-04-14 13:28:00,22.0,22.01,21.995,22.01,2860.0,ZI
2023-04-14 13:27:00,22.0,22.0,22.0,22.0,1840.0,ZI
2023-04-14 13:26:00,22.0,22.01,22.0,22.005,3501.0,ZI
2023-04-14 13:25:00,22.01,22.01,22.005,22.005,1748.0,ZI
2023-04-14 13:24:00,22.005,22.01,22.005,22.005,3387.0,ZI
2023-04-14 13:23:00,22.01,22.01,22.01,22.01,704.0,ZI
2023-04-14 13:22:00,22.045,22.045,22.015,22.015,5256.0,ZI
2023-04-14 13:21:00,22.05,22.05,22.04,22.04,1638.0,ZI
2023-04-14 13:20:00,22.05,22.05,22.05,22.05,409.0,ZI
2023-04-14 13:19:00,22.055,22.055,22.045,22.05,1647.0,ZI
2023-04-14 13:18:00,22.045,22.06,22.045,22.055,3230.0,ZI
2023-04-14 13:17:00,22.045,22.05,22.04,22.04,2204.0,ZI
2023-04-14 13:16:00,22.045,22.045,22.045,22.045,445.0,ZI
2023-04-14 13:15:00,22.045,22.055,22.0415,22.0415,2146.0,ZI
2023-04-14 13:14:00,22.05,22.05,22.0401,22.0401,3941.0,ZI
2023-04-14 13:13:00,22.06,22.065,22.055,22.055,5921.0,ZI
2023-04-14 13:12:00,22.045,22.05,22.045,22.05,1186.0,ZI
2023-04-14 13:11:00,22.055,22.06,22.045,22.045,3470.0,ZI
2023-04-14 13:10:00,22.045,22.055,22.045,22.055,3058.0,ZI
2023-04-14 13:09:00,22.025,22.045,22.025,22.045,7996.0,ZI
2023-04-14 13:08:00,22.015,22.025,22.015,22.025,884.0,ZI
2023-04-14 13:07:00,22.035,22.035,22.015,22.015,2419.0,ZI
2023-04-14 13:06:00,22.005,22.0287,22.005,22.0287,3066.0,ZI
2023-04-14 13:05:00,22.01,22.035,22.01,22.01,3419.0,ZI
2023-04-14 13:04:00,21.99,22.01,21.99,22.005,15089.0,ZI
2023-04-14 13:03:00,21.985,21.985,21.975,21.98,1698.0,ZI
2023-04-14 13:02:00,21.99,21.99,21.98,21.985,1356.0,ZI
2023-04-14 13:01:00,21.99,22.005,21.965,22.0,8765.0,ZI
2023-04-14 13:00:00,21.995,22.005,21.995,22.0,6476.0,ZI
2023-04-14 12:59:00,21.985,21.99,21.98,21.99,3529.0,ZI
2023-04-14 12:58:00,22.04,22.04,21.985,21.985,19460.0,ZI
2023-04-14 12:57:00,22.005,22.05,22.005,22.05,4637.0,ZI
2023-04-14 12:56:00,22.0,22.005,22.0,22.005,2289.0,ZI
2023-04-14 12:55:00,21.9699,22.01,21.9699,22.0,28746.0,ZI
2023-04-14 12:54:00,21.97,21.979,21.965,21.97,10006.0,ZI
2023-04-14 12:53:00,21.9628,21.97,21.9628,21.97,3477.0,ZI
2023-04-14 12:52:00,21.97,21.98,21.965,21.965,3731.0,ZI
2023-04-14 12:51:00,21.955,21.96,21.955,21.96,2268.0,ZI
2023-04-14 12:50:00,21.95,21.97,21.95,21.95,2929.0,ZI
2023-04-14 12:49:00,21.93,21.95,21.92,21.95,6224.0,ZI
2023-04-14 12:48:00,21.92,21.925,21.915,21.92,3424.0,ZI
2023-04-14 12:47:00,21.93,21.93,21.915,21.92,7956.0,ZI
2023-04-14 12:46:00,21.96,21.96,21.93,21.93,4794.0,ZI
2023-04-14 12:45:00,22.0,22.0,21.97,21.97,4407.0,ZI
2023-04-14 12:44:00,21.98,22.01,21.975,22.005,34380.0,ZI
2023-04-14 12:43:00,21.98,22.005,21.98,21.99,21767.0,ZI
2023-04-14 12:42:00,21.9,21.985,21.9,21.98,33549.0,ZI
2023-04-14 12:41:00,21.895,21.9,21.895,21.895,679.0,ZI
2023-04-14 12:40:00,21.91,21.91,21.885,21.89,3517.0,ZI
2023-04-14 12:39:00,21.91,21.91,21.9,21.91,2446.0,ZI
2023-04-14 12:38:00,21.905,21.925,21.905,21.915,3078.0,ZI
2023-04-14 12:37:00,21.9,21.91,21.9,21.91,4019.0,ZI
2023-04-14 12:36:00,21.9,21.91,21.895,21.895,6861.0,ZI
2023-04-14 12:35:00,21.915,21.915,21.905,21.905,5270.0,ZI
2023-04-14 12:34:00,21.885,21.92,21.885,21.92,3615.0,ZI
2023-04-14 12:33:00,21.89,21.9,21.885,21.885,5782.0,ZI
2023-04-14 12:32:00,21.9,21.9,21.88,21.89,3995.0,ZI
2023-04-14 12:31:00,21.89,21.905,21.885,21.9,2540.0,ZI
2023-04-14 12:30:00,21.9,21.905,21.89,21.8991,4737.0,ZI
2023-04-14 12:29:00,21.925,21.925,21.905,21.905,6345.0,ZI
2023-04-14 12:28:00,21.885,21.91,21.885,21.91,2921.0,ZI
2023-04-14 12:27:00,21.87,21.885,21.87,21.885,1423.0,ZI
2023-04-14 12:26:00,21.865,21.87,21.865,21.87,4118.0,ZI
2023-04-14 12:25:00,21.885,21.885,21.865,21.865,1385.0,ZI
2023-04-14 12:24:00,21.895,21.895,21.885,21.885,1475.0,ZI
2023-04-14 12:23:00,21.9,21.905,21.895,21.9,8248.0,ZI
2023-04-14 12:22:00,21.88,21.895,21.875,21.895,3279.0,ZI
2023-04-14 12:21:00,21.89,21.89,21.885,21.885,753.0,ZI
2023-04-14 12:20:00,21.89,21.915,21.89,21.895,12143.0,ZI
2023-04-14 12:19:00,21.895,21.895,21.8801,21.885,4718.0,ZI
2023-04-14 12:18:00,21.9,21.91,21.895,21.9,10172.0,ZI
2023-04-14 12:17:00,21.885,21.895,21.88,21.895,3488.0,ZI
2023-04-14 12:16:00,21.9,21.905,21.89,21.89,3918.0,ZI
2023-04-14 12:15:00,21.91,21.91,21.89,21.895,4188.0,ZI
2023-04-14 12:14:00,21.91,21.92,21.905,21.91,1961.0,ZI
2023-04-14 12:13:00,21.89,21.91,21.885,21.905,5195.0,ZI
2023-04-14 12:12:00,21.9,21.9,21.895,21.895,866.0,ZI
2023-04-14 12:11:00,21.925,21.925,21.9,21.905,6787.0,ZI
2023-04-14 12:10:00,21.925,21.925,21.915,21.92,10476.0,ZI
2023-04-14 12:09:00,21.93,21.93,21.92,21.92,6884.0,ZI
2023-04-14 12:08:00,21.89,21.91,21.89,21.91,3735.0,ZI
2023-04-14 12:07:00,21.955,21.955,21.9,21.9,4898.0,ZI
2023-04-14 12:06:00,21.94,21.955,21.94,21.945,2272.0,ZI
2023-04-14 12:05:00,21.95,21.965,21.95,21.955,3300.0,ZI
2023-04-14 12:04:00,21.97,21.975,21.945,21.945,4899.0,ZI
2023-04-14 12:03:00,21.98,21.98,21.975,21.975,1364.0,ZI
2023-04-14 12:02:00,21.995,21.995,21.99,21.99,1285.0,ZI
2023-04-14 12:01:00,21.995,22.0,21.975,22.0,4835.0,ZI
2023-04-14 12:00:00,21.99,22.0,21.99,21.995,1062.0,ZI
2023-04-14 11:59:00,21.99,21.99,21.985,21.99,2126.0,ZI
2023-04-14 11:58:00,21.965,21.985,21.965,21.985,2163.0,ZI
2023-04-14 11:57:00,21.95,21.975,21.95,21.97,14682.0,ZI
2023-04-14 11:56:00,21.99,21.99,21.95,21.955,5875.0,ZI
2023-04-14 11:55:00,22.0,22.0,21.995,21.995,1353.0,ZI
2023-04-14 11:54:00,21.985,22.01,21.985,22.0,6058.0,ZI
2023-04-14 11:53:00,21.975,21.98,21.975,21.98,1346.0,ZI
2023-04-14 11:52:00,21.95,21.99,21.95,21.985,9225.0,ZI
2023-04-14 11:51:00,21.955,21.96,21.945,21.95,4328.0,ZI
2023-04-14 11:50:00,21.97,21.97,21.955,21.955,8796.0,ZI
2023-04-14 11:49:00,21.99,21.99,21.98,21.98,2925.0,ZI
2023-04-14 11:48:00,21.97,22.01,21.97,22.0,3060.0,ZI
2023-04-14 11:47:00,21.96,22.015,21.96,21.965,24438.0,ZI
2023-04-14 11:46:00,21.95,22.06,21.95,22.005,66287.0,ZI
2023-04-14 11:45:00,21.925,21.93,21.915,21.93,2719.0,ZI
2023-04-14 11:44:00,21.935,21.935,21.915,21.925,1889.0,ZI
2023-04-14 11:43:00,21.94,21.94,21.935,21.94,1302.0,ZI
2023-04-14 11:42:00,21.92,21.94,21.92,21.935,2010.0,ZI
2023-04-14 11:41:00,21.9002,21.9291,21.9002,21.925,3099.0,ZI
2023-04-14 11:40:00,21.905,21.91,21.89,21.91,24914.0,ZI
2023-04-14 11:39:00,21.935,21.935,21.905,21.905,1464.0,ZI
2023-04-14 11:38:00,21.95,21.95,21.925,21.935,4736.0,ZI
2023-04-14 11:37:00,21.965,21.97,21.96,21.96,2142.0,ZI
2023-04-14 11:36:00,21.95,21.96,21.945,21.96,1670.0,ZI
2023-04-14 11:35:00,21.925,21.96,21.925,21.96,5138.0,ZI
2023-04-14 11:34:00,21.91,21.925,21.91,21.925,3344.0,ZI
2023-04-14 11:33:00,21.955,21.955,21.92,21.92,3393.0,ZI
2023-04-14 11:32:00,21.96,21.96,21.94,21.945,2730.0,ZI
2023-04-14 11:31:00,21.945,21.97,21.945,21.965,8267.0,ZI
2023-04-14 11:30:00,21.94,21.96,21.94,21.95,2065.0,ZI
2023-04-14 11:29:00,21.965,21.965,21.94,21.94,3428.0,ZI
2023-04-14 11:28:00,21.965,21.965,21.955,21.96,24164.0,ZI
2023-04-14 11:27:00,21.99,21.99,21.96,21.965,2434.0,ZI
2023-04-14 11:26:00,22.02,22.02,21.985,21.99,12656.0,ZI
2023-04-14 11:25:00,22.035,22.045,22.025,22.03,6459.0,ZI
2023-04-14 11:24:00,22.055,22.055,22.035,22.045,1630.0,ZI
2023-04-14 11:23:00,22.045,22.05,22.04,22.05,1514.0,ZI
2023-04-14 11:22:00,22.075,22.085,22.045,22.05,28405.0,ZI
2023-04-14 11:21:00,22.09,22.095,22.06,22.07,24732.0,ZI
2023-04-14 11:20:00,22.105,22.105,22.09,22.095,1549.0,ZI
2023-04-14 11:19:00,22.12,22.12,22.105,22.105,2282.0,ZI
2023-04-14 11:18:00,22.13,22.13,22.11,22.12,5577.0,ZI
2023-04-14 11:17:00,22.11,22.13,22.1,22.13,7144.0,ZI
2023-04-14 11:16:00,22.12,22.12,22.115,22.115,1642.0,ZI
2023-04-14 11:15:00,22.13,22.13,22.12,22.12,2923.0,ZI
2023-04-14 11:14:00,22.09,22.13,22.09,22.13,13477.0,ZI
2023-04-14 11:13:00,22.08,22.1,22.08,22.1,4723.0,ZI
2023-04-14 11:12:00,22.05,22.08,22.05,22.075,2293.0,ZI
2023-04-14 11:11:00,22.04,22.055,22.035,22.045,8216.0,ZI
2023-04-14 11:10:00,22.04,22.045,22.03,22.03,1489.0,ZI
2023-04-14 11:09:00,22.05,22.05,22.045,22.045,809.0,ZI
2023-04-14 11:08:00,22.065,22.065,22.045,22.05,4837.0,ZI
2023-04-14 11:07:00,22.05,22.07,22.05,22.06,2842.0,ZI
2023-04-14 11:06:00,22.035,22.045,22.03,22.045,3609.0,ZI
2023-04-14 11:05:00,22.04,22.0489,22.035,22.035,4390.0,ZI
2023-04-14 11:04:00,22.065,22.07,22.04,22.04,2901.0,ZI
2023-04-14 11:03:00,22.065,22.07,22.055,22.065,1790.0,ZI
2023-04-14 11:02:00,22.06,22.07,22.06,22.07,8363.0,ZI
2023-04-14 11:01:00,22.09,22.09,22.065,22.065,3920.0,ZI
2023-04-14 11:00:00,22.16,22.16,22.09,22.1,14509.0,ZI
2023-04-14 10:59:00,22.105,22.165,22.105,22.165,6270.0,ZI
2023-04-14 10:58:00,22.1,22.12,22.09,22.11,2755.0,ZI
2023-04-14 10:57:00,22.1199,22.1199,22.09,22.1,5589.0,ZI
2023-04-14 10:56:00,22.125,22.125,22.11,22.11,844.0,ZI
2023-04-14 10:55:00,22.115,22.14,22.115,22.13,3368.0,ZI
2023-04-14 10:54:00,22.11,22.13,22.11,22.12,5454.0,ZI
2023-04-14 10:53:00,22.11,22.11,22.09,22.105,3064.0,ZI
2023-04-14 10:52:00,22.09,22.1,22.085,22.1,3620.0,ZI
2023-04-14 10:51:00,22.06,22.09,22.05,22.09,4847.0,ZI
2023-04-14 10:50:00,22.1,22.1,22.065,22.0699,5796.0,ZI
2023-04-14 10:49:00,22.1,22.11,22.095,22.1,4757.0,ZI
2023-04-14 10:48:00,22.085,22.11,22.085,22.105,1939.0,ZI
2023-04-14 10:47:00,22.075,22.105,22.075,22.105,2916.0,ZI
2023-04-14 10:46:00,22.1,22.1,22.07,22.07,4843.0,ZI
2023-04-14 10:45:00,22.1,22.11,22.1,22.11,2329.0,ZI
2023-04-14 10:44:00,22.09,22.115,22.06,22.11,7989.0,ZI
2023-04-14 10:43:00,22.145,22.145,22.09,22.09,2107.0,ZI
2023-04-14 10:42:00,22.14,22.145,22.14,22.1401,898.0,ZI
2023-04-14 10:41:00,22.21,22.21,22.16,22.16,5523.0,ZI
2023-04-14 10:40:00,22.19,22.21,22.19,22.21,1660.0,ZI
2023-04-14 10:39:00,22.165,22.1819,22.1406,22.1819,3321.0,ZI
2023-04-14 10:38:00,22.165,22.165,22.155,22.1567,1142.0,ZI
2023-04-14 10:37:00,22.1779,22.18,22.1501,22.1501,1790.0,ZI
2023-04-14 10:36:00,22.21,22.21,22.17,22.17,2470.0,ZI
2023-04-14 10:35:00,22.23,22.235,22.2,22.21,8874.0,ZI
2023-04-14 10:34:00,22.215,22.235,22.21,22.22,4347.0,ZI
2023-04-14 10:33:00,22.25,22.25,22.22,22.22,6911.0,ZI
2023-04-14 10:32:00,22.24,22.24,22.23,22.235,1706.0,ZI
2023-04-14 10:31:00,22.225,22.24,22.22,22.24,7009.0,ZI
2023-04-14 10:30:00,22.22,22.23,22.215,22.23,1793.0,ZI
2023-04-14 10:29:00,22.24,22.24,22.225,22.225,1319.0,ZI
2023-04-14 10:28:00,22.27,22.27,22.245,22.25,2469.0,ZI
2023-04-14 10:27:00,22.245,22.265,22.245,22.26,682.0,ZI
2023-04-14 10:26:00,22.25,22.265,22.24,22.26,4371.0,ZI
2023-04-14 10:25:00,22.22,22.24,22.21,22.2399,4540.0,ZI
2023-04-14 10:24:00,22.25,22.25,22.23,22.23,2225.0,ZI
2023-04-14 10:23:00,22.23,22.265,22.23,22.26,11735.0,ZI
2023-04-14 10:22:00,22.32,22.32,22.23,22.23,3865.0,ZI
2023-04-14 10:21:00,22.3,22.34,22.3,22.32,2010.0,ZI
2023-04-14 10:20:00,22.33,22.33,22.27,22.3,22077.0,ZI
2023-04-14 10:19:00,22.39,22.39,22.32,22.32,4366.0,ZI
2023-04-14 10:18:00,22.39,22.41,22.39,22.4,1739.0,ZI
2023-04-14 10:17:00,22.37,22.39,22.36,22.38,5331.0,ZI
2023-04-14 10:16:00,22.34,22.355,22.32,22.35,3437.0,ZI
2023-04-14 10:15:00,22.39,22.39,22.35,22.35,3111.0,ZI
2023-04-14 10:14:00,22.36,22.4,22.36,22.4,5521.0,ZI
2023-04-14 10:13:00,22.44,22.44,22.38,22.38,3662.0,ZI
2023-04-14 10:12:00,22.45,22.45,22.44,22.45,1322.0,ZI
2023-04-14 10:11:00,22.42,22.4684,22.42,22.46,2772.0,ZI
2023-04-14 10:10:00,22.41,22.415,22.37,22.415,4639.0,ZI
2023-04-14 10:09:00,22.43,22.43,22.395,22.42,2040.0,ZI
2023-04-14 10:08:00,22.52,22.52,22.4399,22.45,5290.0,ZI
2023-04-14 10:07:00,22.57,22.57,22.525,22.525,4779.0,ZI
2023-04-14 10:06:00,22.61,22.61,22.555,22.56,6260.0,ZI
2023-04-14 10:05:00,22.6,22.63,22.595,22.615,4630.0,ZI
2023-04-14 10:04:00,22.61,22.61,22.57,22.585,35205.0,ZI
2023-04-14 10:03:00,22.55,22.58,22.54,22.58,3499.0,ZI
2023-04-14 10:02:00,22.51,22.55,22.5,22.55,3859.0,ZI
2023-04-14 10:01:00,22.53,22.55,22.49,22.5,7775.0,ZI
2023-04-14 10:00:00,22.57,22.57,22.54,22.555,2589.0,ZI
2023-04-14 09:59:00,22.54,22.56,22.54,22.56,1150.0,ZI
2023-04-14 09:58:00,22.57,22.57,22.55,22.55,1791.0,ZI
2023-04-14 09:57:00,22.53,22.575,22.525,22.575,6975.0,ZI
2023-04-14 09:56:00,22.48,22.53,22.48,22.53,2648.0,ZI
2023-04-14 09:55:00,22.47,22.48,22.465,22.47,1423.0,ZI
2023-04-14 09:54:00,22.52,22.525,22.47,22.48,2590.0,ZI
2023-04-14 09:53:00,22.5,22.51,22.49,22.5,4751.0,ZI
2023-04-14 09:52:00,22.535,22.55,22.51,22.5199,5529.0,ZI
2023-04-14 09:51:00,22.545,22.56,22.5,22.535,42666.0,ZI
2023-04-14 09:50:00,22.605,22.605,22.55,22.555,10019.0,ZI
2023-04-14 09:49:00,22.59,22.59,22.58,22.59,1050.0,ZI
2023-04-14 09:48:00,22.57,22.6,22.57,22.6,4174.0,ZI
2023-04-14 09:47:00,22.545,22.58,22.545,22.575,2233.0,ZI
2023-04-14 09:46:00,22.57,22.58,22.535,22.545,3828.0,ZI
2023-04-14 09:45:00,22.54,22.58,22.54,22.56,2380.0,ZI
2023-04-14 09:44:00,22.505,22.53,22.5,22.53,1275.0,ZI
2023-04-14 09:43:00,22.49,22.55,22.47,22.5,3333.0,ZI
2023-04-14 09:42:00,22.55,22.55,22.47,22.47,5591.0,ZI
2023-04-14 09:41:00,22.59,22.59,22.55,22.56,6397.0,ZI
2023-04-14 09:40:00,22.615,22.62,22.59,22.59,2837.0,ZI
2023-04-14 09:39:00,22.58,22.62,22.58,22.6,5494.0,ZI
2023-04-14 09:38:00,22.5,22.55,22.5,22.55,2515.0,ZI
2023-04-14 09:37:00,22.46,22.532,22.46,22.52,1245.0,ZI
2023-04-14 09:36:00,22.42,22.47,22.42,22.45,5949.0,ZI
2023-04-14 09:35:00,22.37,22.42,22.37,22.42,4513.0,ZI
2023-04-14 09:34:00,22.3,22.33,22.3,22.32,1976.0,ZI
2023-04-14 09:33:00,22.285,22.29,22.24,22.27,4728.0,ZI
2023-04-14 09:32:00,22.33,22.4,22.26,22.28,8562.0,ZI
2023-04-14 09:31:00,22.36,22.37,22.26,22.33,37823.0,ZI
2023-04-14 09:29:00,22.41,22.41,22.41,22.41,887.0,ZI
2023-04-14 08:35:00,22.51,22.51,22.51,22.51,286.0,ZI
2023-04-14 08:06:00,22.58,22.58,22.58,22.58,500.0,ZI
2023-04-13 19:42:00,22.7,22.7,22.7,22.7,1000.0,ZI
2023-04-13 16:01:00,22.6,22.6,22.6,22.6,22867.0,ZI
2023-04-13 16:00:00,22.595,22.6,22.58,22.595,74174.0,ZI
2023-04-13 15:59:00,22.57,22.6,22.56,22.595,110635.0,ZI
2023-04-13 15:58:00,22.585,22.61,22.56,22.57,94809.0,ZI
2023-04-13 15:57:00,22.595,22.61,22.57,22.585,67771.0,ZI
2023-04-13 15:56:00,22.61,22.62,22.59,22.595,78418.0,ZI
2023-04-13 15:55:00,22.635,22.645,22.61,22.615,37423.0,ZI
2023-04-13 15:54:00,22.63,22.65,22.62,22.63,27955.0,ZI
2023-04-13 15:53:00,22.645,22.645,22.62,22.625,33437.0,ZI
2023-04-13 15:52:00,22.655,22.675,22.63,22.64,31430.0,ZI
2023-04-13 15:51:00,22.66,22.67,22.64,22.655,35489.0,ZI
2023-04-13 15:50:00,22.675,22.68,22.66,22.66,12710.0,ZI
2023-04-13 15:49:00,22.675,22.675,22.65,22.675,28001.0,ZI
2023-04-13 15:48:00,22.71,22.71,22.67,22.67,23724.0,ZI
2023-04-13 15:47:00,22.705,22.72,22.69,22.72,36704.0,ZI
2023-04-13 15:46:00,22.72,22.73,22.7,22.705,27836.0,ZI
2023-04-13 15:45:00,22.72,22.73,22.72,22.725,18914.0,ZI
2023-04-13 15:44:00,22.7,22.715,22.695,22.715,26358.0,ZI
2023-04-13 15:43:00,22.7,22.7,22.695,22.7,14983.0,ZI
2023-04-13 15:42:00,22.695,22.705,22.69,22.695,14236.0,ZI
2023-04-13 15:41:00,22.705,22.705,22.685,22.695,15633.0,ZI
2023-04-13 15:40:00,22.705,22.705,22.7,22.705,3966.0,ZI
2023-04-13 15:39:00,22.715,22.715,22.705,22.705,12346.0,ZI
2023-04-13 15:38:00,22.705,22.715,22.7,22.715,6864.0,ZI
2023-04-13 15:37:00,22.72,22.72,22.705,22.705,10908.0,ZI
2023-04-13 15:36:00,22.725,22.725,22.715,22.715,4103.0,ZI
2023-04-13 15:35:00,22.7,22.725,22.695,22.725,18748.0,ZI
2023-04-13 15:34:00,22.705,22.705,22.7,22.7,11845.0,ZI
2023-04-13 15:33:00,22.715,22.72,22.7,22.7,4439.0,ZI
2023-04-13 15:32:00,22.715,22.715,22.705,22.71,9834.0,ZI
2023-04-13 15:31:00,22.715,22.725,22.71,22.715,14727.0,ZI
2023-04-13 15:30:00,22.7,22.73,22.69,22.71,24128.0,ZI
2023-04-13 15:29:00,22.705,22.705,22.7,22.705,11506.0,ZI
2023-04-13 15:28:00,22.715,22.715,22.7,22.705,11110.0,ZI
2023-04-13 15:27:00,22.715,22.72,22.7101,22.715,3895.0,ZI
2023-04-13 15:26:00,22.715,22.72,22.705,22.72,13838.0,ZI
2023-04-13 15:25:00,22.725,22.725,22.72,22.72,3088.0,ZI
2023-04-13 15:24:00,22.73,22.73,22.71,22.725,13779.0,ZI
2023-04-13 15:23:00,22.74,22.74,22.72,22.725,17463.0,ZI
2023-04-13 15:22:00,22.735,22.74,22.73,22.735,2374.0,ZI
2023-04-13 15:21:00,22.725,22.735,22.72,22.735,7552.0,ZI
2023-04-13 15:20:00,22.73,22.73,22.705,22.725,10449.0,ZI
2023-04-13 15:19:00,22.73,22.73,22.71,22.725,5209.0,ZI
2023-04-13 15:18:00,22.735,22.74,22.725,22.73,10871.0,ZI
2023-04-13 15:17:00,22.72,22.735,22.72,22.735,3040.0,ZI
2023-04-13 15:16:00,22.735,22.735,22.715,22.715,4189.0,ZI
2023-04-13 15:15:00,22.735,22.74,22.73,22.73,7060.0,ZI
2023-04-13 15:14:00,22.75,22.75,22.73,22.735,4587.0,ZI
2023-04-13 15:13:00,22.74,22.755,22.74,22.745,8497.0,ZI
2023-04-13 15:12:00,22.78,22.78,22.745,22.745,15721.0,ZI
2023-04-13 15:11:00,22.785,22.785,22.78,22.78,1170.0,ZI
2023-04-13 15:10:00,22.765,22.785,22.765,22.78,7649.0,ZI
2023-04-13 15:09:00,22.7821,22.7821,22.76,22.765,8796.0,ZI
2023-04-13 15:08:00,22.795,22.795,22.78,22.785,6262.0,ZI
2023-04-13 15:07:00,22.795,22.795,22.79,22.795,2142.0,ZI
2023-04-13 15:06:00,22.795,22.795,22.79,22.795,1847.0,ZI
2023-04-13 15:05:00,22.795,22.795,22.78,22.79,13194.0,ZI
2023-04-13 15:04:00,22.79,22.8,22.79,22.795,10099.0,ZI
2023-04-13 15:03:00,22.765,22.79,22.765,22.79,4230.0,ZI
2023-04-13 15:02:00,22.76,22.77,22.755,22.765,3824.0,ZI
2023-04-13 15:01:00,22.765,22.78,22.765,22.77,27466.0,ZI
2023-04-13 15:00:00,22.775,22.78,22.765,22.77,4631.0,ZI
2023-04-13 14:59:00,22.78,22.785,22.775,22.7786,19788.0,ZI
2023-04-13 14:58:00,22.78,22.79,22.78,22.785,4935.0,ZI
2023-04-13 14:57:00,22.805,22.805,22.77,22.775,11697.0,ZI
2023-04-13 14:56:00,22.81,22.81,22.8,22.8,3257.0,ZI
2023-04-13 14:55:00,22.81,22.81,22.805,22.805,2692.0,ZI
2023-04-13 14:54:00,22.81,22.82,22.805,22.815,9428.0,ZI
2023-04-13 14:53:00,22.815,22.82,22.81,22.815,9655.0,ZI
2023-04-13 14:52:00,22.8,22.83,22.795,22.82,21898.0,ZI
2023-04-13 14:51:00,22.805,22.81,22.8,22.805,3752.0,ZI
2023-04-13 14:50:00,22.805,22.81,22.8,22.8,2839.0,ZI
2023-04-13 14:49:00,22.845,22.845,22.8,22.8,8092.0,ZI
2023-04-13 14:48:00,22.835,22.85,22.835,22.845,3360.0,ZI
2023-04-13 14:47:00,22.825,22.84,22.825,22.835,10973.0,ZI
2023-04-13 14:46:00,22.825,22.83,22.82,22.825,3162.0,ZI
2023-04-13 14:45:00,22.845,22.845,22.825,22.825,3189.0,ZI
2023-04-13 14:44:00,22.845,22.845,22.845,22.845,572.0,ZI
2023-04-13 14:43:00,22.84,22.855,22.84,22.845,7818.0,ZI
2023-04-13 14:42:00,22.84,22.84,22.83,22.835,6152.0,ZI
2023-04-13 14:41:00,22.855,22.855,22.84,22.84,4707.0,ZI
2023-04-13 14:40:00,22.875,22.875,22.86,22.86,3825.0,ZI
2023-04-13 14:39:00,22.895,22.895,22.87,22.875,4235.0,ZI
2023-04-13 14:38:00,22.875,22.89,22.875,22.89,2477.0,ZI
2023-04-13 14:37:00,22.855,22.88,22.855,22.88,2703.0,ZI
2023-04-13 14:36:00,22.865,22.865,22.85,22.85,2822.0,ZI
2023-04-13 14:35:00,22.875,22.88,22.865,22.865,4265.0,ZI
2023-04-13 14:34:00,22.885,22.885,22.87,22.875,2626.0,ZI
2023-04-13 14:33:00,22.88,22.88,22.875,22.88,3871.0,ZI
2023-04-13 14:32:00,22.905,22.905,22.89,22.89,7624.0,ZI
2023-04-13 14:31:00,22.925,22.925,22.905,22.91,3078.0,ZI
2023-04-13 14:30:00,22.93,22.93,22.915,22.92,4352.0,ZI
2023-04-13 14:29:00,22.945,22.945,22.93,22.93,4069.0,ZI
2023-04-13 14:28:00,22.95,22.955,22.94,22.94,6244.0,ZI
2023-04-13 14:27:00,22.945,22.95,22.945,22.945,1836.0,ZI
2023-04-13 14:26:00,22.935,22.945,22.935,22.945,2472.0,ZI
2023-04-13 14:25:00,22.93,22.935,22.93,22.935,2951.0,ZI
2023-04-13 14:24:00,22.935,22.935,22.92,22.925,10331.0,ZI
2023-04-13 14:23:00,22.93,22.935,22.93,22.9309,3410.0,ZI
2023-04-13 14:22:00,22.935,22.935,22.935,22.935,447.0,ZI
2023-04-13 14:21:00,22.94,22.94,22.935,22.935,1220.0,ZI
2023-04-13 14:20:00,22.955,22.955,22.94,22.945,5899.0,ZI
2023-04-13 14:19:00,22.945,22.96,22.945,22.955,2179.0,ZI
2023-04-13 14:18:00,22.95,22.95,22.94,22.9499,3077.0,ZI
2023-04-13 14:17:00,22.93,22.945,22.93,22.94,4541.0,ZI
2023-04-13 14:16:00,22.935,22.94,22.935,22.935,1025.0,ZI
2023-04-13 14:15:00,22.935,22.935,22.93,22.93,861.0,ZI
2023-04-13 14:14:00,22.935,22.935,22.93,22.9337,829.0,ZI
2023-04-13 14:13:00,22.95,22.955,22.93,22.935,4368.0,ZI
2023-04-13 14:12:00,22.955,22.955,22.94,22.945,5545.0,ZI
2023-04-13 14:11:00,22.97,22.97,22.955,22.955,2439.0,ZI
2023-04-13 14:10:00,22.945,22.97,22.935,22.965,5912.0,ZI
2023-04-13 14:09:00,22.9475,22.95,22.935,22.945,8460.0,ZI
2023-04-13 14:08:00,22.945,22.955,22.94,22.945,6397.0,ZI
2023-04-13 14:07:00,22.945,22.945,22.94,22.945,2070.0,ZI
2023-04-13 14:06:00,22.9484,22.955,22.945,22.945,5991.0,ZI
2023-04-13 14:05:00,22.935,22.945,22.92,22.945,13085.0,ZI
2023-04-13 14:04:00,22.93,22.945,22.93,22.935,4668.0,ZI
2023-04-13 14:03:00,22.93,22.935,22.93,22.935,630.0,ZI
2023-04-13 14:02:00,22.91,22.935,22.91,22.935,3402.0,ZI
2023-04-13 14:01:00,22.92,22.92,22.905,22.905,3441.0,ZI
2023-04-13 14:00:00,22.925,22.925,22.92,22.92,871.0,ZI
2023-04-13 13:59:00,22.935,22.94,22.925,22.925,6250.0,ZI
2023-04-13 13:58:00,22.94,22.94,22.92,22.93,4340.0,ZI
2023-04-13 13:57:00,22.95,22.95,22.94,22.945,1606.0,ZI
2023-04-13 13:56:00,22.955,22.965,22.945,22.945,15604.0,ZI
2023-04-13 13:55:00,22.965,22.97,22.94,22.95,13341.0,ZI
2023-04-13 13:54:00,22.965,22.975,22.965,22.965,3335.0,ZI
2023-04-13 13:53:00,22.965,22.97,22.96,22.965,983.0,ZI
2023-04-13 13:52:00,22.97,22.97,22.965,22.965,1213.0,ZI
2023-04-13 13:51:00,22.985,22.99,22.96,22.98,19033.0,ZI
2023-04-13 13:50:00,22.97,22.98,22.96,22.98,6307.0,ZI
2023-04-13 13:49:00,22.96,22.965,22.96,22.965,825.0,ZI
2023-04-13 13:48:00,22.975,22.975,22.965,22.965,2257.0,ZI
2023-04-13 13:47:00,22.97,22.975,22.97,22.975,660.0,ZI
2023-04-13 13:46:00,22.975,22.975,22.975,22.975,606.0,ZI
2023-04-13 13:45:00,22.965,22.975,22.965,22.975,1404.0,ZI
2023-04-13 13:44:00,22.97,22.97,22.965,22.965,1896.0,ZI
2023-04-13 13:43:00,22.955,22.975,22.955,22.975,4400.0,ZI
2023-04-13 13:42:00,22.965,22.965,22.955,22.955,1781.0,ZI
2023-04-13 13:41:00,22.95,22.965,22.945,22.955,8397.0,ZI
2023-04-13 13:40:00,22.95,22.955,22.945,22.955,9254.0,ZI
2023-04-13 13:39:00,22.94,22.94,22.93,22.94,4719.0,ZI
2023-04-13 13:38:00,22.945,22.955,22.94,22.95,4511.0,ZI
2023-04-13 13:37:00,22.945,22.955,22.945,22.945,2664.0,ZI
2023-04-13 13:36:00,22.95,22.955,22.94,22.945,3607.0,ZI
2023-04-13 13:35:00,22.93,22.945,22.93,22.945,3838.0,ZI
2023-04-13 13:34:00,22.92,22.93,22.905,22.93,9246.0,ZI
2023-04-13 13:33:00,22.92,22.92,22.92,22.92,401.0,ZI
2023-04-13 13:31:00,22.93,22.93,22.925,22.925,1279.0,ZI
2023-04-13 13:30:00,22.93,22.935,22.93,22.93,2745.0,ZI
2023-04-13 13:29:00,22.92,22.925,22.92,22.925,2319.0,ZI
2023-04-13 13:28:00,22.915,22.92,22.915,22.915,2567.0,ZI
2023-04-13 13:27:00,22.91,22.925,22.905,22.91,5775.0,ZI
2023-04-13 13:26:00,22.93,22.93,22.92,22.92,1657.0,ZI
2023-04-13 13:25:00,22.93,22.935,22.925,22.935,3529.0,ZI
2023-04-13 13:24:00,22.94,22.94,22.93,22.935,947.0,ZI
2023-04-13 13:23:00,22.92,22.945,22.92,22.945,4886.0,ZI
2023-04-13 13:22:00,22.945,22.945,22.925,22.925,4476.0,ZI
2023-04-13 13:21:00,22.9188,22.955,22.9188,22.94,3837.0,ZI
2023-04-13 13:20:00,22.895,22.92,22.895,22.915,11255.0,ZI
2023-04-13 13:19:00,22.905,22.905,22.895,22.895,1022.0,ZI
2023-04-13 13:18:00,22.9,22.905,22.9,22.905,4082.0,ZI
2023-04-13 13:17:00,22.89,22.89,22.885,22.89,1544.0,ZI
2023-04-13 13:16:00,22.92,22.92,22.895,22.895,1823.0,ZI
2023-04-13 13:15:00,22.945,22.96,22.93,22.93,5796.0,ZI
2023-04-13 13:14:00,22.945,22.945,22.945,22.945,580.0,ZI
2023-04-13 13:13:00,22.94,22.945,22.935,22.945,3695.0,ZI
2023-04-13 13:12:00,22.945,22.955,22.94,22.945,7427.0,ZI
2023-04-13 13:11:00,22.935,22.955,22.935,22.95,8419.0,ZI
2023-04-13 13:10:00,22.94,22.94,22.92,22.935,6802.0,ZI
2023-04-13 13:09:00,22.98,22.985,22.945,22.95,19588.0,ZI
2023-04-13 13:08:00,22.965,22.985,22.965,22.98,6157.0,ZI
2023-04-13 13:07:00,22.995,22.995,22.96,22.96,6141.0,ZI
2023-04-13 13:06:00,22.99,23.0,22.99,22.995,1440.0,ZI
2023-04-13 13:05:00,22.97,23.0,22.96,23.0,23662.0,ZI
2023-04-13 13:04:00,22.965,22.97,22.955,22.965,56768.0,ZI
2023-04-13 13:03:00,22.97,22.97,22.97,22.97,604.0,ZI
2023-04-13 13:02:00,22.95,22.98,22.95,22.97,15147.0,ZI
2023-04-13 13:01:00,22.97,22.99,22.96,22.96,6619.0,ZI
2023-04-13 13:00:00,22.955,22.965,22.955,22.965,4121.0,ZI
2023-04-13 12:59:00,22.95,22.955,22.95,22.955,948.0,ZI
2023-04-13 12:58:00,22.96,22.96,22.95,22.955,3031.0,ZI
2023-04-13 12:57:00,22.975,22.975,22.96,22.965,4168.0,ZI
2023-04-13 12:56:00,22.975,22.975,22.97,22.975,569.0,ZI
2023-04-13 12:55:00,22.97,22.9705,22.97,22.9705,904.0,ZI
2023-04-13 12:54:00,22.98,22.98,22.97,22.975,2207.0,ZI
2023-04-13 12:53:00,22.985,22.995,22.985,22.985,3481.0,ZI
2023-04-13 12:52:00,22.99,22.99,22.98,22.98,1571.0,ZI
2023-04-13 12:51:00,22.985,23.0,22.985,22.995,3202.0,ZI
2023-04-13 12:50:00,22.98,22.985,22.975,22.985,8125.0,ZI
2023-04-13 12:49:00,22.985,22.985,22.985,22.985,314.0,ZI
2023-04-13 12:48:00,22.98,22.985,22.98,22.98,1648.0,ZI
2023-04-13 12:47:00,23.0,23.005,22.985,22.99,11680.0,ZI
2023-04-13 12:46:00,23.0,23.0,22.995,22.995,693.0,ZI
2023-04-13 12:45:00,23.0,23.005,22.995,22.995,6024.0,ZI
2023-04-13 12:44:00,22.96,23.0,22.96,23.0,8785.0,ZI
2023-04-13 12:43:00,22.955,22.955,22.95,22.95,2542.0,ZI
2023-04-13 12:42:00,22.985,22.985,22.955,22.955,9038.0,ZI
2023-04-13 12:41:00,22.99,22.99,22.985,22.99,609.0,ZI
2023-04-13 12:40:00,22.975,22.99,22.975,22.98,4155.0,ZI
2023-04-13 12:39:00,22.99,22.9901,22.975,22.975,6936.0,ZI
2023-04-13 12:38:00,22.99,22.995,22.99,22.99,2410.0,ZI
2023-04-13 12:37:00,22.995,23.01,22.99,22.99,16404.0,ZI
2023-04-13 12:36:00,23.0,23.0,22.98,22.995,9910.0,ZI
2023-04-13 12:35:00,22.995,23.01,22.98,23.0,18941.0,ZI
2023-04-13 12:34:00,22.955,23.0,22.955,23.0,8138.0,ZI
2023-04-13 12:33:00,22.97,22.98,22.95,22.95,2875.0,ZI
2023-04-13 12:32:00,22.985,22.985,22.97,22.98,2462.0,ZI
2023-04-13 12:31:00,23.005,23.005,22.985,22.985,9150.0,ZI
2023-04-13 12:30:00,23.005,23.015,23.0,23.0,6221.0,ZI
2023-04-13 12:29:00,23.015,23.015,23.0,23.0,9335.0,ZI
2023-04-13 12:28:00,23.025,23.025,23.015,23.02,2424.0,ZI
2023-04-13 12:27:00,23.0,23.03,23.0,23.025,9828.0,ZI
2023-04-13 12:26:00,23.015,23.03,23.0,23.0,10193.0,ZI
2023-04-13 12:25:00,23.04,23.04,23.01,23.01,7155.0,ZI
2023-04-13 12:24:00,23.0,23.05,23.0,23.03,11716.0,ZI
2023-04-13 12:23:00,23.0,23.015,22.995,23.0,29481.0,ZI
2023-04-13 12:22:00,23.0,23.0,22.99,22.995,4409.0,ZI
2023-04-13 12:21:00,23.06,23.06,23.0,23.0022,28706.0,ZI
2023-04-13 12:20:00,23.075,23.075,23.05,23.065,18677.0,ZI
2023-04-13 12:19:00,23.095,23.095,23.065,23.08,24104.0,ZI
2023-04-13 12:18:00,23.115,23.115,23.09,23.09,6939.0,ZI
2023-04-13 12:17:00,23.1,23.12,23.1,23.12,4081.0,ZI
2023-04-13 12:16:00,23.1,23.105,23.095,23.095,1657.0,ZI
2023-04-13 12:15:00,23.095,23.095,23.09,23.095,1745.0,ZI
2023-04-13 12:14:00,23.115,23.115,23.085,23.095,6235.0,ZI
2023-04-13 12:13:00,23.12,23.125,23.115,23.115,1734.0,ZI
2023-04-13 12:12:00,23.13,23.14,23.115,23.1151,5579.0,ZI
2023-04-13 12:11:00,23.12,23.13,23.12,23.125,11099.0,ZI
2023-04-13 12:10:00,23.175,23.175,23.125,23.125,1791.0,ZI
2023-04-13 12:09:00,23.18,23.185,23.175,23.175,1436.0,ZI
2023-04-13 12:08:00,23.18,23.185,23.18,23.185,1323.0,ZI
2023-04-13 12:07:00,23.15,23.18,23.15,23.18,3976.0,ZI
2023-04-13 12:06:00,23.15,23.155,23.145,23.145,750.0,ZI
2023-04-13 12:05:00,23.14,23.145,23.13,23.145,3943.0,ZI
2023-04-13 12:04:00,23.145,23.145,23.14,23.145,687.0,ZI
2023-04-13 12:03:00,23.14,23.155,23.14,23.145,3086.0,ZI
2023-04-13 12:02:00,23.16,23.16,23.13,23.135,3368.0,ZI
2023-04-13 12:01:00,23.16,23.165,23.15,23.15,1492.0,ZI
2023-04-13 12:00:00,23.145,23.165,23.145,23.165,2828.0,ZI
2023-04-13 11:59:00,23.145,23.15,23.13,23.13,1831.0,ZI
2023-04-13 11:58:00,23.125,23.13,23.125,23.13,2529.0,ZI
2023-04-13 11:57:00,23.08,23.13,23.08,23.125,14146.0,ZI
2023-04-13 11:56:00,23.045,23.07,23.045,23.07,2449.0,ZI
2023-04-13 11:55:00,23.08,23.08,23.045,23.045,3692.0,ZI
2023-04-13 11:54:00,23.09,23.09,23.085,23.085,1691.0,ZI
2023-04-13 11:53:00,23.06,23.09,23.06,23.085,3652.0,ZI
2023-04-13 11:52:00,23.055,23.055,23.04,23.05,2569.0,ZI
2023-04-13 11:51:00,23.065,23.065,23.055,23.055,1612.0,ZI
2023-04-13 11:50:00,23.09,23.09,23.06,23.065,3333.0,ZI
2023-04-13 11:49:00,23.09,23.09,23.09,23.09,871.0,ZI
2023-04-13 11:48:00,23.085,23.105,23.085,23.09,2382.0,ZI
2023-04-13 11:47:00,23.08,23.12,23.07,23.09,14524.0,ZI
2023-04-13 11:46:00,23.095,23.1,23.08,23.08,2182.0,ZI
2023-04-13 11:45:00,23.105,23.105,23.08,23.09,4686.0,ZI
2023-04-13 11:44:00,23.1,23.11,23.1,23.11,851.0,ZI
2023-04-13 11:43:00,23.1,23.1,23.09,23.09,1923.0,ZI
2023-04-13 11:42:00,23.11,23.11,23.1019,23.11,2386.0,ZI
2023-04-13 11:41:00,23.14,23.14,23.1,23.11,3263.0,ZI
2023-04-13 11:40:00,23.14,23.145,23.14,23.14,1328.0,ZI
2023-04-13 11:39:00,23.155,23.155,23.13,23.13,3156.0,ZI
2023-04-13 11:38:00,23.15,23.17,23.15,23.165,4695.0,ZI
2023-04-13 11:37:00,23.12,23.155,23.12,23.155,2031.0,ZI
2023-04-13 11:36:00,23.07,23.115,23.07,23.11,6157.0,ZI
2023-04-13 11:35:00,23.08,23.08,23.06,23.065,3936.0,ZI
2023-04-13 11:34:00,23.095,23.095,23.09,23.09,1969.0,ZI
2023-04-13 11:33:00,23.09,23.095,23.09,23.095,1518.0,ZI
2023-04-13 11:32:00,23.09,23.095,23.09,23.095,1741.0,ZI
2023-04-13 11:31:00,23.11,23.12,23.1,23.1,4500.0,ZI
2023-04-13 11:30:00,23.065,23.105,23.065,23.105,4393.0,ZI
2023-04-13 11:29:00,23.055,23.065,23.055,23.065,3756.0,ZI
2023-04-13 11:28:00,23.075,23.075,23.05,23.05,5866.0,ZI
2023-04-13 11:27:00,23.09,23.1,23.08,23.08,7056.0,ZI
2023-04-13 11:26:00,23.09,23.09,23.08,23.08,3794.0,ZI
2023-04-13 11:25:00,23.08,23.095,23.075,23.09,3880.0,ZI
2023-04-13 11:24:00,23.09,23.09,23.07,23.09,4640.0,ZI
2023-04-13 11:23:00,23.11,23.12,23.085,23.09,4760.0,ZI
2023-04-13 11:22:00,23.145,23.145,23.11,23.11,4847.0,ZI
2023-04-13 11:21:00,23.145,23.15,23.145,23.145,964.0,ZI
2023-04-13 11:20:00,23.17,23.17,23.13,23.14,6454.0,ZI
2023-04-13 11:19:00,23.18,23.18,23.17,23.17,2175.0,ZI
2023-04-13 11:18:00,23.18,23.185,23.18,23.185,2103.0,ZI
2023-04-13 11:17:00,23.19,23.19,23.175,23.185,2508.0,ZI
2023-04-13 11:16:00,23.195,23.195,23.17,23.185,3211.0,ZI
2023-04-13 11:15:00,23.19,23.195,23.17,23.195,6328.0,ZI
2023-04-13 11:14:00,23.195,23.2,23.18,23.185,8620.0,ZI
2023-04-13 11:13:00,23.2,23.205,23.19,23.19,2255.0,ZI
2023-04-13 11:12:00,23.195,23.215,23.19,23.2,3583.0,ZI
2023-04-13 11:11:00,23.2,23.2,23.19,23.195,8223.0,ZI
2023-04-13 11:10:00,23.195,23.21,23.195,23.2025,2308.0,ZI
2023-04-13 11:09:00,23.19,23.215,23.1831,23.195,9304.0,ZI
2023-04-13 11:08:00,23.2325,23.2325,23.2,23.2,10298.0,ZI
2023-04-13 11:07:00,23.255,23.255,23.235,23.235,5756.0,ZI
2023-04-13 11:06:00,23.24,23.255,23.24,23.255,2332.0,ZI
2023-04-13 11:05:00,23.23,23.235,23.22,23.235,3919.0,ZI
2023-04-13 11:04:00,23.19,23.23,23.19,23.225,5611.0,ZI
2023-04-13 11:03:00,23.215,23.22,23.195,23.2,6903.0,ZI
2023-04-13 11:02:00,23.23,23.235,23.215,23.215,3604.0,ZI
2023-04-13 11:01:00,23.2,23.23,23.2,23.23,3922.0,ZI
2023-04-13 11:00:00,23.19,23.19,23.17,23.19,3909.0,ZI
2023-04-13 10:59:00,23.23,23.23,23.18,23.1925,6381.0,ZI
2023-04-13 10:58:00,23.255,23.255,23.23,23.235,3354.0,ZI
2023-04-13 10:57:00,23.28,23.28,23.235,23.25,6369.0,ZI
2023-04-13 10:56:00,23.27,23.29,23.265,23.28,65063.0,ZI
2023-04-13 10:55:00,23.285,23.285,23.27,23.27,3535.0,ZI
2023-04-13 10:54:00,23.25,23.28,23.245,23.28,9149.0,ZI
2023-04-13 10:53:00,23.23,23.26,23.23,23.25,14543.0,ZI
2023-04-13 10:52:00,23.245,23.26,23.22,23.225,44749.0,ZI
2023-04-13 10:51:00,23.23,23.25,23.23,23.245,2492.0,ZI
2023-04-13 10:50:00,23.21,23.225,23.21,23.225,2654.0,ZI
2023-04-13 10:49:00,23.23,23.235,23.21,23.21,2545.0,ZI
2023-04-13 10:48:00,23.215,23.24,23.21,23.23,3243.0,ZI
2023-04-13 10:47:00,23.21,23.21,23.2,23.21,1600.0,ZI
2023-04-13 10:46:00,23.25,23.25,23.21,23.21,9776.0,ZI
2023-04-13 10:45:00,23.225,23.24,23.225,23.24,907.0,ZI
2023-04-13 10:44:00,23.2,23.215,23.195,23.215,2020.0,ZI
2023-04-13 10:43:00,23.16,23.2,23.16,23.19,7958.0,ZI
2023-04-13 10:42:00,23.19,23.19,23.15,23.15,16388.0,ZI
2023-04-13 10:41:00,23.21,23.21,23.16,23.185,9270.0,ZI
2023-04-13 10:40:00,23.23,23.235,23.21,23.215,4695.0,ZI
2023-04-13 10:39:00,23.245,23.25,23.23,23.23,2637.0,ZI
2023-04-13 10:38:00,23.24,23.24,23.23,23.24,3656.0,ZI
2023-04-13 10:37:00,23.245,23.245,23.215,23.24,7357.0,ZI
2023-04-13 10:36:00,23.245,23.25,23.235,23.24,5523.0,ZI
2023-04-13 10:35:00,23.23,23.24,23.23,23.24,2980.0,ZI
2023-04-13 10:34:00,23.195,23.23,23.195,23.23,2080.0,ZI
2023-04-13 10:33:00,23.215,23.22,23.18,23.19,9807.0,ZI
2023-04-13 10:32:00,23.2,23.225,23.2,23.21,4242.0,ZI
2023-04-13 10:31:00,23.215,23.23,23.185,23.195,5503.0,ZI
2023-04-13 10:30:00,23.215,23.23,23.215,23.22,2707.0,ZI
2023-04-13 10:29:00,23.22,23.235,23.21,23.22,4533.0,ZI
2023-04-13 10:28:00,23.2,23.215,23.2,23.215,1002.0,ZI
2023-04-13 10:27:00,23.175,23.2,23.1613,23.2,1873.0,ZI
2023-04-13 10:26:00,23.17,23.185,23.17,23.17,2930.0,ZI
2023-04-13 10:25:00,23.19,23.19,23.155,23.16,2253.0,ZI
2023-04-13 10:24:00,23.1891,23.19,23.18,23.19,3978.0,ZI
2023-04-13 10:23:00,23.23,23.24,23.19,23.19,11929.0,ZI
2023-04-13 10:22:00,23.24,23.255,23.22,23.225,21241.0,ZI
2023-04-13 10:21:00,23.23,23.235,23.221,23.235,2596.0,ZI
2023-04-13 10:20:00,23.245,23.245,23.22,23.235,3067.0,ZI
2023-04-13 10:19:00,23.2189,23.24,23.215,23.24,6731.0,ZI
2023-04-13 10:18:00,23.22,23.22,23.21,23.21,3899.0,ZI
2023-04-13 10:17:00,23.24,23.24,23.21,23.22,4822.0,ZI
2023-04-13 10:16:00,23.23,23.25,23.23,23.24,12100.0,ZI
2023-04-13 10:15:00,23.22,23.23,23.21,23.22,2787.0,ZI
2023-04-13 10:14:00,23.21,23.22,23.195,23.22,3002.0,ZI
2023-04-13 10:13:00,23.205,23.235,23.2,23.23,4567.0,ZI
2023-04-13 10:12:00,23.18,23.19,23.171,23.19,2827.0,ZI
2023-04-13 10:11:00,23.17,23.17,23.16,23.17,2120.0,ZI
2023-04-13 10:10:00,23.14,23.165,23.13,23.165,2387.0,ZI
2023-04-13 10:09:00,23.14,23.155,23.085,23.155,11524.0,ZI
2023-04-13 10:08:00,23.11,23.15,23.11,23.145,6208.0,ZI
2023-04-13 10:07:00,23.085,23.12,23.065,23.12,9303.0,ZI
2023-04-13 10:06:00,23.06,23.095,23.06,23.085,26686.0,ZI
2023-04-13 10:05:00,23.015,23.06,23.015,23.055,4775.0,ZI
2023-04-13 10:04:00,23.015,23.025,22.985,23.005,5061.0,ZI
2023-04-13 10:03:00,23.07,23.07,23.015,23.015,4877.0,ZI
2023-04-13 10:02:00,23.065,23.09,23.05,23.07,10957.0,ZI
2023-04-13 10:01:00,23.05,23.065,23.035,23.06,5312.0,ZI
2023-04-13 10:00:00,23.005,23.045,23.0,23.045,4970.0,ZI
2023-04-13 09:59:00,23.0,23.005,22.97,23.0,5639.0,ZI
2023-04-13 09:58:00,23.05,23.05,23.01,23.02,8331.0,ZI
2023-04-13 09:57:00,23.05,23.06,23.05,23.055,1849.0,ZI
2023-04-13 09:56:00,23.06,23.075,23.01,23.05,12022.0,ZI
2023-04-13 09:55:00,23.055,23.075,23.05,23.06,1823.0,ZI
2023-04-13 09:54:00,23.045,23.06,23.035,23.05,3976.0,ZI
2023-04-13 09:53:00,23.02,23.07,23.02,23.04,4274.0,ZI
2023-04-13 09:52:00,23.075,23.08,23.0,23.02,8090.0,ZI
2023-04-13 09:51:00,23.05,23.09,23.05,23.075,7960.0,ZI
2023-04-13 09:50:00,23.02,23.05,23.015,23.05,5508.0,ZI
2023-04-13 09:49:00,22.97,23.02,22.955,23.02,2737.0,ZI
2023-04-13 09:48:00,22.965,22.99,22.965,22.98,3048.0,ZI
2023-04-13 09:47:00,22.98,22.98,22.95,22.95,4284.0,ZI
2023-04-13 09:46:00,23.01,23.04,22.99,23.0,4653.0,ZI
2023-04-13 09:45:00,23.13,23.13,22.98,23.0,13678.0,ZI
2023-04-13 09:44:00,23.105,23.15,23.105,23.14,6702.0,ZI
2023-04-13 09:43:00,23.09,23.13,23.07,23.11,5194.0,ZI
2023-04-13 09:42:00,23.05,23.11,23.05,23.1,2633.0,ZI
2023-04-13 09:41:00,23.01,23.05,23.01,23.03,6207.0,ZI
2023-04-13 09:40:00,23.03,23.05,23.02,23.02,24491.0,ZI
2023-04-13 09:39:00,22.99,23.04,22.99,23.03,40793.0,ZI
2023-04-13 09:38:00,23.01,23.02,22.95,22.99,13779.0,ZI
2023-04-13 09:37:00,23.06,23.08,23.0,23.0,7543.0,ZI
2023-04-13 09:36:00,23.03,23.06,23.02,23.02,4315.0,ZI
2023-04-13 09:35:00,23.0,23.04,22.98,22.98,4266.0,ZI
2023-04-13 09:34:00,22.95,22.97,22.94,22.96,2330.0,ZI
2023-04-13 09:33:00,22.895,22.91,22.895,22.91,317.0,ZI
2023-04-13 09:32:00,22.805,22.86,22.805,22.86,1401.0,ZI
2023-04-13 09:31:00,22.67,22.76,22.67,22.74,23308.0,ZI
2023-04-13 09:09:00,22.71,22.71,22.71,22.71,581.0,ZI
2023-04-13 08:35:00,22.63,22.63,22.63,22.63,110.0,ZI
2023-04-12 18:40:00,22.39,22.39,22.39,22.39,125.0,ZI
2023-04-12 16:01:00,22.52,22.52,22.52,22.52,14504.0,ZI
2023-04-12 16:00:00,22.53,22.54,22.51,22.54,56924.0,ZI
2023-04-12 15:59:00,22.515,22.53,22.515,22.53,24170.0,ZI
2023-04-12 15:58:00,22.525,22.53,22.51,22.515,15621.0,ZI
2023-04-12 15:57:00,22.525,22.53,22.52,22.53,7863.0,ZI
2023-04-12 15:56:00,22.56,22.56,22.52,22.525,20016.0,ZI
2023-04-12 15:55:00,22.57,22.58,22.55,22.56,19639.0,ZI
2023-04-12 15:54:00,22.58,22.58,22.56,22.57,6256.0,ZI
2023-04-12 15:53:00,22.6,22.61,22.58,22.585,9881.0,ZI
2023-04-12 15:52:00,22.55,22.595,22.55,22.595,9129.0,ZI
2023-04-12 15:51:00,22.59,22.59,22.56,22.56,8068.0,ZI
2023-04-12 15:50:00,22.59,22.6,22.585,22.59,7347.0,ZI
2023-04-12 15:49:00,22.625,22.625,22.585,22.59,7441.0,ZI
2023-04-12 15:48:00,22.65,22.655,22.625,22.625,10683.0,ZI
2023-04-12 15:47:00,22.62,22.65,22.62,22.645,3524.0,ZI
2023-04-12 15:46:00,22.595,22.625,22.595,22.615,5521.0,ZI
2023-04-12 15:45:00,22.575,22.595,22.575,22.59,6374.0,ZI
2023-04-12 15:44:00,22.545,22.59,22.53,22.58,18170.0,ZI
2023-04-12 15:43:00,22.555,22.56,22.545,22.545,5176.0,ZI
2023-04-12 15:42:00,22.558,22.565,22.55,22.56,5784.0,ZI
2023-04-12 15:41:00,22.555,22.555,22.545,22.55,3959.0,ZI
2023-04-12 15:40:00,22.545,22.555,22.545,22.55,4625.0,ZI
2023-04-12 15:39:00,22.55,22.555,22.54,22.545,5639.0,ZI
2023-04-12 15:38:00,22.55,22.56,22.55,22.555,2874.0,ZI
2023-04-12 15:37:00,22.565,22.57,22.545,22.55,4192.0,ZI
2023-04-12 15:36:00,22.535,22.56,22.535,22.56,2950.0,ZI
2023-04-12 15:35:00,22.555,22.565,22.535,22.535,8883.0,ZI
2023-04-12 15:34:00,22.545,22.555,22.54,22.55,5477.0,ZI
2023-04-12 15:33:00,22.56,22.56,22.545,22.545,3904.0,ZI
2023-04-12 15:32:00,22.58,22.5856,22.565,22.565,5350.0,ZI
2023-04-12 15:31:00,22.55,22.575,22.535,22.575,7381.0,ZI
2023-04-12 15:30:00,22.55,22.57,22.55,22.56,4861.0,ZI
2023-04-12 15:29:00,22.57,22.57,22.555,22.555,4405.0,ZI
2023-04-12 15:28:00,22.565,22.575,22.55,22.57,6559.0,ZI
2023-04-12 15:27:00,22.56,22.57,22.56,22.5689,4890.0,ZI
2023-04-12 15:26:00,22.57,22.57,22.545,22.555,2314.0,ZI
2023-04-12 15:25:00,22.585,22.59,22.565,22.565,3623.0,ZI
2023-04-12 15:24:00,22.595,22.6,22.585,22.585,3873.0,ZI
2023-04-12 15:23:00,22.59,22.595,22.59,22.595,2400.0,ZI
2023-04-12 15:22:00,22.545,22.575,22.545,22.575,5283.0,ZI
2023-04-12 15:21:00,22.555,22.555,22.535,22.54,2605.0,ZI
2023-04-12 15:20:00,22.58,22.58,22.541,22.55,7431.0,ZI
2023-04-12 15:19:00,22.56,22.58,22.56,22.58,4216.0,ZI
2023-04-12 15:18:00,22.56,22.56,22.55,22.56,2156.0,ZI
2023-04-12 15:17:00,22.565,22.565,22.56,22.565,470.0,ZI
2023-04-12 15:16:00,22.595,22.595,22.56,22.565,4477.0,ZI
2023-04-12 15:15:00,22.58,22.59,22.58,22.59,2642.0,ZI
2023-04-12 15:14:00,22.595,22.596,22.59,22.59,2612.0,ZI
2023-04-12 15:13:00,22.6088,22.61,22.6,22.6,1852.0,ZI
2023-04-12 15:12:00,22.6,22.6,22.595,22.6,2403.0,ZI
2023-04-12 15:11:00,22.655,22.655,22.6,22.6,5679.0,ZI
2023-04-12 15:10:00,22.67,22.675,22.655,22.655,3291.0,ZI
2023-04-12 15:09:00,22.655,22.66,22.655,22.66,2063.0,ZI
2023-04-12 15:08:00,22.66,22.665,22.655,22.655,3762.0,ZI
2023-04-12 15:07:00,22.645,22.66,22.645,22.655,3047.0,ZI
2023-04-12 15:06:00,22.63,22.635,22.63,22.635,1492.0,ZI
2023-04-12 15:05:00,22.625,22.625,22.615,22.62,2594.0,ZI
2023-04-12 15:04:00,22.66,22.66,22.61,22.63,6155.0,ZI
2023-04-12 15:03:00,22.67,22.68,22.6615,22.6615,3878.0,ZI
2023-04-12 15:02:00,22.64,22.67,22.64,22.665,4734.0,ZI
2023-04-12 15:01:00,22.64,22.64,22.63,22.63,2162.0,ZI
2023-04-12 15:00:00,22.635,22.645,22.635,22.64,998.0,ZI
2023-04-12 14:59:00,22.65,22.655,22.635,22.635,4446.0,ZI
2023-04-12 14:58:00,22.65,22.655,22.65,22.65,2553.0,ZI
2023-04-12 14:57:00,22.63,22.65,22.63,22.65,1796.0,ZI
2023-04-12 14:56:00,22.63,22.63,22.61,22.625,3388.0,ZI
2023-04-12 14:55:00,22.625,22.63,22.625,22.625,1601.0,ZI
2023-04-12 14:54:00,22.635,22.64,22.615,22.6282,3456.0,ZI
2023-04-12 14:53:00,22.63,22.63,22.61,22.63,3320.0,ZI
2023-04-12 14:52:00,22.64,22.645,22.635,22.635,1645.0,ZI
2023-04-12 14:51:00,22.635,22.635,22.625,22.63,2819.0,ZI
2023-04-12 14:50:00,22.655,22.655,22.62,22.63,4367.0,ZI
2023-04-12 14:49:00,22.645,22.65,22.64,22.645,3424.0,ZI
2023-04-12 14:48:00,22.645,22.65,22.645,22.645,1808.0,ZI
2023-04-12 14:47:00,22.655,22.67,22.645,22.645,1855.0,ZI
2023-04-12 14:46:00,22.67,22.695,22.66,22.66,6566.0,ZI
2023-04-12 14:45:00,22.65,22.67,22.65,22.67,1869.0,ZI
2023-04-12 14:44:00,22.66,22.66,22.645,22.645,2400.0,ZI
2023-04-12 14:43:00,22.68,22.68,22.655,22.655,3859.0,ZI
2023-04-12 14:42:00,22.665,22.67,22.66,22.67,4731.0,ZI
2023-04-12 14:41:00,22.66,22.67,22.65,22.67,4064.0,ZI
2023-04-12 14:40:00,22.715,22.715,22.67,22.67,4474.0,ZI
2023-04-12 14:39:00,22.72,22.7303,22.715,22.715,3108.0,ZI
2023-04-12 14:38:00,22.72,22.72,22.72,22.72,2174.0,ZI
2023-04-12 14:37:00,22.68,22.72,22.675,22.71,4592.0,ZI
2023-04-12 14:36:00,22.69,22.69,22.68,22.68,1234.0,ZI
2023-04-12 14:35:00,22.7192,22.72,22.69,22.69,6045.0,ZI
2023-04-12 14:34:00,22.69,22.71,22.69,22.71,1704.0,ZI
2023-04-12 14:33:00,22.67,22.69,22.67,22.69,4125.0,ZI
2023-04-12 14:32:00,22.675,22.68,22.67,22.67,2269.0,ZI
2023-04-12 14:31:00,22.68,22.69,22.68,22.68,3385.0,ZI
2023-04-12 14:30:00,22.69,22.69,22.67,22.68,4419.0,ZI
2023-04-12 14:29:00,22.72,22.72,22.69,22.69,1274.0,ZI
2023-04-12 14:28:00,22.77,22.77,22.7,22.72,7507.0,ZI
2023-04-12 14:27:00,22.79,22.79,22.755,22.76,6055.0,ZI
2023-04-12 14:26:00,22.8,22.8,22.79,22.8,3696.0,ZI
2023-04-12 14:25:00,22.805,22.815,22.805,22.81,3288.0,ZI
2023-04-12 14:24:00,22.805,22.805,22.805,22.805,193.0,ZI
2023-04-12 14:23:00,22.82,22.82,22.8,22.805,1609.0,ZI
2023-04-12 14:22:00,22.8509,22.86,22.812,22.82,4976.0,ZI
2023-04-12 14:21:00,22.845,22.865,22.845,22.855,4701.0,ZI
2023-04-12 14:20:00,22.84,22.845,22.84,22.845,2100.0,ZI
2023-04-12 14:19:00,22.825,22.85,22.825,22.845,1918.0,ZI
2023-04-12 14:18:00,22.825,22.825,22.825,22.825,425.0,ZI
2023-04-12 14:17:00,22.825,22.83,22.825,22.825,1819.0,ZI
2023-04-12 14:16:00,22.845,22.85,22.825,22.825,3686.0,ZI
2023-04-12 14:15:00,22.845,22.85,22.845,22.85,2632.0,ZI
2023-04-12 14:14:00,22.8401,22.8401,22.84,22.84,2008.0,ZI
2023-04-12 14:13:00,22.79,22.84,22.78,22.84,6154.0,ZI
2023-04-12 14:12:00,22.76,22.77,22.76,22.77,2345.0,ZI
2023-04-12 14:11:00,22.78,22.78,22.75,22.765,3531.0,ZI
2023-04-12 14:10:00,22.85,22.85,22.79,22.79,4721.0,ZI
2023-04-12 14:09:00,22.88,22.88,22.86,22.86,1560.0,ZI
2023-04-12 14:08:00,22.875,22.88,22.875,22.875,1802.0,ZI
2023-04-12 14:07:00,22.86,22.875,22.86,22.87,2465.0,ZI
2023-04-12 14:06:00,22.89,22.89,22.845,22.86,6376.0,ZI
2023-04-12 14:05:00,22.9,22.905,22.895,22.895,1693.0,ZI
2023-04-12 14:04:00,22.945,22.95,22.91,22.91,3819.0,ZI
2023-04-12 14:03:00,22.91,22.945,22.91,22.945,2892.0,ZI
2023-04-12 14:02:00,22.93,22.93,22.89,22.9,4497.0,ZI
2023-04-12 14:01:00,22.98,22.98,22.94,22.94,6071.0,ZI
2023-04-12 14:00:00,23.02,23.02,22.99,22.99,5009.0,ZI
2023-04-12 13:59:00,23.03,23.03,23.0208,23.03,2942.0,ZI
2023-04-12 13:58:00,23.01,23.025,23.01,23.025,3178.0,ZI
2023-04-12 13:57:00,23.005,23.01,23.0001,23.01,1279.0,ZI
2023-04-12 13:56:00,23.005,23.01,23.0,23.005,2980.0,ZI
2023-04-12 13:55:00,23.005,23.01,23.0,23.005,1545.0,ZI
2023-04-12 13:54:00,23.005,23.015,23.005,23.01,1800.0,ZI
2023-04-12 13:53:00,23.005,23.02,23.005,23.01,2086.0,ZI
2023-04-12 13:52:00,22.99,23.005,22.985,23.005,1957.0,ZI
2023-04-12 13:51:00,23.0,23.0,22.98,22.985,5941.0,ZI
2023-04-12 13:50:00,23.03,23.03,23.0,23.005,4504.0,ZI
2023-04-12 13:49:00,23.02,23.02,23.01,23.02,2611.0,ZI
2023-04-12 13:48:00,23.0,23.015,23.0,23.015,1405.0,ZI
2023-04-12 13:47:00,22.98,23.0,22.98,22.995,2798.0,ZI
2023-04-12 13:46:00,23.01,23.01,22.975,22.98,3918.0,ZI
2023-04-12 13:45:00,22.97,23.02,22.97,23.015,18684.0,ZI
2023-04-12 13:44:00,22.965,22.975,22.965,22.975,1559.0,ZI
2023-04-12 13:43:00,22.98,22.98,22.965,22.965,1240.0,ZI
2023-04-12 13:42:00,22.9991,22.9991,22.97,22.97,5547.0,ZI
2023-04-12 13:41:00,23.0,23.0079,22.999,22.999,2244.0,ZI
2023-04-12 13:40:00,23.03,23.03,23.02,23.02,3256.0,ZI
2023-04-12 13:39:00,23.06,23.07,23.03,23.04,8365.0,ZI
2023-04-12 13:38:00,23.065,23.065,23.065,23.065,312.0,ZI
2023-04-12 13:37:00,23.08,23.09,23.07,23.07,2876.0,ZI
2023-04-12 13:36:00,23.08,23.09,23.08,23.09,1174.0,ZI
2023-04-12 13:35:00,23.12,23.12,23.075,23.075,11844.0,ZI
2023-04-12 13:34:00,23.11,23.125,23.11,23.125,2224.0,ZI
2023-04-12 13:33:00,23.1,23.105,23.095,23.095,8882.0,ZI
2023-04-12 13:32:00,23.105,23.105,23.1,23.105,369.0,ZI
2023-04-12 13:31:00,23.105,23.12,23.095,23.11,7554.0,ZI
2023-04-12 13:30:00,23.085,23.105,23.085,23.105,7759.0,ZI
2023-04-12 13:29:00,23.085,23.095,23.08,23.09,5319.0,ZI
2023-04-12 13:28:00,23.07,23.08,23.07,23.08,2423.0,ZI
2023-04-12 13:27:00,23.06,23.07,23.06,23.07,1118.0,ZI
2023-04-12 13:26:00,23.05,23.06,23.05,23.06,1908.0,ZI
2023-04-12 13:25:00,23.045,23.0505,23.045,23.0505,2423.0,ZI
2023-04-12 13:24:00,23.06,23.065,23.05,23.05,2980.0,ZI
2023-04-12 13:23:00,23.07,23.07,23.065,23.065,1455.0,ZI
2023-04-12 13:22:00,23.07,23.08,23.07,23.08,3068.0,ZI
2023-04-12 13:21:00,23.075,23.075,23.065,23.065,1952.0,ZI
2023-04-12 13:20:00,23.07,23.075,23.065,23.075,466.0,ZI
2023-04-12 13:19:00,23.05,23.065,23.05,23.065,1606.0,ZI
2023-04-12 13:18:00,23.045,23.055,23.045,23.05,1830.0,ZI
2023-04-12 13:17:00,23.04,23.06,23.04,23.055,2246.0,ZI
2023-04-12 13:16:00,23.05,23.05,23.04,23.04,2586.0,ZI
2023-04-12 13:15:00,23.061,23.07,23.055,23.055,1490.0,ZI
2023-04-12 13:14:00,23.07,23.07,23.06,23.06,2750.0,ZI
2023-04-12 13:13:00,23.09,23.09,23.065,23.065,3436.0,ZI
2023-04-12 13:12:00,23.06,23.08,23.05,23.08,2522.0,ZI
2023-04-12 13:11:00,23.02,23.065,23.02,23.065,2938.0,ZI
2023-04-12 13:10:00,23.03,23.03,23.02,23.02,1982.0,ZI
2023-04-12 13:09:00,23.02,23.02,23.02,23.02,588.0,ZI
2023-04-12 13:08:00,23.02,23.02,23.01,23.015,4194.0,ZI
2023-04-12 13:07:00,22.98,23.009,22.98,23.009,4540.0,ZI
2023-04-12 13:06:00,22.965,22.98,22.965,22.98,1319.0,ZI
2023-04-12 13:05:00,22.94,22.96,22.94,22.96,3581.0,ZI
2023-04-12 13:04:00,22.925,22.95,22.925,22.945,2680.0,ZI
2023-04-12 13:03:00,22.92,22.92,22.915,22.92,5966.0,ZI
2023-04-12 13:02:00,22.935,22.935,22.92,22.92,9250.0,ZI
2023-04-12 13:01:00,22.95,22.95,22.935,22.935,1830.0,ZI
2023-04-12 13:00:00,22.93,22.94,22.93,22.94,2262.0,ZI
2023-04-12 12:59:00,22.915,22.93,22.915,22.925,4927.0,ZI
2023-04-12 12:58:00,22.915,22.915,22.91,22.915,4440.0,ZI
2023-04-12 12:57:00,22.915,22.915,22.915,22.915,1574.0,ZI
2023-04-12 12:56:00,22.89,22.9,22.89,22.9,649.0,ZI
2023-04-12 12:55:00,22.88,22.89,22.875,22.88,1125.0,ZI
2023-04-12 12:54:00,22.875,22.875,22.875,22.875,894.0,ZI
2023-04-12 12:53:00,22.855,22.865,22.855,22.865,816.0,ZI
2023-04-12 12:52:00,22.86,22.86,22.845,22.85,7241.0,ZI
2023-04-12 12:51:00,22.85,22.855,22.845,22.85,8358.0,ZI
2023-04-12 12:50:00,22.85,22.85,22.85,22.85,883.0,ZI
2023-04-12 12:49:00,22.85,22.85,22.85,22.85,1532.0,ZI
2023-04-12 12:48:00,22.86,22.87,22.855,22.855,3020.0,ZI
2023-04-12 12:47:00,22.845,22.855,22.845,22.855,1353.0,ZI
2023-04-12 12:46:00,22.83,22.845,22.83,22.845,2158.0,ZI
2023-04-12 12:45:00,22.845,22.855,22.825,22.83,3845.0,ZI
2023-04-12 12:44:00,22.845,22.85,22.84,22.84,2566.0,ZI
2023-04-12 12:43:00,22.85,22.85,22.84,22.845,4379.0,ZI
2023-04-12 12:42:00,22.845,22.85,22.84,22.845,4768.0,ZI
2023-04-12 12:41:00,22.85,22.865,22.845,22.845,1365.0,ZI
2023-04-12 12:40:00,22.85,22.85,22.845,22.85,5474.0,ZI
2023-04-12 12:39:00,22.84,22.84,22.84,22.84,1295.0,ZI
2023-04-12 12:38:00,22.87,22.87,22.83,22.84,4071.0,ZI
2023-04-12 12:37:00,22.87,22.875,22.87,22.87,3472.0,ZI
2023-04-12 12:36:00,22.9,22.9,22.88,22.88,7248.0,ZI
2023-04-12 12:35:00,22.915,22.915,22.905,22.905,1277.0,ZI
2023-04-12 12:34:00,22.92,22.92,22.92,22.92,582.0,ZI
2023-04-12 12:33:00,22.92,22.925,22.915,22.915,1789.0,ZI
2023-04-12 12:32:00,22.93,22.93,22.91,22.91,4564.0,ZI
2023-04-12 12:31:00,22.91,22.92,22.91,22.91,891.0,ZI
2023-04-12 12:29:00,22.91,22.915,22.91,22.91,1749.0,ZI
2023-04-12 12:28:00,22.91,22.93,22.91,22.91,3492.0,ZI
2023-04-12 12:27:00,22.9,22.91,22.9,22.91,1195.0,ZI
2023-04-12 12:26:00,22.89,22.915,22.89,22.91,2129.0,ZI
2023-04-12 12:25:00,22.91,22.91,22.885,22.885,3673.0,ZI
2023-04-12 12:24:00,22.92,22.92,22.9,22.9,3743.0,ZI
2023-04-12 12:23:00,22.8883,22.92,22.885,22.92,2183.0,ZI
2023-04-12 12:22:00,22.865,22.885,22.865,22.885,2979.0,ZI
2023-04-12 12:21:00,22.878,22.878,22.86,22.86,2676.0,ZI
2023-04-12 12:20:00,22.865,22.89,22.865,22.875,8787.0,ZI
2023-04-12 12:19:00,22.85,22.869,22.84,22.865,2907.0,ZI
2023-04-12 12:18:00,22.88,22.88,22.86,22.86,3172.0,ZI
2023-04-12 12:17:00,22.885,22.885,22.86,22.885,9868.0,ZI
2023-04-12 12:16:00,22.89,22.9,22.8809,22.89,5007.0,ZI
2023-04-12 12:15:00,22.9,22.9,22.865,22.88,9388.0,ZI
2023-04-12 12:14:00,22.925,22.925,22.905,22.905,2272.0,ZI
2023-04-12 12:13:00,22.925,22.93,22.92,22.92,3932.0,ZI
2023-04-12 12:12:00,22.93,22.93,22.92,22.92,2204.0,ZI
2023-04-12 12:11:00,22.93,22.94,22.93,22.94,1619.0,ZI
2023-04-12 12:10:00,22.94,22.94,22.92,22.93,2887.0,ZI
2023-04-12 12:09:00,22.9183,22.93,22.9183,22.93,3407.0,ZI
2023-04-12 12:08:00,22.9199,22.92,22.9199,22.92,1416.0,ZI
2023-04-12 12:07:00,22.92,22.93,22.92,22.92,1970.0,ZI
2023-04-12 12:06:00,22.9091,22.915,22.9,22.915,3454.0,ZI
2023-04-12 12:05:00,22.91,22.91,22.9,22.905,2182.0,ZI
2023-04-12 12:04:00,22.91,22.925,22.91,22.925,2786.0,ZI
2023-04-12 12:03:00,22.9189,22.9189,22.91,22.91,1373.0,ZI
2023-04-12 12:02:00,22.915,22.935,22.915,22.92,4040.0,ZI
2023-04-12 12:01:00,22.9091,22.915,22.885,22.915,8164.0,ZI
2023-04-12 12:00:00,22.905,22.91,22.905,22.91,278.0,ZI
2023-04-12 11:59:00,22.91,22.9106,22.905,22.905,2430.0,ZI
2023-04-12 11:58:00,22.91,22.92,22.91,22.91,3054.0,ZI
2023-04-12 11:57:00,22.895,22.905,22.895,22.905,2383.0,ZI
2023-04-12 11:56:00,22.845,22.89,22.845,22.89,6620.0,ZI
2023-04-12 11:55:00,22.85,22.85,22.84,22.8412,1682.0,ZI
2023-04-12 11:54:00,22.87,22.875,22.855,22.855,3247.0,ZI
2023-04-12 11:53:00,22.88,22.88,22.86,22.87,4023.0,ZI
2023-04-12 11:52:00,22.89,22.89,22.88,22.885,2260.0,ZI
2023-04-12 11:51:00,22.905,22.905,22.885,22.885,2446.0,ZI
2023-04-12 11:50:00,22.92,22.925,22.9,22.9,5460.0,ZI
2023-04-12 11:49:00,22.93,22.93,22.91,22.93,2996.0,ZI
2023-04-12 11:48:00,22.955,22.955,22.925,22.925,4543.0,ZI
2023-04-12 11:47:00,22.94,22.955,22.94,22.955,4132.0,ZI
2023-04-12 11:46:00,22.895,22.94,22.895,22.94,2079.0,ZI
2023-04-12 11:45:00,22.885,22.885,22.885,22.885,244.0,ZI
2023-04-12 11:44:00,22.85,22.87,22.85,22.87,1080.0,ZI
2023-04-12 11:43:00,22.82,22.85,22.82,22.845,1473.0,ZI
2023-04-12 11:42:00,22.795,22.815,22.795,22.81,1504.0,ZI
2023-04-12 11:41:00,22.77,22.795,22.77,22.795,948.0,ZI
2023-04-12 11:40:00,22.77,22.78,22.77,22.77,2334.0,ZI
2023-04-12 11:39:00,22.76,22.76,22.75,22.755,1476.0,ZI
2023-04-12 11:38:00,22.73,22.76,22.73,22.76,3965.0,ZI
2023-04-12 11:37:00,22.71,22.725,22.71,22.725,1333.0,ZI
2023-04-12 11:36:00,22.745,22.745,22.73,22.73,3641.0,ZI
2023-04-12 11:35:00,22.72,22.745,22.72,22.745,2141.0,ZI
2023-04-12 11:34:00,22.715,22.72,22.7049,22.72,1588.0,ZI
2023-04-12 11:33:00,22.7511,22.7511,22.72,22.725,3635.0,ZI
2023-04-12 11:32:00,22.715,22.73,22.71,22.73,6202.0,ZI
2023-04-12 11:31:00,22.72,22.72,22.705,22.71,5255.0,ZI
2023-04-12 11:30:00,22.69,22.715,22.69,22.715,4459.0,ZI
2023-04-12 11:29:00,22.705,22.71,22.695,22.695,2936.0,ZI
2023-04-12 11:28:00,22.69,22.705,22.69,22.705,539.0,ZI
2023-04-12 11:27:00,22.68,22.705,22.68,22.69,3582.0,ZI
2023-04-12 11:26:00,22.66,22.68,22.66,22.68,2482.0,ZI
2023-04-12 11:25:00,22.66,22.66,22.645,22.65,2671.0,ZI
2023-04-12 11:24:00,22.645,22.66,22.645,22.66,4810.0,ZI
2023-04-12 11:23:00,22.655,22.655,22.65,22.65,922.0,ZI
2023-04-12 11:22:00,22.65,22.68,22.65,22.655,2071.0,ZI
2023-04-12 11:21:00,22.63,22.64,22.63,22.64,2833.0,ZI
2023-04-12 11:20:00,22.6401,22.6687,22.625,22.625,7154.0,ZI
2023-04-12 11:19:00,22.6292,22.66,22.62,22.65,4622.0,ZI
2023-04-12 11:18:00,22.61,22.625,22.61,22.625,1017.0,ZI
2023-04-12 11:17:00,22.615,22.615,22.6,22.6,2330.0,ZI
2023-04-12 11:16:00,22.595,22.625,22.595,22.61,3570.0,ZI
2023-04-12 11:15:00,22.54,22.59,22.54,22.59,4035.0,ZI
2023-04-12 11:14:00,22.565,22.565,22.54,22.54,2827.0,ZI
2023-04-12 11:13:00,22.59,22.59,22.57,22.57,2084.0,ZI
2023-04-12 11:12:00,22.62,22.62,22.58,22.59,3491.0,ZI
2023-04-12 11:11:00,22.64,22.64,22.64,22.64,381.0,ZI
2023-04-12 11:10:00,22.67,22.68,22.65,22.65,3453.0,ZI
2023-04-12 11:09:00,22.655,22.6705,22.62,22.6705,4706.0,ZI
2023-04-12 11:08:00,22.69,22.695,22.65,22.65,6276.0,ZI
2023-04-12 11:07:00,22.72,22.725,22.7,22.7,8242.0,ZI
2023-04-12 11:06:00,22.73,22.73,22.7,22.729,3824.0,ZI
2023-04-12 11:05:00,22.725,22.755,22.7211,22.74,6726.0,ZI
2023-04-12 11:04:00,22.68,22.72,22.68,22.72,2608.0,ZI
2023-04-12 11:03:00,22.69,22.69,22.675,22.675,1588.0,ZI
2023-04-12 11:02:00,22.71,22.7111,22.69,22.69,3167.0,ZI
2023-04-12 11:01:00,22.67,22.74,22.67,22.71,12230.0,ZI
2023-04-12 11:00:00,22.67,22.69,22.67,22.685,3490.0,ZI
2023-04-12 10:59:00,22.745,22.745,22.68,22.68,4097.0,ZI
2023-04-12 10:58:00,22.715,22.7589,22.715,22.75,5967.0,ZI
2023-04-12 10:57:00,22.725,22.73,22.71,22.72,2403.0,ZI
2023-04-12 10:56:00,22.785,22.79,22.73,22.73,8196.0,ZI
2023-04-12 10:55:00,22.8,22.8,22.78,22.785,1121.0,ZI
2023-04-12 10:54:00,22.76,22.8,22.76,22.8,3529.0,ZI
2023-04-12 10:53:00,22.8,22.81,22.76,22.76,3506.0,ZI
2023-04-12 10:52:00,22.835,22.835,22.81,22.81,5465.0,ZI
2023-04-12 10:51:00,22.84,22.845,22.83,22.835,2520.0,ZI
2023-04-12 10:50:00,22.89,22.9,22.87,22.87,9805.0,ZI
2023-04-12 10:49:00,22.84,22.87,22.83,22.87,2604.0,ZI
2023-04-12 10:48:00,22.855,22.86,22.845,22.85,3142.0,ZI
2023-04-12 10:47:00,22.83,22.86,22.82,22.845,8577.0,ZI
2023-04-12 10:46:00,22.82,22.845,22.82,22.835,4605.0,ZI
2023-04-12 10:45:00,22.8575,22.8575,22.83,22.83,4432.0,ZI
2023-04-12 10:44:00,22.89,22.89,22.85,22.8586,5437.0,ZI
2023-04-12 10:43:00,22.88,22.915,22.88,22.9,3850.0,ZI
2023-04-12 10:42:00,22.86,22.87,22.85,22.87,2556.0,ZI
2023-04-12 10:41:00,22.87,22.8794,22.87,22.87,3041.0,ZI
2023-04-12 10:40:00,22.885,22.89,22.86,22.8788,3290.0,ZI
2023-04-12 10:39:00,22.82,22.88,22.82,22.88,2619.0,ZI
2023-04-12 10:38:00,22.89,22.89,22.81,22.82,8754.0,ZI
2023-04-12 10:37:00,22.91,22.91,22.885,22.885,3183.0,ZI
2023-04-12 10:36:00,22.92,22.93,22.91,22.93,2285.0,ZI
2023-04-12 10:35:00,22.98,22.98,22.93,22.93,5680.0,ZI
2023-04-12 10:34:00,23.04,23.04,22.98,22.99,5533.0,ZI
2023-04-12 10:33:00,23.015,23.045,23.015,23.045,1574.0,ZI
2023-04-12 10:32:00,23.03,23.05,23.02,23.025,2410.0,ZI
2023-04-12 10:31:00,23.085,23.1025,23.04,23.04,12707.0,ZI
2023-04-12 10:30:00,23.08,23.09,23.075,23.09,2172.0,ZI
2023-04-12 10:29:00,23.025,23.06,23.025,23.06,2630.0,ZI
2023-04-12 10:28:00,22.995,23.03,22.995,23.02,2566.0,ZI
2023-04-12 10:27:00,23.0,23.02,22.99,22.99,3756.0,ZI
2023-04-12 10:26:00,23.01,23.01,22.99,23.01,14339.0,ZI
2023-04-12 10:25:00,23.04,23.045,23.04,23.04,2521.0,ZI
2023-04-12 10:24:00,23.09,23.095,23.03,23.03,4666.0,ZI
2023-04-12 10:23:00,23.1,23.1,23.0818,23.09,2730.0,ZI
2023-04-12 10:22:00,23.07,23.1,23.07,23.1,5995.0,ZI
2023-04-12 10:21:00,23.025,23.06,23.025,23.06,2062.0,ZI
2023-04-12 10:20:00,23.03,23.03,23.025,23.025,1211.0,ZI
2023-04-12 10:19:00,23.06,23.06,23.02,23.035,2355.0,ZI
2023-04-12 10:18:00,23.1,23.11,23.05,23.075,7656.0,ZI
2023-04-12 10:17:00,23.14,23.14,23.09,23.1,3866.0,ZI
2023-04-12 10:16:00,23.13,23.15,23.13,23.135,4527.0,ZI
2023-04-12 10:15:00,23.12,23.12,23.1,23.12,2926.0,ZI
2023-04-12 10:14:00,23.11,23.11,23.1,23.11,3331.0,ZI
2023-04-12 10:13:00,23.15,23.15,23.11,23.11,2955.0,ZI
2023-04-12 10:12:00,23.13,23.15,23.13,23.14,3949.0,ZI
2023-04-12 10:11:00,23.11,23.1577,23.11,23.125,4946.0,ZI
2023-04-12 10:10:00,23.12,23.14,23.1,23.1,3873.0,ZI
2023-04-12 10:09:00,23.15,23.15,23.095,23.11,3854.0,ZI
2023-04-12 10:08:00,23.12,23.17,23.12,23.15,7302.0,ZI
2023-04-12 10:07:00,23.06,23.09,23.05,23.09,4513.0,ZI
2023-04-12 10:06:00,23.04,23.04,22.98,23.03,11651.0,ZI
2023-04-12 10:05:00,23.01,23.05,23.01,23.03,6132.0,ZI
2023-04-12 10:04:00,22.99,23.03,22.99,23.005,5253.0,ZI
2023-04-12 10:03:00,22.955,22.98,22.95,22.98,6920.0,ZI
2023-04-12 10:02:00,22.89,22.955,22.89,22.955,34136.0,ZI
2023-04-12 10:01:00,22.97,22.97,22.88,22.88,12655.0,ZI
2023-04-12 10:00:00,22.96,22.965,22.9426,22.96,10615.0,ZI
2023-04-12 09:59:00,22.94,22.955,22.93,22.955,5889.0,ZI
2023-04-12 09:58:00,22.97,22.975,22.92,22.94,7957.0,ZI
2023-04-12 09:57:00,23.005,23.005,22.95,22.96,9985.0,ZI
2023-04-12 09:56:00,23.07,23.07,23.01,23.02,7668.0,ZI
2023-04-12 09:55:00,23.01,23.05,23.0,23.05,5856.0,ZI
2023-04-12 09:54:00,23.03,23.04,23.01,23.02,2276.0,ZI
2023-04-12 09:53:00,23.06,23.06,23.02,23.035,5752.0,ZI
2023-04-12 09:52:00,23.08,23.125,23.0608,23.065,6812.0,ZI
2023-04-12 09:51:00,23.01,23.07,23.0,23.07,13285.0,ZI
2023-04-12 09:50:00,23.01,23.03,22.995,23.01,3896.0,ZI
2023-04-12 09:49:00,22.97,23.02,22.97,23.02,4301.0,ZI
2023-04-12 09:48:00,22.995,22.995,22.97,22.97,8977.0,ZI
2023-04-12 09:47:00,23.09,23.09,22.99,22.99,2674.0,ZI
2023-04-12 09:46:00,23.14,23.17,23.09,23.09,6707.0,ZI
2023-04-12 09:45:00,23.16,23.16,23.1,23.13,8068.0,ZI
2023-04-12 09:44:00,23.29,23.3,23.18,23.18,7067.0,ZI
2023-04-12 09:43:00,23.3,23.35,23.28,23.28,4972.0,ZI
2023-04-12 09:42:00,23.32,23.32,23.3,23.31,1003.0,ZI
2023-04-12 09:41:00,23.44,23.45,23.35,23.35,3531.0,ZI
2023-04-12 09:40:00,23.47,23.48,23.4,23.44,7372.0,ZI
2023-04-12 09:39:00,23.435,23.46,23.41,23.45,3376.0,ZI
2023-04-12 09:38:00,23.44,23.46,23.4,23.41,3808.0,ZI
2023-04-12 09:37:00,23.54,23.54,23.46,23.46,6462.0,ZI
2023-04-12 09:36:00,23.55,23.59,23.51,23.51,12877.0,ZI
2023-04-12 09:35:00,23.67,23.67,23.54,23.54,19798.0,ZI
2023-04-12 09:34:00,23.64,23.67,23.62,23.67,927.0,ZI
2023-04-12 09:33:00,23.59,23.65,23.59,23.65,3823.0,ZI
2023-04-12 09:32:00,23.46,23.62,23.46,23.55,11398.0,ZI
2023-04-12 09:31:00,23.53,23.53,23.41,23.4362,29585.0,ZI
2023-04-12 09:00:00,23.5,23.5,23.45,23.45,1529.0,ZI
2023-04-11 16:01:00,23.04,23.04,23.04,23.04,20358.0,ZI
2023-04-11 16:00:00,23.045,23.06,23.04,23.045,50834.0,ZI
2023-04-11 15:59:00,23.045,23.05,23.04,23.04,14164.0,ZI
2023-04-11 15:58:00,23.035,23.05,23.02,23.045,28015.0,ZI
2023-04-11 15:57:00,23.025,23.045,23.02,23.03,40959.0,ZI
2023-04-11 15:56:00,23.035,23.04,23.01,23.025,22733.0,ZI
2023-04-11 15:55:00,23.04,23.045,23.015,23.035,27430.0,ZI
2023-04-11 15:54:00,23.045,23.05,23.04,23.045,14312.0,ZI
2023-04-11 15:53:00,23.045,23.05,23.04,23.04,11619.0,ZI
2023-04-11 15:52:00,23.05,23.07,23.04,23.04,22984.0,ZI
2023-04-11 15:51:00,23.075,23.075,23.04,23.045,9722.0,ZI
2023-04-11 15:50:00,23.085,23.09,23.07,23.075,14572.0,ZI
2023-04-11 15:49:00,23.045,23.09,23.045,23.08,32335.0,ZI
2023-04-11 15:48:00,23.1,23.105,23.045,23.045,45159.0,ZI
2023-04-11 15:47:00,23.1108,23.115,23.1,23.105,6902.0,ZI
2023-04-11 15:46:00,23.125,23.13,23.115,23.115,11975.0,ZI
2023-04-11 15:45:00,23.13,23.13,23.12,23.13,5399.0,ZI
2023-04-11 15:44:00,23.11,23.14,23.11,23.14,16188.0,ZI
2023-04-11 15:43:00,23.14,23.14,23.115,23.115,17252.0,ZI
2023-04-11 15:42:00,23.125,23.15,23.125,23.145,12923.0,ZI
2023-04-11 15:41:00,23.135,23.135,23.12,23.125,6845.0,ZI
2023-04-11 15:40:00,23.15,23.15,23.13,23.135,8955.0,ZI
2023-04-11 15:39:00,23.18,23.18,23.145,23.145,10422.0,ZI
2023-04-11 15:38:00,23.185,23.19,23.18,23.18,2549.0,ZI
2023-04-11 15:37:00,23.195,23.195,23.17,23.185,6622.0,ZI
2023-04-11 15:36:00,23.195,23.21,23.195,23.2,14177.0,ZI
2023-04-11 15:35:00,23.205,23.205,23.195,23.195,10068.0,ZI
2023-04-11 15:34:00,23.21,23.215,23.205,23.205,5203.0,ZI
2023-04-11 15:33:00,23.22,23.22,23.205,23.205,5295.0,ZI
2023-04-11 15:32:00,23.2,23.229,23.2,23.225,4959.0,ZI
2023-04-11 15:31:00,23.205,23.21,23.185,23.195,8561.0,ZI
2023-04-11 15:30:00,23.2,23.205,23.195,23.205,3391.0,ZI
2023-04-11 15:29:00,23.19,23.195,23.18,23.19,6112.0,ZI
2023-04-11 15:28:00,23.19,23.19,23.18,23.185,2132.0,ZI
2023-04-11 15:27:00,23.2,23.2,23.195,23.195,2485.0,ZI
2023-04-11 15:26:00,23.215,23.215,23.205,23.205,3952.0,ZI
2023-04-11 15:25:00,23.225,23.225,23.215,23.215,3715.0,ZI
2023-04-11 15:24:00,23.205,23.225,23.2,23.22,7587.0,ZI
2023-04-11 15:23:00,23.2,23.205,23.2,23.205,5087.0,ZI
2023-04-11 15:22:00,23.195,23.2,23.195,23.195,2395.0,ZI
2023-04-11 15:21:00,23.205,23.205,23.195,23.195,4618.0,ZI
2023-04-11 15:20:00,23.19,23.21,23.19,23.2,9107.0,ZI
2023-04-11 15:19:00,23.195,23.195,23.195,23.195,737.0,ZI
2023-04-11 15:18:00,23.185,23.205,23.185,23.2,5614.0,ZI
2023-04-11 15:17:00,23.195,23.1977,23.18,23.185,3546.0,ZI
2023-04-11 15:16:00,23.185,23.205,23.185,23.195,5328.0,ZI
2023-04-11 15:15:00,23.18,23.19,23.175,23.19,4880.0,ZI
2023-04-11 15:14:00,23.2,23.205,23.1844,23.185,11330.0,ZI
2023-04-11 15:13:00,23.17,23.2,23.17,23.2,6868.0,ZI
2023-04-11 15:12:00,23.17,23.18,23.165,23.1714,4527.0,ZI
2023-04-11 15:11:00,23.155,23.17,23.15,23.17,3173.0,ZI
2023-04-11 15:10:00,23.155,23.155,23.155,23.155,1150.0,ZI
2023-04-11 15:09:00,23.165,23.165,23.15,23.15,3327.0,ZI
2023-04-11 15:08:00,23.165,23.175,23.165,23.165,5272.0,ZI
2023-04-11 15:07:00,23.175,23.175,23.16,23.16,4759.0,ZI
2023-04-11 15:06:00,23.175,23.18,23.175,23.175,2266.0,ZI
2023-04-11 15:05:00,23.175,23.175,23.17,23.17,1068.0,ZI
2023-04-11 15:04:00,23.175,23.175,23.17,23.175,1150.0,ZI
2023-04-11 15:03:00,23.18,23.18,23.175,23.175,2083.0,ZI
2023-04-11 15:02:00,23.205,23.205,23.18,23.185,6823.0,ZI
2023-04-11 15:01:00,23.205,23.21,23.2,23.205,4692.0,ZI
2023-04-11 15:00:00,23.205,23.205,23.205,23.205,428.0,ZI
2023-04-11 14:59:00,23.19,23.205,23.19,23.205,5376.0,ZI
2023-04-11 14:58:00,23.18,23.2,23.17,23.2,9356.0,ZI
2023-04-11 14:57:00,23.17,23.18,23.17,23.175,1193.0,ZI
2023-04-11 14:56:00,23.17,23.18,23.17,23.175,1486.0,ZI
2023-04-11 14:55:00,23.18,23.18,23.17,23.172,1757.0,ZI
2023-04-11 14:54:00,23.175,23.18,23.175,23.175,1495.0,ZI
2023-04-11 14:53:00,23.19,23.19,23.175,23.175,5061.0,ZI
2023-04-11 14:52:00,23.18,23.195,23.18,23.19,2942.0,ZI
2023-04-11 14:51:00,23.195,23.2,23.165,23.175,17685.0,ZI
2023-04-11 14:50:00,23.19,23.2,23.19,23.195,7018.0,ZI
2023-04-11 14:49:00,23.18,23.18,23.175,23.18,3549.0,ZI
2023-04-11 14:48:00,23.1703,23.185,23.1703,23.185,3997.0,ZI
2023-04-11 14:47:00,23.16,23.18,23.16,23.17,4341.0,ZI
2023-04-11 14:46:00,23.155,23.155,23.155,23.155,768.0,ZI
2023-04-11 14:45:00,23.17,23.17,23.155,23.155,3829.0,ZI
2023-04-11 14:44:00,23.185,23.19,23.1701,23.1701,4972.0,ZI
2023-04-11 14:43:00,23.17,23.185,23.17,23.185,2045.0,ZI
2023-04-11 14:42:00,23.18,23.185,23.165,23.165,7616.0,ZI
2023-04-11 14:41:00,23.165,23.185,23.165,23.185,6115.0,ZI
2023-04-11 14:40:00,23.17,23.17,23.165,23.165,1315.0,ZI
2023-04-11 14:39:00,23.165,23.165,23.1617,23.1617,1290.0,ZI
2023-04-11 14:38:00,23.165,23.165,23.145,23.16,7838.0,ZI
2023-04-11 14:37:00,23.16,23.165,23.16,23.165,810.0,ZI
2023-04-11 14:36:00,23.145,23.16,23.145,23.15,2872.0,ZI
2023-04-11 14:35:00,23.14,23.15,23.14,23.15,2470.0,ZI
2023-04-11 14:34:00,23.14,23.15,23.125,23.15,4846.0,ZI
2023-04-11 14:33:00,23.17,23.17,23.15,23.15,5725.0,ZI
2023-04-11 14:32:00,23.15,23.18,23.15,23.18,5015.0,ZI
2023-04-11 14:31:00,23.145,23.15,23.14,23.145,3116.0,ZI
2023-04-11 14:30:00,23.14,23.15,23.135,23.14,4333.0,ZI
2023-04-11 14:29:00,23.11,23.125,23.11,23.125,1808.0,ZI
2023-04-11 14:28:00,23.09,23.13,23.09,23.115,4185.0,ZI
2023-04-11 14:27:00,23.08,23.085,23.07,23.085,1552.0,ZI
2023-04-11 14:26:00,23.07,23.085,23.07,23.085,3505.0,ZI
2023-04-11 14:25:00,23.08,23.08,23.055,23.07,15998.0,ZI
2023-04-11 14:24:00,23.08,23.085,23.08,23.085,1405.0,ZI
2023-04-11 14:23:00,23.13,23.13,23.0836,23.0836,4561.0,ZI
2023-04-11 14:22:00,23.1,23.135,23.1,23.13,6441.0,ZI
2023-04-11 14:21:00,23.125,23.15,23.09,23.095,28735.0,ZI
2023-04-11 14:20:00,23.14,23.145,23.125,23.125,6409.0,ZI
2023-04-11 14:19:00,23.12,23.15,23.115,23.145,5192.0,ZI
2023-04-11 14:18:00,23.07,23.12,23.07,23.12,4982.0,ZI
2023-04-11 14:17:00,23.035,23.075,23.03,23.075,6616.0,ZI
2023-04-11 14:16:00,23.025,23.04,23.02,23.035,84516.0,ZI
2023-04-11 14:15:00,23.03,23.03,23.02,23.025,6173.0,ZI
2023-04-11 14:14:00,23.07,23.07,23.0,23.03,65523.0,ZI
2023-04-11 14:13:00,23.05,23.05,23.05,23.05,1167.0,ZI
2023-04-11 14:12:00,23.05,23.06,23.03,23.04,18604.0,ZI
2023-04-11 14:11:00,23.08,23.085,23.03,23.05,28502.0,ZI
2023-04-11 14:10:00,23.075,23.105,23.075,23.08,10378.0,ZI
2023-04-11 14:09:00,23.05,23.075,23.025,23.075,25812.0,ZI
2023-04-11 14:08:00,23.1,23.11,23.05,23.055,22141.0,ZI
2023-04-11 14:07:00,23.09,23.1,23.09,23.095,854.0,ZI
2023-04-11 14:06:00,23.115,23.115,23.095,23.095,6374.0,ZI
2023-04-11 14:05:00,23.12,23.12,23.105,23.115,3534.0,ZI
2023-04-11 14:04:00,23.135,23.14,23.12,23.12,3489.0,ZI
2023-04-11 14:03:00,23.135,23.15,23.135,23.135,5538.0,ZI
2023-04-11 14:02:00,23.14,23.14,23.13,23.13,2970.0,ZI
2023-04-11 14:01:00,23.165,23.17,23.145,23.15,8715.0,ZI
2023-04-11 14:00:00,23.17,23.1899,23.16,23.16,10711.0,ZI
2023-04-11 13:59:00,23.17,23.17,23.16,23.16,2728.0,ZI
2023-04-11 13:58:00,23.19,23.205,23.18,23.18,7692.0,ZI
2023-04-11 13:57:00,23.22,23.25,23.165,23.18,34481.0,ZI
2023-04-11 13:56:00,23.25,23.265,23.2,23.22,142603.0,ZI
2023-04-11 13:55:00,23.22,23.25,23.215,23.245,10707.0,ZI
2023-04-11 13:54:00,23.25,23.25,23.22,23.22,11020.0,ZI
2023-04-11 13:53:00,23.25,23.255,23.24,23.24,2384.0,ZI
2023-04-11 13:52:00,23.255,23.265,23.25,23.25,4090.0,ZI
2023-04-11 13:51:00,23.27,23.29,23.251,23.255,5632.0,ZI
2023-04-11 13:50:00,23.255,23.27,23.2528,23.27,1429.0,ZI
2023-04-11 13:49:00,23.25,23.255,23.25,23.255,705.0,ZI
2023-04-11 13:48:00,23.225,23.245,23.225,23.245,4499.0,ZI
2023-04-11 13:47:00,23.215,23.22,23.215,23.22,293.0,ZI
2023-04-11 13:46:00,23.205,23.215,23.205,23.215,2067.0,ZI
2023-04-11 13:45:00,23.24,23.25,23.17,23.2,23116.0,ZI
2023-04-11 13:44:00,23.24,23.24,23.235,23.235,493.0,ZI
2023-04-11 13:43:00,23.23,23.24,23.23,23.24,2348.0,ZI
2023-04-11 13:41:00,23.225,23.23,23.2241,23.23,1184.0,ZI
2023-04-11 13:40:00,23.22,23.23,23.219,23.219,2485.0,ZI
2023-04-11 13:39:00,23.23,23.23,23.22,23.22,2354.0,ZI
2023-04-11 13:38:00,23.255,23.265,23.24,23.245,5749.0,ZI
2023-04-11 13:37:00,23.22,23.25,23.22,23.25,2553.0,ZI
2023-04-11 13:36:00,23.215,23.22,23.21,23.215,6250.0,ZI
2023-04-11 13:35:00,23.215,23.22,23.215,23.215,593.0,ZI
2023-04-11 13:34:00,23.215,23.215,23.215,23.215,376.0,ZI
2023-04-11 13:33:00,23.22,23.22,23.215,23.215,1360.0,ZI
2023-04-11 13:32:00,23.21,23.215,23.21,23.21,1897.0,ZI
2023-04-11 13:31:00,23.195,23.21,23.19,23.21,3774.0,ZI
2023-04-11 13:30:00,23.17,23.19,23.17,23.19,3942.0,ZI
2023-04-11 13:29:00,23.165,23.17,23.165,23.165,1053.0,ZI
2023-04-11 13:28:00,23.17,23.17,23.16,23.16,365.0,ZI
2023-04-11 13:27:00,23.14,23.155,23.14,23.155,2172.0,ZI
2023-04-11 13:26:00,23.135,23.14,23.13,23.14,1131.0,ZI
2023-04-11 13:25:00,23.12,23.13,23.12,23.13,1569.0,ZI
2023-04-11 13:24:00,23.115,23.115,23.115,23.115,617.0,ZI
2023-04-11 13:23:00,23.115,23.115,23.115,23.115,358.0,ZI
2023-04-11 13:22:00,23.1,23.1,23.1,23.1,1438.0,ZI
2023-04-11 13:21:00,23.115,23.115,23.1,23.11,2958.0,ZI
2023-04-11 13:20:00,23.11,23.115,23.105,23.115,1922.0,ZI
2023-04-11 13:19:00,23.09,23.095,23.09,23.095,688.0,ZI
2023-04-11 13:18:00,23.095,23.105,23.095,23.1,2370.0,ZI
2023-04-11 13:16:00,23.07,23.085,23.07,23.085,2437.0,ZI
2023-04-11 13:15:00,23.09,23.09,23.065,23.065,1642.0,ZI
2023-04-11 13:14:00,23.12,23.12,23.095,23.095,3238.0,ZI
2023-04-11 13:13:00,23.12,23.13,23.12,23.13,2429.0,ZI
2023-04-11 13:12:00,23.125,23.125,23.12,23.12,1872.0,ZI
2023-04-11 13:11:00,23.125,23.13,23.125,23.1283,938.0,ZI
2023-04-11 13:10:00,23.13,23.13,23.12,23.12,656.0,ZI
2023-04-11 13:09:00,23.125,23.125,23.105,23.12,1135.0,ZI
2023-04-11 13:08:00,23.11,23.11,23.1,23.1,1855.0,ZI
2023-04-11 13:07:00,23.1,23.115,23.1,23.115,959.0,ZI
2023-04-11 13:06:00,23.11,23.115,23.1,23.1,2743.0,ZI
2023-04-11 13:05:00,23.1,23.105,23.09,23.105,1545.0,ZI
2023-04-11 13:04:00,23.11,23.11,23.105,23.105,3040.0,ZI
2023-04-11 13:03:00,23.12,23.12,23.115,23.115,762.0,ZI
2023-04-11 13:02:00,23.135,23.135,23.11,23.12,1975.0,ZI
2023-04-11 13:01:00,23.13,23.135,23.13,23.135,2001.0,ZI
2023-04-11 13:00:00,23.145,23.145,23.11,23.11,3053.0,ZI
2023-04-11 12:59:00,23.125,23.14,23.125,23.14,1059.0,ZI
2023-04-11 12:58:00,23.095,23.12,23.095,23.12,1610.0,ZI
2023-04-11 12:57:00,23.1001,23.105,23.0901,23.0901,8929.0,ZI
2023-04-11 12:56:00,23.125,23.125,23.11,23.11,3618.0,ZI
2023-04-11 12:55:00,23.12,23.12,23.12,23.12,368.0,ZI
2023-04-11 12:54:00,23.12,23.125,23.12,23.125,765.0,ZI
2023-04-11 12:53:00,23.115,23.125,23.115,23.115,3124.0,ZI
2023-04-11 12:52:00,23.11,23.12,23.11,23.115,1912.0,ZI
2023-04-11 12:51:00,23.105,23.105,23.1,23.1,844.0,ZI
2023-04-11 12:50:00,23.095,23.105,23.09,23.1,6388.0,ZI
2023-04-11 12:49:00,23.0979,23.0979,23.09,23.09,1345.0,ZI
2023-04-11 12:48:00,23.1,23.1,23.1,23.1,557.0,ZI
2023-04-11 12:47:00,23.11,23.115,23.1,23.1,2046.0,ZI
2023-04-11 12:46:00,23.1,23.11,23.1,23.105,1782.0,ZI
2023-04-11 12:45:00,23.1,23.1,23.095,23.095,2619.0,ZI
2023-04-11 12:44:00,23.08,23.1,23.075,23.1,3868.0,ZI
2023-04-11 12:43:00,23.1,23.105,23.0793,23.0793,3251.0,ZI
2023-04-11 12:42:00,23.09,23.1,23.09,23.0901,1800.0,ZI
2023-04-11 12:41:00,23.14,23.14,23.08,23.08,5700.0,ZI
2023-04-11 12:40:00,23.145,23.145,23.135,23.135,8530.0,ZI
2023-04-11 12:39:00,23.15,23.15,23.15,23.15,2049.0,ZI
2023-04-11 12:38:00,23.14,23.145,23.14,23.145,1623.0,ZI
2023-04-11 12:37:00,23.17,23.17,23.14,23.14,4279.0,ZI
2023-04-11 12:36:00,23.19,23.195,23.17,23.17,5044.0,ZI
2023-04-11 12:35:00,23.205,23.205,23.19,23.19,1285.0,ZI
2023-04-11 12:34:00,23.24,23.245,23.23,23.23,2112.0,ZI
2023-04-11 12:33:00,23.25,23.25,23.24,23.24,5391.0,ZI
2023-04-11 12:32:00,23.245,23.2486,23.23,23.235,2154.0,ZI
2023-04-11 12:31:00,23.265,23.265,23.24,23.245,4011.0,ZI
2023-04-11 12:30:00,23.245,23.255,23.245,23.255,1723.0,ZI
2023-04-11 12:29:00,23.245,23.245,23.245,23.245,393.0,ZI
2023-04-11 12:28:00,23.24,23.25,23.24,23.24,1281.0,ZI
2023-04-11 12:27:00,23.21,23.24,23.21,23.24,2512.0,ZI
2023-04-11 12:26:00,23.235,23.235,23.21,23.21,5149.0,ZI
2023-04-11 12:25:00,23.2,23.23,23.2,23.23,4508.0,ZI
2023-04-11 12:24:00,23.21,23.21,23.21,23.21,1070.0,ZI
2023-04-11 12:23:00,23.22,23.225,23.215,23.215,1166.0,ZI
2023-04-11 12:22:00,23.24,23.24,23.22,23.22,1961.0,ZI
2023-04-11 12:21:00,23.215,23.245,23.215,23.24,7139.0,ZI
2023-04-11 12:20:00,23.205,23.205,23.185,23.2,2588.0,ZI
2023-04-11 12:19:00,23.185,23.21,23.175,23.21,2433.0,ZI
2023-04-11 12:18:00,23.18,23.185,23.18,23.18,2422.0,ZI
2023-04-11 12:17:00,23.19,23.19,23.165,23.19,3250.0,ZI
2023-04-11 12:16:00,23.235,23.235,23.18,23.18,3587.0,ZI
2023-04-11 12:15:00,23.23,23.23,23.23,23.23,1933.0,ZI
2023-04-11 12:14:00,23.245,23.245,23.23,23.23,2592.0,ZI
2023-04-11 12:13:00,23.23,23.245,23.23,23.24,1917.0,ZI
2023-04-11 12:12:00,23.19,23.225,23.19,23.22,1893.0,ZI
2023-04-11 12:11:00,23.185,23.185,23.18,23.18,2118.0,ZI
2023-04-11 12:10:00,23.18,23.18,23.18,23.18,689.0,ZI
2023-04-11 12:09:00,23.18,23.19,23.18,23.19,492.0,ZI
2023-04-11 12:08:00,23.15,23.1709,23.15,23.17,5407.0,ZI
2023-04-11 12:07:00,23.15,23.15,23.15,23.15,1443.0,ZI
2023-04-11 12:06:00,23.15,23.15,23.14,23.15,3454.0,ZI
2023-04-11 12:05:00,23.125,23.14,23.12,23.14,2937.0,ZI
2023-04-11 12:04:00,23.12,23.125,23.11,23.125,1835.0,ZI
2023-04-11 12:03:00,23.09,23.11,23.09,23.11,3036.0,ZI
2023-04-11 12:02:00,23.07,23.09,23.07,23.09,756.0,ZI
2023-04-11 12:01:00,23.075,23.075,23.065,23.07,1718.0,ZI
2023-04-11 12:00:00,23.07,23.08,23.055,23.06,6260.0,ZI
2023-04-11 11:59:00,23.08,23.08,23.07,23.07,2043.0,ZI
2023-04-11 11:58:00,23.04,23.06,23.035,23.06,3046.0,ZI
2023-04-11 11:57:00,23.055,23.055,23.03,23.035,2864.0,ZI
2023-04-11 11:56:00,23.065,23.065,23.04,23.05,5262.0,ZI
2023-04-11 11:55:00,23.07,23.07,23.0647,23.0647,3554.0,ZI
2023-04-11 11:54:00,23.055,23.075,23.055,23.07,1371.0,ZI
2023-04-11 11:53:00,23.06,23.07,23.055,23.055,3482.0,ZI
2023-04-11 11:52:00,23.075,23.075,23.055,23.055,2631.0,ZI
2023-04-11 11:51:00,23.075,23.075,23.07,23.075,910.0,ZI
2023-04-11 11:50:00,23.09,23.095,23.07,23.07,6282.0,ZI
2023-04-11 11:49:00,23.06,23.09,23.06,23.085,2744.0,ZI
2023-04-11 11:48:00,23.015,23.045,23.015,23.045,1034.0,ZI
2023-04-11 11:47:00,23.01,23.045,23.01,23.03,6995.0,ZI
2023-04-11 11:46:00,22.995,23.005,22.99,23.0,6191.0,ZI
2023-04-11 11:45:00,22.985,23.0,22.98,22.995,1728.0,ZI
2023-04-11 11:44:00,22.99,22.995,22.98,22.98,3523.0,ZI
2023-04-11 11:43:00,22.98,22.985,22.97,22.9808,6877.0,ZI
2023-04-11 11:42:00,22.96,22.985,22.96,22.975,8815.0,ZI
2023-04-11 11:41:00,22.99,22.995,22.96,22.985,7225.0,ZI
2023-04-11 11:40:00,22.965,22.985,22.965,22.985,4139.0,ZI
2023-04-11 11:39:00,22.98,22.98,22.955,22.97,4117.0,ZI
2023-04-11 11:38:00,23.0,23.0,22.98,22.98,6976.0,ZI
2023-04-11 11:37:00,22.99,23.0,22.975,23.0,12575.0,ZI
2023-04-11 11:36:00,23.01,23.015,22.99,22.99,5927.0,ZI
2023-04-11 11:35:00,23.065,23.065,23.02,23.02,9698.0,ZI
2023-04-11 11:34:00,23.07,23.07,23.07,23.07,693.0,ZI
2023-04-11 11:33:00,23.07,23.08,23.07,23.07,3131.0,ZI
2023-04-11 11:32:00,23.06,23.065,23.055,23.065,4434.0,ZI
2023-04-11 11:31:00,23.055,23.075,23.055,23.07,5188.0,ZI
2023-04-11 11:30:00,23.075,23.075,23.055,23.055,2995.0,ZI
2023-04-11 11:29:00,23.06,23.075,23.06,23.075,3323.0,ZI
2023-04-11 11:28:00,23.09,23.095,23.06,23.06,3070.0,ZI
2023-04-11 11:27:00,23.095,23.095,23.07,23.085,10363.0,ZI
2023-04-11 11:26:00,23.125,23.125,23.09,23.09,5457.0,ZI
2023-04-11 11:25:00,23.12,23.125,23.12,23.125,1878.0,ZI
2023-04-11 11:24:00,23.12,23.12,23.12,23.12,512.0,ZI
2023-04-11 11:23:00,23.125,23.125,23.115,23.115,2568.0,ZI
2023-04-11 11:22:00,23.1,23.125,23.1,23.12,835.0,ZI
2023-04-11 11:21:00,23.105,23.105,23.09,23.09,4135.0,ZI
2023-04-11 11:20:00,23.095,23.1,23.095,23.1,1182.0,ZI
2023-04-11 11:19:00,23.095,23.1,23.095,23.095,1471.0,ZI
2023-04-11 11:18:00,23.095,23.095,23.08,23.085,3843.0,ZI
2023-04-11 11:17:00,23.065,23.1,23.065,23.1,2380.0,ZI
2023-04-11 11:16:00,23.045,23.075,23.045,23.07,2400.0,ZI
2023-04-11 11:15:00,23.0274,23.04,23.0274,23.04,1151.0,ZI
2023-04-11 11:14:00,23.02,23.03,23.015,23.015,2611.0,ZI
2023-04-11 11:13:00,23.0,23.02,22.995,23.02,3501.0,ZI
2023-04-11 11:12:00,23.005,23.01,22.995,23.005,3409.0,ZI
2023-04-11 11:11:00,23.005,23.015,23.0,23.005,4148.0,ZI
2023-04-11 11:10:00,23.01,23.01,22.995,23.0021,4586.0,ZI
2023-04-11 11:09:00,23.02,23.02,23.01,23.01,4750.0,ZI
2023-04-11 11:08:00,23.03,23.04,23.03,23.03,3207.0,ZI
2023-04-11 11:07:00,23.02,23.025,23.02,23.025,509.0,ZI
2023-04-11 11:06:00,23.0,23.02,23.0,23.02,2316.0,ZI
2023-04-11 11:05:00,23.015,23.015,22.995,23.0,1050.0,ZI
2023-04-11 11:04:00,23.0,23.01,22.985,23.005,4387.0,ZI
2023-04-11 11:03:00,23.02,23.03,23.02,23.02,2880.0,ZI
2023-04-11 11:02:00,23.01,23.04,23.005,23.01,7899.0,ZI
2023-04-11 11:01:00,23.01,23.01,23.0,23.01,3716.0,ZI
2023-04-11 11:00:00,22.99,23.01,22.99,23.01,2288.0,ZI
2023-04-11 10:59:00,23.0,23.01,22.99,22.99,7389.0,ZI
2023-04-11 10:58:00,23.01,23.015,23.0,23.0,6473.0,ZI
2023-04-11 10:57:00,23.03,23.03,23.005,23.005,2316.0,ZI
2023-04-11 10:56:00,23.04,23.04,23.015,23.02,4373.0,ZI
2023-04-11 10:55:00,23.06,23.06,23.04,23.04,3635.0,ZI
2023-04-11 10:54:00,23.055,23.055,23.0489,23.05,1455.0,ZI
2023-04-11 10:53:00,23.07,23.07,23.04,23.05,7520.0,ZI
2023-04-11 10:52:00,23.08,23.08,23.065,23.07,3550.0,ZI
2023-04-11 10:51:00,23.07,23.085,23.07,23.085,2261.0,ZI
2023-04-11 10:50:00,23.085,23.09,23.07,23.07,5605.0,ZI
2023-04-11 10:49:00,23.065,23.08,23.065,23.08,957.0,ZI
2023-04-11 10:48:00,23.0,23.05,23.0,23.05,29171.0,ZI
2023-04-11 10:47:00,23.045,23.045,23.01,23.01,3930.0,ZI
2023-04-11 10:46:00,23.06,23.065,23.0403,23.045,2702.0,ZI
2023-04-11 10:45:00,23.09,23.09,23.065,23.07,1212.0,ZI
2023-04-11 10:44:00,23.12,23.12,23.1,23.11,5371.0,ZI
2023-04-11 10:43:00,23.17,23.17,23.12,23.12,2792.0,ZI
2023-04-11 10:42:00,23.16,23.17,23.155,23.16,2157.0,ZI
2023-04-11 10:41:00,23.13,23.18,23.13,23.16,4279.0,ZI
2023-04-11 10:40:00,23.17,23.17,23.13,23.13,2830.0,ZI
2023-04-11 10:39:00,23.155,23.19,23.155,23.18,5278.0,ZI
2023-04-11 10:38:00,23.15,23.155,23.14,23.15,5583.0,ZI
2023-04-11 10:37:00,23.2,23.21,23.15,23.15,6691.0,ZI
2023-04-11 10:36:00,23.205,23.21,23.19,23.2,6391.0,ZI
2023-04-11 10:35:00,23.25,23.25,23.2,23.2,3652.0,ZI
2023-04-11 10:34:00,23.235,23.255,23.23,23.25,1710.0,ZI
2023-04-11 10:33:00,23.245,23.255,23.219,23.22,3855.0,ZI
2023-04-11 10:32:00,23.26,23.26,23.24,23.24,3313.0,ZI
2023-04-11 10:31:00,23.225,23.26,23.225,23.26,7365.0,ZI
2023-04-11 10:30:00,23.24,23.24,23.225,23.225,2941.0,ZI
2023-04-11 10:29:00,23.22,23.22,23.205,23.215,2661.0,ZI
2023-04-11 10:28:00,23.23,23.25,23.22,23.22,3129.0,ZI
2023-04-11 10:27:00,23.259,23.26,23.24,23.24,5093.0,ZI
2023-04-11 10:26:00,23.275,23.29,23.255,23.255,4416.0,ZI
2023-04-11 10:25:00,23.26,23.285,23.26,23.275,4114.0,ZI
2023-04-11 10:24:00,23.19,23.25,23.19,23.25,2694.0,ZI
2023-04-11 10:23:00,23.19,23.2,23.18,23.18,11386.0,ZI
2023-04-11 10:22:00,23.165,23.19,23.16,23.19,1484.0,ZI
2023-04-11 10:21:00,23.165,23.185,23.165,23.17,6325.0,ZI
2023-04-11 10:20:00,23.2,23.2,23.16,23.16,4437.0,ZI
2023-04-11 10:19:00,23.2015,23.21,23.18,23.2,5991.0,ZI
2023-04-11 10:18:00,23.27,23.27,23.21,23.21,5054.0,ZI
2023-04-11 10:17:00,23.29,23.295,23.28,23.28,2496.0,ZI
2023-04-11 10:16:00,23.27,23.285,23.255,23.27,4624.0,ZI
2023-04-11 10:15:00,23.29,23.3001,23.27,23.27,3318.0,ZI
2023-04-11 10:14:00,23.24,23.28,23.24,23.28,3422.0,ZI
2023-04-11 10:13:00,23.27,23.28,23.25,23.26,5231.0,ZI
2023-04-11 10:12:00,23.27,23.28,23.25,23.27,4754.0,ZI
2023-04-11 10:11:00,23.31,23.32,23.28,23.28,4881.0,ZI
2023-04-11 10:10:00,23.27,23.3,23.27,23.3,2859.0,ZI
2023-04-11 10:09:00,23.25,23.27,23.24,23.27,6135.0,ZI
2023-04-11 10:08:00,23.25,23.27,23.25,23.255,4195.0,ZI
2023-04-11 10:07:00,23.23,23.25,23.23,23.23,4522.0,ZI
2023-04-11 10:06:00,23.25,23.25,23.225,23.225,2242.0,ZI
2023-04-11 10:05:00,23.255,23.26,23.245,23.255,7931.0,ZI
2023-04-11 10:04:00,23.22,23.25,23.22,23.24,4165.0,ZI
2023-04-11 10:03:00,23.24,23.24,23.22,23.22,2488.0,ZI
2023-04-11 10:02:00,23.23,23.24,23.2,23.21,8877.0,ZI
2023-04-11 10:01:00,23.195,23.24,23.195,23.225,5072.0,ZI
2023-04-11 10:00:00,23.23,23.23,23.165,23.195,3189.0,ZI
2023-04-11 09:59:00,23.235,23.25,23.225,23.25,2881.0,ZI
2023-04-11 09:58:00,23.235,23.24,23.215,23.225,4067.0,ZI
2023-04-11 09:57:00,23.19,23.24,23.19,23.24,2632.0,ZI
2023-04-11 09:56:00,23.175,23.2,23.17,23.185,4554.0,ZI
2023-04-11 09:55:00,23.155,23.18,23.155,23.18,6691.0,ZI
2023-04-11 09:54:00,23.19,23.195,23.15,23.15,6221.0,ZI
2023-04-11 09:53:00,23.23,23.25,23.19,23.19,9103.0,ZI
2023-04-11 09:52:00,23.18,23.195,23.175,23.19,1770.0,ZI
2023-04-11 09:51:00,23.125,23.17,23.125,23.17,5357.0,ZI
2023-04-11 09:50:00,23.16,23.19,23.12,23.12,9854.0,ZI
2023-04-11 09:49:00,23.135,23.16,23.135,23.14,2614.0,ZI
2023-04-11 09:48:00,23.09,23.12,23.085,23.12,4722.0,ZI
2023-04-11 09:47:00,23.12,23.12,23.07,23.09,6988.0,ZI
2023-04-11 09:46:00,23.085,23.12,23.075,23.12,9132.0,ZI
2023-04-11 09:45:00,23.08,23.12,23.065,23.085,13956.0,ZI
2023-04-11 09:44:00,23.01,23.09,23.01,23.05,8643.0,ZI
2023-04-11 09:43:00,23.05,23.05,22.99,23.01,12161.0,ZI
2023-04-11 09:42:00,23.09,23.09,23.0516,23.0516,3732.0,ZI
2023-04-11 09:41:00,23.095,23.12,23.065,23.1,7852.0,ZI
2023-04-11 09:40:00,23.11,23.11,23.08,23.095,5126.0,ZI
2023-04-11 09:39:00,23.155,23.18,23.12,23.12,7465.0,ZI
2023-04-11 09:38:00,23.2,23.21,23.15,23.16,4081.0,ZI
2023-04-11 09:37:00,23.24,23.25,23.19,23.19,4770.0,ZI
2023-04-11 09:36:00,23.255,23.28,23.23,23.23,2621.0,ZI
2023-04-11 09:35:00,23.23,23.26,23.23,23.24,2235.0,ZI
2023-04-11 09:34:00,23.2,23.26,23.2,23.24,2735.0,ZI
2023-04-11 09:33:00,23.1599,23.19,23.1599,23.16,1179.0,ZI
2023-04-11 09:32:00,23.2,23.21,23.145,23.145,5277.0,ZI
2023-04-11 09:31:00,23.12,23.19,23.07,23.18,18314.0,ZI
2023-04-11 09:30:00,23.1,23.12,23.1,23.12,490.0,ZI
2023-04-11 09:00:00,22.95,22.95,22.95,22.95,369.0,ZI
2023-04-11 08:58:00,22.93,22.95,22.91,22.91,2252.0,ZI
2023-04-11 08:44:00,22.91,22.91,22.91,22.91,200.0,ZI
2023-04-11 08:40:00,22.96,22.96,22.94,22.96,1402.0,ZI
2023-04-11 08:38:00,22.94,22.94,22.94,22.94,390.0,ZI
2023-04-10 16:01:00,23.08,23.08,23.08,23.08,22614.0,ZI
2023-04-10 16:00:00,23.075,23.1,23.07,23.08,42188.0,ZI
2023-04-10 15:59:00,23.09,23.09,23.07,23.075,26279.0,ZI
2023-04-10 15:58:00,23.075,23.09,23.07,23.085,21229.0,ZI
2023-04-10 15:57:00,23.065,23.08,23.06,23.08,15282.0,ZI
2023-04-10 15:56:00,23.065,23.075,23.06,23.065,9357.0,ZI
2023-04-10 15:55:00,23.04,23.075,23.04,23.06,19193.0,ZI
2023-04-10 15:54:00,23.06,23.065,23.045,23.045,10487.0,ZI
2023-04-10 15:53:00,23.06,23.08,23.06,23.06,12276.0,ZI
2023-04-10 15:52:00,23.075,23.075,23.045,23.055,16428.0,ZI
2023-04-10 15:51:00,23.075,23.09,23.055,23.075,24835.0,ZI
2023-04-10 15:50:00,23.055,23.08,23.05,23.08,16339.0,ZI
2023-04-10 15:49:00,23.055,23.055,23.05,23.05,1759.0,ZI
2023-04-10 15:48:00,23.05,23.06,23.05,23.055,7810.0,ZI
2023-04-10 15:47:00,23.055,23.065,23.04,23.05,14737.0,ZI
2023-04-10 15:46:00,23.03,23.06,23.02,23.055,16977.0,ZI
2023-04-10 15:45:00,23.04,23.055,23.03,23.03,20645.0,ZI
2023-04-10 15:44:00,23.04,23.045,23.04,23.045,2061.0,ZI
2023-04-10 15:43:00,23.045,23.05,23.04,23.04,3516.0,ZI
2023-04-10 15:42:00,23.055,23.06,23.04,23.045,5021.0,ZI
2023-04-10 15:41:00,23.065,23.065,23.05,23.055,12275.0,ZI
2023-04-10 15:40:00,23.055,23.07,23.055,23.065,6804.0,ZI
2023-04-10 15:39:00,23.055,23.065,23.055,23.055,3385.0,ZI
2023-04-10 15:38:00,23.05,23.055,23.04,23.05,5332.0,ZI
2023-04-10 15:37:00,23.055,23.06,23.045,23.045,4143.0,ZI
2023-04-10 15:36:00,23.06,23.065,23.05,23.055,4930.0,ZI
2023-04-10 15:35:00,23.06,23.065,23.053,23.055,4328.0,ZI
2023-04-10 15:34:00,23.06,23.065,23.06,23.065,1289.0,ZI
2023-04-10 15:33:00,23.08,23.085,23.055,23.06,5273.0,ZI
2023-04-10 15:32:00,23.065,23.08,23.06,23.075,6953.0,ZI
2023-04-10 15:31:00,23.07,23.075,23.05,23.06,8109.0,ZI
2023-04-10 15:30:00,23.075,23.075,23.06,23.065,2225.0,ZI
2023-04-10 15:29:00,23.08,23.08,23.07,23.075,2569.0,ZI
2023-04-10 15:28:00,23.06,23.08,23.055,23.08,8075.0,ZI
2023-04-10 15:27:00,23.07,23.07,23.06,23.06,2602.0,ZI
2023-04-10 15:26:00,23.08,23.08,23.07,23.075,2063.0,ZI
2023-04-10 15:25:00,23.095,23.095,23.08,23.08,5244.0,ZI
2023-04-10 15:24:00,23.1,23.1,23.095,23.095,2025.0,ZI
2023-04-10 15:23:00,23.105,23.11,23.095,23.1,2917.0,ZI
2023-04-10 15:22:00,23.1,23.105,23.095,23.105,6011.0,ZI
2023-04-10 15:21:00,23.0703,23.0991,23.0703,23.09,10044.0,ZI
2023-04-10 15:20:00,23.05,23.07,23.05,23.07,5040.0,ZI
2023-04-10 15:19:00,23.035,23.055,23.03,23.045,5811.0,ZI
2023-04-10 15:18:00,23.035,23.04,23.03,23.035,2573.0,ZI
2023-04-10 15:17:00,23.055,23.055,23.035,23.035,3576.0,ZI
2023-04-10 15:16:00,23.045,23.055,23.04,23.055,4435.0,ZI
2023-04-10 15:15:00,23.05,23.05,23.035,23.04,5739.0,ZI
2023-04-10 15:14:00,23.04,23.055,23.04,23.045,3519.0,ZI
2023-04-10 15:13:00,23.035,23.05,23.03,23.035,4020.0,ZI
2023-04-10 15:12:00,23.05,23.05,23.035,23.035,3699.0,ZI
2023-04-10 15:11:00,23.055,23.055,23.04,23.055,6736.0,ZI
2023-04-10 15:10:00,23.06,23.065,23.055,23.055,6158.0,ZI
2023-04-10 15:09:00,23.08,23.085,23.06,23.06,2125.0,ZI
2023-04-10 15:08:00,23.07,23.08,23.055,23.08,4344.0,ZI
2023-04-10 15:07:00,23.085,23.085,23.0737,23.0737,3544.0,ZI
2023-04-10 15:06:00,23.07,23.095,23.07,23.08,2943.0,ZI
2023-04-10 15:05:00,23.055,23.07,23.055,23.065,6288.0,ZI
2023-04-10 15:04:00,23.08,23.08,23.05,23.05,4501.0,ZI
2023-04-10 15:03:00,23.11,23.11,23.085,23.085,3506.0,ZI
2023-04-10 15:02:00,23.105,23.115,23.105,23.11,7730.0,ZI
2023-04-10 15:01:00,23.105,23.11,23.1,23.1,3285.0,ZI
2023-04-10 15:00:00,23.1,23.115,23.1,23.105,6782.0,ZI
2023-04-10 14:59:00,23.105,23.105,23.1,23.105,1713.0,ZI
2023-04-10 14:58:00,23.105,23.105,23.1,23.1,695.0,ZI
2023-04-10 14:57:00,23.13,23.145,23.1,23.1,13040.0,ZI
2023-04-10 14:56:00,23.135,23.135,23.135,23.135,643.0,ZI
2023-04-10 14:55:00,23.13,23.135,23.13,23.135,3553.0,ZI
2023-04-10 14:54:00,23.125,23.14,23.125,23.13,3393.0,ZI
2023-04-10 14:53:00,23.13,23.13,23.12,23.125,696.0,ZI
2023-04-10 14:52:00,23.1,23.13,23.1,23.13,3065.0,ZI
2023-04-10 14:51:00,23.05,23.095,23.05,23.09,7311.0,ZI
2023-04-10 14:50:00,23.04,23.045,23.04,23.04,1962.0,ZI
2023-04-10 14:49:00,23.035,23.045,23.035,23.04,3042.0,ZI
2023-04-10 14:48:00,23.045,23.045,23.04,23.04,2373.0,ZI
2023-04-10 14:47:00,23.05,23.05,23.04,23.04,719.0,ZI
2023-04-10 14:46:00,23.03,23.045,23.03,23.04,3162.0,ZI
2023-04-10 14:45:00,23.04,23.04,23.03,23.03,1942.0,ZI
2023-04-10 14:44:00,23.045,23.05,23.04,23.04,2052.0,ZI
2023-04-10 14:43:00,23.055,23.055,23.05,23.05,1829.0,ZI
2023-04-10 14:42:00,23.065,23.065,23.035,23.055,8515.0,ZI
2023-04-10 14:41:00,23.07,23.07,23.0643,23.0643,1597.0,ZI
2023-04-10 14:40:00,23.065,23.075,23.065,23.07,2619.0,ZI
2023-04-10 14:39:00,23.07,23.07,23.06,23.06,3358.0,ZI
2023-04-10 14:38:00,23.08,23.08,23.075,23.075,2692.0,ZI
2023-04-10 14:37:00,23.085,23.085,23.08,23.08,2611.0,ZI
2023-04-10 14:36:00,23.075,23.08,23.065,23.08,3757.0,ZI
2023-04-10 14:35:00,23.065,23.075,23.065,23.075,1999.0,ZI
2023-04-10 14:34:00,23.045,23.065,23.045,23.065,3127.0,ZI
2023-04-10 14:33:00,23.045,23.0452,23.045,23.045,2017.0,ZI
2023-04-10 14:32:00,23.035,23.055,23.035,23.04,3761.0,ZI
2023-04-10 14:31:00,23.02,23.035,23.02,23.03,2211.0,ZI
2023-04-10 14:30:00,23.005,23.035,23.0,23.025,7660.0,ZI
2023-04-10 14:29:00,23.0,23.01,23.0,23.0,1413.0,ZI
2023-04-10 14:28:00,23.003,23.01,23.0,23.0,1239.0,ZI
2023-04-10 14:27:00,23.0,23.0,22.995,23.0,2876.0,ZI
2023-04-10 14:26:00,23.0,23.005,22.99,23.005,1662.0,ZI
2023-04-10 14:25:00,23.0,23.01,23.0,23.01,893.0,ZI
2023-04-10 14:24:00,23.035,23.035,23.0,23.0,8053.0,ZI
2023-04-10 14:23:00,22.995,23.04,22.99,23.04,6867.0,ZI
2023-04-10 14:22:00,22.975,22.995,22.9711,22.995,8178.0,ZI
2023-04-10 14:21:00,22.965,22.97,22.965,22.97,1140.0,ZI
2023-04-10 14:20:00,22.975,22.98,22.965,22.97,4453.0,ZI
2023-04-10 14:19:00,22.99,22.99,22.975,22.975,2301.0,ZI
2023-04-10 14:18:00,22.985,22.985,22.985,22.985,226.0,ZI
2023-04-10 14:17:00,22.96,22.99,22.96,22.99,1810.0,ZI
2023-04-10 14:16:00,22.95,22.96,22.94,22.96,3603.0,ZI
2023-04-10 14:15:00,22.96,22.96,22.945,22.945,1557.0,ZI
2023-04-10 14:14:00,22.94,22.95,22.935,22.95,3936.0,ZI
2023-04-10 14:13:00,22.895,22.94,22.895,22.935,5728.0,ZI
2023-04-10 14:12:00,22.89,22.895,22.89,22.89,1100.0,ZI
2023-04-10 14:11:00,22.9,22.9,22.88,22.89,6659.0,ZI
2023-04-10 14:10:00,22.93,22.93,22.905,22.91,3023.0,ZI
2023-04-10 14:09:00,22.93,22.935,22.925,22.935,6221.0,ZI
2023-04-10 14:08:00,22.94,22.94,22.935,22.94,669.0,ZI
2023-04-10 14:07:00,22.94,22.945,22.935,22.94,1617.0,ZI
2023-04-10 14:06:00,22.925,22.945,22.925,22.935,4471.0,ZI
2023-04-10 14:05:00,22.915,22.93,22.915,22.93,3376.0,ZI
2023-04-10 14:04:00,22.925,22.93,22.91,22.9173,7573.0,ZI
2023-04-10 14:03:00,22.915,22.925,22.91,22.925,4887.0,ZI
2023-04-10 14:02:00,22.915,22.915,22.915,22.915,463.0,ZI
2023-04-10 14:01:00,22.925,22.925,22.915,22.925,3648.0,ZI
2023-04-10 14:00:00,22.91,22.95,22.905,22.925,9348.0,ZI
2023-04-10 13:59:00,22.91,22.91,22.9,22.905,5766.0,ZI
2023-04-10 13:58:00,22.91,22.915,22.901,22.915,6868.0,ZI
2023-04-10 13:57:00,22.905,22.915,22.905,22.911,3571.0,ZI
2023-04-10 13:56:00,22.91,22.91,22.9,22.9,2598.0,ZI
2023-04-10 13:55:00,22.925,22.925,22.91,22.91,1500.0,ZI
2023-04-10 13:54:00,22.955,22.96,22.925,22.925,7435.0,ZI
2023-04-10 13:53:00,22.96,22.96,22.955,22.96,2127.0,ZI
2023-04-10 13:52:00,22.95,22.97,22.94,22.965,6982.0,ZI
2023-04-10 13:51:00,22.955,22.965,22.955,22.955,5006.0,ZI
2023-04-10 13:50:00,22.965,22.98,22.955,22.955,8258.0,ZI
2023-04-10 13:49:00,22.98,22.985,22.965,22.965,3655.0,ZI
2023-04-10 13:48:00,22.98,22.98,22.97,22.98,1589.0,ZI
2023-04-10 13:47:00,23.035,23.035,22.98,22.98,4565.0,ZI
2023-04-10 13:46:00,23.055,23.055,23.005,23.03,22611.0,ZI
2023-04-10 13:45:00,23.055,23.055,23.05,23.05,1202.0,ZI
2023-04-10 13:44:00,23.055,23.06,23.05,23.055,1692.0,ZI
2023-04-10 13:43:00,23.045,23.055,23.04,23.055,1610.0,ZI
2023-04-10 13:42:00,23.04,23.0613,23.04,23.045,4769.0,ZI
2023-04-10 13:41:00,23.07,23.07,23.045,23.045,5652.0,ZI
2023-04-10 13:40:00,23.025,23.07,23.025,23.06,8303.0,ZI
2023-04-10 13:39:00,23.03,23.03,23.02,23.025,2779.0,ZI
2023-04-10 13:38:00,23.03,23.03,23.025,23.025,1541.0,ZI
2023-04-10 13:37:00,23.03,23.04,23.03,23.03,2376.0,ZI
2023-04-10 13:36:00,23.035,23.035,23.035,23.035,1011.0,ZI
2023-04-10 13:35:00,23.07,23.07,23.04,23.05,2896.0,ZI
2023-04-10 13:34:00,23.05,23.06,23.04,23.06,3733.0,ZI
2023-04-10 13:33:00,23.06,23.06,23.045,23.045,1789.0,ZI
2023-04-10 13:32:00,23.07,23.07,23.055,23.055,4003.0,ZI
2023-04-10 13:31:00,23.015,23.04,23.015,23.04,7750.0,ZI
2023-04-10 13:30:00,23.03,23.03,23.01,23.015,3852.0,ZI
2023-04-10 13:29:00,23.035,23.035,23.03,23.03,1170.0,ZI
2023-04-10 13:28:00,23.04,23.04,23.04,23.04,300.0,ZI
2023-04-10 13:27:00,23.035,23.04,23.035,23.04,4815.0,ZI
2023-04-10 13:26:00,23.02,23.04,23.02,23.035,4238.0,ZI
2023-04-10 13:25:00,23.02,23.025,23.015,23.015,5206.0,ZI
2023-04-10 13:24:00,23.03,23.03,23.011,23.011,744.0,ZI
2023-04-10 13:23:00,23.05,23.06,23.04,23.04,4290.0,ZI
2023-04-10 13:22:00,23.04,23.045,23.03,23.045,4813.0,ZI
2023-04-10 13:21:00,23.04,23.04,23.035,23.035,2695.0,ZI
2023-04-10 13:20:00,23.05,23.05,23.04,23.045,1215.0,ZI
2023-04-10 13:19:00,23.055,23.055,23.05,23.05,2725.0,ZI
2023-04-10 13:18:00,23.0886,23.0886,23.06,23.06,8259.0,ZI
2023-04-10 13:17:00,23.085,23.085,23.08,23.08,1670.0,ZI
2023-04-10 13:16:00,23.09,23.09,23.075,23.08,4653.0,ZI
2023-04-10 13:15:00,23.095,23.095,23.085,23.09,3403.0,ZI
2023-04-10 13:14:00,23.095,23.1,23.09,23.091,3765.0,ZI
2023-04-10 13:13:00,23.1,23.1,23.095,23.095,4424.0,ZI
2023-04-10 13:12:00,23.1,23.11,23.1,23.105,3183.0,ZI
2023-04-10 13:11:00,23.095,23.115,23.09,23.095,3915.0,ZI
2023-04-10 13:10:00,23.1,23.1,23.1,23.1,2080.0,ZI
2023-04-10 13:08:00,23.09,23.09,23.09,23.09,1316.0,ZI
2023-04-10 13:07:00,23.08,23.09,23.075,23.09,1317.0,ZI
2023-04-10 13:06:00,23.05,23.09,23.045,23.08,3978.0,ZI
2023-04-10 13:05:00,23.05,23.06,23.05,23.055,1635.0,ZI
2023-04-10 13:04:00,23.05,23.05,23.05,23.05,1187.0,ZI
2023-04-10 13:03:00,23.03,23.05,23.03,23.05,2745.0,ZI
2023-04-10 13:02:00,23.02,23.025,23.02,23.025,1218.0,ZI
2023-04-10 13:01:00,23.02,23.02,23.015,23.02,2994.0,ZI
2023-04-10 13:00:00,23.01,23.02,23.01,23.01,2280.0,ZI
2023-04-10 12:59:00,23.02,23.02,23.01,23.01,248.0,ZI
2023-04-10 12:58:00,23.02,23.02,23.02,23.02,1455.0,ZI
2023-04-10 12:57:00,23.015,23.02,23.01,23.02,3975.0,ZI
2023-04-10 12:56:00,22.97,23.015,22.97,23.01,5584.0,ZI
2023-04-10 12:55:00,22.99,22.99,22.97,22.97,5484.0,ZI
2023-04-10 12:54:00,23.015,23.015,23.0,23.0,4212.0,ZI
2023-04-10 12:53:00,23.035,23.035,23.015,23.015,3749.0,ZI
2023-04-10 12:52:00,23.02,23.04,23.02,23.04,3685.0,ZI
2023-04-10 12:51:00,23.0,23.015,23.0,23.01,5442.0,ZI
2023-04-10 12:50:00,22.97,22.995,22.97,22.995,1916.0,ZI
2023-04-10 12:49:00,22.945,22.98,22.945,22.9704,3788.0,ZI
2023-04-10 12:48:00,22.93,22.945,22.93,22.945,2630.0,ZI
2023-04-10 12:47:00,22.935,22.94,22.93,22.93,1349.0,ZI
2023-04-10 12:46:00,22.93,22.95,22.93,22.93,2703.0,ZI
2023-04-10 12:45:00,22.935,22.935,22.93,22.9307,576.0,ZI
2023-04-10 12:44:00,22.94,22.94,22.93,22.93,5296.0,ZI
2023-04-10 12:43:00,22.94,22.94,22.94,22.94,1176.0,ZI
2023-04-10 12:42:00,22.94,22.95,22.93,22.935,3827.0,ZI
2023-04-10 12:41:00,22.905,22.93,22.9,22.93,10095.0,ZI
2023-04-10 12:40:00,22.88,22.91,22.88,22.905,5997.0,ZI
2023-04-10 12:39:00,22.85,22.875,22.85,22.875,1814.0,ZI
2023-04-10 12:38:00,22.845,22.85,22.845,22.85,796.0,ZI
2023-04-10 12:37:00,22.83,22.855,22.83,22.85,2328.0,ZI
2023-04-10 12:36:00,22.825,22.83,22.82,22.83,2928.0,ZI
2023-04-10 12:35:00,22.85,22.89,22.825,22.825,29007.0,ZI
2023-04-10 12:34:00,22.83,22.86,22.83,22.85,6758.0,ZI
2023-04-10 12:33:00,22.77,22.825,22.77,22.825,5727.0,ZI
2023-04-10 12:32:00,22.76,22.77,22.755,22.77,2006.0,ZI
2023-04-10 12:31:00,22.75,22.76,22.74,22.76,3986.0,ZI
2023-04-10 12:30:00,22.76,22.76,22.76,22.76,1703.0,ZI
2023-04-10 12:29:00,22.759,22.765,22.759,22.76,1724.0,ZI
2023-04-10 12:28:00,22.755,22.755,22.755,22.755,575.0,ZI
2023-04-10 12:27:00,22.74,22.755,22.73,22.755,4556.0,ZI
2023-04-10 12:26:00,22.76,22.76,22.745,22.745,4162.0,ZI
2023-04-10 12:25:00,22.75,22.77,22.745,22.77,3882.0,ZI
2023-04-10 12:24:00,22.715,22.755,22.7125,22.75,6997.0,ZI
2023-04-10 12:23:00,22.74,22.74,22.71,22.71,6305.0,ZI
2023-04-10 12:22:00,22.75,22.75,22.74,22.74,4051.0,ZI
2023-04-10 12:21:00,22.72,22.76,22.72,22.76,2276.0,ZI
2023-04-10 12:20:00,22.72,22.72,22.685,22.72,14215.0,ZI
2023-04-10 12:19:00,22.72,22.72,22.71,22.715,892.0,ZI
2023-04-10 12:18:00,22.71,22.715,22.71,22.71,2790.0,ZI
2023-04-10 12:17:00,22.7,22.71,22.66,22.71,18101.0,ZI
2023-04-10 12:16:00,22.69,22.71,22.685,22.7,6475.0,ZI
2023-04-10 12:15:00,22.7,22.7,22.695,22.695,782.0,ZI
2023-04-10 12:14:00,22.71,22.71,22.69,22.7,4362.0,ZI
2023-04-10 12:13:00,22.72,22.72,22.71,22.71,3832.0,ZI
2023-04-10 12:12:00,22.73,22.73,22.725,22.725,2792.0,ZI
2023-04-10 12:11:00,22.73,22.73,22.725,22.73,1762.0,ZI
2023-04-10 12:10:00,22.73,22.73,22.73,22.73,2138.0,ZI
2023-04-10 12:09:00,22.73,22.73,22.73,22.73,1453.0,ZI
2023-04-10 12:08:00,22.7006,22.73,22.7006,22.73,4925.0,ZI
2023-04-10 12:07:00,22.73,22.73,22.69,22.7,3101.0,ZI
2023-04-10 12:06:00,22.75,22.75,22.73,22.73,4166.0,ZI
2023-04-10 12:05:00,22.78,22.78,22.75,22.75,2472.0,ZI
2023-04-10 12:04:00,22.8,22.8,22.79,22.79,3667.0,ZI
2023-04-10 12:03:00,22.82,22.82,22.805,22.81,1969.0,ZI
2023-04-10 12:02:00,22.825,22.825,22.815,22.815,2100.0,ZI
2023-04-10 12:01:00,22.81,22.83,22.81,22.83,3603.0,ZI
2023-04-10 12:00:00,22.83,22.83,22.82,22.82,4605.0,ZI
2023-04-10 11:59:00,22.845,22.845,22.83,22.83,2687.0,ZI
2023-04-10 11:58:00,22.86,22.86,22.845,22.85,2263.0,ZI
2023-04-10 11:57:00,22.885,22.885,22.85,22.86,5222.0,ZI
2023-04-10 11:56:00,22.895,22.895,22.8834,22.889,1462.0,ZI
2023-04-10 11:55:00,22.91,22.91,22.888,22.89,5116.0,ZI
2023-04-10 11:54:00,22.95,22.95,22.92,22.92,2711.0,ZI
2023-04-10 11:53:00,22.935,22.95,22.935,22.945,4559.0,ZI
2023-04-10 11:52:00,22.92,22.94,22.915,22.94,6245.0,ZI
2023-04-10 11:51:00,22.945,22.945,22.925,22.93,6185.0,ZI
2023-04-10 11:50:00,22.94,22.95,22.93,22.95,5668.0,ZI
2023-04-10 11:49:00,22.96,22.96,22.95,22.95,2087.0,ZI
2023-04-10 11:48:00,22.985,22.985,22.96,22.96,3814.0,ZI
2023-04-10 11:47:00,22.99,22.99,22.985,22.985,3502.0,ZI
2023-04-10 11:46:00,22.985,22.99,22.985,22.985,3368.0,ZI
2023-04-10 11:45:00,22.99,22.995,22.99,22.99,862.0,ZI
2023-04-10 11:44:00,22.99,22.99,22.97,22.99,4960.0,ZI
2023-04-10 11:43:00,23.0,23.0,22.985,22.985,3093.0,ZI
2023-04-10 11:42:00,23.005,23.01,23.005,23.005,872.0,ZI
2023-04-10 11:41:00,23.01,23.01,23.0,23.005,3507.0,ZI
2023-04-10 11:40:00,22.95,23.01,22.95,23.01,9580.0,ZI
2023-04-10 11:39:00,22.98,22.98,22.95,22.95,3439.0,ZI
2023-04-10 11:38:00,23.0,23.005,22.98,22.98,9329.0,ZI
2023-04-10 11:37:00,23.025,23.03,23.005,23.005,3453.0,ZI
2023-04-10 11:36:00,23.02,23.025,23.015,23.02,4733.0,ZI
2023-04-10 11:35:00,23.03,23.03,23.02,23.02,2906.0,ZI
2023-04-10 11:34:00,23.05,23.05,23.015,23.02,2883.0,ZI
2023-04-10 11:33:00,23.08,23.08,23.04,23.05,4311.0,ZI
2023-04-10 11:32:00,23.1,23.1,23.09,23.09,1620.0,ZI
2023-04-10 11:31:00,23.11,23.12,23.105,23.105,3314.0,ZI
2023-04-10 11:30:00,23.125,23.125,23.12,23.12,6507.0,ZI
2023-04-10 11:29:00,23.13,23.13,23.12,23.12,1246.0,ZI
2023-04-10 11:28:00,23.155,23.16,23.14,23.14,2950.0,ZI
2023-04-10 11:27:00,23.175,23.175,23.15,23.16,3488.0,ZI
2023-04-10 11:26:00,23.18,23.18,23.18,23.18,437.0,ZI
2023-04-10 11:25:00,23.1809,23.1809,23.16,23.17,2745.0,ZI
2023-04-10 11:24:00,23.22,23.22,23.19,23.19,2482.0,ZI
2023-04-10 11:23:00,23.215,23.215,23.215,23.215,1193.0,ZI
2023-04-10 11:22:00,23.22,23.25,23.22,23.22,2757.0,ZI
2023-04-10 11:21:00,23.2,23.2499,23.2,23.23,2324.0,ZI
2023-04-10 11:20:00,23.18,23.2,23.165,23.2,3823.0,ZI
2023-04-10 11:19:00,23.1891,23.19,23.175,23.18,3926.0,ZI
2023-04-10 11:18:00,23.19,23.19,23.18,23.185,2119.0,ZI
2023-04-10 11:17:00,23.2,23.2,23.19,23.19,1160.0,ZI
2023-04-10 11:16:00,23.2,23.205,23.195,23.2,1081.0,ZI
2023-04-10 11:15:00,23.19,23.2,23.19,23.1927,2929.0,ZI
2023-04-10 11:14:00,23.2,23.2,23.195,23.195,1548.0,ZI
2023-04-10 11:13:00,23.185,23.205,23.185,23.195,1498.0,ZI
2023-04-10 11:12:00,23.17,23.18,23.165,23.18,2364.0,ZI
2023-04-10 11:11:00,23.13,23.15,23.13,23.15,1542.0,ZI
2023-04-10 11:10:00,23.125,23.135,23.125,23.13,473.0,ZI
2023-04-10 11:09:00,23.14,23.14,23.125,23.135,2607.0,ZI
2023-04-10 11:08:00,23.15,23.155,23.15,23.15,1210.0,ZI
2023-04-10 11:07:00,23.14,23.15,23.14,23.15,929.0,ZI
2023-04-10 11:06:00,23.125,23.135,23.12,23.135,4686.0,ZI
2023-04-10 11:05:00,23.11,23.135,23.095,23.105,7291.0,ZI
2023-04-10 11:04:00,23.155,23.155,23.11,23.11,2553.0,ZI
2023-04-10 11:03:00,23.165,23.18,23.16,23.16,2494.0,ZI
2023-04-10 11:02:00,23.155,23.16,23.145,23.16,1952.0,ZI
2023-04-10 11:01:00,23.15,23.155,23.145,23.155,2979.0,ZI
2023-04-10 11:00:00,23.11,23.145,23.11,23.145,1713.0,ZI
2023-04-10 10:59:00,23.185,23.19,23.12,23.12,8815.0,ZI
2023-04-10 10:58:00,23.21,23.21,23.18,23.18,3872.0,ZI
2023-04-10 10:57:00,23.215,23.22,23.21,23.21,1210.0,ZI
2023-04-10 10:56:00,23.22,23.22,23.22,23.22,1017.0,ZI
2023-04-10 10:55:00,23.23,23.23,23.21,23.23,2812.0,ZI
2023-04-10 10:54:00,23.24,23.24,23.22,23.235,2971.0,ZI
2023-04-10 10:53:00,23.3,23.31,23.245,23.245,36941.0,ZI
2023-04-10 10:52:00,23.25,23.31,23.25,23.3,17141.0,ZI
2023-04-10 10:51:00,23.235,23.255,23.235,23.25,7932.0,ZI
2023-04-10 10:50:00,23.24,23.24,23.215,23.24,5035.0,ZI
2023-04-10 10:49:00,23.24,23.255,23.23,23.25,14217.0,ZI
2023-04-10 10:48:00,23.2,23.235,23.195,23.235,4474.0,ZI
2023-04-10 10:47:00,23.21,23.21,23.2,23.205,1268.0,ZI
2023-04-10 10:46:00,23.25,23.255,23.21,23.21,18747.0,ZI
2023-04-10 10:45:00,23.215,23.26,23.2,23.26,12346.0,ZI
2023-04-10 10:44:00,23.205,23.21,23.2,23.21,1840.0,ZI
2023-04-10 10:43:00,23.17,23.2,23.17,23.2,4132.0,ZI
2023-04-10 10:42:00,23.195,23.195,23.16,23.16,2071.0,ZI
2023-04-10 10:41:00,23.215,23.225,23.19,23.195,3218.0,ZI
2023-04-10 10:40:00,23.24,23.24,23.22,23.22,2480.0,ZI
2023-04-10 10:39:00,23.235,23.235,23.23,23.23,2504.0,ZI
2023-04-10 10:38:00,23.24,23.25,23.23,23.235,9369.0,ZI
2023-04-10 10:37:00,23.21,23.23,23.2,23.23,3031.0,ZI
2023-04-10 10:36:00,23.175,23.2,23.175,23.2,8491.0,ZI
2023-04-10 10:35:00,23.17,23.17,23.15,23.17,3333.0,ZI
2023-04-10 10:34:00,23.195,23.195,23.175,23.175,1837.0,ZI
2023-04-10 10:33:00,23.225,23.225,23.2,23.2,1700.0,ZI
2023-04-10 10:32:00,23.23,23.25,23.22,23.22,2843.0,ZI
2023-04-10 10:31:00,23.21,23.255,23.21,23.23,17322.0,ZI
2023-04-10 10:30:00,23.185,23.205,23.18,23.205,2603.0,ZI
2023-04-10 10:29:00,23.2,23.2,23.17,23.18,4351.0,ZI
2023-04-10 10:28:00,23.21,23.23,23.19,23.21,7206.0,ZI
2023-04-10 10:27:00,23.23,23.23,23.215,23.215,7150.0,ZI
2023-04-10 10:26:00,23.23,23.235,23.215,23.235,2303.0,ZI
2023-04-10 10:25:00,23.21,23.22,23.2,23.22,3307.0,ZI
2023-04-10 10:24:00,23.21,23.23,23.205,23.22,3897.0,ZI
2023-04-10 10:23:00,23.255,23.255,23.1909,23.2,7225.0,ZI
2023-04-10 10:22:00,23.19,23.25,23.19,23.25,8433.0,ZI
2023-04-10 10:21:00,23.2,23.2,23.175,23.18,1458.0,ZI
2023-04-10 10:20:00,23.17,23.202,23.17,23.201,2209.0,ZI
2023-04-10 10:19:00,23.15,23.18,23.15,23.18,5665.0,ZI
2023-04-10 10:18:00,23.13,23.16,23.12,23.16,3999.0,ZI
2023-04-10 10:17:00,23.11,23.13,23.11,23.13,5245.0,ZI
2023-04-10 10:16:00,23.06,23.1,23.048,23.1,3490.0,ZI
2023-04-10 10:15:00,23.035,23.05,23.02,23.045,1954.0,ZI
2023-04-10 10:14:00,22.98,23.01,22.97,23.01,6702.0,ZI
2023-04-10 10:13:00,22.935,22.99,22.935,22.99,3384.0,ZI
2023-04-10 10:12:00,22.95,22.95,22.92,22.93,3805.0,ZI
2023-04-10 10:11:00,22.95,22.97,22.94,22.94,4924.0,ZI
2023-04-10 10:10:00,22.91,22.94,22.91,22.94,2987.0,ZI
2023-04-10 10:09:00,22.85,22.9,22.85,22.9,2778.0,ZI
2023-04-10 10:08:00,22.89,22.9,22.86,22.86,3867.0,ZI
2023-04-10 10:07:00,22.915,22.915,22.87,22.875,5201.0,ZI
2023-04-10 10:06:00,22.96,22.96,22.93,22.93,3943.0,ZI
2023-04-10 10:05:00,22.91,22.95,22.91,22.95,3861.0,ZI
2023-04-10 10:04:00,22.94,22.95,22.9,22.9,9908.0,ZI
2023-04-10 10:03:00,22.96,22.96,22.92,22.94,4537.0,ZI
2023-04-10 10:02:00,22.9,22.94,22.885,22.94,2572.0,ZI
2023-04-10 10:01:00,22.91,22.91,22.88,22.9,2114.0,ZI
2023-04-10 10:00:00,22.9107,22.93,22.905,22.915,13701.0,ZI
2023-04-10 09:59:00,22.96,22.96,22.91,22.93,1940.0,ZI
2023-04-10 09:58:00,22.985,22.985,22.935,22.94,9126.0,ZI
2023-04-10 09:57:00,22.93,22.985,22.93,22.985,3424.0,ZI
2023-04-10 09:56:00,22.86,22.92,22.86,22.92,6748.0,ZI
2023-04-10 09:55:00,22.81,22.865,22.81,22.865,3924.0,ZI
2023-04-10 09:54:00,22.81,22.84,22.81,22.82,3811.0,ZI
2023-04-10 09:53:00,22.88,22.88,22.82,22.82,6913.0,ZI
2023-04-10 09:52:00,22.8712,22.9,22.87,22.89,5834.0,ZI
2023-04-10 09:51:00,22.84,22.89,22.84,22.87,6880.0,ZI
2023-04-10 09:50:00,22.84,22.87,22.84,22.84,4229.0,ZI
2023-04-10 09:49:00,22.78,22.855,22.77,22.85,4998.0,ZI
2023-04-10 09:48:00,22.76,22.77,22.725,22.755,3743.0,ZI
2023-04-10 09:47:00,22.78,22.79,22.77,22.77,6224.0,ZI
2023-04-10 09:46:00,22.83,22.83,22.78,22.79,6053.0,ZI
2023-04-10 09:45:00,22.81,22.83,22.81,22.82,3766.0,ZI
2023-04-10 09:44:00,22.77,22.82,22.76,22.82,3131.0,ZI
2023-04-10 09:43:00,22.77,22.81,22.76,22.79,6737.0,ZI
2023-04-10 09:42:00,22.78,22.81,22.75,22.75,5861.0,ZI
2023-04-10 09:41:00,22.7283,22.79,22.72,22.77,2616.0,ZI
2023-04-10 09:40:00,22.7,22.73,22.68,22.73,7003.0,ZI
2023-04-10 09:39:00,22.71,22.73,22.71,22.72,3805.0,ZI
2023-04-10 09:38:00,22.78,22.79,22.74,22.74,6115.0,ZI
2023-04-10 09:37:00,22.82,22.82,22.76,22.79,1915.0,ZI
2023-04-10 09:36:00,22.89,22.91,22.8,22.8,7205.0,ZI
2023-04-10 09:35:00,22.88,22.89,22.86,22.89,3930.0,ZI
2023-04-10 09:34:00,22.86,22.93,22.86,22.87,6626.0,ZI
2023-04-10 09:33:00,22.8,22.85,22.78,22.85,5996.0,ZI
2023-04-10 09:32:00,22.705,22.8027,22.7,22.78,7943.0,ZI
2023-04-10 09:31:00,22.6,22.68,22.6,22.68,21991.0,ZI
2023-04-10 09:30:00,22.64,22.64,22.64,22.64,111.0,ZI
2023-04-10 09:29:00,22.67,22.67,22.67,22.67,2556.0,ZI
